,,,,,,,,,,,,,,,,,,,,,,,,,,,,,,,,,,,,,,,,,,,,,,,,,,,,,,,,,,,,,,,,,,,,,,,,,,,,,,,,,,,,,,,,,,,,,,,,,,,,,,,,
0,0.91775,-0.16353,0.035307,0.32863,-0.16929,1.1916,0.83381,1.3041,0.13016,1.0996,0.70876,-0.74236,-0.84978,-0.61193,-0.52627,-0.22022,0.13792,-0.25169,0.19035,-0.77565,-0.59224,-0.022687,0.060564,1.1042,0.88313,-0.56355,-0.44465,-0.64453,-0.19712,0.74046,0.23465,-0.49319,-1.0059,0.87352,-0.00756,1.0431,0.88313,1.5372,1.8196,0.76216,0.58862,1.0932,0.51795,0.94976,1.3874,-0.18334,-0.53799,-0.35933,-0.64342,-0.63803,-0.01503,0.29131,-0.12149,-0.31614,0.057544,0.79921,0.35248,0.39683,0.76721,0.070411,-0.98258,-0.9628,-0.7388,-0.3497,0.14952,-0.067907,-0.45178,-0.34007,-0.26905,-0.25895,0.57225,0.73979,0.93709,0.70488,0.9318,0.73908,-0.61082,-0.71336,0.50695,0.28612,-0.38514,0.0065737,-0.12158,-0.49301,0.55605,-0.016512,-0.08983,-0.19488,0.46525,0.42051,0.75482,0.070862,0.51972,0.27206,0.18901,-0.0069785,-0.15057,-0.15936,-0.57774,-0.32172,0.21748,-0.16788,-0.45736,0.14615
0.91775,0,-0.051898,-0.030568,0.24184,0.4003,0.41613,0.96798,0.47985,0.64814,0.43359,0.70917,-0.525,-0.58839,-0.28105,-0.24021,0.064035,0.26723,0.24119,0.2673,-0.23584,-0.17926,0.36538,0.57161,0.42538,1.1395,-0.18676,-0.31041,-0.51379,-0.18003,0.2392,0.38214,-0.3754,-0.63159,0.42705,0.21806,0.44314,0.34814,0.54432,0.94515,0.28612,0.98161,0.38751,0.85519,0.37506,0.84048,-0.0016702,-0.21373,0.043123,-0.51772,-0.33333,-0.091651,0.31983,0.33039,-0.17972,0.17245,0.55183,-0.011112,0.00077385,0.50264,0.14022,-1.0945,-0.56717,-0.82339,-0.43934,0.045058,0.081026,-0.8343,-0.36406,-0.36888,-0.34268,-0.023994,0.27911,0.40702,0.4951,0.43533,0.92292,-0.43841,-0.40706,-0.014033,0.060771,-0.21026,-0.10351,0.0047557,-0.051735,0.18576,-0.11533,-0.15796,-0.023467,0.49618,0.27523,0.51905,0.35899,0.36415,0.44398,0.23162,0.16597,0.030778,0.2878,-0.48007,-0.14664,0.13173,-0.1208,-0.043604,0.37852
-0.16353,-0.051898,0,0.6532,-0.45086,-0.10528,-0.25154,-0.11412,-0.027549,-0.10164,0.043624,-0.073956,0.38524,0.36265,0.18821,0.0078253,-0.18639,0.18358,0.30141,0.16657,0.0049231,0.060271,-0.11955,0.062147,-0.18298,-0.40317,0.05937,0.27372,0.15611,0.084496,-0.0098011,-0.20043,0.68603,0.25173,0.0083057,0.066498,0.25131,0.25351,-0.085046,-0.084979,-0.68429,-0.32043,-0.26031,-0.42291,-0.048305,-0.066486,0.35344,0.35933,0.22208,0.57945,0.2908,0.38106,0.042497,0.32128,0.43882,-0.20074,-0.3653,0.23998,0.22343,0.14221,-0.037048,0.18738,0.20617,0.01054,0.019498,0.45735,0.52544,0.03477,-0.060779,0.14185,0.30579,0.12776,-0.030491,0.11641,0.198,0.31663,0.21705,0.67674,0.44034,0.21894,0.44598,0.53958,0.070053,0.19241,0.05303,0.21635,0.38277,0.30718,0.21935,0.1215,0.27955,0.22339,0.1727,-0.19774,-0.14074,0.49146,0.43156,0.25254,0.17432,0.091607,0.087612,0.1169,0.08968,0.6459,0.20005
0.035307,-0.030568,0.6532,0,-0.55866,-0.51257,0.083616,-0.18184,0.23487,-0.25093,0.30976,-0.059827,0.40973,0.38442,0.22319,-0.026295,0.06696,0.62449,-0.043417,-0.027906,-0.084633,0.022017,0.052254,-0.067465,0.25075,-0.099384,-0.39872,-0.32057,-0.038248,-0.18906,0.38602,-0.079716,0.97417,0.30436,0.28084,0.077798,0.46428,0.48269,0.23749,0.14814,-0.070719,-0.175,0.060143,-0.27939,0.31236,0.21324,0.19723,0.20332,0.2984,0.38824,0.11812,0.91864,-0.27048,-0.20894,-0.11545,-0.29524,-0.29248,0.5182,0.61358,0.491,0.093944,0.044996,0.00064887,-0.16507,0.034559,0.39212,0.45624,0.14037,-0.0066447,0.018046,0.40973,0.44334,0.41932,0.4806,0.64763,0.39387,0.11864,0.41096,0.43692,0.44203,0.45378,0.32238,0.68436,-0.13957,0.041015,0.21613,0.32008,0.40976,0.011164,0.45981,0.67555,0.2333,-0.11435,-0.014125,-0.14152,0.3044,0.23745,-0.055837,-0.18845,0.1895,0.20888,0.38064,0.34174,0.24381,-0.023211
0.32863,0.24184,-0.45086,-0.55866,0,0.44853,0.068461,0.026845,0.23957,0.30795,0.085141,-0.021455,-0.5598,-0.61649,-0.023649,0.034559,0.12415,-0.10571,0.14318,0.15349,-0.043894,-0.22188,0.28178,0.0019912,0.21188,0.24715,0.12319,-0.0066781,-0.54389,-0.29707,-0.15159,-0.2713,-0.86709,-0.6585,0.14427,-0.37649,0.0042624,-0.01939,0.16101,0.19592,0.15331,0.17278,0.19547,0.023592,0.037619,0.18871,-0.10906,-0.17996,-0.24496,-0.3529,-0.41157,-0.49313,0.53947,0.41043,0.31489,0.24573,0.3408,-0.14968,-0.32909,0.085482,0.13762,-0.417,-0.23139,-0.016891,-0.22787,-0.06753,-0.14154,-0.063892,0.0031027,-0.23703,-0.53843,-0.14923,-0.20683,-0.0065476,-0.20484,-0.18328,-0.018326,-0.54691,-0.63262,-0.14864,-0.35903,0.01557,-0.083172,0.024027,-0.16685,-0.10253,-0.090888,-0.32528,-0.075726,-0.031051,-0.31412,0.12805,0.088434,0.37263,0.28378,0.043877,-0.16374,0.22411,0.095933,-0.19586,-0.17378,0.0049693,-0.23999,0.00061173,0.48426
-0.16929,0.4003,-0.10528,-0.51257,0.44853,0,-0.4871,0.19098,-0.45178,0.6031,-0.41838,0.034079,-0.23567,-0.22879,0.16311,0.2177,0.29126,-0.10992,0.75914,0.22991,0.36799,0.15753,0.49699,0.62714,-0.4782,0.21901,0.6518,0.47807,0.056304,-0.047697,-0.53776,0.032956,-0.36907,-0.18806,-0.23027,0.17316,-0.43249,-0.5549,-0.4458,-0.18039,-0.45828,0.33138,-0.28611,0.32717,-0.47601,-0.095746,0.17948,0.24393,0.23568,-0.070358,0.12485,-0.41883,0.37346,0.91766,0.27443,0.38119,0.055177,-0.64898,-0.75877,-0.22036,0.10207,-0.27177,0.18476,-0.075812,-0.21604,-0.068183,0.11383,-0.26831,0.015513,-0.1703,-0.39108,-0.71929,-0.54756,-0.35928,-0.23551,-0.44534,0.12123,-0.23955,-0.17122,-0.77422,-0.48038,0.10578,-0.35657,0.19808,0.24841,-0.38367,-0.23582,-0.30892,0.17758,-0.0651,-0.49457,-0.016072,0.42674,0.13824,0.40365,0.02971,0.04172,0.25062,0.54623,0.00085522,0.11004,-0.1953,-0.13049,0.34778,0.43273
1.1916,0.41613,-0.25154,0.083616,0.068461,-0.4871,0,0.76333,1.2438,-0.26219,1.2428,0.54536,-0.50087,-0.54784,-0.72132,-0.63288,-0.24965,0.085744,-0.60576,-0.023799,-0.7961,-0.56544,-0.29877,-0.23786,1.2854,0.59678,-0.55579,-0.43277,-0.28395,0.055133,1.2305,0.34833,-0.35751,-0.64056,0.75006,0.0088998,0.8977,0.75312,1.4624,1.082,1.1352,0.28376,1.089,0.33184,1.1367,1.0869,-0.35218,-0.52587,-0.4085,-0.4709,-0.48644,0.026391,0.093883,-0.48598,-0.54494,-0.02388,0.61924,0.43616,0.65289,0.64055,-0.021913,-0.4897,-0.79944,-0.37091,-0.26971,0.21051,-0.018208,-0.11493,-0.1565,-0.09388,-0.072507,0.80787,0.84031,0.85846,0.71388,0.98487,0.53954,-0.36159,-0.47165,0.59524,0.36279,-0.33011,0.16989,-0.18697,-0.54952,0.70259,0.012332,0.026324,-0.12754,0.32042,0.48832,0.59205,-0.17134,0.31287,-0.040151,-0.09065,-0.21326,-0.35054,-0.49599,-0.28116,-0.25558,0.34666,-0.079958,-0.67683,-0.17362
0.83381,0.96798,-0.11412,-0.18184,0.026845,0.19098,0.76333,0,0.54283,0.15994,0.62295,0.68505,-0.67996,-0.72232,-0.48415,-0.35955,-0.11295,0.096999,0.032668,0.1245,-0.27509,-0.26743,0.024493,0.32114,0.40966,0.92143,-0.012684,-0.052064,-0.087484,0.17313,0.55928,0.87051,-0.505,-0.76789,0.57762,0.47524,0.42786,0.24462,0.56173,0.80445,0.39028,0.7996,0.57278,1.0313,0.45797,0.87468,-0.21889,-0.26145,0.033208,-0.5183,-0.37541,-0.13348,0.45748,0.15009,-0.23067,0.34125,0.72554,-0.066849,0.089778,0.4312,0.037128,-0.7275,-0.48174,-0.50748,-0.23657,0.048422,-0.0060781,-0.45632,-0.10552,-0.25943,-0.2141,0.14565,0.39888,0.37868,0.46711,0.61921,0.76464,-0.35264,-0.48975,0.13547,0.13234,-0.21202,-0.14181,0.12144,-0.097157,0.51319,-0.07966,-0.24846,0.068993,0.30255,0.14121,0.49106,0.13429,0.43737,0.36002,-0.022485,-0.052493,-0.17908,0.034523,-0.23539,0.0071103,0.19339,-0.10128,-0.21501,0.13461
1.3041,0.47985,-0.027549,0.23487,0.23957,-0.45178,1.2438,0.54283,0,-0.10785,1.7222,0.56202,-0.53142,-0.61305,-0.29904,-0.44113,-0.13023,0.34264,-0.3482,0.054261,-0.64536,-0.38973,-0.093109,-0.1773,1.4653,0.52196,-0.46217,-0.44219,-0.49465,-0.11305,0.94783,0.14022,-0.23126,-0.74389,0.82054,-0.18601,1.1644,0.97606,1.4921,1.2215,0.75541,0.28387,0.84942,0.13331,1.0901,1.0975,-0.28368,-0.43482,-0.33379,-0.29424,-0.53193,0.024898,0.15286,-0.29112,-0.28238,-0.14521,0.50234,0.60562,0.71847,1.0204,0.16605,-0.44238,-0.58092,-0.39152,-0.1868,0.29394,0.10484,0.004464,0.010725,-0.069887,-0.0016195,0.96094,0.95856,1.0842,0.81061,1.0592,0.5473,-0.22668,-0.42413,0.91074,0.58928,-0.24067,0.26585,-0.10491,-0.49736,0.76094,0.16804,0.047223,-0.15425,0.44049,0.59093,0.5808,-0.26318,0.42059,0.017164,0.16748,-0.07292,-0.2082,-0.37223,-0.26406,-0.19,0.53045,-0.0082089,-0.38095,0.05214
0.13016,0.64814,-0.10164,-0.25093,0.30795,0.6031,-0.26219,0.15994,-0.10785,0,-0.16471,0.43422,-0.29728,-0.26579,0.22053,0.3878,0.17541,0.2953,0.58895,0.43017,0.26045,0.37096,0.73581,1.014,-0.20814,0.59297,0.17826,-0.0089915,-0.23053,-0.27412,-0.28742,0.13597,-0.26353,-0.18796,0.085445,0.19053,-0.084561,-0.058236,-0.14505,0.13672,-0.13222,0.76999,-0.088741,0.44112,-0.25828,-0.0019486,-0.043621,-0.17098,0.17055,-0.33495,-0.13173,-0.059805,0.050126,0.44213,0.051117,0.011399,0.13354,-0.42631,-0.55089,0.11884,0.50672,-0.42317,-0.057442,-0.34633,-0.22281,-0.27727,-0.1853,-0.50562,-0.082681,-0.31077,-0.26409,-0.54991,-0.20603,-0.16015,-0.16513,-0.29074,0.14635,-0.3714,-0.16992,-0.56178,-0.17021,-0.089818,-0.013713,-0.13975,0.23158,-0.33756,-0.2133,-0.43539,-0.22072,0.21126,-0.27227,-0.22175,0.20683,0.048216,0.33787,0.086168,0.076328,0.17318,0.51493,-0.13832,0.17138,0.1101,0.13594,0.14927,0.63476
1.0996,0.43359,0.043624,0.30976,0.085141,-0.41838,1.2428,0.62295,1.7222,-0.16471,0,0.57237,-0.58266,-0.65654,-0.2735,-0.38675,-0.18228,0.45458,-0.36411,-0.011686,-0.6267,-0.28059,-0.13209,-0.087147,1.2326,0.52443,-0.42528,-0.31901,-0.3663,-0.14295,1.0575,0.19796,-0.15272,-0.76752,1.0189,-0.055848,1.3991,0.98235,1.3091,1.1274,0.58509,0.31081,1.0356,0.16715,1.126,1.0265,-0.2759,-0.3583,-0.24865,-0.25101,-0.51399,0.073137,0.1659,-0.27275,-0.28464,-0.10309,0.4641,0.53846,0.78909,1.2716,0.24724,-0.39678,-0.58224,-0.44573,-0.23132,0.33109,0.12952,0.059632,0.049977,-0.11282,-0.013459,1.099,1.0673,1.2023,0.91771,1.2617,0.52509,-0.24482,-0.42568,0.88163,0.62125,-0.25208,0.30263,-0.20616,-0.46094,0.77337,0.038538,0.013408,-0.15407,0.51771,0.54371,0.49444,-0.40834,0.47279,0.032707,0.10885,-0.1601,-0.36704,-0.50517,-0.18904,-0.047022,0.5385,0.060901,-0.41405,0.019703
0.70876,0.70917,-0.073956,-0.059827,-0.021455,0.034079,0.54536,0.68505,0.56202,0.43422,0.57237,0,-0.38009,-0.3603,-0.36651,-0.4144,0.0042601,0.14373,0.060103,0.30345,-0.27655,-0.16968,0.20546,0.46835,0.41936,0.83259,-0.083643,-0.029215,0.0043758,0.21138,0.47243,0.36697,-0.29173,-0.38534,0.39369,0.1109,0.47627,0.40674,0.51357,0.71467,0.40911,0.56556,0.40966,0.45031,0.51385,0.66066,-0.22299,-0.30043,-0.11938,-0.18052,-0.01559,0.006538,-0.078336,-0.20634,-0.60176,-0.14098,0.48166,0.20761,0.27485,0.38512,0.15822,-0.33685,-0.16311,-0.52229,-0.19933,0.22261,0.108,-0.31483,-0.052909,0.20434,0.18151,0.30369,0.55996,0.62254,0.62197,0.44418,0.74787,-0.29827,-0.18337,0.21786,0.47539,-0.48229,-0.073001,-0.1597,-0.41272,0.41123,-0.22848,-0.050296,-0.14166,0.34822,0.22538,0.2583,-0.12984,-0.00030921,-0.0991,-0.035896,-0.034335,-0.21236,-0.085257,-0.30654,-0.043368,0.17549,-0.063597,-0.53114,-0.032275
-0.74236,-0.525,0.38524,0.40973,-0.5598,-0.23567,-0.50087,-0.67996,-0.53142,-0.29728,-0.58266,-0.38009,0,2.3422,0.18749,-0.092238,0.17103,-0.16942,0.080384,-0.2709,0.3121,0.10097,-0.155,-0.32389,-0.29438,-0.69409,0.042447,-0.063045,0.4583,0.38679,-0.31623,-0.31382,0.86827,1.597,-0.81666,-0.27874,-0.43331,-0.26868,-0.47526,-0.59652,-0.28979,-0.79937,-0.82887,-0.63253,-0.21352,-0.45129,0.37614,0.65828,0.35977,0.80694,0.75261,0.31857,-0.43936,-0.15906,-0.013465,-0.25899,-0.69161,0.29621,0.16874,-0.57863,-0.45052,0.70801,0.55073,0.28357,0.10398,0.19466,0.37657,0.12162,-0.050861,0.583,0.56532,-0.20773,-0.35382,-0.27934,-0.097946,-0.30883,-0.11337,1.0712,1.4949,-0.070136,0.011427,0.33053,0.1252,0.1859,0.29125,-0.13681,0.29121,0.79226,0.41764,-0.1065,0.32144,-0.13874,0.10682,-1.072,-0.79328,0.10645,0.35649,0.27297,0.080566,0.13962,-0.057905,-0.28439,-0.08955,0.38622,-0.30417
-0.84978,-0.58839,0.36265,0.38442,-0.61649,-0.22879,-0.54784,-0.72232,-0.61305,-0.26579,-0.65654,-0.3603,2.3422,0,0.22554,-0.0015858,0.18122,-0.16966,0.078248,-0.20222,0.36962,0.16161,-0.11706,-0.26194,-0.39928,-0.6982,0.08041,0.0020594,0.52578,0.37545,-0.33653,-0.27788,0.84761,1.9898,-0.8291,-0.1764,-0.51075,-0.32759,-0.55781,-0.70867,-0.30563,-0.77245,-0.87451,-0.61831,-0.30124,-0.54813,0.35431,0.59293,0.32623,0.79003,0.82122,0.34386,-0.52407,-0.19836,-0.031729,-0.28748,-0.70345,0.21522,0.1077,-0.65032,-0.40096,0.78759,0.63215,0.39115,0.18501,0.16033,0.35113,0.16179,0.0022719,0.56838,0.58951,-0.24875,-0.37583,-0.35611,-0.16058,-0.39801,-0.20347,1.0048,1.5049,-0.14533,0.0044481,0.36926,0.14356,0.15427,0.29189,-0.20326,0.25791,0.6806,0.34622,-0.15448,0.22017,-0.23561,0.086614,-1.0693,-0.75302,0.025658,0.29859,0.26529,0.091342,0.23934,0.0087503,-0.22731,0.0081959,0.35323,-0.31641
-0.61193,-0.28105,0.18821,0.22319,-0.023649,0.16311,-0.72132,-0.48415,-0.29904,0.22053,-0.2735,-0.36651,0.18749,0.22554,0,1.0523,0.51836,0.67727,0.50184,-0.1139,0.90814,1.0755,0.59986,0.25894,-0.43553,-0.204,0.52116,0.15278,0.094378,-0.327,-0.42079,-0.044655,0.40903,0.34066,-0.18036,0.0021372,-0.36536,-0.36573,-0.6073,-0.54979,-0.50561,-0.0070504,-0.56725,-0.28029,-0.56393,-0.54204,0.19865,0.39665,0.59015,0.29086,0.010102,0.12668,-0.054718,0.29254,0.4281,-0.14435,-0.4907,-0.15272,-0.21251,0.06709,0.60319,0.48942,0.664,0.30616,0.41197,-0.12449,0.11902,0.54178,0.82122,-0.094108,0.14556,-0.25344,-0.19374,-0.32773,-0.28949,-0.49617,-0.60599,0.40238,0.39083,-0.15924,-0.061259,0.37492,0.4537,0.076489,0.72686,-0.32473,0.16178,-0.030047,0.0037165,0.08648,-0.19956,-0.70593,-0.38866,0.073381,0.14789,0.11632,0.11439,0.21759,0.22214,0.62423,0.6297,0.38207,0.69077,0.64695,0.38731
-0.52627,-0.24021,0.0078253,-0.026295,0.034559,0.2177,-0.63288,-0.35955,-0.44113,0.3878,-0.38675,-0.4144,-0.092238,-0.0015858,1.0523,0,0.1486,0.4801,0.41026,0.037039,0.69301,0.90846,0.55383,0.48297,-0.65026,-0.068301,0.37514,0.21307,-0.02331,-0.61337,-0.48169,0.081187,0.10375,0.1829,-0.040022,0.36605,-0.40742,-0.36778,-0.57189,-0.51012,-0.45895,0.25965,-0.34677,-0.020644,-0.92015,-0.7079,0.079906,0.0019869,0.31202,-0.088475,-0.18003,0.085021,0.017394,0.36335,0.52513,0.011213,-0.31489,-0.62957,-0.63164,-0.0032485,0.80596,0.21197,0.29896,0.36697,0.3947,-0.50201,-0.29505,0.31153,0.47585,-0.57878,-0.25508,-0.47657,-0.36822,-0.56501,-0.6391,-0.56959,-0.8587,-0.016836,0.012279,-0.51116,-0.36625,0.34164,0.33719,-0.081897,0.6553,-0.58671,-0.030148,-0.4249,-0.28994,0.0054159,-0.53291,-0.95494,-0.21279,0.28497,0.48765,-0.03192,-0.054591,0.19822,0.34825,0.56582,0.69525,0.34179,0.86628,0.41764,0.48082
-0.22022,0.064035,-0.18639,0.06696,0.12415,0.29126,-0.24965,-0.11295,-0.13023,0.17541,-0.18228,0.0042601,0.17103,0.18122,0.51836,0.1486,0,0.34641,0.49753,0.18777,0.79667,0.4921,0.81618,0.14713,-0.064071,0.18602,0.49636,0.060966,0.14696,0.07868,-0.15396,0.070739,-0.036974,0.18353,-0.24765,-0.19397,-0.44366,-0.48624,-0.35359,-0.28278,0.064061,0.0097089,-0.37385,0.034821,-0.077526,-0.00095336,0.29578,0.65077,0.53654,0.13622,0.11023,0.086043,0.059233,0.11826,-0.12567,0.095691,-0.00090884,0.17951,0.09776,-0.08531,0.10739,0.22876,0.46024,0.07161,0.25628,0.37192,0.60153,0.13666,0.45086,0.24001,0.37073,-0.21401,-0.013429,-0.081944,0.11302,-0.41172,-0.051273,0.25357,0.44781,-0.16434,-0.050272,0.2192,0.33059,0.21813,0.45721,0.0050552,0.20453,0.26837,0.50402,-0.028185,-0.072623,-0.16451,-0.15618,-0.044715,-0.018604,-0.091455,0.072321,0.03761,0.026201,0.48257,0.28036,0.2643,0.22224,0.28207,0.1545
0.13792,0.26723,0.18358,0.62449,-0.10571,-0.10992,0.085744,0.096999,0.34264,0.2953,0.45458,0.14373,-0.16942,-0.16966,0.67727,0.4801,0.34641,0,0.20171,-0.027102,0.26921,0.62337,0.60739,0.3991,0.24118,0.39697,-0.048492,-0.29573,-0.2648,-0.48377,0.26275,0.25272,0.2956,-0.10427,0.49007,0.16383,0.33861,0.25316,0.14885,0.22214,0.0036939,0.42959,0.10851,0.069482,0.1402,0.1562,-0.085925,0.0064799,0.45057,-0.016278,-0.30969,0.32675,-0.021335,0.092453,0.022662,-0.21786,-0.143,0.072884,0.20995,0.94787,0.88721,-0.070947,-0.045458,-0.19573,0.0018318,0.01978,0.15675,0.20325,0.37476,-0.37671,0.029582,0.17637,0.36451,0.29999,0.33574,0.20078,-0.0082852,0.069733,0.072884,0.13757,0.22509,0.14062,0.7831,-0.34758,0.28773,0.025393,-0.0094533,-0.093623,-0.20859,0.59393,0.24304,-0.22377,-0.55716,0.36566,0.22747,0.13116,0.017108,-0.13848,-0.055882,0.3002,0.53919,0.81203,0.7191,0.18319,0.36302
-0.25169,0.24119,0.30141,-0.043417,0.14318,0.75914,-0.60576,0.032668,-0.3482,0.58895,-0.36411,0.060103,0.080384,0.078248,0.50184,0.41026,0.49753,0.20171,0,0.38815,0.77589,0.33548,0.9098,0.76358,-0.50501,0.17239,0.84036,0.5309,0.2488,-0.031996,-0.46399,0.12346,-0.054015,0.087081,-0.16086,0.19112,-0.3906,-0.42445,-0.49306,-0.24234,-0.58097,0.28241,-0.50438,0.14771,-0.52044,-0.10998,0.48012,0.58898,0.7806,0.15516,0.11585,0.12275,0.4648,0.95829,0.43598,0.31459,-0.039899,-0.25,-0.42847,-0.11266,0.29254,-0.032895,0.47078,-0.062878,0.15073,0.15386,0.34277,-0.13588,0.24964,-0.084182,0.034669,-0.60416,-0.42459,-0.21651,-0.10304,-0.33258,0.083591,0.2032,0.27174,-0.44162,-0.23825,0.44508,0.10145,0.45901,0.63489,-0.058254,0.25357,0.023053,0.41412,0.16398,-0.24312,-0.11486,0.24347,0.042487,0.26818,0.32811,0.36324,0.49378,0.66839,0.26777,0.51404,0.082464,0.19792,0.77549,0.72107
0.19035,0.2673,0.16657,-0.027906,0.15349,0.22991,-0.023799,0.1245,0.054261,0.43017,-0.011686,0.30345,-0.2709,-0.20222,-0.1139,0.037039,0.18777,-0.027102,0.38815,0,0.031803,-0.07495,0.29261,0.27171,-0.1217,0.20247,0.091179,0.28753,0.033735,-0.031206,-0.0074726,-0.10776,-0.30718,-0.25818,0.25905,0.236,-0.001015,-0.052568,-0.02374,0.030817,-0.092761,0.15364,0.12396,0.17395,0.020015,0.22409,0.11609,-0.066337,-0.14187,-0.16696,0.019348,0.10996,0.12483,0.18608,0.013927,0.065792,0.2674,-0.064059,-0.13648,0.030202,0.010391,-0.30433,-0.064764,0.01388,-0.0096555,0.25789,0.22105,-0.35674,-0.17185,-0.055678,0.028922,-0.12403,-0.062096,0.015051,0.06535,-0.0048121,0.23667,-0.22857,-0.10391,-0.19403,0.068899,0.22843,0.0080635,0.10555,-0.079307,0.049098,0.35481,-0.19872,0.088596,-0.021303,-0.22609,0.2362,0.39909,0.20609,0.2761,0.21708,0.11125,0.12798,0.31041,0.15334,0.088156,0.2703,0.018595,0.093557,0.41277
-0.77565,-0.23584,0.0049231,-0.084633,-0.043894,0.36799,-0.7961,-0.27509,-0.64536,0.26045,-0.6267,-0.27655,0.3121,0.36962,0.90814,0.69301,0.79667,0.26921,0.77589,0.031803,0,0.85929,0.7139,0.32697,-0.72765,-0.11206,0.86465,0.30552,0.37054,0.072652,-0.63531,0.16197,0.071223,0.44219,-0.41042,0.15792,-0.9528,-0.93957,-1.0569,-0.79384,-0.48292,0.0089952,-0.80631,-0.016885,-0.67808,-0.5866,0.22926,0.69442,0.92427,0.29441,0.23388,0.053369,0.18508,0.45133,0.40297,0.25736,-0.22787,-0.30656,-0.41301,-0.40244,0.17672,0.47414,0.86223,0.43213,0.49092,-0.10633,0.16715,0.18248,0.56269,0.044623,0.21487,-0.78287,-0.53067,-0.72033,-0.49069,-0.8531,-0.44795,0.42542,0.5508,-0.48433,-0.33099,0.52021,0.23508,0.32376,1.0257,-0.28717,0.1028,-0.032449,0.38757,-0.12782,-0.43968,-0.77423,-0.19499,-0.13689,0.058848,-0.12199,0.04893,0.22826,0.32003,0.69049,0.75255,0.078933,0.3185,0.62029,0.29697
-0.59224,-0.17926,0.060271,0.022017,-0.22188,0.15753,-0.56544,-0.26743,-0.38973,0.37096,-0.28059,-0.16968,0.10097,0.16161,1.0755,0.90846,0.4921,0.62337,0.33548,-0.07495,0.85929,0,0.4685,0.39662,-0.47212,-0.070789,0.48787,0.15721,0.14815,-0.16977,-0.37969,0.11153,0.27483,0.30701,-0.23343,0.096173,-0.3883,-0.3727,-0.65314,-0.49238,-0.36067,0.13914,-0.48644,-0.039027,-0.52892,-0.63288,0.020734,0.28233,0.4261,0.15601,0.064813,0.022223,-0.16765,0.1711,0.19383,-0.075159,-0.31044,-0.24856,-0.17934,0.021319,0.60343,0.50556,0.49664,0.23547,0.34657,-0.16045,0.052042,0.33054,0.58696,-0.071027,0.16731,-0.3188,-0.13096,-0.44619,-0.33287,-0.448,-0.46457,0.30101,0.35796,-0.28754,0.043276,0.13757,0.28058,-0.042135,0.68267,-0.28919,-0.074521,-0.15131,0.034642,-0.12242,-0.31075,-1.0193,-0.45676,-0.08631,0.061752,-0.2305,-0.14806,-0.15889,0.036415,0.61146,0.60645,0.33548,0.58854,0.33723,0.16299
-0.022687,0.36538,-0.11955,0.052254,0.28178,0.49699,-0.29877,0.024493,-0.093109,0.73581,-0.13209,0.20546,-0.155,-0.11706,0.59986,0.55383,0.81618,0.60739,0.9098,0.29261,0.7139,0.4685,0,0.89806,-0.19228,0.56487,0.42551,0.11123,-0.10468,-0.35404,-0.19643,0.26129,-0.16188,-0.031242,0.073291,0.18907,-0.24132,-0.23962,-0.22933,-0.042848,-0.091378,0.57925,-0.22829,0.28545,-0.32187,-0.0052986,0.21004,0.2074,0.59365,-0.10461,-0.11718,0.21121,0.21579,0.45331,0.099606,0.13772,0.067218,-0.22081,-0.31149,0.15398,0.6542,-0.1442,0.26056,-0.1247,0.22248,0.01059,0.172,-0.04169,0.33634,-0.2688,-0.015496,-0.39511,-0.070499,-0.041749,0.017568,-0.38232,-0.091979,-0.13217,0.052652,-0.39354,-0.22952,0.21005,0.36148,0.00080412,0.4338,-0.19449,-0.064162,-0.1445,-0.0047543,0.26222,-0.24349,-0.28516,-0.092698,0.27267,0.41725,0.037201,0.11094,0.21266,0.34148,0.30188,0.53886,0.3385,0.51752,0.28691,0.56782
0.060564,0.57161,0.062147,-0.067465,0.0019912,0.62714,-0.23786,0.32114,-0.1773,1.014,-0.087147,0.46835,-0.32389,-0.26194,0.25894,0.48297,0.14713,0.3991,0.76358,0.27171,0.32697,0.39662,0.89806,0,-0.35356,0.66086,0.34723,0.3108,0.001689,-0.29285,-0.13902,0.4497,-0.1321,-0.1411,0.1839,0.58741,-0.024484,-0.034038,-0.15515,0.1237,-0.26121,0.96114,-0.053111,0.58689,-0.38972,-0.01796,0.10503,-0.037699,0.37897,-0.21049,-0.065528,0.18626,0.15716,0.50695,0.057513,0.17985,0.16399,-0.49055,-0.45425,0.18933,0.71073,-0.32124,0.083813,-0.3627,0.053395,-0.12623,-0.047021,-0.27906,0.092242,-0.38541,-0.16016,-0.38047,-0.028665,-0.021651,0.026501,-0.14488,0.090407,-0.31803,-0.15689,-0.48388,-0.10707,-0.015219,0.041919,-0.080095,0.26837,-0.17217,-0.33917,-0.3811,-0.18845,0.26199,-0.31748,-0.24283,0.075315,0.21874,0.49918,-0.028555,0.022815,0.050321,0.37181,0.074108,0.49855,0.15929,0.427,0.1378,0.46765
1.1042,0.42538,-0.18298,0.25075,0.21188,-0.4782,1.2854,0.40966,1.4653,-0.20814,1.2326,0.41936,-0.29438,-0.39928,-0.43553,-0.65026,-0.064071,0.24118,-0.50501,-0.1217,-0.72765,-0.47212,-0.19228,-0.35356,0,0.47377,-0.66435,-0.71052,-0.51631,-0.099724,0.84658,0.01063,-0.17516,-0.51605,0.54698,-0.40686,0.96754,0.84267,1.5005,1.1103,0.99733,0.14294,0.79948,0.069631,1.3824,1.0962,-0.18981,-0.30648,-0.32827,-0.29678,-0.46514,-0.019288,0.033889,-0.42841,-0.47971,-0.18527,0.37621,0.75745,0.87888,0.79449,-0.004673,-0.4224,-0.74176,-0.49377,-0.42461,0.3091,0.13608,-0.075754,-0.17049,-0.015832,-0.056476,0.88993,0.79677,1.0921,0.85401,0.95475,0.60847,-0.20486,-0.27892,0.76009,0.39345,-0.35443,0.26706,-0.20847,-0.47833,0.59825,0.10422,0.27685,-0.054253,0.48826,0.85231,0.63552,-0.22175,0.22224,-0.16211,0.15862,-0.031681,-0.22699,-0.45032,-0.42073,-0.39247,0.30749,-0.15613,-0.47977,-0.098159
0.88313,1.1395,-0.40317,-0.099384,0.24715,0.21901,0.59678,0.92143,0.52196,0.59297,0.52443,0.83259,-0.69409,-0.6982,-0.204,-0.068301,0.18602,0.39697,0.17239,0.20247,-0.11206,-0.070789,0.56487,0.66086,0.47377,0,-0.10774,-0.25892,-0.32293,-0.24619,0.43703,0.68122,-0.55972,-0.62944,0.62669,0.30398,0.37934,0.27987,0.56391,0.82014,0.60706,1.3273,0.58228,1.0128,0.36773,0.79104,-0.083559,-0.31338,0.11617,-0.80178,-0.58604,0.060731,0.26389,0.06687,-0.397,0.15874,0.66301,-0.033669,0.024439,0.55192,0.43188,-0.84045,-0.52306,-0.73994,-0.24733,-0.03129,-0.090723,-0.47142,-0.051927,-0.42993,-0.28645,0.059979,0.42568,0.47806,0.4469,0.30224,0.47378,-0.6589,-0.47012,-0.06338,-0.046582,-0.31064,0.17988,-0.17168,-0.00026961,0.20826,-0.20321,-0.21735,-0.16345,0.58807,0.11251,0.21686,-0.01337,0.47309,0.44181,0.0014512,-0.010247,-0.073199,0.077368,-0.2414,0.096373,0.32663,0.20445,-0.30296,0.35738
-0.56355,-0.18676,0.05937,-0.39872,0.12319,0.6518,-0.55579,-0.012684,-0.46217,0.17826,-0.42528,-0.083643,0.042447,0.08041,0.52116,0.37514,0.49636,-0.048492,0.84036,0.091179,0.86465,0.48787,0.42551,0.34723,-0.66435,-0.10774,0,1.0236,0.68629,0.36934,-0.35621,0.22753,-0.13725,0.11896,-0.36392,0.11485,-0.65517,-0.72354,-0.76224,-0.58212,-0.46891,-0.009249,-0.60115,0.0026079,-0.6438,-0.37176,0.14749,0.54658,0.50944,0.27746,0.23016,-0.11701,0.3262,0.53332,0.33754,0.33296,-0.045946,-0.34,-0.40647,-0.35482,0.20698,0.40049,0.91499,0.34191,0.4016,0.15919,0.28738,0.36954,0.81196,0.24247,0.24471,-0.46238,-0.38908,-0.45397,-0.32005,-0.55528,-0.2343,0.32312,0.24608,-0.37997,-0.11943,0.36522,-0.014742,0.5563,0.48502,0.032379,0.14763,-0.097363,0.46616,-0.33071,-0.61768,-0.34763,-0.04189,-0.1109,0.022134,-0.1942,-0.067725,0.17992,0.20184,0.64402,0.54264,0.1147,0.19558,0.52142,0.27738
-0.44465,-0.31041,0.27372,-0.32057,-0.0066781,0.47807,-0.43277,-0.052064,-0.44219,-0.0089915,-0.31901,-0.029215,-0.063045,0.0020594,0.15278,0.21307,0.060966,-0.29573,0.5309,0.28753,0.30552,0.15721,0.11123,0.3108,-0.71052,-0.25892,1.0236,0,0.72295,0.28729,-0.21578,0.028945,-0.11061,0.027719,-0.18602,0.20709,-0.3311,-0.38415,-0.53571,-0.49555,-0.59183,-0.1517,-0.28671,-0.10879,-0.55648,-0.35381,0.20058,0.30768,0.099049,0.278,0.28601,-0.013467,0.23621,0.37763,0.30906,0.24046,-0.026859,-0.3104,-0.31056,-0.33213,0.12286,0.34446,0.61094,0.29636,0.35531,0.29461,0.23666,0.34673,0.42314,0.24086,0.19977,-0.16452,-0.25725,-0.23818,-0.22204,-0.2769,-0.21507,0.1159,0.042554,-0.272,0.0072396,0.25414,-0.2271,0.33966,0.039914,0.073816,0.039271,-0.12597,0.23825,-0.43127,-0.7021,-0.14428,0.062413,-0.03873,0.057067,-0.14995,-0.095589,0.07162,0.068973,0.45622,0.33756,-0.025829,0.1359,0.24482,0.11506
-0.64453,-0.51379,0.15611,-0.038248,-0.54389,0.056304,-0.28395,-0.087484,-0.49465,-0.23053,-0.3663,0.0043758,0.4583,0.52578,0.094378,-0.02331,0.14696,-0.2648,0.2488,0.033735,0.37054,0.14815,-0.10468,0.001689,-0.51631,-0.32293,0.68629,0.72295,0,0.82252,0.0016966,0.23866,0.27986,0.53064,-0.32717,0.2264,-0.46375,-0.51364,-0.57193,-0.62831,-0.27987,-0.35653,-0.39816,-0.13282,-0.27222,-0.28377,0.079492,0.44048,0.37838,0.46709,0.54633,0.22964,-0.19804,-0.14464,-0.17851,0.012409,-0.25044,-0.074012,-0.032629,-0.47986,-0.15135,0.63108,0.78467,0.30676,0.2664,0.22501,0.24907,0.35648,0.4686,0.62774,0.65267,-0.12751,-0.17851,-0.23525,-0.068955,-0.29508,-0.14719,0.50686,0.60162,-0.179,0.067337,0.17056,0.038392,0.27906,0.21796,0.13205,0.2115,0.19744,0.38402,-0.23469,-0.22454,-0.17708,-0.057173,-0.50047,-0.43827,-0.19929,0.014059,0.0038885,-0.03269,0.52625,0.3555,-0.027802,0.10369,0.14068,-0.21869
-0.19712,-0.18003,0.084496,-0.18906,-0.29707,-0.047697,0.055133,0.17313,-0.11305,-0.27412,-0.14295,0.21138,0.38679,0.37545,-0.327,-0.61337,0.07868,-0.48377,-0.031996,-0.031206,0.072652,-0.16977,-0.35404,-0.29285,-0.099724,-0.24619,0.36934,0.28729,0.82252,0,0.16688,0.22059,0.061521,0.25514,-0.36258,-0.052391,-0.25772,-0.25328,-0.20652,-0.19627,0.025551,-0.40832,-0.31118,-0.075006,0.11808,0.014197,-0.24742,0.23262,0.09436,0.47608,0.62014,-0.063696,-0.11402,-0.19864,-0.26937,0.041246,0.0053838,0.12695,0.14706,-0.45742,-0.59894,0.37219,0.46622,0.22442,0.083303,0.29937,0.29309,0.069533,0.12065,1.009,0.71665,-0.039517,-0.047544,-0.13728,0.068442,-0.057585,0.27904,0.51951,0.41823,0.094308,0.30224,0.021444,-0.28117,0.35297,-0.13825,0.39007,0.12962,0.18841,0.4723,-0.45222,-0.011647,0.16796,0.078315,-0.7003,-0.6951,-0.3172,-0.069606,-0.12955,-0.16227,0.11974,-0.10039,-0.18908,-0.45446,-0.031233,-0.46282
0.74046,0.2392,-0.0098011,0.38602,-0.15159,-0.53776,1.2305,0.55928,0.94783,-0.28742,1.0575,0.47243,-0.31623,-0.33653,-0.42079,-0.48169,-0.15396,0.26275,-0.46399,-0.0074726,-0.63531,-0.37969,-0.19643,-0.13902,0.84658,0.43703,-0.35621,-0.21578,0.0016966,0.16688,0,0.45865,0.01035,-0.39993,0.82039,0.13983,0.91703,0.78646,0.95026,0.72834,0.74552,0.16198,0.79891,0.18943,0.87942,0.86231,-0.37035,-0.41475,-0.17989,-0.21344,-0.32756,0.41544,-0.08451,-0.54155,-0.60073,-0.1672,0.33913,0.42125,0.69108,0.74286,0.1538,-0.29163,-0.42607,-0.3521,-0.11982,0.36761,0.12251,0.14143,0.091813,0.052614,0.25544,0.94534,1.0531,0.93088,0.89233,0.7974,0.35436,-0.15737,-0.26125,0.59489,0.5779,-0.16952,0.37501,-0.24634,-0.5048,0.74771,0.08604,0.022208,-0.18054,0.26311,0.38692,0.56522,-0.21619,0.21935,-0.090365,-0.13867,-0.18392,-0.39764,-0.6003,-0.00017126,-0.055527,0.56426,0.17927,-0.42763,-0.15988
0.23465,0.38214,-0.20043,-0.079716,-0.2713,0.032956,0.34833,0.87051,0.14022,0.13597,0.19796,0.36697,-0.31382,-0.27788,-0.044655,0.081187,0.070739,0.25272,0.12346,-0.10776,0.16197,0.11153,0.26129,0.4497,0.01063,0.68122,0.22753,0.028945,0.23866,0.22059,0.45865,0,-0.17463,-0.18489,0.32908,0.78796,0.021047,-0.044731,0.11415,0.23934,0.30662,0.73154,0.14999,0.89013,-0.0029661,0.26754,-0.24118,-0.19222,0.41474,-0.38892,-0.29492,0.20886,0.17469,0.0022455,-0.24622,0.22551,0.32382,-0.28214,-0.11372,0.17671,0.28684,-0.23588,-0.039343,-0.2173,0.22083,-0.21014,-0.19472,-0.085202,0.30406,-0.24238,0.052853,-0.072952,0.29051,0.045777,0.14833,0.11178,0.094892,-0.11249,-0.16027,-0.075652,-0.013121,-0.077465,0.10988,0.073213,0.24994,0.2574,-0.096242,-0.2908,-0.075637,0.1572,-0.10045,-0.033788,-0.080769,0.26743,0.34427,-0.269,-0.046165,-0.11887,0.064898,0.16221,0.36716,0.29923,0.39147,-0.079664,0.062504
-0.49319,-0.3754,0.68603,0.97417,-0.86709,-0.36907,-0.35751,-0.505,-0.23126,-0.26353,-0.15272,-0.29173,0.86827,0.84761,0.40903,0.10375,-0.036974,0.2956,-0.054015,-0.30718,0.071223,0.27483,-0.16188,-0.1321,-0.17516,-0.55972,-0.13725,-0.11061,0.27986,0.061521,0.01035,-0.17463,0,0.83859,-0.23609,-0.010704,0.047395,0.12383,-0.22372,-0.29567,-0.39473,-0.45923,-0.4142,-0.51882,-0.10303,-0.3098,0.16002,0.29902,0.29964,0.73027,0.47286,0.56039,-0.63213,-0.23369,-0.047739,-0.4735,-0.80114,0.247,0.29945,0.041291,-0.0043519,0.51313,0.38091,0.067646,0.11855,0.12903,0.27648,0.31825,0.098326,0.28699,0.5445,0.17059,0.09168,0.030656,0.18591,0.02673,-0.14106,0.78582,0.78775,0.20223,0.36683,0.18732,0.27865,-0.088373,0.16274,-0.080135,0.18909,0.41646,-0.0055329,0.087464,0.40911,-0.095099,-0.086849,-0.43387,-0.3797,0.17876,0.2661,-0.015077,-0.066072,0.2054,0.10893,0.0571,0.2495,0.34426,-0.25999
-1.0059,-0.63159,0.25173,0.30436,-0.6585,-0.18806,-0.64056,-0.76789,-0.74389,-0.18796,-0.76752,-0.38534,1.597,1.9898,0.34066,0.1829,0.18353,-0.10427,0.087081,-0.25818,0.44219,0.30701,-0.031242,-0.1411,-0.51605,-0.62944,0.11896,0.027719,0.53064,0.25514,-0.39993,-0.18489,0.83859,0,-0.88473,-0.092642,-0.62258,-0.41713,-0.66317,-0.82749,-0.30883,-0.60607,-0.96162,-0.54361,-0.48033,-0.73366,0.3285,0.47272,0.32988,0.64194,0.71582,0.30388,-0.64173,-0.22012,-0.05344,-0.36107,-0.83943,0.058294,-0.016425,-0.65689,-0.21675,0.86988,0.65916,0.42209,0.24527,-0.0071928,0.19832,0.23253,0.082194,0.42241,0.47796,-0.31336,-0.40172,-0.44541,-0.27294,-0.5133,-0.36354,0.8459,1.2928,-0.27122,-0.092816,0.26901,0.13434,0.04411,0.35336,-0.36971,0.14047,0.54992,0.17935,-0.15705,0.11834,-0.42799,0.012336,-0.91397,-0.59034,-0.024781,0.28927,0.26294,0.15414,0.27634,0.058093,-0.19902,0.17807,0.29053,-0.32007
0.87352,0.42705,0.0083057,0.28084,0.14427,-0.23027,0.75006,0.57762,0.82054,0.085445,1.0189,0.39369,-0.81666,-0.8291,-0.18036,-0.040022,-0.24765,0.49007,-0.16086,0.25905,-0.41042,-0.23343,0.073291,0.1839,0.54698,0.62669,-0.36392,-0.18602,-0.32717,-0.36258,0.82039,0.32908,-0.23609,-0.88473,0,0.38402,0.95708,0.68703,0.75517,0.75487,0.30535,0.53764,1.2485,0.40814,0.64283,0.77331,-0.26805,-0.4606,-0.06305,-0.49717,-0.72499,0.31795,0.32538,-0.046056,-0.066255,0.096577,0.51652,0.1012,0.2365,1.0313,0.39968,-0.677,-0.63025,-0.45239,-0.16075,0.046409,-0.17308,-0.12281,-0.010745,-0.4682,-0.19299,0.52621,0.65298,0.67656,0.48853,0.64254,0.20469,-0.5838,-0.6678,0.37884,0.22204,-0.057238,0.37111,-0.29845,-0.23041,0.40253,-0.012714,-0.3948,-0.34794,0.54143,0.08162,0.34254,-0.20874,0.8138,0.45758,0.12608,-0.159,-0.24289,-0.24538,-0.062733,0.22296,0.50387,0.2193,-0.23084,0.3647
-0.00756,0.21806,0.066498,0.077798,-0.37649,0.17316,0.0088998,0.47524,-0.18601,0.19053,-0.055848,0.1109,-0.27874,-0.1764,0.0021372,0.36605,-0.19397,0.16383,0.19112,0.236,0.15792,0.096173,0.18907,0.58741,-0.40686,0.30398,0.11485,0.20709,0.2264,-0.052391,0.13983,0.78796,-0.010704,-0.092642,0.38402,0,-0.053912,-0.11273,-0.11838,0.0048435,-0.18682,0.5751,0.12944,0.70194,-0.27299,0.003957,-0.16746,-0.23165,0.26388,-0.21393,-0.023205,0.32362,0.11884,0.18442,0.042967,0.345,0.19644,-0.65897,-0.42697,0.055158,0.21094,-0.30195,-0.0058873,0.037692,0.24736,-0.33686,-0.24885,-0.19917,0.040585,-0.48485,-0.11635,-0.27654,-0.00078497,-0.21313,-0.051564,-0.028823,-0.076248,-0.23474,-0.21619,-0.31078,-0.13381,0.2198,0.074993,0.024614,0.24801,-0.081794,-0.11155,-0.61102,-0.20895,0.080539,-0.33709,-0.11083,0.18207,0.38932,0.59006,-0.19377,-0.14349,-0.099217,0.23711,0.33419,0.60815,0.21231,0.37968,0.079215,0.14544
1.0431,0.44314,0.25131,0.46428,0.0042624,-0.43249,0.8977,0.42786,1.1644,-0.084561,1.3991,0.47627,-0.43331,-0.51075,-0.36536,-0.40742,-0.44366,0.33861,-0.3906,-0.001015,-0.9528,-0.3883,-0.24132,-0.024484,0.96754,0.37934,-0.65517,-0.3311,-0.46375,-0.25772,0.91703,0.021047,0.047395,-0.62258,0.95708,-0.053912,0,1.7619,1.3404,1.1966,0.38715,0.24723,1.0157,0.092282,0.94232,0.86422,-0.16565,-0.42063,-0.34194,-0.2182,-0.43692,0.25682,0.053883,-0.23622,-0.22974,-0.17008,0.35759,0.52892,0.70397,1.1649,0.21404,-0.51089,-0.7164,-0.65989,-0.33244,0.32292,0.065503,-0.087871,-0.20752,-0.15087,-0.043376,1.0709,0.97533,1.2695,0.90057,1.3201,0.5275,-0.28596,-0.43883,0.80739,0.66249,-0.26202,0.20919,-0.27788,-0.56686,0.62324,0.0016453,0.030002,-0.27415,0.49674,0.57521,0.6247,-0.14576,0.33907,0.04203,0.21484,-0.064594,-0.30844,-0.44549,-0.37718,-0.1835,0.33585,0.0058355,-0.32223,0.040268
0.88313,0.34814,0.25351,0.48269,-0.01939,-0.5549,0.75312,0.24462,0.97606,-0.058236,0.98235,0.40674,-0.26868,-0.32759,-0.36573,-0.36778,-0.48624,0.25316,-0.42445,-0.052568,-0.93957,-0.3727,-0.23962,-0.034038,0.84267,0.27987,-0.72354,-0.38415,-0.51364,-0.25328,0.78646,-0.044731,0.12383,-0.41713,0.68703,-0.11273,1.7619,0,1.2154,1.0777,0.41702,0.18611,0.75806,0.011228,0.72648,0.63274,-0.16887,-0.46924,-0.41519,-0.15147,-0.3245,0.36319,-0.058814,-0.30611,-0.23023,-0.18903,0.33598,0.55638,0.66737,0.86692,0.19879,-0.41558,-0.61771,-0.56224,-0.19166,0.29016,0.027946,-0.076266,-0.25609,-0.095336,0.044351,0.94429,0.90918,1.0208,0.7496,1.017,0.41272,-0.22017,-0.35308,0.78198,0.72055,-0.23493,0.22095,-0.23575,-0.58299,0.58125,0.0072652,0.064703,-0.30988,0.33243,0.55926,0.50916,-0.087408,0.16361,-0.05667,0.10811,-0.11252,-0.30021,-0.48409,-0.36285,-0.21479,0.28777,0.016325,-0.31271,-0.044156
1.5372,0.54432,-0.085046,0.23749,0.16101,-0.4458,1.4624,0.56173,1.4921,-0.14505,1.3091,0.51357,-0.47526,-0.55781,-0.6073,-0.57189,-0.35359,0.14885,-0.49306,-0.02374,-1.0569,-0.65314,-0.22933,-0.15515,1.5005,0.56391,-0.76224,-0.53571,-0.57193,-0.20652,0.95026,0.11415,-0.22372,-0.66317,0.75517,-0.11838,1.3404,1.2154,0,1.5896,0.87342,0.31875,1.0627,0.22396,1.0545,1.1577,-0.18696,-0.551,-0.47314,-0.43825,-0.53039,0.081122,0.081722,-0.35647,-0.41071,-0.1097,0.527,0.53549,0.65974,0.84441,0.062661,-0.65612,-0.94399,-0.57729,-0.34676,0.22564,-0.0037179,-0.18292,-0.28815,-0.19537,-0.1738,0.91548,0.87871,1.1843,0.84675,1.2124,0.61833,-0.4012,-0.52723,0.71124,0.40835,-0.35599,0.16388,-0.19743,-0.61605,0.61192,0.043328,0.099743,-0.2326,0.48597,0.69043,0.7475,-0.04695,0.37297,0.044031,0.15986,-0.04962,-0.20288,-0.35786,-0.49339,-0.36411,0.29286,-0.080481,-0.52859,-0.05114
1.8196,0.94515,-0.084979,0.14814,0.19592,-0.18039,1.082,0.80445,1.2215,0.13672,1.1274,0.71467,-0.59652,-0.70867,-0.54979,-0.51012,-0.28278,0.22214,-0.24234,0.030817,-0.79384,-0.49238,-0.042848,0.1237,1.1103,0.82014,-0.58212,-0.49555,-0.62831,-0.19627,0.72834,0.23934,-0.29567,-0.82749,0.75487,0.0048435,1.1966,1.0777,1.5896,0,0.66436,0.63027,0.92881,0.49793,0.88266,1.2255,-0.23616,-0.50541,-0.30126,-0.45707,-0.47595,0.03167,0.20476,-0.12263,-0.35395,0.070891,0.69863,0.35161,0.45035,0.89053,0.12721,-0.91655,-0.85951,-0.81557,-0.36079,0.14431,-0.028489,-0.39944,-0.33159,-0.25662,-0.2084,0.59927,0.80749,0.99885,0.84724,1.0774,0.84195,-0.48446,-0.60184,0.57143,0.4023,-0.41913,0.052994,-0.1133,-0.46043,0.59215,-0.071131,-0.060463,-0.18812,0.4966,0.56516,0.68552,0.034173,0.41042,0.17941,0.13388,-0.079785,-0.26816,-0.2299,-0.55798,-0.23516,0.22014,-0.16317,-0.43011,0.045247
0.76216,0.28612,-0.68429,-0.070719,0.15331,-0.45828,1.1352,0.39028,0.75541,-0.13222,0.58509,0.40911,-0.28979,-0.30563,-0.50561,-0.45895,0.064061,0.0036939,-0.58097,-0.092761,-0.48292,-0.36067,-0.091378,-0.26121,0.99733,0.60706,-0.46891,-0.59183,-0.27987,0.025551,0.74552,0.30662,-0.39473,-0.30883,0.30535,-0.18682,0.38715,0.41702,0.87342,0.66436,0,0.25446,0.61134,0.31304,0.69438,0.672,-0.2481,-0.46496,-0.38108,-0.59388,-0.45536,0.011607,-0.13964,-0.72264,-0.82901,-0.11237,0.51301,0.42501,0.49831,0.29165,-0.0082131,-0.30925,-0.56946,-0.28637,-0.11914,0.077442,-0.09932,-0.073856,-0.058271,-0.0087033,-0.0065824,0.50126,0.64667,0.53837,0.43764,0.38392,0.25223,-0.356,-0.28656,0.3342,0.15395,-0.45409,0.21775,-0.17374,-0.347,0.39085,0.020424,0.14057,-0.12868,0.16945,0.38422,0.30138,-0.15124,0.11536,-0.11105,-0.23266,-0.18197,-0.24526,-0.41763,-0.22566,-0.34106,0.2769,0.023051,-0.73412,-0.24628
0.58862,0.98161,-0.32043,-0.175,0.17278,0.33138,0.28376,0.7996,0.28387,0.76999,0.31081,0.56556,-0.79937,-0.77245,-0.0070504,0.25965,0.0097089,0.42959,0.28241,0.15364,0.0089952,0.13914,0.57925,0.96114,0.14294,1.3273,-0.009249,-0.1517,-0.35653,-0.40832,0.16198,0.73154,-0.45923,-0.60607,0.53764,0.5751,0.24723,0.18611,0.31875,0.63027,0.25446,0,0.40309,1.2454,0.01778,0.40142,-0.16055,-0.40492,0.14676,-0.75621,-0.54243,-0.0023455,0.29786,0.25928,-0.12628,0.29847,0.57306,-0.36418,-0.27315,0.49205,0.60936,-0.79836,-0.39445,-0.5712,-0.058565,-0.35138,-0.33827,-0.44456,-0.0080072,-0.71622,-0.43263,-0.13269,0.26624,0.18412,0.17016,0.18239,0.25708,-0.68178,-0.59087,-0.15982,-0.10996,-0.29132,0.066175,-0.084705,0.17375,0.034384,-0.27264,-0.53276,-0.29869,0.43036,-0.086089,-0.03005,0.028101,0.62853,0.76551,-0.027902,-0.09181,-0.11115,0.23437,-0.15076,0.30119,0.26798,0.28681,-0.15827,0.40163
1.0932,0.38751,-0.26031,0.060143,0.19547,-0.28611,1.089,0.57278,0.84942,-0.088741,1.0356,0.40966,-0.82887,-0.87451,-0.56725,-0.34677,-0.37385,0.10851,-0.50438,0.12396,-0.80631,-0.48644,-0.22829,-0.053111,0.79948,0.58228,-0.60115,-0.28671,-0.39816,-0.31118,0.79891,0.14999,-0.4142,-0.96162,1.2485,0.12944,1.0157,0.75806,1.0627,0.92881,0.61134,0.40309,0,0.42661,0.89668,0.89055,-0.22762,-0.53638,-0.41308,-0.67635,-0.71114,0.092382,0.21946,-0.29722,-0.31954,0.12585,0.7223,0.24962,0.39255,0.72505,0.11484,-0.71842,-0.97208,-0.56256,-0.31032,0.077671,-0.23597,-0.21969,-0.2327,-0.33397,-0.29484,0.71107,0.73739,0.8005,0.52877,0.76535,0.29901,-0.83438,-0.83807,0.45546,0.18916,-0.38443,0.13144,-0.30512,-0.46151,0.43636,-0.1199,-0.22397,-0.28641,0.39746,0.177,0.47619,-0.13605,0.63016,0.28394,0.014196,-0.27199,-0.39478,-0.45597,-0.32275,-0.11388,0.19893,-0.058604,-0.61126,0.059835
0.51795,0.85519,-0.42291,-0.27939,0.023592,0.32717,0.33184,1.0313,0.13331,0.44112,0.16715,0.45031,-0.63253,-0.61831,-0.28029,-0.020644,0.034821,0.069482,0.14771,0.17395,-0.016885,-0.039027,0.28545,0.58689,0.069631,1.0128,0.0026079,-0.10879,-0.13282,-0.075006,0.18943,0.89013,-0.51882,-0.54361,0.40814,0.70194,0.092282,0.011228,0.22396,0.49793,0.31304,1.2454,0.42661,0,0.098016,0.46521,-0.12417,-0.25135,0.15286,-0.76806,-0.3886,0.0013936,0.34992,0.15814,-0.25239,0.57665,0.80983,-0.3247,-0.23079,0.17082,0.11916,-0.79618,-0.37802,-0.54383,-0.0051904,-0.27798,-0.29866,-0.65546,-0.14192,-0.46297,-0.28463,-0.18817,0.23995,0.064594,0.16478,0.1405,0.32243,-0.62453,-0.51446,-0.15561,-0.1543,-0.29984,-0.13403,0.13262,0.20601,0.14586,-0.18675,-0.45401,-0.026262,0.18123,-0.1503,0.13698,0.25006,0.49278,0.6901,-0.16179,-0.12838,-0.22045,0.15431,-0.14615,0.18787,0.022972,0.011405,-0.18773,0.17249
