,,,,,,,,,,,,,,,,,,,,,,,,,,,,,,,,,,,,,,,,,,,,,,,,,,,,,,,,,,,,,,,,,,,,,,,,,,,,,,,,,,,,,,,,,,,,,,,,,,,,,,,,
0,0.95216,-0.047967,0.3164,1.504,0.98504,1.512,1.3316,1.3034,0.57226,0.99358,0.75296,0.54108,0.61391,0.27395,-0.024856,0.45247,0.24226,0.41291,0.32296,0.44879,0.019439,0.84957,0.44306,1.0102,0.55995,0.30789,0.28783,0.39124,0.083197,0.87894,0.094006,0.54432,0.50618,0.90061,0.26563,0.78317,0.75682,0.92125,0.51087,1.1172,0.66897,0.7131,0.48953,0.59011,0.32622,-0.47762,0.053485,0.34074,0.77025,0.72758,-0.50654,1.4254,0.53092,0.082362,0.28031,-0.02027,-0.21867,-0.31851,0.56475,0.2908,0.24207,0.31095,-0.30153,-0.22718,0.019743,0.066948,0.07706,0.21846,0.36154,0.41,0.44021,0.5311,0.2616,0.50925,0.70839,0.71923,0.50022,0.64661,0.27083,0.73773,-0.052127,0.25361,0.57769,0.6413,0.57328,0.3478,-0.37336,-0.16975,-0.17949,0.33805,0.60822,-0.10469,0.61533,0.53736,0.50421,0.22004,-0.25069,-0.12657,-0.0088477,0.09544,-0.11246,-0.14558,-0.24282,-0.31559
0.95216,0,0.095795,0.17861,0.77875,1.4112,0.58109,1.2611,0.62457,0.96273,0.37719,0.79187,0.85924,0.70357,0.37662,0.15601,0.77274,0.35439,0.87256,0.6363,0.32736,-0.0013933,0.8403,0.71493,0.38493,0.56498,0.45031,0.19101,0.16394,0.039724,0.8077,0.063029,0.55212,0.49201,0.93863,0.3572,0.25952,0.36721,0.22916,0.17251,0.41222,0.37595,0.87829,0.67225,1.0555,0.86189,-0.2751,0.41912,0.35236,0.45832,0.53215,-0.28811,1.0787,1.1818,0.16391,0.48944,0.30456,0.24103,0.11587,0.24022,0.35027,0.34761,0.53086,-0.62786,-0.043055,0.44595,0.49152,0.18908,0.40755,0.4938,0.51931,0.6531,0.81261,0.62385,0.84426,0.22426,1.1073,0.61971,0.81448,0.2914,0.60487,0.052845,0.31033,0.67222,0.8251,0.6655,0.71795,0.023161,0.27801,-0.12034,0.38217,0.089868,-0.50207,0.15832,0.40565,0.31782,0.31991,-0.19201,0.046682,-0.17198,0.18352,-0.2811,-0.033694,-0.16077,-0.027965
-0.047967,0.095795,0,1.064,-0.18343,-0.10424,-0.22548,-0.034021,0.15595,0.20708,-0.010863,0.24794,0.35163,0.28908,0.20838,-0.16702,0.16778,-0.069186,0.32771,0.35342,-0.01756,-0.35001,0.32907,0.069172,-0.13382,0.050773,0.044981,-0.096355,0.035735,0.2684,0.24538,0.15007,0.49101,0.23877,0.29022,0.231,0.039216,0.20276,-0.065212,-0.075686,-0.19338,-0.1194,-0.071163,0.051269,0.40717,0.30648,0.35163,0.30924,0.61496,0.098481,0.087855,0.72115,0.1573,0.2852,0.53661,0.28149,0.34103,0.48091,0.38773,0.31329,0.053289,-0.078695,-0.037547,-0.026854,-0.1051,0.33285,0.31115,0.18686,-0.0050192,0.096611,0.038552,0.0069776,0.054215,0.27456,0.18309,0.5173,0.28592,0.77984,0.36405,1.2783,0.51736,1.2999,0.17034,0.43924,0.14107,0.66148,0.3925,0.35468,0.4498,0.091796,-0.020996,-0.15844,-0.076938,-0.30715,-0.02973,0.15108,0.31769,0.24769,0.1683,-0.042714,-0.31076,-0.1042,-0.18132,0.6452,-0.029477
0.3164,0.17861,1.064,0,0.13584,-0.017017,0.15126,0.18588,0.51816,0.24909,0.37105,0.54621,0.37857,0.45391,0.25314,-0.18854,0.20589,0.070537,0.35416,0.49434,0.12571,-0.30555,0.54134,0.16961,0.20298,0.19897,0.031494,-0.052851,0.2006,0.30154,0.38979,0.13839,0.47074,0.35744,0.36013,0.1958,0.23617,0.43515,0.28955,0.15198,0.14777,0.089283,0.031757,-0.004258,0.43748,0.19225,0.26121,0.3105,0.72067,0.28078,0.18257,0.39238,0.35399,0.14408,0.30509,0.12863,0.084727,0.30722,0.20121,0.63399,0.22194,-0.087601,-0.020246,-0.050158,-0.21153,0.30739,0.30159,0.16612,0.0065994,0.10457,0.079882,0.073753,0.1335,0.30275,0.28269,0.86344,0.39285,0.74346,0.57634,0.99272,0.76632,0.80574,0.40236,0.53624,0.37131,0.71892,0.46779,0.19641,0.15701,0.1519,0.1613,0.11841,0.050984,-0.14215,0.092372,0.18809,0.38412,0.13266,0.18501,0.049129,-0.22031,-0.03314,-0.22434,0.48963,-0.0892
1.504,0.77875,-0.18343,0.13584,0,1.1364,1.4617,1.0156,1.0719,0.52078,1.1171,0.69099,0.51876,0.55796,0.26759,0.092088,0.35043,0.21785,0.35251,0.22264,0.31112,-0.02168,0.73124,0.44741,0.88801,0.46334,0.36172,0.40734,0.42405,-0.00063817,0.63686,-0.024926,0.50795,0.46153,0.65075,0.15114,0.81901,0.66894,0.70936,0.36249,0.83898,0.50341,0.43299,0.20672,0.30188,0.14932,-0.40639,-0.046261,0.25085,0.99868,0.88108,-0.52544,1.2614,0.51401,0.1639,0.046346,-0.26373,-0.45398,-0.58554,0.58371,0.2967,0.2946,0.30563,-0.35855,-0.36294,-0.14017,-0.12062,0.16953,0.30204,0.32206,0.35963,0.29371,0.31504,0.083034,0.26993,0.61021,0.54976,0.34761,0.475,0.1402,0.54079,-0.13081,0.25505,0.45204,0.57307,0.41692,0.24638,-0.46768,-0.35871,-0.28706,0.20577,0.41825,-0.12235,0.71644,0.65993,0.50856,0.23079,-0.1292,0.0072855,-0.030124,-0.0053541,-0.018652,-0.22801,-0.29236,-0.097882
0.98504,1.4112,-0.10424,-0.017017,1.1364,0,0.73993,1.231,0.67744,0.99278,0.52054,0.76172,0.68506,0.56922,0.38582,0.24985,0.62938,0.32281,0.67507,0.44192,0.32604,0.12907,0.77476,0.74109,0.48117,0.66707,0.56651,0.41164,0.24296,-0.012027,0.62372,-0.031285,0.50822,0.40533,0.81256,0.23798,0.42595,0.39754,0.2612,0.19236,0.43904,0.41235,0.58832,0.41255,0.61911,0.58643,-0.34487,0.16652,0.29635,0.68965,0.78572,-0.40272,1.1967,1.0919,0.19001,0.20552,-0.021709,-0.08792,-0.17916,0.3103,0.36341,0.42812,0.52924,-0.67646,-0.21089,0.16771,0.20785,0.21945,0.45209,0.41799,0.47791,0.43393,0.54196,0.35223,0.51342,0.20172,0.92114,0.40316,0.56159,0.11607,0.44376,-0.12741,0.20859,0.45367,0.64015,0.50449,0.49283,-0.18937,0.0069879,-0.33318,0.1917,0.10336,-0.40093,0.32642,0.53681,0.44581,0.29035,-0.1175,0.09496,-0.19947,0.11409,-0.13482,-0.043887,-0.21882,0.12827
1.512,0.58109,-0.22548,0.15126,1.4617,0.73993,0,1.0495,1.1623,0.42976,1.1996,0.63036,0.42084,0.49302,0.22353,-0.023654,0.33224,0.1979,0.26438,0.16971,0.49985,0.034509,0.71071,0.36184,1.3097,0.53551,0.28165,0.34783,0.53285,0.095663,0.86663,0.11872,0.44817,0.47451,0.68629,0.19703,1.1327,0.91157,1.1033,0.63328,1.4821,0.74744,0.64547,0.33344,0.30125,0.15776,-0.57074,-0.090361,0.18972,0.83542,0.70515,-0.62532,0.90657,0.28581,0.026358,0.12375,-0.17032,-0.39073,-0.50675,0.54903,0.27988,0.25013,0.26876,-0.08514,-0.16792,-0.18364,-0.12507,0.090724,0.15798,0.38714,0.402,0.45208,0.46773,0.041585,0.29214,0.67358,0.46704,0.33279,0.50293,0.11375,0.59922,-0.18505,0.22242,0.49642,0.56509,0.43973,0.20735,-0.52048,-0.39379,-0.20247,0.32422,0.64149,-0.066206,0.74576,0.48923,0.45404,0.068691,-0.35274,-0.25556,0.10481,0.11494,-0.0058538,-0.11389,-0.35464,-0.34332
1.3316,1.2611,-0.034021,0.18588,1.0156,1.231,1.0495,0,0.87398,0.90015,0.64678,0.87562,0.67922,0.63793,0.39356,0.12419,0.63225,0.29555,0.70515,0.57796,0.5822,0.10824,1.0259,0.7611,0.75609,0.94895,0.50689,0.38352,0.44203,0.22519,1.1292,0.25639,0.6324,0.56802,1.2982,0.46925,0.64643,0.78655,0.60652,0.49416,0.88136,0.71556,1.0208,0.74426,0.90577,0.74288,-0.48726,0.21131,0.36544,0.65555,0.66676,-0.39916,1.2162,0.78254,0.1655,0.38151,0.12378,0.040601,-0.068368,0.39453,0.4754,0.41903,0.52579,-0.27402,0.0038934,0.17947,0.28444,0.16637,0.265,0.613,0.66176,0.73064,0.90893,0.41427,0.68197,0.3671,1.0109,0.47968,0.77056,0.20146,0.73337,-0.12088,0.27433,0.58885,0.82248,0.64054,0.63978,-0.22794,-0.0035696,-0.2307,0.30749,0.2635,-0.38081,0.31412,0.3541,0.36373,0.15425,-0.38406,-0.15178,-0.029214,0.28355,-0.117,0.075532,-0.22398,-0.16532
1.3034,0.62457,0.15595,0.51816,1.0719,0.67744,1.1623,0.87398,0,0.47728,1.2861,0.95756,0.55758,0.61998,0.24735,-0.047681,0.54792,0.35945,0.46614,0.31626,0.36507,-0.066745,0.87936,0.31497,1.0548,0.5483,0.24154,0.29336,0.38152,0.16718,0.82331,0.065455,0.64494,0.56829,0.75113,0.2309,0.87671,0.86043,0.86091,0.48183,0.85175,0.42175,0.44795,0.18767,0.5347,0.28896,-0.25254,0.16063,0.43301,0.88677,0.75652,-0.43634,0.9721,0.31649,0.032423,-0.019682,-0.14151,-0.11226,-0.17154,0.8562,0.29586,0.20547,0.15813,-0.34172,-0.46472,0.10392,0.12428,0.14077,0.25794,0.29997,0.32588,0.37902,0.42548,0.31778,0.47439,0.94893,0.69144,0.64823,0.68829,0.5701,0.92779,0.14907,0.41108,0.60303,0.64059,0.62584,0.33172,-0.23943,-0.19143,-0.10829,0.37166,0.44055,-0.27079,0.50102,0.46321,0.41878,0.20798,-0.17796,-0.036186,0.041663,-0.032298,-0.13111,-0.26556,-0.11934,-0.12273
0.57226,0.96273,0.20708,0.24909,0.52078,0.99278,0.42976,0.90015,0.47728,0,0.35249,0.92352,0.64464,0.53609,0.5581,0.27385,0.59988,0.20841,0.80327,0.61954,0.47766,0.31263,0.78059,0.86521,0.27601,0.84767,0.60823,0.36612,0.24,0.24625,0.67653,0.17729,0.4609,0.36654,0.82691,0.29038,0.33871,0.3849,0.15497,0.24279,0.22677,0.52235,0.46434,0.33517,0.73509,0.78167,-0.18393,0.29806,0.51353,0.49758,0.58559,-0.14962,0.66992,1.067,0.33903,0.23151,-0.017717,0.22203,0.1066,0.24858,0.45157,0.38983,0.66509,-0.54475,-0.038117,0.35059,0.44242,0.34989,0.39951,0.50508,0.57859,0.52624,0.78977,0.51077,0.65599,0.2136,1.2171,0.51059,0.70039,0.20691,0.53636,0.05935,0.14487,0.52601,0.63087,0.73466,0.80097,0.046852,0.19678,-0.12948,0.20832,-0.011919,-0.33923,-0.089159,0.38086,0.45077,0.34947,-0.069567,0.10862,-0.25822,0.081961,-0.059503,0.058118,0.055662,0.14672
0.99358,0.37719,-0.010863,0.37105,1.1171,0.52054,1.1996,0.64678,1.2861,0.35249,0,0.80167,0.51976,0.62027,0.27307,0.022966,0.28104,0.2164,0.28553,0.18903,0.33899,-0.10271,0.64128,0.24636,1.0045,0.38845,0.29234,0.47478,0.5156,0.15978,0.6579,0.088851,0.60531,0.58898,0.49555,0.078877,1.137,1.0047,0.8106,0.38817,0.71505,0.29424,0.17813,-0.093086,0.23438,0.052736,-0.30913,0.095111,0.23955,1.292,0.83629,-0.47616,0.72299,0.129,0.10972,-0.23659,-0.5288,-0.35598,-0.47159,0.84785,0.38988,0.37324,0.24153,-0.10869,-0.4108,-0.13093,-0.095316,0.3182,0.29097,0.43093,0.4329,0.36285,0.3265,0.099229,0.23132,1.0473,0.56142,0.48886,0.57672,0.31868,0.84615,-0.054538,0.42761,0.55313,0.64087,0.52319,0.31221,-0.32787,-0.35339,-0.18443,0.19013,0.5007,-0.17426,0.50717,0.34998,0.45969,0.26615,-0.13438,0.029316,0.2197,-0.034891,0.11177,-0.20302,-0.28967,-0.14329
0.75296,0.79187,0.24794,0.54621,0.69099,0.76172,0.63036,0.87562,0.95756,0.92352,0.80167,0,0.76956,0.71479,0.36952,0.13321,0.70073,0.54254,0.81726,0.69386,0.3409,0.039349,0.9664,0.60502,0.50525,0.72984,0.40165,0.30624,0.32281,0.16711,0.741,0.13157,0.59934,0.58906,0.68782,0.23345,0.45189,0.61107,0.2968,0.18725,0.36179,0.21088,0.35593,0.062759,0.757,0.67581,-0.05854,0.54891,0.64228,0.75186,0.62712,-0.24854,0.65153,0.46158,0.056378,-0.06017,-0.16992,0.28098,0.18967,0.70062,0.61584,0.34879,0.40865,-0.51347,-0.30228,0.5088,0.56007,0.31647,0.44496,0.44095,0.46461,0.61062,0.72301,0.77736,0.84121,0.52599,1.1815,0.77801,1.0779,0.48259,0.88086,0.063303,0.6121,0.76526,0.9797,0.86408,0.75886,0.1304,0.11525,0.11025,0.52618,0.11215,-0.48693,-0.099247,0.24422,0.18288,0.29738,-0.23889,0.1717,0.035906,0.08188,-0.11892,-0.088847,-0.19917,0.13652
0.54108,0.85924,0.35163,0.37857,0.51876,0.68506,0.42084,0.67922,0.55758,0.64464,0.51976,0.76956,0,1.833,0.48217,0.28338,0.78029,0.38958,0.96087,0.85629,0.29015,-0.19021,0.82839,0.60539,0.2614,0.5033,0.48542,0.32848,0.37012,0.26634,0.77086,0.13205,1.1979,1.264,0.8578,0.54714,0.31293,0.49417,0.087297,-0.035666,0.19896,-0.014712,0.4779,0.21209,0.86572,0.83365,-0.047022,0.79291,0.35845,0.83425,0.90814,-0.028737,0.5981,0.56502,0.21608,0.11124,0.10669,0.42644,0.20023,0.43388,0.61451,0.53768,0.53695,-0.18254,0.070068,0.60023,0.67603,0.44944,0.43577,0.65556,0.64047,0.82384,0.78636,0.62029,0.75724,0.4775,1.041,0.99093,1.2987,0.56123,0.91624,0.19209,0.85988,0.89036,1.3498,0.93003,1.0739,0.31227,0.3188,-0.0042236,0.32082,-0.14792,-0.60531,-0.028035,0.055791,0.20349,0.38387,-0.18258,0.095106,0.26489,0.28701,-0.0082719,-0.025699,-0.1018,0.082783
0.61391,0.70357,0.28908,0.45391,0.55796,0.56922,0.49302,0.63793,0.61998,0.53609,0.62027,0.71479,1.833,0,0.50508,0.29152,0.73523,0.3925,0.89494,0.85708,0.37592,-0.13194,0.87967,0.54941,0.31308,0.52922,0.45995,0.3584,0.45653,0.40086,0.74577,0.23018,1.2782,1.629,0.84484,0.64716,0.34804,0.52787,0.19784,0.010455,0.27651,0.024553,0.42684,0.17911,0.78826,0.66855,0.0038605,0.78676,0.39441,0.9495,1.0634,-0.034244,0.57248,0.38131,0.13377,0.058077,0.030035,0.34399,0.15118,0.50494,0.60771,0.51393,0.50919,-0.085445,0.11715,0.56418,0.63577,0.48716,0.42078,0.63621,0.6392,0.81872,0.74841,0.57918,0.71842,0.58997,0.92313,0.96149,1.422,0.48439,1.0463,0.11,0.9092,0.88714,1.4452,0.86798,1.0438,0.31433,0.2677,0.020363,0.27998,-0.062437,-0.42005,0.06956,0.11519,0.26281,0.44102,-0.14989,0.092551,0.33959,0.27291,0.079703,-0.061726,-0.067133,0.04745
0.27395,0.37662,0.20838,0.25314,0.26759,0.38582,0.22353,0.39356,0.24735,0.5581,0.27307,0.36952,0.48217,0.50508,0,1.0442,0.74965,0.53679,0.75748,0.97645,0.90936,0.45328,0.79032,1.2486,-0.061011,0.71414,1.6476,1.0279,1.0964,0.87644,0.65229,0.64783,0.63233,0.56323,0.46168,0.62562,0.20063,0.21845,-0.15644,-0.2765,0.021005,0.036449,0.1467,0.12513,0.32938,0.52809,0.072076,0.20872,0.68262,0.43038,0.4615,0.43539,0.37192,0.36762,0.22759,-0.024037,-0.14199,0.044698,0.046009,0.73417,0.9798,1.1745,1.4086,-0.061277,0.33258,0.20319,0.21472,1.3362,1.0875,1.0368,1.1405,0.54958,0.45164,0.26469,0.257,0.26687,0.43788,0.38296,0.54772,0.047769,0.63998,-0.067823,0.46811,0.36134,0.55378,0.6557,0.79548,0.1631,0.091026,-0.4901,-0.43537,-0.2774,-0.37822,-0.0036374,0.09301,0.27342,0.2764,0.11908,0.24681,0.4463,0.42304,0.72189,0.45874,0.14776,0.33168
-0.024856,0.15601,-0.16702,-0.18854,0.092088,0.24985,-0.023654,0.12419,-0.047681,0.27385,0.022966,0.13321,0.28338,0.29152,1.0442,0,0.52479,0.6077,0.44613,0.64968,0.50791,0.6751,0.3046,0.85985,-0.40167,0.42664,1.0763,0.96151,0.74586,0.65281,0.19006,0.48872,0.34102,0.43069,0.17557,0.58963,-0.19983,-0.19391,-0.51192,-0.67285,-0.28458,-0.28517,-0.072028,-0.11731,0.080985,0.37941,0.13726,0.17892,0.35713,0.21254,0.32663,0.29898,0.037881,0.10909,0.0024898,-0.3783,-0.30821,0.041731,0.093234,0.41538,0.95106,1.1003,1.139,-0.071332,0.34783,0.23508,0.23025,0.91813,1.0828,0.62381,0.80339,0.39995,0.29739,0.29733,0.23368,-0.11305,0.16171,-0.03449,0.219,-0.30279,0.16148,-0.41119,0.46565,-0.056501,0.31922,0.12816,0.42176,0.22183,-0.040852,-0.23158,-0.39214,-0.64302,-0.48653,-0.16776,-0.11039,-0.13949,-0.052626,0.032815,0.24338,0.51522,0.682,0.79595,0.49742,-0.11783,0.58547
0.45247,0.77274,0.16778,0.20589,0.35043,0.62938,0.33224,0.63225,0.54792,0.59988,0.28104,0.70073,0.78029,0.73523,0.74965,0.52479,0,1.1847,1.3435,1.0427,0.71133,0.24597,1.0946,0.89073,0.13764,0.84742,0.75059,0.45923,0.46402,0.42878,0.79007,0.4155,0.71688,0.77732,0.58814,0.68159,0.13626,0.21138,-0.073487,-0.12811,0.20915,0.0079886,0.57402,0.3713,0.75571,1.0153,0.12095,0.64579,0.57168,0.39827,0.52056,0.029733,0.42816,0.40556,-0.21451,0.10794,0.25924,0.43208,0.48506,0.58305,0.63427,0.61149,0.66905,-0.35741,0.22995,0.80926,0.782,0.5797,0.91758,0.68444,0.68253,0.92246,0.8202,0.80325,0.76886,0.14458,0.70997,0.72248,0.99427,0.29267,0.79209,0.026833,0.78581,0.75531,0.93557,0.75262,0.7727,0.38916,0.38283,-0.12448,0.19116,-0.22936,-0.78251,0.015278,0.20309,0.048151,0.14395,-0.24294,0.028214,0.29421,0.42495,0.12927,0.28287,-0.077354,0.27149
0.24226,0.35439,-0.069186,0.070537,0.21785,0.32281,0.1979,0.29555,0.35945,0.20841,0.2164,0.54254,0.38958,0.3925,0.53679,0.6077,1.1847,0,0.66073,0.7361,0.52759,0.38312,0.61067,0.63408,-0.051672,0.55405,0.57924,0.46258,0.41957,0.21196,0.35787,0.34238,0.35728,0.50448,0.13639,0.40179,-0.084228,-0.063141,-0.26503,-0.43373,0.064252,-0.29535,0.2061,0.018922,0.29158,0.56843,0.2255,0.4654,0.47863,0.22277,0.28124,0.041572,0.1343,-0.028394,-0.5732,-0.22226,-0.0024462,0.26264,0.42867,0.68105,0.69651,0.5403,0.50233,-0.26657,0.17895,0.71615,0.62001,0.47095,1.0216,0.38834,0.43143,0.58778,0.45872,0.73399,0.56324,0.0080131,0.309,0.38352,0.60106,0.063105,0.4359,-0.2065,0.95644,0.4488,0.59044,0.42134,0.35956,0.37226,0.17554,0.036108,0.1869,-0.21344,-0.56331,-0.1377,-0.0092987,-0.32019,-0.11947,-0.35088,0.029773,0.5554,0.57137,0.32826,0.43598,-0.37381,0.30713
0.41291,0.87256,0.32771,0.35416,0.35251,0.67507,0.26438,0.70515,0.46614,0.80327,0.28553,0.81726,0.96087,0.89494,0.75748,0.44613,1.3435,0.66073,0,1.283,0.50531,0.0092958,1.2764,0.9311,0.12294,0.91846,0.71071,0.36942,0.42175,0.54856,0.8173,0.40913,0.85269,0.8142,0.73399,0.70074,0.1815,0.35988,-0.04836,-0.0074877,0.12794,0.10059,0.51082,0.37217,0.90855,1.0179,0.26071,0.89151,0.56214,0.50085,0.56173,0.12719,0.51585,0.64393,0.14856,0.19616,0.235,0.53823,0.48109,0.45599,0.56903,0.58029,0.65754,-0.39869,0.16252,0.77801,0.78419,0.70944,0.72283,0.77556,0.70803,0.8693,0.80066,0.73967,0.6787,0.15542,0.91123,0.82229,1.1941,0.35923,0.90986,0.1277,0.65407,0.83205,1.2468,0.79032,1.3245,0.50392,0.5186,-0.13797,0.13047,-0.38448,-0.75445,-0.038018,0.31439,0.24039,0.47655,0.0044453,0.29391,0.058836,0.1786,-0.0051089,0.061129,0.15625,0.40298
0.32296,0.6363,0.35342,0.49434,0.22264,0.44192,0.16971,0.57796,0.31626,0.61954,0.18903,0.69386,0.85629,0.85708,0.97645,0.64968,1.0427,0.7361,1.283,0,0.63819,0.18512,1.0371,1.2205,-0.039398,0.84308,0.86514,0.50324,0.65143,0.66731,0.71894,0.53574,0.78464,0.84233,0.65718,0.81353,0.0075106,0.23777,-0.16779,-0.2202,0.045887,-0.022457,0.40507,0.27934,0.81008,1.0334,0.20202,0.71104,0.79621,0.37631,0.4391,0.38588,0.38764,0.40091,0.060922,0.090755,0.15479,0.56094,0.48601,0.59308,1.0094,0.68362,0.82926,-0.14325,0.36277,0.77515,0.83179,0.73083,0.71058,0.7832,0.82366,0.79085,0.75153,0.72964,0.6997,0.19865,0.72203,0.65188,1.0722,0.30524,0.80403,0.070079,0.91202,0.61883,1.0271,0.8405,1.3473,0.46484,0.34284,-0.10175,0.033227,-0.41045,-0.55509,-0.29665,-0.042351,-0.020808,0.26679,-0.13619,0.19504,0.37068,0.49023,0.27503,0.34497,0.11041,0.32022
0.44879,0.32736,-0.01756,0.12571,0.31112,0.32604,0.49985,0.5822,0.36507,0.47766,0.33899,0.3409,0.29015,0.37592,0.90936,0.50791,0.71133,0.52759,0.50531,0.63819,0,0.68997,0.79326,0.91743,0.28017,0.84517,0.97228,0.88604,0.97162,0.77012,0.90328,1.0313,0.52925,0.55734,0.57001,0.70424,0.42795,0.43413,0.21706,0.092716,0.46624,0.36952,0.5173,0.45822,0.39378,0.57828,-0.33379,-0.0039002,0.61795,0.39091,0.44793,0.092944,0.29694,0.12926,-0.15706,0.14294,0.037816,-0.056578,0.0018291,0.5314,0.72887,0.67887,0.82574,0.24425,0.63282,0.091847,0.17212,0.62292,0.56738,0.96791,1.0582,0.81202,0.77607,0.2061,0.34566,0.2861,0.38346,0.32594,0.51291,-0.014459,0.66581,-0.18877,0.33023,0.49343,0.43935,0.66065,0.50473,-0.16139,-0.090035,-0.41735,-0.18332,0.13597,-0.20976,0.12157,0.052707,0.12077,-0.13462,-0.462,-0.42197,0.51992,0.53879,0.62219,0.7158,-0.13769,-0.17609
0.019439,-0.0013933,-0.35001,-0.30555,-0.02168,0.12907,0.034509,0.10824,-0.066745,0.31263,-0.10271,0.039349,-0.19021,-0.13194,0.45328,0.6751,0.24597,0.38312,0.0092958,0.18512,0.68997,0,0.067968,0.47759,-0.19635,0.40163,0.57149,0.60933,0.35013,0.32941,0.055275,0.4807,-0.086067,-0.0063241,0.075706,0.26426,-0.1627,-0.27851,-0.19746,-0.24907,-0.040576,0.11392,0.012668,0.050606,-0.0090801,0.25971,-0.21845,-0.23415,0.35105,-0.048155,0.12926,0.0080114,-0.10652,-0.058397,-0.36195,-0.19707,-0.24542,-0.11345,0.050898,0.11839,0.44095,0.40872,0.59034,-0.013724,0.37861,0.058947,0.10678,0.24893,0.45032,0.21138,0.40411,0.20271,0.30082,0.20345,0.24287,-0.18886,0.065958,-0.21638,-0.036622,-0.46819,-0.089584,-0.55955,-0.04321,-0.18682,-0.11357,0.042656,0.0059408,-0.10307,-0.16858,-0.10585,-0.19582,-0.0082283,0.027749,-0.20649,-0.11329,-0.13692,-0.37291,-0.28512,-0.25189,0.24976,0.53582,0.55147,0.66883,-0.27021,0.064768
0.84957,0.8403,0.32907,0.54134,0.73124,0.77476,0.71071,1.0259,0.87936,0.78059,0.64128,0.9664,0.82839,0.87967,0.79032,0.3046,1.0946,0.61067,1.2764,1.0371,0.79326,0.067968,0,0.98283,0.46266,1.1364,0.75737,0.52743,0.71816,0.57052,1.2345,0.52985,1.0409,0.88804,0.97198,0.72326,0.57324,0.70324,0.33554,0.20256,0.55473,0.37618,0.60292,0.45356,0.77692,0.7639,0.024131,0.42425,0.81905,0.7875,0.79422,0.066662,0.86688,0.56553,0.17632,0.24739,0.12848,0.1589,0.12078,0.84508,0.61696,0.51864,0.5946,-0.22527,0.086151,0.39682,0.41797,0.61543,0.60902,0.77851,0.74208,0.77395,0.74338,0.50051,0.56945,0.53614,0.83037,0.9192,1.182,0.46344,1.2894,0.16197,0.60269,1.0122,1.0874,1.0711,0.9236,0.10132,0.16652,-0.25176,0.11425,-0.0021428,-0.40947,0.23123,0.45858,0.37329,0.33546,-0.1418,0.051847,0.15952,0.14226,0.12406,0.068703,0.076655,0.078964
0.44306,0.71493,0.069172,0.16961,0.44741,0.74109,0.36184,0.7611,0.31497,0.86521,0.24636,0.60502,0.60539,0.54941,1.2486,0.85985,0.89073,0.63408,0.9311,1.2205,0.91743,0.47759,0.98283,0,0.060392,1.0186,1.402,0.86976,0.83054,0.57301,0.77572,0.5365,0.60004,0.56224,0.66981,0.65234,0.18376,0.26898,-0.097776,-0.13871,0.16984,0.20879,0.4482,0.33934,0.54146,0.85034,-0.10788,0.21005,0.72257,0.43143,0.50504,0.22378,0.5403,0.59431,0.13312,0.079254,-0.016604,0.11394,0.081139,0.56649,1.0815,0.87001,1.1889,-0.1879,0.34173,0.31233,0.36799,0.77635,0.84083,0.90573,1.0513,0.67621,0.69588,0.39133,0.46411,0.10843,0.63536,0.35011,0.64503,0.025112,0.56091,-0.11577,0.52188,0.43751,0.69117,0.69901,0.88329,0.030081,0.0056256,-0.41524,-0.14902,-0.28817,-0.46794,-0.091141,0.11349,0.094089,0.096702,-0.18873,0.056556,0.2672,0.53989,0.46284,0.52618,-0.026528,0.28761
1.0102,0.38493,-0.13382,0.20298,0.88801,0.48117,1.3097,0.75609,1.0548,0.27601,1.0045,0.50525,0.2614,0.31308,-0.061011,-0.40167,0.13764,-0.051672,0.12294,-0.039398,0.28017,-0.19635,0.46266,0.060392,0,0.32669,0.0015271,0.090666,0.23218,-0.025379,0.67461,-0.068609,0.27822,0.24869,0.54048,-0.038958,1.2966,1.1525,1.4911,1.0765,1.2944,0.76226,0.58986,0.28862,0.301,0.044564,-0.6423,-0.11786,0.03003,0.65426,0.4645,-0.73266,0.65754,0.17317,-0.021366,0.1119,-0.10203,-0.32575,-0.45236,0.2973,0.0017447,-0.012769,-0.065554,-0.047249,-0.32445,-0.29585,-0.20946,-0.1228,-0.17048,0.21036,0.1664,0.2707,0.30016,-0.12806,0.12533,0.63535,0.39837,0.28859,0.3361,0.24203,0.48785,-0.036332,0.031978,0.40019,0.36697,0.33187,0.11793,-0.59484,-0.3835,-0.24886,0.34175,0.80315,-0.019867,0.7079,0.37568,0.51124,0.14024,-0.28448,-0.27179,-0.089442,-0.14592,-0.28515,-0.27003,-0.18494,-0.37831
0.55995,0.56498,0.050773,0.19897,0.46334,0.66707,0.53551,0.94895,0.5483,0.84767,0.38845,0.72984,0.5033,0.52922,0.71414,0.42664,0.84742,0.55405,0.91846,0.84308,0.84517,0.40163,1.1364,1.0186,0.32669,0,0.78778,0.63204,0.61242,0.57666,0.79512,0.5345,0.64362,0.58232,0.81702,0.64919,0.44396,0.51323,0.2256,0.27154,0.47047,0.48184,0.51323,0.43882,0.57194,0.76066,-0.022596,0.30053,0.51598,0.53611,0.63738,-0.02063,0.57679,0.44546,0.091702,0.10167,-0.018776,0.1499,0.17356,0.52369,0.64871,0.59145,0.63948,-0.13838,0.2022,0.33871,0.42353,0.4695,0.49026,0.6342,0.70363,0.65495,0.7355,0.42951,0.47334,0.14082,0.73363,0.41859,0.73546,0.083894,0.68664,-0.16091,0.3814,0.48865,0.75081,0.61126,0.73237,0.089027,0.10991,-0.28386,0.0068959,-0.10221,-0.34224,0.071041,0.25402,0.27518,0.14842,-0.21409,-0.0077337,0.11786,0.36213,0.24013,0.33825,0.02943,0.19702
0.30789,0.45031,0.044981,0.031494,0.36172,0.56651,0.28165,0.50689,0.24154,0.60823,0.29234,0.40165,0.48542,0.45995,1.6476,1.0763,0.75059,0.57924,0.71071,0.86514,0.97228,0.57149,0.75737,1.402,0.0015271,0.78778,0,1.4264,1.067,0.69269,0.65967,0.65815,0.64207,0.54007,0.50452,0.58024,0.24603,0.24436,-0.17222,-0.29184,0.049291,0.034337,0.1966,0.16299,0.34006,0.63563,-0.11479,0.13121,0.64302,0.54124,0.58714,0.29012,0.40391,0.40519,0.14173,-0.068,-0.19662,-0.054624,-0.032871,0.62712,1.0337,1.4183,1.4961,-0.081063,0.33502,0.12903,0.16493,1.2257,1.1413,1.142,1.3226,0.60974,0.51685,0.24526,0.26738,0.17386,0.48404,0.3405,0.49524,-0.020901,0.54799,-0.22806,0.41354,0.35405,0.52349,0.64856,0.73623,0.017208,0.0019479,-0.64667,-0.44548,-0.24264,-0.44736,-0.0098649,0.040778,0.21819,0.16004,-0.043006,0.12612,0.43882,0.46915,0.67039,0.56728,-0.079217,0.30181
0.28783,0.19101,-0.096355,-0.052851,0.40734,0.41164,0.34783,0.38352,0.29336,0.36612,0.47478,0.30624,0.32848,0.3584,1.0279,0.96151,0.45923,0.46258,0.36942,0.50324,0.88604,0.60933,0.52743,0.86976,0.090666,0.63204,1.4264,0,1.0871,0.65162,0.4817,0.64841,0.62294,0.53341,0.39375,0.48245,0.37972,0.33289,-0.040794,-0.25209,0.089533,-0.033432,-0.0020688,-0.040905,0.12625,0.34446,-0.24362,-0.063254,0.47804,0.70114,0.69061,0.14256,0.32594,0.1245,0.082824,-0.36094,-0.51097,-0.32485,-0.2744,0.71241,1.0057,1.2984,0.98167,0.11566,0.21382,-0.10949,-0.053299,0.97793,0.87237,0.92321,1.1397,0.44399,0.35648,0.072347,0.10724,0.28641,0.33375,0.16258,0.2871,-0.076004,0.48524,-0.3289,0.39222,0.18754,0.34333,0.43112,0.42504,-0.22071,-0.30892,-0.67519,-0.55088,-0.12636,-0.35059,0.085144,-0.053422,0.12903,-0.039478,-0.1421,-0.015961,0.59569,0.47076,0.94056,0.58692,-0.23509,0.20078
0.39124,0.16394,0.035735,0.2006,0.42405,0.24296,0.53285,0.44203,0.38152,0.24,0.5156,0.32281,0.37012,0.45653,1.0964,0.74586,0.46402,0.41957,0.42175,0.65143,0.97162,0.35013,0.71816,0.83054,0.23218,0.61242,1.067,1.0871,0,0.94116,0.79822,0.80778,0.6824,0.68542,0.51344,0.71774,0.48948,0.51677,0.17367,-0.084562,0.35743,0.1364,0.22401,0.11246,0.19598,0.33653,-0.17814,-0.0047398,0.61393,0.59985,0.53153,0.27176,0.32525,0.038926,0.12989,-0.11332,-0.23215,-0.17402,-0.19506,0.87546,0.98403,0.96355,0.91408,0.30501,0.34549,-0.087441,-0.03997,0.91107,0.64318,1.0227,1.0814,0.59691,0.41811,0.05968,0.15188,0.48391,0.2094,0.27152,0.45243,0.034437,0.6397,-0.21007,0.47795,0.30458,0.49223,0.52978,0.50576,-0.14007,-0.2661,-0.42225,-0.31819,-0.055885,-0.25982,0.19176,-0.016146,0.13856,-0.0097769,-0.16824,-0.056202,0.75123,0.47939,0.74786,0.3786,-0.098178,0.048778
0.083197,0.039724,0.2684,0.30154,-0.00063817,-0.012027,0.095663,0.22519,0.16718,0.24625,0.15978,0.16711,0.26634,0.40086,0.87644,0.65281,0.42878,0.21196,0.54856,0.66731,0.77012,0.32941,0.57052,0.57301,-0.025379,0.57666,0.69269,0.65162,0.94116,0,0.57354,1.1018,0.65298,0.64674,0.54001,1.0944,0.18621,0.3501,0.049073,-0.025903,0.057537,0.10732,0.14855,0.19753,0.37169,0.41758,0.12313,0.24162,0.57612,0.30647,0.35197,0.43936,0.083631,0.027699,0.22376,-0.035028,-0.0066305,0.19613,0.20577,0.44733,0.61009,0.63585,0.65219,0.30462,0.46296,0.1433,0.20551,0.82556,0.42005,0.82937,0.86918,0.55924,0.45848,0.20401,0.2206,0.2827,0.22996,0.24714,0.41026,0.1104,0.62036,-0.014352,0.28872,0.18502,0.39406,0.34791,0.64472,0.18227,0.063096,-0.21975,-0.37599,-0.35519,-0.31804,0.0023959,-0.014795,0.13721,0.099301,0.04468,0.041342,0.40005,0.29218,0.50691,0.23455,0.32074,0.19259
0.87894,0.8077,0.24538,0.38979,0.63686,0.62372,0.86663,1.1292,0.82331,0.67653,0.6579,0.741,0.77086,0.74577,0.65229,0.19006,0.79007,0.35787,0.8173,0.71894,0.90328,0.055275,1.2345,0.77572,0.67461,0.79512,0.65967,0.4817,0.79822,0.57354,0,0.60038,0.89715,0.80498,1.1803,0.6875,0.77064,0.98119,0.53917,0.37418,0.77723,0.52953,0.97021,0.67249,0.87829,0.81308,-0.39012,0.26818,0.57566,0.66062,0.6001,-0.081041,0.7343,0.50482,0.17197,0.39734,0.23995,0.14982,0.043315,0.58257,0.57794,0.54654,0.64513,0.0047053,0.22739,0.19027,0.27523,0.47962,0.392,1.0654,0.98156,1.0853,1.0511,0.36764,0.60801,0.60935,0.76917,0.77802,0.96534,0.4343,1.1581,0.10758,0.41065,0.90757,0.89728,1.0213,0.82374,-0.11321,0.056109,-0.25217,0.20162,0.19475,-0.47276,0.25613,0.21352,0.32586,0.12896,-0.38586,-0.24595,0.24874,0.28396,0.045536,0.14176,-0.1048,-0.25079
0.094006,0.063029,0.15007,0.13839,-0.024926,-0.031285,0.11872,0.25639,0.065455,0.17729,0.088851,0.13157,0.13205,0.23018,0.64783,0.48872,0.4155,0.34238,0.40913,0.53574,1.0313,0.4807,0.52985,0.5365,-0.068609,0.5345,0.65815,0.64841,0.80778,1.1018,0.60038,0,0.52347,0.52321,0.40803,0.96347,0.1487,0.26587,0.023858,-0.1022,0.15989,0.12493,0.24399,0.38539,0.30621,0.47757,-0.019982,0.12786,0.59949,0.20259,0.24018,0.38053,0.015752,-0.060093,0.017503,0.17082,0.13634,0.11279,0.21571,0.3564,0.5312,0.54593,0.59822,0.44923,0.7782,0.14271,0.19229,0.6766,0.45159,0.84798,0.86583,0.70202,0.60483,0.26932,0.27594,0.18181,0.14366,0.28518,0.3787,0.041076,0.56212,-0.097144,0.22969,0.37538,0.29776,0.42234,0.45346,0.075259,0.098986,-0.15139,-0.27324,-0.13079,-0.19537,-0.075554,-0.066606,-0.071448,-0.18092,-0.312,-0.30974,0.50552,0.37014,0.54303,0.5161,-0.054189,-0.18095
0.54432,0.55212,0.49101,0.47074,0.50795,0.50822,0.44817,0.6324,0.64494,0.4609,0.60531,0.59934,1.1979,1.2782,0.63233,0.34102,0.71688,0.35728,0.85269,0.78464,0.52925,-0.086067,1.0409,0.60004,0.27822,0.64362,0.64207,0.62294,0.6824,0.65298,0.89715,0.52347,0,1.5439,1.018,0.91584,0.50039,0.69842,0.20911,-0.011205,0.28097,0.02402,0.34433,0.26654,0.73372,0.69848,-0.021487,0.49947,0.59552,1.0405,1.1312,0.17883,0.64474,0.39177,0.33319,0.088917,0.062623,0.19502,0.085192,0.70952,0.643,0.64014,0.5219,0.064595,0.12661,0.33683,0.39492,0.63626,0.47087,0.82342,0.81412,0.7344,0.6416,0.43975,0.51107,0.71246,0.75254,0.995,1.0065,0.67682,1.3021,0.25966,0.70734,0.82573,0.94077,0.95564,0.87593,0.14578,0.17805,-0.20753,-0.016725,-0.12966,-0.48796,0.14292,0.10785,0.26979,0.2664,-0.14054,-0.011062,0.40211,0.21254,0.22965,0.043199,0.022882,0.0024477
0.50618,0.49201,0.23877,0.35744,0.46153,0.40533,0.47451,0.56802,0.56829,0.36654,0.58898,0.58906,1.264,1.629,0.56323,0.43069,0.77732,0.50448,0.8142,0.84233,0.55734,-0.0063241,0.88804,0.56224,0.24869,0.58232,0.54007,0.53341,0.68542,0.64674,0.80498,0.52321,1.5439,0,0.83621,0.99973,0.34996,0.54292,0.17733,-0.064797,0.29761,-0.038738,0.4042,0.1978,0.68816,0.68067,-0.0059043,0.66991,0.4562,0.89831,1.0197,0.03798,0.42445,0.17698,0.056918,-0.016312,0.03353,0.30152,0.17736,0.61859,0.75558,0.63276,0.55922,0.13675,0.28124,0.49953,0.57359,0.57198,0.48392,0.78987,0.80534,0.99193,0.81297,0.56953,0.68107,0.577,0.68211,0.80158,1.1736,0.42264,1.1048,0.037691,1.0052,0.7751,1.1955,0.75304,0.86468,0.2667,0.17371,0.02084,0.17786,-0.13873,-0.51329,0.083156,0.013198,0.080305,0.16324,-0.30861,-0.079995,0.6012,0.43411,0.27463,0.094197,-0.15109,0.00083623
0.90061,0.93863,0.29022,0.36013,0.65075,0.81256,0.68629,1.2982,0.75113,0.82691,0.49555,0.68782,0.8578,0.84484,0.46168,0.17557,0.58814,0.13639,0.73399,0.65718,0.57001,0.075706,0.97198,0.66981,0.54048,0.81702,0.50452,0.39375,0.51344,0.54001,1.1803,0.40803,1.018,0.83621,0,0.84476,0.54692,0.8002,0.51586,0.38841,0.60191,0.55112,0.86306,0.73423,1.21,0.91036,-0.39174,0.29561,0.53596,0.68131,0.81241,-0.1135,0.94825,0.7469,0.35565,0.3959,0.24062,0.2307,0.073712,0.37753,0.49417,0.42168,0.52585,-0.098741,0.093814,0.247,0.38272,0.23763,0.17943,0.67696,0.75002,0.75527,0.94226,0.4615,0.75923,0.53657,1.0114,0.64422,0.82928,0.47169,0.89057,0.12037,0.27639,0.55468,0.75734,0.76015,0.79687,-0.094538,0.10041,-0.15816,0.20536,0.083318,-0.40935,0.1956,0.1996,0.37092,0.17109,-0.28415,-0.17406,0.040385,0.2598,-0.084717,-0.0025475,0.017367,-0.16148
0.26563,0.3572,0.231,0.1958,0.15114,0.23798,0.19703,0.46925,0.2309,0.29038,0.078877,0.23345,0.54714,0.64716,0.62562,0.58963,0.68159,0.40179,0.70074,0.81353,0.70424,0.26426,0.72326,0.65234,-0.038958,0.64919,0.58024,0.48245,0.71774,1.0944,0.6875,0.96347,0.91584,0.99973,0.84476,0,0.061081,0.2571,0.028671,-0.10284,0.1983,0.096233,0.49828,0.54272,0.66146,0.77493,0.043949,0.37955,0.57947,0.30736,0.50421,0.31101,0.26711,0.20492,0.11046,0.22292,0.349,0.371,0.35438,0.36562,0.60876,0.51396,0.59244,0.22987,0.60104,0.42819,0.49887,0.47485,0.38963,0.70173,0.77261,0.80246,0.72934,0.49742,0.5747,0.20295,0.34953,0.39571,0.60853,0.2146,0.63734,0.023979,0.47487,0.355,0.57048,0.42815,0.62867,0.23408,0.20288,-0.014138,-0.041133,-0.37778,-0.43913,0.021081,0.0015855,-0.06735,-0.10147,-0.27908,-0.20756,0.42825,0.53159,0.31179,0.25645,0.07497,0.021885
0.78317,0.25952,0.039216,0.23617,0.81901,0.42595,1.1327,0.64643,0.87671,0.33871,1.137,0.45189,0.31293,0.34804,0.20063,-0.19983,0.13626,-0.084228,0.1815,0.0075106,0.42795,-0.1627,0.57324,0.18376,1.2966,0.44396,0.24603,0.37972,0.48948,0.18621,0.77064,0.1487,0.50039,0.34996,0.54692,0.061081,0,1.4999,1.0815,0.80929,0.98226,0.66424,0.34837,0.1855,0.16165,0.020362,-0.49506,-0.17252,0.11537,0.91122,0.62719,-0.37771,0.65657,0.22011,0.29261,0.076669,-0.24278,-0.46847,-0.59867,0.48022,0.13082,0.22978,0.12485,0.11828,-0.22541,-0.43594,-0.35052,0.20017,0.012772,0.4505,0.37549,0.28794,0.26196,-0.23999,-0.045014,0.77882,0.37737,0.37847,0.33844,0.2776,0.65175,0.055953,0.034838,0.49426,0.37283,0.47821,0.20203,-0.56607,-0.3631,-0.45865,0.012103,0.58978,-0.026565,0.71138,0.40073,0.69778,0.20262,-0.12843,-0.19173,0.043096,-0.16921,0.038836,-0.1381,-0.074815,-0.31577
0.75682,0.36721,0.20276,0.43515,0.66894,0.39754,0.91157,0.78655,0.86043,0.3849,1.0047,0.61107,0.49417,0.52787,0.21845,-0.19391,0.21138,-0.063141,0.35988,0.23777,0.43413,-0.27851,0.70324,0.26898,1.1525,0.51323,0.24436,0.33289,0.51677,0.3501,0.98119,0.26587,0.69842,0.54292,0.8002,0.2571,1.4999,0,0.9806,0.78296,0.85096,0.55807,0.48356,0.29419,0.47345,0.25482,-0.45825,0.07274,0.23369,0.88309,0.5851,-0.25772,0.6616,0.25574,0.32964,0.13319,-0.092607,-0.1407,-0.30039,0.47752,0.28927,0.26339,0.16226,0.17872,-0.12461,-0.20445,-0.088536,0.21966,-0.038746,0.60947,0.51355,0.4834,0.46732,-0.031469,0.15983,0.80525,0.5754,0.50594,0.54346,0.44825,0.90484,0.13891,0.20434,0.5918,0.58045,0.60536,0.47677,-0.38347,-0.21577,-0.33292,0.10042,0.40629,-0.21318,0.42123,0.19769,0.48416,0.22049,-0.23026,-0.17491,0.10255,-0.060957,-0.031572,-0.10493,-0.024039,-0.28733
0.92125,0.22916,-0.065212,0.28955,0.70936,0.2612,1.1033,0.60652,0.86091,0.15497,0.8106,0.2968,0.087297,0.19784,-0.15644,-0.51192,-0.073487,-0.26503,-0.04836,-0.16779,0.21706,-0.19746,0.33554,-0.097776,1.4911,0.2256,-0.17222,-0.040794,0.17367,0.049073,0.53917,0.023858,0.20911,0.17733,0.51586,0.028671,1.0815,0.9806,0,1.276,1.4001,0.97279,0.49847,0.36487,0.21006,-0.1177,-0.54498,-0.23098,-0.0017532,0.46553,0.33984,-0.60663,0.59954,0.095704,0.11864,0.24671,-0.035966,-0.36829,-0.48822,0.21609,-0.14842,-0.18434,-0.1866,0.10814,-0.2643,-0.38898,-0.30051,-0.25467,-0.36519,0.067042,0.048013,0.12894,0.20366,-0.19236,0.062304,0.70432,0.23337,0.18359,0.20127,0.22255,0.41848,0.047244,-0.13703,0.26896,0.19257,0.18724,-0.022527,-0.62424,-0.38751,-0.092569,0.29803,0.90281,0.22125,0.77792,0.42939,0.52365,0.076312,-0.20858,-0.3466,-0.15424,-0.21029,-0.26205,-0.35475,-0.04692,-0.61178
0.51087,0.17251,-0.075686,0.15198,0.36249,0.19236,0.63328,0.49416,0.48183,0.24279,0.38817,0.18725,-0.035666,0.010455,-0.2765,-0.67285,-0.12811,-0.43373,-0.0074877,-0.2202,0.092716,-0.24907,0.20256,-0.13871,1.0765,0.27154,-0.29184,-0.25209,-0.084562,-0.025903,0.37418,-0.1022,-0.011205,-0.064797,0.38841,-0.10284,0.80929,0.78296,1.276,0,0.93554,1.2206,0.53458,0.44657,0.19194,-0.084892,-0.41187,-0.18149,-0.20085,0.18002,0.093525,-0.58513,0.37752,0.19677,0.16968,0.3523,0.11128,-0.173,-0.27829,-0.12696,-0.35095,-0.34619,-0.30862,0.042482,-0.1992,-0.33333,-0.22843,-0.38395,-0.58513,-0.036988,-0.09671,0.046023,0.16561,-0.27425,-0.053701,0.24584,0.20941,0.028456,0.071681,0.08982,0.1874,0.077779,-0.36436,0.14282,0.093065,0.035534,-0.0041183,-0.45833,-0.20392,-0.11964,0.27529,0.58404,0.19132,0.54557,0.41952,0.5392,0.13726,-0.10128,-0.26859,-0.48247,-0.32065,-0.46687,-0.32955,0.18089,-0.38543
1.1172,0.41222,-0.19338,0.14777,0.83898,0.43904,1.4821,0.88136,0.85175,0.22677,0.71505,0.36179,0.19896,0.27651,0.021005,-0.28458,0.20915,0.064252,0.12794,0.045887,0.46624,-0.040576,0.55473,0.16984,1.2944,0.47047,0.049291,0.089533,0.35743,0.057537,0.77723,0.15989,0.28097,0.29761,0.60191,0.1983,0.98226,0.85096,1.4001,0.93554,0,0.99958,0.84572,0.61177,0.27736,0.10638,-0.56948,-0.17567,0.07316,0.44095,0.37915,-0.557,0.6862,0.16256,-0.044745,0.38251,0.12149,-0.30224,-0.36796,0.30856,0.040916,-0.0033859,0.030435,0.1139,-0.009165,-0.21701,-0.14796,-0.15686,-0.12583,0.22554,0.20494,0.36683,0.40397,-0.056285,0.19728,0.4985,0.26226,0.23938,0.34954,0.10706,0.45935,-0.10035,0.043306,0.42211,0.35974,0.30911,0.057328,-0.53217,-0.30278,-0.13878,0.35615,0.77263,0.096528,0.76879,0.40939,0.36475,-0.063585,-0.45163,-0.49216,0.035014,0.088136,-0.13072,-0.070176,-0.23464,-0.60734
0.66897,0.37595,-0.1194,0.089283,0.50341,0.41235,0.74744,0.71556,0.42175,0.52235,0.29424,0.21088,-0.014712,0.024553,0.036449,-0.28517,0.0079886,-0.29535,0.10059,-0.022457,0.36952,0.11392,0.37618,0.20879,0.76226,0.48184,0.034337,-0.033432,0.1364,0.10732,0.52953,0.12493,0.02402,-0.038738,0.55112,0.096233,0.66424,0.55807,0.97279,1.2206,0.99958,0,0.69212,0.7021,0.23275,0.075747,-0.46741,-0.3073,0.053479,0.16456,0.17807,-0.39894,0.54795,0.45356,0.26177,0.57411,0.16061,-0.24417,-0.32584,-0.051993,-0.15902,-0.15312,0.044746,-0.03996,0.01573,-0.30097,-0.2064,-0.18957,-0.27881,0.1078,0.11143,0.14247,0.31462,-0.18059,0.067374,0.19704,0.25321,0.032733,0.12546,-0.055944,0.18005,-0.023029,-0.41569,0.1768,0.11136,0.16242,0.083351,-0.50459,-0.20469,-0.19229,0.17057,0.51602,0.27052,0.51845,0.5858,0.60214,0.084172,-0.123,-0.31158,-0.46073,-0.14537,-0.24749,-0.13453,0.14764,-0.41227
0.7131,0.87829,-0.071163,0.031757,0.43299,0.58832,0.64547,1.0208,0.44795,0.46434,0.17813,0.35593,0.4779,0.42684,0.1467,-0.072028,0.57402,0.2061,0.51082,0.40507,0.5173,0.012668,0.60292,0.4482,0.58986,0.51323,0.1966,-0.0020688,0.22401,0.14855,0.97021,0.24399,0.34433,0.4042,0.86306,0.49828,0.34837,0.48356,0.49847,0.53458,0.84572,0.69212,0,1.2991,0.84988,0.73637,-0.53011,0.18809,0.14018,0.14753,0.22452,-0.34356,0.53855,0.50757,-0.097775,0.74976,0.70013,0.27335,0.16423,-0.0033149,0.16506,0.10829,0.27571,-0.04125,0.36106,0.24861,0.34931,-0.088205,-0.00060754,0.44892,0.41675,0.8058,0.92228,0.30958,0.62051,0.09331,0.50657,0.34242,0.55252,0.13925,0.41812,-0.025085,0.14779,0.50806,0.55182,0.42226,0.42423,-0.13845,0.13112,-0.06129,0.48538,0.23104,-0.335,0.26873,0.17431,0.10873,-0.08405,-0.60211,-0.50486,-0.02039,0.36523,-0.31391,0.12486,-0.17386,-0.38812
0.48953,0.67225,0.051269,-0.004258,0.20672,0.41255,0.33344,0.74426,0.18767,0.33517,-0.093086,0.062759,0.21209,0.17911,0.12513,-0.11731,0.3713,0.018922,0.37217,0.27934,0.45822,0.050606,0.45356,0.33934,0.28862,0.43882,0.16299,-0.040905,0.11246,0.19753,0.67249,0.38539,0.26654,0.1978,0.73423,0.54272,0.1855,0.29419,0.36487,0.44657,0.61177,0.7021,1.2991,0,0.69495,0.5993,-0.3789,0.044402,0.13077,-0.055087,0.072406,-0.085339,0.49672,0.56157,0.090478,1.2294,0.96705,0.20728,0.18082,-0.14684,-0.027242,0.030877,0.19816,0.045525,0.47153,0.1422,0.21779,-0.11679,-0.079,0.33948,0.31587,0.49775,0.61699,0.19577,0.39189,-0.033579,0.31548,0.24295,0.29431,0.10513,0.28963,0.074778,-0.13596,0.34633,0.24429,0.28934,0.28267,-0.12934,0.27199,-0.16421,0.15241,0.1784,-0.1254,0.27015,0.21086,0.1747,-0.074857,-0.36178,-0.48069,-0.1549,0.2286,-0.26094,0.18306,0.032986,-0.47959
0.59011,1.0555,0.40717,0.43748,0.30188,0.61911,0.30125,0.90577,0.5347,0.73509,0.23438,0.757,0.86572,0.78826,0.32938,0.080985,0.75571,0.29158,0.90855,0.81008,0.39378,-0.0090801,0.77692,0.54146,0.301,0.57194,0.34006,0.12625,0.19598,0.37169,0.87829,0.30621,0.73372,0.68816,1.21,0.66146,0.16165,0.47345,0.21006,0.19194,0.27736,0.23275,0.84988,0.69495,0,1.3285,-0.20173,0.69257,0.52719,0.34938,0.43095,-0.065302,0.60017,0.66365,0.091945,0.44241,0.47816,0.70863,0.53211,0.21517,0.4332,0.30221,0.42679,-0.27101,0.12923,0.69531,0.86338,0.16765,0.20358,0.56974,0.58812,0.86042,1.0886,0.89044,1.1898,0.31336,1.203,0.78507,0.99649,0.57337,0.82494,0.19385,0.39961,0.64356,0.81984,0.78061,0.98453,0.24104,0.47291,0.058113,0.40563,-0.0090529,-0.61651,-0.13413,0.01769,0.12999,0.23769,-0.30994,-0.066186,0.0076671,0.26563,-0.29778,0.030314,0.0054592,-0.075146
0.32622,0.86189,0.30648,0.19225,0.14932,0.58643,0.15776,0.74288,0.28896,0.78167,0.052736,0.67581,0.83365,0.66855,0.52809,0.37941,1.0153,0.56843,1.0179,1.0334,0.57828,0.25971,0.7639,0.85034,0.044564,0.76066,0.63563,0.34446,0.33653,0.41758,0.81308,0.47757,0.69848,0.68067,0.91036,0.77493,0.020362,0.25482,-0.1177,-0.084892,0.10638,0.075747,0.73637,0.5993,1.3285,0,-0.1379,0.65222,0.61144,0.2705,0.41042,0.1054,0.35537,0.57773,-0.017861,0.32305,0.4378,0.75913,0.67085,0.22512,0.67691,0.53338,0.69048,-0.19775,0.38088,0.8243,1.0021,0.35417,0.45933,0.72122,0.77073,1.0547,1.2368,0.97002,1.1258,0.059823,0.95123,0.68323,0.92279,0.3684,0.62819,0.048985,0.50036,0.61539,0.77221,0.82499,1.0012,0.34472,0.49338,0.0059587,0.28199,-0.24761,-0.75236,-0.35825,-0.14198,-0.076913,0.032265,-0.45333,-0.13363,0.19595,0.53039,-0.045605,0.36131,-0.1359,0.065525
