,,,,,,,,,,,,,,,,,,,,,,,,,,,,,,,,,,,,,,,,,,,,,,,,,,,,,,,,,,,,,,,,,,,,,,,,,,,,,,,,,,,,,,,,,,,,,,,,,,,,,,,,
0,0.67563,-0.32783,-0.032815,0.78194,0.24831,1.2904,0.77508,0.62034,0.18465,0.8767,0.16301,-0.53321,-0.2787,0.094834,0.02062,0.19384,0.13723,0.17693,0.14263,0.088178,0.0029294,0.54084,0.088367,1.0834,0.49437,0.19147,0.39621,0.47389,0.47816,0.57178,0.48119,-0.21816,-0.11998,0.16545,0.099214,0.2791,0.19603,1.0882,0.54952,1.1831,0.38208,0.32716,0.3621,-0.20554,-0.36062,0.042464,-0.45188,-0.10934,-0.12956,-0.054979,-0.50146,0.6502,0.049552,0.13599,-0.11256,-0.24502,-0.79486,-0.66968,0.41786,-0.14819,-0.11172,-0.32277,-0.33644,-0.31792,-0.52122,-0.62979,0.3789,0.26931,0.13439,-0.043854,0.061331,-0.022518,-0.31073,-0.22059,0.33306,-0.057233,-0.37791,-0.15993,-0.34722,0.015719,-0.31727,-0.035643,0.27787,0.32359,-0.46242,-0.25293,-0.59708,-0.73746,-0.32012,-0.33589,-0.2232,-0.15405,0.68988,0.52748,0.34558,0.14451,0.28331,0.10708,-0.2552,-0.30202,0.073107,-0.31061,0.3991,0.011875
0.67563,0,-0.13361,-0.21226,0.37044,0.58811,0.49561,1.0859,0.32934,0.65742,0.49688,0.59854,-0.79986,-0.7598,-0.26871,-0.16786,-0.0087078,-0.11534,0.021412,-0.065841,-0.26039,-0.039079,0.17467,0.074292,0.78189,0.27376,-0.07319,0.01797,-0.0009346,0.13233,0.26951,0.22895,-0.49168,-0.4397,-0.034077,-0.15862,-0.045062,-0.0015238,0.45378,0.67181,0.46745,0.60596,0.13594,0.40171,-0.31472,-0.25578,-0.093418,-0.46433,-0.20315,-0.50153,-0.32433,-0.63655,0.28455,0.31616,0.3573,-0.36768,-0.33403,-0.46564,-0.38891,-0.081347,-0.21165,-0.4789,-0.52444,-0.91088,-0.80402,-0.51445,-0.55357,-0.15267,-0.027579,-0.14656,-0.28437,-0.29036,-0.12744,-0.29004,-0.21043,0.088397,0.59548,-0.31284,-0.27958,-0.048217,-0.38529,-0.26448,-0.18735,0.38438,0.062936,-0.64713,-0.28267,-0.61809,-0.70316,-0.13038,-0.014303,-0.70165,-0.35821,0.17929,0.39231,0.095961,0.05514,0.29617,0.33719,-0.66274,-0.44383,-0.291,-0.20679,0.27582,0.32533
-0.32783,-0.13361,0,0.64236,-0.29528,-0.10376,-0.31136,-0.22981,0.30786,0.058733,-0.41933,-0.17301,0.25473,0.29891,0.72838,0.53271,0.39384,0.17318,0.18894,-0.18769,0.47163,0.22567,0.067099,-0.055933,-0.36004,-0.65159,0.41835,-0.22431,0.08293,0.14055,-0.07978,-0.34703,0.57678,0.39647,0.56573,0.53441,0.21419,0.39824,-0.3592,-0.2803,-0.49586,-0.43082,0.24606,0.01983,0.50115,0.14291,-0.1405,-0.030264,0.62774,-0.042049,0.17367,0.7241,0.29993,0.47206,0.58275,0.5631,0.62902,0.26679,0.32368,0.36701,0.5222,0.26383,0.70804,0.26633,0.41063,0.057313,0.11511,0.089386,0.33442,0.40232,0.2874,0.26568,-0.0067553,0.1501,0.22102,0.25259,0.35503,0.72512,0.34218,0.64482,0.48789,0.99343,-0.0013174,0.44816,0.071806,0.55067,0.35604,0.1385,0.5178,-0.17398,-0.18387,-0.20229,-0.2163,0.097803,0.2491,0.15303,0.12757,0.18043,0.060937,0.26381,0.21453,0.22603,0.022651,0.81281,0.81286
-0.032815,-0.21226,0.64236,0,-0.20816,-0.43516,0.15176,0.036706,0.40449,0.17973,0.056165,0.19675,0.21671,0.26582,0.71738,0.62012,0.23635,0.38246,0.25768,0.31108,0.40797,0.36853,0.28983,0.27652,-0.12371,-0.12155,0.44517,-0.033708,0.12158,0.019297,0.071568,-0.017043,0.19983,0.22131,0.22433,0.20952,0.23905,0.29703,0.10568,0.077194,0.024901,-0.0075418,0.2303,-0.062522,0.22804,0.011845,0.25412,0.28631,0.21493,-0.13593,-0.17865,0.29454,0.13567,-0.034703,0.19527,0.18039,0.11895,0.22461,0.28172,0.66453,0.91941,0.36755,0.54636,0.53775,0.52625,0.40605,0.45316,0.071996,0.38032,0.36417,0.2818,0.35288,0.35008,0.34003,0.35293,0.17703,0.32262,0.36772,0.64915,0.05399,0.74576,0.53249,0.53631,0.49854,0.72206,0.48061,0.67901,0.2945,0.27562,0.044438,0.17924,0.18928,0.13299,-0.079456,0.14026,-0.0073274,0.20911,-0.084133,0.05352,0.30986,0.30099,0.24134,0.40333,0.30709,0.069662
0.78194,0.37044,-0.29528,-0.20816,0,0.90958,0.82983,0.4469,0.34423,0.091914,0.61643,0.085993,-0.014032,0.11998,-0.027032,-0.20293,0.06636,-0.18362,0.28691,-0.13674,0.05265,-0.28145,0.54434,-0.012679,0.63501,0.29361,0.12521,0.40436,0.28774,0.23704,0.17337,0.1633,0.087713,0.11868,0.09814,0.07442,0.51797,0.28693,0.59877,0.44816,0.50567,0.43192,0.019642,0.30931,-0.17864,-0.24792,0.31256,-0.089537,0.058991,0.51041,0.53773,-0.28578,0.59231,0.30295,0.091201,0.0277,-0.097858,-0.46771,-0.43186,0.11581,-0.52251,0.023541,-0.13207,-0.41893,-0.26267,-0.30109,-0.46998,0.40178,0.28673,-0.020124,-0.0045542,-0.08446,-0.14084,-0.17567,-0.24288,0.39157,-0.14117,0.029506,0.047929,0.017688,0.25804,-0.14985,-0.35636,0.044584,0.1438,0.0047654,-0.20867,-0.1304,-0.13825,-0.21672,-0.30089,0.049966,-0.047024,0.54672,0.42946,0.43845,0.11611,0.31292,0.08377,-0.42259,-0.50889,-0.21294,-0.70228,0.20387,-0.14781
0.24831,0.58811,-0.10376,-0.43516,0.90958,0,0.20434,0.41458,-0.0049606,0.25691,0.10018,0.21962,-0.097898,-0.095809,-0.38617,-0.45934,-0.23983,-0.60023,0.01638,-0.53876,-0.3213,-0.49787,0.083661,-0.25789,0.29771,-0.027281,-0.2273,-0.057986,-0.1381,-0.055326,-0.15039,-0.13417,-0.040482,-0.051504,-0.0016779,-0.058832,0.15803,0.13788,0.093038,0.33823,0.00082578,0.34405,-0.1143,0.28865,-0.16136,-0.1213,0.21227,-0.10576,0.024276,0.23341,0.37645,-0.31599,0.25455,0.5817,0.17223,-0.10286,-0.049438,-0.14978,-0.13447,-0.41907,-0.65803,-0.28126,-0.28616,-0.79519,-0.54865,-0.26791,-0.39228,-0.094137,-0.099623,-0.31709,-0.29558,-0.36646,-0.32683,-0.081245,-0.21086,0.019961,0.09261,-0.017272,-0.1493,0.17066,-0.078717,-0.12753,-0.75048,-0.040822,-0.2738,-0.13406,-0.39216,-0.036155,0.025963,0.0030795,-0.041774,-0.19492,-0.18202,0.15579,0.2503,0.20821,0.020974,0.30719,0.19285,-0.85978,-0.74422,-0.66554,-0.81194,0.10948,0.072873
1.2904,0.49561,-0.31136,0.15176,0.82983,0.20434,0,0.91739,0.85884,0.29766,1.2132,0.35439,-0.20952,-0.070654,0.23061,0.27152,0.3994,0.32182,0.61346,0.52045,0.20053,0.21006,1.068,0.46698,1.3781,0.83479,0.45022,0.68317,0.63199,0.53606,0.79812,0.69808,-0.10583,-0.015749,0.23443,0.12075,0.57346,0.32056,1.529,0.77331,1.5165,0.65165,0.39777,0.43228,-0.15314,-0.12816,0.19215,-0.10022,-0.15049,0.070884,0.074175,-0.43927,0.50874,-0.073018,0.089986,-0.1549,-0.29201,-0.62238,-0.51463,0.57606,-0.011895,0.21173,-0.11051,-0.14784,-0.1314,-0.2158,-0.27569,0.45532,0.38655,0.31253,0.21344,0.26027,0.29566,-0.176,-0.02174,0.42663,0.095354,-0.10074,0.15152,-0.18375,0.28349,-0.1781,0.24654,0.24664,0.6951,-0.15748,0.18811,-0.3924,-0.58225,-0.34889,-0.13162,-0.12017,-0.16579,0.59506,0.48769,0.33618,0.19751,0.13328,0.085837,-0.12512,-0.1634,0.037933,-0.1516,0.20561,-0.12408
0.77508,1.0859,-0.22981,0.036706,0.4469,0.41458,0.91739,0,0.59719,0.5709,0.78041,0.85778,-0.4721,-0.43696,-0.12559,0.1022,0.088593,0.12601,0.30047,0.35449,-0.16396,0.093789,0.54034,0.31102,1.0577,0.6247,0.14503,0.28653,0.23674,0.26254,0.4992,0.54157,-0.39123,-0.23239,0.078452,-0.038214,0.047714,0.1411,0.73416,0.77024,0.84143,0.72168,0.31396,0.49218,-0.26393,-0.083297,0.16397,-0.085842,-0.26731,-0.34821,-0.23505,-0.70065,0.25129,0.019611,0.15833,-0.54175,-0.4565,-0.3373,-0.24453,0.17306,0.07377,-0.046282,-0.4151,-0.39148,-0.42556,-0.15541,-0.17325,-0.032158,0.011393,0.0089671,-0.10292,0.006399,0.17623,-0.075244,0.021293,0.17539,0.47491,-0.22985,0.053688,-0.031642,-0.050357,-0.36625,0.18329,0.36453,0.50942,-0.43179,0.091112,-0.36712,-0.74581,-0.13616,0.10315,-0.66994,-0.42399,0.1015,0.21142,-0.045222,0.041,-0.01499,0.14575,-0.44827,-0.32108,-0.31099,-0.088819,0.050253,-0.012343
0.62034,0.32934,0.30786,0.40449,0.34423,-0.0049606,0.85884,0.59719,0,0.43759,0.63598,0.25206,-0.003291,0.015864,0.84619,0.88692,0.87887,0.62965,0.90338,0.54718,0.55268,0.51575,1.0393,0.43651,0.68077,0.34833,1.1191,0.5005,0.6277,0.61984,0.80434,0.3649,0.17922,0.13486,0.67052,0.42041,0.48499,0.41581,0.59638,0.32697,0.56805,0.15814,0.69335,0.26258,0.2281,0.083439,-0.019416,-0.10962,0.24242,0.020004,0.096106,-0.070441,0.82085,0.27871,0.48228,0.14327,0.036522,-0.32148,-0.22936,1.0989,0.39082,0.5093,0.29916,-0.025678,0.10417,-0.10622,-0.11038,0.67703,0.69612,0.61245,0.44133,0.5842,0.37524,-0.023319,0.21331,0.56282,0.3685,0.22569,0.26274,0.33301,0.50405,0.3414,0.24661,0.36672,0.61001,0.1623,0.52452,-0.37372,-0.38691,-0.64348,-0.28395,-0.4787,-0.65229,0.52163,0.51468,0.32488,0.16401,0.077039,-0.042365,0.052082,-0.026799,0.14546,-0.15277,0.61118,0.30315
0.18465,0.65742,0.058733,0.17973,0.091914,0.25691,0.29766,0.5709,0.43759,0,0.44949,0.92873,-0.19462,-0.43797,0.077066,0.27158,0.0055058,-0.049518,0.28046,0.23119,-0.30174,0.21708,0.21823,0.21141,0.31721,0.28104,0.23704,-0.09496,-0.30113,-0.13131,0.14407,0.021683,-0.46982,-0.50099,-0.10409,-0.36481,-0.037001,-0.19345,0.18605,0.51216,0.096925,0.50513,-0.032996,-0.20665,-0.22194,-0.11798,0.32449,0.11422,-0.26223,-0.24441,-0.28041,-0.56728,0.10957,0.38462,0.56667,-0.45044,-0.61684,-0.13215,-0.14017,0.079309,0.062158,-0.03222,-0.156,-0.71043,-0.68063,0.054015,0.0085928,-0.018041,0.20656,-0.18106,-0.23325,-0.13229,0.080276,0.041826,0.048151,-0.15282,1.0095,-0.088692,-0.048614,-0.057986,-0.12545,0.015044,-0.062675,0.1402,0.17563,-0.27075,0.21635,-0.057489,-0.33018,-0.099612,0.27142,-0.40248,-0.29717,-0.096766,0.28904,0.17805,0.26556,0.25635,0.49521,-0.62741,-0.48515,-0.45,-0.16376,0.16214,0.20233
0.8767,0.49688,-0.41933,0.056165,0.61643,0.10018,1.2132,0.78041,0.63598,0.44949,0,0.49151,-0.24647,-0.20846,0.066294,0.13215,0.24004,0.24773,0.38426,0.56092,-0.008213,0.10189,0.72131,0.41553,0.9488,0.8504,0.33584,0.63294,0.27599,0.20414,0.45383,0.46679,-0.32546,-0.21944,-0.17467,-0.23757,0.28653,0.0011651,0.89254,0.64913,0.975,0.69638,-0.047083,0.077171,-0.54068,-0.37894,0.31211,0.027343,-0.36986,0.063831,-0.023313,-0.577,0.36942,-0.11089,0.20764,-0.42594,-0.72428,-0.74024,-0.70835,0.47741,-0.061468,0.13065,-0.30814,-0.24204,-0.35125,-0.21782,-0.29026,0.32644,0.33161,0.0055148,-0.014126,-0.053112,0.049491,-0.3663,-0.29679,0.42198,0.32126,-0.080575,0.077134,-0.14393,0.071477,-0.31425,0.34564,0.27512,0.66617,-0.2347,0.13171,-0.33067,-0.76005,-0.39008,-0.21122,-0.21298,-0.080922,0.32639,0.30149,0.25434,0.22135,0.17794,0.25024,-0.17354,-0.21453,0.048503,-0.043961,0.042009,-0.17386
0.16301,0.59854,-0.17301,0.19675,0.085993,0.21962,0.35439,0.85778,0.25206,0.92873,0.49151,0,-0.12088,-0.25149,-0.16825,0.11859,-0.054244,0.14383,0.21619,0.44971,-0.27655,0.24649,0.32207,0.46149,0.39608,0.52969,0.0016072,0.04045,-0.16913,-0.059138,0.20875,0.34882,-0.38135,-0.20921,-0.1568,-0.22059,-0.1672,0.031186,0.23244,0.48479,0.26575,0.61081,-0.00963,0.05667,-0.14958,0.14945,0.31226,0.2921,-0.17209,-0.25812,-0.32773,-0.50327,-0.21956,-0.077214,0.0080715,-0.80193,-0.61366,0.14517,0.18329,0.043991,0.29816,0.03078,-0.22823,-0.35729,-0.40958,0.35707,0.33248,-0.12245,0.1209,-0.12082,-0.099391,0.0010208,0.359,0.34995,0.29783,-0.06993,0.69377,-0.040626,0.29596,-0.04303,0.019715,-0.36751,0.26745,0.21331,0.43989,-0.21278,0.28691,0.054247,-0.41337,0.27003,0.55481,-0.34215,-0.25307,-0.44938,-0.13009,-0.35773,-0.10927,-0.26715,0.11674,-0.42199,-0.19019,-0.34888,0.17139,-0.26217,-0.079116
-0.53321,-0.79986,0.25473,0.21671,-0.014032,-0.097898,-0.20952,-0.4721,-0.003291,-0.19462,-0.24647,-0.12088,0,1.3774,0.3259,0.35037,0.2529,0.26399,0.41862,0.18586,0.31874,0.19056,0.25009,0.20203,-0.4717,-0.15439,0.36394,0.22402,0.085109,0.11508,-0.05746,-0.030439,0.94237,0.86405,0.34142,0.38746,0.22296,0.21796,-0.38829,-0.59062,-0.39408,-0.42734,0.053297,-0.29433,0.61389,0.64483,0.22248,0.74054,0.50346,1.1005,0.8002,0.61168,-0.29119,-0.22071,-0.32131,0.21914,0.27383,0.70476,0.64121,0.26145,0.31227,0.90031,0.7062,0.53062,0.51128,0.9084,0.8108,0.34631,0.42753,0.2791,0.52449,0.43217,0.37645,0.66556,0.58369,-0.063713,-0.21992,0.7174,0.62036,0.432,0.78524,0.33625,0.18969,-0.34067,0.1438,0.72751,0.45726,0.68662,0.535,0.21932,0.22014,0.34417,-0.097041,-0.26154,-0.46489,-0.23213,-0.40777,-0.41153,-0.40657,0.51335,0.41662,0.14725,0.094358,-0.20253,-0.16385
-0.2787,-0.7598,0.29891,0.26582,0.11998,-0.095809,-0.070654,-0.43696,0.015864,-0.43797,-0.20846,-0.25149,1.3774,0,0.43366,0.34105,0.30052,0.28744,0.3472,0.096455,0.54812,0.19691,0.34669,0.18372,-0.32095,-0.13805,0.33103,0.30903,0.35105,0.37056,0.045048,0.14147,1.402,1.5212,0.51189,0.73133,0.38786,0.54373,-0.16296,-0.49849,-0.18182,-0.3858,0.14594,-0.005323,0.67203,0.52447,0.14074,0.44029,0.67688,1.0184,1.0341,0.86414,-0.14166,-0.27445,-0.31902,0.35653,0.46759,0.51397,0.52282,0.34815,0.30779,0.87957,0.79829,0.70199,0.68842,0.58084,0.51975,0.51445,0.53506,0.47241,0.67474,0.51679,0.33122,0.53629,0.49408,0.20986,-0.42618,0.87664,0.83878,0.37905,1.0822,0.24478,0.16648,-0.072535,0.22284,0.76066,0.36669,0.57121,0.58006,0.20148,-0.016552,0.40382,0.056324,-0.023148,-0.29862,-0.11933,-0.35172,-0.30113,-0.46436,0.64314,0.46422,0.39977,0.084233,-0.0087562,-0.13346
0.094834,-0.26871,0.72838,0.71738,-0.027032,-0.38617,0.23061,-0.12559,0.84619,0.077066,0.066294,-0.16825,0.3259,0.43366,0,1.1909,0.87597,0.6511,0.66429,0.3575,1.1492,0.66937,0.56947,0.33351,0.032638,-0.072252,1.1268,0.2173,0.64925,0.58121,0.47008,0.11222,0.57787,0.44831,0.79964,0.68061,0.49947,0.49909,0.15584,-0.10399,0.082835,-0.22806,0.60369,0.068817,0.58232,0.19468,-0.14852,-0.046802,0.60982,0.1552,0.22904,0.6113,0.58289,0.23369,0.40053,0.66734,0.48314,0.015147,0.053699,1.0957,0.60914,0.77982,1.0739,0.39801,0.60554,0.076492,0.10789,0.8558,0.83031,0.91189,0.78969,0.80491,0.38146,0.13791,0.37959,0.59094,0.11908,0.57993,0.51071,0.36895,0.81958,0.73977,0.21309,0.29701,0.38342,0.68665,0.72551,-0.023687,0.19283,-0.40366,-0.32776,-0.011027,-0.25997,0.41876,0.36681,0.3618,0.17118,0.06537,-0.1599,0.50814,0.30506,0.542,0.023225,0.70466,0.31753
0.02062,-0.16786,0.53271,0.62012,-0.20293,-0.45934,0.27152,0.1022,0.88692,0.27158,0.13215,0.11859,0.35037,0.34105,1.1909,0,0.83919,0.83573,0.88221,0.7655,0.67508,1.0159,0.688,0.59511,0.16384,0.24397,1.3317,0.41968,0.55155,0.59578,0.67401,0.42123,0.42839,0.36979,0.79514,0.59039,0.34202,0.3823,0.22756,-0.011215,0.19551,-0.084558,0.68631,0.082976,0.5515,0.45526,-0.026455,0.16077,0.31316,0.062672,0.15417,0.32477,0.23763,-0.018429,0.28575,0.18225,0.1897,0.11913,0.17991,0.91928,0.80217,0.98253,0.69935,0.41288,0.43948,0.29255,0.36418,0.63905,0.68854,0.87369,0.7356,0.92126,0.67842,0.26899,0.57512,0.29177,0.25383,0.47993,0.53447,0.3268,0.6296,0.47433,0.4917,0.24561,0.57256,0.38,1.0291,0.020936,-0.0021926,-0.36939,-0.060239,-0.24146,-0.39772,0.19807,0.18008,0.14114,0.10599,-0.12213,-0.15844,0.45859,0.3197,0.33661,0.2196,0.37171,0.25279
0.19384,-0.0087078,0.39384,0.23635,0.06636,-0.23983,0.3994,0.088593,0.87887,0.0055058,0.24004,-0.054244,0.2529,0.30052,0.87597,0.83919,0,1.1271,1.1169,0.62194,0.97736,0.80332,0.99898,0.77318,0.40486,0.28742,0.89061,0.54768,0.97584,0.95959,0.98061,0.44784,0.5512,0.40906,0.858,0.69995,0.70339,0.60896,0.302,-0.015475,0.32022,-0.13537,0.7276,0.32214,0.56646,0.5087,-0.46126,-0.12453,0.50307,0.20266,0.262,0.43341,0.38901,0.014545,0.14723,0.4774,0.44568,-0.12626,-0.050104,1.0043,0.41781,0.68204,0.6804,0.25095,0.48172,-0.028191,0.030936,0.78199,0.77028,1.2765,1.1134,0.99883,0.61129,0.012574,0.38106,0.6172,0.14634,0.50032,0.32029,0.4383,0.51168,0.49245,0.41126,0.1517,0.38726,0.43735,0.61031,-0.40855,-0.14748,-0.48243,-0.20933,-0.2019,-0.58122,0.49755,0.27745,0.18409,-0.070053,-0.088324,-0.23365,0.63276,0.57686,0.63478,0.15977,0.4377,0.51795
0.13723,-0.11534,0.17318,0.38246,-0.18362,-0.60023,0.32182,0.12601,0.62965,-0.049518,0.24773,0.14383,0.26399,0.28744,0.6511,0.83573,1.1271,0,0.74598,1.0496,0.8042,1.121,0.76481,1.0322,0.26935,0.43873,0.66651,0.53729,0.77384,0.77033,0.9573,0.70705,0.3927,0.40318,0.57499,0.56323,0.2668,0.43466,0.24848,-0.13849,0.38988,-0.18717,0.69322,0.18029,0.54678,0.61649,-0.34796,0.048478,0.37728,0.027356,-0.021594,0.33606,0.077116,-0.38833,-0.16329,0.17339,0.22905,0.10688,0.17531,1.0397,0.82305,0.76484,0.54469,0.48269,0.60654,0.30008,0.38,0.64669,0.72038,1.0999,1.0262,1.1361,0.95028,0.28299,0.61307,0.37936,0.057886,0.29232,0.45512,0.21086,0.47805,0.19193,0.86482,0.20108,0.60102,0.31622,0.68667,-0.24679,-0.29349,-0.16796,0.054318,-0.17478,-0.47941,0.03263,-0.14295,-0.27403,-0.34164,-0.52972,-0.4682,0.85951,0.91632,0.79873,0.61265,0.07285,0.15385
0.17693,0.021412,0.18894,0.25768,0.28691,0.01638,0.61346,0.30047,0.90338,0.28046,0.38426,0.21619,0.41862,0.3472,0.66429,0.88221,1.1169,0.74598,0,0.80754,0.55635,0.7734,1.3953,0.91679,0.50157,0.54638,0.9609,0.5873,0.74361,0.72038,0.92057,0.54484,0.39868,0.30496,0.69849,0.44618,0.78684,0.46238,0.45853,0.23688,0.40223,0.19419,0.61774,0.27801,0.40943,0.55071,0.021204,0.26169,0.23657,0.38573,0.37624,0.12598,0.27733,0.028992,0.14585,0.23171,0.15398,-0.027925,0.025264,0.70191,0.25446,0.91761,0.59394,0.094294,0.31391,0.22873,0.24074,0.70705,0.69653,0.86581,0.88381,0.86958,0.79802,0.19069,0.5066,0.39176,0.2539,0.48538,0.46989,0.33293,0.59225,0.35823,0.3506,0.01688,0.5862,0.43689,0.93957,-0.070104,-0.035003,-0.32928,0.098305,-0.12251,-0.49763,0.32975,0.26408,0.25256,0.071798,-0.063929,-0.055623,0.29462,0.26503,0.15674,-0.0057133,0.19549,0.18824
0.14263,-0.065841,-0.18769,0.31108,-0.13674,-0.53876,0.52045,0.35449,0.54718,0.23119,0.56092,0.44971,0.18586,0.096455,0.3575,0.7655,0.62194,1.0496,0.80754,0,0.29217,0.87544,0.78559,1.1658,0.44233,0.9526,0.59474,0.61796,0.5072,0.43049,0.85692,0.83142,-0.021255,0.053813,0.18047,0.096353,0.1949,0.11392,0.45439,0.18683,0.59494,0.23625,0.38216,0.058055,0.10397,0.42581,0.039156,0.35642,-0.1438,0.0050996,-0.13546,-0.097073,-0.12269,-0.57475,-0.17334,-0.25808,-0.28181,-0.0040482,0.021487,0.66296,0.57273,0.73695,0.2017,0.34126,0.2617,0.40527,0.47956,0.38962,0.3707,0.53828,0.56647,0.6797,0.91182,0.18256,0.44602,0.17435,0.21149,0.098771,0.39606,-0.036826,0.26358,-0.091458,1.0765,0.021823,0.81397,0.10427,0.89105,-0.084203,-0.42018,-0.15008,0.25969,-0.11933,-0.27512,-0.065172,-0.1538,-0.18186,-0.062907,-0.44362,-0.16693,0.45901,0.47249,0.30388,0.54964,-0.27057,-0.18353
0.088178,-0.26039,0.47163,0.40797,0.05265,-0.3213,0.20053,-0.16396,0.55268,-0.30174,-0.008213,-0.27655,0.31874,0.54812,1.1492,0.67508,0.97736,0.8042,0.55635,0.29217,0,0.64361,0.54775,0.47536,0.096094,-0.04163,0.71821,0.36147,0.97944,0.78595,0.55552,0.29021,0.82835,0.71318,0.85718,0.97921,0.54819,0.78876,0.1853,-0.1409,0.17898,-0.20751,0.7303,0.4236,0.74635,0.37503,-0.51292,-0.23756,0.88347,0.21837,0.29642,0.91545,0.45561,0.053569,0.041221,0.8514,0.86919,0.068203,0.13081,0.82508,0.48925,0.6297,1.1068,0.52889,0.89519,0.0044161,0.05922,0.85337,0.74385,1.267,1.3418,0.91131,0.51619,0.14177,0.43079,0.84993,-0.11691,0.63978,0.60856,0.5116,0.84016,0.58179,0.25369,0.33128,0.30171,0.852,0.55423,-0.1948,0.16003,-0.2599,-0.34862,0.081571,-0.23,0.37489,0.18699,0.10184,-0.16282,-0.20331,-0.54882,0.75984,0.6052,0.86226,0.20572,0.43075,0.18873
0.0029294,-0.039079,0.22567,0.36853,-0.28145,-0.49787,0.21006,0.093789,0.51575,0.21708,0.10189,0.24649,0.19056,0.19691,0.66937,1.0159,0.80332,1.121,0.7734,0.87544,0.64361,0,0.5981,1.0921,0.22329,0.44656,0.62571,0.28555,0.54893,0.69519,0.91527,0.75124,0.28985,0.25841,0.59342,0.49153,0.26131,0.37269,0.27859,0.054433,0.28051,0.036939,0.66727,0.22744,0.5666,0.63808,-0.24556,0.048839,0.28666,-0.09476,-0.066303,0.27157,-0.0059519,-0.18049,0.044817,0.18446,0.21569,0.18783,0.2558,0.58427,0.59009,0.70085,0.6766,0.22862,0.46743,0.30271,0.3942,0.62795,0.76186,1.0637,0.966,1.0278,1.1216,0.3592,0.73085,0.27232,0.21116,0.34098,0.4975,0.12929,0.37795,0.20588,0.48172,0.25712,0.439,0.28506,0.88382,-0.093588,-0.079804,-0.075179,0.20655,-0.14295,-0.32652,-0.029176,0.0036557,-0.081892,-0.1145,-0.28924,-0.2286,0.52418,0.5963,0.53538,0.50587,0.13492,0.16651
0.54084,0.17467,0.067099,0.28983,0.54434,0.083661,1.068,0.54034,1.0393,0.21823,0.72131,0.32207,0.25009,0.34669,0.56947,0.688,0.99898,0.76481,1.3953,0.78559,0.54775,0.5981,0,0.88727,0.82859,0.72845,0.8032,0.81316,0.90955,0.87108,1.0403,0.769,0.36138,0.38786,0.61465,0.49788,0.843,0.65674,0.77344,0.36035,0.75626,0.29796,0.55363,0.41062,0.25536,0.3385,0.082334,0.13451,0.22005,0.34789,0.38835,0.029576,0.38177,-0.087209,0.081242,0.067277,0.027254,-0.22191,-0.12815,0.90508,0.2779,0.76626,0.36771,0.1069,0.23152,0.093271,0.073808,0.77747,0.79828,0.80419,0.73921,0.74765,0.64517,0.096658,0.33175,0.59526,0.1512,0.40755,0.5245,0.20879,0.68849,0.11342,0.43013,0.21827,0.79446,0.27355,0.62756,-0.18692,-0.24864,-0.34565,-0.063595,-0.14784,-0.40262,0.45499,0.29934,0.21403,0.032244,-0.060188,-0.08864,0.24142,0.20182,0.26763,0.0033141,0.24906,0.11942
0.088367,0.074292,-0.055933,0.27652,-0.012679,-0.25789,0.46698,0.31102,0.43651,0.21141,0.41553,0.46149,0.20203,0.18372,0.33351,0.59511,0.77318,1.0322,0.91679,1.1658,0.47536,1.0921,0.88727,0,0.51492,0.8492,0.43996,0.57169,0.57401,0.56636,0.97621,0.95188,0.16387,0.18255,0.29943,0.24929,0.4959,0.45266,0.49148,0.32181,0.53062,0.35387,0.45399,0.35754,0.24458,0.58238,-0.17622,0.13435,0.041712,0.039946,-0.021665,0.10253,-0.10806,-0.38302,-0.15317,-0.053223,-0.0042043,0.005496,0.066198,0.4958,0.41633,0.60203,0.39099,0.22063,0.34772,0.2738,0.35362,0.41231,0.54935,0.83162,0.91328,0.73767,1.1459,0.1796,0.48481,0.31928,0.25395,0.30793,0.50445,0.097844,0.37271,0.082674,0.78022,0.21122,0.59598,0.28543,0.84066,-0.2068,-0.25261,-0.10135,0.30007,-0.027688,-0.23849,-0.032402,-0.047246,-0.17334,-0.16598,-0.40896,-0.22701,0.45305,0.60975,0.45379,0.65763,-0.16824,-0.043537
1.0834,0.78189,-0.36004,-0.12371,0.63501,0.29771,1.3781,1.0577,0.68077,0.31721,0.9488,0.39608,-0.4717,-0.32095,0.032638,0.16384,0.40486,0.26935,0.50157,0.44233,0.096094,0.22329,0.82859,0.51492,0,0.99283,0.26479,0.65503,0.56039,0.54258,0.91871,0.80664,-0.23378,-0.16859,0.20811,0.091151,0.50599,0.36247,1.4175,0.97033,1.425,0.75637,0.41107,0.69333,-0.20159,-0.045982,-0.088844,-0.37588,-0.24866,-0.15267,-0.043169,-0.52712,0.42169,-0.009436,0.11677,-0.25889,-0.25592,-0.77451,-0.61317,0.29413,-0.14041,-0.0020019,-0.29311,-0.3164,-0.27253,-0.47252,-0.47082,0.2819,0.19425,0.30336,0.16471,0.19472,0.26316,-0.36294,-0.12678,0.39456,0.14918,-0.20213,-0.061528,-0.12944,0.001267,-0.24649,0.16333,0.27282,0.37599,-0.32901,0.062781,-0.76185,-0.80383,-0.48121,-0.1761,-0.32931,-0.26711,0.6144,0.53054,0.28393,0.17674,0.12536,0.061352,-0.24071,-0.2063,-0.0045532,-0.10279,0.15836,0.033037
0.49437,0.27376,-0.65159,-0.12155,0.29361,-0.027281,0.83479,0.6247,0.34833,0.28104,0.8504,0.52969,-0.15439,-0.13805,-0.072252,0.24397,0.28742,0.43873,0.54638,0.9526,-0.04163,0.44656,0.72845,0.8492,0.99283,0,0.19446,0.72817,0.3732,0.36095,0.82004,1.0989,-0.27532,-0.16182,-0.02456,-0.090683,0.30382,0.14786,0.92421,0.65109,1.0201,0.66968,0.16479,0.28915,-0.23285,0.16645,0.13956,0.085956,-0.45631,-0.0071072,-0.055625,-0.53007,-0.031308,-0.40579,-0.15592,-0.52311,-0.51836,-0.39524,-0.33665,0.20681,-0.034101,0.25359,-0.24973,-0.098754,-0.13962,0.0015452,0.015644,0.30705,0.20397,0.252,0.22132,0.29694,0.53389,-0.10162,0.045771,0.14833,0.046293,-0.17749,0.088858,-0.30973,-0.016109,-0.46952,0.46641,0.040494,0.49018,-0.24722,0.30633,-0.28812,-0.63158,-0.22576,0.13034,-0.10469,-0.078597,0.15301,0.087133,0.032269,0.098623,-0.15757,-0.00026936,-0.043069,-0.001679,0.040521,0.19617,-0.32073,-0.28948
0.19147,-0.07319,0.41835,0.44517,0.12521,-0.2273,0.45022,0.14503,1.1191,0.23704,0.33584,0.0016072,0.36394,0.33103,1.1268,1.3317,0.89061,0.66651,0.9609,0.59474,0.71821,0.62571,0.8032,0.43996,0.26479,0.19446,0,0.6714,0.59682,0.53391,0.55201,0.27818,0.45528,0.35676,0.69086,0.48873,0.43405,0.27439,0.29878,0.020254,0.26411,-0.004432,0.55367,0.061674,0.3915,0.24141,0.04748,0.13245,0.35507,0.30831,0.33805,0.24277,0.49708,0.12242,0.34297,0.24747,0.15518,-0.06563,-0.027307,1.0427,0.48015,0.86377,0.57692,0.26351,0.2877,0.12861,0.13229,0.77261,0.77676,0.67094,0.63054,0.61317,0.40716,0.088749,0.32493,0.44833,0.24749,0.50479,0.44159,0.4714,0.65237,0.53172,0.35401,0.18456,0.60681,0.3988,0.74486,-0.046011,-0.060118,-0.56438,-0.28322,-0.21548,-0.40495,0.42012,0.33544,0.33238,0.1478,0.047296,-0.094446,0.34718,0.14702,0.2397,-0.01018,0.47446,0.23826
0.39621,0.01797,-0.22431,-0.033708,0.40436,-0.057986,0.68317,0.28653,0.5005,-0.09496,0.63294,0.04045,0.22402,0.30903,0.2173,0.41968,0.54768,0.53729,0.5873,0.61796,0.36147,0.28555,0.81316,0.57169,0.65503,0.72817,0.6714,0,0.57177,0.4736,0.58739,0.72384,0.32093,0.3658,0.28782,0.30373,0.50063,0.35914,0.63612,0.22677,0.70203,0.26335,0.26375,0.31323,0.053078,0.21793,0.029472,0.021759,0.0060508,0.44637,0.45371,-0.02582,0.18204,-0.34768,-0.15881,-0.19027,-0.095445,-0.33228,-0.25967,0.5216,0.10755,0.46658,-0.0055881,0.28877,0.11349,-0.034703,-0.039927,0.51139,0.44214,0.43151,0.4576,0.33569,0.35084,-0.14075,0.0039192,0.37873,-0.14917,0.23316,0.27167,0.21034,0.39599,-0.015958,0.53516,0.13487,0.55414,0.071902,0.26308,-0.26755,-0.40461,-0.52197,-0.32216,-0.061142,-0.10784,0.42726,0.13402,0.08335,-0.068974,-0.16427,-0.30069,0.28073,0.14611,0.26789,0.17766,-0.040502,-0.13235
0.47389,-0.0009346,0.08293,0.12158,0.28774,-0.1381,0.63199,0.23674,0.6277,-0.30113,0.27599,-0.16913,0.085109,0.35105,0.64925,0.55155,0.97584,0.77384,0.74361,0.5072,0.97944,0.54893,0.90955,0.57401,0.56039,0.3732,0.59682,0.57177,0,1.4916,1.0667,0.75299,0.48892,0.52301,0.83036,0.85722,0.60411,0.68226,0.59027,0.072483,0.7006,0.012019,0.89222,0.6986,0.43694,0.34087,-0.38798,-0.21757,0.39797,0.16134,0.3118,0.39109,0.40998,-0.19305,-0.077012,0.46641,0.46474,-0.20099,-0.12287,0.73381,0.25795,0.63517,0.51919,0.35978,0.53283,-0.13991,-0.098408,0.7971,0.45617,1.1399,1.0149,0.88121,0.51179,-0.036266,0.32482,0.76699,-0.19171,0.29481,0.38785,0.18825,0.48077,0.093712,0.32541,0.17897,0.43962,0.30463,0.41536,-0.35299,-0.14974,-0.28813,-0.29336,-0.10775,-0.34372,0.60898,0.20753,0.17749,-0.09268,-0.10728,-0.33197,0.62312,0.47722,0.65236,0.064767,0.3021,0.10913
0.47816,0.13233,0.14055,0.019297,0.23704,-0.055326,0.53606,0.26254,0.61984,-0.13131,0.20414,-0.059138,0.11508,0.37056,0.58121,0.59578,0.95959,0.77033,0.72038,0.43049,0.78595,0.69519,0.87108,0.56636,0.54258,0.36095,0.53391,0.4736,1.4916,0,1.2377,0.89272,0.56821,0.60252,1.0822,1.0563,0.50247,0.72464,0.496,-0.0068851,0.59175,-0.079413,0.98106,0.62158,0.60998,0.48777,-0.41924,-0.27387,0.48743,0.14514,0.37127,0.3562,0.29649,-0.15953,-0.032561,0.35966,0.42775,-0.11373,-0.025864,0.65916,0.25924,0.62608,0.49097,0.17288,0.33843,-0.10077,-0.084234,0.88634,0.62516,1.1661,0.95447,0.94035,0.55352,0.089963,0.44912,0.54383,-0.15242,0.29427,0.33145,0.17782,0.4148,0.019906,0.18431,0.18644,0.2968,0.12336,0.30057,-0.36792,-0.22341,-0.19128,-0.21017,-0.27488,-0.52426,0.50546,0.14293,0.10064,-0.2511,-0.096534,-0.33312,0.51536,0.4415,0.64385,0.019908,0.39583,0.27054
0.57178,0.26951,-0.07978,0.071568,0.17337,-0.15039,0.79812,0.4992,0.80434,0.14407,0.45383,0.20875,-0.05746,0.045048,0.47008,0.67401,0.98061,0.9573,0.92057,0.85692,0.55552,0.91527,1.0403,0.97621,0.91871,0.82004,0.55201,0.58739,1.0667,1.2377,0,1.1858,0.16271,0.17556,0.71234,0.53385,0.53578,0.55199,0.80937,0.32694,0.92784,0.19267,1.0148,0.57462,0.36838,0.47522,-0.3804,-0.25765,0.11413,-0.070665,0.019598,-0.014271,0.25255,-0.21009,-0.035121,0.095773,0.11951,-0.27112,-0.17332,0.66184,0.27812,0.50598,0.26857,0.064609,0.21495,-0.088491,-0.036471,0.68155,0.52195,1.0449,0.81437,0.96881,0.85626,0.018339,0.4129,0.37333,0.021701,0.024315,0.1745,-0.012289,0.25229,-0.0020225,0.39607,0.1509,0.40415,-0.009582,0.45336,-0.5935,-0.53378,-0.3353,-0.0098015,-0.28267,-0.54602,0.42183,0.21116,0.069886,-0.12024,-0.19891,-0.2751,0.33376,0.36417,0.44957,0.18526,0.18023,0.12671
0.48119,0.22895,-0.34703,-0.017043,0.1633,-0.13417,0.69808,0.54157,0.3649,0.021683,0.46679,0.34882,-0.030439,0.14147,0.11222,0.42123,0.44784,0.70705,0.54484,0.83142,0.29021,0.75124,0.769,0.95188,0.80664,1.0989,0.27818,0.72384,0.75299,0.89272,1.1858,0,0.1251,0.27558,0.40216,0.4206,0.29851,0.46388,0.83521,0.34717,1.028,0.37016,0.58863,0.61534,0.20134,0.45503,-0.12568,-0.069902,-0.040015,-0.029237,0.068454,-0.099805,-0.087382,-0.58473,-0.30481,-0.24252,-0.082665,-0.12965,-0.033142,0.34246,0.22529,0.4328,0.049641,0.15784,0.14513,0.074862,0.11053,0.46033,0.37813,0.66402,0.59366,0.62639,0.81856,0.1297,0.38106,0.24675,-0.11219,0.018594,0.34138,-0.14048,0.21122,-0.38465,0.51408,0.22401,0.52393,-0.15157,0.3424,-0.2902,-0.49475,-0.042651,0.11823,-0.1767,-0.19876,0.13574,-0.055426,-0.16918,-0.23658,-0.3464,-0.30994,0.28893,0.33741,0.37509,0.38028,-0.14332,-0.1821
-0.21816,-0.49168,0.57678,0.19983,0.087713,-0.040482,-0.10583,-0.39123,0.17922,-0.46982,-0.32546,-0.38135,0.94237,1.402,0.57787,0.42839,0.5512,0.3927,0.39868,-0.021255,0.82835,0.28985,0.36138,0.16387,-0.23378,-0.27532,0.45528,0.32093,0.48892,0.56821,0.16271,0.1251,0,1.775,0.91273,1.2172,0.45366,0.76266,-0.17077,-0.5117,-0.20094,-0.50688,0.39456,0.21229,0.99719,0.61488,-0.17664,0.1005,1.0793,0.73917,0.98664,1.1176,0.081459,-0.034983,-0.13338,0.61616,0.88995,0.42686,0.49071,0.41813,0.32551,0.71012,0.92672,0.58084,0.7407,0.29544,0.28422,0.58008,0.63351,0.72648,0.85526,0.63747,0.32208,0.4193,0.49893,0.35461,-0.33911,0.98878,0.67572,0.68546,1.0063,0.48844,0.05956,0.09325,0.11673,0.76896,0.30579,0.23734,0.50058,0.0062768,-0.19774,0.14045,-0.17297,0.1538,-0.10287,-0.058317,-0.39305,-0.22934,-0.5571,0.66198,0.50764,0.49849,0.037687,0.28652,0.20589
-0.11998,-0.4397,0.39647,0.22131,0.11868,-0.051504,-0.015749,-0.23239,0.13486,-0.50099,-0.21944,-0.20921,0.86405,1.5212,0.44831,0.36979,0.40906,0.40318,0.30496,0.053813,0.71318,0.25841,0.38786,0.18255,-0.16859,-0.16182,0.35676,0.3658,0.52301,0.60252,0.17556,0.27558,1.775,0,0.78543,1.2281,0.31209,0.78898,-0.093863,-0.47917,-0.068061,-0.40759,0.36698,0.26448,0.87652,0.60485,-0.077326,0.17084,0.98198,0.66747,0.89212,0.93261,-0.034009,-0.23599,-0.29829,0.36772,0.66144,0.4907,0.571,0.41562,0.42432,0.72644,0.72224,0.66197,0.67945,0.39786,0.37145,0.534,0.57002,0.63076,0.75945,0.60719,0.35498,0.53205,0.5617,0.35878,-0.39562,0.87017,0.86894,0.54635,1.0535,0.19825,0.16333,0.13951,0.24974,0.60923,0.27733,0.31318,0.38017,0.16622,-0.13265,0.12568,-0.12255,0.044233,-0.25138,-0.22209,-0.50804,-0.3676,-0.63591,0.64333,0.50235,0.49113,0.10895,0.1461,0.04532
0.16545,-0.034077,0.56573,0.22433,0.09814,-0.0016779,0.23443,0.078452,0.67052,-0.10409,-0.17467,-0.1568,0.34142,0.51189,0.79964,0.79514,0.858,0.57499,0.69849,0.18047,0.85718,0.59342,0.61465,0.29943,0.20811,-0.02456,0.69086,0.28782,0.83036,1.0822,0.71234,0.40216,0.91273,0.78543,0,1.6019,0.49347,0.86142,0.19244,-0.13356,0.1658,-0.29697,1.2691,0.52655,1.2032,0.7029,-0.37219,-0.19431,0.83851,0.19183,0.4491,0.53897,0.35008,0.13623,0.069775,0.57154,0.82468,0.19539,0.31125,0.59015,0.41518,0.61217,0.75007,0.26626,0.50879,0.074449,0.1055,0.66699,0.59596,1.1384,0.89775,1.0831,0.58135,0.36088,0.70139,0.32983,-0.12974,0.45166,0.39869,0.46766,0.68199,0.46027,0.018731,0.15783,0.17677,0.36208,0.39797,-0.15886,0.10558,-0.18951,-0.13103,-0.23376,-0.60423,0.41037,0.21184,0.089389,-0.22326,-0.14776,-0.45551,0.39102,0.3225,0.33037,-0.096378,0.56814,0.42665
0.099214,-0.15862,0.53441,0.20952,0.07442,-0.058832,0.12075,-0.038214,0.42041,-0.36481,-0.23757,-0.22059,0.38746,0.73133,0.68061,0.59039,0.69995,0.56323,0.44618,0.096353,0.97921,0.49153,0.49788,0.24929,0.091151,-0.090683,0.48873,0.30373,0.85722,1.0563,0.53385,0.4206,1.2172,1.2281,1.6019,0,0.40062,1.0683,0.10675,-0.2692,0.11546,-0.37246,0.90655,0.58714,1.1791,0.67025,-0.39749,-0.19685,1.0685,0.2446,0.54443,0.79842,0.23964,-0.014828,-0.083369,0.55868,0.96606,0.28078,0.40743,0.52881,0.46209,0.59437,0.76276,0.45602,0.66585,0.098357,0.13031,0.65534,0.58236,1.0809,0.93612,0.95803,0.48403,0.38963,0.63609,0.47067,-0.29776,0.59779,0.5816,0.51091,0.79799,0.30707,0.068229,0.26231,0.18085,0.4529,0.30479,-0.063195,0.1905,-0.055044,-0.22694,-0.12936,-0.38775,0.30989,0.050654,-0.054694,-0.35344,-0.25338,-0.61955,0.54446,0.44662,0.52601,0.021732,0.45899,0.32555
0.2791,-0.045062,0.21419,0.23905,0.51797,0.15803,0.57346,0.047714,0.48499,-0.037001,0.28653,-0.1672,0.22296,0.38786,0.49947,0.34202,0.70339,0.2668,0.78684,0.1949,0.54819,0.26131,0.843,0.4959,0.50599,0.30382,0.43405,0.50063,0.60411,0.50247,0.53578,0.29851,0.45366,0.31209,0.49347,0.40062,0,0.79852,0.63028,0.4501,0.40114,0.26046,0.337,0.47158,0.18568,0.12936,-0.07454,-0.13506,0.14503,0.40328,0.50528,0.23847,0.44455,0.14761,0.20055,0.46165,0.34149,-0.40398,-0.31346,0.4215,-0.10057,0.34542,0.45031,0.14915,0.35997,-0.22982,-0.21628,0.47482,0.4912,0.70624,0.63549,0.44929,0.31993,-0.21737,-0.011672,0.52101,-0.054383,0.45177,0.26302,0.15285,0.61753,0.52587,0.10006,0.20392,0.2649,0.47696,0.37345,-0.2455,0.1538,-0.49578,-0.2262,0.28501,0.044442,0.79654,0.66449,0.60274,0.3101,0.25322,0.018449,0.20387,0.14109,0.29717,-0.077657,0.38891,0.16607
0.19603,-0.0015238,0.39824,0.29703,0.28693,0.13788,0.32056,0.1411,0.41581,-0.19345,0.0011651,0.031186,0.21796,0.54373,0.49909,0.3823,0.60896,0.43466,0.46238,0.11392,0.78876,0.37269,0.65674,0.45266,0.36247,0.14786,0.27439,0.35914,0.68226,0.72464,0.55199,0.46388,0.76266,0.78898,0.86142,1.0683,0.79852,0,0.36573,0.18251,0.27912,0.02032,0.62216,0.84849,0.61479,0.46864,-0.32281,-0.29089,0.62866,0.1573,0.41879,0.51996,0.30237,0.067648,-0.017793,0.36297,0.6739,0.02301,0.16559,0.41053,0.31007,0.37384,0.54097,0.32378,0.55608,-0.054434,-0.0075457,0.47247,0.51761,0.94147,0.80216,0.73166,0.48993,0.17922,0.34583,0.63024,-0.17345,0.56808,0.59174,0.40247,0.86951,0.31527,0.11485,0.48061,0.21766,0.52999,0.32971,-0.21376,0.12018,-0.17824,-0.20316,0.016376,-0.17782,0.35885,0.24376,0.019077,-0.15238,-0.21562,-0.49975,0.26567,0.27611,0.4313,0.089034,0.34763,0.20187
1.0882,0.45378,-0.3592,0.10568,0.59877,0.093038,1.529,0.73416,0.59638,0.18605,0.89254,0.23244,-0.38829,-0.16296,0.15584,0.22756,0.302,0.24848,0.45853,0.45439,0.1853,0.27859,0.77344,0.49148,1.4175,0.92421,0.29878,0.63612,0.59027,0.496,0.80937,0.83521,-0.17077,-0.093863,0.19244,0.10675,0.63028,0.36573,0,1.0603,1.7569,0.82687,0.38886,0.6344,-0.19776,-0.15441,0.080152,-0.27222,-0.28655,-0.10597,-0.034376,-0.42748,0.41751,-0.1142,0.093382,-0.12592,-0.21122,-0.72934,-0.57792,0.34788,-0.11492,0.057724,-0.1519,-0.099789,-0.069354,-0.37094,-0.37456,0.34318,0.26295,0.36131,0.21612,0.23195,0.32286,-0.29813,-0.10748,0.40011,0.0028191,-0.15883,0.091107,-0.31191,0.16878,-0.18313,0.22423,0.36819,0.56191,-0.20472,0.16775,-0.47858,-0.49009,-0.37559,-0.1487,-0.010898,0.071687,0.65917,0.62084,0.41285,0.34048,0.1928,0.10504,-0.1204,-0.14486,0.096049,-0.021646,0.18077,-0.1553
0.54952,0.67181,-0.2803,0.077194,0.44816,0.33823,0.77331,0.77024,0.32697,0.51216,0.64913,0.48479,-0.59062,-0.49849,-0.10399,-0.011215,-0.015475,-0.13849,0.23688,0.18683,-0.1409,0.054433,0.36035,0.32181,0.97033,0.65109,0.020254,0.22677,0.072483,-0.0068851,0.32694,0.34717,-0.5117,-0.47917,-0.13356,-0.2692,0.4501,0.18251,1.0603,0,0.74475,1.5339,0.064073,0.54409,-0.48035,-0.3053,0.16505,-0.23175,-0.5285,-0.33128,-0.26317,-0.6481,0.29391,0.19558,0.31484,-0.28506,-0.35155,-0.63589,-0.52745,-0.080288,-0.29087,-0.2889,-0.33206,-0.40298,-0.32408,-0.41781,-0.39113,-0.10115,-0.052498,-0.0045953,-0.10519,-0.13582,0.11984,-0.37918,-0.27955,0.21887,0.37276,-0.1887,-0.028202,-0.23261,-0.067709,-0.091816,0.019542,0.40702,0.31046,-0.20486,0.1393,-0.37641,-0.31213,-0.30006,0.02898,-0.038284,0.18882,0.35469,0.72911,0.42408,0.5875,0.32058,0.37672,-0.58005,-0.47036,-0.31606,-0.078782,0.06623,-0.10727
1.1831,0.46745,-0.49586,0.024901,0.50567,0.00082578,1.5165,0.84143,0.56805,0.096925,0.975,0.26575,-0.39408,-0.18182,0.082835,0.19551,0.32022,0.38988,0.40223,0.59494,0.17898,0.28051,0.75626,0.53062,1.425,1.0201,0.26411,0.70203,0.7006,0.59175,0.92784,1.028,-0.20094,-0.068061,0.1658,0.11546,0.40114,0.27912,1.7569,0.74475,0,0.64386,0.44671,0.5877,-0.18848,-0.090697,-0.01125,-0.25709,-0.28332,-0.14204,-0.10286,-0.4356,0.30802,-0.32237,-0.07966,-0.22517,-0.27537,-0.65456,-0.53341,0.4144,-0.006614,0.1026,-0.22914,-0.028923,-0.074198,-0.30065,-0.30255,0.33465,0.20068,0.34892,0.22914,0.26575,0.35201,-0.26064,-0.048569,0.36302,-0.046545,-0.26263,0.060098,-0.3254,0.085928,-0.35874,0.3762,0.28338,0.59905,-0.31191,0.11422,-0.55628,-0.75375,-0.29487,-0.12078,-0.13179,-0.070654,0.5025,0.33192,0.1689,0.1042,-0.00078707,-0.034031,0.0081055,-0.0030998,0.19131,0.087731,0.042218,-0.22379
0.38208,0.60596,-0.43082,-0.0075418,0.43192,0.34405,0.65165,0.72168,0.15814,0.50513,0.69638,0.61081,-0.42734,-0.3858,-0.22806,-0.084558,-0.13537,-0.18717,0.19419,0.23625,-0.20751,0.036939,0.29796,0.35387,0.75637,0.66968,-0.004432,0.26335,0.012019,-0.079413,0.19267,0.37016,-0.50688,-0.40759,-0.29697,-0.37246,0.26046,0.02032,0.82687,1.5339,0.64386,0,-0.1089,0.43618,-0.56752,-0.27973,0.29648,-0.010396,-0.53711,-0.18368,-0.18482,-0.60705,0.068947,0.036537,0.17542,-0.43412,-0.49887,-0.42652,-0.38258,-0.18541,-0.31393,-0.21412,-0.34177,-0.39142,-0.39977,-0.22434,-0.22777,-0.1307,-0.074094,-0.13742,-0.11841,-0.26801,0.10347,-0.27473,-0.22905,0.20575,0.43332,-0.07853,0.12509,-0.17458,-0.08984,-0.27269,0.072831,0.32252,0.38959,-0.18257,0.18149,-0.14538,-0.25533,-0.085317,0.12816,0.0082711,0.27831,0.13583,0.43014,0.27956,0.43951,0.24315,0.39501,-0.52791,-0.43202,-0.35834,-0.010045,-0.14893,-0.27074
0.32716,0.13594,0.24606,0.2303,0.019642,-0.1143,0.39777,0.31396,0.69335,-0.032996,-0.047083,-0.00963,0.053297,0.14594,0.60369,0.68631,0.7276,0.69322,0.61774,0.38216,0.7303,0.66727,0.55363,0.45399,0.41107,0.16479,0.55367,0.26375,0.89222,0.98106,1.0148,0.58863,0.39456,0.36698,1.2691,0.90655,0.337,0.62216,0.38886,0.064073,0.44671,-0.1089,0,0.64721,0.85782,0.63119,-0.52648,-0.32694,0.46106,-0.13701,0.0073793,0.24326,0.29539,-0.019215,-0.079282,0.39235,0.57259,0.089994,0.1937,0.5495,0.47076,0.42078,0.48335,0.22541,0.43367,0.027759,0.093952,0.45504,0.34031,1.0444,0.80138,1.0668,0.79132,0.28907,0.72391,0.20545,-0.083618,0.047199,0.21329,0.1984,0.39616,0.30226,0.1848,0.12805,0.2221,0.15333,0.39252,-0.41375,-0.19936,-0.16298,0.048469,-0.27261,-0.66961,0.29907,0.1425,-0.073376,-0.28423,-0.33765,-0.54209,0.34685,0.37449,0.29788,0.099263,0.31566,0.18387
0.3621,0.40171,0.01983,-0.062522,0.30931,0.28865,0.43228,0.49218,0.26258,-0.20665,0.077171,0.05667,-0.29433,-0.005323,0.068817,0.082976,0.32214,0.18029,0.27801,0.058055,0.4236,0.22744,0.41062,0.35754,0.69333,0.28915,0.061674,0.31323,0.6986,0.62158,0.57462,0.61534,0.21229,0.26448,0.52655,0.58714,0.47158,0.84849,0.6344,0.54409,0.5877,0.43618,0.64721,0,0.22067,0.24584,-0.44318,-0.51366,0.19315,-0.20214,0.085759,0.11351,0.26099,0.03516,-0.041379,0.19268,0.4716,-0.1899,-0.047693,0.01328,-0.034191,-0.018006,0.10149,0.051327,0.24128,-0.38182,-0.288,0.11795,0.022886,0.56907,0.46355,0.33662,0.34482,-0.11122,0.13144,0.55589,-0.064629,0.1556,0.25648,0.24408,0.21184,0.001117,0.02478,0.47287,0.16814,0.10503,0.14263,-0.47138,-0.10263,-0.15797,-0.14835,-0.18695,-0.13203,0.39408,0.33533,0.056255,-0.031377,-0.087506,-0.27787,0.020939,0.084374,0.13843,0.050723,0.16976,0.079772
-0.20554,-0.31472,0.50115,0.22804,-0.17864,-0.16136,-0.15314,-0.26393,0.2281,-0.22194,-0.54068,-0.14958,0.61389,0.67203,0.58232,0.5515,0.56646,0.54678,0.40943,0.10397,0.74635,0.5666,0.25536,0.24458,-0.20159,-0.23285,0.3915,0.053078,0.43694,0.60998,0.36838,0.20134,0.99719,0.87652,1.2032,1.1791,0.18568,0.61479,-0.19776,-0.48035,-0.18848,-0.56752,0.85782,0.22067,0,1.1151,-0.42088,-0.013006,1.1602,0.24821,0.32458,0.77373,-0.047394,-0.019164,-0.27313,0.56185,0.96143,0.71141,0.82134,0.37137,0.5522,0.53437,0.90838,0.37912,0.6387,0.44888,0.48264,0.46706,0.50569,0.84394,0.86537,1.0299,0.70335,0.82611,1.1666,0.038261,-0.25605,0.42401,0.45013,0.3972,0.63762,0.42931,0.02104,-0.092728,-0.0023993,0.48637,0.34376,0.096551,0.30531,0.21009,0.17851,0.048614,-0.44638,-0.016733,-0.16342,-0.2618,-0.54935,-0.47498,-0.71356,0.51961,0.54587,0.33078,0.10465,0.21615,0.28198
-0.36062,-0.25578,0.14291,0.011845,-0.24792,-0.1213,-0.12816,-0.083297,0.083439,-0.11798,-0.37894,0.14945,0.64483,0.52447,0.19468,0.45526,0.5087,0.61649,0.55071,0.42581,0.37503,0.63808,0.3385,0.58238,-0.045982,0.16645,0.24141,0.21793,0.34087,0.48777,0.47522,0.45503,0.61488,0.60485,0.7029,0.67025,0.12936,0.46864,-0.15441,-0.3053,-0.090697,-0.27973,0.63119,0.24584,1.1151,0,-0.33503,0.22703,0.53497,0.24749,0.24873,0.42877,-0.42431,-0.30712,-0.53195,0.11293,0.47414,0.75883,0.85303,0.15146,0.46836,0.58156,0.52978,0.33132,0.46548,0.66126,0.75752,0.25147,0.27203,0.67047,0.80435,0.94214,1.042,0.82242,1.2281,-0.12309,-0.15219,0.3275,0.41983,0.3304,0.38301,0.13909,0.26728,-0.27864,0.057139,0.33648,0.48363,0.1082,0.12257,0.26959,0.49422,-0.015386,-0.48919,-0.26137,-0.42499,-0.52029,-0.64639,-0.80251,-0.69318,0.45765,0.60349,0.1538,0.31569,-0.25816,0.089514
