,,,,,,,,,,,,,,,,,,,,,,,,,,,,,,,,,,,,,,,,,,,,,,,,,,,,,,,,,,,,,,,,,,,,,,,,,,,,,,,,,,,,,,,,,,,,,,,,,,,,,,,,
0,0.75768,-0.5146,-0.53007,0.40204,0.032301,0.90747,0.54826,0.26984,0.11539,0.55331,-0.0077978,-0.98726,-0.92567,-0.18508,-0.17782,-0.1448,-0.11587,-0.17521,-0.020134,-0.25335,-0.25364,0.063949,-0.17962,0.7334,0.28226,0.060469,0.28274,0.18032,0.11427,0.27027,0.18645,-0.78488,-0.755,-0.27977,-0.3797,-0.37129,-0.40657,0.70853,0.23771,0.90643,0.18932,-0.024372,-0.10199,-0.44363,-0.57111,0.057445,-0.35595,-0.41006,-0.44511,-0.58032,-0.55065,0.55044,0.18696,0.24187,-0.28469,-0.47075,-0.7863,-0.72509,0.04003,-0.25932,-0.22682,-0.60799,-0.61564,-0.68565,-0.61146,-0.67124,0.14413,-0.027521,-0.16828,-0.41372,-0.2419,-0.36917,-0.45248,-0.46677,-0.10513,-0.13236,-0.95397,-0.61377,-0.54144,-0.77749,-0.5768,-0.26999,-0.046776,-0.096963,-0.81799,-0.44618,-0.58615,-0.81297,-0.34074,-0.36698,-0.39931,-0.23422,0.62671,0.39543,0.42172,0.32315,0.45901,0.27402,-0.46952,-0.39638,-0.069872,-0.40913,0.22722,0.11486
0.75768,0,-0.12755,-0.24509,0.25719,0.37799,0.52734,1.1644,0.18863,0.32399,0.51122,0.34478,-0.85404,-0.74347,-0.25924,-0.20789,-0.073721,-0.062243,-0.088123,-0.01853,-0.31302,-0.12695,0.09795,0.057046,0.67136,0.30052,0.038194,0.17871,0.1361,0.13197,0.18561,0.31422,-0.52807,-0.4233,-0.23954,-0.22626,-0.29757,-0.12644,0.42174,0.41765,0.57203,0.49128,-0.092932,0.34994,-0.5319,-0.353,0.039533,-0.25327,-0.26542,-0.62028,-0.49535,-0.46087,0.24932,0.15222,0.40435,-0.32873,-0.36794,-0.46131,-0.38396,-0.12114,-0.11399,-0.26119,-0.4988,-0.59125,-0.59937,-0.54842,-0.53385,-0.056995,-0.095537,-0.12455,-0.34036,-0.40699,-0.32956,-0.44357,-0.40736,0.19963,0.45236,-0.27044,-0.15689,-0.096749,-0.54251,-0.4755,-0.018663,0.37463,0.2009,-0.62315,-0.22305,-0.37171,-0.55975,-0.11405,-0.18894,-0.75489,-0.24689,0.16688,0.27511,0.1661,0.26131,0.58148,0.67828,-0.42632,-0.28558,-0.15903,-0.04972,0.25713,0.33977
-0.5146,-0.12755,0,1.1544,-0.42974,-0.011373,-0.45649,-0.095101,0.41426,0.11914,-0.30563,0.15758,0.37989,0.53207,0.79325,0.6109,0.55487,0.39094,0.31248,0.0182,0.62047,0.25125,0.16085,0.16574,-0.30501,-0.33557,0.27527,-0.15551,0.23426,0.32121,0.070168,-0.21176,0.85289,0.7395,0.96117,0.92825,0.48039,0.75831,-0.50716,-0.19289,-0.58271,-0.35567,0.52473,0.28492,0.71211,0.44858,-0.35365,-0.052343,0.72003,-0.022299,0.25192,0.66471,0.12974,0.39692,0.44173,0.45225,0.77083,0.4891,0.5971,0.58829,0.74355,0.26775,0.77223,0.45124,0.57327,0.10831,0.23588,0.14464,0.24322,0.54268,0.51404,0.4953,0.28843,0.31119,0.47274,0.50304,0.6104,0.92395,0.67721,0.77827,0.90009,1.1523,0.35539,0.60089,0.45087,0.74729,0.59716,0.16721,0.51534,-0.019047,-0.16282,-0.28215,-0.30425,-0.13371,0.1871,-0.070974,0.0010609,0.050523,0.062027,0.38833,0.31628,0.29131,0.1619,0.76586,0.81654
-0.53007,-0.24509,1.1544,0,-0.49948,-0.10004,-0.27755,-0.031617,0.40631,0.46883,-0.078086,0.44614,0.43576,0.50013,0.77253,0.80505,0.32266,0.26345,0.27434,0.29086,0.36281,0.17281,0.14852,0.28243,-0.13958,-0.064895,0.26463,-0.10059,0.017298,0.048077,0.029965,-0.17698,0.51612,0.49956,0.63812,0.48463,0.54258,0.67132,-0.22303,0.11162,-0.34844,-0.093768,0.42931,0.13046,0.45374,0.41747,-0.14675,0.11929,0.24525,-0.060862,0.064254,0.31602,-0.069292,0.14363,0.33606,0.065558,0.3049,0.47283,0.58889,0.57966,1.0771,0.20402,0.48927,0.70743,0.43469,0.30233,0.48139,0.01506,0.063922,0.31975,0.32859,0.43546,0.44872,0.33746,0.43802,0.20606,0.67359,0.60313,0.64972,0.40293,0.96707,1.1197,0.75804,0.45809,0.6529,0.61912,0.75727,0.23915,0.3505,0.0062832,0.082181,-0.16741,-0.14548,-0.28581,0.19358,-0.16169,0.087757,-0.16401,0.06695,0.21344,0.15683,0.04201,0.28977,0.29763,0.4268
0.40204,0.25719,-0.42974,-0.49948,0,0.97264,0.40956,0.35439,-0.064221,-0.048259,0.33933,0.1606,-0.072728,-0.069168,-0.24577,-0.47479,-0.19984,-0.27153,0.049182,-0.16895,-0.18812,-0.52876,0.20384,-0.032484,0.31486,0.28378,0.014824,0.27496,0.1856,-0.039553,-0.096551,0.0080282,-0.1686,-0.11051,-0.27444,-0.21915,-0.043079,-0.08227,0.13525,0.13634,0.24996,0.28455,-0.34003,0.090454,-0.26558,-0.10026,0.31962,0.21196,-0.069726,0.3693,0.34688,-0.33525,0.2907,0.31702,-0.16744,-0.060159,-0.14172,-0.03689,-0.066721,-0.27401,-0.36723,0.025073,-0.19893,-0.44314,-0.34772,-0.072543,-0.13487,0.22809,-0.038758,-0.18745,-0.19241,-0.2042,-0.23693,-0.012316,-0.16841,0.15274,-0.10284,-0.21637,-0.031436,-0.076351,-0.12726,-0.434,-0.38705,-0.39228,0.044984,-0.056665,-0.18967,0.184,0.027145,0.20056,-0.042088,-0.12464,-0.21428,0.07354,-0.047036,0.2009,0.10866,0.10664,0.14584,-0.48674,-0.40559,-0.45794,-0.74249,-0.22879,-0.13852
0.032301,0.37799,-0.011373,-0.10004,0.97264,0,-0.011963,0.43098,-0.22356,0.16373,0.071897,0.39825,0.042125,0.13207,-0.24191,-0.43692,-0.28151,-0.40109,-0.084009,-0.29253,-0.28028,-0.4819,-0.0039051,0.017601,0.17881,0.14892,-0.19655,-0.098312,-0.038181,-0.062795,-0.2605,-0.048919,0.056485,0.19827,-0.058278,0.035183,0.087454,0.29056,-0.085088,0.26882,-0.029978,0.30761,-0.15243,0.48836,-0.19528,0.072999,0.19019,0.10336,0.0031167,0.13242,0.37685,-0.26302,-0.014841,0.25232,-0.10286,-0.10336,0.017109,0.1789,0.20037,-0.42164,-0.089348,-0.17161,-0.16823,-0.14156,-0.15947,-0.038623,-0.066971,-0.1091,-0.31603,-0.25051,-0.22806,-0.27472,-0.23206,0.01812,-0.1375,0.20186,0.19689,0.078767,0.18532,0.088891,0.10553,-0.18715,-0.18102,-0.061264,0.12889,0.020948,-0.12657,0.24569,0.15889,0.42236,0.071984,-0.19625,-0.11145,-0.25273,-0.094828,-0.1387,-0.085695,0.053335,0.19996,-0.44705,-0.37669,-0.57682,-0.40776,-0.19011,-0.037156
0.90747,0.52734,-0.45649,-0.27755,0.40956,-0.011963,0,0.86051,0.57113,0.27851,1.0141,0.27392,-0.4508,-0.56675,0.010058,0.15277,0.16666,0.19223,0.41491,0.5162,-0.14746,-0.044034,0.62501,0.21353,0.96666,0.70485,0.42936,0.73414,0.47294,0.20135,0.61594,0.475,-0.6249,-0.65741,-0.22814,-0.42381,-0.013343,-0.2987,0.85575,0.38716,1.0271,0.49466,-0.073961,-0.10919,-0.38633,-0.19458,0.21589,0.12257,-0.44835,-0.08738,-0.28562,-0.45058,0.36973,0.024136,0.22147,-0.35107,-0.60343,-0.52905,-0.51615,0.19034,-0.17731,0.26245,-0.28813,-0.59138,-0.59455,-0.23245,-0.1869,0.37918,0.17946,0.11931,-0.063589,0.031928,0.0867,-0.24746,-0.108,0.055241,0.19312,-0.43467,-0.15288,-0.22933,-0.39869,-0.41763,0.097693,-0.1695,0.32532,-0.36055,0.14183,-0.21332,-0.5267,-0.43452,-0.050348,-0.46801,-0.41393,0.45373,0.29552,0.60335,0.63778,0.36325,0.50897,-0.37257,-0.29351,-0.18102,-0.28216,0.011626,0.075574
0.54826,1.1644,-0.095101,-0.031617,0.35439,0.43098,0.86051,0,0.46589,0.55467,0.79571,0.68651,-0.43791,-0.46657,-0.067937,0.065934,0.043501,0.095433,0.27574,0.31334,-0.2951,-0.053135,0.44794,0.25557,0.79288,0.60341,0.28399,0.38677,0.26257,0.15098,0.36796,0.47368,-0.44388,-0.34658,-0.14948,-0.2265,-0.10971,-0.021711,0.47207,0.52274,0.59921,0.65765,-0.075042,0.26513,-0.44548,-0.11312,0.24265,0.10905,-0.30459,-0.31744,-0.27035,-0.50606,0.21274,0.13234,0.40714,-0.44434,-0.50908,-0.24952,-0.20004,0.0080563,0.00045963,0.11181,-0.32084,-0.57577,-0.57426,-0.20928,-0.14801,0.14268,0.037166,0.021907,-0.18797,-0.14534,-0.015353,-0.1803,-0.10687,0.24712,0.66629,-0.11382,0.12262,0.054328,-0.22712,-0.39203,0.1592,0.23188,0.51489,-0.33687,0.16233,-0.051431,-0.40538,-0.16971,0.017746,-0.94401,-0.48371,-0.0065517,0.14947,0.21349,0.4261,0.37136,0.72837,-0.54721,-0.39987,-0.39044,-0.15271,0.089869,0.20791
0.26984,0.18863,0.41426,0.40631,-0.064221,-0.22356,0.57113,0.46589,0,0.48026,0.60858,0.35771,-0.010746,-0.058859,0.95431,0.96139,0.76258,0.63398,0.70733,0.6343,0.53336,0.25342,0.77629,0.36875,0.41458,0.34075,1.0219,0.52111,0.66287,0.48057,0.66703,0.2025,0.074077,-0.013132,0.46209,0.25959,0.19765,0.14848,0.20737,0.089427,0.29061,0.068578,0.42444,-0.031122,0.2154,0.15331,-0.10007,0.091603,0.16356,-0.045792,-0.060792,0.011571,0.6843,0.46398,0.79839,0.11993,0.010559,-0.034038,0.0069511,1.1283,0.51556,0.59869,0.36943,-0.061759,-0.088718,-0.050849,0.095929,0.70871,0.51568,0.54752,0.35618,0.56039,0.33248,0.02798,0.31726,0.52762,0.63766,0.20316,0.32782,0.41848,0.29317,0.33441,0.36835,0.18968,0.66776,0.23528,0.67179,-0.078377,-0.16271,-0.63078,-0.35103,-0.9068,-1.073,0.28136,0.36302,0.46521,0.43198,0.16744,0.20002,0.067361,0.0025073,0.14068,-0.17845,0.59563,0.61981
0.11539,0.32399,0.11914,0.46883,-0.048259,0.16373,0.27851,0.55467,0.48026,0,0.67254,1.0666,0.0040788,-0.044804,0.33749,0.49397,-0.038024,-0.089589,0.026477,0.5379,-0.099808,-0.11125,0.1891,0.3881,0.55173,0.5588,0.2732,0.09201,-0.13223,-0.05258,0.097935,0.11531,-0.21416,-0.063566,0.025218,-0.10542,0.04323,0.14936,0.33547,0.65956,0.39203,0.53523,0.1876,0.066643,-0.25742,0.028212,0.1282,0.11495,-0.44342,-0.28555,-0.22684,-0.57118,-0.019028,-0.023841,0.42778,-0.59748,-0.54955,0.012175,0.056063,0.355,0.82599,-0.057698,-0.21995,0.32507,-0.40335,0.12278,0.22882,-0.074351,-0.23402,-0.23081,-0.23464,-0.033684,0.089014,-0.11803,-0.0361,-0.01426,0.65481,-0.06411,0.14816,-0.087096,0.18454,0.074015,0.70999,0.11927,0.49655,-0.16648,0.24841,-0.068986,-0.48566,-0.097324,0.047432,-0.56604,-0.37283,-0.18925,0.13671,-0.16173,0.0049964,-0.24377,0.064868,-0.22422,-0.26299,-0.32596,0.098824,-0.16203,0.079028
0.55331,0.51122,-0.30563,-0.078086,0.33933,0.071897,1.0141,0.79571,0.60858,0.67254,0,0.76597,-0.25804,-0.32469,0.18763,0.19607,0.17119,0.15303,0.26482,0.61097,-0.013079,-0.21931,0.51343,0.38331,1.0182,0.87723,0.4699,0.70861,0.32163,0.083655,0.38366,0.32053,-0.43533,-0.37301,-0.25926,-0.37383,0.0042074,-0.093641,0.59758,0.53201,0.83626,0.69529,-0.19828,-0.061041,-0.42859,-0.13333,0.036601,0.12283,-0.41031,-0.027314,-0.22374,-0.51352,0.23576,-0.0099334,0.27556,-0.49492,-0.66357,-0.29626,-0.27534,0.31582,0.18322,0.13147,-0.29136,-0.27371,-0.72771,-0.17182,-0.058162,0.3711,0.097876,-0.011995,-0.086141,-0.056985,0.06694,-0.26724,-0.14676,0.2601,0.54221,-0.19456,0.098684,-0.0012511,-0.13275,-0.26128,0.44135,-0.048482,0.60556,-0.18426,0.23447,-0.19877,-0.64505,-0.26308,-0.16636,-0.73894,-0.57884,0.12562,0.15811,0.23918,0.28636,0.044755,0.27846,-0.34048,-0.27365,-0.15449,-0.16399,-0.15999,0.14787
-0.0077978,0.34478,0.15758,0.44614,0.1606,0.39825,0.27392,0.68651,0.35771,1.0666,0.76597,0,0.16664,0.22142,0.29318,0.37487,0.081233,0.11763,0.22459,0.56536,-0.0076207,-0.092379,0.4013,0.58076,0.575,0.71948,0.27353,0.33765,0.086524,0.092441,0.18627,0.31975,0.063288,0.24353,0.10531,0.086891,0.19963,0.4732,0.20848,0.54123,0.28019,0.5881,-0.011561,0.24141,-0.051149,0.34425,0.065703,0.24517,-0.12826,0.0052554,0.083733,-0.28597,-0.19273,-0.10069,0.11548,-0.62457,-0.34317,0.29854,0.38547,0.24875,0.71757,0.15024,-0.057429,0.15404,-0.29195,0.22237,0.3739,0.18493,0.028718,0.034761,0.044872,0.11066,0.34832,0.19756,0.2173,0.28555,0.84722,0.25651,0.63059,0.19871,0.4393,0.0044761,0.77198,0.24568,0.92388,0.11697,0.49143,0.18439,-0.20698,0.22564,0.12413,-0.64244,-0.42591,-0.47174,-0.08282,-0.30024,-0.033676,-0.34346,0.12469,-0.27045,-0.1959,-0.25495,0.098993,-0.23583,0.18985
-0.98726,-0.85404,0.37989,0.43576,-0.072728,0.042125,-0.4508,-0.43791,-0.010746,0.0040788,-0.25804,0.16664,0,1.6177,0.37163,0.36203,0.30638,0.32047,0.45679,0.2591,0.32363,0.22908,0.27552,0.30449,-0.55558,-0.067684,0.19697,0.017151,0.062835,0.15369,-0.018339,-0.033555,1.0138,1.0095,0.46982,0.49383,0.37027,0.38487,-0.69516,-0.47959,-0.65658,-0.3533,0.12517,-0.17067,0.76208,0.95474,0.066368,0.65194,0.53558,1.0521,1.1417,0.48155,-0.46603,-0.24698,-0.42699,0.2039,0.33414,1.1446,0.97249,0.29161,0.39787,0.64613,0.76103,0.48795,0.48348,1.0719,1.0949,0.25912,0.32945,0.30568,0.57272,0.55883,0.61057,0.911,0.95511,0.041067,0.076635,0.77901,0.71094,0.45835,1.0324,0.43257,0.30046,-0.30987,0.26297,0.7922,0.54741,0.80682,0.63134,0.49878,0.46282,0.22709,-0.18323,-0.63509,-0.67801,-0.42845,-0.48942,-0.70107,-0.37247,0.50324,0.41872,0.090537,0.12669,-0.24911,-0.05838
-0.92567,-0.74347,0.53207,0.50013,-0.069168,0.13207,-0.56675,-0.46657,-0.058859,-0.044804,-0.32469,0.22142,1.6177,0,0.47008,0.36696,0.32816,0.30955,0.3596,0.16263,0.49445,0.19688,0.21081,0.33298,-0.4466,-0.088431,0.11007,-0.017594,0.16359,0.31229,0.027722,-0.0050385,1.4871,1.6362,0.71749,0.83335,0.53385,0.73966,-0.63491,-0.39936,-0.63145,-0.36311,0.2698,0.075283,1.0216,1.1345,-0.17419,0.33981,0.68969,0.8197,1.21,0.65988,-0.43934,-0.17729,-0.42753,0.25245,0.58281,1.1992,1.1732,0.27294,0.51279,0.5225,0.85649,0.60832,0.60478,0.72562,0.81504,0.30142,0.29592,0.4288,0.73075,0.66252,0.66367,0.8822,0.95606,0.20358,0.098293,0.91001,0.87937,0.51804,1.3439,0.54441,0.3151,-0.085058,0.2976,0.97105,0.56551,0.61052,0.68737,0.58937,0.26849,0.1704,-0.16702,-0.58015,-0.53031,-0.49444,-0.55624,-0.72334,-0.47816,0.51814,0.4471,0.24233,0.14204,-0.13476,0.078007
-0.18508,-0.25924,0.79325,0.77253,-0.24577,-0.24191,0.010058,-0.067937,0.95431,0.33749,0.18763,0.29318,0.37163,0.47008,0,1.2055,0.78625,0.55713,0.55294,0.43935,1.2229,0.20818,0.4671,0.43653,0.08878,0.14764,0.88072,0.36252,0.65972,0.52984,0.4481,0.036102,0.61003,0.4946,0.928,0.74158,0.54322,0.5765,-0.059022,-0.0068317,-0.035725,-0.083173,0.69197,0.12924,0.70584,0.48563,-0.43422,-0.029042,0.45987,0.15521,0.25964,0.40204,0.4129,0.40041,0.47478,0.39803,0.49258,0.34294,0.39638,1.0862,0.93393,0.54841,0.84332,0.46814,0.23891,0.072154,0.28753,0.72412,0.43386,0.73464,0.71507,0.84346,0.54116,0.21881,0.57775,0.60167,0.5231,0.52722,0.65671,0.5824,0.8631,0.93393,0.49219,0.2062,0.65136,0.73774,0.86757,0.03958,0.21105,-0.27796,-0.37318,-0.4649,-0.70731,0.15345,0.30382,0.24578,0.13299,-0.13623,-0.21771,0.38061,0.2315,0.37565,-0.017842,0.50387,0.61404
-0.17782,-0.20789,0.6109,0.80505,-0.47479,-0.43692,0.15277,0.065934,0.96139,0.49397,0.19607,0.37487,0.36203,0.36696,1.2055,0,0.69696,0.67667,0.67867,0.85778,0.67863,0.56868,0.58174,0.53733,0.16066,0.24151,0.73755,0.31243,0.46006,0.53723,0.62557,0.26936,0.40912,0.35509,0.83626,0.5601,0.39718,0.39462,0.099912,0.02413,0.069708,-0.050789,0.75731,0.0091041,0.61073,0.55583,-0.17869,0.14049,0.23586,0.032076,0.11106,0.28871,0.1297,0.068032,0.38606,0.055585,0.1721,0.30699,0.36872,1.0912,0.95821,0.68256,0.64879,0.44299,0.27282,0.29781,0.48495,0.50238,0.45042,0.66528,0.66507,0.92333,0.81657,0.34159,0.73119,0.28717,0.49708,0.4395,0.55616,0.36025,0.67728,0.63507,0.71746,0.25923,0.64736,0.47129,1.0432,0.087018,0.060238,-0.28859,-0.058469,-0.3836,-0.52597,-0.0041168,0.17016,0.08102,0.1339,-0.2263,-0.093587,0.38751,0.26112,0.30559,0.22326,0.33542,0.40553
-0.1448,-0.073721,0.55487,0.32266,-0.19984,-0.28151,0.16666,0.043501,0.76258,-0.038024,0.17119,0.081233,0.30638,0.32816,0.78625,0.69696,0,1.4475,1.1432,0.63998,0.89531,0.66872,0.9311,0.67269,0.13835,0.25398,0.67757,0.43498,1.0073,0.9639,0.95888,0.40583,0.59042,0.4079,0.74021,0.66797,0.65147,0.46018,-0.074131,-0.21121,-0.0054521,-0.19247,0.49363,0.21756,0.60861,0.69194,-0.45057,0.05857,0.59896,0.25003,0.30756,0.50884,0.23985,0.086615,0.2102,0.55339,0.52576,0.141,0.1831,0.93325,0.32725,0.75594,0.86887,0.069597,0.4012,0.02555,0.17173,0.76889,0.74322,1.2824,1.1352,1.0367,0.7171,0.14502,0.5764,0.80405,0.48055,0.69429,0.54788,0.63695,0.46756,0.49192,0.46725,0.12382,0.55807,0.58851,0.78845,-0.058275,0.16192,-0.35307,-0.16571,-0.36617,-0.67563,0.20452,0.12381,0.27251,0.13317,0.076228,0.10784,0.73646,0.65553,0.68946,0.21521,0.51079,0.79945
-0.11587,-0.062243,0.39094,0.26345,-0.27153,-0.40109,0.19223,0.095433,0.63398,-0.089589,0.15303,0.11763,0.32047,0.30955,0.55713,0.67667,1.4475,0,1.125,0.74474,0.66517,0.98193,0.93959,0.68372,0.05845,0.29466,0.61282,0.49134,0.83499,0.92031,1.0335,0.64443,0.5274,0.3897,0.61093,0.58487,0.3582,0.32483,-0.080194,-0.341,0.005006,-0.24042,0.38142,0.071961,0.64676,0.75799,-0.2495,0.19491,0.59441,0.25514,0.24215,0.47634,0.086326,-0.099663,0.054494,0.35619,0.35888,0.25358,0.28531,0.80897,0.26575,0.94354,0.77611,-0.064155,0.385,0.22379,0.33608,0.83672,1.0862,1.3131,1.0985,1.0874,0.93866,0.39272,0.80255,0.57202,0.36466,0.61257,0.58049,0.5231,0.39824,0.24809,0.44311,0.18415,0.56677,0.45351,0.76499,0.093111,0.13267,-0.17608,0.043969,-0.34149,-0.58762,-0.047137,-0.13159,0.077534,0.03864,-0.065328,0.086023,0.67478,0.69494,0.71173,0.356,0.38699,0.57595
-0.17521,-0.088123,0.31248,0.27434,0.049182,-0.084009,0.41491,0.27574,0.70733,0.026477,0.26482,0.22459,0.45679,0.3596,0.55294,0.67867,1.1432,1.125,0,0.84248,0.51148,0.62459,1.4659,0.76568,0.16781,0.44876,0.84256,0.67964,0.97373,0.71122,0.90339,0.5852,0.4389,0.30564,0.51235,0.39648,0.55857,0.27581,0.029532,-0.11556,0.077845,0.045623,0.29971,0.12437,0.47684,0.7909,0.031594,0.53759,0.38546,0.48293,0.46491,0.30381,0.12185,0.013967,0.079728,0.31831,0.25298,0.31657,0.31584,0.59959,0.17892,1.3304,0.80247,-0.08641,0.27421,0.34812,0.49037,0.82781,0.80753,1.085,0.96862,0.93354,0.94771,0.39841,0.83263,0.54795,0.47451,0.62791,0.70201,0.55182,0.47929,0.26463,0.41117,-0.057781,0.76335,0.56752,1.1092,0.36089,0.33004,-0.16067,0.21799,-0.32067,-0.63954,-0.0028569,-0.050853,0.32633,0.31525,0.043324,0.3051,0.42494,0.42463,0.22188,0.1012,0.21027,0.40808
-0.020134,-0.01853,0.0182,0.29086,-0.16895,-0.29253,0.5162,0.31334,0.6343,0.5379,0.61097,0.56536,0.2591,0.16263,0.43935,0.85778,0.63998,0.74474,0.84248,0,0.24892,0.64299,0.90123,1.0156,0.54322,0.8628,0.50103,0.48009,0.41044,0.48212,0.89574,0.71412,0.067482,0.079087,0.26542,0.10702,0.39651,0.19235,0.43216,0.26055,0.46807,0.28838,0.34193,0.046115,0.13403,0.55604,0.019154,0.35368,-0.13804,0.098366,0.016555,-0.10636,-0.12455,-0.37128,0.057917,-0.23032,-0.2328,0.077862,0.11578,0.66497,0.48331,0.60691,0.26535,0.21482,0.10076,0.33788,0.4806,0.41023,0.35533,0.46467,0.51987,0.67286,0.95975,0.15557,0.45223,0.22553,0.44545,0.22751,0.37853,0.072748,0.29086,0.09129,1.0124,0.00709,0.69366,0.182,0.84453,0.018162,-0.23168,-0.21155,0.24605,-0.28553,-0.40409,-0.12553,-0.045485,-0.020937,0.097857,-0.32848,0.089095,0.34989,0.32951,0.20748,0.41583,-0.17936,0.11281
-0.25335,-0.31302,0.62047,0.36281,-0.18812,-0.28028,-0.14746,-0.2951,0.53336,-0.099808,-0.013079,-0.0076207,0.32363,0.49445,1.2229,0.67863,0.89531,0.66517,0.51148,0.24892,0,0.34738,0.42473,0.46065,-0.044232,0.043542,0.67485,0.37675,0.86986,0.70387,0.45523,0.12951,0.78458,0.59041,0.80844,0.89901,0.51756,0.52857,-0.13182,-0.18291,-0.094778,-0.1581,0.5537,0.26574,0.81781,0.50898,-0.58841,-0.1208,0.71825,0.24912,0.38938,0.68389,0.42984,0.38405,0.29145,0.77522,0.89001,0.33682,0.37078,0.71418,0.49528,0.55296,1.1641,0.36119,0.42219,-0.016301,0.16886,0.85145,0.61791,0.9873,1.0856,0.86693,0.53192,0.19089,0.55082,0.84738,0.24925,0.65486,0.62472,0.66885,0.68267,0.71729,0.24336,0.26003,0.38579,0.88767,0.66322,0.0013812,0.38757,-0.17519,-0.43626,-0.26154,-0.49901,0.19565,0.19283,0.24307,0.017643,-0.14085,-0.36446,0.66743,0.53623,0.79706,0.10775,0.49596,0.57655
-0.25364,-0.12695,0.25125,0.17281,-0.52876,-0.4819,-0.044034,-0.053135,0.25342,-0.11125,-0.21931,-0.092379,0.22908,0.19688,0.20818,0.56868,0.66872,0.98193,0.62459,0.64299,0.34738,0,0.50321,0.60009,-0.06743,0.16026,0.19577,0.050856,0.3177,0.67346,0.7286,0.7038,0.34675,0.27985,0.47836,0.47806,0.17774,0.15781,0.020949,-0.24308,-0.010912,-0.22943,0.53049,0.17174,0.46362,0.61079,-0.04068,0.16348,0.29925,-0.044855,0.056837,0.31107,-0.12186,-0.2622,0.012277,0.25931,0.28244,0.1953,0.22749,0.39509,0.17168,0.58673,0.58204,0.13963,0.65522,0.33933,0.371,0.25972,0.58956,0.72514,0.7376,0.82594,0.8499,0.32198,0.61092,0.20613,0.05002,0.42216,0.26126,0.17459,0.20483,0.10508,0.32371,0.28659,0.13813,0.21552,0.48993,0.065348,0.13499,-0.13478,0.28041,-0.012628,-0.11885,-0.18965,-0.20653,-0.15381,-0.097455,-0.22245,-0.051432,0.80577,0.80012,0.62882,0.74493,0.17658,0.14707
0.063949,0.09795,0.16085,0.14852,0.20384,-0.0039051,0.62501,0.44794,0.77629,0.1891,0.51343,0.4013,0.27552,0.21081,0.4671,0.58174,0.9311,0.93959,1.4659,0.90123,0.42473,0.50321,0,0.95117,0.42126,0.72143,0.84317,0.84037,0.92079,0.71605,0.93967,0.74104,0.2418,0.17812,0.3233,0.27818,0.42722,0.19374,0.23678,0.03658,0.33987,0.2066,0.17793,0.10569,0.28405,0.60611,0.16229,0.56664,0.20364,0.35297,0.34972,0.05211,0.22665,0.044577,0.17815,0.14488,0.050742,0.2221,0.23934,0.62946,0.24516,1.1009,0.55883,-0.13366,0.039642,0.32494,0.47158,0.87218,0.86086,0.84019,0.68394,0.79334,0.78121,0.31158,0.63661,0.51046,0.42035,0.405,0.54861,0.33284,0.34589,0.028532,0.41801,-0.0078596,0.73372,0.33041,0.79814,0.27547,0.12896,-0.12892,0.22079,-0.4907,-0.80275,0.019312,-0.046078,0.28882,0.28504,-0.045917,0.26418,0.31188,0.39654,0.23869,0.10403,0.16171,0.456
-0.17962,0.057046,0.16574,0.28243,-0.032484,0.017601,0.21353,0.25557,0.36875,0.3881,0.38331,0.58076,0.30449,0.33298,0.43653,0.53733,0.67269,0.68372,0.76568,1.0156,0.46065,0.60009,0.95117,0,0.47114,1.0089,0.50624,0.50814,0.56491,0.63905,0.76647,0.93036,0.31154,0.33768,0.3234,0.36092,0.60119,0.42958,0.35666,0.36127,0.41881,0.45661,0.35164,0.49872,0.22008,0.78438,-0.020798,0.34395,0.020915,0.10751,0.20711,-0.077955,-0.073752,-0.21128,0.072308,0.10818,0.1244,0.31025,0.37248,0.41072,0.51514,0.52713,0.50664,0.34524,0.19102,0.32033,0.54581,0.47488,0.42013,0.64493,0.67695,0.70657,1.0082,0.16681,0.49643,0.49024,0.46413,0.44163,0.60427,0.15987,0.4411,0.12438,0.84368,0.15618,0.73261,0.31381,0.74211,0.14338,0.093026,0.081785,0.33867,-0.32521,-0.41462,-0.22156,-0.074098,-0.054313,-0.00065448,-0.37691,0.013356,0.56359,0.65757,0.367,0.64382,-0.1305,0.27809
0.7334,0.67136,-0.30501,-0.13958,0.31486,0.17881,0.96666,0.79288,0.41458,0.55173,1.0182,0.575,-0.55558,-0.4466,0.08878,0.16066,0.13835,0.05845,0.16781,0.54322,-0.044232,-0.06743,0.42126,0.47114,0,1.025,0.18508,0.4319,0.36119,0.29775,0.59587,0.54143,-0.48135,-0.39016,-0.076711,-0.18404,0.23161,0.11105,1.2616,0.9525,1.3923,0.78756,0.14967,0.39862,-0.42296,-0.084361,-0.11517,-0.21452,-0.57278,-0.39965,-0.37492,-0.59204,0.23782,-0.017083,0.26473,-0.4156,-0.41416,-0.53888,-0.4063,0.12932,0.1216,-0.091595,-0.36267,-0.13369,-0.44037,-0.46337,-0.31115,0.17789,-0.12873,0.053571,-0.060028,0.037722,0.12324,-0.49457,-0.28876,0.25786,0.33508,-0.33631,-0.074634,-0.26798,-0.24373,-0.26549,0.38585,0.12367,0.38668,-0.31325,0.12797,-0.51963,-0.66536,-0.35645,-0.2092,-0.55902,-0.31282,0.35572,0.4675,0.28402,0.36357,0.14345,0.28117,-0.28117,-0.22033,-0.067387,-0.043778,-0.081772,0.16498
0.28226,0.30052,-0.33557,-0.064895,0.28378,0.14892,0.70485,0.60341,0.34075,0.5588,0.87723,0.71948,-0.067684,-0.088431,0.14764,0.24151,0.25398,0.29466,0.44876,0.8628,0.043542,0.16026,0.72143,1.0089,1.025,0,0.4233,0.68895,0.39866,0.30847,0.67446,0.95565,-0.21728,-0.1387,-0.084401,-0.10621,0.27984,0.12798,0.8227,0.7248,0.98408,0.87371,0.071697,0.32718,-0.22174,0.30371,0.12878,0.23455,-0.40865,-0.016416,-0.062285,-0.6018,0.024024,-0.21706,0.027168,-0.27286,-0.3589,-0.068404,-0.028611,0.13241,0.19379,0.23655,-0.071053,-0.027701,-0.34043,0.059338,0.2151,0.40021,0.15376,0.21923,0.13833,0.27116,0.50252,-0.097647,0.099288,0.23308,0.3051,-0.10119,0.20944,-0.17713,0.012214,-0.30378,0.5159,-0.11051,0.55202,-0.12422,0.32942,-0.033818,-0.31916,-0.082486,0.21826,-0.4152,-0.38394,-0.01027,0.053105,0.14016,0.2048,-0.21331,0.10051,-0.044781,0.036841,-0.060378,0.19425,-0.36464,0.013403
0.060469,0.038194,0.27527,0.26463,0.014824,-0.19655,0.42936,0.28399,1.0219,0.2732,0.4699,0.27353,0.19697,0.11007,0.88072,0.73755,0.67757,0.61282,0.84256,0.50103,0.67485,0.19577,0.84317,0.50624,0.18508,0.4233,0,1.0988,0.85195,0.39977,0.51721,0.33083,0.20661,0.08981,0.31181,0.23824,0.14488,0.012301,0.10032,-0.00055703,0.22469,0.24104,0.1935,-0.056809,0.338,0.31905,0.073835,0.38947,0.28274,0.29545,0.20383,0.070225,0.51774,0.36554,0.45336,0.30058,0.1196,0.28777,0.25273,0.68046,0.36408,0.85308,0.59375,-0.10134,-0.20783,0.18931,0.37503,1.0711,0.80297,0.67002,0.47763,0.50718,0.44273,0.24244,0.58001,0.46263,0.51251,0.29748,0.53318,0.46204,0.33867,0.244,0.23768,-0.052929,0.75457,0.31399,0.69321,0.30422,0.17234,-0.22692,-0.077401,-0.6307,-0.88078,0.20048,0.18497,0.62573,0.46101,0.13406,0.15682,0.16661,0.13656,0.11075,-0.091697,0.39475,0.52502
0.28274,0.17871,-0.15551,-0.10059,0.27496,-0.098312,0.73414,0.38677,0.52111,0.09201,0.70861,0.33765,0.017151,-0.017594,0.36252,0.31243,0.43498,0.49134,0.67964,0.48009,0.37675,0.050856,0.84037,0.50814,0.4319,0.68895,1.0988,0,0.85777,0.33032,0.54631,0.57087,0.002592,-0.059626,0.0017298,-0.00025183,0.09576,-0.069859,0.35096,0.11264,0.50374,0.46964,-0.14287,-0.047588,0.14286,0.25845,0.12222,0.37057,0.10814,0.36882,0.16897,-0.037797,0.2783,0.076263,0.056306,0.014991,-0.089106,0.1448,0.12653,0.29727,0.052034,0.6623,0.26055,-0.36395,-0.4211,0.098053,0.24655,1.0755,0.76323,0.54731,0.38262,0.30839,0.43461,0.21502,0.41223,0.36179,0.30356,0.086242,0.42445,0.20231,0.084059,-0.15495,0.16469,-0.14739,0.69523,0.11363,0.46555,0.24737,0.037545,-0.015382,0.019108,-0.4408,-0.5369,0.21117,0.098139,0.57748,0.48669,0.12743,0.23325,-0.033444,0.051094,0.075226,-0.089597,0.082666,0.3385
0.18032,0.1361,0.23426,0.017298,0.1856,-0.038181,0.47294,0.26257,0.66287,-0.13223,0.32163,0.086524,0.062835,0.16359,0.65972,0.46006,1.0073,0.83499,0.97373,0.41044,0.86986,0.3177,0.92079,0.56491,0.36119,0.39866,0.85195,0.85777,0,1.0955,1.0274,0.58173,0.3723,0.23636,0.56195,0.53291,0.48459,0.32616,0.19273,-0.055676,0.31158,0.089604,0.413,0.33851,0.47548,0.47543,-0.35354,0.00092589,0.44755,0.26489,0.33947,0.36992,0.46979,0.24819,0.19596,0.51646,0.46101,0.073802,0.098186,0.49762,0.087587,0.79644,0.69498,-0.20568,0.075104,-0.16174,0.0032998,1.2434,0.74186,1.2567,0.95322,0.75181,0.56027,0.099277,0.50541,0.83453,0.34615,0.36877,0.50736,0.48261,0.25839,0.19761,0.13818,0.066586,0.56309,0.42469,0.63311,-0.017896,0.17726,-0.2207,-0.25501,-0.53124,-0.77585,0.37735,0.19582,0.58106,0.32657,0.23298,0.1432,0.3427,0.34418,0.49995,-0.088062,0.46811,0.6118
0.11427,0.13197,0.32121,0.048077,-0.039553,-0.062795,0.20135,0.15098,0.48057,-0.05258,0.083655,0.092441,0.15369,0.31229,0.52984,0.53723,0.9639,0.92031,0.71122,0.48212,0.70387,0.67346,0.71605,0.63905,0.29775,0.30847,0.39977,0.33032,1.0955,0,1.2403,0.75466,0.54035,0.48623,0.9094,0.90018,0.43584,0.4936,0.11212,-0.18474,0.22891,-0.1783,0.83034,0.42464,0.66377,0.7111,-0.4679,-0.14163,0.47402,0.091728,0.34167,0.39147,0.16038,-0.033509,0.068432,0.38568,0.48771,0.13045,0.18934,0.57018,0.26291,0.63766,0.65234,0.021122,0.30327,-0.051259,0.049079,0.747,0.60422,1.0944,0.99441,0.99116,0.68545,0.17903,0.59871,0.57825,0.20997,0.38805,0.38741,0.31277,0.29128,0.15193,0.24617,0.19333,0.32805,0.275,0.46905,-0.16121,0.010785,-0.083554,-0.13743,-0.45662,-0.69603,0.13641,-0.045245,0.061179,-0.14363,-0.057098,-0.0829,0.63989,0.61571,0.81303,0.17268,0.42232,0.54746
0.27027,0.18561,0.070168,0.029965,-0.096551,-0.2605,0.61594,0.36796,0.66703,0.097935,0.38366,0.18627,-0.018339,0.027722,0.4481,0.62557,0.95888,1.0335,0.90339,0.89574,0.45523,0.7286,0.93967,0.76647,0.59587,0.67446,0.51721,0.54631,1.0274,1.2403,0,1.0733,0.14814,0.08616,0.52403,0.40239,0.44779,0.29262,0.46674,0.084973,0.55851,0.081177,0.6308,0.30116,0.31384,0.53279,-0.31371,-0.060063,0.11007,-0.026126,0.034349,0.10816,0.16505,-0.16461,0.1165,0.15125,0.11909,-0.13069,-0.073212,0.56295,0.16297,0.64066,0.37762,-0.10639,0.1171,-0.095333,0.035955,0.71562,0.54471,0.98091,0.7567,0.90016,0.80749,0.015591,0.43749,0.44006,0.26653,0.15821,0.25535,0.12359,0.098711,0.019938,0.40299,0.083489,0.42943,0.098006,0.55968,-0.25567,-0.2139,-0.37596,-0.045985,-0.45841,-0.61202,0.26141,0.10084,0.26711,0.17352,0.023796,0.096023,0.41025,0.41248,0.54834,0.2268,0.24201,0.37155
0.18645,0.31422,-0.21176,-0.17698,0.0080282,-0.048919,0.475,0.47368,0.2025,0.11531,0.32053,0.31975,-0.033555,-0.0050385,0.036102,0.26936,0.40583,0.64443,0.5852,0.71412,0.12951,0.7038,0.74104,0.93036,0.54143,0.95565,0.33083,0.57087,0.58173,0.75466,1.0733,0,0.015426,0.054051,0.15123,0.19701,0.15138,0.1247,0.53015,0.21238,0.6445,0.38522,0.26358,0.38632,0.10563,0.52626,0.045966,0.16689,-0.06404,-0.036542,0.038292,-0.15491,-0.12023,-0.39426,-0.10695,-0.067056,-0.081263,0.049827,0.081418,0.077854,0.019227,0.48814,0.17262,-0.18828,-0.054595,0.13029,0.23026,0.48493,0.48294,0.58509,0.45468,0.50166,0.75375,0.13945,0.41544,0.21908,0.13396,0.073963,0.25895,-0.064623,-0.041017,-0.39668,0.29203,0.084194,0.34069,-0.12498,0.32852,0.017412,-0.15076,0.042066,0.34524,-0.3423,-0.32771,-0.10143,-0.20123,0.013276,0.029063,-0.16626,0.073269,0.25643,0.38532,0.31512,0.45987,-0.12108,0.074669
-0.78488,-0.52807,0.85289,0.51612,-0.1686,0.056485,-0.6249,-0.44388,0.074077,-0.21416,-0.43533,0.063288,1.0138,1.4871,0.61003,0.40912,0.59042,0.5274,0.4389,0.067482,0.78458,0.34675,0.2418,0.31154,-0.48135,-0.21728,0.20661,0.002592,0.3723,0.54035,0.14814,0.015426,0,1.953,1.0619,1.3678,0.54929,0.85444,-0.71771,-0.53082,-0.70095,-0.51073,0.42802,0.23192,1.4549,1.1112,-0.3791,0.13299,1.1807,0.59614,0.9984,0.97009,-0.1898,0.036776,-0.21557,0.56312,1.0627,1.0174,1.077,0.3922,0.4737,0.54498,1.2078,0.46429,0.77691,0.4288,0.52254,0.43445,0.47727,0.73272,1.0013,0.80827,0.63188,0.75985,0.97332,0.4695,0.18634,1.1871,0.93889,0.77758,1.2414,0.70844,0.22252,0.13851,0.32718,1.0984,0.5908,0.4365,0.78173,0.40442,0.042178,0.024059,-0.26483,-0.36566,-0.31526,-0.30815,-0.42034,-0.38336,-0.34707,0.68104,0.59461,0.47906,0.15824,0.24638,0.40027
-0.755,-0.4233,0.7395,0.49956,-0.11051,0.19827,-0.65741,-0.34658,-0.013132,-0.063566,-0.37301,0.24353,1.0095,1.6362,0.4946,0.35509,0.4079,0.3897,0.30564,0.079087,0.59041,0.27985,0.17812,0.33768,-0.39016,-0.1387,0.08981,-0.059626,0.23636,0.48623,0.08616,0.054051,1.953,0,0.9463,1.277,0.46772,0.96698,-0.66876,-0.41264,-0.63519,-0.40445,0.38839,0.28537,1.1821,1.155,-0.32756,0.1266,0.95848,0.52847,0.99029,0.747,-0.32979,-0.052598,-0.28851,0.31922,0.79672,1.1237,1.2351,0.30066,0.56878,0.42929,0.88289,0.51649,0.65284,0.48166,0.5612,0.32995,0.34926,0.53425,0.78893,0.67398,0.5986,0.80041,0.89798,0.40266,0.20531,1.0713,0.96278,0.65503,1.2567,0.54013,0.27394,0.16944,0.33022,0.89367,0.51342,0.44505,0.62181,0.5769,0.09231,-0.0060756,-0.23333,-0.54853,-0.42376,-0.53108,-0.58797,-0.55324,-0.41116,0.53437,0.47972,0.37177,0.18279,0.097293,0.30223
-0.27977,-0.23954,0.96117,0.63812,-0.27444,-0.058278,-0.22814,-0.14948,0.46209,0.025218,-0.25926,0.10531,0.46982,0.71749,0.928,0.83626,0.74021,0.61093,0.51235,0.26542,0.80844,0.47836,0.3233,0.3234,-0.076711,-0.084401,0.31181,0.0017298,0.56195,0.9094,0.52403,0.15123,1.0619,0.9463,0,1.6385,0.62855,0.93041,-0.23855,-0.2618,-0.2647,-0.45591,1.1631,0.36042,1.2612,0.86322,-0.5448,-0.16495,0.74887,0.13159,0.45703,0.68968,0.072081,0.16103,0.10437,0.44596,0.86043,0.46067,0.57566,0.68617,0.64371,0.49517,0.91174,0.43881,0.6827,0.10499,0.22128,0.46916,0.36676,0.89028,0.93196,1.0985,0.68083,0.43602,0.78755,0.47644,0.2942,0.66984,0.62422,0.52799,0.88493,0.8094,0.31836,0.29315,0.3915,0.68686,0.67521,0.043918,0.34436,-0.015083,-0.19312,-0.23873,-0.44929,-0.016186,0.078214,-0.071855,-0.15327,-0.14404,-0.2011,0.54303,0.3965,0.49081,0.068193,0.56922,0.57387
-0.3797,-0.22626,0.92825,0.48463,-0.21915,0.035183,-0.42381,-0.2265,0.25959,-0.10542,-0.37383,0.086891,0.49383,0.83335,0.74158,0.5601,0.66797,0.58487,0.39648,0.10702,0.89901,0.47806,0.27818,0.36092,-0.18404,-0.10621,0.23824,-0.00025183,0.53291,0.90018,0.40239,0.19701,1.3678,1.277,1.6385,0,0.52772,1.0224,-0.3664,-0.33082,-0.36311,-0.43917,0.83075,0.47691,1.3607,0.94522,-0.5381,-0.16403,1.009,0.1776,0.58729,0.77536,0.038027,0.18262,0.030133,0.55292,1.1173,0.61757,0.74006,0.48683,0.56099,0.45214,1.0167,0.40559,0.69514,0.13472,0.24564,0.49533,0.45986,0.89845,0.96912,0.97974,0.61528,0.50444,0.79713,0.59476,0.20677,0.83201,0.72614,0.61239,0.9136,0.62244,0.18883,0.37238,0.29457,0.73771,0.52768,0.12186,0.47433,0.16277,-0.17927,-0.20096,-0.38701,-0.1298,-0.057122,-0.1833,-0.29485,-0.24697,-0.33764,0.60311,0.51155,0.61805,0.15261,0.51889,0.58167
-0.37129,-0.29757,0.48039,0.54258,-0.043079,0.087454,-0.013343,-0.10971,0.19765,0.04323,0.0042074,0.19963,0.37027,0.53385,0.54322,0.39718,0.65147,0.3582,0.55857,0.39651,0.51756,0.17774,0.42722,0.60119,0.23161,0.27984,0.14488,0.09576,0.48459,0.43584,0.44779,0.15138,0.54929,0.46772,0.62855,0.52772,0,0.94817,0.11807,0.28166,0.0019574,0.070806,0.49571,0.57822,0.39295,0.66057,-0.47417,-0.051567,0.17067,0.17455,0.33553,0.3429,-0.067061,-0.029372,-0.031059,0.35315,0.55743,0.13703,0.23845,0.31707,0.36586,0.23285,0.55441,0.56852,0.58073,-0.02658,0.15829,0.19786,0.0040034,0.62561,0.72346,0.67723,0.6534,0.0094978,0.27724,0.49024,0.33755,0.53015,0.49977,0.26826,0.67487,0.76028,0.60536,0.069745,0.46216,0.728,0.69815,-0.057078,0.35805,-0.10136,0.011463,0.060666,-0.1028,0.13251,0.30187,0.12613,0.15093,-0.084615,0.024398,0.44284,0.39223,0.27166,0.21368,0.051406,0.33339
-0.40657,-0.12644,0.75831,0.67132,-0.08227,0.29056,-0.2987,-0.021711,0.14848,0.14936,-0.093641,0.4732,0.38487,0.73966,0.5765,0.39462,0.46018,0.32483,0.27581,0.19235,0.52857,0.15781,0.19374,0.42958,0.11105,0.12798,0.012301,-0.069859,0.32616,0.4936,0.29262,0.1247,0.85444,0.96698,0.93041,1.0224,0.94817,0,-0.15936,0.13929,-0.22854,-0.074096,0.54789,0.75179,0.62178,0.80941,-0.6493,-0.25354,0.49672,0.064132,0.40675,0.47532,-0.14878,0.065295,-0.041885,0.17707,0.67022,0.39731,0.56391,0.28467,0.62322,0.14048,0.50952,0.52306,0.56141,-0.024037,0.13542,0.21706,0.03715,0.54984,0.64585,0.62631,0.55675,0.24375,0.39603,0.66551,0.45824,0.75591,0.81082,0.50822,0.98218,0.65457,0.49125,0.40624,0.48658,0.75919,0.59351,-0.0074971,0.29973,0.13704,-0.18295,-0.17118,-0.19269,-0.20086,0.091323,-0.26906,-0.17083,-0.2808,-0.19003,0.23763,0.19522,0.26701,0.15354,0.15984,0.4181
0.70853,0.42174,-0.50716,-0.22303,0.13525,-0.085088,0.85575,0.47207,0.20737,0.33547,0.59758,0.20848,-0.69516,-0.63491,-0.059022,0.099912,-0.074131,-0.080194,0.029532,0.43216,-0.13182,0.020949,0.23678,0.35666,1.2616,0.8227,0.10032,0.35096,0.19273,0.11212,0.46674,0.53015,-0.71771,-0.66876,-0.23855,-0.3664,0.11807,-0.15936,0,0.99766,1.7514,0.79996,0.14588,0.27006,-0.50678,-0.25084,0.07712,-0.17898,-0.89857,-0.5509,-0.62494,-0.69557,0.23249,-0.081644,0.23557,-0.33484,-0.44355,-0.63434,-0.5225,-0.053857,-0.042976,-0.16495,-0.40456,-0.05718,-0.35622,-0.38388,-0.26595,0.024891,-0.18054,-0.029012,-0.15998,-0.02311,0.10936,-0.5261,-0.35296,-0.053632,-0.013258,-0.62347,-0.32562,-0.62373,-0.44031,-0.32201,0.22092,0.083743,0.12419,-0.46616,0.0017231,-0.47867,-0.52863,-0.37557,-0.025949,-0.19454,0.019369,0.44285,0.53459,0.38666,0.49531,0.13697,0.19967,-0.21889,-0.14642,-0.058624,0.10533,-0.15962,-0.092558
0.23771,0.41765,-0.19289,0.11162,0.13634,0.26882,0.38716,0.52274,0.089427,0.65956,0.53201,0.54123,-0.47959,-0.39936,-0.0068317,0.02413,-0.21121,-0.341,-0.11556,0.26055,-0.18291,-0.24308,0.03658,0.36127,0.9525,0.7248,-0.00055703,0.11264,-0.055676,-0.18474,0.084973,0.21238,-0.53082,-0.41264,-0.2618,-0.33082,0.28166,0.13929,0.99766,0,0.78706,1.2808,0.03555,0.56926,-0.65373,-0.21481,0.029653,-0.16593,-0.85915,-0.58198,-0.50829,-0.73876,0.091736,0.052217,0.34026,-0.37402,-0.35792,-0.39121,-0.28344,-0.2109,0.1684,-0.40826,-0.42291,0.19321,-0.31738,-0.36169,-0.19136,-0.24222,-0.54822,-0.23135,-0.30049,-0.23099,-0.018925,-0.60085,-0.48969,0.1006,0.33389,-0.28536,-0.063566,-0.31894,-0.13913,-0.058799,0.38907,0.21171,0.27573,-0.22269,0.083234,-0.31408,-0.31745,-0.24081,-0.033691,-0.22627,0.11007,0.15788,0.58488,0.20099,0.4445,0.072536,0.22457,-0.3883,-0.33712,-0.37268,0.12564,-0.28798,-0.092302
0.90643,0.57203,-0.58271,-0.34844,0.24996,-0.029978,1.0271,0.59921,0.29061,0.39203,0.83626,0.28019,-0.65658,-0.63145,-0.035725,0.069708,-0.0054521,0.005006,0.077845,0.46807,-0.094778,-0.010912,0.33987,0.41881,1.3923,0.98408,0.22469,0.50374,0.31158,0.22891,0.55851,0.6445,-0.70095,-0.63519,-0.2647,-0.36311,0.0019574,-0.22854,1.7514,0.78706,0,0.78479,0.10578,0.19839,-0.50414,-0.23141,0.074925,-0.13215,-0.77776,-0.42498,-0.52186,-0.76426,0.28857,-0.094584,0.23461,-0.32445,-0.52093,-0.59266,-0.52643,0.030596,-0.037174,-0.075077,-0.39653,-0.18824,-0.55646,-0.36643,-0.26225,0.18382,-0.053727,-0.0074119,-0.1485,-0.031047,0.074447,-0.50506,-0.30392,0.0029856,0.04544,-0.63892,-0.30336,-0.55743,-0.49588,-0.46585,0.19901,-0.0084676,0.17474,-0.55623,-0.045631,-0.47144,-0.6857,-0.30584,-0.052641,-0.38769,-0.2089,0.40987,0.36315,0.36706,0.3538,0.12068,0.18622,-0.18601,-0.10389,0.0053032,0.046372,-0.14407,-0.023716
0.18932,0.49128,-0.35567,-0.093768,0.28455,0.30761,0.49466,0.65765,0.068578,0.53523,0.69529,0.5881,-0.3533,-0.36311,-0.083173,-0.050789,-0.19247,-0.24042,0.045623,0.28838,-0.1581,-0.22943,0.2066,0.45661,0.78756,0.87371,0.24104,0.46964,0.089604,-0.1783,0.081177,0.38522,-0.51073,-0.40445,-0.45591,-0.43917,0.070806,-0.074096,0.79996,1.2808,0.78479,0,-0.24086,0.42008,-0.65437,-0.15621,0.24165,0.14174,-0.67567,-0.24622,-0.27816,-0.6965,0.05857,0.0086591,0.24002,-0.36387,-0.4523,-0.18744,-0.16257,-0.309,0.011917,-0.1338,-0.31902,-0.069188,-0.5578,-0.15785,-0.010885,-0.014937,-0.23139,-0.16431,-0.22204,-0.3031,0.01729,-0.38287,-0.28981,0.15748,0.38536,-0.17273,0.098412,-0.14841,-0.18805,-0.29282,0.27102,0.081242,0.39021,-0.20863,0.14208,-0.010071,-0.19436,-0.047367,0.11655,-0.31537,-0.0064247,0.030015,0.28753,0.27478,0.46142,0.082903,0.30384,-0.39593,-0.28724,-0.41481,0.1099,-0.39714,-0.12678
-0.024372,-0.092932,0.52473,0.42931,-0.34003,-0.15243,-0.073961,-0.075042,0.42444,0.1876,-0.19828,-0.011561,0.12517,0.2698,0.69197,0.75731,0.49363,0.38142,0.29971,0.34193,0.5537,0.53049,0.17793,0.35164,0.14967,0.071697,0.1935,-0.14287,0.413,0.83034,0.6308,0.26358,0.42802,0.38839,1.1631,0.83075,0.49571,0.54789,0.14588,0.03555,0.10578,-0.24086,0,0.44807,0.57762,0.46493,-0.49039,-0.36691,0.19996,-0.24681,0.046754,0.23593,0.17052,0.087818,0.25831,0.36751,0.51341,0.057944,0.14199,0.53673,0.53107,0.21256,0.4954,0.51898,0.51635,-0.096797,0.0034272,0.21644,0.058718,0.5494,0.54456,0.78478,0.49655,0.022491,0.35814,0.23303,0.13893,0.1838,0.15446,0.07333,0.37442,0.5713,0.3123,0.23798,0.15355,0.23661,0.3878,-0.29053,0.0078856,-0.25585,-0.19261,-0.20329,-0.31305,0.17806,0.25726,0.014082,-0.10291,-0.096336,-0.22568,0.53496,0.35011,0.45345,0.18139,0.42085,0.29116
-0.10199,0.34994,0.28492,0.13046,0.090454,0.48836,-0.10919,0.26513,-0.031122,0.066643,-0.061041,0.24141,-0.17067,0.075283,0.12924,0.0091041,0.21756,0.071961,0.12437,0.046115,0.26574,0.17174,0.10569,0.49872,0.39862,0.32718,-0.056809,-0.047588,0.33851,0.42464,0.30116,0.38632,0.23192,0.28537,0.36042,0.47691,0.57822,0.75179,0.27006,0.56926,0.19839,0.42008,0.44807,0,0.04847,0.32335,-0.40669,-0.37846,0.073925,-0.34916,0.029072,0.012314,0.05946,0.17284,0.15918,0.26917,0.49984,-0.005251,0.1191,-0.18542,0.12152,-0.13825,0.19056,0.21096,0.29648,-0.39213,-0.22453,0.014142,-0.18106,0.33511,0.30968,0.19404,0.23679,-0.25056,-0.049788,0.68377,0.35333,0.32355,0.33316,0.20032,0.1983,0.18224,0.18671,0.48201,0.25218,0.22084,0.23524,-0.21142,0.16958,-0.0018303,-0.15553,-0.234,-0.016122,0.027086,0.32463,0.034466,0.099529,0.096034,0.091136,0.12227,0.14359,0.12788,0.25067,0.10823,0.24974
-0.44363,-0.5319,0.71211,0.45374,-0.26558,-0.19528,-0.38633,-0.44548,0.2154,-0.25742,-0.42859,-0.051149,0.76208,1.0216,0.70584,0.61073,0.60861,0.64676,0.47684,0.13403,0.81781,0.46362,0.28405,0.22008,-0.42296,-0.22174,0.338,0.14286,0.47548,0.66377,0.31384,0.10563,1.4549,1.1821,1.2612,1.3607,0.39295,0.62178,-0.50678,-0.65373,-0.50414,-0.65437,0.57762,0.04847,0,0.99771,-0.3308,0.074627,1.146,0.49464,0.73056,0.98255,-0.074554,0.041162,-0.19849,0.49593,0.91148,0.8301,0.88435,0.54894,0.45815,0.68357,1.1519,0.34082,0.67083,0.40739,0.48055,0.61662,0.68605,0.89585,1.0283,1.0449,0.72902,0.89868,1.2255,0.30044,0.036402,0.73507,0.70308,0.53377,0.93834,0.60402,0.13322,0.1012,0.27976,0.7811,0.56456,0.35911,0.61093,0.27644,-0.0086739,0.024763,-0.28976,-0.15744,-0.20311,-0.1421,-0.26537,-0.29532,-0.35268,0.62923,0.52692,0.56164,0.096023,0.41694,0.43107
