,,,,,,,,,,,,,,,,,,,,,,,,,,,,,,,,,,,,,,,,,,,,,,,,,,,,,,,,,,,,,,,,,,,,,,,,,,,,,,,,,,,,,,,,,,,,,,,,,,,,,,,,
0,0.93196,-0.54963,-0.47102,0.64123,0.15683,1.0282,0.52022,-0.2563,-0.075611,0.02759,-0.23728,-1.3628,-1.2069,-0.51865,-0.48279,-0.61767,-0.52841,-0.4984,-0.34669,-0.59272,-0.36476,-0.24222,-0.26817,0.16279,-0.010875,-0.17605,0.30412,0.031224,-0.24601,0.0053287,0.097822,-0.9824,-0.87077,-0.52746,-0.44851,-0.19443,-0.33682,0.67541,0.27756,0.68204,0.2563,-0.11416,0.018341,-0.45292,-0.66499,0.57383,-0.53372,-0.327,-0.70724,-0.75772,-0.36056,0.43616,0.18704,0.083597,-0.3442,-0.51983,-0.77264,-0.77264,-0.20789,-0.27981,-0.45516,-0.57253,-0.32204,-0.42529,-0.54265,-0.78468,-0.19572,-0.18828,-0.31184,-0.46323,-0.51271,-0.41626,-0.35315,-0.59298,-0.35736,-0.37544,-1.1246,-0.79682,-1.109,-0.81941,-0.62517,-0.53832,-0.32849,-0.42322,-1.0553,-0.68099,-0.62201,-0.674,0.182,-0.13819,0.44449,0.62129,0.96453,0.86858,0.54104,0.49896,0.60617,0.26051,-0.45671,-0.32059,-0.19691,-0.092667,0.25129,-0.092898
0.93196,0,-0.43247,-0.45333,0.70782,0.61909,0.50602,1.0194,-0.33554,0.028776,0.036929,0.0024733,-1.0052,-0.80539,-0.58142,-0.64352,-0.5182,-0.43657,-0.4107,-0.34595,-0.60433,-0.3039,-0.18227,-0.070062,0.27192,0.11487,-0.25148,0.17911,-0.022996,-0.20073,-0.12907,0.2309,-0.65848,-0.4912,-0.59904,-0.35512,-0.25641,-0.096689,0.42434,0.42409,0.51077,0.51793,-0.23224,0.42826,-0.48761,-0.32304,0.44752,-0.41563,-0.10968,-0.65739,-0.4979,-0.38629,0.21433,0.21779,-0.072932,-0.31689,-0.33786,-0.42106,-0.41319,-0.4527,-0.2865,-0.49353,-0.46941,-0.49872,-0.45936,-0.56045,-0.64431,-0.22649,-0.24641,-0.34334,-0.44857,-0.68284,-0.39829,-0.34594,-0.48986,-0.034805,-0.070198,-0.58333,-0.3776,-0.58261,-0.64996,-0.67891,-0.47943,-0.14002,-0.20486,-0.78035,-0.54503,-0.33732,-0.39504,0.34231,-0.013566,0.2033,0.50042,0.36109,0.44733,0.2834,0.33278,0.59756,0.42772,-0.48541,-0.29919,-0.29967,0.025104,0.11543,-0.025061
-0.54963,-0.43247,0,1.4371,-0.18736,0.030837,-0.66241,-0.36898,0.69258,0.48334,0.15293,0.61656,0.84002,0.91551,0.97335,0.78027,0.69818,0.67383,0.46536,0.30004,0.71948,0.372,0.29003,0.40031,-0.14894,0.075705,0.47248,0.096441,0.0077927,0.0035775,-0.044478,-0.32006,1.0133,0.90864,0.74802,0.71691,0.47659,0.88516,-0.58477,-0.18071,-0.6315,-0.27672,0.028415,-0.16487,0.86505,0.67871,-0.28707,0.28734,0.67343,0.51037,0.88907,0.51686,0.18463,0.5244,0.52172,0.27977,0.58436,0.95106,0.92659,0.98663,0.89458,0.53075,0.91391,0.49854,0.42959,0.48741,0.63611,0.55711,0.41594,0.52098,0.4815,0.63204,0.44309,0.68431,0.72172,0.72833,0.76608,0.98066,0.91208,0.72228,1.3718,1.1773,0.60845,0.391,0.62914,0.76182,0.69041,0.67431,0.68213,0.23251,0.045735,-0.47992,-0.63602,-0.38031,-0.067585,-0.016184,0.17534,-0.16324,0.092927,0.43946,0.25643,0.35654,0.12592,0.55046,0.80515
-0.47102,-0.45333,1.4371,0,-0.38221,-0.16403,-0.5351,-0.34351,0.84829,0.72821,0.3364,0.78793,0.67211,0.74633,1.1941,1.0792,0.65982,0.66868,0.42863,0.52925,0.6393,0.37742,0.31726,0.51242,0.11704,0.28897,0.41796,0.056647,-0.068846,-0.085451,0.056701,-0.2471,0.69555,0.63202,0.67412,0.49305,0.56508,0.96933,-0.25107,0.1168,-0.33581,-0.10622,0.16591,-0.19852,0.65798,0.67151,-0.32701,0.2577,0.34919,0.28192,0.51191,0.26508,0.13289,0.39187,0.49466,0.050751,0.31927,0.75471,0.76408,1.1217,1.2752,0.39049,0.66608,0.57507,0.2957,0.41244,0.71682,0.42493,0.22382,0.39289,0.35586,0.6509,0.57066,0.45417,0.64247,0.65085,0.84032,0.6642,0.78015,0.536,1.2284,1.1213,0.91162,0.29888,0.72514,0.65086,0.76289,0.51177,0.45385,0.054489,0.11074,-0.48603,-0.57968,-0.39523,0.035639,-0.01554,0.22092,-0.23507,0.071398,0.33367,0.16507,0.24692,0.12198,0.36234,0.66387
0.64123,0.70782,-0.18736,-0.38221,0,1.0104,0.57072,0.6323,-0.17513,-0.11167,0.11585,-0.053462,-0.46979,-0.39865,-0.3171,-0.5805,-0.26223,-0.38625,-0.15592,-0.4091,-0.17381,-0.5104,0.0028212,-0.093241,0.083326,-0.011775,-0.013687,0.29746,0.2832,-0.07989,-0.15183,-0.07345,-0.29778,-0.25653,-0.34066,-0.16219,0.080048,-0.082583,0.19651,0.15448,0.28589,0.32654,-0.31753,0.34569,-0.36142,-0.38728,0.31654,-0.2015,-0.038005,-0.053577,0.015474,-0.14508,0.58731,0.49259,0.20344,0.1225,-0.0089909,-0.32658,-0.32271,-0.22228,-0.30898,-0.20235,-0.16063,-0.23478,-0.19652,-0.46639,-0.58511,0.054336,-0.095198,-0.11582,-0.16018,-0.39783,-0.43126,-0.27755,-0.49094,0.11093,-0.097536,-0.24597,-0.2118,-0.25752,-0.28427,-0.24744,-0.41193,-0.11142,-0.11061,-0.24439,-0.33368,-0.19864,-0.081977,0.28208,-0.26451,0.070157,0.11549,0.51062,0.4802,0.43576,0.33542,0.49366,0.30411,-0.27767,-0.18899,-0.17141,-0.23872,0.1717,0.10434
0.15683,0.61909,0.030837,-0.16403,1.0104,0,-0.025244,0.6019,-0.27878,0.0047964,-0.032822,0.12979,-0.20051,-0.077708,-0.26959,-0.58475,-0.27871,-0.4155,-0.2688,-0.48323,-0.19051,-0.50755,-0.20869,-0.07757,0.021272,-0.058616,-0.2193,-0.11953,-0.028786,-0.14813,-0.42222,-0.17448,-0.012721,0.10913,-0.12906,0.068795,0.050111,0.18974,-0.10417,0.18464,-0.02204,0.27759,-0.16227,0.71287,-0.28944,-0.15968,0.037449,-0.25318,0.062429,-0.099934,0.13258,-0.16551,0.20526,0.38826,0.088963,0.11454,0.19012,-0.037618,-0.00070067,-0.38841,-0.14202,-0.41061,-0.1616,-0.060866,-0.06146,-0.41271,-0.42909,-0.15095,-0.35103,-0.25493,-0.2427,-0.44181,-0.44335,-0.22641,-0.43862,0.20615,0.066408,0.023654,0.019746,0.0096417,-0.036152,-0.10103,-0.25842,0.16462,-0.017188,-0.059811,-0.26805,-0.066971,0.058976,0.35362,-0.24344,-0.11137,0.033617,0.016961,0.14378,-0.040665,-0.032743,0.20129,0.15202,-0.29136,-0.24551,-0.30993,-0.17341,-0.0028432,0.061672
1.0282,0.50602,-0.66241,-0.5351,0.57072,-0.025244,0,0.59871,-0.0028954,-0.19228,0.28449,-0.25688,-0.84462,-0.89976,-0.28769,-0.30208,-0.165,-0.21291,-0.0069305,-0.043561,-0.22246,-0.27413,0.18052,-0.089034,0.35963,0.20531,0.10536,0.5543,0.48269,0.0074759,0.43789,0.28537,-0.81158,-0.92591,-0.48277,-0.52131,0.064993,-0.36308,0.82972,0.32546,0.86318,0.43125,-0.13995,0.058522,-0.47094,-0.45924,0.276,-0.25504,-0.37057,-0.27503,-0.52009,-0.26896,0.49406,0.10154,0.037532,-0.092939,-0.4078,-0.8709,-0.86096,-0.14944,-0.46301,-0.08391,-0.33261,-0.45379,-0.39412,-0.63652,-0.61185,0.088337,-0.020834,0.027119,-0.11431,-0.19088,-0.136,-0.52002,-0.43692,-0.13269,-0.28113,-0.68018,-0.49278,-0.5474,-0.65337,-0.4769,-0.34681,-0.48994,-0.18907,-0.48002,-0.26498,-0.54138,-0.45956,-0.25307,-0.22466,0.25915,0.26253,1.0207,0.73908,0.89311,0.64199,0.58031,0.2602,-0.34067,-0.23735,-0.12048,-0.1839,0.048218,-0.11073
0.52022,1.0194,-0.36898,-0.34351,0.6323,0.6019,0.59871,0,-0.016292,0.052095,0.33939,0.15355,-0.74995,-0.65023,-0.28944,-0.42743,-0.23506,-0.22285,-0.077943,-0.16754,-0.33998,-0.32132,0.086371,0.026953,0.50268,0.37385,-0.012842,0.24743,0.20778,-0.18461,0.087512,0.32727,-0.57405,-0.51433,-0.53838,-0.40051,-0.10893,-0.018335,0.48642,0.63452,0.55212,0.84015,-0.32212,0.53013,-0.6497,-0.27973,0.20387,-0.18627,-0.24365,-0.40875,-0.33206,-0.50716,0.37812,0.32181,0.13031,-0.15102,-0.28933,-0.38679,-0.36676,-0.49425,-0.38881,-0.24141,-0.38481,-0.70415,-0.55955,-0.76778,-0.49925,-0.00027822,-0.21098,-0.14488,-0.36442,-0.45085,-0.27293,-0.52494,-0.44394,0.23296,0.10246,-0.31193,-0.099566,-0.12687,-0.42525,-0.4744,-0.33463,-0.050682,0.030288,-0.32806,-0.19389,-0.14861,-0.18538,-0.11132,-0.14352,-0.23698,0.019938,0.20511,0.32562,0.44745,0.46795,0.53981,0.38793,-0.71907,-0.5444,-0.51458,-0.28783,-0.041394,-0.086838
-0.2563,-0.33554,0.69258,0.84829,-0.17513,-0.27878,-0.0028954,-0.016292,0,0.72705,0.79494,0.66916,0.41344,0.35188,1.3877,1.1631,0.93972,0.84271,0.88801,0.83052,0.82648,0.38669,0.81595,0.68427,0.49916,0.61472,1.0176,0.46319,0.22447,-0.10301,0.30274,-0.062037,0.30002,0.13874,0.21023,0.029353,0.37507,0.41837,0.12868,0.30827,0.11583,0.29756,-0.056546,-0.26162,0.34479,0.4595,-0.18382,0.49904,0.10248,0.37576,0.42239,0.015944,0.60547,0.68274,0.69763,0.17608,0.12386,0.42686,0.44613,0.97908,0.57465,0.74411,0.72526,0.15285,-0.0038064,0.14398,0.59388,0.97324,0.44296,0.49906,0.31298,0.6272,0.5372,0.13536,0.50938,0.87863,0.97939,0.57188,0.77855,0.62447,0.68472,0.92025,0.67935,0.12931,0.9734,0.66263,1.069,0.56988,0.5003,-0.34281,0.031753,-0.77772,-0.92674,-0.18658,0.14728,0.58247,0.76034,0.06262,0.33277,0.24584,0.080009,0.22767,-0.0081014,0.32973,0.51239
-0.075611,0.028776,0.48334,0.72821,-0.11167,0.0047964,-0.19228,0.052095,0.72705,0,0.86144,1.2464,0.15035,0.16729,0.71381,0.71753,0.29758,0.32223,0.17486,0.6659,0.23526,0.2081,0.23776,0.72879,0.61499,0.78653,0.38463,0.21481,-0.26066,-0.32649,-0.039417,-0.026089,0.011002,0.039085,-0.12689,-0.17313,0.23559,0.54234,0.24683,0.75012,0.23971,0.5658,-0.1418,-0.15626,-0.050865,0.25749,-0.079593,0.11879,-0.21828,-0.066738,0.18324,-0.37931,0.22787,0.40325,0.66961,-0.39607,-0.34234,0.23524,0.23548,0.59392,0.86772,0.081719,0.15249,0.31926,-0.32154,0.060974,0.35824,0.30867,-0.060331,-0.11152,-0.13028,0.063289,0.17691,-0.18532,0.073657,0.59643,1.0422,0.22868,0.41346,0.16382,0.3796,0.51275,0.77099,0.10812,0.59311,0.12631,0.45228,0.20444,-0.077617,-0.0077222,0.14439,-0.64216,-0.45257,-0.27859,0.14416,0.15998,0.39648,-0.073164,0.26785,0.06631,-0.073278,0.02145,0.15652,0.029934,0.26662
0.02759,0.036929,0.15293,0.3364,0.11585,-0.032822,0.28449,0.33939,0.79494,0.86144,0,1.0196,0.055095,0.06981,0.6162,0.52473,0.45847,0.44864,0.45766,0.74931,0.34472,0.055245,0.6002,0.73803,1.0335,1.1681,0.5753,0.63719,0.21556,-0.15001,0.31177,0.22008,-0.086131,-0.13959,-0.28502,-0.37108,0.32501,0.32658,0.51957,0.76827,0.57653,0.93375,-0.46668,-0.13351,-0.19083,0.17739,-0.21962,0.27064,-0.37049,0.22314,0.25172,-0.34367,0.29425,0.2563,0.43537,-0.32273,-0.40238,0.074998,0.087937,0.39659,0.33719,0.28487,0.10824,-0.04089,-0.52764,-0.1888,0.24804,0.63812,0.10439,0.13846,0.032546,0.10521,0.28031,-0.30266,0.048979,0.70238,0.87924,0.22288,0.48911,0.29991,0.22717,0.34696,0.71286,0.0019158,0.7907,0.24054,0.57394,0.20981,-0.018531,-0.17651,0.069571,-0.87275,-0.69523,-0.13598,0.10356,0.44623,0.57717,0.058099,0.35742,-0.051342,-0.1075,0.066832,-0.044825,-0.17826,0.23269
-0.23728,0.0024733,0.61656,0.78793,-0.053462,0.12979,-0.25688,0.15355,0.66916,1.2464,1.0196,0,0.28373,0.42117,0.76907,0.69486,0.46418,0.53527,0.34348,0.69015,0.40536,0.23653,0.41499,0.89275,0.65686,0.91227,0.39083,0.35105,-0.0027501,-0.055075,0.10385,0.15239,0.28307,0.3305,0.045176,0.073781,0.41151,0.93505,0.14291,0.64888,0.13404,0.58649,-0.30543,0.017436,0.11505,0.5118,-0.27906,0.20694,-0.0084002,0.15771,0.45637,-0.14019,0.071054,0.30567,0.46568,-0.37349,-0.10883,0.48185,0.51524,0.51858,0.83295,0.2455,0.27612,0.2153,-0.22142,0.085669,0.47416,0.5223,0.13056,0.17141,0.13942,0.22141,0.39763,0.053258,0.28377,1.0086,1.3066,0.52736,0.84848,0.45534,0.63989,0.53424,0.96189,0.40549,0.9389,0.39058,0.69035,0.40501,0.14601,0.14347,0.1424,-0.94554,-0.63945,-0.50231,-0.039634,0.020722,0.30844,-0.16494,0.26878,0.047828,-0.015172,0.11598,0.11829,-0.010286,0.48096
-1.3628,-1.0052,0.84002,0.67211,-0.46979,-0.20051,-0.84462,-0.74995,0.41344,0.15035,0.055095,0.28373,0,1.782,0.74887,0.61617,0.853,0.70665,0.62432,0.39352,0.87794,0.3967,0.37772,0.39789,-0.23727,0.023635,0.39329,-0.055983,0.091134,0.27587,0.075488,-0.16401,1.4189,1.1179,0.69536,0.61579,0.39476,0.42933,-0.72731,-0.41358,-0.66148,-0.35562,0.10233,-0.18804,0.79238,0.82997,-0.52161,0.59969,0.48918,1.0935,1.1636,0.55601,-0.24821,-0.057971,0.042075,0.49797,0.63233,1.0243,0.93694,0.59874,0.5014,0.67645,0.96986,0.5398,0.49258,0.75994,0.97773,0.44432,0.40476,0.53332,0.69643,0.73909,0.57083,0.57274,0.85138,0.41681,0.44242,1.2518,0.8775,0.96676,1.1374,0.91352,0.67665,0.15607,0.50753,1.0756,0.73276,0.69927,0.76179,0.068104,0.22137,-0.37841,-0.75517,-0.65852,-0.65662,-0.32896,-0.33841,-0.58277,-0.2301,0.84379,0.63035,0.539,0.23925,-0.033912,0.34747
-1.2069,-0.80539,0.91551,0.74633,-0.39865,-0.077708,-0.89976,-0.65023,0.35188,0.16729,0.06981,0.42117,1.782,0,0.75778,0.60037,0.76017,0.64786,0.52385,0.37103,0.93099,0.33547,0.33319,0.42669,-0.15024,0.045204,0.2935,-0.046206,0.11324,0.35685,0.063277,-0.13729,1.8808,1.6509,0.86991,0.83527,0.4854,0.68081,-0.64689,-0.31065,-0.61703,-0.29477,0.14191,-0.017374,0.93471,0.97913,-0.6443,0.42509,0.57604,0.90427,1.1407,0.62464,-0.30797,-0.045193,-0.025624,0.34793,0.75425,1.1855,1.2072,0.56504,0.63898,0.55977,0.92432,0.61376,0.5463,0.63996,0.88557,0.44651,0.36738,0.56428,0.77318,0.76586,0.64892,0.68163,0.87847,0.52131,0.47884,1.3463,1.0743,0.96478,1.471,0.9005,0.74852,0.38423,0.61366,1.182,0.7786,0.64239,0.76477,0.20611,0.1229,-0.3903,-0.64518,-0.7262,-0.57053,-0.44526,-0.36475,-0.66275,-0.24851,0.70779,0.56253,0.55741,0.24712,-0.019607,0.4561
-0.51865,-0.58142,0.97335,1.1941,-0.3171,-0.26959,-0.28769,-0.28944,1.3877,0.71381,0.6162,0.76907,0.74887,0.75778,0,1.48,0.95759,0.79634,0.75819,0.76094,1.248,0.32161,0.61891,0.67023,0.28564,0.47652,0.98244,0.38593,0.25506,0.073976,0.2346,-0.12711,0.65907,0.51153,0.54162,0.3537,0.5323,0.65188,-0.096329,0.17674,-0.11103,0.14625,0.10773,-0.20354,0.61258,0.67311,-0.41725,0.426,0.26535,0.54432,0.64405,0.20716,0.32005,0.4616,0.56659,0.20778,0.32988,0.71324,0.72591,1.1326,0.96288,0.7047,0.87786,0.45663,0.10933,0.31706,0.78817,0.9108,0.41998,0.56955,0.50822,0.77963,0.6462,0.31377,0.70998,0.8411,0.93479,0.795,1.0341,0.77549,1.189,1.2339,0.92766,0.21273,1.0567,0.9224,1.1954,0.5936,0.54972,-0.17405,-0.049406,-0.75494,-0.99594,-0.30069,0.03877,0.25727,0.35303,-0.20322,0.062346,0.37034,0.16416,0.29732,0.019082,0.26495,0.64998
-0.48279,-0.64352,0.78027,1.0792,-0.5805,-0.58475,-0.30208,-0.42743,1.1631,0.71753,0.52473,0.69486,0.61617,0.60037,1.48,0,0.86288,0.92277,0.73831,1.0846,0.86768,0.66929,0.59029,0.70721,0.31136,0.49869,0.70732,0.30101,0.13502,0.14206,0.33602,0.020699,0.4915,0.36778,0.46247,0.24715,0.41839,0.55356,0.017158,0.18563,-0.07181,0.074431,0.14236,-0.35397,0.56966,0.67368,-0.26634,0.46242,0.16696,0.36009,0.45488,0.18618,0.14612,0.25603,0.46296,-0.0085864,0.14733,0.59278,0.5999,1.126,0.90806,0.74654,0.73361,0.40819,0.18785,0.46066,0.88677,0.68873,0.43717,0.50755,0.50856,0.82496,0.78918,0.34943,0.76722,0.68584,0.82279,0.63697,0.79462,0.56589,0.86898,0.92653,1.0018,0.25205,0.83429,0.70709,1.2133,0.54688,0.40793,-0.21167,0.13082,-0.54743,-0.64488,-0.35846,-0.018336,0.16175,0.35603,-0.22475,0.11293,0.41528,0.21569,0.32227,0.12472,0.212,0.4538
-0.61767,-0.5182,0.69818,0.65982,-0.26223,-0.27871,-0.165,-0.23506,0.93972,0.29758,0.45847,0.46418,0.853,0.76017,0.95759,0.86288,0,1.6111,1.6538,0.95098,1.0745,0.71118,1.1454,0.90393,0.26527,0.52743,0.7879,0.42383,0.45058,0.37754,0.63846,0.20211,0.75759,0.52366,0.44688,0.33709,0.68681,0.53701,-0.12356,-0.015454,-0.10206,0.061078,0.005905,-0.052312,0.64682,1.0942,-0.44378,0.60627,0.39271,0.81466,0.78741,0.36755,0.10817,0.17465,0.14235,0.45809,0.50236,0.59338,0.62873,0.85513,0.39574,1.0141,1.146,0.22646,0.37884,0.35133,0.75677,1.0008,0.68492,1.0644,0.929,1.131,1.0402,0.34371,0.83522,0.90481,0.77712,1.0816,1.0457,0.82311,0.85258,0.9101,0.88073,0.1043,0.97884,0.98504,1.2389,0.58173,0.72275,-0.1761,0.23496,-0.47026,-0.77258,-0.30816,-0.1518,0.25704,0.33393,-0.11373,0.24971,0.77141,0.60318,0.64362,0.35991,0.14012,0.63883
-0.52841,-0.43657,0.67383,0.66868,-0.38625,-0.4155,-0.21291,-0.22285,0.84271,0.32223,0.44864,0.53527,0.70665,0.64786,0.79634,0.92277,1.6111,0,1.3798,1.0175,0.77178,1.041,1.0728,0.94282,0.26441,0.5879,0.66047,0.44275,0.34539,0.365,0.66069,0.36829,0.65599,0.462,0.35737,0.2894,0.47654,0.52503,-0.088526,-0.026835,-0.096254,0.030439,-0.11259,-0.19229,0.65614,1.1077,-0.26559,0.69858,0.38417,0.65479,0.69564,0.34178,0.013885,0.095132,0.1284,0.2459,0.33363,0.67856,0.67657,0.80407,0.39215,1.1006,0.96688,0.08165,0.30569,0.50021,0.91089,0.94102,0.84077,1.0212,0.81817,1.0253,1.1537,0.51114,1.0361,0.84035,0.79174,0.92356,0.98822,0.70625,0.71302,0.68554,0.85034,0.19374,0.89993,0.73342,1.121,0.74093,0.67082,-0.045343,0.48338,-0.49011,-0.66989,-0.44331,-0.26855,0.17529,0.35053,-0.10058,0.32403,0.68768,0.60624,0.64633,0.40665,0.18122,0.60516
-0.4984,-0.4107,0.46536,0.42863,-0.15592,-0.2688,-0.0069305,-0.077943,0.88801,0.17486,0.45766,0.34348,0.62432,0.52385,0.75819,0.73831,1.6538,1.3798,0,0.93798,0.87555,0.70889,1.4371,0.83412,0.31466,0.54968,0.82578,0.52126,0.66818,0.49457,0.70908,0.31364,0.5432,0.31548,0.30479,0.186,0.56406,0.35862,-0.014292,0.038487,-0.0095423,0.15746,-0.039471,-0.038429,0.47715,0.87825,-0.2123,0.80413,0.34406,0.76798,0.65647,0.27575,0.19772,0.20937,0.14105,0.49997,0.44004,0.48328,0.4876,0.61047,0.17647,1.2829,1.0213,-0.033908,0.28966,0.32106,0.68642,1.0132,0.76215,1.0543,0.8995,0.9388,0.92638,0.29101,0.80165,0.93108,0.69131,0.84301,0.9003,0.77352,0.60083,0.61207,0.6047,0.048685,0.94075,0.8827,1.2798,0.68401,0.80522,-0.25979,0.28438,-0.46523,-0.71859,-0.27223,-0.14063,0.40665,0.4607,0.077034,0.42419,0.56144,0.48645,0.3955,0.1446,0.16541,0.53207
-0.34669,-0.34595,0.30004,0.52925,-0.4091,-0.48323,-0.043561,-0.16754,0.83052,0.6659,0.74931,0.69015,0.39352,0.37103,0.76094,1.0846,0.95098,1.0175,0.93798,0,0.55788,0.85279,0.9237,1.2427,0.76635,1.0101,0.47533,0.35152,0.20268,0.30749,0.673,0.42258,0.22813,0.13422,0.11238,-0.048997,0.52729,0.45855,0.39107,0.49273,0.32643,0.41344,0.059283,-0.099309,0.22326,0.77542,-0.22647,0.50348,-0.10359,0.2528,0.28641,-0.080699,-0.025156,-0.0099746,0.1412,-0.11405,-0.042918,0.29471,0.33892,0.675,0.49647,0.61741,0.5047,0.22077,0.11975,0.27329,0.70227,0.56799,0.31983,0.45635,0.49453,0.70304,0.97542,0.022981,0.49971,0.72383,0.80146,0.47989,0.62914,0.35664,0.45719,0.52347,1.1694,0.1073,0.86225,0.49908,1.1105,0.33455,0.23244,-0.26275,0.40406,-0.41398,-0.43771,-0.36833,-0.070566,0.17412,0.38272,-0.16946,0.3201,0.49645,0.39737,0.38154,0.36681,-0.14059,0.26378
-0.59272,-0.60433,0.71948,0.6393,-0.17381,-0.19051,-0.22246,-0.33998,0.82648,0.23526,0.34472,0.40536,0.87794,0.93099,1.248,0.86768,1.0745,0.77178,0.87555,0.55788,0,0.32001,0.77248,0.59906,0.11192,0.29238,0.9621,0.45734,0.55743,0.40764,0.36478,0.0051514,0.93442,0.73829,0.6946,0.6178,0.53555,0.48458,-0.19741,-0.088833,-0.15352,0.048253,0.1589,0.0046331,0.83893,0.80288,-0.46894,0.4654,0.4977,0.83326,0.84083,0.46864,0.25253,0.32158,0.2621,0.52221,0.69795,0.78045,0.81556,0.82971,0.61358,0.88442,1.2469,0.45145,0.31523,0.3796,0.74366,1.0615,0.66042,0.91363,0.92504,1.0316,0.76739,0.48338,0.85987,0.73915,0.51744,0.97512,1.0529,0.84013,1.1394,0.89207,0.6428,0.24417,0.83065,1.1519,1.0198,0.5669,0.77097,-0.076053,-0.11793,-0.49019,-0.83867,-0.21662,-0.067471,0.18492,0.15215,-0.3294,-0.11896,0.59789,0.4321,0.57528,0.15322,0.19248,0.65963
-0.36476,-0.3039,0.372,0.37742,-0.5104,-0.50755,-0.27413,-0.32132,0.38669,0.2081,0.055245,0.23653,0.3967,0.33547,0.32161,0.66929,0.71118,1.041,0.70889,0.85279,0.32001,0,0.62397,0.73925,0.12484,0.39153,0.21394,0.11457,0.066675,0.43652,0.59078,0.53151,0.3565,0.27594,0.26468,0.24175,0.22859,0.29899,0.020758,-0.042256,-0.057047,-0.086926,0.12748,-0.11681,0.46612,0.80396,0.07238,0.5279,0.23746,0.17428,0.30532,0.19737,-0.14752,-0.081853,0.025296,0.098743,0.18063,0.42915,0.41695,0.50769,0.27765,0.69693,0.62694,0.14167,0.51902,0.66888,0.72919,0.34653,0.5685,0.58749,0.59421,0.78827,0.93857,0.45496,0.74427,0.42005,0.3622,0.47464,0.40991,0.23327,0.33312,0.27757,0.52022,0.1959,0.32086,0.29599,0.59515,0.46208,0.38266,0.024203,0.7241,-0.072057,-0.14765,-0.39722,-0.27825,-0.041754,0.18179,-0.18797,0.21224,0.75082,0.71279,0.57088,0.6587,0.092162,0.19075
-0.24222,-0.18227,0.29003,0.31726,0.0028212,-0.20869,0.18052,0.086371,0.81595,0.23776,0.6002,0.41499,0.37772,0.33319,0.61891,0.59029,1.1454,1.0728,1.4371,0.9237,0.77248,0.62397,0,1.0728,0.50005,0.78786,0.78616,0.68793,0.68868,0.46392,0.75578,0.49885,0.32699,0.17352,0.1025,0.090345,0.52191,0.31222,0.23069,0.23149,0.26251,0.38562,-0.14174,0.023153,0.30883,0.73207,0.0070074,0.84357,0.21231,0.52138,0.45969,0.076445,0.32654,0.25762,0.20076,0.36151,0.25404,0.39786,0.40317,0.5827,0.23508,1.055,0.83511,-0.04755,0.12224,0.33195,0.69762,0.97318,0.81721,0.89504,0.71964,0.81632,0.88881,0.22371,0.65395,0.87389,0.5684,0.56018,0.70469,0.46999,0.45979,0.34519,0.54531,0.057817,0.81962,0.59501,0.91826,0.58015,0.61177,-0.16178,0.37766,-0.41838,-0.62268,-0.1879,-0.048464,0.44281,0.51231,-0.0044938,0.36495,0.48956,0.55251,0.44996,0.25046,0.11269,0.5524
-0.26817,-0.070062,0.40031,0.51242,-0.093241,-0.07757,-0.089034,0.026953,0.68427,0.72879,0.73803,0.89275,0.39789,0.42669,0.67023,0.70721,0.90393,0.94282,0.83412,1.2427,0.59906,0.73925,1.0728,0,0.68878,1.2823,0.55661,0.50355,0.2849,0.37253,0.60727,0.59538,0.33974,0.30373,0.099855,0.12764,0.60055,0.62521,0.31647,0.5304,0.34873,0.58902,-0.030397,0.15712,0.25197,0.9636,-0.0965,0.53971,0.039934,0.2712,0.44817,-0.14268,0.078492,0.13726,0.22332,0.051752,0.096832,0.49219,0.51408,0.62751,0.60533,0.5736,0.63777,0.27076,0.07388,0.34839,0.7591,0.68956,0.42709,0.54365,0.51904,0.65183,0.95135,0.11349,0.5365,0.94647,0.86389,0.54409,0.74183,0.31786,0.53783,0.42488,1.0078,0.12316,0.90163,0.40685,0.82829,0.44533,0.32814,0.091276,0.55085,-0.49541,-0.53383,-0.3822,-0.078079,0.15983,0.34353,-0.21126,0.30592,0.60297,0.60224,0.48708,0.5748,-0.071719,0.47818
0.16279,0.27192,-0.14894,0.11704,0.083326,0.021272,0.35963,0.50268,0.49916,0.61499,1.0335,0.65686,-0.23727,-0.15024,0.28564,0.31136,0.26527,0.26441,0.31466,0.76635,0.11192,0.12484,0.50005,0.68878,0,1.1468,0.17091,0.28759,0.06299,-0.093861,0.34109,0.35439,-0.29381,-0.29505,-0.32733,-0.47019,0.21919,0.24559,1.0622,1.2971,1.0378,1.1741,-0.095417,0.24898,-0.31344,0.18736,-0.14715,0.091346,-0.53352,-0.20757,-0.1709,-0.60395,0.17454,0.14344,0.062705,-0.42904,-0.35341,-0.1149,0.003917,0.10159,0.16594,-0.010702,-0.077358,-0.081077,-0.31339,-0.40463,0.072254,0.26649,-0.13992,-0.020469,-0.091739,0.061298,0.31487,-0.4665,-0.11843,0.50447,0.56879,-0.002351,0.26939,0.042856,0.0020801,0.1121,0.54391,0.14563,0.65074,0.097006,0.43849,-0.014379,-0.072809,-0.28249,0.10281,-0.43925,-0.19165,-0.1591,0.2241,0.30074,0.52066,0.083584,0.43262,-0.12955,-0.11971,-0.030594,0.098864,-0.31781,0.035103
-0.010875,0.11487,0.075705,0.28897,-0.011775,-0.058616,0.20531,0.37385,0.61472,0.78653,1.1681,0.91227,0.023635,0.045204,0.47652,0.49869,0.52743,0.5879,0.54968,1.0101,0.29238,0.39153,0.78786,1.2823,1.1468,0,0.47615,0.55384,0.24832,0.13514,0.62708,0.71637,-0.070168,-0.093747,-0.20582,-0.21887,0.40811,0.40588,0.70464,0.99509,0.74145,1.1055,-0.16102,0.16834,-0.15609,0.44829,-0.080343,0.32559,-0.35522,0.01351,0.10883,-0.52779,0.15787,0.093492,0.28337,-0.19569,-0.27112,0.12289,0.14673,0.30675,0.35081,0.2772,0.15981,0.012576,-0.32549,-0.033771,0.38553,0.52223,0.15485,0.26593,0.13715,0.29268,0.56389,-0.26231,0.15671,0.69464,0.72579,0.18444,0.44362,0.14887,0.18883,0.17661,0.76233,0.020044,0.72765,0.14082,0.55167,0.20018,0.0061384,-0.14002,0.38328,-0.63459,-0.49251,-0.21897,0.068022,0.31692,0.47904,-0.055185,0.3274,0.13123,0.14496,0.13079,0.26944,-0.24583,0.2206
-0.17605,-0.25148,0.47248,0.41796,-0.013687,-0.2193,0.10536,-0.012842,1.0176,0.38463,0.5753,0.39083,0.39329,0.2935,0.98244,0.70732,0.7879,0.66047,0.82578,0.47533,0.9621,0.21394,0.78616,0.55661,0.17091,0.47615,0,0.98757,0.64903,0.17595,0.35924,0.12478,0.32481,0.15167,0.15995,0.12785,0.25786,0.15703,-0.012742,0.059009,0.072051,0.29711,-0.15036,-0.22955,0.37932,0.381,-0.053897,0.54171,0.26828,0.60523,0.51639,0.088693,0.62143,0.53575,0.59898,0.46754,0.23134,0.43903,0.37535,0.6903,0.35955,0.89816,0.76359,0.019635,-0.19523,0.23044,0.51836,1.393,0.78659,0.68505,0.44339,0.50938,0.40377,0.21839,0.57887,0.64067,0.59691,0.47156,0.6402,0.52087,0.4832,0.54196,0.34721,-0.10862,0.72988,0.46954,0.68611,0.58179,0.47698,-0.15652,-0.012098,-0.66244,-0.95767,0.045051,0.13085,0.76381,0.59976,0.15978,0.22834,0.28576,0.17575,0.23205,-0.042063,0.41555,0.6754
0.30412,0.17911,0.096441,0.056647,0.29746,-0.11953,0.5543,0.24743,0.46319,0.21481,0.63719,0.35105,-0.055983,-0.046206,0.38593,0.30101,0.42383,0.44275,0.52126,0.35152,0.45734,0.11457,0.68793,0.50355,0.28759,0.55384,0.98757,0,0.93488,0.36534,0.56334,0.46849,0.0123,-0.079701,-0.10153,-0.010146,0.28786,0.13381,0.29619,0.17902,0.38251,0.46351,-0.37736,-0.12495,0.17917,0.2209,0.11677,0.22727,0.18403,0.33169,0.24902,0.067812,0.4659,0.29435,0.31627,0.094952,-0.024174,0.10076,0.052187,0.40636,0.14022,0.61169,0.35793,-0.23614,-0.38266,0.015748,0.14764,1.0694,0.77814,0.63656,0.42503,0.26072,0.34208,0.13622,0.34271,0.50045,0.35964,0.10102,0.32162,0.080167,0.09811,0.057559,0.16281,-0.16964,0.48336,0.051768,0.33954,0.21412,0.087197,0.12621,0.020383,-0.31948,-0.3763,0.33721,0.32794,0.85626,0.73837,0.3648,0.39322,0.09208,0.14432,0.25742,0.017755,0.38236,0.65996
0.031224,-0.022996,0.0077927,-0.068846,0.2832,-0.028786,0.48269,0.20778,0.22447,-0.26066,0.21556,-0.0027501,0.091134,0.11324,0.25506,0.13502,0.45058,0.34539,0.66818,0.20268,0.55743,0.066675,0.68868,0.2849,0.06299,0.24832,0.64903,0.93488,0,0.87797,0.76078,0.46659,0.22573,0.11369,0.25416,0.28894,0.51393,0.15085,0.10184,-0.010071,0.13463,0.22299,0.012814,0.22163,0.27704,0.32915,-0.040269,0.24009,0.38103,0.47172,0.29133,0.32414,0.27576,0.10385,0.025185,0.48673,0.40136,0.10052,0.05788,0.15892,-0.083177,0.68338,0.46841,-0.22829,0.019255,0.015766,0.097468,0.70607,0.62036,0.93664,0.83278,0.46097,0.45372,0.18495,0.42024,0.43875,0.070512,0.19701,0.32267,0.23507,0.18664,-0.014445,0.0078442,-0.18542,0.34199,0.31087,0.38983,0.1724,0.31415,-0.055453,-0.1277,-0.095906,-0.27888,0.31976,0.21503,0.57206,0.35988,0.24552,0.15444,0.1102,0.18192,0.12327,-0.17175,0.23091,0.45377
-0.24601,-0.20073,0.0035775,-0.085451,-0.07989,-0.14813,0.0074759,-0.18461,-0.10301,-0.32649,-0.15001,-0.055075,0.27587,0.35685,0.073976,0.14206,0.37754,0.365,0.49457,0.30749,0.40764,0.43652,0.46392,0.37253,-0.093861,0.13514,0.17595,0.36534,0.87797,0,0.73899,0.68341,0.44181,0.42172,0.44767,0.56433,0.51166,0.27577,-0.024339,-0.12932,-0.057725,-0.03892,0.29273,0.35847,0.45344,0.64681,-0.078492,0.18974,0.44281,0.31652,0.27627,0.40506,-0.28317,-0.33301,-0.32712,0.33694,0.53493,0.2361,0.23234,0.064445,0.015333,0.53959,0.46808,0.059746,0.42257,0.34936,0.27227,0.32226,0.5306,0.80418,1.0979,0.63593,0.69582,0.38117,0.56086,0.27455,-0.068089,0.29411,0.29499,0.13684,0.25335,-0.080788,0.12946,0.064745,0.18271,0.30249,0.36679,0.11638,0.26748,0.13692,0.14019,0.1676,0.019695,-0.022812,-0.12576,-0.071865,-0.11732,-0.1702,-0.055728,0.4231,0.55456,0.32587,0.21899,0.0082219,0.26599
0.0053287,-0.12907,-0.044478,0.056701,-0.15183,-0.42222,0.43789,0.087512,0.30274,-0.039417,0.31177,0.10385,0.075488,0.063277,0.2346,0.33602,0.63846,0.66069,0.70908,0.673,0.36478,0.59078,0.75578,0.60727,0.34109,0.62708,0.35924,0.56334,0.76078,0.73899,0,0.96526,0.098098,0.0076849,0.23121,0.18109,0.65686,0.26136,0.43812,0.20039,0.40595,0.25518,0.21633,0.20197,0.21161,0.54898,-0.18858,0.13376,0.010544,0.15185,0.066021,0.095236,-0.013109,-0.24093,-0.082623,0.18394,0.11242,-0.032832,-0.034249,0.28925,0.027135,0.5236,0.34312,0.006663,0.18506,0.038846,0.20522,0.47997,0.40179,0.90549,0.74273,0.77251,0.96719,0.022918,0.38967,0.33023,0.098699,0.13028,0.20941,0.040529,0.12282,0.023869,0.37335,-0.20857,0.26497,0.14837,0.41861,-0.052267,0.026398,-0.20314,0.2279,0.0042139,-0.14769,0.19352,0.13204,0.36085,0.33825,-0.052478,0.050253,0.39281,0.43188,0.44244,0.3649,-0.089013,0.15125
0.097822,0.2309,-0.32006,-0.2471,-0.07345,-0.17448,0.28537,0.32727,-0.062037,-0.026089,0.22008,0.15239,-0.16401,-0.13729,-0.12711,0.020699,0.20211,0.36829,0.31364,0.42258,0.0051514,0.53151,0.49885,0.59538,0.35439,0.71637,0.12478,0.46849,0.46659,0.68341,0.96526,0,-0.11879,-0.10142,-0.15042,0.0021415,0.15851,0.083449,0.49753,0.32459,0.51918,0.49898,-0.036607,0.3347,-0.085563,0.37189,0.14064,0.18053,-0.11621,-0.10326,-0.087515,-0.22983,-0.20548,-0.38921,-0.1961,-0.058493,-0.1305,-0.017302,-0.042557,-0.1374,-0.11654,0.25573,0.031774,-0.24763,-0.12214,0.10595,0.18627,0.22455,0.32769,0.41848,0.32201,0.26158,0.5545,-0.020709,0.22816,0.19433,0.0088159,-0.055944,0.073851,-0.13937,-0.17455,-0.43578,0.14037,-0.072232,0.099466,-0.18141,0.10588,0.020607,-0.10455,0.063867,0.5145,-0.044896,0.0056563,-0.042702,-0.12262,0.076656,0.10228,-0.087673,0.070382,0.16403,0.34981,0.20745,0.42489,-0.27257,-0.011602
-0.9824,-0.65848,1.0133,0.69555,-0.29778,-0.012721,-0.81158,-0.57405,0.30002,0.011002,-0.086131,0.28307,1.4189,1.8808,0.65907,0.4915,0.75759,0.65599,0.5432,0.22813,0.93442,0.3565,0.32699,0.33974,-0.29381,-0.070168,0.32481,0.0123,0.22573,0.44181,0.098098,-0.11879,0,1.9916,1.0961,1.1506,0.48093,0.67314,-0.77063,-0.46485,-0.73473,-0.41328,0.1874,0.05885,1.2435,1.0184,-0.5421,0.37289,0.87226,0.88479,1.1327,0.82173,-0.21331,0.044655,-0.038271,0.5311,1.1082,1.2504,1.267,0.54693,0.53746,0.61139,1.0941,0.51895,0.68999,0.62894,0.75449,0.4991,0.50172,0.75966,0.91971,0.84489,0.65803,0.91951,1.0115,0.51627,0.38571,1.3154,1.0223,0.90758,1.3973,0.82361,0.53189,0.39145,0.54867,1.088,0.68135,0.67074,0.93736,0.2969,0.088404,-0.28584,-0.5457,-0.55254,-0.44643,-0.33754,-0.27839,-0.47586,-0.1905,0.71793,0.59676,0.58465,0.25088,0.18438,0.60459
-0.87077,-0.4912,0.90864,0.63202,-0.25653,0.10913,-0.92591,-0.51433,0.13874,0.039085,-0.13959,0.3305,1.1179,1.6509,0.51153,0.36778,0.52366,0.462,0.31548,0.13422,0.73829,0.27594,0.17352,0.30373,-0.29505,-0.093747,0.15167,-0.079701,0.11369,0.42172,0.0076849,-0.10142,1.9916,0,1.0434,1.2958,0.43722,0.7711,-0.7392,-0.38757,-0.70519,-0.36686,0.21298,0.18186,1.0682,0.93678,-0.54105,0.21223,0.81258,0.63866,0.96353,0.74076,-0.32195,-0.013149,-0.086078,0.36074,0.98092,1.1794,1.2199,0.42012,0.60386,0.39135,0.82822,0.6066,0.65073,0.57171,0.63418,0.32986,0.34199,0.56548,0.76061,0.65799,0.55587,0.8543,0.81433,0.45212,0.32179,1.0829,0.8864,0.72207,1.2475,0.64709,0.4921,0.48272,0.43293,0.84678,0.50798,0.52308,0.71018,0.44924,0.058014,-0.22385,-0.39445,-0.58334,-0.44753,-0.52374,-0.41658,-0.60324,-0.29351,0.6186,0.53984,0.54701,0.30784,0.10381,0.52104
-0.52746,-0.59904,0.74802,0.67412,-0.34066,-0.12906,-0.48277,-0.53838,0.21023,-0.12689,-0.28502,0.045176,0.69536,0.86991,0.54162,0.46247,0.44688,0.35737,0.30479,0.11238,0.6946,0.26468,0.1025,0.099855,-0.32733,-0.20582,0.15995,-0.10153,0.25416,0.44767,0.23121,-0.15042,1.0961,1.0434,0,1.4686,0.58834,0.63157,-0.44951,-0.36141,-0.54428,-0.51364,0.72568,0.18689,1.163,0.69198,-0.49454,0.022164,0.66541,0.3562,0.46114,0.74651,-0.1181,0.030391,-0.02744,0.47231,1.0885,0.66561,0.70463,0.50411,0.54308,0.34302,0.72871,0.67965,0.92196,0.37328,0.40474,0.23497,0.22434,0.69278,0.80833,0.91241,0.64586,0.73351,0.72669,0.24806,0.079187,0.5747,0.50264,0.43067,0.98144,0.62906,0.35425,0.27497,0.27156,0.68529,0.45592,0.25094,0.56783,0.15398,-0.12969,0.023015,-0.1991,-0.15467,-0.024186,-0.22059,-0.18141,-0.39682,-0.34808,0.48665,0.35072,0.37864,0.12542,0.27495,0.40947
-0.44851,-0.35512,0.71691,0.49305,-0.16219,0.068795,-0.52131,-0.40051,0.029353,-0.17313,-0.37108,0.073781,0.61579,0.83527,0.3537,0.24715,0.33709,0.2894,0.186,-0.048997,0.6178,0.24175,0.090345,0.12764,-0.47019,-0.21887,0.12785,-0.010146,0.28894,0.56433,0.18109,0.0021415,1.1506,1.2958,1.4686,0,0.48872,0.66719,-0.57136,-0.43597,-0.60467,-0.46526,0.47612,0.30795,1.1092,0.69337,-0.33556,-0.010014,0.89917,0.33523,0.54904,0.79093,-0.13551,0.040225,-0.014428,0.48399,1.1333,0.74569,0.74277,0.37363,0.50693,0.31989,0.71404,0.58742,0.77139,0.46074,0.37195,0.24857,0.35684,0.71138,0.81584,0.74551,0.53588,0.88647,0.71452,0.26533,0.010411,0.58773,0.49115,0.36276,0.88172,0.38244,0.20189,0.35885,0.15471,0.51463,0.27096,0.26314,0.51692,0.42232,-0.086476,0.042291,-0.1558,-0.14922,-0.098664,-0.31464,-0.28354,-0.46426,-0.42612,0.48698,0.44745,0.47071,0.25465,0.31235,0.49923
-0.19443,-0.25641,0.47659,0.56508,0.080048,0.050111,0.064993,-0.10893,0.37507,0.23559,0.32501,0.41151,0.39476,0.4854,0.5323,0.41839,0.68681,0.47654,0.56406,0.52729,0.53555,0.22859,0.52191,0.60055,0.21919,0.40811,0.25786,0.28786,0.51393,0.51166,0.65686,0.15851,0.48093,0.43722,0.58834,0.48872,0,0.92742,0.073996,0.23951,0.012302,0.083662,0.30808,0.29805,0.37451,0.66904,-0.43211,0.0034436,0.213,0.30867,0.38876,0.27052,0.03637,0.052144,0.12152,0.23064,0.40899,0.16668,0.2053,0.61832,0.49925,0.32144,0.50774,0.50842,0.44173,0.059468,0.21188,0.3758,0.13343,0.68317,0.78918,0.76475,0.73366,0.069214,0.3063,0.59723,0.37756,0.40839,0.44036,0.21092,0.67173,0.52359,0.69464,-0.041552,0.48832,0.48664,0.56713,-0.03879,0.16336,7.5334e-05,-0.021591,-0.063198,-0.25437,0.094231,0.28718,0.14788,0.21795,-0.14128,0.064808,0.42418,0.36303,0.33999,0.20397,0.070148,0.50187
-0.33682,-0.096689,0.88516,0.96933,-0.082583,0.18974,-0.36308,-0.018335,0.41837,0.54234,0.32658,0.93505,0.42933,0.68081,0.65188,0.55356,0.53701,0.52503,0.35862,0.45855,0.48458,0.29899,0.31222,0.62521,0.24559,0.40588,0.15703,0.13381,0.15085,0.27577,0.26136,0.083449,0.67314,0.7711,0.63157,0.66719,0.92742,0,-0.11973,0.3035,-0.1942,0.10826,0.15714,0.31401,0.52786,0.87151,-0.47691,-0.049812,0.43259,0.15682,0.48796,0.31529,-0.074036,0.21346,0.20401,-0.069905,0.40184,0.53902,0.60259,0.57525,0.86723,0.24351,0.50086,0.43331,0.32403,0.12848,0.35028,0.36096,0.12775,0.48854,0.54736,0.56327,0.64494,0.31922,0.47296,0.91285,0.75209,0.64936,0.82445,0.43672,0.9999,0.60299,0.76832,0.4375,0.67933,0.5486,0.65554,0.22311,0.27162,0.23914,-0.0050289,-0.35121,-0.3138,-0.3309,0.079927,-0.13183,0.14079,-0.23097,0.092707,0.21698,0.1585,0.25789,0.21172,0.1921,0.63718
0.67541,0.42434,-0.58477,-0.25107,0.19651,-0.10417,0.82972,0.48642,0.12868,0.24683,0.51957,0.14291,-0.72731,-0.64689,-0.096329,0.017158,-0.12356,-0.088526,-0.014292,0.39107,-0.19741,0.020758,0.23069,0.31647,1.0622,0.70464,-0.012742,0.29619,0.10184,-0.024339,0.43812,0.49753,-0.77063,-0.7392,-0.44951,-0.57136,0.073996,-0.11973,0,1.0084,1.9447,0.87475,0.084044,0.22116,-0.51753,-0.17556,0.20148,-0.14859,-0.81788,-0.59289,-0.65194,-0.79348,0.24582,-0.010511,0.021419,-0.44271,-0.56436,-0.53992,-0.43263,-0.089972,-0.067767,-0.22062,-0.37707,-0.11518,-0.34358,-0.47186,-0.22905,-0.0019955,-0.22561,-0.14766,-0.24,-0.07895,0.1227,-0.60019,-0.37446,0.0011041,-0.019276,-0.57525,-0.28762,-0.53977,-0.43863,-0.31575,0.10972,-0.11551,0.080709,-0.39039,-0.027148,-0.40601,-0.45305,-0.24453,0.071307,0.03632,0.21834,0.31148,0.52135,0.41236,0.49632,0.16258,0.23469,-0.22689,-0.14853,-0.10315,0.082612,-0.27081,-0.21459
0.27756,0.42409,-0.18071,0.1168,0.15448,0.18464,0.32546,0.63452,0.30827,0.75012,0.76827,0.64888,-0.41358,-0.31065,0.17674,0.18563,-0.015454,-0.026835,0.038487,0.49273,-0.088833,-0.042256,0.23149,0.5304,1.2971,0.99509,0.059009,0.17902,-0.010071,-0.12932,0.20039,0.32459,-0.46485,-0.38757,-0.36141,-0.43597,0.23951,0.3035,1.0084,0,0.90991,1.2979,0.033282,0.37675,-0.52982,0.020605,0.028065,-0.10547,-0.6069,-0.52147,-0.36515,-0.87886,0.21214,0.18929,0.25006,-0.49444,-0.47212,-0.25297,-0.17581,-0.015064,0.24926,-0.23702,-0.27277,-0.028841,-0.44991,-0.44062,-0.072631,0.015321,-0.37203,-0.23016,-0.27827,-0.12709,0.093726,-0.67549,-0.3136,0.37683,0.43434,-0.2266,0.057738,-0.16998,-0.081512,-0.062904,0.35093,0.03824,0.37219,-0.13275,0.19691,-0.19085,-0.31559,-0.26138,0.013778,-0.33529,-0.058854,-0.026016,0.40587,0.25308,0.43683,0.10139,0.30788,-0.35106,-0.33101,-0.35063,-0.04085,-0.26265,-0.04165
0.68204,0.51077,-0.6315,-0.33581,0.28589,-0.02204,0.86318,0.55212,0.11583,0.23971,0.57653,0.13404,-0.66148,-0.61703,-0.11103,-0.07181,-0.10206,-0.096254,-0.0095423,0.32643,-0.15352,-0.057047,0.26251,0.34873,1.0378,0.74145,0.072051,0.38251,0.13463,-0.057725,0.40595,0.51918,-0.73473,-0.70519,-0.54428,-0.60467,0.012302,-0.1942,1.9447,0.90991,0,1.0287,-0.0024786,0.24163,-0.52997,-0.16982,0.18217,-0.10576,-0.79008,-0.45931,-0.54145,-0.82809,0.27198,-0.003042,-0.0053255,-0.33507,-0.55334,-0.48049,-0.40264,-0.11961,-0.1099,-0.21213,-0.33738,-0.13764,-0.46539,-0.48398,-0.22179,0.0678,-0.18923,-0.14682,-0.25996,-0.13889,0.077145,-0.63228,-0.3773,-0.0040254,-0.0098686,-0.53966,-0.26398,-0.50401,-0.47153,-0.33541,0.078321,-0.22245,0.090016,-0.41737,-0.083341,-0.36605,-0.42661,-0.15655,0.10255,-0.0094138,0.13326,0.31872,0.43558,0.45837,0.44847,0.15478,0.20787,-0.15749,-0.071266,-0.023198,0.15167,-0.32389,-0.19717
0.2563,0.51793,-0.27672,-0.10622,0.32654,0.27759,0.43125,0.84015,0.29756,0.5658,0.93375,0.58649,-0.35562,-0.29477,0.14625,0.074431,0.061078,0.030439,0.15746,0.41344,0.048253,-0.086926,0.38562,0.58902,1.1741,1.1055,0.29711,0.46351,0.22299,-0.03892,0.25518,0.49898,-0.41328,-0.36686,-0.51364,-0.46526,0.083662,0.10826,0.87475,1.2979,1.0287,0,-0.21255,0.39805,-0.54082,0.017176,0.040576,0.064246,-0.51686,-0.22183,-0.14576,-0.79472,0.28716,0.20502,0.22912,-0.28669,-0.42101,-0.16075,-0.12755,-0.11618,0.059077,-0.057373,-0.16699,-0.20542,-0.66965,-0.43045,-0.043805,0.25248,-0.1456,-0.10251,-0.19093,-0.18003,0.060245,-0.6252,-0.24236,0.45301,0.4312,-0.11531,0.15752,-0.025113,-0.14951,-0.14883,0.23517,-0.041314,0.41482,-0.10047,0.18686,-0.03244,-0.18631,-0.16551,0.023946,-0.5085,-0.2514,-0.011691,0.23148,0.39868,0.43624,0.14482,0.30239,-0.27207,-0.23004,-0.22723,-0.023252,-0.33068,-0.018779
-0.11416,-0.23224,0.028415,0.16591,-0.31753,-0.16227,-0.13995,-0.32212,-0.056546,-0.1418,-0.46668,-0.30543,0.10233,0.14191,0.10773,0.14236,0.005905,-0.11259,-0.039471,0.059283,0.1589,0.12748,-0.14174,-0.030397,-0.095417,-0.16102,-0.15036,-0.37736,0.012814,0.29273,0.21633,-0.036607,0.1874,0.21298,0.72568,0.47612,0.30808,0.15714,0.084044,0.033282,-0.0024786,-0.21255,0,0.43012,0.32636,0.26181,-0.18764,-0.26943,0.067128,-0.28147,-0.26421,0.064032,-0.10508,-0.133,-0.20024,0.29855,0.4555,0.024247,0.075301,0.095241,0.24238,-0.15092,0.16128,0.60132,0.60804,0.043804,0.022826,-0.26495,-0.28388,0.11434,0.23368,0.4075,0.31747,0.038378,0.12305,-0.18996,-0.28305,-0.10196,-0.12841,-0.18305,0.18644,0.12633,0.064506,-0.09126,-0.11389,0.078415,0.037712,-0.27973,0.032888,-0.14152,-0.12058,0.45803,0.29691,0.13306,0.26265,-0.1444,-0.20088,-0.27582,-0.38648,0.2728,0.17806,0.047262,0.18228,-0.013396,-0.12359
0.018341,0.42826,-0.16487,-0.19852,0.34569,0.71287,0.058522,0.53013,-0.26162,-0.15626,-0.13351,0.017436,-0.18804,-0.017374,-0.20354,-0.35397,-0.052312,-0.19229,-0.038429,-0.099309,0.0046331,-0.11681,0.023153,0.15712,0.24898,0.16834,-0.22955,-0.12495,0.22163,0.35847,0.20197,0.3347,0.05885,0.18186,0.18689,0.30795,0.29805,0.31401,0.22116,0.37675,0.24163,0.39805,0.43012,0,-0.097858,0.23021,-0.21034,-0.33235,0.037192,-0.29292,-0.12536,-0.16715,-0.067441,-0.0033305,-0.27985,0.1921,0.40502,-0.068279,0.042338,-0.41364,-0.10316,-0.3113,-0.045128,0.088175,0.22763,-0.41862,-0.2831,-0.14382,-0.30693,0.090524,0.12108,0.044646,0.11886,-0.22955,-0.18746,0.20725,-0.079541,0.02423,0.073647,-0.03514,0.019372,-0.19116,-0.069709,0.19379,0.053382,0.038021,-0.050133,-0.26028,0.046461,0.056232,-0.19751,0.082842,0.18959,0.015961,0.1801,-0.11608,-0.10856,-0.071003,-0.074301,-0.073933,-0.0045533,-0.11174,0.15272,-0.23785,-0.031809
-0.45292,-0.48761,0.86505,0.65798,-0.36142,-0.28944,-0.47094,-0.6497,0.34479,-0.050865,-0.19083,0.11505,0.79238,0.93471,0.61258,0.56966,0.64682,0.65614,0.47715,0.22326,0.83893,0.46612,0.30883,0.25197,-0.31344,-0.15609,0.37932,0.17917,0.27704,0.45344,0.21161,-0.085563,1.2435,1.0682,1.163,1.1092,0.37451,0.52786,-0.51753,-0.52982,-0.52997,-0.54082,0.32636,-0.097858,0,0.90492,-0.31087,0.2293,1.0647,0.56168,0.62975,0.99135,-0.066013,0.11512,-0.057232,0.43823,0.98061,0.95822,0.96989,0.75333,0.56806,0.6593,1.1315,0.44222,0.70275,0.62499,0.62721,0.56078,0.71305,0.90489,0.96619,0.96573,0.76054,1.3087,1.2639,0.34846,0.24197,0.72748,0.68046,0.47948,0.95383,0.65999,0.36423,0.29387,0.43387,0.65917,0.56042,0.51234,0.74489,0.3597,0.081803,-0.018754,-0.25128,-0.22226,-0.13398,-0.096588,-0.027539,-0.2525,-0.092884,0.72419,0.63245,0.75329,0.33842,0.53597,0.74902
