,,,,,,,,,,,,,,,,,,,,,,,,,,,,,,,,,,,,,,,,,,,,,,,,,,,,,,,,,,,,,,,,,,,,,,,,,,,,,,,,,,,,,,,,,,,,,,,,,,,,,,,,
0,0.99672,-0.45053,-0.30489,0.49204,0.21344,0.83099,0.59875,-0.2494,-0.079722,-0.16991,-0.2757,-1.3807,-1.1981,-0.35661,-0.42269,-0.49078,-0.40993,-0.43694,-0.34493,-0.12438,-0.18598,-0.061634,-0.17463,0.022796,-0.048061,0.043956,0.4477,0.24846,-0.033362,0.15075,0.13901,-0.9112,-0.82486,-0.35058,-0.28736,-0.2814,-0.36987,0.4919,0.18152,0.65563,0.25787,0.20266,0.29476,-0.32686,-0.56733,0.4569,-0.48102,-0.0067816,-0.75267,-0.70997,-0.10917,0.61133,0.35508,0.096812,0.10142,-0.18562,-0.72804,-0.70349,-0.13119,-0.22153,-0.40366,-0.44239,-0.1974,-0.23445,-0.53417,-0.66769,-0.11356,-0.095336,-0.13424,-0.38344,-0.49536,-0.38547,-0.34815,-0.52253,-0.37048,-0.34946,-1.0139,-0.74717,-1.063,-0.78871,-0.56061,-0.66958,-0.35344,-0.41274,-1.0653,-0.69843,-0.67324,-0.55331,0.084258,-0.21776,0.47246,0.62741,1.1191,1.0565,0.58903,0.45521,0.45288,0.18829,-0.33554,-0.25936,-0.070997,-0.025919,0.33842,0.006421
0.99672,0,-0.35969,-0.28792,0.40034,0.57701,0.41352,0.98995,-0.31095,0.022636,-0.2324,-0.096245,-1.0742,-0.8555,-0.32727,-0.50045,-0.22676,-0.22299,-0.27776,-0.23491,0.02846,-0.074686,0.08823,0.089131,0.096325,0.11388,0.071984,0.42257,0.23006,0.11322,0.15299,0.35464,-0.63941,-0.52648,-0.393,-0.18964,-0.36465,-0.1532,0.25728,0.3075,0.53365,0.50713,0.22114,0.83778,-0.29531,-0.090175,0.25587,-0.41032,0.26811,-0.68722,-0.55569,-0.099957,0.44401,0.37423,-0.022456,0.26808,0.056723,-0.50449,-0.41377,-0.28794,-0.22785,-0.47786,-0.27786,-0.28164,-0.19122,-0.61059,-0.57805,-0.092304,-0.075092,-0.065159,-0.28851,-0.55524,-0.33961,-0.42877,-0.46119,-0.12935,-0.092758,-0.52484,-0.38411,-0.61894,-0.66582,-0.52028,-0.61188,-0.31251,-0.24611,-0.77905,-0.51277,-0.59708,-0.35775,0.14251,-0.11245,0.28352,0.53524,0.53359,0.6625,0.34455,0.28554,0.36361,0.29356,-0.22029,-0.10146,-0.024308,0.20718,0.16493,0.16522
-0.45053,-0.35969,0,1.349,-0.3493,-0.091761,-0.61237,-0.23659,0.67537,0.60746,0.25501,0.75392,0.65888,0.70816,1.0625,0.89117,0.84133,0.87839,0.57746,0.48185,0.58338,0.58454,0.4044,0.58348,-0.057854,0.33232,0.43085,0.062396,-0.090424,-0.13514,0.038332,-0.1257,0.75519,0.65997,0.62558,0.61844,0.35015,0.81805,-0.38814,-0.017728,-0.40819,-0.082295,-0.035535,-0.17357,0.75406,0.76106,-0.078094,0.51424,0.35134,0.48649,0.90763,0.29447,0.20081,0.45192,0.63099,0.20989,0.39133,0.88137,0.91598,1.068,1.0373,0.5248,0.95838,0.59717,0.44217,0.5188,0.72618,0.35893,0.29304,0.47778,0.38475,0.67324,0.42754,0.59293,0.57556,0.63256,0.8085,0.84527,0.83446,0.5316,1.2118,1.1234,0.74505,0.25069,0.55641,0.63099,0.66586,0.71348,0.75926,0.38515,0.4278,-0.46419,-0.54926,-0.52822,-0.18121,-0.030819,0.25432,-0.22106,0.12502,0.53936,0.28019,0.20605,0.045623,0.2863,0.50338
-0.30489,-0.28792,1.349,0,-0.41058,-0.16429,-0.37118,-0.065132,0.71946,0.87808,0.40293,0.95326,0.40911,0.46394,1.2185,0.91674,0.74124,0.85583,0.55779,0.66523,0.66936,0.73693,0.59727,0.75865,0.17255,0.59017,0.42628,0.037476,-0.09129,-0.26239,0.1364,-0.016112,0.36421,0.32493,0.41943,0.32888,0.25658,0.73226,-0.085901,0.26205,-0.06915,0.16239,0.1277,-0.10162,0.44767,0.59437,-0.041796,0.52607,0.14409,0.2695,0.64511,0.22128,0.29004,0.42603,0.63203,0.1971,0.16163,0.64078,0.69657,1.2222,1.362,0.42199,0.63888,0.69338,0.29868,0.46929,0.78446,0.20521,0.0094066,0.35934,0.2276,0.55914,0.54223,0.36672,0.50187,0.45011,0.79727,0.46542,0.65114,0.23964,0.96501,0.84203,0.78747,0.064412,0.55424,0.42265,0.55913,0.56559,0.58628,0.22409,0.50549,-0.39275,-0.38584,-0.49691,-0.087467,-0.025186,0.34849,-0.31848,0.12246,0.39157,0.092357,0.0808,-0.023303,0.119,0.17787
0.49204,0.40034,-0.3493,-0.41058,0,0.91122,0.70846,0.32752,-0.19288,-0.22468,0.1207,-0.11353,-0.36342,-0.24603,-0.45003,-0.75101,-0.37767,-0.50963,-0.29523,-0.51678,-0.27088,-0.56856,-0.10504,-0.2303,0.17309,-0.16618,-0.14335,0.28122,0.27583,-0.025835,-0.17049,-0.11007,-0.25833,-0.14813,-0.41832,-0.18986,0.11172,0.014936,0.23623,0.077085,0.25462,0.11094,-0.27227,0.17563,-0.20353,-0.42054,-0.025941,-0.60026,0.056411,-0.12901,-0.1389,0.079541,0.16683,0.21212,-0.23152,-0.17992,-0.093437,-0.34506,-0.29972,-0.22568,-0.32994,-0.22153,-0.21689,-0.29462,-0.34485,-0.35095,-0.53198,0.25744,-0.036487,0.051651,0.074266,-0.20888,-0.044675,-0.10809,-0.15937,-0.070864,-0.28448,-0.34369,-0.18556,-0.35146,-0.20197,-0.37921,-0.40982,-0.067139,-0.066993,-0.27639,-0.37853,-0.33956,-0.31062,-0.080724,-0.59887,0.15749,0.21391,0.58843,0.49809,0.22978,0.18082,0.3076,0.18779,-0.43695,-0.25683,0.091876,0.073493,0.37101,0.045144
0.21344,0.57701,-0.091761,-0.16429,0.91122,0,0.1824,0.52336,-0.32,-0.057695,-0.095039,0.062792,-0.26395,-0.077202,-0.27626,-0.68029,-0.17459,-0.35046,-0.2687,-0.45155,0.015348,-0.35135,-0.049873,-0.011599,0.078871,-0.05044,-0.14171,0.046959,0.14401,0.092367,-0.22201,-0.031322,-0.04636,0.1059,-0.16428,0.12068,0.060603,0.24461,-0.044409,0.16169,0.10044,0.23697,0.047196,0.83466,-0.1272,-0.029172,-0.24655,-0.55508,0.28456,-0.19045,-0.032903,0.095339,0.12338,0.26947,-0.20258,0.15057,0.32933,-0.19022,-0.043146,-0.29311,-0.12744,-0.43615,-0.12846,-0.0024999,-0.034741,-0.43997,-0.45732,0.037562,-0.23182,0.026655,0.017066,-0.23416,-0.12819,-0.19328,-0.27527,0.033269,-0.079587,-0.054926,0.014914,-0.18723,-0.02686,-0.17927,-0.30741,0.047362,0.0066813,-0.11474,-0.32824,-0.36489,-0.10827,0.060603,-0.44892,0.075801,0.22258,0.21616,0.31958,-0.085347,-0.052073,0.063281,0.076735,-0.24925,-0.17372,0.027731,0.17954,0.12598,0.13314
0.83099,0.41352,-0.61237,-0.37118,0.70846,0.1824,0,0.62115,-0.078747,-0.16251,0.20137,-0.2291,-0.66384,-0.63983,-0.34269,-0.49649,-0.35492,-0.41415,-0.070909,-0.28665,-0.21148,-0.32866,0.11027,-0.2479,0.28542,-0.0050068,0.033067,0.34741,0.57675,0.072868,0.23286,0.10181,-0.68779,-0.66521,-0.50052,-0.49411,0.059028,-0.29561,0.63935,0.20645,0.74906,0.28347,-0.078852,0.10027,-0.44126,-0.69827,0.12504,-0.46468,-0.16423,-0.28576,-0.36946,0.0061697,0.38696,0.15849,-0.18619,-0.050248,-0.28047,-0.80965,-0.7828,-0.2074,-0.40762,-0.0012695,-0.36736,-0.42525,-0.4807,-0.58282,-0.63883,0.11101,-0.12392,-0.01314,-0.10691,-0.32169,-0.1762,-0.38224,-0.36898,-0.18545,-0.28329,-0.63456,-0.36318,-0.60304,-0.49341,-0.58405,-0.51215,-0.1877,-0.071281,-0.43393,-0.3945,-0.45159,-0.41054,-0.26625,-0.47383,0.39293,0.41936,0.87034,0.53737,0.68835,0.51009,0.53595,0.25786,-0.58136,-0.55403,-0.21151,-0.28574,0.24889,-0.33865
0.59875,0.98995,-0.23659,-0.065132,0.32752,0.52336,0.62115,0,-0.020846,0.12564,0.10621,0.1368,-0.78557,-0.63222,-0.062006,-0.29759,0.0094207,-0.019711,0.10576,-0.049202,0.20272,0.04056,0.4406,0.22584,0.34042,0.4187,0.25485,0.4146,0.55166,0.15429,0.45078,0.542,-0.55124,-0.49887,-0.31864,-0.18717,-0.14223,-0.010915,0.41477,0.51359,0.71386,0.82495,0.12237,0.90914,-0.43982,-0.091212,0.093163,-0.19119,0.09171,-0.43183,-0.27138,-0.11139,0.59976,0.44804,0.11606,0.35015,0.070044,-0.4485,-0.33551,-0.2298,-0.17076,-0.11873,-0.19509,-0.30699,-0.24984,-0.66991,-0.3971,0.067624,-0.12199,0.13953,-0.18165,-0.30163,-0.16156,-0.48577,-0.39005,0.11402,0.089217,-0.27157,-0.057185,-0.29926,-0.34247,-0.40076,-0.38584,-0.13007,0.0461,-0.32329,-0.20765,-0.32127,-0.10204,-0.093294,-0.1356,0.0054094,0.21123,0.3216,0.42214,0.4766,0.48769,0.28897,0.27549,-0.41364,-0.42079,-0.26599,-0.15953,0.017005,-0.069971
-0.2494,-0.31095,0.67537,0.71946,-0.19288,-0.32,-0.078747,-0.020846,0,0.77882,0.84337,0.74075,0.3465,0.27528,1.201,1.0074,0.93045,0.80275,0.85174,0.91202,0.46718,0.37324,0.66044,0.6669,0.58178,0.68435,0.7446,0.35357,-0.016371,-0.41913,0.23327,-0.057836,0.17332,0.035801,0.047171,-0.13634,0.22489,0.42397,0.20798,0.41088,0.14256,0.33855,-0.21713,-0.36545,0.2081,0.40578,-0.064475,0.50719,-0.10072,0.313,0.39241,-0.13298,0.46449,0.63705,0.71394,-0.028807,-0.13278,0.42432,0.43228,0.90736,0.56963,0.59894,0.66366,0.11775,-0.12207,0.20748,0.58867,0.79834,0.30978,0.36454,0.1515,0.61032,0.50652,0.096092,0.45667,0.72177,0.91996,0.47363,0.69707,0.53602,0.62916,0.88173,0.69629,0.064502,0.76643,0.54559,1.0381,0.57179,0.43574,-0.23766,0.20705,-0.83903,-0.86007,-0.31743,0.058751,0.47817,0.73754,0.016453,0.37087,0.17553,-0.0011428,0.12197,-0.040271,0.22133,0.30976
-0.079722,0.022636,0.60746,0.87808,-0.22468,-0.057695,-0.16251,0.12564,0.77882,0,0.7472,1.2776,0.11771,0.13068,0.92626,0.75395,0.54274,0.54063,0.40711,0.92082,0.42078,0.49978,0.53369,1.0735,0.61412,1.0694,0.48431,0.23497,-0.23452,-0.38258,0.041373,0.10238,-0.046535,-0.046004,-0.17254,-0.21112,0.21412,0.59658,0.31196,0.89151,0.35529,0.74595,-0.093731,-0.027347,-0.099711,0.37393,0.023946,0.277,-0.1751,-0.02816,0.32818,-0.26232,0.36747,0.52674,0.71245,-0.040115,-0.26105,0.20738,0.23925,0.74059,0.94799,0.19209,0.27992,0.42976,-0.21753,0.10721,0.42035,0.23558,-0.12578,-0.076463,-0.17401,0.064731,0.21135,-0.2277,0.061048,0.60221,1.1533,0.27451,0.48177,0.086634,0.44497,0.5821,0.70715,0.0039377,0.58606,0.13856,0.50091,0.24629,0.097925,0.057847,0.3683,-0.45469,-0.29536,-0.32489,0.10361,0.22893,0.56441,-0.10563,0.34608,0.18878,-0.060658,-0.047311,0.089592,-0.035838,0.084689
-0.16991,-0.2324,0.25501,0.40293,0.1207,-0.095039,0.20137,0.10621,0.84337,0.7472,0,1.026,0.24587,0.27548,0.5827,0.54001,0.38071,0.38789,0.5262,0.72938,0.094857,0.11768,0.45209,0.60996,1.0879,0.93196,0.32728,0.36048,0.10444,-0.28744,0.19792,0.17847,0.04908,0.037171,-0.22958,-0.32166,0.49255,0.54768,0.60723,0.74696,0.46385,0.68903,-0.6226,-0.33285,-0.17944,0.15892,-0.15986,0.27186,-0.48822,0.28766,0.46152,-0.27245,0.073177,0.16091,0.31411,-0.50041,-0.5418,0.25273,0.21112,0.41485,0.43379,0.46711,0.16292,0.00030297,-0.57628,0.06903,0.3784,0.56712,-0.0093534,0.088016,0.08519,0.17165,0.45401,-0.083391,0.24821,0.78198,0.80216,0.30684,0.66937,0.34731,0.47289,0.33616,0.81865,0.17628,0.84782,0.36465,0.69273,0.46434,0.10841,-0.076461,0.13987,-0.6861,-0.58497,-0.30905,-0.085818,0.32266,0.55844,0.013732,0.33021,-0.12654,-0.23946,-0.075948,-0.15619,-0.13681,-0.048678
-0.2757,-0.096245,0.75392,0.95326,-0.11353,0.062792,-0.2291,0.1368,0.74075,1.2776,1.026,0,0.30099,0.41689,0.9198,0.75936,0.62122,0.70524,0.54343,0.91038,0.42402,0.48503,0.61572,1.1418,0.68735,1.1629,0.38131,0.27802,-0.038208,-0.20635,0.14955,0.24549,0.22802,0.25978,0.0094288,0.028441,0.3739,0.9938,0.23941,0.74409,0.21787,0.68212,-0.31665,-0.032922,0.058069,0.57592,-0.11476,0.41319,-0.11291,0.23293,0.6648,-0.09654,0.13685,0.33721,0.54897,-0.1842,-0.17714,0.52533,0.5587,0.67844,0.97481,0.37524,0.38078,0.33938,-0.16048,0.24674,0.62002,0.39947,-0.0026675,0.18635,0.14744,0.26327,0.50582,0.078447,0.33804,0.90918,1.2653,0.52716,0.90723,0.35832,0.7715,0.57025,1.0041,0.2095,0.84215,0.40312,0.7451,0.53946,0.31751,0.20619,0.40742,-0.73878,-0.5244,-0.61084,-0.13579,0.030767,0.426,-0.22826,0.29827,0.13607,-0.032072,0.014153,0.013163,-0.11278,0.16586
-1.3807,-1.0742,0.65888,0.40911,-0.36342,-0.26395,-0.66384,-0.78557,0.3465,0.11771,0.24587,0.30099,0,1.8487,0.47109,0.50521,0.54076,0.44634,0.49527,0.29816,0.16038,0.15447,0.083745,0.18944,-0.10233,0.0040443,0.080368,-0.26113,-0.12112,0.077493,-0.13971,-0.23027,1.3758,1.1661,0.51144,0.47053,0.50585,0.46432,-0.51563,-0.31744,-0.65178,-0.38494,-0.26135,-0.49977,0.65696,0.62137,-0.37356,0.48283,0.11262,1.0715,1.0274,0.23853,-0.49144,-0.25604,-0.046977,-0.094048,0.25829,0.93599,0.83781,0.39188,0.41413,0.63699,0.74695,0.34213,0.24161,0.68256,0.7344,0.29347,0.28265,0.26707,0.57393,0.64753,0.4419,0.61476,0.69385,0.44076,0.39573,1.1182,0.8508,0.92741,1.0938,0.71285,0.78154,0.37224,0.5309,1.0802,0.68928,0.81844,0.6331,0.17485,0.24539,-0.35548,-0.65708,-0.81214,-0.90393,-0.37981,-0.31366,-0.35478,-0.15014,0.54335,0.44073,0.2326,0.086263,-0.079834,0.17797
-1.1981,-0.8555,0.70816,0.46394,-0.24603,-0.077202,-0.63983,-0.63222,0.27528,0.13068,0.27548,0.41689,1.8487,0,0.46429,0.4435,0.47297,0.39394,0.42368,0.25587,0.19348,0.10521,0.085007,0.21121,-0.029156,0.019969,-0.0025855,-0.26177,-0.067712,0.14469,-0.17604,-0.23036,1.6363,1.5968,0.59636,0.60766,0.59285,0.67358,-0.47187,-0.24238,-0.59513,-0.32173,-0.2432,-0.32886,0.72742,0.68735,-0.46445,0.38125,0.17655,0.97689,1.1063,0.31745,-0.519,-0.22774,-0.10988,-0.14617,0.34511,1.0021,1.0017,0.37174,0.51017,0.54924,0.70499,0.4033,0.28845,0.58424,0.66571,0.2783,0.21249,0.28537,0.65223,0.62311,0.47747,0.69037,0.67285,0.51581,0.4279,1.1737,1.0167,0.8874,1.3593,0.68958,0.8251,0.51849,0.63473,1.2006,0.69226,0.76956,0.66487,0.29327,0.17872,-0.34688,-0.56171,-0.87935,-0.82941,-0.49046,-0.33336,-0.39779,-0.13951,0.44191,0.36815,0.22684,0.058024,-0.08173,0.23225
-0.35661,-0.32727,1.0625,1.2185,-0.45003,-0.27626,-0.34269,-0.062006,1.201,0.92626,0.5827,0.9198,0.47109,0.46429,0,1.2347,1.0403,0.91187,0.75078,0.85843,0.92696,0.50094,0.67758,0.797,0.28798,0.6743,0.89766,0.3146,0.04075,-0.22151,0.19746,-0.044456,0.36707,0.25544,0.32969,0.1831,0.17097,0.50749,-0.052426,0.28595,0.0068513,0.30321,0.027753,-0.16558,0.41508,0.60998,-0.16437,0.60096,0.082099,0.43832,0.60411,0.052246,0.41411,0.54099,0.77703,0.22105,0.13128,0.6225,0.68923,1.1396,1.0458,0.52825,0.77667,0.50917,0.069357,0.31229,0.75638,0.57956,0.22912,0.40401,0.22013,0.59596,0.43965,0.2067,0.46493,0.58752,0.98376,0.6056,0.81843,0.51195,0.88555,1.1367,0.81372,0.052329,0.75353,0.60961,0.90384,0.57091,0.56485,0.031275,0.30924,-0.77072,-0.79553,-0.45521,-0.062859,0.19873,0.41467,-0.23992,0.13854,0.37665,0.089525,0.12895,-0.074236,0.088842,0.37719
-0.42269,-0.50045,0.89117,0.91674,-0.75101,-0.68029,-0.49649,-0.29759,1.0074,0.75395,0.54001,0.75936,0.50521,0.4435,1.2347,0,0.73973,0.90675,0.68295,1.1508,0.41646,0.65091,0.4198,0.68202,0.27728,0.62136,0.48764,0.1257,-0.13249,-0.1631,0.25951,0.07404,0.38227,0.25772,0.41776,0.17443,0.26315,0.46742,0.0727,0.26674,-0.0602,0.1636,-0.067947,-0.42408,0.32476,0.5796,0.071238,0.816,-0.16882,0.31269,0.50999,-0.15257,0.12807,0.22841,0.75766,-0.086738,-0.08329,0.68585,0.61161,0.88008,0.89106,0.60811,0.58995,0.40647,0.16477,0.49652,0.90282,0.30404,0.22897,0.20926,0.15225,0.57239,0.43293,0.27725,0.46743,0.6696,0.89088,0.58777,0.65763,0.5709,0.71484,0.89566,1.0865,0.21444,0.59064,0.55672,1.0861,0.77465,0.50003,0.14584,0.59434,-0.66385,-0.70569,-0.61864,-0.21975,0.1227,0.36076,-0.19182,0.14664,0.41252,0.18309,0.01027,-0.11785,-0.049667,0.25525
-0.49078,-0.22676,0.84133,0.74124,-0.37767,-0.17459,-0.35492,0.0094207,0.93045,0.54274,0.38071,0.62122,0.54076,0.47297,1.0403,0.73973,0,1.5425,1.2751,0.85228,0.8973,0.75186,0.93873,0.88027,0.20988,0.58435,0.83689,0.33465,0.10629,-0.041109,0.40641,0.16801,0.43787,0.28391,0.20293,0.14383,0.019955,0.35883,-0.23362,0.044796,-0.090484,0.19847,-0.052592,-0.044476,0.52791,0.97961,-0.24223,0.66879,0.31477,0.65727,0.71198,0.23587,0.26439,0.39379,0.3976,0.41336,0.3024,0.62505,0.73679,0.79466,0.44956,0.67911,1.1129,0.20678,0.2361,0.32369,0.70687,0.79155,0.48681,0.78025,0.50902,0.77958,0.63286,0.28437,0.6478,0.57037,0.87805,0.84515,0.91008,0.64899,0.65213,0.91833,0.58818,-0.028284,0.68961,0.63656,0.91266,0.6005,0.76087,-0.032066,0.40231,-0.71033,-0.75036,-0.55753,-0.28263,0.14555,0.34739,-0.1632,0.3213,0.65321,0.39462,0.42608,0.26404,0.085918,0.3702
-0.40993,-0.22299,0.87839,0.85583,-0.50963,-0.35046,-0.41415,-0.019711,0.80275,0.54063,0.38789,0.70524,0.44634,0.39394,0.91187,0.90675,1.5425,0,1.158,1.0099,0.71069,1.1537,0.96467,1.0072,0.1911,0.70848,0.65931,0.33593,0.066896,-0.043299,0.5287,0.38721,0.37628,0.24087,0.23619,0.17708,-0.013749,0.3761,-0.13787,0.068089,-0.069548,0.19666,-0.12394,-0.15216,0.49351,0.98371,0.013553,0.98434,0.21873,0.54887,0.70893,0.19229,0.18719,0.26455,0.48723,0.27794,0.14347,0.77815,0.79621,0.8383,0.53164,0.75357,0.92762,0.18261,0.27542,0.55559,0.98264,0.57891,0.51832,0.76705,0.47764,0.76042,0.76408,0.45006,0.79486,0.55605,0.83331,0.69086,0.78774,0.53345,0.58656,0.68402,0.68209,-0.017477,0.56093,0.46286,0.85065,0.81575,0.79003,0.15664,0.7931,-0.67929,-0.67027,-0.68412,-0.3688,0.069234,0.36501,-0.21687,0.31575,0.6721,0.46756,0.37598,0.22956,0.020604,0.3039
-0.43694,-0.27776,0.57746,0.55779,-0.29523,-0.2687,-0.070909,0.10576,0.85174,0.40711,0.5262,0.54343,0.49527,0.42368,0.75078,0.68295,1.2751,1.158,0,0.82958,0.50993,0.69839,1.0606,0.73849,0.34078,0.62336,0.68777,0.32004,0.38455,0.19523,0.49621,0.32085,0.39632,0.22888,0.14587,0.057885,0.26434,0.32803,0.013913,0.12762,0.057392,0.25208,-0.21982,-0.13254,0.35486,0.71014,-0.023893,0.79255,0.16438,0.63715,0.71924,0.12791,0.2044,0.28282,0.24411,0.26045,0.23202,0.50181,0.54901,0.53915,0.29136,1.2147,0.9282,-0.037816,0.11487,0.2977,0.62908,0.71334,0.53425,0.69256,0.52829,0.64507,0.5651,0.30118,0.58573,0.77656,0.85902,0.78555,0.98764,0.61209,0.57965,0.54086,0.53761,0.19167,0.95005,0.70533,1.015,0.83809,0.90785,-0.005146,0.4395,-0.50131,-0.56611,-0.5409,-0.38197,0.33387,0.5444,0.11191,0.56387,0.37475,0.20232,0.065409,-0.066798,0.13728,0.20141
-0.34493,-0.23491,0.48185,0.66523,-0.51678,-0.45155,-0.28665,-0.049202,0.91202,0.92082,0.72938,0.91038,0.29816,0.25587,0.85843,1.1508,0.85228,1.0099,0.82958,0,0.39626,0.85772,0.71557,1.1797,0.69283,1.0889,0.43084,0.20562,-0.1291,-0.12688,0.44221,0.38213,0.094251,0.022937,0.0046099,-0.17613,0.11802,0.40107,0.34183,0.57488,0.27862,0.52821,-0.088843,-0.18814,0.055188,0.67539,0.031308,0.73359,-0.27408,0.18567,0.37547,-0.24169,0.074451,0.1481,0.47662,-0.12619,-0.28112,0.45662,0.45873,0.6627,0.61339,0.50069,0.451,0.23284,0.021583,0.37286,0.80724,0.35391,0.1169,0.20805,0.16846,0.47172,0.65711,0.025848,0.42871,0.63824,0.96845,0.43429,0.60946,0.37211,0.43023,0.5648,0.99619,0.037101,0.63691,0.36186,1.0323,0.56126,0.33517,-0.034732,0.65843,-0.66948,-0.53602,-0.6813,-0.23145,0.090265,0.4167,-0.21038,0.35596,0.41155,0.22919,0.12313,0.1659,-0.25399,0.036494
-0.12438,0.02846,0.58338,0.66936,-0.27088,0.015348,-0.21148,0.20272,0.46718,0.42078,0.094857,0.42402,0.16038,0.19348,0.92696,0.41646,0.8973,0.71069,0.50993,0.39626,0,0.50943,0.85948,0.61862,-0.020007,0.38129,0.98386,0.44356,0.25364,0.014351,0.2843,0.089005,0.16884,0.10449,0.21983,0.2428,-0.3472,0.068173,-0.28559,-0.032096,0.048794,0.26114,0.29503,0.26834,0.46075,0.50491,-0.19568,0.43901,0.45261,0.41385,0.41623,0.39678,0.57962,0.52739,0.46145,0.82085,0.44257,0.37889,0.55554,0.70458,0.53043,0.28283,0.69874,0.47729,0.25034,0.17697,0.45779,0.52734,0.30588,0.64648,0.33072,0.47382,0.31858,0.1914,0.34643,0.090292,0.37894,0.34783,0.43305,0.19496,0.40303,0.55724,0.18514,-0.22776,0.29205,0.29394,0.32234,0.1867,0.50375,0.027838,0.15619,-0.44898,-0.4304,-0.21351,-0.029757,0.034547,0.1424,-0.42449,-0.0542,0.50799,0.2554,0.45077,0.15832,0.031843,0.30503
-0.18598,-0.074686,0.58454,0.73693,-0.56856,-0.35135,-0.32866,0.04056,0.37324,0.49978,0.11768,0.48503,0.15447,0.10521,0.50094,0.65091,0.75186,1.1537,0.69839,0.85772,0.50943,0,0.83483,0.9247,0.082461,0.63322,0.32754,0.080462,-0.066732,0.029667,0.52249,0.54888,0.08123,0.020088,0.14931,0.12009,-0.13504,0.1789,0.0062295,0.11298,0.079231,0.20366,0.12381,0.013337,0.22701,0.62061,0.33477,0.86561,0.087705,0.14521,0.42876,0.12495,0.19479,0.16107,0.45051,0.34172,0.062054,0.43496,0.44683,0.64032,0.48491,0.4991,0.53521,0.34375,0.49302,0.58182,0.76315,0.071227,0.20631,0.41032,0.24382,0.47279,0.53891,0.29165,0.43414,0.25034,0.48337,0.31449,0.31403,0.065791,0.26874,0.30347,0.43779,-0.079024,0.18882,0.09729,0.3815,0.50982,0.53534,0.24647,1.0823,-0.20411,-0.15983,-0.52225,-0.30986,-0.056055,0.29033,-0.29311,0.22704,0.73193,0.4763,0.24333,0.28358,-0.11595,-0.068458
-0.061634,0.08823,0.4044,0.59727,-0.10504,-0.049873,0.11027,0.4406,0.66044,0.53369,0.45209,0.61572,0.083745,0.085007,0.67758,0.4198,0.93873,0.96467,1.0606,0.71557,0.85948,0.83483,0,1.05,0.39546,0.85537,0.82062,0.53251,0.4144,0.095621,0.56021,0.53144,0.0064682,-0.066984,-0.10086,-0.058924,-0.10136,0.17093,0.16575,0.2962,0.3947,0.57419,-0.04542,0.14763,0.17813,0.52103,0.17105,0.72281,0.21182,0.3105,0.44743,0.15652,0.55979,0.50441,0.38985,0.47382,0.12626,0.33964,0.43747,0.61536,0.39499,0.7151,0.70736,0.078685,0.031538,0.2848,0.60171,0.62916,0.42448,0.69904,0.36858,0.49147,0.5831,0.1845,0.47698,0.3994,0.57934,0.3094,0.56684,0.1318,0.336,0.23522,0.26414,-0.097265,0.55017,0.24342,0.48487,0.48073,0.6253,0.00040142,0.46496,-0.41884,-0.36362,-0.33596,-0.14664,0.27118,0.54834,-0.13866,0.37709,0.34479,0.21728,0.2326,0.11485,0.07967,0.091534
-0.17463,0.089131,0.58348,0.75865,-0.2303,-0.011599,-0.2479,0.22584,0.6669,1.0735,0.60996,1.1418,0.18944,0.21121,0.797,0.68202,0.88027,1.0072,0.73849,1.1797,0.61862,0.9247,1.05,0,0.56534,1.4494,0.58972,0.39208,0.011434,-0.047226,0.42294,0.59114,0.095913,0.085359,-0.056331,-0.016752,0.056146,0.48522,0.24659,0.60906,0.37607,0.77695,-0.059611,0.1447,0.09261,0.82666,0.13551,0.69429,-0.023835,0.16377,0.49083,-0.16342,0.27887,0.35853,0.54464,0.16458,-0.05959,0.52243,0.57513,0.68359,0.75634,0.41148,0.5747,0.34251,0.0085078,0.37312,0.7728,0.41686,0.17947,0.34427,0.18607,0.38022,0.60854,0.067036,0.40184,0.62014,0.96432,0.40531,0.63645,0.18163,0.44609,0.42379,0.71379,-0.046594,0.60584,0.18833,0.60713,0.51105,0.41708,0.22103,0.76708,-0.60062,-0.45097,-0.58194,-0.16484,0.081252,0.41484,-0.27825,0.34467,0.52997,0.37484,0.23637,0.36404,-0.15596,0.17221
0.022796,0.096325,-0.057854,0.17255,0.17309,0.078871,0.28542,0.34042,0.58178,0.61412,1.0879,0.68735,-0.10233,-0.029156,0.28798,0.27728,0.20988,0.1911,0.34078,0.69283,-0.020007,0.082461,0.39546,0.56534,0,0.8835,0.084474,0.15791,-0.054384,-0.29691,0.15719,0.21916,-0.24145,-0.2148,-0.40683,-0.5719,0.25834,0.36497,1.0501,1.2207,0.84232,0.95184,-0.26038,0.044396,-0.40664,0.12194,-0.12333,0.082223,-0.57243,-0.15893,0.00066109,-0.50406,0.099095,0.19232,0.076204,-0.47152,-0.4918,-0.010036,0.056653,0.1155,0.19815,0.083645,-0.069174,-0.1068,-0.44726,-0.21491,0.13183,0.2755,-0.25434,-0.12625,-0.15243,0.0088658,0.34816,-0.36662,-0.0086327,0.55879,0.59208,0.054881,0.37931,0.10967,0.13843,0.13314,0.51127,0.16694,0.67358,0.17004,0.50835,0.15465,-0.0042273,-0.25044,0.066663,-0.43724,-0.20728,-0.26135,0.11092,0.26439,0.53835,0.091935,0.47656,-0.25326,-0.29173,-0.14707,-0.011008,-0.23928,-0.15409
-0.048061,0.11388,0.33232,0.59017,-0.16618,-0.05044,-0.0050068,0.4187,0.68435,1.0694,0.93196,1.1629,0.0040443,0.019969,0.6743,0.62136,0.58435,0.70848,0.62336,1.0889,0.38129,0.63322,0.85537,1.4494,0.8835,0,0.52188,0.41408,0.077936,-0.14873,0.50734,0.69754,-0.12334,-0.13412,-0.19711,-0.22654,0.13558,0.42157,0.59426,1.0034,0.66688,1.2193,-0.16761,0.12474,-0.24223,0.44206,0.12671,0.54588,-0.35214,0.0075096,0.30484,-0.42945,0.30336,0.29652,0.57504,-0.01641,-0.31771,0.27621,0.28262,0.43648,0.5666,0.32132,0.21601,0.16031,-0.27492,0.12944,0.53643,0.33195,-0.01453,0.16298,-0.050946,0.16812,0.44743,-0.18603,0.17054,0.63969,0.89861,0.21676,0.50931,0.13438,0.27812,0.25428,0.68158,-0.022443,0.6064,0.096547,0.53495,0.40921,0.21442,0.067682,0.60551,-0.66618,-0.44703,-0.42733,-0.060986,0.25981,0.57049,-0.13556,0.34525,0.15153,0.018227,-0.058631,0.075565,-0.29044,-0.021128
0.043956,0.071984,0.43085,0.42628,-0.14335,-0.14171,0.033067,0.25485,0.7446,0.48431,0.32728,0.38131,0.080368,-0.0025855,0.89766,0.48764,0.83689,0.65931,0.68777,0.43084,0.98386,0.32754,0.82062,0.58972,0.084474,0.52188,0,0.97909,0.45735,-0.011435,0.36814,0.18619,0.022319,-0.12661,-0.01916,-0.031961,-0.19044,-0.03784,-0.06578,0.099108,0.18751,0.41144,-0.028982,-0.0077618,0.23795,0.31526,0.068697,0.48359,0.25985,0.40099,0.30906,0.036107,0.80958,0.68607,0.67909,0.61776,0.17303,0.24511,0.27795,0.61899,0.33406,0.48438,0.63598,0.071887,-0.19627,0.089058,0.35284,0.90632,0.59704,0.57978,0.16676,0.30198,0.15676,0.037985,0.27755,0.27559,0.51793,0.24884,0.38599,0.22262,0.21723,0.45841,0.13623,-0.29113,0.41647,0.16224,0.3933,0.28749,0.37122,-0.048979,0.16431,-0.57628,-0.61683,0.016342,0.13901,0.63288,0.54895,0.071523,0.2598,0.2958,0.12697,0.18308,-0.0321,0.28517,0.49466
0.4477,0.42257,0.062396,0.037476,0.28122,0.046959,0.34741,0.4146,0.35357,0.23497,0.36048,0.27802,-0.26113,-0.26177,0.3146,0.1257,0.33465,0.33593,0.32004,0.20562,0.44356,0.080462,0.53251,0.39208,0.15791,0.41408,0.97909,0,0.67361,0.12144,0.44604,0.39526,-0.20983,-0.2816,-0.26059,-0.16059,-0.20965,-0.062424,0.14243,0.1321,0.34984,0.47017,-0.27983,-0.0046874,0.081036,0.11361,0.19145,0.17406,0.23453,0.20959,0.09291,0.046228,0.57029,0.45336,0.39783,0.20219,-0.10491,0.047776,0.025862,0.30461,0.065713,0.29385,0.2638,-0.27856,-0.47438,-0.04684,0.063012,0.92643,0.65736,0.54898,0.22859,0.050443,0.14092,0.035607,0.21656,0.19566,0.26608,-0.074231,0.14222,-0.034802,-0.10329,-0.005539,-0.076129,-0.36595,0.215,-0.19178,0.14081,0.073075,0.0017387,0.093551,0.036673,-0.40409,-0.33318,0.2907,0.33667,0.67666,0.57076,0.26626,0.37916,0.01593,0.062949,0.24117,0.02519,0.35223,0.54716
0.24846,0.23006,-0.090424,-0.09129,0.27583,0.14401,0.57675,0.55166,-0.016371,-0.23452,0.10444,-0.038208,-0.12112,-0.067712,0.04075,-0.13249,0.10629,0.066896,0.38455,-0.1291,0.25364,-0.066732,0.4144,0.011434,-0.054384,0.077936,0.45735,0.67361,0,0.79661,0.57978,0.42137,0.043517,0.0022364,0.13059,0.21511,0.14134,-0.054237,0.040265,-0.11456,0.2028,0.16801,-0.03793,0.22632,0.15048,0.0272,0.069543,0.081507,0.32754,0.28962,0.16354,0.29223,0.25771,0.094184,-0.066869,0.32977,0.30094,-0.038679,-0.037546,-0.048787,-0.13398,0.49544,0.21309,-0.30915,-0.14881,-0.1402,-0.10992,0.44117,0.42106,0.64524,0.51883,0.11214,0.07138,0.1733,0.14097,0.13844,-0.028253,0.0019043,0.17842,-0.00379,-0.011095,-0.28311,-0.24596,-0.032428,0.23117,0.055957,0.033447,0.088055,0.20307,0.13314,-0.15031,0.012202,-0.058334,0.27669,0.05531,0.44745,0.27204,0.32485,0.18476,-0.16687,-0.12955,-0.13361,-0.41093,0.26491,0.1915
-0.033362,0.11322,-0.13514,-0.26239,-0.025835,0.092367,0.072868,0.15429,-0.41913,-0.38258,-0.28744,-0.20635,0.077493,0.14469,-0.22151,-0.1631,-0.041109,-0.043299,0.19523,-0.12688,0.014351,0.029667,0.095621,-0.047226,-0.29691,-0.14873,-0.011435,0.12144,0.79661,0,0.36139,0.44374,0.29487,0.31385,0.32253,0.46857,0.20837,-0.02085,-0.17275,-0.29127,-0.091745,-0.12372,0.1301,0.32703,0.22887,0.23794,0.10442,0.068518,0.34838,0.17492,0.13735,0.21757,-0.23323,-0.30558,-0.35045,0.22867,0.49357,0.024872,0.044601,-0.2977,-0.17048,0.33564,0.1695,-0.11711,0.25217,0.020067,-0.092474,0.00063701,0.33595,0.30256,0.5315,0.082042,-0.050043,0.23936,0.036657,0.089743,-0.1353,0.17002,0.11637,0.026312,-0.024617,-0.3355,-0.18368,0.26306,0.073284,0.11553,0.014665,0.048427,0.17778,0.37305,0.015272,0.27839,0.19095,-0.033002,-0.30091,-0.088188,-0.21061,0.12071,0.037229,0.10628,0.22079,-0.1106,-0.14484,0.013206,0.13121
0.15075,0.15299,0.038332,0.1364,-0.17049,-0.22201,0.23286,0.45078,0.23327,0.041373,0.19792,0.14955,-0.13971,-0.17604,0.19746,0.25951,0.40641,0.5287,0.49621,0.44221,0.2843,0.52249,0.56021,0.42294,0.15719,0.50734,0.36814,0.44604,0.57978,0.36139,0,0.97488,-0.11507,-0.17235,0.19185,0.12419,-0.021708,0.0056447,0.26276,0.10367,0.35274,0.30686,0.19198,0.19466,0.028557,0.31543,0.10435,0.33832,-0.06627,0.046259,0.062595,0.011632,0.18474,-0.04415,0.25537,0.21903,-0.062284,0.073799,0.018209,0.19612,0.039994,0.37493,0.20746,-0.046765,0.12617,0.071399,0.21445,0.26286,0.20566,0.69728,0.41214,0.4561,0.50078,0.045133,0.25971,0.13354,0.093319,-0.022324,0.07251,0.0036023,-0.060847,-0.10122,0.13987,-0.28381,0.031696,-0.091988,0.20161,0.1098,0.082077,0.026693,0.34639,-0.23624,-0.25677,0.022646,-0.014781,0.26377,0.28774,-0.078411,0.030542,0.23563,0.20198,0.17498,0.094159,-0.18692,-0.053153
0.13901,0.35464,-0.1257,-0.016112,-0.11007,-0.031322,0.10181,0.542,-0.057836,0.10238,0.17847,0.24549,-0.23027,-0.23036,-0.044456,0.07404,0.16801,0.38721,0.32085,0.38213,0.089005,0.54888,0.53144,0.59114,0.21916,0.69754,0.18619,0.39526,0.42137,0.44374,0.97488,0,-0.19853,-0.17797,-0.1102,0.00051629,-0.10421,-0.017253,0.35549,0.29373,0.46827,0.5894,-0.052093,0.33223,-0.25084,0.30236,0.40508,0.4645,-0.15211,-0.081287,0.05827,-0.25502,0.016811,-0.17546,0.14549,0.12389,-0.1674,0.10864,0.03857,-0.099396,-0.013125,0.24304,0.0070853,-0.16416,-0.07794,0.16154,0.26323,0.043924,0.17121,0.30878,0.13984,0.054674,0.2932,-0.02853,0.12241,0.17603,0.11765,-0.057501,0.054746,-0.10029,-0.20549,-0.42004,0.087329,-0.14728,0.011592,-0.26609,0.040809,0.20335,0.070512,0.27313,0.66554,-0.1872,-0.094868,-0.191,-0.23286,0.061289,0.13065,-0.10518,0.099797,0.16881,0.27028,-0.0070664,0.1485,-0.39841,-0.12436
-0.9112,-0.63941,0.75519,0.36421,-0.25833,-0.04636,-0.68779,-0.55124,0.17332,-0.046535,0.04908,0.22802,1.3758,1.6363,0.36707,0.38227,0.43787,0.37628,0.39632,0.094251,0.16884,0.08123,0.0064682,0.095913,-0.24145,-0.12334,0.022319,-0.20983,0.043517,0.29487,-0.11507,-0.19853,0,2.0476,0.88696,0.95507,0.566,0.58284,-0.63394,-0.43587,-0.75934,-0.47417,-0.16354,-0.22492,0.97645,0.73871,-0.33571,0.36758,0.35704,0.8907,0.96458,0.34446,-0.42879,-0.16014,-0.093288,0.0054726,0.62744,1.0229,1.0051,0.28158,0.38976,0.53979,0.79594,0.32219,0.45795,0.50297,0.52431,0.25745,0.37832,0.3869,0.67626,0.61945,0.32478,0.86017,0.60914,0.51069,0.33686,1.2012,0.88312,0.90981,1.0985,0.63771,0.58867,0.58732,0.52134,1.0658,0.58077,0.76096,0.79803,0.47683,0.19265,-0.25392,-0.49487,-0.69217,-0.70733,-0.36964,-0.3093,-0.22637,-0.11349,0.48741,0.46283,0.20583,0.025651,0.072682,0.4559
-0.82486,-0.52648,0.65997,0.32493,-0.14813,0.1059,-0.66521,-0.49887,0.035801,-0.046004,0.037171,0.25978,1.1661,1.5968,0.25544,0.25772,0.28391,0.24087,0.22888,0.022937,0.10449,0.020088,-0.066984,0.085359,-0.2148,-0.13412,-0.12661,-0.2816,0.0022364,0.31385,-0.17235,-0.17797,2.0476,0,0.83374,1.0256,0.60242,0.68238,-0.57915,-0.36428,-0.69478,-0.42346,-0.13915,-0.11762,0.83699,0.68521,-0.36305,0.24258,0.32818,0.72075,0.90269,0.34936,-0.52892,-0.22782,-0.16281,-0.078926,0.56788,0.93808,0.93465,0.20938,0.4252,0.38308,0.62746,0.39688,0.44741,0.47086,0.44911,0.139,0.22342,0.28954,0.65027,0.5067,0.31436,0.79188,0.52385,0.46204,0.26757,1.0053,0.78407,0.72185,1.0516,0.49203,0.56684,0.60282,0.43718,0.88437,0.4406,0.61267,0.62331,0.56399,0.14858,-0.17838,-0.36962,-0.67153,-0.68072,-0.53086,-0.42398,-0.32335,-0.19902,0.42921,0.43696,0.2122,0.084038,-0.011975,0.36837
-0.35058,-0.393,0.62558,0.41943,-0.41832,-0.16428,-0.50052,-0.31864,0.047171,-0.17254,-0.22958,0.0094288,0.51144,0.59636,0.32969,0.41776,0.20293,0.23619,0.14587,0.0046099,0.21983,0.14931,-0.10086,-0.056331,-0.40683,-0.19711,-0.01916,-0.26059,0.13059,0.32253,0.19185,-0.1102,0.88696,0.83374,0,1.4574,0.36315,0.35179,-0.42217,-0.42564,-0.52598,-0.51303,0.40843,0.0066611,0.8447,0.46514,-0.14834,0.25831,0.24628,0.29946,0.37711,0.29103,-0.16588,-0.11027,0.10136,0.17293,0.66883,0.62856,0.61104,0.29265,0.43955,0.24366,0.46698,0.54758,0.85757,0.33036,0.33539,-0.073764,0.10803,0.38718,0.47132,0.63991,0.23913,0.69384,0.35959,0.16036,0.032439,0.44717,0.30888,0.38941,0.6261,0.44355,0.36573,0.33118,0.12623,0.50405,0.27989,0.37451,0.53491,0.48141,0.17934,-0.048765,-0.24522,-0.27778,-0.22773,-0.26916,-0.24593,-0.26345,-0.34438,0.4003,0.30643,0.073006,-0.12924,0.038777,0.32956
-0.28736,-0.18964,0.61844,0.32888,-0.18986,0.12068,-0.49411,-0.18717,-0.13634,-0.21112,-0.32166,0.028441,0.47053,0.60766,0.1831,0.17443,0.14383,0.17708,0.057885,-0.17613,0.2428,0.12009,-0.058924,-0.016752,-0.5719,-0.22654,-0.031961,-0.16059,0.21511,0.46857,0.12419,0.00051629,0.95507,1.0256,1.4574,0,0.32214,0.40202,-0.6039,-0.50969,-0.59209,-0.4731,0.27061,0.16498,0.85489,0.49499,-0.076346,0.1974,0.47831,0.33368,0.4924,0.41236,-0.14974,-0.066259,0.073282,0.27674,0.82812,0.64709,0.63302,0.20746,0.40242,0.22224,0.51229,0.51023,0.78527,0.36196,0.2767,-0.042247,0.22202,0.45391,0.55418,0.50634,0.16652,0.78678,0.34128,0.16179,-0.020686,0.47658,0.31552,0.30588,0.59822,0.25968,0.19791,0.33712,0.04291,0.38383,0.096897,0.33089,0.51471,0.73163,0.17303,0.010225,-0.17632,-0.24528,-0.28589,-0.36637,-0.34857,-0.32142,-0.39305,0.43339,0.42616,0.17792,0.007465,0.09298,0.40962
-0.2814,-0.36465,0.35015,0.25658,0.11172,0.060603,0.059028,-0.14223,0.22489,0.21412,0.49255,0.3739,0.50585,0.59285,0.17097,0.26315,0.019955,-0.013749,0.26434,0.11802,-0.3472,-0.13504,-0.10136,0.056146,0.25834,0.13558,-0.19044,-0.20965,0.14134,0.20837,-0.021708,-0.10421,0.566,0.60242,0.36315,0.32214,0,0.87593,0.17125,0.22407,-0.074321,-0.045222,-0.2751,-0.21322,0.13196,0.17137,-0.1505,-0.064059,-0.17791,0.18848,0.46996,-0.091373,-0.27278,-0.07309,-0.042444,-0.45358,0.051165,0.20579,0.14674,0.13002,0.34505,0.42068,0.18615,0.14226,-0.02058,0.025685,0.054213,0.055308,-0.10603,-0.036855,0.22735,0.17373,0.11857,0.15882,0.066192,0.75458,0.42423,0.45623,0.53611,0.31295,0.65747,0.25984,0.56499,0.70316,0.63673,0.51292,0.40189,0.36276,0.17266,0.28583,-0.020181,0.0079758,-0.11584,-0.19561,-0.16263,0.11672,0.20222,0.24375,0.20065,-0.10999,-0.17707,-0.37407,-0.32865,0.13964,0.045892
-0.36987,-0.1532,0.81805,0.73226,0.014936,0.24461,-0.29561,-0.010915,0.42397,0.59658,0.54768,0.9938,0.46432,0.67358,0.50749,0.46742,0.35883,0.3761,0.32803,0.40107,0.068173,0.1789,0.17093,0.48522,0.36497,0.42157,-0.03784,-0.062424,-0.054237,-0.02085,0.0056447,-0.017253,0.58284,0.68238,0.35179,0.40202,0.87593,0,-0.015522,0.40669,-0.17015,0.15068,-0.20498,-0.0051811,0.30406,0.63523,-0.26781,0.070203,0.11636,0.178,0.60503,0.09804,-0.14892,0.18408,0.21162,-0.3296,0.091262,0.52004,0.53164,0.45213,0.77031,0.28271,0.39017,0.28585,0.096046,0.17684,0.33873,0.19508,-0.064699,0.19,0.34933,0.34451,0.44038,0.27389,0.34684,0.96275,0.82885,0.62848,0.85989,0.43577,1.01,0.52493,0.80746,0.46003,0.71336,0.54719,0.62335,0.42939,0.29385,0.30957,0.15654,-0.3608,-0.30325,-0.51028,-0.11466,-0.12958,0.20748,-0.079071,0.23631,0.030739,-0.044133,-0.053493,-0.018668,0.11627,0.30344
0.4919,0.25728,-0.38814,-0.085901,0.23623,-0.044409,0.63935,0.41477,0.20798,0.31196,0.60723,0.23941,-0.51563,-0.47187,-0.052426,0.0727,-0.23362,-0.13787,0.013913,0.34183,-0.28559,0.0062295,0.16575,0.24659,1.0501,0.59426,-0.06578,0.14243,0.040265,-0.17275,0.26276,0.35549,-0.63394,-0.57915,-0.42217,-0.6039,0.17125,-0.015522,0,0.97312,1.3817,0.78421,-0.083523,0.053393,-0.70791,-0.30952,0.29489,-0.034282,-0.91048,-0.54863,-0.34878,-0.7397,0.21411,0.084157,0.10148,-0.43739,-0.6646,-0.34273,-0.34373,-0.080366,0.015477,-0.069052,-0.41969,-0.11855,-0.43012,-0.29953,-0.11814,-0.061253,-0.36453,-0.33432,-0.42512,-0.22793,0.050163,-0.48905,-0.32535,0.16365,0.11724,-0.43357,-0.14471,-0.3683,-0.27496,-0.27769,0.15313,0.06481,0.18344,-0.28912,0.031918,-0.085455,-0.28115,-0.11883,0.084911,-0.015691,0.1447,0.15114,0.33974,0.43354,0.55927,0.22288,0.30551,-0.36569,-0.35789,-0.33953,-0.15209,-0.22457,-0.38475
0.18152,0.3075,-0.017728,0.26205,0.077085,0.16169,0.20645,0.51359,0.41088,0.89151,0.74696,0.74409,-0.31744,-0.24238,0.28595,0.26674,0.044796,0.068089,0.12762,0.57488,-0.032096,0.11298,0.2962,0.60906,1.2207,1.0034,0.099108,0.1321,-0.11456,-0.29127,0.10367,0.29373,-0.43587,-0.36428,-0.42564,-0.50969,0.22407,0.40669,0.97312,0,0.8351,1.2573,-0.069701,0.23821,-0.65828,0.036627,0.09272,-0.0025293,-0.54478,-0.50795,-0.16631,-0.72149,0.25362,0.32196,0.33349,-0.31821,-0.50533,-0.15956,-0.1224,0.075712,0.33923,-0.12103,-0.24103,0.0041488,-0.49607,-0.27894,0.033851,-0.0066318,-0.44098,-0.34113,-0.45042,-0.23409,0.070466,-0.62399,-0.25989,0.47439,0.58922,-0.12185,0.17032,-0.11312,0.025427,0.022419,0.361,0.065052,0.42043,-0.091924,0.26337,-0.017521,-0.18772,-0.16911,0.12594,-0.3128,-0.045902,-0.13206,0.30543,0.28887,0.54884,0.10611,0.39027,-0.35823,-0.43732,-0.43265,-0.11256,-0.21696,-0.15167
0.65563,0.53365,-0.40819,-0.06915,0.25462,0.10044,0.74906,0.71386,0.14256,0.35529,0.46385,0.21787,-0.65178,-0.59513,0.0068513,-0.0602,-0.090484,-0.069548,0.057392,0.27862,0.048794,0.079231,0.3947,0.37607,0.84232,0.66688,0.18751,0.34984,0.2028,-0.091745,0.35274,0.46827,-0.75934,-0.69478,-0.52598,-0.59209,-0.074321,-0.17015,1.3817,0.8351,0,1.0767,0.066071,0.32668,-0.62258,-0.23705,0.228,-0.046894,-0.53482,-0.46967,-0.32558,-0.50519,0.44742,0.21838,0.09417,-0.034724,-0.41424,-0.41572,-0.34383,-0.038695,0.013021,-0.1065,-0.30344,-0.041024,-0.435,-0.40739,-0.16991,0.035967,-0.29179,-0.18683,-0.39198,-0.28958,-0.011298,-0.58749,-0.38081,0.022791,0.10124,-0.47033,-0.16741,-0.52301,-0.37661,-0.31029,-0.02257,-0.15325,0.14188,-0.41562,-0.12373,-0.23247,-0.25397,-0.08092,0.066092,0.033715,0.20104,0.25864,0.37995,0.4937,0.53987,0.148,0.26392,-0.1972,-0.2406,-0.15084,0.006226,-0.23178,-0.34286
0.25787,0.50713,-0.082295,0.16239,0.11094,0.23697,0.28347,0.82495,0.33855,0.74595,0.68903,0.68212,-0.38494,-0.32173,0.30321,0.1636,0.19847,0.19666,0.25208,0.52821,0.26114,0.20366,0.57419,0.77695,0.95184,1.2193,0.41144,0.47017,0.16801,-0.12372,0.30686,0.5894,-0.47417,-0.42346,-0.51303,-0.4731,-0.045222,0.15068,0.78421,1.2573,1.0767,0,-0.11415,0.42708,-0.6073,0.087669,0.092749,0.13917,-0.36368,-0.26746,-0.043196,-0.54716,0.41356,0.35456,0.34668,0.0020079,-0.35065,-0.12847,-0.074813,0.040454,0.21568,-0.021975,-0.12497,-0.044783,-0.55712,-0.30307,0.053269,0.19244,-0.20364,-0.10315,-0.32535,-0.26455,0.04733,-0.60308,-0.23254,0.39068,0.5351,-0.080827,0.20136,-0.10198,-0.095876,-0.070381,0.20519,-0.096496,0.37597,-0.15503,0.17352,-0.0065473,-0.086652,-0.067867,0.17972,-0.40454,-0.1386,-0.079874,0.19876,0.38051,0.52312,0.043991,0.32872,-0.18021,-0.26019,-0.22024,-0.019803,-0.31941,-0.11278
0.20266,0.22114,-0.035535,0.1277,-0.27227,0.047196,-0.078852,0.12237,-0.21713,-0.093731,-0.6226,-0.31665,-0.26135,-0.2432,0.027753,-0.067947,-0.052592,-0.12394,-0.21982,-0.088843,0.29503,0.12381,-0.04542,-0.059611,-0.26038,-0.16761,-0.028982,-0.27983,-0.03793,0.1301,0.19198,-0.052093,-0.16354,-0.13915,0.40843,0.27061,-0.2751,-0.20498,-0.083523,-0.069701,0.066071,-0.11415,0,0.58262,0.13465,0.076901,-0.033124,-0.16151,0.15231,-0.44787,-0.45156,0.083549,0.19694,0.04778,-0.015293,0.55228,0.39838,-0.17635,-0.069835,0.056871,0.13601,-0.43343,-0.035953,0.50757,0.59114,-0.11973,-0.11985,-0.44385,-0.38854,0.018589,-0.058447,0.13923,-0.019801,-0.13587,-0.16806,-0.52715,-0.33069,-0.35523,-0.41713,-0.4364,-0.16117,-0.0030981,-0.21626,-0.36245,-0.35345,-0.25137,-0.29668,-0.46224,-0.082107,-0.080387,-0.046719,0.36337,0.34312,0.22356,0.34727,-0.16595,-0.21326,-0.24299,-0.31124,0.23084,0.11869,0.050427,0.17277,-0.073883,-0.074471
0.29476,0.83778,-0.17357,-0.10162,0.17563,0.83466,0.10027,0.90914,-0.36545,-0.027347,-0.33285,-0.032922,-0.49977,-0.32886,-0.16558,-0.42408,-0.044476,-0.15216,-0.13254,-0.18814,0.26834,0.013337,0.14763,0.1447,0.044396,0.12474,-0.0077618,-0.0046874,0.22632,0.32703,0.19466,0.33223,-0.22492,-0.11762,0.0066611,0.16498,-0.21322,-0.0051811,0.053393,0.23821,0.32668,0.42708,0.58262,0,-0.19794,0.12307,-0.1201,-0.29347,0.23565,-0.45064,-0.27088,-0.036944,0.25374,0.20833,-0.11025,0.54479,0.48265,-0.29275,-0.10309,-0.35485,-0.11219,-0.4629,-0.15874,0.10049,0.21663,-0.55447,-0.39084,-0.2274,-0.31568,0.028258,-0.12359,-0.22268,-0.20725,-0.39005,-0.45235,-0.091226,-0.086912,-0.13996,-0.1134,-0.28224,-0.24824,-0.25379,-0.35863,-0.054809,-0.10797,-0.22464,-0.31889,-0.47483,-0.048243,0.057056,-0.15243,0.15333,0.34462,0.13107,0.25544,-0.069669,-0.068905,-0.047246,-0.024881,-0.070796,-0.079822,-0.083275,0.14544,-0.187,-0.015376
-0.32686,-0.29531,0.75406,0.44767,-0.20353,-0.1272,-0.44126,-0.43982,0.2081,-0.099711,-0.17944,0.058069,0.65696,0.72742,0.41508,0.32476,0.52791,0.49351,0.35486,0.055188,0.46075,0.22701,0.17813,0.09261,-0.40664,-0.24223,0.23795,0.081036,0.15048,0.22887,0.028557,-0.25084,0.97645,0.83699,0.8447,0.85489,0.13196,0.30406,-0.70791,-0.65828,-0.62258,-0.6073,0.13465,-0.19794,0,0.71562,-0.16361,0.31473,0.81031,0.68991,0.57216,0.76284,-0.05675,0.098214,-0.027436,0.28661,0.74427,0.8158,0.88234,0.61324,0.41246,0.46034,1.0618,0.32831,0.64161,0.52572,0.46514,0.39926,0.61194,0.74802,0.87326,0.79604,0.44927,1.1933,0.83413,0.1541,0.16579,0.56796,0.48459,0.39187,0.69139,0.58853,0.26251,0.12151,0.2873,0.52647,0.36311,0.47009,0.71878,0.44993,0.17721,-0.071981,-0.27681,-0.27754,-0.23845,-0.18378,-0.11411,-0.16113,-0.005872,0.6721,0.64917,0.58377,0.22403,0.44938,0.71112
