,,,,,,,,,,,,,,,,,,,,,,,,,,,,,,,,,,,,,,,,,,,,,,,,,,,,,,,,,,,,,,,,,,,,,,,,,,,,,,,,,,,,,,,,,,,,,,,,,,,,,,,,
0,0.85845,0.0819,0.27912,0.8654,0.034539,0.77323,0.6379,1.0156,0.5509,0.59846,0.43671,-0.80178,-0.7988,0.22312,0.077677,0.34795,0.21358,0.33253,0.27511,0.061117,-0.016872,0.5554,0.17015,1.0486,0.78199,-0.081528,-0.2858,-0.46363,-0.19592,-0.24183,0.0026537,-0.46412,-0.83318,0.013123,-0.059799,0.45905,0.18285,1.0758,1.3725,0.85676,1.0951,0.3719,0.51907,0.69275,0.45879,0.084101,-0.10408,0.63722,-0.70292,-0.85873,-0.071016,0.77153,0.57758,0.25021,0.49234,0.75133,0.13236,0.016894,0.73982,0.34571,-0.77824,-0.59238,-0.74834,-0.35495,0.00056016,-0.048465,-0.3312,-0.40518,-0.54637,-0.37249,-0.12929,-0.10918,0.28795,0.10955,1.057,0.61714,-0.28366,-0.28627,0.36997,-0.17966,0.0093257,0.23481,-0.33572,-0.051145,0.21053,0.33126,-0.066295,0.056188,0.72301,0.50103,-0.033401,-0.25089,0.31307,0.25692,0.3894,0.30004,0.16104,0.58447,-0.41613,-0.38185,-0.38034,-0.20479,0.28087,0.35235
0.85845,0,0.33291,0.1272,0.59154,0.58238,0.12422,0.78562,0.27266,0.8825,0.12259,0.53401,-0.30635,-0.40298,0.047241,-0.08349,0.86775,0.45123,0.67077,0.45869,0.53443,0.45167,0.71249,0.83583,0.45151,0.97044,0.09869,-0.13227,-0.53667,-0.38599,-0.52976,0.074688,-0.31496,-0.45654,-0.31344,-0.048754,0.0088408,-0.035836,0.32328,0.77713,0.2512,1.35,-0.0097336,0.91726,0.4683,0.64793,0.37917,0.28744,0.60242,-0.42983,-0.3133,-0.16571,0.64443,1.0949,0.12053,0.60077,0.79184,0.43276,0.31648,0.22231,0.10627,-0.84501,-0.35965,-0.83173,-0.35151,0.25212,0.35972,-0.51286,-0.45911,-0.1477,-0.32683,-0.28195,-0.075766,0.36171,0.28525,0.59548,0.95823,0.010249,0.050782,0.058993,-0.029545,0.017639,0.17981,0.0018197,0.11481,0.26879,0.20014,0.46541,0.49989,0.59259,0.55781,-0.11928,0.082173,-0.035222,0.2716,0.30878,0.34189,0.41593,0.49525,-0.55744,-0.16471,-0.47461,-0.21356,0.28022,0.53568
0.0819,0.33291,0,0.58161,-0.065713,0.15545,-0.14878,0.24591,0.097833,0.08925,0.23912,0.10205,0.22269,0.13044,0.031175,-0.062865,0.28111,0.44512,0.29555,0.13607,0.3152,0.32638,0.14529,0.17465,-0.010054,-0.023792,0.10001,0.010957,0.0063607,-0.16819,-0.028693,0.24417,0.44414,0.065678,0.22066,0.29407,0.21894,0.15961,-0.085345,-0.053034,-0.47694,0.098077,-0.12993,0.031375,0.35097,0.34704,-0.0031469,0.39496,0.38881,0.41092,0.067655,0.30147,0.10665,0.24863,0.63043,0.25895,0.26858,0.56121,0.47147,0.097502,-0.18363,-0.1996,-0.12383,-0.21425,-0.11337,0.18381,0.28101,0.11935,0.25114,0.31627,0.24541,-0.014849,0.25278,0.17471,0.20601,0.30632,0.18851,0.74619,0.36686,0.54377,0.40596,0.78401,0.013616,0.30913,0.2067,0.60707,0.37663,0.38538,0.47155,0.27925,0.16029,-0.23114,-0.19772,-0.27757,-0.29661,0.22907,0.10189,0.44317,0.12566,-0.24249,-0.02112,0.062585,-0.045567,0.66047,0.70256
0.27912,0.1272,0.58161,0,0.12972,-0.1121,0.29237,0.010943,0.60044,-0.1497,0.73483,-0.0064713,0.055029,0.097664,0.47778,0.12829,0.17699,0.51526,0.011133,-0.095363,0.015042,0.053973,0.17001,-0.20925,0.54288,-0.0075232,-0.16411,-0.21903,-0.030484,-0.25561,0.11786,-0.08996,0.43307,0.0057185,0.4183,0.15642,0.65868,0.26687,0.40471,0.21212,-0.020847,0.034589,0.22717,-0.26334,0.56222,0.27119,0.092901,0.28171,0.5504,0.29641,-0.023879,0.51618,-0.023655,-0.10876,0.19214,0.023618,0.086284,0.43058,0.36103,0.6763,0.12137,-0.18162,-0.077668,-0.27044,-0.14537,0.097988,0.14298,0.28558,0.32482,-0.034562,0.16375,0.2074,0.29079,0.3156,0.27857,0.51824,0.05763,0.30218,0.23205,0.95476,0.22909,0.58639,0.53983,-0.11575,0.17213,0.25981,0.39813,0.19079,0.1139,0.57087,0.40096,-0.078594,-0.53345,0.19281,-0.21643,0.35982,0.11372,0.11115,0.12884,0.010336,-0.044866,0.13474,0.091424,0.53721,0.30462
0.8654,0.59154,-0.065713,0.12972,0,0.53654,0.50609,0.35883,0.45676,0.65405,0.14294,0.25451,-0.47661,-0.41417,0.046271,0.15003,0.31188,-0.042268,0.46023,0.5973,0.0204,-0.029072,0.64059,0.30169,0.47919,0.72755,0.13399,0.1484,-0.071977,-0.084503,-0.1829,-0.11365,-0.35477,-0.46071,0.0085121,-0.16221,0.13667,-0.17112,0.34235,0.48017,0.52093,0.61121,0.15257,0.27819,0.18295,0.097691,0.17627,-0.11078,0.48057,-0.4513,-0.33159,0.16124,0.49573,0.57021,0.2597,0.25721,0.30069,-0.25626,-0.39189,0.26027,0.37044,-0.42735,-0.24005,-0.52993,-0.27682,-0.098923,-0.18662,-0.22019,-0.37444,-0.24765,-0.25711,-0.34236,-0.44832,0.016435,-0.20874,0.42245,0.28268,-0.33138,-0.15241,-0.10894,-0.26827,0.01757,0.18108,-0.42407,0.022814,0.015147,0.48885,-0.17309,-0.026184,0.18948,-0.088537,-0.1449,0.014105,0.35964,0.42961,0.55818,0.53746,0.18089,0.80895,-0.23632,-0.42219,-0.31812,-0.12846,0.11258,0.42553
0.034539,0.58238,0.15545,-0.1121,0.53654,0,-0.21429,0.44582,-0.28049,0.59543,-0.35275,0.21688,0.15138,0.10662,-0.19559,-0.19941,0.56531,0.1238,0.71675,0.6775,0.54346,0.35992,0.44274,0.88497,-0.21941,0.64317,0.56507,0.55056,0.19302,0.054965,-0.22043,0.20263,-0.10786,-0.0052066,-0.2381,-0.1509,-0.38386,-0.55766,-0.49615,-0.10951,-0.31112,0.28169,-0.37083,0.40653,-0.20657,0.18893,0.28039,0.35021,0.35008,0.043861,0.40167,0.1697,0.24869,0.75577,0.059187,0.18503,0.0065303,-0.15988,-0.21099,-0.44088,-0.078859,-0.13926,0.2499,-0.3161,-0.2005,0.1358,0.23154,-0.24984,-0.16203,0.31955,0.015754,-0.51592,-0.36702,-0.079714,-0.037789,-0.085675,0.31075,0.066539,0.3057,-0.6169,-0.10631,0.23241,0.062269,0.050578,0.24225,0.10565,0.25703,0.21823,0.45625,-0.19363,-0.29427,-0.063974,0.50004,-0.091917,0.24915,0.29706,0.44379,0.35347,0.41382,-0.11927,0.022354,-0.13552,-0.077507,0.17494,0.42013
0.77323,0.12422,-0.14878,0.29237,0.50609,-0.21429,0,0.55902,1.0691,-0.092817,0.97107,0.18494,-0.36287,-0.2586,0.20548,0.082899,-0.21777,0.023524,-0.098405,0.03921,-0.36333,-0.27347,0.0084948,-0.23243,0.70942,0.29077,-0.025826,0.015417,0.073587,0.27621,0.4071,0.17098,-0.095725,-0.32191,0.60537,0.23415,0.8228,0.35228,0.82393,0.54455,0.61696,0.20076,0.8571,0.090837,0.65179,0.25248,-0.12959,-0.22288,0.34541,-0.2237,-0.3656,0.24679,0.47512,0.038077,0.29933,0.091385,0.20407,-0.10596,-0.060898,0.6474,0.41337,-0.019304,-0.080196,0.0077828,0.073757,-0.022925,-0.16524,0.12392,0.020403,-0.15784,0.044422,0.32225,0.11835,0.19153,0.038667,0.73236,0.065218,-0.13714,-0.13162,0.35939,-0.026446,0.1183,0.56434,-0.35057,0.066539,0.26365,0.30278,-0.32351,-0.17818,0.30924,0.062877,0.10303,-0.38797,0.49779,0.077346,0.14915,0.048667,-0.18334,0.13198,0.19317,-0.021371,0.01565,-0.018799,-0.0042546,0.01672
0.6379,0.78562,0.24591,0.010943,0.35883,0.44582,0.55902,0,0.38328,0.31378,0.38543,0.40867,-0.13389,-0.20765,-0.041962,-0.28443,0.28186,0.28361,0.48323,0.37824,0.29713,0.15706,0.20564,0.4841,0.24222,0.76105,0.40444,0.236,0.03144,0.2923,0.092616,0.68956,-0.18416,-0.34309,0.18611,0.234,0.24196,0.041767,0.21173,0.46801,0.06684,0.57681,0.27529,0.88835,0.51272,0.77011,0.010478,0.19746,0.68565,-0.1698,-0.12043,0.14001,0.98029,0.85209,0.39338,0.53452,0.45541,0.09164,0.11104,0.10481,0.051171,-0.24468,0.015763,-0.27552,-0.0353,0.20686,0.23255,-0.24182,-0.14461,0.15142,0.080454,-0.044333,0.066007,0.21788,0.25905,0.62166,0.55343,0.14899,0.14678,0.01445,-0.014979,0.32246,0.36565,0.08031,0.29109,0.64181,0.30112,0.096958,0.49316,0.25042,0.1079,0.18308,0.1314,0.10278,0.1345,0.17017,0.20167,0.21823,0.2371,-0.06184,0.18526,-0.15487,-0.19625,0.32002,0.34171
1.0156,0.27266,0.097833,0.60044,0.45676,-0.28049,1.0691,0.38328,0,0.13632,1.3318,0.19811,-0.5929,-0.54343,0.59203,0.30616,0.079128,0.41903,0.026976,0.050452,-0.13572,0.018133,0.22472,-0.18953,1.2562,0.4053,-0.12202,-0.27812,-0.17106,-0.037347,0.22578,0.10027,-0.1666,-0.59188,0.40899,-0.074346,1.0237,0.39328,1.1233,0.81595,0.67371,0.41229,0.54301,-0.0056445,0.69496,0.31612,-0.22188,-0.23979,0.50308,-0.32828,-0.68448,0.19033,0.32729,0.088848,0.19798,0.048479,0.23755,0.037003,0.02039,1.2903,0.54365,-0.21512,-0.26781,-0.28654,-0.17617,-0.094914,-0.13289,0.14968,0.073151,-0.38579,-0.054623,0.2289,0.18545,0.22986,0.13053,0.98233,0.1949,-0.15081,-0.20278,0.61801,-0.056701,0.19459,0.55518,-0.45664,-0.040508,0.22269,0.35336,-0.29912,-0.19652,0.52291,0.35208,0.058983,-0.55355,0.55619,0.039055,0.35985,0.156,-0.057033,0.24728,0.029892,-0.12144,0.17909,0.1667,0.36428,0.19422
0.5509,0.8825,0.08925,-0.1497,0.65405,0.59543,-0.092817,0.31378,0.13632,0,-0.096988,0.76468,-0.3155,-0.38604,0.219,0.34744,0.91641,0.27467,0.96996,0.98861,0.68666,0.41991,0.99306,0.84372,0.17685,1.031,0.36625,0.14382,-0.1868,-0.13495,-0.60463,-0.021871,-0.36241,-0.34371,-0.398,-0.17192,-0.12058,-0.17666,0.031938,0.36487,0.22316,0.82641,-0.34524,0.44805,0.15906,0.42245,0.25163,0.14129,0.30384,-0.4717,-0.28157,-0.34655,0.28986,0.67225,-0.054731,0.28564,0.43961,0.055064,-0.11438,0.06765,0.33545,-0.47341,-0.15118,-0.72243,-0.53181,0.20364,0.2381,-0.29976,-0.321,-0.14765,-0.21715,-0.37133,-0.22317,0.27501,0.21135,0.28502,0.86472,-0.15786,0.071118,-0.31304,-0.059973,-0.19628,0.035377,-0.088695,0.14002,0.062458,0.41004,0.17497,0.18959,0.29604,0.18191,-0.30111,0.13834,-0.078969,0.42226,0.3501,0.4599,0.42177,0.78745,-0.61705,-0.2786,-0.35882,-0.18739,0.17948,0.61923
0.59846,0.12259,0.23912,0.73483,0.14294,-0.35275,0.97107,0.38543,1.3318,-0.096988,0,0.28078,-0.22479,-0.19025,0.6574,0.22016,0.037714,0.53681,-0.041155,-0.064037,-0.11154,0.070993,0.068776,-0.21129,0.82453,0.21259,0.0098981,-0.095189,-0.033543,0.094671,0.3482,0.1466,0.1705,-0.23342,0.58862,0.17559,1.4314,0.63898,0.78484,0.50659,0.2867,0.12067,0.53556,-0.16657,0.94703,0.44831,-0.19926,0.0092202,0.41698,0.047132,-0.30752,0.2111,0.26645,-0.044317,0.25253,-0.0078902,0.16163,0.27618,0.32723,1.1345,0.49465,0.033189,-0.07408,-0.11622,-0.070182,0.20042,0.15911,0.36818,0.31765,-0.083568,0.21756,0.57017,0.53293,0.48051,0.42276,0.97369,0.18606,0.16671,0.10308,0.8034,0.24616,0.30055,0.66139,-0.2783,0.084395,0.42442,0.29064,-0.071179,-0.066679,0.54299,0.37687,-0.02166,-0.83864,0.26133,-0.23795,0.099963,-0.069219,-0.18336,-0.052867,0.11332,0.022347,0.2059,0.08395,0.26241,0.076968
0.43671,0.53401,0.10205,-0.0064713,0.25451,0.21688,0.18494,0.40867,0.19811,0.76468,0.28078,0,-0.011456,-0.0040416,0.32108,0.24362,0.66525,0.18705,0.76096,0.60125,0.66886,0.12956,0.85157,0.69688,0.1416,0.76865,0.60814,0.36509,0.054063,0.20323,-0.32787,0.061005,0.041254,0.055208,-0.079713,0.39037,0.18183,0.22447,0.15267,0.31741,0.17954,0.47325,-0.22082,0.29269,0.54551,0.8725,0.43421,0.49939,0.25262,-0.018899,-0.0071514,-0.40088,0.35173,0.30278,-0.050879,0.29158,0.52117,0.40205,0.27013,0.19073,0.4351,-0.16091,0.1252,-0.41453,-0.2443,0.84661,0.76823,0.0085064,0.11978,0.1068,0.1685,0.15768,0.25803,0.92761,0.82294,0.43302,1.033,0.20425,0.45281,-0.0027371,0.45079,-0.1489,0.18023,0.19628,0.40712,0.42669,0.43305,0.45976,0.31222,0.55079,0.33471,-0.38128,-0.29161,-0.31095,0.10747,-0.044675,0.11026,0.16832,0.33923,-0.44151,-0.024156,-0.33986,-0.32768,-0.10835,0.39061
-0.80178,-0.30635,0.22269,0.055029,-0.47661,0.15138,-0.36287,-0.13389,-0.5929,-0.3155,-0.22479,-0.011456,0,2.0095,-0.10345,-0.11291,-0.14885,-0.044855,0.074821,-0.028587,0.085369,-0.048648,-0.19803,0.12176,-0.68071,-0.36363,0.39134,0.56995,0.60401,0.33184,0.32527,0.15206,1.2697,1.7055,0.33449,0.59746,-0.12496,0.1432,-0.74254,-0.78906,-0.99178,-0.65323,-0.35604,-0.24228,-0.14844,0.2124,0.29558,0.58188,-0.15365,1.2068,1.0049,0.28519,-0.2347,-0.20183,0.1598,-0.29015,-0.46506,0.27969,0.29069,-0.43024,-0.082236,0.58662,0.70548,0.36387,0.41607,0.47983,0.49275,0.2847,0.59584,0.95289,0.76874,0.34827,0.38693,0.26463,0.33681,-0.4424,-0.1823,1.0565,1.1166,-0.13895,0.67449,0.19212,0.11994,0.7417,0.80053,0.31916,0.19106,0.5877,0.3219,-0.20751,-0.23195,0.041986,0.20903,-0.38194,-0.18436,-0.080722,0.029186,0.14274,-0.2558,0.24853,0.41569,0.24951,-0.046031,-0.1322,0.13917
-0.7988,-0.40298,0.13044,0.097664,-0.41417,0.10662,-0.2586,-0.20765,-0.54343,-0.38604,-0.19025,-0.0040416,2.0095,0,-0.085404,-0.097936,-0.2446,-0.16123,-0.024905,-0.049262,-0.030321,-0.1606,-0.23759,0.031491,-0.66377,-0.41896,0.3411,0.58097,0.67867,0.36611,0.37171,0.049129,1.2456,1.9916,0.39434,0.63393,-0.088955,0.1348,-0.66613,-0.8264,-0.81635,-0.76043,-0.24169,-0.33851,-0.13668,0.1264,0.31928,0.5011,-0.19633,1.205,1.118,0.34547,-0.3108,-0.33982,0.086395,-0.36384,-0.49017,0.21897,0.22639,-0.41758,-0.07981,0.64979,0.77292,0.46527,0.45537,0.4463,0.42565,0.31728,0.63895,0.96423,0.78985,0.38034,0.33996,0.2223,0.26509,-0.49176,-0.27661,0.87679,1.0465,-0.13041,0.64862,0.20887,0.16045,0.6168,0.70776,0.23154,0.18973,0.47993,0.21728,-0.19521,-0.28072,0.028872,0.15546,-0.39155,-0.25069,-0.097199,-0.0014284,0.091846,-0.25858,0.34426,0.39285,0.26529,-0.013304,-0.21221,0.069327
0.22312,0.047241,0.031175,0.47778,0.046271,-0.19559,0.20548,-0.041962,0.59203,0.219,0.6574,0.32108,-0.10345,-0.085404,0,0.81574,0.32185,0.65648,0.23846,0.16958,0.15015,0.32922,0.30914,0.090951,0.38083,0.25535,0.19897,0.015869,0.038239,0.01045,0.17859,0.0090406,0.15902,-0.037852,0.23017,-0.034343,0.69361,0.45535,0.28298,0.23168,0.12278,0.085535,0.15522,-0.28163,0.5113,0.37518,-0.093813,0.013104,0.38358,0.041025,-0.22807,0.087763,-0.023464,-0.04793,-0.17346,-0.17044,-0.014959,0.17739,0.18951,0.81625,0.84022,0.26853,0.27797,-0.13413,-0.0048794,0.23257,0.26656,0.55041,0.37082,0.064607,0.35027,0.64539,0.58113,0.54972,0.61104,0.41196,0.15917,0.070187,0.25804,0.2836,0.11878,-0.081221,0.72322,-0.31295,0.12556,0.13183,0.25325,-0.015609,-0.23342,0.47894,0.32629,-0.030533,-0.52466,0.21785,-0.079451,0.19413,0.10306,-0.10507,-0.0073457,0.18024,0.22406,0.22338,0.34602,0.22825,0.011744
0.077677,-0.08349,-0.062865,0.12829,0.15003,-0.19941,0.082899,-0.28443,0.30616,0.34744,0.22016,0.24362,-0.11291,-0.097936,0.81574,0,0.23552,0.39384,0.21068,0.38412,0.10526,0.39089,0.30647,0.077655,0.14772,0.13056,0.11755,0.10872,0.073435,-0.11145,-0.0082923,-0.055997,0.099119,0.049719,0.04057,0.009401,0.28952,0.27462,0.11365,-0.012164,0.22809,0.068486,-0.015464,-0.36828,0.15254,0.0038297,-0.2209,-0.24969,-0.05577,-0.088641,-0.23,-0.085997,-0.30534,-0.26628,-0.19186,-0.17585,0.019266,0.0053368,0.014719,0.35021,0.84129,0.26996,0.15847,0.10335,0.0052354,0.026656,-0.0022917,0.7454,0.2518,0.0030626,0.16076,0.42181,0.33604,0.33393,0.25545,0.22895,0.048803,-0.030332,0.094101,0.071835,0.10776,-0.30402,0.43369,-0.29729,-0.013753,-0.0054901,0.33633,-0.074366,-0.45058,0.17004,0.065014,-0.52924,-0.44068,0.18536,0.098146,0.059819,-0.0018145,-0.025049,0.12143,-0.015383,0.031892,0.10138,0.34344,-0.089935,0.04653
0.34795,0.86775,0.28111,0.17699,0.31188,0.56531,-0.21777,0.28186,0.079128,0.91641,0.037714,0.66525,-0.14885,-0.2446,0.32185,0.23552,0,0.62462,0.99633,0.66398,1.2944,0.69854,1.0953,0.85854,0.21511,0.76123,0.37626,0.089143,-0.26445,-0.31479,-0.72916,-0.08732,-0.17433,-0.22729,-0.48985,-0.10959,-0.16244,-0.21248,-0.015261,0.31645,0.011383,0.73004,-0.4361,0.39573,0.26313,0.49629,0.3869,0.58791,0.4436,-0.10853,-0.00098601,-0.30744,0.29418,0.63693,-0.14566,0.52403,0.54297,0.42375,0.31344,0.16357,0.23981,-0.42785,-0.064628,-0.63891,-0.39724,0.48076,0.67399,-0.11634,-0.17382,-0.05044,-0.094764,-0.21664,0.043838,0.49054,0.57829,0.43623,1.0603,0.077419,0.27478,0.00044552,0.092996,-0.040367,0.13787,0.05185,0.17522,0.23938,0.29685,0.56024,0.60777,0.42048,0.46768,-0.39265,-0.14182,-0.071346,0.16881,0.14462,0.1408,0.17036,0.39842,-0.4896,-0.070417,-0.35203,-0.22162,0.24729,0.35771
0.21358,0.45123,0.44512,0.51526,-0.042268,0.1238,0.023524,0.28361,0.41903,0.27467,0.53681,0.18705,-0.044855,-0.16123,0.65648,0.39384,0.62462,0,0.25333,0.14878,0.44336,1.0734,0.21026,0.29007,0.4239,0.38189,0.028481,-0.16863,-0.27039,-0.37361,-0.083305,0.23299,0.086313,-0.17964,-0.024793,-0.16987,0.38694,0.18439,0.16944,0.23978,-0.11325,0.30913,0.023015,-0.01041,0.45859,0.40928,-0.17738,0.15255,0.37515,-0.01264,-0.13633,0.017836,-0.045891,0.18141,-0.10843,-0.015955,0.10526,0.44671,0.53633,0.46054,0.30192,-0.08194,-0.048224,-0.2586,-0.32484,0.13704,0.3271,0.28502,0.12247,0.016026,0.0090116,0.2202,0.43179,0.40182,0.50031,0.56362,0.38078,0.2149,0.22281,0.31128,0.07926,0.16451,0.64067,-0.23923,-0.0043306,0.19942,0.074366,0.32347,0.11565,0.4341,0.54029,-0.24259,-0.38575,0.058025,-0.15178,0.14433,0.031721,0.1765,-0.012253,-0.14266,0.1178,0.13333,0.27523,0.40729,0.18845
0.33253,0.67077,0.29555,0.011133,0.46023,0.71675,-0.098405,0.48323,0.026976,0.96996,-0.041155,0.76096,0.074821,-0.024905,0.23846,0.21068,0.99633,0.25333,0,1.0615,1.0547,0.26109,1.1254,0.98367,-0.026156,0.88402,0.91425,0.54578,0.19323,0.16127,-0.3363,0.27234,-0.0071533,-0.020816,-0.15797,0.15146,-0.1265,-0.15954,-0.18902,0.15524,-0.10696,0.56883,-0.51539,0.48637,0.18708,0.74433,0.30498,0.52818,0.66477,0.054578,0.05091,-0.059121,0.59884,0.86926,0.22823,0.54271,0.37572,0.12394,-0.020805,-0.017827,0.30813,-0.18384,0.19008,-0.54342,-0.16314,0.45585,0.51672,-0.043491,-0.0052348,0.20545,0.22586,-0.18335,-0.00583,0.45266,0.50031,0.34507,0.8353,0.2917,0.52198,-0.19143,0.13462,0.089815,0.10673,0.2554,0.57113,0.55178,0.76576,0.37406,0.57787,0.25588,0.069783,-0.22179,0.083084,-0.028745,0.30059,0.37758,0.48335,0.36993,0.64765,-0.36342,0.064758,-0.27563,-0.27023,0.283,0.62555
0.27511,0.45869,0.13607,-0.095363,0.5973,0.6775,0.03921,0.37824,0.050452,0.98861,-0.064037,0.60125,-0.028587,-0.049262,0.16958,0.38412,0.66398,0.14878,1.0615,0,0.66346,0.33145,0.63423,0.54755,-0.09353,0.64476,0.68028,0.60044,0.28878,0.24433,-0.31726,0.081002,-0.10674,-0.081976,-0.082805,0.11492,-0.13028,-0.29843,-0.27644,-0.022612,-0.075683,0.32741,-0.25185,0.30459,0.183,0.38702,0.084894,0.23219,0.3153,-0.070522,0.12953,-0.066038,0.33773,0.51375,0.18009,0.36496,0.29266,-0.10509,-0.21014,-0.13859,0.21665,-0.062123,0.18409,-0.18006,-0.23329,0.2427,0.25414,-0.045448,-0.1524,0.2146,0.16494,-0.23562,-0.19933,0.16257,0.19361,0.29054,0.6104,0.079475,0.38353,-0.33102,0.04297,0.10143,0.2056,0.025527,0.40472,0.31132,0.88125,0.055277,0.35603,0.049216,-0.15856,-0.36367,0.14922,-0.01109,0.27071,0.33845,0.32992,0.22563,0.69227,-0.21449,-0.02322,-0.22949,-0.32268,0.16789,0.50091
0.061117,0.53443,0.3152,0.015042,0.0204,0.54346,-0.36333,0.29713,-0.13572,0.68666,-0.11154,0.66886,0.085369,-0.030321,0.15015,0.10526,1.2944,0.44336,1.0547,0.66346,0,0.50184,0.836,0.78777,-0.051507,0.63011,0.55516,0.25387,0.047459,-0.0095768,-0.54452,0.17543,-0.07601,-0.028567,-0.41826,0.022039,-0.31182,-0.33761,-0.28576,0.046886,-0.21466,0.42768,-0.68144,0.37916,0.11693,0.57432,0.30981,0.72127,0.35633,0.10373,0.19491,-0.36099,0.21735,0.50061,-0.12357,0.45153,0.31926,0.27034,0.19796,-0.11231,0.010643,-0.20667,0.16552,-0.39196,-0.3329,0.46163,0.67912,-0.057589,0.0010702,0.093845,0.049963,-0.24825,0.022956,0.37053,0.5761,0.22985,0.9447,0.23332,0.42042,-0.14875,0.16272,0.032249,-0.004048,0.31393,0.36933,0.32415,0.33566,0.52208,0.69439,0.20075,0.25887,-0.31471,-0.015032,-0.09509,0.21861,0.10038,0.17097,0.22024,0.34188,-0.41342,0.17878,-0.20049,-0.22703,0.19445,0.37728
-0.016872,0.45167,0.32638,0.053973,-0.029072,0.35992,-0.27347,0.15706,0.018133,0.41991,0.070993,0.12956,-0.048648,-0.1606,0.32922,0.39089,0.69854,1.0734,0.26109,0.33145,0.50184,0,0.17033,0.49574,0.073084,0.28608,0.093982,-0.012831,-0.31951,-0.4422,-0.27231,0.067674,-0.063337,-0.14972,-0.34579,-0.29938,-0.019571,-0.012308,-0.1612,0.036843,-0.20484,0.26972,-0.16048,0.064138,0.10684,0.11302,-0.18171,0.069063,-0.0029189,-0.042572,0.066484,-0.17627,-0.1576,0.25074,-0.19988,0.030823,0.13254,0.31591,0.44861,0.057789,0.16786,-0.003655,0.013945,-0.030091,-0.17869,0.1413,0.35604,0.18659,-0.03848,0.16213,-0.04615,0.071235,0.26941,0.15249,0.27092,0.22082,0.31038,0.13589,0.16067,-0.043447,0.090798,0.0040629,0.29799,-0.13818,-0.1498,0.076778,-0.076127,0.29651,0.16917,0.030513,0.24488,-0.42083,-0.123,-0.12659,-0.10544,-0.093308,-0.15387,0.013789,-0.14401,-0.097338,0.14124,0.097781,0.26677,0.1271,0.053079
0.5554,0.71249,0.14529,0.17001,0.64059,0.44274,0.0084948,0.20564,0.22472,0.99306,0.068776,0.85157,-0.19803,-0.23759,0.30914,0.30647,1.0953,0.21026,1.1254,0.63423,0.836,0.17033,0,0.79361,0.34519,0.91991,0.4302,0.17402,-0.089832,-0.14158,-0.50088,-0.077588,-0.13516,-0.17147,-0.27369,0.0053632,-0.019924,-0.072535,0.18264,0.45143,0.31102,0.79305,-0.43165,0.32165,0.24051,0.53295,0.54858,0.45631,0.52632,-0.13132,-0.19097,-0.24104,0.40399,0.58221,-0.00020954,0.42782,0.47952,0.21832,0.040903,0.3036,0.48571,-0.42639,-0.038189,-0.81806,-0.30301,0.42873,0.44599,-0.057328,-0.045261,-0.15555,-0.065704,-0.1761,-0.036537,0.56268,0.44719,0.41005,0.85558,0.028984,0.20993,-0.0018375,0.13688,-0.16451,0.04824,0.070983,0.3176,0.2534,0.52175,0.38326,0.31859,0.46188,0.29875,-0.33779,-0.20175,0.12439,0.45612,0.33306,0.43249,0.22616,0.67273,-0.52473,-0.14017,-0.34317,-0.17073,0.093909,0.56148
0.17015,0.83583,0.17465,-0.20925,0.30169,0.88497,-0.23243,0.4841,-0.18953,0.84372,-0.21129,0.69688,0.12176,0.031491,0.090951,0.077655,0.85854,0.29007,0.98367,0.54755,0.78777,0.49574,0.79361,0,-0.12946,0.85547,0.68288,0.4256,-0.020319,-0.037747,-0.28187,0.30444,-0.046679,0.059697,-0.32368,0.082662,-0.23171,-0.056644,-0.22261,0.15875,-0.081648,0.63585,-0.40808,0.61143,0.037171,0.56973,0.4301,0.43856,0.34157,-0.011516,0.12607,-0.12539,0.33835,0.77521,-0.088289,0.32604,0.34949,0.26588,0.20506,-0.1593,0.29339,-0.16263,0.26345,-0.43059,-0.0066525,0.521,0.62676,-0.081129,0.019472,0.34706,0.11964,-0.08131,0.13426,0.44609,0.45701,0.048228,0.60867,0.22435,0.39066,-0.38049,0.18138,-0.12153,0.12126,0.27239,0.3005,0.3421,0.15885,0.57523,0.4464,0.15941,0.085143,-0.17437,0.20628,-0.24826,0.24843,0.033841,0.26124,0.35479,0.22309,-0.25815,0.19752,-0.21621,0.027104,0.0075407,0.42682
1.0486,0.45151,-0.010054,0.54288,0.47919,-0.21941,0.70942,0.24222,1.2562,0.17685,0.82453,0.1416,-0.68071,-0.66377,0.38083,0.14772,0.21511,0.4239,-0.026156,-0.09353,-0.051507,0.073084,0.34519,-0.12946,0,0.46322,-0.41676,-0.61167,-0.58026,-0.42848,-0.10808,-0.15836,-0.33037,-0.67441,0.02434,-0.31876,0.60388,0.23843,1.3832,1.1836,0.88529,0.61662,0.35466,0.065198,0.56689,0.23208,-0.0063493,-0.17986,0.39234,-0.49275,-0.77292,-0.10852,0.2765,0.17189,0.015405,0.064858,0.26924,0.14374,0.13066,1.1793,0.36023,-0.50792,-0.56361,-0.49669,-0.37351,-0.13645,-0.10723,-0.10319,-0.21318,-0.76747,-0.47107,0.043545,0.0014914,0.22766,0.073391,0.91741,0.32884,-0.28359,-0.32998,0.54792,-0.1544,-0.067427,0.31817,-0.49983,-0.16383,-0.043552,0.082849,-0.06972,-0.17894,0.62211,0.68697,-0.035876,-0.54677,0.58585,0.19268,0.36475,0.2172,-0.066608,0.26135,-0.2324,-0.25946,-0.035926,0.10672,0.12894,0.088209
0.78199,0.97044,-0.023792,-0.0075232,0.72755,0.64317,0.29077,0.76105,0.4053,1.031,0.21259,0.76865,-0.36363,-0.41896,0.25535,0.13056,0.76123,0.38189,0.88402,0.64476,0.63011,0.28608,0.91991,0.85547,0.46322,0,0.4368,0.17347,-0.11051,0.0028802,-0.28663,0.32631,-0.44008,-0.44382,-0.23911,-0.18514,0.098878,-0.11941,0.28181,0.65143,0.39972,0.99671,-0.13027,0.59737,0.28344,0.66135,0.15791,0.12013,0.63957,-0.43504,-0.28758,-0.17132,0.55102,0.79911,-0.083569,0.30788,0.35983,-0.047122,-0.11592,0.21401,0.37326,-0.40224,-0.03183,-0.71711,-0.42383,0.16202,0.21886,-0.1916,-0.18931,-0.18855,-0.19892,-0.23744,-0.1382,0.33203,0.28659,0.53421,0.84461,-0.17187,0.062341,-0.22058,-0.16045,-0.068188,0.29241,-0.19064,0.15742,0.19646,0.33556,0.116,0.16489,0.36459,0.24105,-0.12484,0.003193,0.18466,0.42427,0.35417,0.5097,0.31187,0.60421,-0.38109,-0.023875,-0.23175,-0.010852,0.13418,0.40589
-0.081528,0.09869,0.10001,-0.16411,0.13399,0.56507,-0.025826,0.40444,-0.12202,0.36625,0.0098981,0.60814,0.39134,0.3411,0.19897,0.11755,0.37626,0.028481,0.91425,0.68028,0.55516,0.093982,0.4302,0.68288,-0.41676,0.4368,0,1.4489,0.75403,0.77848,0.17045,0.48595,0.28006,0.32005,0.16795,0.37037,0.0059496,0.032684,-0.47365,-0.23226,-0.38153,-0.0074919,-0.4196,0.18787,-0.018508,0.54112,0.11306,0.4851,0.28084,0.45655,0.48208,0.16793,0.37351,0.37429,0.19283,0.21164,0.0038944,-0.065687,-0.10499,-0.20742,0.3596,0.38412,0.78869,-0.037123,0.227,0.65099,0.59043,0.29471,0.46889,0.69102,0.83191,0.14786,0.27524,0.37297,0.52842,0.015778,0.31427,0.45339,0.72684,-0.3268,0.3889,0.20868,0.17813,0.42203,0.67277,0.72337,0.60764,0.15103,0.4526,-0.18308,-0.39365,-0.030394,0.14198,-0.17667,0.056662,-0.046417,0.10099,0.017664,0.10719,0.14932,0.3584,0.10163,-0.14073,0.10819,0.27932
-0.2858,-0.13227,0.010957,-0.21903,0.1484,0.55056,0.015417,0.236,-0.27812,0.14382,-0.095189,0.36509,0.56995,0.58097,0.015869,0.10872,0.089143,-0.16863,0.54578,0.60044,0.25387,-0.012831,0.17402,0.4256,-0.61167,0.17347,1.4489,0,1.0382,0.86559,0.28763,0.35609,0.42536,0.54626,0.28539,0.44932,-0.035624,-0.017437,-0.66249,-0.52542,-0.49426,-0.30233,-0.30496,-0.029348,-0.13409,0.23667,0.078467,0.35936,0.05517,0.59774,0.72418,0.26123,0.18354,0.15348,0.26632,0.027,-0.19559,-0.2127,-0.20555,-0.40108,0.26624,0.62242,0.90278,0.2304,0.318,0.5011,0.38671,0.39542,0.45853,0.87317,0.85627,0.18778,0.172,0.20737,0.27127,-0.14645,0.045002,0.45032,0.73733,-0.44507,0.39438,0.19541,0.15006,0.33766,0.61692,0.51521,0.5496,0.068026,0.27018,-0.40083,-0.71274,-0.11419,0.16569,-0.18277,0.0288,-0.093445,0.056214,-0.05235,0.032502,0.25984,0.29838,0.10304,-0.14201,-0.10834,0.16442
-0.46363,-0.53667,0.0063607,-0.030484,-0.071977,0.19302,0.073587,0.03144,-0.17106,-0.1868,-0.033543,0.054063,0.60401,0.67867,0.038239,0.073435,-0.26445,-0.27039,0.19323,0.28878,0.047459,-0.31951,-0.089832,-0.020319,-0.58026,-0.11051,0.75403,1.0382,0,1.2125,0.69898,0.4515,0.50837,0.58053,0.69081,0.47231,0.06475,-0.10048,-0.62354,-0.78384,-0.51876,-0.66643,-0.098106,-0.28016,-0.16773,0.077937,-0.046494,0.22318,0.085091,0.69577,0.60735,0.52731,-0.071464,-0.21056,0.22635,-0.23657,-0.51454,-0.42216,-0.41633,-0.31562,0.098981,0.82678,1.0731,0.42408,0.33575,0.14072,0.034922,0.49441,0.70224,0.74722,0.93743,0.18317,0.089452,-0.056718,0.043605,-0.32833,-0.30947,0.3525,0.5225,-0.30597,0.22607,0.34412,0.20441,0.26967,0.60847,0.31565,0.51519,-0.22187,0.047206,-0.43909,-0.93962,0.1758,0.1666,0.080552,0.030155,0.089008,0.15254,0.016948,0.040355,0.54228,0.44542,0.41876,0.052207,0.069758,0.20087
-0.19592,-0.38599,-0.16819,-0.25561,-0.084503,0.054965,0.27621,0.2923,-0.037347,-0.13495,0.094671,0.20323,0.33184,0.36611,0.01045,-0.11145,-0.31479,-0.37361,0.16127,0.24433,-0.0095768,-0.4422,-0.14158,-0.037747,-0.42848,0.0028802,0.77848,0.86559,1.2125,0,0.65892,0.49323,0.24898,0.28585,0.64602,0.50211,0.18272,0.060158,-0.34944,-0.3721,-0.30034,-0.45691,0.063867,0.0042004,0.01513,0.26364,-0.062327,0.18706,0.078474,0.38316,0.34531,0.25321,0.24906,-0.036455,0.26804,-0.052341,-0.27091,-0.40227,-0.38273,-0.18674,0.10451,0.62496,0.78794,0.3054,0.3238,0.25974,0.099906,0.20402,0.43633,0.51495,0.77597,0.23699,0.1332,0.026276,0.15281,-0.15073,-0.091095,0.19954,0.33066,-0.28403,0.20738,0.17381,0.14085,0.30613,0.58549,0.40956,0.38169,-0.33051,0.11838,-0.36537,-0.70326,0.41079,0.23322,0.076484,0.11488,-0.073682,0.025705,-0.17357,-0.037743,0.48867,0.42407,0.25844,-0.18339,0.035451,0.075575
-0.24183,-0.52976,-0.028693,0.11786,-0.1829,-0.22043,0.4071,0.092616,0.22578,-0.60463,0.3482,-0.32787,0.32527,0.37171,0.17859,-0.0082923,-0.72916,-0.083305,-0.3363,-0.31726,-0.54452,-0.27231,-0.50088,-0.28187,-0.10808,-0.28663,0.17045,0.28763,0.69898,0.65892,0,0.54042,0.44896,0.29289,1.187,0.27548,0.546,0.39006,-0.050531,-0.28082,-0.18579,-0.56386,0.46008,-0.30547,-0.0041738,-0.004548,-0.30598,-0.18823,0.06764,0.44352,0.12815,0.81115,-0.068858,-0.30051,0.25165,-0.47545,-0.57458,-0.28028,-0.15043,0.1607,0.24891,0.8015,0.6439,0.51576,0.67167,-0.097158,-0.19719,0.53292,0.76317,0.52204,0.73287,0.58769,0.41358,-0.11838,-0.07955,-0.20734,-0.7593,0.26462,0.13629,0.059099,0.15166,0.29121,0.43574,0.056567,0.24589,0.25384,0.058992,-0.40929,-0.27617,-0.3197,-0.5703,0.58602,0.027651,0.3178,-0.1056,0.021856,0.0028737,-0.16686,-0.40381,1.0804,0.58869,0.87776,0.52743,0.10383,-0.01992
0.0026537,0.074688,0.24417,-0.08996,-0.11365,0.20263,0.17098,0.68956,0.10027,-0.021871,0.1466,0.061005,0.15206,0.049129,0.0090406,-0.055997,-0.08732,0.23299,0.27234,0.081002,0.17543,0.067674,-0.077588,0.30444,-0.15836,0.32631,0.48595,0.35609,0.4515,0.49323,0.54042,0,0.059213,-0.0088073,0.3195,0.20663,0.18858,0.10098,-0.11932,-0.043652,-0.19577,0.087516,0.045696,0.33006,0.0096492,0.41375,-0.41853,-0.059823,0.39193,0.13082,-0.005419,0.36125,0.254,0.23417,0.20666,0.098545,-0.069557,-0.19898,-0.1028,-0.15084,0.021406,0.22301,0.39367,0.067163,0.20788,-0.083298,-0.055993,0.29949,0.39949,0.34699,0.35588,0.10833,0.24261,-0.01053,0.11486,0.085331,-0.02702,0.26641,0.13044,-0.090884,-0.019713,0.36064,0.28102,0.18873,0.21087,0.54779,0.16494,-0.13738,0.059681,-0.14406,-0.27711,0.22083,0.17978,0.12505,0.064562,0.030337,0.13653,0.2829,-0.058639,0.21202,0.58294,0.32187,0.33877,0.29603,0.21877
-0.46412,-0.31496,0.44414,0.43307,-0.35477,-0.10786,-0.095725,-0.18416,-0.1666,-0.36241,0.1705,0.041254,1.2697,1.2456,0.15902,0.099119,-0.17433,0.086313,-0.0071533,-0.10674,-0.07601,-0.063337,-0.13516,-0.046679,-0.33037,-0.44008,0.28006,0.42536,0.50837,0.24898,0.44896,0.059213,0,1.2143,0.65084,0.78105,0.31796,0.53505,-0.31682,-0.5191,-0.69966,-0.61218,-0.12495,-0.44727,0.15272,0.26561,0.2325,0.52979,-0.0583,1.2865,0.61113,0.42942,-0.22224,-0.33026,0.34436,-0.27521,-0.29807,0.48494,0.46607,0.011242,0.16204,0.51206,0.51769,0.25466,0.40871,0.56633,0.48991,0.54582,0.85841,0.7941,0.92947,0.65312,0.70829,0.48669,0.46729,-0.13675,-0.19755,1.2237,0.97848,0.29793,1.0088,0.30069,0.28144,0.57378,0.73112,0.4921,0.35126,0.50517,0.20027,0.020112,-0.10145,-0.055186,-0.15461,-0.29398,-0.27515,-0.066522,-0.063111,0.051062,-0.27336,0.23492,0.26977,0.2938,-0.010357,0.015216,0.24825
-0.83318,-0.45654,0.065678,0.0057185,-0.46071,-0.0052066,-0.32191,-0.34309,-0.59188,-0.34371,-0.23342,0.055208,1.7055,1.9916,-0.037852,0.049719,-0.22729,-0.17964,-0.020816,-0.081976,-0.028567,-0.14972,-0.17147,0.059697,-0.67441,-0.44382,0.32005,0.54626,0.58053,0.28585,0.29289,-0.0088073,1.2143,0,0.29178,0.6262,-0.11856,0.21354,-0.6182,-0.80891,-0.67625,-0.71621,-0.32168,-0.41235,-0.17183,0.079388,0.32441,0.4311,-0.30713,1.0795,0.90733,0.18811,-0.37711,-0.41373,0.02412,-0.39252,-0.45514,0.25907,0.2645,-0.38727,0.039943,0.68971,0.70224,0.47129,0.47677,0.47897,0.43494,0.41189,0.65234,0.85144,0.72573,0.46927,0.4086,0.31603,0.3134,-0.51243,-0.26759,0.83802,0.97038,-0.13794,0.69352,0.01949,0.078327,0.60177,0.61094,0.18192,0.12799,0.53817,0.10575,-0.15912,-0.22418,-0.096224,0.047702,-0.43778,-0.23899,-0.17833,-0.044451,0.072192,-0.28957,0.24665,0.33571,0.20389,0.018844,-0.36551,0.011279
0.013123,-0.31344,0.22066,0.4183,0.0085121,-0.2381,0.60537,0.18611,0.40899,-0.398,0.58862,-0.079713,0.33449,0.39434,0.23017,0.04057,-0.48985,-0.024793,-0.15797,-0.082805,-0.41826,-0.34579,-0.27369,-0.32368,0.02434,-0.23911,0.16795,0.28539,0.69081,0.64602,1.187,0.3195,0.65084,0.29178,0,0.61988,0.77196,0.43999,0.064099,-0.20393,-0.20185,-0.44758,0.57635,-0.27649,0.40105,0.21174,-0.065111,0.08292,0.27576,0.46337,0.068741,0.83282,0.10112,-0.22225,0.5619,-0.25123,-0.25544,-0.012277,-0.0072642,0.35109,0.29231,0.47375,0.40568,0.25834,0.38456,0.10336,-0.053214,0.4006,0.60687,0.49237,0.76863,0.54848,0.39469,0.13149,0.086221,0.083379,-0.38196,0.40508,0.30247,0.31396,0.31164,0.42993,0.54216,0.078764,0.48652,0.43312,0.41524,-0.20994,-0.053664,0.040969,-0.35674,0.3959,-0.14083,0.24069,-0.11563,0.21499,0.10606,-0.00033036,-0.066328,0.58728,0.26645,0.44954,0.094703,0.29178,0.31619
-0.059799,-0.048754,0.29407,0.15642,-0.16221,-0.1509,0.23415,0.234,-0.074346,-0.17192,0.17559,0.39037,0.59746,0.63393,-0.034343,0.009401,-0.10959,-0.16987,0.15146,0.11492,0.022039,-0.29938,0.0053632,0.082662,-0.31876,-0.18514,0.37037,0.44932,0.47231,0.50211,0.27548,0.20663,0.78105,0.6262,0.61988,0,0.24589,0.46716,-0.09092,-0.20461,-0.27084,-0.1767,0.1817,0.13811,0.47391,0.52017,0.35921,0.55857,0.098263,0.55249,0.32791,0.2253,0.22575,-0.11404,0.39238,0.28841,0.31196,0.5063,0.4376,-0.036503,0.10419,0.19111,0.37789,0.18703,0.46585,0.7069,0.48756,0.2471,0.42968,0.63516,0.72634,0.52593,0.56641,0.61168,0.5604,0.095475,0.12832,0.70934,0.60903,0.30821,0.78079,0.16496,0.27696,0.69478,0.73487,0.7747,0.45318,0.41659,0.40749,0.24069,-0.040892,-0.033697,-0.084875,-0.27817,-0.078012,-0.22717,-0.19594,0.067646,-0.076284,0.095915,0.27982,-0.15777,-0.38415,-0.040058,0.2912
0.45905,0.0088408,0.21894,0.65868,0.13667,-0.38386,0.8228,0.24196,1.0237,-0.12058,1.4314,0.18183,-0.12496,-0.088955,0.69361,0.28952,-0.16244,0.38694,-0.1265,-0.13028,-0.31182,-0.019571,-0.019924,-0.23171,0.60388,0.098878,0.0059496,-0.035624,0.06475,0.18272,0.546,0.18858,0.31796,-0.11856,0.77196,0.24589,0,0.9588,0.66554,0.39459,0.21121,-0.015346,0.58573,-0.24483,0.80376,0.40111,-0.21261,-0.074603,0.31405,0.091639,-0.33268,0.30674,0.14787,-0.12591,0.29484,-0.15,0.03848,0.19267,0.23871,1.0295,0.5546,0.12639,0.04151,-0.11855,0.029191,0.1736,0.064096,0.46646,0.43738,-0.002252,0.31455,0.73916,0.6347,0.46209,0.36153,0.64553,0.01086,0.17463,0.069583,0.70953,0.33114,0.20069,0.67181,-0.22707,0.13506,0.38011,0.27322,-0.1758,-0.25948,0.38684,0.18434,0.081602,-0.6003,0.2619,-0.074328,0.070656,-0.030469,-0.18451,-0.13147,0.18434,0.079562,0.25766,0.17993,0.23478,0.13639
0.18285,-0.035836,0.15961,0.26687,-0.17112,-0.55766,0.35228,0.041767,0.39328,-0.17666,0.63898,0.22447,0.1432,0.1348,0.45535,0.27462,-0.21248,0.18439,-0.15954,-0.29843,-0.33761,-0.012308,-0.072535,-0.056644,0.23843,-0.11941,0.032684,-0.017437,-0.10048,0.060158,0.39006,0.10098,0.53505,0.21354,0.43999,0.46716,0.9588,0,0.47905,0.31421,0.136,-0.021394,0.28615,-0.12677,0.51572,0.4195,-0.068736,-0.013841,-0.062764,0.23152,-0.19192,0.063096,0.073866,-0.19116,0.19479,-0.072119,0.15855,0.5397,0.6044,0.60804,0.52821,0.17017,0.070081,0.018467,0.39817,0.45995,0.32298,0.44978,0.5178,0.15593,0.41707,1.1294,1.1678,0.71219,0.5715,0.31467,-0.0029091,0.44276,0.19898,0.65268,0.7495,-0.083894,0.35649,0.2221,0.19599,0.50405,0.07067,0.16598,-0.15851,0.29586,0.29192,-0.013625,-0.43311,-0.11676,-0.14461,-0.33145,-0.31585,-0.26325,-0.48391,0.127,0.20034,0.17354,0.13877,-0.11071,-0.021631
1.0758,0.32328,-0.085345,0.40471,0.34235,-0.49615,0.82393,0.21173,1.1233,0.031938,0.78484,0.15267,-0.74254,-0.66613,0.28298,0.11365,-0.015261,0.16944,-0.18902,-0.27644,-0.28576,-0.1612,0.18264,-0.22261,1.3832,0.28181,-0.47365,-0.66249,-0.62354,-0.34944,-0.050531,-0.11932,-0.31682,-0.6182,0.064099,-0.09092,0.66554,0.47905,0,1.3226,1.1743,0.6021,0.53577,0.14559,0.58023,0.1983,-0.045746,-0.31274,0.25306,-0.56808,-0.92003,-0.10522,0.29888,0.022903,0.00066932,0.16955,0.46553,0.20441,0.17951,1.0378,0.32784,-0.53699,-0.62005,-0.38908,-0.16045,-0.11031,-0.16761,-0.084261,-0.17026,-0.75918,-0.41647,0.16953,0.12447,0.2701,0.081759,0.80014,0.22265,-0.32212,-0.47449,0.71348,-0.095144,-0.12302,0.23732,-0.37273,-0.26947,0.02027,-0.014868,-0.12521,-0.27243,0.6766,0.69248,0.0042256,-0.53148,0.37272,0.085565,0.093353,-0.01265,-0.10647,0.10896,-0.20772,-0.27087,-0.13942,0.064795,0.0342,-0.043421
1.3725,0.77713,-0.053034,0.21212,0.48017,-0.10951,0.54455,0.46801,0.81595,0.36487,0.50659,0.31741,-0.78906,-0.8264,0.23168,-0.012164,0.31645,0.23978,0.15524,-0.022612,0.046886,0.036843,0.45143,0.15875,1.1836,0.65143,-0.23226,-0.52542,-0.78384,-0.3721,-0.28082,-0.043652,-0.5191,-0.80891,-0.20393,-0.20461,0.39459,0.31421,1.3226,0,1.0003,1.1327,0.27896,0.55868,0.53004,0.43567,0.082587,-0.13352,0.41761,-0.69102,-0.85154,-0.25649,0.61204,0.48036,-0.0041316,0.44354,0.68388,0.23646,0.19088,0.77845,0.26649,-0.78696,-0.59019,-0.68779,-0.22135,0.026255,0.039398,-0.34532,-0.36997,-0.70964,-0.48362,-0.01917,0.039934,0.31285,0.19438,0.84846,0.57264,-0.30691,-0.3838,0.4295,-0.12712,-0.17642,0.15631,-0.21604,-0.14967,0.12503,0.019286,0.017741,0.017669,0.63578,0.77842,0.051203,-0.24029,0.32256,0.28149,0.14231,0.10745,-0.056795,0.21247,-0.3445,-0.18157,-0.28115,-0.053551,0.099256,0.059709
0.85676,0.2512,-0.47694,-0.020847,0.52093,-0.31112,0.61696,0.06684,0.67371,0.22316,0.2867,0.17954,-0.99178,-0.81635,0.12278,0.22809,0.011383,-0.11325,-0.10696,-0.075683,-0.21466,-0.20484,0.31102,-0.081648,0.88529,0.39972,-0.38153,-0.49426,-0.51876,-0.30034,-0.18579,-0.19577,-0.69966,-0.67625,-0.20185,-0.27084,0.21121,0.136,1.1743,1.0003,0,0.68295,0.347,0.212,0.18505,-0.042732,-0.030891,-0.528,0.049933,-0.88405,-0.8643,-0.29138,0.19847,0.013596,-0.26156,0.14805,0.40854,-0.13334,-0.16004,0.54883,0.34651,-0.47064,-0.49573,-0.26175,-0.12634,-0.2629,-0.34143,-0.15215,-0.32268,-0.86591,-0.59636,-0.053644,-0.1741,0.040084,-0.15582,0.41395,0.1624,-0.7099,-0.69857,0.19028,-0.32177,-0.42721,0.051796,-0.44958,-0.40604,-0.23341,-0.080541,-0.30529,-0.43323,0.34521,0.36186,-0.08346,-0.29596,0.44437,0.31151,0.047378,0.029461,-0.1503,0.22335,-0.18295,-0.25658,-0.18765,0.1349,-0.25524,-0.15086
1.0951,1.35,0.098077,0.034589,0.61121,0.28169,0.20076,0.57681,0.41229,0.82641,0.12067,0.47325,-0.65323,-0.76043,0.085535,0.068486,0.73004,0.30913,0.56883,0.32741,0.42768,0.26972,0.79305,0.63585,0.61662,0.99671,-0.0074919,-0.30233,-0.66643,-0.45691,-0.56386,0.087516,-0.61218,-0.71621,-0.44758,-0.1767,-0.015346,-0.021394,0.6021,1.1327,0.68295,0,0.0077059,0.91792,0.32793,0.45984,0.19497,0.00052063,0.52645,-0.74049,-0.64801,-0.26443,0.61407,0.80402,-0.043146,0.68617,0.93646,0.25155,0.14357,0.32484,0.20552,-0.98087,-0.50901,-0.81847,-0.29734,0.045208,0.11223,-0.41894,-0.47716,-0.45833,-0.4985,-0.31341,-0.12392,0.2709,0.17438,0.62281,0.79939,-0.25174,-0.25273,0.12187,-0.21305,-0.14411,0.077343,-0.10822,-0.10721,0.16697,0.12768,0.21566,0.23283,0.594,0.60727,-0.14822,-0.025064,0.13144,0.33622,0.22901,0.24942,0.30547,0.49755,-0.56995,-0.19758,-0.46209,-0.080371,0.18676,0.32679
0.3719,-0.0097336,-0.12993,0.22717,0.15257,-0.37083,0.8571,0.27529,0.54301,-0.34524,0.53556,-0.22082,-0.35604,-0.24169,0.15522,-0.015464,-0.4361,0.023015,-0.51539,-0.25185,-0.68144,-0.16048,-0.43165,-0.40808,0.35466,-0.13027,-0.4196,-0.30496,-0.098106,0.063867,0.46008,0.045696,-0.12495,-0.32168,0.57635,0.1817,0.58573,0.28615,0.53577,0.27896,0.347,0.0077059,0,0.071663,0.58219,-0.047442,-0.20204,-0.36844,0.20356,-0.30106,-0.37865,0.35773,0.17458,-0.13041,0.10837,0.013326,0.18596,-0.019456,0.077427,0.4434,0.098968,0.011908,-0.12048,0.19581,0.19659,-0.23951,-0.35334,0.013318,-0.14049,-0.041527,-0.027208,0.35007,0.1267,-0.066218,-0.15336,0.28764,-0.27894,-0.29119,-0.35238,0.34337,-0.24555,0.051687,0.54527,-0.46653,-0.24319,-0.040218,-0.16005,-0.3967,-0.29247,0.27544,0.041676,0.32295,-0.18048,0.31292,-0.11735,0.003649,-0.16287,-0.16934,-0.16703,0.39943,0.06998,-0.025011,0.11001,0.081184,-0.17458
0.51907,0.91726,0.031375,-0.26334,0.27819,0.40653,0.090837,0.88835,-0.0056445,0.44805,-0.16657,0.29269,-0.24228,-0.33851,-0.28163,-0.36828,0.39573,-0.01041,0.48637,0.30459,0.37916,0.064138,0.32165,0.61143,0.065198,0.59737,0.18787,-0.029348,-0.28016,0.0042004,-0.30547,0.33006,-0.44727,-0.41235,-0.27649,0.13811,-0.24483,-0.12677,0.14559,0.55868,0.212,0.91792,0.071663,0,0.19291,0.5411,0.24485,0.19682,0.4262,-0.42372,-0.20102,-0.12764,0.85922,0.91818,0.07721,0.96813,0.81316,0.16373,0.10667,-0.12463,-0.1683,-0.63894,-0.15865,-0.41949,0.038819,0.15889,0.19844,-0.65407,-0.47396,-0.069834,-0.19594,-0.32183,-0.11849,0.10396,0.16115,0.25665,0.61816,-0.089474,-0.10775,-0.10051,-0.14103,-0.029119,0.016237,0.30641,0.16061,0.36128,0.073352,0.1982,0.6116,0.20576,0.23311,0.23014,0.4924,0.012159,0.37468,0.0073743,0.081443,0.19632,0.23832,-0.22839,0.14562,-0.45926,-0.33203,0.1816,0.22397
0.69275,0.4683,0.35097,0.56222,0.18295,-0.20657,0.65179,0.51272,0.69496,0.15906,0.94703,0.54551,-0.14844,-0.13668,0.5113,0.15254,0.26313,0.45859,0.18708,0.183,0.11693,0.10684,0.24051,0.037171,0.56689,0.28344,-0.018508,-0.13409,-0.16773,0.01513,-0.0041738,0.0096492,0.15272,-0.17183,0.40105,0.47391,0.80376,0.51572,0.58023,0.53004,0.18505,0.32793,0.58219,0.19291,0,0.7836,0.16182,0.29781,0.56559,-0.05044,-0.31526,-0.021101,0.48446,0.2105,0.29838,0.33218,0.59382,0.6229,0.59079,0.77589,0.28944,-0.20991,-0.15899,-0.28466,-0.14955,0.42595,0.38134,0.027885,-0.030774,0.0030121,0.11832,0.46642,0.43206,0.7498,0.63549,1.0074,0.55807,0.22085,0.23704,0.67008,0.27479,0.088972,0.59347,-0.098219,0.25833,0.45165,0.32216,0.25693,0.20519,1.0413,0.61726,-0.094174,-0.57671,0.052123,-0.072635,0.14568,0.024782,0.028697,0.13454,-0.17007,0.014394,-0.30471,-0.29154,0.20803,0.26768
