,,,,,,,,,,,,,,,,,,,,,,,,,,,,,,,,,,,,,,,,,,,,,,,,,,,,,,,,,,,,,,,,,,,,,,,,,,,,,,,,,,,,,,,,,,,,,,,,,,,,,,,,
0,0.71219,0.10894,0.59435,0.8494,0.18505,0.95784,0.46297,0.81657,0.39346,0.62588,0.42115,-0.38835,-0.25862,0.13601,0.074704,0.12296,0.037858,0.21561,0.25708,-0.30777,-0.34622,0.42218,-0.060718,0.58794,0.3745,-0.13917,-0.091291,-0.20507,-0.24762,-0.26755,-0.34394,-0.16674,-0.3375,0.075667,0.12189,0.37483,0.2167,0.76099,0.69361,0.51028,0.45114,0.077406,0.018929,0.61068,0.35145,0.065956,-0.005226,0.79234,-0.058965,-0.17341,0.14126,0.72896,0.38585,0.39385,0.34885,0.37288,0.0089724,-0.038973,0.88578,0.29365,-0.52027,-0.52592,-0.40551,-0.38048,0.044025,-0.088639,-0.14472,-0.63972,-0.34325,-0.23639,-0.046221,-0.10855,0.28601,0.10321,0.9806,0.38879,-0.04207,-0.0015087,0.32013,-0.14639,-0.026678,0.23789,-0.3966,-0.10229,0.12638,0.33579,-0.097715,-0.17736,0.99137,0.5207,-0.016313,-0.29442,0.43346,0.26873,0.52272,0.30669,0.22797,0.83321,-0.42999,-0.53163,-0.84137,-0.56342,-0.028836,0.31592
0.71219,0,0.13064,0.11796,0.381,0.4872,0.14743,0.90658,0.069684,0.78805,-0.071339,0.36662,-0.25034,-0.27775,-0.043885,0.30786,0.47503,0.23414,0.51511,0.25021,0.28387,0.30253,0.7087,0.78088,0.0031073,0.43409,0.011443,-0.16966,-0.39224,-0.52412,-0.46942,0.018619,-0.36921,-0.30836,-0.40362,0.24356,-0.34719,-0.18582,0.024787,0.30734,0.26912,1.1448,0.032639,0.68861,0.223,0.3042,0.15558,0.050561,0.59154,-0.29296,-0.21787,-0.07254,0.72678,1.0164,0.17834,0.747,0.61784,0.14907,0.068268,0.24441,0.42604,-0.50009,-0.13393,-0.21372,-0.10572,-0.011996,0.039781,-0.35547,-0.71746,-0.14687,-0.38188,-0.22523,0.020879,0.19499,0.14259,0.34534,0.5965,-0.092525,0.012449,-0.13318,-0.063883,-0.16233,0.067392,0.033021,0.19056,0.028564,0.059184,0.17768,0.093248,0.5053,0.36705,-0.098983,0.21075,0.30621,0.57221,0.27941,0.24918,0.46004,0.43543,-0.49036,0.057089,-0.69919,-0.079915,0.012241,0.52473
0.10894,0.13064,0,0.518,0.11892,0.11364,0.021792,0.12881,0.16212,0.13711,0.33343,0.31631,0.35203,0.31075,-0.27096,-0.23395,0.12364,0.21744,0.27548,0.27496,-0.17119,-0.11436,0.0062479,-0.072855,-0.039159,-0.097246,-0.049859,0.16823,0.23426,0.0030557,0.030467,0.31095,0.541,0.26661,0.23045,0.27402,0.3307,0.39316,-0.036023,-0.10187,-0.41816,-0.065949,-0.21766,-0.11743,0.30865,0.29176,-0.079292,0.26978,0.24038,0.56242,0.266,0.21964,-0.056264,-0.024515,0.66428,0.24668,0.20753,0.30784,0.30043,-0.12043,-0.34565,-0.082798,-0.16777,-0.26851,-0.14942,0.10006,0.14303,0.47029,0.25489,0.40176,0.34715,0.025364,0.17528,0.17092,0.095747,0.46998,0.17181,0.73537,0.42814,0.59193,0.43319,0.43974,0.0085181,0.29545,0.14643,0.72695,0.59934,0.32321,0.27015,0.19273,0.0642,-0.3513,-0.28041,-0.24646,-0.23868,0.2641,0.32043,0.99009,0.4263,-0.60602,-0.46965,-0.30006,-0.43041,0.29944,0.61753
0.59435,0.11796,0.518,0,0.82871,0.37049,0.63222,0.048639,0.56885,-0.059441,0.87796,0.24251,0.24095,0.38038,-0.01526,-0.22648,-0.061206,0.1645,0.13859,0.19189,-0.65783,-0.5323,0.1002,-0.36423,0.38904,0.073545,0.047093,0.26338,0.13365,-0.047563,0.024067,-0.28976,0.48433,0.24116,0.35362,0.13471,0.63715,0.46722,0.35304,0.10547,-0.10416,-0.1644,-0.13636,-0.47567,0.40482,0.25811,-0.27596,0.15414,0.52778,0.6047,0.46808,0.74415,0.18898,-0.060711,0.40538,-0.096093,-0.056986,0.18804,0.14667,0.46217,-0.048045,-0.27007,-0.45312,-0.30175,-0.53229,0.12371,-0.024995,0.27487,0.18126,-0.11502,0.046775,-0.036568,-0.21859,0.16209,-0.074293,0.74573,0.040301,0.42702,0.42902,0.81119,0.25794,0.68501,0.5046,-0.17707,-0.042105,0.43519,0.56053,0.015527,-0.034764,0.45683,0.11179,-0.25335,-0.45068,-0.17101,-0.31349,0.31998,0.1629,0.30278,0.3654,-0.17321,-0.65721,-0.25225,-0.50677,0.15392,0.35566
0.8494,0.381,0.11892,0.82871,0,0.79657,0.69508,0.17543,0.6024,0.23433,0.6697,0.3268,-0.038949,0.084455,-0.018186,-0.13334,0.21624,0.21681,0.36547,0.42287,-0.39698,-0.33891,0.45313,-0.023494,0.72579,0.61993,0.026136,0.20552,-0.057509,-0.18658,-0.11537,-0.31684,0.037846,-0.052369,0.049788,-0.17986,0.39154,0.23443,0.37944,0.42309,0.24227,0.15142,-0.12633,-0.20629,0.22573,0.19912,-0.088677,0.083436,0.5944,0.29553,0.27679,0.41599,0.5475,0.37618,0.29924,-0.0093699,-0.026522,-0.067076,-0.036115,0.60858,0.098052,-0.4527,-0.44257,-0.5334,-0.62146,0.039008,-0.10916,0.022077,-0.10366,-0.40762,-0.271,-0.23735,-0.56144,0.069824,-0.26493,0.71294,0.16318,0.16018,0.24295,0.45205,0.012273,0.36004,0.71002,-0.26488,0.021183,0.30711,0.48303,-0.086001,-0.10001,0.31821,0.017084,-0.36125,-0.34379,0.052145,-0.011871,0.31005,0.28362,0.088099,0.54055,-0.10289,-0.47062,-0.24686,-0.31547,-0.17581,0.33504
0.18505,0.4872,0.11364,0.37049,0.79657,0,0.046174,0.33844,-0.091904,0.28316,0.064113,0.11835,0.17592,0.20169,-0.17471,0.019404,0.34677,0.47676,0.42949,0.30885,-0.008541,0.19142,0.35025,0.4089,0.022242,0.54808,0.31252,0.38654,-0.0070307,-0.25378,-0.2172,0.12482,-0.027006,0.075013,-0.30267,-0.21797,-0.14651,-0.15469,-0.335,-0.082085,-0.14014,0.22253,-0.31219,0.11912,-0.28245,0.043227,-0.23207,0.011024,0.24918,0.24156,0.49217,0.36408,0.23416,0.51726,0.04485,-0.024715,-0.16941,-0.13258,-0.058103,-0.11882,0.056262,-0.20216,-0.083714,-0.15889,-0.41319,-0.093183,-0.056232,-0.053202,0.02356,-0.21702,-0.328,-0.52051,-0.56253,-0.19662,-0.35687,0.16322,0.089082,0.11977,0.29494,-0.032782,-0.0035593,0.44268,0.51713,-0.060984,0.15981,0.11637,0.18467,0.039073,0.1046,-0.17744,-0.24432,-0.43666,0.15559,-0.024111,0.087807,0.10179,0.25293,0.28003,0.1593,-0.015814,-0.050758,0.053604,0.040604,-0.097508,0.28234
0.95784,0.14743,0.021792,0.63222,0.69508,0.046174,0,0.37867,1.0857,0.045889,0.91613,0.31194,-0.012454,0.1401,0.2342,-0.045169,-0.28215,-0.15955,0.020551,0.2631,-0.6777,-0.58715,0.031474,-0.38843,0.49242,0.15218,0.016789,0.25353,0.31939,0.31326,0.31333,-0.21765,0.23364,0.031591,0.73881,0.27486,0.89214,0.48647,0.6833,0.36531,0.23167,-0.10449,0.25227,-0.29195,0.78128,0.44111,0.073216,0.047698,0.62362,0.22029,0.081528,0.38416,0.41139,-0.02216,0.39967,-0.11023,-0.031216,-0.11861,-0.12189,0.75838,0.28638,0.037072,-0.10584,-0.15859,-0.1251,0.1877,-0.021998,0.20102,-0.15255,0.047783,0.25766,0.33958,0.10344,0.36635,0.22119,0.79724,0.12389,0.11661,0.22516,0.29246,0.037531,0.056467,0.4205,-0.39112,0.08837,0.23457,0.56404,-0.18218,-0.23651,0.62041,0.20486,0.25995,-0.21141,0.35778,0.098678,0.65368,0.43683,0.018682,0.60491,0.018941,-0.42078,-0.44832,-0.5725,-0.038012,0.18056
0.46297,0.90658,0.12881,0.048639,0.17543,0.33844,0.37867,0,0.25094,0.69328,0.058009,0.43075,-0.024671,-0.049001,0.054588,0.34727,0.073346,0.056705,0.45123,0.29624,0.074919,0.26388,0.27068,0.47689,-0.30809,0.24206,0.19169,0.1389,0.12156,0.036371,0.028603,0.41421,-0.17684,-0.14847,-0.016457,0.37662,-0.11938,-0.04692,-0.13686,0.055905,-0.0403,0.55258,0.12053,0.57079,0.28164,0.41036,0.0095202,-0.074328,0.62716,-0.10697,-0.041308,0.0023567,0.51391,0.58957,0.20946,0.35255,0.23344,-0.16262,-0.19572,0.090097,0.55942,0.086038,0.35154,0.014619,0.12509,-0.035716,0.035156,-0.017773,-0.39018,0.24422,0.12006,0.044101,0.39619,0.21917,0.39362,0.31426,0.52403,-0.00063783,0.22344,-0.35067,0.033828,-0.058648,0.023681,0.035846,0.49727,0.11378,0.31242,-0.054517,-0.056716,0.30108,0.2052,0.25828,0.50946,0.36772,0.58355,0.62153,0.7201,0.41034,0.4274,-0.2678,0.15503,-0.60292,-0.11697,0.14246,0.40348
0.81657,0.069684,0.16212,0.56885,0.6024,-0.091904,1.0857,0.25094,0,0.31043,1.1066,0.53761,-0.1095,-0.026115,0.29678,-0.024896,0.018478,0.033468,0.27689,0.56467,-0.43575,-0.47183,0.16486,-0.34042,0.66711,0.35911,-0.12268,0.064419,0.15879,0.23098,0.24011,-0.26318,0.082759,-0.14942,0.45572,0.020712,0.78828,0.3965,0.66214,0.48363,0.15268,-0.032371,0.065113,-0.38136,0.75656,0.33627,-0.070363,0.095224,0.8698,0.20122,0.0080699,0.17781,0.45059,0.08962,0.37326,-0.054535,0.034389,-0.11382,-0.14008,0.9868,0.26119,-0.1087,-0.16978,-0.42097,-0.32198,0.089314,-0.035199,0.39906,-0.12017,-0.011241,0.24552,0.31791,0.074726,0.34707,0.23161,1.0047,0.36872,0.20688,0.23518,0.46242,0.065108,0.083717,0.4042,-0.22618,0.079793,0.45144,0.7814,-0.29248,-0.33737,0.64974,0.27152,0.12665,-0.35529,0.076205,-0.045926,0.64047,0.37311,0.012177,0.74548,-0.16991,-0.45732,-0.43753,-0.43465,0.12886,0.29248
0.39346,0.78805,0.13711,-0.059441,0.23433,0.28316,0.045889,0.69328,0.31043,0,0.087373,0.8959,-0.11824,-0.20965,0.20363,0.51883,0.85585,0.30406,1.1146,0.83845,0.46711,0.21545,0.88817,0.78589,-0.013786,0.81892,0.20897,0.075668,-0.070441,-0.026009,-0.27955,0.16474,-0.32156,-0.23718,-0.40782,0.15716,-0.24831,-0.14391,-0.15338,0.24952,0.082625,0.78039,-0.26252,0.47527,0.17697,0.37028,0.026054,0.18177,0.62437,-0.13448,-0.098043,-0.34065,0.63098,0.88327,0.13512,0.53614,0.41888,-0.062847,-0.1396,0.26955,0.62577,-0.18892,0.1673,-0.29361,-0.16153,0.066711,0.17911,0.17574,-0.2677,0.0064868,-0.052874,-0.011087,0.10059,0.29954,0.30464,0.45918,1.225,0.10571,0.23986,-0.12702,0.18563,-0.32185,0.16144,0.32104,0.5817,0.3382,0.46198,-0.064663,-0.1312,0.25586,0.1619,-0.1717,0.18021,0.077229,0.58343,0.26587,0.35457,0.31282,0.57868,-0.63905,0.098156,-0.54067,-0.082148,0.071827,0.63897
0.62588,-0.071339,0.33343,0.87796,0.6697,0.064113,0.91613,0.058009,1.1066,0.087373,0,0.65491,0.22133,0.36434,0.15789,-0.3018,-0.017778,0.17654,0.19508,0.44062,-0.77637,-0.74909,-0.042033,-0.50457,0.53012,0.2862,-0.029386,0.28039,0.18809,0.21452,0.19244,-0.31436,0.45778,0.23404,0.46049,0.04653,1.1596,0.83839,0.50761,0.29629,-0.14199,-0.31867,-0.20216,-0.68735,0.64099,0.46763,-0.19137,0.27841,0.54068,0.67536,0.46951,0.35261,0.31966,-0.07524,0.51559,-0.25326,-0.16232,0.09754,0.17102,0.68925,-0.0048612,-0.081307,-0.36767,-0.49627,-0.47609,0.34154,0.19025,0.53555,0.16483,0.012775,0.30389,0.34911,0.045276,0.44157,0.20665,1.1185,0.24736,0.60879,0.56977,0.93761,0.31671,0.27169,0.65594,-0.11552,0.060199,0.75165,0.7539,-0.052342,-0.22425,0.56763,0.28733,-0.18258,-0.5814,-0.15151,-0.31653,0.22388,0.12325,0.028594,0.46639,-0.1794,-0.74989,-0.36224,-0.81751,-0.12408,0.1529
0.42115,0.36662,0.31631,0.24251,0.3268,0.11835,0.31194,0.43075,0.53761,0.8959,0.65491,0,0.30083,0.30699,0.024458,0.0076916,0.38847,0.11126,0.84417,0.72579,-0.055057,-0.328,0.4871,0.23516,0.033399,0.53347,0.082627,0.16574,0.09725,0.12868,-0.0011682,-0.10634,0.20528,0.25053,-0.024124,0.30414,0.24724,0.5052,-0.01303,0.15046,-0.23671,0.14329,-0.52832,-0.093458,0.45051,0.7319,0.078166,0.599,0.54027,0.45293,0.33504,-0.20042,0.58418,0.39719,0.4841,0.085452,0.065989,0.14513,0.15124,0.49152,0.35569,-0.10634,0.018515,-0.58889,-0.28617,0.50144,0.48058,0.4555,0.1029,0.12445,0.26081,0.35278,0.37166,0.73713,0.5823,0.68044,1.0348,0.68485,0.74263,0.37558,0.71112,-0.18529,0.31425,0.56918,0.73118,0.91932,0.7715,0.12352,-0.18641,0.48009,0.3647,-0.21157,-0.12762,-0.096863,0.27239,0.13657,0.2365,0.10963,0.52913,-0.59562,-0.1815,-0.61339,-0.58208,-0.334,0.60726
-0.38835,-0.25034,0.35203,0.24095,-0.038949,0.17592,-0.012454,-0.024671,-0.1095,-0.11824,0.22133,0.30083,0,2.0889,-0.10732,-0.20182,-0.12816,0.01907,0.26104,0.25321,-0.22911,-0.22267,-0.10586,0.038809,-0.45404,-0.18582,0.41345,0.64942,0.6173,0.45681,0.54932,0.02221,1.303,1.9842,0.47787,0.4991,0.24846,0.54405,-0.56527,-0.72603,-1.1241,-0.67491,-0.43235,-0.45252,0.12382,0.45796,0.013581,0.68294,-0.013549,1.1293,0.96616,0.32536,-0.069312,-0.13133,0.30832,-0.46373,-0.47192,0.31441,0.33501,-0.14587,0.082672,0.54867,0.39765,0.14402,0.20784,0.63853,0.59262,0.70435,0.99469,0.74582,0.83483,0.58191,0.42397,0.43701,0.37571,-0.014022,0.036442,1.116,1.2705,0.19933,1.1045,0.18788,0.32205,0.78474,0.68211,0.72282,0.47283,0.42793,0.19581,-0.08468,-0.17572,0.033521,0.12856,-0.44523,-0.22542,-0.0023383,0.039014,0.065657,-0.20246,0.20324,0.15138,0.2131,-0.18119,-0.18626,0.32901
-0.25862,-0.27775,0.31075,0.38038,0.084455,0.20169,0.1401,-0.049001,-0.026115,-0.20965,0.36434,0.30699,2.0889,0,-0.15876,-0.32138,-0.24788,-0.063947,0.15223,0.17497,-0.43136,-0.41184,-0.17634,-0.11381,-0.34279,-0.19207,0.34172,0.65143,0.59673,0.4249,0.55487,-0.087246,1.4016,2.0331,0.55505,0.45064,0.37901,0.65124,-0.40054,-0.61763,-0.98493,-0.77482,-0.43898,-0.5853,0.14018,0.44115,0.0017507,0.63836,0.0013994,1.3286,1.1354,0.43774,-0.049116,-0.19338,0.37562,-0.58963,-0.57906,0.2729,0.32079,-0.068027,0.027246,0.47612,0.2601,0.090279,0.13258,0.63256,0.53049,0.62438,0.93846,0.60092,0.74659,0.54311,0.34401,0.41291,0.30891,0.044826,-0.041913,1.1184,1.2416,0.29984,1.0243,0.25311,0.3662,0.61192,0.57575,0.69198,0.47074,0.36888,0.12113,-0.031156,-0.12969,0.02543,0.058344,-0.36674,-0.24451,0.012782,0.040892,0.0075945,-0.16387,0.23225,0.016319,0.18648,-0.29891,-0.2902,0.26599
0.13601,-0.043885,-0.27096,-0.01526,-0.018186,-0.17471,0.2342,0.054588,0.29678,0.20363,0.15789,0.024458,-0.10732,-0.15876,0,0.86102,0.31511,0.3038,0.26097,0.3902,0.18103,0.15815,0.23324,0.15901,0.20524,0.31061,0.69474,0.44245,0.19144,0.55413,0.032333,0.10987,-0.022147,-0.068921,0.11988,0.21704,0.2087,0.068429,0.23948,0.30217,0.31738,0.16564,0.30545,0.11496,0.41112,0.35957,-0.23767,-0.16543,0.30428,-0.18919,-0.17027,-0.052282,0.1776,0.061556,-0.40744,0.20146,0.33489,0.10476,0.0057825,0.33301,0.64256,0.42505,0.33027,0.36924,0.19861,0.19238,0.20929,0.45119,0.066201,0.14456,0.2657,0.47111,0.10732,0.29649,0.31156,0.39449,0.32249,-0.14695,0.095205,-0.072657,-0.036137,-0.3287,0.37624,-0.25239,0.048625,0.015056,0.15936,-0.13982,-0.05608,0.1879,-0.032351,0.079382,-0.15522,-0.15421,-0.10606,0.068519,-0.02726,-0.16584,-0.090431,0.18617,0.24406,-0.045225,0.15995,0.39299,-0.23048
0.074704,0.30786,-0.23395,-0.22648,-0.13334,0.019404,-0.045169,0.34727,-0.024896,0.51883,-0.3018,0.0076916,-0.20182,-0.32138,0.86102,0,0.46734,0.28184,0.29442,0.23426,0.4779,0.51525,0.43745,0.504,-0.17578,0.22491,0.56216,0.33192,0.082765,0.27184,-0.28425,0.32075,-0.28173,-0.21788,-0.19536,0.34932,-0.25384,-0.30105,-0.057032,0.17525,0.31908,0.57745,0.14167,0.62354,0.073227,0.16819,0.060789,-0.14029,0.14162,-0.37124,-0.25791,-0.35831,0.027965,0.18888,-0.62325,0.39877,0.51616,0.035051,-0.077745,0.066734,0.91835,0.27606,0.45871,0.5666,0.28969,0.051097,0.17811,0.14241,-0.17342,0.0089138,-0.011983,0.071103,0.055901,0.12173,0.25842,0.12296,0.50315,-0.37393,-0.089405,-0.5276,-0.077813,-0.53392,0.062089,-0.060379,0.24157,-0.28508,0.0063272,-0.048194,0.12088,0.10796,0.036988,0.2024,0.32462,0.16963,0.46123,0.2143,0.30644,0.15778,0.022403,-0.086283,0.38294,-0.24392,0.21577,0.43944,0.085948
0.12296,0.47503,0.12364,-0.061206,0.21624,0.34677,-0.28215,0.073346,0.018478,0.85585,-0.017778,0.38847,-0.12816,-0.24788,0.31511,0.46734,0,0.79724,0.79586,0.70921,0.65823,0.42698,0.7835,0.75881,0.24683,0.89909,0.27496,0.1092,-0.32491,-0.19302,-0.61462,-0.00039534,-0.23301,-0.19267,-0.59583,-0.052702,-0.28829,-0.238,-0.081336,0.32806,0.14424,0.67198,-0.2338,0.37072,0.021967,0.1715,0.063021,0.29305,0.25654,-0.1576,-0.025613,-0.31304,0.32809,0.65164,-0.13786,0.56179,0.58662,0.33814,0.26857,0.11904,0.27307,-0.34561,-0.092513,-0.28123,-0.26798,0.19346,0.34803,0.1145,-0.1352,-0.1455,-0.25127,-0.16548,-0.25838,0.19424,0.036709,0.36741,0.80801,0.078728,0.12949,0.10355,0.10782,-0.22703,0.36205,0.21036,0.20157,0.26403,0.18906,0.26468,0.30819,0.098556,0.062944,-0.65775,-0.16549,-0.32464,0.052292,-0.21132,-0.14176,0.22743,0.23743,-0.45228,-0.0035098,-0.23367,0.043147,0.15335,0.33592
0.037858,0.23414,0.21744,0.1645,0.21681,0.47676,-0.15955,0.056705,0.033468,0.30406,0.17654,0.11126,0.01907,-0.063947,0.3038,0.28184,0.79724,0,0.31302,0.44287,0.19274,0.51587,0.12684,0.28677,0.17157,0.52822,0.17415,0.20399,-0.21788,-0.19056,-0.39935,0.16032,-0.04066,-0.08898,-0.32691,-0.21125,0.05423,-0.036559,-0.095204,0.12575,-0.16109,0.20031,-0.15359,0.061422,0.045689,0.12549,-0.26244,0.0987,0.13458,0.059513,0.20582,-0.02406,-0.046764,0.21095,-0.27935,0.14515,0.21764,0.25483,0.36034,-0.051951,-0.014893,-0.18947,-0.19302,-0.097028,-0.42672,0.075965,0.2147,0.23637,-0.054236,-0.11007,-0.18765,-0.14136,-0.27669,0.046026,-0.046523,0.39792,0.33692,0.10263,0.15167,0.16397,-0.069829,0.12406,0.6758,-0.14126,-0.15172,0.17617,0.067321,0.20812,0.24753,0.10183,0.099842,-0.48329,-0.16011,-0.34468,-0.2562,-0.20858,-0.14979,0.33884,0.0065254,-0.20155,-0.12956,-0.11367,-0.007224,0.23795,0.033478
0.21561,0.51511,0.27548,0.13859,0.36547,0.42949,0.020551,0.45123,0.27689,1.1146,0.19508,0.84417,0.26104,0.15223,0.26097,0.29442,0.79586,0.31302,0,1.1938,0.41779,0.14093,1.0464,0.81553,0.025509,0.78508,0.51835,0.307,0.13689,0.13604,-0.021646,0.11353,0.055511,0.1313,-0.20108,0.1953,-0.12429,0.061958,-0.29169,0.031848,-0.14441,0.40522,-0.31434,0.1868,0.26551,0.57907,-0.13119,0.35949,0.73168,0.17933,0.15255,-0.056569,0.75124,0.88793,0.26467,0.38678,0.23691,0.11016,-0.013303,0.29126,0.53319,-0.02663,0.2794,-0.378,-0.18075,0.26153,0.30543,0.44676,0.16645,0.20978,0.20054,0.15213,0.12708,0.44561,0.33393,0.47465,0.95172,0.43894,0.6575,0.10084,0.49685,-0.022843,0.35162,0.52501,0.77613,0.75733,0.76071,0.091502,0.010146,0.13748,-0.082273,-0.34373,-0.023808,-0.32737,0.14403,0.19797,0.22518,0.17729,0.38517,-0.34418,0.19793,-0.22801,0.01588,0.076873,0.70097
0.25708,0.25021,0.27496,0.19189,0.42287,0.30885,0.2631,0.29624,0.56467,0.83845,0.44062,0.72579,0.25321,0.17497,0.3902,0.23426,0.70921,0.44287,1.1938,0,0.26778,0.058726,0.63459,0.42678,0.29011,0.95334,0.48577,0.47502,0.30102,0.34888,0.092154,0.0609,0.19963,0.13746,0.10272,0.12945,0.25263,0.13914,-0.057782,0.13743,-0.15797,0.14126,-0.22604,-0.091946,0.48132,0.65524,-0.076014,0.43415,0.7447,0.22599,0.18851,0.011085,0.51065,0.53416,0.28917,0.18665,0.14245,0.072806,0.0063682,0.29798,0.3681,0.052255,0.21351,-0.36739,-0.24263,0.34933,0.36663,0.69995,0.16862,0.3263,0.37966,0.32709,0.10341,0.52319,0.37497,0.7265,0.83747,0.47575,0.64367,0.19701,0.40015,-0.022594,0.55066,0.23907,0.53408,0.81869,1.0474,0.080663,0.030962,0.19163,-0.070127,-0.29776,-0.18036,-0.29147,-0.0095161,0.29471,0.20987,0.15555,0.57108,-0.27455,-0.0011974,-0.21576,-0.13198,0.12443,0.59361
-0.30777,0.28387,-0.17119,-0.65783,-0.39698,-0.008541,-0.6777,0.074919,-0.43575,0.46711,-0.77637,-0.055057,-0.22911,-0.43136,0.18103,0.4779,0.65823,0.19274,0.41779,0.26778,0,0.91438,0.58855,0.94244,-0.14887,0.31845,0.2967,-0.13886,-0.16496,-0.088279,-0.37011,0.2401,-0.41817,-0.29034,-0.55929,0.0095968,-0.7735,-0.6594,-0.35327,-0.040546,0.16703,0.55486,0.064941,0.61816,-0.14301,0.038723,0.18789,0.090318,-0.10353,-0.66931,-0.49107,-0.61215,0.040618,0.38789,-0.3629,0.59081,0.47664,0.087369,-0.071779,-0.29964,0.19037,-0.08551,0.37343,-0.0062787,0.055781,0.010021,0.14513,-0.17441,-0.12729,0.03922,-0.16257,-0.15733,0.075378,0.069374,0.17826,-0.28923,0.43324,-0.35011,-0.22438,-0.53977,-0.053355,-0.32707,-0.31866,0.22717,0.18024,-0.19271,-0.14761,0.1954,0.31256,-0.23025,-0.13276,-0.18639,0.13021,-0.13779,0.22364,-0.22895,-0.1979,-0.020123,-0.042368,-0.23741,0.58421,0.049791,0.52669,0.20243,0.13657
-0.34622,0.30253,-0.11436,-0.5323,-0.33891,0.19142,-0.58715,0.26388,-0.47183,0.21545,-0.74909,-0.328,-0.22267,-0.41184,0.15815,0.51525,0.42698,0.51587,0.14093,0.058726,0.91438,0,0.15698,0.71228,-0.23514,0.18909,0.19449,-0.064361,-0.26886,-0.21796,-0.37753,0.49641,-0.42278,-0.35147,-0.51817,-0.12202,-0.5917,-0.55998,-0.31564,0.013789,0.039616,0.51704,0.22651,0.71935,-0.20211,-0.058784,0.064271,-0.15764,-0.15546,-0.5697,-0.31378,-0.44157,-0.17456,0.25889,-0.66417,0.39412,0.40254,0.10617,0.0884,-0.50306,0.072426,-0.010308,0.3417,0.2072,0.12416,-0.12432,0.092032,-0.23811,-0.23205,0.024366,-0.22579,-0.26198,0.026324,-0.11396,0.064428,-0.28717,0.20537,-0.44185,-0.26862,-0.63173,-0.25418,-0.065757,-0.15566,-0.052413,-0.032336,-0.35707,-0.31513,0.25248,0.4794,-0.21842,-0.022744,-0.075902,0.28633,-0.14812,0.048215,-0.14057,0.0034504,0.11605,-0.25541,-0.042417,0.53419,0.005889,0.60408,0.312,-0.09867
0.42218,0.7087,0.0062479,0.1002,0.45313,0.35025,0.031474,0.27068,0.16486,0.88817,-0.042033,0.4871,-0.10586,-0.17634,0.23324,0.43745,0.7835,0.12684,1.0464,0.63459,0.58855,0.15698,0,0.83092,0.25807,0.67882,0.31316,0.025527,-0.11833,-0.12374,-0.33213,-0.1406,-0.20821,-0.13248,-0.34139,0.18956,-0.27317,-0.13052,0.0021724,0.27175,0.36819,0.71355,-0.12545,0.34863,0.22803,0.38652,0.18353,0.29124,0.49506,-0.16937,-0.21031,-0.24036,0.69458,0.77473,0.037048,0.60464,0.50834,0.13862,-0.056853,0.47511,0.58851,-0.35817,0.071908,-0.36793,-0.24734,0.20009,0.15381,-0.0043773,-0.11401,-0.19883,-0.21111,-0.087526,-0.1121,0.3621,0.17044,0.32772,0.80409,-0.017975,0.15252,-0.024274,0.23546,-0.21737,0.16082,0.28139,0.45126,0.22033,0.36823,0.11359,0.069014,0.27203,0.01721,-0.29064,-0.11975,-0.039435,0.39156,0.14926,0.14216,0.065978,0.41759,-0.40501,0.19121,-0.31815,0.078004,-0.0062325,0.66552
-0.060718,0.78088,-0.072855,-0.36423,-0.023494,0.4089,-0.38843,0.47689,-0.34042,0.78589,-0.50457,0.23516,0.038809,-0.11381,0.15901,0.504,0.75881,0.28677,0.81553,0.42678,0.94244,0.71228,0.83092,0,-0.24592,0.51571,0.40738,0.047833,-0.18261,-0.1574,-0.2475,0.25267,-0.27937,-0.051309,-0.55685,0.20649,-0.74869,-0.34756,-0.49068,-0.0085322,0.062459,0.80616,-0.0063553,0.8313,-0.054123,0.26492,0.10842,0.12764,0.22802,-0.32896,-0.17028,-0.27511,0.47519,1.0024,-0.14538,0.62344,0.46371,0.15937,0.047554,-0.10873,0.51103,-0.062644,0.4175,0.016593,0.18871,0.09666,0.23451,-0.092081,-0.134,0.14575,-0.12663,-0.035724,0.098202,0.18,0.1799,-0.091297,0.57645,-0.044922,0.14392,-0.43834,0.16103,-0.30596,0.07728,0.44127,0.5174,0.081499,-0.0006962,0.24113,0.1888,-0.074366,-0.10935,-0.19231,0.35852,-0.13423,0.38648,-0.091551,0.013161,0.14007,-0.052172,-0.15365,0.70665,-0.097383,0.45296,0.01263,0.35331
0.58794,0.0031073,-0.039159,0.38904,0.72579,0.022242,0.49242,-0.30809,0.66711,-0.013786,0.53012,0.033399,-0.45404,-0.34279,0.20524,-0.17578,0.24683,0.17157,0.025509,0.29011,-0.14887,-0.23514,0.25807,-0.24592,0,0.51416,-0.24332,-0.15774,-0.28367,-0.16748,-0.17985,-0.46874,-0.12404,-0.38071,0.090452,-0.3608,0.51516,0.16863,1.0533,0.91046,0.66841,0.10304,0.25797,-0.26683,0.40688,0.048099,0.080495,0.0080025,0.28724,-0.12593,-0.22826,0.071472,0.26522,0.047987,0.060655,0.12524,0.26399,0.084589,0.077691,0.65621,-0.18058,-0.57855,-0.59051,-0.61338,-0.52784,0.029908,-0.12323,-0.053505,-0.20627,-0.4527,-0.29025,-0.080009,-0.48916,0.094094,-0.23868,0.58463,0.063049,-0.13039,-0.20494,0.57062,-0.2161,0.12201,0.41599,-0.50963,-0.40367,0.10912,0.2058,-0.062993,-0.034987,0.34666,0.10269,-0.39438,-0.94269,-0.10598,-0.32479,-0.00065631,-0.14525,-0.19926,0.3719,-0.087072,-0.49254,-0.16269,-0.15063,-0.050322,-0.033098
0.3745,0.43409,-0.097246,0.073545,0.61993,0.54808,0.15218,0.24206,0.35911,0.81892,0.2862,0.53347,-0.18582,-0.19207,0.31061,0.22491,0.89909,0.52822,0.78508,0.95334,0.31845,0.18909,0.67882,0.51571,0.51416,0,0.27594,0.19801,-0.20891,-0.086592,-0.34414,-0.068795,-0.28368,-0.24875,-0.4102,-0.28594,0.020388,-0.087,0.12041,0.54262,0.21781,0.49296,-0.20751,0.12619,0.14288,0.33802,-0.11093,0.13628,0.53312,-0.085066,0.09522,-0.15342,0.54344,0.72903,-0.045785,0.20695,0.19666,-0.0040993,0.021677,0.27417,0.23019,-0.31897,-0.080048,-0.53158,-0.48286,0.13187,0.19912,0.13612,-0.15325,-0.23667,-0.23743,-0.096286,-0.28869,0.21378,0.04542,0.54993,0.71562,0.059289,0.21008,0.12244,0.023178,-0.071659,0.55246,-0.06658,0.17505,0.31099,0.36395,-0.00956,-0.051139,0.1162,0.05653,-0.59385,-0.22352,-0.18674,0.070165,-0.029067,0.018851,-0.10363,0.36716,-0.24539,-0.012608,-0.22671,0.017784,-0.16311,0.18756
-0.13917,0.011443,-0.049859,0.047093,0.026136,0.31252,0.016789,0.19169,-0.12268,0.20897,-0.029386,0.082627,0.41345,0.34172,0.69474,0.56216,0.27496,0.17415,0.51835,0.48577,0.2967,0.19449,0.31316,0.40738,-0.24332,0.27594,0,1.1622,0.56154,0.66039,0.069909,0.30025,0.33022,0.41533,0.094543,0.37669,-0.014686,-0.0046047,-0.34607,-0.22689,-0.16918,0.0088852,-0.089047,0.11265,0.084188,0.49035,-0.23669,0.091215,0.1735,0.16081,0.3086,0.16012,0.1549,0.1765,-0.11636,0.096824,0.020744,0.08633,-0.031819,-0.16537,0.50145,0.63086,0.59791,0.37336,0.19651,0.36451,0.40941,0.48044,0.4507,0.41306,0.45255,0.25895,0.12431,0.28716,0.31534,0.16543,0.28648,0.18558,0.55782,-0.2047,0.33402,0.022205,0.24663,0.10322,0.48253,0.20949,0.37986,0.122,0.24222,-0.19184,-0.35146,-0.13922,0.069277,-0.27669,-0.076213,0.066239,0.10371,-0.0019771,-0.080278,0.1425,0.31081,0.1332,0.089492,0.24356,0.032652
-0.091291,-0.16966,0.16823,0.26338,0.20552,0.38654,0.25353,0.1389,0.064419,0.075668,0.28039,0.16574,0.64942,0.65143,0.44245,0.33192,0.1092,0.20399,0.307,0.47502,-0.13886,-0.064361,0.025527,0.047833,-0.15774,0.19801,1.1622,0,0.80956,0.8241,0.20015,0.3156,0.66831,0.65004,0.37804,0.36541,0.38129,0.29355,-0.22097,-0.19642,-0.34737,-0.28381,-0.21885,-0.14743,0.11278,0.47682,-0.13824,0.19213,0.093883,0.58444,0.69167,0.28878,-0.043503,-0.085699,0.037978,-0.19583,-0.18714,0.045492,0.058828,-0.17486,0.28897,0.70897,0.43737,0.34795,0.14746,0.44543,0.46814,0.7467,0.626,0.47148,0.62807,0.3034,0.057807,0.26849,0.22162,0.32938,0.16275,0.44596,0.77172,0.0064289,0.46889,0.15597,0.45162,0.082792,0.49244,0.37533,0.615,0.14866,0.24113,-0.15671,-0.30847,-0.12811,0.019066,-0.21219,-0.13873,0.19059,0.35207,0.15538,0.050918,0.11777,-0.037596,0.069115,-0.22899,0.11539,0.092774
-0.20507,-0.39224,0.23426,0.13365,-0.057509,-0.0070307,0.31939,0.12156,0.15879,-0.070441,0.18809,0.09725,0.6173,0.59673,0.19144,0.082765,-0.32491,-0.21788,0.13689,0.30102,-0.16496,-0.26886,-0.11833,-0.18261,-0.28367,-0.20891,0.56154,0.80956,0,1.3802,0.85301,0.46742,0.66429,0.56854,0.89131,0.46082,0.40364,0.23361,-0.31434,-0.60332,-0.39504,-0.60875,0.011663,-0.27913,0.19353,0.30219,-0.096751,0.12816,0.053045,0.47761,0.30557,0.31603,-0.20668,-0.35043,0.26793,-0.29946,-0.39797,-0.30037,-0.34399,-0.14169,0.16528,1.0098,0.73229,0.32757,0.23391,0.14583,0.050753,0.83786,0.72073,0.76213,1.0052,0.4364,0.3173,0.1514,0.24019,0.068142,-0.078972,0.34799,0.4781,-0.10368,0.37247,0.094099,0.10776,0.16171,0.53301,0.31686,0.64564,-0.16589,-0.086287,-0.2789,-0.56774,0.29087,0.16322,0.089154,0.06188,0.44556,0.48126,0.18153,0.19701,0.19969,0.087865,0.25053,-0.12968,0.23486,0.26952
-0.24762,-0.52412,0.0030557,-0.047563,-0.18658,-0.25378,0.31326,0.036371,0.23098,-0.026009,0.21452,0.12868,0.45681,0.4249,0.55413,0.27184,-0.19302,-0.19056,0.13604,0.34888,-0.088279,-0.21796,-0.12374,-0.1574,-0.16748,-0.086592,0.66039,0.8241,1.3802,0,0.76521,0.39593,0.5309,0.46147,0.78341,0.46354,0.43456,0.28689,-0.13479,-0.29884,-0.21085,-0.49542,0.13904,-0.19612,0.28862,0.361,-0.066027,0.092012,0.03331,0.30557,0.19599,0.11102,-0.14697,-0.35938,0.045383,-0.24298,-0.22651,-0.17645,-0.22226,-0.021368,0.31809,1.24,0.85675,0.38698,0.38919,0.27746,0.21122,0.93684,0.67906,0.74223,1.1062,0.70514,0.41413,0.28574,0.38411,0.11481,0.050004,0.25531,0.42346,-0.095341,0.3723,-0.14865,0.17536,0.1369,0.5345,0.29611,0.54639,-0.1697,-0.095204,-0.22571,-0.45043,0.2792,0.066788,-0.055341,-0.019319,0.24143,0.29947,-0.081725,0.038618,0.28431,0.18194,0.1986,-0.068049,0.2171,0.024371
-0.26755,-0.46942,0.030467,0.024067,-0.11537,-0.2172,0.31333,0.028603,0.24011,-0.27955,0.19244,-0.0011682,0.54932,0.55487,0.032333,-0.28425,-0.61462,-0.39935,-0.021646,0.092154,-0.37011,-0.37753,-0.33213,-0.2475,-0.17985,-0.34414,0.069909,0.20015,0.85301,0.76521,0,0.18037,0.47596,0.47272,0.93722,0.22394,0.31912,0.29054,-0.23739,-0.53955,-0.38221,-0.71534,0.25312,-0.37742,0.19815,0.074125,-0.16683,-0.0073867,0.14257,0.36024,0.16096,0.48213,-0.01579,-0.21711,0.32604,-0.47532,-0.56735,-0.31135,-0.31324,0.06903,0.082077,0.79075,0.60986,0.22798,0.42249,-0.04453,-0.17218,0.55408,0.54629,0.76229,0.86592,0.6524,0.39687,0.029463,0.10179,-0.15666,-0.36531,0.3354,0.3394,-0.018571,0.23291,0.081121,0.16218,0.21754,0.34745,0.32125,0.31277,-0.32544,-0.40001,-0.24939,-0.52501,0.55179,0.24837,-0.016752,-0.097241,0.31321,0.18192,-0.13525,-0.10523,0.65814,0.3107,0.47656,0.17039,0.062916,0.07431
-0.34394,0.018619,0.31095,-0.28976,-0.31684,0.12482,-0.21765,0.41421,-0.26318,0.16474,-0.31436,-0.10634,0.02221,-0.087246,0.10987,0.32075,-0.00039534,0.16032,0.11353,0.0609,0.2401,0.49641,-0.1406,0.25267,-0.46874,-0.068795,0.30025,0.3156,0.46742,0.39593,0.18037,0,-0.058312,-0.098637,-0.0082785,0.10991,-0.13278,-0.11633,-0.43021,-0.24005,-0.12631,0.11846,0.2552,0.55234,-0.14496,0.02007,-0.26318,-0.42448,-0.13375,-0.096701,-0.10233,-0.084906,-0.30241,-0.052433,-0.11442,0.26027,0.12188,-0.33872,-0.27953,-0.66936,-0.058556,0.51953,0.64019,0.3314,0.28093,-0.33177,-0.17811,0.27888,0.18158,0.43302,0.26045,-0.087142,0.17094,-0.24671,-0.028892,-0.12207,-0.025669,-0.095027,-0.036978,-0.41672,-0.073643,0.085761,-0.13107,0.0079586,0.22217,-0.026563,0.081095,-0.17747,0.012708,-0.51287,-0.46649,-0.018065,0.3308,0.05701,0.14862,0.11666,0.50524,0.4995,-0.043747,-0.087706,0.26597,0.072338,0.24967,0.40735,-0.010359
-0.16674,-0.36921,0.541,0.48433,0.037846,-0.027006,0.23364,-0.17684,0.082759,-0.32156,0.45778,0.20528,1.303,1.4016,-0.022147,-0.28173,-0.23301,-0.04066,0.055511,0.19963,-0.41817,-0.42278,-0.20821,-0.27937,-0.12404,-0.28368,0.33022,0.66831,0.66429,0.5309,0.47596,-0.058312,0,1.4812,0.84737,0.60553,0.67679,0.83726,-0.090836,-0.39684,-0.69973,-0.79888,-0.22494,-0.63651,0.42263,0.56889,0.10101,0.67259,-0.014136,1.1357,0.75155,0.39201,-0.15225,-0.40309,0.42797,-0.3527,-0.26238,0.4735,0.46895,-0.029643,-0.10223,0.43488,0.15153,0.066506,0.13305,0.77007,0.60308,0.74721,0.89723,0.70653,0.94198,0.65827,0.4093,0.56606,0.3986,0.2383,-0.028384,1.0659,0.97761,0.5036,0.99441,0.2652,0.28763,0.42548,0.38355,0.74494,0.59277,0.52266,0.31887,0.12486,-0.055064,-0.044968,-0.24844,-0.41776,-0.43131,0.052021,0.028007,0.13479,-0.033379,0.073916,-0.18395,0.038121,-0.46564,-0.080211,0.26694
-0.3375,-0.30836,0.26661,0.24116,-0.052369,0.075013,0.031591,-0.14847,-0.14942,-0.23718,0.23404,0.25053,1.9842,2.0331,-0.068921,-0.21788,-0.19267,-0.08898,0.1313,0.13746,-0.29034,-0.35147,-0.13248,-0.051309,-0.38071,-0.24875,0.41533,0.65004,0.56854,0.46147,0.47272,-0.098637,1.4812,0,0.52204,0.57019,0.31647,0.64236,-0.39504,-0.6052,-0.85465,-0.72509,-0.4116,-0.51015,0.16027,0.49264,0.10069,0.71344,-0.10624,1.0986,0.91277,0.295,-0.088745,-0.23032,0.29337,-0.47544,-0.43299,0.40612,0.42445,-0.10116,0.058734,0.53256,0.29896,0.1784,0.2483,0.79021,0.67851,0.61006,0.96524,0.65141,0.78489,0.64762,0.41709,0.50562,0.39391,-0.013529,-0.017089,1.0332,1.1107,0.25683,1.1116,0.093366,0.2743,0.69698,0.56673,0.62297,0.37507,0.50346,0.22325,-0.021665,-0.10457,0.024705,0.02196,-0.38812,-0.2346,-0.085207,-0.055503,-0.027232,-0.24817,0.22088,0.094979,0.18947,-0.26837,-0.29921,0.2202
0.075667,-0.40362,0.23045,0.35362,0.049788,-0.30267,0.73881,-0.016457,0.45572,-0.40782,0.46049,-0.024124,0.47787,0.55505,0.11988,-0.19536,-0.59583,-0.32691,-0.20108,0.10272,-0.55929,-0.51817,-0.34139,-0.55685,0.090452,-0.4102,0.094543,0.37804,0.89131,0.78341,0.93722,-0.0082785,0.84737,0.52204,0,0.53424,0.86318,0.52615,0.22719,-0.22768,-0.21259,-0.7296,0.30781,-0.53636,0.63299,0.32393,0.15621,0.23097,0.15409,0.45261,0.17598,0.47393,-0.11485,-0.50256,0.41031,-0.33968,-0.24205,0.030833,-0.0050824,0.21063,0.031282,0.55525,0.25862,0.19773,0.28647,0.29131,0.090858,0.54602,0.37826,0.67574,0.93988,0.7163,0.41202,0.33058,0.29562,0.23113,-0.22962,0.36477,0.34101,0.23211,0.29768,0.089678,0.17647,-0.030288,0.1826,0.31767,0.50938,0.026164,0.0078441,0.17914,-0.14334,0.47015,-0.096846,0.093155,-0.17226,0.48738,0.26177,0.064407,0.20629,0.30859,-0.15233,0.037759,-0.32838,0.15377,0.18059
0.12189,0.24356,0.27402,0.13471,-0.17986,-0.21797,0.27486,0.37662,0.020712,0.15716,0.04653,0.30414,0.4991,0.45064,0.21704,0.34932,-0.052702,-0.21125,0.1953,0.12945,0.0095968,-0.12202,0.18956,0.20649,-0.3608,-0.28594,0.37669,0.36541,0.46082,0.46354,0.22394,0.10991,0.60553,0.57019,0.53424,0,0.15164,0.38275,-0.046036,-0.18689,-0.13794,0.033737,0.1462,0.18337,0.63419,0.7145,0.42272,0.47435,0.16749,0.21683,0.065808,0.022075,0.14197,-0.044346,0.24368,0.27578,0.35861,0.47608,0.29199,0.13962,0.53474,0.38094,0.43962,0.31847,0.52544,0.6412,0.54486,0.33007,0.17559,0.68185,0.64571,0.67849,0.79705,0.76516,0.77329,0.2065,0.37114,0.3542,0.46319,-0.0078658,0.6895,-0.35032,0.00074615,0.46263,0.68042,0.30158,0.35647,0.44234,0.27837,0.41486,0.15026,0.30031,0.15854,0.075601,0.30296,0.25131,0.2287,0.31946,0.12805,-0.16577,0.15402,-0.44242,-0.34429,0.12032,0.49881
0.37483,-0.34719,0.3307,0.63715,0.39154,-0.14651,0.89214,-0.11938,0.78828,-0.24831,1.1596,0.24724,0.24846,0.37901,0.2087,-0.25384,-0.28829,0.05423,-0.12429,0.25263,-0.7735,-0.5917,-0.27317,-0.74869,0.51516,0.020388,-0.014686,0.38129,0.40364,0.43456,0.31912,-0.13278,0.67679,0.31647,0.86318,0.15164,0,1.0059,0.65234,0.26469,-0.083163,-0.57729,0.026781,-0.76825,0.76668,0.50842,-0.011219,0.22073,0.20011,0.61572,0.31969,0.24745,-0.0666,-0.49363,0.31566,-0.33856,-0.14983,0.12531,0.22551,0.39284,-0.1832,0.14039,-0.20275,-0.21303,-0.23049,0.40579,0.22054,0.6019,0.29061,0.17259,0.49212,0.50906,0.15622,0.45226,0.25995,0.77748,0.009339,0.44557,0.37856,0.69657,0.27867,0.21942,0.44056,-0.24945,-0.076914,0.48717,0.61454,0.072188,-0.05205,0.45406,0.20905,-0.026813,-0.65478,-0.081208,-0.3923,0.24502,0.19345,0.0053494,0.30762,-0.046358,-0.61055,-0.2601,-0.69653,-0.10079,0.0023608
0.2167,-0.18582,0.39316,0.46722,0.23443,-0.15469,0.48647,-0.04692,0.3965,-0.14391,0.83839,0.5052,0.54405,0.65124,0.068429,-0.30105,-0.238,-0.036559,0.061958,0.13914,-0.6594,-0.55998,-0.13052,-0.34756,0.16863,-0.087,-0.0046047,0.29355,0.23361,0.28689,0.29054,-0.11633,0.83726,0.64236,0.52615,0.38275,1.0059,0,0.33548,0.15939,-0.23578,-0.44262,-0.11308,-0.48262,0.68156,0.73544,0.063196,0.38222,0.082432,0.82194,0.4106,0.083963,0.12314,-0.29126,0.37681,-0.18954,-0.054876,0.37019,0.47877,0.36699,-0.077279,0.13386,-0.094786,-0.25112,-0.033359,0.68138,0.46965,0.53279,0.45738,0.2598,0.53722,0.69277,0.42419,0.72336,0.43749,0.54121,0.13392,0.75423,0.666,0.70896,0.7478,0.11684,0.37722,0.24735,0.23161,0.75816,0.50243,0.30977,-0.027058,0.4802,0.29519,-0.10621,-0.5342,-0.30531,-0.32381,-0.038019,0.096771,-0.038904,-0.0012701,-0.13069,-0.32659,-0.3498,-0.65481,-0.40732,0.044715
0.76099,0.024787,-0.036023,0.35304,0.37944,-0.335,0.6833,-0.13686,0.66214,-0.15338,0.50761,-0.01303,-0.56527,-0.40054,0.23948,-0.057032,-0.081336,-0.095204,-0.29169,-0.057782,-0.35327,-0.31564,0.0021724,-0.49068,1.0533,0.12041,-0.34607,-0.22097,-0.31434,-0.13479,-0.23739,-0.43021,-0.090836,-0.39504,0.22719,-0.046036,0.65234,0.33548,0,1.1638,0.766,0.14059,0.38983,-0.15932,0.6182,0.14818,0.22946,-0.082269,0.20893,-0.17589,-0.3309,-0.06154,0.15056,-0.19012,0.025677,0.1649,0.42389,0.21571,0.20788,0.65567,-0.10832,-0.43184,-0.58719,-0.32273,-0.21846,0.11747,-0.018826,-0.16164,-0.40132,-0.38078,-0.18685,0.078444,-0.10689,0.23046,0.039463,0.60249,0.058609,-0.21683,-0.30667,0.49323,-0.21794,-0.048052,0.077784,-0.61672,-0.48065,-0.067942,0.063904,0.024392,0.014355,0.71048,0.51734,-0.069322,-0.77221,0.12522,-0.18339,0.12119,-0.0075754,-0.15934,0.32201,-0.1783,-0.57288,-0.52541,-0.39,-0.041407,-0.1759
0.69361,0.30734,-0.10187,0.10547,0.42309,-0.082085,0.36531,0.055905,0.48363,0.24952,0.29629,0.15046,-0.72603,-0.61763,0.30217,0.17525,0.32806,0.12575,0.031848,0.13743,-0.040546,0.013789,0.27175,-0.0085322,0.91046,0.54262,-0.22689,-0.19642,-0.60332,-0.29884,-0.53955,-0.24005,-0.39684,-0.6052,-0.22768,-0.18689,0.26469,0.15939,1.1638,0,0.89654,0.59624,0.26135,0.21853,0.37328,0.15372,0.19036,-0.15776,0.26602,-0.34338,-0.3639,-0.3111,0.35758,0.21542,-0.13004,0.41732,0.6725,0.19251,0.21523,0.50926,0.043383,-0.55776,-0.46855,-0.38896,-0.19573,0.063911,0.062886,-0.23399,-0.54307,-0.48801,-0.39506,-0.076088,-0.21234,0.1795,-0.0082352,0.5871,0.34448,-0.27334,-0.28994,0.28631,-0.22308,-0.16434,0.14187,-0.43104,-0.29138,-0.04558,0.024612,0.039452,0.031376,0.53956,0.50147,-0.3073,-0.55906,0.012977,-0.037252,-0.0069627,0.050994,-0.13114,0.26493,-0.32533,-0.34221,-0.62753,-0.17863,-0.11685,-0.16036
0.51028,0.26912,-0.41816,-0.10416,0.24227,-0.14014,0.23167,-0.0403,0.15268,0.082625,-0.14199,-0.23671,-1.1241,-0.98493,0.31738,0.31908,0.14424,-0.16109,-0.14441,-0.15797,0.16703,0.039616,0.36819,0.062459,0.66841,0.21781,-0.16918,-0.34737,-0.39504,-0.21085,-0.38221,-0.12631,-0.69973,-0.85465,-0.21259,-0.13794,-0.083163,-0.23578,0.766,0.89654,0,0.64401,0.62575,0.45874,0.10894,-0.16996,0.19843,-0.46089,0.046673,-0.84366,-0.89778,-0.23162,0.23805,0.13411,-0.28117,0.5468,0.63785,-0.13117,-0.21819,0.40005,0.14827,-0.40881,-0.24417,-0.071194,-0.031644,-0.27588,-0.3765,-0.52403,-0.61102,-0.59736,-0.59634,-0.27937,-0.39958,-0.15186,-0.28943,0.11357,0.00019799,-0.88096,-0.82252,-0.11114,-0.58491,-0.32472,-0.080228,-0.58923,-0.36939,-0.53515,-0.29075,-0.2697,-0.12937,0.17876,0.043184,-0.052038,-0.26985,0.377,0.26147,-0.0031406,-0.0019705,-0.16149,0.15902,-0.073514,-0.051045,-0.22519,0.15178,0.050491,-0.20814
0.45114,1.1448,-0.065949,-0.1644,0.15142,0.22253,-0.10449,0.55258,-0.032371,0.78039,-0.31867,0.14329,-0.67491,-0.77482,0.16564,0.57745,0.67198,0.20031,0.40522,0.14126,0.55486,0.51704,0.71355,0.80616,0.10304,0.49296,0.0088852,-0.28381,-0.60875,-0.49542,-0.71534,0.11846,-0.79888,-0.72509,-0.7296,0.033737,-0.57729,-0.44262,0.14059,0.59624,0.64401,0,0.19987,1.1553,0.022936,0.03143,0.11858,-0.22075,0.36452,-0.71344,-0.52892,-0.34473,0.51713,0.85753,-0.17523,1.0489,0.98116,0.10349,-0.0029308,0.15284,0.39717,-0.50041,-0.085437,-0.12133,-0.0006539,-0.1994,-0.064584,-0.46093,-0.79675,-0.32765,-0.58655,-0.37961,-0.13614,-0.01926,-0.018558,0.18025,0.5563,-0.4338,-0.33025,-0.24162,-0.28069,-0.30948,-0.10573,-0.082445,0.039424,-0.21731,-0.15436,0.02638,0.1036,0.25469,0.2539,-0.20216,0.13595,0.18938,0.48663,0.075463,0.14415,0.25395,0.24539,-0.44596,0.15274,-0.54613,0.18924,0.17732,0.20687
0.077406,0.032639,-0.21766,-0.13636,-0.12633,-0.31219,0.25227,0.12053,0.065113,-0.26252,-0.20216,-0.52832,-0.43235,-0.43898,0.30545,0.14167,-0.2338,-0.15359,-0.31434,-0.22604,0.064941,0.22651,-0.12545,-0.0063553,0.25797,-0.20751,-0.089047,-0.21885,0.011663,0.13904,0.25312,0.2552,-0.22494,-0.4116,0.30781,0.1462,0.026781,-0.11308,0.38983,0.26135,0.62575,0.19987,0,0.4309,0.30149,-0.10907,0.081018,-0.50181,0.019531,-0.67152,-0.7571,0.12973,0.029576,-0.093527,-0.18563,0.39702,0.45024,-0.078026,-0.17265,0.079291,0.041555,0.0895,0.21502,0.23695,0.39116,-0.28329,-0.38657,-0.23936,-0.27807,0.13739,0.010257,0.10304,0.072812,-0.1204,-0.11021,-0.091828,-0.29927,-0.59223,-0.53323,-0.21309,-0.4295,-0.071142,-0.018363,-0.47626,-0.21754,-0.36414,-0.23751,-0.19862,-0.016709,-0.017431,-0.24198,0.26389,-0.019621,0.13729,-0.044955,0.057451,-0.0137,-0.038159,-0.13074,0.31734,0.21844,0.0099324,0.35395,0.40692,-0.27157
0.018929,0.68861,-0.11743,-0.47567,-0.20629,0.11912,-0.29195,0.57079,-0.38136,0.47527,-0.68735,-0.093458,-0.45252,-0.5853,0.11496,0.62354,0.37072,0.061422,0.1868,-0.091946,0.61816,0.71935,0.34863,0.8313,-0.26683,0.12619,0.11265,-0.14743,-0.27913,-0.19612,-0.37742,0.55234,-0.63651,-0.51015,-0.53636,0.18337,-0.76825,-0.48262,-0.15932,0.21853,0.45874,1.1553,0.4309,0,-0.1719,-0.09044,0.156,-0.37117,-0.013021,-0.76862,-0.55452,-0.35002,0.19746,0.49381,-0.29396,0.92664,0.77883,-0.037626,-0.11991,-0.23535,0.33956,-0.080159,0.30527,0.22878,0.37624,-0.27188,-0.11526,-0.43017,-0.48314,-0.032139,-0.32455,-0.30926,0.021549,-0.1622,-0.051742,-0.18929,0.25115,-0.53207,-0.38628,-0.61078,-0.25314,-0.32954,-0.24366,0.021598,0.18583,-0.372,-0.31063,-0.0061108,0.152,-0.12674,-0.070436,-0.026734,0.42938,0.20874,0.52878,-0.04178,0.20687,0.29369,-0.049932,-0.21701,0.40193,-0.2702,0.36576,0.24963,0.037447
0.61068,0.223,0.30865,0.40482,0.22573,-0.28245,0.78128,0.28164,0.75656,0.17697,0.64099,0.45051,0.12382,0.14018,0.41112,0.073227,0.021967,0.045689,0.26551,0.48132,-0.14301,-0.20211,0.22803,-0.054123,0.40688,0.14288,0.084188,0.11278,0.19353,0.28862,0.19815,-0.14496,0.42263,0.16027,0.63299,0.63419,0.76668,0.68156,0.6182,0.37328,0.10894,0.022936,0.30149,-0.1719,0,1.0478,0.22452,0.39913,0.61039,0.14993,-0.10872,0.022719,0.38885,0.02298,0.34477,0.25826,0.43288,0.45862,0.34448,0.67086,0.24888,0.0031171,0.010949,-0.26249,-0.01643,0.59168,0.40397,0.40978,-0.039267,0.36445,0.49797,0.79607,0.60904,1.0681,0.80097,0.88212,0.50755,0.32925,0.36227,0.44901,0.38375,-0.13889,0.27966,-0.0055505,0.18779,0.54399,0.6203,0.30627,0.097565,0.99461,0.44107,0.086189,-0.46868,-0.064097,-0.081679,0.34159,0.12542,0.090735,0.43149,-0.25011,-0.15646,-0.68289,-0.46005,0.069267,0.34212
