,,,,,,,,,,,,,,,,,,,,,,,,,,,,,,,,,,,,,,,,,,,,,,,,,,,,,,,,,,,,,,,,,,,,,,,,,,,,,,,,,,,,,,,,,,,,,,,,,,,,,,,,
0,0.52028,0.10678,0.65074,0.4772,0.079338,0.97052,0.40539,0.64911,0.1002,0.48407,0.2288,-0.33254,-0.19261,0.34104,0.042549,-0.12829,0.062944,0.12803,0.16696,-0.38322,-0.44064,0.18396,-0.16583,0.25664,0.13383,0.062933,0.22526,0.43213,0.13144,0.24393,-0.054645,-0.10146,-0.22719,0.33239,0.11252,0.53081,0.35733,0.53763,0.43554,0.35427,0.16431,0.20943,-0.063699,0.51914,0.30105,-0.065967,-0.19886,0.76446,-0.0030115,-0.19404,0.40576,0.68997,0.30198,0.69382,0.081203,0.029483,-0.22837,-0.17647,0.67882,0.22275,-0.15133,-0.28577,-0.21708,-0.28106,-0.13287,-0.27538,0.2031,-0.03592,-0.10607,0.12425,0.098791,-0.003963,0.14427,0.072124,0.73186,0.067072,-0.060395,0.055954,0.11562,-0.22948,-0.024462,0.12047,-0.45813,-0.23435,0.035055,0.34098,-0.31025,-0.44118,0.87232,0.35155,0.097782,-0.16238,0.60765,0.33334,0.69748,0.44735,0.2448,0.78133,-0.24047,-0.2103,-0.37739,-0.36913,0.07564,0.2469
0.52028,0,0.21908,0.13924,0.18065,0.51906,-0.0020267,0.98941,-0.10912,0.55011,-0.16115,0.32157,-0.10693,-0.1547,0.17981,0.39094,0.3853,0.38649,0.54615,0.23432,0.36038,0.30469,0.61599,0.81899,-0.40633,0.36903,0.30562,0.10177,-0.00092508,-0.24946,-0.18576,0.35366,-0.26366,-0.10973,-0.34157,0.4242,-0.31379,-0.046208,-0.37589,-0.012109,0.024211,0.99645,0.084241,0.7088,0.13919,0.43255,0.099833,0.077306,0.59798,-0.13885,-0.081807,0.019357,0.63167,1.0489,0.3096,0.52515,0.39444,0.10671,0.12472,0.20535,0.4904,-0.19357,0.1631,-0.061411,-0.018195,-0.01008,0.048181,-0.080556,-0.13901,0.091788,-0.14833,-0.1313,0.21615,0.15975,0.21317,0.13648,0.43994,-0.026747,0.13498,-0.19217,0.00448,-0.12755,0.14456,0.073413,0.24592,0.06251,0.068742,0.090726,0.033104,0.39699,0.25469,-0.13902,0.25126,0.40281,0.65955,0.19651,0.24624,0.35991,0.30484,-0.21573,0.43919,-0.28667,0.093862,-0.021859,0.62367
0.10678,0.21908,0,0.38243,0.34593,0.30173,0.16436,0.36964,0.26523,0.58374,0.57251,0.83992,0.48918,0.44427,-0.017544,0.052782,0.40956,0.36041,0.58781,0.7106,-0.020393,-0.07274,0.31227,0.20814,0.076298,0.39221,0.21564,0.36579,0.16628,0.23285,-0.12383,0.32243,0.71116,0.43339,0.32146,0.48918,0.4573,0.62861,-0.014272,0.10058,-0.38909,0.1086,-0.28626,-0.013292,0.5774,0.81415,-0.010877,0.53601,0.26971,0.63986,0.41759,-0.076468,0.061535,0.065442,0.38249,0.33886,0.37591,0.37996,0.39687,0.097264,0.022839,-0.028594,-0.078684,-0.33224,-0.26827,0.53462,0.55659,0.44291,-0.0032634,0.45518,0.34831,0.29364,0.39031,0.61906,0.46486,0.6987,0.74514,0.89341,0.73433,0.71439,0.75174,0.26852,0.4884,0.37429,0.6042,0.96882,0.90628,0.36653,0.35889,0.25292,0.18632,-0.49166,-0.43322,-0.25238,-0.061115,-0.004659,0.29622,0.464,0.48452,-0.71071,-0.46886,-0.73913,-0.62699,-0.10721,0.63645
0.65074,0.13924,0.38243,0,0.65795,0.32672,0.57966,0.13077,0.54155,0.10251,0.6735,0.33583,0.10041,0.24607,0.29649,0.0072182,0.0070759,0.38262,0.23557,0.38778,-0.52158,-0.51154,0.20186,-0.15533,0.2491,0.23684,0.29473,0.5334,0.2146,0.040621,0.07428,-0.30662,0.37316,0.24659,0.34589,0.090419,0.70585,0.69335,0.28913,0.32597,-0.058649,-0.082622,0.040396,-0.31296,0.38077,0.36652,-0.18143,0.050402,0.56804,0.33902,0.20023,0.73434,0.37431,0.0762,0.40998,-0.17791,-0.19599,0.0081892,0.064478,0.5843,0.19741,-0.37513,-0.57773,-0.15068,-0.51874,0.14728,0.026214,0.19882,0.15336,-0.17469,0.011445,0.12706,-0.12158,0.2001,0.043733,0.6916,0.10437,0.29065,0.45412,0.50823,0.23847,0.61718,0.66719,-0.32813,-0.056592,0.26277,0.52861,-0.18402,-0.23095,0.579,0.28824,-0.27512,-0.49092,0.090033,0.0427,0.32037,0.2938,0.07088,0.25033,-0.10709,-0.48059,-0.37541,-0.44292,0.031311,0.19681
0.4772,0.18065,0.34593,0.65795,0,0.8653,0.59915,0.2119,0.55466,0.27233,0.82915,0.43208,0.18052,0.22522,0.058355,-0.12941,0.15563,0.22807,0.4827,0.46735,-0.38396,-0.35258,0.46792,0.020797,0.66512,0.51897,0.082625,0.10789,-0.11552,-0.17367,0.073558,-0.17992,0.21412,0.068761,0.21609,-0.24615,0.47334,0.34311,0.26199,0.20455,0.088664,0.049527,-0.22137,-0.30133,0.26938,0.26372,-0.46051,0.0372,0.46703,0.59165,0.42839,0.41005,0.37976,0.23598,0.11333,-0.08552,-0.17615,-0.10048,-0.067976,0.60749,0.1104,-0.2318,-0.36359,-0.37559,-0.84147,0.0049063,-0.049111,0.16052,-0.19173,-0.4418,-0.29002,-0.093386,-0.35489,0.056627,-0.13474,0.60885,0.22848,0.38413,0.3738,0.68292,0.15632,0.51488,0.87813,-0.035882,0.17837,0.50927,0.52002,-0.18283,-0.058589,0.17526,-0.059009,-0.26857,-0.38496,-0.083826,-0.15012,0.18526,0.24836,-0.099593,0.3083,0.14107,-0.38897,-0.059683,-0.11853,-0.24422,0.18299
0.079338,0.51906,0.30173,0.32672,0.8653,0,-0.064487,0.40053,-0.10053,0.36831,0.19034,0.26525,0.21129,0.19307,-0.048725,0.10762,0.50549,0.63909,0.52895,0.31146,0.082727,0.24066,0.46471,0.48038,0.028118,0.64862,0.28909,0.19883,-0.34932,-0.47847,-0.45446,0.17543,0.0093176,0.074914,-0.39738,-0.16322,-0.13206,-0.05398,-0.39839,-0.12254,-0.21592,0.36927,-0.32738,0.15589,-0.19384,0.19209,-0.34262,0.14012,0.25653,0.38279,0.59104,0.28291,0.16195,0.50839,-0.12669,0.03254,-0.074311,0.10183,0.18357,0.07422,0.13488,-0.29407,-0.1681,-0.19771,-0.66217,0.015465,0.11904,-0.087066,-0.1426,-0.43464,-0.59966,-0.53841,-0.39742,-0.11716,-0.20594,0.14845,0.2781,0.22912,0.31031,0.2656,0.10076,0.51514,0.77877,0.090658,0.25876,0.28105,0.136,0.10256,0.29162,-0.12538,-0.10831,-0.52815,-0.048508,-0.13443,-0.035956,-0.17542,0.041924,0.066408,0.02161,0.15297,-0.036257,0.087083,0.10328,-0.20292,0.24732
0.97052,-0.0020267,0.16436,0.57966,0.59915,-0.064487,0,0.24944,1.1997,-0.011217,0.82671,0.19491,-0.074244,0.0039755,0.15138,-0.19495,-0.4738,-0.23666,-0.00096864,0.21122,-0.80281,-0.64596,-0.041102,-0.56283,0.58983,-0.10614,-0.098703,0.1116,0.52797,0.29471,0.59275,-0.23029,0.17657,-0.13563,0.9321,-0.072111,0.98616,0.38554,0.91594,0.32641,0.31476,-0.20046,0.1825,-0.4554,0.74652,0.13454,-0.29158,-0.29398,0.47476,0.20827,-0.084066,0.33775,0.31474,-0.16876,0.34863,-0.090453,-0.13192,-0.39961,-0.45014,0.51116,0.015666,0.14236,-0.18088,-0.13497,-0.31679,-0.16987,-0.32916,0.3667,-0.22759,0.026518,0.29068,0.32176,0.044879,0.15723,0.14117,0.91913,0.033727,0.11291,0.13638,0.2754,-0.10838,0.094236,0.088761,-0.40805,-0.15613,0.16377,0.54595,-0.42777,-0.47106,0.561,0.17866,0.3891,-0.15137,0.3028,0.033607,1.0719,0.65566,0.16018,0.69985,-0.2013,-0.53646,-0.45222,-0.40987,0.18621,0.033089
0.40539,0.98941,0.36964,0.13077,0.2119,0.40053,0.24944,0,0.23707,0.82198,0.065591,0.50959,-0.053908,-0.13684,0.09483,0.39305,0.1539,0.16852,0.5499,0.37865,0.15542,0.2429,0.41762,0.50123,-0.38469,0.30488,0.23058,0.07409,0.081807,-0.030758,-0.029513,0.44257,-0.19821,-0.21751,-0.065288,0.35291,-0.11011,-0.012533,-0.24748,0.026156,-0.095213,0.77896,0.02265,0.53318,0.26522,0.42336,-0.095759,-0.047201,0.63456,-0.0363,-0.019816,-0.097882,0.45359,0.59968,0.18553,0.43363,0.27644,-0.15492,-0.15697,0.14599,0.53172,0.039389,0.3263,0.012931,-0.013999,-0.084309,0.037897,-0.022629,-0.43998,0.21748,0.026368,-0.0096536,0.45799,0.17689,0.42455,0.28611,0.64919,0.058208,0.22125,-0.19246,0.10635,0.10306,0.073456,0.065236,0.47814,0.16974,0.36977,-0.12894,-0.032994,0.32117,0.29186,0.088498,0.31718,0.31249,0.58444,0.52123,0.73524,0.35467,0.4629,-0.37038,0.14316,-0.65898,-0.041647,0.12058,0.51624
0.64911,-0.10912,0.26523,0.54155,0.55466,-0.10053,1.1997,0.23707,0,0.31828,1.0236,0.48911,-0.013131,0.01873,0.28644,-0.06175,-0.14107,-0.055194,0.29117,0.64104,-0.50025,-0.55463,0.13257,-0.34492,0.65319,0.21645,-0.057635,0.10283,0.40027,0.45981,0.71767,-0.21972,0.16649,-0.12347,0.81017,-0.0978,0.91161,0.4253,0.64796,0.41642,0.11182,-0.17041,0.043025,-0.4894,0.75905,0.24897,-0.31076,-0.087704,0.71859,0.25298,-0.025843,0.23585,0.4145,-0.0072325,0.34693,-0.12474,-0.14676,-0.35665,-0.37855,0.75172,0.213,0.092751,-0.094036,-0.25114,-0.33061,-0.061687,-0.14937,0.52859,-0.15552,0.12746,0.4173,0.50585,0.13089,0.25697,0.23823,0.94768,0.29779,0.27916,0.30441,0.38725,0.099993,0.18817,0.33593,-0.18546,0.10009,0.42774,0.94582,-0.49803,-0.47471,0.49252,0.14327,0.23084,-0.27202,0.067356,-0.025425,0.82476,0.57351,0.0054034,0.72515,-0.15524,-0.45018,-0.40048,-0.30491,0.16588,0.2011
0.1002,0.55011,0.58374,0.10251,0.27233,0.36831,-0.011217,0.82198,0.31828,0,0.24965,1.0328,0.18839,0.065269,0.23952,0.54657,0.6846,0.32442,1.1406,0.98391,0.35204,0.10515,0.79862,0.77133,-0.16908,0.76589,0.31529,0.06731,-0.14379,0.13165,-0.063063,0.28553,0.012832,0.033204,-0.086332,0.44057,-0.12963,0.090518,-0.40769,0.048476,-0.2679,0.6512,-0.31372,0.32476,0.26801,0.59592,-0.19089,0.30289,0.71797,0.18095,0.16382,-0.073999,0.52519,0.74045,0.1753,0.47874,0.35591,0.041727,0.019026,0.38753,0.81557,-0.028946,0.23112,-0.039516,0.00036068,0.17459,0.33093,0.17092,-0.34889,0.27592,0.084394,0.24719,0.37175,0.33142,0.399,0.32213,1.1086,0.42894,0.48601,0.15737,0.49933,0.11862,0.54859,0.47475,0.99622,0.6342,0.67407,-0.10419,0.025858,0.17785,0.071085,-0.19621,0.014068,-0.10851,0.31977,0.096924,0.29061,0.18255,0.35537,-0.26524,0.085664,-0.4419,-0.020894,-0.013924,0.78852
0.48407,-0.16115,0.57251,0.6735,0.82915,0.19034,0.82671,0.065591,1.0236,0.24965,0,0.72658,0.39642,0.51882,0.064684,-0.27716,0.032392,0.058447,0.36244,0.58782,-0.60267,-0.68658,0.10415,-0.35279,0.63566,0.33634,0.039292,0.2774,0.179,0.27131,0.23394,-0.25349,0.60842,0.3185,0.57352,-0.071566,1.0104,0.67742,0.47134,0.21253,-0.22364,-0.37165,-0.43756,-0.7699,0.59192,0.43907,-0.45808,0.23182,0.4579,0.91198,0.55389,0.33257,0.29454,-0.071706,0.41918,-0.22607,-0.24641,-0.0056691,0.0090003,0.5483,-0.011082,0.032102,-0.3771,-0.48517,-0.69255,0.2856,0.18339,0.60497,-0.0072647,0.014565,0.3461,0.36524,0.031139,0.42055,0.22858,1.16,0.37798,0.81845,0.73729,1.0195,0.38721,0.37214,0.56491,0.079415,0.22044,0.8861,1.0315,-0.085295,-0.12086,0.39272,0.17847,-0.14779,-0.52726,-0.25765,-0.39334,0.24051,0.19622,0.011505,0.56959,-0.25295,-0.84934,-0.34603,-0.70457,-0.18477,0.16668
0.2288,0.32157,0.83992,0.33583,0.43208,0.26525,0.19491,0.50959,0.48911,1.0328,0.72658,0,0.52828,0.512,0.015267,0.054875,0.44345,0.15946,1.0033,0.84564,-0.022023,-0.33008,0.6045,0.34269,-0.027011,0.56559,0.1454,0.10134,-0.075529,0.10731,0.061136,-0.060726,0.45037,0.46372,0.13649,0.42656,0.23464,0.59657,-0.15944,0.050793,-0.4817,0.18113,-0.55355,-0.10267,0.46563,0.81048,-0.07371,0.65337,0.60805,0.70577,0.48309,-0.098755,0.59054,0.44911,0.5352,0.13479,0.076754,0.24423,0.23583,0.58288,0.45356,-0.094168,-0.045995,-0.43085,-0.24688,0.54216,0.56329,0.35006,-0.07531,0.26109,0.30435,0.46402,0.52856,0.71997,0.6164,0.56584,1.1299,1.0632,1.0264,0.65878,0.94551,0.15817,0.51974,0.67808,1.0075,1.2206,0.98946,0.12021,0.056829,0.44021,0.37409,-0.27697,-0.25898,-0.21359,0.10754,0.05077,0.21641,0.034635,0.44737,-0.43128,-0.23839,-0.58074,-0.47577,-0.34875,0.77023
-0.33254,-0.10693,0.48918,0.10041,0.18052,0.21129,-0.074244,-0.053908,-0.013131,0.18839,0.39642,0.52828,0,1.882,-0.29638,-0.1779,0.15221,0.028907,0.37171,0.28519,-0.079282,-0.075257,0.15693,0.11409,-0.084562,-0.0030523,0.12204,0.14572,-0.095248,-0.029437,-0.049885,-0.23882,1.1697,1.4246,0.15029,0.31688,0.11908,0.36198,-0.31374,-0.57168,-0.86123,-0.36126,-0.78477,-0.4404,0.2411,0.4078,-0.14415,0.76389,-0.12392,1.1135,0.89475,-0.12053,-0.098265,-0.14458,-0.084871,-0.1373,-0.10162,0.51692,0.37221,-0.032535,0.020411,0.21951,0.10475,-0.13163,-0.20992,0.76282,0.68822,0.42391,0.14881,0.32964,0.35491,0.4326,0.33729,0.68784,0.51535,0.21118,0.51856,1.1834,1.1153,0.5109,1.0505,0.089606,0.29722,0.96115,0.68726,0.81121,0.43302,0.59175,0.37622,0.081714,0.11872,-0.049177,-0.013138,-0.73759,-0.40843,-0.22036,-0.17238,0.038288,-0.1411,-0.22701,-0.14908,-0.18442,-0.32864,-0.3474,0.31115
-0.19261,-0.1547,0.44427,0.24607,0.22522,0.19307,0.0039755,-0.13684,0.01873,0.065269,0.51882,0.512,1.882,0,-0.34334,-0.28535,0.051549,-0.012665,0.2416,0.17296,-0.26227,-0.25081,0.034154,-0.055559,-0.063524,-0.025009,0.058752,0.18812,-0.096609,-0.066903,-0.08559,-0.33257,1.2111,1.588,0.15203,0.26151,0.22937,0.49225,-0.2026,-0.46793,-0.89873,-0.50841,-0.89868,-0.61297,0.20192,0.39778,-0.16544,0.73018,-0.1018,1.3233,1.041,0.037344,-0.073483,-0.19276,0.044904,-0.31043,-0.26055,0.507,0.42591,0.018202,-0.060673,0.10779,-0.1014,-0.20798,-0.29183,0.76871,0.64079,0.39395,0.22895,0.17875,0.31597,0.37731,0.24864,0.63539,0.41662,0.25582,0.3663,1.189,1.1224,0.61702,0.93229,0.15096,0.28866,0.75895,0.49482,0.74768,0.39559,0.55746,0.28242,0.16543,0.21492,-0.092381,-0.098985,-0.65422,-0.44715,-0.2443,-0.21223,0.0035745,-0.11859,-0.22278,-0.28126,-0.19564,-0.50799,-0.44776,0.24584
0.34104,0.17981,-0.017544,0.29649,0.058355,-0.048725,0.15138,0.09483,0.28644,0.23952,0.064684,0.015267,-0.29638,-0.34334,0,0.87013,0.50593,0.42785,0.38081,0.47523,0.31437,0.14814,0.47166,0.29417,0.22278,0.451,0.96487,0.73464,0.28665,0.65469,-0.049258,0.11439,-0.065769,-0.15859,0.11092,0.28826,0.16295,0.057952,0.2994,0.60823,0.42301,0.47362,0.33829,0.28854,0.35235,0.35793,0.0063939,-0.062734,0.58609,-0.23905,-0.21163,0.11221,0.34698,0.32541,-0.091273,0.35561,0.57532,0.21716,0.14001,0.47078,0.65385,0.28325,0.2053,0.27217,0.21159,0.14665,0.17633,0.36621,0.22449,0.188,0.28475,0.28173,0.011907,0.2088,0.18995,0.41305,0.32527,-0.13593,0.084179,0.029169,-0.012953,-0.093875,0.32179,-0.26881,0.0081828,0.029185,0.29516,-0.070857,0.084609,0.33816,0.053781,-0.19117,-0.30885,0.018478,0.021112,0.20297,0.096781,-0.057035,0.12867,0.18981,0.23889,0.0019674,0.20374,0.43848,0.04653
0.042549,0.39094,0.052782,0.0072182,-0.12941,0.10762,-0.19495,0.39305,-0.06175,0.54657,-0.27716,0.054875,-0.1779,-0.28535,0.87013,0,0.58093,0.40143,0.35897,0.30011,0.5418,0.47973,0.49766,0.60536,-0.32334,0.36465,0.72809,0.48525,0.053547,0.38311,-0.38925,0.43102,-0.18612,-0.13586,-0.14606,0.60089,-0.26105,-0.17442,-0.20566,0.21115,0.12905,0.74692,0.050549,0.64805,0.04052,0.32233,0.10387,0.032833,0.34541,-0.24021,-0.11705,-0.11943,0.055397,0.3382,-0.35622,0.43737,0.64577,0.19376,0.15895,0.18017,1.0272,0.28343,0.41036,0.65479,0.47199,0.1212,0.27875,0.069112,-0.069553,0.1278,0.040241,0.066777,0.12148,0.092321,0.21193,0.03847,0.44441,-0.20571,-0.006447,-0.31007,0.067619,-0.15308,0.22401,0.013501,0.31727,-0.10677,0.11194,0.011437,0.24415,0.16542,0.066222,-0.042939,0.12033,0.11286,0.3612,0.10233,0.24824,0.17412,0.018475,0.085423,0.40835,-0.15921,0.23611,0.33413,0.30518
-0.12829,0.3853,0.40956,0.0070759,0.15563,0.50549,-0.4738,0.1539,-0.14107,0.6846,0.032392,0.44345,0.15221,0.051549,0.50593,0.58093,0,0.88288,0.9335,0.71539,0.79238,0.42983,0.7716,0.92815,-0.03018,1.0944,0.68718,0.43496,-0.15645,0.16922,-0.46677,0.35297,0.061124,0.15729,-0.40242,0.27422,-0.25474,-0.048976,-0.44705,0.078685,-0.21009,0.57137,-0.29151,0.3867,-0.0095634,0.50443,0.045098,0.57825,0.36631,0.17712,0.34973,-0.11697,0.21581,0.7007,-0.032179,0.36579,0.48131,0.60429,0.62213,0.19321,0.43634,-0.004275,0.15865,-0.15674,-0.10731,0.43869,0.63095,0.28153,0.2349,0.13186,0.0084578,-0.036789,-0.015138,0.26451,0.14621,0.16012,0.74552,0.33547,0.40218,0.30411,0.35285,-0.007763,0.67381,0.41224,0.52519,0.50725,0.31286,0.39107,0.58762,-0.045766,-0.070424,-0.83844,-0.27556,-0.34118,-0.06946,-0.46314,-0.25976,0.030361,0.10116,0.047592,0.25601,0.14454,0.1473,-0.040309,0.50737
0.062944,0.38649,0.36041,0.38262,0.22807,0.63909,-0.23666,0.16852,-0.055194,0.32442,0.058447,0.15946,0.028907,-0.012665,0.42785,0.40143,0.88288,0,0.4313,0.56782,0.32597,0.43458,0.31432,0.48735,-0.026723,0.70673,0.48639,0.62382,-0.041392,-0.073622,-0.42478,0.22693,0.049695,0.067821,-0.26893,0.020702,0.046379,0.074346,-0.32081,0.14516,-0.27172,0.30751,-0.01777,0.22166,-0.027719,0.30265,0.081578,0.29369,0.31323,0.066427,0.22183,0.15069,0.056974,0.43983,0.013166,0.067443,0.15323,0.31334,0.46494,0.072842,0.20653,-0.28527,-0.17267,-0.053965,-0.33894,0.21055,0.3239,0.17473,0.21708,0.0036903,-0.11984,-0.17489,-0.21184,0.063022,-0.024766,0.24263,0.31931,0.12703,0.26335,0.13107,0.081546,0.28999,0.81563,-0.11281,0.021022,0.17286,0.19747,0.22613,0.33108,0.13679,0.12222,-0.66192,-0.23481,-0.055805,0.020295,-0.1579,-0.040196,0.23056,0.078923,-0.010168,0.027692,0.023992,0.023539,0.1099,0.29875
0.12803,0.54615,0.58781,0.23557,0.4827,0.52895,-0.00096864,0.5499,0.29117,1.1406,0.36244,1.0033,0.37171,0.2416,0.38081,0.35897,0.9335,0.4313,0,1.1654,0.45127,0.14079,1.2928,0.88735,0.076905,0.94839,0.60568,0.24686,-0.043435,0.18305,-0.0063435,0.1689,0.21603,0.23884,-0.091117,0.36028,-0.053166,0.1956,-0.30022,0.042489,-0.21034,0.5835,-0.27325,0.22745,0.4043,0.79195,-0.18059,0.50471,0.78095,0.36658,0.33462,-0.064832,0.69918,0.85585,0.15817,0.46501,0.40269,0.34636,0.24117,0.52955,0.63944,0.02495,0.30275,-0.35728,-0.25323,0.41088,0.48274,0.40036,0.052,0.26744,0.18887,0.25618,0.29699,0.57183,0.46911,0.46318,1.336,0.61861,0.80547,0.44793,0.67041,0.15018,0.68345,0.58512,1.0214,0.97116,0.83934,0.16431,0.25239,0.19385,0.0010493,-0.45983,-0.23272,-0.37784,0.0069142,-0.029409,0.087239,-0.02065,0.29694,-0.12467,0.19968,-0.19067,0.074003,-0.071904,0.76291
0.16696,0.23432,0.7106,0.38778,0.46735,0.31146,0.21122,0.37865,0.64104,0.98391,0.58782,0.84564,0.28519,0.17296,0.47523,0.30011,0.71539,0.56782,1.1654,0,0.23445,0.028985,0.70682,0.45741,0.32776,0.92729,0.45543,0.31091,0.075009,0.33763,0.14,0.057655,0.33005,0.15988,0.26708,0.2355,0.32922,0.29857,-0.030552,0.22539,-0.24253,0.26659,-0.15488,-0.061782,0.66911,0.74794,-0.2195,0.42205,0.86954,0.30946,0.21358,0.08848,0.47932,0.49761,0.22212,0.29796,0.29989,0.20875,0.15176,0.51504,0.45903,-0.028425,0.082891,-0.27385,-0.29367,0.3553,0.41248,0.54861,-0.065338,0.42103,0.34147,0.49456,0.27264,0.55831,0.46273,0.73475,1.0156,0.6227,0.70512,0.52527,0.53838,0.2677,0.88582,0.24995,0.59093,0.93463,1.1429,0.019277,0.11282,0.30378,0.058157,-0.36527,-0.40587,-0.34435,-0.091248,0.14946,0.14514,0.064301,0.4433,-0.17512,-0.08453,-0.31851,-0.070414,0.10985,0.63237
-0.38322,0.36038,-0.020393,-0.52158,-0.38396,0.082727,-0.80281,0.15542,-0.50025,0.35204,-0.60267,-0.022023,-0.079282,-0.26227,0.31437,0.5418,0.79238,0.32597,0.45127,0.23445,0,0.96373,0.55074,1.034,-0.29584,0.42088,0.48123,-0.0073071,-0.16156,0.086159,-0.33179,0.46316,-0.2447,-0.10983,-0.47379,0.30724,-0.74953,-0.46442,-0.57238,-0.17159,-0.037453,0.61187,0.021846,0.6934,-0.10907,0.26365,0.2346,0.32034,0.053445,-0.36379,-0.14922,-0.43536,0.051843,0.50752,-0.23401,0.58678,0.61261,0.39223,0.30245,-0.13246,0.33266,0.095229,0.58552,0.032052,0.23232,0.2095,0.34547,-0.10196,0.092201,0.27165,0.017283,-0.091247,0.23078,0.15457,0.23094,-0.36409,0.4038,-0.15335,-0.073177,-0.28484,0.081231,-0.18902,-0.045272,0.3454,0.35313,0.025274,-0.08905,0.37569,0.57036,-0.21753,-0.1695,-0.30665,0.041569,-0.18934,0.044045,-0.43511,-0.37385,-0.094794,-0.11519,0.11599,0.82417,0.28824,0.54613,0.062861,0.26402
-0.44064,0.30469,-0.07274,-0.51154,-0.35258,0.24066,-0.64596,0.2429,-0.55463,0.10515,-0.68658,-0.33008,-0.075257,-0.25081,0.14814,0.47973,0.42983,0.43458,0.14079,0.028985,0.96373,0,0.11953,0.62828,-0.33892,0.20316,0.33943,0.12385,-0.079162,-0.024717,-0.402,0.74978,-0.30067,-0.22727,-0.51914,0.04488,-0.60418,-0.57983,-0.5223,-0.19217,-0.10934,0.45545,0.10193,0.65379,-0.22907,0.038629,0.097467,0.027071,-0.12422,-0.34993,-0.067902,-0.37424,-0.29896,0.23463,-0.60946,0.33944,0.42801,0.23002,0.21827,-0.54319,0.055192,0.21027,0.66865,0.17269,0.16813,-0.012049,0.16228,-0.066898,0.065959,0.19388,-0.06821,-0.32105,0.044545,-0.078767,0.061709,-0.34091,0.16736,-0.32128,-0.16958,-0.52731,-0.16221,-0.070599,-0.1008,0.07397,0.091392,-0.2084,-0.23187,0.37696,0.57153,-0.35102,-0.2002,-0.13128,0.30556,-0.18292,-0.051095,-0.22995,-0.088598,0.15268,-0.21728,0.098829,0.70231,0.21149,0.58686,0.24714,0.050641
0.18396,0.61599,0.31227,0.20186,0.46792,0.46471,-0.041102,0.41762,0.13257,0.79862,0.10415,0.6045,0.15693,0.034154,0.47166,0.49766,0.7716,0.31432,1.2928,0.70682,0.55074,0.11953,0,1.017,0.08356,0.71297,0.55951,0.084609,-0.14674,0.042307,-0.03733,0.0384,0.075943,0.142,-0.065902,0.43908,-0.15983,0.14452,-0.21211,0.084495,0.11337,0.72719,-0.081212,0.36385,0.32329,0.6656,0.035796,0.40522,0.60379,0.14206,0.06733,-0.12207,0.67749,0.79198,0.05444,0.53729,0.48294,0.30076,0.18417,0.74303,0.86623,-0.082438,0.23864,-0.14115,-0.10764,0.33519,0.34138,0.079268,-0.039748,0.032035,-0.051181,0.17334,0.20004,0.43942,0.33756,0.19547,0.8166,0.27686,0.39062,0.26276,0.49932,0.064496,0.56385,0.44121,0.77341,0.51525,0.46709,0.10297,0.24015,0.25604,0.005789,-0.33604,-0.25023,-0.10294,0.21597,-0.02773,0.06241,-0.18546,0.14859,0.11034,0.37789,-0.050325,0.25448,-0.16312,0.64305
-0.16583,0.81899,0.20814,-0.15533,0.020797,0.48038,-0.56283,0.50123,-0.34492,0.77133,-0.35279,0.34269,0.11409,-0.055559,0.29417,0.60536,0.92815,0.48735,0.88735,0.45741,1.034,0.62828,1.017,0,-0.3579,0.6561,0.52299,0.040615,-0.37657,-0.18043,-0.31177,0.33568,-0.135,0.071181,-0.54137,0.42097,-0.64205,-0.15138,-0.71257,-0.080913,-0.09696,1.0564,-0.065098,0.82375,-0.029137,0.46542,0.10124,0.32776,0.3264,-0.10585,0.032116,-0.25294,0.38827,0.99953,-0.11563,0.64146,0.57482,0.36855,0.31611,0.12209,0.66006,-0.08858,0.40613,0.057639,0.1678,0.22598,0.38889,-0.11275,-0.065692,0.19065,-0.16245,-0.010551,0.24531,0.2236,0.25578,-0.172,0.66101,0.11731,0.2217,-0.096155,0.35018,-0.029504,0.34318,0.49829,0.66001,0.2577,0.070296,0.25829,0.36313,-0.014596,-0.018415,-0.38812,0.091284,-0.13496,0.28416,-0.29209,-0.11411,-0.035348,-0.15648,0.094052,0.76919,0.044081,0.5006,-0.13883,0.48383
0.25664,-0.40633,0.076298,0.2491,0.66512,0.028118,0.58983,-0.38469,0.65319,-0.16908,0.63566,-0.027011,-0.084562,-0.063524,0.22278,-0.32334,-0.03018,-0.026723,0.076905,0.32776,-0.29584,-0.33892,0.08356,-0.3579,0,0.24176,-0.070346,-0.0038523,0.13581,0.25036,0.43321,-0.20934,0.16346,-0.15549,0.54286,-0.49397,0.71585,0.21853,0.8775,0.4438,0.45223,-0.30035,0.13867,-0.53659,0.42653,0.017193,-0.34544,-0.14078,0.18016,0.19431,-0.0088882,0.26298,0.10003,-0.16962,0.022644,-0.077171,-0.042751,-0.13021,-0.15894,0.39645,-0.28519,0.022108,-0.23527,-0.39124,-0.46996,-0.089074,-0.21471,0.36587,0.022598,-0.14264,0.068698,0.15671,-0.38272,0.0067206,-0.22576,0.5247,-0.11213,0.12761,0.0018778,0.60464,-0.11698,0.19141,0.38238,-0.25995,-0.22481,0.30681,0.36666,-0.20923,-0.12209,-0.01885,-0.33481,-0.12802,-0.65191,-0.22785,-0.57157,0.13105,-0.02835,-0.24034,0.25654,0.25623,-0.35506,0.2311,0.040183,0.017772,-0.2038
0.13383,0.36903,0.39221,0.23684,0.51897,0.64862,-0.10614,0.30488,0.21645,0.76589,0.33634,0.56559,-0.0030523,-0.025009,0.451,0.36465,1.0944,0.70673,0.94839,0.92729,0.42088,0.20316,0.71297,0.6561,0.24176,0,0.4665,0.26347,-0.32522,0.039632,-0.26985,0.22981,-0.039671,-0.042445,-0.25009,0.0044459,0.010407,0.091009,-0.14365,0.37078,-0.14684,0.5066,-0.30409,0.15842,0.12393,0.60601,-0.23905,0.34177,0.76588,0.22103,0.36567,0.14844,0.44436,0.8395,0.10411,0.17307,0.19707,0.29022,0.39001,0.43387,0.39446,-0.22065,-0.078421,-0.35327,-0.34593,0.24115,0.39674,0.17547,-0.010613,-0.07145,-0.12044,-0.025725,-0.063956,0.18418,0.083177,0.33602,0.64538,0.34162,0.38815,0.46957,0.2465,0.33668,0.91032,0.16879,0.39672,0.6013,0.48161,0.079636,0.26653,0.071153,0.021036,-0.80369,-0.44726,-0.28657,-0.13233,-0.26056,-0.12251,-0.19218,0.22158,0.18937,0.10429,0.060201,0.13705,-0.19876,0.37127
0.062933,0.30562,0.21564,0.29473,0.082625,0.28909,-0.098703,0.23058,-0.057635,0.31529,0.039292,0.1454,0.12204,0.058752,0.96487,0.72809,0.68718,0.48639,0.60568,0.45543,0.48123,0.33943,0.55951,0.52299,-0.070346,0.4665,0,0.95853,0.17921,0.45386,-0.42347,0.24113,0.20953,0.19271,-0.12075,0.47591,-0.072051,-0.0046917,-0.10689,0.12543,0.008297,0.50512,0.015832,0.35004,0.22852,0.54087,-0.14669,0.18795,0.40528,0.043792,0.20396,0.13181,0.25835,0.36316,-0.16687,0.48518,0.61168,0.53956,0.36278,0.12088,0.51631,0.32171,0.29948,0.16732,0.031991,0.41721,0.4928,0.32023,0.27961,0.25568,0.2378,0.10128,0.11079,0.36924,0.34705,0.3516,0.56782,0.14255,0.43623,0.1572,0.28222,0.11585,0.33137,0.047226,0.30917,0.24289,0.32922,0.29398,0.49357,0.12516,-0.011228,-0.46396,-0.26052,-0.32514,-0.17535,-0.1005,-0.084039,0.036628,-0.010705,0.017824,0.20108,-0.058017,0.084814,0.35,0.14174
0.22526,0.10177,0.36579,0.5334,0.10789,0.19883,0.1116,0.07409,0.10283,0.06731,0.2774,0.10134,0.14572,0.18812,0.73464,0.48525,0.43496,0.62382,0.24686,0.31091,-0.0073071,0.12385,0.084609,0.040615,-0.0038523,0.26347,0.95853,0,0.48673,0.58538,-0.3546,0.27434,0.37278,0.26683,0.049915,0.3221,0.34231,0.27568,0.11468,0.28098,-0.10862,0.11916,-0.0090431,0.091089,0.21386,0.37942,-0.050866,0.13222,0.26638,0.25678,0.3384,0.21228,0.0017295,0.029955,-0.0075801,0.11161,0.33803,0.45012,0.44106,0.028278,0.18428,0.3194,0.052223,0.10668,-0.070786,0.38043,0.41024,0.65372,0.57868,0.228,0.41592,0.076083,-0.050732,0.28193,0.18403,0.62931,0.32234,0.2137,0.47404,0.25127,0.19091,0.10515,0.35191,-0.14383,0.0334,0.20385,0.40423,0.29243,0.34263,0.25571,0.13716,-0.42543,-0.2814,-0.20197,-0.21994,0.048314,0.14194,0.33957,0.15039,-0.22306,-0.17644,-0.20166,-0.30529,0.38403,0.10058
0.43213,-0.00092508,0.16628,0.2146,-0.11552,-0.34932,0.52797,0.081807,0.40027,-0.14379,0.179,-0.075529,-0.095248,-0.096609,0.28665,0.053547,-0.15645,-0.041392,-0.043435,0.075009,-0.16156,-0.079162,-0.14674,-0.37657,0.13581,-0.32522,0.17921,0.48673,0,0.90123,0.42478,0.25007,0.1164,-0.11945,0.50734,0.20249,0.39003,0.03226,0.35605,0.029854,0.20009,-0.1163,0.39557,-0.034931,0.46072,-0.011399,0.077353,-0.13907,0.17867,-0.077908,-0.24149,0.057674,-0.0037571,-0.23866,0.25301,0.17443,0.25261,-0.081008,-0.19891,0.0039766,-0.10082,0.4738,0.33442,-0.087433,-0.036017,-0.081691,-0.20651,0.74994,0.42255,0.47179,0.76083,0.1579,0.10337,0.16493,0.16923,0.56801,0.056294,-0.085837,0.047337,-0.060275,-0.1691,-0.31192,-0.27542,-0.27064,-0.15534,-0.026018,0.38026,-0.046848,-0.11484,0.23548,-0.08932,0.23729,0.052515,0.18571,0.045803,0.67206,0.44951,0.63373,0.70592,-0.53658,-0.17504,-0.26847,-0.31069,0.82508,0.24488
0.13144,-0.24946,0.23285,0.040621,-0.17367,-0.47847,0.29471,-0.030758,0.45981,0.13165,0.27131,0.10731,-0.029437,-0.066903,0.65469,0.38311,0.16922,-0.073622,0.18305,0.33763,0.086159,-0.024717,0.042307,-0.18043,0.25036,0.039632,0.45386,0.58538,0.90123,0,0.23039,0.31857,0.20547,-0.045232,0.4675,0.34091,0.34314,0.066423,0.41179,0.27487,0.17598,-0.0099606,0.11798,-0.019154,0.50394,0.22873,-0.053528,0.022872,0.2547,0.028138,-0.073754,-0.092383,-0.023371,-0.19799,0.008589,0.27691,0.49735,0.14777,0.0038308,0.12468,0.1597,0.79337,0.4799,0.037789,0.21292,0.17977,0.16107,0.90684,0.35862,0.5807,0.98252,0.42743,0.23324,0.33366,0.3361,0.57226,0.34609,0.10098,0.18568,0.15275,0.10698,-0.28339,-0.092738,-0.0026724,0.167,0.23902,0.58992,0.020247,0.1021,0.10585,-0.14036,0.041268,-0.19783,-0.20277,-0.21996,0.29436,0.2368,0.24287,0.47725,-0.28484,-0.11078,-0.2046,-0.19439,0.62227,0.15638
0.24393,-0.18576,-0.12383,0.07428,0.073558,-0.45446,0.59275,-0.029513,0.71767,-0.063063,0.23394,0.061136,-0.049885,-0.08559,-0.049258,-0.38925,-0.46677,-0.42478,-0.0063435,0.14,-0.33179,-0.402,-0.03733,-0.31177,0.43321,-0.26985,-0.42347,-0.3546,0.42478,0.23039,0,-0.30991,-0.0414,-0.1839,0.57362,-0.23857,0.32237,0.09407,0.39754,0.055018,0.28698,-0.2318,0.40375,-0.29244,0.40524,-0.21369,-0.072829,-0.26327,0.22388,-0.10017,-0.39881,0.025703,0.25063,-0.10899,0.21645,-0.11798,-0.20847,-0.49279,-0.61761,0.34588,-0.052856,0.14173,0.21225,-0.19315,-0.018764,-0.36072,-0.51864,0.31617,0.0019131,0.27741,0.36448,0.43081,0.14325,0.015573,0.052658,0.19167,-0.093584,0.0074124,-0.044925,0.0060063,-0.066142,-0.17683,-0.14898,-0.061256,-0.050104,0.081297,0.27048,-0.51305,-0.7179,0.12901,-0.13654,0.57829,0.14981,0.14817,0.10819,0.7126,0.33748,-0.078786,0.27723,0.013043,0.045243,-0.0002712,0.15225,0.16416,0.049605
-0.054645,0.35366,0.32243,-0.30662,-0.17992,0.17543,-0.23029,0.44257,-0.21972,0.28553,-0.25349,-0.060726,-0.23882,-0.33257,0.11439,0.43102,0.35297,0.22693,0.1689,0.057655,0.46316,0.74978,0.0384,0.33568,-0.20934,0.22981,0.24113,0.27434,0.25007,0.31857,-0.30991,0,-0.30625,-0.41707,-0.33499,0.15056,-0.27228,-0.29823,-0.21349,0.0762,0.069906,0.54299,0.075693,0.75656,-0.092263,0.10365,-0.1047,-0.18905,0.027673,-0.20073,-0.065287,-0.19854,-0.17657,0.17877,-0.14271,0.62945,0.64709,0.005024,0.051795,-0.46397,-0.047023,0.29756,0.53167,-0.0026237,0.1296,-0.19144,-0.026116,0.17038,0.061933,0.24053,0.088169,-0.38953,0.00051303,-0.14772,-0.069292,0.064346,0.19985,-0.19905,-0.15196,-0.25866,-0.18715,-0.065021,-0.1269,0.013701,0.16209,-0.012597,0.076835,0.11428,0.28384,-0.33606,-0.33733,-0.24323,0.17407,-0.044959,0.030938,-0.067919,0.26828,0.62371,0.25797,-0.365,0.18416,-0.12164,0.11005,0.32141,0.1765
-0.10146,-0.26366,0.71116,0.37316,0.21412,0.0093176,0.17657,-0.19821,0.16649,0.012832,0.60842,0.45037,1.1697,1.2111,-0.065769,-0.18612,0.061124,0.049695,0.21603,0.33005,-0.2447,-0.30067,0.075943,-0.135,0.16346,-0.039671,0.20953,0.37278,0.1164,0.20547,-0.0414,-0.30625,0,1.3574,0.57047,0.43687,0.60595,0.76692,0.14518,-0.1522,-0.51815,-0.49088,-0.45175,-0.58609,0.58113,0.60245,0.016365,0.72782,-0.084392,1.0166,0.63249,-0.050756,-0.13555,-0.38374,0.11447,-0.092023,0.043228,0.62494,0.48467,0.090973,-0.085094,0.16804,-0.1446,-0.14201,-0.20452,1.0101,0.76174,0.50515,0.22268,0.39803,0.54987,0.64555,0.38414,0.9205,0.60409,0.49301,0.41397,1.1164,0.9704,0.80637,1.0202,0.16779,0.30492,0.47965,0.39205,0.78949,0.59992,0.61863,0.41616,0.33447,0.28746,-0.16991,-0.45174,-0.55527,-0.47136,-0.11286,-0.088661,0.049741,0.019281,-0.33872,-0.46745,-0.38535,-0.6566,-0.25065,0.20797
-0.22719,-0.10973,0.43339,0.24659,0.068761,0.074914,-0.13563,-0.21751,-0.12347,0.033204,0.3185,0.46372,1.4246,1.588,-0.15859,-0.13586,0.15729,0.067821,0.23884,0.15988,-0.10983,-0.22727,0.142,0.071181,-0.15549,-0.042445,0.19271,0.26683,-0.11945,-0.045232,-0.1839,-0.41707,1.3574,0,0.1541,0.49786,0.19028,0.60422,-0.19215,-0.33558,-0.7228,-0.36941,-0.63876,-0.42292,0.23959,0.50759,0.13031,0.93854,-0.14032,0.94918,0.754,-0.092362,-0.050589,-0.15831,0.075834,-0.19376,-0.067302,0.80274,0.66742,0.078691,0.054462,0.053152,-0.12621,-0.085047,-0.077003,1.1344,0.90687,0.3003,0.32422,0.25833,0.3424,0.51234,0.37067,0.8174,0.54118,0.1616,0.39219,1.0453,1.0169,0.57962,1.1398,0.037296,0.26351,0.75222,0.47501,0.63296,0.29493,0.75823,0.41809,0.29569,0.37113,-0.18596,-0.21987,-0.53679,-0.30102,-0.33297,-0.29125,-0.067182,-0.23411,-0.19138,-0.16424,-0.21413,-0.47193,-0.45,0.2643
0.33239,-0.34157,0.32146,0.34589,0.21609,-0.39738,0.9321,-0.065288,0.81017,-0.086332,0.57352,0.13649,0.15029,0.15203,0.11092,-0.14606,-0.40242,-0.26893,-0.091117,0.26708,-0.47379,-0.51914,-0.065902,-0.54137,0.54286,-0.25009,-0.12075,0.049915,0.50734,0.4675,0.57362,-0.33499,0.57047,0.1541,0,0.19365,1.0692,0.46533,0.84771,0.18472,0.14914,-0.44481,0.15362,-0.59019,0.97534,0.24434,0.061794,0.07368,0.13716,0.23962,-0.12226,0.0013769,-0.085096,-0.56254,0.19366,-0.081293,0.015227,-0.081267,-0.18604,0.35523,-0.034763,0.23084,-0.10188,0.020212,-0.074104,0.18058,0.012933,0.37659,-0.18021,0.3416,0.54783,0.71269,0.32737,0.4319,0.41524,0.59524,0.096382,0.25353,0.14869,0.34211,0.19122,-0.0014977,0.015909,-0.15336,-0.022059,0.23593,0.56409,-0.089849,-0.11609,0.50855,0.22953,0.39614,-0.31089,0.12039,-0.064627,0.68036,0.40603,0.070946,0.48189,-0.21114,-0.51649,-0.46391,-0.44967,0.1364,0.098045
0.11252,0.4242,0.48918,0.090419,-0.24615,-0.16322,-0.072111,0.35291,-0.0978,0.44057,-0.071566,0.42656,0.31688,0.26151,0.28826,0.60089,0.27422,0.020702,0.36028,0.2355,0.30724,0.04488,0.43908,0.42097,-0.49397,0.0044459,0.47591,0.3221,0.20249,0.34091,-0.23857,0.15056,0.43687,0.49786,0.19365,0,-0.030411,0.3227,-0.15121,-0.039335,-0.17109,0.34888,-0.12558,0.30594,0.49451,0.80304,0.38131,0.52019,0.21728,0.12554,0.010585,-0.27203,0.16905,0.14605,0.20052,0.53168,0.71428,0.586,0.42099,0.16527,0.58775,0.20067,0.26319,0.25967,0.47714,0.69215,0.66001,0.1794,0.041576,0.586,0.47188,0.55656,0.82936,0.82459,0.85215,0.19219,0.65893,0.3172,0.41168,0.037861,0.64034,-0.30719,-0.043366,0.43725,0.57032,0.26748,0.31749,0.46392,0.33749,0.5681,0.43627,-0.016747,-0.036352,0.03713,0.3554,0.058594,0.1459,0.31487,0.16149,-0.48636,0.15555,-0.69254,-0.34215,0.023808,0.66288
0.53081,-0.31379,0.4573,0.70585,0.47334,-0.13206,0.98616,-0.11011,0.91161,-0.12963,1.0104,0.23464,0.11908,0.22937,0.16295,-0.26105,-0.25474,0.046379,-0.053166,0.32922,-0.74953,-0.60418,-0.15983,-0.64205,0.71585,0.010407,-0.072051,0.34231,0.39003,0.34314,0.32237,-0.27228,0.60595,0.19028,1.0692,-0.030411,0,0.89312,1.0216,0.52238,0.047099,-0.50031,0.05289,-0.70427,0.79559,0.3311,-0.054075,0.052644,0.23429,0.44428,0.10733,0.2103,0.032142,-0.41283,0.37332,-0.23887,-0.10989,-0.013991,0.027734,0.39423,-0.19679,-0.011569,-0.45203,-0.24538,-0.35896,0.23429,0.072112,0.48663,0.068727,0.11296,0.44299,0.48539,0.075189,0.37827,0.21066,0.96437,0.049784,0.37804,0.31673,0.63452,0.17842,0.27924,0.29569,-0.30679,-0.18051,0.36706,0.6698,-0.051337,-0.13385,0.58742,0.33655,-0.0063094,-0.65352,0.0012528,-0.27235,0.44443,0.3626,0.07515,0.45804,-0.27108,-0.84447,-0.46749,-0.68721,-0.00088537,-0.019606
0.35733,-0.046208,0.62861,0.69335,0.34311,-0.05398,0.38554,-0.012533,0.4253,0.090518,0.67742,0.59657,0.36198,0.49225,0.057952,-0.17442,-0.048976,0.074346,0.1956,0.29857,-0.46442,-0.57983,0.14452,-0.15138,0.21853,0.091009,-0.0046917,0.27568,0.03226,0.066423,0.09407,-0.29823,0.76692,0.60422,0.46533,0.3227,0.89312,0,0.42635,0.47178,-0.15426,-0.23365,-0.12342,-0.35173,0.60841,0.6651,0.19111,0.36237,0.18488,0.58444,0.202,-0.0091212,0.27886,-0.11181,0.53497,-0.07711,0.021065,0.2806,0.34598,0.5053,0.04834,-0.26522,-0.44515,-0.29853,-0.14787,0.61334,0.41202,0.24996,0.22822,0.11214,0.35276,0.58791,0.34914,0.69305,0.40063,0.56298,0.2619,0.64477,0.61251,0.68289,0.72529,0.30854,0.34907,0.14419,0.19438,0.57283,0.60361,0.19131,-0.031219,0.73799,0.591,-0.24824,-0.716,-0.1122,-0.075596,0.06628,0.23676,-0.054727,0.11171,-0.38952,-0.47941,-0.62644,-0.69322,-0.41887,0.17721
0.53763,-0.37589,-0.014272,0.28913,0.26199,-0.39839,0.91594,-0.24748,0.64796,-0.40769,0.47134,-0.15944,-0.31374,-0.2026,0.2994,-0.20566,-0.44705,-0.32081,-0.30022,-0.030552,-0.57238,-0.5223,-0.21211,-0.71257,0.8775,-0.14365,-0.10689,0.11468,0.35605,0.41179,0.39754,-0.21349,0.14518,-0.19215,0.84771,-0.15121,1.0216,0.42635,0,0.77703,0.64704,-0.29269,0.37296,-0.40687,0.58408,0.062942,-0.016514,-0.30681,0.12785,0.01593,-0.24569,0.12025,0.036228,-0.42238,0.16151,-0.10892,0.043246,-0.1268,-0.13511,0.34891,-0.23541,0.16009,-0.25155,-0.09605,-0.027623,-0.046186,-0.20238,0.24684,0.0121,-0.025135,0.28264,0.33491,-0.039704,0.1006,0.0072479,0.52687,-0.24602,-0.076812,-0.15094,0.32377,-0.20282,-0.023268,-0.0825,-0.54148,-0.44666,-0.015973,0.21383,-0.19489,-0.21073,0.35457,0.13234,0.15674,-0.52032,0.16683,-0.22669,0.44248,0.26823,-0.15099,0.29988,0.058364,-0.4147,-0.15726,-0.23905,0.088161,-0.34989
0.43554,-0.012109,0.10058,0.32597,0.20455,-0.12254,0.32641,0.026156,0.41642,0.048476,0.21253,0.050793,-0.57168,-0.46793,0.60823,0.21115,0.078685,0.14516,0.042489,0.22539,-0.17159,-0.19217,0.084495,-0.080913,0.4438,0.37078,0.12543,0.28098,0.029854,0.27487,0.055018,0.0762,-0.1522,-0.33558,0.18472,-0.039335,0.52238,0.47178,0.77703,0,0.55653,0.26822,0.43384,0.12605,0.31306,0.24294,0.12292,-0.24937,0.41617,-0.18625,-0.28999,0.071223,0.30122,0.14921,0.20455,0.10427,0.29466,0.016148,0.1328,0.4204,0.10049,-0.16449,-0.24744,-0.07259,0.1743,-0.015496,-0.0064644,0.080589,0.086548,-0.07288,0.049919,0.19602,-0.039037,0.025134,-0.059423,0.37033,-0.011435,-0.13451,-0.11375,0.22668,-0.095721,0.11451,0.22407,-0.47833,-0.23591,0.0086137,0.19408,-0.20368,-0.14826,0.32165,0.22136,-0.30929,-0.62223,0.15327,0.04826,0.16764,0.30438,-0.1797,0.12707,0.097423,-0.10976,-0.21807,-0.0059136,0.065772,-0.14231
0.35427,0.024211,-0.38909,-0.058649,0.088664,-0.21592,0.31476,-0.095213,0.11182,-0.2679,-0.22364,-0.4817,-0.86123,-0.89873,0.42301,0.12905,-0.21009,-0.27172,-0.21034,-0.24253,-0.037453,-0.10934,0.11337,-0.09696,0.45223,-0.14684,0.008297,-0.10862,0.20009,0.17598,0.28698,0.069906,-0.51815,-0.7228,0.14914,-0.17109,0.047099,-0.15426,0.64704,0.55653,0,0.33908,0.90217,0.34254,0.061039,-0.30592,0.053684,-0.75285,0.035376,-0.62597,-0.80367,0.040078,0.16951,0.00088503,-0.091206,0.3592,0.35948,-0.3592,-0.42067,0.22471,0.033763,0.10309,0.079862,0.20015,0.27647,-0.54977,-0.63474,-0.15712,-0.097251,-0.2121,-0.19939,-0.1298,-0.32273,-0.39243,-0.40436,-0.023881,-0.41304,-0.70288,-0.73318,-0.21263,-0.5874,-0.24451,-0.20431,-0.57059,-0.42014,-0.46768,-0.25929,-0.47132,-0.30338,-0.061432,-0.32836,0.15851,-0.088493,0.45557,0.21349,0.30945,0.22722,-0.10357,0.038101,0.31801,0.17207,0.22681,0.43282,0.28988,-0.35091
0.16431,0.99645,0.1086,-0.082622,0.049527,0.36927,-0.20046,0.77896,-0.17041,0.6512,-0.37165,0.18113,-0.36126,-0.50841,0.47362,0.74692,0.57137,0.30751,0.5835,0.26659,0.61187,0.45545,0.72719,1.0564,-0.30035,0.5066,0.50512,0.11916,-0.1163,-0.0099606,-0.2318,0.54299,-0.49088,-0.36941,-0.44481,0.34888,-0.50031,-0.23365,-0.29269,0.26822,0.33908,0,0.29103,1.372,-0.013391,0.26633,0.080495,-0.1156,0.49202,-0.38667,-0.23432,-0.14455,0.47159,0.97102,-0.041914,0.79143,0.73645,0.095185,0.075714,0.14537,0.63763,0.0081911,0.39722,0.16757,0.3225,-0.12352,0.050665,-0.1533,-0.18529,0.093394,-0.23178,-0.16152,0.13553,-0.041342,0.081605,-0.034299,0.43473,-0.2044,-0.073538,-0.23096,-0.026169,-0.14466,0.13913,0.044413,0.34207,-0.024843,-0.012688,-0.050559,0.12724,0.021301,-0.020355,-0.26185,0.1631,0.24608,0.58132,0.061431,0.26096,0.11806,0.07005,0.060826,0.60813,-0.11362,0.46822,0.15705,0.3316
0.20943,0.084241,-0.28626,0.040396,-0.22137,-0.32738,0.1825,0.02265,0.043025,-0.31372,-0.43756,-0.55355,-0.78477,-0.89868,0.33829,0.050549,-0.29151,-0.01777,-0.27325,-0.15488,0.021846,0.10193,-0.081212,-0.065098,0.13867,-0.30409,0.015832,-0.0090431,0.39557,0.11798,0.40375,0.075693,-0.45175,-0.63876,0.15362,-0.12558,0.05289,-0.12342,0.37296,0.43384,0.90217,0.29103,0,0.42996,0.11552,-0.32946,0.28869,-0.67898,0.029359,-0.98712,-1.1755,0.0034862,0.099624,-0.0096226,0.028699,0.32202,0.31562,-0.32657,-0.37459,-0.042486,-0.088889,-0.054604,0.14112,0.19591,0.31849,-0.52638,-0.59071,-0.14918,0.048093,0.13559,-0.020808,-0.038406,-0.071763,-0.3081,-0.20751,-0.079458,-0.40381,-0.7527,-0.62914,-0.44123,-0.52491,-0.13338,-0.30558,-0.75789,-0.55068,-0.60352,-0.26187,-0.37135,-0.32887,0.019343,-0.13743,0.16468,0.027123,0.50314,0.36518,0.46339,0.32633,0.081318,-0.018961,0.06576,0.24162,0.020955,0.41539,0.61791,-0.25256
-0.063699,0.7088,-0.013292,-0.31296,-0.30133,0.15589,-0.4554,0.53318,-0.4894,0.32476,-0.7699,-0.10267,-0.4404,-0.61297,0.28854,0.64805,0.3867,0.22166,0.22745,-0.061782,0.6934,0.65379,0.36385,0.82375,-0.53659,0.15842,0.35004,0.091089,-0.034931,-0.019154,-0.29244,0.75656,-0.58609,-0.42292,-0.59019,0.30594,-0.70427,-0.35173,-0.40687,0.12605,0.34254,1.372,0.42996,0,-0.26149,0.010261,0.26008,-0.23133,0.064896,-0.60436,-0.3963,-0.32557,0.13905,0.5449,-0.14163,0.79114,0.74234,0.030459,0.03271,-0.19863,0.36433,0.068293,0.51357,0.29632,0.5155,-0.2257,-0.049686,-0.26787,-0.034978,0.12817,-0.21073,-0.3348,0.097163,-0.21221,-0.047014,-0.32181,0.15931,-0.43966,-0.31462,-0.53776,-0.15089,-0.22444,-0.16745,0.0088352,0.18302,-0.29319,-0.27333,0.0011486,0.16018,-0.18623,-0.12078,-0.17984,0.3183,0.29398,0.58669,-0.056243,0.21782,0.22735,-0.10749,-0.037843,0.66756,-0.0081049,0.50092,0.22292,0.13508
0.51914,0.13919,0.5774,0.38077,0.26938,-0.19384,0.74652,0.26522,0.75905,0.26801,0.59192,0.46563,0.2411,0.20192,0.35235,0.04052,-0.0095634,-0.027719,0.4043,0.66911,-0.10907,-0.22907,0.32329,-0.029137,0.42653,0.12393,0.22852,0.21386,0.46072,0.50394,0.40524,-0.092263,0.58113,0.23959,0.97534,0.49451,0.79559,0.60841,0.58408,0.31306,0.061039,-0.013391,0.11552,-0.26149,0,0.84528,0.015869,0.26605,0.57518,0.24971,-0.077324,-0.035321,0.38606,0.019823,0.38564,0.31796,0.41972,0.23407,0.0841,0.48348,0.17041,0.18154,0.093044,-0.22897,-0.069809,0.44284,0.2794,0.5942,-0.043366,0.65269,0.78245,0.99499,0.64995,0.99377,0.83007,0.96854,0.56699,0.46173,0.50049,0.43808,0.41397,-0.046897,0.15858,0.05433,0.23358,0.58854,0.9106,0.16081,0.028445,0.80741,0.33575,0.08697,-0.42505,-0.078351,-0.073042,0.53692,0.32813,0.15749,0.5902,-0.41595,-0.1825,-0.71129,-0.37168,0.13018,0.42234
