,,,,,,,,,,,,,,,,,,,,,,,,,,,,,,,,,,,,,,,,,,,,,,,,,,,,,,,,,,,,,,,,,,,,,,,,,,,,,,,,,,,,,,,,,,,,,,,,,,,,,,,,
0,0.68643,-0.10798,0.24155,0.58179,0.41515,0.98081,0.84401,0.62523,0.052769,0.49728,0.2492,0.071909,0.16969,-0.22506,-0.6092,-0.27909,-0.35676,-0.062864,-0.21333,-0.22949,-0.46777,0.094861,-0.15214,0.60222,0.021824,-0.25217,-0.14337,0.0093193,-0.29835,0.443,-0.45131,0.022772,-0.002387,0.43096,-0.27592,0.8138,0.72735,0.94419,0.80129,0.6946,0.45324,0.34405,0.15992,0.27206,-0.032126,-0.20729,-0.053082,-0.059457,0.22843,0.10557,-0.37851,1.0546,0.4538,0.45174,-0.029573,-0.32772,-0.25584,-0.32321,0.12865,-0.10797,-0.18369,-0.27095,-0.2186,-0.40243,-0.33358,-0.28114,-0.2281,-0.39602,-0.015973,0.002374,-0.0063765,0.13239,-0.23832,0.002893,0.24156,0.23223,0.033686,0.13199,0.026631,0.065479,-0.081891,-0.33142,-0.013723,0.038638,-0.032469,0.046621,-0.40652,-0.2877,-0.051035,0.39879,0.53845,0.29281,0.88991,0.52982,0.9135,0.5051,0.036898,0.2406,-0.56764,-0.19127,-0.39393,-0.37718,-0.020966,-0.1812
0.68643,0,0.058626,0.053523,0.20671,0.63424,0.20176,0.95598,0.073646,0.28866,-0.011633,0.28588,0.29465,0.31673,0.075811,-0.18985,0.29413,0.018939,0.54497,0.23821,0.11835,-0.34447,0.47097,0.32617,0.072567,0.32012,0.074712,-0.15141,-0.10914,-0.097318,0.47706,-0.060598,0.24816,0.32468,0.43912,0.29309,0.13396,0.37956,0.11219,0.33058,0.24212,0.45107,0.51767,0.78814,0.62801,0.64347,0.11256,0.62194,0.012421,0.077765,0.088512,-0.20793,0.77183,1.2167,0.43016,0.49813,0.29279,0.38296,0.30486,-0.04128,0.085129,0.057183,0.089891,-0.30097,0.098102,0.35349,0.38306,-0.067601,-0.0030451,0.29313,0.21424,0.34592,0.6129,0.3553,0.48835,-0.16188,0.54,0.24137,0.44239,0.082277,0.28599,0.017451,-0.010331,0.30049,0.46312,0.18506,0.41011,0.26067,0.46784,0.036448,0.38446,-0.05518,-0.34683,0.47087,0.43788,0.36389,0.39388,-0.23537,0.22159,-0.19847,0.19557,-0.25399,-0.014785,-0.11491,0.031489
-0.10798,0.058626,0,1.2085,-0.17223,-0.13564,-0.26143,0.031615,0.26059,0.29377,0.17097,0.43284,0.32749,0.30199,0.12817,-0.22597,0.26701,-0.021791,0.3961,0.41141,0.060494,-0.34631,0.43908,0.10047,-0.0015621,0.2031,0.016727,-0.11959,-0.038378,0.26057,0.25243,0.25232,0.75332,0.38507,0.28029,0.28364,0.13019,0.37094,0.047976,0.069218,-0.14046,0.047602,-0.1048,0.13633,0.42708,0.40603,0.27163,0.43563,0.56279,0.20771,0.17172,0.52601,0.15735,0.24857,0.43599,0.34455,0.37246,0.56546,0.46948,0.48236,0.065242,-0.12678,-0.11023,0.017682,-0.14848,0.42264,0.44221,0.082675,-0.11048,0.10664,-0.011994,0.035304,0.13284,0.42098,0.31427,0.65922,0.4141,0.82014,0.50805,1.4971,0.81198,1.2209,0.35657,0.51088,0.31387,0.74064,0.42863,0.37836,0.50571,0.10905,0.06513,-0.20581,-0.27416,-0.34986,-0.10328,-0.010048,0.27771,0.19052,0.12266,0.085473,-0.34785,-0.17806,-0.18507,0.41616,-0.19016
0.24155,0.053523,1.2085,0,-0.016863,-0.21451,0.081562,0.10992,0.62756,0.20194,0.35755,0.44793,0.1984,0.23199,0.13176,-0.31409,0.051186,-0.064145,0.2114,0.30121,-0.079997,-0.52178,0.39328,-0.0058071,0.20443,0.096024,-0.083008,-0.09579,0.088479,0.16466,0.40602,-0.050323,0.55266,0.30932,0.3425,0.11175,0.50812,0.72209,0.37411,0.36112,0.093915,0.1508,0.020102,-0.010947,0.36207,0.17901,0.27834,0.22534,0.66391,0.18127,0.056593,0.44587,0.3533,0.19313,0.50234,0.058458,0.057313,0.26423,0.18306,0.80292,0.16288,-0.29133,-0.29114,0.13637,-0.2809,0.12733,0.14014,0.014488,-0.2322,0.043658,-0.049536,0.036778,0.043052,0.15078,0.16518,0.86283,0.29485,0.58741,0.43582,1.0406,0.7005,1.0019,0.30616,0.28785,0.17678,0.475,0.32249,0.022037,0.077358,0.21423,0.2705,0.084316,-0.017339,0.03809,0.24247,0.34424,0.50715,0.25201,0.16015,0.0078001,-0.41871,-0.31603,-0.33595,0.49593,-0.15624
0.58179,0.20671,-0.17223,-0.016863,0,0.94613,0.91606,0.63161,0.44443,0.30923,0.81199,0.46556,0.2659,0.24381,-0.40081,-0.40565,-0.1902,-0.34097,0.095809,0.0055009,-0.25777,-0.32421,0.26598,0.034549,0.82981,0.19785,-0.22354,-0.11919,-0.22783,-0.46049,-0.0085961,-0.41363,0.10722,0.01126,0.17678,-0.50133,0.74619,0.56866,0.7075,0.60561,0.55562,0.54864,-0.060361,-0.060682,-0.089016,-0.23311,-0.4293,-0.16025,-0.24386,0.74714,0.50826,-0.75413,0.5304,0.189,0.090121,-0.071839,-0.33823,-0.4584,-0.56392,0.065208,-0.072539,-0.22857,-0.27812,-0.14839,-0.57428,-0.43869,-0.31013,-0.25748,-0.66406,-0.26241,-0.30071,-0.2315,-0.18892,-0.51054,-0.30707,0.25257,0.29109,0.12021,0.1045,0.071892,0.1468,-0.0087553,0.10027,0.19049,0.30549,0.18902,0.14007,-0.49503,-0.29324,-0.29898,0.12615,0.23536,0.24327,0.25525,0.15866,0.3694,0.4576,-0.1301,0.061369,-0.41393,-0.47206,-0.29086,-0.32827,-0.2694,-0.065045
0.41515,0.63424,-0.13564,-0.21451,0.94613,0,0.38337,0.94881,0.074456,0.56954,0.30472,0.43468,0.2822,0.24862,-0.070606,-0.079195,0.31291,0.030263,0.45884,0.23842,0.1147,-0.038066,0.49041,0.4031,0.41374,0.65894,0.12948,0.082219,-0.24303,-0.22354,0.0044995,-0.019635,0.18676,0.13836,0.22076,-0.063127,0.34652,0.42222,0.24692,0.53849,0.38512,0.72857,0.11505,0.4844,0.10485,0.28132,-0.25438,0.2031,-0.24269,0.5457,0.54905,-0.62806,0.53686,0.65492,0.083226,0.25472,0.05178,0.0015138,-0.003225,-0.11216,0.052023,0.045009,0.017417,-0.25826,-0.13924,0.029256,0.17695,-0.13692,-0.20253,-0.023367,-0.061015,-0.03441,0.13377,-0.10614,-0.03467,-0.13111,0.56655,0.15168,0.25539,-0.003696,0.2355,-0.085685,0.19545,0.28354,0.49476,0.26387,0.33057,-0.03336,0.24312,-0.45259,0.011331,-0.16437,-0.23856,0.11566,0.094865,0.14089,0.33472,-0.31229,-0.021679,-0.27887,-0.087429,-0.11035,0.026879,-0.28102,0.091691
0.98081,0.20176,-0.26143,0.081562,0.91606,0.38337,0,0.67807,0.8445,0.17003,0.82166,0.30413,0.28271,0.31824,-0.26929,-0.537,-0.37653,-0.47917,-0.056703,-0.082222,-0.20216,-0.32738,0.10714,-0.1534,1.0993,-0.042938,-0.19873,-0.1206,0.11662,-0.24138,0.47434,-0.54217,0.13266,0.091968,0.49541,-0.39227,1.1628,0.63303,1.2012,0.75294,0.89057,0.44577,0.27188,-0.15985,0.19781,-0.19909,-0.57753,-0.251,-0.13173,0.43857,0.24491,-0.55658,0.58202,0.061793,0.072778,-0.14355,-0.42302,-0.47318,-0.70497,0.072382,-0.067587,-0.083999,-0.1385,0.0048297,-0.33134,-0.50158,-0.40594,-0.12622,-0.59171,0.025208,0.0087903,0.11716,0.11566,-0.40715,-0.06688,0.37832,0.23031,0.077099,0.18559,-0.034177,0.094394,-0.18626,-0.18217,0.086145,0.19741,0.096796,0.13481,-0.64243,-0.55155,-0.18711,0.27289,0.74858,0.46537,0.43753,0.23916,0.93872,0.45753,-0.16686,-0.035756,-0.39863,-0.25541,-0.36175,-0.26603,-0.0070747,-0.16492
0.84401,0.95598,0.031615,0.10992,0.63161,0.94881,0.67807,0,0.46322,0.736,0.42551,0.62251,0.41792,0.42989,0.076854,-0.20597,0.13249,-0.21611,0.54672,0.40068,0.17086,-0.22228,0.60808,0.40766,0.47429,0.55599,0.19025,0.035044,0.02876,0.0070268,0.59852,-0.11577,0.46222,0.3538,0.82787,0.21517,0.6485,0.81134,0.48936,0.71826,0.4787,0.80732,0.35888,0.46824,0.6598,0.54286,-0.33002,0.27332,0.10584,0.43056,0.36014,-0.30381,1.1492,0.96009,0.42582,0.28295,-0.03312,0.04735,-0.05971,0.12899,0.23863,0.1473,0.12654,-0.13034,-0.035853,0.013329,0.16059,-0.058384,-0.29536,0.3446,0.27384,0.35771,0.60193,0.098409,0.33184,0.078887,0.84476,0.30567,0.49895,0.10354,0.50543,-0.01894,0.0012779,0.31648,0.60368,0.38624,0.61159,-0.1658,0.090757,-0.32456,0.13876,0.15309,-0.15044,0.30766,0.33453,0.68484,0.52656,-0.28111,0.09932,-0.29381,0.02978,-0.29961,0.006299,-0.024909,0.10932
0.62523,0.073646,0.26059,0.62756,0.44443,0.074456,0.8445,0.46322,0,0.33858,0.97637,0.65753,0.49193,0.49192,-0.12895,-0.46105,-0.14364,-0.23,0.18749,0.24591,-0.29091,-0.46239,0.28043,-0.17528,0.73898,0.047224,-0.2199,-0.18141,-0.041562,-0.086387,0.54836,-0.55842,0.43807,0.28654,0.54591,-0.23327,1.0482,0.72778,0.81568,0.56886,0.38417,0.19913,0.036971,-0.27727,0.45981,0.020549,-0.26341,0.08498,0.23834,0.49455,0.26131,-0.21702,0.52542,0.02886,0.033794,-0.21422,-0.30539,-0.095771,-0.22146,0.57603,0.14491,-0.10653,-0.20321,0.0040951,-0.47351,-0.063308,-0.025501,-0.0079741,-0.49126,-0.0056281,-0.017409,0.22639,0.13769,0.08648,0.26618,0.79901,0.50377,0.53144,0.52106,0.46633,0.57609,0.24577,0.18061,0.30886,0.3537,0.41798,0.39731,-0.31211,-0.23232,0.08521,0.39592,0.74619,0.30777,0.14394,0.20261,0.98925,0.74121,0.044953,0.13659,-0.19079,-0.33122,-0.5975,-0.32583,0.18378,-0.044533
0.052769,0.28866,0.29377,0.20194,0.30923,0.56954,0.17003,0.736,0.33858,0,0.45021,1.0325,0.69941,0.69245,0.3906,0.33074,0.50595,0.095242,0.86334,1.1118,0.39204,0.062328,0.78232,0.75052,0.1158,1.0186,0.48933,0.29849,-0.036611,0.30348,0.30487,0.13959,0.86578,0.83319,0.5632,0.59744,0.36752,0.57021,0.012782,0.29837,-0.070428,0.53223,-0.11859,0.18129,0.45703,0.85015,-0.35126,0.44442,0.44693,0.68117,0.73799,0.036204,0.31389,0.54836,0.11951,0.077178,-0.016508,0.27589,0.21443,0.38151,0.81431,0.28925,0.25294,0.30576,0.24349,0.34674,0.60459,0.17333,-0.14325,0.3859,0.33105,0.55928,0.64511,0.34744,0.51249,0.19607,1.17,0.66454,0.80607,0.31225,1.0045,0.20343,0.67437,0.60681,0.94808,0.86121,1.0025,-0.0021675,0.20523,-0.16944,0.049066,-0.12886,-0.28422,-0.29617,0.036535,0.16106,0.2208,-0.55342,-0.27409,0.26148,0.10045,-0.070112,0.17491,-0.11529,0.23887
0.49728,-0.011633,0.17097,0.35755,0.81199,0.30472,0.82166,0.42551,0.97637,0.45021,0,0.8751,0.5623,0.66801,-0.2264,-0.37343,-0.11909,-0.34951,0.16052,0.16455,-0.19338,-0.32949,0.21372,-0.094263,0.79047,0.19096,-0.12083,0.01906,-0.048877,-0.084139,0.22842,-0.25905,0.47061,0.38152,0.27627,-0.32019,0.96102,0.73539,0.74829,0.45636,0.22759,0.24436,-0.33852,-0.41384,0.13299,-0.044916,-0.61525,0.057909,0.15156,1.2842,0.85688,-0.35939,0.31146,-0.045743,0.034797,-0.37826,-0.56023,-0.21252,-0.31486,0.38616,0.10774,0.005684,-0.17913,-0.007308,-0.54245,-0.22798,-0.086983,0.095242,-0.48162,0.0010776,0.0047126,0.055405,0.054562,-0.15984,0.046418,0.92589,0.55842,0.62878,0.5092,0.48711,0.57391,0.10305,0.23189,0.48527,0.46459,0.62763,0.42914,-0.33879,-0.28391,-0.1632,0.20633,0.4392,0.30131,-0.016618,-0.053168,0.48751,0.48797,-0.065451,0.12708,-0.11525,-0.51592,-0.34544,-0.47797,-0.21195,-0.10533
0.2492,0.28588,0.43284,0.44793,0.46556,0.43468,0.30413,0.62251,0.65753,1.0325,0.8751,0,0.63421,0.70821,0.012142,-0.10468,0.33756,0.064992,0.74431,0.71619,0.039965,-0.27792,0.67559,0.34116,0.21806,0.69381,0.10141,0.008101,-0.18615,-0.014789,0.22426,-0.11874,0.63784,0.63113,0.26618,0.16179,0.48555,0.65267,0.14908,0.28046,-0.10651,0.36803,-0.33322,-0.10193,0.32175,0.5099,-0.11716,0.54962,0.57692,0.9736,0.85393,-0.060515,0.37016,0.37699,0.13035,-0.16857,-0.22864,0.23381,0.22433,0.67246,0.43202,-0.029403,-0.11283,-0.11928,-0.23463,0.32974,0.46844,0.075503,-0.24224,0.090195,0.024259,0.26771,0.36369,0.33374,0.42666,0.49534,0.97359,1.0468,0.92775,0.66118,1.0335,0.32558,0.601,0.76852,0.84619,1.0395,0.76764,0.077077,0.15487,0.041513,0.3717,0.001655,-0.090762,-0.087194,0.2066,0.25141,0.43488,-0.31499,0.17419,0.084897,-0.26277,-0.38349,-0.27591,-0.23891,0.32138
0.071909,0.29465,0.32749,0.1984,0.2659,0.2822,0.28271,0.41792,0.49193,0.69941,0.5623,0.63421,0,1.9038,0.085443,-0.0241,0.29644,-0.19614,0.74728,0.67878,0.080744,-0.24709,0.50408,0.21718,0.30736,0.25632,0.10009,-0.10931,-0.058942,0.22612,0.52906,-0.042384,1.1093,1.217,0.59099,0.31906,0.2566,0.29261,0.13818,0.063675,-0.043462,0.066736,-0.085775,-0.040223,0.71632,0.56728,-0.44404,0.68065,0.16331,0.79244,0.71525,-0.14297,0.16722,0.30259,-0.046869,0.17619,0.16657,0.4456,0.16305,0.12437,0.33791,0.33749,0.34825,0.15485,0.087285,0.4775,0.59062,0.36779,-0.21014,0.36754,0.35519,0.67834,0.60513,0.54064,0.77231,0.48392,1.0136,0.95893,1.1721,0.48777,0.84807,0.19586,0.49064,1.1013,1.2001,0.93188,1.0542,0.26501,0.35174,0.069422,0.24316,0.22215,-0.060677,-0.48349,-0.33572,0.28354,0.32304,-0.34258,-0.11086,0.19579,0.067072,-0.21181,-0.025761,-0.027178,-0.031751
0.16969,0.31673,0.30199,0.23199,0.24381,0.24862,0.31824,0.42989,0.49192,0.69245,0.66801,0.70821,1.9038,0,0.064109,-0.032807,0.26932,-0.20717,0.62841,0.56341,0.076253,-0.25843,0.39166,0.15856,0.277,0.27421,0.084479,-0.053376,-0.0054379,0.23619,0.50839,-0.011102,0.98685,1.3647,0.50741,0.32365,0.30495,0.38201,0.16684,0.11142,-0.094806,0.043648,-0.15058,-0.1103,0.61451,0.57174,-0.47246,0.71272,0.21913,0.89667,0.85549,-0.096837,0.15859,0.29994,0.025654,0.020959,0.0084646,0.43216,0.18548,0.13693,0.33661,0.30089,0.27461,0.1302,0.08266,0.43384,0.56822,0.37665,-0.17159,0.37851,0.39532,0.6577,0.64813,0.4632,0.72439,0.53017,0.95434,0.95464,1.2318,0.47459,0.81187,0.15372,0.44515,1.0376,1.081,0.89688,0.99472,0.24559,0.2613,0.091882,0.32841,0.21089,-0.04115,-0.38007,-0.27107,0.27268,0.29692,-0.3364,-0.072639,0.17694,0.034285,-0.23787,-0.1649,-0.096996,0.00010725
-0.22506,0.075811,0.12817,0.13176,-0.40081,-0.070606,-0.26929,0.076854,-0.12895,0.3906,-0.2264,0.012142,0.085443,0.064109,0,0.98351,0.66895,0.4816,0.546,0.74801,1.0413,0.5468,0.54563,0.92627,-0.1632,0.56245,1.5478,1.0376,0.75449,1.2209,0.43431,0.65689,0.43425,0.46771,0.30395,0.89667,-0.012098,0.15061,-0.24543,0.02967,-0.072916,0.33869,0.24333,0.41687,0.3394,0.65291,0.047165,0.21886,0.5949,-0.053495,0.052715,0.41208,-0.079273,0.26941,-0.032364,0.10053,0.25313,0.42878,0.40723,0.32548,0.95083,0.84922,0.8724,0.65519,0.84641,0.26474,0.40171,0.80922,0.70011,0.91504,0.94269,0.64296,0.50671,0.30341,0.31729,-0.0054952,0.38882,0.09958,0.35196,-0.045974,0.40823,-0.16609,0.34135,0.12757,0.26999,0.26271,0.53128,0.19102,0.23211,-0.23522,-0.37028,-0.28693,-0.33262,-0.28862,-0.078432,0.052883,-0.039659,-0.25413,-0.28564,0.85709,0.68832,0.65225,0.92303,0.29247,0.21257
-0.6092,-0.18985,-0.22597,-0.31409,-0.40565,-0.079195,-0.537,-0.20597,-0.46105,0.33074,-0.37343,-0.10468,-0.0241,-0.032807,0.98351,0,0.5117,0.51515,0.27298,0.50242,0.66777,0.81146,0.16071,0.71878,-0.51821,0.45113,0.90902,0.85575,0.32545,0.68742,-0.12467,0.48855,0.074694,0.30155,-0.084309,0.73708,-0.39837,-0.2283,-0.66536,-0.28746,-0.47499,0.049805,-0.12457,0.11948,-0.092811,0.36812,-0.015929,0.108,0.25591,-0.09084,0.088245,0.25422,-0.43611,0.031265,-0.26218,-0.1874,0.041627,0.23697,0.3127,0.081211,0.92079,0.63013,0.66721,0.62306,0.82485,0.22957,0.35108,0.49145,0.62083,0.40597,0.52879,0.38314,0.239,0.19711,0.15939,-0.34396,0.12357,-0.17909,0.036083,-0.39132,0.064855,-0.34415,0.42263,-0.089441,0.10839,-0.025161,0.22734,0.13639,0.078508,-0.060865,-0.36263,-0.45917,-0.31101,-0.3993,-0.17103,-0.37805,-0.39556,-0.33526,-0.40043,0.92671,0.81748,0.71511,0.77869,-0.079593,0.4152
-0.27909,0.29413,0.26701,0.051186,-0.1902,0.31291,-0.37653,0.13249,-0.14364,0.50595,-0.11909,0.33756,0.29644,0.26932,0.66895,0.5117,0,0.98494,1.0157,0.75565,0.69089,0.27115,0.72064,0.78844,-0.083927,1.0019,0.6576,0.36908,0.029961,0.41846,0.088617,0.49089,0.35375,0.49377,-0.053061,0.49977,-0.17695,0.067272,-0.36687,0.093913,-0.093915,0.35456,0.07706,0.57733,0.19966,0.88376,0.25113,0.83099,0.2569,0.18568,0.37284,0.03832,-0.17978,0.35217,-0.32044,0.24579,0.57744,0.98619,1.1602,0.16904,0.41903,0.37823,0.35843,-0.0079489,0.39637,0.96003,1.1727,0.41253,0.57238,0.32024,0.25756,0.35589,0.3726,0.54401,0.38722,-0.13002,0.5735,0.47169,0.65254,0.28065,0.52867,0.071064,0.79031,0.55737,0.67603,0.54942,0.5521,0.83264,0.93188,-0.12427,0.05047,-0.66679,-0.74638,-0.39545,-0.17747,-0.3291,0.0061234,-0.35991,-0.12463,0.53787,0.35337,0.23695,0.40333,-0.034536,0.33615
-0.35676,0.018939,-0.021791,-0.064145,-0.34097,0.030263,-0.47917,-0.21611,-0.23,0.095242,-0.34951,0.064992,-0.19614,-0.20717,0.4816,0.51515,0.98494,0,0.39801,0.34135,0.40508,0.39925,0.32307,0.41869,-0.30687,0.47947,0.40513,0.32735,-0.034627,0.091353,-0.16036,0.28721,-0.17398,0.01796,-0.47663,0.14133,-0.25589,-0.15158,-0.57807,-0.098175,-0.18296,0.053314,0.065507,0.29091,-0.19321,0.33968,0.62253,0.36796,0.19621,-0.16967,-0.043801,0.058202,-0.44843,-0.048008,-0.62123,-0.063107,0.2753,0.42448,0.77544,0.23095,0.2901,0.07824,0.085801,-0.052236,0.32834,0.62901,0.56235,0.20839,0.80946,0.0029112,-0.02184,0.12269,0.037127,0.32625,0.08067,-0.37508,0.020123,0.072888,0.1773,-0.062832,0.095971,-0.04227,0.60992,0.11135,0.11692,0.070953,0.064831,0.51382,0.47402,0.088132,0.11624,-0.47653,-0.43785,-0.088807,0.14722,-0.35725,-0.019588,-0.30002,-0.17313,0.50041,0.2696,0.22241,0.40714,-0.15768,0.36953
-0.062864,0.54497,0.3961,0.2114,0.095809,0.45884,-0.056703,0.54672,0.18749,0.86334,0.16052,0.74431,0.74728,0.62841,0.546,0.27298,1.0157,0.39801,0,1.3975,0.5482,-0.0055686,1.3325,0.9327,0.077832,0.87901,0.59738,0.1815,0.07801,0.405,0.4887,0.27557,0.82008,0.82425,0.3795,0.61157,0.076315,0.33245,-0.17615,0.11538,-0.059172,0.4448,0.11178,0.46526,0.676,1.1516,0.084675,1.0091,0.47415,0.44874,0.46716,0.004533,0.20686,0.63807,-0.048848,0.35279,0.44965,0.791,0.65544,0.37082,0.59055,0.42751,0.48605,-0.017183,0.27594,0.79883,0.96755,0.45494,0.24156,0.54517,0.41417,0.65542,0.69027,0.72504,0.70615,0.10067,1.1455,0.83469,1.1611,0.43967,1.0541,0.18167,0.71844,0.95642,1.3816,0.98857,1.2647,0.57412,0.77386,-0.11604,0.08453,-0.30588,-0.54721,-0.35238,-0.037157,0.10219,0.36263,-0.39871,0.069384,0.41615,0.26839,-0.0047555,0.33601,0.0044036,0.40053
-0.21333,0.23821,0.41141,0.30121,0.0055009,0.23842,-0.082222,0.40068,0.24591,1.1118,0.16455,0.71619,0.67878,0.56341,0.74801,0.50242,0.75565,0.34135,1.3975,0,0.50211,0.043956,1.0528,0.91595,-0.020495,0.7728,0.72633,0.32291,0.14922,0.56082,0.4664,0.23393,0.9535,0.89847,0.48741,0.80626,0.15169,0.35181,-0.20571,0.082996,-0.16862,0.38081,0.054178,0.27249,0.6375,0.96529,-0.0056529,0.66484,0.66861,0.3683,0.38136,0.23868,0.12909,0.46254,-0.031469,0.22362,0.31626,0.58355,0.45958,0.48311,0.94815,0.44041,0.47995,0.36126,0.46017,0.61092,0.79995,0.48108,0.16344,0.6243,0.48016,0.83503,0.67261,0.61909,0.66768,0.18582,0.99289,0.74196,0.9928,0.38009,1.146,0.22868,0.8872,0.68059,1.0619,0.8767,1.2749,0.28039,0.451,-0.068152,-0.0012538,-0.23624,-0.43313,-0.44235,0.016542,0.14425,0.31835,-0.39066,-0.12672,0.56126,0.2473,-0.004251,0.39386,0.13056,0.36753
-0.22949,0.11835,0.060494,-0.079997,-0.25777,0.1147,-0.20216,0.17086,-0.29091,0.39204,-0.19338,0.039965,0.080744,0.076253,1.0413,0.66777,0.69089,0.40508,0.5482,0.50211,0,0.80714,0.65259,1.1578,-0.030818,0.71253,1.2713,0.74928,0.65974,0.8586,0.37849,0.96037,0.34314,0.37018,0.21678,0.70287,-0.090563,0.11992,-0.24645,-0.026492,0.026345,0.35832,0.14824,0.41097,0.23011,0.76824,-0.065388,0.22495,0.37208,0.063368,0.16029,0.18534,-0.17833,0.18745,-0.11012,0.15908,0.18937,0.32722,0.35117,0.20036,0.61264,0.80203,0.89901,0.32156,0.62478,0.23487,0.35581,0.54229,0.62623,0.78891,0.77495,0.44374,0.57935,0.23163,0.23762,-0.21802,0.3417,0.072532,0.26413,-0.10235,0.33288,-0.17938,0.16861,0.29087,0.35931,0.36483,0.45478,0.28032,0.29425,-0.46413,-0.46434,-0.33982,-0.41422,-0.31599,-0.26204,-0.14906,-0.23805,-0.49742,-0.30905,0.76545,0.67045,0.89513,0.97347,-0.02366,0.21973
-0.46777,-0.34447,-0.34631,-0.52178,-0.32421,-0.038066,-0.32738,-0.22228,-0.46239,0.062328,-0.32949,-0.27792,-0.24709,-0.25843,0.5468,0.81146,0.27115,0.39925,-0.0055686,0.043956,0.80714,0,0.0072904,0.44847,-0.25956,0.30337,0.71351,0.83139,0.4584,0.49136,-0.13106,0.67895,-0.1549,-0.07265,-0.17167,0.24207,-0.30968,-0.34317,-0.44351,-0.32233,-0.204,-0.0037721,-0.12594,0.024437,-0.24622,0.16043,-0.12955,-0.22324,0.045367,-0.082379,0.062114,-0.01441,-0.55443,-0.2666,-0.43899,-0.26242,-0.14991,-0.051189,0.10187,-0.030331,0.33955,0.65417,0.71379,0.20232,0.42665,-0.01405,0.04848,0.38129,0.69705,0.23475,0.42587,0.046874,0.11143,0.038662,-0.037634,-0.3839,-0.062647,-0.35892,-0.22316,-0.52001,-0.19316,-0.5313,-0.052477,-0.18428,-0.17339,-0.080276,-0.043196,0.07473,-0.023114,-0.33625,-0.65077,-0.22912,-0.081331,-0.37618,-0.39936,-0.32331,-0.50967,-0.37982,-0.4557,0.60208,0.70687,1.1207,1.0063,-0.18434,0.21934
0.094861,0.47097,0.43908,0.39328,0.26598,0.49041,0.10714,0.60808,0.28043,0.78232,0.21372,0.67559,0.50408,0.39166,0.54563,0.16071,0.72064,0.32307,1.3325,1.0528,0.65259,0.0072904,0,1.1032,0.26932,0.88022,0.55334,0.1806,0.13746,0.298,0.54546,0.21506,0.74034,0.58265,0.46752,0.44496,0.297,0.56958,0.042624,0.2743,0.19343,0.63993,0.15617,0.43169,0.54508,0.8472,0.12259,0.57394,0.53045,0.41433,0.32897,-0.0062219,0.33818,0.57492,0.06111,0.32544,0.28826,0.42378,0.34592,0.65916,0.64835,0.25014,0.33067,0.10667,0.1027,0.42895,0.52941,0.24713,0.066064,0.41035,0.26895,0.43111,0.49032,0.39855,0.41509,0.1312,0.86918,0.61158,0.76147,0.41538,0.98175,0.32124,0.60891,0.76301,0.95042,0.84029,0.89709,0.26175,0.46665,-0.18142,0.030818,-0.15873,-0.36802,-0.12997,0.1183,0.22339,0.38891,-0.43019,-0.018151,0.39738,0.15472,0.11079,0.384,0.028664,0.26457
-0.15214,0.32617,0.10047,-0.0058071,0.034549,0.4031,-0.1534,0.40766,-0.17528,0.75052,-0.094263,0.34116,0.21718,0.15856,0.92627,0.71878,0.78844,0.41869,0.9327,0.91595,1.1578,0.44847,1.1032,0,-0.060407,1.0923,1.0399,0.56316,0.30685,0.54995,0.28339,0.51316,0.43525,0.47126,0.27679,0.78029,-0.030159,0.26633,-0.25716,0.088523,-0.0072544,0.67093,0.10666,0.53561,0.2599,0.86416,0.016339,0.35224,0.44664,0.20141,0.27296,0.08097,0.084994,0.52442,0.029414,0.21622,0.22087,0.34678,0.3463,0.36444,0.9295,0.51335,0.62897,0.30887,0.47554,0.30469,0.46939,0.34307,0.32481,0.5575,0.49551,0.42986,0.52722,0.2611,0.29847,-0.21784,0.58117,0.19377,0.38797,-0.0051301,0.52545,-0.020383,0.47799,0.37292,0.62409,0.4696,0.65204,0.19589,0.31206,-0.28539,-0.23333,-0.47164,-0.45975,-0.19873,0.01839,-0.099987,-0.049571,-0.5808,-0.21941,0.65775,0.57388,0.54162,0.75004,-0.11893,0.39047
0.60222,0.072567,-0.0015621,0.20443,0.82981,0.41374,1.0993,0.47429,0.73898,0.1158,0.79047,0.21806,0.30736,0.277,-0.1632,-0.51821,-0.083927,-0.30687,0.077832,-0.020495,-0.030818,-0.25956,0.26932,-0.060407,0,0.083352,-0.10405,-0.076277,0.096198,-0.080195,0.41391,-0.23164,0.25696,0.055616,0.41378,-0.48316,1.0306,0.68812,1.3825,0.90924,1.1658,0.50828,0.27661,0.028679,0.19392,-0.15266,-0.52991,-0.14023,-0.27318,0.49066,0.27373,-0.62666,0.37661,-0.052749,-0.083984,0.072046,-0.090014,-0.24834,-0.43566,0.04697,-0.18614,0.010445,-0.079815,-0.046533,-0.45883,-0.38016,-0.27454,-0.038521,-0.46387,0.029767,-0.039932,-0.028135,-0.039002,-0.41774,-0.18799,0.4598,0.27876,0.1845,0.21336,0.22345,0.25398,0.030382,-3.2829e-05,0.23084,0.33257,0.25411,0.21944,-0.35719,-0.20701,-0.49311,0.031312,0.42642,0.13963,0.11934,-0.13205,0.57662,0.53487,0.038706,0.0087663,-0.30941,-0.36131,-0.2345,-0.17916,0.11906,-0.28462
0.021824,0.32012,0.2031,0.096024,0.19785,0.65894,-0.042938,0.55599,0.047224,1.0186,0.19096,0.69381,0.25632,0.27421,0.56245,0.45113,1.0019,0.47947,0.87901,0.7728,0.71253,0.30337,0.88022,1.0923,0.083352,0,0.69503,0.50906,0.052711,0.35494,0.077665,0.37079,0.41168,0.4334,0.15999,0.48779,0.14109,0.42072,-0.073613,0.3782,0.027781,0.79747,-0.10154,0.45538,0.14738,0.81797,-0.053575,0.44498,0.39287,0.48758,0.66908,-0.026915,0.20013,0.57351,0.01158,0.058432,0.10578,0.42773,0.52681,0.37979,0.63134,0.31067,0.25559,0.036964,0.16293,0.38985,0.6431,0.21218,0.1808,0.2545,0.23794,0.20403,0.35226,0.22308,0.22277,-0.046002,0.7946,0.40296,0.53065,0.22952,0.62883,0.046206,0.57666,0.44779,0.65874,0.62702,0.59666,0.2463,0.37478,-0.34443,-0.059856,-0.51287,-0.45209,-0.21689,-0.015754,-0.12756,0.012293,-0.41948,-0.097859,0.31735,0.23894,0.22832,0.2985,-0.14249,0.45019
-0.25217,0.074712,0.016727,-0.083008,-0.22354,0.12948,-0.19873,0.19025,-0.2199,0.48933,-0.12083,0.10141,0.10009,0.084479,1.5478,0.90902,0.6576,0.40513,0.59738,0.72633,1.2713,0.71351,0.55334,1.0399,-0.10405,0.69503,0,1.2472,0.77312,1.1361,0.35488,0.86805,0.43326,0.41461,0.26069,0.77574,-0.0078773,0.11373,-0.26946,-0.019147,-0.083128,0.38768,0.12776,0.38567,0.27776,0.6711,-0.12721,0.17861,0.51815,0.12152,0.23569,0.29015,-0.096645,0.24987,-0.090333,0.10276,0.16362,0.30956,0.32109,0.19346,0.78424,1.1159,1.0422,0.46997,0.81783,0.18184,0.34856,0.89246,0.72954,1.0345,1.0327,0.58884,0.54357,0.22989,0.23797,-0.065307,0.45601,0.13454,0.34943,-0.10432,0.39623,-0.33762,0.23756,0.21524,0.34288,0.37449,0.58467,0.17528,0.24665,-0.53289,-0.58762,-0.33005,-0.33172,-0.38692,-0.19956,-0.0007283,-0.079804,-0.33205,-0.23031,0.74553,0.57848,0.72307,0.97373,0.11293,0.26457
-0.14337,-0.15141,-0.11959,-0.09579,-0.11919,0.082219,-0.1206,0.035044,-0.18141,0.29849,0.01906,0.008101,-0.10931,-0.053376,1.0376,0.85575,0.36908,0.32735,0.1815,0.32291,0.74928,0.83139,0.1806,0.56316,-0.076277,0.50906,1.2472,0,0.80939,0.90064,0.10079,0.75127,0.17933,0.2053,0.040278,0.38454,0.11665,0.1444,-0.12466,0.065155,-0.091483,0.31292,-0.048856,0.15755,-0.066212,0.23658,-0.22696,-0.12956,0.38935,0.19272,0.31689,0.17861,-0.15052,0.050012,-0.076817,-0.25162,-0.17503,0.028335,0.11004,0.17454,0.61817,0.8458,0.70092,0.47787,0.50893,-0.12719,0.05871,0.82199,0.6948,0.59521,0.77962,0.23124,0.18716,-0.084973,-0.068905,0.079869,0.24238,-0.070259,0.10713,-0.2088,0.15952,-0.46728,0.13281,-0.054985,0.012983,0.1454,0.2775,-0.079667,-0.07492,-0.51618,-0.6282,-0.25054,-0.078225,-0.28385,-0.19571,-0.0065017,-0.10358,-0.17868,-0.2832,0.55883,0.40803,0.79796,0.66232,0.062354,0.15467
0.0093193,-0.10914,-0.038378,0.088479,-0.22783,-0.24303,0.11662,0.02876,-0.041562,-0.036611,-0.048877,-0.18615,-0.058942,-0.0054379,0.75449,0.32545,0.029961,-0.034627,0.07801,0.14922,0.65974,0.4584,0.13746,0.30685,0.096198,0.052711,0.77312,0.80939,0,1.0204,0.58087,0.57739,0.19808,0.19794,0.26159,0.36449,0.18159,0.16959,0.10083,0.060818,0.14044,0.1755,0.27096,0.047789,0.19154,0.12873,-0.12909,-0.17851,0.46214,-0.026297,-0.020183,0.31278,-0.038308,-0.0052577,0.11907,-0.10611,-0.086649,0.019683,-0.077917,0.14494,0.31025,0.67757,0.79994,0.3588,0.46151,-0.25048,-0.17355,0.83921,0.54007,0.82732,0.96119,0.34063,0.30781,-0.10426,-0.0089341,0.20941,0.050927,-0.12437,0.11724,-0.17393,0.060942,-0.38053,-0.24306,-0.049559,-0.035946,0.073481,0.24332,-0.061171,-0.2078,-0.38459,-0.49689,0.033435,0.095506,-0.14624,-0.15215,0.28272,-0.0081263,-0.019349,-0.081355,0.37334,0.40852,0.59225,0.5128,0.45548,0.12966
-0.29835,-0.097318,0.26057,0.16466,-0.46049,-0.22354,-0.24138,0.0070268,-0.086387,0.30348,-0.084139,-0.014789,0.22612,0.23619,1.2209,0.68742,0.41846,0.091353,0.405,0.56082,0.8586,0.49136,0.298,0.54995,-0.080195,0.35494,1.1361,0.90064,1.0204,0,0.48468,0.83337,0.59034,0.53664,0.38244,0.85747,-0.032851,0.11456,-0.12825,-0.02815,-0.14782,0.15746,0.095093,0.20753,0.42145,0.53536,-0.19373,0.18107,0.53854,0.07067,0.175,0.48713,-0.12028,0.14489,0.085176,0.077299,0.20901,0.45423,0.32044,0.15732,0.5894,1.06,1.0687,0.52469,0.66997,0.15983,0.31145,1.0483,0.57217,1.0812,1.2301,0.56743,0.50302,0.2761,0.31987,0.23593,0.40018,0.17881,0.37908,0.10318,0.42141,-0.1469,0.12267,0.1819,0.26949,0.36475,0.58625,0.23107,0.18482,-0.36215,-0.56776,-0.23497,-0.26569,-0.6082,-0.45893,0.027894,-0.099937,-0.020754,-0.13948,0.64566,0.55389,0.58968,0.6294,0.47474,0.15779
0.443,0.47706,0.25243,0.40602,-0.0085961,0.0044995,0.47434,0.59852,0.54836,0.30487,0.22842,0.22426,0.52906,0.50839,0.43431,-0.12467,0.088617,-0.16036,0.4887,0.4664,0.37849,-0.13106,0.54546,0.28339,0.41391,0.077665,0.35488,0.10079,0.58087,0.48468,0,0.11991,0.71936,0.57728,1.0449,0.38424,0.556,0.59159,0.39078,0.31161,0.40129,0.26663,0.63761,0.27581,1.1739,0.56169,-0.2046,0.28158,0.37139,0.12201,-0.013617,0.092077,0.44073,0.34516,0.2052,0.32684,0.16004,0.20913,-0.011745,0.25392,0.3135,0.43659,0.52124,0.22454,0.2908,0.11115,0.14179,0.42781,0.070172,0.92119,0.78471,0.89598,0.907,0.33539,0.60167,0.34064,0.55539,0.40155,0.67868,0.19404,0.61161,0.066612,-0.028456,0.43303,0.52826,0.45724,0.78652,-0.012497,0.093802,-0.13605,0.052528,0.43413,-0.038526,0.05025,0.096611,0.92138,0.5563,-0.19971,-0.054206,0.12037,0.23382,-0.085553,0.27665,0.34852,-0.12736
-0.45131,-0.060598,0.25232,-0.050323,-0.41363,-0.019635,-0.54217,-0.11577,-0.55842,0.13959,-0.25905,-0.11874,-0.042384,-0.011102,0.65689,0.48855,0.49089,0.28721,0.27557,0.23393,0.96037,0.67895,0.21506,0.51316,-0.23164,0.37079,0.86805,0.75127,0.57739,0.83337,0.11991,0,0.2701,0.18153,-0.056924,0.46571,-0.25163,-0.025331,-0.40222,-0.2316,-0.2429,0.016384,-0.040067,0.36201,0.040109,0.46761,-0.044992,0.13255,0.25903,0.051918,0.16375,0.39513,-0.35891,0.037514,-0.0056829,0.23891,0.26264,0.29747,0.3911,-0.076837,0.17966,0.67933,0.70717,0.15447,0.5306,0.15323,0.23889,0.67673,0.84662,0.63737,0.6552,0.14967,0.26869,0.13215,0.00048709,-0.086469,0.12629,0.1023,0.13199,0.042497,0.22235,-0.041768,0.040425,0.24797,0.12708,0.33078,0.32169,0.35966,0.40348,-0.59248,-0.78633,-0.52353,-0.40291,-0.60035,-0.52801,-0.39438,-0.19667,-0.071101,-0.17908,0.43158,0.26941,0.74892,0.57826,0.037702,-0.0344
0.022772,0.24816,0.75332,0.55266,0.10722,0.18676,0.13266,0.46222,0.43807,0.86578,0.47061,0.63784,1.1093,0.98685,0.43425,0.074694,0.35375,-0.17398,0.82008,0.9535,0.34314,-0.1549,0.74034,0.43525,0.25696,0.41168,0.43326,0.17933,0.19808,0.59034,0.71936,0.2701,0,1.17,0.90386,0.59692,0.38815,0.54016,0.1725,0.15676,-0.015204,0.2482,0.013253,0.14973,0.96065,0.77922,-0.33611,0.5575,0.50876,0.62638,0.55606,0.21798,0.27895,0.42087,0.2433,0.33423,0.25006,0.49586,0.22923,0.3502,0.51801,0.46867,0.43809,0.39014,0.2178,0.38123,0.559,0.47605,-0.10969,0.69579,0.57243,0.71401,0.71101,0.52153,0.70657,0.67054,1.1826,1.0425,1.0978,0.74498,1.4166,0.40998,0.47294,0.89519,0.96318,1.1959,1.3059,0.19272,0.40231,-0.14468,-0.053315,0.062987,-0.2316,-0.51594,-0.26699,0.33288,0.37465,-0.22973,-0.13395,0.32675,0.006768,-0.048396,0.14804,0.24274,-0.1386
-0.002387,0.32468,0.38507,0.30932,0.01126,0.13836,0.091968,0.3538,0.28654,0.83319,0.38152,0.63113,1.217,1.3647,0.46771,0.30155,0.49377,0.01796,0.82425,0.89847,0.37018,-0.07265,0.58265,0.47126,0.055616,0.4334,0.41461,0.2053,0.19794,0.53664,0.57728,0.18153,1.17,0,0.56358,0.75818,0.1996,0.38564,-0.031662,0.054842,-0.19662,0.15416,-0.024032,0.043119,0.69068,0.87558,-0.24927,0.83781,0.47531,0.60146,0.6581,0.1183,0.062428,0.40294,0.088631,0.040312,0.11339,0.66332,0.38486,0.2903,0.72516,0.44791,0.46562,0.40631,0.40527,0.59327,0.80567,0.50535,0.04788,0.65121,0.62519,0.9523,0.93195,0.61534,0.92732,0.4346,1.027,0.82538,1.2853,0.4298,0.95986,0.17162,0.65827,0.82521,1.0555,0.86224,1.1552,0.34471,0.34774,0.16086,0.26418,-0.032982,-0.28127,-0.37936,-0.14789,0.17319,0.19267,-0.53315,-0.23227,0.57852,0.28196,0.0022014,0.10789,-0.00069347,0.095364
0.43096,0.43912,0.28029,0.3425,0.17678,0.22076,0.49541,0.82787,0.54591,0.5632,0.27627,0.26618,0.59099,0.50741,0.30395,-0.084309,-0.053061,-0.47663,0.3795,0.48741,0.21678,-0.17167,0.46752,0.27679,0.41378,0.15999,0.26069,0.040278,0.26159,0.38244,1.0449,-0.056924,0.90386,0.56358,0,0.47747,0.57465,0.59875,0.50421,0.42396,0.38886,0.41566,0.47675,0.2794,1.2758,0.51817,-0.44323,0.16478,0.20212,0.18026,0.086513,0.028369,0.71679,0.53957,0.44621,0.39781,0.12615,0.13144,-0.14762,0.1576,0.36906,0.35949,0.37885,0.3687,0.19344,0.01791,0.14228,0.10497,-0.3523,0.64755,0.55445,0.68475,0.78311,0.2696,0.60383,0.34101,0.73731,0.31097,0.47361,0.21993,0.60627,0.15671,-0.025219,0.2337,0.4748,0.37621,0.68354,-0.19626,0.043233,-0.16885,-0.032857,0.37749,-0.095336,0.011714,0.046099,0.84291,0.40641,-0.18236,-0.15117,-0.0014654,0.17307,-0.15427,0.21682,0.39392,-0.19701
-0.27592,0.29309,0.28364,0.11175,-0.50133,-0.063127,-0.39227,0.21517,-0.23327,0.59744,-0.32019,0.16179,0.31906,0.32365,0.89667,0.73708,0.49977,0.14133,0.61157,0.80626,0.70287,0.24207,0.44496,0.78029,-0.48316,0.48779,0.77574,0.38454,0.36449,0.85747,0.38424,0.46571,0.59692,0.75818,0.47747,0,-0.26786,0.046667,-0.45204,-0.15255,-0.37792,0.17126,0.1314,0.36444,0.58468,1.0519,0.049301,0.52145,0.59996,-0.080291,0.085957,0.60693,0.053832,0.59175,0.31184,0.26242,0.33791,0.68985,0.54025,0.16355,0.83549,0.53962,0.6668,0.48734,0.93189,0.54805,0.70197,0.39794,0.31421,0.81794,0.77508,0.80128,0.89475,0.6424,0.7354,-0.11047,0.50462,0.22727,0.45363,0.064119,0.46185,0.056922,0.2762,0.22679,0.42017,0.3236,0.6055,0.36955,0.38263,0.072497,-0.10682,-0.38653,-0.49256,-0.31349,-0.024012,-0.091636,-0.21746,-0.3546,-0.20584,0.62206,0.71539,0.30824,0.50989,0.22369,0.31183
0.8138,0.13396,0.13019,0.50812,0.74619,0.34652,1.1628,0.6485,1.0482,0.36752,0.96102,0.48555,0.2566,0.30495,-0.012098,-0.39837,-0.17695,-0.25589,0.076315,0.15169,-0.090563,-0.30968,0.297,-0.030159,1.0306,0.14109,-0.0078773,0.11665,0.18159,-0.032851,0.556,-0.25163,0.38815,0.1996,0.57465,-0.26786,0,1.2405,1.1658,0.97974,0.73873,0.52297,0.2453,-0.045178,0.27666,-0.039377,-0.4226,-0.16183,0.13379,0.52875,0.29484,-0.26122,0.58469,0.098321,0.17688,-0.11039,-0.36007,-0.3332,-0.45075,0.36054,0.1116,-0.069054,-0.16678,0.17053,-0.29433,-0.39958,-0.25999,-0.0052956,-0.42261,0.13293,0.075211,0.1415,0.12476,-0.33235,-0.070143,0.67184,0.39301,0.29126,0.34484,0.2652,0.45866,0.14839,0.10111,0.16488,0.25905,0.31905,0.34956,-0.62114,-0.38515,-0.28442,0.15098,0.52678,0.23656,0.29088,0.28082,0.96833,0.81454,-0.066787,-0.10125,-0.25619,-0.44112,-0.36615,-0.22326,0.14358,-0.26512
0.72735,0.37956,0.37094,0.72209,0.56866,0.42222,0.63303,0.81134,0.72778,0.57021,0.73539,0.65267,0.29261,0.38201,0.15061,-0.2283,0.067272,-0.15158,0.33245,0.35181,0.11992,-0.34317,0.56958,0.26633,0.68812,0.42072,0.11373,0.1444,0.16959,0.11456,0.59159,-0.025331,0.54016,0.38564,0.59875,0.046667,1.2405,0,0.78324,1.0182,0.49933,0.66212,0.22394,0.20208,0.3864,0.28197,-0.2317,0.14303,0.2919,0.52615,0.32911,-0.096524,0.70126,0.41619,0.45595,0.017281,-0.21006,-0.051177,-0.13273,0.49736,0.29867,-0.068913,-0.11604,0.13488,-0.22054,-0.17794,-0.019605,-0.013931,-0.30824,0.25043,0.16009,0.1806,0.28314,-0.17183,0.046826,0.52783,0.57451,0.38749,0.48356,0.41277,0.75062,0.39068,0.27271,0.29177,0.47645,0.4565,0.58499,-0.35187,-0.13987,-0.26135,0.16473,0.14809,-0.11892,0.27204,0.34209,0.63209,0.80897,-0.059324,0.022731,-0.13836,-0.30204,-0.30837,-0.22232,0.10593,-0.090161
0.94419,0.11219,0.047976,0.37411,0.7075,0.24692,1.2012,0.48936,0.81568,0.012782,0.74829,0.14908,0.13818,0.16684,-0.24543,-0.66536,-0.36687,-0.57807,-0.17615,-0.20571,-0.24645,-0.44351,0.042624,-0.25716,1.3825,-0.073613,-0.26946,-0.12466,0.10083,-0.12825,0.39078,-0.40222,0.1725,-0.031662,0.50421,-0.45204,1.1658,0.78324,0,1.082,1.1078,0.50557,0.3007,-0.0080222,0.18787,-0.28653,-0.48818,-0.3028,-0.19898,0.32371,0.14772,-0.42006,0.64012,0.054411,0.27486,-0.0023479,-0.22957,-0.34668,-0.56649,0.069561,-0.23339,-0.1592,-0.26903,0.00070224,-0.5471,-0.58647,-0.45405,-0.19403,-0.68049,-0.051493,-0.083339,-0.13247,-0.094306,-0.53115,-0.2165,0.59193,0.16403,0.058238,0.059497,0.23368,0.12739,0.084031,-0.21546,-0.031877,0.058404,0.059506,0.038393,-0.58165,-0.43768,-0.28246,0.13904,0.51742,0.29801,0.37422,0.078268,0.7425,0.4749,0.19915,0.07299,-0.5094,-0.41684,-0.34573,-0.39405,0.25057,-0.39989
0.80129,0.33058,0.069218,0.36112,0.60561,0.53849,0.75294,0.71826,0.56886,0.29837,0.45636,0.28046,0.063675,0.11142,0.02967,-0.28746,0.093913,-0.098175,0.11538,0.082996,-0.026492,-0.32233,0.2743,0.088523,0.90924,0.3782,-0.019147,0.065155,0.060818,-0.02815,0.31161,-0.2316,0.15676,0.054842,0.42396,-0.15255,0.97974,1.0182,1.082,0,1.0335,0.9747,0.48017,0.39283,0.17435,0.033291,-0.23319,-0.057794,-0.11196,0.23459,0.18597,-0.33954,0.70065,0.38322,0.27457,0.11173,-0.0048049,-0.052065,-0.14008,0.087491,-0.019573,-0.17529,-0.24955,-0.0085452,-0.25387,-0.25174,-0.085781,-0.20596,-0.39631,0.0025783,-0.066529,-0.045148,0.027568,-0.41349,-0.17615,0.27213,0.31541,0.056262,0.19102,0.19064,0.24562,0.13433,0.10148,-0.0369,0.22658,0.083666,0.18035,-0.35314,-0.1687,-0.33722,0.2091,0.044165,-0.11161,0.38283,0.27038,0.48497,0.51488,0.061742,-0.025434,-0.42425,-0.23799,-0.35216,-0.24831,0.28767,-0.09376
0.6946,0.24212,-0.14046,0.093915,0.55562,0.38512,0.89057,0.4787,0.38417,-0.070428,0.22759,-0.10651,-0.043462,-0.094806,-0.072916,-0.47499,-0.093915,-0.18296,-0.059172,-0.16862,0.026345,-0.204,0.19343,-0.0072544,1.1658,0.027781,-0.083128,-0.091483,0.14044,-0.14782,0.40129,-0.2429,-0.015204,-0.19662,0.38886,-0.37792,0.73873,0.49933,1.1078,1.0335,0,0.71729,0.76489,0.38252,0.13742,-0.17631,-0.24583,-0.31599,-0.37178,-0.0058601,-0.11563,-0.50416,0.47832,0.11234,0.043353,0.32221,0.13297,-0.26175,-0.40893,-0.12514,-0.27913,-0.11083,-0.1154,-0.024179,-0.22255,-0.41856,-0.35644,-0.22347,-0.36364,0.0035564,-0.091841,-0.083318,-0.047804,-0.51461,-0.27892,0.091638,0.02121,-0.15594,-0.055296,-0.034452,-0.055824,-0.039768,-0.21097,-0.090721,0.046701,-0.088272,-0.055167,-0.39546,-0.21219,-0.40476,0.061505,0.28294,0.09487,0.42962,0.13088,0.51762,0.33923,-0.011834,-0.13592,-0.42796,-0.15787,-0.13408,-0.0042117,0.26168,-0.36183
0.45324,0.45107,0.047602,0.1508,0.54864,0.72857,0.44577,0.80732,0.19913,0.53223,0.24436,0.36803,0.066736,0.043648,0.33869,0.049805,0.35456,0.053314,0.4448,0.38081,0.35832,-0.0037721,0.63993,0.67093,0.50828,0.79747,0.38768,0.31292,0.1755,0.15746,0.26663,0.016384,0.2482,0.15416,0.41566,0.17126,0.52297,0.66212,0.50557,0.9747,0.71729,0,0.42248,0.66509,0.18059,0.29307,-0.15794,0.0095688,0.10005,0.26059,0.30443,-0.29269,0.59681,0.64554,0.29262,0.23739,0.12784,0.087584,0.0071884,0.165,0.26815,0.087918,0.084304,0.059272,-0.009338,-0.11054,0.093663,-0.041418,-0.18813,0.1882,0.10876,0.044897,0.20514,-0.22817,-0.01999,0.084952,0.50144,0.08798,0.2302,0.13406,0.30723,-0.0040898,0.18824,0.063427,0.37391,0.26053,0.32109,-0.17852,-0.0049534,-0.38644,0.027374,-0.28949,-0.22511,0.23699,0.23804,0.24286,0.21817,-0.27919,-0.10799,-0.053082,0.099144,0.060837,0.15316,0.10562,0.082462
0.34405,0.51767,-0.1048,0.020102,-0.060361,0.11505,0.27188,0.35888,0.036971,-0.11859,-0.33852,-0.33322,-0.085775,-0.15058,0.24333,-0.12457,0.07706,0.065507,0.11178,0.054178,0.14824,-0.12594,0.15617,0.10666,0.27661,-0.10154,0.12776,-0.048856,0.27096,0.095093,0.63761,-0.040067,0.013253,-0.024032,0.47675,0.1314,0.2453,0.22394,0.3007,0.48017,0.76489,0.42248,0,0.80004,0.48105,0.17372,0.11486,0.015234,-0.22842,-0.52238,-0.55021,-0.13742,0.31407,0.31968,0.11052,0.62812,0.53753,0.1375,-0.0029137,-0.29364,-0.11596,0.05815,0.17851,0.057792,0.36687,0.01632,-0.0013984,-0.061345,0.079105,0.37596,0.2268,0.352,0.38283,-0.0080846,0.14769,-0.20938,0.003642,-0.22105,0.03677,-0.18683,-0.056591,-0.050832,-0.1552,-0.20684,0.055655,-0.22653,0.090497,-0.029642,0.12466,-0.10226,0.11596,0.023589,-0.31654,0.41188,0.32242,0.43474,0.36226,-0.10519,-0.1991,-0.16304,0.25547,-0.14046,0.28747,0.42658,-0.23708
0.15992,0.78814,0.13633,-0.010947,-0.060682,0.4844,-0.15985,0.46824,-0.27727,0.18129,-0.41384,-0.10193,-0.040223,-0.1103,0.41687,0.11948,0.57733,0.29091,0.46526,0.27249,0.41097,0.024437,0.43169,0.53561,0.028679,0.45538,0.38567,0.15755,0.047789,0.20753,0.27581,0.36201,0.14973,0.043119,0.2794,0.36444,-0.045178,0.20208,-0.0080222,0.39283,0.38252,0.66509,0.80004,0,0.36887,0.54884,0.16883,0.28568,-0.12793,-0.25236,-0.14256,-0.050387,0.36219,0.7933,0.24308,0.9607,0.84816,0.44761,0.42894,-0.25602,0.017042,0.19523,0.25605,-0.086698,0.34946,0.28073,0.35705,0.028734,0.25255,0.34494,0.22687,0.16059,0.33134,0.14977,0.14941,-0.34439,0.28187,-0.0054241,0.14147,0.029049,0.158,0.078757,0.061857,0.053674,0.25555,0.060678,0.26268,0.27993,0.60866,-0.31765,-0.10075,-0.51606,-0.67525,0.11475,0.10425,-0.01605,0.17297,-0.083614,-0.081848,-0.094538,0.29835,0.089027,0.37618,0.1865,-0.12138
0.27206,0.62801,0.42708,0.36207,-0.089016,0.10485,0.19781,0.6598,0.45981,0.45703,0.13299,0.32175,0.71632,0.61451,0.3394,-0.092811,0.19966,-0.19321,0.676,0.6375,0.23011,-0.24622,0.54508,0.2599,0.19392,0.14738,0.27776,-0.066212,0.19154,0.42145,1.1739,0.040109,0.96065,0.69068,1.2758,0.58468,0.27666,0.3864,0.18787,0.17435,0.13742,0.18059,0.48105,0.36887,0,0.82505,-0.13658,0.60875,0.29847,0.10751,0.038396,0.11872,0.53304,0.58472,0.28932,0.5198,0.37841,0.52024,0.2459,0.16125,0.30072,0.43896,0.46056,0.1028,0.27025,0.43571,0.48323,0.27504,-0.046256,0.78914,0.6301,0.93531,1.0409,0.75608,1.054,0.27769,0.85869,0.57304,0.78027,0.37563,0.7718,0.19409,0.073936,0.46961,0.66489,0.52751,0.89686,0.24267,0.45387,-0.027832,0.084655,0.24607,-0.31477,-0.091557,0.015342,0.67585,0.49729,-0.1204,0.08957,0.094788,0.23506,-0.25505,0.21451,0.36886,-0.050041
