,,,,,,,,,,,,,,,,,,,,,,,,,,,,,,,,,,,,,,,,,,,,,,,,,,,,,,,,,,,,,,,,,,,,,,,,,,,,,,,,,,,,,,,,,,,,,,,,,,,,,,,,
0,1.0428,-0.083872,0.24732,1.0912,0.95823,1.2035,1.2053,0.98145,0.34112,0.68414,0.50826,0.37335,0.41925,0.16435,-0.11989,0.25466,0.21526,0.20475,0.13375,0.20989,-0.030115,0.49054,0.26184,0.81792,0.24473,0.23589,0.27321,0.31127,-0.19702,0.79687,-0.14868,0.4045,0.38242,0.816,0.049784,0.64078,0.62802,0.76467,0.41592,1.0352,0.48482,0.7206,0.42781,0.62713,0.33629,-0.44352,0.033697,0.26536,0.47665,0.47786,-0.52608,1.3932,0.64915,0.1236,0.18987,-0.079643,-0.15409,-0.26071,0.42281,0.24044,0.1992,0.24486,-0.47875,-0.35502,0.005567,0.052457,-0.018562,0.1898,0.26765,0.33455,0.33418,0.48333,0.28212,0.55429,0.56408,0.6072,0.29943,0.50484,0.21749,0.38007,-0.15075,0.14191,0.2714,0.37446,0.32326,0.21578,-0.35944,-0.16154,-0.089471,0.50192,0.52571,-0.091068,0.54135,0.3555,0.58628,0.27585,-0.40795,-0.094925,-0.037084,0.19627,-0.17098,-0.098102,-0.33427,-0.31381
1.0428,0,0.084708,0.21594,0.70298,1.2435,0.49582,1.1942,0.486,0.59646,0.27503,0.57398,0.59337,0.61048,0.4408,0.18798,0.73844,0.48735,0.72111,0.56216,0.38033,0.016044,0.80484,0.6553,0.26669,0.48981,0.47796,0.26171,0.18444,-0.038011,0.69986,0.032147,0.56818,0.62022,0.80951,0.48365,0.15494,0.3366,0.15432,0.10125,0.43262,0.36999,0.74248,0.7563,0.98397,0.87102,-0.11919,0.49381,0.38623,0.35341,0.48694,-0.25018,1.1591,1.3241,0.15893,0.43652,0.30816,0.32372,0.21091,0.34465,0.44311,0.3222,0.47066,-0.65277,-0.006808,0.50044,0.54751,0.11883,0.4206,0.42918,0.44912,0.56535,0.77666,0.67451,0.90717,0.1878,0.89162,0.47253,0.79373,0.25676,0.51933,-0.014542,0.41187,0.45663,0.68083,0.47901,0.57261,0.12966,0.36759,-0.045924,0.44403,0.0008702,-0.45897,0.26854,0.36081,0.28664,0.36105,-0.3413,0.068162,0.060354,0.42596,-0.097727,0.11962,-0.26477,-0.03589
-0.083872,0.084708,0,1.2232,-0.15727,-0.079507,-0.24099,0.018127,0.202,0.33542,0.040959,0.38129,0.35956,0.32662,0.22263,-0.097047,0.25893,0.012104,0.42461,0.50047,0.072269,-0.3057,0.43969,0.17361,-0.10946,0.19648,0.072978,-0.12256,-0.035109,0.32506,0.24962,0.18988,0.61372,0.34379,0.33898,0.39453,0.026569,0.24283,-0.076729,-0.048535,-0.20924,-0.036148,-0.10481,0.076829,0.48985,0.41689,0.30264,0.39843,0.68353,0.14392,0.13664,0.64728,0.14035,0.27749,0.46298,0.30476,0.39813,0.59625,0.46953,0.40306,0.16876,-0.093103,-0.057617,0.021189,-0.079509,0.43813,0.44223,0.099376,-0.05846,0.09543,0.0032831,0.081355,0.13907,0.37617,0.28675,0.51194,0.36172,0.79989,0.46488,1.3652,0.66646,1.3626,0.33529,0.45942,0.26275,0.67358,0.48063,0.37857,0.50772,0.13083,0.036514,-0.19561,-0.16329,-0.41123,-0.050349,0.051494,0.31328,0.19004,0.13593,0.054102,-0.31299,-0.13944,-0.16011,0.46574,-0.020101
0.24732,0.21594,1.2232,0,0.077998,0.032182,0.046784,0.17141,0.53572,0.29546,0.2562,0.50449,0.27708,0.32505,0.22565,-0.16402,0.19782,0.097118,0.34189,0.43957,-0.00099395,-0.38643,0.48439,0.15237,0.14663,0.16092,0.04318,-0.040563,0.06866,0.21297,0.37552,-0.043259,0.54574,0.35558,0.43732,0.22745,0.27721,0.51375,0.20462,0.19005,0.044029,0.09187,0.10248,0.023898,0.5351,0.29701,0.30938,0.31448,0.80449,0.18883,0.13386,0.39974,0.36864,0.28541,0.43902,0.069666,0.10446,0.36673,0.25415,0.60964,0.22353,-0.17784,-0.16375,-0.12715,-0.31826,0.30804,0.3081,0.030615,-0.032163,0.055532,-0.011995,0.061119,0.12581,0.30936,0.30599,0.72969,0.38853,0.63555,0.50386,1.1601,0.65921,1.005,0.38792,0.29741,0.26176,0.50989,0.42515,0.13234,0.15522,0.19014,0.25824,-0.0358,-0.11275,-0.044259,0.28117,0.30403,0.56959,0.18263,0.22112,-0.038667,-0.36805,-0.25657,-0.36352,0.44552,0.020775
1.0912,0.70298,-0.15727,0.077998,0,1.2514,1.2777,1.0861,0.91202,0.52842,1.0324,0.79943,0.57299,0.54022,0.088486,0.0065848,0.22699,0.17765,0.3244,0.29858,0.13822,-0.073539,0.61453,0.38387,0.83722,0.32557,0.27173,0.26493,0.2285,-0.30898,0.49966,-0.25427,0.52338,0.47002,0.67075,-0.0080403,0.63297,0.54537,0.56188,0.20896,0.73966,0.37305,0.27759,0.082679,0.38924,0.23369,-0.52029,0.025726,0.19222,0.91697,0.79158,-0.60664,1.043,0.47142,0.027597,0.01968,-0.28976,-0.33739,-0.49155,0.52036,0.38369,0.25877,0.25048,-0.40593,-0.49113,-0.051563,0.0072633,-0.013967,0.091888,0.21267,0.21187,0.288,0.3353,0.19089,0.4041,0.53363,0.64804,0.37107,0.49862,0.2032,0.45854,-0.14915,0.38669,0.39395,0.5985,0.45705,0.3022,-0.4225,-0.26672,-0.20545,0.33606,0.36255,-0.15679,0.29082,0.20611,0.34511,0.2183,-0.43367,-0.006077,0.097687,0.049854,-0.10151,-0.12335,-0.5302,-0.10551
0.95823,1.2435,-0.079507,0.032182,1.2514,0,0.72693,1.5045,0.59268,0.86034,0.53922,0.8311,0.67671,0.64839,0.36356,0.26334,0.63174,0.41613,0.69808,0.61572,0.40653,0.14724,0.88347,0.76377,0.43238,0.66561,0.56266,0.37942,0.20584,-0.10478,0.52282,-0.031297,0.61969,0.6029,0.81459,0.36172,0.28348,0.35758,0.20331,0.08635,0.474,0.40564,0.3966,0.40418,0.68303,0.69294,-0.33618,0.29912,0.33282,0.70334,0.84218,-0.39225,1.1865,0.98126,0.047083,0.21952,-0.00031506,0.028542,-0.066844,0.43744,0.56006,0.41638,0.5111,-0.61451,-0.15502,0.30257,0.38533,0.092304,0.31764,0.36814,0.39196,0.46476,0.62193,0.49344,0.68654,0.20678,0.98165,0.43642,0.699,0.15629,0.53299,-0.15415,0.4773,0.4721,0.78299,0.56248,0.55349,-0.076523,0.12399,-0.27739,0.25192,0.049188,-0.39813,0.13413,0.21077,0.23197,0.2357,-0.42023,0.058673,0.10337,0.33304,-0.0043247,0.16312,-0.41505,0.084509
1.2035,0.49582,-0.24099,0.046784,1.2777,0.72693,0,0.94029,1.0627,0.29318,1.0602,0.50448,0.41671,0.40743,0.016059,-0.19195,0.050686,0.058296,0.071944,0.038634,0.12335,-0.076395,0.36195,0.11665,1.2799,0.14921,0.15978,0.24854,0.39102,-0.24449,0.78938,-0.21235,0.39534,0.35757,0.69454,-0.14148,1.115,0.72259,0.9846,0.46974,1.3432,0.44912,0.53564,0.11488,0.33497,0.10436,-0.69958,-0.15385,0.040788,0.6796,0.53849,-0.69034,0.79401,0.23937,-0.011422,0.037153,-0.29468,-0.4341,-0.6112,0.36845,0.18116,0.23835,0.2066,-0.15791,-0.35051,-0.24195,-0.17911,-0.0019292,0.028478,0.28679,0.2866,0.38576,0.39414,0.031115,0.3029,0.65004,0.43051,0.26939,0.40995,0.11934,0.3324,-0.25678,0.13235,0.2871,0.38621,0.32752,0.1527,-0.5865,-0.42057,-0.17748,0.41504,0.72236,0.00039968,0.45165,0.17557,0.61358,0.1744,-0.53355,-0.23899,0.07538,0.066736,-0.16187,-0.10894,-0.44821,-0.37534
1.2053,1.1942,0.018127,0.17141,1.0861,1.5045,0.94029,0,0.77142,0.87941,0.62929,0.82713,0.62058,0.6111,0.35588,0.1047,0.5148,0.27606,0.61678,0.54312,0.44121,0.050072,0.89385,0.63697,0.65066,0.69999,0.50385,0.3711,0.27913,0.0022606,0.86517,0.04384,0.71713,0.62166,1.2404,0.40483,0.60634,0.73265,0.4932,0.40128,0.78445,0.65114,0.64586,0.59822,0.87955,0.74381,-0.44032,0.25761,0.32615,0.66116,0.71956,-0.39431,1.3838,0.98543,0.21073,0.35186,0.046747,0.035748,-0.081495,0.4237,0.51023,0.37675,0.4362,-0.34609,-0.091773,0.19233,0.31202,0.050077,0.18704,0.50105,0.48299,0.6245,0.82842,0.42375,0.69726,0.34337,1.0579,0.49157,0.76534,0.2439,0.67877,-0.079097,0.35287,0.4719,0.75661,0.59523,0.60849,-0.19386,0.099237,-0.26428,0.32608,0.20329,-0.36305,0.25796,0.28503,0.48747,0.32354,-0.49331,-0.087396,0.058468,0.28278,-0.13044,0.12956,-0.33438,-0.12746
0.98145,0.486,0.202,0.53572,0.91202,0.59268,1.0627,0.77142,0,0.42656,1.249,0.88851,0.60107,0.60451,0.092987,-0.1741,0.24115,0.2391,0.30268,0.30483,0.030723,-0.21085,0.54309,0.13077,0.98646,0.21635,0.13212,0.15556,0.20439,-0.13222,0.74905,-0.28822,0.67964,0.53273,0.80206,-0.056243,0.8885,0.75614,0.73218,0.3319,0.70703,0.18838,0.32468,-0.045473,0.65073,0.27039,-0.32921,0.17579,0.29764,0.73716,0.56267,-0.4259,0.8044,0.21358,-0.041198,-0.089896,-0.27025,-0.098332,-0.22474,0.72961,0.3022,0.19715,0.096533,-0.37531,-0.65429,0.11686,0.14614,0.022795,0.084077,0.22093,0.19931,0.39324,0.39831,0.38314,0.5674,0.97762,0.7074,0.64529,0.69766,0.60505,0.73658,0.13983,0.46024,0.42099,0.57458,0.56726,0.38718,-0.25032,-0.15545,-0.022658,0.49134,0.53998,-0.20997,0.20276,0.16358,0.57883,0.46218,-0.26562,0.049645,0.098669,-0.095644,-0.3151,-0.26595,-0.22722,-0.15291
0.34112,0.59646,0.33542,0.29546,0.52842,0.86034,0.29318,0.87941,0.42656,0,0.41351,1.1394,0.77679,0.77253,0.50878,0.42418,0.75053,0.34102,0.96492,1.1864,0.6691,0.25083,1.0963,1.0222,0.20215,1.1387,0.63158,0.34812,0.071454,0.26042,0.44685,0.23885,0.93882,0.85061,0.89933,0.82792,0.22985,0.47477,0.023719,0.10296,0.12853,0.41973,0.12147,0.30503,0.75918,1.1347,-0.26628,0.47556,0.59989,0.70774,0.90757,-0.010997,0.53533,0.6884,0.086533,0.21011,0.05677,0.29552,0.20715,0.47383,0.89033,0.32441,0.41792,-0.10498,0.14004,0.50336,0.71247,0.074472,0.12617,0.44019,0.38635,0.66331,0.86808,0.57621,0.75964,0.19359,1.2226,0.73918,0.8768,0.41185,1.0055,0.26977,0.75301,0.65295,0.98914,0.98215,1.0086,0.051312,0.28034,-0.19224,0.14531,-0.18191,-0.49261,-0.29259,0.063825,0.049218,0.18547,-0.45649,-0.11575,0.27927,0.23584,0.016828,0.26813,-0.24169,0.12515
0.68414,0.27503,0.040959,0.2562,1.0324,0.53922,1.0602,0.62929,1.249,0.41351,0,0.89683,0.68412,0.68867,0.067418,-0.061289,0.16161,0.10205,0.2732,0.23666,0.14759,-0.14441,0.49486,0.16973,1.0626,0.23495,0.20044,0.30583,0.30196,-0.010942,0.60297,-0.081718,0.74019,0.64617,0.58854,-0.069442,0.92605,0.80969,0.67429,0.2175,0.56188,0.10474,0.012822,-0.26767,0.37355,0.16575,-0.55952,0.13822,0.16185,1.3469,0.86484,-0.53899,0.52303,0.029712,-0.067437,-0.27111,-0.55147,-0.26358,-0.41825,0.67286,0.402,0.38665,0.22297,-0.12574,-0.59952,-0.069179,0.0022975,0.19179,0.074045,0.37298,0.33696,0.42713,0.37045,0.20753,0.37033,0.96732,0.66174,0.57903,0.60949,0.43382,0.75482,-0.040411,0.47797,0.54398,0.67955,0.60875,0.41479,-0.3237,-0.28549,-0.17273,0.25648,0.48182,-0.23244,0.052097,-0.10625,0.33585,0.23253,-0.3623,0.013374,0.32924,-0.069591,-0.039515,-0.19111,-0.49591,-0.13657
0.50826,0.57398,0.38129,0.50449,0.79943,0.8311,0.50448,0.82713,0.88851,1.1394,0.89683,0,0.87204,0.87444,0.34794,0.22293,0.76899,0.52421,1.0029,0.97935,0.4123,-0.026327,1.3222,0.71044,0.45407,0.85408,0.44469,0.2814,0.095422,0.088738,0.50488,0.059544,1.0883,0.99154,0.72088,0.44311,0.42319,0.65388,0.18844,0.095308,0.25002,0.23017,0.042956,0.033262,0.7048,0.7821,-0.11316,0.6381,0.62195,1.064,1.012,-0.19796,0.60439,0.42801,-0.035486,-0.036543,-0.13264,0.24903,0.16529,0.90834,0.80339,0.29349,0.25264,-0.3163,-0.2997,0.53432,0.64784,0.12173,0.20413,0.358,0.26587,0.60204,0.66121,0.71221,0.79647,0.51609,1.2649,1.0313,1.1617,0.70041,1.4063,0.29082,1.1263,0.83972,1.278,1.0707,0.88224,0.10876,0.22459,-0.022094,0.38372,-0.050857,-0.58815,-0.16088,0.13068,0.078822,0.33353,-0.41546,0.10171,0.37463,0.034986,-0.083899,-0.022948,-0.3721,0.1674
0.37335,0.59337,0.35956,0.27708,0.57299,0.67671,0.41671,0.62058,0.60107,0.77679,0.68412,0.87204,0,2.0913,0.28922,0.19338,0.58959,0.22611,0.85964,0.76477,0.24674,-0.10471,0.71505,0.46184,0.34413,0.39372,0.36654,0.14326,0.15705,0.20544,0.64629,0.1044,1.3557,1.3067,0.81452,0.46411,0.21939,0.30306,0.066059,-0.15282,0.1141,-0.071623,0.077721,-0.0020272,0.872,0.75657,-0.2776,0.70391,0.2512,1.0259,1.0715,-0.13691,0.43405,0.42031,0.0088915,0.13242,0.070813,0.3827,0.12809,0.37819,0.48582,0.52576,0.54642,-0.30508,-0.10267,0.59176,0.66373,0.38176,0.23924,0.52199,0.4887,0.76935,0.75905,0.71995,0.86831,0.49834,1.0554,1.0826,1.2772,0.61113,0.92038,0.21226,0.76721,1.04,1.375,1.0496,1.0817,0.30213,0.35617,-0.060938,0.25745,0.0058328,-0.47931,-0.44711,-0.33239,0.086905,0.2932,-0.24946,0.12922,0.27863,0.16872,-0.029724,-0.039628,-0.243,0.057319
0.41925,0.61048,0.32662,0.32505,0.54022,0.64839,0.40743,0.6111,0.60451,0.77253,0.68867,0.87444,2.0913,0,0.29831,0.21401,0.61211,0.24783,0.81219,0.72398,0.30353,-0.050348,0.67228,0.45067,0.34693,0.41011,0.36484,0.18787,0.18399,0.28302,0.63121,0.16373,1.2768,1.501,0.79204,0.5197,0.19495,0.33764,0.094031,-0.10432,0.10138,-0.075512,0.082346,-0.020401,0.89853,0.78656,-0.26949,0.76934,0.31125,1.0237,1.1597,-0.13522,0.41958,0.40265,-0.014961,0.048361,0.0072429,0.42762,0.17532,0.36192,0.50212,0.4906,0.5296,-0.32735,-0.078281,0.63014,0.72513,0.39735,0.27414,0.53353,0.53674,0.79355,0.83212,0.75572,0.93704,0.50783,1.0815,0.99589,1.3833,0.57073,0.91082,0.16928,0.76348,0.99292,1.3539,0.96484,1.0867,0.31751,0.31473,-0.018581,0.31081,-0.0057572,-0.47333,-0.45056,-0.31151,0.053798,0.28005,-0.26185,0.12477,0.25937,0.1897,-0.021539,-0.094435,-0.2317,0.083588
0.16435,0.4408,0.22263,0.22565,0.088486,0.36356,0.016059,0.35588,0.092987,0.50878,0.067418,0.34794,0.28922,0.29831,0,1.0776,0.74827,0.68905,0.67176,0.84011,0.84773,0.49155,0.65661,1.108,-0.21379,0.61598,1.7392,1.1514,0.88961,0.85884,0.5765,0.58025,0.52931,0.52144,0.38472,0.8072,0.055145,0.21376,-0.39147,-0.31356,-0.1469,0.034861,0.17952,0.20018,0.36173,0.77978,0.12398,0.2853,0.78289,0.21191,0.28738,0.43235,0.28147,0.50998,0.25444,-0.12004,-0.12776,0.2478,0.27157,0.69742,1.1492,0.91958,1.0632,-0.10858,0.35564,0.29407,0.33587,0.85751,1.0133,0.97579,1.0166,0.54822,0.53191,0.35604,0.34887,0.062758,0.4311,0.25097,0.4653,0.066769,0.46337,-0.051179,0.4999,0.16845,0.4094,0.44826,0.6978,0.21044,0.13446,-0.39835,-0.28583,-0.4768,-0.61087,-0.070177,0.097275,0.093978,0.20158,-0.012511,0.26472,0.70425,0.69889,0.64162,0.7378,-0.015437,0.44139
-0.11989,0.18798,-0.097047,-0.16402,0.0065848,0.26334,-0.19195,0.1047,-0.1741,0.42418,-0.061289,0.22293,0.19338,0.21401,1.0776,0,0.59805,0.66787,0.4605,0.64815,0.60135,0.68213,0.32259,0.89603,-0.52397,0.51772,1.06,0.90652,0.5062,0.63262,0.062297,0.47087,0.2753,0.4302,0.069023,0.79934,-0.31118,-0.14221,-0.76009,-0.6296,-0.48267,-0.20758,-0.16718,-0.069451,0.035164,0.53236,0.12792,0.2733,0.41017,0.13623,0.27727,0.31573,-0.00773,0.23552,0.026257,-0.3855,-0.30428,0.17022,0.24866,0.42746,1.111,0.79283,0.87492,-0.084244,0.38644,0.31593,0.35212,0.59078,0.88423,0.56192,0.6633,0.38547,0.34612,0.33965,0.27209,-0.27088,0.22603,-0.019707,0.20347,-0.25054,0.18754,-0.24819,0.55931,-0.01746,0.3256,0.15285,0.42267,0.25119,0.039082,-0.19831,-0.30666,-0.7623,-0.66222,-0.25606,-0.057633,-0.39042,-0.14622,-0.037719,0.26119,0.78324,0.88204,0.73826,0.65221,-0.24253,0.67895
0.25466,0.73844,0.25893,0.19782,0.22699,0.63174,0.050686,0.5148,0.24115,0.75053,0.16161,0.76899,0.58959,0.61211,0.74827,0.59805,0,1.1474,1.3045,0.96857,0.82948,0.29312,1.056,1.0291,-0.046082,1.0058,0.75366,0.40504,0.18445,0.2996,0.4058,0.36784,0.60576,0.79707,0.31977,0.78041,-0.10714,0.15716,-0.32362,-0.18576,-0.032662,0.090593,0.17021,0.35009,0.57805,1.3362,0.17548,0.95614,0.59406,0.38166,0.57839,0.028857,0.30998,0.59508,-0.18293,0.08467,0.24567,0.74831,0.79596,0.57928,0.7957,0.47495,0.55843,-0.46293,0.17826,1.0372,1.121,0.36003,0.71528,0.49976,0.46122,0.68208,0.78021,0.93447,0.83157,-0.026975,0.82762,0.66808,0.95912,0.33677,0.7382,0.09544,0.92319,0.69309,0.92571,0.73034,0.75461,0.64501,0.68972,-0.030093,0.27146,-0.46632,-0.89833,-0.19453,0.066974,-0.23306,0.085632,-0.35257,0.13372,0.56765,0.58676,0.22101,0.39838,-0.30177,0.38415
0.21526,0.48735,0.012104,0.097118,0.17765,0.41613,0.058296,0.27606,0.2391,0.34102,0.10205,0.52421,0.22611,0.24783,0.68905,0.66787,1.1474,0,0.69008,0.62531,0.508,0.352,0.64083,0.67595,-0.18458,0.54845,0.65922,0.49978,0.28143,0.12263,0.26216,0.2126,0.29314,0.47188,0.053402,0.4459,-0.11151,-0.007904,-0.43856,-0.37569,-0.072617,-0.13895,0.16772,0.09101,0.24097,0.65312,0.40209,0.56868,0.5575,0.13403,0.23523,0.041205,0.17957,0.24945,-0.35109,-0.21991,-0.030652,0.36427,0.5395,0.71768,0.7132,0.41494,0.43086,-0.50898,0.10352,0.74758,0.65063,0.36312,1.0534,0.34677,0.33572,0.50664,0.45666,0.77407,0.57985,-0.10702,0.36798,0.31913,0.55476,0.070292,0.3863,-0.099996,0.83292,0.29054,0.49126,0.31514,0.33891,0.46162,0.32533,0.12196,0.28845,-0.38701,-0.71824,0.028248,0.31623,-0.23879,0.059118,-0.28972,0.20316,0.63976,0.55903,0.27091,0.4197,-0.36457,0.47098
0.20475,0.72111,0.42461,0.34189,0.3244,0.69808,0.071944,0.61678,0.30268,0.96492,0.2732,1.0029,0.85964,0.81219,0.67176,0.4605,1.3045,0.69008,0,1.5205,0.55169,0.024933,1.4149,1.0551,0.039428,0.97267,0.69447,0.29416,0.12454,0.33897,0.4784,0.26639,0.92426,0.92574,0.53926,0.75179,0.029832,0.30479,-0.25188,-0.12114,-0.057279,0.13527,0.14129,0.29259,0.79651,1.2441,0.20109,1.1088,0.55009,0.5723,0.65592,0.069465,0.38954,0.67308,0.030845,0.16678,0.23186,0.70607,0.59953,0.54983,0.78587,0.47438,0.51052,-0.38597,0.08917,0.9335,1.045,0.39907,0.45603,0.56537,0.43346,0.71433,0.74821,0.83502,0.74943,0.072287,1.0906,0.89689,1.1926,0.49469,1.0134,0.24267,1.0302,0.82612,1.3669,0.93159,1.3459,0.60123,0.73258,-0.12428,0.15816,-0.48647,-0.85125,-0.27487,0.077722,-0.0063497,0.44198,-0.16564,0.32639,0.36644,0.26824,0.07271,0.25606,-0.13474,0.44113
0.13375,0.56216,0.50047,0.43957,0.29858,0.61572,0.038634,0.54312,0.30483,1.1864,0.23666,0.97935,0.76477,0.72398,0.84011,0.64815,0.96857,0.62531,1.5205,0,0.50565,0.11556,1.1854,1.1476,-0.072842,0.86544,0.83238,0.38868,0.20117,0.42136,0.44548,0.24306,0.9526,0.8595,0.62209,0.87963,0.040357,0.27856,-0.32881,-0.20782,-0.16587,0.099362,0.094756,0.17507,0.73812,1.1387,0.16849,0.7538,0.77254,0.49292,0.57518,0.28238,0.37168,0.61924,0.11298,0.091399,0.10783,0.5181,0.43364,0.64077,1.0109,0.45881,0.52873,-0.26454,0.16367,0.76066,0.86028,0.38167,0.43866,0.56603,0.44354,0.67826,0.67606,0.7133,0.68804,0.12216,0.92081,0.80257,0.98192,0.47619,0.98038,0.34663,1.0995,0.58639,1.0614,0.90972,1.3874,0.38577,0.46583,-0.16146,0.042746,-0.51765,-0.75076,-0.33926,0.13718,0.02915,0.47791,-0.091926,0.29988,0.3944,0.21698,0.062397,0.26733,-0.036285,0.47804
0.20989,0.38033,0.072269,-0.00099395,0.13822,0.40653,0.12335,0.44121,0.030723,0.6691,0.14759,0.4123,0.24674,0.30353,0.84773,0.60135,0.82948,0.508,0.55169,0.50565,0,0.79555,0.6854,0.9997,0.042825,0.9773,1.0143,0.84346,0.49387,0.59768,0.45642,0.93246,0.4082,0.49896,0.29213,0.72013,0.10113,0.30637,-0.10894,-0.012402,0.10282,0.36063,0.094242,0.39456,0.26026,0.8823,-0.25782,0.23325,0.61028,0.39766,0.58477,0.07399,0.1589,0.39523,-0.060194,0.072585,-0.006968,0.22222,0.305,0.39454,0.78926,0.58403,0.73905,0.092098,0.48076,0.24298,0.38098,0.4583,0.53379,0.72064,0.77493,0.57163,0.74222,0.29686,0.38504,0.010009,0.53043,0.33414,0.47416,0.040904,0.49884,-0.1428,0.30457,0.49076,0.42883,0.62625,0.49992,0.10526,0.20831,-0.36265,-0.10415,-0.18262,-0.34072,-0.15439,-0.090359,-0.12375,-0.23269,-0.56677,-0.29173,0.68572,0.67912,0.65278,0.83621,-0.39302,0.026632
-0.030115,0.016044,-0.3057,-0.38643,-0.073539,0.14724,-0.076395,0.050072,-0.21085,0.25083,-0.14441,-0.026327,-0.10471,-0.050348,0.49155,0.68213,0.29312,0.352,0.024933,0.11556,0.79555,0,0.051148,0.44301,-0.2705,0.38129,0.63787,0.73599,0.35405,0.4073,-0.030368,0.60527,-0.053166,0.049911,-0.013795,0.35555,-0.25984,-0.30624,-0.32978,-0.33561,-0.15776,0.048064,-0.12696,0.048991,-0.0897,0.30792,-0.21405,-0.15381,0.30532,0.045042,0.27654,0.051091,-0.12981,0.011022,-0.32728,-0.22655,-0.26576,-0.056586,0.10775,0.079201,0.40621,0.47302,0.6356,-0.011523,0.42429,0.074461,0.13611,0.31913,0.49741,0.23422,0.45556,0.1362,0.2734,0.17194,0.1927,-0.24052,0.087124,-0.15736,-0.031265,-0.41422,-0.10494,-0.54238,-0.048635,-0.069683,-0.084434,0.082204,0.013779,0.009991,-0.069449,-0.2229,-0.30922,-0.10655,0.032384,-0.26853,-0.2369,-0.25106,-0.50326,-0.32834,-0.25376,0.41989,0.74287,0.78677,0.92555,-0.30821,0.10573
0.49054,0.80484,0.43969,0.48439,0.61453,0.88347,0.36195,0.89385,0.54309,1.0963,0.49486,1.3222,0.71505,0.67228,0.65661,0.32259,1.056,0.64083,1.4149,1.1854,0.6854,0.051148,0,1.1938,0.28336,1.1373,0.71437,0.39186,0.23047,0.19801,0.65271,0.22954,0.95584,0.83347,0.69203,0.61165,0.32595,0.60246,0.042956,0.078113,0.2578,0.41843,0.22814,0.37052,0.70938,1.0712,0.026661,0.6218,0.77932,0.73216,0.76358,-0.023472,0.65832,0.76143,0.12849,0.20079,0.10924,0.36211,0.30337,0.86785,0.89535,0.37144,0.41855,-0.28439,-0.057215,0.55482,0.65706,0.25509,0.34952,0.50739,0.39192,0.60376,0.70969,0.62368,0.68207,0.30111,1.1232,0.9285,1.0919,0.59423,1.166,0.29146,0.90221,0.85312,1.1147,1.1158,0.98506,0.20885,0.394,-0.14939,0.25153,-0.21435,-0.57287,-0.035842,0.25603,0.13933,0.35782,-0.37762,0.10687,0.40455,0.20862,0.10147,0.25364,-0.26705,0.18292
0.26184,0.6553,0.17361,0.15237,0.38387,0.76377,0.11665,0.63697,0.13077,1.0222,0.16973,0.71044,0.46184,0.45067,1.108,0.89603,1.0291,0.67595,1.0551,1.1476,0.9997,0.44301,1.1938,0,-0.066358,1.2452,1.203,0.71768,0.38175,0.41945,0.40169,0.41551,0.6062,0.63879,0.4605,0.88679,0.021581,0.2791,-0.28549,-0.15325,-0.014283,0.34867,0.11076,0.36822,0.3997,1.0469,0.0048583,0.41042,0.73523,0.46392,0.62215,0.14489,0.43637,0.77513,0.14906,0.06362,-0.0046861,0.27067,0.28091,0.65321,1.3092,0.57731,0.7328,-0.17861,0.2383,0.42483,0.53895,0.39,0.55908,0.59473,0.58246,0.50331,0.6156,0.43451,0.48599,-0.041467,0.72821,0.41226,0.61076,0.14241,0.62943,0.041009,0.71909,0.44374,0.73583,0.68,0.81109,0.17116,0.23767,-0.30678,-0.053978,-0.51454,-0.57916,-0.096007,0.1675,-0.079712,0.092923,-0.29327,0.10912,0.56234,0.60176,0.47289,0.60554,-0.28776,0.38752
0.81792,0.26669,-0.10946,0.14663,0.83722,0.43238,1.2799,0.65066,0.98646,0.20215,1.0626,0.45407,0.34413,0.34693,-0.21379,-0.52397,-0.046082,-0.18458,0.039428,-0.072842,0.042825,-0.2705,0.28336,-0.066358,0,0.10972,-0.087182,-0.016519,0.11362,-0.25539,0.58245,-0.28847,0.28738,0.20466,0.51523,-0.36934,1.1569,0.85074,1.449,0.79163,1.2046,0.51463,0.34419,0.067288,0.30776,-0.018706,-0.71267,-0.099774,-0.1056,0.68355,0.46453,-0.78367,0.53615,0.066851,-0.094186,0.062744,-0.2084,-0.33376,-0.50721,0.1985,-0.050843,0.035105,-0.060038,-0.069922,-0.5189,-0.29876,-0.20782,-0.1232,-0.27886,0.12725,0.077416,0.20751,0.22474,-0.11815,0.12992,0.69238,0.4107,0.33142,0.33841,0.27543,0.37059,-0.098446,0.011193,0.35884,0.34314,0.34613,0.14686,-0.5162,-0.3067,-0.2427,0.3533,0.85516,0.10721,0.35938,0.027651,0.68074,0.27578,-0.34767,-0.2007,-0.10375,-0.22939,-0.33637,-0.30076,-0.2701,-0.41727
0.24473,0.48981,0.19648,0.16092,0.32557,0.66561,0.14921,0.69999,0.21635,1.1387,0.23495,0.85408,0.39372,0.41011,0.61598,0.51772,1.0058,0.54845,0.97267,0.86544,0.9773,0.38129,1.1373,1.2452,0.10972,0,0.71105,0.46691,0.15173,0.36069,0.3112,0.41207,0.55476,0.57114,0.46009,0.7961,0.12307,0.43619,-0.058605,0.17165,0.1354,0.53197,0.053418,0.41076,0.4005,1.0319,-0.040365,0.48946,0.54919,0.50531,0.6944,-0.0097909,0.38631,0.61641,0.067425,0.099623,0.046232,0.37292,0.42249,0.5214,0.87119,0.34953,0.3999,-0.11918,0.13744,0.46447,0.64562,0.13691,0.26361,0.38789,0.36038,0.44851,0.63631,0.4518,0.47786,-0.068354,0.82913,0.45588,0.624,0.22175,0.71445,0.080653,0.59951,0.51829,0.75919,0.67154,0.68337,0.20637,0.33945,-0.22578,0.076272,-0.40648,-0.53993,-0.1551,0.096779,-0.12583,-0.019697,-0.40719,-0.022827,0.36905,0.43866,0.26179,0.43561,-0.27489,0.30818
0.23589,0.47796,0.072978,0.04318,0.27173,0.56266,0.15978,0.50385,0.13212,0.63158,0.20044,0.44469,0.36654,0.36484,1.7392,1.06,0.75366,0.65922,0.69447,0.83238,1.0143,0.63787,0.71437,1.203,-0.087182,0.71105,0,1.4002,0.92086,0.74983,0.5875,0.67691,0.58445,0.55382,0.43469,0.74116,0.11634,0.21488,-0.32109,-0.32502,-0.0561,0.075912,0.12926,0.18506,0.35966,0.80541,-0.080855,0.23043,0.71708,0.40874,0.49489,0.26864,0.3393,0.50317,0.12833,-0.092546,-0.19589,0.10915,0.14046,0.64435,1.1431,1.1473,1.345,-0.14233,0.35162,0.22969,0.29387,0.90622,1.019,1.1005,1.1658,0.62487,0.60968,0.35424,0.37113,0.070386,0.52737,0.2964,0.51051,-0.0042894,0.49409,-0.22113,0.46631,0.28299,0.49866,0.55449,0.72703,0.11559,0.10544,-0.58382,-0.34866,-0.33875,-0.5571,-0.1399,-0.0075992,0.085921,0.12842,-0.1496,0.18231,0.71417,0.67843,0.67399,0.83903,-0.19647,0.3707
0.27321,0.26171,-0.12256,-0.040563,0.26493,0.37942,0.24854,0.3711,0.15556,0.34812,0.30583,0.2814,0.14326,0.18787,1.1514,0.90652,0.40504,0.49978,0.29416,0.38868,0.84346,0.73599,0.39186,0.71768,-0.016519,0.46691,1.4002,0,1.164,0.7532,0.4753,0.6656,0.40324,0.4178,0.30477,0.49041,0.24058,0.27019,-0.15009,-0.24832,0.0088712,0.012663,0.0462,-0.01566,0.13683,0.41702,-0.1679,-0.0025376,0.54195,0.38435,0.41933,0.12709,0.26428,0.23356,0.13692,-0.39344,-0.57582,-0.1481,-0.084695,0.63365,0.96005,1.1082,1.0914,-0.010398,0.2212,-0.042078,0.024951,0.86412,0.94868,0.96139,1.1886,0.4514,0.44464,0.17337,0.20281,0.161,0.33201,0.032886,0.25993,-0.17694,0.30338,-0.44677,0.27033,0.04397,0.23455,0.26711,0.37619,-0.10402,-0.21566,-0.5148,-0.3934,-0.17057,-0.39644,-0.0005737,-0.020188,0.093565,-0.034867,-0.18715,0.098866,0.76021,0.69737,0.90926,0.79193,-0.26239,0.27418
0.31127,0.18444,-0.035109,0.06866,0.2285,0.20584,0.39102,0.27913,0.20439,0.071454,0.30196,0.095422,0.15705,0.18399,0.88961,0.5062,0.18445,0.28143,0.12454,0.20117,0.49387,0.35405,0.23047,0.38175,0.11362,0.15173,0.92086,1.164,0,0.71602,0.71457,0.51931,0.35234,0.32949,0.30194,0.29268,0.39811,0.30019,0.019953,-0.15696,0.18581,-0.025433,0.21373,-0.057899,0.086167,0.2079,-0.13496,-0.12004,0.43613,0.28597,0.25038,0.2372,0.2485,0.16235,0.30869,-0.26607,-0.42204,-0.16657,-0.20466,0.51465,0.51625,0.90331,0.92649,0.021991,0.17494,-0.19234,-0.17873,0.99825,0.79933,0.92744,1.0593,0.37671,0.29068,-0.012508,0.044359,0.35107,0.10386,0.034874,0.24012,-0.087383,0.15979,-0.36626,0.084788,0.022511,0.12902,0.20867,0.27334,-0.10526,-0.29716,-0.46856,-0.31237,-0.026126,-0.19898,0.083415,-0.058905,0.30019,0.07354,-0.010884,0.15408,0.53968,0.45789,0.62374,0.40991,-0.016629,0.14285
-0.19702,-0.038011,0.32506,0.21297,-0.30898,-0.10478,-0.24449,0.0022606,-0.13222,0.26042,-0.010942,0.088738,0.20544,0.28302,0.85884,0.63262,0.2996,0.12263,0.33897,0.42136,0.59768,0.4073,0.19801,0.41945,-0.25539,0.36069,0.74983,0.7532,0.71602,0,0.33179,0.94825,0.44052,0.42784,0.23487,0.72,-0.024128,0.16657,-0.29983,-0.19462,-0.36847,-0.13572,-0.14106,-0.052128,0.23409,0.46069,0.071208,0.28544,0.44564,0.18354,0.24929,0.56998,-0.12279,0.10063,0.34243,-0.22341,-0.18658,0.37084,0.33759,0.22845,0.5324,0.72369,0.73405,0.20512,0.42425,0.1655,0.25003,0.93694,0.50603,0.831,0.91969,0.38497,0.38354,0.1808,0.13034,0.099505,0.25183,0.1576,0.29841,0.079523,0.32851,-0.042946,0.15257,0.10798,0.22412,0.29493,0.60127,0.34372,0.16068,-0.34737,-0.51887,-0.44845,-0.35496,-0.4823,-0.36989,-0.0059201,0.076731,0.20029,0.24697,0.43482,0.38443,0.58958,0.42253,0.25875,0.35527
0.79687,0.69986,0.24962,0.37552,0.49966,0.52282,0.78938,0.86517,0.74905,0.44685,0.60297,0.50488,0.64629,0.63121,0.5765,0.062297,0.4058,0.26216,0.4784,0.44548,0.45642,-0.030368,0.65271,0.40169,0.58245,0.3112,0.5875,0.4753,0.71457,0.33179,0,0.27952,0.85026,0.69424,1.0315,0.35112,0.82517,0.79197,0.43596,0.24059,0.66621,0.2994,0.74356,0.39366,0.83227,0.63448,-0.33939,0.222,0.40194,0.51519,0.43905,-0.072856,0.6693,0.49331,0.24008,0.28398,0.05915,0.095998,-0.052752,0.49124,0.43503,0.59009,0.61713,-0.05694,0.10141,0.12424,0.17635,0.49165,0.39594,0.97783,0.86557,0.93414,0.88539,0.34035,0.56411,0.63973,0.65708,0.65164,0.86158,0.39015,0.72603,0.026219,0.28594,0.55197,0.60923,0.70377,0.69786,-0.086482,0.084331,-0.25178,0.21569,0.32304,-0.29753,0.18039,0.10654,0.71286,0.44162,-0.33538,-0.095939,0.29877,0.26044,0.00089599,0.20207,-0.14164,-0.27832
-0.14868,0.032147,0.18988,-0.043259,-0.25427,-0.031297,-0.21235,0.04384,-0.28822,0.23885,-0.081718,0.059544,0.1044,0.16373,0.58025,0.47087,0.36784,0.2126,0.26639,0.24306,0.93246,0.60527,0.22954,0.41551,-0.28847,0.41207,0.67691,0.6656,0.51931,0.94825,0.27952,0,0.33004,0.33731,0.082198,0.70445,-0.10944,0.058804,-0.31665,-0.27518,-0.22829,-0.062551,-0.14914,0.1786,0.11414,0.53607,-0.081995,0.20102,0.45909,0.1843,0.29736,0.43421,-0.16073,0.095608,0.11667,0.09307,0.038619,0.26384,0.36298,0.11243,0.38682,0.57899,0.6718,0.28525,0.67508,0.16868,0.2372,0.72614,0.52763,0.74229,0.80542,0.44721,0.48484,0.2478,0.17723,-0.035356,0.18457,0.23329,0.26933,0.0010146,0.28657,-0.13219,0.024145,0.37328,0.1662,0.38576,0.36331,0.28649,0.31864,-0.26145,-0.38663,-0.23194,-0.17943,-0.48334,-0.37584,-0.25571,-0.29618,-0.21532,-0.15878,0.50778,0.40687,0.66397,0.63449,-0.15922,-0.036471
0.4045,0.56818,0.61372,0.54574,0.52338,0.61969,0.39534,0.71713,0.67964,0.93882,0.74019,1.0883,1.3557,1.2768,0.52931,0.2753,0.60576,0.29314,0.92426,0.9526,0.4082,-0.053166,0.95584,0.6062,0.28738,0.55476,0.58445,0.40324,0.35234,0.44052,0.85026,0.33004,0,1.4381,1.0516,0.68871,0.40924,0.59068,0.093395,-0.083906,0.12055,0.023071,0.09964,0.062486,0.98142,0.90993,-0.18657,0.63489,0.58529,1.0107,0.96869,0.066027,0.54986,0.49831,0.26778,0.10993,-0.019414,0.35078,0.1552,0.69202,0.75351,0.60327,0.58793,-0.13072,-0.049114,0.5035,0.6064,0.47886,0.3268,0.76624,0.67472,0.86323,0.88079,0.7443,0.84795,0.68568,1.2194,1.2026,1.3443,0.7913,1.4614,0.34449,0.82371,0.92537,1.1883,1.2572,1.2681,0.20373,0.31811,-0.11474,0.13814,-0.050021,-0.58211,-0.36845,-0.14638,0.18657,0.35964,-0.26691,0.10343,0.42621,0.14756,0.0719,0.098471,-0.16552,0.032531
0.38242,0.62022,0.34379,0.35558,0.47002,0.6029,0.35757,0.62166,0.53273,0.85061,0.64617,0.99154,1.3067,1.501,0.52144,0.4302,0.79707,0.47188,0.92574,0.8595,0.49896,0.049911,0.83347,0.63879,0.20466,0.57114,0.55382,0.4178,0.32949,0.42784,0.69424,0.33731,1.4381,0,0.76002,0.82437,0.23697,0.46669,0.002013,-0.12146,0.071641,-0.022332,0.1394,0.038817,0.81465,0.97629,-0.13093,0.87482,0.47447,0.89418,1.0229,-0.078505,0.37924,0.42639,0.072951,-0.044469,-0.056388,0.49842,0.29221,0.57384,0.84721,0.57752,0.61285,-0.16016,0.075396,0.69119,0.82567,0.44939,0.44477,0.73878,0.69677,1.0744,1.1296,0.88407,1.0606,0.47099,1.1174,0.89761,1.4539,0.52289,1.1037,0.16197,1.0518,0.84944,1.3698,0.90864,1.09,0.34536,0.32212,0.10147,0.3651,-0.18678,-0.7676,-0.31834,-0.11046,-0.046576,0.18917,-0.45017,0.034749,0.59455,0.3877,0.14011,0.093787,-0.34074,0.11901
0.816,0.80951,0.33898,0.43732,0.67075,0.81459,0.69454,1.2404,0.80206,0.89933,0.58854,0.72088,0.81452,0.79204,0.38472,0.069023,0.31977,0.053402,0.53926,0.62209,0.29213,-0.013795,0.69203,0.4605,0.51523,0.46009,0.43469,0.30477,0.30194,0.23487,1.0315,0.082198,1.0516,0.76002,0,0.51697,0.6215,0.71301,0.46288,0.31452,0.52409,0.44966,0.56621,0.42414,1.256,0.74213,-0.42769,0.26288,0.39387,0.61764,0.6527,-0.13569,0.99352,0.78535,0.39712,0.3553,0.06371,0.14682,-0.063221,0.37785,0.4789,0.38764,0.45663,-0.14927,-0.028028,0.22573,0.35461,0.13495,0.080304,0.56958,0.56175,0.69156,0.89642,0.4754,0.79648,0.60647,1.0896,0.65462,0.84284,0.48529,0.81423,0.17589,0.33378,0.44566,0.69307,0.72189,0.82513,-0.14378,0.11727,-0.17078,0.22845,0.226,-0.28559,0.011897,0.10732,0.64781,0.47315,-0.30369,-0.084317,0.037701,0.17107,-0.17836,0.068402,-0.051684,-0.21105
0.049784,0.48365,0.39453,0.22745,-0.0080403,0.36172,-0.14148,0.40483,-0.056243,0.82792,-0.069442,0.44311,0.46411,0.5197,0.8072,0.79934,0.78041,0.4459,0.75179,0.87963,0.72013,0.35555,0.61165,0.88679,-0.36934,0.7961,0.74116,0.49041,0.29268,0.72,0.35112,0.70445,0.68871,0.82437,0.51697,0,-0.16844,0.17069,-0.39393,-0.18875,-0.22525,0.1195,0.13274,0.40108,0.54597,1.2263,0.10265,0.62957,0.6336,0.20071,0.43728,0.40283,0.21851,0.66731,0.3571,0.19453,0.22705,0.69286,0.63155,0.30306,0.85692,0.43463,0.61799,0.025969,0.59433,0.67804,0.84555,0.33244,0.46147,0.62261,0.63376,0.68731,0.87925,0.68296,0.69287,-0.056226,0.61703,0.40315,0.63529,0.2189,0.5806,0.20533,0.56993,0.35744,0.58766,0.50582,0.76269,0.44176,0.49757,0.052968,0.047706,-0.66806,-0.68451,-0.36934,0.015895,-0.26844,-0.045992,-0.27182,-0.036725,0.4612,0.62879,0.28758,0.40973,-0.070539,0.22548
0.64078,0.15494,0.026569,0.27721,0.63297,0.28348,1.115,0.60634,0.8885,0.22985,0.92605,0.42319,0.21939,0.19495,0.055145,-0.31118,-0.10714,-0.11151,0.029832,0.040357,0.10113,-0.25984,0.32595,0.021581,1.1569,0.12307,0.11634,0.24058,0.39811,-0.024128,0.82517,-0.10944,0.40924,0.23697,0.6215,-0.16844,0,1.274,1.0523,0.71283,1.0206,0.48198,0.43974,0.056401,0.2671,0.0057276,-0.50466,-0.2106,0.06839,0.51353,0.25658,-0.36458,0.49935,0.055661,0.19728,0.012609,-0.31888,-0.43728,-0.58108,0.40345,0.16604,0.15368,0.030628,0.25033,-0.25408,-0.41994,-0.32363,0.026928,-0.1443,0.38446,0.26137,0.36051,0.29297,-0.18215,0.036533,0.73163,0.31395,0.27139,0.28831,0.24438,0.46053,0.0071613,0.072964,0.20075,0.25368,0.31498,0.2006,-0.67042,-0.43136,-0.2779,0.17578,0.64814,-0.006743,0.46087,0.23942,0.86693,0.34689,-0.33581,-0.24454,0.097837,-0.1812,-0.18011,-0.061272,-0.14454,-0.38988
0.62802,0.3366,0.24283,0.51375,0.54537,0.35758,0.72259,0.73265,0.75614,0.47477,0.80969,0.65388,0.30306,0.33764,0.21376,-0.14221,0.15716,-0.007904,0.30479,0.27856,0.30637,-0.30624,0.60246,0.2791,0.85074,0.43619,0.21488,0.27019,0.30019,0.16657,0.79197,0.058804,0.59068,0.46669,0.71301,0.17069,1.274,0,0.82289,0.81194,0.72437,0.60489,0.38367,0.24095,0.45082,0.29832,-0.33802,0.12274,0.26915,0.56739,0.36824,-0.22869,0.59711,0.31042,0.39063,0.075576,-0.182,-0.087138,-0.20168,0.51586,0.4042,0.12736,0.030623,0.23493,-0.17855,-0.15503,-0.019481,0.0126,-0.11013,0.48424,0.3276,0.4634,0.477,-0.0022805,0.19493,0.62862,0.56885,0.4121,0.48657,0.42178,0.79769,0.21703,0.2924,0.34554,0.48728,0.45399,0.45099,-0.39537,-0.16965,-0.19826,0.25278,0.2647,-0.27967,0.38247,0.32356,0.56434,0.37969,-0.33054,-0.15153,0.16694,-0.094299,-0.16744,-0.10617,-0.1345,-0.23093
0.76467,0.15432,-0.076729,0.20462,0.56188,0.20331,0.9846,0.4932,0.73218,0.023719,0.67429,0.18844,0.066059,0.094031,-0.39147,-0.76009,-0.32362,-0.43856,-0.25188,-0.32881,-0.10894,-0.32978,0.042956,-0.28549,1.449,-0.058605,-0.32109,-0.15009,0.019953,-0.29983,0.43596,-0.31665,0.093395,0.002013,0.46288,-0.39393,1.0523,0.82289,0,1.1209,1.2975,0.65003,0.42346,0.17981,0.20837,-0.18614,-0.65661,-0.29933,-0.16335,0.337,0.19425,-0.66252,0.49481,0.04528,0.12387,0.16328,-0.13081,-0.38157,-0.54908,0.022336,-0.24509,-0.22146,-0.28475,0.10535,-0.46057,-0.47961,-0.36855,-0.3657,-0.52321,-0.057206,-0.07233,0.013385,0.10052,-0.26186,0.018079,0.65778,0.19498,0.1067,0.088237,0.22264,0.16277,-0.018857,-0.25978,0.09052,0.029105,0.091489,-0.10028,-0.69821,-0.41362,-0.046665,0.40025,0.95667,0.31903,0.51592,0.14718,0.70624,0.16371,-0.30774,-0.36817,-0.29846,-0.29721,-0.44139,-0.42256,-0.11893,-0.69118
0.41592,0.10125,-0.048535,0.19005,0.20896,0.08635,0.46974,0.40128,0.3319,0.10296,0.2175,0.095308,-0.15282,-0.10432,-0.31356,-0.6296,-0.18576,-0.37569,-0.12114,-0.20782,-0.012402,-0.33561,0.078113,-0.15325,0.79163,0.17165,-0.32502,-0.24832,-0.15696,-0.19462,0.24059,-0.27518,-0.083906,-0.12146,0.31452,-0.18875,0.71283,0.81194,1.1209,0,0.89368,1.0098,0.51969,0.44123,0.15197,-0.074648,-0.30105,-0.15762,-0.18762,0.018402,-0.041359,-0.42895,0.31943,0.15588,0.20017,0.27715,0.10552,-0.10778,-0.18309,-0.15188,-0.23673,-0.43581,-0.46945,0.2372,-0.1373,-0.32772,-0.1919,-0.56299,-0.66722,-0.12376,-0.20941,-0.019153,0.1007,-0.34519,-0.10982,0.1618,0.12922,-0.053909,-0.0055431,0.084324,0.092402,0.086572,-0.26072,-0.056397,-0.015651,-0.060774,-0.074819,-0.45761,-0.19009,-0.041474,0.3595,0.38815,0.17297,0.57521,0.38108,0.54778,0.18812,-0.22422,-0.36517,-0.42882,-0.25889,-0.52172,-0.30152,0.1216,-0.38524
1.0352,0.43262,-0.20924,0.044029,0.73966,0.474,1.3432,0.78445,0.70703,0.12853,0.56188,0.25002,0.1141,0.10138,-0.1469,-0.48267,-0.032662,-0.072617,-0.057279,-0.16587,0.10282,-0.15776,0.2578,-0.014283,1.2046,0.1354,-0.0561,0.0088712,0.18581,-0.36847,0.66621,-0.22829,0.12055,0.071641,0.52409,-0.22525,1.0206,0.72437,1.2975,0.89368,0,0.82836,0.78134,0.45225,0.24453,0.032842,-0.5683,-0.25076,-0.070427,0.2955,0.22012,-0.68274,0.67169,0.26869,0.050239,0.32543,0.023521,-0.33297,-0.43499,0.12534,-0.086266,-0.060122,-0.053979,-0.022362,-0.23354,-0.31541,-0.2451,-0.26008,-0.20354,0.087678,0.061956,0.20764,0.28736,-0.12326,0.14772,0.42196,0.24362,0.13662,0.21049,0.089508,0.15816,-0.16588,-0.14484,0.17969,0.14212,0.16347,-0.05598,-0.5811,-0.2835,-0.078668,0.51595,0.77578,0.18001,0.70238,0.32697,0.66986,0.098228,-0.5575,-0.44938,-0.13704,0.00039888,-0.30466,-0.1146,-0.29548,-0.62604
0.48482,0.36999,-0.036148,0.09187,0.37305,0.40564,0.44912,0.65114,0.18838,0.41973,0.10474,0.23017,-0.071623,-0.075512,0.034861,-0.20758,0.090593,-0.13895,0.13527,0.099362,0.36063,0.048064,0.41843,0.34867,0.51463,0.53197,0.075912,0.012663,-0.025433,-0.13572,0.2994,-0.062551,0.023071,-0.022332,0.44966,0.1195,0.48198,0.60489,0.65003,1.0098,0.82836,0,0.58044,0.84176,0.20383,0.23043,-0.33221,-0.17139,0.11542,0.10087,0.15449,-0.33809,0.48054,0.53008,0.25128,0.49201,0.22721,-0.068593,-0.11286,0.0072794,0.094033,-0.22549,-0.10942,0.17429,0.068622,-0.20084,-0.044709,-0.43893,-0.39594,-0.0066091,-0.051884,0.054405,0.27247,-0.192,0.070941,0.051664,0.29841,0.035931,0.085684,0.0544,0.1585,0.041652,-0.12426,0.059208,0.097925,0.17243,0.074857,-0.42088,-0.074736,-0.1205,0.27543,0.15841,0.13469,0.50914,0.46771,0.40083,0.05255,-0.47045,-0.48074,-0.16288,0.066828,-0.1757,0.10632,-0.093725,-0.36077
0.7206,0.74248,-0.10481,0.10248,0.27759,0.3966,0.53564,0.64586,0.32468,0.12147,0.012822,0.042956,0.077721,0.082346,0.17952,-0.16718,0.17021,0.16772,0.14129,0.094756,0.094242,-0.12696,0.22814,0.11076,0.34419,0.053418,0.12926,0.0462,0.21373,-0.14106,0.74356,-0.14914,0.09964,0.1394,0.56621,0.13274,0.43974,0.38367,0.42346,0.51969,0.78134,0.58044,0,0.86686,0.54353,0.30031,-0.094583,0.042985,0.041697,-0.15938,-0.11662,-0.25171,0.57537,0.57303,0.15709,0.52502,0.40018,0.10464,0.0085457,-0.036593,-0.0053809,-0.00096799,0.11734,-0.13386,0.26182,0.073203,0.091057,-0.10147,0.099984,0.28782,0.23167,0.46218,0.53464,0.13029,0.35908,0.088236,0.23312,0.064195,0.29566,-0.021391,0.08548,-0.097636,-0.046073,-0.010969,0.12546,0.019929,0.13693,-0.14692,0.083355,0.062806,0.51331,0.24947,-0.10937,0.72689,0.66941,0.70564,0.40405,-0.32662,-0.26065,-0.15153,0.23831,-0.36637,0.087125,0.030396,-0.343
0.42781,0.7563,0.076829,0.023898,0.082679,0.40418,0.11488,0.59822,-0.045473,0.30503,-0.26767,0.033262,-0.0020272,-0.020401,0.20018,-0.069451,0.35009,0.09101,0.29259,0.17507,0.39456,0.048991,0.37052,0.36822,0.067288,0.41076,0.18506,-0.01566,-0.057899,-0.052128,0.39366,0.1786,0.062486,0.038817,0.42414,0.40108,0.056401,0.24095,0.17981,0.44123,0.45225,0.84176,0.86686,0,0.48079,0.56322,-0.1057,0.1333,0.12987,-0.18969,-0.040048,-0.07791,0.50007,0.92254,0.27841,1.0843,0.83992,0.31858,0.31452,-0.14682,0.038261,-0.06075,0.11186,-0.046557,0.41415,0.17993,0.25902,-0.21446,-0.016489,0.18819,0.15238,0.27199,0.492,0.17326,0.32723,-0.19296,0.31202,0.12419,0.20119,0.046411,0.14177,0.070043,-0.13606,0.15571,0.11773,0.15603,0.16966,0.017289,0.45838,-0.039027,0.25848,-0.0080169,-0.10114,0.38198,0.41261,0.24764,0.074741,-0.34888,-0.3545,-0.1628,0.31696,-0.18352,0.27942,-0.051238,-0.37536
0.62713,0.98397,0.48985,0.5351,0.38924,0.68303,0.33497,0.87955,0.65073,0.75918,0.37355,0.7048,0.872,0.89853,0.36173,0.035164,0.57805,0.24097,0.79651,0.73812,0.26026,-0.0897,0.70938,0.3997,0.30776,0.4005,0.35966,0.13683,0.086167,0.23409,0.83227,0.11414,0.98142,0.81465,1.256,0.54597,0.2671,0.45082,0.20837,0.15197,0.24453,0.20383,0.54353,0.48079,0,0.98547,-0.13631,0.70262,0.42586,0.45008,0.5256,-0.074556,0.75117,0.78377,0.16995,0.42386,0.32591,0.55724,0.34443,0.28748,0.35952,0.32455,0.39298,-0.41075,0.01164,0.65839,0.76502,0.19223,0.21428,0.53046,0.48798,0.77365,0.98424,0.88004,1.1431,0.45839,1.274,0.89605,1.1498,0.64848,0.92214,0.27279,0.4499,0.60572,0.8168,0.76815,1.0117,0.26027,0.56447,-0.034471,0.32627,0.086727,-0.47101,-0.11674,0.087947,0.47259,0.66749,-0.17557,0.092062,-0.0034528,0.12302,-0.30757,0.011967,0.026688,-0.086502
0.33629,0.87102,0.41689,0.29701,0.23369,0.69294,0.10436,0.74381,0.27039,1.1347,0.16575,0.7821,0.75657,0.78656,0.77978,0.53236,1.3362,0.65312,1.2441,1.1387,0.8823,0.30792,1.0712,1.0469,-0.018706,1.0319,0.80541,0.41702,0.2079,0.46069,0.63448,0.53607,0.90993,0.97629,0.74213,1.2263,0.0057276,0.29832,-0.18614,-0.074648,0.032842,0.23043,0.30031,0.56322,0.98547,0,-0.032381,0.84403,0.67821,0.43016,0.66478,0.12686,0.45504,0.83982,0.069613,0.34673,0.34473,0.74003,0.67147,0.43557,0.81904,0.50783,0.6689,-0.25638,0.35773,0.91888,1.1362,0.33768,0.51361,0.68646,0.65425,0.93556,1.2464,0.99725,1.0961,0.085118,1.1241,0.82372,1.1442,0.42379,0.94451,0.20264,0.70947,0.7633,0.9797,0.93798,1.0908,0.46432,0.71744,-0.073488,0.20941,-0.32045,-0.72319,-0.292,0.024746,-0.036202,0.16641,-0.40176,-0.026689,0.40989,0.54044,0.12202,0.41849,-0.21475,0.12873
