,,,,,,,,,,,,,,,,,,,,,,,,,,,,,,,,,,,,,,,,,,,,,,,,,,,,,,,,,,,,,,,,,,,,,,,,,,,,,,,,,,,,,,,,,,,,,,,,,,,,,,,,
0,0.12182,0.34821,0.087775,0.67232,-0.0022964,0.81814,-0.079609,0.064215,-0.16206,0.45581,-0.51077,-0.16688,-0.088484,-0.0081872,-0.082156,0.18992,0.47832,0.22085,0.44358,-0.0079797,0.00079793,0.093173,0.34561,0.52621,0.30782,0.0044502,0.14897,0.11022,0.19697,0.11518,0.27535,-0.26204,-0.12368,-0.014497,-0.015375,0.028869,0.10728,0.67343,0.45336,0.88402,0.29699,0.51872,0.38914,-3.3812e-05,0.016705,0.10453,0.17694,-0.09346,-0.013237,-0.12569,-0.35681,0.52721,-0.10638,-0.050847,-0.00072047,0.032804,0.041259,0.0096596,0.27984,-0.19393,0.20401,0.00749,-0.026674,-0.15442,0.18719,0.24432,0.23606,0.3458,0.13646,0.10406,0.28127,0.3873,0.32521,0.36442,0.56347,-0.43897,0.064673,-0.024426,-0.036208,0.0072624,-0.042893,-0.14093,0.17765,0.18536,0.002436,0.20668,0.079098,0.061367,0.31383,0.34386,0.25816,0.0098111,0.6565,0.11927,0.77635,0.4473,0.47558,0.52194,0.030241,0.078454,0.079479,-0.016211,0.48952,0.51351
0.12182,0,-0.74962,-0.50636,0.29972,1.3018,-0.43551,0.90393,0.16668,0.97044,-0.7775,0.05872,0.15891,0.21827,0.4168,0.69506,0.19339,-0.26337,0.27563,-0.3015,0.6394,0.42507,0.31191,0.28289,-0.31594,0.46889,0.35117,0.20127,-0.060083,-0.078405,-0.29839,0.46256,0.087688,-0.049161,-0.24138,-0.098607,-0.53845,-0.66011,-0.70337,-0.78168,-0.04506,0.52965,0.50595,1.1592,0.24604,0.085362,0.032441,0.03963,0.61443,0.017944,0.49787,-0.0376,0.637,1.1746,0.32291,0.84243,0.79494,0.29257,-0.013431,-0.32181,0.64598,0.57557,0.31302,0.2854,0.41536,0.20608,0.092315,0.064826,-0.12268,0.035189,0.26964,0.30052,0.38939,-0.039896,0.13728,-0.55457,0.37026,0.17771,-0.022283,-0.042316,0.066984,0.18585,-0.62963,0.071998,-0.030085,-0.02221,-0.10082,-0.04269,-0.039722,0.22857,0.13435,-0.35258,0.66632,-0.055554,0.89365,-0.0048133,0.41742,-0.063094,0.4733,0.25633,0.31285,-0.28263,-0.03561,-0.025717,0.38698
0.34821,-0.74962,0,1.0699,-0.091471,-0.7594,0.52012,-0.62237,-0.13912,-0.91211,0.71332,-0.21495,-0.017843,0.026351,-0.27716,-0.49368,-0.019626,0.34889,0.27085,0.50918,-0.46265,-0.2963,-0.030041,-0.076644,0.84752,-0.036449,-0.57727,-0.066044,-0.10676,-0.10242,0.25757,-0.24164,-0.0086026,0.15815,0.40305,0.41498,0.6338,0.92421,0.72425,1.1915,0.16798,-0.17755,-0.0071907,-0.40373,-0.09723,0.095359,0.34047,0.40619,-0.49837,0.17758,-0.23607,-0.34496,-0.17916,-0.65637,-0.063514,-0.45682,-0.26496,-0.0019516,0.24276,0.42624,-0.48773,-0.38767,-0.55693,-0.09931,-0.50341,0.24126,0.26771,-0.20123,0.058122,-0.13315,-0.1985,-0.024334,-0.16626,0.35332,0.30882,0.85575,-0.21689,0.034374,0.21753,0.20654,0.1245,-0.077332,0.43219,0.48047,0.45313,0.24348,0.34367,0.33052,0.41765,0.12682,0.29006,0.43875,-0.3074,0.38819,-0.3918,0.52876,0.1481,0.38279,0.090487,-0.14324,-0.22626,0.22044,-0.074991,0.39621,0.14303
0.087775,-0.50636,1.0699,0,-0.25251,-0.45951,0.088759,-0.21581,0.052823,-0.61285,0.24456,0.14715,0.040568,0.047845,-0.33358,-0.42138,0.040932,0.018777,0.16216,0.30601,-0.46763,-0.40692,0.0023841,-0.23022,0.48176,-0.21741,-0.51628,-0.17968,-0.46672,-0.48137,-0.11278,-0.49551,0.065884,0.18405,0.17565,0.37483,0.36838,0.69358,0.2633,0.73004,-0.099637,-0.10272,-0.1532,-0.50308,-0.22025,-0.062132,0.47181,0.52996,-0.60481,0.25482,0.13982,-0.42921,-0.23745,-0.37367,0.046945,-0.26729,-0.15995,0.12334,0.3964,0.29215,-0.15803,-0.64367,-0.78566,-0.11996,-0.47917,0.43454,0.37644,-0.29261,-0.058361,-0.40527,-0.44589,-0.092942,-0.17589,0.47377,0.3659,0.45994,0.13395,0.21381,0.28397,0.57082,0.37037,-0.028386,0.64964,0.52866,0.70586,0.38669,0.46974,0.48428,0.5645,0.023392,0.28791,0.062283,-0.28739,0.14822,-0.10929,0.40702,0.22623,-0.11263,-0.10785,-0.10897,-0.39362,0.13505,-0.14808,0.26142,0.11819
0.67232,0.29972,-0.091471,-0.25251,0,0.52108,0.41527,0.47059,0.45139,0.27359,0.065164,-0.12046,-0.12259,-0.054383,0.11265,-0.12957,0.17162,-0.089453,0.10688,0.35859,0.41322,0.09747,0.30785,0.42178,0.21213,0.2615,0.11003,-0.1047,0.17114,0.33812,-0.071444,0.54152,-0.13708,0.0020064,-0.21742,-0.071577,-0.19621,-0.17002,0.35581,0.020563,0.82506,0.44463,0.37103,0.56872,-0.33258,-0.3128,0.00079944,0.083698,0.16592,-0.16367,0.12341,-0.039375,0.52985,0.20863,0.088335,0.21903,0.2583,0.0056747,-0.18786,-0.083458,-0.081617,0.34376,0.18862,0.19923,0.23953,0.077189,0.11786,0.17007,0.18861,0.31353,0.31126,-0.040137,0.25646,-0.056133,-0.086436,0.16565,-0.183,0.19148,0.13702,0.017038,-0.067646,0.11767,-0.24478,0.21386,0.20087,0.010282,0.069893,-0.070927,-0.076457,-0.050504,-0.21491,0.26347,0.37967,0.13072,0.20801,0.047192,-0.0060975,0.18024,0.13345,0.20239,0.29099,-0.12407,-0.11219,0.13533,0.29999
-0.0022964,1.3018,-0.7594,-0.45951,0.52108,0,-0.44594,1.2564,0.42105,1.0765,-0.83511,0.17614,0.16647,0.21926,0.47633,0.5405,0.30193,-0.49307,0.22922,-0.13196,0.83366,0.42443,0.48901,0.34979,-0.38097,0.46437,0.26574,0.023972,-0.012575,0.038421,-0.34336,0.59691,0.10498,0.050114,-0.33413,-0.10729,-0.5636,-0.68428,-0.65077,-0.87231,-0.015342,0.50687,0.36865,0.96508,-0.022369,-0.11124,-0.12837,-0.092043,0.69063,-0.083876,0.58973,0.13839,0.55732,1.1388,0.33986,0.85972,0.76495,0.068096,-0.25956,-0.37468,0.58381,0.65483,0.4233,0.39297,0.5268,0.047342,-0.034815,0.089995,-0.13298,0.26665,0.38567,0.054558,0.25385,-0.24671,-0.14177,-0.58173,0.44044,0.2759,0.083974,0.061843,0.10928,0.23261,-0.54541,0.19765,0.1049,0.047196,-0.047852,-0.21574,-0.20916,-0.070182,-0.19309,-0.17569,0.8922,-0.18556,0.87682,-0.10869,0.23872,-0.12503,0.2074,0.45641,0.4755,-0.23852,-0.085055,-0.042718,0.35668
0.81814,-0.43551,0.52012,0.088759,0.41527,-0.44594,0,-0.38828,-0.20471,-0.69225,0.80749,-0.32058,-0.29826,-0.28052,-0.47287,-0.60265,-0.3249,0.69279,-0.13547,0.29786,-0.39623,-0.28745,-0.3995,-0.11309,0.41685,-0.13938,-0.32688,-0.040949,0.081885,0.089117,0.5001,0.036886,-0.33522,-0.27788,0.31976,0.17721,0.4414,0.42878,1.1146,0.8514,0.53624,-0.2422,0.40506,-0.12662,0.0106,0.033921,0.023111,0.076139,-0.44983,-0.016324,-0.41534,-0.32187,0.022645,-0.67902,-0.45924,-0.69094,-0.44865,-0.12542,-0.012506,0.16181,-0.68545,-0.11799,-0.1198,-0.22074,-0.405,-0.020116,0.12467,0.05294,0.5782,0.14086,0.029909,0.18929,0.27223,0.22247,0.24273,0.80405,-0.6504,-0.23395,-0.23551,-0.21611,-0.15051,-0.46383,-0.075663,-0.089364,-0.096529,-0.14898,-0.0034198,-0.018255,-0.085534,0.27365,0.19075,0.60228,-0.21832,0.5468,-0.34868,0.58427,0.16006,0.60834,0.28168,-0.19122,-0.15223,0.088954,-0.010902,0.40036,0.17052
-0.079609,0.90393,-0.62237,-0.21581,0.47059,1.2564,-0.38828,0,0.51553,0.82459,-0.74102,0.59217,0.0081278,0.040246,0.079957,0.14962,-0.073836,-0.74592,-0.005619,-0.27078,0.3612,0.025708,0.15677,-0.049117,-0.39953,0.093132,0.09125,-0.23122,-0.31178,-0.23912,-0.47431,0.16111,0.010679,-0.084073,-0.34491,0.013781,-0.50383,-0.42496,-0.48614,-0.5532,-0.098449,0.50082,0.28753,0.52602,-0.14714,-0.27694,0.17908,0.2167,0.16498,-0.006366,0.82462,-0.13839,0.34956,0.76271,0.27589,0.43815,0.57221,0.25933,0.021575,-0.456,0.41335,0.1556,0.0032518,0.099986,0.20551,0.29351,0.19184,0.0042788,0.010487,-0.10195,0.069498,0.0043661,0.14692,-0.038632,0.0027849,-0.37247,0.53902,0.16872,0.013051,0.062643,0.10482,0.046227,-0.39788,0.16002,0.15462,-0.055948,-0.087341,0.073593,0.050509,0.0062664,-0.072925,-0.17623,0.70626,-0.15055,0.71395,-0.13498,0.1993,-0.34527,0.10759,0.074521,0.023844,-0.33457,-0.25742,-0.068388,0.19914
0.064215,0.16668,-0.13912,0.052823,0.45139,0.42105,-0.20471,0.51553,0,0.52962,-0.13273,0.37649,0.13588,0.23798,0.33246,0.040322,0.34115,-0.50232,0.066483,0.27898,0.37306,0.061863,0.34925,0.25135,-0.025157,0.23917,0.11075,0.14738,-0.080882,0.16842,-0.31583,0.15758,0.075634,0.32748,-0.32039,-0.094516,-0.35344,-0.19242,-0.057832,-0.15801,0.1129,0.45259,-0.20693,0.14528,-0.2891,-0.25596,0.049761,0.029783,0.1528,0.10411,0.41133,0.076662,-0.027314,0.17463,0.23746,0.31469,0.11964,-0.13868,-0.25424,0.012702,0.28367,0.084799,0.095886,0.061059,0.238,-0.031878,-0.10186,0.15682,0.16564,0.2121,0.092927,-0.46013,-0.26707,-0.1925,-0.36005,-0.11582,0.40994,0.19062,0.39236,0.15554,0.0085921,0.46873,0.1468,0.33652,0.32209,0.15484,0.11649,0.019035,0.044247,-0.10269,-0.33585,-0.26185,0.12255,0.038895,0.22718,-0.11415,-0.35163,-0.4183,-0.35059,0.23907,0.20088,-0.024079,-0.19209,-0.19251,0.047538
-0.16206,0.97044,-0.91211,-0.61285,0.27359,1.0765,-0.69225,0.82459,0.52962,0,-0.54329,0.33541,0.33071,0.37833,0.84996,0.84293,0.28949,-0.66693,0.17117,-0.178,0.88523,0.56076,0.52076,0.44611,-0.38005,0.61605,0.51028,0.27603,0.1229,0.27677,-0.1888,0.54482,0.30761,0.30292,-0.26896,-0.09954,-0.43904,-0.52534,-0.64739,-0.84195,-0.10518,0.55814,-0.017279,0.71692,0.17406,0.043231,-0.1741,-0.2064,0.83895,0.04635,0.50219,0.3146,0.50771,1.2128,0.69257,0.91563,0.42132,-0.0038768,-0.27132,-0.22911,0.8014,0.65038,0.53459,0.22989,0.53666,-0.13278,-0.26473,0.083493,-0.13959,0.22391,0.19405,-0.09047,-0.0020897,-0.36364,-0.31319,-0.62838,0.6439,0.31195,0.19221,-0.081569,-0.012724,0.35518,-0.41321,0.11514,-0.012647,0.093117,-0.13523,-0.22966,-0.22725,-0.14172,-0.39184,-0.46792,0.48632,-0.30259,0.56709,-0.38087,-0.10045,-0.35414,-0.047516,0.31441,0.42146,-0.1329,0.060783,-0.47098,-0.04349
0.45581,-0.7775,0.71332,0.24456,0.065164,-0.83511,0.80749,-0.74102,-0.13273,-0.54329,0,-0.2035,0.10417,0.070482,-0.13459,-0.40871,-0.1824,0.54317,0.065131,0.59427,-0.39332,-0.21487,-0.10237,0.11461,0.67795,0.05585,-0.09051,0.21225,0.29467,0.3794,0.76683,0.001142,0.16598,0.24127,0.47235,0.32371,0.74739,0.77078,1.2571,0.98235,0.47484,-0.31376,-0.25638,-0.44387,0.13708,0.32222,-0.12584,-0.079633,-0.36282,0.24079,-0.37127,-0.14696,0.020883,-0.59352,-0.036365,-0.6029,-0.89321,-0.37494,-0.12577,0.18912,-0.76058,-0.1427,-0.22404,-0.50858,-0.62837,-0.23589,-0.15767,0.23598,0.43948,0.087718,-0.20583,-0.20641,-0.325,0.025655,-0.086418,0.64084,-0.44242,0.058497,0.25666,-0.13751,0.081055,-0.047036,0.24388,0.21169,0.21277,0.22998,0.33865,-0.12041,-0.092438,-0.066677,-0.12034,0.40861,-0.51927,0.35453,-0.5798,0.36869,-0.12477,0.31995,-0.046081,-0.43307,-0.33501,0.12997,-0.11024,0.17817,-0.20115
-0.51077,0.05872,-0.21495,0.14715,-0.12046,0.17614,-0.32058,0.59217,0.37649,0.33541,-0.2035,0,0.26461,0.2739,-0.17701,-0.085195,-0.42073,-0.6125,-0.28711,-0.27541,-0.11585,-0.23279,-0.21095,-0.45944,-0.27711,-0.20249,-0.23021,-0.13492,-0.44263,-0.41071,-0.052491,-0.2277,0.29908,0.21614,0.048963,0.34406,0.057504,0.19605,-0.26148,0.0095525,-0.60188,0.055732,-0.24219,-0.28296,0.10186,-0.033973,0.24234,0.20344,-0.21171,0.37573,0.67308,-0.20062,-0.20803,0.17006,0.30948,-0.16404,-0.21545,0.12255,0.20812,-0.27319,0.24655,-0.3427,-0.30969,-0.32364,-0.23666,0.10713,-0.015129,-0.30077,0.12055,-0.39492,-0.38357,-0.16075,-0.21231,0.051982,-0.053992,-0.15305,0.7658,0.2025,0.11647,0.093827,0.14078,-0.1929,0.098068,0.092697,0.064934,0.12543,-0.0080576,0.20066,0.11844,0.047566,-0.13465,-0.34046,-0.042297,-0.34054,0.019059,-0.25872,-0.173,-0.64076,-0.35741,-0.24767,-0.39196,-0.029515,-0.041235,-0.52591,-0.4593
-0.16688,0.15891,-0.017843,0.040568,-0.12259,0.16647,-0.29826,0.0081278,0.13588,0.33071,0.10417,0.26461,0,1.7358,0.49907,0.39068,0.23073,-0.12639,0.55599,0.32187,0.32796,0.32457,0.44402,0.3975,0.11905,0.47986,0.045947,0.43857,0.040489,0.053615,0.48645,0.49172,1.6482,1.4072,0.39008,0.47751,0.37583,0.19072,-0.29646,-0.077513,-0.28735,-0.20531,-0.32207,-0.0037876,0.58602,0.69749,-0.39004,-0.41747,0.44618,0.9295,0.50622,0.11346,0.26346,0.48178,0.73989,0.33716,-0.2476,-0.49218,-0.4018,-0.36169,0.10157,0.32292,0.083923,-0.13649,-0.15981,-0.42848,-0.68217,-0.040631,-0.1962,0.0038112,-0.11424,-0.3686,-0.37566,-0.42723,-0.46098,-0.33982,0.46987,0.97395,0.85116,0.40811,0.65271,0.49979,0.11616,0.63296,0.38168,0.98241,0.64396,-0.4263,-0.33941,-0.16128,-0.34091,-0.36846,-0.19062,-0.36376,0.0015961,-0.037014,-0.068593,-0.23253,-0.14162,0.07006,0.12684,0.052857,0.036748,-0.34931,-0.27503
-0.088484,0.21827,0.026351,0.047845,-0.054383,0.21926,-0.28052,0.040246,0.23798,0.37833,0.070482,0.2739,1.7358,0,0.57247,0.49415,0.30648,-0.064342,0.56749,0.36608,0.4364,0.45365,0.45886,0.46761,0.19791,0.6302,-0.032768,0.56667,0.051396,0.061502,0.40425,0.55664,1.1329,1.2612,0.28467,0.37182,0.25552,0.15839,-0.25538,-0.03643,-0.28012,-0.023656,-0.24126,0.092821,0.61004,0.65674,-0.2274,-0.24864,0.52653,0.77107,0.45728,0.049105,0.23578,0.46123,0.76571,0.31928,-0.18033,-0.29517,-0.25234,-0.2023,0.2263,0.38669,0.15924,-0.016859,-0.033498,-0.28784,-0.49631,-0.10535,-0.14094,0.093456,0.021055,-0.17511,-0.2238,-0.24185,-0.29572,-0.28852,0.5049,0.93805,0.86812,0.3192,0.49073,0.52829,0.12319,0.66962,0.33404,0.9375,0.56655,-0.23792,-0.17148,0.041652,-0.22234,-0.40705,-0.16315,-0.26634,0.019711,-0.019195,-0.087913,-0.19491,-0.10653,0.18244,0.18459,0.13791,0.098032,-0.34047,-0.20024
-0.0081872,0.4168,-0.27716,-0.33358,0.11265,0.47633,-0.47287,0.079957,0.33246,0.84996,-0.13459,-0.17701,0.49907,0.57247,0,1.1768,0.75892,-0.23918,0.44121,0.22998,1.0503,0.98408,0.92056,1.0005,-0.0073061,1.0983,0.56576,0.64673,0.4189,0.61449,0.068371,0.71534,0.42321,0.63143,-0.073116,-0.070199,-0.089623,-0.21901,-0.3295,-0.44669,0.037708,0.28459,-0.17894,0.53721,0.2362,0.24706,-0.33697,-0.36986,1.2832,0.086697,0.13093,0.61684,0.48749,0.72074,0.77329,0.89688,0.23291,-0.26189,-0.48473,0.18826,0.64687,1.0242,0.85159,0.51976,0.62846,-0.30508,-0.41015,0.1254,-0.19523,0.62417,0.36553,-0.11199,-0.071223,-0.40447,-0.35441,-0.42312,0.36722,0.42888,0.41181,0.040429,0.014319,0.64933,-0.13654,0.31842,0.12716,0.38491,0.044343,-0.37327,-0.30356,-0.26884,-0.49923,-0.23174,0.27527,-0.13403,0.30452,-0.13866,-0.11581,-0.024369,-0.076463,0.68628,0.81858,0.17929,0.26779,-0.33109,0.035675
-0.082156,0.69506,-0.49368,-0.42138,-0.12957,0.5405,-0.60265,0.14962,0.040322,0.84293,-0.40871,-0.085195,0.39068,0.49415,1.1768,0,0.54321,-0.1118,0.22947,-0.16702,0.72817,0.90254,0.46632,0.54029,-0.24889,0.77626,0.47251,0.60252,0.22013,0.25863,-0.017117,0.51615,0.2724,0.29282,-0.10705,-0.14514,-0.21595,-0.3632,-0.61776,-0.57906,-0.26054,0.28004,0.017095,0.57362,0.51312,0.35438,-0.20226,-0.26185,1.0935,0.063883,0.1916,0.37495,0.42517,0.81662,0.59947,0.79245,0.33564,0.0021244,-0.19736,0.19178,1.0479,0.88578,0.82387,0.46781,0.61113,-0.14097,-0.2514,0.016084,-0.22015,0.35762,0.27135,0.26998,0.22898,-0.14376,-0.024328,-0.58371,0.42667,0.26566,0.06625,-0.066802,-0.096317,0.3391,-0.28096,0.0065704,-0.14618,0.14835,-0.148,-0.21364,-0.22516,0.037239,-0.11257,-0.47245,0.26107,-0.14048,0.43367,-0.081661,0.13395,-0.034972,0.13893,0.61007,0.68024,0.23504,0.47994,-0.31175,0.086478
0.18992,0.19339,-0.019626,0.040932,0.17162,0.30193,-0.3249,-0.073836,0.34115,0.28949,-0.1824,-0.42073,0.23073,0.30648,0.75892,0.54321,0,-0.018591,0.4224,0.53904,0.7679,0.67952,1.089,1.0566,0.25638,0.62969,0.31419,0.29977,0.46508,0.49693,-0.27485,0.48144,0.14138,0.42968,-0.38114,-0.37697,-0.36372,-0.30884,-0.17447,-0.24787,0.29951,0.45237,-0.1325,0.39401,-0.22576,-0.13937,-0.28899,-0.28923,0.7209,-0.15313,-0.045006,0.55093,0.21459,0.30361,0.29945,0.75983,0.35467,-0.14166,-0.24719,0.35724,0.42595,0.56292,0.50094,0.50855,0.54819,-0.1648,-0.18103,0.077443,-0.46225,0.48959,0.44336,-0.12112,0.029973,-0.11914,-0.21169,-0.18804,-0.0095744,0.46306,0.41408,0.42803,0.22112,0.51254,0.26111,0.27687,0.24499,0.36749,0.3925,-0.14062,-0.067211,-0.22572,-0.15776,-0.21721,0.03486,-0.23361,0.15257,-0.050208,-0.097704,-0.074116,-0.21407,0.8365,0.76598,0.25266,0.24941,-0.1067,0.1381
0.47832,-0.26337,0.34889,0.018777,-0.089453,-0.49307,0.69279,-0.74592,-0.50232,-0.66693,0.54317,-0.6125,-0.12639,-0.064342,-0.23918,-0.1118,-0.018591,0,-0.041145,0.20443,-0.23455,0.013353,-0.27977,0.060463,0.38635,-0.0032965,-0.10748,0.33082,0.29922,0.061502,0.44405,0.087338,-0.18132,-0.2362,0.25982,-0.091947,0.2134,0.097376,0.48596,0.43045,0.28081,-0.33996,0.24194,-0.1132,0.28406,0.33982,-0.046265,-0.017275,-0.10411,-0.13654,-0.7088,-0.18423,-0.037559,-0.47357,-0.45949,-0.49037,-0.33703,0.031638,0.11825,0.24531,-0.3662,0.059623,0.074355,-0.078536,-0.13269,-0.014061,0.13289,0.1595,0.33446,0.24361,0.18945,0.46784,0.35703,0.33553,0.34684,0.19521,-0.67549,-0.20365,-0.10881,-0.27084,-0.10632,-0.1967,0.013067,-0.17701,-0.12981,-0.035754,0.12922,0.022753,-0.0093046,0.43369,0.35956,0.25117,-0.30227,0.44387,-0.25503,0.48035,0.18662,0.59846,0.28676,-0.030848,-0.067623,0.041949,0.059826,0.46497,0.25322
0.22085,0.27563,0.27085,0.16216,0.10688,0.22922,-0.13547,-0.005619,0.066483,0.17117,0.065131,-0.28711,0.55599,0.56749,0.44121,0.22947,0.4224,-0.041145,0,0.36909,0.41264,0.34555,0.83481,0.65005,0.4024,0.86822,-0.1195,0.28141,0.11927,0.22032,0.26322,0.59518,0.54909,0.53881,0.37822,0.42918,0.20008,0.067063,-0.15494,-0.088511,0.11858,0.25484,0.17959,0.53792,0.26543,0.52131,-0.28219,-0.18416,0.4385,0.254,0.09748,-0.029626,0.55195,0.47208,0.42749,0.63856,0.27088,-0.27358,-0.261,-0.30074,-0.018986,0.32027,-0.06855,-0.0158,-0.097317,-0.18931,-0.28627,-0.09113,-0.45332,0.13365,0.047904,-0.24626,-0.24613,-0.34023,-0.15803,0.088285,0.27793,0.47199,0.63852,0.18716,0.54451,0.392,-0.21697,1.0051,0.60184,0.58775,0.48017,-0.30652,-0.062989,-0.13255,-0.053845,-0.076723,0.18341,-0.046502,0.32905,0.18823,0.25656,0.10529,0.3274,0.06913,0.17364,-0.30617,-0.36901,0.25735,0.33016
0.44358,-0.3015,0.50918,0.30601,0.35859,-0.13196,0.29786,-0.27078,0.27898,-0.178,0.59427,-0.27541,0.32187,0.36608,0.22998,-0.16702,0.53904,0.20443,0.36909,0,0.26161,0.22394,0.59725,0.74869,0.90519,0.35603,0.086804,0.24114,0.4551,0.43664,0.13541,0.31206,0.27685,0.60838,-0.099848,-0.0034743,0.15257,0.32905,0.60389,0.43044,0.73552,0.050644,-0.29859,-0.066099,-0.31018,-0.1031,-0.16621,-0.10247,0.085817,0.1652,-0.046984,0.16321,0.11188,-0.1729,0.1755,-0.032221,-0.26798,-0.28812,-0.22311,0.15297,-0.40851,0.21313,0.019564,0.054165,-0.12852,-0.10097,-0.083864,0.25286,0.10101,0.33547,0.32376,-0.31411,-0.23893,0.010114,-0.25773,0.23585,-0.38185,0.65042,0.82566,0.49285,0.54682,0.42365,0.54458,0.65361,0.54765,0.72584,1.0229,-0.079822,-0.0008108,-0.20647,-0.23458,0.33734,-0.2397,0.021077,-0.32542,0.23039,-0.15995,0.10234,-0.27898,0.1603,0.065858,0.18068,-0.14781,0.074452,-0.093118
-0.0079797,0.6394,-0.46265,-0.46763,0.41322,0.83366,-0.39623,0.3612,0.37306,0.88523,-0.39332,-0.11585,0.32796,0.4364,1.0503,0.72817,0.7679,-0.23455,0.41264,0.26161,0,1.2929,1.0076,1.0904,0.078099,0.90474,0.39588,0.40882,0.54489,0.5204,-0.081854,0.98957,0.29028,0.42995,-0.23993,-0.18463,-0.34154,-0.44386,-0.41131,-0.59741,0.17632,0.4658,0.096185,0.87505,0.015851,-0.029547,-0.26176,-0.25978,1.4988,-0.1424,0.073524,0.68761,0.50156,0.86223,0.55893,0.89376,0.46449,-0.0025915,-0.26239,-0.057617,0.55831,1.0831,0.86555,0.66463,0.90011,-0.15052,-0.19153,-0.092577,-0.32964,0.7354,0.78482,0.0022995,0.20042,-0.27087,-0.25372,-0.52336,0.24464,0.49154,0.44851,0.11196,0.10068,0.41205,-0.21365,0.26685,0.061396,0.3642,0.10822,-0.22587,-0.15156,-0.11064,-0.40282,-0.19468,0.3856,-0.41988,0.29297,-0.35423,-0.21043,-0.12156,-0.17395,0.85081,0.79744,-0.12015,0.088215,-0.33749,0.04683
0.00079793,0.42507,-0.2963,-0.40692,0.09747,0.42443,-0.28745,0.025708,0.061863,0.56076,-0.21487,-0.23279,0.32457,0.45365,0.98408,0.90254,0.67952,0.013353,0.34555,0.22394,1.2929,0,0.68476,0.95908,0.23313,0.86597,0.29233,0.55789,0.72706,0.55937,0.13634,0.84701,0.28903,0.39191,-0.08122,-0.12573,-0.12483,-0.20538,-0.30081,-0.37614,0.054072,0.25893,0.10633,0.63004,0.29055,0.18589,-0.23714,-0.27397,1.2461,-0.064516,-0.1079,0.77388,0.39923,0.58979,0.53822,0.57814,0.29515,0.030727,-0.13361,0.10833,0.49629,1.1766,1.0033,0.56308,0.71695,-0.15802,-0.1854,-0.2387,-0.35237,0.81022,0.87081,0.19705,0.32515,-0.092657,-0.04835,-0.44689,0.10288,0.40947,0.34397,0.038824,0.010136,0.24515,-0.17226,0.094556,-0.14632,0.32518,0.060855,-0.15833,-0.076209,0.10072,-0.16981,-0.22228,0.078525,-0.42123,0.014899,-0.25293,-0.19108,-0.057721,-0.17138,0.8,0.71616,-0.0015628,0.22661,-0.31669,-0.087293
0.093173,0.31191,-0.030041,0.0023841,0.30785,0.48901,-0.3995,0.15677,0.34925,0.52076,-0.10237,-0.21095,0.44402,0.45886,0.92056,0.46632,1.089,-0.27977,0.83481,0.59725,1.0076,0.68476,0,1.3231,0.32467,0.97906,0.33842,0.29292,0.47194,0.58594,-0.078228,0.70847,0.48015,0.6973,-0.11035,0.022444,-0.11655,-0.13038,-0.19183,-0.2852,0.34067,0.48836,-0.13334,0.57473,-0.16369,0.007662,-0.35396,-0.2808,0.83681,-0.0068134,0.13804,0.49824,0.52859,0.65082,0.62117,0.9649,0.35901,-0.22773,-0.34879,-0.0096615,0.29081,0.62401,0.31365,0.35906,0.35242,-0.19225,-0.25808,0.052486,-0.47523,0.44211,0.33971,-0.34633,-0.21293,-0.34731,-0.37517,-0.19241,0.22092,0.71555,0.75702,0.39399,0.48108,0.54783,0.041511,0.73958,0.56438,0.65377,0.52039,-0.29856,-0.13555,-0.48579,-0.4545,-0.067797,0.2972,-0.34464,0.30288,-0.10955,-0.039685,-0.084009,-0.13724,0.51428,0.52433,-0.062167,-0.073312,-0.12008,0.097783
0.34561,0.28289,-0.076644,-0.23022,0.42178,0.34979,-0.11309,-0.049117,0.25135,0.44611,0.11461,-0.45944,0.3975,0.46761,1.0005,0.54029,1.0566,0.060463,0.65005,0.74869,1.0904,0.95908,1.3231,0,0.45583,1.0725,0.47271,0.55243,0.76124,0.85635,0.10461,0.96363,0.3756,0.60998,-0.13122,-0.13747,-0.1069,-0.16121,0.028902,-0.19408,0.59136,0.38136,-0.084738,0.61466,-3.8183e-06,0.11356,-0.42389,-0.37316,0.93548,-0.036563,-0.086882,0.52475,0.60772,0.48722,0.50584,0.70956,0.16868,-0.23707,-0.3781,0.078662,0.18553,0.90672,0.60163,0.35801,0.43605,-0.27176,-0.28916,0.16722,-0.23903,0.69203,0.54065,-0.1521,0.000619,-0.25196,-0.31289,-0.18228,-0.071004,0.65596,0.68881,0.21791,0.29123,0.57712,0.0071759,0.46214,0.30592,0.58833,0.47171,-0.33714,-0.20515,-0.26287,-0.39889,-0.068927,0.087014,-0.20162,0.11929,-0.067609,-0.13588,0.031776,-0.1126,0.54349,0.58306,-0.010067,0.018894,-0.10245,0.060752
0.52621,-0.31594,0.84752,0.48176,0.21213,-0.38097,0.41685,-0.39953,-0.025157,-0.38005,0.67795,-0.27711,0.11905,0.19791,-0.0073061,-0.24889,0.25638,0.38635,0.4024,0.90519,0.078099,0.23313,0.32467,0.45583,0,0.27465,-0.1908,0.17574,0.43524,0.28713,0.28211,0.18354,0.20155,0.36638,0.20142,0.25459,0.37012,0.62701,0.70646,0.76379,0.58336,0.096442,0.024301,-0.012627,-0.059941,0.073759,0.24921,0.30954,-0.095365,0.1411,-0.25522,-0.011671,0.15567,-0.23462,0.20706,-0.18032,-0.1157,0.15246,0.30126,0.24807,-0.41188,0.050679,-0.21428,-0.044344,-0.21568,0.25779,0.28001,-0.19954,-0.066052,0.13781,0.23769,0.0033079,0.0020464,0.40295,0.26526,0.42726,-0.38282,0.38317,0.62216,0.27372,0.26733,0.06804,0.36678,0.5036,0.41805,0.47508,0.65855,0.34215,0.50913,0.22567,0.2051,0.25278,-0.38047,0.019876,-0.49794,0.22179,-0.08727,0.16551,-0.11669,-0.017981,-0.1152,-0.058869,-0.19696,0.17953,-0.059628
0.30782,0.46889,-0.036449,-0.21741,0.2615,0.46437,-0.13938,0.093132,0.23917,0.61605,0.05585,-0.20249,0.47986,0.6302,1.0983,0.77626,0.62969,-0.0032965,0.86822,0.35603,0.90474,0.86597,0.97906,1.0725,0.27465,0,0.1764,0.63848,0.47876,0.62479,0.29954,1.0546,0.40374,0.52805,0.16325,0.16694,0.026199,-0.084041,-0.12166,-0.19015,0.18536,0.4955,0.18136,0.8307,0.37384,0.43312,-0.32813,-0.27273,1.0301,0.071745,0.023297,0.27676,0.72418,0.66141,0.65893,0.70128,0.23328,-0.20989,-0.35251,0.064946,0.38867,0.96945,0.52032,0.24373,0.2714,-0.26521,-0.32069,0.024836,-0.15602,0.62038,0.38668,0.015131,-0.0009633,-0.2783,-0.15378,-0.066857,0.31557,0.42787,0.44633,-0.11366,0.17189,0.30049,-0.36905,0.59286,0.2458,0.41298,0.19771,-0.34171,-0.2328,-0.02906,-0.21979,-0.064172,0.34243,0.0080354,0.36168,0.15603,0.13827,0.20828,0.23076,0.44333,0.56895,0.0012155,0.046364,-0.045016,0.22819
0.0044502,0.35117,-0.57727,-0.51628,0.11003,0.26574,-0.32688,0.09125,0.11075,0.51028,-0.09051,-0.23021,0.045947,-0.032768,0.56576,0.47251,0.31419,-0.10748,-0.1195,0.086804,0.39588,0.29233,0.33842,0.47271,-0.1908,0.1764,0,0.48045,0.34362,0.42174,-0.25424,0.081019,0.10129,0.11004,-0.3687,-0.36345,-0.27031,-0.30735,-0.10824,-0.41124,0.37294,0.10555,-0.3862,0.23276,-0.12009,-0.11692,-0.21926,-0.25672,0.38753,0.017313,0.14241,0.41984,0.1914,0.33282,0.099013,0.4214,0.070028,-0.06943,-0.27091,0.06336,0.26409,0.36995,0.39114,0.22738,0.36711,-0.065639,-0.10062,0.66365,0.184,0.15742,0.17477,-0.16526,-0.10543,-0.19444,-0.276,-0.52905,-0.14343,0.11311,0.090526,0.096848,0.033116,0.50155,0.07669,-0.16788,-0.055815,0.097362,0.018169,-0.23418,-0.2549,-0.39403,-0.4307,-0.13145,0.14313,-0.04454,0.22043,-0.15188,-0.07286,-0.096374,-0.07709,0.1193,0.19287,0.058137,0.12385,-0.29214,-0.11604
0.14897,0.20127,-0.066044,-0.17968,-0.1047,0.023972,-0.040949,-0.23122,0.14738,0.27603,0.21225,-0.13492,0.43857,0.56667,0.64673,0.60252,0.29977,0.33082,0.28141,0.24114,0.40882,0.55789,0.29292,0.55243,0.17574,0.63848,0.48045,0,0.26143,0.31109,0.32492,0.33788,0.36751,0.42856,0.25304,0.13742,0.20808,0.11654,-0.010668,0.027562,0.041588,0.011345,-0.15692,0.23217,0.5583,0.57881,-0.16232,-0.19865,0.48799,0.39587,0.004004,0.13112,0.085427,0.17084,0.17604,0.20485,-0.25196,-0.13904,-0.1709,0.16519,0.33058,0.39729,0.35832,0.11162,0.15588,-0.15335,-0.22371,0.14511,0.3332,0.36537,0.19803,0.031904,-0.011546,-0.042776,-0.023547,-0.24681,0.16018,0.21944,0.35468,-0.015249,0.083467,0.35787,0.044821,0.18274,0.015348,0.47729,0.13034,-0.18348,-0.14182,0.14361,-0.19165,-0.33342,-0.15407,0.14493,0.11401,0.19488,-0.0004462,0.040115,0.074859,0.21808,0.17705,0.10238,0.1317,-0.22733,-0.003952
0.11022,-0.060083,-0.10676,-0.46672,0.17114,-0.012575,0.081885,-0.31178,-0.080882,0.1229,0.29467,-0.44263,0.040489,0.051396,0.4189,0.22013,0.46508,0.29922,0.11927,0.4551,0.54489,0.72706,0.47194,0.76124,0.43524,0.47876,0.34362,0.26143,0,1.2651,0.30634,0.57039,0.12709,0.18243,-0.060701,-0.2443,-0.058544,-0.11103,0.23785,-0.092211,0.51489,0.13307,-0.083754,0.23028,-0.020264,0.023057,-0.46141,-0.45448,0.56048,-0.28951,-0.54242,0.92091,0.18952,0.049434,0.09678,0.09154,0.0052402,-0.17725,-0.24971,0.11617,-0.15261,0.71644,0.60037,0.096388,0.27675,-0.39181,-0.25467,0.17616,-0.17115,0.82139,0.81357,-0.075499,-0.039938,-0.21605,-0.29861,-0.10948,-0.50018,0.088779,0.23387,-0.21488,-0.026679,0.052705,-0.051857,-0.087392,-0.20434,0.044073,0.16826,-0.28391,-0.21052,-0.11232,-0.24214,0.25873,-0.071406,-0.28995,-0.40792,-0.21768,-0.4094,0.21085,-0.2685,0.23752,0.38496,-0.027831,0.054287,-0.12079,-0.28363
0.19697,-0.078405,-0.10242,-0.48137,0.33812,0.038421,0.089117,-0.23912,0.16842,0.27677,0.3794,-0.41071,0.053615,0.061502,0.61449,0.25863,0.49693,0.061502,0.22032,0.43664,0.5204,0.55937,0.58594,0.85635,0.28713,0.62479,0.42174,0.31109,1.2651,0,0.31582,0.6059,0.13607,0.26917,-0.0015701,-0.13915,0.0074759,-0.07126,0.31105,-0.097642,0.58344,0.25654,-0.18165,0.28896,-0.030964,0.078083,-0.60852,-0.5818,0.55155,-0.19243,-0.37798,0.78233,0.26536,0.079731,0.16768,0.2631,-0.026522,-0.44849,-0.54463,0.13627,-0.078544,0.66067,0.58092,0.021501,0.24486,-0.59426,-0.47717,0.30898,-0.086702,0.8183,0.47788,-0.34959,-0.25982,-0.48901,-0.53518,0.032514,-0.28507,0.054389,0.23685,-0.26583,-0.12486,0.2117,-0.1229,0.024478,-0.093201,0.029504,0.038673,-0.50326,-0.38952,-0.3638,-0.51392,0.17409,-0.0038177,-0.13616,-0.21626,-0.1883,-0.43426,0.16757,-0.19656,0.18875,0.46612,0.041495,0.043256,-0.12471,-0.19905
0.11518,-0.29839,0.25757,-0.11278,-0.071444,-0.34336,0.5001,-0.47431,-0.31583,-0.1888,0.76683,-0.052491,0.48645,0.40425,0.068371,-0.017117,-0.27485,0.44405,0.26322,0.13541,-0.081854,0.13634,-0.078228,0.10461,0.28211,0.29954,-0.25424,0.32492,0.30634,0.31582,0,0.45381,0.54802,0.36852,1.1818,0.71433,1.0266,0.50823,0.31308,0.36088,-0.060124,-0.52978,0.074263,-0.11943,0.82876,1.0042,-0.4443,-0.42661,0.10057,0.40663,-0.25188,0.045534,0.21454,-0.0833,0.15784,-0.27156,-0.60534,-0.57225,-0.36798,-0.20589,-0.38535,0.23116,0.10276,-0.40467,-0.39869,-0.58962,-0.56831,-0.1111,0.15062,0.29268,-0.068279,-0.11931,-0.15258,-0.3397,-0.19969,0.17394,-0.016244,0.10296,0.19596,-0.31059,0.048418,-0.19813,-0.29028,0.16664,-0.013609,0.24952,0.10025,-0.53052,-0.45821,0.029583,-0.21716,0.15925,-0.27851,0.026297,-0.34022,0.193,-0.052889,0.32098,0.10069,-0.18938,-0.012845,-0.10265,-0.035028,0.036916,-0.16605
0.27535,0.46256,-0.24164,-0.49551,0.54152,0.59691,0.036886,0.16111,0.15758,0.54482,0.001142,-0.2277,0.49172,0.55664,0.71534,0.51615,0.48144,0.087338,0.59518,0.31206,0.98957,0.84701,0.70847,0.96363,0.18354,1.0546,0.081019,0.33788,0.57039,0.6059,0.45381,0,0.43623,0.45814,0.1757,0.10637,0.006804,-0.26336,-0.13687,-0.31802,0.24741,0.19631,0.32632,0.80714,0.33623,0.37467,-0.53851,-0.48228,1.0733,-0.019741,-0.044796,0.35861,0.79886,0.6702,0.49342,0.59441,0.21695,-0.33249,-0.53745,-0.2338,0.16883,1.2199,0.73592,0.25865,0.4,-0.44595,-0.46198,-0.023737,-0.19918,0.80898,0.53705,-0.016637,0.18417,-0.45226,-0.33737,-0.25648,0.11136,0.46706,0.40596,-0.097326,0.095505,0.21527,-0.53532,0.35897,0.12583,0.32274,0.18752,-0.57088,-0.46718,-0.064721,-0.36624,-0.020033,0.30399,-0.19666,0.21704,-0.06028,-0.036129,0.20601,0.10911,0.53384,0.73691,-0.20278,0.0012007,-0.015462,0.19738
-0.26204,0.087688,-0.0086026,0.065884,-0.13708,0.10498,-0.33522,0.010679,0.075634,0.30761,0.16598,0.29908,1.6482,1.1329,0.42321,0.2724,0.14138,-0.18132,0.54909,0.27685,0.29028,0.28903,0.48015,0.3756,0.20155,0.40374,0.10129,0.36751,0.12709,0.13607,0.54802,0.43623,0,1.3627,0.53548,0.66323,0.51464,0.29985,-0.24493,-0.05798,-0.22594,-0.25825,-0.38229,-0.04178,0.51036,0.70541,-0.36579,-0.37002,0.3624,0.86783,0.44961,0.18009,0.28691,0.4995,0.76076,0.3196,-0.23079,-0.46248,-0.3462,-0.4673,0.0099429,0.24612,-0.03015,-0.23106,-0.20712,-0.37624,-0.60224,-0.079889,-0.25063,-0.011149,-0.16645,-0.53357,-0.50764,-0.46017,-0.47923,-0.38473,0.45626,0.88996,0.98012,0.39152,0.65004,0.42742,0.093919,0.64995,0.48711,0.98489,0.64399,-0.41773,-0.26428,-0.30283,-0.46241,-0.32193,-0.18486,-0.496,-0.042919,-0.14637,-0.1388,-0.29708,-0.22818,-0.053049,0.011491,-0.17403,-0.14052,-0.3188,-0.34201
-0.12368,-0.049161,0.15815,0.18405,0.0020064,0.050114,-0.27788,-0.084073,0.32748,0.30292,0.24127,0.21614,1.4072,1.2612,0.63143,0.29282,0.42968,-0.2362,0.53881,0.60838,0.42995,0.39191,0.6973,0.60998,0.36638,0.52805,0.11004,0.42856,0.18243,0.26917,0.36852,0.45814,1.3627,0,0.27843,0.41814,0.40024,0.34787,-0.081152,0.080401,-0.060854,-0.07875,-0.53133,-0.057227,0.24975,0.39453,-0.27767,-0.30126,0.42518,0.72792,0.37147,0.27788,0.19724,0.34013,0.88012,0.35198,-0.25476,-0.45314,-0.35052,-0.10466,0.092748,0.28517,0.089227,-0.0023092,-0.042346,-0.34649,-0.55458,-0.094991,-0.23393,0.1124,-0.053493,-0.55276,-0.49195,-0.36639,-0.52035,-0.20068,0.38958,1.101,1.2142,0.55291,0.55643,0.61172,0.35715,0.77302,0.53384,1.1683,0.71537,-0.28238,-0.16988,-0.32124,-0.52794,-0.28156,-0.26214,-0.4176,-0.15405,-0.15523,-0.30812,-0.2877,-0.41125,0.18871,0.20164,0.12258,0.053035,-0.46209,-0.37553
-0.014497,-0.24138,0.40305,0.17565,-0.21742,-0.33413,0.31976,-0.34491,-0.32039,-0.26896,0.47235,0.048963,0.39008,0.28467,-0.073116,-0.10705,-0.38114,0.25982,0.37822,-0.099848,-0.23993,-0.08122,-0.11035,-0.13122,0.20142,0.16325,-0.3687,0.25304,-0.060701,-0.0015701,1.1818,0.1757,0.53548,0.27843,0,1.3318,1.3275,0.66265,0.12756,0.38397,-0.27382,-0.52557,0.17126,-0.11257,0.74382,1.0287,-0.16777,-0.13923,-0.068868,0.53071,-0.075334,-0.1667,0.090103,-0.06126,0.076208,-0.17269,-0.34498,-0.37969,-0.17582,-0.23545,-0.25182,-0.063467,-0.24381,-0.36844,-0.48281,-0.26863,-0.31602,-0.30317,0.06109,0.0059472,-0.32119,-0.18538,-0.22872,-0.25917,-0.0091904,0.18716,0.24431,-0.027816,0.13727,-0.16451,0.067089,-0.24788,-0.28731,0.29311,0.17002,0.23599,0.0050213,-0.32667,-0.20482,0.021426,-0.10044,0.066377,-0.12952,0.081855,-0.091874,0.27701,0.16356,0.28123,0.27174,-0.25883,-0.12159,-0.25497,-0.15872,0.1459,0.050921
-0.015375,-0.098607,0.41498,0.37483,-0.071577,-0.10729,0.17721,0.013781,-0.094516,-0.09954,0.32371,0.34406,0.47751,0.37182,-0.070199,-0.14514,-0.37697,-0.091947,0.42918,-0.0034743,-0.18463,-0.12573,0.022444,-0.13747,0.25459,0.16694,-0.36345,0.13742,-0.2443,-0.13915,0.71433,0.10637,0.66323,0.41814,1.3318,0,1.189,0.87158,0.092682,0.41562,-0.2621,-0.31157,0.13369,-0.066812,0.50619,0.68738,0.023178,0.072031,-0.15642,0.78533,0.34076,-0.27566,0.1656,0.10009,0.28505,-0.072612,-0.21687,-0.2538,-0.078039,-0.31818,-0.17065,-0.1307,-0.45249,-0.3605,-0.59648,-0.027792,-0.15003,-0.35964,0.062679,-0.16689,-0.38929,-0.28863,-0.29077,-0.14948,0.037815,0.18428,0.45713,0.21458,0.30296,0.11919,0.29272,-0.18126,-0.1795,0.57973,0.42656,0.4201,0.17046,-0.16412,-0.037623,-0.038064,-0.11576,0.047859,-0.016591,-0.0094814,0.02806,0.30854,0.26893,0.074617,0.21792,-0.28806,-0.23904,-0.26024,-0.26912,0.07804,0.015214
0.028869,-0.53845,0.6338,0.36838,-0.19621,-0.5636,0.4414,-0.50383,-0.35344,-0.43904,0.74739,0.057504,0.37583,0.25552,-0.089623,-0.21595,-0.36372,0.2134,0.20008,0.15257,-0.34154,-0.12483,-0.11655,-0.1069,0.37012,0.026199,-0.27031,0.20808,-0.058544,0.0074759,1.0266,0.006804,0.51464,0.40024,1.3275,1.189,0,1.2674,0.40965,0.73612,-0.12455,-0.66805,-0.082449,-0.38188,0.46332,0.65402,-0.080511,-0.059471,-0.24137,0.64691,-0.023072,-0.12601,0.0039015,-0.25565,0.12989,-0.36264,-0.62458,-0.38832,-0.12161,-0.026989,-0.37776,-0.15949,-0.28824,-0.29867,-0.59116,-0.17766,-0.22657,-0.26708,0.17219,-0.050971,-0.36676,-0.22256,-0.256,-0.099156,0.0051697,0.33308,0.073417,0.14647,0.21521,0.094028,0.16055,-0.1967,0.063395,0.31654,0.2353,0.40995,0.15198,-0.21698,-0.14214,-0.11608,-0.19155,0.21156,-0.32819,0.05792,-0.34039,0.3098,0.095402,0.2295,0.060534,-0.25278,-0.21622,0.027509,-0.014524,0.026043,-0.16407
0.10728,-0.66011,0.92421,0.69358,-0.17002,-0.68428,0.42878,-0.42496,-0.19242,-0.52534,0.77078,0.19605,0.19072,0.15839,-0.21901,-0.3632,-0.30884,0.097376,0.067063,0.32905,-0.44386,-0.20538,-0.13038,-0.16121,0.62701,-0.084041,-0.30735,0.11654,-0.11103,-0.07126,0.50823,-0.26336,0.29985,0.34787,0.66265,0.87158,1.2674,0,0.6433,1.2346,-0.0067876,-0.34741,-0.19214,-0.51491,0.15506,0.2526,0.25546,0.27323,-0.50505,0.61333,0.070595,-0.22728,-0.17284,-0.45345,0.12238,-0.53126,-0.59478,-0.083157,0.20177,0.20891,-0.37331,-0.37699,-0.52502,-0.29333,-0.70243,0.14842,0.094473,-0.31248,0.22831,-0.22931,-0.34495,-0.15624,-0.2486,0.26039,0.21497,0.56196,-0.0092513,0.19116,0.24592,0.27387,0.20809,-0.22481,0.39648,0.34623,0.27765,0.40462,0.26643,0.18516,0.23316,0.018085,0.015314,0.24123,-0.46462,0.076954,-0.51012,0.34497,0.059866,0.097563,-0.075271,-0.31734,-0.41714,0.20593,0.0068936,-0.043695,-0.2991
0.67343,-0.70337,0.72425,0.2633,0.35581,-0.65077,1.1146,-0.48614,-0.057832,-0.64739,1.2571,-0.26148,-0.29646,-0.25538,-0.3295,-0.61776,-0.17447,0.48596,-0.15494,0.60389,-0.41131,-0.30081,-0.19183,0.028902,0.70646,-0.12166,-0.10824,-0.010668,0.23785,0.31105,0.31308,-0.13687,-0.24493,-0.081152,0.12756,0.092682,0.40965,0.6433,0,1.1227,0.78153,-0.095226,-0.064859,-0.33686,-0.22568,-0.1069,0.13615,0.20279,-0.54761,-0.010152,-0.36472,-0.21739,-0.068355,-0.80921,-0.26879,-0.72342,-0.53628,-0.073629,0.075906,0.36239,-0.75838,-0.21732,-0.25421,-0.27698,-0.44646,0.081087,0.2123,0.2364,0.55738,0.083347,-0.022799,-0.031671,-0.064405,0.30012,0.13692,0.85158,-0.72892,-0.10179,0.038087,-0.096612,-0.090741,-0.1642,0.28984,0.060434,0.11435,-0.0077909,0.19022,0.14835,0.12969,0.047966,0.042459,0.63791,-0.34701,0.47499,-0.55017,0.40787,-0.066934,0.40592,0.0060817,-0.32499,-0.30649,0.20897,-0.072283,0.29368,-0.062374
0.45336,-0.78168,1.1915,0.73004,0.020563,-0.87231,0.8514,-0.5532,-0.15801,-0.84195,0.98235,0.0095525,-0.077513,-0.03643,-0.44669,-0.57906,-0.24787,0.43045,-0.088511,0.43044,-0.59741,-0.37614,-0.2852,-0.19408,0.76379,-0.19015,-0.41124,0.027562,-0.092211,-0.097642,0.36088,-0.31802,-0.05798,0.080401,0.38397,0.41562,0.73612,1.2346,1.1227,0,0.25232,-0.2017,-0.044034,-0.52161,-0.019688,0.04604,0.3835,0.41782,-0.70629,0.28433,-0.18198,-0.42248,-0.22287,-0.81951,-0.13427,-0.80894,-0.62466,0.068233,0.35733,0.45053,-0.48934,-0.48267,-0.53571,-0.2784,-0.65013,0.25412,0.29533,-0.18328,0.39057,-0.21972,-0.28636,0.075229,-0.022616,0.53743,0.39966,0.94292,-0.31426,0.029402,0.073116,0.14284,0.053701,-0.32751,0.47564,0.18354,0.1964,0.18196,0.25733,0.38351,0.34415,0.24127,0.25768,0.35658,-0.53268,0.34951,-0.57067,0.51001,0.079641,0.27967,0.0063619,-0.301,-0.42042,0.32797,0.091478,0.12792,-0.12005
0.88402,-0.04506,0.16798,-0.099637,0.82506,-0.015342,0.53624,-0.098449,0.1129,-0.10518,0.47484,-0.60188,-0.28735,-0.28012,0.037708,-0.26054,0.29951,0.28081,0.11858,0.73552,0.17632,0.054072,0.34067,0.59136,0.58336,0.18536,0.37294,0.041588,0.51489,0.58344,-0.060124,0.24741,-0.22594,-0.060854,-0.27382,-0.2621,-0.12455,-0.0067876,0.78153,0.25232,0,0.29687,0.075672,0.27738,-0.4988,-0.34268,-0.067853,0.023031,-0.021682,-0.2764,-0.28508,0.054668,0.36131,-0.1394,-0.12845,0.023668,0.023544,-0.016264,-0.094051,0.14359,-0.42523,0.19603,0.051731,0.044795,0.023931,0.07655,0.19254,0.47049,0.22514,0.27243,0.30764,-0.082725,0.066978,0.094677,-0.036507,0.33056,-0.78897,0.1059,0.18238,0.055274,0.08659,0.15265,0.080022,0.13395,0.22687,0.058703,0.33066,-0.020373,0.017472,-0.15896,-0.10006,0.45808,0.039276,0.25119,-0.081165,0.19643,-0.0090578,0.30425,0.06764,-0.015392,0.041243,-0.082389,-0.2061,0.29005,0.1701
0.29699,0.52965,-0.17755,-0.10272,0.44463,0.50687,-0.2422,0.50082,0.45259,0.55814,-0.31376,0.055732,-0.20531,-0.023656,0.28459,0.28004,0.45237,-0.33996,0.25484,0.050644,0.4658,0.25893,0.48836,0.38136,0.096442,0.4955,0.10555,0.011345,0.13307,0.25654,-0.52978,0.19631,-0.25825,-0.07875,-0.52557,-0.31157,-0.66805,-0.34741,-0.095226,-0.2017,0.29687,0,0.21584,0.72396,-0.24999,-0.35174,0.18569,0.23191,0.29311,-0.32853,0.11231,0.00023084,0.31711,0.37988,0.25053,0.50628,0.56851,0.41102,0.25356,0.19206,0.48506,0.18524,0.080465,0.14793,0.28687,0.2399,0.23592,-0.041776,-0.23698,0.027138,0.19262,0.16522,0.14769,0.17878,0.17362,0.18549,0.19118,0.08538,0.017396,-0.083753,-0.025009,0.048078,-0.13275,0.14274,0.028384,-0.115,-0.047477,0.29766,0.30636,0.14711,0.19076,-0.19867,0.33621,-0.039906,0.38071,-0.092077,0.05567,-0.13509,0.12211,0.15156,0.17338,0.045832,0.052822,-0.12075,0.1391
0.51872,0.50595,-0.0071907,-0.1532,0.37103,0.36865,0.40506,0.28753,-0.20693,-0.017279,-0.25638,-0.24219,-0.32207,-0.24126,-0.17894,0.017095,-0.1325,0.24194,0.17959,-0.29859,0.096185,0.10633,-0.13334,-0.084738,0.024301,0.18136,-0.3862,-0.15692,-0.083754,-0.18165,0.074263,0.32632,-0.38229,-0.53133,0.17126,0.13369,-0.082449,-0.19214,-0.064859,-0.044034,0.075672,0.21584,0,0.73978,0.19712,0.064423,0.19431,0.24694,0.089577,-0.24347,-0.11745,-0.27315,0.41402,0.18515,-0.17015,0.10069,0.56422,0.32118,0.1684,-0.07561,0.074905,0.26447,0.094229,0.19539,0.10195,0.28512,0.34604,-0.30133,-0.0092397,0.14077,0.2957,0.63799,0.81461,0.22468,0.58804,0.18874,-0.052933,-0.29656,-0.45804,-0.32023,-0.23759,-0.52929,-0.86923,-0.074834,-0.18381,-0.39341,-0.33182,0.101,0.08804,0.61189,0.57498,0.21402,0.49057,0.30434,0.37277,0.41069,0.63099,0.5264,0.82533,0.19048,0.23748,-0.2881,-0.051218,0.48946,0.74649
0.38914,1.1592,-0.40373,-0.50308,0.56872,0.96508,-0.12662,0.52602,0.14528,0.71692,-0.44387,-0.28296,-0.0037876,0.092821,0.53721,0.57362,0.39401,-0.1132,0.53792,-0.066099,0.87505,0.63004,0.57473,0.61466,-0.012627,0.8307,0.23276,0.23217,0.23028,0.28896,-0.11943,0.80714,-0.04178,-0.057227,-0.11257,-0.066812,-0.38188,-0.51491,-0.33686,-0.52161,0.27738,0.72396,0.73978,0,0.13012,0.057978,-0.086336,-0.034771,0.79109,-0.22228,0.079118,0.11236,0.81235,0.85387,0.26594,0.90898,0.85385,0.1823,-0.10813,-0.13381,0.47089,0.78469,0.45663,0.42096,0.52472,0.077395,0.051407,-0.040961,-0.21321,0.36825,0.48684,0.2707,0.43759,-0.11587,0.11512,-0.18085,0.17013,0.10069,-0.003649,-0.16369,-0.049844,0.088644,-0.77659,0.17043,-0.0094479,-0.043106,-0.14544,-0.13834,-0.072653,0.15293,0.051631,-0.096209,0.71956,0.014085,0.71052,0.042607,0.33555,0.20878,0.52993,0.42962,0.57011,-0.29661,-0.039862,0.10091,0.53835
