,,,,,,,,,,,,,,,,,,,,,,,,,,,,,,,,,,,,,,,,,,,,,,,,,,,,,,,,,,,,,,,,,,,,,,,,,,,,,,,,,,,,,,,,,,,,,,,,,,,,,,,,
0,0.32614,0.23906,0.12688,0.41557,0.051311,0.66221,0.0029588,-0.3491,-0.39601,0.057018,-0.50443,-0.077736,0.0041723,-0.26236,-0.062114,0.030768,0.50859,-0.085825,0.00014198,-0.11901,-0.062743,-0.22449,0.0077794,0.3236,-0.084,-0.21194,-0.097073,-0.062814,-0.098773,-0.133,-0.013888,-0.12161,-0.19596,0.00036702,0.0041735,0.090767,0.13936,0.51108,0.34335,0.59233,0.10574,0.6559,0.31961,0.068323,-0.06044,0.39271,0.53036,-0.1285,0.21494,0.15464,-0.39049,0.47058,-0.075999,-0.1373,-0.012883,0.35953,0.52675,0.47209,0.27036,-0.10096,0.15464,-0.19504,0.13291,-0.096177,0.66933,0.63508,-0.056342,-0.085336,-0.25381,0.022739,0.51192,0.41196,0.66851,0.78353,0.40515,-0.67452,0.089457,-0.11179,0.050005,-0.090654,-0.19439,-0.10943,-0.14245,0.018206,-0.11251,0.089035,0.432,0.43794,0.70248,0.95691,0.041814,-0.05315,0.48594,0.15056,0.5985,0.58199,0.2871,0.59061,0.1777,0.010345,0.11039,0.072846,0.47398,0.51817
0.32614,0,-0.45145,-0.46873,0.30244,1.0338,-0.32199,0.65182,0.21588,0.76923,-0.46531,-0.2005,0.033655,0.082251,0.38185,0.85608,0.40588,-0.0069935,0.25886,0.07894,0.68926,0.5253,0.4764,0.7233,-0.044453,0.65079,0.49315,0.41034,0.33509,0.31314,-0.28847,0.62922,0.014494,-0.038369,-0.45454,-0.40791,-0.41175,-0.53122,-0.46739,-0.60698,0.6325,0.53638,0.31694,1.2947,-0.023141,-0.12404,0.033085,0.022506,0.62976,-0.12666,0.12252,0.046219,0.65058,1.0616,0.27403,0.6342,0.66361,0.35024,-0.046188,-0.14396,0.43729,0.64619,0.46413,0.33706,0.57436,0.17528,0.16263,0.34693,0.023247,0.17252,0.51755,0.23934,0.26734,-0.021341,0.015135,-0.61215,-0.08509,0.11167,0.093569,-0.10901,-0.041272,0.32706,-0.33775,0.07751,-0.0030591,-0.099018,0.0089447,0.041612,0.016158,0.22356,0.10399,0.017506,0.67514,-0.012426,0.53514,0.0023872,0.14815,0.28775,0.41787,0.19103,0.44737,-0.34156,-0.041785,0.014411,0.26199
0.23906,-0.45145,0,1.4113,-0.10865,-0.56623,0.36812,-0.52587,-0.1649,-0.49815,0.51335,-0.080479,0.196,0.29351,-0.21234,-0.24669,0.084451,0.33162,0.28173,0.29883,-0.26583,-0.08066,0.045528,-0.030127,0.61297,0.025592,-0.17153,0.24247,-0.029409,-0.28591,0.25634,-0.12621,0.16452,0.28765,0.39107,0.58119,0.51311,0.69109,0.51366,0.76605,-0.056266,-0.18238,0.037227,-0.26058,0.093324,0.19046,0.41873,0.43485,-0.22594,0.40406,0.13689,-0.13747,-0.081792,-0.37167,0.16792,-0.40851,-0.1442,0.19099,0.42797,0.46691,-0.13861,-0.32514,-0.5544,-0.048878,-0.43924,0.34022,0.33641,-0.19379,0.13233,-0.17005,-0.17352,0.11217,0.0093078,0.45135,0.46419,0.48568,-0.028052,0.21086,0.33966,0.21815,0.23181,0.17692,0.67371,0.62048,0.55706,0.40817,0.26707,0.46108,0.57525,0.25319,0.39045,0.33277,-0.18357,0.17146,-0.33818,0.55576,0.29731,0.38311,0.32912,-0.15168,-0.20241,0.3329,0.19272,0.30705,0.10564
0.12688,-0.46873,1.4113,0,-0.22785,-0.5436,0.15998,-0.29047,0.084191,-0.308,0.35175,0.15198,-0.010758,0.053444,-0.37882,-0.32514,0.14506,0.080253,0.18271,0.31614,-0.40554,-0.27986,0.079357,-0.086709,0.38497,-0.07649,-0.060594,0.2181,-0.19848,-0.47975,-0.018087,-0.30935,-0.0064348,0.12599,0.083698,0.3204,0.23941,0.45522,0.36754,0.61013,-0.0018348,0.0038419,-0.13279,-0.37732,-0.16524,-0.03378,0.49412,0.46934,-0.45571,0.15361,0.097872,-0.20712,-0.24503,-0.39416,0.10642,-0.40914,-0.22533,0.22074,0.49688,0.48497,0.015109,-0.6855,-0.73546,-0.18181,-0.45732,0.36689,0.39049,-0.10153,0.22219,-0.26935,-0.33794,0.031899,-0.0013126,0.51333,0.41728,0.34893,0.13997,0.1333,0.25172,0.3059,0.25895,0.22318,1.0174,0.611,0.66605,0.34036,0.26467,0.57413,0.6084,0.066392,0.31962,0.19084,-0.18868,0.076494,-0.2096,0.42831,0.21484,0.1267,0.15974,-0.35949,-0.38873,0.27089,0.14724,0.24899,0.030076
0.41557,0.30244,-0.10865,-0.22785,0,0.68494,0.33384,0.41211,0.033731,-0.1461,0.01363,-0.2041,0.27038,0.35331,0.26097,-0.088965,0.13794,0.35499,-0.063381,0.037048,0.47444,0.19337,0.087033,0.14414,0.40442,-0.1259,0.030243,-0.20395,0.40018,0.31835,-0.014171,0.37238,0.29349,0.26305,0.034449,0.15526,0.24383,0.21688,0.47735,0.19808,0.6668,0.062194,0.3298,0.36652,-0.23902,-0.13665,0.018654,0.15192,0.25566,0.431,0.74771,0.025754,0.48906,0.25226,0.046304,0.19347,0.62301,0.17087,-0.032997,-0.24142,-0.29077,0.60395,0.17341,0.3454,0.34801,0.28538,0.23428,0.078765,-0.20865,0.22377,0.44154,0.033162,0.26476,0.016303,0.011867,0.035095,-0.56914,0.45599,0.31406,0.36819,0.10834,0.042193,-0.12357,-0.0055242,0.22676,0.14255,0.22092,-0.0028755,0.087664,0.12641,-0.09283,0.18244,0.283,-0.074921,0.030435,0.059514,0.11503,0.054683,0.017179,0.52491,0.34281,0.054281,-0.033037,0.014534,0.21609
0.051311,1.0338,-0.56623,-0.5436,0.68494,0,-0.29598,0.98416,0.38726,0.62995,-0.52856,-0.060792,0.044525,0.11463,0.50743,0.52327,0.45544,-0.069252,0.15899,0.094948,0.8903,0.49866,0.51246,0.52103,-0.054043,0.40451,0.40509,0.098362,0.45311,0.41302,-0.25938,0.69574,0.03353,0.020034,-0.44087,-0.32417,-0.3661,-0.45528,-0.31785,-0.55458,0.54479,0.46127,0.2802,0.93022,-0.28607,-0.22584,-0.17623,-0.14886,0.6487,-0.13187,0.34672,0.231,0.44008,0.84785,0.10476,0.59216,0.8114,0.086462,-0.32847,-0.31281,0.23976,0.79062,0.64454,0.42865,0.73965,0.01496,0.030614,0.39654,-0.0075534,0.51113,0.8081,0.050932,0.25384,-0.24513,-0.24975,-0.59379,-0.10713,0.16166,0.14093,0.065057,0.047326,0.28221,-0.35756,0.092156,0.065686,-0.071689,0.0426,-0.20208,-0.19539,-0.060671,-0.24439,0.20168,0.92064,-0.184,0.49511,-0.10591,0.076269,0.17457,0.14785,0.45206,0.63831,-0.1836,-0.076612,0.0094979,0.25891
0.66221,-0.32199,0.36812,0.15998,0.33384,-0.29598,0,-0.25605,-0.53318,-0.89683,0.33526,-0.17661,-0.05805,-0.013686,-0.58243,-0.6127,-0.48091,0.63024,-0.44666,-0.24579,-0.40097,-0.25644,-0.7768,-0.54811,0.22846,-0.54474,-0.50595,-0.29962,-0.13893,-0.30591,0.40525,-0.10344,-0.084774,-0.19268,0.53312,0.45683,0.48652,0.46513,0.8797,0.7218,0.0017439,-0.53995,0.65494,-0.21863,0.2699,0.14402,0.21656,0.29724,-0.36124,0.30059,0.056114,-0.23577,0.032755,-0.60052,-0.44277,-0.67019,-0.13441,0.1378,0.26753,0.14346,-0.43897,-0.046649,-0.1674,-0.0049107,-0.30362,0.28609,0.33206,-0.31817,0.1171,-0.069795,-0.050281,0.40654,0.43431,0.45559,0.58624,0.54362,-0.59126,-0.067606,-0.24222,-0.029862,-0.18403,-0.53032,-0.13617,-0.33462,-0.18479,-0.11802,-0.1031,0.14788,0.098796,0.54632,0.44864,0.28468,-0.26737,0.34241,-0.29203,0.48887,0.36459,0.33623,0.31382,0.15324,-0.073826,0.22436,0.21882,0.37624,0.26671
0.0029588,0.65182,-0.52587,-0.29047,0.41211,0.98416,-0.25605,0,0.59947,0.74778,-0.5763,0.43915,-0.31518,-0.25815,-0.0047701,0.09539,0.072184,-0.53465,-0.24017,-0.0031459,0.32409,0.040573,0.18259,0.12645,-0.2936,0.10083,0.25789,-0.071724,-0.0014003,0.094957,-0.5428,0.17018,-0.27087,-0.25166,-0.7147,-0.39788,-0.5598,-0.46061,-0.21128,-0.44413,0.41778,0.60714,0.11087,0.441,-0.54384,-0.64045,0.20801,0.19196,0.087351,-0.33928,0.23935,0.029029,0.12145,0.45136,0.091147,0.21163,0.39043,0.29237,-0.013625,-0.12472,0.37905,0.1178,0.20305,0.16712,0.41683,0.22904,0.25715,0.22949,0.19806,0.11634,0.28986,-0.011336,0.1489,0.011774,-0.097538,-0.38756,0.19645,-0.077274,-0.094932,-0.082412,-0.19843,0.1059,-0.15984,-0.025334,-0.030208,-0.30678,-0.19496,0.16448,0.052821,-0.062623,-0.19155,0.12358,0.6313,-0.11983,0.38719,-0.25193,-0.15902,-0.12159,-0.065921,0.039534,0.15694,-0.21032,-0.1001,-0.11333,0.025563
-0.3491,0.21588,-0.1649,0.084191,0.033731,0.38726,-0.53318,0.59947,0,0.72226,-0.096441,0.71913,-0.060335,-0.0096833,0.21001,0.14386,0.20441,-0.37385,0.2614,0.23981,0.16109,0.04655,0.29618,0.11478,0.0022989,0.25385,0.28829,0.38463,0.054117,-0.13999,-0.317,0.094344,-0.040004,0.057896,-0.49802,-0.22899,-0.35271,-0.19995,-0.29743,-0.14601,0.004959,0.61761,-0.24709,0.090892,-0.31705,-0.17758,0.15757,0.025956,-0.10544,-0.19508,0.21765,-0.087233,-0.36437,0.15266,0.10352,0.021466,0.066899,0.01711,-0.071729,-0.20926,0.23413,-0.14938,0.0030818,-0.22439,0.16231,-0.0098084,-0.033105,0.2105,0.22654,0.24203,0.2026,-0.19915,0.0017491,-0.12054,-0.29795,-0.42402,0.54347,-0.0020977,0.20236,0.22934,0.12484,0.34891,0.20568,0.33396,0.27467,-0.013267,0.10721,0.15947,0.1415,0.00020477,-0.15116,-0.17081,0.23005,-0.19857,0.064908,-0.10476,-0.24768,-0.29423,-0.32164,-0.29908,-0.10354,-0.25739,-0.33769,-0.27189,-0.16388
-0.39601,0.76923,-0.49815,-0.308,-0.1461,0.62995,-0.89683,0.74778,0.72226,0,-0.39164,0.45426,-0.068449,-0.055675,0.34744,0.66223,0.32189,-0.52041,0.2471,0.12262,0.55133,0.44667,0.61429,0.57131,-0.21293,0.70563,0.66471,0.50351,0.29935,0.26081,-0.20944,0.45652,-0.038041,0.0090371,-0.57472,-0.432,-0.65405,-0.65933,-0.84885,-0.81856,0.1769,0.65352,-0.1685,0.55122,-0.09755,-0.15274,-0.04055,-0.18906,0.43684,-0.41975,-0.089453,0.29079,0.1514,0.89662,0.46654,0.37988,0.14984,0.11775,-0.12675,-0.19645,0.64677,0.16812,0.40442,-0.060027,0.40614,-0.17105,-0.13565,0.3236,0.25959,0.27039,0.32478,-0.083407,-0.013054,-0.23555,-0.33927,-0.89138,0.54707,-0.042378,0.14687,-0.24176,0.0043373,0.44054,-0.08767,0.22363,0.0086716,-0.092283,-0.057204,-0.0050853,-0.061403,-0.11591,-0.29005,-0.104,0.49151,-0.3841,0.25796,-0.4134,-0.33007,-0.065818,-0.080569,-0.23999,0.14957,-0.49205,-0.11642,-0.31249,-0.23383
0.057018,-0.46531,0.51335,0.35175,0.01363,-0.52856,0.33526,-0.5763,-0.096441,-0.39164,0,0.14138,0.64501,0.56653,0.07387,-0.19029,-0.34195,0.56759,0.2373,0.32264,-0.2878,-0.071958,-0.12416,-0.069494,0.70571,-0.013741,-0.048374,0.33515,0.26716,-0.0061928,0.66995,-0.0331,0.73158,0.60161,0.62311,0.77937,0.9812,1.09,0.74209,0.91607,-0.044983,-0.40025,-0.33448,-0.50751,0.43051,0.60834,-0.064624,-0.015011,-0.28831,0.81463,0.37976,-0.26821,0.084055,-0.23829,0.26083,-0.62935,-0.59772,-0.22053,0.05226,-0.25645,-0.78844,-0.03088,-0.44975,-0.67314,-0.85141,-0.046959,-0.13152,0.045981,0.034851,-0.084299,-0.22175,-0.12519,-0.20929,0.055257,-0.012362,0.26498,-0.1833,0.52119,0.53698,0.3192,0.56948,-0.023602,0.28701,0.35181,0.49329,0.6079,0.63873,-0.046235,0.052147,0.11452,-0.00058883,0.118,-0.44881,0.018228,-0.62035,0.47419,0.17814,-0.010515,-0.12525,-0.56098,-0.71265,0.002017,-0.30371,-0.087443,-0.35241
-0.50443,-0.2005,-0.080479,0.15198,-0.2041,-0.060792,-0.17661,0.43915,0.71913,0.45426,0.14138,0,-0.088177,-0.088772,-0.24962,-0.23521,-0.28914,-0.49546,-0.23636,0.12177,-0.2013,-0.2395,-0.077051,-0.25072,-0.13189,-0.028886,0.051999,0.14375,-0.13672,-0.23108,-0.003756,-0.15807,-0.043047,0.022328,-0.18123,0.055859,-0.14862,0.03585,-0.018241,0.11205,-0.29099,0.2442,-0.40569,-0.39354,-0.11093,-0.16712,0.20059,0.073954,-0.37618,-0.14916,0.067227,-0.061619,-0.53409,-0.13183,0.1523,-0.5222,-0.58086,-0.00026727,0.1209,-0.07201,0.16492,-0.50484,-0.23461,-0.54719,-0.27888,-0.087351,-0.076024,-0.039041,0.41313,-0.051439,-0.176,-0.20122,-0.14991,0.033909,-0.19261,-0.1336,0.70064,-0.064208,0.023982,-0.034897,0.028764,-0.06014,0.30408,0.12726,0.011283,-0.012531,-0.0078872,0.20243,0.042871,-0.047579,-0.25822,-0.070643,-0.10211,-0.29481,-0.30063,-0.22862,-0.43528,-0.36291,-0.51494,-0.63381,-0.47515,-0.032683,-0.031124,-0.53326,-0.66382
-0.077736,0.033655,0.196,-0.010758,0.27038,0.044525,-0.05805,-0.31518,-0.060335,-0.068449,0.64501,-0.088177,0,1.7544,0.4992,0.19861,0.15802,0.40234,0.57063,0.61579,0.32242,0.28188,0.37612,0.49921,0.5327,0.31623,0.11624,0.41177,0.53167,0.4074,0.52595,0.50146,1.8367,1.754,0.42011,0.49879,0.67274,0.49701,0.14368,0.22083,0.063659,-0.29877,-0.42466,-0.056245,0.35404,0.53844,-0.47535,-0.39897,0.4059,1.1696,0.68125,0.014365,0.31914,0.32213,0.59469,0.094096,-0.16118,-0.45355,-0.39857,-0.58925,-0.55572,0.47078,-0.069046,-0.21249,-0.27359,-0.38247,-0.56605,0.20326,-0.27279,-0.02355,0.069963,-0.43663,-0.43898,-0.45748,-0.53825,-0.11735,-0.17786,1.1489,1.1289,0.47504,0.79316,0.42061,0.28854,0.58802,0.52324,1.0319,0.96703,-0.40603,-0.2545,-0.084494,-0.31377,-0.0030732,-0.18482,-0.30628,-0.44001,0.094924,-0.088723,0.029342,-0.12414,-0.084358,0.00061235,0.062856,-0.13528,-0.33667,-0.38611
0.0041723,0.082251,0.29351,0.053444,0.35331,0.11463,-0.013686,-0.25815,-0.0096833,-0.055675,0.56653,-0.088772,1.7544,0,0.57085,0.28894,0.27809,0.51772,0.55865,0.59774,0.45916,0.43419,0.39128,0.52975,0.67673,0.39173,0.12435,0.46756,0.61225,0.37508,0.54914,0.60528,1.2533,1.5127,0.37886,0.4553,0.54298,0.44439,0.20745,0.25509,0.080777,-0.19567,-0.25318,0.046504,0.41446,0.58181,-0.28201,-0.23285,0.52032,1.0062,0.65313,0.083061,0.33085,0.32329,0.6311,0.077946,-0.04004,-0.233,-0.22737,-0.35702,-0.37963,0.54765,0.054288,-0.076533,-0.11415,-0.22482,-0.35345,0.20361,-0.14354,0.13173,0.25198,-0.20096,-0.23106,-0.24397,-0.3241,-0.12417,-0.17075,1.0365,1.2349,0.37074,0.66136,0.5251,0.31729,0.67642,0.52281,1.0082,0.85957,-0.20834,-0.060935,0.12083,-0.17285,0.01425,-0.1203,-0.22619,-0.40556,0.12455,-0.061366,0.12167,-0.0090057,0.054186,0.10577,0.17338,-0.0054702,-0.21679,-0.24287
-0.26236,0.38185,-0.21234,-0.37882,0.26097,0.50743,-0.58243,-0.0047701,0.21001,0.34744,0.07387,-0.24962,0.4992,0.57085,0,0.80455,0.48728,0.18487,0.66351,0.24676,0.93655,0.8209,0.6996,0.63674,0.3918,0.61894,0.54275,0.37338,0.82519,0.57517,0.1514,0.54377,0.48146,0.57065,0.017615,0.015428,0.043355,0.0076231,-0.21441,-0.22068,0.20829,0.17162,-0.14148,0.48494,0.10876,0.33495,-0.31538,-0.32633,0.82873,0.21662,0.30973,0.40153,0.36241,0.65462,0.42199,0.60929,0.45994,-0.1269,-0.35576,-0.26342,-0.0304,0.89911,0.54768,0.27245,0.44047,-0.15792,-0.24339,0.39305,-0.13817,0.60997,0.68158,-0.083342,-0.072166,-0.40173,-0.39728,-0.41616,-0.065483,0.3732,0.56657,0.20049,0.40948,0.47624,-0.16035,0.37765,0.27005,0.37947,0.34871,-0.31497,-0.11237,-0.1298,-0.32978,0.034114,0.3805,-0.16727,0.1217,-0.065518,0.066325,0.093684,-0.014937,0.32006,0.37194,-0.069002,-0.18942,-0.17925,0.018237
-0.062114,0.85608,-0.24669,-0.32514,-0.088965,0.52327,-0.6127,0.09539,0.14386,0.66223,-0.19029,-0.23521,0.19861,0.28894,0.80455,0,0.59122,0.14052,0.57823,0.092217,0.70501,0.83464,0.65663,0.82443,0.064742,1.0617,0.57264,0.74027,0.57216,0.46938,0.042158,0.65671,0.17564,0.15045,-0.15817,-0.21742,-0.23471,-0.35663,-0.53762,-0.51266,0.16299,0.38547,0.074217,0.7966,0.33529,0.35052,-0.18198,-0.22621,0.86491,-0.11369,-0.043573,0.23704,0.4246,0.88538,0.39369,0.58909,0.41973,0.10043,-0.15653,-0.035217,0.46683,0.70186,0.62012,0.21492,0.47583,-0.11437,-0.10622,0.39453,0.024467,0.43789,0.56987,0.22379,0.12552,-0.15366,-0.077402,-0.70855,0.09951,0.096759,0.2426,-0.16182,0.096997,0.47404,-0.221,0.27266,0.057557,0.12094,0.075972,-0.14105,-0.085201,0.099768,-0.0035322,-0.030335,0.49134,-0.091535,0.35361,0.021032,0.13719,0.33077,0.38128,0.12793,0.42315,-0.15683,0.043542,0.0041105,0.13454
0.030768,0.40588,0.084451,0.14506,0.13794,0.45544,-0.48091,0.072184,0.20441,0.32189,-0.34195,-0.28914,0.15802,0.27809,0.48728,0.59122,0,0.097511,0.60324,0.31373,0.72951,0.64751,1.0278,0.80995,0.30833,0.53643,0.45006,0.24528,0.56174,0.32178,-0.10194,0.56545,0.085659,0.25491,-0.27437,-0.26211,-0.37615,-0.36621,-0.3886,-0.33345,0.40137,0.4831,0.11183,0.59856,-0.125,0.03846,-0.18149,-0.24007,0.70003,-0.12827,0.044993,0.52571,0.29322,0.55997,0.26284,0.75893,0.62382,0.090546,-0.034388,0.15269,0.43843,0.33509,0.37479,0.2534,0.46929,-0.095103,-0.044143,0.24347,-0.085205,0.40986,0.50859,0.054633,0.19875,-0.040358,-0.062523,-0.33959,-0.05729,0.26384,0.40262,0.22228,0.36195,0.61177,0.27184,0.42413,0.32235,0.26247,0.35717,-0.013791,0.10606,-0.070499,0.075094,-0.1335,0.24438,-0.41056,0.21388,-0.078045,0.088212,0.14823,0.19912,0.36087,0.62147,0.10418,0.29766,0.13417,0.20073
0.50859,-0.0069935,0.33162,0.080253,0.35499,-0.069252,0.63024,-0.53465,-0.37385,-0.52041,0.56759,-0.49546,0.40234,0.51772,0.18487,0.14052,0.097511,0,0.14543,-0.029808,0.081988,0.24896,-0.13114,0.054557,0.61079,0.005521,0.065272,0.27369,0.45393,-0.02421,0.64375,0.34198,0.32454,0.22629,0.54014,0.34853,0.48957,0.35775,0.51585,0.49174,0.18248,-0.41147,0.40115,0.074109,0.58006,0.71022,-0.085848,-0.034071,0.18326,0.48197,0.19529,-0.0272,0.38035,-0.06562,-0.13264,-0.23209,0.041518,0.047005,0.072551,0.014606,-0.34382,0.41892,0.17047,0.012669,-0.055737,0.093423,0.11762,0.18866,0.12256,0.32865,0.27388,0.4853,0.4701,0.25073,0.33855,0.055473,-0.71286,0.28018,0.26632,0.12041,0.25614,0.051146,-0.045094,0.041184,0.21795,0.29841,0.34881,-0.072675,0.003929,0.48725,0.3207,0.14039,-0.085806,0.24596,-0.09103,0.65966,0.61215,0.53285,0.49694,0.21111,0.088844,0.15986,0.15673,0.42334,0.3996
-0.085825,0.25886,0.28173,0.18271,-0.063381,0.15899,-0.44666,-0.24017,0.2614,0.2471,0.2373,-0.23636,0.57063,0.55865,0.66351,0.57823,0.60324,0.14543,0,0.76341,0.49528,0.62177,0.99847,0.9937,0.55141,1.011,0.18312,0.73639,0.51009,0.33844,0.11386,0.5651,0.58433,0.63573,0.057876,0.15278,0.21362,0.16398,-0.27037,-0.037258,0.17155,0.27264,-0.1694,0.40222,0.10123,0.33243,-0.27152,-0.25149,0.4437,0.22975,0.11753,0.00016273,0.2691,0.48583,0.51197,0.40529,0.19037,-0.17941,-0.19683,-0.3178,-0.091864,0.38023,0.037805,-0.0083678,0.022451,-0.19937,-0.27445,0.025781,-0.32962,0.22575,0.31299,-0.19091,-0.16594,-0.29648,-0.26473,-0.20307,0.10836,0.56906,0.74696,0.42384,0.65832,0.45992,0.1537,0.94184,0.61068,0.6652,0.64228,-0.16737,0.039973,-0.058625,-0.047398,0.025901,0.13957,-0.30138,-0.050146,0.16494,0.084208,0.11903,0.026984,-0.02364,0.10912,-0.3057,-0.39372,-0.079223,-0.055674
0.00014198,0.07894,0.29883,0.31614,0.037048,0.094948,-0.24579,-0.0031459,0.23981,0.12262,0.32264,0.12177,0.61579,0.59774,0.24676,0.092217,0.31373,-0.029808,0.76341,0,0.24918,0.25852,0.62711,0.62063,0.55097,0.46348,0.030303,0.32838,0.222,0.023003,-0.056003,0.23799,0.52792,0.6886,-0.21357,0.050948,0.13963,0.28094,0.040371,0.18876,0.28147,0.24207,-0.42114,0.0071706,-0.15463,-0.025215,-0.092297,-0.044238,0.080869,0.32059,0.37486,-0.15875,0.1573,0.25045,0.57803,0.021363,-0.15521,-0.071636,0.0099248,-0.33709,-0.31347,0.10986,-0.25343,-0.14241,-0.31147,-0.015933,-0.121,0.033456,-0.2126,-0.1021,0.12795,-0.18526,-0.22407,-0.018105,-0.22732,0.018801,-0.013372,1.0069,0.79608,0.69642,1.0642,0.34004,0.55336,0.97556,0.63435,0.96474,1.1941,0.052246,0.13117,-0.06184,-0.017848,0.11916,-0.10344,-0.35079,-0.29538,0.13742,0.014631,-0.15095,-0.25354,-0.20521,-0.29217,0.029546,-0.31597,-0.25697,-0.39015
-0.11901,0.68926,-0.26583,-0.40554,0.47444,0.8903,-0.40097,0.32409,0.16109,0.55133,-0.2878,-0.2013,0.32242,0.45916,0.93655,0.70501,0.72951,0.081988,0.49528,0.24918,0,1.323,0.91402,1.015,0.33208,0.71115,0.47645,0.28576,0.92191,0.6469,0.097738,1.1289,0.29406,0.41265,-0.15458,-0.14088,-0.19653,-0.28202,-0.35786,-0.45551,0.47303,0.34461,0.18277,0.99443,-0.0083241,0.054499,-0.21815,-0.23823,1.4359,-0.028975,0.11263,0.61884,0.63029,1.1163,0.55682,0.74029,0.65545,0.15663,-0.14087,-0.21314,0.25052,0.9808,0.86347,0.52546,0.88497,-0.10055,-0.08462,0.1264,-0.11481,0.67798,1.0158,0.10175,0.23929,-0.2262,-0.22501,-0.54629,-0.07614,0.40604,0.54084,0.049568,0.23562,0.47195,-0.15846,0.33507,0.13372,0.31528,0.21187,-0.14017,-0.011916,-0.0058766,-0.28584,0.061314,0.50332,-0.50335,0.11013,-0.36744,-0.15445,0.141,0.021846,0.57192,0.72342,-0.20349,0.070404,-0.18124,0.021273
-0.062743,0.5253,-0.08066,-0.27986,0.19337,0.49866,-0.25644,0.040573,0.04655,0.44667,-0.071958,-0.2395,0.28188,0.43419,0.8209,0.83464,0.64751,0.24896,0.62177,0.25852,1.323,0,0.74294,0.9402,0.53091,0.84794,0.44365,0.45328,1.1241,0.57621,0.36985,1.1383,0.25633,0.3348,0.015324,-0.012966,-0.11226,-0.16493,-0.26117,-0.29236,0.33208,0.24029,0.29759,0.84975,0.32954,0.3496,-0.18441,-0.2568,1.1186,-0.044115,-0.07209,0.66593,0.59008,0.82018,0.53546,0.44515,0.45432,0.16988,-0.024066,-0.12597,0.19546,0.9242,0.90202,0.30196,0.57616,-0.11778,-0.070786,0.047346,-0.0019058,0.84753,1.1739,0.29604,0.38936,-0.065058,-0.020383,-0.49965,-0.14667,0.30043,0.48393,-0.042035,0.24804,0.39985,-0.17723,0.32498,0.03383,0.31073,0.21673,-0.091337,0.06615,0.21609,-0.028077,0.080029,0.27167,-0.47624,-0.104,-0.18216,-0.0332,0.26294,0.14726,0.35924,0.54332,-0.22785,0.089138,-0.030702,-0.018444
-0.22449,0.4764,0.045528,0.079357,0.087033,0.51246,-0.7768,0.18259,0.29618,0.61429,-0.12416,-0.077051,0.37612,0.39128,0.6996,0.65663,1.0278,-0.13114,0.99847,0.62711,0.91402,0.74294,0,1.4105,0.35258,0.99446,0.52177,0.48404,0.67847,0.5475,-0.077052,0.69089,0.41244,0.54828,-0.22931,-0.068946,-0.1298,-0.14266,-0.45854,-0.35592,0.45408,0.53218,-0.20487,0.62948,-0.21111,-0.013478,-0.26215,-0.26611,0.76496,-0.0079364,0.14302,0.38087,0.45774,1.0065,0.72896,0.7285,0.3911,-0.0053798,-0.14379,-0.17152,0.27072,0.40615,0.21904,0.15917,0.30896,-0.16437,-0.17331,0.18386,-0.19994,0.2906,0.40626,-0.21712,-0.12607,-0.28263,-0.33447,-0.41219,0.18432,0.55145,0.71583,0.28933,0.59342,0.60597,0.22822,0.84113,0.58277,0.54219,0.51789,-0.11962,0.024538,-0.34106,-0.29928,0.074395,0.42681,-0.6217,0.14696,-0.17228,-0.051727,0.070033,-0.024251,0.097231,0.31734,-0.22413,-0.085646,-0.18431,-0.11727
0.0077794,0.7233,-0.030127,-0.086709,0.14414,0.52103,-0.54811,0.12645,0.11478,0.57131,-0.069494,-0.25072,0.49921,0.52975,0.63674,0.82443,0.80995,0.054557,0.9937,0.62063,1.015,0.9402,1.4105,0,0.38077,1.1458,0.42517,0.60147,0.71715,0.63627,0.016038,0.96452,0.51351,0.55701,-0.18722,-0.11102,-0.072908,-0.17874,-0.41784,-0.40407,0.56277,0.4251,-0.089534,0.81552,0.035258,0.11702,-0.27325,-0.24031,0.93671,0.076932,0.086827,0.23683,0.80369,1.3365,0.87992,0.71453,0.36172,0.076285,-0.093198,-0.30598,0.18309,0.627,0.3164,0.16152,0.33957,-0.14574,-0.16358,0.14245,-0.2755,0.22046,0.43996,-0.065561,-0.033879,-0.21647,-0.23097,-0.4753,0.013877,0.68212,0.78519,0.16872,0.49097,0.60711,0.085137,0.68954,0.45131,0.58529,0.531,-0.11113,0.03305,-0.097369,-0.16012,-0.020186,0.30684,-0.52961,0.09807,-0.17176,-0.092348,0.08566,0.063635,0.097392,0.2955,-0.38921,-0.15542,-0.13699,-0.1013
0.3236,-0.044453,0.61297,0.38497,0.40442,-0.054043,0.22846,-0.2936,0.0022989,-0.21293,0.70571,-0.13189,0.5327,0.67673,0.3918,0.064742,0.30833,0.61079,0.55141,0.55097,0.33208,0.53091,0.35258,0.38077,0,0.26447,0.14593,0.33788,0.69707,0.15868,0.42764,0.3393,0.54742,0.66481,0.322,0.52184,0.49895,0.71073,0.59859,0.70315,0.45855,0.048641,0.10083,0.13906,0.20239,0.36712,0.1731,0.1864,0.15048,0.59543,0.41448,0.10957,0.3819,0.10354,0.44813,-0.093964,0.13224,0.24841,0.35474,0.0031389,-0.34998,0.30945,-0.088947,-0.064352,-0.14944,0.29771,0.2291,-0.079715,-0.046985,0.24907,0.38164,0.17282,0.23451,0.3309,0.26663,0.18016,-0.40308,0.70955,0.80491,0.52775,0.64723,0.21697,0.35438,0.56263,0.55928,0.71813,0.76592,0.27575,0.52088,0.38011,0.26435,0.12221,-0.18907,-0.20878,-0.50152,0.34401,0.25672,0.13345,0.047224,0.018236,-0.096881,0.066347,-0.042792,0.0017861,-0.092035
-0.084,0.65079,0.025592,-0.07649,-0.1259,0.40451,-0.54474,0.10083,0.25385,0.70563,-0.013741,-0.028886,0.31623,0.39173,0.61894,1.0617,0.53643,0.005521,1.011,0.46348,0.71115,0.84794,0.99446,1.1458,0.26447,0,0.27758,0.83821,0.5733,0.51186,0.08962,0.79856,0.31315,0.34197,-0.096209,-0.038429,-0.096177,-0.15264,-0.47961,-0.3263,0.15713,0.56154,-0.0024736,0.77143,0.21696,0.23546,-0.15741,-0.16658,0.75016,-0.065305,-0.089796,0.12221,0.42195,0.86144,0.6735,0.4196,0.2289,0.082998,-0.067775,-0.12122,0.34859,0.51962,0.30712,0.064368,0.21945,-0.15694,-0.15576,0.072586,-0.092368,0.31417,0.4486,0.066132,-0.048226,-0.17347,-0.14023,-0.37093,0.3311,0.29111,0.45083,-0.10487,0.26764,0.34723,-0.11616,0.67098,0.25501,0.30324,0.25721,-0.052984,0.030201,0.099582,-0.028929,0.085752,0.43415,-0.25181,0.15424,0.022447,0.01086,0.28767,0.1931,-0.0018129,0.24066,-0.33195,-0.16029,-0.12723,-0.050806
-0.21194,0.49315,-0.17153,-0.060594,0.030243,0.40509,-0.50595,0.25789,0.28829,0.66471,-0.048374,0.051999,0.11624,0.12435,0.54275,0.57264,0.45006,0.065272,0.18312,0.030303,0.47645,0.44365,0.52177,0.42517,0.14593,0.27758,0,0.53238,0.57999,0.081412,0.087944,0.35317,0.13792,0.18722,-0.22073,-0.12935,-0.28216,-0.28034,-0.31868,-0.3648,0.47026,0.077718,-0.11722,0.341,0.0098959,0.14641,-0.023486,-0.19298,0.41901,-0.028145,0.22807,0.56436,0.35424,0.70289,0.32352,0.29354,0.21052,0.11379,-0.1007,-0.043286,0.3143,0.23699,0.38729,0.015636,0.30196,0.026512,0.052283,0.90002,0.5717,0.42003,0.37799,0.06035,0.20601,-0.044057,-0.12814,-0.95891,-0.058092,0.11512,0.34632,0.063808,0.33873,0.79519,0.18039,0.25806,0.33732,0.17816,0.21932,-0.04855,-0.024972,-0.18448,-0.23883,0.093381,0.4185,-0.21211,0.23252,-0.013365,0.18971,0.22595,0.25197,-0.17485,0.13546,-0.16952,0.12965,0.033388,0.024255
-0.097073,0.41034,0.24247,0.2181,-0.20395,0.098362,-0.29962,-0.071724,0.38463,0.50351,0.33515,0.14375,0.41177,0.46756,0.37338,0.74027,0.24528,0.27369,0.73639,0.32838,0.28576,0.45328,0.48404,0.60147,0.33788,0.83821,0.53238,0,0.39058,0.0089871,0.2845,0.51578,0.43603,0.40157,0.095406,0.20422,0.15433,0.086396,-0.23882,-0.0056968,0.067972,0.13663,-0.12027,0.2984,0.42459,0.52195,0.080778,-0.010106,0.29599,0.18207,0.10082,-0.088198,0.18338,0.48502,0.49751,-0.010694,-0.096594,0.10175,0.037416,-0.14347,0.20688,0.1647,0.060609,-0.16082,0.012832,-0.0027466,-0.025367,0.26831,0.30447,0.21437,0.21463,0.10947,0.082206,0.0077512,0.00062936,-0.61613,0.29083,0.28986,0.58154,0.082037,0.33139,0.60149,0.22133,0.73419,0.51769,0.48375,0.33262,0.088657,0.12817,0.2264,-0.0030254,0.037469,0.22094,-0.094967,0.0049494,0.27389,0.11583,0.33407,0.29095,-0.38646,-0.087428,-0.35164,-0.13548,-0.067175,-0.059105
-0.062814,0.33509,-0.029409,-0.19848,0.40018,0.45311,-0.13893,-0.0014003,0.054117,0.29935,0.26716,-0.13672,0.53167,0.61225,0.82519,0.57216,0.56174,0.45393,0.51009,0.222,0.92191,1.1241,0.67847,0.71715,0.69707,0.5733,0.57999,0.39058,0,0.71123,0.56423,1.0628,0.55796,0.57001,0.15559,0.18994,0.14415,0.083096,0.0042133,-0.06573,0.44942,0.096972,0.1349,0.52233,0.26588,0.41521,-0.4013,-0.45042,0.83659,0.256,0.26212,0.65709,0.69549,0.72178,0.53149,0.26678,0.32404,-0.05817,-0.18644,-0.28435,-0.094117,0.92101,0.62106,-0.027837,0.2365,-0.2593,-0.21802,0.29558,0.013452,0.78417,0.8348,0.082483,0.23712,-0.19898,-0.20069,-0.39806,-0.34066,0.51505,0.65378,0.12794,0.5406,0.35467,-0.071917,0.31411,0.25388,0.38496,0.47571,-0.2809,-0.1241,0.035483,-0.16457,0.19958,0.23437,-0.55895,-0.23122,-0.0014661,0.09517,0.25788,0.080643,0.14558,0.35676,-0.13437,0.063473,-0.072487,-0.1422
-0.098773,0.31314,-0.28591,-0.47975,0.31835,0.41302,-0.30591,0.094957,-0.13999,0.26081,-0.0061928,-0.23108,0.4074,0.37508,0.57517,0.46938,0.32178,-0.02421,0.33844,0.023003,0.6469,0.57621,0.5475,0.63627,0.15868,0.51186,0.081412,0.0089871,0.71123,0,0.23918,0.63981,0.53457,0.43358,0.20857,0.17604,0.15759,-0.0074383,-0.11714,-0.33042,0.21273,0.17053,-0.054772,0.47738,0.17879,0.23284,-0.59118,-0.45224,0.7715,0.20986,0.14471,0.38362,0.6459,0.72221,0.53395,0.67446,0.39568,-0.26953,-0.40235,-0.37215,-0.037737,0.80417,0.35495,-0.01066,0.21626,-0.42629,-0.45707,0.017951,-0.52941,0.24358,0.27168,-0.38586,-0.33645,-0.57782,-0.43956,-0.15901,-0.030012,0.31879,0.37139,-0.12474,0.068557,0.092085,-0.3801,0.090392,0.027083,0.1353,0.11178,-0.49452,-0.27234,-0.27803,-0.40181,-0.088442,0.15767,-0.46251,-0.026056,-0.36559,-0.288,-0.085673,-0.12295,0.21415,0.41883,-0.26839,-0.15946,-0.17019,-0.18791
-0.133,-0.28847,0.25634,-0.018087,-0.014171,-0.25938,0.40525,-0.5428,-0.317,-0.20944,0.66995,-0.003756,0.52595,0.54914,0.1514,0.042158,-0.10194,0.64375,0.11386,-0.056003,0.097738,0.36985,-0.077052,0.016038,0.42764,0.08962,0.087944,0.2845,0.56423,0.23918,0,0.47027,0.51587,0.44074,1.0808,0.80078,0.55438,0.38206,0.26838,0.28704,-0.2541,-0.71288,0.11861,-0.15595,1.0685,1.1625,-0.36047,-0.43331,0.2699,0.45479,0.024413,0.41532,0.14223,-0.025638,0.12338,-0.33303,-0.35319,-0.36568,-0.22086,-0.19604,-0.32329,0.288,0.24972,-0.33283,-0.2516,-0.43636,-0.39279,0.0258,0.27095,0.45229,0.20678,0.012188,0.070029,-0.16049,-0.079324,-0.12251,-0.16981,0.15157,0.34335,-0.14886,0.20208,0.052966,-0.079752,0.10234,0.0088872,0.33047,0.1947,-0.39684,-0.28244,0.16732,-0.14464,0.10045,-0.28846,-0.19113,-0.5492,0.1303,0.024366,0.33096,0.14015,-0.073554,0.070142,-0.02635,0.16983,0.09337,-0.15904
-0.013888,0.62922,-0.12621,-0.30935,0.37238,0.69574,-0.10344,0.17018,0.094344,0.45652,-0.0331,-0.15807,0.50146,0.60528,0.54377,0.65671,0.56545,0.34198,0.5651,0.23799,1.1289,1.1383,0.69089,0.96452,0.3393,0.79856,0.35317,0.51578,1.0628,0.63981,0.47027,0,0.46993,0.44629,0.10758,0.081814,0.013827,-0.19307,-0.28718,-0.34627,0.33069,0.11017,0.29633,0.82048,0.33213,0.37211,-0.44124,-0.46572,1.1678,0.11502,0.092946,0.45924,0.67817,0.95298,0.45986,0.38388,0.34439,-0.080159,-0.3047,-0.42118,0.088863,0.96491,0.76303,0.13593,0.44453,-0.36166,-0.29555,0.15493,-0.013166,0.69902,0.84762,0.082168,0.26088,-0.31162,-0.25014,-0.61313,-0.1244,0.42945,0.5726,-0.039925,0.28209,0.40858,-0.21485,0.35891,0.15795,0.33199,0.29112,-0.34861,-0.24272,0.1196,-0.20467,0.12676,0.36725,-0.51784,-0.03609,-0.11158,-0.069859,0.34789,0.19433,0.28754,0.61635,-0.34862,0.037486,-0.011844,0.010197
-0.12161,0.014494,0.16452,-0.0064348,0.29349,0.03353,-0.084774,-0.27087,-0.040004,-0.038041,0.73158,-0.043047,1.8367,1.2533,0.48146,0.17564,0.085659,0.32454,0.58433,0.52792,0.29406,0.25633,0.41244,0.51351,0.54742,0.31315,0.13792,0.43603,0.55796,0.53457,0.51587,0.46993,0,1.6426,0.49847,0.65422,0.85289,0.6233,0.19206,0.2529,0.12846,-0.26764,-0.47516,-0.049075,0.30182,0.5227,-0.47139,-0.36408,0.33071,1.1582,0.69055,-0.028025,0.37384,0.3747,0.65596,0.11336,-0.15382,-0.457,-0.38277,-0.69787,-0.58444,0.43339,-0.15007,-0.28047,-0.29598,-0.35415,-0.53748,0.13138,-0.34903,-0.047297,-0.0011326,-0.56531,-0.49929,-0.50501,-0.54559,-0.13412,-0.11922,1.1435,1.1501,0.51566,0.74671,0.3412,0.24202,0.58079,0.61117,1.0351,0.87541,-0.42492,-0.23798,-0.20814,-0.44385,-0.0057584,-0.15944,-0.40266,-0.43426,0.046829,-0.12987,-0.059443,-0.20732,-0.17905,-0.083862,-0.1147,-0.27253,-0.39242,-0.45748
-0.19596,-0.038369,0.28765,0.12599,0.26305,0.020034,-0.19268,-0.25166,0.057896,0.0090371,0.60161,0.022328,1.754,1.5127,0.57065,0.15045,0.25491,0.22629,0.63573,0.6886,0.41265,0.3348,0.54828,0.55701,0.66481,0.34197,0.18722,0.40157,0.57001,0.43358,0.44074,0.44629,1.6426,0,0.36001,0.53556,0.60751,0.54588,0.13997,0.24292,0.11281,-0.16439,-0.52417,-0.053731,0.19293,0.40465,-0.32584,-0.28514,0.40419,1.0134,0.67456,0.12872,0.27004,0.35161,0.81041,0.15645,-0.10835,-0.33179,-0.26101,-0.45653,-0.43079,0.35118,-0.12342,-0.16965,-0.20756,-0.28664,-0.45759,0.1212,-0.26133,-0.0043438,0.076393,-0.51974,-0.47771,-0.39784,-0.52016,-0.095409,-0.040047,1.1928,1.4799,0.54432,0.83999,0.51296,0.457,0.78079,0.66661,1.202,0.96396,-0.24512,-0.065144,-0.16862,-0.39037,-0.025166,-0.17595,-0.44918,-0.50005,-0.043944,-0.20981,-0.082965,-0.25192,-0.09249,-0.018239,0.049322,-0.12395,-0.44322,-0.48915
0.00036702,-0.45454,0.39107,0.083698,0.034449,-0.44087,0.53312,-0.7147,-0.49802,-0.57472,0.62311,-0.18123,0.42011,0.37886,0.017615,-0.15817,-0.27437,0.54014,0.057876,-0.21357,-0.15458,0.015324,-0.22931,-0.18722,0.322,-0.096209,-0.22073,0.095406,0.15559,0.20857,1.0808,0.10758,0.49847,0.36001,0,1.3464,0.98191,0.6918,0.43966,0.51796,-0.36339,-0.80033,0.11028,-0.2559,0.77346,0.92221,-0.2034,-0.15188,0.042116,0.62993,0.083956,0.081146,-0.007133,-0.26997,-0.083828,-0.23362,-0.23834,-0.36572,-0.17174,-0.064119,-0.37585,0.11014,-0.12634,-0.16524,-0.3261,-0.2052,-0.25061,-0.23116,-0.0257,0.094677,-0.12844,-0.17611,-0.16096,-0.16983,0.024074,0.21143,-0.084538,0.043253,0.17162,-0.040998,-0.016758,-0.18097,-0.1342,0.02505,0.053209,0.25124,0.022694,-0.33113,-0.1716,0.065708,-0.13581,0.032294,-0.3106,0.069419,-0.33453,0.23006,0.099278,0.28985,0.16632,0.054804,0.059509,0.025859,0.072943,0.12154,0.040203
0.0041735,-0.40791,0.58119,0.3204,0.15526,-0.32417,0.45683,-0.39788,-0.22899,-0.432,0.77937,0.055859,0.49879,0.4553,0.015428,-0.21742,-0.26211,0.34853,0.15278,0.050948,-0.14088,-0.012966,-0.068946,-0.11102,0.52184,-0.038429,-0.12935,0.20422,0.18994,0.17604,0.80078,0.081814,0.65422,0.53556,1.3464,0,1.246,1.1299,0.63417,0.75262,-0.16165,-0.543,-0.0070997,-0.26631,0.44386,0.62111,-0.016032,0.043086,-0.089242,0.83826,0.40496,-0.026593,-0.0047856,-0.20297,0.12908,-0.31098,-0.20731,-0.25336,-0.072945,-0.1107,-0.44815,0.044238,-0.35607,-0.2242,-0.47449,-0.0077372,-0.092214,-0.19758,0.011903,0.013311,-0.10531,-0.2862,-0.21632,-0.080152,0.031859,0.21153,-0.025423,0.25881,0.3812,0.22987,0.18378,-0.074104,0.11331,0.322,0.3439,0.4489,0.20855,-0.13839,0.01541,0.014164,-0.1696,0.22769,-0.19783,-0.041341,-0.45277,0.32948,0.12299,0.22918,0.092379,-0.12703,-0.10783,0.040498,-0.032212,0.0006479,-0.12173
0.090767,-0.41175,0.51311,0.23941,0.24383,-0.3661,0.48652,-0.5598,-0.35271,-0.65405,0.9812,-0.14862,0.67274,0.54298,0.043355,-0.23471,-0.37615,0.48957,0.21362,0.13963,-0.19653,-0.11226,-0.1298,-0.072908,0.49895,-0.096177,-0.28216,0.15433,0.14415,0.15759,0.55438,0.013827,0.85289,0.60751,0.98191,1.246,0,1.4912,0.72762,0.85183,-0.085134,-0.57939,-0.12927,-0.32683,0.29265,0.45914,-0.12047,0.03494,-0.14777,1.0747,0.47705,-0.3299,0.11039,-0.21687,0.14723,-0.32343,-0.23651,-0.29105,-0.10357,-0.294,-0.84,0.12761,-0.44201,-0.16568,-0.51735,-0.014261,-0.13094,-0.22272,-0.31185,-0.1813,-0.20937,-0.27012,-0.28146,-0.14027,-0.03474,0.35408,-0.23864,0.51013,0.41753,0.42365,0.30944,-0.15121,0.11168,0.26498,0.40343,0.56119,0.34849,-0.1919,-0.05828,-0.031745,-0.1517,0.27633,-0.2267,0.014967,-0.48193,0.39149,0.15351,0.12888,-0.024782,-0.11452,-0.24806,0.044104,-0.21024,-0.10516,-0.17197
0.13936,-0.53122,0.69109,0.45522,0.21688,-0.45528,0.46513,-0.46061,-0.19995,-0.65933,1.09,0.03585,0.49701,0.44439,0.0076231,-0.35663,-0.36621,0.35775,0.16398,0.28094,-0.28202,-0.16493,-0.14266,-0.17874,0.71073,-0.15264,-0.28034,0.086396,0.083096,-0.0074383,0.38206,-0.19307,0.6233,0.54588,0.6918,1.1299,1.4912,0,1.0324,1.3696,-0.027551,-0.34713,-0.16741,-0.4353,0.13249,0.27954,0.15024,0.2772,-0.35835,0.9483,0.54969,-0.35345,-0.026782,-0.37804,0.17808,-0.4735,-0.2537,-0.077663,0.15836,-0.080061,-0.77557,-0.041744,-0.64074,-0.20725,-0.66038,0.23105,0.095671,-0.2647,-0.20298,-0.22771,-0.20119,-0.16927,-0.21949,0.1256,0.13545,0.55502,-0.20881,0.49669,0.39655,0.55592,0.38737,-0.1921,0.3078,0.33909,0.44898,0.55976,0.42382,0.10457,0.22749,0.074688,0.026342,0.3,-0.3046,0.049213,-0.60316,0.47031,0.21282,0.03015,-0.10426,-0.20225,-0.44771,0.21885,-0.17519,-0.15303,-0.25271
0.51108,-0.46739,0.51366,0.36754,0.47735,-0.31785,0.8797,-0.21128,-0.29743,-0.84885,0.74209,-0.018241,0.14368,0.20745,-0.21441,-0.53762,-0.3886,0.51585,-0.27037,0.040371,-0.35786,-0.26117,-0.45854,-0.41784,0.59859,-0.47961,-0.31868,-0.23882,0.0042133,-0.11714,0.26838,-0.28718,0.19206,0.13997,0.43966,0.63417,0.72762,1.0324,0,1.2894,0.17455,-0.30565,0.12681,-0.40654,0.084346,0.13919,0.33563,0.49342,-0.47701,0.60666,0.49417,-0.30267,0.083452,-0.51531,-0.068076,-0.60839,-0.11991,0.18026,0.37576,0.13265,-0.63604,-0.051879,-0.45078,-0.15264,-0.48129,0.49572,0.43235,-0.12898,0.011049,-0.13597,-0.12104,0.16183,0.12652,0.50877,0.47213,0.65464,-0.51059,0.26711,0.1401,0.29377,0.12353,-0.28748,0.18875,0.0061205,0.2453,0.21975,0.23557,0.29713,0.3702,0.29611,0.26763,0.2556,-0.31724,0.26944,-0.39216,0.50584,0.3337,0.014148,0.034999,-0.058006,-0.41715,0.35882,-0.01809,0.19339,0.028396
0.34335,-0.60698,0.76605,0.61013,0.19808,-0.55458,0.7218,-0.44413,-0.14601,-0.81856,0.91607,0.11205,0.22083,0.25509,-0.22068,-0.51266,-0.33345,0.49174,-0.037258,0.18876,-0.45551,-0.29236,-0.35592,-0.40407,0.70315,-0.3263,-0.3648,-0.0056968,-0.06573,-0.33042,0.28704,-0.34627,0.2529,0.24292,0.51796,0.75262,0.85183,1.3696,1.2894,0,-0.036119,-0.23737,0.026748,-0.51172,0.11614,0.19576,0.38508,0.47721,-0.5878,0.61474,0.37487,-0.42234,-0.19076,-0.68748,-0.08134,-0.73961,-0.3001,0.14766,0.45966,0.18961,-0.54811,-0.24945,-0.67024,-0.22214,-0.64434,0.42936,0.3379,-0.31397,-0.012064,-0.2159,-0.21177,0.13446,0.07817,0.49922,0.45074,0.72749,-0.26078,0.28732,0.16867,0.48374,0.26878,-0.32586,0.38656,0.16263,0.30434,0.35292,0.34193,0.37131,0.41537,0.35645,0.34551,0.18319,-0.42964,0.19308,-0.53501,0.61656,0.34438,0.05157,-0.025896,-0.16469,-0.5058,0.40289,0.027332,-0.02088,-0.092883
0.59233,0.6325,-0.056266,-0.0018348,0.6668,0.54479,0.0017439,0.41778,0.004959,0.1769,-0.044983,-0.29099,0.063659,0.080777,0.20829,0.16299,0.40137,0.18248,0.17155,0.28147,0.47303,0.33208,0.45408,0.56277,0.45855,0.15713,0.47026,0.067972,0.44942,0.21273,-0.2541,0.33069,0.12846,0.11281,-0.36339,-0.16165,-0.085134,-0.027551,0.17455,-0.036119,0,0.35552,0.22126,0.62332,-0.36793,-0.29916,0.14826,0.21781,0.23069,0.097755,0.36621,0.061639,1.0146,0.63437,0.34694,0.36789,0.5596,0.48044,0.26346,-0.097792,-0.028929,0.3816,0.073573,0.20077,0.2317,0.47552,0.4675,0.26014,-0.069209,0.047413,0.31988,0.20357,0.35776,0.29402,0.22553,-0.14192,-0.5761,0.5003,0.34113,0.34489,0.36577,0.24396,0.078846,0.18573,0.42422,0.22072,0.41256,0.23944,0.31325,0.036766,0.136,0.16647,0.31102,-0.16813,0.20221,0.11338,0.31259,0.045499,0.17818,0.10067,0.046788,-0.23043,-0.1087,0.11851,0.15631
0.10574,0.53638,-0.18238,0.0038419,0.062194,0.46127,-0.53995,0.60714,0.61761,0.65352,-0.40025,0.2442,-0.29877,-0.19567,0.17162,0.38547,0.4831,-0.41147,0.27264,0.24207,0.34461,0.24029,0.53218,0.4251,0.048641,0.56154,0.077718,0.13663,0.096972,0.17053,-0.71288,0.11017,-0.26764,-0.16439,-0.80033,-0.543,-0.57939,-0.34713,-0.30565,-0.23737,0.35552,0,0.040583,0.57209,-0.46708,-0.52881,0.28762,0.28099,0.12053,-0.47734,-0.096167,-0.095939,0.084637,0.38422,0.27636,0.37372,0.43254,0.5228,0.37259,0.20023,0.596,0.03303,0.037336,0.10014,0.32688,0.27507,0.29191,-0.10777,-0.17987,0.020365,0.21872,0.15466,0.11985,0.21687,0.11884,-0.032555,0.34398,0.012809,-0.016467,0.019625,-0.023903,0.011154,0.017912,0.17313,0.046995,-0.16407,0.0018311,0.4658,0.4257,0.13746,0.2337,-0.16348,0.33182,-0.18908,0.28565,-0.15497,-0.097551,-0.20231,-0.12982,0.019977,0.064268,-0.12247,-0.089968,-0.24793,-0.041758
0.6559,0.31694,0.037227,-0.13279,0.3298,0.2802,0.65494,0.11087,-0.24709,-0.1685,-0.33448,-0.40569,-0.42466,-0.25318,-0.14148,0.074217,0.11183,0.40115,-0.1694,-0.42114,0.18277,0.29759,-0.20487,-0.089534,0.10083,-0.0024736,-0.11722,-0.12027,0.1349,-0.054772,0.11861,0.29633,-0.47516,-0.52417,0.11028,-0.0070997,-0.12927,-0.16741,0.12681,0.026748,0.22126,0.040583,0,0.61262,0.16296,0.0076697,0.24355,0.22635,0.18276,-0.24069,-0.24201,0.14983,0.22056,-0.043737,-0.41978,0.022657,0.59302,0.43548,0.24465,0.35252,0.21615,0.33413,0.45858,0.48321,0.41187,0.34103,0.48436,-0.21246,0.16924,0.41754,0.57794,0.81514,1.0212,0.42371,0.70464,0.07751,-0.43507,-0.39327,-0.43805,-0.28415,-0.43303,-0.30625,-0.53574,-0.36598,-0.41827,-0.48237,-0.43762,0.19014,0.16314,0.68723,0.60732,0.26479,0.29248,0.25344,0.18856,0.29924,0.45258,0.64482,0.71404,0.63399,0.60904,0.03159,0.3768,0.53638,0.71613
0.31961,1.2947,-0.26058,-0.37732,0.36652,0.93022,-0.21863,0.441,0.090892,0.55122,-0.50751,-0.39354,-0.056245,0.046504,0.48494,0.7966,0.59856,0.074109,0.40222,0.0071706,0.99443,0.84975,0.62948,0.81552,0.13906,0.77143,0.341,0.2984,0.52233,0.47738,-0.15595,0.82048,-0.049075,-0.053731,-0.2559,-0.26631,-0.32683,-0.4353,-0.40654,-0.51172,0.62332,0.57209,0.61262,0,-0.034138,-0.090798,0.017608,0.022846,0.87356,-0.22682,-0.071271,0.25517,0.72391,0.96419,0.25513,0.78015,1.0172,0.41157,0.032246,0.0044463,0.47334,0.79497,0.63966,0.57492,0.82419,0.17349,0.21563,0.06045,-0.10196,0.42021,0.77746,0.34173,0.42333,0.0067647,0.1368,-0.39165,-0.11382,0.049079,0.086409,-0.15325,-0.092222,0.19919,-0.45776,0.10609,-0.029924,-0.11102,-0.090139,0.053236,0.11684,0.24426,0.13884,0.10791,0.74,-0.10709,0.46771,-0.047009,0.16165,0.39799,0.44496,0.5186,0.75387,-0.35442,0.034889,0.11026,0.39809
0.068323,-0.023141,0.093324,-0.16524,-0.23902,-0.28607,0.2699,-0.54384,-0.31705,-0.09755,0.43051,-0.11093,0.35404,0.41446,0.10876,0.33529,-0.125,0.58006,0.10123,-0.15463,-0.0083241,0.32954,-0.21111,0.035258,0.20239,0.21696,0.0098959,0.42459,0.26588,0.17879,1.0685,0.33213,0.30182,0.19293,0.77346,0.44386,0.29265,0.13249,0.084346,0.11614,-0.36793,-0.46708,0.16296,-0.034138,0,1.4364,-0.185,-0.25471,0.2413,0.2957,-0.1597,0.14545,0.095331,-0.013576,0.056484,-0.19893,-0.30239,-0.18408,-0.092536,-0.05482,-0.061142,0.26591,0.2484,-0.30753,-0.17896,-0.29047,-0.29081,0.025945,0.2311,0.24683,0.10966,0.17784,0.071481,-0.022374,0.099018,-0.18902,-0.051594,-0.058696,0.12798,-0.37675,-0.088122,0.051478,-0.22821,-0.053294,-0.22122,0.12821,0.0088043,-0.22665,-0.15487,0.46603,0.15111,-0.22991,-0.37548,0.095664,-0.28731,0.15842,0.024172,0.287,0.31113,-0.11855,0.053787,-0.061535,0.13975,0.15918,-0.017885
