,,,,,,,,,,,,,,,,,,,,,,,,,,,,,,,,,,,,,,,,,,,,,,,,,,,,,,,,,,,,,,,,,,,,,,,,,,,,,,,,,,,,,,,,,,,,,,,,,,,,,,,,
0,0.52047,0.40777,0.33266,0.51938,-0.053213,0.75092,0.22445,-0.50512,-0.22006,0.46683,0.029616,0.084982,0.14646,-0.42987,-0.13998,-0.10086,0.47399,0.083357,0.067626,-0.2627,-0.12147,-0.055669,0.11043,0.27762,-0.1248,-0.58758,-0.2084,-0.21827,0.42705,0.45989,0.31748,0.37915,0.017406,0.9098,1.0472,0.8252,0.60101,0.69542,0.63437,0.55,0.21438,0.42067,0.34938,0.39691,0.52296,-0.12151,0.27971,-0.19678,0.41331,0.45913,-0.22191,0.52983,0.0080943,0.066784,-0.0085956,0.16543,0.0056432,0.13036,-0.071831,-0.33272,-0.0044179,-0.32897,-0.27272,-0.59127,0.12414,0.18334,-0.025828,-0.31304,-0.093008,-0.14085,-0.19085,0.057496,0.010074,0.5419,0.47325,-0.49551,0.24691,0.19722,0.4568,0.56376,0.24197,0.3021,0.12534,0.26915,0.4306,0.17752,0.051002,0.19402,0.034316,0.15641,0.078589,0.096492,0.4232,0.54478,0.69711,0.55927,0.29106,0.46776,-0.50592,-0.39695,-0.41114,-0.067892,0.23076,0.28615
0.52047,0,0.11526,0.022479,0.15128,0.64937,0.11999,0.5368,-0.016619,0.659,0.24472,0.2599,0.088811,0.052107,-0.15648,0.39024,0.10227,0.065758,0.44485,0.37306,0.27881,0.49268,0.60303,0.66245,0.33076,0.56588,-0.040464,0.38573,0.21131,0.61076,0.37859,0.52467,0.31171,-0.083451,0.33202,0.41758,0.32456,0.10817,0.17203,0.16118,0.77171,0.62722,0.4665,1.3373,0.41944,0.37476,0.21573,0.44157,0.30958,0.19683,0.3289,0.0085293,0.43949,0.75155,0.45724,0.20826,0.25988,0.47085,0.26691,-0.30691,0.21296,0.32483,0.048798,-0.15153,-0.049979,0.55156,0.56689,-0.058438,-0.043362,0.11754,0.28613,0.072206,0.23853,0.14647,0.41244,-0.089023,-0.0094043,0.204,0.14612,0.13525,0.44508,0.33103,-0.034075,0.48796,0.32614,0.31011,0.21516,0.26658,0.3024,0.21041,0.018823,0.62725,0.90703,0.079464,0.51368,0.38684,0.32393,0.48174,0.33009,-0.20385,0.067834,-0.56034,-0.14576,-0.011946,0.14177
0.40777,0.11526,0,1.6777,0.40179,-0.26842,1.014,0.47028,0.025974,0.11329,1.1871,0.60169,0.17412,0.30908,-0.67474,-0.5004,-0.16508,0.64089,0.078477,-0.18746,-0.53984,-0.16557,-0.27836,-0.14211,0.66069,-0.29807,-0.74866,-0.21948,0.11846,0.27095,0.83862,0.58543,0.18622,0.090831,0.29687,0.40464,0.95265,1.0298,1.1032,0.99633,0.2274,0.47737,-0.17817,-0.081618,-0.13409,0.08571,-0.13413,0.12386,-0.37371,0.45923,0.28367,0.0093552,0.09462,-0.31148,0.14486,-0.76504,-0.33256,-0.2286,-0.14099,0.63929,0.11541,-0.48668,-0.32752,-0.19269,-0.42119,-0.27796,-0.14193,0.25141,-0.026868,0.086742,-0.15801,-0.2826,0.20868,-0.40091,0.077492,0.91532,0.097438,0.64789,0.54396,0.19443,0.32076,1.073,1.471,0.46671,0.65815,0.44765,0.13636,0.085479,0.024888,-0.17911,-0.20156,0.33241,0.14873,0.70275,0.62307,0.81068,0.61344,0.8175,0.77689,-0.54471,-0.51929,-0.036882,-0.02797,0.49841,0.69929
0.33266,0.022479,1.6777,0,0.22263,-0.371,0.78459,0.44711,0.16118,0.091609,0.87001,0.67523,-0.048482,0.099915,-0.73042,-0.48963,-0.1451,0.42069,0.001177,-0.28758,-0.62168,-0.29423,-0.34185,-0.25143,0.44775,-0.40166,-0.61525,-0.18661,0.0096061,0.062275,0.58522,0.39757,0.0016774,-0.062014,0.14286,0.29982,0.74841,0.85018,0.91657,0.83666,0.16221,0.45143,-0.14201,-0.15029,-0.25849,-0.0083751,-0.076755,0.078671,-0.52527,0.19444,0.1404,-0.046605,-0.047374,-0.42624,0.1405,-0.66829,-0.26057,-0.20549,-0.11991,0.70563,0.17775,-0.68122,-0.31142,-0.22189,-0.38931,-0.30877,-0.1136,0.30801,0.10693,0.084624,-0.17433,-0.22479,0.22631,-0.31672,0.10177,0.73678,0.17713,0.41417,0.38225,0.19669,0.2744,0.92777,1.6106,0.40933,0.63853,0.31127,0.0043349,0.14952,0.041861,-0.2926,-0.13804,0.2657,0.13967,0.68665,0.58233,0.7226,0.52484,0.5848,0.6467,-0.58361,-0.61447,-0.074755,-0.05235,0.46536,0.5655
0.51938,0.15128,0.40179,0.22263,0,0.42091,0.72866,0.3692,-0.07449,-0.15426,0.54018,0.12915,0.29024,0.42931,-0.050446,-0.28117,-0.24928,0.58821,-0.12909,-0.18969,-0.11537,-0.012732,-0.30993,-0.17879,0.49619,-0.38434,-0.41339,-0.4389,0.20724,0.37705,0.35829,0.33897,0.37702,0.28889,0.31165,0.50682,0.69444,0.82923,0.88932,0.67035,0.3626,0.10668,0.055662,0.028114,-0.10722,0.071733,-0.1434,0.1617,-0.18735,0.69822,0.79245,-0.02513,0.42133,-0.060121,-0.042497,-0.37799,0.33265,-0.078961,-0.24491,0.070947,-0.43326,0.18028,-0.035423,0.10189,-0.022773,0.1794,0.10785,0.26337,-0.23518,0.22249,0.20505,-0.19714,0.20309,-0.31625,0.011837,0.52854,-0.51229,0.56335,0.47663,0.43677,0.15846,0.3605,0.29757,-0.02216,0.22643,0.2462,0.13929,-0.13142,0.01313,-0.0087044,-0.2497,0.24712,0.21826,0.21894,0.20033,0.47827,0.48553,0.34227,0.36825,-0.23775,-0.23789,0.0016838,-0.12689,0.19604,0.33104
-0.053213,0.64937,-0.26842,-0.371,0.42091,0,-0.16152,0.44169,0.25004,0.59764,-0.044871,0.14207,0.14995,0.16326,0.28662,0.44082,0.20283,-0.013696,0.15568,0.19552,0.54618,0.61284,0.4055,0.37724,0.1536,0.40657,0.25003,0.24434,0.45839,0.43023,0.040178,0.31869,0.18014,0.032492,-0.10444,-0.01368,-0.035327,-0.088979,-0.017114,-0.087214,0.39612,0.29072,0.29275,0.60471,0.11921,0.073636,0.21357,0.28365,0.37446,0.14914,0.4436,0.13004,0.24309,0.66119,0.12699,0.13905,0.50594,0.363,0.012608,-0.37729,0.12214,0.61921,0.41724,0.14625,0.52639,0.71601,0.59433,0.13935,0.061674,0.41632,0.68489,0.25299,0.39172,0.19549,0.061813,-0.36581,-0.085278,0.1925,0.16672,0.092729,0.065334,0.12185,-0.33468,0.18291,0.066336,0.048502,0.16245,0.061832,0.090136,0.24649,-0.18045,0.57969,0.87962,-0.29655,0.092275,0.060033,0.10861,0.1467,0.043173,0.15886,0.38667,-0.10983,-0.10378,-0.044757,0.042904
0.75092,0.11999,1.014,0.78459,0.72866,-0.16152,0,0.64206,-0.083826,-0.083851,0.97033,0.51644,0.0038216,0.16075,-0.53896,-0.51488,-0.28812,0.74954,-0.25636,-0.38564,-0.60843,-0.27084,-0.50708,-0.35897,0.60835,-0.4496,-0.87114,-0.54507,0.04856,0.4953,0.76994,0.58021,0.095382,-0.02396,0.48677,0.66092,0.86929,1.0438,1.4334,1.0031,0.41394,0.45094,0.06362,-0.02391,-0.11762,0.084899,-0.15723,0.21747,-0.57723,0.42503,0.51285,0.10574,0.14589,-0.4665,-0.18378,-0.73535,-0.20443,-0.27377,-0.22126,0.55025,-0.12318,-0.26688,-0.25974,-0.18644,-0.49833,-0.18881,-0.0053755,0.25399,-0.066055,0.19512,-0.11915,-0.32322,0.30286,-0.38652,0.14573,1.1216,-0.25241,0.40633,0.27981,0.20497,0.26101,0.53764,0.79027,0.077643,0.30618,0.25313,-0.042911,-0.0064759,0.018664,-0.056232,-0.14935,0.042571,0.017972,0.74724,0.64634,0.68521,0.65088,0.43296,0.58147,-0.48666,-0.51613,0.065037,0.053191,0.43209,0.78441
0.22445,0.5368,0.47028,0.44711,0.3692,0.44169,0.64206,0,0.41797,0.73103,0.49089,1.1877,-0.24957,-0.10419,-0.41073,-0.1834,-0.24437,0.091813,-0.28099,-0.35143,-0.22064,-0.0078484,-0.20722,-0.15697,0.33023,-0.057394,-0.40589,-0.17737,0.21018,0.60726,0.39688,0.66859,-0.17975,-0.30683,-0.072015,0.15699,0.3497,0.43353,0.64319,0.39966,0.55001,1.0252,0.15997,0.37106,-0.33859,-0.26388,0.26408,0.54424,-0.36088,0.043199,0.42093,0.16998,-0.039123,-0.065157,0.036932,-0.461,-0.013206,0.11418,-0.15073,0.39504,0.36659,-0.13847,0.026865,-0.029682,-0.0055231,0.26347,0.44733,0.29837,0.20468,0.34026,0.18991,-0.13434,0.49335,-0.18899,0.062087,0.40404,0.19262,0.2318,0.11052,-0.075064,0.083727,0.47812,0.36812,0.24834,0.24739,-0.014704,-0.25712,0.27863,0.11963,-0.0037125,-0.29635,0.44195,0.74598,0.56421,0.78458,0.32721,0.29494,0.27842,0.32956,-0.26775,-0.20601,-0.05777,-0.098896,0.16006,0.55454
-0.50512,-0.016619,0.025974,0.16118,-0.07449,0.25004,-0.083826,0.41797,0,0.35989,0.044815,0.80034,-0.38942,-0.29443,0.18315,0.085962,-0.023427,-0.13845,0.0039287,-0.092437,-0.086046,-0.027942,-0.032477,-0.35267,0.31059,-0.063478,0.12174,0.052873,0.17601,-0.30468,-0.16196,-0.071416,-0.44491,-0.33236,-0.50788,-0.25128,-0.23136,-0.024072,-0.026078,0.12431,-0.15616,0.62035,-0.16017,-0.088995,-0.40315,-0.28045,0.53121,0.23794,-0.25149,-0.26664,0.15176,0.10031,-0.74281,-0.25597,-0.097309,-0.41937,-0.097771,0.2531,0.16608,0.20104,0.31361,-0.14944,0.16968,-0.17862,0.21747,0.12257,0.30975,0.020456,0.37979,0.39735,0.27661,0.15127,0.33416,0.025785,-0.0032314,-0.08285,0.56171,-0.21947,-0.24681,0.056246,-0.06717,0.15063,0.22962,0.017503,-0.054249,-0.21222,-0.26555,0.51748,0.36659,0.2698,0.16887,0.05159,0.19448,-0.14643,-0.14145,-0.073349,-0.067506,-0.11123,-0.29559,-0.033297,-0.062906,0.36315,0.10677,-0.18754,-0.074494
-0.22006,0.659,0.11329,0.091609,-0.15426,0.59764,-0.083851,0.73103,0.35989,0,0.17302,0.66273,0.057428,0.051358,-0.14773,0.24062,0.1426,-0.15849,0.21509,0.13537,0.23829,0.4587,0.42023,0.43782,0.056473,0.62402,0.10519,0.44401,0.374,0.45001,0.26574,0.64821,0.020848,-0.064883,-0.22725,-0.16398,-0.0025407,-0.068897,-0.035193,-0.10939,0.36091,0.58048,0.06202,0.56373,-0.018392,-0.10604,0.23736,0.26024,0.13901,-0.076442,0.063413,0.17595,0.026497,0.51236,0.25063,-0.091454,-0.1383,0.1778,-0.056167,-0.033664,0.65232,0.013335,0.15751,-0.052485,0.19699,0.2772,0.28747,0.22659,0.34616,0.27446,0.306,0.072824,0.38159,0.04155,-0.10144,-0.2135,0.45583,0.25683,0.26162,-0.2132,0.12017,0.41642,0.029214,0.60593,0.29838,0.090409,0.10747,0.16465,-0.023028,0.057945,-0.36699,0.63815,0.97434,0.022487,0.44488,0.12979,0.057485,0.29904,0.2089,-0.12939,0.12656,-0.35762,-0.20416,-0.030431,0.15363
0.46683,0.24472,1.1871,0.87001,0.54018,-0.044871,0.97033,0.49089,0.044815,0.17302,0,0.54736,0.39181,0.51613,-0.29168,-0.22906,-0.12849,1.0442,0.28433,-0.06645,-0.33472,0.048098,-0.13684,-0.0086836,0.94536,-0.096469,-0.66831,-0.11179,0.38698,0.57269,1.0766,0.82745,0.45879,0.25453,0.41914,0.55528,1.2238,1.3021,1.2295,1.2241,0.45437,0.57025,-0.080869,0.096897,0.0005194,0.26556,-0.2717,0.075177,-0.27405,0.70539,0.56822,-0.060858,0.21905,-0.16681,0.12634,-0.63879,-0.26165,-0.36459,-0.276,0.24047,-0.22066,-0.094708,-0.19105,-0.27538,-0.46019,-0.18727,-0.15405,0.31852,-0.19286,0.29388,0.061104,-0.18756,0.3493,-0.4267,0.051438,0.74839,-0.14493,0.95352,0.69428,0.4171,0.66063,0.75548,0.79,0.54973,0.72717,0.69481,0.41289,-0.071306,-0.10086,-0.050143,-0.22479,0.46434,0.27275,0.62892,0.61389,1.2403,0.98569,0.60758,0.57909,-0.46182,-0.51891,-0.1177,-0.25404,0.29273,0.60549
0.029616,0.2599,0.60169,0.67523,0.12915,0.14207,0.51644,1.1877,0.80034,0.66273,0.54736,0,-0.28703,-0.13051,-0.41407,-0.29236,-0.19678,0.098969,-0.10323,-0.23687,-0.41829,-0.14554,-0.23654,-0.30866,0.40142,-0.12127,-0.47173,-0.14771,0.055786,0.17903,0.34403,0.4433,-0.28006,-0.35428,-0.097944,0.10382,0.30522,0.44094,0.52705,0.55805,0.13336,1.1876,-0.038299,0.061254,-0.29134,-0.16764,0.43481,0.53346,-0.5289,-0.011797,0.34132,0.066048,-0.43091,-0.33859,-0.091213,-0.7356,-0.31284,0.072695,0.052188,0.48257,0.46121,-0.46974,-0.11134,-0.27546,-0.12209,0.11304,0.32629,0.11918,0.286,0.31579,0.063585,-0.11834,0.45546,-0.11011,0.13523,0.40809,0.56124,0.13485,0.056277,0.063224,0.17284,0.55931,0.65044,0.29765,0.19937,0.052233,-0.22454,0.51412,0.27838,0.1464,-0.055448,0.27921,0.4358,0.45126,0.56822,0.3569,0.24995,0.2383,0.20836,-0.41707,-0.3329,0.049416,0.0095491,0.11288,0.41281
0.084982,0.088811,0.17412,-0.048482,0.29024,0.14995,0.0038216,-0.24957,-0.38942,0.057428,0.39181,-0.28703,0,1.6796,0.20557,0.14178,0.33088,0.5619,0.6677,0.53083,0.39894,0.44541,0.47614,0.70459,0.23856,0.52372,-0.025234,0.42265,0.39234,0.48038,0.41806,0.52226,1.6136,1.4398,0.43398,0.32839,0.42072,0.23705,0.056729,0.14682,0.19876,-0.23568,-0.091231,0.14904,0.41614,0.4092,-0.27854,-0.019485,0.44141,1.0942,0.44108,-0.20983,0.45715,0.44249,0.25621,0.10086,-0.097395,-0.28939,-0.17436,-0.54237,-0.45734,0.41531,-0.14997,0.075543,-0.071192,0.073764,-0.2592,-0.0080856,-0.44174,-0.047427,0.087814,-0.13033,-0.024433,-0.060202,-0.2052,-0.090523,-0.307,1.0667,1.0826,0.36611,0.47932,0.26611,0.052334,0.68394,0.56372,0.91238,1.1476,-0.28543,-0.17736,0.16135,-0.31711,0.3238,0.093659,-0.1973,-0.12062,0.34165,0.10427,0.17843,0.10203,0.090617,0.20479,-0.1628,-0.19273,-0.19602,-0.059666
0.14646,0.052107,0.30908,0.099915,0.42931,0.16326,0.16075,-0.10419,-0.29443,0.051358,0.51613,-0.13051,1.6796,0,0.24738,0.15417,0.36128,0.75188,0.51856,0.36664,0.39987,0.49813,0.34452,0.53148,0.37683,0.3782,-0.096548,0.30357,0.48812,0.5135,0.55539,0.6697,1.2738,1.4508,0.41892,0.41219,0.52072,0.40309,0.24168,0.30041,0.26546,-0.14659,0.018826,0.15323,0.35599,0.40526,-0.15563,0.09267,0.40907,1.069,0.58309,-0.087888,0.45265,0.33033,0.31682,-0.016566,-0.028482,-0.17375,-0.1006,-0.33391,-0.46459,0.43096,0.023502,0.17595,0.036515,0.13452,-0.093102,0.10369,-0.27934,0.16198,0.26044,0.059157,0.20464,0.054265,-0.066023,-0.024093,-0.37883,1.2075,1.3739,0.41579,0.58129,0.47541,0.22446,0.75519,0.5781,1.1308,0.93684,-0.1194,-0.020531,0.2566,-0.26672,0.40623,0.14429,-0.13173,-0.12017,0.37696,0.14595,0.14443,0.19217,0.070405,0.13457,-0.057583,-0.075815,-0.1359,-0.017176
-0.42987,-0.15648,-0.67474,-0.73042,-0.050446,0.28662,-0.53896,-0.41073,0.18315,-0.14773,-0.29168,-0.41407,0.20557,0.24738,0,0.80858,0.29939,0.069778,0.20229,0.14798,0.77179,0.54745,0.36108,0.11945,0.1247,0.25865,0.7251,0.22962,0.5059,-0.11588,-0.23474,-0.17459,0.13885,0.39021,-0.19143,-0.12739,-0.41243,-0.29542,-0.46087,-0.31757,-0.035429,-0.31377,0.13452,0.12834,0.11918,0.089276,0.13047,-0.16116,0.67024,0.016792,0.13821,0.24729,0.06948,0.32939,0.18842,0.35097,0.33962,0.27444,0.1435,-0.44298,-0.44885,0.98238,0.76444,0.29348,0.54181,0.19463,0.1409,0.01092,0.10186,0.39342,0.63129,0.6476,0.16011,0.30647,-0.0041796,-0.66337,-0.34416,-0.10023,-0.014083,0.084335,0.10255,-0.27216,-0.55174,-0.11784,-0.30237,0.080764,0.12381,0.049474,0.16872,0.45839,0.25112,0.03166,-0.042499,-0.76615,-1.0013,-0.41026,-0.2281,-0.52525,-0.44126,0.53149,0.38238,0.29958,0.16519,-0.50912,-0.67782
-0.13998,0.39024,-0.5004,-0.48963,-0.28117,0.44082,-0.51488,-0.1834,0.085962,0.24062,-0.22906,-0.29236,0.14178,0.15417,0.80858,0,0.67001,0.060898,0.51978,0.45592,0.93183,0.98429,1.0076,0.68772,0.12304,0.8467,0.78406,0.72445,0.57608,0.15237,-0.014387,0.15249,0.198,0.18992,-0.080112,-0.03578,-0.34801,-0.43459,-0.47068,-0.40496,0.35523,-0.021515,0.39858,0.68503,0.42112,0.3371,0.092483,-0.079415,0.83838,-0.16261,0.0015672,0.23827,0.30132,0.84775,0.43226,0.49679,0.28659,0.45475,0.29072,-0.54815,-0.062081,0.97754,0.73979,0.063682,0.37151,0.24956,0.34849,0.081569,0.23002,0.44711,0.71963,0.90313,0.37215,0.57544,0.22943,-0.93336,-0.26447,-0.053881,0.047374,0.0002081,0.29682,-0.025037,-0.43396,0.27045,0.027901,0.23973,0.30196,0.10491,0.20204,0.41013,0.24675,0.23754,0.27665,-0.75451,-0.41049,-0.14938,-0.066687,-0.20148,-0.146,0.29602,0.38092,-0.074758,0.099854,-0.249,-0.45147
-0.10086,0.10227,-0.16508,-0.1451,-0.24928,0.20283,-0.28812,-0.24437,-0.023427,0.1426,-0.12849,-0.19678,0.33088,0.36128,0.29939,0.67001,0,0.29184,0.46084,0.51177,0.66668,0.76054,0.89538,0.66413,0.10186,0.69119,0.5654,0.81552,0.41097,0.13481,0.3024,0.31876,0.29148,0.29163,0.2699,0.14429,-0.22021,-0.42878,-0.33857,-0.22542,0.21449,-0.12097,0.4666,0.33619,0.68285,0.66755,0.031931,-0.073215,0.55512,0.014974,0.09808,0.39863,-0.024285,0.35235,-0.0012172,0.36616,0.070211,0.066113,0.19642,-0.33571,0.12943,0.40993,0.40408,-0.033918,0.25332,0.1594,0.24769,0.11865,0.38675,0.52643,0.51632,0.56089,0.58094,0.76942,0.22059,-0.77126,-0.24894,0.03131,0.22461,0.16184,0.41373,0.24451,-0.0090729,0.5162,0.32632,0.42927,0.61788,0.010288,0.12318,0.36473,0.079031,0.04186,0.042831,-0.57579,-0.19615,0.077409,0.0091816,-0.031883,-0.060422,0.36201,0.68034,0.15201,0.44268,0.038641,0.030366
0.47399,0.065758,0.64089,0.42069,0.58821,-0.013696,0.74954,0.091813,-0.13845,-0.15849,1.0442,0.098969,0.5619,0.75188,0.069778,0.060898,0.29184,0,0.30818,0.051947,-0.060358,0.25963,0.054562,0.082135,1.0062,-0.0023419,-0.30597,-0.044857,0.53944,0.52228,1.0465,0.67862,0.5941,0.45575,0.67235,0.71343,0.73039,0.73134,0.74401,0.83418,0.40811,0.19055,0.134,0.074493,0.33636,0.62929,-0.3147,-0.04859,0.026996,0.79206,0.68583,0.17185,0.3037,-0.08952,-0.037865,-0.40137,-0.13477,-0.30597,-0.11855,0.075374,-0.41009,0.25019,0.048856,-0.24983,-0.31731,-0.1649,-0.06453,0.29895,-0.095283,0.50211,0.23453,0.10656,0.4923,-0.053355,0.21666,0.36016,-0.55135,0.69708,0.62952,0.47233,0.70961,0.56905,0.51072,0.37201,0.50036,0.79901,0.59654,-0.13966,-0.013052,0.23879,0.0096647,0.20042,-0.016909,0.14974,0.17997,0.8766,0.85907,0.39136,0.48326,-0.17474,-0.15246,0.17014,0.14472,0.36328,0.48905
0.083357,0.44485,0.078477,0.001177,-0.12909,0.15568,-0.25636,-0.28099,0.0039287,0.21509,0.28433,-0.10323,0.6677,0.51856,0.20229,0.51978,0.46084,0.30818,0,1.1291,0.35816,0.57384,0.95803,0.88386,0.35828,0.75155,0.074676,0.7545,0.20565,0.089071,0.28047,0.25576,0.76915,0.41643,0.37074,0.28093,0.28838,0.059538,-0.11906,0.18367,0.10334,0.15424,0.02302,0.37354,0.71432,0.7962,-0.053007,0.00020879,0.43295,0.40403,0.20944,-0.3031,0.16418,0.51201,0.33816,0.20039,-0.083698,0.024923,0.25038,-0.726,-0.18589,0.29333,-0.055845,-0.27079,-0.13054,0.10274,-0.05125,-0.26204,-0.31876,0.056996,0.21184,0.16178,0.074896,0.1621,0.20193,-0.30348,0.020606,0.43388,0.43002,0.60865,0.82031,0.28644,0.082193,0.7723,0.45937,0.88539,0.99606,0.050627,0.13148,0.29467,0.15241,0.37919,0.21242,-0.35642,-0.056795,0.44748,0.2421,0.26564,-0.018939,-0.11399,0.071682,-0.3481,-0.18989,-0.22686,-0.22915
0.067626,0.37306,-0.18746,-0.28758,-0.18969,0.19552,-0.38564,-0.35143,-0.092437,0.13537,-0.06645,-0.23687,0.53083,0.36664,0.14798,0.45592,0.51177,0.051947,1.1291,0,0.40948,0.48632,1.0013,0.94806,0.079484,0.89167,0.11122,0.64812,-0.050862,0.01079,0.0084138,0.082127,0.53272,0.31116,0.26953,0.07816,-0.044201,-0.29308,-0.36498,-0.11399,-0.019781,0.043583,-0.046388,0.27576,0.77399,0.63677,-0.0081205,0.071405,0.39885,0.1791,0.067078,-0.28393,0.087221,0.48728,0.11802,0.27517,-0.17963,0.11439,0.37001,-0.8335,-0.090618,0.27388,-0.12357,-0.2471,-0.11778,0.14805,-0.012987,-0.41327,-0.30404,-0.095797,0.093692,0.12121,-0.095588,0.33457,0.11044,-0.36496,0.036524,0.18708,0.20754,0.35838,0.45504,0.058895,-0.087236,0.4809,0.20793,0.51842,0.89135,0.056413,0.20611,0.38791,0.17552,-0.016154,-0.043034,-0.4795,-0.14206,0.10656,-0.097187,0.056028,-0.32806,-0.0099143,0.18322,-0.21227,-0.10168,-0.28353,-0.32053
-0.2627,0.27881,-0.53984,-0.62168,-0.11537,0.54618,-0.60843,-0.22064,-0.086046,0.23829,-0.33472,-0.41829,0.39894,0.39987,0.77179,0.93183,0.66668,-0.060358,0.35816,0.40948,0,1.3075,0.86639,0.82603,-0.010679,0.78906,0.91728,0.89165,0.62594,0.21888,0.050742,0.20809,0.38511,0.51091,-0.0060492,-0.027172,-0.31038,-0.47756,-0.48836,-0.51514,0.36254,-0.29986,0.51244,0.71287,0.38286,0.24446,0.15207,0.0041093,1.2392,0.026787,-0.00291,0.33939,0.2858,0.90057,0.53434,0.84281,0.56087,0.44528,0.14639,-0.59058,-0.072875,1.1401,0.80249,0.60811,0.86354,0.57634,0.35935,0.033431,0.20644,0.39538,0.91595,0.6841,0.34063,0.54478,0.0018265,-1.0696,-0.3427,0.08855,0.26392,-0.021953,0.14564,-0.043352,-0.53794,0.38474,0.15174,0.26925,0.38688,0.0017253,0.14216,0.28616,-0.15162,0.30099,0.32318,-0.59252,-0.47456,-0.32016,-0.32106,-0.18961,-0.2813,0.79181,0.8578,-0.075102,0.053841,-0.48478,-0.38664
-0.12147,0.49268,-0.16557,-0.29423,-0.012732,0.61284,-0.27084,-0.0078484,-0.027942,0.4587,0.048098,-0.14554,0.44541,0.49813,0.54745,0.98429,0.76054,0.25963,0.57384,0.48632,1.3075,0,0.95769,0.92693,0.33806,0.88496,0.58222,0.83485,0.90491,0.42039,0.44606,0.55489,0.42956,0.41485,0.12927,0.090009,-0.060224,-0.20653,-0.1662,-0.18111,0.52518,0.019507,0.48357,0.84838,0.52636,0.47714,0.043773,-0.017869,1.0301,0.11541,0.10036,0.48445,0.35081,0.87451,0.48446,0.40378,0.31703,0.35434,0.12803,-0.3937,0.050844,0.96931,0.86582,0.33542,0.60894,0.40579,0.34499,0.1729,0.27273,0.71857,1.1578,0.81335,0.65867,0.46127,0.11879,-0.66338,-0.31053,0.3006,0.43894,0.058146,0.38478,0.30308,-0.22488,0.62302,0.3272,0.49928,0.57373,-0.009684,0.11461,0.33257,-0.16009,0.50279,0.46772,-0.41304,-0.14645,0.036568,0.074365,0.16893,0.02411,0.43873,0.58697,-0.10727,0.059146,-0.15384,-0.062459
-0.055669,0.60303,-0.27836,-0.34185,-0.30993,0.4055,-0.50708,-0.20722,-0.032477,0.42023,-0.13684,-0.23654,0.47614,0.34452,0.36108,1.0076,0.89538,0.054562,0.95803,1.0013,0.86639,0.95769,0,1.4048,0.11366,1.4839,0.60435,1.2146,0.39127,0.22097,0.14629,0.2997,0.52314,0.37055,0.19558,0.10915,-0.18591,-0.4579,-0.52056,-0.34571,0.33284,0.011805,0.27716,0.75295,0.72322,0.56373,0.074788,0.0070555,0.84794,0.10259,0.067928,0.11687,0.25954,1.0468,0.38711,0.52462,0.067587,0.29716,0.29933,-0.75792,0.093611,0.59586,0.23048,-0.10983,0.13664,0.27293,0.21121,-0.088378,0.10503,0.17086,0.39474,0.34895,0.17861,0.47039,0.13461,-0.83325,-0.073009,0.12284,0.2397,0.11375,0.44325,0.15767,-0.23297,0.6339,0.32143,0.44119,0.7129,0.07326,0.18885,0.38534,0.083685,0.24945,0.30433,-0.68362,-0.19243,0.030582,-0.071122,0.094165,-0.10153,0.18021,0.50957,-0.25863,0.065813,-0.26746,-0.29278
0.11043,0.66245,-0.14211,-0.25143,-0.17879,0.37724,-0.35897,-0.15697,-0.35267,0.43782,-0.0086836,-0.30866,0.70459,0.53148,0.11945,0.68772,0.66413,0.082135,0.88386,0.94806,0.82603,0.92693,1.4048,0,0.0040314,1.439,0.35259,1.1557,0.34134,0.45812,0.27672,0.48001,0.78661,0.51408,0.29349,0.15747,0.046559,-0.27522,-0.3065,-0.27982,0.46844,-0.070023,0.28191,0.81341,0.71484,0.53122,-0.11317,0.016597,0.78165,0.23935,0.019891,-0.050064,0.50761,1.1731,0.51055,0.59126,0.10029,0.14501,0.109,-0.77466,0.020676,0.55242,0.10878,0.05352,0.10321,0.29928,0.093266,-0.051586,-0.10541,0.031031,0.30791,0.21392,0.11002,0.333,0.031485,-0.58696,-0.16991,0.40558,0.50178,0.10423,0.43594,0.17319,-0.22507,0.84304,0.53067,0.594,0.9036,-0.12516,-0.024613,0.14437,-0.19549,0.3826,0.38529,-0.35033,0.02858,0.15522,-0.024862,0.19721,0.02289,0.16891,0.42344,-0.51263,-0.19614,-0.20818,-0.153
0.27762,0.33076,0.66069,0.44775,0.49619,0.1536,0.60835,0.33023,0.31059,0.056473,0.94536,0.40142,0.23856,0.37683,0.1247,0.12304,0.10186,1.0062,0.35828,0.079484,-0.010679,0.33806,0.11366,0.0040314,0,-0.0021848,-0.2229,-0.0019313,0.615,0.33446,0.834,0.50972,0.27757,0.1529,0.36981,0.51226,0.54323,0.63004,0.67815,0.87577,0.38485,0.62653,0.088076,0.25231,0.16877,0.42131,0.060095,0.16647,0.098085,0.54657,0.61265,0.29582,0.082157,-0.044423,0.1786,-0.47623,-0.056893,0.13164,0.14942,0.21677,-0.11018,0.24732,0.17284,-0.20553,-0.12517,0.040457,0.20507,0.12276,0.029421,0.57752,0.38864,0.19406,0.50152,-0.079621,0.31302,0.36564,-0.16036,0.42229,0.31352,0.3416,0.53079,0.67003,0.54904,0.3454,0.38762,0.51716,0.2907,0.24538,0.3535,0.38833,0.1553,0.33379,0.17517,0.17654,0.14421,0.61398,0.68822,0.56552,0.3431,-0.11926,-0.13108,0.27346,0.19823,0.20529,0.41132
-0.1248,0.56588,-0.29807,-0.40166,-0.38434,0.40657,-0.4496,-0.057394,-0.063478,0.62402,-0.096469,-0.12127,0.52372,0.3782,0.25865,0.8467,0.69119,-0.0023419,0.75155,0.89167,0.78906,0.88496,1.4839,1.439,-0.0021848,0,0.43779,1.1741,0.38181,0.43905,0.16059,0.45268,0.50103,0.3653,0.11836,0.0040046,-0.20142,-0.47334,-0.51204,-0.41032,0.33938,0.0868,0.21158,0.72997,0.61334,0.38275,0.069418,0.11787,0.70061,0.088249,0.031602,0.031909,0.20688,0.95768,0.31249,0.4408,-0.11814,0.18219,0.18174,-0.7327,0.14929,0.5521,0.15733,-0.064177,0.114,0.29146,0.17205,-0.12162,0.021653,0.1107,0.30499,0.26504,0.17152,0.4187,0.0014685,-0.72935,0.037398,0.21679,0.27243,-0.04887,0.33556,0.043774,-0.33112,0.70391,0.29632,0.40664,0.66692,0.022189,0.052645,0.3812,-0.075949,0.23675,0.32248,-0.49187,-0.075722,-0.023442,-0.17899,-0.016613,-0.17126,0.23369,0.5094,-0.27085,-0.061339,-0.33204,-0.2266
-0.58758,-0.040464,-0.74866,-0.61525,-0.41339,0.25003,-0.87114,-0.40589,0.12174,0.10519,-0.66831,-0.47173,-0.025234,-0.096548,0.7251,0.78406,0.5654,-0.30597,0.074676,0.11122,0.91728,0.58222,0.60435,0.35259,-0.2229,0.43779,0,0.66748,0.48174,-0.21461,-0.27817,-0.19237,-0.064225,0.16143,-0.34556,-0.36019,-0.84984,-0.88075,-0.86891,-0.94504,0.10463,-0.49621,0.22891,0.27897,0.054265,-0.050037,0.030474,-0.41555,0.684,-0.4075,-0.38395,0.49612,0.065191,0.56248,0.23892,0.63249,0.37665,0.31243,0.035992,-0.29499,0.12474,0.55947,0.67346,0.26308,0.62398,0.1225,0.1109,0.23539,0.60039,0.2887,0.50622,0.53033,0.1354,0.37045,-0.19994,-1.2149,-0.17526,-0.3743,-0.14027,-0.32341,-0.23648,-0.26814,-0.6012,-0.054631,-0.067835,-0.27115,0.060866,-0.12901,-0.035638,0.039693,-0.036448,-0.071538,0.038484,-0.79646,-0.67574,-0.55033,-0.36519,-0.26176,-0.31448,0.59988,0.64813,0.041574,0.15275,-0.27841,-0.44124
-0.2084,0.38573,-0.21948,-0.18661,-0.4389,0.24434,-0.54507,-0.17737,0.052873,0.44401,-0.11179,-0.14771,0.42265,0.30357,0.22962,0.72445,0.81552,-0.044857,0.7545,0.64812,0.89165,0.83485,1.2146,1.1557,-0.0019313,1.1741,0.66748,0,0.44234,0.18083,0.1823,0.32438,0.47465,0.38548,0.10381,0.050585,-0.15537,-0.43079,-0.47065,-0.35683,0.35243,-0.055196,0.34886,0.66473,0.46193,0.37664,0.077808,-0.0048384,0.64254,0.016329,-0.10416,0.040436,0.063803,0.71567,0.4599,0.63084,0.13252,0.17831,0.12892,-0.61505,0.13958,0.43567,0.21756,0.091925,0.28065,0.32767,0.16207,-0.041926,0.16117,0.19128,0.43097,0.32334,0.27433,0.42833,-0.0166,-0.9171,0.0023761,0.15407,0.29566,0.081587,0.31785,0.07422,-0.19559,0.83177,0.57087,0.40402,0.64346,0.0048091,0.048328,0.15122,-0.16484,0.2639,0.31437,-0.43231,-0.16873,0.026766,-0.16885,2.2005e-05,-0.21518,0.39257,0.5737,-0.30126,-0.099086,-0.40143,-0.21986
-0.21827,0.21131,0.11846,0.0096061,0.20724,0.45839,0.04856,0.21018,0.17601,0.374,0.38698,0.055786,0.39234,0.48812,0.5059,0.57608,0.41097,0.53944,0.20565,-0.050862,0.62594,0.90491,0.39127,0.34134,0.615,0.38181,0.48174,0.44234,0,0.55134,0.57874,0.67366,0.32591,0.44805,-0.072486,0.029843,0.055318,0.099714,0.14571,0.014872,0.66396,0.098288,0.18675,0.46952,-0.019707,0.079708,-0.17554,-0.21595,0.53081,0.24368,0.2169,0.60827,0.33673,0.45716,0.41379,-0.012221,0.18903,0.051164,-0.27958,0.011657,-0.036107,0.74666,0.7232,0.22371,0.39429,0.073271,0.10467,0.65897,0.36271,0.85276,0.85855,0.47191,0.66153,0.0018342,-0.18522,-0.24646,-0.36488,0.47193,0.51458,-0.10074,0.20183,0.37399,-0.016739,0.44356,0.49732,0.28691,0.37822,-0.19075,-0.14568,0.076368,-0.36026,0.5182,0.44261,-0.11945,-0.077201,0.19195,0.32166,0.24492,0.21673,0.35386,0.29405,0.12705,-0.015195,0.051211,0.20578
0.42705,0.61076,0.27095,0.062275,0.37705,0.43023,0.4953,0.60726,-0.30468,0.45001,0.57269,0.17903,0.48038,0.5135,-0.11588,0.15237,0.13481,0.52228,0.089071,0.01079,0.21888,0.42039,0.22097,0.45812,0.33446,0.43905,-0.21461,0.18083,0.55134,0,0.77443,1.2276,0.55461,0.31449,0.40821,0.43933,0.49238,0.32983,0.44107,0.23037,0.9879,0.3479,0.35575,0.69855,0.20735,0.19526,-0.17841,0.27133,0.18828,0.55185,0.53841,0.1346,0.51377,0.38587,0.18152,0.010112,0.023901,-0.15041,-0.31402,-0.12948,-0.087004,0.45768,0.060007,0.07234,-0.092086,0.24481,0.18388,0.26607,-0.16462,0.25967,0.23673,-0.075667,0.39109,-0.085729,0.0011476,0.14065,-0.36991,0.69516,0.52517,-0.00092669,0.38466,0.28136,-0.0034196,0.53422,0.50076,0.45791,0.36846,-0.18774,-0.19529,0.071226,-0.44328,0.5098,0.56994,0.33485,0.57268,0.4654,0.38538,0.25943,0.37786,0.062316,0.1493,-0.18084,-0.157,0.095938,0.5119
0.45989,0.37859,0.83862,0.58522,0.35829,0.040178,0.76994,0.39688,-0.16196,0.26574,1.0766,0.34403,0.41806,0.55539,-0.23474,-0.014387,0.3024,1.0465,0.28047,0.0084138,0.050742,0.44606,0.14629,0.27672,0.834,0.16059,-0.27817,0.1823,0.57874,0.77443,0,1.1983,0.48492,0.28875,0.71866,0.71083,0.79976,0.62679,0.77154,0.70028,0.689,0.37074,0.36467,0.42229,0.35821,0.57261,-0.17712,0.084552,0.085151,0.5619,0.42233,0.37592,0.26478,0.049228,0.14022,-0.24278,-0.095002,-0.18144,-0.1422,0.20015,0.01659,0.11632,0.10951,-0.063444,-0.1552,0.012113,0.080669,0.32097,0.1231,0.56875,0.33543,0.087973,0.71151,-0.038944,0.21204,0.30474,-0.30897,0.68005,0.67205,0.25512,0.67244,0.81544,0.55396,0.71279,0.76047,0.75916,0.49201,-0.076718,-0.026818,0.081218,-0.27671,0.44171,0.30883,0.41951,0.571,0.87745,0.78864,0.69183,0.64723,-0.10962,-0.0040426,-0.095962,0.075861,0.34421,0.79185
0.31748,0.52467,0.58543,0.39757,0.33897,0.31869,0.58021,0.66859,-0.071416,0.64821,0.82745,0.4433,0.52226,0.6697,-0.17459,0.15249,0.31876,0.67862,0.25576,0.082127,0.20809,0.55489,0.2997,0.48001,0.50972,0.45268,-0.19237,0.32438,0.67366,1.2276,1.1983,0,0.56201,0.42391,0.38484,0.47948,0.6026,0.46627,0.55293,0.37981,0.93362,0.42455,0.29436,0.60033,0.18876,0.27017,-0.1248,0.21468,0.097981,0.48939,0.5042,0.25393,0.3642,0.29662,0.2338,-0.20187,-0.11501,-0.15784,-0.27744,0.010081,0.043203,0.2346,0.12593,0.03357,-0.049266,0.12166,0.14043,0.42855,0.11638,0.52486,0.40138,0.041083,0.72916,-0.048885,-0.011179,0.13301,-0.24341,0.90124,0.88921,0.14305,0.58,0.78571,0.39874,0.96385,0.83557,0.71913,0.51749,-0.08355,-0.097122,0.079633,-0.52569,0.5724,0.59429,0.25828,0.54883,0.63831,0.45276,0.41183,0.47266,-0.11737,0.027984,-0.2203,-0.1116,0.11156,0.5125
0.37915,0.31171,0.18622,0.0016774,0.37702,0.18014,0.095382,-0.17975,-0.44491,0.020848,0.45879,-0.28006,1.6136,1.2738,0.13885,0.198,0.29148,0.5941,0.76915,0.53272,0.38511,0.42956,0.52314,0.78661,0.27757,0.50103,-0.064225,0.47465,0.32591,0.55461,0.48492,0.56201,0,1.2023,0.67657,0.64389,0.6394,0.36071,0.17089,0.26846,0.42684,-0.16516,0.13395,0.36918,0.52334,0.57816,-0.26574,0.049326,0.37726,1.149,0.5536,-0.31665,0.6077,0.50948,0.34618,0.23258,0.097831,-0.22053,-0.12905,-0.70935,-0.60431,0.46592,-0.19129,0.018902,-0.16606,0.1851,-0.13889,-0.028301,-0.51031,-0.046406,0.1232,-0.15148,0.023868,-0.046498,-0.030529,-0.083038,-0.46844,0.99563,1.0158,0.59543,0.71201,0.25526,0.055154,0.72724,0.68963,1.0846,1.1446,-0.24783,-0.10055,0.12794,-0.25179,0.38855,0.21463,-0.13015,-0.0073233,0.53545,0.24634,0.19888,0.15775,-0.022721,0.10537,-0.40416,-0.29045,-0.25354,-0.075602
0.017406,-0.083451,0.090831,-0.062014,0.28889,0.032492,-0.02396,-0.30683,-0.33236,-0.064883,0.25453,-0.35428,1.4398,1.4508,0.39021,0.18992,0.29163,0.45575,0.41643,0.31116,0.51091,0.41485,0.37055,0.51408,0.1529,0.3653,0.16143,0.38548,0.44805,0.31449,0.28875,0.42391,1.2023,0,0.27492,0.29872,0.2874,0.2121,0.0071117,0.02341,0.25009,-0.46465,-0.046726,0.10846,0.18852,0.19743,-0.24296,-0.11145,0.42083,0.7792,0.34156,-0.082026,0.49549,0.38775,0.38293,0.16095,0.037278,-0.20204,-0.22031,-0.44526,-0.61667,0.46607,0.012977,0.28337,0.064847,0.02682,-0.27161,0.14846,-0.21038,0.025858,0.18928,-0.036182,0.010694,-0.060097,-0.31562,-0.16554,-0.47778,0.8403,1.0884,0.29781,0.36979,0.23213,0.056122,0.53421,0.5043,0.73282,0.79931,-0.26214,-0.11795,0.095825,-0.364,0.19025,0.0027825,-0.27876,-0.37682,0.12628,-0.074027,-0.048339,-0.0062425,0.14895,0.1447,-0.14107,-0.17026,-0.39735,-0.28764
0.9098,0.33202,0.29687,0.14286,0.31165,-0.10444,0.48677,-0.072015,-0.50788,-0.22725,0.41914,-0.097944,0.43398,0.41892,-0.19143,-0.080112,0.2699,0.67235,0.37074,0.26953,-0.0060492,0.12927,0.19558,0.29349,0.36981,0.11836,-0.34556,0.10381,-0.072486,0.40821,0.71866,0.38484,0.67657,0.27492,0,1.4712,0.6993,0.38005,0.36375,0.57427,0.31956,0.044575,0.56521,0.32638,0.94078,1.1306,-0.028008,0.26393,0.08303,0.71325,0.54805,-0.055032,0.21811,0.0088081,-0.11495,0.14387,0.052694,-0.1268,0.19388,-0.27828,-0.31248,0.12208,-0.26644,-0.21484,-0.39456,0.20683,0.1399,-0.28735,-0.29712,0.033341,-0.032353,-0.14311,0.18603,0.17314,0.5568,0.15224,-0.43191,0.26006,0.26903,0.63447,0.75536,0.1974,0.19641,0.30328,0.28418,0.72213,0.46864,0.015005,0.19188,0.31935,0.16082,0.03517,-0.045234,0.12592,0.27143,0.62526,0.44601,0.28503,0.29604,-0.12549,0.10451,-0.19679,0.21899,0.062112,0.30582
1.0472,0.41758,0.40464,0.29982,0.50682,-0.01368,0.66092,0.15699,-0.25128,-0.16398,0.55528,0.10382,0.32839,0.41219,-0.12739,-0.03578,0.14429,0.71343,0.28093,0.07816,-0.027172,0.090009,0.10915,0.15747,0.51226,0.0040046,-0.36019,0.050585,0.029843,0.43933,0.71083,0.47948,0.64389,0.29872,1.4712,0,0.89391,0.63568,0.56646,0.77196,0.51703,0.18239,0.65218,0.42758,0.57173,0.78963,0.11329,0.4108,-0.017478,0.74348,0.81846,-0.074009,0.26356,-0.0018892,0.049172,0.045822,0.20835,0.0059182,0.18602,-0.20099,-0.40119,0.15161,-0.19301,-0.15696,-0.33281,0.30582,0.30103,-0.14785,-0.20554,0.14379,0.089361,-0.11712,0.32437,0.11161,0.60391,0.20489,-0.4718,0.31977,0.34176,0.76799,0.84671,0.33697,0.34025,0.34023,0.36511,0.74766,0.3046,0.18266,0.3473,0.33115,0.15828,0.17337,0.14238,0.15568,0.24083,0.69387,0.47934,0.21967,0.35397,-0.23947,-0.055636,-0.2333,0.16569,-0.050206,0.21168
0.8252,0.32456,0.95265,0.74841,0.69444,-0.035327,0.86929,0.3497,-0.23136,-0.0025407,1.2238,0.30522,0.42072,0.52072,-0.41243,-0.34801,-0.22021,0.73039,0.28838,-0.044201,-0.31038,-0.060224,-0.18591,0.046559,0.54323,-0.20142,-0.84984,-0.15537,0.055318,0.49238,0.79976,0.6026,0.6394,0.2874,0.6993,0.89391,0,1.566,1.2217,1.2918,0.4125,0.33506,0.125,0.16423,0.13807,0.37931,-0.18819,0.23165,-0.25387,0.87712,0.64438,-0.33299,0.35408,-0.10597,0.18731,-0.28358,0.056173,-0.2881,-0.18414,0.031884,-0.38607,-0.11277,-0.33613,-0.093991,-0.40248,0.047625,-0.054295,0.074902,-0.46864,0.035034,-0.030321,-0.31137,0.18319,-0.35439,0.22727,0.68237,-0.25262,0.89615,0.69818,0.72335,0.73174,0.6009,0.64413,0.49589,0.64112,0.81978,0.35458,-0.043566,-0.032216,-0.1207,-0.19232,0.54222,0.33826,0.62558,0.62884,1.2088,0.80103,0.53114,0.60826,-0.48891,-0.466,-0.38147,-0.31546,0.16837,0.42864
0.60101,0.10817,1.0298,0.85018,0.82923,-0.088979,1.0438,0.43353,-0.024072,-0.068897,1.3021,0.44094,0.23705,0.40309,-0.29542,-0.43459,-0.42878,0.73134,0.059538,-0.29308,-0.47756,-0.20653,-0.4579,-0.27522,0.63004,-0.47334,-0.88075,-0.43079,0.099714,0.32983,0.62679,0.46627,0.36071,0.2121,0.38005,0.63568,1.566,0,1.5549,1.4486,0.2878,0.3606,-0.056086,-0.052866,-0.15757,0.11079,-0.16381,0.16232,-0.42532,0.69548,0.62589,-0.23598,0.26192,-0.30251,0.1259,-0.58605,-0.0042055,-0.27783,-0.24436,0.27349,-0.4129,-0.18848,-0.24228,-0.083076,-0.36316,-0.096117,-0.10447,0.21712,-0.32289,0.11774,-0.025575,-0.27586,0.18915,-0.50354,0.12359,0.92992,-0.20806,0.76956,0.58608,0.56716,0.49991,0.60475,0.75838,0.25407,0.43188,0.54236,0.11981,0.0014252,-0.017874,-0.13611,-0.155,0.43543,0.23895,0.6542,0.47307,0.92182,0.76625,0.42385,0.5877,-0.57336,-0.70993,-0.17794,-0.27735,0.20414,0.3783
0.69542,0.17203,1.1032,0.91657,0.88932,-0.017114,1.4334,0.64319,-0.026078,-0.035193,1.2295,0.52705,0.056729,0.24168,-0.46087,-0.47068,-0.33857,0.74401,-0.11906,-0.36498,-0.48836,-0.1662,-0.52056,-0.3065,0.67815,-0.51204,-0.86891,-0.47065,0.14571,0.44107,0.77154,0.55293,0.17089,0.0071117,0.36375,0.56646,1.2217,1.5549,0,1.3233,0.43806,0.48527,0.059317,0.013295,-0.17494,0.098519,-0.19971,0.16647,-0.48566,0.47908,0.52153,-0.027803,0.22277,-0.37305,0.028114,-0.62499,0.02673,-0.23617,-0.26989,0.47227,-0.20858,-0.19663,-0.13713,-0.067318,-0.30999,-0.074793,0.011825,0.34665,-0.15458,0.27135,0.057967,-0.18977,0.35282,-0.40864,0.15281,1.0514,-0.265,0.61243,0.44484,0.3755,0.37041,0.63642,0.79416,0.20297,0.46899,0.37646,0.054269,-0.031864,-0.032425,-0.19319,-0.22298,0.34642,0.23909,0.8999,0.71839,0.93212,0.87861,0.52824,0.62793,-0.45615,-0.60544,-0.064748,-0.18954,0.43511,0.73603
0.63437,0.16118,0.99633,0.83666,0.67035,-0.087214,1.0031,0.39966,0.12431,-0.10939,1.2241,0.55805,0.14682,0.30041,-0.31757,-0.40496,-0.22542,0.83418,0.18367,-0.11399,-0.51514,-0.18111,-0.34571,-0.27982,0.87577,-0.41032,-0.94504,-0.35683,0.014872,0.23037,0.70028,0.37981,0.26846,0.02341,0.57427,0.77196,1.2918,1.4486,1.3233,0,0.16552,0.59611,0.056124,-0.045827,0.088463,0.38671,0.031249,0.32948,-0.40948,0.66508,0.73966,-0.19377,-0.015504,-0.44395,-0.052587,-0.60221,-0.073796,-0.16692,0.039822,0.25865,-0.2636,-0.22729,-0.26704,-0.28197,-0.41149,0.017596,0.084087,-0.017626,-0.29532,0.20157,-0.0058153,-0.17467,0.29542,-0.23002,0.41395,0.82641,-0.078008,0.50935,0.345,0.73348,0.64253,0.59621,0.84528,0.26577,0.35773,0.59392,0.15778,0.21764,0.22155,0.13033,0.12295,0.31441,0.13668,0.57842,0.48562,1.0424,0.8391,0.46207,0.46237,-0.49133,-0.51318,0.017643,-0.020913,0.26836,0.50319
0.55,0.77171,0.2274,0.16221,0.3626,0.39612,0.41394,0.55001,-0.15616,0.36091,0.45437,0.13336,0.19876,0.26546,-0.035429,0.35523,0.21449,0.40811,0.10334,-0.019781,0.36254,0.52518,0.33284,0.46844,0.38485,0.33938,0.10463,0.35243,0.66396,0.9879,0.689,0.93362,0.42684,0.25009,0.31956,0.51703,0.4125,0.2878,0.43806,0.16552,0,0.25845,0.58336,1.0362,0.097924,0.18896,-0.19681,0.067684,0.17037,0.23385,0.34059,0.28332,0.65098,0.47834,0.4464,0.17768,0.36186,0.066575,-0.2664,-0.11661,-0.13205,0.50895,0.26847,0.11358,-0.0046468,0.23686,0.26748,0.55371,0.16006,0.46098,0.506,0.116,0.55298,-0.034311,0.037323,-0.0055193,-0.63226,0.43509,0.45162,0.087204,0.43684,0.36372,0.078069,0.50187,0.71959,0.35553,0.31585,-0.15704,-0.061665,-0.10422,-0.41168,0.44163,0.62974,0.24965,0.42886,0.47339,0.44962,0.2599,0.32878,-0.0053855,0.0085801,-0.38552,-0.23711,0.00012907,0.30864
0.21438,0.62722,0.47737,0.45143,0.10668,0.29072,0.45094,1.0252,0.62035,0.58048,0.57025,1.1876,-0.23568,-0.14659,-0.31377,-0.021515,-0.12097,0.19055,0.15424,0.043583,-0.29986,0.019507,0.011805,-0.070023,0.62653,0.0868,-0.49621,-0.055196,0.098288,0.3479,0.37074,0.42455,-0.16516,-0.46465,0.044575,0.18239,0.33506,0.3606,0.48527,0.59611,0.25845,0,0.057499,0.32208,-0.014653,0.082877,0.38656,0.61762,-0.26159,0.070505,0.43098,-0.0082394,-0.26976,-0.11955,0.011763,-0.49566,-0.23178,0.20828,0.22866,0.24145,0.36964,-0.15748,-0.080061,-0.39746,-0.21478,0.21484,0.45996,-0.075878,0.0090219,0.27165,0.1033,-0.010833,0.38104,-0.023149,0.37495,0.36686,0.44043,0.12158,-0.075295,0.12442,0.33586,0.44619,0.43141,0.32549,0.17815,0.15817,-0.086787,0.55753,0.382,0.302,0.17678,0.38193,0.50488,0.41581,0.64807,0.46045,0.40194,0.33951,0.19018,-0.32432,-0.23888,0.072626,0.023223,0.1616,0.44194
0.42067,0.4665,-0.17817,-0.14201,0.055662,0.29275,0.06362,0.15997,-0.16017,0.06202,-0.080869,-0.038299,-0.091231,0.018826,0.13452,0.39858,0.4666,0.134,0.02302,-0.046388,0.51244,0.48357,0.27716,0.28191,0.088076,0.21158,0.22891,0.34886,0.18675,0.35575,0.36467,0.29436,0.13395,-0.046726,0.56521,0.65218,0.125,-0.056086,0.059317,0.056124,0.58336,0.057499,0,0.85339,0.56639,0.56179,0.36518,0.38925,0.36932,0.01678,0.2671,0.31357,0.12281,0.25039,0.15577,0.63016,0.73399,0.41347,0.31278,-0.22043,0.001596,0.48292,0.4759,0.27568,0.36277,0.7737,0.88104,-0.062544,0.24455,0.46938,0.60426,0.49891,0.69414,0.70799,0.72998,-0.43753,-0.43723,-0.15852,-0.030854,0.2371,0.39535,0.023412,-0.20049,0.21558,0.091874,0.27367,-0.003365,0.25864,0.36738,0.32213,0.1424,0.24159,0.3715,-0.045945,0.094613,0.10232,0.10521,-0.091618,0.10103,0.34701,0.50669,-0.14478,0.32758,-0.10928,0.10454
0.34938,1.3373,-0.081618,-0.15029,0.028114,0.60471,-0.02391,0.37106,-0.088995,0.56373,0.096897,0.061254,0.14904,0.15323,0.12834,0.68503,0.33619,0.074493,0.37354,0.27576,0.71287,0.84838,0.75295,0.81341,0.25231,0.72997,0.27897,0.66473,0.46952,0.69855,0.42229,0.60033,0.36918,0.10846,0.32638,0.42758,0.16423,-0.052866,0.013295,-0.045827,1.0362,0.32208,0.85339,0,0.4576,0.38464,0.22693,0.34755,0.60627,0.12489,0.24586,0.22726,0.46088,0.90226,0.61885,0.54108,0.48363,0.51903,0.2076,-0.393,0.10236,0.68511,0.38442,0.16926,0.24235,0.68099,0.65491,0.031804,0.12172,0.3286,0.6047,0.33878,0.45323,0.33587,0.36167,-0.40182,-0.2462,0.15585,0.19392,0.06389,0.44738,0.2098,-0.22054,0.56125,0.35811,0.36201,0.2342,0.19881,0.27269,0.24158,-0.073865,0.60053,0.8464,-0.050016,0.23577,0.17683,0.14353,0.19849,0.16903,0.17309,0.35867,-0.45177,-0.049531,-0.21662,0.020569
0.39691,0.41944,-0.13409,-0.25849,-0.10722,0.11921,-0.11762,-0.33859,-0.40315,-0.018392,0.0005194,-0.29134,0.41614,0.35599,0.11918,0.42112,0.68285,0.33636,0.71432,0.77399,0.38286,0.52636,0.72322,0.71484,0.16877,0.61334,0.054265,0.46193,-0.019707,0.20735,0.35821,0.18876,0.52334,0.18852,0.94078,0.57173,0.13807,-0.15757,-0.17494,0.088463,0.097924,-0.014653,0.56639,0.4576,0,1.611,0.1393,0.22215,0.55469,0.32304,0.24246,-0.0022178,0.1681,0.39208,-0.014354,0.42165,0.042622,0.19083,0.58544,-0.58705,-0.055842,0.36176,0.031248,-0.23378,-0.091809,0.3629,0.31338,-0.45771,-0.14769,0.085668,0.1658,0.31095,0.1878,0.72429,0.71705,-0.38197,-0.19904,0.042221,0.11432,0.39698,0.65332,0.052718,-0.15889,0.35281,0.051141,0.63815,0.59476,0.15621,0.32507,0.64511,0.4282,0.066761,-0.0088934,-0.34301,-0.0065039,0.25088,0.1573,0.1394,0.083376,0.076275,0.42535,-0.16761,0.33539,0.0052349,-0.017472
