,,,,,,,,,,,,,,,,,,,,,,,,,,,,,,,,,,,,,,,,,,,,,,,,,,,,,,,,,,,,,,,,,,,,,,,,,,,,,,,,,,,,,,,,,,,,,,,,,,,,,,,,
0,0.78765,0.5056,0.55681,0.56549,-0.25364,0.70718,0.36117,-0.4509,-0.13506,0.50235,0.29431,-0.077034,0.067025,-0.64863,-0.28948,-0.048342,0.55942,0.26063,0.19408,-0.36581,-0.19107,-0.014959,0.095344,0.31521,-0.17452,-0.74088,-0.18379,-0.61793,0.26567,0.5512,0.33855,0.38385,-0.11561,1.2179,1.5326,0.88787,0.6424,0.68688,0.75706,0.60973,0.35836,0.545,0.46294,0.42738,0.68797,-0.015845,0.41862,-0.48272,0.35659,0.52667,-0.34003,0.53264,-0.19422,0.054905,-0.019845,0.17362,0.007954,0.20008,-0.077015,-0.46673,-0.35118,-0.58437,-0.43609,-0.92378,0.12519,0.27327,-0.046468,-0.33463,0.045697,-0.092627,-0.30794,0.25082,0.032805,0.62878,0.47665,-0.54959,0.1926,0.22299,0.88653,0.96499,0.60183,0.70058,0.2781,0.35021,0.66024,0.22908,0.22995,0.38766,0.011952,0.15299,0.081395,0.20301,0.48148,0.6678,0.84926,0.72227,0.26442,0.44746,-0.79383,-0.58542,-0.63905,-0.11926,0.1268,0.224
0.78765,0,0.39663,0.36729,0.062809,0.30535,0.29257,0.43739,-0.14491,0.39647,0.45471,0.39505,0.154,0.13613,-0.59015,-0.001472,0.38174,0.39292,0.86691,0.58075,0.065083,0.42234,0.53072,0.59987,0.51587,0.38945,-0.42389,0.40607,-0.1274,0.53451,0.78922,0.48873,0.51857,-0.24008,1.1769,0.92367,0.63082,0.24511,0.3653,0.56148,0.6349,0.74781,0.74912,1.1433,0.8029,1.0545,0.28802,0.79396,0.11065,0.50949,0.49483,-0.16238,-0.022403,0.22112,0.23126,0.23542,0.17915,0.21142,0.37242,-0.24658,0.22225,0.015155,-0.36034,-0.33108,-0.36371,0.69177,0.69569,-0.40773,-0.46184,0.17346,0.22747,-0.09626,0.41798,0.31109,0.71073,0.11112,-0.002588,0.21751,0.129,0.63633,1.0053,0.55232,0.38524,0.82064,0.62644,0.81084,0.54136,0.40004,0.45142,0.2041,0.11027,0.43783,0.65271,0.46649,0.8243,0.82102,0.6005,0.49399,0.23205,-0.10035,0.11012,-0.36514,0.017234,0.06189,0.51634
0.5056,0.39663,0,2.0815,0.91994,-0.085856,1.2944,1.2488,0.13748,0.43398,1.9993,1.2368,-0.041685,0.15205,-1.1633,-1.1084,-0.55799,0.96721,-0.057319,-0.39089,-0.87528,-0.28364,-0.62084,-0.29977,0.86512,-0.48577,-1.3267,-0.44908,0.17115,0.51809,1.0938,0.70106,0.050798,-0.28667,0.25889,0.39899,1.2148,1.4574,2.0192,1.3103,0.44355,0.85186,-0.12661,0.03658,-0.27528,-0.0024565,-0.24716,0.22012,-0.86532,0.53389,0.38379,-0.0032876,0.17856,-0.66088,0.07545,-0.79362,-0.28884,-0.4099,-0.35539,0.78294,0.22568,-0.97914,-0.44563,-0.24511,-0.55138,-0.24994,-0.096192,0.46366,-0.1675,0.37427,-0.0768,-0.56478,0.45081,-0.79211,0.070756,1.4134,0.13575,0.77894,0.51237,0.2383,0.33359,1.7345,1.8701,0.38805,0.61647,0.37372,0.0065955,0.0024113,-0.13535,-0.33633,-0.31991,0.55665,0.56929,1.4417,1.3287,1.2034,1.5793,1.0124,1.4253,-0.71915,-0.76593,-0.1984,-0.37149,0.99426,1.2164
0.55681,0.36729,2.0815,0,0.79655,-0.25515,1.1704,1.0853,0.1039,0.29868,1.557,1.047,-0.17675,0.047616,-1.0527,-0.98995,-0.64575,0.77053,-0.12733,-0.51608,-0.79708,-0.32498,-0.70539,-0.34806,0.75924,-0.60922,-1.0928,-0.42962,0.14838,0.40734,0.9574,0.58353,-0.010108,-0.31335,0.21678,0.41945,1.2126,1.5186,2.0732,1.2198,0.51378,0.71958,-0.029566,0.084808,-0.34951,-0.050743,-0.23749,0.16269,-0.83372,0.36645,0.26222,-0.026778,0.25979,-0.67346,0.27041,-0.62062,-0.093274,-0.29026,-0.33311,0.82502,0.1186,-0.92572,-0.30527,-0.10445,-0.46692,-0.23267,-0.071089,0.52338,-0.077817,0.35731,-0.015091,-0.41031,0.42922,-0.74848,0.10631,1.2723,0.039304,0.65237,0.46181,0.23389,0.32867,1.3604,1.6422,0.35152,0.63697,0.33725,-0.099491,0.031466,-0.096582,-0.44188,-0.29657,0.56052,0.57223,1.7598,1.1527,1.07,1.3709,0.84065,1.3044,-0.66559,-0.87536,-0.28965,-0.45367,0.80019,0.9443
0.56549,0.062809,0.91994,0.79655,0,-0.01815,0.97297,0.47334,-0.13975,0.0056316,0.84848,0.48115,0.11222,0.29346,-0.711,-1.0047,-0.45576,0.92105,-0.044935,-0.15697,-0.92088,-0.43873,-0.62245,-0.34279,0.41367,-0.6118,-1.1313,-0.7511,-0.23541,0.17037,0.50501,0.37248,0.17831,-0.010337,0.3053,0.38415,0.89592,1.1126,1.0854,0.91689,0.11301,0.27678,-0.29696,-0.34765,-0.1381,0.097925,-0.47939,-0.030236,-1.142,0.54198,0.45104,-0.24716,0.44995,-0.63443,-0.37705,-0.83391,-0.27634,-0.62918,-0.3561,0.37669,-0.26902,-0.9264,-0.59722,-0.36309,-0.63805,-0.44001,-0.34887,0.42249,-0.35852,0.19349,-0.20449,-0.62684,0.22566,-0.67829,0.0010637,1.0742,-0.21972,0.66926,0.56914,0.53201,0.28013,1.0325,1.1631,0.044474,0.238,0.33487,0.15126,-0.23478,-0.2106,-0.26476,-0.21908,0.16913,0.10725,0.45926,0.62819,0.87959,1.0777,0.63303,0.96491,-1.2551,-0.94904,-0.24537,-0.31877,0.88267,0.53012
-0.25364,0.30535,-0.085856,-0.25515,-0.01815,0,-0.29369,-0.028147,0.019948,0.66268,0.047613,0.01209,0.99005,0.70923,0.032201,0.1939,0.75956,0.17507,0.97923,0.78272,0.43662,0.92398,0.69068,0.72898,0.072974,0.77771,0.017257,0.54383,0.25533,0.33613,0.2413,0.29573,0.6572,0.29313,0.25354,-0.034454,0.055435,-0.18948,-0.18559,0.0069388,-0.13408,0.16889,0.068263,0.2051,0.6418,0.55386,0.136,0.31454,0.51584,0.68291,0.36945,-0.17089,-0.33476,0.56956,-0.26568,0.14361,-0.081512,-0.18885,0.053976,-0.54861,0.36691,0.36557,-0.03137,-0.028286,0.35222,0.61525,0.22742,-0.38984,-0.62659,0.19506,0.40668,0.065327,0.28481,0.34551,0.051594,-0.36308,0.31638,0.41728,0.32637,0.32821,0.27352,0.17805,-0.16673,0.58998,0.22932,0.49642,0.95547,-0.06696,-0.11592,0.31662,-0.1374,0.45009,0.44474,-0.26532,0.14689,0.24024,0.098108,0.26639,-0.070253,0.32315,0.77586,0.08991,0.077551,0.034462,0.26248
0.70718,0.29257,1.2944,1.1704,0.97297,-0.29369,0,1.2506,0.12702,0.19575,1.281,1.1205,-0.1751,0.070804,-0.82294,-0.77655,-0.44381,1.2629,-0.27097,-0.39417,-0.98061,-0.426,-0.60704,-0.42794,0.80799,-0.46691,-1.1944,-0.61237,0.04399,0.55056,0.91879,0.71827,-0.034307,-0.2385,0.38155,0.61009,0.86684,1.1425,1.4724,1.0621,0.56271,0.75326,-0.032748,0.01798,-0.23756,0.0058939,-0.20859,0.26831,-1.3497,0.3693,0.54621,0.20734,0.16125,-0.9775,-0.22502,-0.89684,-0.47875,-0.4257,-0.29462,0.70024,-0.04198,-0.76741,-0.45085,-0.43737,-0.935,-0.41106,-0.054925,0.4811,0.067324,0.49931,-0.14854,-0.58116,0.54076,-0.63456,0.10323,1.384,-0.16651,0.48079,0.32978,0.23692,0.36977,1.1242,1.727,0.17074,0.36522,0.29602,-0.092525,0.054253,0.015693,-0.11495,-0.17107,0.10695,0.17875,0.89419,0.88509,0.85136,1.0247,0.48999,0.83585,-0.88614,-0.89695,-0.056658,-0.091581,0.63794,0.8331
0.36117,0.43739,1.2488,1.0853,0.47334,-0.028147,1.2506,0,0.31909,0.71905,1.5258,1.9029,0.0009534,0.21706,-0.72456,-0.5308,-0.21296,1.1233,-0.12933,-0.38803,-0.5179,-0.037473,-0.34983,-0.18287,0.93014,-0.11145,-0.85904,-0.19288,0.50425,1.0244,1.4261,1.16,0.048629,-0.17969,0.29297,0.45373,0.77128,0.85098,1.1061,0.87892,0.71505,1.1169,0.093142,0.28009,-0.20215,-0.010336,-0.022125,0.48074,-0.62578,0.47658,0.54778,0.3635,-0.12085,-0.59869,-0.013003,-0.65389,-0.48888,-0.38456,-0.33176,0.65885,0.32417,-0.43156,-0.1997,-0.20525,-0.46075,-0.10738,0.13625,0.41852,0.12068,0.75615,0.11583,-0.37914,0.86349,-0.46478,0.062701,0.82762,0.1183,0.64288,0.40405,0.064262,0.39414,1.1242,1.1047,0.54783,0.61412,0.40526,0.0083371,0.13237,-0.040805,-0.047947,-0.31571,0.4253,0.56345,1.0995,1.0616,0.81942,0.85052,0.5102,0.71641,-0.33157,-0.36244,0.052112,-0.082228,0.4768,1.2278
-0.4509,-0.14491,0.13748,0.1039,-0.13975,0.019948,0.12702,0.31909,0,0.063408,0.15231,0.50595,-0.52541,-0.43285,0.29878,0.13559,-0.19419,0.20417,-0.22383,-0.37766,-0.24041,-0.082572,-0.24688,-0.60563,0.79807,-0.19683,-0.0014749,-0.23707,0.5386,-0.079914,0.0090425,-0.098441,-0.84239,-0.755,-0.41893,-0.27943,-0.23965,0.001469,0.053209,0.17511,-0.2401,0.61719,-0.23334,-0.17953,-0.33732,-0.28554,0.53626,0.24779,-0.017235,-0.15125,0.10697,0.69873,-1.3516,-0.60859,-0.13471,-0.49018,-0.35229,0.37571,0.24967,0.63055,0.56609,0.064174,0.4473,-0.1846,0.15115,-0.082279,0.34168,-0.152,0.35502,0.5058,0.15513,0.38249,0.24809,-0.078601,0.13789,0.1719,0.67198,-0.29948,-0.57491,-0.37006,-0.2799,0.031474,0.13383,-0.25377,-0.33566,-0.3561,-0.64444,0.54692,0.36999,0.41394,0.3678,0.0019426,-0.090156,0.024281,-0.17299,-0.18931,0.038686,0.064143,-0.044685,0.23043,0.090015,1.3593,0.70079,0.2193,0.23394
-0.13506,0.39647,0.43398,0.29868,0.0056316,0.66268,0.19575,0.71905,0.063408,0,0.60417,0.63357,0.74316,0.74375,-0.4054,-0.193,0.28406,0.41764,0.29456,0.058553,0.14847,0.59546,0.20814,0.46262,0.24938,0.56374,-0.27172,0.42771,0.78167,1.2258,0.87641,1.0853,0.52024,0.30418,0.16733,0.057284,0.37446,0.20202,0.26739,0.22202,0.39908,0.50538,0.088755,0.3979,0.10286,0.096849,-0.024278,0.39182,0.11948,0.69387,0.3367,0.11314,-0.17846,0.23076,0.066388,-0.11114,-0.35152,-0.51019,-0.40546,0.03162,0.63148,0.016766,-0.095118,0.12044,0.11432,0.30675,0.084483,0.17459,-0.1564,0.41415,0.29001,-0.26524,0.59037,-0.10922,-0.18028,0.062431,0.38218,0.89972,0.6747,-0.042728,0.28297,0.5404,0.20787,1.1085,0.74376,0.52321,0.54928,-0.128,-0.38192,-0.026685,-0.60741,0.75631,0.96322,0.45925,0.70702,0.48673,0.30822,0.39349,0.32732,0.21447,0.34914,-0.057307,-0.23896,0.16855,0.82269
0.50235,0.45471,1.9993,1.557,0.84848,0.047613,1.281,1.5258,0.15231,0.60417,0,1.525,0.1091,0.34943,-0.93659,-0.83388,-0.35888,1.2793,0.031545,-0.33123,-0.69215,-0.13038,-0.47656,-0.19839,0.88591,-0.30048,-1.3776,-0.33863,0.25989,0.75281,1.4002,0.96065,0.195,-0.14499,0.37453,0.52368,1.3354,1.4561,1.7639,1.4048,0.51096,0.97066,0.010665,0.14496,-0.14131,0.10754,-0.11329,0.41932,-0.7172,0.74362,0.621,-0.0067632,0.10311,-0.57038,0.032648,-0.71695,-0.31708,-0.44479,-0.31822,0.59758,0.1758,-0.69397,-0.36791,-0.2315,-0.49224,-0.085873,0.049012,0.39304,-0.20659,0.53575,0.053032,-0.45554,0.67997,-0.55887,0.14883,1.0704,0.11845,0.93484,0.62724,0.33517,0.51655,2.0229,1.5709,0.56468,0.64651,0.58611,0.1078,0.082163,-0.087224,-0.16352,-0.30339,0.67565,0.72678,1.2299,1.3521,1.337,1.4744,0.7924,1.277,-0.6173,-0.5779,-0.16691,-0.27518,0.7427,1.1898
0.29431,0.39505,1.2368,1.047,0.48115,0.01209,1.1205,1.9029,0.50595,0.63357,1.525,0,-0.058211,0.16863,-0.57006,-0.52625,-0.31569,1.1749,-0.078035,-0.41468,-0.65533,-0.13348,-0.41977,-0.32746,1.1908,-0.20881,-0.99581,-0.33369,0.42195,0.7597,1.1054,0.83779,-0.050113,-0.32789,0.24451,0.41139,0.75416,0.92471,1.0668,1.0744,0.41602,1.4134,0.005889,0.15914,-0.1787,0.015605,0.16227,0.60852,-0.56193,0.56305,0.66726,0.26924,-0.25929,-0.70177,-0.045579,-0.79703,-0.52507,-0.22719,-0.14057,0.72595,0.36476,-0.47375,-0.20604,-0.34634,-0.45867,-0.06747,0.23496,0.23034,0.00085469,0.65895,0.039496,-0.29103,0.71917,-0.41444,0.21257,0.88233,0.32917,0.54595,0.27349,0.09931,0.38694,1.1026,1.085,0.41565,0.37533,0.37651,-0.11597,0.33139,0.10825,0.10649,-0.096381,0.50063,0.5557,0.93928,0.88546,0.78249,0.91583,0.54452,0.82433,-0.38978,-0.38649,0.18212,0.067597,0.5815,1.0631
-0.077034,0.154,-0.041685,-0.17675,0.11222,0.99005,-0.1751,0.0009534,-0.52541,0.74316,0.1091,-0.058211,0,1.637,-0.1092,-0.015773,0.57304,0.17642,0.57968,0.50369,0.39711,0.63826,0.46296,0.82144,-0.33184,0.71385,-0.087191,0.45024,0.13807,0.57364,0.29231,0.53735,1.3159,1.0383,0.31498,0.07602,0.23569,-0.014211,-0.08574,-0.055021,0.04875,-0.1366,0.083644,0.15987,0.48417,0.36784,-0.1755,0.16768,0.29539,0.84704,0.35775,-0.43933,0.23936,0.70801,-0.17205,0.18852,-0.094098,-0.64261,-0.30521,-0.64623,-0.016851,0.20013,-0.23621,0.15027,0.19111,0.40651,-0.090753,-0.013246,-0.61085,-0.00055789,0.18698,-0.23888,0.20776,0.18386,-0.18085,-0.29554,-0.014774,0.83588,0.93163,0.33068,0.35604,0.21046,-0.14903,0.73818,0.38592,0.69058,1.1941,-0.38584,-0.47819,0.0344,-0.48135,0.47001,0.52375,-0.13778,0.25439,0.30499,0.043774,0.07984,0.10406,0.093792,0.44041,-0.36387,-0.31401,-0.089391,0.13698
0.067025,0.13613,0.15205,0.047616,0.29346,0.70923,0.070804,0.21706,-0.43285,0.74375,0.34943,0.16863,1.637,0,-0.13462,-0.09912,0.3932,0.44516,0.41951,0.22617,0.21618,0.47357,0.21045,0.52297,-0.17453,0.45962,-0.30212,0.24951,0.18907,0.73781,0.47327,0.75427,1.2556,1.0663,0.38318,0.26757,0.47629,0.27593,0.16456,0.18427,0.17058,-0.0037448,0.16977,0.15991,0.36272,0.33495,-0.10638,0.31288,0.088988,1.065,0.60245,-0.44251,0.29098,0.38789,-0.12226,0.035838,-0.097121,-0.7055,-0.34455,-0.43559,-0.19744,0.11146,-0.17259,0.16261,0.098035,0.37336,-0.010468,0.1214,-0.54343,0.19677,0.25888,-0.18789,0.43996,0.11986,-0.068067,-0.10888,-0.10805,1.1077,1.2307,0.46545,0.54952,0.41704,0.072402,0.81242,0.42177,0.9466,0.87003,-0.25085,-0.39365,0.058631,-0.45085,0.61363,0.66425,0.033908,0.35768,0.477,0.21212,0.036395,0.30068,-0.070005,0.19885,-0.37709,-0.31215,-0.069779,0.18632
-0.64863,-0.59015,-1.1633,-1.0527,-0.711,0.032201,-0.82294,-0.72456,0.29878,-0.4054,-0.93659,-0.57006,-0.1092,-0.13462,0,1.0841,0.30387,-0.51372,-0.097116,0.013263,0.53704,0.13809,0.24721,-0.096371,-0.40406,0.20721,0.8389,0.15117,0.044096,-0.4929,-0.91649,-0.63011,-0.27559,0.14019,-0.41595,-0.38253,-0.94281,-0.74452,-1.0103,-0.68769,-0.585,-0.46464,0.067824,-0.18962,0.069373,-0.13119,0.58678,0.0053089,0.6651,-0.39502,-0.11411,0.10102,-0.4745,0.21682,-0.07651,0.37844,0.18182,0.52151,0.44725,-0.37359,-0.25293,0.91659,0.77987,0.22613,0.63283,0.23932,0.29072,-0.43556,0.23322,-0.064948,0.19483,0.95342,-0.19113,0.70997,0.090384,-0.90173,0.054492,-0.69935,-0.56347,-0.22545,-0.28993,-1.0476,-1.0105,-0.46305,-0.89274,-0.33388,-0.33859,0.31435,0.31998,0.58734,0.53822,-0.3397,-0.45105,-1.1329,-1.593,-1.0886,-1.0622,-1.1568,-0.88589,0.62577,0.55933,0.56536,0.66074,-0.8221,-1.0862
-0.28948,-0.001472,-1.1084,-0.98995,-1.0047,0.1939,-0.77655,-0.5308,0.13559,-0.193,-0.83388,-0.52625,-0.015773,-0.09912,1.0841,0,0.90323,-0.45004,0.25912,0.407,1.0712,0.62869,0.85508,0.39586,-0.29017,0.69467,0.94028,0.71057,0.089453,-0.15202,-0.4372,-0.29995,0.019127,0.12985,0.028268,-0.023233,-0.71489,-0.94102,-0.97265,-0.64048,-0.058628,-0.24681,0.62434,0.42826,0.48348,0.2769,0.68594,0.25791,0.99437,-0.33401,-0.027387,0.1921,-0.50163,0.52591,0.083312,0.87627,0.39421,0.66759,0.58749,-0.72941,-0.14362,2.0064,0.76247,0.25266,0.57747,0.69372,0.69289,-0.62377,0.20316,0.11305,0.54086,1.0768,0.093626,1.3891,0.29284,-1.3462,-0.14334,-0.67027,-0.51741,-0.017392,0.065668,-0.83025,-0.94427,-0.020939,-0.32724,-0.022569,0.03684,0.38842,0.50042,0.65477,0.45113,-0.26141,-0.19837,-0.81836,-0.78173,-0.66678,-0.87019,-0.94119,-1.3054,0.96142,1.0007,0.32713,0.63639,-1.3613,-0.70448
-0.048342,0.38174,-0.55799,-0.64575,-0.45576,0.75956,-0.44381,-0.21296,-0.19419,0.28406,-0.35888,-0.31569,0.57304,0.3932,0.30387,0.90323,0,-0.081119,0.7011,0.98819,1.1325,1.3739,1.6116,1.1747,-0.21642,1.5493,0.47869,1.1682,0.15637,0.3479,0.081407,0.23383,0.63423,0.43357,0.45315,0.2068,-0.24984,-0.6381,-0.54099,-0.38489,0.26783,-0.08511,0.70292,0.7204,0.91907,0.67635,0.2467,0.33454,0.73494,0.13583,0.21414,0.093009,-0.2608,0.82383,-0.13278,0.75939,0.19968,0.071995,0.20699,-1.1117,-0.001254,1.1655,0.26071,0.15635,0.35564,0.83223,0.49595,-0.43412,-0.1064,0.27175,0.67252,0.36919,0.386,0.97228,0.14224,-0.93721,-0.26612,-0.045597,0.043219,0.27084,0.38003,-0.2505,-0.51142,0.51532,0.20402,0.41988,0.84973,0.0092471,0.13147,0.44606,-0.021595,-0.035021,0.12601,-0.49849,-0.12956,-0.091023,-0.35165,-0.33697,-0.7466,0.68554,1.1879,0.0085815,0.25516,-0.74767,-0.12806
0.55942,0.39292,0.96721,0.77053,0.92105,0.17507,1.2629,1.1233,0.20417,0.41764,1.2793,1.1749,0.17642,0.44516,-0.51372,-0.45004,-0.081119,0,0.097571,-0.10859,-0.60191,-0.069442,-0.27549,-0.18448,0.89938,-0.1428,-1.1967,-0.37934,0.13373,0.74653,1.0679,0.91514,0.25062,-0.05531,0.58104,0.73005,0.92056,0.99018,1.0621,1.1951,0.41325,0.91692,0.10344,0.11357,0.098932,0.3152,0.053845,0.62619,-0.70303,0.84206,1.173,0.07421,-0.052714,-0.62079,-0.37599,-0.74074,-0.47038,-0.41196,-0.12388,0.31652,-0.047448,-0.37719,-0.33701,-0.46648,-0.6094,-0.026714,0.21598,0.17701,-0.22085,0.72645,0.1047,-0.32875,0.86915,-0.25121,0.2948,0.77466,-0.057597,0.67075,0.46283,0.53354,0.67824,1.2731,1.1651,0.40961,0.32904,0.67827,0.1845,0.20292,0.12167,0.22465,-0.064847,0.33501,0.38689,0.53344,0.79061,1.0076,1.0308,0.42011,0.72032,-0.64264,-0.42365,0.057817,0.10056,0.47565,0.78513
0.26063,0.86691,-0.057319,-0.12733,-0.044935,0.97923,-0.27097,-0.12933,-0.22383,0.29456,0.031545,-0.078035,0.57968,0.41951,-0.097116,0.25912,0.7011,0.097571,0,1.1603,0.41368,0.74161,0.8964,0.90722,0.11823,0.61129,-0.099947,0.58385,-0.21404,0.16269,0.24832,0.12036,0.8022,0.059417,0.75834,0.42039,0.2965,-0.069793,-0.084929,0.21287,0.021192,0.23945,0.50533,0.60136,1.3406,1.381,0.35637,0.56702,0.59652,0.65217,0.42855,-0.55029,-0.082691,0.69938,0.089329,0.47674,0.36731,0.23628,0.50909,-0.79896,0.10831,0.32048,-0.18384,-0.16093,0.11068,1.1399,0.60629,-0.79593,-1.0418,-0.042753,0.34594,0.17183,0.16043,0.66055,0.62045,-0.34381,0.12373,0.19965,0.16671,0.83251,0.73832,0.20819,-0.083553,0.64925,0.2749,0.80367,0.899,0.26979,0.32414,0.35788,0.2036,0.52398,0.55761,-0.12193,0.263,0.44808,0.25791,0.30662,-3.2068e-06,0.12606,0.51151,-0.28567,0.064016,-0.079536,0.09761
0.19408,0.58075,-0.39089,-0.51608,-0.15697,0.78272,-0.39417,-0.38803,-0.37766,0.058553,-0.33123,-0.41468,0.50369,0.22617,0.013263,0.407,0.98819,-0.10859,1.1603,0,0.51792,0.65064,1.3205,1.0303,-0.1413,0.82818,0.17566,0.61101,-0.38193,0.035234,-0.02445,-0.038754,0.63365,0.13159,0.6565,0.26109,-0.09172,-0.47406,-0.41568,-0.17211,-0.023566,-0.052404,0.36123,0.44114,1.3719,1.06,0.13816,0.24975,0.53967,0.27553,0.20317,-0.28203,-0.057246,0.79615,-0.26216,0.54854,0.16877,0.15082,0.43502,-1.1148,0.046197,0.44023,-0.28028,-0.27873,-0.0082192,0.63089,0.32885,-0.76476,-0.60713,-0.19334,0.13484,0.013492,-0.058787,0.68599,0.31232,-0.51382,-0.10181,-0.090484,-0.049503,0.50474,0.38381,-0.12679,-0.32798,0.28401,0.073129,0.36973,0.94928,0.024246,0.23281,0.3805,0.1841,-0.066374,0.018611,-0.47919,0.0047121,0.096192,-0.078468,0.075442,-0.39139,0.18233,0.63942,-0.17028,0.19643,-0.22572,-0.084831
-0.36581,0.065083,-0.87528,-0.79708,-0.92088,0.43662,-0.98061,-0.5179,-0.24041,0.14847,-0.69215,-0.65533,0.39711,0.21618,0.53704,1.0712,1.1325,-0.60191,0.41368,0.51792,0,1.184,1.0609,0.97333,-0.60879,1.0393,1.0419,1.5631,0.26911,0.055691,-0.23116,-0.056661,0.40341,0.51705,0.005801,-0.15608,-0.49104,-0.89935,-0.8635,-0.80371,0.12526,-0.46027,0.58584,0.55901,0.44462,0.23644,0.17414,-0.0010234,1.2219,-0.2045,-0.25758,0.017496,-0.13711,1.1786,0.30979,1.3622,0.5663,0.2089,0.099459,-0.945,-0.017211,1.407,0.64028,0.70046,0.9313,0.76274,0.29663,-0.26784,0.079786,0.045036,0.72244,0.65805,0.10761,0.87718,-0.066708,-1.7168,-0.20199,-0.1748,-0.011452,-0.032988,0.045821,-0.61852,-0.9943,0.36164,0.1539,0.12864,0.47653,-0.10822,-0.050208,0.11319,-0.12298,0.030422,0.13078,-0.51602,-0.40376,-0.42549,-0.73981,-0.54625,-0.94188,1.2746,1.3203,-0.096701,-0.00073356,-1.097,-0.42758
-0.19107,0.42234,-0.28364,-0.32498,-0.43873,0.92398,-0.426,-0.037473,-0.082572,0.59546,-0.13038,-0.13348,0.63826,0.47357,0.13809,0.62869,1.3739,-0.069442,0.74161,0.65064,1.184,0,1.085,1.2041,-0.10231,1.2382,0.41847,1.5908,0.50299,0.46529,0.2775,0.38073,0.64136,0.398,0.27109,0.067273,-0.079768,-0.42479,-0.32527,-0.25649,0.35682,0.031197,0.63131,0.79844,0.59165,0.49066,0.16177,0.27644,0.79775,0.2004,0.093855,0.089515,-0.28201,0.83483,0.17307,0.70493,0.32145,-0.00026319,0.0061134,-0.6996,0.23853,0.9167,0.42329,0.45458,0.66068,0.93912,0.43383,-0.2272,-0.11466,0.41762,1.0474,0.42588,0.54551,0.63875,0.029056,-0.77584,-0.068179,0.20435,0.24338,0.19423,0.33157,-0.049464,-0.36427,0.8724,0.52788,0.4866,0.87361,-0.07315,-0.068617,0.15804,-0.27513,0.34726,0.50363,-0.16851,0.070667,0.063984,-0.16891,-0.076036,-0.45196,0.8903,1.2041,-0.059547,-0.024015,-0.50732,0.11649
-0.014959,0.53072,-0.62084,-0.70539,-0.62245,0.69068,-0.60704,-0.34983,-0.24688,0.20814,-0.47656,-0.41977,0.46296,0.21045,0.24721,0.85508,1.6116,-0.27549,0.8964,1.3205,1.0609,1.085,0,1.3312,-0.24169,1.5075,0.49743,1.2038,-0.041018,0.18068,-0.037881,0.036038,0.56102,0.23569,0.47276,0.17165,-0.29536,-0.76922,-0.67022,-0.42107,0.13597,-0.076799,0.64323,0.76772,1.1372,0.77617,0.33498,0.34498,0.97618,0.096546,0.099597,-0.049431,-0.24291,1.0932,-0.014733,0.93814,0.26192,0.28377,0.42312,-1.2222,0.12838,0.96463,0.0894,0.022967,0.27491,0.93691,0.54069,-0.7205,-0.24971,-0.037798,0.3938,0.29923,0.092929,1.067,0.25838,-0.96951,-0.081493,-0.19331,-0.12251,0.2303,0.33502,-0.34829,-0.62192,0.42941,0.12406,0.32449,0.75883,0.11934,0.2558,0.45575,0.13319,-0.029578,0.11502,-0.49854,-0.13222,-0.12935,-0.37858,-0.22315,-0.72179,0.65599,1.2158,-0.063559,0.27106,-0.65844,-0.18688
0.095344,0.59987,-0.29977,-0.34806,-0.34279,0.72898,-0.42794,-0.18287,-0.60563,0.46262,-0.19839,-0.32746,0.82144,0.52297,-0.096371,0.39586,1.1747,-0.18448,0.90722,1.0303,0.97333,1.2041,1.3312,0,-0.35572,1.2767,0.29416,1.3639,0.040919,0.41173,0.21685,0.31424,1.0497,0.53173,0.53176,0.21517,0.025874,-0.41034,-0.3381,-0.28536,0.36524,-0.1415,0.61242,0.83004,0.87603,0.68804,-0.028751,0.19057,0.69555,0.27774,0.046135,-0.23873,0.13436,1.3488,0.16534,0.90051,0.34432,-0.080933,0.022455,-1.0729,0.089636,0.57641,-0.045234,0.25011,0.27993,0.81894,0.2391,-0.28334,-0.36316,-0.036597,0.43889,0.048369,0.17725,0.59301,0.04226,-0.68315,-0.20373,0.23296,0.34456,0.31716,0.43154,-0.067412,-0.37938,0.83644,0.56365,0.56415,1.3202,-0.21,-0.1232,0.031085,-0.29193,0.24652,0.43206,-0.15318,0.19235,0.15636,-0.14175,0.001985,-0.3345,0.47884,0.82906,-0.4837,-0.22234,-0.45261,0.028943
0.31521,0.51587,0.86512,0.75924,0.41367,0.072974,0.80799,0.93014,0.79807,0.24938,0.88591,1.1908,-0.33184,-0.17453,-0.40406,-0.29017,-0.21642,0.89938,0.11823,-0.1413,-0.60879,-0.10231,-0.24169,-0.35572,0,-0.25857,-0.73717,-0.3201,0.21711,0.30893,0.70635,0.36713,-0.25963,-0.83738,0.2802,0.39902,0.51115,0.61104,0.77637,1.044,0.22874,1.7598,0.037683,0.16615,-0.010707,0.21382,0.34547,0.61259,-0.41187,0.34433,0.57554,0.33003,-0.5398,-0.74699,-0.11625,-0.66483,-0.32746,0.15456,0.22477,0.61764,0.43131,-0.33801,-0.12157,-0.54402,-0.4162,0.023526,0.46215,-0.1064,-0.067222,0.62498,0.11158,-0.051685,0.56767,-0.21964,0.48144,0.73077,0.36724,0.14024,-0.12622,0.21805,0.33466,0.82465,0.94416,0.17782,0.16814,0.2226,-0.18043,0.57615,0.46695,0.28431,0.24692,0.29071,0.28904,0.58275,0.58127,0.62717,0.88636,0.63709,0.50412,-0.31365,-0.28435,0.40943,0.35813,0.61216,0.84691
-0.17452,0.38945,-0.48577,-0.60922,-0.6118,0.77771,-0.46691,-0.11145,-0.19683,0.56374,-0.30048,-0.20881,0.71385,0.45962,0.20721,0.69467,1.5493,-0.1428,0.61129,0.82818,1.0393,1.2382,1.5075,1.2767,-0.25857,0,0.44036,1.2485,0.26697,0.51013,0.12261,0.32453,0.63905,0.47277,0.33824,0.075329,-0.27175,-0.66804,-0.57813,-0.45022,0.23658,-0.030599,0.51156,0.70302,0.76233,0.48195,0.2372,0.35818,0.82656,0.20794,0.16,0.10065,-0.27569,0.99144,-0.075789,0.67025,0.0044975,-0.011632,0.11375,-0.90665,0.24073,0.92573,0.11806,0.12749,0.31778,0.75526,0.38533,-0.39694,-0.10727,0.11807,0.41449,0.16159,0.25914,0.75693,0.012954,-0.862,-0.0090281,0.046798,0.095962,0.036673,0.27117,-0.25343,-0.56974,0.61422,0.24188,0.35387,0.80301,-0.020625,0.0029596,0.39735,-0.12863,0.061483,0.23921,-0.37183,-0.036113,-0.11741,-0.40417,-0.25925,-0.59984,0.74741,1.3633,0.0024465,0.18825,-0.63446,-0.027582
-0.74088,-0.42389,-1.3267,-1.0928,-1.1313,0.017257,-1.1944,-0.85904,-0.0014749,-0.27172,-1.3776,-0.99581,-0.087191,-0.30212,0.8389,0.94028,0.47869,-1.1967,-0.099947,0.17566,1.0419,0.41847,0.49743,0.29416,-0.73717,0.44036,0,0.65259,0.19791,-0.42442,-0.81186,-0.55315,-0.20959,0.19405,-0.53329,-0.66322,-1.3235,-1.5204,-1.3644,-1.6475,-0.20555,-0.77823,0.092691,0.040471,-0.029281,-0.26007,0.046077,-0.45273,0.81378,-0.88533,-0.79677,0.2942,-0.24546,0.58514,0.16255,0.7985,0.36841,0.33286,0.065873,-0.4296,0.035997,0.92784,0.77571,0.62202,0.90161,0.14471,-0.028833,-0.1404,0.49231,-0.15951,0.29921,0.62554,-0.29635,0.4696,-0.34454,-1.2275,-0.10824,-0.68215,-0.46648,-0.53797,-0.5831,-1.4103,-1.3967,-0.26994,-0.27218,-0.56363,-0.065462,-0.19556,-0.092591,-0.0027815,0.0011732,-0.45731,-0.43291,-0.76803,-0.99668,-1.2445,-1.4694,-0.7338,-1.4898,1.2205,0.82966,0.22992,0.13296,-0.8461,-0.70919
-0.18379,0.40607,-0.44908,-0.42962,-0.7511,0.54383,-0.61237,-0.19288,-0.23707,0.42771,-0.33863,-0.33369,0.45024,0.24951,0.15117,0.71057,1.1682,-0.37934,0.58385,0.61101,1.5631,1.5908,1.2038,1.3639,-0.3201,1.2485,0.65259,0,0.3687,0.31918,0.10323,0.20244,0.52667,0.36955,0.19298,-0.0032359,-0.225,-0.6341,-0.50513,-0.49039,0.38795,-0.14389,0.69221,0.91915,0.52231,0.36927,0.11955,0.133,0.98536,-0.045013,-0.17111,0.07156,-0.14565,1.1319,0.38623,1.1203,0.46915,0.13144,0.037221,-0.75453,0.2282,0.94792,0.41016,0.56035,0.66018,0.86091,0.3584,-0.22844,0.0096744,0.14778,0.7616,0.40774,0.26736,0.67653,-0.024025,-0.9758,-0.11513,0.010256,0.1045,0.020869,0.20014,-0.27873,-0.57439,0.70345,0.49071,0.29055,0.68354,-0.10522,-0.069609,0.029917,-0.26344,0.20827,0.38487,-0.17027,-0.020237,-0.11284,-0.37647,-0.18759,-0.61243,1.0765,1.2079,-0.1985,-0.10915,-0.70295,-0.048521
-0.61793,-0.1274,0.17115,0.14838,-0.23541,0.25533,0.04399,0.50425,0.5386,0.78167,0.25989,0.42195,0.13807,0.18907,0.044096,0.089453,0.15637,0.13373,-0.21404,-0.38193,0.26911,0.50299,-0.041018,0.040919,0.21711,0.26697,0.19791,0.3687,0,0.55196,0.3857,0.53424,-0.1045,0.12583,-0.4286,-0.36921,-0.096017,-0.04193,0.067077,-0.099491,0.31585,0.2575,-0.0204,0.15146,-0.43135,-0.4385,-0.032331,0.010821,0.11246,-0.034629,-0.093397,0.72189,-0.50644,-0.062787,0.16216,-0.12109,-0.20363,-0.27949,-0.53385,0.34838,0.58277,0.25635,0.651,0.57963,0.5861,0.035859,0.0048362,0.45043,0.52426,0.81558,0.63907,0.21263,0.66159,-0.18404,-0.46605,-0.080162,0.26211,0.32609,0.2219,-0.50305,-0.21729,0.13719,0.022582,0.42333,0.42566,-0.041128,0.00025783,-0.17109,-0.40611,-0.14344,-0.58574,0.32585,0.38672,0.26936,0.12688,-0.04905,-0.061974,0.025274,-0.067027,0.65512,0.39199,0.40422,-0.087965,-0.037982,0.47834
0.26567,0.53451,0.51809,0.40734,0.17037,0.33613,0.55056,1.0244,-0.079914,1.2258,0.75281,0.7597,0.57364,0.73781,-0.4929,-0.15202,0.3479,0.74653,0.16269,0.035234,0.055691,0.46529,0.18068,0.41173,0.30893,0.51013,-0.42442,0.31918,0.55196,0,1.2756,2.1472,0.61062,0.37529,0.5077,0.48898,0.54775,0.35503,0.46246,0.36175,0.8944,0.56741,0.37652,0.60958,0.18283,0.22958,-0.041406,0.55486,-0.1539,0.66102,0.5996,0.21134,-0.0069815,0.039984,-0.04191,-0.12696,-0.36469,-0.57217,-0.39423,0.003332,0.20977,0.028711,-0.16086,0.0090705,-0.20523,0.24104,0.1878,0.28309,-0.0079618,0.64334,0.3156,-0.3222,0.96423,-0.050335,-0.039697,0.18287,-0.073489,0.83136,0.71568,0.15013,0.58934,0.67142,0.42022,1.118,0.83231,0.74245,0.5426,-0.065776,-0.20573,0.053254,-0.5354,0.44658,0.72281,0.5441,0.84458,0.6401,0.39067,0.19466,0.30106,-0.00091095,0.12679,-0.15758,-0.15281,0.010072,0.77244
0.5512,0.78922,1.0938,0.9574,0.50501,0.2413,0.91879,1.4261,0.0090425,0.87641,1.4002,1.1054,0.29231,0.47327,-0.91649,-0.4372,0.081407,1.0679,0.24832,-0.02445,-0.23116,0.2775,-0.037881,0.21685,0.70635,0.12261,-0.81186,0.10323,0.3857,1.2756,0,1.5613,0.46329,0.017455,0.63149,0.68358,1.0777,0.78505,1.0341,0.88661,0.96246,0.91849,0.3472,0.57541,0.12617,0.33673,-0.095346,0.53719,-0.39883,0.7128,0.61853,0.10593,0.055353,-0.21254,0.076895,-0.29698,-0.19397,-0.44007,-0.31318,0.23772,0.22868,-0.28371,-0.25654,-0.09824,-0.35162,0.18251,0.21589,0.30527,-0.14829,0.72568,0.33348,-0.3454,1.0399,-0.24562,0.15041,0.55183,-0.054875,0.91723,0.68971,0.39158,0.73595,1.3735,0.9734,1.0558,1.0859,0.83436,0.44461,0.02072,-0.087021,-0.10644,-0.43931,0.63958,0.89387,1.0268,1.5637,1.3034,1.0181,0.62841,0.66684,-0.26987,-0.18608,-0.25785,-0.27264,0.36192,1.2669
0.33855,0.48873,0.70106,0.58353,0.37248,0.29573,0.71827,1.16,-0.098441,1.0853,0.96065,0.83779,0.53735,0.75427,-0.63011,-0.29995,0.23383,0.91514,0.12036,-0.038754,-0.056661,0.38073,0.036038,0.31424,0.36713,0.32453,-0.55315,0.20244,0.53424,2.1472,1.5613,0,0.60084,0.36181,0.49986,0.5178,0.72323,0.53555,0.67114,0.49774,0.95352,0.56731,0.31305,0.49951,0.092116,0.19901,-0.17535,0.4426,-0.31993,0.68753,0.5948,0.17951,0.091343,-0.079759,-0.050257,-0.23321,-0.3284,-0.71351,-0.52214,0.099777,0.13778,-0.1044,-0.17797,0.037826,-0.23603,0.13819,0.08791,0.43437,-0.023092,0.74221,0.34537,-0.3726,1.0792,-0.19065,-0.078596,0.32884,-0.15538,1.0364,0.88688,0.23111,0.59561,0.89454,0.61261,1.0809,0.97151,0.77775,0.54445,-0.15676,-0.28767,-0.07781,-0.64373,0.48756,0.74167,0.67635,1.0083,0.82152,0.56726,0.30521,0.44104,-0.1269,-0.02821,-0.21985,-0.27526,0.13969,0.91395
0.38385,0.51857,0.050798,-0.010108,0.17831,0.6572,-0.034307,0.048629,-0.84239,0.52024,0.195,-0.050113,1.3159,1.2556,-0.27559,0.019127,0.63423,0.25062,0.8022,0.63365,0.40341,0.64136,0.56102,1.0497,-0.25963,0.63905,-0.20959,0.52667,-0.1045,0.61062,0.46329,0.60084,0,0.86261,0.79972,0.5318,0.52298,0.14033,0.087976,0.14028,0.36204,-0.057703,0.50633,0.52526,0.78643,0.76305,-0.111,0.33574,0.23316,0.85027,0.46989,-0.63211,0.48356,0.72243,0.051414,0.40822,0.21829,-0.41136,-0.12217,-0.82308,-0.26616,0.19284,-0.30016,0.12111,0.0058,0.63706,0.1339,-0.082955,-0.71828,0.01726,0.28984,-0.17017,0.32187,0.34465,0.13719,-0.24315,-0.32326,0.75596,0.94719,0.75481,0.83699,0.33616,0.0075732,0.99539,0.60298,1.2126,1.4361,-0.21262,-0.20131,0.010527,-0.34271,0.5174,0.66718,0.039556,0.44769,0.57428,0.22337,0.09237,0.15939,-0.050335,0.26485,-0.78092,-0.39064,-0.20448,0.11284
-0.11561,-0.24008,-0.28667,-0.31335,-0.010337,0.29313,-0.2385,-0.17969,-0.755,0.30418,-0.14499,-0.32789,1.0383,1.0663,0.14019,0.12985,0.43357,-0.05531,0.059417,0.13159,0.51705,0.398,0.23569,0.53173,-0.83738,0.47277,0.19405,0.36955,0.12583,0.37529,0.017455,0.36181,0.86261,0,0.074936,-0.0067489,0.018313,-0.11451,-0.21969,-0.3628,0.14619,-0.62143,0.15162,0.047878,0.14754,0.013603,-0.34022,-0.1349,0.18696,0.27766,0.072778,-0.30894,0.52606,0.5818,-0.042604,0.34267,0.080638,-0.67672,-0.51953,-0.59792,-0.46898,0.32522,0.057709,0.53075,0.30129,0.15595,-0.2865,0.31258,-0.1125,-0.016245,0.21099,-0.077353,0.13809,0.16784,-0.41324,-0.44036,-0.46458,0.52928,0.8379,0.12147,0.14755,-0.10711,-0.33779,0.39017,0.24455,0.3836,0.62179,-0.58913,-0.62773,-0.15724,-0.58454,0.12694,0.19046,-0.24708,-0.069156,-0.039373,-0.30604,-0.42226,-0.12521,0.16044,0.27439,-0.45585,-0.43098,-0.47244,-0.24773
1.2179,1.1769,0.25889,0.21678,0.3053,0.25354,0.38155,0.29297,-0.41893,0.16733,0.37453,0.24451,0.31498,0.38318,-0.41595,0.028268,0.45315,0.58104,0.75834,0.6565,0.005801,0.27109,0.47276,0.53176,0.2802,0.33824,-0.53329,0.19298,-0.4286,0.5077,0.63149,0.49986,0.79972,0.074936,0,1.6334,0.69548,0.32274,0.35152,0.56725,0.55348,0.43426,0.81169,0.78486,1.0729,1.4364,0.21984,0.8004,-0.06075,0.67379,0.85882,-0.35564,0.22624,0.16682,-0.076353,0.19192,0.12755,0.024614,0.35574,-0.48938,-0.28447,0.04074,-0.4915,-0.45534,-0.58134,0.57389,0.58391,-0.36882,-0.57399,0.14904,0.13701,-0.15559,0.42906,0.4223,0.77447,0.0936,-0.37688,0.26387,0.27614,1.1407,1.5693,0.50715,0.37258,0.61315,0.38518,1.126,0.66251,0.31883,0.45842,0.35225,0.1858,0.21607,0.38664,0.19799,0.60406,0.81412,0.53408,0.18469,0.20619,-0.37534,-0.03999,-0.48446,0.078093,-0.079063,0.22686
1.5326,0.92367,0.39899,0.41945,0.38415,-0.034454,0.61009,0.45373,-0.27943,0.057284,0.52368,0.41139,0.07602,0.26757,-0.38253,-0.023233,0.2068,0.73005,0.42039,0.26109,-0.15608,0.067273,0.17165,0.21517,0.39902,0.075329,-0.66322,-0.0032359,-0.36921,0.48898,0.68358,0.5178,0.5318,-0.0067489,1.6334,0,0.84333,0.55905,0.56505,0.76978,0.66926,0.51645,0.87486,0.70847,0.65538,0.94205,0.2803,0.85093,-0.24729,0.54854,0.91828,-0.27153,0.25086,-0.10233,0.039915,0.067237,0.15937,0.078273,0.3311,-0.22479,-0.4463,-0.044586,-0.33893,-0.38544,-0.65549,0.43292,0.63331,-0.20262,-0.35455,0.2808,0.15638,-0.063925,0.55299,0.31178,0.87916,0.25609,-0.46428,0.23475,0.24583,1.0559,1.6336,0.5909,0.55927,0.49732,0.33979,1.0317,0.31495,0.45823,0.56169,0.31397,0.24358,0.2224,0.37519,0.36251,0.59334,0.82978,0.61702,0.091062,0.32137,-0.49604,-0.27688,-0.4347,0.092404,-0.08622,0.20202
0.88787,0.63082,1.2148,1.2126,0.89592,0.055435,0.86684,0.77128,-0.23965,0.37446,1.3354,0.75416,0.23569,0.47629,-0.94281,-0.71489,-0.24984,0.92056,0.2965,-0.09172,-0.49104,-0.079768,-0.29536,0.025874,0.51115,-0.27175,-1.3235,-0.225,-0.096017,0.54775,1.0777,0.72323,0.52298,0.018313,0.69548,0.84333,0,1.5022,1.408,1.4015,0.51027,0.59067,0.24224,0.28005,0.13973,0.41459,-0.12022,0.42654,-0.52194,0.88089,0.63523,-0.45416,0.46487,-0.25354,0.20934,-0.31017,0.064862,-0.32898,-0.15697,0.20206,-0.15019,-0.6112,-0.47891,-0.16639,-0.48665,0.13776,0.11347,0.22711,-0.54082,0.2547,0.071468,-0.37504,0.49484,-0.29547,0.36228,0.74991,-0.11744,0.94854,0.79979,0.79443,0.8882,1.5618,1.1541,0.67013,0.70558,0.97114,0.31513,0.082025,-0.0067824,-0.21248,-0.21068,0.80463,0.85606,0.99239,1.288,1.9573,1.5212,0.69759,1.273,-0.75982,-0.61191,-0.62553,-0.46121,0.51267,0.67591
0.6424,0.24511,1.4574,1.5186,1.1126,-0.18948,1.1425,0.85098,0.001469,0.20202,1.4561,0.92471,-0.014211,0.27593,-0.74452,-0.94102,-0.6381,0.99018,-0.069793,-0.47406,-0.89935,-0.42479,-0.76922,-0.41034,0.61104,-0.66804,-1.5204,-0.6341,-0.04193,0.35503,0.78505,0.53555,0.14033,-0.11451,0.32274,0.55905,1.5022,0,1.8693,1.5142,0.30516,0.57696,-0.037376,-0.058626,-0.21056,0.06293,-0.14155,0.27157,-0.87074,0.62444,0.54217,-0.2826,0.37237,-0.67388,0.10754,-0.68596,-0.11199,-0.34765,-0.23525,0.57982,-0.17635,-0.89048,-0.38755,-0.20552,-0.54114,-0.18129,-0.042189,0.40575,-0.29345,0.2823,-0.087212,-0.38457,0.39691,-0.57384,0.23469,1.1753,-0.030685,0.76258,0.5971,0.4817,0.497,1.3703,1.4655,0.28503,0.38953,0.5225,-0.061092,0.10278,-0.031443,-0.23903,-0.14558,0.58843,0.53039,1.0019,0.89033,1.1317,1.3666,0.5999,1.6362,-0.98636,-1.0254,-0.33022,-0.35543,0.70269,0.61041
0.68688,0.3653,2.0192,2.0732,1.0854,-0.18559,1.4724,1.1061,0.053209,0.26739,1.7639,1.0668,-0.08574,0.16456,-1.0103,-0.97265,-0.54099,1.0621,-0.084929,-0.41568,-0.8635,-0.32527,-0.67022,-0.3381,0.77637,-0.57813,-1.3644,-0.50513,0.067077,0.46246,1.0341,0.67114,0.087976,-0.21969,0.35152,0.56505,1.408,1.8693,0,1.4589,0.51397,0.71712,-0.005,0.053542,-0.23912,0.057996,-0.24437,0.22448,-0.99983,0.49573,0.4481,-0.061458,0.2925,-0.73505,0.081757,-0.70602,-0.1606,-0.38787,-0.32238,0.68164,-0.021249,-0.89566,-0.37881,-0.20728,-0.58901,-0.23549,-0.056582,0.49861,-0.14751,0.43076,-0.0099268,-0.4539,0.52228,-0.67637,0.15288,1.3484,-0.076744,0.72876,0.54089,0.39314,0.45103,1.6571,2.1967,0.3474,0.57968,0.45572,-0.0071118,0.023374,-0.069383,-0.32342,-0.26161,0.48482,0.50206,1.2903,1.1543,1.258,1.6125,0.76323,1.3171,-0.84658,-0.93659,-0.2831,-0.37403,0.78487,0.91085
0.75706,0.56148,1.3103,1.2198,0.91689,0.0069388,1.0621,0.87892,0.17511,0.22202,1.4048,1.0744,-0.055021,0.18427,-0.68769,-0.64048,-0.38489,1.1951,0.21287,-0.17211,-0.80371,-0.25649,-0.42107,-0.28536,1.044,-0.45022,-1.6475,-0.49039,-0.099491,0.36175,0.88661,0.49774,0.14028,-0.3628,0.56725,0.76978,1.4015,1.5142,1.4589,0,0.28193,1.0076,0.10869,0.127,0.079693,0.37263,0.13528,0.59179,-0.62181,0.75637,0.80923,-0.22978,0.077528,-0.61256,0.020201,-0.60908,-0.11944,-0.087358,0.090549,0.43278,-0.018892,-0.6561,-0.41789,-0.4714,-0.61766,0.052348,0.28231,0.039895,-0.44636,0.35986,-0.0093893,-0.25638,0.48802,-0.29715,0.57373,0.99759,0.10405,0.54548,0.33624,0.67873,0.72256,1.4746,1.4546,0.34455,0.32829,0.64787,0.015211,0.39602,0.2885,0.062552,0.11568,0.59485,0.55855,0.83002,0.93517,1.3359,1.7618,0.72552,1.1897,-0.84615,-0.68843,-0.15865,-0.052595,0.696,0.70659
0.60973,0.6349,0.44355,0.51378,0.11301,-0.13408,0.56271,0.71505,-0.2401,0.39908,0.51096,0.41602,0.04875,0.17058,-0.585,-0.058628,0.26783,0.41325,0.021192,-0.023566,0.12526,0.35682,0.13597,0.36524,0.22874,0.23658,-0.20555,0.38795,0.31585,0.8944,0.96246,0.95352,0.36204,0.14619,0.55348,0.66926,0.51027,0.30516,0.51397,0.28193,0,0.3429,0.74324,0.92891,0.081507,0.21737,-0.2032,0.24425,-0.2585,0.082254,0.17357,0.29993,0.23498,-0.034383,0.29797,0.15634,0.13273,-0.25571,-0.33757,0.043633,-0.046753,0.039935,0.029987,0.23018,-0.21057,0.16221,0.19227,0.43024,0.28608,0.62905,0.48651,-0.12,0.85666,-0.039826,0.027408,0.17333,-0.58721,0.37167,0.41865,0.20144,0.54864,0.4845,0.46406,0.77438,1.0975,0.50815,0.34303,-0.11252,-0.073487,-0.26402,-0.49267,0.17017,0.44757,0.71571,0.73466,0.54785,0.35489,0.11473,0.11232,0.013595,-0.076253,-0.4159,-0.33039,-0.15421,0.53533
0.35836,0.74781,0.85186,0.71958,0.27678,0.16889,0.75326,1.1169,0.61719,0.50538,0.97066,1.4134,-0.1366,-0.0037448,-0.46464,-0.24681,-0.08511,0.91692,0.23945,-0.052404,-0.46027,0.031197,-0.076799,-0.1415,1.7598,-0.030599,-0.77823,-0.14389,0.2575,0.56741,0.91849,0.56731,-0.057703,-0.62143,0.43426,0.51645,0.59067,0.57696,0.71712,1.0076,0.3429,0,0.17482,0.37495,0.14,0.32687,0.44098,0.89915,-0.26411,0.52675,0.71952,0.25353,-0.50803,-0.47987,-0.041569,-0.50258,-0.36606,0.12049,0.23964,0.44528,0.51361,-0.25797,-0.20916,-0.55279,-0.4449,0.19668,0.58674,-0.17623,-0.1474,0.56303,0.1021,-0.11632,0.62822,-0.1032,0.53876,0.59888,0.43729,0.25091,-0.015218,0.22942,0.50901,0.8588,0.81802,0.41362,0.28411,0.4033,-0.037286,0.63879,0.46051,0.36163,0.19532,0.4394,0.50469,0.65877,0.75445,0.72374,0.84112,0.60318,0.52764,-0.24388,-0.1486,0.2797,0.32767,0.47629,0.92466
0.545,0.74912,-0.12661,-0.029566,-0.29696,0.068263,-0.032748,0.093142,-0.23334,0.088755,0.010665,0.005889,0.083644,0.16977,0.067824,0.62434,0.70292,0.10344,0.50533,0.36123,0.58584,0.63131,0.64323,0.61242,0.037683,0.51156,0.092691,0.69221,-0.0204,0.37652,0.3472,0.31305,0.50633,0.15162,0.81169,0.87486,0.24224,-0.037376,-0.005,0.10869,0.74324,0.17482,0,1.4684,0.71921,0.78295,0.46348,0.65787,0.3772,0.11287,0.34888,-0.085055,0.023229,0.37096,0.44418,0.79065,0.64578,0.37901,0.39408,-0.57493,-0.32705,0.64593,0.29046,0.19367,0.075093,0.99829,0.95701,-0.30952,-0.048143,0.3505,0.72017,0.52681,0.5904,0.88239,0.67603,-0.41797,-0.49748,-0.043884,0.060993,0.58098,0.96855,0.036293,-0.065441,0.64542,0.38936,0.74416,0.35147,0.42744,0.52462,0.29921,0.17459,0.21806,0.42073,0.081308,0.15718,0.24146,0.019095,-0.30817,-0.25808,0.27786,0.32014,-0.3533,0.10239,-0.76807,-0.11175
0.46294,1.1433,0.03658,0.084808,-0.34765,0.2051,0.01798,0.28009,-0.17953,0.3979,0.14496,0.15914,0.15987,0.15991,-0.18962,0.42826,0.7204,0.11357,0.60136,0.44114,0.55901,0.79844,0.76772,0.83004,0.16615,0.70302,0.040471,0.91915,0.15146,0.60958,0.57541,0.49951,0.52526,0.047878,0.78486,0.70847,0.28005,-0.058626,0.053542,0.127,0.92891,0.37495,1.4684,0,0.6773,0.72646,0.35055,0.66326,0.39972,0.1795,0.26543,0.038793,-0.066539,0.45256,0.47905,0.68035,0.4226,0.27447,0.26394,-0.43452,0.078847,0.49506,0.13131,0.14,0.035337,0.95188,0.82316,-0.27281,-0.061666,0.33936,0.62801,0.26885,0.5953,0.61701,0.4936,-0.31018,-0.23382,0.07785,0.10551,0.37503,0.82357,0.16456,0.013443,0.94934,0.6727,0.69687,0.48779,0.32272,0.36142,0.1833,-0.013321,0.33322,0.61228,0.28073,0.41573,0.35695,0.11866,-0.011477,-0.16659,0.35819,0.42859,-0.33756,0.0085572,-0.48501,0.20329
0.42738,0.8029,-0.27528,-0.34951,-0.1381,0.6418,-0.23756,-0.20215,-0.33732,0.10286,-0.14131,-0.1787,0.48417,0.36272,0.069373,0.48348,0.91907,0.098932,1.3406,1.3719,0.44462,0.59165,1.1372,0.87603,-0.010707,0.76233,-0.029281,0.52231,-0.43135,0.18283,0.12617,0.092116,0.78643,0.14754,1.0729,0.65538,0.13973,-0.21056,-0.23912,0.079693,0.081507,0.14,0.71921,0.6773,0,1.79,0.48393,0.70957,0.53704,0.51081,0.57678,-0.44247,-0.054486,0.66158,-0.11181,0.56823,0.25181,0.29486,0.69829,-1.1541,-0.14885,0.49079,-0.23941,-0.34281,-0.10744,1.0384,0.74129,-0.97109,-0.73833,-0.08431,0.20515,0.16166,0.13267,1.0293,0.76046,-0.45871,-0.11839,-0.026798,0.00945,0.83649,0.87447,0.0038233,-0.20778,0.44466,0.055746,0.75297,0.77243,0.38372,0.54367,0.66611,0.4057,0.14159,0.23805,-0.3352,0.088269,0.25836,0.043684,-0.050965,-0.22208,0.069936,0.5048,-0.24093,0.3178,-0.36591,-0.13881
0.68797,1.0545,-0.0024565,-0.050743,0.097925,0.55386,0.0058939,-0.010336,-0.28554,0.096849,0.10754,0.015605,0.36784,0.33495,-0.13119,0.2769,0.67635,0.3152,1.381,1.06,0.23644,0.49066,0.77617,0.68804,0.21382,0.48195,-0.26007,0.36927,-0.4385,0.22958,0.33673,0.19901,0.76305,0.013603,1.4364,0.94205,0.41459,0.06293,0.057996,0.37263,0.21737,0.32687,0.78295,0.72646,1.79,0,0.42249,0.78645,0.29185,0.61748,0.71288,-0.46469,0.0065992,0.39989,-0.050954,0.39343,0.3089,0.26541,0.64467,-0.77827,-0.18113,0.2785,-0.28314,-0.38438,-0.22385,0.94857,0.78838,-0.7705,-0.8096,0.062951,0.27571,0.12609,0.28987,0.7491,0.95021,-0.19316,-0.17595,0.094851,0.097138,1.2351,1.2001,0.27058,0.084683,0.53083,0.20469,0.97349,0.73856,0.42782,0.59511,0.528,0.37694,0.26945,0.36465,-0.086409,0.30601,0.54951,0.34362,0.14879,0.0016414,-0.11403,0.25325,-0.32015,0.21965,-0.167,0.048351
