,,,,,,,,,,,,,,,,,,,,,,,,,,,,,,,,,,,,,,,,,,,,,,,,,,,,,,,,,,,,,,,,,,,,,,,,,,,,,,,,,,,,,,,,,,,,,,,,,,,,,,,,
0,0.03133,1.2715,1.4349,1.6491,-1.3912,1.4197,0.33948,-0.086717,-0.49733,0.94952,0.4192,-0.54005,-0.22196,-1.6937,-2.0967,-1.7314,0.64689,-0.71894,-1.5164,-1.8817,-1.7509,-2.176,-1.6012,0.32986,-1.4638,-1.5984,-2.2453,-0.92788,-0.3739,0.25399,-0.20237,-0.29923,-0.35428,0.37605,0.83455,1.7405,2.0791,1.7565,1.1835,-0.39583,0.20708,-0.65495,-0.69857,-1.0933,-0.24159,-0.19083,-0.048691,-1.9184,0.35707,0.22213,-0.87125,0.54309,-1.2498,0.52738,-1.3991,0.23295,-0.0084819,0.051189,0.95785,-0.41234,-1.8724,-1.9247,-0.72629,-2.4133,-0.73721,-0.25316,0.44832,-2.1831,-0.43429,-1.3598,-1.0462,-0.35334,-1.3639,0.50215,1.723,0.0005584,0.42972,0.22191,1.9128,0.35554,1.199,1.411,-0.45139,-0.39418,0.16991,-0.92961,0.19223,0.18435,-0.49677,0.39224,0.45144,0.15953,1.0902,0.93115,1.3992,1.3371,0.72589,1.9835,-2.2241,-1.9836,-0.55962,-0.50044,1.1194,0.25444
0.03133,0,0.6092,0.49674,-0.25301,0.27682,0.48212,1.283,1.9584,0.5583,0.75903,1.3508,-0.51759,-0.41351,-0.2214,0.10793,-0.032364,0.75469,0.96765,-0.12864,-0.23762,0.15847,0.084947,-0.24582,1.6047,0.061723,-0.38698,0.046781,0.63032,0.37518,1.1653,0.34369,-0.62091,-0.91846,0.53332,0.48292,0.24732,0.21392,0.38116,0.66876,0.50752,2.3907,0.48332,0.83181,0.29502,1.3606,1.6039,1.209,0.16601,0.36072,0.65794,0.67533,-1.2259,-0.49321,0.46908,-0.48546,-0.66783,1.1785,1.8209,0.66524,1.3328,0.018978,0.24607,-1.0557,-0.20184,0.67687,1.6972,-1.3612,0.048845,1.0253,0.37482,0.65809,0.82481,0.18854,1.4314,0.30505,2.1622,-0.26831,-0.75051,-0.13149,0.53416,0.63046,0.47566,0.46363,0.5794,0.22194,-0.58467,2.1639,2.1106,0.93309,1.3475,0.81577,0.8111,0.67901,0.79135,0.50611,0.53395,0.59046,0.21949,0.17494,0.14984,1.0178,1.2175,0.3386,1.9008
1.2715,0.6092,0,2.7669,0.78731,-0.71932,2.084,0.85936,0.467,-0.16056,1.7218,1.0176,-0.86168,-0.46101,-1.5323,-1.013,-1.1575,1.0472,-0.127,-1.1528,-1.6745,-0.91064,-1.0498,-1.5536,0.983,-0.95853,-1.8825,-1.1145,-0.35582,-0.15977,0.70375,-0.044195,-0.64597,-0.85058,0.5652,1.0308,1.4859,1.561,2.2704,3.2616,-0.1163,0.825,-0.291,-0.17409,-0.61374,0.24324,0.31599,0.38295,-0.91748,0.45094,0.47394,-0.28611,-0.023237,-1.9581,0.76998,-2.2739,-0.069907,0.48531,0.61953,1.7644,0.13673,-1.1117,-0.82406,-1.6772,-1.6201,-0.24804,0.27202,-0.11105,-1.0715,0.038065,-0.62882,-0.36151,0.033862,-0.79322,1.2598,1.8375,0.56183,0.16162,-0.1845,0.92282,0.54781,2.3449,2.3096,-0.17158,-0.085309,0.20909,-1.5108,0.7919,0.80137,-0.030782,1.0537,0.83039,0.48366,2.1779,1.7621,2.2053,2.7126,1.1697,1.5604,-0.93395,-0.95119,-0.020235,0.042808,1.337,0.88068
1.4349,0.49674,2.7669,0,0.89344,-0.87872,1.8631,0.71325,0.3729,-0.2606,1.4774,0.85983,-0.90484,-0.49077,-1.8123,-1.1947,-1.3934,0.88413,-0.22487,-1.2698,-2.0107,-1.0871,-1.2378,-1.8595,0.85296,-1.1363,-1.8796,-1.2998,-0.47652,-0.25744,0.56861,-0.13652,-0.65601,-0.82131,0.46329,0.93114,1.5523,1.7027,2.5497,2.3527,-0.22902,0.69,-0.3955,-0.27986,-0.75697,0.12142,0.21361,0.27147,-1.0439,0.37867,0.36776,-0.38581,0.07203,-2.0247,0.83877,-2.137,0.045581,0.44307,0.5393,1.792,0.0594,-1.3224,-0.95246,-1.4397,-1.778,-0.35146,0.1655,-0.028192,-1.2047,-0.083646,-0.76984,-0.4489,-0.086571,-0.93891,1.0962,2.184,0.47549,0.15577,-0.15632,0.99352,0.4622,1.9012,2.3192,-0.2689,-0.19601,0.14568,-1.6492,0.67088,0.6902,-0.14511,0.96377,0.74818,0.40274,2.0854,1.5285,2.0075,2.8428,1.197,1.7497,-1.0771,-1.1204,-0.11539,-0.064832,1.4774,0.74258
1.6491,-0.25301,0.78731,0.89344,0,-1.4817,0.89446,0.0042814,-0.30063,-0.87072,0.50872,0.071898,-0.47638,-0.24569,-1.2932,-1.7934,-1.3721,0.33521,-0.96235,-0.90086,-1.2954,-1.7188,-1.7164,-1.2155,0.10276,-1.5578,-0.91691,-1.9052,-1.3737,-0.64364,-0.065693,-0.4362,-0.25382,-0.22224,0.10299,0.45188,0.98796,1.1327,1.0577,0.7119,-0.64508,-0.080589,-1.0596,-1.1697,-1.3912,-0.49512,-0.54857,-0.38911,-2.868,0.080878,-0.060986,-0.93933,0.79842,-0.93976,0.22056,-0.97805,0.47762,-0.16973,-0.17974,0.67474,-0.63865,-1.6119,-1.7781,-0.42919,-1.3005,-1.2445,-0.5856,0.71245,-1.4467,-0.65903,-1.4188,-1.2965,-0.61958,-1.7813,0.16857,1.2061,-0.31107,0.3156,0.25748,1.7915,0.043142,0.74373,0.9891,-0.78437,-0.67492,-0.063277,-0.63135,-0.12929,-0.066062,-0.84641,0.15115,0.06618,-0.20271,0.60675,0.48321,0.82159,0.89072,0.60586,1.0893,-2.0623,-1.9374,-0.69696,-0.73755,0.9866,0.014677
-1.3912,0.27682,-0.71932,-0.87872,-1.4817,0,-0.6875,0.080108,0.33677,0.94065,-0.42708,-0.017804,0.55641,0.33226,1.2758,2.0811,1.8506,-0.13134,1.0733,1.0689,1.245,2.5119,2.0012,1.2587,-0.038514,1.8452,0.82001,1.7712,1.6754,0.80057,0.18177,0.61135,0.31556,0.25537,0.074032,-0.32294,-0.92112,-1.0615,-0.94702,-0.64412,0.92306,0.13038,1.1233,1.1963,2.0024,0.72078,0.54615,0.46074,1.5932,0.028691,0.21808,1.1788,-0.86485,0.81783,-0.5755,0.76862,-0.75354,0.080296,0.14161,-0.68944,0.60194,1.9196,1.73,0.35392,1.1055,1.213,0.6305,-0.67775,1.3713,0.99702,2.3796,1.1982,0.92035,1.8578,-0.16683,-1.1146,0.22956,-0.21603,-0.20307,-1.1334,0.043586,-0.58351,-0.82443,0.87455,0.90518,0.1686,0.79042,0.12401,0.082928,1.0467,-0.17824,-0.11701,0.16592,-0.66493,-0.44428,-0.7097,-0.81517,-0.60688,-1.1135,1.7833,2.1449,0.86716,0.92697,-0.97322,0.073163
1.4197,0.48212,2.084,1.8631,0.89446,-0.6875,0,0.86896,0.32283,-0.11227,1.8045,0.96977,-0.59972,-0.25042,-1.339,-1.0214,-1.0358,1.2847,-0.21919,-1.2059,-1.4971,-0.88801,-1.0563,-1.3016,0.78535,-0.8669,-2.2617,-1.1283,-0.36575,-0.052333,0.75344,0.089349,-0.41248,-0.58846,0.75336,1.3021,1.7572,1.7668,2.1986,2.0925,-0.011982,0.69564,-0.2474,-0.20408,-0.54993,0.23603,0.24979,0.38971,-1.0089,0.619,0.61063,-0.36484,0.075585,-1.5468,0.53918,-2.1384,-0.17104,0.26388,0.42063,1.2424,-0.0078356,-1.0443,-0.93218,-1.319,-1.8798,-0.26407,0.20499,0.022355,-1.1963,0.049289,-0.64641,-0.49464,0.094396,-0.75628,1.0227,1.5959,0.39533,0.36295,0.007222,1.1679,0.6863,2.6859,1.9255,-0.099978,0.0010024,0.3695,-1.0493,0.65403,0.61499,-0.023715,0.76633,0.81807,0.50056,1.6007,1.6914,2.6648,1.834,0.86904,1.6325,-1.0272,-0.9684,-0.10844,-0.017964,1.0645,0.73927
0.33948,1.283,0.85936,0.71325,0.0042814,0.080108,0.86896,0,0.85497,0.67571,1.3577,2.6662,-0.248,-0.023044,-0.35463,-0.12976,-0.19295,1.575,0.44989,-0.51477,-0.41663,-0.047416,-0.15994,-0.36243,1.0638,-0.039427,-0.79914,-0.17538,0.42552,0.6259,2.6412,0.70023,-0.23014,-0.49977,1.2674,1.1979,0.6734,0.5843,0.66801,0.96279,0.69893,1.5357,0.53015,0.62354,0.21671,1.084,1.2451,1.5863,-0.07937,0.9985,1.3914,0.22092,-0.59389,-0.57999,0.47709,-0.70201,-0.93538,0.50671,0.85324,0.63748,0.56443,-0.15501,-0.095589,-1.0732,-0.53028,0.55703,1.1242,-0.61539,-0.30027,0.79182,0.091229,0.19204,0.90854,0.073464,1.4855,0.4735,1.1065,0.26901,-0.16982,0.24119,1.264,1.0096,0.65569,0.64371,0.75126,0.75183,-0.54494,1.6218,1.1088,0.82817,0.89513,1.5161,1.4075,0.95894,1.3421,0.91779,0.703,0.41121,0.56706,-0.12323,-0.084423,0.4496,0.67849,0.31882,1.2392
-0.086717,1.9584,0.467,0.3729,-0.30063,0.33677,0.32283,0.85497,0,0.38813,0.50779,0.91028,-0.6454,-0.63132,-0.16939,0.19125,0.033602,0.49766,1.1702,0.068511,-0.16249,0.22392,0.17577,-0.19551,1.5649,0.073015,-0.20551,0.11733,0.61974,0.19472,0.77824,0.1401,-0.83125,-1.1042,0.26776,0.2216,0.058773,0.050266,0.25002,0.50352,0.35277,1.5868,0.35238,0.75129,0.27434,1.2057,1.1996,0.83806,0.2231,0.090475,0.37829,0.90928,-1.4678,-0.44632,0.33972,-0.39057,-0.48155,1.5606,2.1525,0.62648,1.7873,0.076807,0.37686,-0.92105,-0.067078,0.58118,1.3794,-1.6748,0.19408,0.99536,0.48204,0.8422,0.66889,0.18447,1.0791,0.23221,1.6562,-0.55501,-1.1359,-0.2566,0.24448,0.45987,0.39116,0.28712,0.41438,-0.03332,-0.53705,1.3894,1.9293,0.79704,1.3318,0.48351,0.48038,0.48843,0.53471,0.32308,0.43566,0.66469,0.057027,0.27725,0.22408,1.3547,1.3677,0.35568,1.6767
-0.49733,0.5583,-0.16056,-0.2606,-0.87072,0.94065,-0.11227,0.67571,0.38813,0,0.17512,0.54099,0.56379,0.60444,0.60907,0.73935,0.71317,0.40993,0.72878,0.17456,0.5295,0.84746,0.69591,0.59868,0.16274,0.99002,0.11542,0.73374,1.3836,2.0439,0.82021,1.5554,0.44057,0.2247,0.74801,0.34305,-0.14173,-0.25179,-0.27884,-0.086176,1.8128,0.47206,2.6889,1.5649,1.3546,0.97455,1.0728,1.2494,0.81683,0.76432,0.96742,0.53267,-0.70617,0.40147,-0.046143,0.28324,-1.5269,0.051931,0.26678,-0.3196,0.48809,0.77898,0.62306,-0.00059246,0.34352,1.8368,0.99969,-0.60599,0.43593,1.0393,0.79757,0.63167,1.5317,1.1635,0.27341,-0.48567,0.5379,0.30411,0.092255,-0.47278,0.81552,-0.045525,-0.32901,2.8845,1.9119,0.91217,0.35046,0.55113,0.29975,1.6329,0.047774,0.61094,1.0208,-0.043562,0.16674,-0.070151,-0.28852,-0.48024,-0.26518,0.68372,0.79791,0.52146,0.80052,-0.66089,0.30286
0.94952,0.75903,1.7218,1.4774,0.50872,-0.42708,1.8045,1.3577,0.50779,0.17512,0,1.5269,-0.48938,-0.16184,-0.9246,-0.67852,-0.73784,1.6442,-0.0020823,-1.1074,-1.0335,-0.5777,-0.716,-0.92909,0.94591,-0.54713,-1.7455,-0.73395,-0.090139,0.19311,1.1672,0.31107,-0.35464,-0.591,1.0109,1.632,1.4431,1.3231,1.4662,1.9448,0.2154,1.0064,0.042302,0.087652,-0.27443,0.47361,0.57123,0.73648,-0.60367,0.85723,0.90875,-0.20122,-0.14012,-1.1381,0.69102,-1.3941,-0.40145,0.37974,0.61275,1.0946,0.18869,-0.70054,-0.62006,-1.4229,-1.2356,0.040738,0.49473,-0.19942,-0.8758,0.25696,-0.4075,-0.2512,0.33518,-0.42607,1.4433,1.0985,0.68627,0.37989,-0.039367,0.76294,1.006,2.0762,1.3217,0.17512,0.24302,0.56703,-0.97814,1.0208,0.8377,0.24898,0.91626,1.3217,0.89052,1.8124,3.1238,2.0398,1.3974,0.71878,1.2898,-0.66624,-0.62433,0.050585,0.19206,0.77173,0.94766
0.4192,1.3508,1.0176,0.85983,0.071898,-0.017804,0.96977,2.6662,0.91028,0.54099,1.5269,0,-0.38026,-0.13838,-0.472,-0.22104,-0.30508,1.4899,0.4131,-0.59249,-0.53273,-0.14396,-0.25178,-0.48633,1.2191,-0.15,-0.90067,-0.26821,0.32953,0.47721,1.9569,0.54187,-0.34991,-0.63238,1.0828,1.1691,0.75195,0.67235,0.78625,1.1335,0.53897,1.6918,0.40781,0.52902,0.10422,0.96727,1.167,1.3518,-0.15472,0.86785,1.1567,0.18097,-0.56733,-0.71297,0.60439,-0.82181,-0.74936,0.60882,0.96536,0.79872,0.58201,-0.25966,-0.15999,-1.2778,-0.61812,0.45821,1.0552,-0.61975,-0.37145,0.68123,0.010052,0.16222,0.74402,-0.028332,1.8508,0.59359,1.2028,0.20031,-0.24072,0.28542,1.1056,1.1442,0.78306,0.50465,0.59141,0.62257,-0.70804,1.8131,1.2535,0.70034,1.0762,1.5402,1.2766,1.1475,1.5456,1.0385,0.84856,0.5483,0.66405,-0.1974,-0.1739,0.4273,0.62592,0.44751,1.3679
-0.54005,-0.51759,-0.86168,-0.90484,-0.47638,0.55641,-0.59972,-0.248,-0.6454,0.56379,-0.48938,-0.38026,0,1.7933,1.0181,0.60577,0.81974,-0.2048,-0.095389,0.34472,0.91571,0.63137,0.60077,1.067,-0.94258,0.89932,0.52279,0.67485,0.36784,0.7554,-0.11466,0.72617,2.1642,1.8019,0.19106,-0.096751,-0.40766,-0.49985,-0.74463,-0.79782,0.58675,-0.57871,0.62963,0.25693,0.72742,-0.071786,-0.1202,0.035614,0.55515,0.33334,0.21395,-0.059776,0.20938,1.1777,-0.63638,0.8773,-0.40313,-1.0574,-0.83878,-1.4454,-0.43162,0.78238,0.33951,1.0078,0.58453,0.39109,-0.15267,0.33547,0.38942,0.066506,0.35945,-0.0060372,0.29684,0.77553,-0.72504,-0.9665,-0.53591,0.64468,0.921,-0.29847,0.20676,-0.66444,-0.96318,0.66299,0.51719,0.5852,1.4231,-0.50363,-0.80197,0.23546,-1.1722,-0.1419,0.093795,-0.77315,-0.53498,-0.58622,-1.0059,-2.2022,-0.53399,0.45984,0.59262,-0.25259,-0.1324,-1.5171,-0.74321
-0.22196,-0.41351,-0.46101,-0.49077,-0.24569,0.33226,-0.25042,-0.023044,-0.63132,0.60444,-0.16184,-0.13838,1.7933,0,0.61198,0.31842,0.48965,0.071154,-0.22472,0.026355,0.52232,0.36279,0.30653,0.6437,-0.72323,0.60542,0.17217,0.371,0.25371,0.8739,0.09625,0.93719,2.2692,1.4561,0.4772,0.221,-0.069827,-0.15812,-0.36588,-0.41326,0.65144,-0.40766,0.60979,0.20285,0.55098,-0.032956,-0.049653,0.17529,0.29587,0.66542,0.467,-0.25134,0.3029,0.71004,-0.41775,0.48726,-0.51062,-1.1195,-0.76511,-0.8777,-0.53473,0.4672,0.076977,0.63693,0.24035,0.33746,-0.11326,0.41919,0.087843,0.047971,0.14322,-0.20213,0.34446,0.54176,-0.44602,-0.55547,-0.44236,1.0949,1.2788,-0.022046,0.50338,-0.30932,-0.54923,0.73364,0.5779,0.95823,0.87933,-0.32971,-0.64761,0.23744,-0.87976,0.12027,0.31315,-0.39721,-0.20388,-0.23028,-0.57186,-1.3036,-0.18974,0.18715,0.31809,-0.38635,-0.19829,-0.96237,-0.56651
-1.6937,-0.2214,-1.5323,-1.8123,-1.2932,1.2758,-1.339,-0.35463,-0.16939,0.60907,-0.9246,-0.472,1.0181,0.61198,0,1.6788,2.0053,-0.54855,0.44254,1.108,2.9956,1.5801,1.689,3.2466,-0.59432,1.8322,1.3396,1.899,0.82497,0.57686,-0.23456,0.4209,0.70848,0.74993,-0.18948,-0.60557,-1.2475,-1.4686,-1.8178,-1.3652,0.53269,-0.38007,0.7704,0.6086,1.2188,0.1478,0.089372,0.049571,1.5142,-0.12076,-0.074262,0.53679,-0.28701,1.9269,-0.6729,1.7018,-0.33441,-0.32382,-0.32692,-1.5283,0.12046,2.0357,1.2109,1.0133,1.7139,0.71135,0.12055,-0.17969,1.3037,0.34003,1.0571,0.65006,0.38438,1.5183,-0.68161,-2.7924,-0.20389,-0.066253,0.13611,-1.148,-0.16973,-1.2468,-1.8774,0.61136,0.5015,0.090996,1.4684,-0.34178,-0.42849,0.46195,-0.70693,-0.38719,-0.080274,-1.26,-0.94538,-1.31,-1.8306,-1.2633,-1.503,1.4284,1.6085,0.2804,0.29523,-1.9652,-0.47283
-2.0967,0.10793,-1.013,-1.1947,-1.7934,2.0811,-1.0214,-0.12976,0.19125,0.73935,-0.67852,-0.22104,0.60577,0.31842,1.6788,0,2.2718,-0.37769,0.88366,1.3109,1.7118,2.9938,3.8901,1.6191,-0.20909,1.9756,1.1639,2.8897,1.2767,0.60973,-0.034807,0.4266,0.35096,0.34513,-0.13584,-0.55371,-1.2706,-1.4842,-1.3392,-0.92413,0.6622,-0.053138,0.91851,0.95088,1.5548,0.45946,0.36377,0.25446,2.1108,-0.14398,0.0087707,1.018,-0.68991,1.0997,-0.57113,1.101,-0.48886,0.019081,0.023718,-0.88512,0.49444,2.6467,2.11,0.56552,1.5998,0.99506,0.43148,-0.55208,1.8396,0.6822,1.8411,1.1468,0.61877,1.8431,-0.34966,-1.5206,0.10296,-0.29828,-0.18695,-1.5198,-0.13881,-0.8818,-1.1539,0.68707,0.65382,0.02259,0.9305,-0.045083,-0.071806,0.75533,-0.31513,-0.27632,0.015388,-0.89791,-0.68324,-1.0284,-1.1191,-0.73151,-1.5202,2.5644,3.5876,0.6932,0.6899,-1.1618,-0.11087
-1.7314,-0.032364,-1.1575,-1.3934,-1.3721,1.8506,-1.0358,-0.19295,0.033602,0.71317,-0.73784,-0.30508,0.81974,0.48965,2.0053,2.2718,0,-0.37163,0.67095,1.2777,1.9772,2.2905,2.3147,2.0415,-0.35162,2.1936,1.1779,2.2137,1.0928,0.66036,-0.078182,0.49554,0.53677,0.53442,-0.090231,-0.51765,-1.2161,-1.4287,-1.432,-1.0519,0.70187,-0.17919,0.88341,0.79385,1.5425,0.36994,0.23766,0.18722,1.5941,-0.0868,0.030656,0.81341,-0.50177,1.2815,-0.7714,1.1887,-0.50849,-0.17113,-0.15014,-1.1226,0.30214,2.9233,1.511,0.70713,1.513,0.8577,0.29737,-0.35751,1.5302,0.59839,1.5068,0.85054,0.5928,1.7352,-0.48914,-1.7425,-0.060865,-0.14722,-0.012233,-1.1758,-0.1131,-0.94272,-1.2851,0.69435,0.66921,0.10002,1.2397,-0.17715,-0.22504,0.6618,-0.4958,-0.33718,-0.029833,-1.0663,-0.76462,-1.0759,-1.3026,-0.94374,-1.5239,1.7229,2.1171,0.52181,0.53417,-1.4277,-0.23653
0.64689,0.75469,1.0472,0.88413,0.33521,-0.13134,1.2847,1.575,0.49766,0.40993,1.6442,1.4899,-0.2048,0.071154,-0.54855,-0.37769,-0.37163,0,0.12868,-0.71501,-0.63276,-0.27714,-0.40524,-0.53544,0.81248,-0.2393,-1.1335,-0.4372,0.13489,0.48154,1.5555,0.63164,-0.12393,-0.35889,1.5746,1.7801,0.99822,0.88761,0.93858,1.1494,0.54368,0.9723,0.27358,0.26885,0.011453,0.72245,0.67344,0.96487,-0.38989,1.164,1.3924,-0.036228,-0.24265,-0.74989,0.30026,-0.98006,-0.77384,0.22163,0.4935,0.66942,0.20254,-0.36978,-0.39165,-1.0376,-0.85215,0.22757,0.61744,-0.23586,-0.59705,0.52372,-0.14401,-0.14049,0.66089,-0.16273,1.0905,0.68772,0.59267,0.51496,0.066614,0.62738,1.319,1.3665,0.88926,0.42539,0.54901,0.84082,-0.52514,0.93955,0.72715,0.48918,0.65418,1.1676,0.97705,1.0037,1.4692,1.2559,0.87983,0.42106,0.82319,-0.41975,-0.3416,0.17411,0.3535,0.43784,0.90421
-0.71894,0.96765,-0.127,-0.22487,-0.96235,1.0733,-0.21919,0.44989,1.1702,0.72878,-0.0020823,0.4131,-0.095389,-0.22472,0.44254,0.88366,0.67095,0.12868,0,0.61382,0.44775,0.92392,0.85987,0.41192,0.60323,0.69649,0.33604,0.77587,1.3893,0.48237,0.48027,0.34306,-0.30147,-0.40346,0.11327,-0.13085,-0.479,-0.52169,-0.33414,-0.082188,0.64776,0.73785,0.78431,1.3561,0.90283,1.2561,1.0878,0.74735,0.88941,-0.012987,0.27479,1.8895,-2.4653,0.15794,-0.069657,0.19116,-0.6633,0.80192,0.88956,-0.0090215,1.7027,0.72859,1.1384,-0.23138,0.52286,1.1252,1.3076,-1.8954,0.81535,1.403,1.3232,1.9643,0.94191,0.82046,0.39591,-0.37232,0.9106,-0.58172,-0.84029,-0.84933,0.094784,-0.093733,-0.20237,0.60443,0.69485,-0.0075494,0.069738,0.70303,0.76917,1.2276,0.48426,0.16828,0.3385,-0.089024,0.0078581,-0.22096,-0.16867,0.059733,-0.5214,0.98978,0.92627,2.1426,2.164,-0.2288,0.69884
-1.5164,-0.12864,-1.1528,-1.2698,-0.90086,1.0689,-1.2059,-0.51477,0.068511,0.17456,-1.1074,-0.59249,0.34472,0.026355,1.108,1.3109,1.2777,-0.71501,0.61382,0,1.2406,1.1862,1.384,1.1093,-0.29471,0.93196,1.6484,1.2335,0.62076,0.098474,-0.42881,-0.036094,0.13102,0.23824,-0.55891,-1.088,-2.0409,-1.9532,-1.4042,-1.1412,0.19022,-0.28772,0.3032,0.3947,0.72544,0.15389,-0.027566,-0.17995,1.0179,-0.63007,-0.42784,0.91613,-0.44939,0.88744,-0.86349,1.0147,-0.069756,0.016239,-0.094284,-0.78769,0.34292,1.2001,1.3669,0.6571,1.5659,0.37974,0.078596,-0.33825,1.714,0.36032,1.1563,0.8511,0.1942,0.81315,-0.6147,-1.166,-0.16083,-0.62756,-0.33701,-1.1803,-0.64457,-1.0905,-1.0254,0.1356,0.1724,-0.43616,0.8689,-0.3442,-0.21945,0.27469,-0.3896,-0.83519,-0.50571,-1.2687,-1.1287,-1.3939,-1.0775,-0.49369,-2.1189,1.304,1.2196,0.58551,0.42906,-0.74384,-0.2473
-1.8817,-0.23762,-1.6745,-2.0107,-1.2954,1.245,-1.4971,-0.41663,-0.16249,0.5295,-1.0335,-0.53273,0.91571,0.52232,2.9956,1.7118,1.9772,-0.63276,0.44775,1.2406,0,1.5649,1.751,2.8684,-0.59618,1.679,1.5383,1.9452,0.78562,0.48667,-0.29831,0.33364,0.6287,0.69554,-0.27308,-0.71093,-1.4321,-1.6976,-2.1215,-1.4971,0.46182,-0.40582,0.68643,0.56809,1.1233,0.11438,0.051264,-0.0091728,1.5156,-0.21157,-0.15519,0.57051,-0.29205,1.9095,-0.69102,1.8342,-0.26801,-0.28977,-0.31958,-1.4886,0.13814,1.9823,1.2739,1.0401,1.9765,0.65169,0.091256,-0.18591,1.459,0.31289,1.0684,0.67546,0.32755,1.4019,-0.72551,-3.2642,-0.21832,-0.14557,0.078511,-1.2495,-0.25736,-1.3794,-2.0056,0.5237,0.43733,0.0012315,1.4278,-0.37597,-0.4346,0.41151,-0.70145,-0.4679,-0.15377,-1.3667,-1.0471,-1.4841,-1.9599,-1.1646,-1.7322,1.4945,1.6224,0.29843,0.28883,-1.7381,-0.48286
-1.7509,0.15847,-0.91064,-1.0871,-1.7188,2.5119,-0.88801,-0.047416,0.22392,0.84746,-0.5777,-0.14396,0.63137,0.36279,1.5801,2.9938,2.2905,-0.27714,0.92392,1.1862,1.5649,0,2.7685,1.546,-0.1653,2.1716,1.0162,2.4259,1.4301,0.71712,0.052465,0.52702,0.37568,0.34427,-0.038662,-0.44713,-1.1079,-1.2908,-1.1872,-0.82438,0.78621,0.004382,1.0374,1.0526,1.8075,0.54469,0.42974,0.3383,1.9511,-0.0551,0.10351,1.0403,-0.73149,1.0252,-0.57804,0.98816,-0.60225,0.014831,0.046403,-0.84457,0.51135,2.6028,1.9146,0.50285,1.3789,1.1003,0.49814,-0.57683,1.6199,0.78323,1.9809,1.1344,0.73556,2.0393,-0.29076,-1.3953,0.13899,-0.23425,-0.16049,-1.3459,-0.049394,-0.76948,-1.0478,0.79305,0.77425,0.10597,0.91424,0.010523,-0.032175,0.86533,-0.28699,-0.204,0.08843,-0.8135,-0.58794,-0.89885,-1.0235,-0.72824,-1.337,2.1912,3.1119,0.72585,0.75389,-1.1534,-0.058087
-2.176,0.084947,-1.0498,-1.2378,-1.7164,2.0012,-1.0563,-0.15994,0.17577,0.69591,-0.716,-0.25178,0.60077,0.30653,1.689,3.8901,2.3147,-0.40524,0.85987,1.384,1.751,2.7685,0,1.6411,-0.22511,1.8997,1.2189,2.8178,1.2196,0.57479,-0.064615,0.39678,0.34602,0.34954,-0.16387,-0.58903,-1.3357,-1.5619,-1.3895,-0.96186,0.63188,-0.076773,0.86923,0.9037,1.4806,0.4332,0.33041,0.22044,2.0069,-0.175,-0.021643,1.0171,-0.66902,1.1143,-0.60197,1.1254,-0.46009,0.0099546,0.0064141,-0.90214,0.47924,2.5896,2.1081,0.58638,1.6593,0.93998,0.40082,-0.53085,1.9455,0.6578,1.8109,1.1244,0.58692,1.7368,-0.37837,-1.5506,0.077332,-0.31591,-0.19097,-1.5319,-0.17175,-0.91582,-1.1785,0.64617,0.62302,-0.005928,0.95289,-0.073121,-0.09122,0.71543,-0.33311,-0.31499,-0.021126,-0.94031,-0.72104,-1.0737,-1.1502,-0.73192,-1.608,2.527,3.0955,0.68328,0.66747,-1.1572,-0.12816
-1.6012,-0.24582,-1.5536,-1.8595,-1.2155,1.2587,-1.3016,-0.36243,-0.19551,0.59868,-0.92909,-0.48633,1.067,0.6437,3.2466,1.6191,2.0415,-0.53544,0.41192,1.1093,2.8684,1.546,1.6411,0,-0.61926,1.8161,1.3251,1.8104,0.80299,0.58422,-0.23759,0.43484,0.74604,0.79106,-0.17489,-0.5923,-1.2284,-1.4418,-1.7912,-1.3884,0.55004,-0.40229,0.756,0.58386,1.2043,0.13694,0.06322,0.035793,1.4125,-0.11235,-0.068529,0.52244,-0.26154,1.937,-0.7356,1.6643,-0.34579,-0.3652,-0.36486,-1.6046,0.090511,1.9846,1.1581,1.0368,1.6275,0.67936,0.096745,-0.14535,1.2902,0.33696,1.0373,0.60671,0.38577,1.4647,-0.71616,-2.6928,-0.24024,-0.040984,0.16577,-1.0881,-0.16623,-1.2386,-1.8546,0.60591,0.51687,0.10217,1.5905,-0.37092,-0.45977,0.44674,-0.75344,-0.40839,-0.09615,-1.301,-0.95454,-1.3005,-1.8667,-1.3153,-1.4957,1.3633,1.5487,0.26146,0.2763,-2.0409,-0.48936
0.32986,1.6047,0.983,0.85296,0.10276,-0.038514,0.78535,1.0638,1.5649,0.16274,0.94591,1.2191,-0.94258,-0.72323,-0.59432,-0.20909,-0.35162,0.81248,0.60323,-0.29471,-0.59618,-0.1653,-0.22511,-0.61926,0,-0.29779,-0.63094,-0.28831,0.23594,0.037876,0.90291,0.052674,-1.0048,-1.459,0.41748,0.52155,0.45717,0.46249,0.70728,1.0237,0.17702,1.8705,0.086092,0.3745,-0.062739,0.87782,0.88568,0.73538,-0.18235,0.22332,0.46159,0.43893,-0.78803,-0.95184,0.51958,-0.89198,-0.35358,1.2974,1.7432,1.167,0.94986,-0.31618,-0.039752,-1.7352,-0.49441,0.24436,0.93762,-0.89599,-0.20835,0.64382,0.08255,0.35348,0.45404,-0.18186,1.6808,0.68164,1.3457,-0.33018,-0.84083,0.1528,0.37614,0.96011,0.89188,0.091293,0.22812,0.032355,-0.97229,1.5163,2.3432,0.47941,2.1191,0.66494,0.51495,0.95146,0.97706,0.77461,0.94605,1.1056,0.4642,-0.13513,-0.17626,0.75188,0.78329,0.7739,2.5735
-1.4638,0.061723,-0.95853,-1.1363,-1.5578,1.8452,-0.8669,-0.039427,0.073015,0.99002,-0.54713,-0.15,0.89932,0.60542,1.8322,1.9756,2.1936,-0.2393,0.69649,0.93196,1.679,2.1716,1.8997,1.8161,-0.29779,0,0.91846,2.071,1.3012,0.9074,0.074532,0.69971,0.61146,0.54867,0.064425,-0.33569,-0.93131,-1.1074,-1.1714,-0.85616,0.90451,-0.077569,1.2076,1.0015,2.0095,0.46127,0.38778,0.35945,1.7467,0.090132,0.19564,0.74427,-0.54383,1.2171,-0.56418,1.0759,-0.6703,-0.16041,-0.094575,-1.0332,0.33174,2.4647,1.3652,0.61223,1.2435,1.1245,0.42207,-0.40729,1.2563,0.67343,1.4105,0.84674,0.74539,2.5514,-0.35083,-1.5358,0.051405,-0.022759,0.052078,-1.1137,0.072405,-0.78072,-1.1626,0.9696,0.87772,0.27848,1.0858,-0.047744,-0.15355,0.8381,-0.42746,-0.12737,0.17728,-0.81623,-0.56205,-0.85241,-1.1295,-0.9928,-1.1457,1.6022,2.0223,0.50176,0.5805,-1.5267,-0.17209
-1.5984,-0.38698,-1.8825,-1.8796,-0.91691,0.82001,-2.2617,-0.79914,-0.20551,0.11542,-1.7455,-0.90067,0.52279,0.17217,1.3396,1.1639,1.1779,-1.1335,0.33604,1.6484,1.5383,1.0162,1.2189,1.3251,-0.63094,0.91846,0,1.2286,0.44329,0.051917,-0.68651,-0.090324,0.32088,0.48042,-0.73724,-1.3785,-2.5618,-2.4209,-2.2783,-1.8969,0.061144,-0.58474,0.25307,0.25387,0.6117,-0.12253,-0.20463,-0.35415,1.0438,-0.67737,-0.59331,0.53369,-0.18676,1.3376,-0.69355,1.6824,0.10649,-0.1837,-0.33225,-1.1302,0.10768,1.1513,1.0985,1.1028,2.119,0.28777,-0.13351,-0.11214,1.4664,0.075078,0.80851,0.60618,-0.013554,0.78841,-0.94223,-1.5595,-0.34827,-0.4704,-0.11754,-1.2429,-0.73462,-1.9748,-1.6225,0.094093,0.04606,-0.42723,1.0593,-0.59014,-0.50387,0.089691,-0.66759,-0.91841,-0.55781,-1.7333,-1.6952,-2.8246,-1.6534,-0.7531,-2.2456,1.1643,1.0902,0.25507,0.14069,-0.98211,-0.58373
-2.2453,0.046781,-1.1145,-1.2998,-1.9052,1.7712,-1.1283,-0.17538,0.11733,0.73374,-0.73395,-0.26821,0.67485,0.371,1.899,2.8897,2.2137,-0.4372,0.77587,1.2335,1.9452,2.4259,2.8178,1.8104,-0.28831,2.071,1.2286,0,1.1809,0.60903,-0.079129,0.4228,0.41482,0.41671,-0.16149,-0.57826,-1.293,-1.5292,-1.4687,-1.014,0.62956,-0.11681,0.91719,0.89954,1.4846,0.37649,0.31954,0.21757,2.3196,-0.14474,-0.018273,0.88249,-0.60115,1.2534,-0.53126,1.256,-0.44232,-0.036367,-0.037454,-0.98349,0.42434,2.745,1.8711,0.65376,1.7282,0.96637,0.37242,-0.48082,1.7935,0.58371,1.5522,1.0419,0.55333,1.8943,-0.40641,-1.7278,0.060074,-0.25764,-0.12523,-1.59,-0.14596,-0.98101,-1.3127,0.68869,0.62454,0.033871,0.98912,-0.094641,-0.1393,0.69056,-0.38209,-0.28039,0.01529,-0.94423,-0.73131,-1.1075,-1.249,-0.82824,-1.5384,2.3742,2.8261,0.5846,0.58993,-1.3023,-0.18766
-0.92788,0.63032,-0.35582,-0.47652,-1.3737,1.6754,-0.36575,0.42552,0.61974,1.3836,-0.090139,0.32953,0.36784,0.25371,0.82497,1.2767,1.0928,0.13489,1.3893,0.62076,0.78562,1.4301,1.2196,0.80299,0.23594,1.3012,0.44329,1.1809,0,1.0407,0.52272,0.80993,0.17229,0.04519,0.31311,-0.04192,-0.5323,-0.63618,-0.54924,-0.28797,1.2126,0.46647,1.5748,2.2059,1.8156,1.1249,1.022,0.88338,1.2954,0.25277,0.48996,1.1929,-1.2261,0.49844,-0.22607,0.45231,-1.064,0.29379,0.42583,-0.36359,0.88212,1.1879,1.2667,0.05265,0.69488,2.0353,1.1112,-1.0083,0.93497,1.4124,1.6241,1.3158,1.3516,1.5457,0.17158,-0.7016,0.59112,-0.15581,-0.29006,-0.92857,0.31423,-0.26184,-0.48976,1.2122,1.2653,0.34634,0.42225,0.48611,0.38476,1.7498,0.10776,0.22991,0.51753,-0.27101,-0.091744,-0.35191,-0.45292,-0.37425,-0.65107,1.2689,1.3687,1.0531,1.316,-0.67361,0.36335
-0.3739,0.37518,-0.15977,-0.25744,-0.64364,0.80057,-0.052333,0.6259,0.19472,2.0439,0.19311,0.47721,0.7554,0.8739,0.57686,0.60973,0.66036,0.48154,0.48237,0.098474,0.48667,0.71712,0.57479,0.58422,0.037876,0.9074,0.051917,0.60903,1.0407,0,0.79075,2.3976,0.6587,0.40038,0.92326,0.44929,-0.054099,-0.16667,-0.23323,-0.087382,2.0712,0.33368,1.8088,1.0909,1.1913,0.79774,0.79274,1.068,0.62695,0.97081,1.1162,0.34519,-0.45827,0.41067,-0.16572,0.25221,-1.6589,-0.16668,0.07131,-0.39263,0.24752,0.69032,0.44565,0.063266,0.25123,1.2499,0.7303,-0.35142,0.30594,0.8638,0.63182,0.38547,1.393,0.99482,0.17446,-0.4537,0.32376,0.54667,0.32004,-0.2874,0.95561,-0.015536,-0.31013,2.5383,1.9402,1.2199,0.44865,0.39578,0.14002,1.2345,-0.099867,0.5821,0.96317,-0.068351,0.16787,-0.024789,-0.29131,-0.60178,-0.19433,0.51519,0.65082,0.32261,0.57364,-0.70793,0.18107
0.25399,1.1653,0.70375,0.56861,-0.065693,0.18177,0.75344,2.6412,0.77824,0.82021,1.1672,1.9569,-0.11466,0.09625,-0.23456,-0.034807,-0.078182,1.5555,0.48027,-0.42881,-0.29831,0.052465,-0.064615,-0.23759,0.90291,0.074532,-0.68651,-0.079129,0.52272,0.79075,0,0.87897,-0.1082,-0.36754,1.4557,1.1748,0.58329,0.48823,0.54536,0.79663,0.8775,1.332,0.65959,0.71489,0.33483,1.1834,1.2757,1.8168,-0.00025883,1.1252,1.6746,0.2576,-0.60737,-0.44679,0.35022,-0.57746,-1.155,0.40059,0.73214,0.48276,0.53316,-0.047044,-0.027512,-0.88207,-0.43437,0.65696,1.1558,-0.59711,-0.22569,0.8983,0.1748,0.22057,1.0929,0.17938,1.2028,0.35143,0.98408,0.33705,-0.094985,0.19248,1.4076,0.86479,0.52616,0.79518,0.92719,0.88781,-0.38923,1.3904,0.95327,0.95945,0.72554,1.4069,1.4851,0.78096,1.1335,0.78637,0.55935,0.27517,0.46383,-0.045489,0.0084526,0.46313,0.71821,0.18942,1.0821
-0.20237,0.34369,-0.044195,-0.13652,-0.4362,0.61135,0.089349,0.70023,0.1401,1.5554,0.31107,0.54187,0.72617,0.93719,0.4209,0.4266,0.49554,0.63164,0.34306,-0.036094,0.33364,0.52702,0.39678,0.43484,0.052674,0.69971,-0.090324,0.4228,0.80993,2.3976,0.87897,0,0.68533,0.40613,1.1678,0.61929,0.09562,-0.015369,-0.09303,0.024539,1.8348,0.3387,1.3598,0.86464,0.93226,0.74026,0.71005,1.0535,0.42507,1.2276,1.3502,0.21225,-0.33664,0.2878,-0.15542,0.11868,-1.6797,-0.23654,0.026559,-0.30754,0.13806,0.5084,0.26747,-0.0060899,0.092754,0.97409,0.64127,-0.23593,0.14148,0.7689,0.46051,0.22026,1.2838,0.75566,0.21579,-0.30712,0.27218,0.72472,0.42904,-0.10551,1.1688,0.11084,-0.17902,1.8176,1.6923,1.548,0.37588,0.39333,0.12729,1.0465,-0.092359,0.66248,1.0196,0.02765,0.27561,0.1096,-0.17146,-0.53409,-0.049562,0.32953,0.45991,0.21496,0.46345,-0.57514,0.19319
-0.29923,-0.62091,-0.64597,-0.65601,-0.25382,0.31556,-0.41248,-0.23014,-0.83125,0.44057,-0.35464,-0.34991,2.1642,2.2692,0.70848,0.35096,0.53677,-0.12393,-0.30147,0.13102,0.6287,0.37568,0.34602,0.74604,-1.0048,0.61146,0.32088,0.41482,0.17229,0.6587,-0.1082,0.68533,0,2.0634,0.26137,0.03583,-0.19972,-0.27682,-0.50942,-0.60444,0.47389,-0.63346,0.47206,0.092809,0.4896,-0.19218,-0.21809,-0.014489,0.31865,0.43371,0.248,-0.28159,0.40719,0.88625,-0.51655,0.6518,-0.32379,-1.3651,-1.0085,-1.1191,-0.65019,0.50523,0.10604,0.89384,0.3527,0.22723,-0.27488,0.53542,0.15898,-0.081657,0.13073,-0.22614,0.18331,0.51912,-0.68255,-0.67894,-0.63747,0.90378,1.3043,-0.083673,0.28438,-0.49241,-0.71397,0.5497,0.40699,0.68198,1.0814,-0.54433,-0.90212,0.096188,-1.2018,-0.069587,0.11749,-0.58239,-0.39803,-0.3959,-0.7496,-1.6197,-0.30599,0.22068,0.34081,-0.46863,-0.31353,-1.0897,-0.81213
-0.35428,-0.91846,-0.85058,-0.82131,-0.22224,0.25537,-0.58846,-0.49977,-1.1042,0.2247,-0.591,-0.63238,1.8019,1.4561,0.74993,0.34513,0.53442,-0.35889,-0.40346,0.23824,0.69554,0.34427,0.34954,0.79106,-1.459,0.54867,0.48042,0.41671,0.04519,0.40038,-0.36754,0.40613,2.0634,0,0.016312,-0.17837,-0.33559,-0.39282,-0.64851,-0.82637,0.25023,-0.96279,0.27695,-0.0646,0.36692,-0.40158,-0.4453,-0.25793,0.30069,0.18003,-0.005119,-0.32253,0.54237,1.0312,-0.61358,0.81219,-0.095326,-1.6084,-1.3681,-1.3561,-0.78885,0.49277,0.11233,1.254,0.45374,0.066031,-0.49363,0.68316,0.21563,-0.25301,0.087507,-0.26663,-0.023544,0.43263,-1.0244,-0.76558,-0.91376,0.67904,1.1974,-0.12957,0.034771,-0.70343,-0.86704,0.31547,0.18903,0.39677,1.2452,-0.85084,-1.2993,-0.0933,-1.771,-0.30554,-0.12338,-0.79977,-0.63857,-0.58035,-0.92487,-1.7264,-0.41812,0.22446,0.32313,-0.56585,-0.46504,-1.0965,-1.1809
0.37605,0.53332,0.5652,0.46329,0.10299,0.074032,0.75336,1.2674,0.26776,0.74801,1.0109,1.0828,0.19106,0.4772,-0.18948,-0.13584,-0.090231,1.5746,0.11327,-0.55891,-0.27308,-0.038662,-0.16387,-0.17489,0.41748,0.064425,-0.73724,-0.16149,0.31311,0.92326,1.4557,1.1678,0.26137,0.016312,0,1.575,0.71536,0.58898,0.52684,0.6402,0.90847,0.65457,0.59013,0.43281,0.28154,0.69792,0.68023,1.1062,-0.13686,2.0677,2.4015,-0.056607,-0.18714,-0.30725,0.14872,-0.49715,-1.1289,-0.057104,0.2272,0.2447,0.075838,-0.086124,-0.23099,-0.52869,-0.5168,0.4467,0.5927,-0.14355,-0.39739,0.56594,-0.0028599,-0.11282,0.87943,0.12379,0.67317,0.30177,0.41811,0.85736,0.35381,0.42741,2.1928,0.76801,0.43004,0.81106,0.89147,1.5493,-0.15686,0.68769,0.40973,0.65584,0.28407,1.1675,1.2508,0.59973,0.93144,0.76906,0.42893,0.0092413,0.53881,-0.20832,-0.10251,0.081783,0.31459,0.041694,0.52992
0.83455,0.48292,1.0308,0.93114,0.45188,-0.32294,1.3021,1.1979,0.2216,0.34305,1.632,1.1691,-0.096751,0.221,-0.60557,-0.55371,-0.51765,1.7801,-0.13085,-1.088,-0.71093,-0.44713,-0.58903,-0.5923,0.52155,-0.33569,-1.3785,-0.57826,-0.04192,0.44929,1.1748,0.61929,0.03583,-0.17837,1.575,0,1.3552,1.1559,1.0345,1.1196,0.42002,0.66308,0.20343,0.11016,-0.11486,0.41137,0.47532,0.76694,-0.51224,1.4512,1.2899,-0.33393,0.017663,-0.68288,0.44142,-0.91733,-0.58786,0.022239,0.26827,0.58929,-0.04432,-0.50491,-0.62643,-0.80093,-1.0283,0.10987,0.38077,0.0027878,-0.85411,0.23882,-0.38106,-0.38424,0.43777,-0.2592,0.87524,0.73282,0.4078,0.81904,0.3173,0.81223,1.5515,1.2783,0.84589,0.38405,0.42359,1.0327,-0.51933,0.70141,0.4635,0.29259,0.45879,1.3472,1.0449,1.0775,1.4949,1.3855,0.85553,0.30172,1.0897,-0.61339,-0.50998,-0.12371,0.074142,0.40185,0.57182
1.7405,0.24732,1.4859,1.5523,0.98796,-0.92112,1.7572,0.6734,0.058773,-0.14173,1.4431,0.75195,-0.40766,-0.069827,-1.2475,-1.2706,-1.2161,0.99822,-0.479,-2.0409,-1.4321,-1.1079,-1.3357,-1.2284,0.45717,-0.93131,-2.5618,-1.293,-0.5323,-0.054099,0.58329,0.09562,-0.19972,-0.33559,0.71536,1.3552,0,2.8648,1.871,1.4826,-0.094558,0.43104,-0.27902,-0.33487,-0.65697,0.0070142,0.10561,0.27527,-1.1108,0.70865,0.5584,-0.70647,0.32546,-1.122,0.6777,-1.377,-0.056351,0.048691,0.18869,0.93606,-0.24841,-1.1932,-1.2901,-0.87091,-2.1059,-0.34692,0.022168,0.24676,-1.7381,-0.18714,-0.95627,-0.76388,-0.059293,-0.8177,0.75937,1.3972,0.22449,0.60064,0.25724,1.391,0.73426,1.529,1.3431,-0.10625,-0.085214,0.47354,-0.91683,0.45218,0.34751,-0.17136,0.50298,0.86931,0.52775,1.4493,1.4081,1.9926,1.3575,0.60932,2.5659,-1.3121,-1.1908,-0.40957,-0.27485,0.86169,0.41623
2.0791,0.21392,1.561,1.7027,1.1327,-1.0615,1.7668,0.5843,0.050266,-0.25179,1.3231,0.67235,-0.49985,-0.15812,-1.4686,-1.4842,-1.4287,0.88761,-0.52169,-1.9532,-1.6976,-1.2908,-1.5619,-1.4418,0.46249,-1.1074,-2.4209,-1.5292,-0.63618,-0.16667,0.48823,-0.015369,-0.27682,-0.39282,0.58898,1.1559,2.8648,0,2.1247,1.5104,-0.19896,0.39632,-0.39358,-0.42737,-0.79197,-0.054203,0.037053,0.18506,-1.2857,0.57272,0.4411,-0.73335,0.36162,-1.258,0.68389,-1.5026,0.04098,0.077007,0.18956,1.0308,-0.26203,-1.4111,-1.4279,-0.89033,-2.5927,-0.4504,-0.038531,0.27284,-1.9285,-0.25267,-1.0666,-0.80902,-0.14933,-0.97519,0.72792,1.6314,0.19299,0.50623,0.20474,1.4969,0.59728,1.519,1.4894,-0.21881,-0.18845,0.35238,-1.0121,0.40585,0.33907,-0.26023,0.52341,0.74622,0.41556,1.4485,1.303,1.9332,1.4913,0.70476,3.217,-1.5002,-1.3878,-0.42785,-0.32004,1.0055,0.40376
1.7565,0.38116,2.2704,2.5497,1.0577,-0.94702,2.1986,0.66801,0.25002,-0.27884,1.4662,0.78625,-0.74463,-0.36588,-1.8178,-1.3392,-1.432,0.93858,-0.33414,-1.4042,-2.1215,-1.1872,-1.3895,-1.7912,0.70728,-1.1714,-2.2783,-1.4687,-0.54924,-0.23323,0.54536,-0.09303,-0.50942,-0.64851,0.52684,1.0345,1.871,2.1247,0,2.0581,-0.21376,0.57439,-0.42059,-0.35549,-0.78727,0.06701,0.12948,0.22932,-1.2196,0.44782,0.40314,-0.49241,0.18093,-1.8109,0.69863,-2.2243,0.033075,0.28758,0.39059,1.4417,-0.068339,-1.4115,-1.132,-1.2312,-2.3541,-0.41739,0.078654,0.0948,-1.4362,-0.13059,-0.86677,-0.59034,-0.10159,-1.002,0.93203,2.2303,0.34136,0.28168,-0.02211,1.2425,0.50704,1.965,2.2466,-0.26955,-0.19339,0.21661,-1.3133,0.55211,0.54741,-0.19411,0.77071,0.71294,0.37868,1.7442,1.4603,2.2606,2.2522,1.0111,2.0708,-1.2691,-1.2603,-0.21659,-0.15266,1.3352,0.62236
1.1835,0.66876,3.2616,2.3527,0.7119,-0.64412,2.0925,0.96279,0.50352,-0.086176,1.9448,1.1335,-0.79782,-0.41326,-1.3652,-0.92413,-1.0519,1.1494,-0.082188,-1.1412,-1.4971,-0.82438,-0.96186,-1.3884,1.0237,-0.85616,-1.8969,-1.014,-0.28797,-0.087382,0.79663,0.024539,-0.60444,-0.82637,0.6402,1.1196,1.4826,1.5104,2.0581,0,-0.048046,0.89775,-0.21495,-0.10752,-0.53099,0.30553,0.38522,0.46247,-0.83192,0.51983,0.55327,-0.25367,-0.066454,-1.7417,0.77495,-2.0477,-0.13851,0.49249,0.65318,1.6376,0.16928,-1.005,-0.76412,-1.7344,-1.5194,-0.17596,0.3358,-0.15163,-1.0227,0.094876,-0.56847,-0.31953,0.10197,-0.70043,1.3692,1.6256,0.61723,0.18956,-0.17545,0.87553,0.62656,2.5458,2.0207,-0.096951,-0.017624,0.27138,-1.419,0.87174,0.85008,0.037882,1.0795,0.92739,0.56537,2.2912,1.9883,2.3055,2.2752,1.0891,1.5046,-0.8601,-0.86454,0.012806,0.091261,1.2035,0.93406
-0.39583,0.50752,-0.1163,-0.22902,-0.64508,0.92306,-0.011982,0.69893,0.35277,1.8128,0.2154,0.53897,0.58675,0.65144,0.53269,0.6622,0.70187,0.54368,0.64776,0.19022,0.46182,0.78621,0.63188,0.55004,0.17702,0.90451,0.061144,0.62956,1.2126,2.0712,0.8775,1.8348,0.47389,0.25023,0.90847,0.42002,-0.094558,-0.19896,-0.21376,-0.048046,0,0.45577,1.6581,1.2276,1.2598,1.0451,0.89116,1.15,0.62521,0.83112,1.1,0.53802,-0.63356,0.32089,-0.25517,0.18153,-2.252,-0.042074,0.18918,-0.30515,0.39535,0.7149,0.52715,-0.039321,0.25156,1.2805,0.87879,-0.48727,0.38402,1.1833,0.78199,0.50008,1.8803,0.9788,0.23955,-0.4114,0.40374,0.38117,0.15117,-0.31607,0.85219,0.033477,-0.24143,1.876,2.9877,0.97911,0.40459,0.4778,0.26416,1.488,0.0031574,0.51084,0.85135,-0.059117,0.18713,-0.010942,-0.2354,-0.45397,-0.23643,0.57027,0.70292,0.5212,0.78626,-0.59635,0.33178
0.20708,2.3907,0.825,0.69,-0.080589,0.13038,0.69564,1.5357,1.5868,0.47206,1.0064,1.6918,-0.57871,-0.40766,-0.38007,-0.053138,-0.17919,0.9723,0.73785,-0.28772,-0.40582,0.004382,-0.076773,-0.40229,1.8705,-0.077569,-0.58474,-0.11681,0.46647,0.33368,1.332,0.3387,-0.63346,-0.96279,0.65457,0.66308,0.43104,0.39632,0.57439,0.89775,0.45577,0,0.37881,0.6536,0.16728,1.2127,1.3638,1.1857,-0.002992,0.46099,0.75191,0.49349,-0.94587,-0.67266,0.52369,-0.68709,-0.64336,1.0537,1.6158,0.8346,1.028,-0.1335,0.071612,-1.3409,-0.3857,0.52588,1.376,-1.0416,-0.1246,0.88233,0.21512,0.45352,0.75019,0.046204,1.8421,0.47776,1.7698,-0.15512,-0.62955,0.051051,0.64133,0.86455,0.67012,0.3973,0.5177,0.28623,-0.72213,2.4857,2.1991,0.78936,1.5004,0.95106,0.86288,0.8857,1.0369,0.71885,0.73055,0.70256,0.39672,0.0026638,-0.011939,0.80528,0.97326,0.47422,2.2944
-0.65495,0.48332,-0.291,-0.3955,-1.0596,1.1233,-0.2474,0.53015,0.35238,2.6889,0.042302,0.40781,0.62963,0.60979,0.7704,0.91851,0.88341,0.27358,0.78431,0.3032,0.68643,1.0374,0.86923,0.756,0.086092,1.2076,0.25307,0.91719,1.5748,1.8088,0.65959,1.3598,0.47206,0.27695,0.59013,0.20343,-0.27902,-0.39358,-0.42059,-0.21495,1.6581,0.37881,0,1.6562,1.6353,0.90188,0.96785,1.0525,1.0074,0.61105,0.7838,0.60993,-0.72947,0.53372,-0.11976,0.41801,-1.3351,0.033672,0.221,-0.43292,0.49989,0.96475,0.77593,0.10551,0.49128,2.0482,0.92571,-0.61715,0.58025,1.0178,0.94559,0.73111,1.4003,1.428,0.16627,-0.63681,0.47262,0.22611,0.067255,-0.61528,0.64669,-0.1763,-0.46517,2.3251,1.7156,0.76843,0.45978,0.44999,0.23019,1.57,-0.026497,0.46659,0.83708,-0.16861,0.035731,-0.20559,-0.4213,-0.57292,-0.40603,0.85288,0.98506,0.55529,0.81078,-0.80031,0.22255
-0.69857,0.83181,-0.17409,-0.27986,-1.1697,1.1963,-0.20408,0.62354,0.75129,1.5649,0.087652,0.52902,0.25693,0.20285,0.6086,0.95088,0.79385,0.26885,1.3561,0.3947,0.56809,1.0526,0.9037,0.58386,0.3745,1.0015,0.25387,0.89954,2.2059,1.0909,0.71489,0.86464,0.092809,-0.0646,0.43281,0.11016,-0.33487,-0.42737,-0.35549,-0.10752,1.2276,0.6536,1.6562,0,1.3837,1.279,1.3758,1.1617,1.0551,0.37473,0.62937,1.0207,-1.3089,0.33669,-0.017309,0.29385,-1.1398,0.40249,0.57836,-0.19601,0.9855,0.88471,0.97898,-0.10189,0.49408,2.5174,1.4324,-1.1423,0.69951,1.4277,1.1852,1.1928,1.4487,1.2253,0.36131,-0.50121,0.81776,-0.10773,-0.31314,-0.77201,0.4663,-0.099169,-0.32259,1.3229,1.3343,0.4366,0.23075,0.70543,0.54662,2.1228,0.26223,0.44254,0.74682,-0.068799,0.0953,-0.17121,-0.27308,-0.24751,-0.42953,0.97927,1.0283,1.0172,1.3736,-0.50898,0.50868
-1.0933,0.29502,-0.61374,-0.75697,-1.3912,2.0024,-0.54993,0.21671,0.27434,1.3546,-0.27443,0.10422,0.72742,0.55098,1.2188,1.5548,1.5425,0.011453,0.90283,0.72544,1.1233,1.8075,1.4806,1.2043,-0.062739,2.0095,0.6117,1.4846,1.8156,1.1913,0.33483,0.93226,0.4896,0.36692,0.28154,-0.11486,-0.65697,-0.79197,-0.78727,-0.53099,1.2598,0.16728,1.6353,1.3837,0,0.76548,0.65418,0.64137,1.4425,0.27185,0.43402,0.86666,-0.7542,0.8164,-0.45057,0.70341,-1,-0.021723,0.097972,-0.70226,0.4937,1.6424,1.2379,0.33084,0.88041,1.5395,0.69456,-0.59198,1,1.0042,1.5264,0.94469,1.1289,2.291,-0.097509,-1.0287,0.25848,0.020712,-0.017363,-0.90818,0.27753,-0.46744,-0.76729,1.2939,1.2271,0.43262,0.78035,0.19217,0.070179,1.2465,-0.2023,0.084325,0.39055,-0.52175,-0.29205,-0.54109,-0.74376,-0.72987,-0.82682,1.3512,1.6364,0.67843,0.83696,-1.0896,0.066364
-0.24159,1.3606,0.24324,0.12142,-0.49512,0.72078,0.23603,1.084,1.2057,0.97455,0.47361,0.96727,-0.071786,-0.032956,0.1478,0.45946,0.36994,0.72245,1.2561,0.15389,0.11438,0.54469,0.4332,0.13694,0.87782,0.46127,-0.12253,0.37649,1.1249,0.79774,1.1834,0.74026,-0.19218,-0.40158,0.69792,0.41137,0.0070142,-0.054203,0.06701,0.30553,1.0451,1.2127,0.90188,1.279,0.76548,0,1.6046,1.4653,0.44038,0.49819,0.88225,0.9481,-1.398,-0.12783,0.011822,-0.18155,-1.2741,0.61809,0.91874,0.20722,1.098,0.39772,0.52548,-0.56481,0.06711,1.0811,1.8949,-1.2209,0.3008,2.1665,0.7837,0.83449,1.6518,0.57268,0.77249,-0.045114,1.071,-0.10062,-0.45719,-0.28289,0.62558,0.34581,0.14354,0.869,1.0968,0.44162,-0.0953,1.1369,1.0129,1.6849,0.64197,0.60604,0.78603,0.26349,0.4574,0.22616,0.16179,0.15452,-0.077339,0.46524,0.49843,1.2261,1.7528,-0.05675,1.0838
-0.19083,1.6039,0.31599,0.21361,-0.54857,0.54615,0.24979,1.2451,1.1996,1.0728,0.57123,1.167,-0.1202,-0.049653,0.089372,0.36377,0.23766,0.67344,1.0878,-0.027566,0.051264,0.42974,0.33041,0.06322,0.88568,0.38778,-0.20463,0.31954,1.022,0.79274,1.2757,0.71005,-0.21809,-0.4453,0.68023,0.47532,0.10561,0.037053,0.12948,0.38522,0.89116,1.3638,0.96785,1.3758,0.65418,1.6046,0,1.8679,0.45531,0.56488,0.88909,0.70672,-1.2681,-0.14359,0.35818,-0.17938,-1.0317,0.72834,1.0771,0.28186,1.1401,0.30336,0.44143,-0.60418,0.017343,1.2128,2.6178,-1.3016,0.21181,1.2639,0.58658,0.79401,1.2446,0.54034,0.96852,0.0046079,1.5671,-0.068812,-0.44106,-0.31427,0.73675,0.3721,0.15959,0.93762,0.98676,0.4931,-0.24519,1.5245,1.1287,1.521,0.76465,0.9215,1.155,0.42709,0.58986,0.29562,0.21735,0.17854,0.041542,0.40759,0.41614,0.93933,1.317,-0.026217,1.0577
