,,,,,,,,,,,,,,,,,,,,,,,,,,,,,,,,,,,,,,,,,,,,,,,,,,,,,,,,,,,,,,,,,,,,,,,,,,,,,,,,,,,,,,,,,,,,,,,,,,,,,,,,
0,0.73048,0.4186,0.33447,1.0557,0.12648,0.97084,0.2701,0.24389,-0.031198,0.26748,-0.30683,0.024349,0.13018,0.23855,-0.24148,0.26151,0.48875,0.27075,0.49523,0.49151,-0.063856,0.49702,0.77757,0.66497,0.052394,0.39723,0.034086,0.50884,0.48838,0.041514,0.19754,0.10085,0.1448,0.075139,0.12778,-0.003001,0.34117,0.6372,0.37283,1.2471,0.32424,0.95238,0.76352,-0.13584,-0.14543,0.34692,0.13049,0.49743,0.092329,0.084017,0.28332,1.3671,0.60536,0.54923,0.84652,0.74725,0.44164,0.082306,0.55093,-0.23715,0.82948,0.34113,0.31145,0.13387,0.42393,0.13171,0.34581,-0.074819,0.032785,0.15843,0.02512,-0.010685,0.00048165,-0.16072,0.68258,-0.065278,0.40289,0.52431,-0.035746,-0.025266,0.24838,0.19207,0.65341,0.58743,0.67811,0.514,0.20584,0.31861,0.20615,-0.013919,0.90675,0.46278,0.64268,0.07068,0.29092,0.14555,0.62593,0.49974,0.33634,0.31829,0.12125,0.079295,0.43413,0.5748
0.73048,0,0.07068,0.066073,0.59728,0.97978,0.26874,0.64456,0.38568,0.26576,0.017985,-0.088975,0.19608,0.38701,0.33561,0.17574,0.15579,0.21411,0.20061,0.058534,0.41462,0.008947,0.59506,0.82063,0.28252,0.4288,0.47073,0.49639,0.62513,0.61701,0.22917,0.38415,0.46284,0.35742,0.35512,0.65487,-0.18186,-0.00043017,0.011323,0.024897,0.48882,0.30603,0.8198,0.9383,0.27678,0.43489,0.50124,0.50309,0.74239,0.064935,0.40497,0.0063333,0.34499,0.6511,0.076533,0.40679,0.56573,0.38262,0.45314,0.097307,0.087187,0.66565,0.074907,0.25783,0.27668,0.6897,0.40742,0.13398,-0.0361,0.028041,0.16842,0.23453,0.23087,0.30007,0.39559,0.11315,0.33433,0.45604,0.32622,-0.18996,-0.14127,-0.084005,-0.14657,0.55597,0.37583,0.27537,0.0784,0.39003,0.4287,0.59413,0.56049,0.62002,0.69059,0.2687,0.38376,0.10386,0.10694,0.41873,0.35453,0.32553,0.5749,0.13348,0.095281,0.3578,0.56095
0.4186,0.07068,0,1.6312,0.13914,-0.058849,0.38047,0.3757,0.29214,0.19277,0.11714,0.17947,-0.10453,-0.021633,0.4059,0.15197,0.64423,0.9048,0.47095,0.39662,0.62026,0.44272,0.63061,0.57347,0.31354,0.20108,0.23611,0.10624,0.1641,0.24713,-0.037662,0.31059,-0.13273,-0.096743,-0.23223,-0.19895,0.13192,0.28235,0.45073,0.44063,0.36731,0.38743,0.079686,0.084707,-0.35577,-0.29334,0.45664,0.32399,0.3126,0.23633,0.24073,0.87536,0.44371,0.21942,0.72714,0.11967,0.12435,0.20154,-0.19387,1.107,0.46459,0.33003,0.27073,0.70811,0.50606,0.3738,0.41851,0.49648,0.42612,0.27964,0.2451,-0.0021178,0.13428,0.081278,-0.068587,0.46722,0.19613,0.85085,1.0234,0.60554,0.43921,0.87226,1.077,1.0235,1.0876,1.1324,0.67283,0.41795,0.33758,-0.13657,-0.12901,0.58749,0.48491,0.38007,0.22618,0.82399,0.73233,0.3744,0.68605,0.77835,0.48521,0.495,0.70908,0.58236,0.56961
0.33447,0.066073,1.6312,0,0.20102,0.098225,0.40529,0.56564,0.41673,0.39706,0.25968,0.47942,-0.18539,0.030649,0.51452,0.3453,0.88458,1.0909,0.42686,0.43347,0.72143,0.6379,0.68268,0.49647,0.46501,0.28018,0.26702,0.076347,0.32047,0.39328,0.19594,0.58005,-0.12856,-0.018274,-0.17725,-0.05522,0.054581,0.37623,0.53488,0.57757,0.36907,0.60741,0.11844,0.12667,-0.33937,-0.13995,0.32352,0.29083,0.33119,0.079227,0.21838,1.2659,0.35683,0.28266,0.75905,0.034763,0.12147,0.19783,-0.14814,1.1137,0.56619,0.39357,0.45253,0.69858,0.67593,0.38402,0.57021,0.67651,0.69341,0.57321,0.53291,0.16509,0.44736,0.22511,0.046161,0.20128,0.096628,0.68837,0.93933,0.65917,0.63128,0.98698,1.3951,0.87577,0.99356,1.0467,0.78433,0.35854,0.31524,-0.048835,-0.17813,0.53497,0.48724,0.25153,0.27943,0.69408,0.71655,0.14683,0.52438,0.80382,0.35986,0.6256,0.84033,0.41843,0.47264
1.0557,0.59728,0.13914,0.20102,0,0.3348,0.77521,0.17143,0.22963,0.039291,0.43324,-0.18395,0.10335,0.19481,0.32304,-0.12054,0.35701,0.41431,0.23578,0.48624,0.5783,0.1018,0.50431,0.59388,0.98879,0.01823,0.51274,-0.042232,0.74037,0.71196,0.26887,0.23147,0.3573,0.49999,0.45157,0.45023,0.13744,0.59903,0.73117,0.61166,1.0474,0.49447,1.1491,0.76914,0.11495,0.051241,0.19703,0.049155,0.61752,0.041576,0.0072685,0.26485,0.87307,0.45957,0.41609,0.76704,0.92672,0.49007,0.27352,0.32948,-0.25694,0.82431,0.49013,0.281,0.23485,0.35014,0.1763,0.27589,-0.064886,0.19317,0.46971,0.24912,0.18099,0.16925,0.055353,0.38502,-0.17948,0.24297,0.37417,0.004409,0.054414,0.17582,0.15947,0.36806,0.28372,0.52737,0.57026,0.13692,0.34542,0.3047,0.046166,0.60695,0.23306,0.30443,-0.021251,0.04225,-0.05672,0.37162,0.11883,0.25604,0.082326,0.27358,0.15234,0.00033503,0.19696
0.12648,0.97978,-0.058849,0.098225,0.3348,0,-0.051773,0.78418,0.46439,0.55686,0.12754,0.35284,0.30043,0.52776,0.38774,0.50492,0.25362,0.18365,0.04483,-0.045505,0.36807,0.23657,0.5375,0.47572,0.16689,0.54728,0.44122,0.51115,0.59646,0.55761,0.58523,0.60928,0.72395,0.61512,0.57814,1.0865,-0.097585,0.050189,-0.14297,0.055306,0.066356,0.31482,0.39748,0.51464,0.32805,0.6989,0.3518,0.56209,0.66843,0.0049274,0.46682,0.084815,-0.12494,0.4479,-0.116,-0.073042,0.21846,0.18749,0.44663,-0.049291,0.36946,0.37846,-0.018412,0.18739,0.39709,0.65189,0.65185,0.20785,0.24368,0.2596,0.39205,0.39373,0.58436,0.53041,0.67092,-0.40409,0.27242,0.40016,0.15734,-0.087254,0.0046124,-0.13563,-0.07497,0.29277,0.23766,0.050094,0.010324,0.40085,0.44275,0.68805,0.53801,0.39512,0.65381,0.029884,0.62727,0.065173,0.17886,0.06524,0.070517,0.35564,0.42568,0.37837,0.28752,0.093264,0.35751
0.97084,0.26874,0.38047,0.40529,0.77521,-0.051773,0,0.36801,0.32577,0.094126,0.78035,0.0037713,-0.27959,-0.088057,0.10049,-0.12376,0.27558,0.53936,0.2082,0.45911,0.31248,-0.078197,0.18374,0.30512,0.66015,-0.20788,0.1327,-0.38387,0.27993,0.45022,0.35329,0.29778,-0.064558,0.019046,0.15098,0.076235,0.27384,0.70681,1.3554,0.69136,1.0435,0.42742,0.55437,0.47981,-0.32967,-0.26056,0.0047024,-0.14152,0.13377,-0.206,-0.2111,0.39835,1.0616,0.37683,0.54969,0.54813,0.43483,0.1599,-0.19286,0.7534,-0.12958,0.52055,0.61164,0.28509,0.26273,0.089114,-0.075669,0.50025,0.10699,0.14169,0.22766,-0.10731,0.028569,-0.31193,-0.46039,0.42278,-0.19721,0.029749,0.49006,-0.14324,-0.059783,0.37633,0.38003,0.40067,0.3321,0.70272,0.64972,-0.06197,0.11554,-0.038952,-0.35697,0.45404,0.19188,0.54969,0.05519,0.10198,0.017398,0.097444,0.22451,0.34125,0.13935,0.15909,0.1944,0.30486,0.41046
0.2701,0.64456,0.3757,0.56564,0.17143,0.78418,0.36801,0,0.94832,0.93718,0.35,0.57882,-0.21574,0.037602,0.52245,0.70788,0.48622,0.39941,0.14081,0.092657,0.59169,0.35948,0.56887,0.53224,0.25338,0.51471,0.49793,0.41474,0.54843,0.69133,0.61275,0.92279,0.11328,0.017936,0.048275,0.32791,-0.23245,0.044719,0.17836,0.15364,0.39837,0.57148,0.34094,0.60193,-0.28709,0.1469,0.39748,0.54789,0.39977,-0.33361,0.11497,0.44017,0.16395,0.58683,0.28376,0.086531,0.22644,0.20605,0.081516,0.51248,0.69875,0.47272,0.29784,0.44139,0.73752,0.55335,0.65383,0.66517,0.69388,0.55405,0.5449,0.21396,0.6402,0.21074,0.25436,-0.16813,0.45305,0.34223,0.46673,-0.12585,0.020961,0.17869,0.28635,0.64349,0.56701,0.40334,0.22876,0.40615,0.39806,0.15944,0.034996,0.42624,0.70636,0.10485,0.46874,0.21038,0.28963,-0.13133,0.21331,0.69125,0.56045,0.3879,0.45908,0.36641,0.51177
0.24389,0.38568,0.29214,0.41673,0.22963,0.46439,0.32577,0.94832,0,1.2333,0.33836,0.64345,-0.22686,0.092039,0.76367,0.61927,0.64945,0.50173,0.30898,0.33479,0.77461,0.66976,0.58994,0.31564,0.5532,0.86458,0.64397,0.41709,0.78684,0.77913,0.60304,1.0633,0.079394,0.15152,-0.094226,0.1589,-0.33496,0.10882,0.25761,0.3092,0.42422,0.82748,0.50386,0.80227,-0.34078,0.01051,0.47161,0.59445,0.49556,-0.56074,-0.22937,0.27653,0.20179,0.43731,0.66799,0.28712,0.43368,0.34544,0.18834,0.43286,0.5154,0.61356,0.21836,0.42887,0.37783,0.53427,0.709,0.91092,0.94467,0.93384,0.85277,0.46767,0.81776,0.35229,0.24496,0.080022,0.42051,0.34198,0.40289,-0.055543,0.12657,0.088348,0.21369,0.62728,0.51343,0.36235,0.27938,0.39844,0.47686,0.30443,0.07407,0.41796,0.4287,-0.21513,0.063232,-0.034025,-0.057372,-0.16295,-0.1818,0.40992,0.10572,0.022741,0.14885,0.03733,0.16502
-0.031198,0.26576,0.19277,0.39706,0.039291,0.55686,0.094126,0.93718,1.2333,0,0.41601,0.9294,-0.35938,-0.012384,0.79949,0.9665,0.69082,0.4132,0.32008,0.14798,0.63154,0.72516,0.46502,0.17618,0.33205,0.86864,0.47733,0.34914,0.66831,0.55014,0.52227,1.1529,-0.04132,0.045537,-0.11517,0.1762,-0.3934,-0.022234,0.13845,0.16157,0.14292,0.65586,0.22383,0.46064,-0.30474,0.066874,0.37514,0.42807,0.3402,-0.69786,-0.23477,0.31954,-0.058012,0.31335,0.49886,-0.0025211,0.13762,0.27455,0.20631,0.26905,0.59852,0.31318,0.13347,0.22476,0.43934,0.4178,0.75308,0.78055,1.265,1.0283,0.84081,0.48638,0.93432,0.50485,0.30111,-0.1021,0.44859,0.21381,0.30294,0.079247,0.30016,0.15941,0.28249,0.48416,0.37252,0.23162,0.20137,0.46243,0.42075,0.33895,0.096498,0.10072,0.30363,-0.27728,0.21208,-0.053111,-0.084124,-0.47283,-0.34506,0.20633,0.019087,0.12239,0.23653,-0.0031223,0.057446
0.26748,0.017985,0.11714,0.25968,0.43324,0.12754,0.78035,0.35,0.33836,0.41601,0,0.3136,-0.18381,-0.12669,0.081495,0.12014,0.18573,0.32452,-0.075382,0.14192,0.12139,-0.036409,-0.0017293,0.043496,0.30835,-0.17048,0.13535,-0.32188,0.29282,0.27455,0.74541,0.41756,0.12903,0.16637,0.42424,0.31546,0.32189,0.52863,0.75543,0.36613,0.37153,0.12546,0.17768,0.10745,-0.29459,-0.1225,-0.13799,-0.29296,0.02949,-0.44382,-0.35458,0.32877,0.38823,0.18673,0.2349,-0.031284,-0.01666,-0.067207,-0.25513,0.41087,0.04121,0.13993,0.30259,-0.15349,0.071294,0.0068915,0.00079602,0.63447,0.38522,0.2944,0.28547,-0.077044,0.17964,-0.13767,-0.35704,-0.047017,-0.26589,-0.18936,0.1211,-0.24677,-0.061402,0.092872,0.226,0.074685,0.12513,0.21225,0.31014,-0.058587,0.051149,0.040345,-0.37269,0.17334,0.15928,0.44654,0.31257,0.12812,-0.0001245,-0.26536,-0.11647,0.091379,-0.11166,0.283,0.26467,0.16819,0.2821
-0.30683,-0.088975,0.17947,0.47942,-0.18395,0.35284,0.0037713,0.57882,0.64345,0.9294,0.3136,0,-0.28944,0.26013,0.43186,0.81745,0.5163,0.53657,0.12612,0.082556,0.23215,0.69511,0.14696,-0.23036,0.23737,0.46432,-0.036524,0.02228,0.2684,0.2022,0.67409,0.92995,-0.093336,0.13289,-0.044566,0.22612,-0.17764,0.20075,0.1424,0.33894,-0.22599,0.56342,-0.087348,0.04583,-0.057843,0.34831,-0.1112,0.12649,0.086376,-0.45037,0.0033939,0.48036,-0.27999,0.15859,0.34541,-0.45359,-0.23044,-0.095202,0.032007,0.27411,0.63441,0.076676,0.14541,0.1752,0.30314,0.091504,0.47433,0.55437,1.0946,0.85179,0.62032,0.51201,1.0615,0.39741,0.2996,-0.47609,0.063199,0.082833,0.12392,0.31391,0.51259,0.26883,0.4549,0.082641,0.11608,0.06767,0.17586,0.03989,0.057354,0.3328,0.011691,-0.05368,0.11452,-0.30604,0.36173,-0.017775,0.14719,-0.53992,-0.22394,0.16423,-0.17965,0.10699,0.2492,-0.14698,-0.010039
0.024349,0.19608,-0.10453,-0.18539,0.10335,0.30043,-0.27959,-0.21574,-0.22686,-0.35938,-0.18381,-0.28944,0,0.80585,-0.22443,-0.29381,-0.074964,-5.4634e-05,-0.15792,-0.014883,-0.10908,-0.29115,0.060552,0.085915,-0.1183,0.069718,-0.049158,0.060817,-0.1462,-0.086616,0.11379,-0.1373,1.2078,0.8896,0.50121,0.41969,0.53206,0.22454,-0.23674,-0.028322,-0.22864,-0.3541,-0.04411,-0.19212,0.42734,0.4411,0.19829,0.32453,0.064145,0.88929,0.65755,-0.26776,-0.15865,-0.057392,-0.37593,-0.1885,-0.014161,-0.11783,0.079713,-0.38777,-0.17547,-0.11233,-0.46562,-0.061419,-0.3342,0.43988,0.20335,-0.12954,-0.32732,-0.25106,-0.14507,-0.01277,-0.073807,0.11492,0.22444,-0.20014,-0.27614,0.33612,-0.16115,0.025926,-0.13852,-0.25323,-0.22247,-0.073701,0.11328,-0.11916,-0.10027,0.04784,0.1014,0.40658,0.57822,0.43811,0.42447,0.20032,0.22933,0.2618,0.4215,0.57437,0.2719,0.11554,0.19551,0.24718,0.0218,0.095899,0.24437
0.13018,0.38701,-0.021633,0.030649,0.19481,0.52776,-0.088057,0.037602,0.092039,-0.012384,-0.12669,0.26013,0.80585,0,-0.015089,-0.070577,0.15728,0.43902,0.077547,0.14314,-0.0039853,0.045398,0.14358,-0.050349,0.23904,0.3292,-0.18619,-0.039734,0.073644,0.04413,0.40621,0.32965,0.74494,1.1096,0.42888,0.68036,0.25287,0.39793,0.00036763,0.3488,-0.1877,0.15194,0.18626,0.11263,0.59649,0.91714,0.11644,0.38723,0.19686,0.50976,0.79122,-0.080877,-0.15091,0.089872,-0.02772,-0.22993,0.056853,-0.0076929,0.37286,-0.21538,-0.10267,0.15927,-0.3034,0.13725,-0.19732,0.47785,0.39599,0.10352,0.011642,0.092048,0.1342,0.46323,0.42864,0.40266,0.43994,-0.26081,-0.30203,0.49093,0.034197,0.32184,0.28432,-0.024809,0.025008,0.04048,0.14502,0.012066,0.10941,0.083608,0.21164,1.1159,0.82487,0.44716,0.35974,0.04971,0.39362,0.036855,0.30175,0.32303,0.16098,0.1054,-0.0068737,0.075082,-0.018394,-0.035048,0.23613
0.23855,0.33561,0.4059,0.51452,0.32304,0.38774,0.10049,0.52245,0.76367,0.79949,0.081495,0.43186,-0.22443,-0.015089,0,1.0026,0.7443,0.51405,0.49634,0.1698,1.394,1.1835,0.78232,0.44261,0.60118,0.75764,0.77521,0.53553,0.85715,0.61012,0.053668,0.49529,0.005537,0.09556,-0.086867,0.1235,-0.35356,0.14443,0.16576,0.24848,0.35424,0.74473,0.54541,0.60708,-0.057302,0.0083562,0.55239,0.44423,0.81072,-0.33114,-0.11957,0.54101,0.3376,0.78761,0.88903,0.31808,0.49168,0.65562,0.39159,0.54758,0.59822,0.6962,0.3297,0.5338,0.5752,0.4749,0.78942,0.30367,0.54151,0.71427,0.8402,0.72659,0.67807,0.69441,0.60402,0.25771,0.61828,0.42208,0.49486,0.32027,0.27858,0.29728,0.34355,0.62573,0.40918,0.46693,0.21211,0.54667,0.50888,0.28548,0.10871,0.21436,0.1836,-0.30026,0.0072891,0.069065,0.041496,0.057042,-0.045896,0.29474,0.16091,0.16385,0.32596,-0.059459,-0.012116
-0.24148,0.17574,0.15197,0.3453,-0.12054,0.50492,-0.12376,0.70788,0.61927,0.9665,0.12014,0.81745,-0.29381,-0.070577,1.0026,0,0.47786,0.2541,0.26576,-0.15914,0.57324,0.78475,0.3731,0.10373,0.13685,0.59574,0.35063,0.43359,0.45389,0.3572,0.25182,0.53275,-0.0081852,-0.01777,-0.0082144,0.19722,-0.2923,-0.0069513,-0.10147,0.017323,-0.10185,0.49557,0.0678,0.22855,0.036593,0.26,0.1916,0.27392,0.35565,-0.50749,-0.08378,0.41296,-0.12954,0.52797,0.32797,-0.15869,-0.0074846,0.18935,0.19766,0.30856,1.0141,0.18518,0.22441,0.26049,0.60253,0.20057,0.56798,0.19708,0.6536,0.5845,0.57494,0.49229,0.72357,0.4363,0.60693,-0.26913,0.7049,0.076547,0.20465,0.13265,0.12702,0.16892,0.22365,0.24954,0.11588,0.1271,-0.051653,0.26027,0.17264,0.15162,0.093482,-0.14445,0.13293,-0.42903,0.24716,-0.0084954,0.096598,-0.32993,-0.1172,0.17405,0.16471,0.17171,0.34968,-0.12639,-0.084955
0.26151,0.15579,0.64423,0.88458,0.35701,0.25362,0.27558,0.48622,0.64945,0.69082,0.18573,0.5163,-0.074964,0.15728,0.7443,0.47786,0,1.0308,0.8967,0.77096,1.0164,0.7958,0.89803,0.3905,0.81707,0.73109,0.37729,0.036641,0.58008,0.69816,0.19854,0.91081,-0.0067575,0.2244,-0.2293,-0.037098,-0.030954,0.44395,0.55266,0.76918,0.36254,1.0972,0.25902,0.32296,-0.26255,-0.045222,0.45961,0.45552,0.35423,-0.092399,0.016422,0.68089,0.17364,0.15273,0.87612,0.27906,0.38303,0.38112,0.083822,0.45346,0.3246,0.38262,0.39037,0.62265,0.62445,0.55287,0.81334,0.75129,0.89059,0.99326,1.1065,0.40188,0.77116,0.46974,0.1739,0.24321,0.12102,0.54488,0.76892,0.68385,0.7823,0.94959,1.0339,0.87175,0.80167,0.97902,1.0307,0.39984,0.44199,0.24849,0.11151,0.38543,0.37336,-0.18411,-0.039532,0.15372,0.17174,-0.094144,-0.029737,0.43498,0.089148,0.39115,0.45869,0.0028169,0.052116
0.48875,0.21411,0.9048,1.0909,0.41431,0.18365,0.53936,0.39941,0.50173,0.4132,0.32452,0.53657,-5.4634e-05,0.43902,0.51405,0.2541,1.0308,0,0.7314,0.71721,0.67979,0.57084,0.64346,0.30235,0.87298,0.46386,0.12152,-0.11279,0.39213,0.41356,0.30776,0.80329,0.083181,0.39395,-0.0059884,0.16467,0.1972,0.77266,0.79129,1.0651,0.36345,0.79729,0.33698,0.29932,-0.070848,0.1341,0.33694,0.31025,0.36361,0.040776,0.17545,0.73962,0.37563,0.2633,0.91078,0.12389,0.27493,0.30873,0.084533,0.68865,0.20109,0.45182,0.31155,0.65621,0.41242,0.56971,0.62997,0.63338,0.57785,0.57622,0.62099,0.4126,0.62032,0.39577,0.11857,0.28465,-0.067326,0.68587,0.96996,0.73589,0.72929,0.94471,1.1253,0.82062,0.82854,1.0614,1.0177,0.30938,0.40598,0.43503,0.13323,0.56881,0.39221,0.1874,0.20768,0.33614,0.38346,0.12021,0.29173,0.45757,0.083711,0.27921,0.39725,0.24357,0.37804
0.27075,0.20061,0.47095,0.42686,0.23578,0.04483,0.2082,0.14081,0.30898,0.32008,-0.075382,0.12612,-0.15792,0.077547,0.49634,0.26576,0.8967,0.7314,0,0.76249,0.59754,0.40946,0.68718,0.29125,0.61001,0.60353,0.19213,-0.046683,0.32441,0.32996,-0.25757,0.43455,-0.10994,0.13379,-0.27343,-0.15113,0.017185,0.31732,0.42256,0.64681,0.2214,0.75758,0.18759,0.30373,-0.093715,-0.095025,0.56013,0.37444,0.24713,-0.096425,-0.10751,0.18409,0.11593,-0.05343,0.63492,0.36407,0.32338,0.5256,0.24283,0.22017,0.012702,0.14832,0.13505,0.49528,0.4329,0.39128,0.4209,0.20298,0.30967,0.26382,0.39708,0.23415,0.27303,0.30068,0.10305,0.60086,0.3299,0.48739,0.97363,0.64033,0.48932,0.95748,0.69974,0.84751,0.57751,0.9353,0.86017,0.46961,0.50546,0.20862,0.22843,0.11729,0.073053,-0.1833,-0.2322,-0.10284,-0.1528,-0.078728,-0.035986,0.017017,0.021539,-0.015459,0.10067,-0.082337,-0.11557
0.49523,0.058534,0.39662,0.43347,0.48624,-0.045505,0.45911,0.092657,0.33479,0.14798,0.14192,0.082556,-0.014883,0.14314,0.1698,-0.15914,0.77096,0.71721,0.76249,0,0.45161,0.19199,0.6428,0.33544,0.86113,0.37,0.29455,-0.13701,0.40873,0.35916,-0.010141,0.50265,-0.036316,0.26246,-0.28475,-0.17257,-0.0034886,0.41753,0.63729,0.8221,0.47052,0.60929,0.28538,0.32557,-0.40964,-0.26794,0.32218,0.22059,0.19996,-0.089071,-0.21658,0.22582,0.29283,-0.11438,0.56541,0.45353,0.38566,0.37497,-0.035931,0.27334,-0.25057,0.1898,0.13929,0.32884,0.18752,0.38617,0.30614,0.51822,0.35021,0.31388,0.448,0.062885,0.26112,0.18223,-0.1999,0.51508,-0.16053,0.42011,0.66559,0.36123,0.3889,0.71171,0.66195,0.59262,0.70688,0.71909,1.3065,0.22977,0.41444,0.087263,-0.14988,0.4827,0.22629,0.09388,-0.27303,0.055418,-0.064169,-0.0036925,0.0061285,0.11599,-0.15977,-0.010662,-0.089483,-0.075333,0.014833
0.49151,0.41462,0.62026,0.72143,0.5783,0.36807,0.31248,0.59169,0.77461,0.63154,0.12139,0.23215,-0.10908,-0.0039853,1.394,0.57324,1.0164,0.67979,0.59754,0.45161,0,0.96312,1.0694,0.70439,0.89054,0.69923,0.95257,0.42533,0.85618,0.82559,0.087459,0.54709,0.10128,0.17604,-0.093207,0.080941,-0.18511,0.29175,0.402,0.47622,0.72764,0.91019,0.73031,0.76649,-0.21092,-0.1183,0.80227,0.64779,0.77343,-0.13083,-0.066231,0.59629,0.5113,0.62723,0.95294,0.59804,0.84642,0.87093,0.37741,0.6289,0.39153,0.88801,0.45614,0.87188,0.78679,0.76048,0.95144,0.46538,0.48701,0.75222,1.046,0.59881,0.62006,0.59009,0.44028,0.41205,0.45042,0.64939,0.83689,0.37456,0.34563,0.46723,0.53349,1.0052,0.75473,0.85929,0.55707,0.70214,0.73556,0.19114,0.072408,0.49281,0.32858,-0.13561,-0.098355,0.16776,0.12557,0.16476,0.083559,0.58865,0.30291,0.36581,0.44105,0.061258,0.11216
-0.063856,0.008947,0.44272,0.6379,0.1018,0.23657,-0.078197,0.35948,0.66976,0.72516,-0.036409,0.69511,-0.29115,0.045398,1.1835,0.78475,0.7958,0.57084,0.40946,0.19199,0.96312,0,0.6164,0.18492,0.55867,0.72886,0.47408,0.39789,0.60088,0.52276,0.1376,0.56764,-0.13274,0.081352,-0.18567,0.060705,-0.34336,0.15089,0.1367,0.38009,0.13286,0.86387,0.28939,0.33427,-0.03808,0.05624,0.33436,0.40656,0.58929,-0.25055,-0.05675,0.65531,0.024914,0.32102,0.74946,0.088639,0.32397,0.43604,0.34315,0.42735,0.60945,0.54953,0.39989,0.61845,0.57793,0.33492,0.7852,0.31429,0.70652,1.0122,1.0043,0.84731,0.88615,0.82754,0.62512,0.053341,0.32746,0.39022,0.4382,0.5969,0.7012,0.40208,0.53792,0.44998,0.31114,0.38555,0.27156,0.40187,0.37368,0.24661,0.068389,0.082042,0.025753,-0.55596,-0.11427,-0.000193,0.039917,-0.13231,-0.17508,0.34414,-0.034755,0.16578,0.39454,-0.15296,-0.1402
0.49702,0.59506,0.63061,0.68268,0.50431,0.5375,0.18374,0.56887,0.58994,0.46502,-0.0017293,0.14696,0.060552,0.14358,0.78232,0.3731,0.89803,0.64346,0.68718,0.6428,1.0694,0.6164,0,1.1953,0.60407,0.80492,0.95869,0.62749,1.0155,0.92878,0.021272,0.64198,0.19653,0.28579,-0.029675,0.21252,-0.24279,0.15569,0.20234,0.38442,0.46674,0.71453,0.47589,0.5664,-0.14913,-0.017504,0.77794,0.63648,1.0439,-0.016956,0.15761,0.50005,0.26413,0.35654,0.51415,0.35088,0.46918,0.51574,0.17206,0.47094,0.3774,0.5391,0.23304,0.49422,0.54923,0.78245,0.81103,0.413,0.46329,0.43933,0.61542,0.26132,0.45306,0.62233,0.38302,0.35537,0.36341,0.80436,0.81323,0.29525,0.29993,0.5445,0.54163,1.0964,0.9677,0.78759,0.6121,0.62963,0.67777,0.24123,0.15186,0.67746,0.69618,0.018112,0.055501,0.29898,0.21641,0.25899,0.2828,0.48029,0.36388,0.29886,0.36846,0.23721,0.32111
0.77757,0.82063,0.57347,0.49647,0.59388,0.47572,0.30512,0.53224,0.31564,0.17618,0.043496,-0.23036,0.085915,-0.050349,0.44261,0.10373,0.3905,0.30235,0.29125,0.33544,0.70439,0.18492,1.1953,0,0.28809,0.33043,0.89196,0.66728,0.73539,0.76976,-0.054397,0.27098,0.20214,0.073631,0.076643,0.19611,-0.18647,-0.024205,0.11829,0.067538,0.66954,0.2878,0.5349,0.56023,-0.15286,-0.13301,0.62015,0.40248,0.97964,0.12862,0.24475,0.4183,0.5228,0.48406,0.26738,0.48959,0.48576,0.35183,0.0023255,0.51302,0.28158,0.57881,0.2516,0.34581,0.45293,0.59489,0.39377,0.26066,0.11365,0.077551,0.21032,-0.085229,0.027637,0.23664,0.12949,0.42485,0.34464,0.63517,0.58734,-0.033509,-0.037719,0.26243,0.24071,0.92908,0.81256,0.62903,0.35799,0.4604,0.43263,0.031428,0.048565,0.83333,0.873,0.41539,0.20664,0.56047,0.34409,0.58023,0.59257,0.60858,0.7307,0.38431,0.38906,0.59838,0.67173
0.66497,0.28252,0.31354,0.46501,0.98879,0.16689,0.66015,0.25338,0.5532,0.33205,0.30835,0.23737,-0.1183,0.23904,0.60118,0.13685,0.81707,0.87298,0.61001,0.86113,0.89054,0.55867,0.60407,0.28809,0,0.39276,0.46468,-0.081649,0.75527,0.66902,0.26639,0.58596,0.091462,0.44934,0.038245,0.18635,-0.024235,0.71338,0.90961,1.1128,0.84261,1.1066,0.94675,0.79592,-0.058186,0.036997,0.33163,0.26612,0.43962,-0.19389,-0.20165,0.38233,0.58582,0.32924,0.89764,0.65701,0.92733,0.77855,0.43184,0.41265,-0.14284,0.78004,0.52301,0.59266,0.38237,0.49113,0.52359,0.47338,0.32101,0.65875,1.0103,0.68401,0.66337,0.45468,0.22662,0.39728,-0.088989,0.34486,0.67645,0.3824,0.45861,0.51507,0.53942,0.53072,0.44733,0.74247,0.90973,0.29197,0.53583,0.36006,0.028261,0.41571,0.041858,-0.104,-0.29086,-0.14807,-0.14606,0.007358,-0.076047,0.21304,-0.19813,0.086702,0.076168,-0.2219,-0.080588
0.052394,0.4288,0.20108,0.28018,0.01823,0.54728,-0.20788,0.51471,0.86458,0.86864,-0.17048,0.46432,0.069718,0.3292,0.75764,0.59574,0.73109,0.46386,0.60353,0.37,0.69923,0.72886,0.80492,0.33043,0.39276,0,0.54132,0.62608,0.66504,0.50657,0.12667,0.89607,0.15694,0.29866,-0.25423,0.14376,-0.47177,-0.097803,-0.12935,0.1374,0.053355,0.61608,0.28446,0.50317,-0.076497,0.22606,0.77808,0.93557,0.51054,-0.2364,0.028206,0.10546,-0.16685,0.2085,0.40404,0.10922,0.30418,0.50588,0.4672,-0.0096748,0.31615,0.34266,-0.084415,0.34247,0.27155,0.8826,1.1749,0.41023,0.67831,0.70203,0.6924,0.63407,0.87185,0.93161,0.62758,0.045145,0.43722,0.56412,0.41539,0.30238,0.41396,0.20437,0.21914,0.66746,0.58893,0.26932,0.2237,0.67499,0.62331,0.60658,0.46677,0.31337,0.42873,-0.42608,-0.039284,-0.060216,-0.036971,-0.10965,-0.13935,0.12257,0.048942,-0.04941,0.024996,-0.022739,0.01772
0.39723,0.47073,0.23611,0.26702,0.51274,0.44122,0.1327,0.49793,0.64397,0.47733,0.13535,-0.036524,-0.049158,-0.18619,0.77521,0.35063,0.37729,0.12152,0.19213,0.29455,0.95257,0.47408,0.95869,0.89196,0.46468,0.54132,0,0.86186,1.1133,0.73334,0.050939,0.32675,0.20929,0.1416,0.030062,0.17743,-0.43513,-0.096801,0.044678,0.032762,0.62421,0.38466,0.65149,0.73565,-0.29755,-0.2195,0.76785,0.53484,0.85576,-0.28676,-0.23024,0.18923,0.35675,0.4829,0.35541,0.47569,0.60855,0.73456,0.308,0.33304,0.27703,0.581,0.15751,0.25272,0.35204,0.59307,0.62985,0.33236,0.30235,0.38529,0.575,0.30035,0.32178,0.49977,0.39887,0.30105,0.49115,0.39932,0.38678,-0.14222,-0.11536,-0.004375,0.051995,0.57689,0.52949,0.30014,0.1676,0.68959,0.7436,0.011955,-0.075224,0.44271,0.36642,-0.065224,-0.13564,0.097085,-0.053902,0.14389,0.027494,0.28244,0.19778,0.17429,0.15246,0.028269,0.080365
0.034086,0.49639,0.10624,0.076347,-0.042232,0.51115,-0.38387,0.41474,0.41709,0.34914,-0.32188,0.02228,0.060817,-0.039734,0.53553,0.43359,0.036641,-0.11279,-0.046683,-0.13701,0.42533,0.39789,0.62749,0.66728,-0.081649,0.62608,0.86186,0,0.5963,0.37632,-0.085349,0.16468,0.16313,0.0035935,-0.051957,0.1848,-0.69793,-0.59094,-0.62509,-0.47178,0.043772,0.055547,0.28929,0.41682,0.05125,0.13134,0.52058,0.51736,0.79964,-0.12942,0.097093,0.029663,-0.060948,0.41258,0.0055835,0.078591,0.19992,0.2869,0.25161,0.088495,0.56012,0.29036,-0.15131,0.11104,0.14911,0.45638,0.48854,-0.023732,0.17128,0.13494,0.14498,0.23654,0.20266,0.56626,0.66784,0.020734,0.73584,0.36291,0.062426,-0.19235,-0.18547,-0.29025,-0.23876,0.32106,0.2644,-0.098549,-0.33901,0.4315,0.31126,0.10072,0.23524,0.23869,0.42825,-0.17164,0.087993,0.22694,0.13627,0.26019,0.19757,0.23216,0.32956,-0.082018,-0.012278,0.21721,0.20846
0.50884,0.62513,0.1641,0.32047,0.74037,0.59646,0.27993,0.54843,0.78684,0.66831,0.29282,0.2684,-0.1462,0.073644,0.85715,0.45389,0.58008,0.39213,0.32441,0.40873,0.85618,0.60088,1.0155,0.73539,0.75527,0.66504,1.1133,0.5963,0,1.0974,0.304,0.7185,0.14823,0.29958,0.1195,0.40245,-0.5084,0.09504,0.22202,0.26051,0.58284,0.73361,0.82889,0.87675,-0.054348,0.09555,0.38182,0.28467,1.0729,-0.44746,-0.14599,0.37257,0.37071,0.56148,0.51594,0.40902,0.56736,0.51752,0.30303,0.34918,0.25433,0.74901,0.35986,0.14372,0.28267,0.4663,0.57655,0.49405,0.51443,0.63979,0.80751,0.47869,0.65139,0.66024,0.41954,0.17765,0.2325,0.27497,0.32746,-0.025469,0.15703,0.13929,0.16681,0.50712,0.41751,0.32624,0.31333,0.35229,0.45556,0.36972,0.054876,0.45963,0.40802,-0.10874,-0.0027116,0.0057584,-0.11395,0.048435,-0.04563,0.14882,-0.010223,0.074417,0.1211,-0.036141,0.10267
0.48838,0.61701,0.24713,0.39328,0.71196,0.55761,0.45022,0.69133,0.77913,0.55014,0.27455,0.2022,-0.086616,0.04413,0.61012,0.3572,0.69816,0.41356,0.32996,0.35916,0.82559,0.52276,0.92878,0.76976,0.66902,0.50657,0.73334,0.37632,1.0974,0,0.44133,0.73445,0.17847,0.23959,0.17389,0.36845,-0.17235,0.29305,0.38633,0.42625,0.69443,0.90624,0.69538,0.76059,-0.069824,0.075744,0.30286,0.33998,0.82907,-0.22763,0.01296,0.48205,0.34885,0.41218,0.4178,0.51406,0.66718,0.26569,0.094046,0.38661,0.32801,0.80772,0.70145,0.38288,0.53656,0.45216,0.47201,0.49656,0.44707,0.65866,0.83544,0.25013,0.53111,0.34784,0.24464,0.11918,0.13842,0.2162,0.38881,-0.074669,0.16491,0.25918,0.2715,0.59712,0.40066,0.54715,0.43088,0.16603,0.27558,0.25352,0.094528,0.51217,0.52233,-0.12066,-0.049042,0.0023707,-0.038543,0.057611,0.011365,0.51617,0.26284,0.27994,0.39001,0.16513,0.2489
0.041514,0.22917,-0.037662,0.19594,0.26887,0.58523,0.35329,0.61275,0.60304,0.52227,0.74541,0.67409,0.11379,0.40621,0.053668,0.25182,0.19854,0.30776,-0.25757,-0.010141,0.087459,0.1376,0.021272,-0.054397,0.26639,0.12667,0.050939,-0.085349,0.304,0.44133,0,0.72761,0.46501,0.50108,0.55877,0.70494,0.20346,0.42011,0.30609,0.33864,0.13354,0.32781,0.23088,0.25067,0.069567,0.47517,-0.16268,0.106,0.11543,-0.19486,0.1204,0.23517,0.0011451,0.21106,0.02923,-0.18987,0.057473,-0.19036,0.0072227,0.13987,0.26806,0.29979,0.25412,0.065289,0.13588,0.20345,0.27411,0.67145,0.49017,0.54288,0.49575,0.25496,0.64888,0.059199,0.10171,-0.59984,-0.25363,-0.022233,-0.04064,-0.20542,0.059244,-0.14283,0.054371,-0.016571,0.061063,-0.00063715,0.11668,-0.11728,0.018575,0.386,0.0808,0.32575,0.37971,0.079927,0.46351,0.028858,0.17111,-0.20297,-0.095204,0.36103,0.014727,0.33567,0.30219,0.024573,0.29156
0.19754,0.38415,0.31059,0.58005,0.23147,0.60928,0.29778,0.92279,1.0633,1.1529,0.41756,0.92995,-0.1373,0.32965,0.49529,0.53275,0.91081,0.80329,0.43455,0.50265,0.54709,0.56764,0.64198,0.27098,0.58596,0.89607,0.32675,0.16468,0.7185,0.73445,0.72761,0,0.088867,0.31309,-0.042718,0.32971,-0.22399,0.26079,0.36101,0.51027,0.2441,0.88452,0.2884,0.4706,-0.22674,0.24722,0.30528,0.46027,0.35666,-0.40521,0.016703,0.45017,-0.0033408,0.21437,0.47109,-0.0013989,0.17971,0.19833,0.13322,0.27906,0.34308,0.39172,0.2511,0.28667,0.39774,0.59737,0.82129,0.99403,1.1796,1.0237,0.90939,0.43657,1.1789,0.53105,0.23021,-0.14724,0.04413,0.34658,0.46471,0.21018,0.52823,0.41529,0.5327,0.59537,0.60663,0.43715,0.55958,0.32715,0.39751,0.54348,0.14802,0.42483,0.56339,-0.096153,0.24066,0.032448,0.079922,-0.331,-0.090603,0.30257,0.0079496,0.19588,0.26693,0.11113,0.25748
0.10085,0.46284,-0.13273,-0.12856,0.3573,0.72395,-0.064558,0.11328,0.079394,-0.04132,0.12903,-0.093336,1.2078,0.74494,0.005537,-0.0081852,-0.0067575,0.083181,-0.10994,-0.036316,0.10128,-0.13274,0.19653,0.20214,0.091462,0.15694,0.20929,0.16313,0.14823,0.17847,0.46501,0.088867,0,1.2914,1.0081,0.93079,0.53681,0.3722,-0.078165,0.12129,-0.031773,-0.098584,0.23681,0.13912,0.48454,0.60257,0.29091,0.42407,0.30444,0.45402,0.46524,-0.21148,-0.067623,0.15416,-0.30594,-0.10367,0.17465,0.071239,0.30048,-0.23695,-0.014191,0.11837,-0.25808,0.06712,-0.044934,0.58185,0.35556,-0.0036334,-0.19837,-0.10042,0.092939,0.18006,0.14501,0.2034,0.41139,-0.2932,-0.069596,0.3357,0.0063671,-0.12979,-0.24688,-0.31586,-0.23989,0.033466,0.12576,-0.033524,-0.044692,0.19903,0.32528,0.51609,0.56212,0.46008,0.45311,0.18097,0.36058,0.13011,0.27079,0.37596,0.14895,0.22811,0.26638,0.34998,0.144,0.012058,0.26369
0.1448,0.35742,-0.096743,-0.018274,0.49999,0.61512,0.019046,0.017936,0.15152,0.045537,0.16637,0.13289,0.8896,1.1096,0.09556,-0.01777,0.2244,0.39395,0.13379,0.26246,0.17604,0.081352,0.28579,0.073631,0.44934,0.29866,0.1416,0.0035935,0.29958,0.23959,0.50108,0.31309,1.2914,0,0.81719,0.95019,0.43948,0.63035,0.15877,0.49521,-0.012475,0.185,0.34465,0.20335,0.54957,0.72309,0.22899,0.35543,0.33578,0.32011,0.36235,-0.11652,-0.07309,0.054263,-0.052678,-0.090779,0.23593,0.19013,0.44405,-0.21427,-0.16032,0.17,-0.19003,0.11121,-0.091838,0.59128,0.45861,0.097674,-0.024122,0.12051,0.32393,0.47238,0.41536,0.47427,0.48863,-0.19058,-0.2614,0.37693,0.12013,0.16339,0.11381,-0.056756,0.0097341,0.054642,0.14083,0.081754,0.22143,0.18215,0.39973,0.85012,0.61735,0.40341,0.2703,0.020677,0.19571,-0.045157,0.1076,0.20434,-0.01123,0.066286,-0.10209,0.17283,0.015468,-0.18142,0.086856
0.075139,0.35512,-0.23223,-0.17725,0.45157,0.57814,0.15098,0.048275,-0.094226,-0.11517,0.42424,-0.044566,0.50121,0.42888,-0.086867,-0.0082144,-0.2293,-0.0059884,-0.27343,-0.28475,-0.093207,-0.18567,-0.029675,0.076643,0.038245,-0.25423,0.030062,-0.051957,0.1195,0.17389,0.55877,-0.042718,1.0081,0.81719,0,1.3174,0.62247,0.50103,0.10937,0.16799,-0.017965,-0.12903,0.22921,0.057668,0.66028,0.58801,-0.12361,-0.083337,0.29761,0.22297,0.32506,-0.078931,0.028264,0.17432,-0.36974,-0.20172,0.028358,-0.13098,0.16705,-0.089668,-0.005154,0.11022,0.017513,-0.11069,-0.027342,0.095262,-0.041293,-0.16508,-0.32058,-0.22715,-0.043728,0.072006,-0.01096,0.026505,0.24351,-0.34824,-0.19497,-0.035566,-0.11222,-0.27706,-0.30932,-0.32084,-0.25419,-0.21786,-0.24191,-0.1134,-0.13982,-0.098524,0.051631,0.37454,0.2918,0.13589,0.14135,0.27451,0.46099,-0.0023274,0.092035,0.19873,0.068541,0.10868,0.13845,0.2962,0.22103,0.031107,0.253
0.12778,0.65487,-0.19895,-0.05522,0.45023,1.0865,0.076235,0.32791,0.1589,0.1762,0.31546,0.22612,0.41969,0.68036,0.1235,0.19722,-0.037098,0.16467,-0.15113,-0.17257,0.080941,0.060705,0.21252,0.19611,0.18635,0.14376,0.17743,0.1848,0.40245,0.36845,0.70494,0.32971,0.93079,0.95019,1.3174,0,0.22431,0.37126,0.026747,0.19372,0.0069059,0.11177,0.38587,0.29091,0.64116,0.89653,0.047445,0.17727,0.52465,0.090132,0.44134,0.017445,-0.056689,0.33079,-0.25958,-0.23075,0.10557,0.041988,0.40792,-0.10629,0.084647,0.3086,0.029187,-0.018691,0.087748,0.37795,0.3045,-0.013242,-0.058493,0.040567,0.19228,0.37009,0.38056,0.41689,0.56357,-0.47434,-0.12298,0.13892,-0.00013822,-0.15606,-0.064741,-0.23897,-0.1666,-0.038798,-0.060644,-0.085729,-0.08608,0.10992,0.24697,0.7801,0.45586,0.2705,0.32946,0.14354,0.54623,-0.048139,0.097152,0.099371,0.068371,0.13949,0.13431,0.25885,0.20847,0.058407,0.32367
-0.003001,-0.18186,0.13192,0.054581,0.13744,-0.097585,0.27384,-0.23245,-0.33496,-0.3934,0.32189,-0.17764,0.53206,0.25287,-0.35356,-0.2923,-0.030954,0.1972,0.017185,-0.0034886,-0.18511,-0.34336,-0.24279,-0.18647,-0.024235,-0.47177,-0.43513,-0.69793,-0.5084,-0.17235,0.20346,-0.22399,0.53681,0.43948,0.62247,0.22431,0,0.86327,0.42755,0.44008,-0.079273,-0.20173,-0.21921,-0.39958,0.20492,0.081365,-0.11575,-0.11692,-0.27533,0.56372,0.25346,0.0037661,0.053997,-0.23034,-0.17231,-0.17084,-0.12672,-0.27256,-0.22318,0.022455,-0.17214,-0.21357,0.010055,0.12278,0.012808,-0.0081726,-0.18692,-0.095797,-0.33189,-0.31983,-0.19529,-0.28253,-0.29925,-0.41521,-0.28764,-0.049884,-0.38419,0.035962,0.12908,0.10565,-0.087332,0.16061,0.18451,-0.070285,-0.025559,0.25044,0.2376,-0.17105,-0.069331,-0.0099229,0.071641,0.092412,0.011865,0.38726,0.20076,0.16603,0.27399,0.18035,0.16194,0.209,0.18117,0.42587,0.34536,0.12692,0.19599
0.34117,-0.00043017,0.28235,0.37623,0.59903,0.050189,0.70681,0.044719,0.10882,-0.022234,0.52863,0.20075,0.22454,0.39793,0.14443,-0.0069513,0.44395,0.77266,0.31732,0.41753,0.29175,0.15089,0.15569,-0.024205,0.71338,-0.097803,-0.096801,-0.59094,0.09504,0.29305,0.42011,0.26079,0.3722,0.63035,0.50103,0.37126,0.86327,0,1.08,1.299,0.31315,0.42732,0.25171,0.068799,0.12048,0.14151,-0.033962,-0.033105,0.098839,0.16249,0.084629,0.39539,0.38289,0.14113,0.3735,0.094509,0.23283,0.07792,-0.015604,0.36698,-0.11324,0.27263,0.42423,0.3608,0.22673,0.18835,0.14017,0.22418,0.046529,0.19965,0.37926,0.19235,0.24989,0.012348,-0.054071,0.079642,-0.44487,0.12898,0.41619,0.29783,0.24122,0.50525,0.55047,0.1684,0.1697,0.59963,0.67093,-0.077798,0.14925,0.2829,-0.016012,0.29045,0.045459,0.19025,0.056262,0.001058,0.13386,0.065188,0.067304,0.26514,-0.039928,0.34125,0.35538,-0.020895,0.133
0.6372,0.011323,0.45073,0.53488,0.73117,-0.14297,1.3554,0.17836,0.25761,0.13845,0.75543,0.1424,-0.23674,0.00036763,0.16576,-0.10147,0.55266,0.79129,0.42256,0.63729,0.402,0.1367,0.20234,0.11829,0.90961,-0.12935,0.044678,-0.62509,0.22202,0.38633,0.30609,0.36101,-0.078165,0.15877,0.10937,0.026747,0.42755,1.08,0,1.2272,0.77183,0.58814,0.40182,0.2804,-0.29897,-0.26424,0.039137,-0.10755,0.037107,-0.11884,-0.22385,0.47843,0.71816,0.12241,0.7036,0.41576,0.39553,0.24103,-0.089647,0.62398,-0.19892,0.39457,0.59425,0.38102,0.30374,0.11447,0.066034,0.53122,0.23402,0.33883,0.45114,0.079105,0.18377,-0.10989,-0.36669,0.43038,-0.34202,0.1059,0.60911,0.23841,0.3047,0.67882,0.7192,0.39675,0.34314,0.88311,1.0184,0.029217,0.22215,0.044227,-0.28235,0.29882,0.0030947,0.30189,-0.090308,0.0019811,-0.038213,-0.064772,0.012589,0.26498,-0.08792,0.25206,0.28529,0.088085,0.15091
0.37283,0.024897,0.44063,0.57757,0.61166,0.055306,0.69136,0.15364,0.3092,0.16157,0.36613,0.33894,-0.028322,0.3488,0.24848,0.017323,0.76918,1.0651,0.64681,0.8221,0.47622,0.38009,0.38442,0.067538,1.1128,0.1374,0.032762,-0.47178,0.26051,0.42625,0.33864,0.51027,0.12129,0.49521,0.16799,0.19372,0.44008,1.299,1.2272,0,0.42856,0.88501,0.34665,0.2709,-0.036995,0.046363,0.12657,0.14728,0.16343,0.035174,-0.0023743,0.43264,0.31231,0.000603,0.61674,0.24966,0.39194,0.29238,0.12662,0.42122,-0.10132,0.35618,0.45236,0.60456,0.40371,0.27764,0.30703,0.41221,0.28706,0.42941,0.63062,0.34187,0.44945,0.16824,-0.0061621,0.24597,-0.28802,0.33524,0.7327,0.54572,0.54996,0.81625,0.8752,0.41816,0.37507,0.87963,1.1986,0.11944,0.36138,0.26716,-0.0057988,0.30472,0.019434,0.012622,-0.10636,-0.090352,0.0032222,-0.075277,-0.027735,0.30319,-0.12948,0.246,0.28523,-0.13236,0.010129
1.2471,0.48882,0.36731,0.36907,1.0474,0.066356,1.0435,0.39837,0.42422,0.14292,0.37153,-0.22599,-0.22864,-0.1877,0.35424,-0.10185,0.36254,0.36345,0.2214,0.47052,0.72764,0.13286,0.46674,0.66954,0.84261,0.053355,0.62421,0.043772,0.58284,0.69443,0.13354,0.2441,-0.031773,-0.012475,-0.017965,0.0069059,-0.079273,0.31315,0.77183,0.42856,0,0.52463,1.0819,0.94163,-0.35486,-0.34074,0.37887,0.18682,0.39547,-0.1356,-0.21746,0.33397,1.2391,0.5209,0.6232,1.1711,1.1121,0.64117,0.15236,0.59004,-0.15533,0.97921,0.64499,0.49161,0.40323,0.38813,0.21184,0.44037,0.059532,0.29295,0.46752,0.13025,0.12129,0.0029753,-0.12529,0.6011,0.027017,0.23326,0.56417,-0.098393,-0.0048225,0.23723,0.23421,0.63138,0.50218,0.71034,0.55865,0.27132,0.39875,-0.040528,-0.21954,0.60666,0.23155,0.30598,-0.21166,0.088455,-0.049993,0.26142,0.20538,0.45131,0.23945,0.2067,0.16975,0.23317,0.27632
0.32424,0.30603,0.38743,0.60741,0.49447,0.31482,0.42742,0.57148,0.82748,0.65586,0.12546,0.56342,-0.3541,0.15194,0.74473,0.49557,1.0972,0.79729,0.75758,0.60929,0.91019,0.86387,0.71453,0.2878,1.1066,0.61608,0.38466,0.055547,0.73361,0.90624,0.32781,0.88452,-0.098584,0.185,-0.12903,0.11177,-0.20173,0.42732,0.58814,0.88501,0.52463,0,0.57643,0.73103,-0.084613,0.10225,0.28824,0.4008,0.45145,-0.30192,-0.073542,0.51655,0.24197,0.26998,0.83865,0.46248,0.63994,0.48996,0.3302,0.45092,0.27591,0.68867,0.6511,0.75177,0.72542,0.35963,0.58881,0.55685,0.65582,0.93396,1.1711,0.62687,0.90086,0.40833,0.30997,0.18497,0.19704,0.34937,0.69732,0.43372,0.59317,0.64908,0.65852,0.64801,0.43344,0.76684,0.7838,0.26959,0.40278,0.27887,0.098407,0.25898,0.13459,-0.3793,-0.16936,-0.19269,-0.11219,-0.18394,-0.1318,0.37424,0.0040703,0.15387,0.29107,-0.21203,-0.099099
0.95238,0.8198,0.079686,0.11844,1.1491,0.39748,0.55437,0.34094,0.50386,0.22383,0.17768,-0.087348,-0.04411,0.18626,0.54541,0.0678,0.25902,0.33698,0.18759,0.28538,0.73031,0.28939,0.47589,0.5349,0.94675,0.28446,0.65149,0.28929,0.82889,0.69538,0.23088,0.2884,0.23681,0.34465,0.22921,0.38587,-0.21921,0.25171,0.40182,0.34665,1.0819,0.57643,0,1.5719,0.16081,0.16861,0.382,0.2938,0.7139,-0.13865,-0.073943,0.1156,0.79909,0.71175,0.51651,0.95172,1.4391,0.8016,0.62424,0.28944,-0.12537,1.2196,0.38573,0.46221,0.25858,0.53227,0.36231,0.20717,-0.024417,0.30882,0.5418,0.59852,0.35112,0.37493,0.35723,0.39803,0.14853,0.29156,0.36133,-0.07373,-0.00065091,-0.051613,-0.048378,0.43043,0.24755,0.36321,0.25803,0.28845,0.45545,0.4184,0.22729,0.4981,0.15515,0.052384,-0.1266,-0.093453,-0.15986,0.33012,0.073694,0.27302,0.088069,-0.029445,-0.068258,0.0059966,0.14765
0.76352,0.9383,0.084707,0.12667,0.76914,0.51464,0.47981,0.60193,0.80227,0.46064,0.10745,0.04583,-0.19212,0.11263,0.60708,0.22855,0.32296,0.29932,0.30373,0.32557,0.76649,0.33427,0.5664,0.56023,0.79592,0.50317,0.73565,0.41682,0.87675,0.76059,0.25067,0.4706,0.13912,0.20335,0.057668,0.29091,-0.39958,0.068799,0.2804,0.2709,0.94163,0.73103,1.5719,0,-0.0027415,0.1178,0.51361,0.49112,0.68453,-0.31899,-0.13953,0.046307,0.57123,0.65238,0.50881,0.92074,1.2289,0.81022,0.62424,0.27298,0.024357,1.0742,0.31068,0.5253,0.39583,0.57879,0.45406,0.32026,0.15159,0.37785,0.5718,0.548,0.44149,0.34111,0.35296,0.35055,0.40343,0.34209,0.44674,-0.1377,-0.037618,-0.039226,-0.050218,0.58254,0.34236,0.37169,0.25904,0.41911,0.56372,0.36604,0.22185,0.45882,0.23669,-0.055566,-0.097779,-0.17206,-0.23773,0.153,-0.008356,0.29995,0.18182,-0.087593,-0.090138,-0.015523,0.12706
-0.13584,0.27678,-0.35577,-0.33937,0.11495,0.32805,-0.32967,-0.28709,-0.34078,-0.30474,-0.29459,-0.057843,0.42734,0.59649,-0.057302,0.036593,-0.26255,-0.070848,-0.093715,-0.40964,-0.21092,-0.03808,-0.14913,-0.15286,-0.058186,-0.076497,-0.29755,0.05125,-0.054348,-0.069824,0.069567,-0.22674,0.48454,0.54957,0.66028,0.64116,0.20492,0.12048,-0.29897,-0.036995,-0.35486,-0.084613,0.16081,-0.0027415,0,1.1719,-0.2581,-0.1122,0.1915,0.37872,0.51362,-0.21502,-0.2243,0.063922,-0.33214,-0.17329,0.039905,-0.10067,0.42894,-0.38035,-0.04357,0.0065117,-0.094791,-0.037391,-0.15223,-0.037988,-0.092964,-0.62587,-0.4893,-0.27196,-0.1483,0.34012,0.026095,0.2213,0.59386,-0.28902,-0.040989,-0.040883,-0.26589,0.10293,-0.0081296,-0.28141,-0.33992,-0.35715,-0.49705,-0.29101,-0.33956,-0.27332,-0.23464,0.5143,0.811,-0.17344,-0.14826,-0.17244,0.18194,-0.12706,0.045296,0.28327,0.091186,-0.15246,-0.052169,-0.10783,-0.11516,-0.20187,-0.087944
-0.14543,0.43489,-0.29334,-0.13995,0.051241,0.6989,-0.26056,0.1469,0.01051,0.066874,-0.1225,0.34831,0.4411,0.91714,0.0083562,0.26,-0.045222,0.1341,-0.095025,-0.26794,-0.1183,0.05624,-0.017504,-0.13301,0.036997,0.22606,-0.2195,0.13134,0.09555,0.075744,0.47517,0.24722,0.60257,0.72309,0.58801,0.89653,0.081365,0.14151,-0.26424,0.046363,-0.34074,0.10225,0.16861,0.1178,1.1719,0,-0.14923,0.14184,0.16651,0.19574,0.59286,-0.10654,-0.3563,0.15433,-0.29897,-0.34366,-0.014347,-0.086937,0.45838,-0.33703,0.1176,0.053187,-0.10899,0.021373,-0.027487,0.24094,0.24733,-0.18855,-0.065243,0.049451,0.11045,0.51431,0.46805,0.40017,0.7587,-0.63735,-0.055299,0.064151,-0.16867,0.086164,0.1078,-0.21808,-0.1935,-0.21,-0.22259,-0.25356,-0.21583,-0.13582,-0.082058,0.77985,0.86216,0.0063451,0.14551,-0.17198,0.4034,-0.084782,0.19285,0.052183,0.10959,-0.0070769,-0.016635,-0.0036528,-0.048398,-0.12586,0.068978
