,,,,,,,,,,,,,,,,,,,,,,,,,,,,,,,,,,,,,,,,,,,,,,,,,,,,,,,,,,,,,,,,,,,,,,,,,,,,,,,,,,,,,,,,,,,,,,,,,,,,,,,,
0,0.84818,0.57463,0.39933,0.99827,0.29971,0.68484,0.36132,0.23674,0.1285,0.18353,-0.41128,-0.0658,-0.1076,0.16098,-0.11028,0.28477,0.4451,0.30215,0.48572,0.31171,-0.12247,0.6169,0.97864,0.60754,0.15564,0.53905,0.27774,0.42196,0.33669,0.023821,0.22762,0.0085275,-0.053324,0.046425,0.10809,-0.20529,-0.024877,0.33338,0.12887,1.1061,0.26529,1.016,0.78557,0.0068917,0.015193,0.15203,-0.24391,0.33236,0.061933,0.019573,0.23139,1.2754,0.43895,0.41746,0.67062,0.69834,0.31963,-0.24934,0.48898,-0.02386,0.4614,0.1627,0.096845,0.18334,0.26754,-0.25566,0.49401,-0.01172,-0.16955,-0.025384,-0.24386,-0.13705,-0.24534,-0.44959,0.53422,0.11306,0.48889,0.29519,-0.083324,-0.12164,0.2786,0.14912,0.71396,0.70363,0.56547,0.55047,-0.0083489,-0.059817,0.17786,0.11154,0.96579,0.61784,0.58446,0.17161,0.49431,0.27694,0.86035,0.6733,0.23011,0.58007,0.19353,0.22205,0.64839,0.90754
0.84818,0,0.36663,0.32999,0.40957,0.76416,-0.019633,0.40354,0.35428,0.53923,-0.29916,-0.24211,0.12314,0.16915,0.60851,0.43735,0.62703,0.64119,0.60128,0.31693,0.77596,0.3342,0.92514,1.2934,0.4579,0.57828,0.64438,0.54197,0.41273,0.23921,-0.12658,0.41782,0.072692,0.013925,-0.17217,0.04603,-0.44754,-0.32136,-0.24731,-0.1473,0.35569,0.26323,0.83009,1.0861,0.55204,0.60408,0.33033,-0.16517,1.0389,0.26627,0.33713,0.35813,0.54759,0.90144,0.71985,0.69673,0.67934,0.522,0.10243,0.21462,0.45789,0.64527,0.32442,0.29839,0.37313,0.53312,-0.080896,0.20483,0.09102,-0.027486,0.046815,0.044456,0.04935,0.08743,-0.029088,0.49275,0.5659,0.89046,0.35274,0.1826,0.22929,0.44058,0.27072,0.88132,0.55592,0.57265,0.4241,0.17251,0.035223,0.6152,0.70293,0.62653,0.90485,0.074984,0.30699,0.53167,0.46397,0.50476,0.63217,0.29433,0.64185,0.0517,0.24088,0.37059,0.76487
0.57463,0.36663,0,1.348,0.42725,0.41545,0.37766,0.42627,0.1331,0.13837,0.22335,0.11359,0.13584,0.3282,0.14853,0.16144,0.35624,0.93393,0.28594,0.19897,0.20817,0.18354,0.5913,0.56571,0.32443,0.22457,0.29873,0.42342,0.33197,0.15721,0.18995,0.3235,0.27938,0.35326,0.29265,0.43329,0.17079,0.32882,0.29116,0.38877,0.29726,0.34789,0.28314,0.18862,0.16129,0.26318,0.056303,-0.10224,0.17943,0.15191,0.31263,0.53771,0.32856,0.097804,0.07342,-0.069558,0.10757,0.055632,-0.30216,0.81991,0.3788,0.18727,0.044615,0.38549,0.44643,0.32171,0.09217,0.46789,0.22717,-0.026294,0.10908,0.2027,0.25532,0.087924,0.028017,-0.0037204,0.073974,0.85653,0.79706,0.41502,0.14233,0.57212,0.66598,0.73369,0.90152,0.76325,0.45162,0.011717,-0.035145,0.119,-0.052963,0.64411,0.51485,0.59545,0.46907,0.68435,0.6374,0.56933,0.74156,0.49318,0.73557,0.54335,0.69288,0.69712,0.75328
0.39933,0.32999,1.348,0,0.46497,0.68144,0.30496,0.66447,0.33242,0.39535,0.31628,0.48373,0.087827,0.41828,0.30062,0.36812,0.66219,1.1757,0.24248,0.31463,0.3714,0.46596,0.68757,0.48394,0.58488,0.33832,0.37287,0.36475,0.5336,0.32402,0.46697,0.66552,0.3209,0.47911,0.30512,0.59015,0.08395,0.42999,0.33688,0.58897,0.2622,0.64948,0.29573,0.23906,0.10317,0.39944,0.023958,-0.025363,0.26025,0.022486,0.30259,0.96426,0.17554,0.15402,0.14895,-0.12461,0.13161,0.098978,-0.1721,0.7531,0.51016,0.31665,0.26524,0.46816,0.67069,0.39212,0.30759,0.68633,0.59312,0.36834,0.50364,0.46587,0.72508,0.29447,0.18286,-0.29602,-0.044369,0.76628,0.72184,0.54409,0.43914,0.67379,1.0138,0.62358,0.8524,0.70609,0.63432,0.062785,0.054019,0.25734,-0.098244,0.62462,0.53935,0.33361,0.49643,0.53468,0.59903,0.23618,0.44998,0.63309,0.56009,0.75431,0.92474,0.37876,0.55434
0.99827,0.40957,0.42725,0.46497,0,0.40905,0.8255,0.35061,0.20089,0.080826,0.55007,-0.20654,-0.031696,-0.10097,0.17107,-0.15968,0.3847,0.31677,0.16396,0.48194,0.34312,0.00048254,0.58095,0.68845,0.96967,-0.044039,0.57979,0.095822,0.67346,0.71427,0.29571,0.24399,0.25714,0.26569,0.49127,0.49287,0.076207,0.39014,0.77303,0.58666,1.2253,0.50848,0.98328,0.54929,-0.082353,-0.064048,0.20613,-0.0019868,0.22516,0.016502,-0.038161,0.36408,0.82726,0.16481,0.20829,0.47399,0.74701,0.33172,-0.024515,0.45171,-0.11669,0.45392,0.2986,0.22888,0.37536,0.28745,0.047728,0.50136,0.10465,0.13735,0.41813,0.036561,0.12204,0.0082225,-0.12071,0.26515,-0.11039,0.305,0.24889,-0.009767,-0.0070601,0.24654,0.2784,0.44712,0.42983,0.58763,0.70777,0.12909,0.20591,0.14715,0.00582,0.705,0.32537,0.41191,0.058391,0.21786,0.032922,0.47401,0.20238,0.39955,0.39686,0.58061,0.47992,0.27514,0.41602
0.29971,0.76416,0.41545,0.68144,0.40905,0,-0.02867,0.88245,0.49015,0.70592,0.10303,0.36168,0.28811,0.54957,0.59965,0.59014,0.74711,0.77499,0.28563,0.21287,0.67204,0.50869,0.86087,0.78379,0.45058,0.58334,0.52687,0.50844,0.74384,0.57775,0.39972,0.82618,0.48694,0.55176,0.29244,0.71981,-0.11646,0.12372,-0.032763,0.19477,0.1312,0.4527,0.47802,0.52552,0.38777,0.72599,0.30741,0.22113,0.7546,0.1389,0.54502,0.7204,0.066556,0.47072,0.27994,0.057339,0.27198,0.23089,0.21452,0.27796,0.59195,0.48403,0.25933,0.31738,0.49173,0.7613,0.53959,0.35826,0.49489,0.41964,0.50128,0.40917,0.61967,0.57173,0.45567,-0.11712,0.21583,0.76105,0.44267,0.26105,0.4083,0.35426,0.51434,0.71285,0.52321,0.52754,0.39348,0.32426,0.29146,0.92643,0.45781,0.6228,1.0027,0.12702,0.68324,0.5358,0.5029,0.13573,0.26605,0.5481,0.50163,0.5316,0.55676,0.27594,0.53443
0.68484,-0.019633,0.37766,0.30496,0.8255,-0.02867,0,0.42596,0.22066,-0.097278,0.93687,-0.0082024,-0.34366,-0.28112,-0.26782,-0.39924,-0.056045,0.17717,-0.053844,0.34856,-0.21199,-0.43971,0.035277,0.13096,0.42352,-0.28488,0.013077,-0.27713,0.18931,0.46761,0.49054,0.17474,-0.034251,-0.01595,0.43449,0.32116,0.2839,0.58108,1.3525,0.68272,0.95286,0.31486,0.39162,0.15569,-0.47812,-0.41017,-0.17473,-0.11601,-0.31029,-0.31759,-0.2935,0.12619,0.72944,-0.12689,-0.00010835,0.11981,0.18858,-0.19232,-0.51,0.58267,-0.29201,0.028099,0.04541,-0.071507,0.031915,-0.11086,-0.2043,0.54212,0.067032,-0.082235,0.037471,-0.43252,-0.11158,-0.47493,-0.61077,0.13346,-0.33996,-0.18068,0.10487,-0.41129,-0.40642,0.06552,0.13634,0.18133,0.23643,0.321,0.42323,-0.23269,-0.1048,-0.12301,-0.37187,0.46413,0.11987,0.73878,0.11134,0.071379,-0.094538,0.30813,0.18005,0.14638,0.15322,0.29585,0.19436,0.51902,0.46044
0.36132,0.40354,0.42627,0.66447,0.35061,0.88245,0.42596,0,1.004,0.72869,0.36978,0.60145,-0.20362,0.13937,0.41517,0.45267,0.43889,0.63626,0.12119,0.3129,0.37824,0.27907,0.50175,0.4735,0.4762,0.51654,0.35945,0.34982,0.68325,0.80435,0.65611,1.0228,0.070406,0.14071,0.11803,0.46562,-0.21267,0.16538,0.26185,0.29342,0.41292,0.61798,0.49523,0.55848,-0.11889,0.20038,0.059658,0.20451,0.31459,-0.39183,0.084824,0.65685,0.26514,0.36045,0.36221,0.046757,0.20414,-0.0057642,-0.11364,0.58613,0.44561,0.35904,0.2293,0.12921,0.27855,0.41284,0.40456,0.5978,0.65483,0.46016,0.4209,0.086639,0.53171,0.19762,0.090108,-0.096419,0.13537,0.22479,0.36119,-0.18544,0.046522,0.17592,0.38753,0.6615,0.48508,0.41126,0.30814,0.073027,0.088854,0.48734,0.022155,0.62511,0.77545,0.26608,0.52771,0.36067,0.26865,0.045405,0.23376,0.37826,0.24115,0.28811,0.26136,0.46068,0.56548
0.23674,0.35428,0.1331,0.33242,0.20089,0.49015,0.22066,1.004,0,1.1094,0.23088,0.53928,-0.31406,-0.028143,0.58095,0.59864,0.56702,0.49795,0.25863,0.36719,0.5003,0.49021,0.47257,0.33007,0.59949,0.81736,0.53132,0.42814,0.8291,0.78694,0.54302,1.074,-0.079204,0.026066,-0.16269,0.1003,-0.46362,-0.053358,0.086896,0.12471,0.34931,0.74533,0.52606,0.73578,-0.13281,0.11906,0.042512,0.071114,0.37075,-0.74943,-0.29908,0.36316,0.20181,0.33493,0.66915,0.25743,0.33955,0.093239,-0.088549,0.34377,0.47771,0.40458,0.31967,-0.010262,0.095102,0.25515,0.2659,0.73671,0.92306,0.74297,0.56951,0.18745,0.58827,0.15728,0.011667,0.031615,0.27714,0.044577,0.20554,-0.25694,0.079402,0.056313,0.1621,0.54962,0.36853,0.25429,0.22075,-0.024287,-0.015469,0.37079,0.03933,0.36423,0.49875,-0.16726,0.073508,0.0079996,-0.054094,-0.14618,-0.015774,0.077967,-0.13236,-0.10517,0.0057052,0.10701,0.20148
0.1285,0.53923,0.13837,0.39535,0.080826,0.70592,-0.097278,0.72869,1.1094,0,0.075624,0.60396,-0.21285,0.073415,0.91211,1.07,0.9706,0.68746,0.47217,0.27071,0.73172,0.83216,0.58311,0.36782,0.49686,0.99954,0.52405,0.44071,0.62641,0.38243,0.28241,1.086,-0.087941,0.038501,-0.26023,0.049935,-0.5107,-0.17889,-0.10317,0.015857,0.070065,0.5943,0.37315,0.63041,0.10537,0.36747,0.14201,-0.071604,0.56172,-0.46632,-0.13847,0.47931,0.049446,0.47896,0.83348,0.20516,0.26185,0.27235,0.052304,0.19192,0.70748,0.36452,0.25808,0.11424,0.31998,0.36401,0.27146,0.58807,1.0847,0.7514,0.59064,0.42284,0.69253,0.38129,0.11366,0.046512,0.45214,0.32348,0.22421,0.17949,0.45423,0.32089,0.40787,0.56064,0.3556,0.27671,0.29634,0.14471,0.046574,0.66395,0.29903,0.14097,0.45442,-0.29382,0.22688,0.084876,0.063144,-0.24356,-0.037328,0.085856,-0.020181,-0.01687,0.16399,0.04477,0.21675
0.18353,-0.29916,0.22335,0.31628,0.55007,0.10303,0.93687,0.36978,0.23088,0.075624,0,0.34253,-0.071613,-0.053058,-0.22607,-0.25134,-0.007779,0.14108,-0.28811,0.096477,-0.2327,-0.25063,-0.083756,-0.13435,0.25188,-0.26282,-0.01004,-0.27359,0.25466,0.35967,0.87828,0.279,0.33202,0.36868,0.8315,0.70118,0.52923,0.81415,1.1927,0.65316,0.41544,0.15214,0.075731,-0.17121,-0.57612,-0.3153,-0.061053,0.070664,-0.38928,-0.411,-0.30671,0.13781,0.19827,-0.31617,-0.2506,-0.30884,-0.11898,-0.25217,-0.29375,0.34895,-0.22341,-0.094383,-0.12181,-0.15464,0.0094583,0.043999,0.18244,0.66432,0.38151,0.26224,0.32322,-0.021877,0.24104,-0.041376,-0.21912,-0.30034,-0.54644,-0.21686,0.012269,-0.26666,-0.19025,-0.13267,0.102,-0.027424,0.15639,0.080136,0.23115,-0.003662,0.13834,0.05279,-0.42629,0.25754,0.025616,0.56951,0.24095,0.0057785,-0.1549,-0.069855,-0.22702,0.1768,-0.0010001,0.48073,0.3336,0.30665,0.22397
-0.41128,-0.24211,0.11359,0.48373,-0.20654,0.36168,-0.0082024,0.60145,0.53928,0.60396,0.34253,0,-0.20456,0.29974,0.16778,0.53164,0.32228,0.41657,-0.084164,-0.00785,-0.033446,0.42753,-0.00091181,-0.29893,0.076622,0.31981,-0.16424,0.021859,0.24398,0.23503,0.75622,0.75806,-0.01682,0.2069,0.086696,0.33761,-0.037245,0.24728,0.11586,0.31343,-0.32185,0.46643,-0.26288,-0.17276,-0.082057,0.27916,-0.36898,0.022926,-0.096249,-0.49467,0.023922,0.51591,-0.44432,-0.10841,0.044033,-0.61046,-0.441,-0.43321,-0.18928,0.21472,0.5044,-0.11379,0.032981,-0.064878,0.095223,-0.068718,0.35587,0.4833,1.088,0.74038,0.48003,0.36326,0.8851,0.28353,0.21649,-0.75944,-0.15873,-0.11406,0.0028586,0.16349,0.36932,0.11199,0.42468,-0.058234,0.035318,-0.09395,0.040074,-0.19277,-0.15818,0.3114,-0.15451,-0.079941,0.10988,-0.13997,0.41442,-0.0014588,0.11492,-0.46706,-0.2072,0.083437,-0.27401,0.1741,0.21068,-0.057516,-0.028782
-0.0658,0.12314,0.13584,0.087827,-0.031696,0.28811,-0.34366,-0.20362,-0.31406,-0.21285,-0.071613,-0.20456,0,1.0159,-0.18505,-0.13062,0.061892,0.17614,-0.12426,-0.066131,0.049781,-0.12923,0.095245,0.14,-0.1656,-0.031301,0.044167,0.07969,-0.03879,-0.20849,0.10257,-0.057396,1.2312,1.0319,0.37344,0.35332,0.52649,0.27272,-0.219,-0.037658,-0.32438,-0.39442,-0.18921,-0.22852,0.35785,0.47046,0.25888,0.22483,0.13714,0.85578,0.68061,-0.071264,-0.27208,-0.052234,-0.39475,-0.23618,-0.1393,0.0027719,0.15098,-0.1897,-0.0035647,-0.010212,-0.14538,0.12774,-0.039412,0.52742,0.32437,-0.021826,-0.14601,-0.067755,0.0077589,0.24373,0.11391,0.26637,0.33645,-0.25602,-0.26351,0.53648,0.19579,0.23643,0.093445,-0.01078,0.03261,0.047209,0.25544,0.14501,0.013475,0.19146,0.24793,0.19461,0.22833,0.37448,0.43944,0.23484,0.28979,0.45235,0.5652,0.1542,0.19185,0.31826,0.3056,0.40199,0.23193,0.015716,0.11113
-0.1076,0.16915,0.3282,0.41828,-0.10097,0.54957,-0.28112,0.13937,-0.028143,0.073415,-0.053058,0.29974,1.0159,0,-0.11846,0.083036,0.27383,0.54809,-0.037979,-0.041315,0.022801,0.098542,0.15281,0.094902,-0.096781,0.19461,-0.13924,0.09473,0.08791,-0.0099896,0.40794,0.36381,0.77729,0.97623,0.27825,0.48633,0.36366,0.31534,-0.16153,0.1464,-0.42766,0.01302,-0.21755,-0.168,0.45868,0.80434,-0.029604,0.15957,0.15653,0.6059,1.0592,0.26751,-0.41611,-0.067369,-0.24971,-0.41327,-0.2684,-0.27839,0.0077456,-0.011791,0.26465,0.064415,-0.0032188,0.18315,0.056631,0.40142,0.38458,0.24049,0.24575,0.22313,0.16128,0.38827,0.48026,0.33245,0.35024,-0.5157,-0.33434,0.59806,0.29179,0.43224,0.43871,0.19574,0.33093,0.17893,0.33214,0.24885,0.11643,-0.025677,0.014332,0.50804,0.25926,0.44773,0.65023,0.20533,0.61857,0.48749,0.71486,0.066894,0.23778,0.42765,0.29109,0.46754,0.39221,0.12586,0.24414
0.16098,0.60851,0.14853,0.30062,0.17107,0.59965,-0.26782,0.41517,0.58095,0.91211,-0.22607,0.16778,-0.18505,-0.11846,0,1.2107,0.73593,0.31248,0.43207,0.078936,1.3822,1.1436,0.73674,0.63516,0.45693,0.59384,0.88862,0.63822,0.70075,0.35625,-0.16926,0.36294,-0.10741,-0.11488,-0.26797,-0.059026,-0.62194,-0.30953,-0.29185,-0.17571,0.13714,0.43406,0.54849,0.76361,0.23508,0.21586,0.40663,0.047262,1.0754,-0.16132,-0.01432,0.67617,0.26987,0.9597,1.0856,0.47706,0.50388,0.65278,0.37184,0.35994,0.86028,0.69207,0.50454,0.38193,0.54659,0.34277,0.28753,0.066307,0.41528,0.4663,0.51051,0.51643,0.38144,0.49329,0.43252,0.34621,0.92567,0.43175,0.20165,0.22537,0.30484,0.29704,0.28587,0.49742,0.14799,0.32727,0.11877,0.40089,0.27608,0.34339,0.30276,0.086128,0.30434,-0.41576,0.087331,0.15764,0.090329,-0.018874,0.011571,0.23524,0.24257,0.045691,0.26717,-0.16604,0.038777
-0.11028,0.43735,0.16144,0.36812,-0.15968,0.59014,-0.39924,0.45267,0.59864,1.07,-0.25134,0.53164,-0.13062,0.083036,1.2107,0,0.71935,0.534,0.4764,0.03871,0.77928,1.0141,0.50094,0.30322,0.23585,0.72597,0.42893,0.48116,0.37854,0.11191,-0.0015513,0.50304,-0.080901,-0.021734,-0.28661,-0.067528,-0.43813,-0.2091,-0.41763,-0.131,-0.24445,0.40179,0.14001,0.40352,0.4021,0.49132,0.047049,-0.14904,0.6973,-0.22519,0.04032,0.59632,-0.051471,0.67017,0.80026,0.10221,0.087529,0.23678,0.093273,0.29123,1.3254,0.2685,0.30379,0.21695,0.4048,0.1523,0.16932,0.1223,0.57745,0.40086,0.33905,0.40592,0.46258,0.30677,0.32339,0.021015,0.81883,0.34385,0.23373,0.31466,0.32381,0.3801,0.42724,0.36082,0.15418,0.2244,0.086825,0.083169,-0.035173,0.32705,0.27585,-0.074837,0.30152,-0.4328,0.29758,0.19935,0.2842,-0.1558,0.10196,0.081651,0.079402,-0.0081071,0.21403,-0.18501,0.039068
0.28477,0.62703,0.35624,0.66219,0.3847,0.74711,-0.056045,0.43889,0.56702,0.9706,-0.007779,0.32228,0.061892,0.27383,0.73593,0.71935,0,0.98291,0.85154,0.71725,0.92832,0.81357,1.0062,0.57983,0.97134,0.78793,0.63858,0.30531,0.70235,0.41202,0.153,0.9342,0.14775,0.34269,-0.14397,0.11374,-0.24806,0.095853,0.07413,0.40632,0.17199,0.91128,0.41356,0.61192,0.21271,0.46666,0.27325,-0.022821,0.61018,-0.066839,0.056493,0.58996,0.061819,0.32163,0.65154,0.34781,0.46968,0.49921,0.13883,0.17455,0.48634,0.43029,0.46229,0.4579,0.71891,0.52396,0.3059,0.57582,0.809,0.6613,0.83215,0.56199,0.79608,0.43412,0.17705,0.074184,0.27604,0.70583,0.54779,0.63278,0.77254,0.9487,0.97849,0.72966,0.59545,0.77306,0.96085,0.23054,0.19852,0.4945,0.2997,0.30299,0.47975,-0.27357,0.072047,0.095651,0.15035,-0.14012,0.062603,0.28699,0.20067,0.30196,0.44846,-0.13439,0.12663
0.4451,0.64119,0.93393,1.1757,0.31677,0.77499,0.17717,0.63626,0.49795,0.68746,0.14108,0.41657,0.17614,0.54809,0.31248,0.534,0.98291,0,0.60365,0.49925,0.42203,0.40463,0.75574,0.54598,0.57332,0.6546,0.31888,0.32394,0.42007,0.22994,0.41192,0.94875,0.28986,0.47592,0.078376,0.33015,0.019553,0.27778,0.15114,0.45341,0.12845,0.64746,0.28349,0.39806,0.33735,0.68346,-0.049521,-0.24034,0.3626,0.024405,0.2785,0.58717,0.12234,0.21272,0.3474,0.034437,0.16295,0.059472,-0.29623,0.46409,0.59717,0.21796,0.20207,0.32404,0.49404,0.40143,0.093979,0.80533,0.66594,0.28716,0.34123,0.27323,0.58413,0.11003,-0.057975,-0.11851,0.11275,0.8726,0.78219,0.51849,0.45795,0.84988,0.99272,0.85502,0.98892,0.84439,0.80355,-0.099218,-0.14384,0.4524,0.18675,0.58299,0.78252,0.22989,0.52535,0.51202,0.62397,0.19456,0.54987,0.37769,0.42962,0.41723,0.57285,0.37636,0.65214
0.30215,0.60128,0.28594,0.24248,0.16396,0.28563,-0.053844,0.12119,0.25863,0.47217,-0.28811,-0.084164,-0.12426,-0.037979,0.43207,0.4764,0.85154,0.60365,0,0.6956,0.4738,0.32307,0.75418,0.48463,0.50259,0.72184,0.35686,0.19274,0.25777,0.14215,-0.31947,0.41618,-0.13012,-0.010391,-0.33194,-0.2039,-0.24869,-0.11646,-0.059147,0.21717,0.086486,0.58287,0.21732,0.46257,0.27883,0.25691,0.26985,-0.1189,0.35795,-0.068952,-0.095156,0.037314,0.077979,0.13927,0.5014,0.42437,0.33858,0.45378,0.028788,-0.039009,0.22598,0.068732,0.15811,0.21709,0.41684,0.23445,-0.078268,0.16056,0.22458,-0.010204,0.13125,0.013743,0.11064,0.018732,-0.10073,0.44195,0.5953,0.48735,0.60437,0.46881,0.33308,1.0545,0.62729,0.78706,0.49469,0.73525,0.7602,0.14696,0.043588,0.23674,0.40486,0.050175,0.2389,-0.25336,-0.13825,-0.088139,-0.04347,0.018046,0.23316,-0.18001,0.15416,-0.079302,0.1163,-0.052474,0.085208
0.48572,0.31693,0.19897,0.31463,0.48194,0.21287,0.34856,0.3129,0.36719,0.27071,0.096477,-0.00785,-0.066131,-0.041315,0.078936,0.03871,0.71725,0.49925,0.6956,0,0.2928,0.033091,0.68101,0.45096,0.88953,0.44463,0.43736,0.084165,0.47149,0.41937,0.065637,0.58288,0.0008877,0.1566,-0.2005,-0.067558,-0.17217,0.14322,0.32696,0.52638,0.46749,0.67158,0.32987,0.44554,-0.24116,-0.022543,0.1301,-0.028743,0.11879,-0.26422,-0.29254,0.081191,0.19284,-0.043796,0.23136,0.41168,0.40114,0.28666,-0.20554,0.066768,-0.11606,0.060467,0.18557,0.099402,0.29488,0.28866,0.030499,0.51662,0.36486,0.17333,0.35414,-0.11083,0.26045,-0.024172,-0.27934,0.18608,-0.0065814,0.2295,0.46148,0.084559,0.13989,0.68682,0.56253,0.55495,0.65135,0.60085,1.1837,-0.0020833,0.073582,-0.0056737,-0.090672,0.39978,0.34236,0.0084998,-0.24913,-0.062953,-0.093124,-0.049922,0.13432,-0.014118,0.0039884,0.026542,-0.040067,-0.024235,0.10384
0.31171,0.77596,0.20817,0.3714,0.34312,0.67204,-0.21199,0.37824,0.5003,0.73172,-0.2327,-0.033446,0.049781,0.022801,1.3822,0.77928,0.92832,0.42203,0.4738,0.2928,0,1.0119,0.90521,0.85959,0.7263,0.5298,1.1223,0.54674,0.72244,0.40494,-0.1261,0.38312,0.13119,0.099341,-0.19944,-0.0064503,-0.40896,-0.14189,-0.18071,-0.0077419,0.31105,0.48069,0.72774,1.0079,0.21433,0.24779,0.59615,0.14534,1.2767,0.045851,0.063773,0.65758,0.31,0.8801,0.8839,0.73182,0.8629,0.97161,0.50699,0.29699,0.57432,1.0175,0.78883,0.7064,0.82652,0.63623,0.36761,0.11678,0.29315,0.49258,0.66634,0.60241,0.4257,0.52333,0.40867,0.34106,0.64052,0.66441,0.47191,0.29177,0.41884,0.42046,0.39425,0.6985,0.33511,0.64268,0.39557,0.53635,0.46939,0.28227,0.26364,0.29445,0.41047,-0.33757,-0.022589,0.16147,0.11974,-0.035603,0.029135,0.51203,0.4453,0.20474,0.37942,-0.18551,0.066973
-0.12247,0.3342,0.18354,0.46596,0.00048254,0.50869,-0.43971,0.27907,0.49021,0.83216,-0.25063,0.42753,-0.12923,0.098542,1.1436,1.0141,0.81357,0.40463,0.32307,0.033091,1.0119,0,0.60084,0.33211,0.45854,0.57933,0.61683,0.54882,0.57964,0.28762,-0.00036608,0.46507,-0.044109,0.06917,-0.21561,0.043843,-0.4663,-0.16831,-0.27865,0.024872,-0.076271,0.59315,0.28645,0.46634,0.27186,0.37432,0.26861,0.084261,0.80084,-0.11385,0.064735,0.76752,-0.11461,0.47165,0.62615,0.19815,0.3449,0.51352,0.43833,0.21657,0.84397,0.63292,0.64175,0.58323,0.71097,0.31708,0.41143,0.11789,0.60441,0.7991,0.79744,1.0416,0.78388,0.75434,0.64883,-0.044829,0.47559,0.44387,0.27364,0.54775,0.78017,0.39325,0.49374,0.31863,0.11522,0.27374,0.16893,0.33377,0.25834,0.3101,0.19537,-0.060242,0.11116,-0.67716,-0.036808,-0.03935,0.047304,-0.29014,-0.1488,0.3714,0.12075,0.11066,0.42429,-0.30819,-0.12888
0.6169,0.92514,0.5913,0.68757,0.58095,0.86087,0.035277,0.50175,0.47257,0.58311,-0.083756,-0.00091181,0.095245,0.15281,0.73674,0.50094,1.0062,0.75574,0.75418,0.68101,0.90521,0.60084,0,1.3707,0.82585,0.77619,1.1613,0.81772,1.0208,0.58118,-0.035469,0.64769,0.20426,0.29072,-0.010203,0.2758,-0.38984,-0.061973,-0.025189,0.21145,0.38572,0.65502,0.68112,0.78623,0.22424,0.37174,0.49153,0.078541,0.89154,0.0030806,0.13605,0.52225,0.29064,0.44136,0.48173,0.41169,0.56419,0.60918,0.11174,0.33036,0.46752,0.50557,0.30817,0.34722,0.58036,0.68185,0.27891,0.36852,0.42166,0.25955,0.46828,0.31344,0.42839,0.46925,0.26576,0.27949,0.44201,0.92678,0.61824,0.33627,0.34695,0.70728,0.62535,1.0303,0.81975,0.76477,0.69685,0.35419,0.30119,0.42757,0.3105,0.60372,0.7342,-0.037868,0.091221,0.31328,0.24563,0.26419,0.37578,0.30949,0.45262,0.21618,0.3951,0.19984,0.42297
0.97864,1.2934,0.56571,0.48394,0.68845,0.78379,0.13096,0.4735,0.33007,0.36782,-0.13435,-0.29893,0.14,0.094902,0.63516,0.30322,0.57983,0.54598,0.48463,0.45096,0.85959,0.33211,1.3707,0,0.59728,0.46795,1.0522,0.80587,0.7689,0.49319,-0.13762,0.34548,0.19053,0.14374,0.0043667,0.20906,-0.36541,-0.1589,-0.062207,-0.0025227,0.57985,0.33742,1.0015,1.0279,0.28991,0.29595,0.47071,0.0028038,1.0424,0.18424,0.25234,0.4519,0.63241,0.70113,0.52043,0.66044,0.75679,0.58186,0.088613,0.45008,0.38106,0.67325,0.30676,0.36265,0.46145,0.643,0.10131,0.2026,0.077983,-0.0016914,0.17735,0.099431,0.079102,0.25666,0.12137,0.54217,0.50157,0.93874,0.51372,0.097013,0.083862,0.41135,0.29836,1.0423,0.68738,0.73272,0.46871,0.29574,0.23009,0.36431,0.35663,0.80298,0.87694,0.2139,0.21673,0.57227,0.36919,0.58723,0.57415,0.44224,0.74016,0.17945,0.28822,0.42773,0.68604
0.60754,0.4579,0.32443,0.58488,0.96967,0.45058,0.42352,0.4762,0.59949,0.49686,0.25188,0.076622,-0.1656,-0.096781,0.45693,0.23585,0.97134,0.57332,0.50259,0.88953,0.7263,0.45854,0.82585,0.59728,0,0.39814,0.80547,0.17878,0.83561,0.76483,0.30388,0.64754,0.098098,0.21474,0.046884,0.19001,-0.19902,0.2487,0.47738,0.66068,0.86124,1.1409,0.8774,0.82588,-0.088732,0.078413,0.23741,0.03718,0.37284,-0.21995,-0.22792,0.49089,0.45507,0.22772,0.52042,0.61542,0.94348,0.58673,0.10627,0.30165,0.10241,0.58502,0.65056,0.4216,0.64488,0.38445,0.19296,0.66719,0.48386,0.56612,0.90378,0.31725,0.54995,0.16055,-0.0057405,0.1347,0.057161,0.33813,0.45905,0.20632,0.3546,0.56523,0.61214,0.60887,0.56034,0.73627,1.1072,0.16935,0.22745,0.13956,-0.0029642,0.49297,0.28733,-0.11638,-0.21455,-0.051863,-0.064527,0.025098,0.055301,0.32721,0.15633,0.38158,0.42338,-0.094076,0.11909
0.15564,0.57828,0.22457,0.33832,-0.044039,0.58334,-0.28488,0.51654,0.81736,0.99954,-0.26282,0.31981,-0.031301,0.19461,0.59384,0.72597,0.78793,0.6546,0.72184,0.44463,0.5298,0.57933,0.77619,0.46795,0.39814,0,0.55724,0.74749,0.60304,0.30764,0.044302,0.94174,-0.047633,0.10281,-0.44749,-0.049203,-0.66705,-0.41525,-0.38707,-0.12321,-0.0086408,0.53787,0.28384,0.55548,0.20005,0.45117,0.23863,0.085419,0.43627,-0.30365,-0.027118,0.13782,-0.10995,0.23409,0.49516,0.15931,0.22575,0.31876,0.06594,-0.071652,0.46219,0.16859,0.0096482,-0.024535,0.10124,0.48584,0.31682,0.46311,0.72143,0.4452,0.35366,0.30848,0.57555,0.3914,0.20403,0.06055,0.48169,0.4805,0.39857,0.26083,0.41066,0.37451,0.32733,0.79311,0.67998,0.27903,0.28065,0.16449,0.016907,0.57116,0.39572,0.2645,0.57367,-0.31412,0.031939,0.10475,0.1455,-0.039677,0.22685,-0.17373,-0.088684,-0.15457,-0.033247,0.088489,0.18029
0.53905,0.64438,0.29873,0.37287,0.57979,0.52687,0.013077,0.35945,0.53132,0.52405,-0.01004,-0.16424,0.044167,-0.13924,0.88862,0.42893,0.63858,0.31888,0.35686,0.43736,1.1223,0.61683,1.1613,1.0522,0.80547,0.55724,0,0.86529,1.0659,0.54019,-0.075028,0.35343,0.19271,0.15745,-0.038624,0.13104,-0.45666,-0.15175,-0.053177,-0.0072088,0.56838,0.39752,0.86907,0.87366,-0.0098921,0.039562,0.6218,0.1323,0.86045,-0.14428,-0.17011,0.38676,0.4501,0.56799,0.55171,0.59267,0.79187,0.88165,0.25106,0.3144,0.33552,0.67725,0.37379,0.27745,0.43209,0.63197,0.31644,0.28861,0.29248,0.34546,0.55268,0.37585,0.32232,0.46768,0.28814,0.35526,0.45831,0.54525,0.38201,0.045455,0.1127,0.22845,0.20192,0.67999,0.55774,0.45044,0.35378,0.48363,0.44421,0.15865,0.086586,0.48214,0.43534,-0.13158,-0.15596,0.1763,0.044256,0.18293,0.14114,0.2687,0.28149,0.13222,0.24703,0.035323,0.19352
0.27774,0.54197,0.42342,0.36475,0.095822,0.50844,-0.27713,0.34982,0.42814,0.44071,-0.27359,0.021859,0.07969,0.09473,0.63822,0.48116,0.30531,0.32394,0.19274,0.084165,0.54674,0.54882,0.81772,0.80587,0.17878,0.74749,0.86529,0,0.71665,0.28548,-0.14216,0.29983,0.070426,0.086229,-0.16507,0.10156,-0.63639,-0.51527,-0.4956,-0.38913,0.10245,0.16125,0.48459,0.52774,0.28474,0.31795,0.29027,0.047417,0.69756,-0.090848,0.10038,0.25588,0.12178,0.40445,0.315,0.17589,0.28864,0.32186,0.062499,0.28186,0.61335,0.31282,-0.043985,0.087199,0.098834,0.4568,0.25734,0.1251,0.27556,0.1589,0.15456,0.34078,0.24555,0.5318,0.44668,0.2169,0.60844,0.60422,0.26519,0.075143,0.068825,0.018287,0.012094,0.57897,0.48972,0.12904,-0.0854,0.18459,0.058978,0.25893,0.25203,0.34885,0.51954,-0.056926,0.11624,0.48761,0.32268,0.3765,0.39912,0.14808,0.20863,-0.15531,-0.023195,0.33712,0.35459
0.42196,0.41273,0.33197,0.5336,0.67346,0.74384,0.18931,0.68325,0.8291,0.62641,0.25466,0.24398,-0.03879,0.08791,0.70075,0.37854,0.70235,0.42007,0.25777,0.47149,0.72244,0.57964,1.0208,0.7689,0.83561,0.60304,1.0659,0.71665,0,1.1484,0.31647,0.73339,0.21826,0.33075,0.13598,0.42768,-0.37238,0.051829,0.17248,0.24259,0.51734,0.77707,0.73794,0.6935,-0.10148,0.071159,0.36103,0.27094,0.61268,-0.34172,-0.054109,0.56508,0.26607,0.29131,0.412,0.29234,0.51054,0.34787,0.13774,0.41227,0.34364,0.601,0.34594,0.15687,0.32109,0.50367,0.53508,0.57931,0.69109,0.70993,0.84367,0.44132,0.66245,0.58077,0.36025,0.0908,0.18788,0.37155,0.33036,0.0028302,0.213,0.18176,0.27013,0.66567,0.52095,0.44293,0.37931,0.29912,0.34508,0.38253,0.023907,0.60918,0.56892,-0.044909,0.051956,0.14163,-0.02421,0.086971,-0.016901,0.30878,0.15254,0.23779,0.28912,0.075471,0.17414
0.33669,0.23921,0.15721,0.32402,0.71427,0.57775,0.46761,0.80435,0.78694,0.38243,0.35967,0.23503,-0.20849,-0.0099896,0.35625,0.11191,0.41202,0.22994,0.14215,0.41937,0.40494,0.28762,0.58118,0.49319,0.76483,0.30764,0.54019,0.28548,1.1484,0,0.49617,0.64737,0.10505,0.22586,0.26467,0.49798,-0.18048,0.24653,0.44861,0.50057,0.65542,0.89063,0.7077,0.60933,-0.16941,-0.044435,0.22478,0.40888,0.33818,-0.3445,-0.048583,0.40975,0.26014,0.10071,0.26998,0.282,0.50706,0.1307,0.13202,0.34832,0.11775,0.48578,0.40845,0.15587,0.22997,0.32407,0.44579,0.41018,0.44914,0.58041,0.69834,0.1684,0.44377,0.31671,0.2435,0.11132,0.020639,0.050378,0.21044,-0.25829,0.046469,0.082305,0.20654,0.4759,0.20713,0.42357,0.35723,0.16697,0.30667,0.33165,0.04485,0.48826,0.39771,-0.019898,-0.025602,-0.084517,-0.21777,-0.00043417,-0.11015,0.31948,0.032333,0.22164,0.20183,0.10693,0.12329
0.023821,-0.12658,0.18995,0.46697,0.29571,0.39972,0.49054,0.65611,0.54302,0.28241,0.87828,0.75622,0.10257,0.40794,-0.16926,-0.0015513,0.153,0.41192,-0.31947,0.065637,-0.1261,-0.00036608,-0.035469,-0.13762,0.30388,0.044302,-0.075028,-0.14216,0.31647,0.49617,0,0.67431,0.45229,0.59194,0.62264,0.79247,0.35522,0.69528,0.56557,0.60154,0.17414,0.38284,0.089611,-0.023333,-0.1484,0.21934,-0.28408,0.10529,-0.18704,-0.26295,0.064643,0.33478,-0.053683,-0.18565,-0.15586,-0.37528,-0.10884,-0.42721,-0.23224,0.26506,0.096334,0.068109,0.10856,-0.066877,-0.014489,0.11143,0.30618,0.83068,0.62686,0.5853,0.48812,0.17306,0.63709,0.032672,-0.0040546,-0.72037,-0.59538,-0.10312,0.058848,-0.16786,0.075611,-0.12739,0.19187,0.018089,0.20899,0.073737,0.19773,-0.21915,-0.069176,0.29515,-0.18776,0.42139,0.31982,0.28316,0.4118,0.1123,0.16663,-0.12748,-0.072746,0.32556,-0.081768,0.4864,0.36365,0.18647,0.24515
0.22762,0.41782,0.3235,0.66552,0.24399,0.82618,0.17474,1.0228,1.074,1.086,0.279,0.75806,-0.057396,0.36381,0.36294,0.50304,0.9342,0.94875,0.41618,0.58288,0.38312,0.46507,0.64769,0.34548,0.64754,0.94174,0.35343,0.29983,0.73339,0.64737,0.67431,0,0.11805,0.34451,-0.027494,0.3682,-0.2608,0.12877,0.17923,0.40386,0.17655,0.86458,0.30217,0.45922,-0.034486,0.42709,0.083075,0.13198,0.28055,-0.38737,0.034801,0.48346,-0.044056,0.12403,0.3569,-0.0088196,0.15043,0.057429,-0.082095,0.17908,0.38455,0.25545,0.20348,0.081541,0.27154,0.49236,0.43378,0.97966,1.318,0.80131,0.6927,0.32712,1.0071,0.36021,0.085448,-0.23479,-0.0037443,0.34655,0.36986,0.16991,0.49947,0.44705,0.63244,0.64256,0.63949,0.41293,0.58878,0.066876,0.068089,0.7505,0.17801,0.49363,0.71713,-0.042275,0.28448,0.11063,0.1454,-0.19269,0.073499,0.17926,0.0050271,0.19841,0.2715,0.20184,0.35394
0.0085275,0.072692,0.27938,0.3209,0.25714,0.48694,-0.034251,0.070406,-0.079204,-0.087941,0.33202,-0.01682,1.2312,0.77729,-0.10741,-0.080901,0.14775,0.28986,-0.13012,0.0008877,0.13119,-0.044109,0.20426,0.19053,0.098098,-0.047633,0.19271,0.070426,0.21826,0.10505,0.45229,0.11805,0,1.617,0.8729,0.841,0.73726,0.63917,0.12767,0.28749,-0.066339,-0.11088,-0.022292,-0.13424,0.17154,0.35626,0.31634,0.34625,0.13691,0.45405,0.44296,0.10808,-0.18528,-0.10873,-0.44265,-0.26558,-0.033525,0.043646,0.18623,0.014469,0.01302,0.11289,0.014623,0.21146,0.17156,0.60661,0.50929,0.18529,0.02323,0.12468,0.27793,0.33053,0.30699,0.32626,0.3863,-0.42957,-0.31829,0.44848,0.40249,0.14497,0.073029,-0.011,0.13609,0.17518,0.37712,0.31937,0.18755,0.30332,0.43253,0.18773,0.033352,0.48349,0.42029,0.32691,0.34123,0.35285,0.38901,0.064098,0.043645,0.50789,0.40212,0.70718,0.52184,0.047287,0.14547
-0.053324,0.013925,0.35326,0.47911,0.26569,0.55176,-0.01595,0.14071,0.026066,0.038501,0.36868,0.2069,1.0319,0.97623,-0.11488,-0.021734,0.34269,0.47592,-0.010391,0.1566,0.099341,0.06917,0.29072,0.14374,0.21474,0.10281,0.15745,0.086229,0.33075,0.22586,0.59194,0.34451,1.617,0,0.77603,0.88619,0.67355,0.73671,0.21211,0.50535,-0.11754,0.12944,-0.072291,-0.16916,0.18073,0.43739,0.18178,0.30163,0.066372,0.33874,0.43345,0.17152,-0.3323,-0.28138,-0.42132,-0.37154,-0.091682,-0.064851,0.074233,0.016131,0.067716,0.016829,-0.0075687,0.19829,0.18858,0.55713,0.56976,0.36768,0.2758,0.30995,0.4558,0.4495,0.55207,0.42024,0.40419,-0.52635,-0.41202,0.47318,0.44824,0.30228,0.25692,0.1628,0.36135,0.21075,0.44242,0.38196,0.33925,0.17635,0.31606,0.27421,0.039912,0.4439,0.42554,0.23767,0.31349,0.26754,0.34967,-0.027097,0.019679,0.44863,0.223,0.73285,0.5396,0.029379,0.10091
0.046425,-0.17217,0.29265,0.30512,0.49127,0.29244,0.43449,0.11803,-0.16269,-0.26023,0.8315,0.086696,0.37344,0.27825,-0.26797,-0.28661,-0.14397,0.078376,-0.33194,-0.2005,-0.19944,-0.21561,-0.010203,0.0043667,0.046884,-0.44749,-0.038624,-0.16507,0.13598,0.26467,0.62264,-0.027494,0.8729,0.77603,0,1.3626,0.90818,0.95073,0.61499,0.56617,0.13192,-0.039056,0.00035748,-0.30057,0.0098939,0.066566,0.050654,0.19756,-0.13335,0.19426,0.24198,0.15616,0.0062632,-0.27777,-0.5708,-0.42987,-0.15297,-0.22536,-0.014047,0.23309,-0.094169,-0.035494,-0.059462,0.052726,0.11119,0.13864,0.23085,0.14009,-0.050989,-0.017469,0.15034,0.070634,0.09261,0.089935,0.18184,-0.39834,-0.45945,0.045644,0.11063,-0.06448,-0.14644,-0.12991,0.077565,-0.084739,0.044758,0.1401,0.089381,0.10716,0.26371,0.093928,-0.11335,0.25962,0.080128,0.52146,0.3869,0.17083,0.12445,0.15021,-0.041767,0.41978,0.30126,0.75088,0.62833,0.23948,0.22591
0.10809,0.04603,0.43329,0.59015,0.49287,0.71981,0.32116,0.46562,0.1003,0.049935,0.70118,0.33761,0.35332,0.48633,-0.059026,-0.067528,0.11374,0.33015,-0.2039,-0.067558,-0.0064503,0.043843,0.2758,0.20906,0.19001,-0.049203,0.13104,0.10156,0.42768,0.49798,0.79247,0.3682,0.841,0.88619,1.3626,0,0.48367,0.68877,0.45638,0.54692,0.13947,0.19068,0.12006,-0.098015,0.038166,0.28757,0.17587,0.37215,0.070104,0.13012,0.41712,0.40478,-0.072099,-0.14602,-0.41717,-0.45562,-0.097723,-0.1245,0.088334,0.24517,0.083231,0.13726,0.010482,0.11604,0.23263,0.4263,0.5367,0.33303,0.26077,0.25337,0.37736,0.28293,0.45517,0.40739,0.39552,-0.52779,-0.39404,0.2749,0.24246,0.072439,0.13827,0.018491,0.277,0.17082,0.28299,0.23002,0.19445,0.25711,0.36953,0.4608,0.026708,0.48807,0.39117,0.43547,0.54753,0.27345,0.24626,0.10494,0.031531,0.53104,0.36611,0.83916,0.76901,0.35951,0.39211
-0.20529,-0.44754,0.17079,0.08395,0.076207,-0.11646,0.2839,-0.21267,-0.46362,-0.5107,0.52923,-0.037245,0.52649,0.36366,-0.62194,-0.43813,-0.24806,0.019553,-0.24869,-0.17217,-0.40896,-0.4663,-0.38984,-0.36541,-0.19902,-0.66705,-0.45666,-0.63639,-0.37238,-0.18048,0.35522,-0.2608,0.73726,0.67355,0.90818,0.48367,0,1.2051,0.55441,0.57202,-0.14962,-0.25133,-0.4394,-0.64679,-0.053702,-0.072533,-0.089914,0.096402,-0.46491,0.35644,0.19935,-0.12753,-0.20878,-0.54302,-0.72559,-0.47522,-0.36531,-0.36235,-0.12208,0.050271,-0.30331,-0.31024,-0.11312,0.12961,0.052454,-0.027166,0.058165,-0.029543,-0.26777,-0.21419,-0.075769,-0.062561,-0.10397,-0.18597,-0.064916,-0.36669,-0.58927,-0.051737,0.2217,0.0416,-0.16978,-0.0038249,0.12286,-0.21207,-0.058262,0.2049,0.10493,-0.04144,0.13156,-0.23309,-0.27715,-0.003321,-0.1512,0.48517,0.21646,0.017227,0.083253,-0.079459,-0.10713,0.27766,0.20062,0.58301,0.38595,0.036611,-0.042171
-0.024877,-0.32136,0.32882,0.42999,0.39014,0.12372,0.58108,0.16538,-0.053358,-0.17889,0.81415,0.24728,0.27272,0.31534,-0.30953,-0.2091,0.095853,0.27778,-0.11646,0.14322,-0.14189,-0.16831,-0.061973,-0.1589,0.2487,-0.41525,-0.15175,-0.51527,0.051829,0.24653,0.69528,0.12877,0.63917,0.73671,0.95073,0.68877,1.2051,0,0.98356,1.2219,0.12956,0.2335,-0.16251,-0.31971,-0.20674,-0.08777,-0.11348,0.11122,-0.27839,0.079984,0.09789,0.26303,-0.039596,-0.37591,-0.37757,-0.34662,-0.16976,-0.2839,-0.19683,0.35057,-0.1177,-0.068856,0.18746,0.21629,0.28128,0.024053,0.18386,0.31617,0.11334,0.13458,0.31272,0.053577,0.23476,-0.090259,-0.051978,-0.42674,-0.6266,-0.019933,0.34688,0.045523,-0.0329,0.23284,0.46649,-0.026654,0.11391,0.44708,0.4378,-0.051973,0.1794,-0.14156,-0.4272,0.21119,0.017502,0.41069,0.22336,-0.02885,0.05279,-0.14467,-0.11856,0.43279,0.18761,0.85305,0.65875,0.0015854,0.018673
0.33338,-0.24731,0.29116,0.33688,0.77303,-0.032763,1.3525,0.26185,0.086896,-0.10317,1.1927,0.11586,-0.219,-0.16153,-0.29185,-0.41763,0.07413,0.15114,-0.059147,0.32696,-0.18071,-0.27865,-0.025189,-0.062207,0.47738,-0.38707,-0.053177,-0.4956,0.17248,0.44861,0.56557,0.17923,0.12767,0.21211,0.61499,0.45638,0.55441,0.98356,0,1.1524,0.67111,0.38836,0.1786,-0.054815,-0.56458,-0.4412,-0.063948,0.051283,-0.40562,-0.2438,-0.27595,0.1644,0.34528,-0.36653,-0.15853,-0.033663,0.11253,-0.12583,-0.25811,0.38559,-0.39514,-0.0046111,0.12259,0.094919,0.21613,-0.040802,0.031765,0.50709,0.17113,0.14751,0.31912,-0.11364,0.11181,-0.19858,-0.35097,-0.065104,-0.5613,-0.17899,0.16446,-0.1302,-0.10464,0.17675,0.32744,0.062295,0.13298,0.37542,0.55338,-0.038766,0.13775,-0.11474,-0.4389,0.24287,-0.09231,0.48862,-0.0021523,-0.16435,-0.26979,-0.028725,-0.15968,0.24342,0.083026,0.54109,0.39952,0.21176,0.139
0.12887,-0.1473,0.38877,0.58897,0.58666,0.19477,0.68272,0.29342,0.12471,0.015857,0.65316,0.31343,-0.037658,0.1464,-0.17571,-0.131,0.40632,0.45341,0.21717,0.52638,-0.0077419,0.024872,0.21145,-0.0025227,0.66068,-0.12321,-0.0072088,-0.38913,0.24259,0.50057,0.60154,0.40386,0.28749,0.50535,0.56617,0.54692,0.57202,1.2219,1.1524,0,0.33746,0.7371,0.059603,-0.048506,-0.21033,-0.034172,-0.067974,0.10215,-0.20662,-0.086428,-0.039839,0.33474,0.010553,-0.40057,-0.15936,-0.11544,0.086392,-0.078467,-0.14926,0.28881,-0.12443,0.0060028,0.31404,0.32461,0.48605,0.075559,0.17144,0.46787,0.31848,0.29379,0.54076,0.11441,0.41324,-0.011354,-0.074243,-0.2742,-0.47461,0.050665,0.4407,0.21869,0.22401,0.58095,0.82729,0.17108,0.24479,0.63031,0.91033,-0.036496,0.15873,-0.02877,-0.27181,0.2074,0.008469,0.17517,-0.005387,-0.19803,-0.10633,-0.1845,-0.09628,0.34923,0.095679,0.67509,0.61156,-0.017454,0.02138
1.1061,0.35569,0.29726,0.2622,1.2253,0.1312,0.95286,0.41292,0.34931,0.070065,0.41544,-0.32185,-0.32438,-0.42766,0.13714,-0.24445,0.17199,0.12845,0.086486,0.46749,0.31105,-0.076271,0.38572,0.57985,0.86124,-0.0086408,0.56838,0.10245,0.51734,0.65542,0.17414,0.17655,-0.066339,-0.11754,0.13192,0.13947,-0.14962,0.12956,0.67111,0.33746,0,0.43343,1.1775,0.75798,-0.35803,-0.35583,0.2255,0.045478,0.12973,-0.20806,-0.30948,0.19987,1.1266,0.22856,0.32733,0.72589,0.95835,0.41999,-0.02505,0.43358,-0.25784,0.53452,0.34172,0.18469,0.24873,0.2254,-0.030023,0.43706,0.0049064,0.093434,0.27931,-0.12069,-0.025308,-0.15051,-0.29854,0.43301,-0.025567,0.091375,0.2111,-0.28904,-0.17933,0.066027,0.051115,0.47694,0.38813,0.45077,0.49342,0.12751,0.17038,-0.040746,-0.15053,0.6398,0.2097,0.35344,-0.17549,0.071066,-0.1418,0.39684,0.18224,0.2657,0.27975,0.24359,0.17536,0.33594,0.37521
0.26529,0.26323,0.34789,0.64948,0.50848,0.4527,0.31486,0.61798,0.74533,0.5943,0.15214,0.46643,-0.39442,0.01302,0.43406,0.40179,0.91128,0.64746,0.58287,0.67158,0.48069,0.59315,0.65502,0.33742,1.1409,0.53787,0.39752,0.16125,0.77707,0.89063,0.38284,0.86458,-0.11088,0.12944,-0.039056,0.19068,-0.25133,0.2335,0.38836,0.7371,0.43343,0,0.48935,0.57561,-0.008352,0.15724,-0.018491,0.051195,0.2604,-0.39131,-0.11898,0.57306,0.12638,0.050934,0.47523,0.29112,0.47742,0.19483,0.011611,0.32992,0.28965,0.38625,0.58886,0.33962,0.54229,0.13007,0.21671,0.601,0.71705,0.69161,0.82669,0.33044,0.70878,0.18099,0.084618,-0.02387,0.098879,0.19641,0.47274,0.28049,0.48278,0.64317,0.74671,0.56726,0.39362,0.65604,0.81102,-0.022636,0.027524,0.21462,-0.00082075,0.25931,0.21487,-0.2558,-0.099746,-0.17689,-0.12014,-0.12607,-0.014454,0.20603,-0.0022757,0.24786,0.36774,-0.11766,0.0071377
1.016,0.83009,0.28314,0.29573,0.98328,0.47802,0.39162,0.49523,0.52606,0.37315,0.075731,-0.26288,-0.18921,-0.21755,0.54849,0.14001,0.41356,0.28349,0.21732,0.32987,0.72774,0.28645,0.68112,1.0015,0.8774,0.28384,0.86907,0.48459,0.73794,0.7077,0.089611,0.30217,-0.022292,-0.072291,0.00035748,0.12006,-0.4394,-0.16251,0.1786,0.059603,1.1775,0.48935,0,1.4658,0.11801,0.089031,0.29659,-0.00353,0.62506,-0.052802,-0.060315,0.37061,0.98228,0.6197,0.68044,1.0009,1.453,0.58877,0.16451,0.40979,0.16147,0.86741,0.47362,0.33957,0.35223,0.39932,0.033105,0.3315,0.095945,0.21535,0.36308,0.12588,0.096925,0.081508,-0.0061202,0.54802,0.34697,0.37835,0.20067,-0.12178,0.017799,0.083,0.050368,0.65456,0.37074,0.46347,0.37607,0.15886,0.12193,0.2554,0.271,0.64712,0.45021,0.10337,-0.025728,0.28824,0.080118,0.49959,0.30506,0.39481,0.37726,0.13991,0.17565,0.2867,0.46027
0.78557,1.0861,0.18862,0.23906,0.54929,0.52552,0.15569,0.55848,0.73578,0.63041,-0.17121,-0.17276,-0.22852,-0.168,0.76361,0.40352,0.61192,0.39806,0.46257,0.44554,1.0079,0.46634,0.78623,1.0279,0.82588,0.55548,0.87366,0.52774,0.6935,0.60933,-0.023333,0.45922,-0.13424,-0.16916,-0.30057,-0.098015,-0.64679,-0.31971,-0.054815,-0.048506,0.75798,0.57561,1.4658,0,0.1724,0.1863,0.31902,-0.024851,0.89825,-0.12895,-0.071774,0.38834,0.70801,0.8206,1.0103,1.2248,1.3199,0.65643,0.20083,0.32044,0.33272,0.96271,0.64069,0.39498,0.42991,0.42542,0.02633,0.27969,0.19327,0.2746,0.34899,0.12857,0.15415,0.095882,-0.018247,0.58705,0.58377,0.42328,0.32601,-0.072907,0.13735,0.23497,0.13353,0.84807,0.40056,0.55701,0.41819,0.16919,0.10437,0.30318,0.33205,0.52522,0.5434,-0.11458,-0.050938,0.1969,0.058664,0.25903,0.26132,0.32255,0.35487,-0.061523,0.069527,0.14444,0.36765
0.0068917,0.55204,0.16129,0.10317,-0.082353,0.38777,-0.47812,-0.11889,-0.13281,0.10537,-0.57612,-0.082057,0.35785,0.45868,0.23508,0.4021,0.21271,0.33735,0.27883,-0.24116,0.21433,0.27186,0.22424,0.28991,-0.088732,0.20005,-0.0098921,0.28474,-0.10148,-0.16941,-0.1484,-0.034486,0.17154,0.18073,0.0098939,0.038166,-0.053702,-0.20674,-0.56458,-0.21033,-0.35803,-0.008352,0.11801,0.1724,0,1.1721,-0.15532,-0.33117,0.47262,0.65227,0.6841,0.1205,-0.06991,0.32102,0.21176,0.091318,0.10401,-0.011457,0.067507,-0.033791,0.61294,0.074735,0.054037,0.2182,0.10342,0.027386,-0.23156,-0.23643,-0.16381,-0.2108,-0.18974,0.14607,-0.069174,0.0029763,0.23902,0.10675,0.43304,0.52293,0.054747,0.43465,0.2222,0.20348,0.12571,0.11507,-0.020631,0.12637,-0.039242,-0.23041,-0.35133,0.33504,0.88937,-0.0081552,0.26948,-0.15413,0.35187,0.44923,0.63707,0.42855,0.53066,0.13887,0.24455,0.020715,0.15377,0.033265,0.23718
0.015193,0.60408,0.26318,0.39944,-0.064048,0.72599,-0.41017,0.20038,0.11906,0.36747,-0.3153,0.27916,0.47046,0.80434,0.21586,0.49132,0.46666,0.68346,0.25691,-0.022543,0.24779,0.37432,0.37174,0.29595,0.078413,0.45117,0.039562,0.31795,0.071159,-0.044435,0.21934,0.42709,0.35626,0.43739,0.066566,0.28757,-0.072533,-0.08777,-0.4412,-0.034172,-0.35583,0.15724,0.089031,0.1863,1.1721,0,-0.07286,-0.1373,0.45245,0.4787,0.75432,0.31822,-0.21553,0.28621,0.14397,-0.097241,0.02088,-0.0115,0.073258,-0.054103,0.6605,0.1288,0.078529,0.23698,0.20614,0.32552,0.075423,0.12709,0.24488,0.12225,0.096447,0.33514,0.3813,0.22436,0.32431,-0.25756,0.18364,0.66993,0.14851,0.53491,0.50559,0.31907,0.37285,0.22473,0.25423,0.15859,0.17096,-0.11303,-0.20664,0.66991,0.81041,0.23615,0.58069,-0.11089,0.53272,0.53598,0.82518,0.20994,0.4807,0.27983,0.2587,0.17767,0.30112,0.1044,0.39191
