,,,,,,,,,,,,,,,,,,,,,,,,,,,,,,,,,,,,,,,,,,,,,,,,,,,,,,,,,,,,,,,,,,,,,,,,,,,,,,,,,,,,,,,,,,,,,,,,,,,,,,,,
0,0.86351,0.41856,0.41787,0.61964,0.25287,0.4259,0.070852,0.060702,0.49277,0.35189,-0.066123,-0.11885,-0.085656,0.21564,0.30557,0.2609,0.60603,0.52989,0.37071,0.05084,-0.018253,0.56166,0.79073,0.47572,0.47459,0.39609,0.55382,0.34654,0.13326,0.11675,0.52656,-0.051335,-0.12551,0.18688,0.12578,-0.20547,-0.32385,0.15242,-0.060983,0.42622,0.37151,0.82242,0.54289,0.36875,0.46373,0.17071,-0.21558,0.10316,-0.029138,-0.026858,-0.059726,0.47325,0.17073,0.29472,0.14196,0.058097,0.35105,0.038694,0.20583,0.095345,-0.00090521,-0.23382,-0.44363,-0.2145,0.034116,-0.31211,0.63685,0.49212,-0.27398,-0.38785,-0.10052,-0.098548,-0.10877,-0.14981,0.42039,0.36524,0.26347,0.18719,0.18198,0.19442,0.31424,0.24298,0.51552,0.49789,0.229,0.37066,0.099452,-0.030502,0.46391,0.39582,0.061076,0.16723,0.36518,0.24254,0.16844,0.024886,0.32176,0.28382,-0.45208,-0.045794,-0.34956,-0.20008,0.31337,0.50993
0.86351,0,0.21348,0.19933,0.18828,0.6641,-0.2639,0.18519,0.31592,0.86881,-0.26597,-0.14375,0.11038,0.15516,0.68269,1.0283,0.64161,0.72184,0.73195,0.2795,0.51188,0.36269,0.77383,1.1258,0.32923,0.79599,0.45773,0.56362,0.15865,-0.15775,-0.21231,0.59751,0.014133,-0.086573,-0.1534,-0.13605,-0.4096,-0.62673,-0.46785,-0.45852,-0.026085,0.20346,0.61971,1.1103,0.67877,0.75217,0.085787,-0.31796,0.70844,0.28795,0.32604,0.091535,0.37878,0.72876,0.75111,0.48419,0.3133,0.3345,-0.01201,-0.0002941,0.44571,0.29843,0.12613,-0.15154,0.031082,0.11968,-0.42387,0.31839,0.30637,-0.26695,-0.35184,-0.18113,-0.26365,-0.2121,-0.21096,0.46367,0.65463,0.47964,0.29043,0.27063,0.36264,0.43111,0.18294,0.65832,0.45467,0.29761,0.36165,-0.0051323,-0.13827,0.48781,0.59547,0.14187,0.59759,-0.0092711,0.37191,0.35356,0.39863,0.32847,0.47383,-0.16117,0.22893,-0.42023,-0.16651,0.19003,0.62148
0.41856,0.21348,0,1.4914,0.19108,0.21127,0.2659,0.046165,-0.38092,0.33554,0.37828,0.18394,0.14344,0.16619,-0.33129,-0.005143,0.29081,0.67744,0.21348,0.11808,-0.15051,0.15362,0.30036,0.42965,0.13426,0.35891,-0.19221,0.23094,0.00044701,-0.14646,0.15168,0.47464,0.11833,0.0051784,0.28524,0.20966,0.5329,0.11964,0.59801,0.46411,0.02904,0.83114,-0.063256,-0.18967,0.16398,0.16076,-0.1693,-0.23168,-0.21087,0.38141,0.43946,0.18332,-0.159,-0.21417,-0.10097,-0.40327,-0.3565,-0.37234,-0.43223,0.546,0.30548,-0.2396,-0.23194,0.074998,0.12981,-0.037178,0.0075522,0.28288,0.52316,-0.14807,-0.28008,0.18239,0.29007,0.11741,0.034116,0.33895,0.19941,0.62675,0.44733,0.49684,0.29997,0.69738,0.66387,0.83876,0.75516,0.71092,0.21681,-0.22295,-0.23074,-0.038169,-0.2047,0.53835,0.47231,0.58839,0.54196,0.48924,0.4124,0.51393,0.40682,0.11899,0.32599,0.095423,-0.0029558,0.89453,0.73456
0.41787,0.19933,1.4914,0,0.20124,0.32531,0.32042,0.22772,-0.17594,0.43313,0.36301,0.45313,0.059604,0.1917,-0.3684,0.070667,0.21698,0.58641,0.058674,-0.0032084,-0.20817,0.089448,0.24823,0.30152,0.11755,0.33935,-0.0503,0.35611,0.076094,-0.13328,0.21096,0.65386,0.093478,0.029125,0.29717,0.30578,0.36925,0.14924,0.54838,0.47388,0.037264,0.8433,-0.044938,-0.20036,0.101,0.196,-0.091089,-0.21528,-0.23724,0.19451,0.32753,0.090267,-0.20989,-0.25481,-0.17867,-0.49943,-0.38218,-0.31892,-0.40265,0.67689,0.43803,-0.23882,-0.20034,0.067265,0.20971,0.065632,0.018041,0.46203,0.81135,0.0061199,-0.16646,0.24238,0.47125,0.16178,0.027704,0.10452,0.21293,0.51982,0.43677,0.47389,0.23028,0.4354,0.54992,0.62995,0.73778,0.56648,0.15882,-0.17183,-0.18238,-0.0021147,-0.2268,0.35781,0.3713,0.7372,0.66093,0.36623,0.37803,0.35863,0.41599,0.19399,0.32527,0.12728,0.07548,0.85341,0.80445
0.61964,0.18828,0.19108,0.20124,0,0.33966,0.53333,-0.032278,-0.040223,-0.097666,0.55178,-0.11013,0.336,0.24731,0.31321,-0.18291,0.23681,0.34185,0.25882,0.42768,0.37519,0.16794,0.57079,0.42384,0.73297,-0.074788,0.49416,0.25019,0.7511,0.45861,0.16649,0.17802,0.4746,0.39638,0.54358,0.4624,0.17362,0.17662,0.39052,0.35149,0.68417,0.067353,0.44707,0.16111,-0.18674,0.013033,0.36812,0.21096,0.18298,0.3033,0.18385,0.14022,0.6829,0.13097,0.084579,0.026282,0.33519,0.43074,0.14267,-0.043607,-0.44264,0.38621,-0.042444,-0.098307,-0.054482,0.33123,0.16202,0.76234,0.40868,0.21654,0.36856,-0.002695,-0.0094693,0.056346,-0.014408,0.028326,-0.13572,0.36122,0.35061,0.4764,0.56026,0.2659,0.20489,0.19669,0.32461,0.23271,0.66972,0.37859,0.394,0.32132,0.18096,0.17323,-0.011977,0.20561,-0.13612,0.052486,-0.16354,0.14318,-0.2067,-0.090086,0.011538,-0.12123,-0.042317,0.084592,0.10609
0.25287,0.6641,0.21127,0.32531,0.33966,0,-0.16512,0.71536,0.50777,0.54295,-0.19412,0.28434,0.41221,0.59217,0.57782,0.62316,0.48673,0.52708,0.30208,0.12227,0.62459,0.36098,0.5779,0.6245,0.13201,0.4741,0.30226,0.43681,0.37065,0.069086,-0.1231,0.67522,0.3506,0.23702,0.045258,0.11761,-0.10653,-0.22839,-0.28221,-0.16755,-0.069939,0.18991,0.15571,0.48635,0.098743,0.28293,0.10364,0.010069,0.63675,0.47251,0.80402,0.12177,0.23925,0.5889,0.33942,0.092894,0.2397,-0.01689,-0.1915,0.045637,0.28509,0.50623,0.2217,0.05011,0.18927,0.32361,0.049962,0.55412,0.52248,0.17585,0.11235,-0.20162,-0.12887,-0.14198,-0.17436,-0.0049723,0.36877,0.52182,0.6436,0.36337,0.42737,0.24062,0.012132,0.59474,0.56079,0.3337,0.37147,0.047861,0.060382,0.30632,0.18956,0.35194,0.87078,0.292,0.67313,0.50849,0.55344,0.23862,0.25694,0.27592,0.49087,-0.17473,-0.076921,0.31884,0.58759
0.4259,-0.2639,0.2659,0.32042,0.53333,-0.16512,0,0.16008,-0.11526,-0.22615,0.96208,0.2389,-0.35793,-0.28813,-0.47712,-0.63301,-0.41641,-0.06211,-0.062657,0.10956,-0.64981,-0.63076,-0.17464,-0.18229,0.15846,-0.21344,-0.24582,-0.12865,0.086241,0.46927,0.43716,0.15268,-0.15477,-0.12885,0.50263,0.36949,0.1633,0.22735,1.0083,0.57632,0.62223,0.31449,0.2168,-0.29532,-0.24877,-0.15535,0.18817,0.24339,-0.76364,-0.3221,-0.31564,-0.27688,0.1951,-0.49723,-0.39795,-0.44414,-0.29899,-0.043502,0.018314,0.22544,-0.38969,-0.32909,-0.40346,-0.3139,-0.2288,-0.0010684,0.17366,0.37988,0.2484,-0.064503,-0.061367,-0.085613,0.060707,-0.021357,0.027896,0.021459,-0.1248,-0.31626,-0.14345,-0.21884,-0.2692,-0.077546,0.032661,-0.096532,0.050515,-0.16414,0.087204,0.14877,0.16092,0.12747,0.0062933,-0.02404,-0.23833,0.72409,0.098528,-0.084154,-0.28486,0.093403,0.0014822,-0.24987,-0.22642,-0.008326,-0.069918,0.32926,0.14224
0.070852,0.18519,0.046165,0.22772,-0.032278,0.71536,0.16008,0,0.69429,0.4401,-0.22745,0.59326,-0.28929,-0.071962,0.021824,0.35846,-0.11178,-0.017851,-0.1094,-0.10122,-0.073794,-0.29078,-0.022349,0.08454,-0.15456,0.37354,-0.096763,0.16916,-0.050526,0.051725,-0.16992,0.43454,-0.24345,-0.25924,-0.2899,-0.15496,-0.44055,-0.44158,-0.080966,-0.24611,0.19194,0.35598,-0.049289,0.17132,-0.26226,-0.12006,-0.23231,-0.15529,0.021094,-0.30963,0.11036,-0.27157,0.066177,0.24772,0.21569,-0.030261,-0.037759,-0.43843,-0.49763,0.15761,0.32146,-0.14211,-0.19806,-0.32605,-0.097061,-0.1872,-0.19067,0.24314,0.26171,-0.21834,-0.31039,-0.62644,-0.34294,-0.46329,-0.47237,-0.049208,0.41688,-0.072145,0.19692,-0.23528,-0.31508,-0.25425,-0.31484,0.27507,0.31235,-0.065501,-0.10491,-0.25563,-0.23176,-0.1798,-0.17911,0.039163,0.37788,0.36025,0.70627,0.27048,0.34918,0.19051,0.33537,-0.0043589,0.11011,-0.18472,-0.25137,0.55305,0.59293
0.060702,0.31592,-0.38092,-0.17594,-0.040223,0.50777,-0.11526,0.69429,0,0.36533,-0.3975,0.33309,-0.074801,0.10814,0.40151,0.55961,-0.088541,-0.017323,0.075248,-0.037316,0.167,-0.20668,0.019644,-0.048506,0.05302,0.46217,0.26819,0.2623,0.09887,-0.048831,-0.21869,0.27858,-0.060129,-0.02203,-0.30161,-0.22754,-0.84695,-0.56506,-0.63031,-0.53368,0.066703,0.091124,0.13598,0.53586,-0.028745,0.097554,0.044653,0.018093,0.26536,-0.27502,-0.12015,-0.54295,0.30806,0.47813,0.49188,0.29664,0.26432,0.063289,-0.10069,-0.15959,0.25788,0.17272,0.041927,-0.43418,-0.19991,-0.059454,-0.24884,0.38095,0.21955,-0.038053,-0.090789,-0.57456,-0.47329,-0.69004,-0.37688,-0.087063,0.56435,-0.12125,0.19332,-0.33565,-0.23338,-0.44247,-0.66113,0.053088,0.13555,-0.31942,-0.036823,-0.087908,-0.11679,0.039063,0.19224,-0.26946,0.1597,-0.020877,0.22036,-0.11316,0.078531,0.044651,0.3392,-0.2568,-0.15292,-0.53996,-0.36149,-0.092328,0.17963
0.49277,0.86881,0.33554,0.43313,-0.097666,0.54295,-0.22615,0.4401,0.36533,0,-0.36591,0.22285,-0.23548,-0.088486,0.17828,1.1179,0.49449,0.37362,0.29917,0.087741,0.17713,0.1982,0.28348,0.53655,0.15728,0.91787,0.2791,0.54083,-0.059079,-0.39827,-0.3698,0.68938,-0.3469,-0.40205,-0.46372,-0.41836,-0.4591,-0.6989,-0.26549,-0.40105,-0.019077,0.67008,0.37189,0.70636,0.35063,0.27876,-0.26419,-0.66181,0.17232,-0.05515,0.057271,-0.16784,-0.051728,0.30175,0.48743,0.35369,0.14802,-0.10437,-0.44979,0.29569,0.91999,-0.11555,0.013807,-0.11031,0.19604,-0.19437,-0.58599,0.2212,0.56159,-0.16447,-0.40284,-0.14185,-0.072689,-0.24576,-0.40673,0.53895,1.0511,0.29702,0.17929,0.074857,-0.034299,0.2239,0.051026,0.61934,0.48202,0.21087,0.050447,-0.44242,-0.56574,0.031509,0.012663,0.044484,0.48426,0.22344,0.66396,0.30551,0.3903,0.30435,0.60005,-0.062918,0.20887,-0.29366,-0.3467,0.35367,0.69444
0.35189,-0.26597,0.37828,0.36301,0.55178,-0.19412,0.96208,-0.22745,-0.3975,-0.36591,0,0.26243,0.086759,0.082538,-0.43082,-0.73355,-0.36241,0.20577,-0.13356,0.12667,-0.46387,-0.3824,-0.14012,-0.13,0.11594,-0.41652,-0.2305,-0.043422,0.19794,0.47826,0.89426,0.069156,0.29465,0.24022,1.1576,0.77185,0.58687,0.49713,1.0411,0.75307,0.21466,0.1598,0.091042,-0.45115,-0.062345,0.1139,0.37326,0.4452,-0.51593,0.033919,-0.049192,-0.12012,-0.014053,-0.58513,-0.57121,-0.6836,-0.49306,0.094277,0.36425,0.1427,-0.49695,-0.17566,-0.36364,-0.23359,-0.28921,0.17634,0.4473,0.41044,0.35726,0.22571,0.021114,0.2207,0.24959,0.29313,0.42899,-0.089956,-0.29949,-0.031969,0.12271,0.023516,0.18166,0.011591,0.24171,-0.056814,0.028131,0.047334,0.17324,0.40604,0.44126,0.30759,0.13688,-0.16698,-0.38527,0.50581,-0.028496,-0.20317,-0.46491,-0.21644,-0.37291,-0.16671,-0.30234,-0.083436,-0.11143,0.10554,-0.09234
-0.066123,-0.14375,0.18394,0.45313,-0.11013,0.28434,0.2389,0.59326,0.33309,0.22285,0.26243,0,-0.072742,0.25398,-0.44726,0.10102,-0.38087,0.13271,-0.40034,-0.28076,-0.41872,-0.36953,-0.27785,-0.30484,-0.38853,0.053284,-0.21783,0.31234,0.047867,0.16119,0.49688,0.53243,0.084825,0.1396,0.28695,0.43734,0.057836,0.16149,0.1563,0.17773,-0.24209,0.27257,-0.23105,-0.32982,-0.037923,0.17781,-0.13412,0.0041385,-0.34347,-0.27117,0.08714,-0.30681,-0.42941,-0.36271,-0.3338,-0.75612,-0.68419,-0.52938,-0.17577,0.34403,0.33198,-0.38277,-0.44002,-0.36963,-0.30379,-0.098198,0.027497,0.37748,0.74882,0.12524,-0.19495,-0.087317,0.20869,-0.030446,0.025541,-0.39091,0.12898,-0.01839,0.22083,-0.1111,-0.13797,-0.37426,-0.062694,0.016849,0.1142,-0.046921,-0.2382,-0.21046,-0.15534,0.095658,-0.085257,-0.34033,-0.086511,0.47267,0.52137,-0.10744,-0.023916,-0.17112,0.054208,-0.069413,-0.23334,-0.2177,-0.30841,0.33214,0.25281
-0.11885,0.11038,0.14344,0.059604,0.336,0.41221,-0.35793,-0.28929,-0.074801,-0.23548,0.086759,-0.072742,0,1.5651,0.39735,0.022221,0.44456,0.60682,0.29261,0.27393,0.72978,0.60054,0.64504,0.35197,0.13281,0.067085,0.29437,0.27025,0.58597,0.25126,0.20331,0.15052,1.7385,1.4682,0.49208,0.51745,0.64423,0.54507,-0.12998,0.31258,-0.35171,-0.24387,-0.25655,-0.097735,0.1098,0.31,0.33469,0.40566,0.62423,1.0668,0.8839,0.42329,0.10691,0.198,0.025123,-0.1506,0.065846,0.245,0.24721,-0.17041,-0.15372,0.56118,0.16987,0.27328,0.018115,0.70076,0.51855,0.28514,0.18636,0.32117,0.49481,0.29968,0.25537,0.3404,0.39859,-0.23663,-0.3092,0.9074,0.81019,0.87293,1.1579,0.44552,0.4627,0.31658,0.24309,0.69816,0.51037,0.37163,0.46349,0.30491,0.20993,0.26898,0.27479,-0.18614,-0.20186,0.079142,0.077342,-0.091743,-0.24511,0.20813,0.12043,0.0059289,0.12144,-0.14229,-0.13281
-0.085656,0.15516,0.16619,0.1917,0.24731,0.59217,-0.28813,-0.071962,0.10814,-0.088486,0.082538,0.25398,1.5651,0,0.3329,0.16993,0.32442,0.64591,0.19812,0.085262,0.53025,0.46149,0.54832,0.27924,-0.080527,0.13543,0.27492,0.45069,0.65575,0.28671,0.31291,0.37876,1.3647,1.3969,0.54237,0.68049,0.51527,0.54786,-0.1999,0.25614,-0.52597,-0.2139,-0.24777,-0.11834,0.21128,0.44875,0.30963,0.37596,0.5303,0.82365,0.96426,0.33937,0.01661,0.13537,-0.053281,-0.34921,-0.13354,0.092383,0.18696,0.032769,0.062206,0.46467,0.083299,0.17688,-0.026193,0.69925,0.48042,0.42549,0.42276,0.34505,0.40912,0.29786,0.34722,0.33773,0.4041,-0.34628,-0.20291,0.80773,0.75748,0.72042,0.82987,0.28284,0.37477,0.29064,0.24378,0.57644,0.32999,0.27917,0.35019,0.48435,0.2794,0.19912,0.35646,0.050517,0.06676,0.11036,0.16119,-0.057291,-0.077521,0.21611,0.14133,-7.0881e-05,0.12919,-0.016468,0.026862
0.21564,0.68269,-0.33129,-0.3684,0.31321,0.57782,-0.47712,0.021824,0.40151,0.17828,-0.43082,-0.44726,0.39735,0.3329,0,0.58664,0.41548,0.1364,0.33582,0.017308,1.1522,0.62329,0.57561,0.62683,0.18278,0.19301,0.62713,0.30835,0.46607,0.06502,-0.40399,-0.092037,0.26167,0.20182,-0.141,-0.1268,-0.41008,-0.40109,-0.77856,-0.67308,0.055922,-0.3923,0.48082,0.90876,0.25156,0.24025,0.31432,0.10654,1.4565,0.45204,0.38764,0.37399,0.88061,1.4564,0.89992,0.77859,0.83178,0.60473,0.27423,-0.1595,0.09768,1.1254,0.54163,0.15905,0.14089,0.34927,0.00040263,0.081446,-0.14488,0.12169,0.26727,-0.032956,-0.32863,-0.051236,0.01164,0.18931,0.24315,0.31813,0.11208,0.2238,0.40755,0.056256,-0.23046,0.12843,-0.028721,0.016192,0.18585,0.31899,0.24254,0.37592,0.49926,0.17805,0.3984,-0.29876,0.0020463,0.2635,0.22465,0.2187,0.043996,0.1436,0.30936,-0.17771,0.096649,-0.24702,0.063843
0.30557,1.0283,-0.005143,0.070667,-0.18291,0.62316,-0.63301,0.35846,0.55961,1.1179,-0.73355,0.10102,0.022221,0.16993,0.58664,0,0.46919,0.35367,0.31617,-0.025114,0.47186,0.36477,0.41151,0.57816,-0.017267,0.84209,0.49868,0.71504,0.1277,-0.27737,-0.39744,0.4938,-0.11961,-0.13047,-0.52119,-0.34873,-0.59706,-0.666,-0.85222,-0.7588,-0.26871,0.14227,0.32148,0.84467,0.52111,0.48352,-0.15955,-0.492,0.63627,0.065046,0.24118,0.0033053,0.095383,0.64156,0.76986,0.47205,0.25542,0.046613,-0.20396,0.13737,0.91632,0.1481,0.10616,-0.10236,0.0322,-0.045272,-0.52603,0.13733,0.30607,-0.16813,-0.30072,-0.13841,-0.15038,-0.21175,-0.26939,0.31639,0.78563,0.35689,0.18263,0.14212,0.073182,0.080398,-0.043318,0.43149,0.25023,0.18321,-0.037319,-0.29104,-0.39494,0.19918,0.27242,-0.027936,0.49072,-0.10971,0.41135,0.26377,0.42536,0.21591,0.48188,-0.08563,0.14959,-0.32333,-0.2237,0.097816,0.43327
0.2609,0.64161,0.29081,0.21698,0.23681,0.48673,-0.41641,-0.11178,-0.088541,0.49449,-0.36241,-0.38087,0.44456,0.32442,0.41548,0.46919,0,0.68418,0.88468,0.64967,0.79863,0.73737,0.98727,0.84711,0.54657,0.57439,0.38845,0.21395,0.1462,-0.3846,-0.43177,0.42918,0.24014,0.19453,-0.26094,-0.25289,0.10114,-0.09102,-0.22756,0.016608,-0.076288,0.15606,0.10406,0.46608,0.22819,0.21122,-0.11141,-0.40237,0.56605,0.55985,0.39018,0.33171,0.12425,0.34603,0.34576,0.48035,0.50032,0.16976,-0.32829,-0.11131,0.1809,0.29015,0.26315,0.42249,0.5528,0.248,-0.2365,0.225,0.24763,-0.061023,0.18622,0.061473,0.058791,-0.014688,-0.33636,0.2736,0.14503,0.77904,0.47093,0.89576,0.6402,1.0932,0.56795,0.70416,0.64659,0.74963,0.85033,-0.16106,-0.18165,0.047814,0.031266,0.55637,0.68198,-0.088439,0.079701,0.50421,0.51053,0.31359,0.27778,0.2419,0.56457,0.09483,0.12645,0.12013,0.33794
0.60603,0.72184,0.67744,0.58641,0.34185,0.52708,-0.06211,-0.017851,-0.017323,0.37362,0.20577,0.13271,0.60682,0.64591,0.1364,0.35367,0.68418,0,0.67812,0.54445,0.29362,0.29057,0.81048,0.79542,0.33404,0.59366,0.16528,0.53079,0.23265,-0.074765,0.30963,0.81169,0.55883,0.45847,0.31565,0.29897,0.32264,0.060346,-0.0063512,0.21275,-0.22365,0.2728,0.094631,0.21048,0.54411,0.8225,-0.054265,-0.22741,0.33483,0.54281,0.58478,0.13205,0.034601,0.085231,0.1198,-0.14187,-0.11657,-0.00051226,-0.15766,0.037971,0.16236,0.040746,-0.23982,-0.14127,-0.12159,0.17685,-0.16912,0.70916,0.6524,-0.16842,-0.23013,-0.016101,0.05596,-0.066969,-0.09032,0.075274,0.095532,0.91993,0.8738,0.75294,0.77745,0.77321,0.71991,0.88992,0.86822,0.80919,0.72454,-0.10518,-0.11695,0.37647,0.32884,0.25575,0.48896,0.17814,0.25983,0.3779,0.38765,0.23956,0.29506,-0.12644,0.098591,-0.23415,-0.1308,0.38821,0.52446
0.52989,0.73195,0.21348,0.058674,0.25882,0.30208,-0.062657,-0.1094,0.075248,0.29917,-0.13356,-0.40034,0.29261,0.19812,0.33582,0.31617,0.88468,0.67812,0,1.0222,0.43916,0.19899,0.89035,0.7096,0.58876,0.75232,0.20315,0.094125,0.14023,-0.094272,-0.25652,0.56394,0.19907,0.12941,-0.079051,-0.1498,0.008487,-0.16615,-0.15825,0.041728,0.015077,0.21978,0.21863,0.53257,0.28403,0.34977,0.16667,-0.073607,0.32845,0.33962,0.18526,-0.019387,0.29352,0.2841,0.36957,0.397,0.28139,0.33999,-0.055432,-0.36689,-0.1013,0.18178,0.088135,-0.034859,0.067679,0.25866,-0.16515,0.30616,0.1785,-0.33716,-0.090083,-0.25114,-0.19699,-0.25054,-0.28038,0.38564,0.281,0.42614,0.44444,0.42532,0.4241,0.95737,0.41225,0.75558,0.61731,0.55781,0.97849,0.061515,0.0019324,0.30448,0.37919,0.38868,0.55838,-0.041917,-0.0098945,0.23138,0.19186,0.25144,0.28811,-0.28704,0.18263,-0.32744,-0.17266,-0.0057679,0.22451
0.37071,0.2795,0.11808,-0.0032084,0.42768,0.12227,0.10956,-0.10122,-0.037316,0.087741,0.12667,-0.28076,0.27393,0.085262,0.017308,-0.025114,0.64967,0.54445,1.0222,0,0.28094,-0.054063,0.58907,0.3851,0.89278,0.4269,0.16442,-0.051581,0.10185,-0.014239,-0.09356,0.42853,0.29291,0.21888,-0.015392,-0.11431,0.15899,-0.0062988,0.16587,0.33443,0.2284,0.28592,0.0053071,0.21147,-0.13573,0.062181,0.083656,-0.04936,0.062251,0.11569,-0.06421,-0.27603,0.095134,-0.044514,0.10201,0.25843,0.2243,0.2782,-0.08663,-0.64423,-0.48698,-0.079742,-0.18291,-0.21093,-0.085521,0.12511,-0.1335,0.43006,0.24283,-0.23228,-0.033423,-0.37892,-0.21122,-0.29503,-0.4035,0.16851,0.018075,0.31461,0.6293,0.38974,0.43838,0.71646,0.44657,0.57698,0.65171,0.56447,1.3879,0.068866,0.092757,-0.01826,0.062129,0.091832,0.090742,-0.15295,-0.32557,-0.07268,-0.16067,-0.12526,-0.12819,-0.44661,-0.1544,-0.36961,-0.40778,-0.10782,-0.05987
0.05084,0.51188,-0.15051,-0.20817,0.37519,0.62459,-0.64981,-0.073794,0.167,0.17713,-0.46387,-0.41872,0.72978,0.53025,1.1522,0.47186,0.79863,0.29362,0.43916,0.28094,0,1.0798,0.87573,0.71735,0.40965,0.27467,0.70804,0.31807,0.52702,0.038074,-0.39991,0.03511,0.56609,0.45793,-0.10297,-0.065817,-0.045025,-0.11509,-0.55763,-0.28694,0.035474,-0.23708,0.22243,0.61809,0.067087,0.11753,0.17218,0.017547,1.3457,0.70004,0.56691,0.49509,0.49983,0.91626,0.61198,0.64489,0.88,0.47778,0.089985,-0.29453,0.017185,1.015,0.57648,0.32605,0.25273,0.40864,0.049877,0.12326,-0.016517,0.22798,0.47984,0.049246,-0.099576,0.054428,-0.050702,0.04982,0.064202,0.66125,0.42943,0.66109,0.82767,0.36526,0.080527,0.33258,0.22636,0.38322,0.49147,0.20534,0.2082,0.15513,0.15974,0.36294,0.41855,-0.44222,-0.15724,0.25216,0.23512,0.13462,-0.1169,0.23583,0.34623,-0.10692,0.052556,-0.24599,-0.01563
-0.018253,0.36269,0.15362,0.089448,0.16794,0.36098,-0.63076,-0.29078,-0.20668,0.1982,-0.3824,-0.36953,0.60054,0.46149,0.62329,0.36477,0.73737,0.29057,0.19899,-0.054063,1.0798,0,0.64352,0.64645,0.18613,0.16373,0.48051,0.35937,0.34131,-0.057534,-0.20294,-0.030651,0.40613,0.34104,-0.007676,0.017747,0.22715,0.10051,-0.34413,-0.13122,-0.1121,-0.17589,0.23391,0.34229,0.32127,0.19585,-0.017348,-0.15661,0.80567,0.86248,0.67518,0.96387,0.2391,0.53178,0.31162,0.3434,0.56603,0.23862,-0.010599,0.12066,0.28713,0.76406,0.67845,0.71828,0.46248,0.34522,0.071002,-0.067688,-0.052866,0.30486,0.4911,0.52891,0.30821,0.3833,0.17674,0.05154,-0.072029,0.69535,0.16424,0.80724,0.72695,0.45726,0.29244,0.23056,0.12103,0.41003,0.19158,0.0046811,0.0075613,0.12349,0.023087,0.59531,0.44563,-0.24524,-0.016378,0.47554,0.47933,0.33243,0.050225,0.5744,0.53731,0.26234,0.38056,-0.028644,0.10835
0.56166,0.77383,0.30036,0.24823,0.57079,0.5779,-0.17464,-0.022349,0.019644,0.28348,-0.14012,-0.27785,0.64504,0.54832,0.57561,0.41151,0.98727,0.81048,0.89035,0.58907,0.87573,0.64352,0,1.2757,0.51071,0.6336,0.68557,0.57342,0.66026,0.13038,-0.19376,0.52275,0.56261,0.51649,0.074405,0.181,0.10407,0.045007,-0.17584,0.063285,0.13303,0.056259,0.20158,0.39929,0.18171,0.33687,0.17356,-0.10603,0.76395,0.55488,0.5407,0.44861,0.47692,0.48623,0.44096,0.26087,0.32795,0.3898,-0.068192,-0.031948,0.094261,0.40382,0.061728,0.05794,0.07676,0.46733,-0.064726,0.414,0.30916,-0.20164,0.1118,0.012279,0.067649,0.09094,-0.10986,0.15398,0.059388,1.089,0.64694,1.0413,0.86828,0.84153,0.64005,0.80075,0.66738,0.9106,0.79928,0.16173,0.11389,0.32003,0.22153,0.49411,0.55181,-0.08196,-0.024219,0.29784,0.26521,0.34139,0.1786,-0.066683,0.27135,-0.089441,0.086968,0.19586,0.37932
0.79073,1.1258,0.42965,0.30152,0.42384,0.6245,-0.18229,0.08454,-0.048506,0.53655,-0.13,-0.30484,0.35197,0.27924,0.62683,0.57816,0.84711,0.79542,0.7096,0.3851,0.71735,0.64645,1.2757,0,0.34222,0.66954,0.47169,0.63563,0.42184,0.060419,-0.19266,0.42566,0.24814,0.13899,-0.027102,-0.0086507,-0.008154,-0.26224,-0.17791,-0.20079,0.14744,0.15169,0.45974,0.64057,0.40244,0.42649,0.018961,-0.29312,0.75256,0.49347,0.56034,0.48292,0.47828,0.62209,0.57329,0.37272,0.32339,0.25613,-0.12111,0.1443,0.26795,0.34289,0.066429,0.02343,0.050646,0.22346,-0.19674,0.27492,0.21245,-0.27112,-0.16647,0.003513,-0.078944,0.058614,-0.12047,0.42289,0.25636,0.84965,0.43642,0.66576,0.62055,0.70672,0.46164,0.91478,0.60015,0.70704,0.48577,0.03117,-0.046115,0.30065,0.25141,0.51399,0.68511,0.047226,0.25189,0.5972,0.44954,0.49584,0.26661,-0.012018,0.34519,-0.12835,-0.00066427,0.37693,0.57256
0.47572,0.32923,0.13426,0.11755,0.73297,0.13201,0.15846,-0.15456,0.05302,0.15728,0.11594,-0.38853,0.13281,-0.080527,0.18278,-0.017267,0.54657,0.33404,0.58876,0.89278,0.40965,0.18613,0.51071,0.34222,0,0.25298,0.44979,-0.020095,0.11848,-0.12173,-0.17147,0.20559,0.1814,0.064192,0.020623,-0.12865,-0.042433,-0.1626,0.18589,0.24499,0.64424,0.39079,0.35772,0.43445,-0.16163,-0.0075257,0.16766,-0.080976,0.1302,0.17368,-0.15064,-0.18848,0.37254,0.1636,0.27361,0.46776,0.6821,0.5352,-0.02478,-0.49384,-0.36477,0.21677,0.16808,-0.041312,0.15939,0.099824,-0.1914,0.4972,0.23762,0.061977,0.20533,-0.1985,-0.16385,-0.31033,-0.36304,0.19284,0.13655,0.26342,0.4006,0.38365,0.48243,0.49593,0.21105,0.32542,0.53708,0.24414,1.0346,0.12497,0.11739,-0.078641,0.031478,0.10143,-0.029406,-0.21127,-0.3581,-0.10071,-0.12523,0.027734,-0.051245,-0.21133,-0.033302,-0.3206,-0.23792,-0.1576,0.028373
0.47459,0.79599,0.35891,0.33935,-0.074788,0.4741,-0.21344,0.37354,0.46217,0.91787,-0.41652,0.053284,0.067085,0.13543,0.19301,0.84209,0.57439,0.59366,0.75232,0.4269,0.27467,0.16373,0.6336,0.66954,0.25298,0,0.28571,0.5516,0.099825,-0.20743,-0.33416,0.79825,-0.028332,-0.053998,-0.40725,-0.34388,-0.26698,-0.44709,-0.32128,-0.23755,0.0096906,0.61011,0.11985,0.54356,0.2524,0.27426,-0.2013,-0.43128,0.24916,0.020813,0.13566,-0.1641,0.11032,0.32821,0.54294,0.30391,0.10512,-0.044963,-0.46994,0.072994,0.54755,-0.10304,-0.10063,-0.27475,-0.084052,-0.060672,-0.44073,0.32607,0.38344,-0.47813,-0.42906,-0.31029,-0.12508,-0.39005,-0.44047,0.37407,0.6852,0.49053,0.52456,0.24249,0.098089,0.44482,0.21236,1.0484,0.8342,0.53644,0.30151,-0.34698,-0.42658,-0.031372,-0.0058745,0.26996,0.6466,0.081494,0.3343,0.26276,0.38629,0.40499,0.66962,-0.35584,0.055731,-0.36892,-0.34506,0.32293,0.56229
0.39609,0.45773,-0.19221,-0.0503,0.49416,0.30226,-0.24582,-0.096763,0.26819,0.2791,-0.2305,-0.21783,0.29437,0.27492,0.62713,0.49868,0.38845,0.16528,0.20315,0.16442,0.70804,0.48051,0.68557,0.47169,0.44979,0.28571,0,0.75798,0.87554,0.17951,-0.21603,0.19525,0.29186,0.32927,-0.051973,0.094176,-0.28387,-0.049588,-0.36136,-0.19188,0.22162,-0.10959,0.42897,0.47517,0.040581,0.14069,0.32172,-0.048297,0.58257,0.10978,0.03807,0.11395,0.3932,0.37453,0.37211,0.37836,0.49372,0.70693,0.20148,-0.0058021,0.14373,0.43445,0.19455,-0.035991,0.037374,0.37928,-0.092954,0.39828,0.30162,0.21592,0.34289,0.19294,0.19467,0.17955,0.0050807,5.4177e-05,0.10408,0.40901,0.22383,0.42477,0.36503,0.053235,0.087435,0.10601,0.15631,0.22267,0.22895,0.26612,0.20059,0.26651,0.15714,-0.071604,-0.033058,-0.23696,-0.29027,-0.21157,-0.16083,-0.055442,-0.068631,-0.14424,-0.050612,-0.090292,0.047525,-0.28629,-0.064858
0.55382,0.56362,0.23094,0.35611,0.25019,0.43681,-0.12865,0.16916,0.2623,0.54083,-0.043422,0.31234,0.27025,0.45069,0.30835,0.71504,0.21395,0.53079,0.094125,-0.051581,0.31807,0.35937,0.57342,0.63563,-0.020095,0.5516,0.75798,0,0.78379,0.30099,0.1685,0.51614,0.291,0.34202,0.11501,0.27674,-0.089483,-0.031667,-0.25235,-0.20266,-0.043757,0.094216,0.38531,0.29957,0.42178,0.52786,0.013654,-0.24411,0.38076,0.060895,0.27796,0.1535,0.17349,0.19304,0.27091,-0.046528,-0.047335,0.11794,-0.02705,0.51736,0.61177,0.064193,-0.21867,-0.25889,-0.32816,0.18241,-0.16657,0.50652,0.62464,-0.0092791,-0.12547,0.23318,0.28954,0.22154,0.10758,0.035761,0.2366,0.5797,0.34064,0.41337,0.26301,-0.0033178,0.21128,0.38132,0.298,0.39925,-0.03797,-0.070816,-0.1168,0.35726,0.19164,-0.055656,0.14218,0.15646,0.21079,0.12218,0.11586,0.17215,0.17643,-0.20171,-0.15641,-0.2207,-0.14663,0.23465,0.30918
0.34654,0.15865,0.00044701,0.076094,0.7511,0.37065,0.086241,-0.050526,0.09887,-0.059079,0.19794,0.047867,0.58597,0.65575,0.46607,0.1277,0.1462,0.23265,0.14023,0.10185,0.52702,0.34131,0.66026,0.42184,0.11848,0.099825,0.87554,0.78379,0,0.72821,0.12902,0.21311,0.71117,0.76244,0.4488,0.60651,0.16071,0.36216,-0.032736,0.089244,0.16447,-0.19821,0.23971,0.065911,-0.074377,0.09457,0.50345,0.33902,0.40085,0.2467,0.33312,0.2955,0.44932,0.17321,0.072312,-0.09176,0.086924,0.45286,0.31186,0.19721,-0.073624,0.4686,0.0073559,-0.080696,-0.19827,0.6159,0.3787,0.53699,0.41777,0.30457,0.44572,0.30015,0.34682,0.44135,0.31525,-0.16243,-0.14126,0.49325,0.38115,0.53367,0.48551,0.033156,0.14805,0.17538,0.15717,0.37926,0.20925,0.49097,0.48596,0.47999,0.15523,0.10825,0.032578,0.14187,-0.12068,-0.071131,-0.22428,-0.001574,-0.27595,-0.10294,-0.045247,-0.052766,0.052161,-0.10772,-0.1028
0.13326,-0.15775,-0.14646,-0.13328,0.45861,0.069086,0.46927,0.051725,-0.048831,-0.39827,0.47826,0.16119,0.25126,0.28671,0.06502,-0.27737,-0.3846,-0.074765,-0.094272,-0.014239,0.038074,-0.057534,0.13038,0.060419,-0.12173,-0.20743,0.17951,0.30099,0.72821,0,0.52344,0.059198,0.42953,0.46637,0.69236,0.73426,0.30677,0.49633,0.27425,0.2889,0.20581,-0.23981,0.21782,-0.18195,-0.086619,0.081376,0.55368,0.70055,-0.014991,0.054517,0.16459,0.11294,0.28569,-0.093775,-0.20434,-0.35665,-0.17171,0.29537,0.5523,0.065258,-0.35069,0.16511,-0.11724,-0.19738,-0.53717,0.52635,0.63722,0.16343,0.04259,0.18895,0.24559,0.18232,0.23546,0.46217,0.58943,-0.19954,-0.31911,-0.024246,0.013225,0.013194,0.1191,-0.21796,0.04034,-0.1712,-0.26899,0.044743,-0.044102,0.59191,0.67727,0.48776,0.28721,-0.099119,-0.23963,0.14994,-0.20729,-0.22878,-0.45338,-0.23932,-0.49334,-0.20917,-0.41882,-0.14171,-0.098985,-0.10199,-0.29983
0.11675,-0.21231,0.15168,0.21096,0.16649,-0.1231,0.43716,-0.16992,-0.21869,-0.3698,0.89426,0.49688,0.20331,0.31291,-0.40399,-0.39744,-0.43177,0.30963,-0.25652,-0.09356,-0.39991,-0.20294,-0.19376,-0.19266,-0.17147,-0.33416,-0.21603,0.1685,0.12902,0.52344,0,0.16005,0.40267,0.41118,1.0736,0.91874,0.56413,0.61175,0.36955,0.47853,-0.21506,-0.1494,0.06569,-0.4121,0.31111,0.5211,0.13499,0.29314,-0.31967,0.045515,0.11446,-0.02941,-0.22463,-0.56872,-0.71538,-0.90815,-0.6082,-0.060272,0.37544,0.099607,-0.2663,-0.14021,-0.29802,-0.24618,-0.51988,0.14536,0.30402,0.39237,0.26125,0.26154,-0.012653,0.28705,0.35569,0.28265,0.48548,-0.55434,-0.52615,-0.094014,0.078488,2.582e-05,0.15891,-0.18169,0.18043,-0.24228,-0.10035,-0.0633,-0.025172,0.16566,0.24102,0.45134,0.29229,-0.24459,-0.35632,0.29985,-0.023699,-0.13852,-0.19213,-0.3002,-0.27583,-0.11544,-0.43845,-0.045835,-0.0035101,0.020565,-0.15538
0.52656,0.59751,0.47464,0.65386,0.17802,0.67522,0.15268,0.43454,0.27858,0.68938,0.069156,0.53243,0.15052,0.37876,-0.092037,0.4938,0.42918,0.81169,0.56394,0.42853,0.03511,-0.030651,0.52275,0.42566,0.20559,0.79825,0.19525,0.51614,0.21311,0.059198,0.16005,0,0.17386,0.16248,0.13788,0.24258,0.052102,0.011668,0.045718,0.24894,-0.16717,0.56765,0.081956,0.19022,0.26168,0.51832,0.046689,-0.15219,0.0010735,0.10262,0.29287,-0.23262,-0.17243,-0.092847,-0.018986,-0.2525,-0.26601,-0.090031,-0.24715,0.11057,0.32952,-0.17919,-0.23604,-0.25113,-0.048898,0.22289,-0.14472,0.72282,1.0642,-0.12472,-0.22009,-0.15468,0.1856,-0.10385,-0.19286,0.045294,0.37547,0.43059,0.59309,0.3403,0.23034,0.46042,0.46105,0.70261,0.75405,0.53172,0.47151,-0.12148,-0.14092,0.40066,0.21038,0.10247,0.47124,0.45772,0.50166,0.13135,0.22532,0.0739,0.40673,-0.21833,0.053791,-0.28579,-0.26744,0.38618,0.57812
-0.051335,0.014133,0.11833,0.093478,0.4746,0.3506,-0.15477,-0.24345,-0.060129,-0.3469,0.29465,0.084825,1.7385,1.3647,0.26167,-0.11961,0.24014,0.55883,0.19907,0.29291,0.56609,0.40613,0.56261,0.24814,0.1814,-0.028332,0.29186,0.291,0.71117,0.42953,0.40267,0.17386,0,1.8143,0.74611,0.78656,0.67562,0.65404,0.011985,0.42408,-0.21151,-0.22749,-0.22739,-0.19149,-0.013586,0.29215,0.42687,0.52598,0.46084,0.7582,0.69983,0.31287,0.10697,0.078004,-0.10067,-0.29783,-0.032816,0.28846,0.35773,-0.21417,-0.30724,0.49361,0.06408,0.083431,-0.15583,0.68786,0.58818,0.43035,0.28741,0.37614,0.48309,0.24501,0.27828,0.33946,0.42735,-0.42076,-0.39727,0.73843,0.8766,0.78684,1.18,0.2893,0.40272,0.24398,0.25354,0.60024,0.53289,0.49613,0.61277,0.33601,0.19178,0.12955,0.066993,-0.14476,-0.26414,-0.079942,-0.11421,-0.22482,-0.43328,0.070961,-0.046677,-0.1169,0.021024,-0.18169,-0.21012
-0.12551,-0.086573,0.0051784,0.029125,0.39638,0.23702,-0.12885,-0.25924,-0.02203,-0.40205,0.24022,0.1396,1.4682,1.3969,0.20182,-0.13047,0.19453,0.45847,0.12941,0.21888,0.45793,0.34104,0.51649,0.13899,0.064192,-0.053998,0.32927,0.34202,0.76244,0.46637,0.41118,0.16248,1.8143,0,0.6547,0.8089,0.61443,0.82817,-0.031427,0.45012,-0.25055,-0.351,-0.29297,-0.29759,-0.0099067,0.26838,0.36866,0.47486,0.38991,0.56178,0.53601,0.31782,0.09555,-0.012643,-0.15297,-0.35175,-0.095537,0.25056,0.31551,-0.10806,-0.23087,0.36244,-0.041163,0.08938,-0.17624,0.70807,0.53243,0.3879,0.27457,0.30241,0.53062,0.30694,0.38275,0.39903,0.42702,-0.51074,-0.511,0.65827,0.66111,0.74181,0.86211,0.19536,0.42726,0.10027,0.12673,0.52786,0.41132,0.40983,0.51643,0.33546,0.18044,0.049657,-0.016339,-0.13837,-0.3371,-0.148,-0.15053,-0.2249,-0.35968,0.049322,-0.12603,-0.00043965,0.12364,-0.17492,-0.23729
0.18688,-0.1534,0.28524,0.29717,0.54358,0.045258,0.50263,-0.2899,-0.30161,-0.46372,1.1576,0.28695,0.49208,0.54237,-0.141,-0.52119,-0.26094,0.31565,-0.079051,-0.015392,-0.10297,-0.007676,0.074405,-0.027102,0.020623,-0.40725,-0.051973,0.11501,0.4488,0.69236,1.0736,0.13788,0.74611,0.6547,0,1.5255,0.75645,0.77141,0.52722,0.68519,-0.060094,-0.10257,0.082303,-0.38236,0.11912,0.35488,0.58395,0.71115,-0.12801,0.41276,0.36144,0.15669,0.029121,-0.32968,-0.53908,-0.78608,-0.40902,0.21051,0.59319,0.078469,-0.40943,0.21846,-0.055254,-0.037488,-0.24477,0.52378,0.72502,0.41619,0.3403,0.45785,0.29164,0.39943,0.40643,0.49478,0.75415,-0.33612,-0.41693,0.16613,0.23897,0.24244,0.49567,0.056362,0.27547,-0.08209,-0.025234,0.12413,0.19276,0.60368,0.67533,0.66037,0.36443,-0.01763,-0.18661,0.34083,-0.040195,-0.14875,-0.29598,-0.21213,-0.39221,0.031257,-0.14578,-0.062166,0.066397,-0.02618,-0.1321
0.12578,-0.13605,0.20966,0.30578,0.4624,0.11761,0.36949,-0.15496,-0.22754,-0.41836,0.77185,0.43734,0.51745,0.68049,-0.1268,-0.34873,-0.25289,0.29897,-0.1498,-0.11431,-0.065817,0.017747,0.181,-0.0086507,-0.12865,-0.34388,0.094176,0.27674,0.60651,0.73426,0.91874,0.24258,0.78656,0.8089,1.5255,0,0.62131,0.89961,0.36265,0.61542,-0.14334,-0.21561,-0.060666,-0.48657,0.064732,0.34674,0.48974,0.57685,-0.027888,0.32868,0.43934,0.26511,-0.023312,-0.29929,-0.51466,-0.95231,-0.53728,0.12881,0.47895,0.17283,-0.22876,0.15547,-0.17742,-0.092219,-0.28488,0.54098,0.59849,0.38852,0.40803,0.32228,0.26075,0.36725,0.50534,0.56937,0.67111,-0.50155,-0.48344,0.27312,0.25051,0.33921,0.47885,0.012154,0.36869,-0.089397,-0.031226,0.19672,0.10115,0.5281,0.57886,0.68789,0.3042,-0.04927,-0.16855,0.27495,-0.030399,-0.20725,-0.26543,-0.21287,-0.32758,0.0062623,-0.1399,0.036245,0.17291,0.059118,-0.047306
-0.20547,-0.4096,0.5329,0.36925,0.17362,-0.10653,0.1633,-0.44055,-0.84695,-0.4591,0.58687,0.057836,0.64423,0.51527,-0.41008,-0.59706,0.10114,0.32264,0.008487,0.15899,-0.045025,0.22715,0.10407,-0.008154,-0.042433,-0.26698,-0.28387,-0.089483,0.16071,0.30677,0.56413,0.052102,0.67562,0.61443,0.75645,0.62131,0,1.1446,0.65704,1.0414,-0.25765,0.022055,-0.384,-0.74992,-0.018905,0.046493,0.11899,0.33589,-0.22491,0.59899,0.48739,0.37554,-0.35196,-0.55949,-0.68099,-0.7064,-0.40826,-0.15141,0.10308,0.1003,-0.32041,-0.027015,-0.047098,0.38972,0.057467,0.38627,0.6841,0.050303,0.12283,0.30294,0.34184,0.56927,0.65601,0.64089,0.55534,-0.21743,-0.62459,0.37922,0.33269,0.56882,0.52305,0.47757,0.71612,0.13592,0.12083,0.59437,0.26054,0.18112,0.31536,0.073356,-0.14865,0.35574,0.02197,0.20407,-0.11872,0.11389,-0.021574,-0.11865,-0.35002,0.29608,0.075217,0.33819,0.20309,0.10671,-0.18722
-0.32385,-0.62673,0.11964,0.14924,0.17662,-0.22839,0.22735,-0.44158,-0.56506,-0.6989,0.49713,0.16149,0.54507,0.54786,-0.40109,-0.666,-0.09102,0.060346,-0.16615,-0.0062988,-0.11509,0.10051,0.045007,-0.26224,-0.1626,-0.44709,-0.049588,-0.031667,0.36216,0.49633,0.61175,0.011668,0.65404,0.82817,0.77141,0.89961,1.1446,0,0.47134,1.0334,-0.24461,-0.28515,-0.42228,-0.97183,-0.13569,-0.01996,0.26127,0.477,-0.2528,0.29189,0.23875,0.33244,-0.29314,-0.67047,-0.88422,-0.84758,-0.45506,-0.0074095,0.25651,0.11981,-0.34608,-0.019141,-0.080244,0.3198,0.009963,0.54909,0.7312,0.068432,0.11181,0.36426,0.58805,0.64831,0.90609,0.7946,0.62486,-0.57094,-0.96605,0.17816,0.10794,0.43277,0.31678,0.15323,0.54561,-0.23707,-0.14215,0.30882,0.10576,0.30875,0.4365,0.20054,-0.09362,0.11813,-0.22996,0.14446,-0.32708,-0.19957,-0.24703,-0.28417,-0.40489,0.2217,-0.072963,0.48926,0.42414,-0.082805,-0.36393
0.15242,-0.46785,0.59801,0.54838,0.39052,-0.28221,1.0083,-0.080966,-0.63031,-0.26549,1.0411,0.1563,-0.12998,-0.1999,-0.77856,-0.85222,-0.22756,-0.0063512,-0.15825,0.16587,-0.55763,-0.34413,-0.17584,-0.17791,0.18589,-0.32128,-0.36136,-0.25235,-0.032736,0.27425,0.36955,0.045718,0.011985,-0.031427,0.52722,0.36265,0.65704,0.47134,0,1.0732,0.41959,0.49375,-0.12559,-0.66239,-0.39185,-0.29939,0.11424,0.21059,-0.83219,-0.04391,-0.12456,-0.08288,-0.16993,-0.73797,-0.56451,-0.57757,-0.402,-0.15529,-0.042456,0.23589,-0.3708,-0.43364,-0.34806,0.0058889,0.004471,0.035278,0.35563,0.12662,0.23414,0.066558,0.025024,0.18146,0.33455,0.27623,0.20146,0.094723,-0.23203,-0.023972,0.044152,0.087136,0.0086829,0.20175,0.39908,0.054362,0.12721,0.20563,0.14408,0.14405,0.20763,-0.15305,-0.31743,0.0766,-0.26732,0.498,-0.0081217,-0.08738,-0.30577,-0.062841,-0.23714,-0.008352,-0.1092,0.16233,-0.046288,0.34506,0.029956
-0.060983,-0.45852,0.46411,0.47388,0.35149,-0.16755,0.57632,-0.24611,-0.53368,-0.40105,0.75307,0.17773,0.31258,0.25614,-0.67308,-0.7588,0.016608,0.21275,0.041728,0.33443,-0.28694,-0.13122,0.063285,-0.20079,0.24499,-0.23755,-0.19188,-0.20266,0.089244,0.2889,0.47853,0.24894,0.42408,0.45012,0.68519,0.61542,1.0414,1.0334,1.0732,0,0.061769,0.27138,-0.37523,-0.80991,-0.27518,-0.079634,0.23784,0.36345,-0.53177,0.23715,0.091118,-0.0073066,-0.29797,-0.79205,-0.71666,-0.73543,-0.40279,-0.0462,0.043071,0.021412,-0.4088,-0.26305,-0.22269,0.18256,0.088484,0.38424,0.51633,0.23644,0.32602,0.18635,0.32208,0.30653,0.59701,0.3865,0.30966,-0.19864,-0.47179,0.20984,0.28528,0.40449,0.30333,0.42279,0.73607,0.0494,0.18045,0.43744,0.41643,0.22395,0.3367,0.01838,-0.16106,0.11823,-0.17417,0.2776,-0.21063,-0.20076,-0.25798,-0.21741,-0.23274,0.070681,-0.094215,0.23438,0.11311,0.14353,-0.090308
0.42622,-0.026085,0.02904,0.037264,0.68417,-0.069939,0.62223,0.19194,0.066703,-0.019077,0.21466,-0.24209,-0.35171,-0.52597,0.055922,-0.26871,-0.076288,-0.22365,0.015077,0.2284,0.035474,-0.1121,0.13303,0.14744,0.64424,0.0096906,0.22162,-0.043757,0.16447,0.20581,-0.21506,-0.16717,-0.21151,-0.25055,-0.060094,-0.14334,-0.25765,-0.24461,0.41959,0.061769,0,0.3034,0.40062,0.18978,-0.54724,-0.51044,0.019976,-0.059457,-0.13304,-0.2982,-0.4063,-0.077423,0.71128,0.16379,0.26741,0.33738,0.46915,0.2391,-0.14426,-0.012214,-0.30347,0.020658,-0.073977,-0.24448,-0.071698,-0.17706,-0.15164,0.1847,-0.057675,-0.16671,0.030547,-0.28944,-0.27432,-0.26638,-0.34617,0.22002,0.066379,-0.099357,-0.07385,-0.060568,-0.081838,-0.048342,-0.1554,0.050736,0.16448,-0.12286,0.19403,0.072275,0.048064,-0.31669,-0.27762,0.096202,-0.20391,0.046356,-0.19814,-0.054515,-0.22105,0.27624,-0.045486,-0.25027,-0.13272,-0.1162,-0.1413,0.16075,0.12257
0.37151,0.20346,0.83114,0.8433,0.067353,0.18991,0.31449,0.35598,0.091124,0.67008,0.1598,0.27257,-0.24387,-0.2139,-0.3923,0.14227,0.15606,0.2728,0.21978,0.28592,-0.23708,-0.17589,0.056259,0.15169,0.39079,0.61011,-0.10959,0.094216,-0.19821,-0.23981,-0.1494,0.56765,-0.22749,-0.351,-0.10257,-0.21561,0.022055,-0.28515,0.49375,0.27138,0.3034,0,0.011499,0.070387,-0.13687,-0.093547,-0.12897,-0.23782,-0.42125,-0.075944,-0.077806,-0.4442,-0.17952,-0.16702,0.10233,-0.055711,-0.11781,-0.24086,-0.48797,0.20676,0.29692,-0.42079,-0.18433,-0.18457,0.09366,-0.21046,-0.1722,0.2859,0.57426,-0.15301,-0.36457,-0.19078,0.026606,-0.2756,-0.27161,0.51239,0.71626,0.21531,0.3803,0.049694,-0.053672,0.34437,0.20336,0.71027,0.71124,0.34922,0.1949,-0.27213,-0.2905,-0.31074,-0.33287,0.12931,0.23555,0.40299,0.42067,0.075384,0.089948,0.2146,0.37415,-0.18814,0.018388,-0.29946,-0.49989,0.48074,0.51163
0.82242,0.61971,-0.063256,-0.044938,0.44707,0.15571,0.2168,-0.049289,0.13598,0.37189,0.091042,-0.23105,-0.25655,-0.24777,0.48082,0.32148,0.10406,0.094631,0.21863,0.0053071,0.22243,0.23391,0.20158,0.45974,0.35772,0.11985,0.42897,0.38531,0.23971,0.21782,0.06569,0.081956,-0.22739,-0.29297,0.082303,-0.060666,-0.384,-0.42228,-0.12559,-0.37523,0.40062,0.011499,0,0.92742,0.51314,0.38676,0.19473,-0.12884,0.2016,-0.017549,-0.12795,0.03105,0.60561,0.35201,0.3391,0.46208,0.50635,0.51819,0.26336,0.10349,0.072496,0.35935,0.2787,-0.088507,-0.051257,0.048574,-0.23459,0.27186,0.090468,0.12956,-0.0039136,0.094055,-0.12668,-0.031321,0.00034463,0.34124,0.31371,-0.13791,-0.30169,-0.098508,0.0031827,-0.06368,-0.22792,-0.049206,-0.069257,-0.28642,0.052194,0.099402,0.0047284,0.50615,0.54384,-0.019713,0.012247,0.14555,0.10723,0.19162,0.035745,0.24249,0.11973,-0.11698,-0.017304,-0.28526,-0.10542,-0.085123,0.13598
0.54289,1.1103,-0.18967,-0.20036,0.16111,0.48635,-0.29532,0.17132,0.53586,0.70636,-0.45115,-0.32982,-0.097735,-0.11834,0.90876,0.84467,0.46608,0.21048,0.53257,0.21147,0.61809,0.34229,0.39929,0.64057,0.43445,0.54356,0.47517,0.29957,0.065911,-0.18195,-0.4121,0.19022,-0.19149,-0.29759,-0.38236,-0.48657,-0.74992,-0.97183,-0.66239,-0.80991,0.18978,0.070387,0.92742,0,0.42861,0.34723,0.053397,-0.27687,0.64428,0.086358,0.0088662,-0.070673,0.56844,0.91953,0.88176,1.0636,0.84468,0.45321,0.030507,-0.22006,0.23372,0.49792,0.42709,-0.088867,0.095244,-0.024474,-0.46084,0.1915,0.025785,-0.052589,-0.11162,-0.2819,-0.50808,-0.42224,-0.35921,0.43294,0.68275,0.058575,0.017064,-0.050599,0.10224,0.091767,-0.31682,0.26723,0.18341,-0.12869,0.23984,-0.040545,-0.14852,0.2597,0.45872,0.055896,0.37242,-0.15957,0.17927,0.26761,0.27078,0.26762,0.30639,-0.11427,0.1654,-0.48136,-0.25247,-0.1492,0.24987
0.36875,0.67877,0.16398,0.101,-0.18674,0.098743,-0.24877,-0.26226,-0.028745,0.35063,-0.062345,-0.037923,0.1098,0.21128,0.25156,0.52111,0.22819,0.54411,0.28403,-0.13573,0.067087,0.32127,0.18171,0.40244,-0.16163,0.2524,0.040581,0.42178,-0.074377,-0.086619,0.31111,0.26168,-0.013586,-0.0099067,0.11912,0.064732,-0.018905,-0.13569,-0.39185,-0.27518,-0.54724,-0.13687,0.51314,0.42861,0,1.3261,-0.0225,-0.23095,0.28462,0.30372,0.26801,0.20124,0.0096681,0.15864,0.16228,0.045289,-0.065905,0.10539,0.18835,0.22677,0.47238,0.10565,0.092434,0.07841,-0.071526,0.093569,-0.23133,0.042768,0.082367,-0.078215,-0.27372,0.30858,0.092531,0.1238,0.24896,0.21924,0.19044,0.15588,-0.1397,0.086909,0.13119,0.18331,0.19909,0.076406,-0.080103,0.027611,-0.074762,-0.14112,-0.22218,0.67903,0.82998,-0.0047762,0.26697,0.058223,0.26678,0.34418,0.3951,0.2117,0.41458,0.025155,0.048871,-0.11573,0.082115,0.070002,0.26148
