,,,,,,,,,,,,,,,,,,,,,,,,,,,,,,,,,,,,,,,,,,,,,,,,,,,,,,,,,,,,,,,,,,,,,,,,,,,,,,,,,,,,,,,,,,,,,,,,,,,,,,,,
0,0.66884,0.40287,0.466,0.44695,0.018628,0.64514,0.20963,0.20782,0.42877,0.43474,0.06044,-0.24555,-0.2431,-0.040728,-0.028397,0.25016,0.54879,0.62512,0.70124,-0.026643,-0.10998,0.44946,0.40646,0.77677,0.33108,0.24151,0.23605,0.1832,0.066977,0.29799,0.60443,-0.14786,-0.16072,0.1996,0.10251,-0.26118,-0.30534,0.32492,0.19773,0.62651,0.51779,1.0388,0.39879,0.47767,0.5958,0.25908,-0.11669,-0.11335,-0.28081,-0.32131,0.022681,0.4936,0.068549,0.15478,0.015255,-0.017987,0.40632,0.10111,0.38137,0.12666,-0.11218,-0.19726,-0.24628,-0.14184,0.1337,-0.14344,0.40836,0.2644,-0.19036,-0.23541,0.098222,0.095105,0.02028,0.039398,0.46958,0.265,0.077099,0.078112,-0.023098,0.040281,0.33813,0.38054,0.46624,0.48651,0.19323,0.50313,0.11725,-0.038928,0.52397,0.56881,0.0046672,-0.037698,0.41131,0.24359,0.041476,-0.082865,0.10166,0.22969,-0.32263,-0.16238,-0.27604,-0.14705,0.31375,0.61068
0.66884,0,0.079985,0.10318,0.29312,0.58073,-0.23226,0.15364,0.32806,0.908,-0.28245,-0.24092,0.21818,0.21465,0.68182,0.78527,0.71803,0.74373,0.83983,0.4925,0.66235,0.51719,0.81306,0.98041,0.42854,0.83594,0.67527,0.55512,0.1979,-0.11119,-0.23129,0.59329,0.10815,0.039035,-0.18909,-0.22812,-0.29374,-0.58506,-0.47584,-0.46792,-0.0087589,0.24216,0.63479,1.3236,0.73254,0.88551,0.044043,-0.35682,0.69625,0.26642,0.26874,0.14369,0.40433,0.75324,0.63395,0.75934,0.67097,0.43791,-0.051712,0.010031,0.5178,0.43417,0.35942,0.078783,0.20303,0.15171,-0.37011,0.36013,0.2677,0.0088073,-0.058067,0.0052169,-0.10965,-0.18848,-0.15212,0.43432,0.57116,0.48712,0.30331,0.32021,0.42686,0.51195,0.2024,0.51819,0.41885,0.28219,0.51611,-0.062668,-0.17144,0.34429,0.52487,0.11292,0.55545,-0.1077,0.29596,0.34727,0.43022,0.19769,0.36647,0.026464,0.23281,-0.20058,-0.028586,-0.033094,0.51566
0.40287,0.079985,0,1.4584,0.27634,0.059512,0.28063,0.042809,-0.37241,0.18312,0.60538,0.20887,0.098129,-0.045867,-0.27412,-0.060985,0.034211,0.3822,0.13344,0.28792,-0.21184,-0.046286,0.21973,0.36298,0.12765,0.25449,-0.20216,0.18817,0.0078488,0.065019,0.29161,0.47956,0.18795,0.035015,0.3988,0.34309,0.52996,0.19535,0.73675,0.54543,0.19017,0.75649,-0.011423,-0.21867,-0.032559,0.13135,0.0087738,-0.084785,-0.29765,0.16976,0.11357,0.14766,-0.032833,-0.18488,0.045662,-0.40426,-0.25288,-0.19938,-0.19273,0.36541,0.15394,-0.18249,-0.13131,0.086565,0.066019,0.17142,0.17679,0.26048,0.4354,0.035257,-0.27131,0.12807,0.29596,0.090495,0.14512,0.41822,0.28269,0.42308,0.39303,0.26759,0.2282,0.59646,0.79617,0.86309,0.85339,0.57637,0.25987,-0.020356,-0.069836,-0.24203,-0.2049,0.41971,0.28115,0.51347,0.41231,0.34572,0.22105,0.37047,0.26178,0.13409,0.27858,-0.043926,-0.11935,0.97958,0.65322
0.466,0.10318,1.4584,0,0.36528,0.18007,0.3788,0.30875,-0.10096,0.24281,0.61546,0.43131,0.061806,-0.052488,-0.17406,0.028835,-0.011111,0.23058,-0.0084782,0.15687,-0.17979,-0.12478,0.24136,0.28873,0.12614,0.24263,-0.014105,0.31016,0.1831,0.14849,0.30326,0.5967,0.19956,0.080462,0.38607,0.42992,0.31506,0.14248,0.63526,0.43642,0.24274,0.7172,0.049476,-0.19704,-0.10649,0.16317,0.18637,0.0083996,-0.24981,0.0073958,-0.0075428,0.16363,0.10867,-0.069889,0.13542,-0.44066,-0.22199,-0.099753,-0.12129,0.55563,0.30036,-0.097429,-0.065181,0.11323,0.12157,0.35719,0.27263,0.41202,0.54045,0.22226,-0.14363,0.1731,0.42162,0.11882,0.21899,0.25969,0.38634,0.33235,0.40893,0.18009,0.13715,0.32845,0.64158,0.71142,0.91694,0.4674,0.19189,0.12138,0.033403,-0.19164,-0.11906,0.26801,0.21465,0.66088,0.55548,0.2929,0.18297,0.17168,0.20861,0.22558,0.33465,-0.028828,-0.040991,0.86641,0.70144
0.44695,0.29312,0.27634,0.36528,0,0.70691,0.35974,0.26177,0.058457,-0.04066,0.4437,0.033649,0.56316,0.48655,0.50412,0.20521,0.21331,0.44194,0.17786,0.39299,0.43243,0.2363,0.64848,0.48951,0.29125,0.00083781,0.56061,0.46429,0.8331,0.56572,0.26311,0.35317,0.65553,0.60179,0.56002,0.56711,0.31972,0.24585,0.30278,0.46302,0.30487,0.14755,0.14473,0.08125,-0.095683,0.25627,0.3039,0.19514,0.36597,0.43059,0.47893,0.29078,0.67815,0.32555,0.19793,-0.15475,0.31582,0.21981,0.0012635,0.12931,-0.093392,0.51915,0.17517,0.13981,0.096795,0.43553,0.21769,0.97481,0.52169,0.39717,0.38449,0.066319,0.1421,-0.037765,0.11766,-0.03149,-0.05991,0.52305,0.49789,0.56544,0.6192,0.38105,0.41549,0.1618,0.40635,0.32572,0.66506,0.30471,0.32698,0.19476,0.25499,0.19617,0.22296,0.29622,0.11972,0.33197,0.209,0.088997,-0.1183,0.21531,0.30785,0.15496,0.25401,0.17546,0.2679
0.018628,0.58073,0.059512,0.18007,0.70691,0,-0.26274,0.50801,0.36443,0.44657,-0.20775,0.10175,0.78882,0.81908,1.039,0.97257,0.44972,0.41822,0.11062,0.081078,0.91954,0.6148,0.60217,0.67889,-0.036927,0.46892,0.71752,0.76501,0.60833,0.27112,-0.17739,0.46482,0.63686,0.53119,0.022583,0.060705,0.13519,-0.11287,-0.34539,-0.22005,-0.19774,0.16025,-0.055015,0.48616,0.013949,0.26763,0.0059127,-0.055805,0.90731,0.65991,0.94523,0.20411,0.35759,0.78146,0.44239,0.2578,0.68413,-0.019255,-0.28443,0.026916,0.41806,0.86537,0.61096,0.34146,0.3692,0.3219,0.049351,0.7949,0.55248,0.61781,0.40342,-0.028913,0.013104,-0.24111,-0.089914,-0.077299,0.3294,0.67276,0.71609,0.57024,0.58351,0.25104,0.020227,0.28749,0.45353,0.29602,0.34846,-0.023903,0.032546,-0.056535,0.025194,0.25326,0.86604,0.12273,0.53367,0.6513,0.7489,0.1231,0.085076,0.54771,0.65172,0.16628,0.20283,0.017772,0.30028
0.64514,-0.23226,0.28063,0.3788,0.35974,-0.26274,0,0.38984,0.17305,-0.1435,0.80456,0.31476,-0.51639,-0.48146,-0.45952,-0.68773,-0.23792,-0.15447,0.0094153,0.16655,-0.44721,-0.56301,-0.11608,-0.25802,0.3873,-0.2914,-0.26523,-0.2255,0.072973,0.29227,0.41699,0.087902,-0.30915,-0.2393,0.35281,0.24315,-0.14295,0.035879,0.95313,0.64931,0.99031,0.41112,0.46063,-0.25114,-0.10623,-0.15816,0.34302,0.31706,-0.70479,-0.63641,-0.62482,-0.022724,0.42748,-0.31217,-0.29423,-0.55695,-0.44097,0.043895,0.11305,0.62554,-0.19189,-0.32253,-0.33497,-0.17359,-0.17245,0.13011,0.30826,0.13103,-0.034003,-0.11132,-0.034525,0.12671,0.18763,0.15807,0.23535,0.22044,-0.10526,-0.41458,-0.25328,-0.4497,-0.4585,-0.079183,0.064477,-0.0008107,0.1233,-0.18411,0.058418,0.22209,0.12069,0.29511,0.21636,0.030895,-0.34093,0.86791,0.2454,-0.12284,-0.34392,0.004947,0.0035287,-0.18535,-0.20651,-0.012404,-0.0028763,0.3832,0.28936
0.20963,0.15364,0.042809,0.30875,0.26177,0.50801,0.38984,0,0.93177,0.37711,-0.056617,0.49543,-0.16215,-0.11281,0.16282,0.21244,0.022839,-0.12177,-0.15055,-0.0027925,0.13505,-0.20111,0.073736,0.012301,0.17651,0.27419,0.17115,0.17473,0.16574,0.11607,-0.18748,0.28594,-0.12495,-0.13037,-0.28431,-0.2052,-0.48795,-0.53492,0.03848,-0.17774,0.45182,0.50472,0.094529,0.1703,-0.27995,-0.18221,0.034326,0.0129,0.049995,-0.37772,-0.12047,-0.045085,0.46931,0.41342,0.34922,0.00082514,0.11821,-0.22996,-0.32956,0.46536,0.39699,0.03337,-0.0036895,-0.061985,0.018947,0.072433,0.064683,0.32734,0.09958,0.078634,-0.013567,-0.22362,-0.1091,-0.29917,-0.13505,0.11169,0.43287,-0.067709,0.24952,-0.26583,-0.3083,-0.25409,-0.2644,0.27593,0.42683,-0.010374,-0.047056,-0.064802,-0.10807,-0.18797,-0.040299,0.011264,0.22153,0.40252,0.7093,0.21843,0.22898,-0.066245,0.13186,0.11331,0.11378,-0.026431,-0.079634,0.34361,0.49769
0.20782,0.32806,-0.37241,-0.10096,0.058457,0.36443,0.17305,0.93177,0,0.43277,-0.30998,0.34817,-0.13945,0.041228,0.28818,0.22141,0.17105,0.0093558,0.13992,0.089939,0.27607,-0.11825,0.12773,-0.10012,0.35906,0.38566,0.34635,0.098507,0.19616,-0.10812,-0.29568,0.27548,-0.15618,-0.056143,-0.38665,-0.3411,-0.95237,-0.69486,-0.4014,-0.40345,0.27482,0.22724,0.25843,0.46263,0.0033762,0.0019225,0.14766,0.078373,0.20307,-0.40669,-0.22397,-0.20877,0.49582,0.50475,0.36909,0.26633,0.23861,0.088685,-0.12722,0.2075,0.34495,0.14682,0.031254,-0.20355,-0.031086,0.030837,-0.079534,0.2705,0.042213,0.015912,0.11922,-0.23647,-0.24734,-0.35636,-0.19555,0.016573,0.43259,-0.11044,0.18667,-0.33834,-0.27345,-0.33831,-0.55428,0.13384,0.1955,-0.16687,0.066294,-0.024756,-0.088893,0.20363,0.2697,-0.17743,0.14303,0.1289,0.37578,-0.095065,0.019125,-0.13681,0.20987,-0.13084,-0.13283,-0.23132,-0.16194,-0.12034,0.27655
0.42877,0.908,0.18312,0.24281,-0.04066,0.44657,-0.1435,0.37711,0.43277,0,-0.4138,0.18241,-0.11415,0.021722,0.19297,0.63997,0.64258,0.42096,0.42837,0.16856,0.34813,0.36775,0.40313,0.53111,0.26328,1.0265,0.40191,0.50632,0.010346,-0.31538,-0.44568,0.76341,-0.23548,-0.24045,-0.4731,-0.48053,-0.42372,-0.65287,-0.32262,-0.40485,0.02406,0.66988,0.41448,0.81738,0.44525,0.28582,-0.23303,-0.61151,0.22648,-0.056067,0.043317,-0.049112,0.011237,0.31364,0.25937,0.45323,0.26435,-0.025676,-0.43703,0.33752,1.0863,0.038232,0.20856,0.07901,0.33933,-0.07429,-0.44368,0.17091,0.40329,-0.044247,-0.12766,0.065538,0.085312,-0.10944,-0.2943,0.46845,0.76463,0.30618,0.16525,0.10493,-0.0080614,0.31499,0.032103,0.58334,0.47802,0.19532,0.12486,-0.45593,-0.59265,0.091482,-0.0081236,0.12088,0.52937,0.20152,0.7602,0.26329,0.40243,0.2783,0.58462,0.075344,0.22531,-0.10645,-0.12732,0.20235,0.74848
0.43474,-0.28245,0.60538,0.61546,0.4437,-0.20775,0.80456,-0.056617,-0.30998,-0.4138,0,0.36699,-0.0080848,-0.10806,-0.38833,-0.53712,-0.49628,0.045695,-0.14609,0.15754,-0.50944,-0.49762,-0.11056,-0.0753,0.020195,-0.41398,-0.33237,-0.0076607,0.18536,0.56182,1.1322,0.12628,0.25272,0.18013,1.2472,0.98298,0.47313,0.49287,1.0799,0.79867,0.31023,0.18368,0.12221,-0.48404,-0.11721,0.18167,0.52068,0.55282,-0.54167,-0.098573,-0.19601,-0.01694,0.10249,-0.44345,-0.31815,-0.95336,-0.64469,0.14409,0.46485,0.24148,-0.41802,-0.17751,-0.29424,-0.20101,-0.33918,0.35565,0.58259,0.28409,0.25492,0.17854,-0.14446,0.14856,0.2543,0.26633,0.54999,0.017321,-0.14513,-0.091187,0.084197,-0.13027,0.047628,-0.010971,0.35815,0.069954,0.18913,0.0060625,0.11817,0.55689,0.49149,0.20231,0.22646,-0.10756,-0.39374,0.58515,0.036646,-0.15672,-0.42131,-0.16437,-0.29545,-0.11673,-0.13303,-0.18505,-0.13804,0.30824,0.016688
0.06044,-0.24092,0.20887,0.43131,0.033649,0.10175,0.31476,0.49543,0.34817,0.18241,0.36699,0,-0.13507,0.031551,-0.40344,-0.066783,-0.39733,-0.090475,-0.37713,-0.08816,-0.33485,-0.45979,-0.17275,-0.18933,-0.1733,0.10795,-0.08279,0.35476,0.25646,0.32917,0.35472,0.59705,0.095738,0.13745,0.26754,0.39765,-0.048992,0.12783,0.24648,0.1344,0.14089,0.36101,-0.11088,-0.21612,-0.38126,-0.096045,0.11394,0.17945,-0.4337,-0.41843,-0.24418,-0.4405,-0.24666,-0.36887,-0.28676,-0.65921,-0.56745,-0.21433,-0.013973,0.28524,0.16693,-0.32942,-0.35689,-0.41511,-0.35125,0.14951,0.22338,0.32452,0.63258,0.15153,-0.17665,-0.14225,0.17032,0.013999,0.040923,-0.28313,0.22399,-0.080023,0.27524,-0.24794,-0.27701,-0.50037,-0.17781,0.18448,0.3511,-0.11673,-0.1894,0.023227,0.0090183,-0.06953,-0.21818,-0.35476,-0.23452,0.5037,0.38977,-0.3298,-0.30118,-0.18794,-0.04662,-0.17026,-0.21836,-0.40019,-0.49961,0.29654,0.15327
-0.24555,0.21818,0.098129,0.061806,0.56316,0.78882,-0.51639,-0.16215,-0.13945,-0.11415,-0.0080848,-0.13507,0,1.6298,0.85332,0.54531,0.29729,0.51346,0.063617,0.089524,0.79653,0.72734,0.60577,0.56322,-0.23529,0.15571,0.53242,0.60356,0.76651,0.38803,0.13336,0.11114,1.6524,1.3844,0.4096,0.46752,0.73781,0.48018,-0.2762,0.066288,-0.56703,-0.28218,-0.38743,0.022277,0.038978,0.35966,0.10619,0.17982,0.92822,1.2907,1.4356,0.43608,0.17768,0.46404,0.28919,0.011392,0.3731,0.093589,0.036234,-0.19696,0.042126,0.87442,0.44962,0.36764,0.15037,0.43555,0.28334,0.51249,0.37443,0.62426,0.49708,0.17325,0.16873,0.060017,0.24138,-0.28448,-0.11519,1.0419,0.7983,0.99396,1.2874,0.38546,0.37819,0.16596,0.19211,0.57724,0.37153,0.20872,0.32863,-0.0029546,0.044915,0.2429,0.5031,-0.20297,-0.092557,0.40408,0.39459,0.0075127,-0.24226,0.44003,0.42395,0.20323,0.26375,-0.17765,-0.16502
-0.2431,0.21465,-0.045867,-0.052488,0.48655,0.81908,-0.48146,-0.11281,0.041228,0.021722,-0.10806,0.031551,1.6298,0,0.72802,0.52876,0.37573,0.57248,0.083576,0.071529,0.8145,0.72946,0.57526,0.45803,-0.18626,0.20932,0.6504,0.69836,0.90944,0.33253,0.083874,0.24896,1.2353,1.3895,0.31958,0.3745,0.52613,0.45734,-0.36763,0.066823,-0.5631,-0.24599,-0.31916,0.094207,0.076657,0.32087,0.089151,0.15868,0.82895,0.94042,1.1762,0.25258,0.080863,0.33267,0.10383,-0.016792,0.31448,0.099088,-0.0052772,-0.13358,0.12087,0.75356,0.37866,0.3035,0.15883,0.41754,0.24039,0.57321,0.51718,0.62666,0.61885,0.22799,0.24134,0.11384,0.17081,-0.37873,-0.1459,0.93774,0.75858,0.91184,0.95651,0.27041,0.21451,0.11208,0.15002,0.48221,0.34834,0.11809,0.24705,0.13846,0.030646,0.15348,0.46147,-0.10466,-0.024004,0.26382,0.31953,-0.0115,-0.17555,0.36475,0.29859,0.1848,0.22191,-0.26064,-0.17198
-0.040728,0.68182,-0.27412,-0.17406,0.50412,1.039,-0.45952,0.16282,0.28818,0.19297,-0.38833,-0.40344,0.85332,0.72802,0,0.94121,0.49226,0.28437,0.23915,0.013366,1.2292,0.79292,0.64484,0.60809,-0.031794,0.31377,0.8336,0.47907,0.52007,0.19589,-0.2591,0.031818,0.58081,0.52319,-0.061908,-0.029628,0.032535,-0.15134,-0.68713,-0.44088,-0.33374,-0.26296,0.045409,0.57863,0.27038,0.4302,0.12559,0.021851,1.7109,0.7602,0.828,0.46998,0.62355,1.3711,0.75398,0.61506,1.0009,0.28147,-0.0079676,-0.13573,0.29213,1.3214,0.82615,0.4387,0.35903,0.31828,0.0049636,0.39205,0.068322,0.48279,0.49826,0.064031,-0.076287,-0.17379,0.061756,-0.02015,0.18937,0.54485,0.36149,0.50406,0.68015,0.2598,0.025693,0.0093882,0.032844,0.21219,0.28675,0.14712,0.16607,0.13863,0.3594,0.19413,0.66354,-0.27767,0.085041,0.53271,0.58095,0.011351,-0.025691,0.46107,0.52701,0.2321,0.40797,-0.37089,0.0046589
-0.028397,0.78527,-0.060985,0.028835,0.20521,0.97257,-0.68773,0.21244,0.22141,0.63997,-0.53712,-0.066783,0.54531,0.52876,0.94121,0,0.34172,0.33272,0.075283,-0.12074,0.65473,0.58296,0.42393,0.62722,-0.23708,0.74603,0.83027,0.86862,0.29594,0.041962,-0.30172,0.41743,0.33786,0.24962,-0.2898,-0.15426,-0.016204,-0.27332,-0.72288,-0.64172,-0.51523,0.051222,-0.065457,0.59159,0.27164,0.47097,-0.21523,-0.40471,0.90972,0.58202,0.70245,0.10063,0.097268,0.71591,0.67772,0.49995,0.58708,-0.024405,-0.28271,-0.1077,0.70502,0.49865,0.4668,0.15985,0.21079,0.041152,-0.35089,0.44048,0.41999,0.27308,0.022231,-0.084529,-0.0407,-0.32438,-0.19123,0.063644,0.54089,0.56436,0.39746,0.45239,0.40982,0.15247,0.051329,0.17601,0.19978,0.23853,-0.0034028,-0.24248,-0.22775,-0.14138,0.037091,-0.0022717,0.63973,-0.23303,0.26953,0.43205,0.66973,0.086803,0.27153,0.23437,0.38537,0.099162,0.10762,-0.098905,0.18612
0.25016,0.71803,0.034211,-0.011111,0.21331,0.44972,-0.23792,0.022839,0.17105,0.64258,-0.49628,-0.39733,0.29729,0.37573,0.49226,0.34172,0,0.69139,0.78289,0.46844,1.0162,1.0981,0.96802,0.70486,0.52771,0.48768,0.54803,0.25725,0.25955,-0.35905,-0.49652,0.23318,0.089334,0.16719,-0.31929,-0.38466,-0.10331,-0.22283,-0.38079,-0.097048,-0.024027,0.10876,0.3235,0.598,0.50681,0.20177,-0.20825,-0.47771,0.6548,0.29552,0.37039,0.5572,0.29019,0.49503,0.18215,0.58774,0.64738,0.11173,-0.40966,0.22949,0.47946,0.4788,0.45211,0.5763,0.70355,0.073949,-0.25764,0.11434,0.064413,0.094752,0.49532,0.36794,0.19606,0.14022,-0.19217,0.19266,0.00094299,0.63853,0.23152,0.63206,0.47735,0.93612,0.32808,0.44437,0.36145,0.53446,0.67492,-0.30841,-0.34123,0.27402,0.058065,0.63598,0.71984,-0.014456,0.26591,0.56783,0.58158,0.3716,0.24469,0.41734,0.48221,0.33089,0.39765,-0.017208,0.43703
0.54879,0.74373,0.3822,0.23058,0.44194,0.41822,-0.15447,-0.12177,0.0093558,0.42096,0.045695,-0.090475,0.51346,0.57248,0.28437,0.33272,0.69139,0,0.69531,0.89356,0.46272,0.45537,0.81245,0.8013,0.4593,0.58608,0.47232,0.5381,0.37439,-0.099371,0.14878,0.63852,0.44065,0.41442,0.15707,0.079464,0.20413,-0.026065,-0.098514,0.13032,-0.070531,0.23899,0.21165,0.39449,0.46036,0.65558,-0.13557,-0.33441,0.42327,0.43588,0.47509,0.081618,0.11255,0.16657,0.14677,0.12889,0.22625,0.12804,-0.20111,-0.04155,0.12199,0.18523,-0.057438,-0.068336,-0.017061,0.042058,-0.26471,0.65764,0.56463,-0.0048836,-0.0052947,0.057727,0.024782,-0.0847,-0.1848,0.10134,0.041758,0.87916,0.75809,0.73339,0.75603,0.74259,0.53076,0.73299,0.68906,0.73433,0.9035,-0.16968,-0.14613,0.24384,0.16721,0.22188,0.4158,0.026253,0.093435,0.31194,0.32653,0.26136,0.19941,-0.083854,0.041616,-0.10327,-0.083252,0.1845,0.3891
0.62512,0.83983,0.13344,-0.0084782,0.17786,0.11062,0.0094153,-0.15055,0.13992,0.42837,-0.14609,-0.37713,0.063617,0.083576,0.23915,0.075283,0.78289,0.69531,0,0.91182,0.48118,0.47815,0.81969,0.68297,0.75152,0.5571,0.20401,0.1084,0.10057,-0.14297,-0.14351,0.39485,0.021292,0.024527,-0.013687,-0.15971,-0.1615,-0.26676,-0.21858,-0.081818,0.25847,0.1513,0.8007,0.85251,0.65972,0.48248,0.045149,-0.1962,0.28578,0.13682,0.06986,0.22832,0.40195,0.3444,0.2043,0.56978,0.51582,0.4558,-0.010186,-0.037074,0.076884,0.31119,0.24305,0.091098,0.13866,0.12188,-0.22118,0.078563,-0.0082639,-0.20734,0.085734,0.059998,-0.090449,-0.034023,-0.15199,0.35347,0.13558,0.31786,0.10947,0.26282,0.35178,0.80846,0.23259,0.55961,0.38669,0.24189,0.87183,-0.075703,-0.16974,0.54207,0.45435,0.50131,0.44933,-0.04458,0.055715,0.2438,0.22115,0.51964,0.36557,-0.091258,0.10783,-0.25724,-0.056328,0.00052754,0.42303
0.70124,0.4925,0.28792,0.15687,0.39299,0.081078,0.16655,-0.0027925,0.089939,0.16856,0.15754,-0.08816,0.089524,0.071529,0.013366,-0.12074,0.46844,0.89356,0.91182,0,0.25859,0.11194,0.67206,0.49843,1.0101,0.32794,0.13892,0.064036,0.17076,-0.088257,0.10545,0.43464,0.17738,0.13315,0.15951,0.061665,-0.055328,-0.18688,0.11516,0.2081,0.47105,0.25279,0.42175,0.34364,0.13913,0.29721,0.0013147,-0.15091,0.13048,0.032213,0.040922,0.0046815,0.2813,0.11787,0.14393,0.18027,0.23776,0.24545,-0.070508,-0.17855,-0.26786,0.026074,-0.24331,-0.30187,-0.22558,-0.036136,-0.22984,0.34413,0.19905,-0.28186,-0.10948,-0.25644,-0.28211,-0.18943,-0.30748,0.10941,-0.00074322,0.38533,0.50963,0.33056,0.46473,0.56661,0.33696,0.74817,0.6898,0.45722,1.3469,-0.0060361,-0.015681,0.25871,0.23084,0.1968,0.094815,-0.079325,-0.11536,0.05457,-0.028036,0.21504,0.00815,-0.34857,-0.18288,-0.46687,-0.37533,0.22739,0.38451
-0.026643,0.66235,-0.21184,-0.17979,0.43243,0.91954,-0.44721,0.13505,0.27607,0.34813,-0.50944,-0.33485,0.79653,0.8145,1.2292,0.65473,1.0162,0.46272,0.48118,0.25859,0,1.3062,1.0223,0.75324,0.18984,0.39643,0.81448,0.46814,0.61754,0.076263,-0.40112,0.11798,0.55274,0.58548,-0.12698,-0.11062,0.037962,-0.09588,-0.63746,-0.27853,-0.21238,-0.15891,0.091962,0.60007,0.27472,0.2653,0.01182,-0.098937,1.4958,0.62161,0.80252,0.63518,0.48517,1.0277,0.44518,0.60978,0.9353,0.23291,-0.15022,-0.013514,0.35381,1.1491,0.77771,0.56497,0.48629,0.30629,0.0013532,0.25367,0.076582,0.40136,0.70018,0.21923,0.082059,0.043318,-0.001618,-0.04401,0.030287,0.77078,0.44571,0.72558,0.80747,0.53632,0.1475,0.23998,0.19384,0.44772,0.53232,0.0032243,0.026341,0.21626,0.16934,0.43075,0.73521,-0.2526,0.11577,0.52752,0.54546,0.10883,-0.083591,0.50617,0.53612,0.23647,0.36928,-0.3237,0.079524
-0.10998,0.51719,-0.046286,-0.12478,0.2363,0.6148,-0.56301,-0.20111,-0.11825,0.36775,-0.49762,-0.45979,0.72734,0.72946,0.79292,0.58296,1.0981,0.45537,0.47815,0.11194,1.3062,0,0.87843,0.84627,-0.008527,0.39739,0.56718,0.48156,0.43382,0.020287,-0.35723,0.085298,0.44706,0.48718,-0.092913,-0.11148,0.30245,0.13132,-0.5141,-0.16853,-0.38722,-0.17406,0.058891,0.45615,0.43117,0.24336,-0.17159,-0.28647,0.97381,0.779,0.85464,0.77246,0.1796,0.56033,0.17801,0.51946,0.70313,0.11513,-0.23494,0.048682,0.43548,0.86952,0.86836,0.82952,0.68207,0.23585,-0.05087,0.070162,0.078994,0.35588,0.65539,0.46864,0.3252,0.24861,0.034826,-0.0055102,-0.091433,0.79291,0.21704,0.91687,0.77122,0.79473,0.33108,0.19235,0.10407,0.47816,0.37418,-0.17398,-0.14519,0.15417,-0.034236,0.66467,0.81813,-0.16686,0.1202,0.67648,0.66838,0.34064,0.044113,0.65664,0.69996,0.44739,0.5415,-0.22114,0.072625
0.44946,0.81306,0.21973,0.24136,0.64848,0.60217,-0.11608,0.073736,0.12773,0.40313,-0.11056,-0.17275,0.60577,0.57526,0.64484,0.42393,0.96802,0.81245,0.81969,0.67206,1.0223,0.87843,0,1.2305,0.43784,0.5764,0.74539,0.68816,0.74463,0.18692,-0.11341,0.49153,0.5668,0.62407,0.11811,0.16496,0.11879,0.045162,-0.22512,0.025472,0.13115,0.060199,0.32929,0.52312,0.34321,0.4993,0.082436,-0.1816,0.77075,0.41411,0.47365,0.64474,0.59164,0.63281,0.40961,0.37248,0.6267,0.3848,-0.11754,0.18101,0.34933,0.62479,0.3548,0.34166,0.2697,0.45786,-0.03294,0.40722,0.29821,0.12546,0.37692,0.24827,0.23558,0.14144,0.013937,0.084706,0.041088,1.035,0.51976,0.90029,0.86601,0.85871,0.63541,0.60879,0.57862,0.70526,0.90058,0.040165,-0.011492,0.28333,0.23924,0.49169,0.55775,-0.052249,0.08355,0.45892,0.40916,0.35275,0.1113,0.25763,0.38408,0.040084,0.22605,0.11699,0.4565
0.40646,0.98041,0.36298,0.28873,0.48951,0.67889,-0.25802,0.012301,-0.10012,0.53111,-0.0753,-0.18933,0.56322,0.45803,0.60809,0.62722,0.70486,0.8013,0.68297,0.49843,0.75324,0.84627,1.2305,0,0.1263,0.68708,0.45937,0.8449,0.39815,0.23632,-0.040495,0.52724,0.50557,0.41954,0.11958,0.10774,0.26494,-0.028028,-0.22208,-0.16664,-0.032651,0.12256,0.30679,0.6774,0.46183,0.68017,-0.070078,-0.32136,0.71338,0.56997,0.61048,0.48516,0.3213,0.5632,0.3758,0.43263,0.58838,0.261,-0.13385,0.075963,0.41482,0.54655,0.43659,0.32362,0.24566,0.3625,-0.11302,0.34726,0.33312,0.089417,0.060924,0.15139,0.12441,0.048328,-0.025753,0.19618,0.1809,0.91121,0.44396,0.78351,0.78852,0.83155,0.57203,0.64171,0.57139,0.53043,0.60606,-0.064875,-0.11298,0.095861,0.15575,0.47235,0.72593,-0.023537,0.25782,0.68256,0.63755,0.47796,0.21468,0.32264,0.52046,-0.011325,0.13805,0.23957,0.5113
0.77677,0.42854,0.12765,0.12614,0.29125,-0.036927,0.3873,0.17651,0.35906,0.26328,0.020195,-0.1733,-0.23529,-0.18626,-0.031794,-0.23708,0.52771,0.4593,0.75152,1.0101,0.18984,-0.008527,0.43784,0.1263,0,0.17125,0.23609,-0.23423,0.065151,-0.3847,-0.2157,0.26774,-0.21477,-0.19928,-0.11774,-0.22433,-0.46527,-0.44882,0.17494,0.25732,0.74233,0.4298,0.58843,0.33329,0.092989,0.052834,0.19923,-0.063815,0.0091692,-0.24822,-0.2591,-0.025206,0.4373,0.16649,0.18931,0.27035,0.27633,0.362,-0.056299,0.067531,-0.12385,-0.028579,-0.17611,-0.1353,0.078849,-0.036729,-0.18069,0.18788,0.03503,-0.23128,0.089415,-0.065832,-0.14705,-0.088451,-0.23733,0.33752,0.13586,0.11395,0.20479,0.088232,0.12807,0.41428,0.15883,0.47715,0.43013,0.31542,0.90304,0.086004,0.023723,0.36773,0.3068,0.13704,0.0020101,0.044226,-0.0063318,-0.085966,-0.13517,0.054462,0.091933,-0.2745,-0.17564,-0.24947,-0.1646,0.095536,0.43325
0.33108,0.83594,0.25449,0.24263,0.00083781,0.46892,-0.2914,0.27419,0.38566,1.0265,-0.41398,0.10795,0.15571,0.20932,0.31377,0.74603,0.48768,0.58608,0.5571,0.32794,0.39643,0.39739,0.5764,0.68708,0.17125,0,0.38304,0.64357,0.13383,-0.13465,-0.27756,0.77202,0.061535,0.03151,-0.34431,-0.31361,-0.18941,-0.45069,-0.42572,-0.42691,-0.012921,0.5023,0.21824,0.68507,0.3438,0.35643,-0.33732,-0.55595,0.35884,0.14412,0.22578,-0.0018127,0.14929,0.44553,0.53966,0.47567,0.35902,-0.080953,-0.49913,0.094488,0.74242,0.10786,0.12449,-0.10246,0.011099,-0.10706,-0.46896,0.30711,0.37102,-0.18454,-0.22556,-0.16554,-0.079858,-0.35809,-0.37628,0.27821,0.6803,0.51677,0.43603,0.27336,0.19815,0.34471,0.10921,0.82534,0.65021,0.39241,0.22574,-0.4815,-0.54074,-0.097149,-0.076561,0.25435,0.6717,-5.3254e-05,0.41024,0.35975,0.50092,0.49256,0.65221,-0.10168,0.10508,-0.2427,-0.24582,0.29604,0.65609
0.24151,0.67527,-0.20216,-0.014105,0.56061,0.71752,-0.26523,0.17115,0.34635,0.40191,-0.33237,-0.08279,0.53242,0.6504,0.8336,0.83027,0.54803,0.47232,0.20401,0.13892,0.81448,0.56718,0.74539,0.45937,0.23609,0.38304,0,0.75875,0.86721,0.10012,-0.20247,0.42033,0.4018,0.48626,-0.10554,0.051646,-0.12133,-0.058179,-0.44075,-0.12075,-0.15119,-0.036622,0.13874,0.40627,0.22517,0.45042,0.13892,-0.15554,0.8676,0.34834,0.4567,0.22115,0.36776,0.56587,0.4601,0.30677,0.52806,0.35567,-0.054035,0.06054,0.4242,0.51118,0.26678,0.16255,0.21159,0.27143,-0.16692,0.62424,0.47996,0.3361,0.43822,0.20996,0.25327,0.029112,-0.013861,-0.070875,0.14478,0.63521,0.41724,0.67012,0.5526,0.20449,0.25372,0.060762,0.1352,0.44617,0.32577,0.073267,0.082613,0.27861,0.27402,-0.093324,0.23332,-0.17858,-0.029269,0.11904,0.2262,-0.16473,-0.012958,0.10777,0.13454,0.18226,0.27332,-0.28174,0.070063
0.23605,0.55512,0.18817,0.31016,0.46429,0.76501,-0.2255,0.17473,0.098507,0.50632,-0.0076607,0.35476,0.60356,0.69836,0.47907,0.86862,0.25725,0.5381,0.1084,0.064036,0.46814,0.48156,0.68816,0.8449,-0.23423,0.64357,0.75875,0,0.81343,0.51904,0.19114,0.80481,0.62551,0.66576,0.20252,0.36436,0.24919,0.19699,-0.25336,-0.13534,-0.24029,0.086646,0.056992,0.32588,0.26194,0.64259,-0.020328,-0.20295,0.50877,0.36826,0.5198,0.17698,0.1035,0.27065,0.20044,-0.010136,0.15234,0.11285,-0.090318,0.21288,0.61448,0.32192,0.19428,0.063822,-0.02032,0.39957,-0.036123,0.65347,0.80216,0.27958,0.062373,0.18946,0.38327,0.097808,0.087545,-0.13072,0.18805,0.74097,0.49875,0.60725,0.4831,0.1807,0.37587,0.30206,0.3884,0.37946,0.12611,-0.060515,-0.073242,0.081413,0.050229,-0.0035556,0.34466,0.12157,0.26466,0.28005,0.34544,0.11679,0.12194,0.15178,0.22055,0.0045601,0.061307,0.12967,0.24741
0.1832,0.1979,0.0078488,0.1831,0.8331,0.60833,0.072973,0.16574,0.19616,0.010346,0.18536,0.25646,0.76651,0.90944,0.52007,0.29594,0.25955,0.37439,0.10057,0.17076,0.61754,0.43382,0.74463,0.39815,0.065151,0.13383,0.86721,0.81343,0,0.73887,0.30587,0.41965,0.89233,1.1311,0.51091,0.67033,0.31055,0.49232,-0.038363,0.29616,-0.035061,-0.11275,0.080326,0.017037,0.03294,0.34964,0.41483,0.32006,0.48771,0.33201,0.47816,0.39442,0.43837,0.27662,0.10814,-0.2219,0.15132,0.32338,0.17633,0.23691,0.13137,0.56855,0.21156,0.18426,-0.0080702,0.69024,0.41167,0.6864,0.52896,0.59767,0.67253,0.38954,0.54414,0.35052,0.39863,-0.32862,-0.15357,0.61712,0.52975,0.63569,0.6344,0.14495,0.36092,0.09992,0.1982,0.48395,0.36203,0.37658,0.42152,0.40487,0.244,0.066265,0.12042,0.15604,-0.015182,0.10453,0.0095829,-0.17753,-0.3409,0.1893,0.10592,0.10312,0.20324,-0.15196,-0.078076
0.066977,-0.11119,0.065019,0.14849,0.56572,0.27112,0.29227,0.11607,-0.10812,-0.31538,0.56182,0.32917,0.38803,0.33253,0.19589,0.041962,-0.35905,-0.099371,-0.14297,-0.088257,0.076263,0.020287,0.18692,0.23632,-0.3847,-0.13465,0.10012,0.51904,0.73887,0,0.6781,0.16201,0.6213,0.61864,0.8478,0.94697,0.49853,0.60489,0.24556,0.24069,0.054316,-0.18295,0.073302,-0.14176,-0.080685,0.25754,0.45785,0.59266,0.060251,0.1904,0.25185,0.22473,0.29918,0.037535,-0.065172,-0.43857,-0.13145,0.22142,0.44614,0.13078,-0.13498,0.31206,0.14392,0.013875,-0.33062,0.64704,0.64521,0.29279,0.20773,0.3742,0.17874,0.16426,0.30768,0.29394,0.60289,-0.2308,-0.16579,0.095145,0.096047,0.10692,0.21429,-0.14341,0.15771,-0.13909,-0.072444,-0.021606,-0.06322,0.51292,0.53427,0.22441,0.25301,-0.035646,-0.09338,0.24287,-0.028549,0.037674,-0.14649,-0.12479,-0.41331,0.080891,0.020405,-0.082743,0.011914,-0.020817,-0.23483
0.29799,-0.23129,0.29161,0.30326,0.26311,-0.17739,0.41699,-0.18748,-0.29568,-0.44568,1.1322,0.35472,0.13336,0.083874,-0.2591,-0.30172,-0.49652,0.14878,-0.14351,0.10545,-0.40112,-0.35723,-0.11341,-0.040495,-0.2157,-0.27756,-0.20247,0.19114,0.30587,0.6781,0,0.15614,0.37066,0.33397,1.1235,0.98347,0.52967,0.59955,0.46314,0.41599,-0.0645,-0.15643,0.13078,-0.38579,0.12963,0.4431,0.31122,0.40064,-0.35504,-0.033452,-0.073966,-0.024503,-0.03556,-0.46823,-0.383,-0.89568,-0.66331,0.079132,0.49458,0.073851,-0.42882,-0.11981,-0.28201,-0.31837,-0.61798,0.25278,0.40754,0.35946,0.2341,0.22469,-0.15257,0.14364,0.25011,0.22774,0.49213,-0.31147,-0.3256,-0.12912,0.089245,-0.10119,0.07824,-0.16483,0.23019,-0.065428,0.063489,-0.030696,0.0078923,0.37338,0.3746,0.31955,0.29352,-0.1852,-0.38128,0.39826,-0.094451,-0.1144,-0.33873,-0.25948,-0.36955,-0.22206,-0.27434,-0.17674,-0.14625,0.05201,-0.272
0.60443,0.59329,0.47956,0.5967,0.35317,0.46482,0.087902,0.28594,0.27548,0.76341,0.12628,0.59705,0.11114,0.24896,0.031818,0.41743,0.23318,0.63852,0.39485,0.43464,0.11798,0.085298,0.49153,0.52724,0.26774,0.77202,0.42033,0.80481,0.41965,0.16201,0.15614,0,0.20543,0.1728,0.17618,0.23373,-0.026773,-0.078644,0.020705,0.051028,0.11731,0.59652,0.36508,0.42665,0.18031,0.49587,0.05914,-0.19687,0.022701,0.045634,0.12618,-0.24714,-0.0096544,0.00021829,0.095572,-0.068879,0.058945,0.099449,-0.15336,0.16693,0.39704,-0.0035054,-0.069329,-0.2117,-0.078311,0.23353,-0.13361,0.7365,1.1324,0.1166,-0.12608,-0.064448,0.17321,-0.099434,-0.15938,0.097289,0.52889,0.41811,0.52457,0.2816,0.19968,0.22633,0.23025,0.68088,0.81991,0.29973,0.39562,-0.11612,-0.15813,0.19338,0.10037,0.018636,0.30078,0.38658,0.47023,0.08459,0.16129,0.22733,0.38911,-0.13006,0.037462,-0.40339,-0.37872,0.37577,0.61198
-0.14786,0.10815,0.18795,0.19956,0.65553,0.63686,-0.30915,-0.12495,-0.15618,-0.23548,0.25272,0.095738,1.6524,1.2353,0.58081,0.33786,0.089334,0.44065,0.021292,0.17738,0.55274,0.44706,0.5668,0.50557,-0.21477,0.061535,0.4018,0.62551,0.89233,0.6213,0.37066,0.20543,0,1.7308,0.72032,0.84322,0.80239,0.63334,-0.092046,0.18347,-0.36889,-0.26477,-0.34012,-0.075534,-0.10302,0.37834,0.27269,0.3588,0.62611,0.88924,0.95184,0.33905,0.16862,0.30609,0.18219,-0.18332,0.20261,0.19149,0.21318,-0.20005,-0.10969,0.71926,0.30086,0.19114,-0.04107,0.59701,0.44719,0.58241,0.47479,0.6251,0.39244,0.10533,0.1889,0.10838,0.32814,-0.41976,-0.14702,0.86505,0.87774,0.81856,1.1989,0.25009,0.39056,0.20335,0.29036,0.49313,0.42139,0.40381,0.51425,0.023831,0.075298,0.13234,0.27294,-0.12371,-0.13872,0.22117,0.16814,-0.077427,-0.38755,0.30884,0.29908,-0.013014,0.092118,-0.11117,-0.18481
-0.16072,0.039035,0.035015,0.080462,0.60179,0.53119,-0.2393,-0.13037,-0.056143,-0.24045,0.18013,0.13745,1.3844,1.3895,0.52319,0.24962,0.16719,0.41442,0.024527,0.13315,0.58548,0.48718,0.62407,0.41954,-0.19928,0.03151,0.48626,0.66576,1.1311,0.61864,0.33397,0.1728,1.7308,0,0.62455,0.78964,0.64117,0.74745,-0.14769,0.22705,-0.31977,-0.37404,-0.30961,-0.11359,-0.056482,0.31298,0.25179,0.33772,0.59586,0.65692,0.74943,0.39131,0.20756,0.23679,0.058676,-0.21804,0.14201,0.21499,0.18764,-0.053724,-0.038869,0.64069,0.22985,0.2162,-0.026953,0.627,0.43386,0.50779,0.41763,0.5293,0.54436,0.23903,0.32039,0.24432,0.34448,-0.5216,-0.32272,0.82068,0.68,0.80019,0.93742,0.19645,0.37733,0.08762,0.17518,0.44742,0.36993,0.33971,0.43232,0.14389,0.081669,0.1093,0.18559,-0.088544,-0.19738,0.13146,0.096087,-0.061481,-0.35214,0.28444,0.20915,0.092569,0.20927,-0.15707,-0.20651
0.1996,-0.18909,0.3988,0.38607,0.56002,0.022583,0.35281,-0.28431,-0.38665,-0.4731,1.2472,0.26754,0.4096,0.31958,-0.061908,-0.2898,-0.31929,0.15707,-0.013687,0.15951,-0.12698,-0.092913,0.11811,0.11958,-0.11774,-0.34431,-0.10554,0.20252,0.51091,0.8478,1.1235,0.17618,0.72032,0.62455,0,1.6349,0.80283,0.85755,0.54732,0.65742,-0.005742,-0.10876,0.064322,-0.32538,-0.034919,0.34397,0.62195,0.71247,-0.16003,0.285,0.17837,0.12774,0.084599,-0.26705,-0.29786,-0.71677,-0.33236,0.30956,0.62147,0.0060413,-0.46024,0.22051,0.0292,-0.013855,-0.2392,0.61218,0.74329,0.37411,0.37297,0.49343,0.17505,0.2404,0.33693,0.36231,0.66654,-0.22838,-0.24227,0.14566,0.23148,0.17691,0.42477,0.093577,0.35664,0.0068879,0.11149,0.080054,0.26488,0.69717,0.70666,0.35945,0.29745,0.0004995,-0.19146,0.35001,-0.101,-0.081358,-0.31545,-0.14765,-0.45102,0.051288,0.026306,-0.17947,-0.057085,-0.00043858,-0.21715
0.10251,-0.22812,0.34309,0.42992,0.56711,0.060705,0.24315,-0.2052,-0.3411,-0.48053,0.98298,0.39765,0.46752,0.3745,-0.029628,-0.15426,-0.38466,0.079464,-0.15971,0.061665,-0.11062,-0.11148,0.16496,0.10774,-0.22433,-0.31361,0.051646,0.36436,0.67033,0.94697,0.98347,0.23373,0.84322,0.78964,1.6349,0,0.74282,0.99434,0.43396,0.56653,-0.05209,-0.19461,-0.081966,-0.41519,-0.16441,0.31733,0.56278,0.61064,-0.098863,0.24951,0.18185,0.14373,0.056448,-0.23873,-0.19466,-0.76417,-0.33176,0.27237,0.56034,0.019306,-0.33342,0.17783,-0.047308,-0.050859,-0.29842,0.66826,0.65688,0.41284,0.46738,0.47164,0.15727,0.1888,0.39372,0.35036,0.60587,-0.35793,-0.23428,0.22705,0.28319,0.25411,0.42509,-0.013146,0.42946,-0.030938,0.12122,0.12513,0.16568,0.65245,0.66195,0.22528,0.21369,-0.11445,-0.26485,0.21866,-0.19719,-0.15718,-0.32408,-0.20584,-0.45411,0.035229,0.0075706,-0.1616,-0.044911,0.034282,-0.22621
-0.26118,-0.29374,0.52996,0.31506,0.31972,0.13519,-0.14295,-0.48795,-0.95237,-0.42372,0.47313,-0.048992,0.73781,0.52613,0.032535,-0.016204,-0.10331,0.20413,-0.1615,-0.055328,0.037962,0.30245,0.11879,0.26494,-0.46527,-0.18941,-0.12133,0.24919,0.31055,0.49853,0.52967,-0.026773,0.80239,0.64117,0.80283,0.74282,0,1.1105,0.36779,0.55131,-0.40353,-0.1447,-0.42754,-0.50125,-0.0953,0.089688,0.0092292,0.19799,0.04483,0.80727,0.7106,0.35689,-0.22277,-0.2412,-0.24954,-0.51644,-0.18059,-0.16933,0.076997,-0.075469,-0.24224,0.22881,0.16499,0.3164,0.027674,0.27746,0.44633,0.18545,0.27352,0.43392,0.19618,0.30687,0.40692,0.32328,0.39893,-0.21649,-0.36803,0.46794,0.30283,0.61366,0.62845,0.3835,0.58554,0.069647,0.092405,0.41661,0.093454,0.15397,0.27727,-0.16354,-0.25922,0.36373,0.1738,0.12035,-0.10748,0.33453,0.17039,0.12801,-0.2975,0.36345,0.32939,0.2731,0.20122,0.14482,-0.23881
-0.30534,-0.58506,0.19535,0.14248,0.24585,-0.11287,0.035879,-0.53492,-0.69486,-0.65287,0.49287,0.12783,0.48018,0.45734,-0.15134,-0.27332,-0.22283,-0.026065,-0.26676,-0.18688,-0.09588,0.13132,0.045162,-0.028028,-0.44882,-0.45069,-0.058179,0.19699,0.49232,0.60489,0.59955,-0.078644,0.63334,0.74745,0.85755,0.99434,1.1105,0,0.35551,0.70597,-0.26387,-0.40831,-0.35922,-0.70825,-0.17372,-0.020599,0.18123,0.37011,-0.13341,0.3528,0.29588,0.28963,-0.2172,-0.48771,-0.54446,-0.74753,-0.35572,0.010004,0.26951,0.044713,-0.31469,0.098171,0.0062512,0.24615,-0.047806,0.43267,0.56722,0.087312,0.21765,0.37703,0.39212,0.46211,0.65261,0.60553,0.50825,-0.50936,-0.721,0.22245,0.041267,0.4293,0.33263,0.085109,0.44618,-0.25792,-0.15598,0.17264,-0.02379,0.28101,0.38192,0.063565,-0.16673,0.14183,-0.1813,0.14865,-0.33455,-0.037889,-0.15708,-0.010843,-0.37593,0.23357,0.099567,0.29416,0.29755,-0.019463,-0.42754
0.32492,-0.47584,0.73675,0.63526,0.30278,-0.34539,0.95313,0.03848,-0.4014,-0.32262,1.0799,0.24648,-0.2762,-0.36763,-0.68713,-0.72288,-0.38079,-0.098514,-0.21858,0.11516,-0.63746,-0.5141,-0.22512,-0.22208,0.17494,-0.42572,-0.44075,-0.25336,-0.038363,0.24556,0.46314,0.020705,-0.092046,-0.14769,0.54732,0.43396,0.36779,0.35551,0,1.2141,0.59432,0.50142,0.0033943,-0.69035,-0.37544,-0.28115,0.24282,0.29491,-0.8244,-0.22644,-0.28211,-0.0502,-0.012971,-0.60965,-0.37312,-0.84706,-0.62174,-0.11794,0.085975,0.36072,-0.34499,-0.47313,-0.44157,-0.10502,-0.14327,0.086303,0.40065,0.0599,0.13401,-0.051956,-0.15488,0.14057,0.27996,0.27087,0.29251,0.23934,-0.13992,-0.13317,-0.041817,-0.1058,-0.15099,0.097045,0.40157,0.12503,0.17506,0.13926,0.035981,0.25403,0.24551,-0.086804,-0.15464,0.060438,-0.36602,0.60768,0.073412,-0.11473,-0.34761,-0.0088106,-0.16116,-0.098052,-0.13088,0.01928,-0.092667,0.58966,0.16732
0.19773,-0.46792,0.54543,0.43642,0.46302,-0.22005,0.64931,-0.17774,-0.40345,-0.40485,0.79867,0.1344,0.066288,0.066823,-0.44088,-0.64172,-0.097048,0.13032,-0.081818,0.2081,-0.27853,-0.16853,0.025472,-0.16664,0.25732,-0.42691,-0.12075,-0.13534,0.29616,0.24069,0.41599,0.051028,0.18347,0.22705,0.65742,0.56653,0.55131,0.70597,1.2141,0,0.3629,0.26945,-0.094827,-0.73807,-0.30739,-0.23872,0.27762,0.34568,-0.4715,0.032419,-0.012913,0.084912,0.0047364,-0.57552,-0.45638,-0.84763,-0.4542,-0.019945,0.07667,0.28667,-0.38588,-0.22319,-0.33451,0.054236,-0.019436,0.20506,0.45611,0.19844,0.26555,0.11923,0.24094,0.34655,0.48488,0.43616,0.33314,0.029925,-0.39739,0.15242,0.12141,0.25489,0.14784,0.28243,0.56131,0.072583,0.1288,0.37056,0.26369,0.27175,0.33146,0.10586,-0.12861,0.1626,-0.26935,0.4662,-0.12598,-0.12503,-0.32068,-0.0016736,-0.23392,-0.014465,-0.099697,0.18802,0.092745,0.32347,0.012153
0.62651,-0.0087589,0.19017,0.24274,0.30487,-0.19774,0.99031,0.45182,0.27482,0.02406,0.31023,0.14089,-0.56703,-0.5631,-0.33374,-0.51523,-0.024027,-0.070531,0.25847,0.47105,-0.21238,-0.38722,0.13115,-0.032651,0.74233,-0.012921,-0.15119,-0.24029,-0.035061,0.054316,-0.0645,0.11731,-0.36889,-0.31977,-0.005742,-0.05209,-0.40353,-0.26387,0.59432,0.3629,0,0.49681,0.42785,0.034751,-0.30005,-0.29802,0.16257,0.068109,-0.39313,-0.62127,-0.59333,-0.079273,0.51841,-0.033292,0.021329,-0.019096,0.0016276,0.15806,-0.078417,0.29934,-0.16068,-0.29735,-0.35142,-0.25864,-0.12791,0.0012027,-0.0066111,0.029281,-0.090872,-0.47849,-0.13944,-0.19698,-0.13446,-0.087697,-0.17374,0.28117,0.04313,-0.20457,-0.10362,-0.23376,-0.29356,0.039253,0.028099,0.24024,0.29124,-0.053299,0.31773,0.096726,0.0071868,0.027382,0.039325,0.089489,-0.22652,0.31075,0.08084,-0.13376,-0.24554,0.22401,0.13294,-0.29467,-0.2149,-0.23019,-0.16331,0.48842,0.53307
0.51779,0.24216,0.75649,0.7172,0.14755,0.16025,0.41112,0.50472,0.22724,0.66988,0.18368,0.36101,-0.28218,-0.24599,-0.26296,0.051222,0.10876,0.23899,0.1513,0.25279,-0.15891,-0.17406,0.060199,0.12256,0.4298,0.5023,-0.036622,0.086646,-0.11275,-0.18295,-0.15643,0.59652,-0.26477,-0.37404,-0.10876,-0.19461,-0.1447,-0.40831,0.50142,0.26945,0.49681,0,0.1587,0.096607,-0.11433,-0.12084,-0.042744,-0.18169,-0.32282,-0.18602,-0.12786,-0.2501,0.038609,-0.042618,0.13949,-0.11068,-0.1429,-0.22302,-0.4059,0.41214,0.38453,-0.32546,-0.18828,-0.15346,0.080058,-0.13088,-0.089532,0.24325,0.42936,-0.13627,-0.31759,-0.087291,0.050908,-0.17426,-0.15401,0.68708,0.73072,0.15945,0.29143,-0.056979,-0.13921,0.2659,0.16196,0.77262,0.68519,0.31039,0.12768,-0.20124,-0.26462,-0.19129,-0.22579,0.13596,0.221,0.52726,0.68243,0.090412,0.089084,0.22687,0.41026,-0.1267,0.013871,-0.19496,-0.35482,0.66933,0.81744
1.0388,0.63479,-0.011423,0.049476,0.14473,-0.055015,0.46063,0.094529,0.25843,0.41448,0.12221,-0.11088,-0.38743,-0.31916,0.045409,-0.065457,0.3235,0.21165,0.8007,0.42175,0.091962,0.058891,0.32929,0.30679,0.58843,0.21824,0.13874,0.056992,0.080326,0.073302,0.13078,0.36508,-0.34012,-0.30961,0.064322,-0.081966,-0.42754,-0.35922,0.0033943,-0.094827,0.42785,0.1587,0,0.70723,0.75717,0.54064,0.32275,-0.019121,-0.05634,-0.3254,-0.3796,0.10253,0.44818,0.13706,0.021948,0.28042,0.17336,0.5677,0.26874,0.27529,0.10408,0.10191,0.15245,-0.0081943,0.037603,0.19951,-0.069312,0.050714,-0.063934,-0.071297,0.016714,0.21952,0.090946,0.16402,0.10642,0.37016,0.18263,-0.23325,-0.3169,-0.22616,-0.13268,0.20938,0.012474,0.13746,0.084811,-0.14845,0.32479,0.13833,-0.022365,0.92966,0.79935,0.11436,0.041505,0.32689,0.24644,0.066039,-0.068733,0.10388,0.18043,-0.14788,-0.056811,-0.23848,-0.036447,-0.068178,0.30315
0.39879,1.3236,-0.21867,-0.19704,0.08125,0.48616,-0.25114,0.1703,0.46263,0.81738,-0.48404,-0.21612,0.022277,0.094207,0.57863,0.59159,0.598,0.39449,0.85251,0.34364,0.60007,0.45615,0.52312,0.6774,0.33329,0.68507,0.40627,0.32588,0.017037,-0.14176,-0.38579,0.42665,-0.075534,-0.11359,-0.32538,-0.41519,-0.50125,-0.70825,-0.69035,-0.73807,0.034751,0.096607,0.70723,0,0.61838,0.55852,-0.0049855,-0.29043,0.57509,0.1199,0.13684,-0.013933,0.31317,0.68304,0.39219,1.0416,0.82459,0.43208,-0.033071,-0.13401,0.38171,0.47056,0.49922,0.077802,0.24558,0.087903,-0.37784,0.15071,0.076329,-0.040782,0.0058912,-0.12352,-0.28373,-0.271,-0.299,0.26293,0.47817,0.14992,0.056098,0.074483,0.16546,0.26186,-0.22284,0.26886,0.20918,-0.10959,0.38464,-0.1261,-0.22301,0.36036,0.45644,0.13314,0.5517,-0.12275,0.32664,0.27186,0.40703,0.28603,0.41827,0.048281,0.23999,-0.26864,-0.055574,-0.1967,0.38089
0.47767,0.73254,-0.032559,-0.10649,-0.095683,0.013949,-0.10623,-0.27995,0.0033762,0.44525,-0.11721,-0.38126,0.038978,0.076657,0.27038,0.27164,0.50681,0.46036,0.65972,0.13913,0.27472,0.43117,0.34321,0.46183,0.092989,0.3438,0.22517,0.26194,0.03294,-0.080685,0.12963,0.18031,-0.10302,-0.056482,-0.034919,-0.16441,-0.0953,-0.17372,-0.37544,-0.30739,-0.30005,-0.11433,0.75717,0.61838,0,0.93351,0.01883,-0.24905,0.25101,0.098355,0.028628,0.31395,0.15388,0.18811,0.045714,0.31614,0.10172,0.32681,0.16929,0.22643,0.37554,0.2109,0.30003,0.21144,0.13701,0.10561,-0.17745,-0.049174,-0.11187,0.00077926,-0.0010252,0.48898,0.22479,0.25086,0.2247,0.35773,0.058444,0.080611,-0.241,0.019421,0.091167,0.4099,0.21545,0.087593,-0.070764,0.044826,0.091306,-0.10474,-0.23564,0.76251,0.67636,0.16693,0.28133,0.077854,0.1661,0.26429,0.22576,0.13205,0.27651,0.029178,0.085042,0.087141,0.21775,-0.23862,0.092532
