,,,,,,,,,,,,,,,,,,,,,,,,,,,,,,,,,,,,,,,,,,,,,,,,,,,,,,,,,,,,,,,,,,,,,,,,,,,,,,,,,,,,,,,,,,,,,,,,,,,,,,,,
0,0.21222,0.40818,0.27035,0.45809,-0.065732,1.0746,0.080021,0.23324,0.19655,0.91045,-0.032045,-0.1506,-0.14297,-0.022777,-0.17575,0.10575,0.40166,0.4441,0.58162,-0.025781,-0.16566,0.27923,0.39887,0.55443,0.37039,0.048944,0.1671,0.27484,0.5127,0.7331,0.56132,-0.059118,-0.026255,0.4263,0.20846,-0.012822,-0.11612,0.68541,0.51015,0.64334,0.43963,0.70732,0.31183,0.3214,0.52317,0.20309,0.10073,-0.16123,-0.28312,-0.28646,0.004041,0.37869,-0.091617,-0.0055259,-0.25915,-0.51557,-0.12621,0.013067,0.40409,-0.10673,0.017163,-0.041102,-0.23692,-0.33152,-0.068763,0.04172,0.37399,0.25752,0.22247,-0.15149,0.13522,0.16141,0.10143,0.27342,0.61129,0.053581,-0.036853,0.14084,-0.3191,-0.042996,0.13194,0.066076,0.43978,0.32841,0.18936,0.22405,0.018771,-0.025249,0.36477,0.31766,0.065753,-0.13214,0.74593,0.20747,0.092916,-0.25409,-0.092297,-0.12062,-0.22933,-0.13261,-0.22095,-0.23964,0.13377,0.25031
0.21222,0,-0.10981,0.11618,0.37064,0.96601,-0.20888,0.61865,0.22992,0.82658,-0.22105,0.4796,0.51546,0.52195,0.43699,0.59221,0.17417,0.12235,0.50786,-0.18706,0.50862,0.34059,0.40979,0.24561,-0.16847,0.48654,0.24357,0.40022,-0.026244,-0.15464,0.11761,0.3918,0.44636,0.27494,0.32441,0.2803,0.10109,-0.24389,-0.52216,-0.44694,-0.44209,0.289,0.45963,0.87995,0.67462,0.7026,0.058073,-0.0066812,0.46465,0.39662,0.59065,-0.021929,0.41873,0.83607,0.35017,0.48972,0.38716,0.095871,-0.026174,-0.1744,0.50235,0.36907,0.21563,-0.021031,-0.00026628,0.13919,-0.092157,0.1945,0.16045,0.10741,-0.09907,0.13266,0.10229,-0.16458,0.15984,-0.08433,0.66622,0.45413,0.3329,0.27941,0.50713,0.23294,-0.26796,0.37356,0.36377,0.30015,0.26811,-0.073092,-0.052894,0.30132,0.25826,-0.20664,0.52515,0.092332,0.84567,0.31254,0.54377,-0.26474,0.10024,0.11377,0.12234,-0.13913,-0.051736,-0.1626,0.30313
0.40818,-0.10981,0,1.0721,0.21064,-0.076874,0.32133,-0.057211,-0.35547,0.019789,0.69977,-0.025781,0.00067534,-0.19019,-0.22231,-0.14046,-0.03995,0.30965,0.081883,0.3635,-0.21452,-0.1182,0.13746,0.36404,0.19514,0.23831,-0.35897,0.035777,0.003952,0.23716,0.27721,0.34644,0.10398,-0.061388,0.33711,0.21938,0.53055,0.096536,0.87409,0.61938,0.31709,0.63952,-0.051175,-0.26882,-0.20092,0.023066,0.051058,0.036125,-0.30117,0.095965,0.029322,0.12159,-0.033215,-0.18026,0.12797,-0.45748,-0.29485,-0.24948,-0.12419,0.27611,-0.063924,-0.1244,-0.066334,0.046856,-0.059047,0.08265,0.27098,0.12679,0.23753,0.088224,-0.32951,-0.037331,0.085224,0.054568,0.17848,0.67674,0.21307,0.26455,0.3591,0.049794,0.14071,0.53288,0.54674,0.79389,0.73365,0.39718,0.16952,0.052795,0.013673,-0.32989,-0.20626,0.45722,0.22259,0.42076,0.14219,0.26129,0.025278,0.37498,0.054934,0.061789,0.21268,-0.18581,-0.31812,0.9891,0.60092
0.27035,0.11618,1.0721,0,0.16644,0.2025,0.20714,0.42354,0.0018181,0.22446,0.40169,0.46437,0.053704,-0.13241,-0.088263,0.079303,-0.0939,-0.050071,-0.10316,0.070421,-0.11626,-0.13949,0.16287,0.17523,0.03742,0.22589,-0.189,0.15745,0.055946,0.10817,0.20838,0.41616,0.19998,0.015451,0.32311,0.37484,0.23509,-0.057021,0.36242,0.16684,0.072646,0.58687,0.055152,-0.2376,-0.1872,0.083455,0.33665,0.23639,-0.20757,-0.030474,0.013861,0.16365,0.12633,0.14394,0.37305,-0.36595,-0.11646,-0.049896,0.026005,0.36452,0.28054,-0.026796,-0.0015066,0.12701,0.03249,0.42276,0.50278,0.11366,0.19698,0.24935,-0.20558,0.030036,0.25498,0.12413,0.38942,0.24373,0.61196,0.24523,0.42041,0.026834,0.08745,0.19944,0.39138,0.72963,0.88563,0.3884,0.084004,0.2881,0.20923,-0.20381,-0.034741,0.15822,0.23781,0.42822,0.44117,0.20713,0.075221,-0.048245,-0.077763,0.22739,0.25007,-0.26194,-0.30623,0.78907,0.70337
0.45809,0.37064,0.21064,0.16644,0,0.72346,0.25617,0.21817,0.22883,0.047964,0.40979,-0.086672,0.75967,0.7365,0.76949,0.38743,0.23445,0.52174,0.26503,0.36687,0.66948,0.32132,0.7631,0.70176,0.15581,0.36368,0.67235,0.62211,0.80539,0.75819,0.39186,0.49764,0.80263,0.74663,0.53267,0.49327,0.43473,0.24612,0.18812,0.32768,0.1939,0.10847,0.064277,0.35834,0.024484,0.47707,0.14004,0.18126,0.68437,0.53565,0.63459,0.24418,0.63311,0.40711,0.31766,-0.05479,0.21233,-0.1303,-0.13153,0.083594,-0.047225,0.76399,0.37442,0.11059,-0.060289,0.20622,0.15041,1.0722,0.51147,0.66206,0.30683,-0.0062041,0.082584,-0.19209,0.16154,0.11601,-0.0022401,0.57926,0.68803,0.41954,0.67823,0.31853,0.12879,0.29925,0.41711,0.39646,0.47581,0.072939,0.16393,0.083447,0.18003,0.22514,0.39662,0.28957,0.16554,0.47383,0.30115,0.025556,-0.18326,0.23691,0.33758,0.11086,0.13554,-0.018344,0.11745
-0.065732,0.96601,-0.076874,0.2025,0.72346,0,-0.33052,0.72132,0.37554,0.61196,-0.30232,0.38117,0.89099,0.91269,0.90765,0.97605,0.31932,0.10525,0.16081,-0.12853,0.89234,0.5632,0.60772,0.43373,-0.22541,0.54305,0.56454,0.63914,0.28843,0.077807,-0.09989,0.45518,0.75027,0.58151,0.17428,0.2533,0.21092,-0.095354,-0.51053,-0.39377,-0.36591,0.18429,0.0087865,0.63281,0.13352,0.32317,-0.017709,-0.01481,0.92181,0.67674,1.03,0.12732,0.47247,1.0144,0.53501,0.47555,0.7372,-0.10884,-0.29075,-0.093421,0.52721,0.78483,0.52583,0.28564,0.29718,0.2347,-0.0093249,0.53731,0.37522,0.50998,0.26804,-0.039143,0.069687,-0.33985,-0.032281,-0.28013,0.54534,0.7072,0.65474,0.60095,0.6409,0.20698,-0.18415,0.3055,0.49766,0.36751,0.32461,-0.093028,-0.0084984,-0.053336,-0.041805,0.0056329,0.86345,0.09643,0.73207,0.58681,0.8395,-0.087969,0.044917,0.55527,0.5405,0.11672,0.16428,-0.060916,0.36221
1.0746,-0.20888,0.32133,0.20714,0.25617,-0.33052,0,0.095349,0.30605,-0.083709,0.83214,-0.13372,-0.5229,-0.49249,-0.24346,-0.5423,-0.065021,0.069359,0.18828,0.37065,-0.24355,-0.40723,-0.015465,0.067204,0.57723,-0.0041736,-0.10124,-0.11555,0.19364,0.45375,0.37584,0.18121,-0.38949,-0.29318,0.15938,-0.0042166,-0.2671,-0.1525,0.93327,0.5995,1.0856,0.36834,0.54352,0.062494,0.017993,0.062259,0.29928,0.24196,-0.44149,-0.63351,-0.66776,0.036366,0.31061,-0.28212,-0.22659,-0.45655,-0.55951,-0.054686,0.086256,0.58934,-0.22719,-0.12267,-0.065801,-0.12977,-0.18931,0.036054,0.2678,0.17934,0.029964,0.12824,0.00078976,0.18785,0.17435,0.21509,0.30291,0.71817,-0.15158,-0.42307,-0.17871,-0.69041,-0.43334,-0.071356,0.0051096,0.14651,0.094589,-0.13369,-0.019225,0.12711,0.036951,0.26405,0.28712,0.22303,-0.23133,0.914,0.10117,-0.0024878,-0.3351,0.024018,0.024944,-0.16333,-0.11534,-0.06761,-0.071821,0.21255,0.22437
0.080021,0.61865,-0.057211,0.42354,0.21817,0.72132,0.095349,0,0.70515,0.57485,-0.29682,0.73203,0.057678,0.039351,0.17875,0.27496,-0.0093835,-0.35934,0.028208,-0.25694,0.24251,-0.083443,0.17096,-0.095104,0.03117,0.25578,0.14603,0.11154,-0.058179,-0.24328,-0.24452,0.24263,0.082237,-0.027819,-0.11528,0.030409,-0.41126,-0.61347,-0.28707,-0.44308,0.0062718,0.44347,0.25912,0.35923,-0.052096,0.010851,0.19383,0.13668,0.1577,-0.17623,0.095597,-0.049351,0.50977,0.77215,0.464,0.28532,0.40239,0.012875,-0.12705,0.1091,0.50312,0.10939,0.0067154,0.0036572,0.067594,0.28496,0.15937,0.10208,-0.025114,0.045854,-0.035767,-0.058135,0.0449,-0.18845,0.054986,-0.091656,0.71942,0.11359,0.29865,-0.05909,-0.01542,-0.19387,-0.36999,0.39596,0.55309,0.18512,0.064221,0.06446,0.056276,-0.078449,0.040318,-0.1386,0.37725,0.24041,0.92334,0.22627,0.43626,-0.35753,0.11111,0.20294,0.11531,-0.12649,-0.093947,0.25071,0.6601
0.23324,0.22992,-0.35547,0.0018181,0.22883,0.37554,0.30605,0.70515,0,0.34513,-0.13651,0.33612,-0.030729,0.12435,0.34647,0.12188,0.28476,-0.10123,0.057826,0.14042,0.38134,-0.017532,0.23717,-0.045363,0.44537,0.27436,0.40236,0.069396,0.29573,0.0023548,-0.24108,0.2523,-0.031784,0.099324,-0.21703,-0.16521,-0.85476,-0.61545,-0.22281,-0.24391,0.3062,0.17809,0.2214,0.38581,-0.13193,-0.10539,0.26343,0.21551,0.25783,-0.34319,-0.19067,-0.04716,0.5269,0.43604,0.29618,0.26084,0.20762,0.0069512,-0.14295,0.26518,0.26003,0.31221,0.17557,0.0025984,0.17016,0.095282,0.061685,0.31425,0.1187,0.34966,0.41968,-0.14927,-0.10998,-0.23167,-0.0926,-0.11622,0.32727,-0.036251,0.26259,-0.23029,-0.15218,-0.34895,-0.4357,0.10951,0.22899,-0.03696,0.21567,0.077884,0.053438,0.21145,0.17351,-0.1601,0.070821,0.27232,0.35258,-0.031571,-0.067064,-0.32344,-0.061075,0.12977,0.03773,-0.11246,-0.044629,-0.18854,0.30217
0.19655,0.82658,0.019789,0.22446,0.047964,0.61196,-0.083709,0.57485,0.34513,0,-0.31886,0.58696,0.095131,0.20226,0.19739,0.64054,0.39841,-0.067689,0.23771,-0.16864,0.33766,0.36863,0.27736,0.26055,-0.091399,0.84445,0.17929,0.39257,-0.11424,-0.19138,-0.21037,0.67345,-0.015353,-0.018095,-0.12699,-0.11139,-0.13772,-0.38988,-0.28031,-0.31353,-0.18759,0.6834,0.27694,0.66816,0.40927,0.1624,-0.23827,-0.40389,0.1643,0.037738,0.20576,-0.080083,0.13201,0.4218,0.23556,0.45745,0.078987,-0.29969,-0.47377,0.25344,1.0712,0.11775,0.28061,0.16321,0.37022,-0.15679,-0.37323,-0.0086226,0.29631,0.11801,-0.10039,0.17328,0.32138,-0.087614,-0.12475,0.098133,0.82962,0.34516,0.1365,0.11741,-0.014591,0.18966,-0.24751,0.39535,0.37489,0.24726,-0.038632,-0.48891,-0.559,0.022648,-0.27889,-0.15498,0.40422,0.33618,1.0494,0.21785,0.38355,-0.039932,0.32249,0.26458,0.2925,0.041462,0.001717,0.015842,0.62015
0.91045,-0.22105,0.69977,0.40169,0.40979,-0.30232,0.83214,-0.29682,-0.13651,-0.31886,0,-0.17266,-0.067042,-0.16518,-0.11846,-0.3236,-0.22425,0.36413,0.092091,0.5131,-0.30327,-0.34778,0.069661,0.33825,0.2516,0.014133,-0.15482,0.11423,0.29367,0.79029,1.0405,0.3126,0.11633,0.095943,0.74571,0.49663,0.32895,0.29068,1.0522,0.74718,0.54145,0.15835,0.20439,-0.13153,0.012563,0.45232,0.36511,0.35247,-0.28272,-0.10582,-0.2726,0.027001,0.12825,-0.36104,-0.090053,-0.70499,-0.68948,-0.0062802,0.27928,0.27538,-0.40831,-0.008246,-0.063517,-0.20619,-0.39712,0.13044,0.32812,0.38245,0.29325,0.27365,-0.20643,0.015334,0.064777,0.13278,0.43749,0.53144,-0.14463,-0.078877,0.12946,-0.2976,0.012843,0.072082,0.33351,0.22671,0.19292,0.012184,0.10334,0.31626,0.26446,0.14553,0.3307,0.10784,-0.27326,0.5185,-0.1568,-0.030519,-0.41947,0.048242,-0.18196,-0.18784,-0.057022,-0.25574,-0.22205,0.24724,0.03293
-0.032045,0.4796,-0.025781,0.46437,-0.086672,0.38117,-0.13372,0.73203,0.33612,0.58696,-0.17266,0,-0.0095816,0.071698,-0.17202,0.23269,-0.26961,-0.3205,-0.072957,-0.34181,-0.083222,-0.21063,0.0088811,-0.19495,-0.2118,0.15125,0.04841,0.30963,-0.040528,-0.19368,-0.014533,0.52547,0.16076,0.067102,0.18299,0.39949,-0.26583,-0.17065,-0.33864,-0.39438,-0.25252,0.33021,0.20999,0.19007,-0.023042,0.19063,0.39382,0.25389,-0.15353,-0.22763,-0.035381,-0.36567,-0.057337,0.23621,0.12611,-0.03982,0.039534,0.33923,0.26439,-0.043774,0.49447,-0.17395,-0.21638,-0.2559,-0.15061,0.48461,0.22671,-0.016926,0.29992,-0.053303,-0.25043,-0.033407,0.21295,0.10872,0.18474,-0.32713,0.78874,0.10387,0.21623,-0.025592,-0.026051,-0.37179,-0.22107,0.26292,0.37573,0.012452,-0.059325,0.25968,0.20686,0.13299,0.11197,-0.57844,-0.035784,0.063762,0.53083,-0.34684,-0.056265,-0.48102,0.012567,-0.10573,-0.1693,-0.59479,-0.47305,0.11533,0.327
-0.1506,0.51546,0.00067534,0.053704,0.75967,0.89099,-0.5229,0.057678,-0.030729,0.095131,-0.067042,-0.0095816,0,1.6219,1.0869,0.77424,0.33329,0.33678,0.19147,0.061529,0.92406,0.74789,0.83667,0.60185,-0.26846,0.39609,0.52862,0.5947,0.47606,0.28447,0.1786,0.22229,1.6837,1.385,0.48598,0.55763,0.74741,0.45109,-0.39524,-0.067471,-0.48488,-0.22075,-0.26053,0.20585,0.17097,0.47489,0.0077007,0.094001,1.2686,1.2625,1.3703,0.36918,0.45716,0.7554,0.61768,0.32043,0.51326,-0.046036,-0.12031,-0.19722,0.21288,0.94141,0.46684,0.31616,0.12559,0.21742,0.034685,0.42541,0.24948,0.47113,0.29981,0.025653,0.069883,-0.17681,0.14868,-0.32177,0.14501,1.2044,0.74159,1.038,1.2937,0.44894,0.19091,0.22482,0.26963,0.59319,0.43751,0.042608,0.15557,-0.024815,0.024989,0.05158,0.53223,-0.2759,0.078654,0.42595,0.45702,-0.0078898,-0.23955,0.41836,0.4322,0.15817,0.24026,-0.20484,-0.047948
-0.14297,0.52195,-0.19019,-0.13241,0.7365,0.91269,-0.49249,0.039351,0.12435,0.20226,-0.16518,0.071698,1.6219,0,1.0016,0.76398,0.41461,0.41055,0.21418,0.062629,1.0096,0.79288,0.81184,0.53537,-0.19316,0.40075,0.76362,0.71264,0.61057,0.28266,0.076634,0.33391,1.2442,1.3767,0.37581,0.44019,0.49482,0.42555,-0.47624,-0.054296,-0.43794,-0.21002,-0.19586,0.33955,0.17913,0.4226,0.023534,0.082201,1.2233,0.99727,1.1721,0.2063,0.34077,0.58925,0.37977,0.31632,0.49583,0.032006,-0.11255,-0.17654,0.24206,0.88179,0.448,0.26326,0.16264,0.21978,-0.011731,0.50744,0.41049,0.49041,0.44677,0.080493,0.13127,-0.10079,0.066054,-0.38579,0.082463,1.0591,0.65968,1.009,1.031,0.32566,0.068445,0.10283,0.15132,0.44247,0.4307,0.0043407,0.12292,0.13556,0.041775,-0.041479,0.44106,-0.22076,0.066295,0.24973,0.33468,-0.029713,-0.19657,0.33526,0.32,0.14473,0.22352,-0.37242,-0.11044
-0.022777,0.43699,-0.22231,-0.088263,0.76949,0.90765,-0.24346,0.17875,0.34647,0.19739,-0.11846,-0.17202,1.0869,1.0016,0,0.95761,0.5789,0.17916,0.077516,0.073746,1.2057,0.84967,0.74586,0.62012,-0.13569,0.47906,0.7296,0.52715,0.5511,0.37876,0.060158,0.17073,0.77465,0.87303,0.15028,0.16422,0.28837,0.11338,-0.40606,-0.22185,-0.25859,-0.22298,-0.14474,0.37015,0.21301,0.32094,-0.064719,-0.029603,1.7233,0.74021,0.79523,0.52333,0.72135,0.88798,0.69373,0.51239,0.53582,-0.21415,-0.31882,0.11143,0.35841,1.5269,0.9531,0.56502,0.44803,0.035902,-0.10633,0.51828,0.14506,0.80704,0.58437,0.061492,0.06765,-0.30721,0.027099,-0.28473,0.12222,0.64144,0.45974,0.55883,0.57923,0.2607,0.0045867,-0.0013959,0.11775,0.33111,0.27761,-0.086129,-0.029364,0.0056233,0.024291,0.11254,0.5337,-0.033274,0.18667,0.60973,0.49519,-0.019769,-0.20652,0.72295,0.71458,0.48223,0.6063,-0.42844,-0.0337
-0.17575,0.59221,-0.14046,0.079303,0.38743,0.97605,-0.5423,0.27496,0.12188,0.64054,-0.3236,0.23269,0.77424,0.76398,0.95761,0,0.3361,-0.0069187,-0.1913,-0.26209,0.65117,0.68695,0.39645,0.45245,-0.50284,0.5998,0.65844,0.76003,0.24187,0.14303,-0.050455,0.40766,0.5565,0.53024,0.014745,0.14551,0.29294,0.053568,-0.50718,-0.40938,-0.59088,0.057961,-0.26176,0.31583,0.22896,0.31155,-0.23106,-0.31349,0.88174,0.6552,0.80305,0.18083,0.21559,0.65851,0.61857,0.45108,0.3406,-0.27333,-0.3793,0.067678,0.82855,0.60968,0.62409,0.39507,0.44171,-0.066869,-0.34872,0.33398,0.36499,0.49381,0.12563,0.05756,0.23706,-0.28792,-0.081419,-0.31565,0.49001,0.67382,0.35989,0.60457,0.37081,0.13034,-5.4614e-05,-0.0028365,0.12344,0.32192,-0.085847,-0.26347,-0.23493,-0.19555,-0.25132,-0.2324,0.40448,-0.10546,0.37772,0.35382,0.52054,-0.13241,-0.028041,0.55535,0.59447,0.38889,0.40952,-0.29926,0.050875
0.10575,0.17417,-0.03995,-0.0939,0.23445,0.31932,-0.065021,-0.0093835,0.28476,0.39841,-0.22425,-0.26961,0.33329,0.41461,0.5789,0.3361,0,0.4081,0.3419,0.52421,1.0391,1.1327,0.83919,0.68247,0.39052,0.4958,0.34446,0.22009,0.35764,0.10875,-0.25402,0.17795,0.14938,0.34612,-0.25536,-0.34183,0.050871,-0.066541,-0.14134,0.071447,0.065327,0.016276,-0.010288,0.24461,0.18522,-0.1498,-0.36621,-0.41218,0.62005,0.22523,0.3076,0.65334,0.25446,0.28252,0.17345,0.43125,0.22493,-0.40263,-0.63886,0.44152,0.37335,0.5984,0.65486,0.74934,0.74367,-0.2098,-0.24092,0.063863,0.0063312,0.44148,0.6888,0.19325,0.1656,0.076664,-0.22921,-0.071345,-0.11118,0.52206,0.27912,0.51055,0.26028,0.73868,0.27714,0.24517,0.24527,0.49773,0.53155,-0.41105,-0.41896,0.09495,-0.2847,0.43526,0.385,0.074591,0.1264,0.49625,0.2139,0.22214,-0.2709,0.65117,0.57099,0.46423,0.3906,-0.1926,0.18326
0.40166,0.12235,0.30965,-0.050071,0.52174,0.10525,0.069359,-0.35934,-0.10123,-0.067689,0.36413,-0.3205,0.33678,0.41055,0.17916,-0.0069187,0.4081,0,0.30404,0.80412,0.34726,0.2999,0.44597,0.57263,0.44914,0.1664,0.31433,0.33422,0.51905,0.35836,0.24729,0.23772,0.34325,0.33317,0.24159,0.030893,0.36681,0.10393,0.30892,0.50002,0.19133,0.12496,-0.048411,0.081892,0.0061367,0.21527,-0.10083,-0.098198,0.30142,0.38105,0.36374,0.10409,-0.095683,-0.19923,-0.17461,-0.23931,-0.071705,-0.033567,-0.08328,-0.030674,-0.32603,0.17754,-0.0065078,-0.12626,-0.16263,-0.10454,-0.027201,0.63997,0.49745,0.19983,0.1574,-0.093302,-0.17634,-0.021907,-0.10768,0.20964,-0.32145,0.43043,0.5827,0.43741,0.62763,0.55871,0.46889,0.29431,0.25322,0.38105,0.69758,-0.011506,0.060494,0.17486,0.079603,0.24926,0.087422,0.023494,-0.27396,0.13555,-0.12311,0.16387,-0.35146,-0.14871,-0.074113,-0.10748,-0.21617,0.026763,-0.047117
0.4441,0.50786,0.081883,-0.10316,0.26503,0.16081,0.18828,0.028208,0.057826,0.23771,0.092091,-0.072957,0.19147,0.21418,0.077516,-0.1913,0.3419,0.30404,0,0.40604,0.36551,0.27366,0.55166,0.34283,0.41045,0.392,-0.18291,-0.085784,-0.015358,0.011297,0.18713,0.28277,0.20005,0.17636,0.41265,0.18259,0.16321,0.022761,-0.022385,0.14024,0.18321,0.12126,0.72238,0.75679,0.48054,0.33479,0.0061524,0.082716,0.11271,0.16184,0.17595,0.068088,0.42868,0.27215,0.00068698,0.4004,0.23208,0.0099438,-0.063987,-0.18362,-0.15346,0.30316,0.13766,-0.029588,-0.12134,0.00037161,-0.019951,-0.048572,-0.085383,-0.044242,0.06575,0.073102,-0.060573,-0.0025123,0.021124,0.19316,0.039293,0.23462,0.1427,0.092798,0.38845,0.57425,-0.22149,0.57521,0.36687,0.22221,0.72742,-0.15545,-0.11519,0.42908,0.19304,0.39236,0.41098,0.19086,0.28889,0.27545,0.19486,0.30688,0.12959,-0.066484,0.024407,-0.28449,-0.201,-0.017839,0.26422
0.58162,-0.18706,0.3635,0.070421,0.36687,-0.12853,0.37065,-0.25694,0.14042,-0.16864,0.5131,-0.34181,0.061529,0.062629,0.073746,-0.26209,0.52421,0.80412,0.40604,0,0.26266,0.13577,0.55327,0.64534,0.96548,0.27961,0.037537,0.049398,0.41317,0.45633,0.2551,0.32971,0.14722,0.23354,0.13876,-0.0053058,0.11658,0.030286,0.53564,0.58989,0.71926,0.072142,0.033074,0.031993,-0.2564,-0.037597,-0.091208,-0.047832,0.10389,-0.018981,-0.04963,0.15357,0.08013,-0.21102,-0.021768,-0.098277,-0.17199,-0.27326,-0.23173,0.094253,-0.46262,0.1628,0.0014958,-0.072059,-0.15285,-0.19394,-0.042254,0.36673,0.25532,0.2527,0.18805,-0.3766,-0.31388,-0.089132,-0.26443,0.1547,-0.31962,0.24056,0.56214,0.17922,0.28863,0.39646,0.35796,0.51956,0.47878,0.42463,0.93698,-0.060376,0.0051096,0.016203,-0.094687,0.34585,-0.086454,0.086519,-0.30299,0.13159,-0.3201,0.17494,-0.49781,-0.069892,-0.011408,-0.25326,-0.34675,0.16202,0.095159
-0.025781,0.50862,-0.21452,-0.11626,0.66948,0.89234,-0.24355,0.24251,0.38134,0.33766,-0.30327,-0.083222,0.92406,1.0096,1.2057,0.65117,1.0391,0.34726,0.36551,0.26266,0,1.2798,1.2352,0.7056,0.098943,0.53058,0.7103,0.52476,0.61447,0.24768,-0.15504,0.20568,0.69155,0.84239,0.033857,0.050737,0.21242,0.081059,-0.43887,-0.13738,-0.1362,-0.11591,-0.039008,0.44174,0.17795,0.11452,-0.17892,-0.15247,1.4321,0.60228,0.804,0.65537,0.58256,0.78144,0.41886,0.5462,0.60722,-0.19507,-0.43105,0.13373,0.37962,1.1533,0.76689,0.57556,0.46415,0.054305,-0.095039,0.35473,0.12944,0.56368,0.77798,0.11516,0.12575,-0.10227,-0.077369,-0.30229,0.020065,0.82042,0.53535,0.80374,0.73047,0.5532,0.11676,0.2119,0.28122,0.54553,0.59962,-0.20269,-0.14204,0.11396,-0.08387,0.30068,0.61984,-0.070664,0.21507,0.61256,0.47622,0.076003,-0.27791,0.64724,0.58107,0.36504,0.41498,-0.31846,0.092958
-0.16566,0.34059,-0.1182,-0.13949,0.32132,0.5632,-0.40723,-0.083443,-0.017532,0.36863,-0.34778,-0.21063,0.74789,0.79288,0.84967,0.68695,1.1327,0.2999,0.27366,0.13577,1.2798,0,0.89561,0.77868,-0.13467,0.50422,0.47674,0.53814,0.42325,0.22017,-0.17167,0.12508,0.48896,0.6335,-0.025001,-0.046687,0.44817,0.28958,-0.38744,-0.099594,-0.30612,-0.15304,-0.11971,0.28599,0.3253,0.060356,-0.38007,-0.38719,0.95524,0.70127,0.77966,0.7829,0.22851,0.44079,0.20851,0.49389,0.40813,-0.26178,-0.4735,0.21792,0.50724,0.86032,0.94127,0.86942,0.70649,-0.045883,-0.19447,0.087324,0.080211,0.47108,0.67246,0.33563,0.35053,0.11222,-0.057189,-0.25737,-0.070385,0.75216,0.22572,0.92556,0.57184,0.77588,0.3064,0.069666,0.073256,0.4788,0.31766,-0.35989,-0.33463,0.052438,-0.28213,0.39113,0.5755,-0.083998,0.13831,0.63406,0.47761,0.28563,-0.18108,0.79564,0.72977,0.58785,0.59948,-0.31979,-0.0066639
0.27923,0.40979,0.13746,0.16287,0.7631,0.60772,-0.015465,0.17096,0.23717,0.27736,0.069661,0.0088811,0.83667,0.81184,0.74586,0.39645,0.83919,0.44597,0.55166,0.55327,1.2352,0.89561,0,1.0687,0.21806,0.70692,0.46502,0.62125,0.72674,0.50481,0.16296,0.46985,0.8403,1.0407,0.33217,0.35569,0.40135,0.29996,-0.098529,0.14328,0.10386,-0.019677,0.084578,0.33786,0.14188,0.2698,-0.054978,-0.037335,0.84361,0.42348,0.56576,0.65241,0.63257,0.5681,0.42426,0.29116,0.29108,-0.18728,-0.32187,0.23466,0.26252,0.82776,0.48751,0.39716,0.1579,0.17914,0.048371,0.31466,0.19993,0.46197,0.46359,0.12183,0.24138,0.087372,0.089658,-0.14873,0.0029825,1.0217,0.69506,0.76231,0.79358,0.66335,0.31546,0.58391,0.57987,0.80002,0.74892,-0.10432,-0.061316,0.10537,-0.086288,0.35594,0.44039,0.046524,0.15757,0.51087,0.24823,0.14517,-0.37354,0.43493,0.43055,0.082635,0.13173,-0.012058,0.24268
0.39887,0.24561,0.36404,0.17523,0.70176,0.43373,0.067204,-0.095104,-0.045363,0.26055,0.33825,-0.19495,0.60185,0.53537,0.62012,0.45245,0.68247,0.57263,0.34283,0.64534,0.7056,0.77868,1.0687,0,0.046759,0.79484,0.26774,0.76484,0.51389,0.80711,0.32278,0.55152,0.58191,0.66709,0.31829,0.23007,0.6495,0.33445,0.20769,0.2253,0.20881,0.090209,-0.047652,0.35671,0.13155,0.32005,-0.30817,-0.2945,0.61161,0.49811,0.5085,0.48463,0.29123,0.21656,0.21209,0.18678,0.022002,-0.44847,-0.46039,0.27076,0.18731,0.65377,0.60852,0.38687,0.20243,-0.067094,-0.1535,0.41556,0.40232,0.5086,0.19357,0.0031001,0.15539,-0.043207,-0.064041,0.057222,-0.072257,0.75445,0.52154,0.60801,0.55952,0.66849,0.39612,0.4545,0.46746,0.55346,0.46212,-0.30242,-0.26457,-0.1511,-0.3099,0.3841,0.37257,0.21175,0.13942,0.67325,0.28625,0.38313,-0.20659,0.50018,0.61615,0.18808,0.1849,0.10221,0.24256
0.55443,-0.16847,0.19514,0.03742,0.15581,-0.22541,0.57723,0.03117,0.44537,-0.091399,0.2516,-0.2118,-0.26846,-0.19316,-0.13569,-0.50284,0.39052,0.44914,0.41045,0.96548,0.098943,-0.13467,0.21806,0.046759,0,0.049582,-0.012068,-0.38232,0.20452,0.011832,-0.051708,0.14866,-0.21635,-0.13631,-0.12567,-0.29057,-0.37781,-0.39287,0.44946,0.55448,0.80053,0.28125,0.26521,0.0012519,-0.25575,-0.27532,0.16951,0.17054,-0.13965,-0.38036,-0.32867,-0.019806,0.18568,-0.14666,-0.0075348,-0.089849,-0.064482,-0.033869,-0.09311,0.17645,-0.41395,-0.044316,-0.19093,-0.1335,-0.090766,-0.12066,0.10866,0.16292,-0.028924,0.046838,0.22096,-0.20641,-0.28914,-0.025426,-0.18184,0.30885,-0.14915,-0.056712,0.31765,-0.15193,-0.055284,0.19814,0.071709,0.43566,0.36856,0.24488,0.71399,0.097851,0.11907,0.21789,0.11561,0.28042,-0.113,0.18036,-0.16789,-0.10402,-0.41357,-0.0096486,-0.31862,-0.24151,-0.23272,-0.27536,-0.37682,0.11166,0.17269
0.37039,0.48654,0.23831,0.22589,0.36368,0.54305,-0.0041736,0.25578,0.27436,0.84445,0.014133,0.15125,0.39609,0.40075,0.47906,0.5998,0.4958,0.1664,0.392,0.27961,0.53058,0.50422,0.70692,0.79484,0.049582,0,0.23318,0.52574,0.18895,0.27143,0.038765,0.82887,0.30442,0.34393,0.089603,0.076626,0.21743,-0.071877,-0.0052401,-0.018162,0.12945,0.48115,0.086566,0.57616,0.16539,0.20288,-0.37072,-0.38936,0.43174,0.28,0.33991,0.10221,0.40298,0.46204,0.53076,0.5316,0.08388,-0.64534,-0.77305,0.17668,0.52384,0.40213,0.3933,0.12441,0.15543,-0.32126,-0.451,0.24185,0.42267,0.30381,-0.017532,-0.10147,0.11521,-0.32384,-0.2351,0.17931,0.53438,0.66054,0.47745,0.30732,0.30046,0.33526,-0.10913,0.6922,0.5631,0.56763,0.20916,-0.57965,-0.52536,-0.24659,-0.50372,0.12572,0.46623,0.26438,0.52608,0.47233,0.33444,0.25338,0.17408,0.26256,0.3852,-0.0039654,-0.05913,0.15868,0.57567
0.048944,0.24357,-0.35897,-0.189,0.67235,0.56454,-0.10124,0.14603,0.40236,0.17929,-0.15482,0.04841,0.52862,0.76362,0.7296,0.65844,0.34446,0.31433,-0.18291,0.037537,0.7103,0.47674,0.46502,0.26774,-0.012068,0.23318,0,0.80746,1.0114,0.4134,-0.014103,0.27564,0.43067,0.59478,-0.018418,0.12454,0.020977,0.16466,-0.23641,0.031387,-0.12187,-0.089652,-0.14637,0.11721,0.0021447,0.16529,-0.002829,-0.084921,0.75044,0.32055,0.4641,0.21544,0.21513,0.24694,0.16922,-0.02437,0.14385,-0.03768,-0.15601,0.15802,0.2728,0.4713,0.2827,0.10646,0.091982,0.038393,-0.10763,0.76495,0.54804,0.57251,0.59285,0.14985,0.30211,-0.0079219,0.026986,-0.25108,-0.054478,0.4153,0.35689,0.50922,0.38285,-0.033414,0.14245,-0.21518,-0.10925,0.29265,0.071926,-0.031514,0.038184,0.19722,0.066994,-0.18266,0.022539,-0.053949,-0.071411,0.065371,0.028847,-0.33869,-0.35423,0.12339,0.066323,0.32868,0.2818,-0.49881,-0.29609
0.1671,0.40022,0.035777,0.15745,0.62211,0.63914,-0.11555,0.11154,0.069396,0.39257,0.11423,0.30963,0.5947,0.71264,0.52715,0.76003,0.22009,0.33422,-0.085784,0.049398,0.52476,0.53814,0.62125,0.76484,-0.38232,0.52574,0.80746,0,0.77027,0.73249,0.2763,0.61325,0.64265,0.71674,0.32785,0.46116,0.41434,0.41424,-0.091521,-0.032082,-0.13605,0.067195,-0.094377,0.26364,0.11791,0.45775,-0.081778,-0.17741,0.55057,0.41924,0.53177,0.22449,0.063042,0.17277,0.06376,-0.085534,-0.050682,-0.089994,-0.13142,0.20194,0.46559,0.40613,0.36072,0.11071,0.017887,0.19231,-0.046951,0.62111,0.84385,0.49963,0.18672,0.16103,0.47251,0.12078,0.15237,-0.20291,0.098943,0.60717,0.39544,0.59899,0.49517,0.10764,0.30083,0.063791,0.15283,0.32337,0.019354,-0.090639,-0.06886,0.026257,-0.11008,-0.13829,0.12717,0.1329,0.17777,0.22844,0.15638,-0.073167,-0.19903,0.24921,0.25071,0.10671,0.12298,-0.10739,0.0061933
0.27484,-0.026244,0.003952,0.055946,0.80539,0.28843,0.19364,-0.058179,0.29573,-0.11424,0.29367,-0.040528,0.47606,0.61057,0.5511,0.24187,0.35764,0.51905,-0.015358,0.41317,0.61447,0.42325,0.72674,0.51389,0.20452,0.18895,1.0114,0.77027,0,0.97046,0.29456,0.35317,0.57743,0.80223,0.32003,0.37094,0.21304,0.44155,0.11585,0.36168,0.20696,-0.15789,-0.019417,-0.03904,-0.12964,0.18976,0.26072,0.21105,0.53164,0.20523,0.2609,0.46068,0.28424,0.052051,0.0678,-0.32042,0.015985,0.10118,0.045115,0.34748,-0.0056886,0.57636,0.33371,0.17584,-0.0045195,0.3305,0.29915,0.80426,0.51915,0.7488,0.75428,0.19304,0.35899,0.2563,0.25881,-0.1855,-0.27913,0.38054,0.44918,0.43483,0.44427,0.10923,0.42652,-0.011262,0.088179,0.30706,0.3299,0.26397,0.29879,0.3053,0.18773,0.15614,-0.017763,0.14314,-0.25956,0.092504,-0.21351,-0.0932,-0.62632,0.15997,0.12004,0.10652,0.13666,-0.23511,-0.22828
0.5127,-0.15464,0.23716,0.10817,0.75819,0.077807,0.45375,-0.24328,0.0023548,-0.19138,0.79029,-0.19368,0.28447,0.28266,0.37876,0.14303,0.10875,0.35836,0.011297,0.45633,0.24768,0.22017,0.50481,0.80711,0.011832,0.27143,0.4134,0.73249,0.97046,0,0.68338,0.42867,0.4241,0.56096,0.53837,0.48934,0.45191,0.61099,0.49284,0.46516,0.43762,-0.10392,0.025114,0.055794,-0.051446,0.36439,0.11868,0.11519,0.2628,0.15927,0.092728,0.34417,0.24251,-0.12704,-0.028365,-0.34637,-0.28112,-0.10982,0.017998,0.35152,-0.12924,0.45609,0.39394,0.11344,-0.11567,0.15963,0.16822,0.65172,0.50495,0.63232,0.27512,0.095104,0.29907,0.15192,0.25458,0.061409,-0.32222,0.18621,0.20954,0.16063,0.23178,0.076954,0.35658,-0.0038702,0.052189,0.117,0.10615,0.11667,0.12586,0.070825,0.057455,0.19828,-0.098286,0.35127,-0.2037,0.21023,-0.16991,0.14832,-0.33985,0.16594,0.24576,0.096005,0.16343,-0.059133,-0.16243
0.7331,0.11761,0.27721,0.20838,0.39186,-0.09989,0.37584,-0.24452,-0.24108,-0.21037,1.0405,-0.014533,0.1786,0.076634,0.060158,-0.050455,-0.25402,0.24729,0.18713,0.2551,-0.15504,-0.17167,0.16296,0.32278,-0.051708,0.038765,-0.014103,0.2763,0.29456,0.68338,0,0.34971,0.35771,0.31013,1.1563,0.89106,0.46087,0.47533,0.35317,0.29791,0.042414,-0.178,0.44058,0.053914,0.42229,1.147,0.37668,0.32831,-0.052528,0.05849,-0.051761,0.045494,0.20781,-0.11302,0.013981,-0.40053,-0.43612,0.14169,0.45089,0.028288,-0.28367,0.12935,-0.023292,-0.23432,-0.54074,0.198,0.20074,0.32578,0.19919,0.29088,-0.22649,0.15271,0.19388,0.19332,0.56745,0.069084,-0.099169,-0.0099655,0.069923,-0.12471,0.20159,-0.027349,0.17008,0.082663,0.056453,0.037996,0.085979,0.32893,0.32188,0.40538,0.56641,-0.14441,-0.26942,0.27115,-0.1002,-0.012053,-0.27359,-0.22551,-0.3439,-0.19869,-0.12069,-0.25902,-0.13935,-0.073453,-0.23632
0.56132,0.3918,0.34644,0.41616,0.49764,0.45518,0.18121,0.24263,0.2523,0.67345,0.3126,0.52547,0.22229,0.33391,0.17073,0.40766,0.17795,0.23772,0.28277,0.32971,0.20568,0.12508,0.46985,0.55152,0.14866,0.82887,0.27564,0.61325,0.35317,0.42867,0.34971,0,0.32931,0.3244,0.4154,0.43512,0.1661,0.082504,0.17342,0.18829,0.15384,0.49496,0.27747,0.49009,0.056454,0.40794,0.069008,-0.027392,0.08958,0.08473,0.17836,-0.24116,0.11876,0.09343,0.19258,-0.0033002,-0.094023,-0.22847,-0.22028,0.12467,0.25802,0.21369,0.1558,-0.094077,-0.058833,0.049537,-0.10946,0.51201,0.88421,0.44933,-0.081208,-0.10953,0.21573,-0.10364,-0.06709,0.058453,0.49034,0.40953,0.51876,0.17353,0.1817,0.088328,-0.089189,0.57315,0.65435,0.28526,0.27134,-0.14629,-0.11516,0.066071,-0.13211,-0.10456,0.16188,0.45469,0.43377,0.06136,0.0022199,0.0028071,0.0029138,0.043844,0.17369,-0.33854,-0.35807,0.13921,0.4075
-0.059118,0.44636,0.10398,0.19998,0.80263,0.75027,-0.38949,0.082237,-0.031784,-0.015353,0.11633,0.16076,1.6837,1.2442,0.77465,0.5565,0.14938,0.34325,0.20005,0.14722,0.69155,0.48896,0.8403,0.58191,-0.21635,0.30442,0.43067,0.64265,0.57743,0.4241,0.35771,0.32931,0,1.5748,0.75462,0.90089,0.74055,0.54559,-0.2773,-0.01067,-0.34885,-0.22586,-0.1801,0.1481,0.048752,0.5609,0.2181,0.30319,0.88691,0.9131,0.9893,0.28913,0.41412,0.60775,0.53602,0.1191,0.41295,0.13133,0.098506,-0.23138,0.075532,0.78197,0.30905,0.14649,-0.085423,0.44153,0.23919,0.48058,0.32338,0.43497,0.20649,-0.058582,0.050087,-0.092947,0.25791,-0.38997,0.13865,1.0307,0.86295,0.87846,1.3085,0.32051,0.24284,0.3087,0.39444,0.529,0.52925,0.27034,0.37863,0.035458,0.14936,-0.0019463,0.36455,-0.2554,0.010174,0.25776,0.25443,-0.072453,-0.37104,0.26342,0.28729,-0.11282,0.017429,-0.10356,-0.04846
-0.026255,0.27494,-0.061388,0.015451,0.74663,0.58151,-0.29318,-0.027819,0.099324,-0.018095,0.095943,0.067102,1.385,1.3767,0.87303,0.53024,0.34612,0.33317,0.17636,0.23354,0.84239,0.6335,1.0407,0.66709,-0.13631,0.34393,0.59478,0.71674,0.80223,0.56096,0.31013,0.3244,1.5748,0,0.56673,0.71894,0.55159,0.66198,-0.2789,0.06079,-0.22267,-0.3705,-0.20195,0.12923,0.073018,0.45844,0.16687,0.23194,0.99756,0.66431,0.71755,0.39487,0.45976,0.50683,0.4519,0.14379,0.28782,0.078906,0.022939,-0.022797,0.14346,0.85662,0.38808,0.26499,0.022997,0.37226,0.1595,0.41004,0.2877,0.49283,0.40175,0.070409,0.18619,0.053139,0.23601,-0.43782,-0.050184,1.0029,0.67291,0.84407,0.92829,0.27319,0.26519,0.16731,0.22224,0.4842,0.45911,0.18171,0.2588,0.1175,0.09829,-0.014059,0.20696,-0.23955,-0.11557,0.16892,0.10121,-0.049725,-0.43675,0.31802,0.29839,0.043752,0.18473,-0.26144,-0.14133
0.4263,0.32441,0.33711,0.32311,0.53267,0.17428,0.15938,-0.11528,-0.21703,-0.12699,0.74571,0.18299,0.48598,0.37581,0.15028,0.014745,-0.25536,0.24159,0.41265,0.13876,0.033857,-0.025001,0.33217,0.31829,-0.12567,0.089603,-0.018418,0.32785,0.32003,0.53837,1.1563,0.4154,0.75462,0.56673,0,1.4945,0.66584,0.609,0.15504,0.25994,-0.11444,-0.084026,0.37942,0.17759,0.35052,1.0767,0.5746,0.61213,0.071303,0.36207,0.25784,0.042483,0.28665,0.12064,0.098564,-0.28217,-0.10706,0.32963,0.54474,-0.16018,-0.20732,0.33001,0.086963,-0.14927,-0.42954,0.51703,0.46085,0.32826,0.28508,0.31948,-0.096124,0.1439,0.19281,0.1716,0.69866,0.0085427,0.11562,0.25696,0.27935,0.11325,0.55424,0.16192,0.12726,0.26421,0.23812,0.12822,0.29996,0.48172,0.50517,0.44266,0.60173,-0.037007,0.05333,0.19677,0.059397,0.024953,-0.086235,-0.10163,-0.20156,-0.094208,-0.0078107,-0.4282,-0.22959,-0.039645,-0.089013
0.20846,0.2803,0.21938,0.37484,0.49327,0.2533,-0.0042166,0.030409,-0.16521,-0.11139,0.49663,0.39949,0.55763,0.44019,0.16422,0.14551,-0.34183,0.030893,0.18259,-0.0053058,0.050737,-0.046687,0.35569,0.23007,-0.29057,0.076626,0.12454,0.46116,0.37094,0.48934,0.89106,0.43512,0.90089,0.71894,1.4945,0,0.58488,0.73312,-0.0010323,0.12415,-0.22193,-0.18041,0.18538,0.046445,0.17724,0.87711,0.52999,0.54719,0.12235,0.3155,0.28354,0.035653,0.2573,0.1964,0.20843,-0.28614,-0.072128,0.30339,0.50011,-0.18723,-0.067487,0.26373,-0.011947,-0.17534,-0.48034,0.59869,0.41585,0.28485,0.31669,0.27375,-0.11449,0.080644,0.26831,0.17345,0.6391,-0.20508,0.17121,0.34995,0.32782,0.22039,0.54837,-0.0036429,0.14218,0.21431,0.24695,0.18635,0.16929,0.46178,0.49718,0.27941,0.44418,-0.20979,-0.034181,0.013706,0.029941,-0.072655,-0.078818,-0.24945,-0.24991,-0.09003,-0.040148,-0.41357,-0.2278,-0.016247,-0.11242
-0.012822,0.10109,0.53055,0.23509,0.43473,0.21092,-0.2671,-0.41126,-0.85476,-0.13772,0.32895,-0.26583,0.74741,0.49482,0.28837,0.29294,0.050871,0.36681,0.16321,0.11658,0.21242,0.44817,0.40135,0.6495,-0.37781,0.21743,0.020977,0.41434,0.21304,0.45191,0.46087,0.1661,0.74055,0.55159,0.66584,0.58488,0,0.89524,0.18782,0.34238,-0.2747,-0.088758,-0.21991,-0.084702,0.16556,0.4194,-0.14464,-0.061058,0.30975,1.0049,0.77773,0.33904,0.0080876,0.054821,0.13372,-0.10168,0.027399,-0.16679,-0.052967,-0.14631,-0.067765,0.34202,0.2738,0.23845,-0.034624,0.085492,0.060751,0.19079,0.24076,0.23882,-0.052587,0.13516,0.21652,0.073982,0.2334,0.072083,-0.093637,0.64561,0.29849,0.70277,0.78939,0.68433,0.52814,0.23033,0.1679,0.4663,0.17149,-0.045277,0.03779,-0.18176,-0.14891,0.32549,0.33673,-0.071781,-0.090084,0.45036,0.31753,0.34592,-0.095288,0.23995,0.35996,0.14896,0.13125,0.15301,-0.089365
-0.11612,-0.24389,0.096536,-0.057021,0.24612,-0.095354,-0.1525,-0.61347,-0.61545,-0.38988,0.29068,-0.17065,0.45109,0.42555,0.11338,0.053568,-0.066541,0.10393,0.022761,0.030286,0.081059,0.28958,0.29996,0.33445,-0.39287,-0.071877,0.16466,0.41424,0.44155,0.61099,0.47533,0.082504,0.54559,0.66198,0.609,0.73312,0.89524,0,0.10268,0.39295,-0.17784,-0.51765,-0.17406,-0.24372,0.087638,0.3109,0.073056,0.13611,0.13456,0.42538,0.29556,0.27861,-0.082136,-0.20773,-0.15498,-0.30371,-0.1604,0.10208,0.23232,-0.048381,-0.15432,0.21375,0.14038,0.17768,-0.13266,0.29012,0.19526,0.044023,0.17924,0.19525,0.17058,0.31747,0.47512,0.46439,0.37754,-0.20058,-0.44951,0.31952,-0.029957,0.47314,0.39318,0.20859,0.44168,-0.17933,-0.22566,0.12911,-0.030524,0.12867,0.17863,0.10537,0.018204,0.10216,-0.12217,-0.15292,-0.43673,-0.022383,-0.10794,0.1786,-0.21299,0.07435,0.092493,0.13613,0.20753,-0.14355,-0.47746
0.68541,-0.52216,0.87409,0.36242,0.18812,-0.51053,0.93327,-0.28707,-0.22281,-0.28031,1.0522,-0.33864,-0.39524,-0.47624,-0.40606,-0.50718,-0.14134,0.30892,-0.022385,0.53564,-0.43887,-0.38744,-0.098529,0.20769,0.44946,-0.0052401,-0.23641,-0.091521,0.11585,0.49284,0.35317,0.17342,-0.2773,-0.2789,0.15504,-0.0010323,0.18782,0.10268,0,1.1725,0.93714,0.46553,0.012033,-0.32736,-0.29073,-0.10208,0.044337,0.042549,-0.53907,-0.27064,-0.39288,-0.029969,-0.10571,-0.64314,-0.24627,-0.71319,-0.7476,-0.25225,-0.044408,0.37182,-0.41549,-0.33328,-0.22547,-0.17256,-0.25262,-0.14381,0.15585,0.18808,0.21936,0.018359,-0.2341,-0.032084,0.04775,0.13206,0.10967,0.92112,-0.23602,-0.16624,0.022159,-0.29203,-0.21797,0.16522,0.40863,0.26952,0.1678,0.10992,-0.016147,0.031632,0.0089725,-0.18105,-0.11119,0.31461,-0.2671,0.50688,-0.20372,-0.0088516,-0.37223,0.25341,-0.01931,-0.23553,-0.10886,-0.078448,-0.22779,0.5364,0.16059
0.51015,-0.44694,0.61938,0.16684,0.32768,-0.39377,0.5995,-0.44308,-0.24391,-0.31353,0.74718,-0.39438,-0.067471,-0.054296,-0.22185,-0.40938,0.071447,0.50002,0.14024,0.58989,-0.13738,-0.099594,0.14328,0.2253,0.55448,-0.018162,0.031387,-0.032082,0.36168,0.46516,0.29791,0.18829,-0.01067,0.06079,0.25994,0.12415,0.34238,0.39295,1.1725,0,0.61621,0.27851,-0.041581,-0.36758,-0.19363,-0.059211,0.13691,0.16069,-0.26591,-0.026975,-0.11688,0.063016,-0.041579,-0.51869,-0.19913,-0.63448,-0.54016,-0.10917,0.013488,0.28618,-0.41346,-0.14829,-0.18758,-0.055548,-0.19448,-0.039687,0.21495,0.19972,0.24233,0.089416,0.047617,0.15983,0.20815,0.32064,0.21145,0.66669,-0.35791,0.13402,0.15871,0.061787,0.072594,0.38171,0.54045,0.24383,0.080089,0.34613,0.18994,0.10031,0.1325,0.05229,-0.025714,0.30422,-0.23783,0.25789,-0.39079,-0.11714,-0.44474,0.18297,-0.19411,-0.24254,-0.16216,-0.0049911,-0.14372,0.22645,-0.065256
0.64334,-0.44209,0.31709,0.072646,0.1939,-0.36591,1.0856,0.0062718,0.3062,-0.18759,0.54145,-0.25252,-0.48488,-0.43794,-0.25859,-0.59088,0.065327,0.19133,0.18321,0.71926,-0.1362,-0.30612,0.10386,0.20881,0.80053,0.12945,-0.12187,-0.13605,0.20696,0.43762,0.042414,0.15384,-0.34885,-0.22267,-0.11444,-0.22193,-0.2747,-0.17784,0.93714,0.61621,0,0.34451,0.14214,0.0068579,-0.44566,-0.33058,0.0091036,0.051761,-0.31666,-0.55723,-0.55728,-0.026833,0.16161,-0.34242,-0.19026,-0.23949,-0.34639,-0.21837,-0.1808,0.35356,-0.39373,-0.1632,-0.151,-0.19508,-0.20816,-0.14521,0.083122,0.16617,0.078019,-0.044346,0.017806,-0.22416,-0.16079,-0.018305,-0.16166,0.54656,-0.28943,-0.23627,0.057378,-0.37732,-0.3067,-0.023861,0.041107,0.29317,0.22939,0.0081744,0.19076,-0.046041,-0.058802,-0.134,-0.14716,0.3632,-0.20444,0.43781,-0.13711,-0.002157,-0.3386,0.28948,-0.0041491,-0.20655,-0.13412,-0.16382,-0.23449,0.38889,0.27894
0.43963,0.289,0.63952,0.58687,0.10847,0.18429,0.36834,0.44347,0.17809,0.6834,0.15835,0.33021,-0.22075,-0.21002,-0.22298,0.057961,0.016276,0.12496,0.12126,0.072142,-0.11591,-0.15304,-0.019677,0.090209,0.28125,0.48115,-0.089652,0.067195,-0.15789,-0.10392,-0.178,0.49496,-0.22586,-0.3705,-0.084026,-0.18041,-0.088758,-0.51765,0.46553,0.27851,0.34451,0,0.12708,0.17965,-0.098157,-0.11881,-0.036068,-0.12271,-0.29427,-0.1205,-0.036898,-0.2567,-0.0052269,0.017883,0.10015,-0.087023,-0.21032,-0.26019,-0.31477,0.26259,0.3207,-0.2664,-0.11547,-0.15539,0.036119,-0.14968,-0.037629,0.12795,0.3786,-0.064594,-0.34556,-0.051221,0.075302,-0.14053,-0.04976,0.80037,0.69955,0.14182,0.26589,-0.12138,-0.099376,0.2196,0.0040259,0.67579,0.54946,0.30992,-0.0044915,-0.18891,-0.22674,-0.22343,-0.28002,0.057923,0.23034,0.51782,0.61667,0.085744,0.093363,0.076886,0.34679,-0.098238,0.0045509,-0.20983,-0.38395,0.5397,0.80167
0.70732,0.45963,-0.051175,0.055152,0.064277,0.0087865,0.54352,0.25912,0.2214,0.27694,0.20439,0.20999,-0.26053,-0.19586,-0.14474,-0.26176,-0.010288,-0.048411,0.72238,0.033074,-0.039008,-0.11971,0.084578,-0.047652,0.26521,0.086566,-0.14637,-0.094377,-0.019417,0.025114,0.44058,0.27747,-0.1801,-0.20195,0.37942,0.18538,-0.21991,-0.17406,0.012033,-0.041581,0.14214,0.12708,0,0.59319,0.69446,0.51665,0.3755,0.26846,-0.2541,-0.34917,-0.28491,-0.042734,0.35445,0.091056,-0.16828,0.038602,-0.019881,0.28213,0.30094,0.11383,-0.03005,0.050999,0.035407,-0.11796,-0.1873,0.22187,0.20562,-0.030467,-0.141,0.057158,0.0068747,0.38884,0.26544,0.29041,0.37273,0.12837,0.12793,-0.35096,-0.26774,-0.43639,-0.15621,-0.024972,-0.37199,0.16696,0.10715,-0.17362,0.1541,0.13827,0.08054,0.87244,0.63495,0.082804,0.077257,0.62698,0.45797,0.069717,-0.017289,-0.13156,0.061043,-0.14822,-0.15567,-0.27116,-0.14765,-0.10333,0.14564
0.31183,0.87995,-0.26882,-0.2376,0.35834,0.63281,0.062494,0.35923,0.38581,0.66816,-0.13153,0.19007,0.20585,0.33955,0.37015,0.31583,0.24461,0.081892,0.75679,0.031993,0.44174,0.28599,0.33786,0.35671,0.0012519,0.57616,0.11721,0.26364,-0.03904,0.055794,0.053914,0.49009,0.1481,0.12923,0.17759,0.046445,-0.084702,-0.24372,-0.32736,-0.36758,0.0068579,0.17965,0.59319,0,0.50513,0.44277,-0.13154,-0.11459,0.33666,0.19219,0.28578,-0.19317,0.38814,0.46762,0.040356,0.68584,0.37682,-0.10131,-0.2236,-0.18359,0.1995,0.45958,0.40467,-0.017358,0.086051,-0.080053,-0.29331,0.24205,0.20988,0.16472,0.044116,-0.056994,-0.096113,-0.34767,-0.20977,-0.018367,0.30339,0.11655,0.080327,-0.0017353,0.16683,0.086954,-0.72018,0.20299,0.22001,-0.11269,0.28336,-0.34573,-0.30409,0.25878,0.087754,0.02781,0.52163,0.33915,0.72861,0.36438,0.50734,0.15915,0.39724,0.15034,0.24293,-0.095121,0.019334,-0.22171,0.31721
0.3214,0.67462,-0.20092,-0.1872,0.024484,0.13352,0.017993,-0.052096,-0.13193,0.40927,0.012563,-0.023042,0.17097,0.17913,0.21301,0.22896,0.18522,0.0061367,0.48054,-0.2564,0.17795,0.3253,0.14188,0.13155,-0.25575,0.16539,0.0021447,0.11791,-0.12964,-0.051446,0.42229,0.056454,0.048752,0.073018,0.35052,0.17724,0.16556,0.087638,-0.29073,-0.19363,-0.44566,-0.098157,0.69446,0.50513,0,0.84132,0.0088025,-0.090588,0.14488,0.15301,0.12197,0.19842,0.28985,0.26866,-0.0089277,0.26252,-0.077241,0.084076,0.12615,0.12136,0.35044,0.23061,0.29826,0.18529,0.10068,-0.032827,-0.16115,-0.19462,-0.20909,0.060576,-0.051462,0.73121,0.45104,0.27603,0.44027,0.083304,0.10153,0.032482,-0.37042,-0.064966,0.067954,0.26115,-0.13997,-0.094491,-0.231,-0.034724,-0.11196,-0.14559,-0.22689,0.67674,0.44236,-0.098133,0.14137,0.22441,0.38075,0.18689,0.21505,-0.11701,0.12322,0.10334,0.1044,0.2318,0.36066,-0.45417,-0.095344
