,,,,,,,,,,,,,,,,,,,,,,,,,,,,,,,,,,,,,,,,,,,,,,,,,,,,,,,,,,,,,,,,,,,,,,,,,,,,,,,,,,,,,,,,,,,,,,,,,,,,,,,,
0,0.085508,0.36087,0.22193,0.49904,-0.087879,1.0308,0.179,0.41266,-0.12523,0.42464,-0.40045,-0.35938,-0.34245,-0.086591,-0.27177,0.19198,0.29896,0.30569,0.44389,-0.014089,-0.15575,0.1087,0.18625,0.60418,0.17256,-0.071597,-0.096153,0.044702,0.091156,0.060461,0.16868,-0.43061,-0.24102,-0.084962,-0.081638,-0.28719,-0.097316,0.64726,0.47437,0.95404,0.46333,0.68453,0.31991,0.0017357,-0.096602,0.28436,0.28641,-0.21275,-0.40007,-0.38868,-0.043723,0.65301,-0.064473,-0.054266,-0.073226,-0.062124,0.055814,0.03635,0.53947,-0.067194,0.059938,-0.031934,0.10408,-0.074577,0.22965,0.31743,0.071245,0.053231,0.062166,0.13159,0.39158,0.45692,0.39153,0.44207,0.75935,-0.31789,-0.1097,-0.16614,-0.22732,-0.25672,0.019256,-0.067427,0.26291,0.22517,-0.011987,0.15243,0.15665,0.064424,0.45562,0.49085,0.31459,-0.038982,0.79129,0.23027,0.47682,0.23313,0.23833,0.3738,0.065974,0.060029,0.11575,0.068191,0.44875,0.58504
0.085508,0,-0.53472,-0.20246,0.30976,1.1199,-0.33672,0.81339,0.30862,0.91471,-0.75868,0.0045322,0.35372,0.45475,0.48565,0.69069,0.4211,-0.17537,0.35545,-0.34028,0.68642,0.45866,0.3964,0.32283,-0.4029,0.46608,0.36878,0.3502,-0.13009,-0.18116,-0.41852,0.35219,0.16564,0.14387,-0.24346,-0.13995,-0.34366,-0.63671,-0.87255,-0.82635,-0.22337,0.45753,0.34416,0.99444,0.34574,0.18729,-0.07082,-0.10411,0.65929,0.15681,0.42791,0.079441,0.49271,1.0484,0.21977,0.86042,0.74753,0.12706,-0.14511,-0.048588,0.84226,0.52754,0.38571,0.4308,0.51023,0.1116,-0.03191,0.11985,-0.15402,0.067655,0.22214,0.32144,0.39174,-0.070314,0.10812,-0.38757,0.45069,0.30992,0.028785,0.1934,0.22259,0.39914,-0.3628,0.088458,0.05803,0.11572,-0.023542,-0.12462,-0.15384,0.22299,0.16792,-0.39914,0.62615,0.068264,1.0794,0.20258,0.56217,-0.1027,0.40936,0.44966,0.44514,0.12258,0.27135,-0.081641,0.47445
0.36087,-0.53472,0,1.1924,0.13701,-0.33411,0.40958,-0.19447,-0.20395,-0.72192,0.91674,-0.015819,-0.090483,-0.24783,-0.16074,-0.30538,-0.2666,-0.031551,0.029323,0.35511,-0.4439,-0.36627,0.019908,0.021318,0.3283,-0.022482,-0.46246,-0.0013439,0.047729,0.23768,0.47042,-0.081269,0.12374,0.11671,0.63629,0.74973,0.54315,0.82621,0.79779,0.76123,0.2528,-0.056906,0.057156,-0.3277,-0.30822,0.094801,0.56089,0.65502,-0.43527,0.0088421,-0.13974,-0.017432,0.072441,-0.33968,0.12896,-0.52111,-0.14647,0.085588,0.32382,0.3304,-0.33698,-0.10371,-0.26514,-0.023658,-0.45103,0.50713,0.54812,-0.026057,0.1406,0.11316,-0.19517,-0.050464,-0.028704,0.3055,0.49091,0.54817,-0.049265,-0.045373,0.167,-0.018645,0.04747,-0.18607,0.35277,0.49105,0.55862,0.026914,0.12334,0.48922,0.53675,-0.071578,0.29207,0.58401,-0.037654,0.42472,-0.15695,0.45247,0.19117,0.35243,0.11163,0.03197,0.028224,-0.079883,-0.18723,0.7251,0.26585
0.22193,-0.20246,1.1924,0,0.1319,-0.056377,0.19641,0.24382,0.020828,-0.35857,0.53149,0.31361,0.070224,-0.13573,-0.042232,-0.16135,-0.16254,-0.34368,0.0027606,0.21306,-0.21504,-0.2547,0.1759,0.027378,0.22445,-0.062648,-0.3138,0.048556,-0.028181,0.033717,0.26395,-0.12987,0.31959,0.26223,0.5219,0.81615,0.37204,0.56915,0.34941,0.40416,0.074518,0.021623,0.031063,-0.30687,-0.26386,0.073253,0.77942,0.83074,-0.3018,0.024433,0.0039911,0.15392,0.27447,0.062943,0.40515,-0.33028,-0.032972,0.23975,0.46369,0.33777,-0.0041817,-0.03416,-0.21255,0.096983,-0.28661,0.78121,0.72927,-0.10979,-0.018445,0.086186,-0.19833,0.0087855,0.086688,0.41683,0.66961,0.21894,0.30216,0.2012,0.37386,0.16537,0.24355,-0.066982,0.51883,0.64566,0.88989,0.30042,0.28788,0.6774,0.70049,-0.051997,0.33819,0.30208,0.049232,0.26343,0.11672,0.38745,0.24624,-0.067844,-0.11113,0.20236,0.050734,-0.14164,-0.16341,0.5254,0.28945
0.49904,0.30976,0.13701,0.1319,0,0.69585,0.29458,0.42064,0.27793,0.15999,0.1841,-0.27729,0.33295,0.31516,0.51016,0.23162,0.27218,0.12407,0.10219,0.22439,0.52935,0.23792,0.48662,0.66369,-0.073826,0.29899,0.44575,0.41992,0.45773,0.46208,0.040692,0.47413,0.26329,0.34066,-0.013651,0.073731,0.11757,-0.09532,0.18513,-0.024884,0.39673,0.32111,0.10443,0.4241,-0.19648,-0.00068672,-0.16641,-0.11952,0.46475,0.20526,0.34877,0.27536,0.73777,0.40577,0.1946,0.14181,0.18664,-0.23745,-0.32438,0.173,0.14409,0.62331,0.45744,0.35637,0.25166,0.034908,0.027281,0.51226,0.16884,0.53382,0.25557,0.083689,0.33182,-0.1564,0.047729,0.26512,-0.074314,0.46744,0.29691,0.25103,0.34032,0.29838,0.026623,0.19946,0.3453,0.20468,0.13312,-0.19133,-0.2089,-0.23985,-0.082523,0.30858,0.50251,0.2993,0.43806,0.46301,0.4323,0.15604,0.1548,0.5449,0.58083,0.33902,0.34031,0.21729,0.40305
-0.087879,1.1199,-0.33411,-0.056377,0.69585,0,-0.39153,0.77318,0.28924,0.77594,-0.54143,0.048703,0.76762,0.86036,0.85021,0.83796,0.46325,-0.16294,0.23064,-0.17019,1.0374,0.67188,0.65733,0.59798,-0.52532,0.54577,0.52821,0.61604,0.20631,0.10858,-0.22942,0.54661,0.56153,0.5452,-0.068561,0.057112,0.015003,-0.34912,-0.75015,-0.74997,-0.28939,0.24109,0.0692,0.73022,0.12415,0.1983,-0.28538,-0.28098,1.1013,0.44567,0.80506,0.31694,0.50562,1.1616,0.35589,0.69266,0.67351,-0.15571,-0.40082,-0.086988,0.72727,0.94636,0.66308,0.56593,0.56109,0.0042775,-0.14372,0.31664,-0.0066318,0.46723,0.36667,0.086222,0.26756,-0.31171,-0.081064,-0.41883,0.47001,0.6711,0.36049,0.46514,0.57445,0.45754,-0.18282,0.19683,0.25326,0.30468,0.10036,-0.30902,-0.2943,-0.1687,-0.15398,-0.11043,0.95842,-0.030202,0.9061,0.33379,0.62162,-0.027475,0.16951,0.82984,0.79369,0.25703,0.36291,-0.063709,0.39245
1.0308,-0.33672,0.40958,0.19641,0.29458,-0.39153,0,0.045542,0.23664,-0.4408,0.69798,-0.14847,-0.56988,-0.60929,-0.41884,-0.66351,-0.20823,0.40343,-0.013472,0.29352,-0.31561,-0.42049,-0.25323,-0.18715,0.53258,-0.22362,-0.27835,-0.24038,0.075431,0.059915,0.36122,0.0035381,-0.53368,-0.43585,0.13716,0.025231,-0.15562,0.067311,0.99404,0.72307,0.77379,0.10292,0.60092,-0.09232,0.025096,-0.074586,0.2364,0.22614,-0.52061,-0.57654,-0.66387,-0.026114,0.3152,-0.4178,-0.34039,-0.64831,-0.51249,-0.028197,0.073079,0.47281,-0.34951,-0.18091,-0.13605,-0.10839,-0.28645,0.10402,0.26647,-0.048865,0.17326,0.040231,0.064434,0.36762,0.38977,0.36489,0.38208,0.90341,-0.46783,-0.3914,-0.39408,-0.50395,-0.46521,-0.33326,-0.069259,0.042983,0.033009,-0.20847,-0.033488,0.089396,-0.056092,0.42644,0.38672,0.55827,-0.2283,0.69731,-0.071766,0.28121,0.0021846,0.26891,0.20074,-0.12168,-0.14785,0.048786,0.019639,0.42337,0.30496
0.179,0.81339,-0.19447,0.24382,0.42064,0.77318,0.045542,0,0.66985,0.5977,-0.29236,0.43541,0.2216,0.179,0.20893,0.14416,0.1824,-0.45375,0.29093,-0.14736,0.44617,0.057159,0.40359,0.10354,-0.073448,0.15723,0.16594,0.069738,-0.089993,-0.2291,-0.18453,0.23997,0.21091,0.16274,-0.040202,0.12189,-0.36363,-0.44452,-0.40026,-0.39375,-0.013139,0.45305,0.35337,0.40717,0.14301,0.095386,0.16039,0.14182,0.25038,-0.1317,0.16601,0.18989,0.81001,0.98144,0.3545,0.31828,0.29489,0.091369,-0.016826,0.069877,0.52684,0.24073,0.075029,0.21812,0.18746,0.25271,0.162,-0.00060065,-0.24458,0.032783,0.065594,0.20252,0.30411,0.036437,0.22219,-0.13133,0.58617,0.3521,0.23704,0.088409,0.2254,0.18677,-0.1396,0.43842,0.50428,0.35677,0.23988,0.022911,-0.02503,0.11591,0.16942,-0.13299,0.47241,0.11442,0.98817,0.13545,0.35507,-0.3946,0.063448,0.31492,0.1713,-0.047506,0.067214,0.067868,0.45824
0.41266,0.30862,-0.20395,0.020828,0.27793,0.28924,0.23664,0.66985,0,0.59519,-0.081562,0.052601,0.032017,0.11658,0.3354,0.025334,0.68411,-0.11351,0.48865,0.37393,0.62288,0.27852,0.60338,0.33289,0.51224,0.38286,0.34538,0.047695,0.33501,0.114,-0.20729,0.24754,-0.044182,0.17657,-0.29077,-0.26864,-0.63559,-0.49665,-0.078234,-0.12344,0.37468,0.49073,0.20015,0.30001,0.15453,-0.013851,-0.050249,-0.11459,0.28031,-0.35313,-0.16176,0.40686,0.6569,0.47402,0.24485,0.35515,0.072961,-0.20752,-0.34419,0.39749,0.35915,0.28574,0.16915,0.17871,0.29717,-0.092203,-0.095868,0.097783,-0.24698,0.26688,0.43122,0.011229,0.030541,-0.025467,-0.090366,0.032735,0.1821,0.18475,0.34525,-0.06093,-0.068524,0.46582,0.006406,0.44682,0.39174,0.4352,0.43729,-0.1731,-0.1643,0.19751,-0.016332,-0.020854,0.11601,0.23533,0.44429,0.065747,-0.11218,-0.36234,-0.23608,0.26043,0.14404,0.1017,0.059293,-0.074893,0.29236
-0.12523,0.91471,-0.72192,-0.35857,0.15999,0.77594,-0.4408,0.5977,0.59519,0,-0.53107,0.24693,0.4742,0.62338,0.67643,0.71182,0.62583,-0.42621,0.44665,-0.16207,0.92653,0.6543,0.68339,0.54261,-0.28543,0.71129,0.44445,0.39536,0.13115,0.16126,-0.22954,0.53402,0.34223,0.47827,-0.18391,-0.15634,-0.31936,-0.51983,-0.82075,-0.81434,-0.20075,0.43523,-0.030534,0.69965,0.45335,0.27918,-0.39412,-0.46467,0.81254,0.075568,0.28683,0.30681,0.43982,1.0513,0.40733,1.0318,0.32028,-0.21057,-0.43245,0.013796,0.95795,0.55163,0.51125,0.27824,0.58317,-0.28204,-0.46564,0.051204,-0.2629,0.16081,0.14168,-0.028447,0.017613,-0.34841,-0.32409,-0.46979,0.60622,0.45162,0.24867,0.10706,0.12037,0.56284,-0.25577,0.17358,0.099573,0.28915,0.076776,-0.45037,-0.46033,-0.069021,-0.33125,-0.5216,0.37501,-0.1588,0.7123,-0.14987,0.034776,-0.30172,-0.033883,0.41232,0.45162,0.14177,0.30467,-0.50939,0.093803
0.42464,-0.75868,0.91674,0.53149,0.1841,-0.54143,0.69798,-0.29236,-0.081562,-0.53107,0,0.06542,-0.096304,-0.2906,-0.21656,-0.43781,-0.43177,0.05037,-0.13942,0.3916,-0.53704,-0.52008,-0.14343,0.025223,0.23892,-0.1117,-0.29941,0.045606,0.17795,0.51418,0.89178,0.012334,0.11608,0.12125,0.65315,0.57505,0.4732,0.64969,1.3036,0.75591,0.4704,-0.16325,-0.14607,-0.51249,-0.10901,0.24446,0.15337,0.18831,-0.51737,-0.071812,-0.3178,0.020528,0.081109,-0.47418,0.023554,-0.73584,-0.81333,-0.28261,0.018529,0.23974,-0.52033,-0.16226,-0.17527,-0.36901,-0.57236,0.02692,0.097639,0.20576,0.36079,0.10943,-0.36735,-0.23828,-0.1906,0.028164,0.11471,0.56931,-0.18932,-0.12504,0.10666,-0.30617,-0.12517,-0.13482,0.29712,0.24925,0.31965,-0.016638,0.058338,0.077861,0.04546,-0.19267,-0.029104,0.4374,-0.34608,0.4359,-0.31891,0.19811,-0.18731,0.21427,-0.051107,-0.20103,-0.10379,-0.080758,-0.1662,0.39078,-0.025376
-0.40045,0.0045322,-0.015819,0.31361,-0.27729,0.048703,-0.14847,0.43541,0.052601,0.24693,0.06542,0,0.25308,0.16446,-0.19421,-0.069718,-0.37392,-0.63189,-0.1026,-0.23087,-0.17069,-0.21335,-0.055223,-0.25015,-0.23982,-0.13133,-0.3078,0.05328,-0.28577,-0.20197,0.27148,-0.00079575,0.45335,0.313,0.43692,0.56699,0.1725,0.27932,-0.21024,-0.038494,-0.41198,-0.097975,-0.17559,-0.28243,0.22746,0.2819,0.1323,0.11472,-0.20431,0.050489,0.098423,-0.053812,-0.053983,0.20135,0.23952,-0.19163,-0.37976,0.036336,0.2125,-0.1719,0.1785,-0.22213,-0.21234,-0.34015,-0.33156,0.10931,-0.019636,-0.31798,0.016602,-0.28418,-0.51153,-0.15019,-0.15052,0.047753,0.025407,-0.24315,0.67647,0.25849,0.18844,0.015214,0.19538,-0.25481,0.083506,0.24609,0.27696,0.2125,0.16105,0.081712,0.0092808,-0.084214,-0.12574,-0.26776,-0.10484,-0.25132,0.11154,-0.20177,-0.079548,-0.40968,-0.25043,-0.10484,-0.22096,-0.26922,-0.14162,-0.22318,-0.23895
-0.35938,0.35372,-0.090483,0.070224,0.33295,0.76762,-0.56988,0.2216,0.032017,0.4742,-0.096304,0.25308,0,1.5904,0.8835,0.81064,0.18668,-0.34406,0.059203,0.018536,0.49925,0.50908,0.4526,0.49371,-0.5197,0.45867,0.44042,0.65248,0.22562,0.28027,0.22288,0.35762,1.5678,1.3633,0.26962,0.40914,0.5868,0.20944,-0.45414,-0.37019,-0.55265,-0.22926,-0.52314,0.03909,0.26513,0.55713,-0.49242,-0.50024,0.75631,1.1894,1.241,0.32712,0.21209,0.67998,0.70599,0.37648,0.11737,-0.62574,-0.60822,-0.28408,0.30378,0.76051,0.47634,0.077652,0.037873,-0.29125,-0.52987,0.43781,0.14555,0.37347,0.017341,-0.41655,-0.26981,-0.62429,-0.39043,-0.45072,0.53393,1.0377,0.74899,0.66334,0.96137,0.51634,0.15364,0.26034,0.26258,0.60473,0.29407,-0.47705,-0.38992,-0.52126,-0.44394,-0.14352,0.33733,-0.26021,0.19796,0.30856,0.31767,-0.14204,-0.13741,0.42473,0.51491,0.33007,0.27053,-0.27204,-0.18076
-0.34245,0.45475,-0.24783,-0.13573,0.31516,0.86036,-0.60929,0.179,0.11658,0.62338,-0.2906,0.16446,1.5904,0,0.94476,0.94528,0.35801,-0.1561,0.15358,0.013834,0.66347,0.73272,0.48861,0.55204,-0.44476,0.5708,0.54929,0.77783,0.22062,0.22573,0.0036687,0.38298,0.9961,1.1244,0.079726,0.17854,0.41158,0.13356,-0.55627,-0.36552,-0.52599,-0.11307,-0.43212,0.2393,0.31959,0.45877,-0.53762,-0.55609,0.91631,1.0866,1.3106,0.21019,0.11677,0.60532,0.466,0.51446,0.23481,-0.51416,-0.63429,-0.21789,0.42557,0.77603,0.53153,0.17009,0.17588,-0.28659,-0.55142,0.3862,0.18948,0.33247,0.14953,-0.28015,-0.19537,-0.50571,-0.43402,-0.43525,0.40564,0.9546,0.5925,0.7016,0.77141,0.54384,0.040114,0.16742,0.12795,0.48008,0.25188,-0.5147,-0.42651,-0.34934,-0.43965,-0.18764,0.39202,-0.21641,0.2487,0.31432,0.38506,-0.032589,-0.012409,0.47223,0.53802,0.44762,0.37038,-0.35202,-0.11945
-0.086591,0.48565,-0.16074,-0.042232,0.51016,0.85021,-0.41884,0.20893,0.3354,0.67643,-0.21656,-0.19421,0.8835,0.94476,0,1.2985,0.68332,-0.10197,0.14247,-0.009804,1.1164,1.0201,0.76586,0.80146,-0.29444,0.80516,0.8853,0.78111,0.57369,0.4912,-0.049514,0.35291,0.61848,0.79693,-0.026909,0.0026294,0.20911,-0.11899,-0.43768,-0.42402,-0.2837,0.1476,-0.27831,0.35817,0.2487,0.33143,-0.36105,-0.41625,1.5275,0.57942,0.69947,0.69177,0.48378,0.84186,0.68362,0.64055,0.39105,-0.39619,-0.58976,0.24294,0.76584,1.2993,0.96609,0.60343,0.62284,-0.21829,-0.33445,0.44328,-0.0013245,0.79195,0.41574,-0.040768,0.024274,-0.42066,-0.17517,-0.25968,0.4181,0.59145,0.46749,0.37249,0.39472,0.72374,0.089125,0.12906,0.14908,0.42959,-0.0026476,-0.35679,-0.30764,-0.29357,-0.31542,-0.055076,0.57851,0.0079302,0.4274,0.36478,0.31186,-0.046419,-0.10839,0.87002,0.95416,0.65836,0.65294,-0.31064,0.093047
-0.27177,0.69069,-0.30538,-0.16135,0.23162,0.83796,-0.66351,0.14416,0.025334,0.71182,-0.43781,-0.069718,0.81064,0.94528,1.2985,0,0.44235,-0.083584,-0.018728,-0.34885,0.76876,0.93285,0.41364,0.52967,-0.60887,0.65001,0.65253,0.83801,0.25631,0.24896,-0.10454,0.31329,0.557,0.58911,-0.014105,0.012704,0.21143,-0.13201,-0.71887,-0.58181,-0.6016,0.10439,-0.23006,0.42437,0.39841,0.41563,-0.24126,-0.31495,1.2729,0.64537,0.76242,0.36868,0.2141,0.76442,0.53546,0.65092,0.48877,-0.12293,-0.30967,0.1175,0.99636,0.97338,0.88006,0.57991,0.64709,-0.10262,-0.26746,0.25925,0.039866,0.47365,0.24314,0.1247,0.15434,-0.28764,-0.056671,-0.47903,0.50859,0.45313,0.20614,0.33289,0.27295,0.44687,-0.052339,-0.11425,-0.099076,0.17422,-0.25012,-0.20576,-0.2041,-0.12979,-0.16785,-0.35351,0.49367,-0.095288,0.41714,0.23771,0.3921,-0.0028161,0.078701,0.75806,0.86952,0.55442,0.70489,-0.3867,0.051398
0.19198,0.4211,-0.2666,-0.16254,0.27218,0.46325,-0.20823,0.1824,0.68411,0.62583,-0.43177,-0.37392,0.18668,0.35801,0.68332,0.44235,0,-0.032661,0.50477,0.46238,1.1893,0.98324,1.0842,0.88991,0.32524,0.69356,0.49517,0.19785,0.58582,0.30785,-0.55003,0.38013,0.017555,0.35219,-0.6195,-0.51537,-0.45983,-0.43392,-0.33512,-0.3118,0.23595,0.51646,0.052465,0.61092,-0.090847,-0.30319,-0.24083,-0.29903,0.76214,-0.067127,0.097634,0.5667,0.33844,0.467,0.24532,0.88017,0.56305,-0.09378,-0.34318,0.39841,0.56606,0.65178,0.53812,0.6973,0.78785,-0.11287,-0.15316,0.041946,-0.43761,0.42187,0.8551,0.047381,0.1259,-0.046369,-0.18836,-0.15064,-0.02552,0.42663,0.3147,0.38624,0.13406,0.63196,0.16427,0.20484,0.12464,0.35884,0.40374,-0.17262,-0.13579,0.03763,-0.10304,-0.044068,0.25521,-0.10603,0.26061,0.041552,-0.014645,-0.076684,-0.22085,0.67566,0.60722,0.38498,0.37928,-0.31496,0.1524
0.29896,-0.17537,-0.031551,-0.34368,0.12407,-0.16294,0.40343,-0.45375,-0.11351,-0.42621,0.05037,-0.63189,-0.34406,-0.1561,-0.10197,-0.083584,-0.032661,0,-0.41239,0.039177,-0.092823,0.039941,-0.46434,-0.14173,0.047286,-0.21585,0.15457,0.12456,0.15196,-0.049366,-0.10498,-0.14188,-0.55723,-0.48071,-0.27352,-0.48531,-0.07686,-0.10184,0.31761,0.2793,0.20681,-0.25244,0.22657,-0.011512,-0.035494,-0.21482,0.0072563,-0.017253,-0.037037,-0.043979,-0.11546,-0.15812,-0.27747,-0.59104,-0.71302,-0.39675,-0.071496,0.08587,-0.058683,0.22709,-0.21362,0.068881,0.22136,0.17353,0.14889,0.023582,0.15807,0.30788,0.63675,0.22972,0.45331,0.45685,0.37549,0.26486,0.12576,0.18346,-0.8277,-0.45995,-0.51007,-0.1919,-0.33911,-0.15036,-0.12792,-0.59176,-0.49544,-0.526,-0.29967,0.023912,-0.086508,0.43869,0.21248,0.3923,-0.00068773,0.5056,-0.21334,0.36956,0.15848,0.62027,0.28618,0.072342,0.054516,0.2905,0.20604,0.23129,0.20614
0.30569,0.35545,0.029323,0.0027606,0.10219,0.23064,-0.013472,0.29093,0.48865,0.44665,-0.13942,-0.1026,0.059203,0.15358,0.14247,-0.018728,0.50477,-0.41239,0,0.36753,0.34495,0.20982,0.72464,0.44444,0.36802,0.75272,-0.15267,-0.057202,-0.059812,0.13222,-0.093455,0.46498,0.037021,0.20502,0.048525,0.091268,-0.22024,-0.11404,-0.14399,-0.1482,0.25647,0.50516,0.35171,0.71696,0.13442,0.17542,-0.19548,-0.12963,0.14598,-0.142,-0.048609,-0.018194,0.37714,0.34341,0.13267,0.73219,0.39182,-0.2513,-0.32966,-0.067961,0.10231,0.13377,-0.10556,0.014418,0.0053429,-0.12714,-0.21656,-0.16763,-0.43716,-0.014449,0.10754,-0.24918,-0.20499,-0.22045,-0.20505,0.14268,0.2303,0.18821,0.27158,0.056097,0.10186,0.3943,-0.33003,0.82054,0.42632,0.28706,0.38808,-0.31791,-0.13656,0.0023978,-0.061383,-0.02187,0.24591,0.079443,0.44281,0.066418,0.10304,0.043705,0.29357,0.024764,0.10512,-0.20963,-0.28869,0.18705,0.39838
0.44389,-0.34028,0.35511,0.21306,0.22439,-0.17019,0.29352,-0.14736,0.37393,-0.16207,0.3916,-0.23087,0.018536,0.013834,-0.009804,-0.34885,0.46238,0.039177,0.36753,0,0.10245,0.0060858,0.49282,0.50055,0.80592,0.22704,0.00030463,-0.099503,0.31277,0.31695,-0.00062556,0.22939,0.031086,0.30994,-0.16281,-0.039827,-0.047205,0.20772,0.54177,0.44059,0.80281,0.067424,-0.13707,-0.066285,-0.50536,-0.34251,-0.14558,-0.087759,-0.11376,-0.091607,-0.13899,0.085459,0.064432,-0.22355,0.027853,0.03972,-0.18978,-0.36047,-0.29509,0.11967,-0.39131,0.02276,-0.14101,-0.0058299,-0.17224,-0.099494,-0.07138,0.17708,0.011915,0.14747,0.25213,-0.45272,-0.30018,-0.029788,-0.29961,0.22613,-0.37792,0.36508,0.55313,0.361,0.25204,0.27634,0.47458,0.59511,0.47825,0.56208,1.0706,-0.13925,-0.06413,-0.2484,-0.24269,0.35114,-0.20958,0.030969,-0.24015,0.12624,-0.20374,0.071179,-0.26222,0.016867,-0.015156,0.010369,-0.22615,0.11414,-0.0076725
-0.014089,0.68642,-0.4439,-0.21504,0.52935,1.0374,-0.31561,0.44617,0.62288,0.92653,-0.53704,-0.17069,0.49925,0.66347,1.1164,0.76876,1.1893,-0.092823,0.34495,0.10245,0,1.326,1.0457,0.90147,-0.11134,0.7498,0.70015,0.49219,0.61149,0.3448,-0.3476,0.52532,0.29675,0.51879,-0.3397,-0.28668,-0.21455,-0.46936,-0.61447,-0.61764,-0.067813,0.37604,0.016231,0.70798,0.097955,-0.028293,-0.43396,-0.49046,1.4531,0.17722,0.40216,0.73347,0.49439,0.90035,0.35739,0.88858,0.55826,-0.24337,-0.53082,0.21346,0.84808,1.0859,0.94309,0.76085,0.96564,-0.2164,-0.28999,0.15561,-0.25286,0.7103,0.79171,0.067514,0.22245,-0.28249,-0.21881,-0.31056,0.26537,0.57107,0.35555,0.3879,0.31686,0.6184,-0.019194,0.12773,0.11249,0.39213,0.16611,-0.39327,-0.36783,-0.10956,-0.27807,-0.084766,0.58614,-0.13703,0.54483,0.13085,0.16898,-0.14077,-0.19009,0.99066,0.87995,0.42454,0.51832,-0.37032,0.18662
-0.15575,0.45866,-0.36627,-0.2547,0.23792,0.67188,-0.42049,0.057159,0.27852,0.6543,-0.52008,-0.21335,0.50908,0.73272,1.0201,0.93285,0.98324,0.039941,0.20982,0.0060858,1.326,0,0.67256,0.76279,-0.16619,0.66872,0.51968,0.60011,0.58373,0.35449,-0.23514,0.40389,0.29735,0.51516,-0.22341,-0.23489,0.0050483,-0.19448,-0.61996,-0.4773,-0.29444,0.14191,-0.047983,0.53028,0.2602,0.08063,-0.42989,-0.52825,1.2429,0.34809,0.44264,0.68308,0.17331,0.53639,0.26649,0.70235,0.48283,-0.20173,-0.41516,0.21699,0.8019,1.0456,1.1064,0.70028,0.87302,-0.23341,-0.33022,-0.020158,-0.19551,0.69763,0.78775,0.11893,0.25449,-0.18509,-0.16031,-0.34257,0.17669,0.46791,0.20124,0.42947,0.24709,0.46788,0.020562,-0.099439,-0.14359,0.22117,0.0014029,-0.32284,-0.28869,0.012608,-0.2042,-0.16031,0.32649,-0.22984,0.22177,0.13665,0.12928,-0.047834,-0.20218,0.97876,0.904,0.49914,0.61559,-0.46197,0.0029704
0.1087,0.3964,0.019908,0.1759,0.48662,0.65733,-0.25323,0.40359,0.60338,0.68339,-0.14343,-0.055223,0.4526,0.48861,0.76586,0.41364,1.0842,-0.46434,0.72464,0.49282,1.0457,0.67256,0,1.2562,0.14189,0.93386,0.33732,0.34716,0.52161,0.54322,-0.20133,0.60028,0.44688,0.77693,-0.10163,0.053696,-0.086232,-0.12982,-0.25852,-0.32528,0.20352,0.53169,-0.086632,0.5776,-0.18298,-0.044073,-0.25556,-0.22988,0.71665,0.081639,0.25157,0.57593,0.52046,0.71625,0.50234,0.84714,0.46052,-0.27107,-0.39869,0.21736,0.50621,0.67441,0.4163,0.52441,0.47476,-0.062016,-0.16234,0.11739,-0.37198,0.47909,0.40166,-0.2623,-0.091164,-0.26934,-0.23272,-0.12319,0.3228,0.72148,0.71184,0.4503,0.432,0.67761,0.19173,0.70338,0.61761,0.61515,0.52695,-0.24987,-0.1493,-0.37883,-0.33638,0.040163,0.48163,-0.10319,0.49385,0.099204,0.087233,-0.089966,-0.18303,0.68191,0.67141,0.16269,0.16534,-0.12467,0.23852
0.18625,0.32283,0.021318,0.027378,0.66369,0.59798,-0.18715,0.10354,0.33289,0.54261,0.025223,-0.25015,0.49371,0.55204,0.80146,0.52967,0.88991,-0.14173,0.44444,0.50055,0.90147,0.76279,1.2562,0,-0.026751,0.89016,0.39269,0.65294,0.6469,0.89479,-0.050697,0.81417,0.47813,0.81447,-0.053056,0.042202,0.086612,-0.046585,-0.095834,-0.29243,0.28873,0.36072,-0.18671,0.59978,-0.17184,0.046149,-0.39457,-0.37139,0.75129,0.23542,0.2984,0.47274,0.3511,0.45224,0.31514,0.68538,0.31482,-0.35375,-0.47651,0.16583,0.39273,0.83343,0.66904,0.50125,0.53688,-0.14151,-0.24355,0.30062,-0.065835,0.64544,0.39075,-0.26525,0.0088162,-0.31306,-0.28373,-0.15817,0.080616,0.68604,0.61066,0.44768,0.36541,0.69171,0.19282,0.36914,0.3804,0.39206,0.34226,-0.33309,-0.24722,-0.41603,-0.42239,-0.028458,0.31826,-0.037772,0.32144,0.1304,0.051047,0.080856,-0.10098,0.75632,0.88596,0.18995,0.23066,-0.082985,0.1978
0.60418,-0.4029,0.3283,0.22445,-0.073826,-0.52532,0.53258,-0.073448,0.51224,-0.28543,0.23892,-0.23982,-0.5197,-0.44476,-0.29444,-0.60887,0.32524,0.047286,0.36802,0.80592,-0.11134,-0.16619,0.14189,-0.026751,0,-0.028891,-0.18378,-0.56722,0.082243,-0.064261,-0.17107,-0.15074,-0.5181,-0.22873,-0.31644,-0.2647,-0.43505,0.030864,0.5711,0.67444,0.75558,0.32561,0.23593,-0.10847,-0.26721,-0.44496,0.28596,0.28226,-0.41985,-0.57085,-0.58794,-0.034804,0.13627,-0.32669,-0.025945,-0.084947,-0.11512,0.085186,0.14665,0.38462,-0.31813,-0.35002,-0.45641,-0.096173,-0.19439,0.10402,0.21085,-0.30082,-0.36048,-0.15617,0.18224,-0.021522,-0.068385,0.37105,0.1116,0.58308,-0.3643,-0.10314,0.10435,-0.037291,-0.26098,-0.042949,0.25366,0.34964,0.212,0.24133,0.50371,0.25845,0.3277,0.27663,0.26426,0.18878,-0.46703,0.10853,-0.30455,-0.050688,-0.31082,-0.15059,-0.22075,-0.23932,-0.35796,-0.028736,-0.21767,0.12253,0.0245
0.17256,0.46608,-0.022482,-0.062648,0.29899,0.54577,-0.22362,0.15723,0.38286,0.71129,-0.1117,-0.13133,0.45867,0.5708,0.80516,0.65001,0.69356,-0.21585,0.75272,0.22704,0.7498,0.66872,0.93386,0.89016,-0.028891,0,0.16322,0.45101,0.3004,0.52266,0.10012,0.81458,0.34058,0.56091,0.1508,0.14628,0.073843,-0.077974,-0.27386,-0.27725,-0.024168,0.45395,0.10009,0.79,0.2486,0.36248,-0.40163,-0.36662,0.78968,0.20118,0.23586,0.26685,0.41504,0.57397,0.46454,0.85259,0.38075,-0.42498,-0.56932,0.1199,0.52997,0.75231,0.48592,0.32578,0.33538,-0.3116,-0.41203,0.083045,-0.10593,0.54471,0.27344,-0.16442,-0.096808,-0.43369,-0.24617,-0.036042,0.48464,0.3596,0.3449,0.082838,0.1973,0.37067,-0.29567,0.51036,0.25222,0.31502,0.093763,-0.45254,-0.35359,-0.16303,-0.28778,-0.073176,0.49727,0.072268,0.49474,0.27683,0.21839,0.18347,0.19178,0.51229,0.6849,0.17463,0.17871,-0.093238,0.30936
-0.071597,0.36878,-0.46246,-0.3138,0.44575,0.52821,-0.27835,0.16594,0.34538,0.44445,-0.29941,-0.3078,0.44042,0.54929,0.8853,0.65253,0.49517,0.15457,-0.15267,0.00030463,0.70015,0.51968,0.33732,0.39269,-0.18378,0.16322,0,0.54437,0.4105,0.17989,-0.46022,-0.11471,0.20372,0.3161,-0.53214,-0.46089,-0.10046,-0.29913,-0.26161,-0.27794,-0.026552,0.12502,-0.45339,0.13739,0.02923,-0.062753,-0.28181,-0.35002,0.75246,0.40927,0.57976,0.3809,0.23222,0.42959,0.19852,0.35825,0.16813,-0.18019,-0.39547,0.18659,0.42953,0.49647,0.49228,0.37997,0.48001,-0.14636,-0.20421,0.75353,0.17601,0.27963,0.34013,0.024531,-0.0080348,-0.20847,-0.21382,-0.19989,-0.034175,0.38181,0.26477,0.40413,0.29989,0.70522,0.29433,-0.20766,-0.089313,0.34356,0.04821,-0.24149,-0.25188,-0.22525,-0.2651,-0.095437,0.28202,0.017234,0.24592,0.18913,0.19797,-0.19651,-0.14232,0.34383,0.30463,0.78157,0.62585,-0.46898,-0.11506
-0.096153,0.3502,-0.0013439,0.048556,0.41992,0.61604,-0.24038,0.069738,0.047695,0.39536,0.045606,0.05328,0.65248,0.77783,0.78111,0.83801,0.19785,0.12456,-0.057202,-0.099503,0.49219,0.60011,0.34716,0.65294,-0.56722,0.45101,0.54437,0,0.3454,0.51751,0.097697,0.27824,0.61541,0.66179,0.26333,0.28339,0.45506,0.21987,-0.18606,-0.22591,-0.23553,-0.00018686,-0.31277,0.28069,0.24056,0.48856,-0.18335,-0.21345,0.63268,0.66232,0.66503,0.28319,0.042972,0.30124,0.091103,0.1705,0.071598,-0.19597,-0.27273,0.16387,0.5572,0.70537,0.71854,0.35323,0.32066,0.063271,-0.095493,0.50085,0.56611,0.53363,0.16905,0.0043575,0.11174,-0.13855,0.0051747,-0.2631,0.23669,0.38508,0.2674,0.30314,0.34563,0.44057,0.15139,-0.007157,0.099694,0.11848,-0.12437,-0.18397,-0.19578,-0.17921,-0.24089,-0.073654,0.378,0.23593,0.39838,0.4598,0.41533,0.18324,0.15325,0.6573,0.67679,0.38008,0.42914,-0.077062,0.15708
0.044702,-0.13009,0.047729,-0.028181,0.45773,0.20631,0.075431,-0.089993,0.33501,0.13115,0.17795,-0.28577,0.22562,0.22062,0.57369,0.25631,0.58582,0.15196,-0.059812,0.31277,0.61149,0.58373,0.52161,0.6469,0.082243,0.3004,0.4105,0.3454,0,1.0598,0.093212,0.31128,0.20241,0.38701,-0.11199,-0.1815,-0.019096,-0.14218,0.096719,-0.11695,0.20385,0.18117,-0.21125,0.044182,-0.17378,-0.11434,-0.38721,-0.46713,0.58623,0.026377,0.0023018,1.0674,0.14968,0.08621,0.11072,0.047615,0.058257,-0.37302,-0.40209,0.42836,0.15681,0.69671,0.7354,0.33425,0.44466,-0.33694,-0.25515,0.31092,-0.14784,0.89543,0.77027,-0.11213,-0.0073276,-0.29094,-0.23913,0.065824,-0.22502,0.14501,0.23539,0.039919,0.065145,0.26703,0.31464,-0.11256,-0.05638,0.0077469,0.061763,-0.23706,-0.24365,-0.17756,-0.17014,0.29584,0.088373,-0.047189,-0.16944,0.029159,-0.26904,0.057021,-0.46503,0.59658,0.71862,0.44625,0.46537,-0.20868,-0.13458
0.091156,-0.18116,0.23768,0.033717,0.46208,0.10858,0.059915,-0.2291,0.114,0.16126,0.51418,-0.20197,0.28027,0.22573,0.4912,0.24896,0.30785,-0.049366,0.13222,0.31695,0.3448,0.35449,0.54322,0.89479,-0.064261,0.52266,0.17989,0.51751,1.0598,0,0.42833,0.56121,0.39051,0.55208,0.2803,0.19387,0.28113,0.13432,0.27053,-0.064952,0.27718,0.1938,-0.31777,0.13206,-0.10646,0.21879,-0.45321,-0.45043,0.4032,0.11605,-0.0085784,0.58246,0.1285,0.03252,0.15078,0.098977,-0.095463,-0.53583,-0.44017,0.2191,0.048397,0.53858,0.54621,0.10041,0.21046,-0.38566,-0.37082,0.34094,0.011023,0.70752,0.21354,-0.38669,-0.21187,-0.4843,-0.33219,0.12174,-0.06742,0.15656,0.3224,-0.067473,0.050004,0.29548,0.16876,0.09711,0.1094,-0.0054659,-0.026247,-0.35898,-0.29551,-0.46037,-0.39881,0.15774,0.046172,0.032942,-0.090162,-0.013048,-0.27978,0.18836,-0.19713,0.37452,0.64707,0.15971,0.19857,-0.044796,-0.073354
0.060461,-0.41852,0.47042,0.26395,0.040692,-0.22942,0.36122,-0.18453,-0.20729,-0.22954,0.89178,0.27148,0.22288,0.0036687,-0.049514,-0.10454,-0.55003,-0.10498,-0.093455,-0.00062556,-0.3476,-0.23514,-0.20133,-0.050697,-0.17107,0.10012,-0.46022,0.097697,0.093212,0.42833,0,0.32592,0.38375,0.24306,1.2769,0.86957,0.7022,0.50452,0.41526,0.24452,-0.11414,-0.40981,-0.027771,-0.35304,0.35905,0.79111,-0.20505,-0.18791,-0.17028,0.13842,-0.12282,0.10895,0.087321,-0.14604,0.20091,-0.46343,-0.65168,-0.62343,-0.27837,-0.094032,-0.29887,0.10872,0.0926,-0.39055,-0.46175,-0.35573,-0.32534,0.0063496,0.25426,0.31796,-0.31232,-0.27742,-0.17189,-0.38223,-0.077076,0.19669,0.22502,-0.081931,0.046067,-0.39601,-0.058873,-0.25763,-0.16034,0.16183,0.096425,-0.032984,-0.19332,-0.3155,-0.32666,-0.1963,-0.17811,0.20152,-0.17015,0.14998,-0.21382,0.14235,-0.13611,0.16687,-0.014112,-0.068948,0.10103,-0.15574,-0.12477,0.22196,-0.086401
0.16868,0.35219,-0.081269,-0.12987,0.47413,0.54661,0.0035381,0.23997,0.24754,0.53402,0.012334,-0.00079575,0.35762,0.38298,0.35291,0.31329,0.38013,-0.14188,0.46498,0.22939,0.52532,0.40389,0.60028,0.81417,-0.15074,0.81458,-0.11471,0.27824,0.31128,0.56121,0.32592,0,0.3629,0.48136,0.23183,0.19851,0.020472,-0.20319,-0.16586,-0.40157,0.13325,0.19936,0.1944,0.67339,0.092137,0.30177,-0.5234,-0.47719,0.52006,-0.0075987,0.038054,0.17174,0.3606,0.42284,0.22508,0.51382,0.20657,-0.50045,-0.60432,-0.11434,0.22681,0.66124,0.52939,0.23955,0.35635,-0.37564,-0.45398,0.024802,-0.092501,0.56606,0.23623,-0.21489,0.08586,-0.52675,-0.3801,-0.21114,0.23956,0.3691,0.30859,0.012624,0.062936,0.18168,-0.42267,0.35647,0.25313,0.11585,0.12294,-0.59238,-0.53665,-0.23996,-0.39016,-0.085229,0.31133,-0.047369,0.34247,-0.028969,-0.021715,0.20052,0.10239,0.51656,0.74401,-0.15927,0.0016633,0.10081,0.34327
-0.43061,0.16564,0.12374,0.31959,0.26329,0.56153,-0.53368,0.21091,-0.044182,0.34223,0.11608,0.45335,1.5678,0.9961,0.61848,0.557,0.017555,-0.55723,0.037021,0.031086,0.29675,0.29735,0.44688,0.47813,-0.5181,0.34058,0.20372,0.61541,0.20241,0.39051,0.38375,0.3629,0,1.5448,0.52499,0.73536,0.73928,0.37834,-0.30512,-0.31682,-0.47843,-0.25812,-0.62978,-0.098954,0.11356,0.59179,-0.31936,-0.30086,0.47186,0.91555,0.87491,0.31572,0.14897,0.55761,0.71225,0.2224,0.010814,-0.52827,-0.39357,-0.3013,0.20232,0.5373,0.32382,-0.014197,-0.059933,-0.14774,-0.3625,0.33154,0.117,0.33094,-0.17031,-0.58686,-0.3597,-0.56441,-0.31785,-0.46294,0.63157,0.93463,0.91738,0.55855,0.87679,0.42349,0.26327,0.39926,0.48286,0.56541,0.30672,-0.31005,-0.20488,-0.70848,-0.48997,-0.13934,0.2412,-0.27964,0.15573,0.15933,0.15938,-0.1937,-0.24007,0.35639,0.43294,0.056774,0.054425,-0.11744,-0.17164
-0.24102,0.14387,0.11671,0.26223,0.34066,0.5452,-0.43585,0.16274,0.17657,0.47827,0.12125,0.313,1.3633,1.1244,0.79693,0.58911,0.35219,-0.48071,0.20502,0.30994,0.51879,0.51516,0.77693,0.81447,-0.22873,0.56091,0.3161,0.66179,0.38701,0.55208,0.24306,0.48136,1.5448,0,0.30723,0.48648,0.53826,0.35496,-0.22003,-0.20255,-0.23102,-0.088879,-0.61285,0.025807,0.068747,0.41231,-0.37362,-0.37208,0.59074,0.72692,0.74123,0.42791,0.22669,0.54228,0.72778,0.36972,0.025133,-0.58323,-0.50445,-0.067176,0.29898,0.67095,0.43138,0.13745,0.078908,-0.18447,-0.40772,0.3081,0.045912,0.40931,0.0088704,-0.55092,-0.33147,-0.47005,-0.39048,-0.34731,0.46462,1.21,1.0487,0.67469,0.77799,0.60291,0.37235,0.50535,0.5378,0.71687,0.50004,-0.36051,-0.26501,-0.65279,-0.56571,-0.077849,0.21067,-0.2377,0.14542,0.17405,0.098288,-0.14223,-0.30846,0.50277,0.56271,0.22596,0.19015,-0.23214,-0.15324
-0.084962,-0.24346,0.63629,0.5219,-0.013651,-0.068561,0.13716,-0.040202,-0.29077,-0.18391,0.65315,0.43692,0.26962,0.079726,-0.026909,-0.014105,-0.6195,-0.27352,0.048525,-0.16281,-0.3397,-0.22341,-0.10163,-0.053056,-0.31644,0.1508,-0.53214,0.26333,-0.11199,0.2803,1.2769,0.23183,0.52499,0.30723,0,1.6102,0.91647,0.70557,0.21773,0.16061,-0.30322,-0.3398,-0.0053843,-0.21646,0.3159,0.93634,0.025599,0.07971,-0.17162,0.24913,0.055368,-0.003729,0.040127,-0.027657,0.19967,-0.35368,-0.34312,-0.33522,-0.069107,-0.129,-0.12788,0.064838,-0.0081388,-0.27214,-0.45411,-0.0090839,-0.061545,-0.068269,0.28086,0.22029,-0.43717,-0.23948,-0.16183,-0.23374,0.11578,0.10384,0.49102,-0.035467,0.11254,-0.25115,0.080788,-0.21424,-0.16909,0.35935,0.32226,-0.019065,-0.22083,-0.1092,-0.065699,-0.22065,-0.10693,0.18005,0.081457,0.21564,0.06027,0.26134,0.1383,0.21565,0.17587,0.0043779,0.10799,-0.28517,-0.2378,0.41244,0.1296
-0.081638,-0.13995,0.74973,0.81615,0.073731,0.057112,0.025231,0.12189,-0.26864,-0.15634,0.57505,0.56699,0.40914,0.17854,0.0026294,0.012704,-0.51537,-0.48531,0.091268,-0.039827,-0.28668,-0.23489,0.053696,0.042202,-0.2647,0.14628,-0.46089,0.28339,-0.1815,0.19387,0.86957,0.19851,0.73536,0.48648,1.6102,0,0.95291,0.83564,0.1746,0.17932,-0.26992,-0.2314,-0.095278,-0.20354,0.12622,0.71107,0.14794,0.22393,-0.17311,0.36472,0.22806,-0.037027,0.1011,0.10219,0.35854,-0.25375,-0.23636,-0.2154,0.052695,-0.16422,-0.08014,0.040906,-0.11634,-0.22454,-0.51391,0.18542,0.074773,-0.060584,0.22085,0.10943,-0.51784,-0.30571,-0.17416,-0.1352,0.18525,0.058819,0.5981,0.2401,0.34483,0.050686,0.35334,-0.14232,0.049035,0.5788,0.58241,0.22224,0.037453,0.040012,0.10314,-0.33127,-0.079465,0.11241,0.10658,0.10556,0.13515,0.30436,0.26012,0.07257,0.12115,0.047254,0.084108,-0.28277,-0.2641,0.39449,0.12151
-0.28719,-0.34366,0.54315,0.37204,0.11757,0.015003,-0.15562,-0.36363,-0.63559,-0.31936,0.4732,0.1725,0.5868,0.41158,0.20911,0.21143,-0.45983,-0.07686,-0.22024,-0.047205,-0.21455,0.0050483,-0.086232,0.086612,-0.43505,0.073843,-0.10046,0.45506,-0.019096,0.28113,0.7022,0.020472,0.73928,0.53826,0.91647,0.95291,0,1.1642,0.18977,0.26787,-0.42645,-0.58951,-0.44247,-0.36044,0.068857,0.5336,-0.12991,-0.055623,0.032382,0.91438,0.57429,-0.021396,-0.1637,-0.10637,0.24784,-0.30091,-0.2823,-0.36083,-0.12284,-0.23793,-0.18557,0.16592,0.10599,-0.15388,-0.39654,-0.039012,-0.12353,0.16738,0.51564,0.2393,-0.37095,-0.32598,-0.23168,-0.25092,-0.026407,0.042124,0.22695,0.30792,0.26998,0.28418,0.50593,-0.077976,0.16654,0.12104,0.16623,0.16153,-0.10019,-0.12449,-0.057758,-0.53211,-0.31822,0.21481,0.087568,-0.028724,-0.18681,0.40198,0.29724,0.24363,0.040261,0.079734,0.14443,0.093103,0.012801,0.12365,-0.18847
-0.097316,-0.63671,0.82621,0.56915,-0.09532,-0.34912,0.067311,-0.44452,-0.49665,-0.51983,0.64969,0.27932,0.20944,0.13356,-0.11899,-0.13201,-0.43392,-0.10184,-0.11404,0.20772,-0.46936,-0.19448,-0.12982,-0.046585,0.030864,-0.077974,-0.29913,0.21987,-0.14218,0.13432,0.50452,-0.20319,0.37834,0.35496,0.70557,0.83564,1.1642,0,0.50026,0.7805,-0.13025,-0.38878,-0.36259,-0.50495,-0.057683,0.25268,0.16192,0.23007,-0.36804,0.47607,0.24129,-0.19115,-0.29901,-0.42193,0.078633,-0.49722,-0.47822,-0.10834,0.18177,-0.022797,-0.31939,-0.20888,-0.25796,-0.27877,-0.68125,0.19239,0.11289,-0.089653,0.40575,-0.095813,-0.47583,-0.26092,-0.25627,0.13838,0.13778,0.31531,0.037733,0.21676,0.19472,0.28333,0.32406,-0.2231,0.40447,0.24076,0.2345,0.18798,0.11435,0.16099,0.20631,-0.29512,-0.11641,0.25623,-0.22787,0.021812,-0.37286,0.31286,0.17045,0.19983,0.004671,-0.1416,-0.16879,0.056218,-0.086981,0.12178,-0.25567
0.64726,-0.87255,0.79779,0.34941,0.18513,-0.75015,0.99404,-0.40026,-0.078234,-0.82075,1.3036,-0.21024,-0.45414,-0.55627,-0.43768,-0.71887,-0.33512,0.31761,-0.14399,0.54177,-0.61447,-0.61996,-0.25852,-0.095834,0.5711,-0.27386,-0.26161,-0.18606,0.096719,0.27053,0.41526,-0.16586,-0.30512,-0.22003,0.21773,0.1746,0.18977,0.50026,0,1.2155,0.83401,-0.030794,0.015305,-0.42822,-0.33218,-0.14249,0.25853,0.3131,-0.71885,-0.2739,-0.49238,-0.1835,-0.021797,-0.80935,-0.25441,-0.80038,-0.68643,-0.055501,0.16746,0.30633,-0.72435,-0.39781,-0.3761,-0.30978,-0.54578,0.12184,0.26702,0.12046,0.32666,-0.061144,-0.22208,-0.05668,-0.060847,0.26579,0.19508,0.91139,-0.58919,-0.27919,-0.088035,-0.27028,-0.26394,-0.27329,0.29469,0.10521,0.14072,-0.098078,0.082208,0.21393,0.17288,-0.018215,0.12171,0.53023,-0.44631,0.45914,-0.44799,0.17144,-0.16713,0.28846,0.040823,-0.34811,-0.31308,-0.0069758,-0.16275,0.40368,-0.00082373
0.47437,-0.82635,0.76123,0.40416,-0.024884,-0.74997,0.72307,-0.39375,-0.12344,-0.81434,0.75591,-0.038494,-0.37019,-0.36552,-0.42402,-0.58181,-0.3118,0.2793,-0.1482,0.44059,-0.61764,-0.4773,-0.32528,-0.29243,0.67444,-0.27725,-0.27794,-0.22591,-0.11695,-0.064952,0.24452,-0.40157,-0.31682,-0.20255,0.16061,0.17932,0.26787,0.7805,1.2155,0,0.42356,-0.071856,0.039002,-0.49282,-0.17813,-0.17503,0.40211,0.44433,-0.72178,-0.11115,-0.27217,-0.30589,-0.11294,-0.77356,-0.15829,-0.77215,-0.61435,0.096053,0.3254,0.34312,-0.52092,-0.49175,-0.50294,-0.28643,-0.68125,0.2461,0.33806,-0.13354,0.307,-0.24002,-0.25591,0.096958,-0.014582,0.51131,0.33942,0.98046,-0.40966,-0.15335,-0.13786,-0.056845,-0.13729,-0.43823,0.33157,0.10801,0.070327,0.031264,0.13089,0.36011,0.29947,0.1445,0.23918,0.46167,-0.45349,0.32731,-0.49004,0.30774,0.043579,0.22135,0.052457,-0.35995,-0.45914,0.18008,-0.030551,0.19459,-0.11677
0.95404,-0.22337,0.2528,0.074518,0.39673,-0.28939,0.77379,-0.013139,0.37468,-0.20075,0.4704,-0.41198,-0.55265,-0.52599,-0.2837,-0.6016,0.23595,0.20681,0.25647,0.80281,-0.067813,-0.29444,0.20352,0.28873,0.75558,-0.024168,-0.026552,-0.23553,0.20385,0.27718,-0.11414,0.13325,-0.47843,-0.23102,-0.30322,-0.26992,-0.42645,-0.13025,0.83401,0.42356,0,0.43578,0.21751,0.14356,-0.52503,-0.49725,0.11329,0.16021,-0.35181,-0.62515,-0.59876,-0.068391,0.2493,-0.31653,-0.29167,-0.095135,-0.18297,0.023988,0.0238,0.3261,-0.36055,-0.2079,-0.21846,-0.006735,-0.046872,0.10307,0.22623,0.14853,-0.022788,-0.050812,0.10169,-0.021044,0.075803,0.22779,0.03157,0.55838,-0.65089,-0.10815,0.018585,-0.13901,-0.2571,0.091074,0.18177,0.23824,0.26259,0.016113,0.3636,0.081893,0.058735,0.026876,0.06817,0.30793,-0.21937,0.36673,-0.037992,-0.031676,-0.22869,0.13667,0.04014,-0.13502,-0.12893,-0.10245,-0.18026,0.30762,0.25927
0.46333,0.45753,-0.056906,0.021623,0.32111,0.24109,0.10292,0.45305,0.49073,0.43523,-0.16325,-0.097975,-0.22926,-0.11307,0.1476,0.10439,0.51646,-0.25244,0.50516,0.067424,0.37604,0.14191,0.53169,0.36072,0.32561,0.45395,0.12502,-0.00018686,0.18117,0.1938,-0.40981,0.19936,-0.25812,-0.088879,-0.3398,-0.2314,-0.58951,-0.38878,-0.030794,-0.071856,0.43578,0,0.35241,0.75362,-0.1116,-0.2447,0.17591,0.17433,0.18518,-0.39657,-0.20135,0.080953,0.44858,0.33995,0.11946,0.47163,0.42236,0.33595,0.22075,0.38378,0.43833,0.050595,-0.029644,0.18584,0.26034,0.17435,0.17803,-0.15913,-0.48456,-0.075576,0.12546,0.22834,0.19892,0.18478,0.23049,0.38018,0.1138,0.013872,-0.023957,-0.11521,-0.13684,0.034751,-0.092996,0.19986,0.1019,-0.0082826,0.023503,0.22286,0.22176,0.21552,0.30984,-0.20936,0.15139,0.085028,0.43011,-0.076488,0.064798,-0.13423,0.1836,0.12743,0.14387,0.09779,0.17941,-0.094763,0.26514
0.68453,0.34416,0.057156,0.031063,0.10443,0.0692,0.60092,0.35337,0.20015,-0.030534,-0.14607,-0.17559,-0.52314,-0.43212,-0.27831,-0.23006,0.052465,0.22657,0.35171,-0.13707,0.016231,-0.047983,-0.086632,-0.18671,0.23593,0.10009,-0.45339,-0.31277,-0.21125,-0.31777,-0.027771,0.1944,-0.62978,-0.61285,-0.0053843,-0.095278,-0.44247,-0.36259,0.015305,0.039002,0.21751,0.35241,0,0.56073,0.23673,-0.05382,0.28179,0.27512,-0.13708,-0.5842,-0.4584,-0.092023,0.40639,0.059144,-0.25178,0.015248,0.29139,0.2992,0.17834,0.26766,0.12776,0.030968,0.0063376,0.21543,0.10096,0.2371,0.33825,-0.44569,-0.22083,0.014933,0.27927,0.76903,0.77661,0.39793,0.56693,0.38819,-0.05169,-0.41871,-0.62548,-0.45044,-0.42329,-0.34652,-0.65632,0.058104,-0.065059,-0.37569,-0.21637,0.14816,0.044531,0.89513,0.73131,0.22112,0.22873,0.47575,0.40394,0.27658,0.33609,0.29685,0.56364,0.12957,0.085867,-0.12977,-0.0025218,0.45858,0.77609
0.31991,0.99444,-0.3277,-0.30687,0.4241,0.73022,-0.09232,0.40717,0.30001,0.69965,-0.51249,-0.28243,0.03909,0.2393,0.35817,0.42437,0.61092,-0.011512,0.71696,-0.066285,0.70798,0.53028,0.5776,0.59978,-0.10847,0.79,0.13739,0.28069,0.044182,0.13206,-0.35304,0.67339,-0.098954,0.025807,-0.21646,-0.20354,-0.36044,-0.50495,-0.42822,-0.49282,0.14356,0.75362,0.56073,0,0.13864,0.029118,-0.19869,-0.16887,0.57247,-0.090075,0.1075,-0.0014227,0.40806,0.54038,-0.030465,0.92348,0.76954,0.068236,-0.20155,0.050528,0.5766,0.46865,0.37852,0.46238,0.57029,-0.0045817,-0.074579,-0.056065,-0.20551,0.19419,0.34622,0.26579,0.38981,-0.079738,0.015519,-0.02763,0.15622,0.13536,-0.080723,0.035969,-0.0030025,0.23536,-0.58092,0.15271,0.023527,-0.075127,-0.085366,-0.22832,-0.20188,0.18325,0.060028,-0.18564,0.58747,0.13823,0.81924,0.13323,0.39132,0.21791,0.55789,0.44522,0.52399,0.029235,0.16799,0.059372,0.6324
0.0017357,0.34574,-0.30822,-0.26386,-0.19648,0.12415,0.025096,0.14301,0.15453,0.45335,-0.10901,0.22746,0.26513,0.31959,0.2487,0.39841,-0.090847,-0.035494,0.13442,-0.50536,0.097955,0.2602,-0.18298,-0.17184,-0.26721,0.2486,0.02923,0.24056,-0.17378,-0.10646,0.35905,0.092137,0.11356,0.068747,0.3159,0.12622,0.068857,-0.057683,-0.33218,-0.17813,-0.52503,-0.1116,0.23673,0.13864,0,0.97063,-0.18345,-0.30228,0.20595,0.1746,0.11747,0.092487,0.22655,0.30047,0.17569,0.11299,-0.14469,-0.27709,-0.28708,0.055908,0.40571,0.26555,0.30348,-0.11854,-0.011574,-0.30762,-0.41836,-0.12494,0.042933,0.0357,-0.065644,0.25947,0.1417,-0.14226,0.041092,-0.06253,0.425,-0.093604,-0.28639,-0.32241,-0.20934,0.085604,-0.48521,-0.13984,-0.31186,-0.078798,-0.38777,-0.3467,-0.42218,0.44841,0.12306,-0.28697,-0.0099874,0.19325,0.22815,0.18774,0.16142,-0.06505,0.24646,0.036908,0.11709,0.22851,0.3097,-0.22971,0.001542
