,,,,,,,,,,,,,,,,,,,,,,,,,,,,,,,,,,,,,,,,,,,,,,,,,,,,,,,,,,,,,,,,,,,,,,,,,,,,,,,,,,,,,,,,,,,,,,,,,,,,,,,,
0,1.1524,0.8035,0.58108,0.90935,0.5359,0.89363,0.73223,0.62863,0.42949,0.46954,0.44983,-0.045795,-0.081391,0.32072,-0.016626,0.25597,0.047898,-0.060926,0.39079,0.053658,-0.10194,0.39226,0.17203,0.35556,0.61633,0.41939,0.20399,0.45228,0.64137,0.29176,0.50171,0.10104,-0.072777,0.2532,0.4273,0.45697,0.46961,0.87845,0.78083,0.43498,0.60079,0.25026,0.45296,0.49961,0.48064,-0.264,-0.40812,0.6005,0.18205,0.098209,0.34887,0.40244,0.30333,0.19592,0.011144,0.19263,-0.2512,-0.2694,0.57826,0.33142,-0.077179,0.11658,-0.02046,0.35457,-0.11036,-0.24443,-0.024346,0.48342,-0.090702,0.21362,0.10506,-0.10187,0.29801,-0.20776,0.55344,0.39423,0.16934,0.091032,0.39085,0.27482,0.54546,0.43939,-0.0075413,-0.10881,-0.0091859,-0.04387,-0.42398,-0.44178,0.25703,0.2811,-0.20637,-0.12993,0.29396,0.047119,0.055978,0.05003,-0.041654,0.090778,-0.060215,-0.074907,-0.009533,-0.037356,0.11828,-0.15337
1.1524,0,0.29609,0.17639,0.56303,0.67109,0.43597,0.80964,0.58263,0.43344,0.59334,0.61184,0.40682,0.30792,-0.016641,-0.0017685,0.079009,-0.028083,0.16454,0.46396,0.083048,0.064151,0.37338,0.48343,0.55051,0.66083,0.26002,0.27797,0.31703,0.64108,0.29704,0.66072,0.51725,0.3961,0.22402,0.64295,0.52053,0.48463,0.60947,0.86937,0.34148,0.82487,0.04215,0.48695,0.58547,0.63643,-0.24181,-0.38486,0.64796,0.44176,0.41082,0.09203,0.10966,0.27819,0.13174,-0.080835,0.023183,-0.29563,-0.31597,0.18515,0.3073,-0.40307,-0.21917,-0.33919,-0.069141,-0.27693,-0.33453,-0.10579,0.13492,-0.47287,-0.11532,-0.011862,-0.17987,0.43829,-0.11873,0.4288,0.34628,0.54682,0.35546,0.40376,0.22931,0.139,0.0081255,0.14264,-0.15301,0.17278,0.17634,-0.29658,-0.45922,0.31833,0.36504,-0.1382,0.042138,0.3037,0.38578,0.38949,0.33889,0.047918,0.26555,-0.068008,-0.10092,0.066351,0.17137,-0.070602,0.060947
0.8035,0.29609,0,1.3077,0.74164,0.20988,0.80316,0.2145,0.21835,-0.0020894,0.12817,0.16506,-0.28946,-0.20039,0.62936,0.16886,0.50104,0.15074,-0.14504,0.33901,0.048081,-0.15906,0.40562,-0.13623,0.11256,0.24567,0.22365,0.081486,0.21633,0.1506,0.33686,0.20944,-0.16491,-0.43153,0.036464,-0.065917,0.097306,0.17226,0.416,0.29564,0.25694,0.17821,0.38048,0.1624,0.3435,0.14146,0.028954,-0.035721,0.56856,0.041123,-0.13706,0.59266,0.48634,0.23261,0.10904,-0.035366,0.21455,-0.11079,-0.21449,0.94749,0.45715,0.16403,0.3044,0.31673,0.78713,0.24607,0.13686,-0.24469,0.34705,0.26649,0.72274,0.37646,0.18306,-0.023149,-0.1168,0.32248,0.24852,-0.092284,-0.068764,0.17995,0.21599,1.0966,1.0685,0.021917,0.075974,-0.091713,-0.059401,-0.16628,-0.093247,0.14194,-0.05309,0.0015889,-0.070671,0.13784,-0.31026,-0.17299,-0.16394,0.065344,0.1416,-0.041925,0.023645,-0.073756,-0.11809,0.42125,-0.23979
0.58108,0.17639,1.3077,0,0.3535,-0.12747,0.70078,0.32475,0.32218,0.043124,0.40277,0.38241,-0.21999,-0.01003,0.23378,0.013276,0.22955,-0.11636,0.043338,0.50632,-0.26987,-0.58306,0.18974,-0.33107,0.2096,0.23004,-0.12886,-0.22689,0.11828,0.14528,0.368,0.19102,-0.25076,-0.39366,0.1695,0.01071,0.24574,0.395,0.45075,0.36833,-0.10307,-0.139,0.30984,-0.22212,0.3636,0.098372,0.025618,-0.049961,0.31188,0.23017,0.0097344,0.41444,0.21702,-0.063451,0.043635,-0.46197,-0.093597,-0.425,-0.55195,0.96684,0.40444,-0.037122,0.14518,0.069165,0.52592,0.18051,0.10571,-0.1274,0.2846,0.26451,0.60992,0.38749,0.19099,-0.018748,-0.14098,0.64222,0.67534,0.014963,0.18528,0.34362,0.51145,0.74313,0.76133,0.13048,0.34068,0.15561,0.16229,-0.20282,-0.22785,0.18324,-0.019702,0.13879,0.057474,0.31339,-0.11447,0.13025,0.086948,0.32974,0.22802,-0.36725,-0.1841,-0.28059,-0.2764,0.25461,-0.1869
0.90935,0.56303,0.74164,0.3535,0,0.86563,1.0056,0.22617,0.46356,0.050937,-0.10767,0.1156,-0.13396,-0.13339,0.72424,0.39,0.84901,0.48627,-0.21803,0.35747,0.45654,0.42512,0.45074,0.25286,0.20999,0.19062,0.65541,0.45808,0.26727,0.10797,0.31695,0.2705,0.070685,-0.16885,-0.083326,-0.082667,-0.041713,-0.12103,0.30989,0.21503,0.88206,0.60636,0.44619,0.77859,0.52826,0.48913,0.12395,-0.017854,0.78456,-0.044787,-0.08824,0.511,0.86408,0.62805,0.22766,0.46219,0.72242,0.28761,0.15929,0.54118,0.39454,0.21441,0.31474,0.46184,0.5305,0.25957,0.09785,-0.31615,0.37877,0.17296,0.39555,0.34029,0.10198,0.32272,0.020118,0.1698,-0.059422,-0.025587,-0.13719,0.0044071,-0.0062122,0.65842,0.65123,-0.092849,-0.33756,-0.25939,-0.12781,0.063165,0.14019,0.27651,0.2071,0.11557,0.086477,0.24464,0.0075286,-0.24994,-0.13369,-0.17272,0.22217,0.50893,0.3956,0.077966,0.070382,0.2201,-0.14814
0.5359,0.67109,0.20988,-0.12747,0.86563,0,0.43187,0.32571,0.12001,0.11197,-0.18093,-0.0038243,0.088331,-0.044536,0.42899,0.29378,0.60706,0.47797,-0.31242,0.16471,0.80706,0.7746,0.57573,0.7495,0.12519,0.14019,0.66216,0.51244,0.30081,0.23287,0.18179,0.28859,0.43267,0.25671,-0.1173,0.21777,-0.0057079,-0.084552,0.19303,0.19759,1.0306,1.1744,0.15383,1.3336,0.1755,0.29869,0.047724,-0.051453,0.62202,-0.13488,0.051913,0.2482,0.59004,0.8935,0.25772,0.70443,0.76672,0.49698,0.41847,0.046791,0.3415,0.021707,0.096142,0.20099,0.27515,0.11398,0.023121,-0.46827,0.025223,-0.21378,0.14643,6.5203e-05,-0.088265,0.12392,-0.0053629,-0.22054,-0.26922,0.18358,-0.062829,-0.051764,-0.25032,0.28249,0.16595,-0.13318,-0.56966,-0.3006,-0.26152,0.10777,0.25957,0.1303,0.087205,0.12319,0.19244,0.16833,0.11136,-0.0041387,0.055945,-0.26082,0.17381,0.56399,0.42587,0.31527,0.43691,0.22686,0.13212
0.89363,0.43597,0.80316,0.70078,1.0056,0.43187,0,0.6313,0.50301,0.16891,0.18737,0.32847,-0.27351,-0.20974,0.32051,0.04537,0.47072,0.14599,-0.090258,0.37625,0.11018,-0.065269,0.33745,-0.055603,0.37079,0.31555,0.26092,0.058929,0.26135,0.21141,0.34085,0.28766,-0.10857,-0.31718,0.26682,0.2008,0.23286,0.29351,0.80514,0.49002,0.51436,0.32267,0.5454,0.39255,0.29561,0.10462,0.049674,-0.16167,0.3754,0.041836,-0.056626,0.3117,0.44958,0.18358,0.084163,-0.0026565,0.46022,-0.070255,-0.2149,0.45738,0.11138,0.13614,0.31699,0.22752,0.45305,0.14104,-0.0099061,-0.26142,0.37204,0.26073,0.51316,0.24137,-0.031791,0.10887,-0.14377,0.45218,0.30858,-0.082649,-0.038559,0.21832,0.26632,0.61347,0.62525,-0.1123,-0.075439,-0.06973,-0.065476,-0.15476,-0.11849,0.31159,0.088058,0.012407,-0.1375,0.27155,-0.0061194,-0.11406,-0.14948,-0.16082,0.024276,0.031057,0.016658,-0.11318,-0.15574,0.019333,-0.36554
0.73223,0.80964,0.2145,0.32475,0.22617,0.32571,0.6313,0,0.49093,0.6809,0.93071,0.78193,0.28522,0.16452,-0.36207,-0.42874,-0.073252,-0.29614,0.38525,0.29783,-0.13569,-0.33971,0.36685,0.30824,0.69988,0.85895,0.042631,-0.026159,0.53469,0.89776,0.29175,0.53857,0.41523,0.32426,0.61972,1.0538,0.99193,1.0929,1.2855,1.4302,0.18043,0.56815,-0.0099327,0.22047,0.048671,0.034744,-0.4546,-0.54921,0.068692,0.46598,0.4551,-0.29825,-0.070136,-0.031782,0.21914,-0.34116,-0.09479,-0.49896,-0.46482,0.10648,-0.032813,-0.49455,-0.19566,-0.62588,-0.18687,-0.48841,-0.46953,-0.059793,0.23573,-0.36015,0.082931,-0.26579,-0.41298,-0.050232,-0.43299,0.62912,0.71431,0.56227,0.52416,0.79338,0.45524,0.038764,-0.16481,0.15243,0.11635,0.41595,0.15798,-0.54591,-0.57685,0.037001,-0.039195,-0.096913,-0.039259,0.21617,0.22163,0.36061,0.15884,0.068917,-0.040636,-0.46969,-0.45743,0.0029623,0.033829,-0.079007,0.046965
0.62863,0.58263,0.21835,0.32218,0.46356,0.12001,0.50301,0.49093,0,0.7385,0.56603,0.51738,0.050262,0.18965,-0.086516,-0.12003,0.014562,-0.15419,0.28491,0.44693,-0.14564,-0.21183,0.11372,0.090542,0.47783,0.49366,0.23993,0.10842,0.30483,0.44204,0.31632,0.44942,-0.038503,-0.023195,0.069843,0.11492,0.42605,0.43568,0.42116,0.44813,0.10153,0.064643,0.17538,0.060954,0.62172,0.67524,0.022474,-0.025962,0.37917,0.27537,0.15947,0.042576,0.036652,-0.024626,-0.017805,-0.28713,-0.086307,-0.36022,-0.40075,0.3443,0.11903,-0.21464,-0.055992,-0.093977,0.10358,-0.033899,-0.011683,0.12215,0.51597,0.13005,0.23545,0.28407,0.15616,0.78274,0.14261,0.68442,0.55813,0.27171,0.30407,0.33294,0.34368,0.13604,0.061841,0.18343,0.053575,0.1999,0.27678,-0.007401,-0.2287,0.42373,0.62536,0.0026164,0.1472,0.29658,0.23849,0.24035,0.1458,0.14302,0.25365,-0.097752,-0.02585,-0.36068,-0.10702,-0.36017,-0.14646
0.42949,0.43344,-0.0020894,0.043124,0.050937,0.11197,0.16891,0.6809,0.7385,0,0.5485,0.29623,-0.034607,-0.13607,-0.30373,-0.6799,-0.31781,-0.56712,0.17515,-0.063528,-0.22996,-0.33449,0.065354,0.16772,0.22964,0.83633,0.21408,-0.10695,0.66745,1.1936,0.23066,0.5337,0.045187,-0.011547,0.37499,0.49821,0.67984,0.6818,0.53425,0.52421,0.020228,0.22567,0.071435,0.2384,0.0057068,0.11152,-0.28839,-0.14896,-0.011855,0.073473,0.1111,-0.33779,-0.30404,-0.21729,-0.027154,-0.22801,-0.14734,-0.37943,-0.21462,-0.021014,-0.30683,-0.34673,-0.14849,-0.26322,0.029115,-0.25484,-0.13126,0.38857,0.39738,0.027028,0.19918,-0.058415,0.0011667,0.11609,-0.11565,0.26579,0.41106,0.20545,0.15688,0.55678,0.21282,-0.087911,-0.23307,0.052234,0.037802,0.25307,-0.022779,-0.35428,-0.3538,-0.0030992,0.17408,-0.34158,-0.13575,0.044211,-0.10133,0.10166,-0.17187,-0.082203,-0.27693,-0.25462,-0.29,-0.33547,-0.13787,-0.2165,-0.09399
0.46954,0.59334,0.12817,0.40277,-0.10767,-0.18093,0.18737,0.93071,0.56603,0.5485,0,1.1164,0.46674,0.46306,-0.64161,-0.49956,-0.35555,-0.49959,0.75953,0.47322,-0.6585,-0.80997,0.015168,-0.011336,0.81089,0.95243,-0.30847,-0.21836,0.27767,0.58264,0.39006,0.6175,0.36096,0.32721,0.58128,0.62082,1.3642,1.2604,0.71983,1.2585,-0.40283,0.071202,-0.053923,-0.23104,0.30681,0.3048,-0.3347,-0.30715,-0.069931,0.78361,0.51153,-0.34616,-0.31029,-0.38449,0.084623,-0.86769,-0.51297,-0.83389,-0.68677,0.22326,0.051672,-0.86238,-0.58841,-0.87178,-0.35808,-0.42335,-0.29384,0.16379,0.076629,-0.29676,-0.061167,-0.035349,-0.083227,0.1908,-0.10351,1.1403,1.316,0.79436,0.88011,1.122,0.80177,-0.15947,-0.33946,0.41741,0.38243,0.90071,0.64223,-0.36135,-0.64261,0.18181,0.20559,-0.033262,0.054906,0.21522,0.29492,0.43999,0.30242,0.38043,0.0044517,-1.1308,-0.90505,-0.21688,-0.19151,-0.22286,0.036018
0.44983,0.61184,0.16506,0.38241,0.1156,-0.0038243,0.32847,0.78193,0.51738,0.29623,1.1164,0,0.55614,0.70201,-0.47143,-0.32128,-0.27132,-0.46632,0.89614,0.5621,-0.53961,-0.4786,-0.0032947,-0.014501,0.70462,0.66406,-0.42513,-0.16388,-0.071552,0.24318,0.42114,0.53835,0.43937,0.34784,0.71665,0.52492,0.70403,0.62962,0.49588,1.054,-0.3241,0.15962,0.16152,-0.061396,0.41212,0.3704,-0.049967,-0.076541,-0.033513,1.1083,0.91438,-0.45849,-0.14852,-0.27017,0.2681,-0.69474,-0.268,-0.55046,-0.51282,0.32808,0.068914,-0.61782,-0.3473,-0.58964,-0.38754,-0.14386,-0.090883,0.099473,-0.0098825,-0.22676,-0.010199,0.1772,0.068048,0.2467,0.025455,1.1578,1.0661,0.92251,1.1651,1.0713,1.2062,-0.30249,-0.32903,0.90897,0.658,1.1406,0.99141,-0.096164,-0.41392,0.43657,0.27854,-0.013535,0.056361,0.33855,0.55564,0.43058,0.33586,0.12091,0.095782,-0.59738,-0.64233,-0.062515,-0.10691,-0.32819,-0.11424
-0.045795,0.40682,-0.28946,-0.21999,-0.13396,0.088331,-0.27351,0.28522,0.050262,-0.034607,0.46674,0.55614,0,1.3904,-0.42744,0.079033,0.011153,-0.072657,0.89329,0.22872,0.022465,0.12708,0.31259,0.56793,0.52367,0.23343,-0.1633,0.31487,-0.014906,0.057661,0.054412,0.14885,1.2932,1.5247,0.015912,0.20739,0.33426,0.1553,-0.030568,0.3889,-0.077504,0.37069,-0.45862,-0.041729,0.1359,0.27214,-0.16369,-0.13359,0.041792,1.1004,1.0611,-0.49915,-0.15002,0.0105,0.28162,-0.21226,-0.39646,-0.17564,-0.1471,-0.14435,0.16999,-0.72068,-0.64573,-0.66689,-0.92618,-0.42666,-0.26854,-0.32608,-0.33486,-0.8366,-0.46644,-0.20505,-0.23087,0.064235,-0.073786,0.26941,0.1623,1.2581,0.96239,0.31499,0.14518,-0.4045,-0.64305,0.43076,0.084403,0.57654,0.64785,0.033617,-0.086313,-0.05686,-0.041339,0.19456,0.38088,-0.063758,0.43276,0.47579,0.49554,0.42975,0.39539,-0.17954,-0.2618,0.32706,0.45107,-0.1113,0.41164
-0.081391,0.30792,-0.20039,-0.01003,-0.13339,-0.044536,-0.20974,0.16452,0.18965,-0.13607,0.46306,0.70201,1.3904,0,-0.3775,0.1323,-0.028525,-0.1289,0.8501,0.39359,-0.077416,-0.00010302,0.18597,0.29617,0.44116,0.0517,-0.35952,0.13917,-0.27238,-0.16335,0.12465,0.11487,0.75881,1.0124,-0.054008,0.030363,0.18891,0.10764,-0.16209,0.25316,-0.25833,0.0673,-0.28679,-0.23564,0.33236,0.41331,0.11539,0.09696,0.098122,1.1791,1.1662,-0.3471,-0.14062,-0.063082,0.20711,-0.3955,-0.42364,-0.23561,-0.27376,0.0076068,0.28193,-0.59968,-0.52118,-0.47006,-0.65434,-0.12512,-0.01503,-0.35055,-0.34983,-0.51534,-0.28361,0.095008,0.034688,0.27471,0.15144,0.39915,0.30852,1.1155,1.1766,0.25114,0.32401,-0.36905,-0.45653,0.59765,0.26999,0.62771,0.93034,0.25716,0.011905,0.21847,0.17788,0.29884,0.49884,0.088351,0.56734,0.69466,0.73615,0.53149,0.64269,-0.18208,-0.18844,0.17444,0.36617,-0.24134,0.26531
0.32072,-0.016641,0.62936,0.23378,0.72424,0.42899,0.32051,-0.36207,-0.086516,-0.30373,-0.64161,-0.47143,-0.42744,-0.3775,0,0.5842,0.82142,0.58506,-0.63862,-0.16949,0.7464,0.51944,0.49743,0.090243,-0.5441,-0.36717,0.72576,0.54009,0.033984,-0.19346,-0.20663,-0.3653,-0.33974,-0.39664,-0.52293,-0.44428,-0.61105,-0.57665,-0.077795,-0.37518,0.65859,0.22833,0.15563,0.4186,0.020729,0.089384,0.11511,0.071369,0.41927,-0.43067,-0.3355,0.7382,1.0126,0.77151,0.26951,0.77262,0.4886,0.5277,0.44588,0.51943,0.49155,0.89182,0.80594,1.0217,0.94789,0.39023,0.20326,-0.31995,0.32959,0.21357,0.40413,0.20611,0.12611,-0.05245,-0.030529,-0.26737,-0.48194,-0.49254,-0.57935,-0.59882,-0.52375,0.87699,1.0104,-0.26674,-0.42485,-0.8708,-0.58524,0.086447,0.36222,-0.086429,-0.062914,-0.074425,-0.10408,-0.12419,-0.44931,-0.42219,-0.17778,-0.20292,0.14883,0.73564,0.66918,0.34294,0.31848,0.46128,-0.15085
-0.016626,-0.0017685,0.16886,0.013276,0.39,0.29378,0.04537,-0.42874,-0.12003,-0.6799,-0.49956,-0.32128,0.079033,0.1323,0.5842,0,0.75635,0.82517,-0.298,0.32948,0.66104,0.72098,0.30935,0.33689,-0.095782,-0.65179,0.41848,0.68432,-0.21013,-0.47152,-0.2701,-0.45673,0.058401,0.087827,-0.6764,-0.3725,-0.48999,-0.58311,-0.33235,-0.3793,0.46874,0.17532,-0.1256,0.095073,0.22325,0.20001,0.25143,0.10571,0.54359,-0.11958,-0.16652,0.68892,0.68506,0.76768,0.12168,0.45533,0.26916,0.5721,0.31878,0.28704,0.82412,0.25864,0.27017,0.32482,0.2382,0.2192,0.086518,-0.48231,-0.057736,-0.14955,-0.13382,0.0023561,-0.076473,0.13246,0.01691,-0.19222,-0.36585,-0.10103,-0.12636,-0.6277,-0.37276,0.46688,0.42987,-0.16631,-0.34264,-0.57587,-0.11941,0.40204,0.48591,0.016811,0.0073058,0.51045,0.3838,0.28949,0.25508,0.033522,0.34057,0.16458,0.68151,0.59532,0.72276,0.17877,0.27534,0.16423,0.19728
0.25597,0.079009,0.50104,0.22955,0.84901,0.60706,0.47072,-0.073252,0.014562,-0.31781,-0.35555,-0.27132,0.011153,-0.028525,0.82142,0.75635,0,0.97364,-0.26881,0.22143,0.83937,0.63468,0.73317,0.43097,0.10471,-0.14795,0.64839,0.61116,0.27844,-0.15887,0.15548,-0.083223,0.13172,0.017244,-0.48458,-0.37915,-0.24052,-0.36289,0.018611,-0.13125,0.88377,0.43585,0.11971,0.48396,0.18227,0.16517,0.11091,0.026092,0.54105,-0.11266,-0.16028,0.55175,0.96214,0.76125,0.22107,0.61763,0.61804,0.5663,0.40367,0.38738,0.63998,0.2173,0.22459,0.52142,0.49496,0.24681,0.14789,-0.85681,0.10402,0.067114,0.38205,0.15053,-0.0085354,-0.069785,-0.078869,-0.1256,-0.32008,-0.065296,-0.19895,-0.30255,-0.42348,0.81893,0.66117,-0.37204,-0.672,-0.46273,-0.25128,0.18375,0.53231,-0.14503,-0.21086,0.51067,0.42673,-0.022212,-0.22905,-0.24291,-0.013896,0.14726,0.38513,0.57424,0.61107,0.29381,0.38134,0.46521,0.14755
0.047898,-0.028083,0.15074,-0.11636,0.48627,0.47797,0.14599,-0.29614,-0.15419,-0.56712,-0.49959,-0.46632,-0.072657,-0.1289,0.58506,0.82517,0.97364,0,-0.38627,0.18343,0.7842,0.79307,0.3903,0.40521,0.069543,-0.35604,0.61003,0.63402,0.082327,-0.35404,-0.06017,-0.1984,0.041672,0.061182,-0.55385,-0.35664,-0.38852,-0.49062,-0.14109,-0.28515,0.7529,0.29744,-0.071288,0.27745,0.11029,0.13808,0.059629,-0.082531,0.43049,-0.30625,-0.34134,0.57211,0.7138,0.77128,0.041743,0.79676,0.6455,0.70639,0.52384,0.12418,0.56741,0.33074,0.23835,0.35276,0.30062,0.14505,0.0099662,-0.55139,0.06428,0.005426,0.087823,-0.094385,-0.18102,0.095133,0.028111,-0.32047,-0.56305,-0.17329,-0.36028,-0.49597,-0.53126,0.48547,0.38853,-0.3994,-0.64643,-0.6125,-0.2785,0.23733,0.4331,-0.091193,-0.059183,0.40927,0.34799,-0.11841,-0.11569,-0.27305,0.026012,-0.035927,0.28228,0.59444,0.78026,0.46427,0.41922,0.28809,0.19337
-0.060926,0.16454,-0.14504,0.043338,-0.21803,-0.31242,-0.090258,0.38525,0.28491,0.17515,0.75953,0.89614,0.89329,0.8501,-0.63862,-0.298,-0.26881,-0.38627,0,0.13346,-0.39112,-0.28122,0.098566,0.13068,0.68239,0.50592,-0.36964,0.068913,-0.049757,0.08571,0.21803,0.24805,0.56221,0.58921,0.31299,0.20718,0.52025,0.43077,0.19859,0.59881,-0.3593,0.03629,-0.25687,-0.32399,0.087386,0.14567,-0.21934,-0.064216,-0.22099,1.065,0.81925,-0.88497,-0.32283,-0.33595,0.31844,-0.61588,-0.58891,-0.53052,-0.4429,0.020003,-0.1145,-0.54569,-0.45402,-0.74324,-0.82242,-0.45783,-0.22883,-0.0055678,-0.008948,-0.36368,-0.089184,-0.085368,-0.10601,0.068806,-0.07479,0.62524,0.53987,0.9594,1.0436,0.65003,0.52298,-0.4874,-0.65223,0.83164,0.57091,1.073,0.85123,-0.074829,-0.32008,-0.027539,-0.064824,0.032179,0.12678,-0.12406,0.32467,0.23185,0.13683,0.30067,0.12228,-0.50917,-0.5689,0.12316,0.099035,-0.28222,0.15433
0.39079,0.46396,0.33901,0.50632,0.35747,0.16471,0.37625,0.29783,0.44693,-0.063528,0.47322,0.5621,0.22872,0.39359,-0.16949,0.32948,0.22143,0.18343,0.13346,0,-0.2572,-0.1917,-0.08066,0.047501,0.66216,0.20976,-0.15588,-0.083438,0.027555,0.030059,0.51073,0.43209,0.22522,0.10291,0.19797,0.152,0.33428,0.22998,0.17625,0.41229,-0.07387,0.065641,0.28418,-0.031446,0.88433,0.53065,0.23503,0.014845,0.43171,0.42835,0.16148,0.3416,0.12283,0.030899,-0.14641,-0.32754,0.10701,-0.084461,-0.24879,0.50524,0.63132,-0.54887,-0.3254,-0.24876,0.033675,0.18972,0.1086,-0.09221,-0.10387,0.0038591,-0.0029976,0.31775,0.17114,0.40957,0.16757,0.62972,0.62632,0.40402,0.47383,0.41308,0.62045,0.20934,0.16596,0.21979,0.1214,0.34227,0.63004,0.18576,-0.019632,0.51903,0.35032,0.64834,0.5619,0.82481,0.58657,0.43233,0.54739,0.36723,0.44586,-0.25461,-0.034029,-0.34545,-0.2515,-0.054983,0.046838
0.053658,0.083048,0.048081,-0.26987,0.45654,0.80706,0.11018,-0.13569,-0.14564,-0.22996,-0.6585,-0.53961,0.022465,-0.077416,0.7464,0.66104,0.83937,0.7842,-0.39112,-0.2572,0,1.2943,0.91,0.81082,-0.23089,-0.42477,0.93147,0.96494,0.13528,-0.10375,-0.33034,-0.37258,0.16006,0.25434,-0.81728,-0.20639,-0.46655,-0.42936,-0.11416,-0.31545,1.2194,0.61931,-0.30307,0.53033,-0.19949,0.0039756,-0.042882,-0.07539,0.47033,-0.3635,-0.11105,0.33699,0.73041,1.245,0.35475,1.0135,0.43391,0.61746,0.48683,-0.067696,0.38473,0.4793,0.4156,0.39563,0.28494,-0.012542,-0.08372,-0.7715,0.14015,-0.28583,0.10554,-0.26382,-0.32084,-0.072736,-0.18482,-0.58831,-0.77367,-0.099343,-0.30486,-0.7375,-0.98607,0.43101,0.27924,-0.38507,-0.73823,-0.88431,-0.67334,0.14707,0.44569,-0.29513,-0.21136,0.15438,0.21814,-0.18916,-0.13331,-0.062964,0.071741,-0.059299,0.40639,1.0032,0.91394,0.64181,0.90638,0.30043,0.30603
-0.10194,0.064151,-0.15906,-0.58306,0.42512,0.7746,-0.065269,-0.33971,-0.21183,-0.33449,-0.80997,-0.4786,0.12708,-0.00010302,0.51944,0.72098,0.63468,0.79307,-0.28122,-0.1917,1.2943,0,0.45072,0.73231,-0.14373,-0.39584,0.66069,0.86752,-0.083122,-0.29449,-0.21146,-0.23143,0.26886,0.28088,-0.62447,-0.2709,-0.58397,-0.71207,-0.36845,-0.40681,0.91561,0.58811,-0.13898,0.63992,-0.03281,0.12308,0.12915,0.11239,0.43309,-0.2923,-0.090013,0.18374,0.50575,0.90475,0.21162,1.0292,0.55181,0.78871,0.64589,-0.22797,0.23071,0.35728,0.24316,0.37663,0.069978,0.087301,0.03599,-0.52248,-0.076845,-0.22514,-0.080212,-0.13373,-0.15713,0.078654,0.041408,-0.70424,-1.0036,-0.066175,-0.30258,-0.65863,-0.78767,0.09803,0.062331,-0.21848,-0.6401,-0.59627,-0.37966,0.35063,0.53243,-0.12159,-0.071131,0.15888,0.21302,-0.15445,0.051621,-0.17464,-0.015265,-0.24445,0.30047,1.261,0.92394,0.55446,0.66439,0.10439,0.23007
0.39226,0.37338,0.40562,0.18974,0.45074,0.57573,0.33745,0.36685,0.11372,0.065354,0.015168,-0.0032947,0.31259,0.18597,0.49743,0.30935,0.73317,0.3903,0.098566,-0.08066,0.91,0.45072,0,0.85798,0.1301,0.081779,0.7329,0.92381,0.42913,0.27968,-0.1163,-0.11682,0.37238,0.42534,-0.37828,0.10788,0.046226,0.10467,0.37757,0.25413,0.85241,0.78878,-0.3822,0.33887,-0.1661,-0.015351,-0.33678,-0.33512,0.43324,0.15799,0.27217,0.10095,0.53715,0.749,0.52447,0.34821,0.067421,0.097256,0.04651,0.22722,0.47124,0.15018,0.2657,0.026194,0.18645,-0.28923,-0.28898,-0.83997,0.32767,-0.45588,0.31801,-0.31143,-0.4382,-0.21288,-0.45981,-0.029404,-0.14562,0.29029,0.12321,-0.14044,-0.42044,0.60099,0.27771,-0.070954,-0.34917,-0.30589,-0.28838,-0.20128,0.0449,-0.37749,-0.37637,0.033394,0.15635,-0.27837,-0.23156,0.091824,0.12061,0.18399,0.41781,0.2891,0.30847,0.66636,0.96454,0.33432,0.26454
0.17203,0.48343,-0.13623,-0.33107,0.25286,0.7495,-0.055603,0.30824,0.090542,0.16772,-0.011336,-0.014501,0.56793,0.29617,0.090243,0.33689,0.43097,0.40521,0.13068,0.047501,0.81082,0.73231,0.85798,0,0.2434,0.11244,0.66967,0.91608,0.44098,0.3988,-0.090403,0.027004,0.69351,0.8304,-0.28718,0.31015,0.063161,0.0035867,0.13861,0.22144,0.76069,1.0885,-0.57509,0.44443,-0.065142,0.15234,-0.44862,-0.40267,0.37965,0.14773,0.32808,-0.1043,0.29438,0.79737,0.46844,0.45885,0.068048,0.20206,0.205,-0.062123,0.43301,-0.15096,-0.031672,-0.3109,-0.20273,-0.49403,-0.46236,-0.40991,0.17336,-0.80734,-0.13478,-0.56742,-0.58988,-0.06971,-0.44129,-0.18196,-0.21061,0.50622,0.22277,-0.065703,-0.41438,0.086767,-0.20611,-0.0054417,-0.42609,-0.16875,-0.19075,-0.15549,0.018492,-0.43882,-0.272,0.24049,0.48543,-0.017489,0.19784,0.29628,0.35161,0.17868,0.45849,0.42322,0.45867,0.62518,0.92225,0.21997,0.69842
0.35556,0.55051,0.11256,0.2096,0.20999,0.12519,0.37079,0.69988,0.47783,0.22964,0.81089,0.70462,0.52367,0.44116,-0.5441,-0.095782,0.10471,0.069543,0.68239,0.66216,-0.23089,-0.14373,0.1301,0.2434,0,0.77914,-0.12746,0.015386,0.25029,0.24697,0.7052,0.81125,0.58229,0.41477,0.33677,0.342,0.84244,0.66832,0.50545,0.87543,0.038987,0.293,0.086447,0.041135,0.52038,0.37338,-0.13458,-0.17475,0.26551,0.59244,0.28977,-0.21088,-0.13939,-0.13138,-0.044772,-0.43619,-0.016275,-0.36965,-0.4246,0.023504,0.082705,-0.83236,-0.65716,-0.62115,-0.36977,-0.30215,-0.19974,-0.24059,-0.06648,-0.2043,0.029615,0.020295,-0.13875,0.31399,-0.0073727,0.58986,0.53867,0.71529,0.60521,0.7318,0.48556,-0.074182,-0.24938,0.16448,0.041121,0.65731,0.59806,-0.081782,-0.27373,0.22828,0.13189,0.33318,0.34374,0.18151,0.38934,0.21975,0.14681,0.29448,0.18232,-0.4301,-0.34083,-0.12491,-0.10098,-0.23325,0.1423
0.61633,0.66083,0.24567,0.23004,0.19062,0.14019,0.31555,0.85895,0.49366,0.83633,0.95243,0.66406,0.23343,0.0517,-0.36717,-0.65179,-0.14795,-0.35604,0.50592,0.20976,-0.42477,-0.39584,0.081779,0.11244,0.77914,0,-0.021903,-0.11697,0.57399,0.83903,0.7176,1.1271,0.34592,0.097071,0.70194,0.5893,1.055,0.83308,0.78206,1.1438,-0.05451,0.39619,0.23826,0.29685,0.28513,0.25435,-0.36951,-0.24338,0.042441,0.41095,0.22444,-0.38339,-0.25254,-0.27755,0.030999,-0.38469,-0.080924,-0.49706,-0.32523,0.1188,-0.15642,-0.62311,-0.46322,-0.45832,-0.13563,-0.32567,-0.19475,0.19409,0.15111,-0.077,0.19969,0.058077,0.014453,0.075641,-0.10585,0.54748,0.61741,0.47177,0.33364,1.1197,0.46973,-0.07116,-0.20849,0.23156,0.069276,0.68099,0.31177,-0.45415,-0.52851,0.056766,0.051592,-0.20419,-0.10435,-0.015777,-0.03472,-0.045185,-0.21479,-0.0055856,-0.31729,-0.55649,-0.6146,-0.16015,-0.20252,-0.064926,-0.064956
0.41939,0.26002,0.22365,-0.12886,0.65541,0.66216,0.26092,0.042631,0.23993,0.21408,-0.30847,-0.42513,-0.1633,-0.35952,0.72576,0.41848,0.64839,0.61003,-0.36964,-0.15588,0.93147,0.66069,0.7329,0.66967,-0.12746,-0.021903,0,1.0711,0.64754,0.3454,-0.23986,-0.15814,0.028057,0.0072818,-0.48242,-0.040242,-0.10101,-0.13886,0.21647,-0.027742,1.2588,0.67537,-0.20656,0.5868,-0.10903,0.11246,-0.26588,-0.27324,0.46312,-0.42408,-0.31538,0.3978,0.73353,0.92901,0.29436,0.95883,0.42353,0.49188,0.46315,0.16803,0.32734,0.41915,0.48481,0.32262,0.44321,-0.13519,-0.21716,-0.22068,0.66755,-0.098427,0.18468,-0.29934,-0.31564,0.048848,-0.25658,-0.26009,-0.43,-0.16515,-0.38491,-0.37535,-0.65959,0.63731,0.35721,-0.39254,-0.68225,-0.80666,-0.67208,-0.107,0.16927,-0.31564,-0.089566,-0.044959,0.010096,-0.11291,-0.27745,-0.32525,-0.1927,-0.12034,0.13023,0.63986,0.6126,0.31545,0.41283,0.3108,0.14962
0.20399,0.27797,0.081486,-0.22689,0.45808,0.51244,0.058929,-0.026159,0.10842,-0.10695,-0.21836,-0.16388,0.31487,0.13917,0.54009,0.68432,0.61116,0.63402,0.068913,-0.083438,0.96494,0.86752,0.92381,0.91608,0.015386,-0.11697,1.0711,0,0.23227,0.052589,-0.36037,-0.30909,0.32962,0.40065,-0.5492,-0.048327,-0.16947,-0.24077,0.080297,0.026826,0.88594,0.72481,-0.47314,0.35098,-0.076105,0.1717,-0.26754,-0.25603,0.39539,0.0051748,0.080325,0.13751,0.66135,0.98564,0.53488,0.66901,0.12848,0.39702,0.33762,0.15563,0.49633,0.31197,0.34148,0.07407,0.02609,-0.29534,-0.3239,-0.41593,0.38569,-0.48145,-0.05211,-0.3968,-0.43338,0.052698,-0.26936,-0.13514,-0.3872,0.17196,-0.020874,-0.38603,-0.57202,0.34431,0.10269,0.0035767,-0.41505,-0.46639,-0.26221,0.010101,0.1487,-0.3263,-0.16062,0.037348,0.11093,-0.1867,0.01478,-0.12027,0.07924,0.013735,0.39462,0.56278,0.52489,0.6812,0.78617,0.16996,0.28633
0.45228,0.31703,0.21633,0.11828,0.26727,0.30081,0.26135,0.53469,0.30483,0.66745,0.27767,-0.071552,-0.014906,-0.27238,0.033984,-0.21013,0.27844,0.082327,-0.049757,0.027555,0.13528,-0.083122,0.42913,0.44098,0.25029,0.57399,0.64754,0.23227,0,1.0752,0.26055,0.34681,0.20443,0.072092,0.074764,0.34422,0.5091,0.4538,0.57794,0.43388,0.48386,0.51385,-0.14128,0.34013,-0.10844,-0.049646,-0.55727,-0.50967,0.17084,-0.10574,-0.1565,0.068039,0.13427,0.16929,0.078405,0.24088,0.14492,0.011325,0.086375,0.0895,0.063958,-0.19744,-0.035051,-0.15985,0.17902,-0.37295,-0.35709,-0.0093487,0.56667,-0.041829,0.26833,-0.30583,-0.31334,-0.20358,-0.44802,0.036487,0.11823,0.092411,-0.069171,0.26021,-0.14985,0.44696,0.1224,-0.36106,-0.4189,-0.10952,-0.28928,-0.53468,-0.19122,-0.48017,-0.33978,0.06406,0.11652,-0.047931,-0.3439,-0.18113,-0.24152,0.22047,-0.089914,-0.065071,-0.017386,-0.052735,0.0092649,0.50025,0.30472
0.64137,0.64108,0.1506,0.14528,0.10797,0.23287,0.21141,0.89776,0.44204,1.1936,0.58264,0.24318,0.057661,-0.16335,-0.19346,-0.47152,-0.15887,-0.35404,0.08571,0.030059,-0.10375,-0.29449,0.27968,0.3988,0.24697,0.83903,0.3454,0.052589,1.0752,0,0.15762,0.45408,0.18503,0.11608,0.38643,0.85383,0.69879,0.75478,0.82031,0.74758,0.20397,0.53628,-0.16049,0.25525,-0.054307,0.0033584,-0.73901,-0.65616,0.09716,0.10928,0.12104,-0.15872,-0.15223,6.1584e-06,0.11029,-0.10701,-0.18192,-0.40603,-0.26195,0.08755,-0.045336,-0.3292,-0.078238,-0.46536,-0.0010735,-0.5829,-0.54929,0.29625,0.51915,-0.2765,0.061116,-0.38327,-0.38154,-0.133,-0.57044,0.24931,0.40379,0.23215,0.12365,0.51153,0.10589,0.15452,-0.078219,-0.06092,-0.081699,0.11498,-0.18426,-0.85051,-0.64453,-0.30861,-0.15104,-0.25878,-0.084746,0.10317,-0.084321,0.17525,-0.01979,0.090579,-0.14592,-0.26128,-0.221,-0.087466,-0.0096862,0.166,0.18445
0.29176,0.29704,0.33686,0.368,0.31695,0.18179,0.34085,0.29175,0.31632,0.23066,0.39006,0.42114,0.054412,0.12465,-0.20663,-0.2701,0.15548,-0.06017,0.21803,0.51073,-0.33034,-0.21146,-0.1163,-0.090403,0.7052,0.7176,-0.23986,-0.36037,0.26055,0.15762,0,1.3837,0.20162,-0.083288,0.3451,0.048365,0.40963,0.33326,0.17166,0.41427,-0.078553,0.090844,0.66224,0.28371,0.69218,0.40255,0.22398,0.26204,0.30997,0.19349,0.013617,0.004155,-0.11286,-0.22118,-0.20964,-0.27225,0.31938,-0.13303,-0.14277,0.13408,0.044118,-0.53386,-0.48364,-0.029416,0.15266,0.2905,0.36028,-0.13004,-0.13694,0.36846,0.53991,0.67714,0.5229,0.24875,0.32748,0.24259,0.40108,0.27956,0.22419,0.62203,0.47656,0.066028,0.094012,0.11634,-0.030219,0.56197,0.47135,0.09429,0.02253,0.34806,0.12476,0.36048,0.35045,0.21148,0.059572,-0.060994,-0.13474,0.18027,0.035588,-0.22147,-0.1973,-0.39416,-0.36165,0.10103,-0.0096082
0.50171,0.66072,0.20944,0.19102,0.2705,0.28859,0.28766,0.53857,0.44942,0.5337,0.6175,0.53835,0.14885,0.11487,-0.3653,-0.45673,-0.083223,-0.1984,0.24805,0.43209,-0.37258,-0.23143,-0.11682,0.027004,0.81125,1.1271,-0.15814,-0.30909,0.34681,0.45408,1.3837,0,0.33882,0.062433,0.47911,0.33613,0.68767,0.58082,0.35156,0.67904,-0.059082,0.27278,0.50528,0.38799,0.67307,0.49957,0.045855,0.074475,0.33652,0.24725,0.0986,-0.10388,-0.26566,-0.24013,-0.24347,-0.31218,0.19587,-0.29287,-0.24432,-0.020828,-0.08322,-0.71475,-0.62998,-0.2472,-0.0066397,0.051676,0.13451,0.032019,-0.11037,0.12925,0.26775,0.42106,0.32792,0.38602,0.2747,0.28987,0.43544,0.40459,0.2661,0.79725,0.48565,-0.081484,-0.11242,0.11988,-0.047703,0.60199,0.42153,-0.071925,-0.22842,0.41918,0.30948,0.059466,0.14745,0.18485,0.13457,0.045965,-0.10648,0.043049,-0.087839,-0.32675,-0.35131,-0.3744,-0.32031,-0.076758,-0.043934
0.10104,0.51725,-0.16491,-0.25076,0.070685,0.43267,-0.10857,0.41523,-0.038503,0.045187,0.36096,0.43937,1.2932,0.75881,-0.33974,0.058401,0.13172,0.041672,0.56221,0.22522,0.16006,0.26886,0.37238,0.69351,0.58229,0.34592,0.028057,0.32962,0.20443,0.18503,0.20162,0.33882,0,1.3323,0.066201,0.29087,0.48131,0.24372,0.05687,0.49797,0.1776,0.71469,-0.3055,0.29808,0.081673,0.22949,-0.13764,-0.10237,0.18685,0.63089,0.67317,-0.35847,0.019017,0.19061,0.311,0.055253,-0.014633,0.057329,0.07395,-0.20707,0.12212,-0.78904,-0.67733,-0.56388,-0.64316,-0.34077,-0.20439,-0.41518,-0.32684,-0.72223,-0.3242,-0.22783,-0.23854,0.0040724,-0.057272,0.090359,0.041852,1.1982,0.76107,0.41267,0.13048,-0.27122,-0.56968,0.25588,-0.049687,0.46098,0.42845,0.06556,0.040421,-0.037945,-0.090564,0.25353,0.36361,0.031211,0.35832,0.2495,0.23414,0.26878,0.24408,-0.096541,-0.26084,0.26426,0.31992,0.085481,0.45104
-0.072777,0.3961,-0.43153,-0.39366,-0.16885,0.25671,-0.31718,0.32426,-0.023195,-0.011547,0.32721,0.34784,1.5247,1.0124,-0.39664,0.087827,0.017244,0.061182,0.58921,0.10291,0.25434,0.28088,0.42534,0.8304,0.41477,0.097071,0.0072818,0.40065,0.072092,0.11608,-0.083288,0.062433,1.3323,0,-0.12623,0.27589,0.29664,0.18828,-0.024511,0.31969,0.1083,0.49848,-0.69959,0.020792,-0.038186,0.19448,-0.25749,-0.23729,0.077347,0.64983,0.85129,-0.42685,-0.06014,0.21834,0.35114,0.0052125,-0.27526,-0.054841,-0.030982,-0.30688,0.17777,-0.58908,-0.53409,-0.69948,-0.84445,-0.52589,-0.3807,-0.41357,-0.25446,-1.0546,-0.49515,-0.4441,-0.43779,0.047294,-0.14713,0.06189,0.0095371,1.1467,0.80273,0.16907,-0.031805,-0.38754,-0.72628,0.24788,-0.045512,0.32205,0.34252,0.018701,-0.040314,-0.14849,-0.067481,0.22144,0.44675,-0.066628,0.43741,0.55326,0.56315,0.39483,0.43849,-0.052144,-0.10525,0.47187,0.64894,-0.043385,0.61445
0.2532,0.22402,0.036464,0.1695,-0.083326,-0.1173,0.26682,0.61972,0.069843,0.37499,0.58128,0.71665,0.015912,-0.054008,-0.52293,-0.6764,-0.48458,-0.55385,0.31299,0.19797,-0.81728,-0.62447,-0.37828,-0.28718,0.33677,0.70194,-0.48242,-0.5492,0.074764,0.38643,0.3451,0.47911,0.066201,-0.12623,0,0.81024,0.54136,0.45495,0.58301,0.7252,-0.35806,0.078894,0.45015,0.090893,-0.022895,-0.22186,-0.16065,-0.20354,-0.48188,0.39743,0.30949,-0.55221,-0.42899,-0.62901,-0.072473,-0.4909,-0.011814,-0.34243,-0.21499,0.05234,-0.40944,-0.36347,-0.14049,-0.39479,-0.23827,-0.094488,-0.11252,0.55065,-0.065054,0.093728,-0.015423,0.0062681,-0.0069218,-0.25,-0.14638,0.50947,0.62938,0.16291,0.26064,0.98636,0.87969,-0.36761,-0.26473,0.38627,0.49208,0.75714,0.42505,-0.39702,-0.49481,0.16599,-0.051476,-0.32096,-0.40286,0.16157,0.12537,-0.028854,-0.17213,-0.37321,-0.67189,-0.60479,-0.70667,-0.1785,-0.46399,-0.2541,-0.39469
0.4273,0.64295,-0.065917,0.01071,-0.082667,0.21777,0.2008,1.0538,0.11492,0.49821,0.62082,0.52492,0.20739,0.030363,-0.44428,-0.3725,-0.37915,-0.35664,0.20718,0.152,-0.20639,-0.2709,0.10788,0.31015,0.342,0.5893,-0.040242,-0.048327,0.34422,0.85383,0.048365,0.33613,0.29087,0.27589,0.81024,0,0.61538,0.71358,0.90567,0.96985,0.045851,0.5543,-0.11096,0.18651,-0.14766,-0.19309,-0.59182,-0.71436,-0.14288,0.29658,0.36575,-0.37215,-0.28231,-0.076095,0.12587,-0.26728,-0.16424,-0.37836,-0.29823,-0.080263,-0.081054,-0.34043,-0.064351,-0.76242,-0.29806,-0.58848,-0.64543,0.25597,0.11657,-0.51652,-0.21508,-0.54375,-0.57423,-0.24264,-0.56397,0.3124,0.50242,0.33066,0.30143,0.54282,0.32526,-0.16641,-0.30212,0.19233,0.1367,0.29062,0.056091,-0.71564,-0.74136,-0.10733,-0.17644,-0.27881,-0.2355,0.23554,0.3264,0.36728,0.21933,-0.13079,-0.19975,-0.41062,-0.36503,0.10371,0.027844,-0.11266,0.067432
0.45697,0.52053,0.097306,0.24574,-0.041713,-0.0057079,0.23286,0.99193,0.42605,0.67984,1.3642,0.70403,0.33426,0.18891,-0.61105,-0.48999,-0.24052,-0.38852,0.52025,0.33428,-0.46655,-0.58397,0.046226,0.063161,0.84244,1.055,-0.10101,-0.16947,0.5091,0.69879,0.40963,0.68767,0.48131,0.29664,0.54136,0.61538,0,1.475,0.76651,1.2124,-0.18287,0.22791,-0.0062352,0.0097333,0.13669,0.18278,-0.32152,-0.24109,-0.056364,0.4103,0.22818,-0.30018,-0.20091,-0.26789,0.073674,-0.50613,-0.21863,-0.48185,-0.36674,0.058693,-0.079842,-0.95385,-0.67722,-0.74317,-0.26561,-0.40561,-0.24112,0.09339,0.041018,-0.24154,-0.030462,-0.13147,-0.12656,0.083887,-0.095111,0.70929,0.85495,0.67894,0.64031,1.1332,0.59921,-0.10842,-0.37823,0.1472,0.1718,0.67561,0.37848,-0.2942,-0.40278,0.10048,0.12377,0.015989,0.018086,0.21536,0.17425,0.18154,0.035027,0.25737,-0.18053,-0.97536,-0.95421,-0.31677,-0.30989,-0.13831,0.062118
0.46961,0.48463,0.17226,0.395,-0.12103,-0.084552,0.29351,1.0929,0.43568,0.6818,1.2604,0.62962,0.1553,0.10764,-0.57665,-0.58311,-0.36289,-0.49062,0.43077,0.22998,-0.42936,-0.71207,0.10467,0.0035867,0.66832,0.83308,-0.13886,-0.24077,0.4538,0.75478,0.33326,0.58082,0.24372,0.18828,0.45495,0.71358,1.475,0,0.9141,1.1327,-0.18489,0.13268,-0.097986,-0.15143,0.066178,0.06215,-0.4092,-0.35609,0.0035091,0.28993,0.1775,-0.21938,-0.27676,-0.26124,0.051945,-0.64083,-0.3524,-0.75207,-0.6683,0.036985,-0.095671,-0.62696,-0.41813,-0.76462,-0.16266,-0.4893,-0.35464,0.071004,0.19157,-0.24216,0.095531,-0.19614,-0.23169,0.065464,-0.22687,0.62685,0.91413,0.49898,0.5376,0.82353,0.53134,0.0020699,-0.23065,0.11899,0.25721,0.50269,0.20866,-0.45384,-0.62318,0.061113,0.054417,-0.071634,-0.051378,0.20611,0.15907,0.33918,0.10548,0.314,-0.059903,-0.96476,-0.7834,-0.29323,-0.25135,-0.11135,0.0863
0.87845,0.60947,0.416,0.45075,0.30989,0.19303,0.80514,1.2855,0.42116,0.53425,0.71983,0.49588,-0.030568,-0.16209,-0.077795,-0.33235,0.018611,-0.14109,0.19859,0.17625,-0.11416,-0.36845,0.37757,0.13861,0.50545,0.78206,0.21647,0.080297,0.57794,0.82031,0.17166,0.35156,0.05687,-0.024511,0.58301,0.90567,0.76651,0.9141,0,1.1988,0.26145,0.47328,0.057123,0.18694,-0.018277,-0.072756,-0.61847,-0.74515,0.0095991,0.20774,0.11848,-0.099406,0.080775,0.012572,0.21748,-0.23529,-0.038405,-0.4536,-0.41265,0.27166,0.01061,-0.11559,0.10551,-0.37984,0.058376,-0.50025,-0.5728,0.043198,0.49316,-0.20322,0.18552,-0.31385,-0.48366,-0.13913,-0.57902,0.6351,0.62077,0.16424,0.15622,0.5429,0.28847,0.30003,0.12673,-0.0026437,0.012949,0.14698,-0.079532,-0.79599,-0.70407,-0.091693,-0.13944,-0.25937,-0.30371,0.095931,-0.0077692,0.05758,-0.034908,-0.049782,-0.19926,-0.44105,-0.36636,0.065384,-0.043425,-0.018526,-0.12026
0.78083,0.86937,0.29564,0.36833,0.21503,0.19759,0.49002,1.4302,0.44813,0.52421,1.2585,1.054,0.3889,0.25316,-0.37518,-0.3793,-0.13125,-0.28515,0.59881,0.41229,-0.31545,-0.40681,0.25413,0.22144,0.87543,1.1438,-0.027742,0.026826,0.43388,0.74758,0.41427,0.67904,0.49797,0.31969,0.7252,0.96985,1.2124,1.1327,1.1988,0,0.026,0.54221,0.018715,0.15354,0.20845,0.19138,-0.48737,-0.50422,0.065411,0.60656,0.45905,-0.31049,-0.052594,-0.073141,0.29266,-0.41901,-0.15402,-0.5366,-0.46359,0.24713,0.0719,-0.581,-0.30206,-0.75025,-0.25079,-0.50685,-0.45967,0.050524,0.22076,-0.38971,0.034252,-0.18812,-0.30305,0.031177,-0.33383,0.85368,0.88684,0.71856,0.66081,1.0822,0.65523,-0.0031702,-0.20468,0.37392,0.24453,0.6418,0.37322,-0.52263,-0.67301,0.077689,-0.0017629,-0.094051,-0.064543,0.23424,0.29036,0.23725,0.12946,0.11844,-0.059164,-0.65101,-0.63767,0.018409,-0.07839,-0.060404,0.042457
0.43498,0.34148,0.25694,-0.10307,0.88206,1.0306,0.51436,0.18043,0.10153,0.020228,-0.40283,-0.3241,-0.077504,-0.25833,0.65859,0.46874,0.88377,0.7529,-0.3593,-0.07387,1.2194,0.91561,0.85241,0.76069,0.038987,-0.05451,1.2588,0.88594,0.48386,0.20397,-0.078553,-0.059082,0.1776,0.1083,-0.35806,0.045851,-0.18287,-0.18489,0.26145,0.026,0,0.94462,-0.069933,0.80655,-0.060318,0.026653,-0.1764,-0.29858,0.59053,-0.31376,-0.17611,0.3606,0.73657,0.99424,0.26936,0.96491,0.68027,0.50973,0.38121,0.030602,0.25833,0.38503,0.46277,0.32064,0.3406,-0.09396,-0.23055,-0.53077,0.40944,-0.13885,0.21372,-0.25873,-0.41619,-0.027227,-0.31978,-0.33543,-0.51978,-0.12222,-0.34745,-0.37196,-0.59905,0.59962,0.40185,-0.44149,-0.73747,-0.71591,-0.6106,-0.094073,0.18525,-0.22374,-0.20384,0.067286,0.073466,-0.07092,-0.13785,-0.23706,-0.14897,-0.18165,0.22114,0.83551,0.71815,0.43957,0.49684,0.31956,0.16131
0.60079,0.82487,0.17821,-0.139,0.60636,1.1744,0.32267,0.56815,0.064643,0.22567,0.071202,0.15962,0.37069,0.0673,0.22833,0.17532,0.43585,0.29744,0.03629,0.065641,0.61931,0.58811,0.78878,1.0885,0.293,0.39619,0.67537,0.72481,0.51385,0.53628,0.090844,0.27278,0.71469,0.49848,0.078894,0.5543,0.22791,0.13268,0.47328,0.54221,0.94462,0,-0.13716,0.95498,-0.0014469,0.12789,-0.41333,-0.44562,0.42012,0.13259,0.26957,-0.04257,0.41054,0.7178,0.47725,0.50464,0.3539,0.21621,0.22712,0.038726,0.27045,-0.10348,0.050139,-0.17448,-0.036514,-0.35881,-0.41357,-0.33179,0.18039,-0.58778,-0.020042,-0.37904,-0.48029,-0.12523,-0.42764,-0.061577,-0.13149,0.39781,0.11753,0.15387,-0.18646,0.20486,-0.019539,0.001904,-0.39456,-0.10421,-0.19959,-0.29712,-0.1051,-0.21861,-0.23421,-0.030064,0.067467,0.036178,0.11236,0.012469,0.040707,-0.13649,0.11585,0.32024,0.18937,0.53346,0.51612,0.27479,0.28465
0.25026,0.04215,0.38048,0.30984,0.44619,0.15383,0.5454,-0.0099327,0.17538,0.071435,-0.053923,0.16152,-0.45862,-0.28679,0.15563,-0.1256,0.11971,-0.071288,-0.25687,0.28418,-0.30307,-0.13898,-0.3822,-0.57509,0.086447,0.23826,-0.20656,-0.47314,-0.14128,-0.16049,0.66224,0.50528,-0.3055,-0.69959,0.45015,-0.11096,-0.0062352,-0.097986,0.057123,0.018715,-0.069933,-0.13716,0,0.45025,0.43023,0.12699,0.72557,0.56768,0.069416,-0.10684,-0.22691,0.18191,-0.00081281,-0.30916,-0.43484,-0.092893,0.67336,0.18784,0.14002,0.17067,-0.18558,0.017137,0.037921,0.59548,0.52563,0.95409,0.80681,0.083416,-0.23848,0.95139,0.48855,1.0447,0.86743,0.17834,0.58421,0.11421,0.12331,-0.32236,-0.24415,0.23034,0.38286,0.10528,0.39439,-0.019585,-0.017603,0.15233,0.22502,0.32801,0.27584,0.74158,0.36052,-0.063017,-0.23426,0.19122,-0.12839,-0.3818,-0.41376,-0.49431,-0.39369,0.0058229,-0.093872,-0.52712,-0.59137,-0.2333,-0.87859
0.45296,0.48695,0.1624,-0.22212,0.77859,1.3336,0.39255,0.22047,0.060954,0.2384,-0.23104,-0.061396,-0.041729,-0.23564,0.4186,0.095073,0.48396,0.27745,-0.32399,-0.031446,0.53033,0.63992,0.33887,0.44443,0.041135,0.29685,0.5868,0.35098,0.34013,0.25525,0.28371,0.38799,0.29808,0.020792,0.090893,0.18651,0.0097333,-0.15143,0.18694,0.15354,0.80655,0.95498,0.45025,0,0.09398,0.16591,0.12097,0.08741,0.33871,-0.20768,-0.059592,0.093899,0.39867,0.48222,0.11276,0.68719,0.93743,0.57978,0.60206,-0.053469,0.030349,0.059969,0.10154,0.3858,0.32736,0.2418,0.18004,-0.24108,-0.036445,0.041292,0.21518,0.14796,0.11043,0.0069139,0.097343,-0.28131,-0.3302,-0.0096445,-0.25059,0.018194,-0.23841,0.17331,0.14932,-0.1821,-0.62175,-0.2239,-0.25184,0.090841,0.30779,0.12112,0.046215,-0.098458,-0.089123,0.0059507,-0.11124,-0.34593,-0.30608,-0.52624,-0.19911,0.51326,0.25356,0.1595,0.18761,0.12321,-0.14653
0.49961,0.58547,0.3435,0.3636,0.52826,0.1755,0.29561,0.048671,0.62172,0.0057068,0.30681,0.41212,0.1359,0.33236,0.020729,0.22325,0.18227,0.11029,0.087386,0.88433,-0.19949,-0.03281,-0.1661,-0.065142,0.52038,0.28513,-0.10903,-0.076105,-0.10844,-0.054307,0.69218,0.67307,0.081673,-0.038186,-0.022895,-0.14766,0.13669,0.066178,-0.018277,0.20845,-0.060318,-0.0014469,0.43023,0.09398,0,1.2767,0.30764,0.19441,0.74659,0.28629,0.04989,0.41348,0.10171,0.02997,-0.19624,-0.25875,0.095321,-0.2175,-0.33188,0.37395,0.4229,-0.35162,-0.36145,0.027808,0.11164,0.27062,0.22108,-0.04707,-0.064328,0.12646,0.041354,0.72543,0.46178,0.99812,0.4318,0.45105,0.34789,0.23804,0.21747,0.22697,0.37997,0.13887,0.2372,0.13038,-0.05429,0.25272,0.47315,0.22007,-0.07487,0.71495,0.73201,0.3316,0.41396,0.51961,0.45484,0.25003,0.32872,0.28467,0.48497,-0.0020846,0.07215,-0.37395,-0.25714,-0.12449,-0.023801
