,,,,,,,,,,,,,,,,,,,,,,,,,,,,,,,,,,,,,,,,,,,,,,,,,,,,,,,,,,,,,,,,,,,,,,,,,,,,,,,,,,,,,,,,,,,,,,,,,,,,,,,,
0,0.9312,0.5811,0.38817,0.90615,0.36541,0.99531,0.69164,0.51374,0.44502,0.36798,0.39687,0.0014979,-0.11209,0.21557,-0.004656,0.24096,0.051264,-0.0010925,0.23012,0.0014482,-0.06566,0.32803,0.11911,0.32632,0.47155,0.38758,0.24474,0.47836,0.60302,0.16565,0.33712,0.17948,-0.044138,0.26445,0.34337,0.48636,0.43477,0.79757,0.6232,0.47754,0.53376,0.2851,0.45938,0.38253,0.44594,-0.20864,-0.37438,0.42716,0.17878,0.042974,0.24349,0.27095,0.14257,0.066602,0.097458,0.25417,-0.098531,-0.11315,0.38406,0.1546,-0.13662,0.070761,-0.0082962,0.26689,-0.11083,-0.22122,0.027291,0.4426,-0.014418,0.097303,0.068621,-0.097304,0.29606,-0.13448,0.61566,0.25556,0.13723,0.065196,0.38098,0.28503,0.4395,0.29397,-0.09026,-0.11564,-0.0011691,0.016017,-0.32568,-0.34731,0.27506,0.34197,-0.29786,-0.24392,0.13398,-0.06314,-0.20101,-0.20594,-0.17031,-0.072515,-0.04137,-0.14638,-0.10112,-0.17044,-0.050916,-0.27156
0.9312,0,0.033266,-0.12918,0.54238,0.62255,0.31602,0.85702,0.67844,0.67644,0.62093,0.77656,0.62204,0.44486,-0.24464,0.021154,0.028833,0.061915,0.39153,0.60217,0.00046945,0.18838,0.43534,0.64047,0.73015,0.78395,0.33025,0.52773,0.56925,0.79578,0.40266,0.69202,0.80715,0.53354,0.29552,0.65992,0.675,0.53472,0.60518,0.92438,0.37732,0.93368,0.09458,0.62834,0.63964,0.68763,-0.13765,-0.24669,0.45239,0.59236,0.47981,-0.12219,-0.09774,0.064789,-0.12878,0.013402,0.14227,-0.047445,-0.065103,-0.042044,0.26201,-0.52771,-0.26574,-0.44424,-0.18959,-0.21851,-0.21935,0.039595,0.33426,-0.24562,-0.0094372,-0.0019273,-0.080849,0.59009,0.081669,0.44859,0.32653,0.68005,0.47578,0.51363,0.31588,-0.061291,-0.2989,0.20261,-0.22176,0.32478,0.42372,-0.079966,-0.29031,0.41683,0.41821,-0.17013,0.074268,0.10255,0.31029,0.16608,0.16244,0.03781,0.18064,-0.088032,-0.088723,-0.0015775,0.077504,-0.22428,-0.043173
0.5811,0.033266,0,1.3444,0.77217,0.1761,0.86615,0.07947,0.11489,-0.15188,-0.15806,-0.048956,-0.41491,-0.38091,0.73036,0.21197,0.53583,0.16961,-0.23869,0.074064,0.1297,-0.11087,0.15068,-0.25645,-0.14453,-0.063875,0.22728,-0.028918,-0.032913,-0.0855,-0.15721,-0.17876,-0.24212,-0.46769,-0.094621,-0.28726,-0.077745,-0.072502,0.12951,-0.018845,0.28414,0.014013,0.26803,0.10762,0.012232,0.024818,0.15619,0.1459,0.45044,-0.14143,-0.2945,0.57693,0.73508,0.42205,0.37392,0.18632,0.28497,0.10047,0.011848,1.0606,0.31075,0.25085,0.33359,0.46451,0.7125,0.28827,0.22172,-0.19417,0.14622,0.22834,0.38379,0.23756,0.12602,-0.14463,-0.10229,0.3392,0.11274,-0.1149,-0.11166,0.04064,0.14179,1.1024,0.9883,0.13829,0.33167,-0.19392,-0.17202,0.058094,0.16204,0.078649,-0.0019931,0.15231,-0.065336,0.27145,-0.15823,-0.30817,-0.29278,-0.11426,0.012597,0.07916,-0.0016845,-0.14882,-0.11027,0.40602,-0.10833
0.38817,-0.12918,1.3444,0,0.33951,-0.1735,0.63891,0.11688,0.22386,-0.061379,0.074617,0.073855,-0.42397,-0.27916,0.40758,0.038952,0.22528,-0.078245,-0.08746,0.11292,-0.16887,-0.53702,-0.035747,-0.46629,-0.12682,-0.072832,-0.035474,-0.29302,-0.088207,-0.08106,-0.17348,-0.23744,-0.37625,-0.50104,-0.009399,-0.2666,0.075131,0.12564,0.1152,0.0047504,-0.10601,-0.3249,0.13416,-0.30328,-0.035311,-0.026069,0.11973,0.1606,0.19186,-0.02549,-0.22301,0.45573,0.44283,0.14574,0.30548,-0.20201,-0.037661,-0.17341,-0.27927,1.2473,0.26707,0.08584,0.19166,0.25703,0.59662,0.22641,0.21351,-0.027964,0.1476,0.26633,0.36017,0.21645,0.15477,-0.14349,-0.097305,0.63608,0.43456,-0.043074,0.094653,0.18557,0.40581,0.79471,0.71841,0.23645,0.59702,0.0084017,-0.0077805,0.041389,0.058067,0.084323,0.060414,0.21508,0.0049715,0.39673,-0.088389,-0.063814,-0.12325,0.068811,-0.00046667,-0.24033,-0.21966,-0.38464,-0.28445,0.41091,-0.020747
0.90615,0.54238,0.77217,0.33951,0,0.81193,0.91024,0.21074,0.40641,0.12137,-0.13341,0.017136,-0.13653,-0.15391,0.65833,0.39532,0.67821,0.44036,-0.25485,0.24894,0.48864,0.45448,0.46436,0.24758,0.11292,0.14287,0.68225,0.43078,0.29651,0.17865,0.13517,0.17052,0.10686,-0.12298,-0.15904,-0.11042,-0.025278,-0.11505,0.20425,0.12391,0.90707,0.54331,0.33396,0.72144,0.41238,0.44965,0.13027,0.022169,0.94035,-0.075818,-0.089411,0.52514,0.57296,0.52542,0.15285,0.57961,0.60435,0.31943,0.20389,0.38015,0.34062,0.21773,0.32346,0.4391,0.55626,0.23965,0.11583,-0.25906,0.38276,0.17237,0.38686,0.2793,0.081741,0.3045,0.048824,0.074195,-0.12824,-0.012102,-0.1576,-0.0026393,-0.068743,0.70029,0.60953,-0.090203,-0.24767,-0.32335,-0.18006,0.082473,0.17159,0.26613,0.23758,0.059472,0.047952,0.1805,-0.029822,-0.24567,-0.19595,-0.12749,0.18736,0.49158,0.34838,0.017852,0.082521,0.20154,-0.12582
0.36541,0.62255,0.1761,-0.1735,0.81193,0,0.2361,0.33089,0.17166,0.1912,-0.16101,0.085827,0.21669,0.15562,0.22144,0.31631,0.44971,0.42891,-0.17433,0.36756,0.77573,0.89238,0.54882,0.83829,0.16315,0.174,0.79501,0.61577,0.36008,0.31519,0.17446,0.29147,0.5576,0.39746,-0.12903,0.2123,0.009429,-0.070608,0.084059,0.17823,0.94814,1.0488,0.10383,1.2417,0.22331,0.29802,0.10087,0.06048,0.73084,-0.0023449,0.2277,0.090348,0.4447,0.74064,0.23682,0.82144,0.67629,0.53272,0.53993,-0.10799,0.36358,0.039946,0.14427,0.071817,0.10928,0.13731,0.091569,-0.26507,0.18737,-0.13741,0.23501,0.014073,-0.040742,0.18064,0.055345,-0.22784,-0.11728,0.32985,0.095129,0.048236,-0.1851,0.15918,0.0025406,0.058091,-0.35218,-0.16114,-0.11481,0.18493,0.31433,0.14189,0.038038,0.27355,0.36055,0.20121,0.30271,0.1192,0.20939,0.010736,0.34943,0.46065,0.41576,0.24531,0.42933,0.045752,0.090492
0.99531,0.31602,0.86615,0.63891,0.91024,0.2361,0,0.44723,0.28399,0.11305,0.0403,0.089094,-0.39303,-0.47969,0.42995,0.04675,0.48166,0.28902,-0.17133,0.069801,0.037434,-0.087458,0.26483,-0.14309,0.16535,0.1655,0.14615,0.013841,0.19697,0.1381,0.031514,0.059027,-0.14837,-0.40428,0.15701,0.033696,0.15609,0.16301,0.57951,0.26259,0.50656,0.21973,0.3966,0.28401,0.07156,0.049164,0.040399,-0.12835,0.27324,-0.15126,-0.30574,0.41958,0.35955,0.16682,0.0038991,0.1774,0.46205,0.12658,0.0084689,0.6022,0.09159,0.091269,0.2627,0.30106,0.63104,0.13639,0.015185,-0.22365,0.27977,0.27364,0.33795,0.10138,-0.06557,0.050659,-0.10239,0.32484,0.0096757,-0.16158,-0.19316,0.11532,0.18053,0.74546,0.63509,-0.11102,0.052172,-0.20573,-0.15812,-0.062296,-0.016485,0.25064,0.1828,-0.17365,-0.27577,0.040414,-0.30202,-0.4902,-0.55056,-0.44513,-0.23286,0.11407,0.015245,-0.039689,-0.13578,0.18051,-0.23586
0.69164,0.85702,0.07947,0.11688,0.21074,0.33089,0.44723,0,0.54403,0.8488,0.89475,0.90229,0.40876,0.23291,-0.4478,-0.4157,-0.11923,-0.13808,0.54284,0.38567,-0.18797,-0.22606,0.4011,0.42223,0.7347,0.90725,0.11593,0.1648,0.62537,0.96867,0.28,0.48709,0.58805,0.41927,0.63801,0.993,1.0998,1.063,1.0827,1.2855,0.17071,0.63006,-0.049819,0.28787,0.069011,0.093666,-0.43979,-0.43657,-0.014026,0.57315,0.48579,-0.43546,-0.15482,-0.078776,0.039913,-0.2265,-0.0080241,-0.29852,-0.24021,0.056665,0.016562,-0.58529,-0.24766,-0.71438,-0.23024,-0.45154,-0.38318,0.10336,0.37823,-0.24157,0.14033,-0.31995,-0.34921,0.070908,-0.27338,0.72942,0.69509,0.72792,0.64566,0.95213,0.56698,-0.098497,-0.41769,0.29257,0.097013,0.5621,0.32797,-0.35359,-0.4621,0.085491,0.034944,-0.14438,0.014692,0.085236,0.16786,0.19219,0.051422,0.044385,-0.11649,-0.49833,-0.43881,0.04921,0.028826,-0.067899,0.064196
0.51374,0.67844,0.11489,0.22386,0.40641,0.17166,0.28399,0.54403,0,0.93841,0.69444,0.66528,0.24146,0.40185,-0.2103,-0.089739,-0.12279,-0.12259,0.44885,0.6414,-0.18663,-0.15152,0.23294,0.26813,0.52985,0.6046,0.20515,0.2112,0.40001,0.55675,0.34506,0.41759,0.16797,0.12279,0.13829,0.1914,0.51348,0.45794,0.32089,0.4963,0.01023,0.13739,0.062134,0.049562,0.68023,0.65122,0.0075713,0.031299,0.37301,0.55542,0.39122,-0.04968,-0.26167,-0.17476,-0.21318,-0.35838,-0.17132,-0.382,-0.50348,0.1955,0.2049,-0.31641,-0.10033,-0.2233,0.06985,-0.035463,0.021612,0.25211,0.62851,0.18353,0.37443,0.24495,0.16591,0.7577,0.19894,0.71697,0.65101,0.45346,0.48939,0.48435,0.47626,0.024504,-0.10937,0.33571,0.038172,0.36129,0.46565,0.048929,-0.23444,0.45655,0.57776,-0.021026,0.24759,0.24832,0.25553,0.40661,0.24063,0.32558,0.2832,-0.17273,-0.034103,-0.40146,-0.078693,-0.097753,-0.0060765
0.44502,0.67644,-0.15188,-0.061379,0.12137,0.1912,0.11305,0.8488,0.93841,0,0.88518,0.78694,0.28762,0.2983,-0.51806,-0.52473,-0.32797,-0.40505,0.49364,0.4233,-0.30178,-0.20834,0.23188,0.40595,0.60084,1.1508,0.17499,0.1562,0.75233,1.2812,0.60019,0.76767,0.30877,0.17831,0.57017,0.65594,0.8557,0.7898,0.65353,0.8418,-0.043666,0.37695,0.20335,0.30288,0.41208,0.31974,-0.26875,-0.15302,-0.019104,0.51871,0.49458,-0.51889,-0.50599,-0.38983,-0.25157,-0.39987,-0.13281,-0.44097,-0.3196,-0.13642,-0.097899,-0.47581,-0.19632,-0.4599,-0.082987,-0.19343,-0.092779,0.47514,0.59135,0.12514,0.37639,0.10332,0.11318,0.33772,0.0093863,0.53491,0.73281,0.43931,0.44344,0.88904,0.49154,-0.29661,-0.44109,0.18651,-0.13085,0.60313,0.37259,-0.30528,-0.43873,0.17392,0.19517,-0.26402,0.063434,0.020374,0.035248,0.25535,0.060492,0.18819,-0.070105,-0.37541,-0.24223,-0.2997,-0.16412,-0.31749,-0.16653
0.36798,0.62093,-0.15806,0.074617,-0.13341,-0.16101,0.0403,0.89475,0.69444,0.88518,0,1.2885,0.63353,0.60064,-0.80637,-0.44697,-0.45155,-0.4227,0.98414,0.53802,-0.66526,-0.56865,0.16515,0.17991,0.90295,1.0878,-0.15077,0.058208,0.57013,0.76939,0.56114,0.65741,0.54996,0.39265,0.66947,0.68358,1.6879,1.3283,0.70661,1.2683,-0.36905,0.18477,-0.007811,-0.10475,0.38186,0.27438,-0.29723,-0.24513,-0.1772,1.0554,0.62887,-0.49811,-0.6671,-0.65939,-0.30352,-0.85798,-0.40214,-0.59615,-0.56978,-0.067769,-0.013404,-0.89447,-0.54479,-0.86673,-0.35264,-0.35363,-0.21621,0.28965,0.31948,-0.05821,0.13626,-0.0022189,0.0064075,0.30284,0.042462,1.006,1.066,0.76397,0.9036,1.2115,0.89305,-0.3324,-0.58741,0.30448,0.060699,1.0537,0.88271,-0.25927,-0.54749,0.2338,0.1761,-0.19735,0.0090593,0.014291,0.11571,0.2815,0.12923,0.38064,-0.072175,-1.0472,-0.76819,-0.29787,-0.31271,-0.19804,-0.052599
0.39687,0.77656,-0.048956,0.073855,0.017136,0.085827,0.089094,0.90229,0.66528,0.78694,1.2885,0,0.68371,0.76344,-0.68656,-0.39578,-0.45892,-0.42354,1.0548,0.60221,-0.49074,-0.3195,0.21153,0.26234,0.80618,0.9869,-0.094827,0.16114,0.34921,0.60803,0.55292,0.70403,0.67455,0.45813,0.68548,0.70096,1.0569,0.99502,0.58631,1.2541,-0.25009,0.34113,0.12503,0.10277,0.41989,0.3129,-0.064366,-0.0086142,-0.029912,1.1849,0.90026,-0.6067,-0.48593,-0.41981,-0.16405,-0.62875,-0.20423,-0.42679,-0.41104,-0.071298,-0.00094193,-0.66799,-0.33774,-0.71313,-0.34512,-0.1494,-0.028196,0.25212,0.30976,-0.030723,0.25055,0.13209,0.132,0.38774,0.1883,0.87639,0.97849,0.96198,1.1335,1.1593,1.0809,-0.40885,-0.61049,0.66957,0.23534,1.2016,1.0807,-0.046907,-0.39814,0.47351,0.25464,-0.23459,-0.0079089,0.059499,0.30072,0.29631,0.15639,0.22634,0.046967,-0.71269,-0.61543,-0.18176,-0.17436,-0.32071,-0.17489
0.0014979,0.62204,-0.41491,-0.42397,-0.13653,0.21669,-0.39303,0.40876,0.24146,0.28762,0.63353,0.68371,0,1.3871,-0.5448,0.0055441,-0.09986,-0.042465,0.97151,0.35204,0.026469,0.20217,0.52027,0.73021,0.66356,0.50447,0.057714,0.53859,0.304,0.32949,0.33278,0.43006,1.4091,1.5318,0.051535,0.3772,0.5465,0.41364,0.14793,0.59196,-0.016001,0.53154,-0.39037,0.14277,0.28667,0.38284,-0.17841,-0.10129,0.089133,1.1145,0.98544,-0.57864,-0.32965,-0.088543,-0.033715,-0.2084,-0.29715,-0.14393,-0.11281,-0.37496,0.22223,-0.67403,-0.60055,-0.75726,-0.79141,-0.40051,-0.20993,-0.23952,-0.015538,-0.57241,-0.11847,-0.14187,-0.1134,0.27666,0.098327,0.22215,0.24951,1.2459,0.94038,0.39293,0.13123,-0.46932,-0.86121,0.34978,-0.17259,0.61905,0.69534,0.053968,-0.1135,0.04385,0.0079598,0.051207,0.32294,-0.19926,0.30872,0.42268,0.44436,0.45089,0.37557,-0.28498,-0.23481,0.31185,0.42531,-0.19962,0.24887
-0.11209,0.44486,-0.38091,-0.27916,-0.15391,0.15562,-0.47969,0.23291,0.40185,0.2983,0.60064,0.76344,1.3871,0,-0.5064,0.0576,-0.21605,-0.13353,0.8877,0.48959,0.0099426,0.15164,0.4047,0.5707,0.53226,0.36231,0.083517,0.47267,0.18217,0.1934,0.38754,0.40505,0.9205,1.1101,-0.038849,0.19145,0.43096,0.36756,-0.033431,0.42893,-0.16004,0.26933,-0.27727,0.0092574,0.42881,0.47281,0.068457,0.16801,0.17071,1.107,1.1691,-0.47895,-0.33339,-0.13202,-0.051182,-0.30289,-0.31074,-0.17181,-0.18675,-0.36105,0.26573,-0.48134,-0.39611,-0.53922,-0.55763,-0.11168,0.055702,-0.14729,0.091963,-0.27307,0.098176,0.12288,0.1461,0.47649,0.33758,0.26885,0.39718,1.1236,1.1346,0.36563,0.27384,-0.48682,-0.72489,0.46246,-0.067748,0.64612,0.88307,0.25852,0.01818,0.25573,0.16942,0.14311,0.43377,-0.048988,0.4344,0.63882,0.6587,0.6732,0.60701,-0.28315,-0.16725,0.087916,0.29928,-0.294,0.12006
0.21557,-0.24464,0.73036,0.40758,0.65833,0.22144,0.42995,-0.4478,-0.2103,-0.51806,-0.80637,-0.68656,-0.5448,-0.5064,0,0.59619,0.7455,0.36404,-0.78521,-0.37762,0.66243,0.34868,0.20118,-0.19801,-0.7563,-0.64545,0.4004,0.12088,-0.26663,-0.42189,-0.53964,-0.66734,-0.4752,-0.46033,-0.53434,-0.60052,-0.73964,-0.80462,-0.27025,-0.62105,0.52617,-0.030734,0.071717,0.18745,-0.24389,-0.095716,0.16403,0.096312,0.35154,-0.50644,-0.38148,0.79679,0.95965,0.6548,0.44504,0.75104,0.34027,0.46741,0.40221,0.58211,0.26143,0.87237,0.75192,1.2089,0.78771,0.3483,0.16596,-0.35706,-0.0063011,0.086566,0.083275,0.10499,0.00051916,-0.2745,-0.1721,-0.26984,-0.56491,-0.5683,-0.61317,-0.67299,-0.54552,0.94383,1.2773,-0.26223,-0.07471,-1.0083,-0.73117,0.085571,0.43668,-0.16734,-0.08448,0.03388,-0.16379,0.094034,-0.27625,-0.31744,-0.17358,-0.24589,0.048978,0.77574,0.4704,0.25397,0.25877,0.44142,-0.076772
-0.004656,0.021154,0.21197,0.038952,0.39532,0.31631,0.04675,-0.4157,-0.089739,-0.52473,-0.44697,-0.39578,0.0055441,0.0576,0.59619,0,0.70036,0.7794,-0.35245,0.23601,0.6567,0.68786,0.36166,0.30306,-0.13162,-0.49706,0.38313,0.5509,-0.11244,-0.35894,-0.19071,-0.32091,0.019318,0.0606,-0.69338,-0.31125,-0.44567,-0.51381,-0.30613,-0.33659,0.52197,0.18589,-0.17837,0.12056,0.15908,0.15393,0.23419,0.099247,0.60329,-0.23189,-0.21529,0.79818,0.47483,0.62634,0.078228,0.55653,0.26892,0.65773,0.38646,0.24183,0.9908,0.28925,0.32697,0.33757,0.37004,0.21575,0.081735,-0.51989,-0.0022992,-0.14138,-0.035647,-0.03662,-0.098986,0.09304,-0.010923,-0.34617,-0.40269,-0.12218,-0.17156,-0.65505,-0.46793,0.60955,0.51167,-0.15789,-0.29643,-0.70346,-0.20703,0.38322,0.5306,-0.024719,-0.041319,0.48278,0.35371,0.26641,0.21422,0.072167,0.35338,0.16087,0.65679,0.64462,0.78165,0.2004,0.33629,0.23729,0.25229
0.24096,0.028833,0.53583,0.22528,0.67821,0.44971,0.48166,-0.11923,-0.12279,-0.32797,-0.45155,-0.45892,-0.09986,-0.21605,0.7455,0.70036,0,1.1145,-0.36219,0.063495,0.68177,0.56813,0.63862,0.3011,0.0087499,-0.19562,0.39123,0.41194,0.19429,-0.17435,-0.027587,-0.13892,0.045904,-0.047533,-0.55375,-0.40988,-0.29824,-0.37398,0.0019841,-0.20594,0.93112,0.35232,0.056535,0.41128,0.023948,0.052668,0.12831,0.031451,0.46622,-0.3447,-0.39523,0.65787,0.66922,0.63605,0.083906,0.81564,0.63859,0.7429,0.6263,0.37044,0.68517,0.17907,0.18625,0.50631,0.60598,0.22713,0.14474,-0.95406,0.01329,0.048488,0.2512,0.030309,-0.07398,-0.13548,-0.11065,-0.3102,-0.52156,-0.15599,-0.3431,-0.45183,-0.60287,1.071,0.73245,-0.37396,-0.43243,-0.63466,-0.38233,0.21822,0.61595,-0.20609,-0.23522,0.41489,0.33635,-0.13136,-0.36478,-0.39568,-0.14888,-0.025012,0.2965,0.66549,0.68671,0.36156,0.45699,0.34609,0.18944
0.051264,0.061915,0.16961,-0.078245,0.44036,0.42891,0.28902,-0.13808,-0.12259,-0.40505,-0.4227,-0.42354,-0.042465,-0.13353,0.36404,0.7794,1.1145,0,-0.30229,0.27803,0.52652,0.66517,0.41055,0.38848,0.18465,-0.19263,0.28627,0.43458,0.1731,-0.23124,0.029413,-0.061117,0.097957,0.05608,-0.41137,-0.20153,-0.31845,-0.37517,-0.020082,-0.16821,0.85216,0.34077,0.0043622,0.33359,0.077736,-0.031817,0.15431,-0.059237,0.38354,-0.34027,-0.39758,0.58591,0.34789,0.47535,-0.18841,0.81879,0.77208,0.93657,0.68294,0.069501,0.61604,0.13565,0.17087,0.27237,0.35136,0.17374,0.033786,-0.68807,0.027919,0.090974,0.12248,-0.13325,-0.22752,0.014624,-0.028148,-0.46626,-0.58041,-0.15503,-0.34641,-0.52827,-0.53959,0.64466,0.43245,-0.3291,-0.46059,-0.58622,-0.20379,0.29656,0.51884,-0.079485,-0.18462,0.45047,0.38711,-0.11453,-0.11438,-0.31577,-0.03502,-0.030615,0.32293,0.65412,0.88639,0.39647,0.40767,0.25697,0.27085
-0.0010925,0.39153,-0.23869,-0.08746,-0.25485,-0.17433,-0.17133,0.54284,0.44885,0.49364,0.98414,1.0548,0.97151,0.8877,-0.78521,-0.35245,-0.36219,-0.30229,0,0.32484,-0.4142,-0.22722,0.31751,0.32118,0.83856,0.77821,-0.22689,0.24,0.24557,0.35649,0.43307,0.47167,0.66147,0.60588,0.35669,0.39761,0.72035,0.7055,0.37348,0.80638,-0.31867,0.19165,-0.22256,-0.1747,0.23494,0.16723,-0.22876,-0.069255,-0.17004,1.2503,0.79517,-0.8597,-0.64707,-0.47344,-0.16702,-0.74087,-0.519,-0.55633,-0.55942,-0.17835,-0.042713,-0.62534,-0.47092,-0.87557,-0.65144,-0.43571,-0.19695,0.040839,0.21285,-0.20251,0.16147,-0.064045,-0.043422,0.23164,0.04067,0.56857,0.58662,0.92866,0.9795,0.68233,0.51804,-0.4851,-0.777,0.62704,0.19667,1.1065,0.92533,-0.070243,-0.40275,0.082252,-0.037408,-0.15295,0.095193,-0.27339,0.14699,0.2454,0.10328,0.3434,0.12341,-0.61797,-0.47657,0.093797,0.095439,-0.23363,0.09065
0.23012,0.60217,0.074064,0.11292,0.24894,0.36756,0.069801,0.38567,0.6414,0.4233,0.53802,0.60221,0.35204,0.48959,-0.37762,0.23601,0.063495,0.27803,0.32484,0,-0.20642,0.02102,0.17633,0.47218,0.7764,0.56897,0.11231,0.29717,0.5036,0.39431,0.66051,0.63952,0.48349,0.24458,0.21217,0.33556,0.50988,0.40442,0.22935,0.56273,0.036605,0.33202,0.21679,0.23492,0.7656,0.40441,0.24422,0.1841,0.35865,0.39479,0.22037,0.1164,-0.24296,-0.076524,-0.44191,-0.12409,0.23938,0.18551,0.053805,0.0721,0.68851,-0.55784,-0.24728,-0.36135,0.11444,0.22129,0.23606,0.10015,0.32524,0.25261,0.39617,0.23159,0.24366,0.50755,0.34399,0.32987,0.58977,0.54813,0.53715,0.45627,0.51959,0.088412,-0.13996,0.35112,-0.079254,0.40504,0.72571,0.34715,0.12753,0.48172,0.22341,0.44791,0.60777,0.38745,0.41097,0.2811,0.37381,0.4676,0.42047,-0.24188,0.087239,-0.40992,-0.1892,0.012929,0.14223
0.0014482,0.00046945,0.1297,-0.16887,0.48864,0.77573,0.037434,-0.18797,-0.18663,-0.30178,-0.66526,-0.49074,0.026469,0.0099426,0.66243,0.6567,0.68177,0.52652,-0.4142,-0.20642,0,1.2109,0.6471,0.55858,-0.29005,-0.44701,0.96727,0.69014,0.024514,-0.13322,-0.28522,-0.2909,0.12615,0.29054,-0.82823,-0.27596,-0.49348,-0.45977,-0.2314,-0.36294,1.0488,0.46612,-0.32051,0.457,-0.14653,0.07942,-0.053579,-0.057635,0.63361,-0.31446,0.0052131,0.26011,0.87502,1.1983,0.60565,1.0973,0.33113,0.44782,0.43883,-0.09864,0.33731,0.58217,0.46942,0.36076,0.1181,-0.020833,-0.085945,-0.61498,0.11329,-0.34897,0.045474,-0.18757,-0.2794,-0.064433,-0.21688,-0.53039,-0.55441,-0.05297,-0.22215,-0.57286,-0.90447,0.34679,0.27055,-0.28596,-0.43053,-0.76078,-0.65541,0.068055,0.38963,-0.32412,-0.22589,0.32236,0.28801,-0.0068844,0.09749,0.090511,0.264,0.091674,0.55745,0.85681,0.72065,0.61251,0.82571,0.064555,0.17136
-0.06566,0.18838,-0.11087,-0.53702,0.45448,0.89238,-0.087458,-0.22606,-0.15152,-0.20834,-0.56865,-0.3195,0.20217,0.15164,0.34868,0.68786,0.56813,0.66517,-0.22722,0.02102,1.2109,0,0.56163,0.78815,-0.011309,-0.19295,0.69583,0.85409,0.068567,-0.10631,0.035783,0.031285,0.33448,0.36603,-0.55207,-0.13432,-0.44262,-0.48359,-0.2364,-0.21633,0.99704,0.68446,-0.083338,0.73244,0.13243,0.18304,0.10199,0.066704,0.61286,-0.21269,0.043057,0.13002,0.37639,0.71449,0.15281,1.0168,0.51619,0.64226,0.59619,-0.36548,0.31213,0.34271,0.28309,0.24157,0.016609,0.075581,0.018802,-0.5109,0.061384,-0.21156,0.061775,-0.053013,-0.12305,0.14165,0.02208,-0.78792,-0.69515,0.005628,-0.21494,-0.5053,-0.76687,0.10028,0.058794,-0.19911,-0.61141,-0.5039,-0.31636,0.23072,0.41179,-0.10037,-0.15229,0.22549,0.30577,-0.12233,0.14843,-0.022163,0.16373,0.0025001,0.53336,1.025,0.92404,0.57492,0.68699,-0.093608,0.11156
0.32803,0.43534,0.15068,-0.035747,0.46436,0.54882,0.26483,0.4011,0.23294,0.23188,0.16515,0.21153,0.52027,0.4047,0.20118,0.36166,0.63862,0.41055,0.31751,0.17633,0.6471,0.56163,0,0.92575,0.3876,0.29305,0.66992,1.1761,0.57344,0.35705,0.21005,0.17051,0.56213,0.52921,-0.22033,0.15597,0.22123,0.19328,0.45127,0.40358,0.79032,0.85741,-0.21339,0.47459,0.070112,0.12691,-0.25601,-0.23123,0.31676,0.33002,0.39492,-0.10934,0.23494,0.36222,0.17228,0.33706,0.14266,0.19514,0.1896,-0.0098639,0.5091,0.019502,0.18093,-0.083248,0.060829,-0.21916,-0.18384,-0.63748,0.46462,-0.26543,0.40003,-0.16759,-0.26126,0.014859,-0.24923,0.059986,-0.020186,0.39055,0.25209,0.035918,-0.28571,0.31869,0.020992,-0.039533,-0.48083,-0.095573,-0.015334,-0.088608,0.11076,-0.23727,-0.31835,0.051801,0.21723,-0.32408,-0.15755,-0.012342,0.11091,0.24509,0.42146,0.19514,0.26281,0.63601,0.71614,-0.057286,0.053187
0.11911,0.64047,-0.25645,-0.46629,0.24758,0.83829,-0.14309,0.42223,0.26813,0.40595,0.17991,0.26234,0.73021,0.5707,-0.19801,0.30306,0.3011,0.38848,0.32118,0.47218,0.55858,0.78815,0.92575,0,0.54701,0.41705,0.66234,1.1235,0.66546,0.58619,0.35265,0.42299,0.85519,0.87078,-0.12071,0.44084,0.24909,0.20872,0.27981,0.44094,0.66856,1.161,-0.28455,0.63329,0.26322,0.27113,-0.29162,-0.23952,0.38411,0.31091,0.47214,-0.27327,0.021034,0.38186,0.052163,0.36732,0.16997,0.21042,0.25086,-0.34612,0.51434,-0.21125,-0.042936,-0.43893,-0.26021,-0.31854,-0.26586,-0.23436,0.41656,-0.39184,0.16525,-0.28982,-0.30004,0.1919,-0.18191,-0.11504,0.057833,0.59929,0.36061,0.12042,-0.24394,-0.07788,-0.3982,0.067485,-0.53798,0.058525,0.088642,-0.053678,0.023698,-0.19744,-0.23877,0.27484,0.58529,-0.065805,0.29208,0.31179,0.46303,0.38726,0.60716,0.22126,0.42344,0.4499,0.64143,-0.16191,0.31018
0.32632,0.73015,-0.14453,-0.12682,0.11292,0.16315,0.16535,0.7347,0.52985,0.60084,0.90295,0.80618,0.66356,0.53226,-0.7563,-0.13162,0.0087499,0.18465,0.83856,0.7764,-0.29005,-0.011309,0.3876,0.54701,0,1.1036,0.0056791,0.35063,0.73936,0.59245,0.96677,1.0615,0.81082,0.49191,0.39272,0.51801,0.99231,0.88226,0.65582,1.1028,0.11157,0.52208,0.12186,0.21805,0.6286,0.35034,-0.14297,-0.16889,0.14676,0.61869,0.32162,-0.32691,-0.51786,-0.34918,-0.51501,-0.32403,0.09672,-0.14235,-0.20316,-0.26234,0.15905,-0.87222,-0.55824,-0.74493,-0.27233,-0.24517,-0.13659,-0.098862,0.31671,0.039985,0.30675,0.023781,-0.034598,0.45846,0.14123,0.36712,0.42368,0.68847,0.56766,0.7137,0.4532,-0.1628,-0.47229,0.11559,-0.24114,0.69048,0.75659,-0.031859,-0.24778,0.25426,0.062251,0.065766,0.28923,-0.1688,0.07243,0.011155,-0.028967,0.28488,0.15487,-0.39609,-0.16436,-0.091769,-0.11285,-0.26144,0.047251
0.47155,0.78395,-0.063875,-0.072832,0.14287,0.174,0.1655,0.90725,0.6046,1.1508,1.0878,0.9869,0.50447,0.36231,-0.64545,-0.49706,-0.19562,-0.19263,0.77821,0.56897,-0.44701,-0.19295,0.29305,0.41705,1.1036,0,0.053095,0.23188,0.91272,1.0697,0.95109,1.167,0.63131,0.26865,0.79527,0.73536,1.1706,0.92165,0.84757,1.3901,-0.018675,0.56162,0.30995,0.39156,0.4876,0.24555,-0.27795,-0.20196,-0.052873,0.70317,0.45116,-0.56062,-0.6008,-0.51081,-0.4031,-0.38528,0.013245,-0.29756,-0.20697,-0.18981,-0.079038,-0.70695,-0.40538,-0.611,-0.19638,-0.23342,-0.12096,0.28661,0.44405,0.13449,0.39307,0.10227,0.090197,0.25149,0.042497,0.51443,0.62786,0.5675,0.48255,1.1657,0.58842,-0.25207,-0.46901,0.21695,-0.17444,0.88967,0.63685,-0.2967,-0.44893,0.16889,-0.002673,-0.25578,0.001977,-0.17926,-0.08298,-0.066807,-0.19106,0.16435,-0.17409,-0.53734,-0.40281,-0.16993,-0.24976,-0.2247,-0.164
0.38758,0.33025,0.22728,-0.035474,0.68225,0.79501,0.14615,0.11593,0.20515,0.17499,-0.15077,-0.094827,0.057714,0.083517,0.4004,0.38313,0.39123,0.28627,-0.22689,0.11231,0.96727,0.69583,0.66992,0.66234,0.0056791,0.053095,0,0.93453,0.53427,0.41137,0.071943,0.12428,0.18171,0.22073,-0.35349,0.052223,-0.035032,-0.008301,0.19079,0.090412,0.93672,0.65872,-0.10465,0.58058,0.20409,0.29354,-0.29093,-0.3124,0.75345,-0.069729,0.13692,0.16307,0.60744,0.70752,0.43514,0.66201,0.2632,0.12177,0.16758,-0.11969,0.3052,0.44836,0.50829,0.13058,0.12788,-0.13522,-0.226,-0.11043,0.676,-0.14741,0.26349,-0.063762,-0.19245,0.16714,-0.23913,-0.065098,-0.040559,0.024901,-0.10534,-0.085823,-0.41021,0.34564,0.23339,-0.28295,-0.563,-0.4106,-0.3874,-0.29529,-0.054083,-0.21479,-0.13836,0.13009,0.16991,0.047807,0.088455,0.06696,0.22521,0.28318,0.48593,0.35616,0.40799,0.23957,0.31806,-0.14656,-0.11525
0.24474,0.52773,-0.028918,-0.29302,0.43078,0.61577,0.013841,0.1648,0.2112,0.1562,0.058208,0.16114,0.53859,0.47267,0.12088,0.5509,0.41194,0.43458,0.24,0.29717,0.69014,0.85409,1.1761,1.1235,0.35063,0.23188,0.93453,0,0.53156,0.35456,0.24974,0.25932,0.54033,0.54432,-0.30247,0.18777,0.070259,0.073542,0.30453,0.32694,0.80087,0.92391,-0.21495,0.52,0.31936,0.31266,-0.24087,-0.28228,0.50492,0.24851,0.3344,-0.053747,0.19763,0.42482,0.093429,0.42353,0.12567,0.19788,0.1727,-0.2339,0.53474,0.15739,0.2739,-0.14861,-0.0993,-0.24907,-0.27298,-0.31944,0.59858,-0.29066,0.20768,-0.13755,-0.23094,0.2742,-0.14691,-0.066384,-0.078898,0.27663,0.1276,-0.1144,-0.38681,0.16596,-0.047716,-0.056847,-0.63869,-0.18731,-0.0079008,-0.10625,-0.037425,-0.14734,-0.20252,0.029373,0.20045,-0.25076,0.081806,0.023247,0.24871,0.29199,0.64164,0.29652,0.441,0.52383,0.56045,-0.28038,-0.027518
0.47836,0.56925,-0.032913,-0.088207,0.29651,0.36008,0.19697,0.62537,0.40001,0.75233,0.57013,0.34921,0.304,0.18217,-0.26663,-0.11244,0.19429,0.1731,0.24557,0.5036,0.024514,0.068567,0.57344,0.66546,0.73936,0.91272,0.53427,0.53156,0,1.2106,0.81687,0.84884,0.46379,0.25357,0.28129,0.50902,0.72154,0.62628,0.79995,0.77651,0.37047,0.67408,0.13508,0.48455,0.42096,0.25009,-0.45453,-0.4808,0.14067,0.27283,0.19231,-0.16199,-0.15966,-0.10871,-0.24568,0.052001,0.16945,-0.029663,0.055563,-0.1966,0.22155,-0.3263,-0.11627,-0.3719,0.021445,-0.25603,-0.25356,0.078242,0.73106,0.10286,0.43492,-0.020755,-0.079216,0.17431,-0.15251,0.2355,0.35553,0.2584,0.14366,0.52759,0.074804,0.095901,-0.14875,-0.28256,-0.69887,0.20267,0.14289,-0.44675,-0.26986,-0.1467,-0.18891,0.017276,0.20314,-0.21069,-0.2353,-0.12043,-0.052605,0.31832,0.038668,-0.25098,-0.013689,-0.014735,-0.074515,-0.12486,-0.06821
0.60302,0.79578,-0.0855,-0.08106,0.17865,0.31519,0.1381,0.96867,0.55675,1.2812,0.76939,0.60803,0.32949,0.1934,-0.42189,-0.35894,-0.17435,-0.23124,0.35649,0.39431,-0.13322,-0.10631,0.35705,0.58619,0.59245,1.0697,0.41137,0.35456,1.2106,0,0.52381,0.74788,0.42891,0.2826,0.52742,0.91973,0.88924,0.84089,0.92071,0.99396,0.1696,0.66032,0.044454,0.41323,0.31518,0.2619,-0.611,-0.54761,0.048677,0.42144,0.39371,-0.4106,-0.24103,-0.13913,-0.069458,-0.16715,-0.083635,-0.34134,-0.19222,-0.12916,0.041021,-0.40638,-0.13083,-0.61497,-0.16913,-0.45084,-0.41013,0.42881,0.70611,-0.11072,0.20028,-0.15683,-0.16537,0.16947,-0.27576,0.48821,0.64253,0.407,0.33012,0.79387,0.29827,-0.14592,-0.37404,0.01317,-0.28886,0.39708,0.17647,-0.62619,-0.60406,-0.091202,-0.035974,-0.19561,0.043764,-0.0029872,0.028759,0.14072,0.076369,0.19151,-0.061585,-0.39126,-0.22247,-0.095675,-0.10496,-0.23184,-0.075007
0.16565,0.40266,-0.15721,-0.17348,0.13517,0.17446,0.031514,0.28,0.34506,0.60019,0.56114,0.55292,0.33278,0.38754,-0.53964,-0.19071,-0.027587,0.029413,0.43307,0.66051,-0.28522,0.035783,0.21005,0.35265,0.96677,0.95109,0.071943,0.24974,0.81687,0.52381,0,1.6806,0.50172,0.14989,0.38268,0.24702,0.62715,0.52772,0.35323,0.63845,2.1686e-05,0.34839,0.60699,0.40644,0.85501,0.38263,0.13242,0.15074,0.11754,0.34957,0.21673,-0.26265,-0.55143,-0.50103,-0.68811,-0.22844,0.26433,0.018346,0.026597,-0.41618,0.027974,-0.52038,-0.35962,-0.26631,0.019407,0.1985,0.28684,0.059522,0.32649,0.50897,0.66824,0.55991,0.51327,0.47102,0.47483,0.075462,0.2988,0.28541,0.24839,0.62545,0.38722,-0.22053,-0.29163,-0.074512,-0.48543,0.58244,0.63707,0.066223,-0.01867,0.35537,0.066902,0.003782,0.2057,-0.26104,-0.19448,-0.20188,-0.21779,0.23363,0.033087,-0.28486,-0.084871,-0.33438,-0.38676,-0.35729,-0.30507
0.33712,0.69202,-0.17876,-0.23744,0.17052,0.29147,0.059027,0.48709,0.41759,0.76767,0.65741,0.70403,0.43006,0.40505,-0.66734,-0.32091,-0.13892,-0.061117,0.47167,0.63952,-0.2909,0.031285,0.17051,0.42299,1.0615,1.167,0.12428,0.25932,0.84884,0.74788,1.6806,0,0.64315,0.27816,0.46946,0.43848,0.77068,0.68133,0.4672,0.82686,0.045173,0.49859,0.53431,0.5161,0.89553,0.51539,0.039935,0.031098,0.18951,0.42786,0.30162,-0.36049,-0.50506,-0.40535,-0.5572,-0.2315,0.22802,-0.091098,-0.048844,-0.46232,-0.057186,-0.63798,-0.45622,-0.43295,-0.15469,0.046962,0.13738,0.15374,0.31427,0.30057,0.43236,0.43198,0.38968,0.58403,0.4311,0.17949,0.36119,0.42247,0.32218,0.76129,0.43594,-0.32845,-0.44402,-0.0065757,-0.41117,0.66942,0.64623,-0.026095,-0.19277,0.42858,0.20908,-0.097639,0.13895,-0.2189,-0.057036,-0.11902,-0.17095,0.13442,0.0030592,-0.33532,-0.17754,-0.32246,-0.3421,-0.48203,-0.3143
0.17948,0.80715,-0.24212,-0.37625,0.10686,0.5576,-0.14837,0.58805,0.16797,0.30877,0.54996,0.67455,1.4091,0.9205,-0.4752,0.019318,0.045904,0.097957,0.66147,0.48349,0.12615,0.33448,0.56213,0.85519,0.81082,0.63131,0.18171,0.54033,0.46379,0.42891,0.50172,0.64315,0,1.3183,0.16006,0.49812,0.66845,0.49055,0.26964,0.75514,0.21414,0.89709,-0.15429,0.48568,0.33429,0.3679,-0.12943,-0.085883,0.23807,0.76744,0.75728,-0.43538,-0.17339,0.046472,-0.014285,0.017762,0.069583,0.059991,0.090607,-0.4002,0.23181,-0.72063,-0.59457,-0.66808,-0.56485,-0.27551,-0.13931,-0.3099,-0.013524,-0.46152,0.0018147,-0.10498,-0.10665,0.23558,0.10558,0.12652,0.21352,1.2201,0.81049,0.53111,0.18776,-0.33765,-0.71163,0.23811,-0.26823,0.57253,0.56554,0.069836,-0.015306,0.11689,-0.036188,0.1555,0.35852,-0.073573,0.32409,0.27041,0.29743,0.35252,0.29725,-0.22095,-0.21027,0.25934,0.28888,-0.11857,0.22174
-0.044138,0.53354,-0.46769,-0.50104,-0.12298,0.39746,-0.40428,0.41927,0.12279,0.17831,0.39265,0.45813,1.5318,1.1101,-0.46033,0.0606,-0.047533,0.05608,0.60588,0.24458,0.29054,0.36603,0.52921,0.87078,0.49191,0.26865,0.22073,0.54432,0.25357,0.2826,0.14989,0.27816,1.3183,0,-0.099376,0.37411,0.40655,0.35226,0.079149,0.42736,0.16238,0.5944,-0.58508,0.1826,0.1212,0.31494,-0.24519,-0.18738,0.18437,0.71113,0.89144,-0.49915,-0.086975,0.17945,0.18877,0.020257,-0.1839,-0.068544,-0.022981,-0.47953,0.21273,-0.49034,-0.46607,-0.72723,-0.8602,-0.47272,-0.31452,-0.32956,-0.031153,-0.78718,-0.21741,-0.33276,-0.31472,0.21395,-0.021288,0.080363,0.14753,1.1591,0.83753,0.25155,-0.021566,-0.45485,-0.86759,0.22096,-0.1936,0.37955,0.38431,0.02823,-0.057649,-0.056358,-0.02918,0.20876,0.44865,-0.077615,0.48118,0.5957,0.6554,0.47129,0.50523,-0.13911,-0.10287,0.44048,0.60338,-0.18531,0.38107
0.26445,0.29552,-0.094621,-0.009399,-0.15904,-0.12903,0.15701,0.63801,0.13829,0.57017,0.66947,0.68548,0.051535,-0.038849,-0.53434,-0.69338,-0.55375,-0.41137,0.35669,0.21217,-0.82823,-0.55207,-0.22033,-0.12071,0.39272,0.79527,-0.35349,-0.30247,0.28129,0.52742,0.38268,0.46946,0.16006,-0.099376,0,0.97057,0.68858,0.57439,0.65235,0.77958,-0.34215,0.16379,0.45419,0.15357,-0.045186,-0.31945,-0.18873,-0.19359,-0.57107,0.39836,0.28092,-0.5414,-0.66252,-0.74677,-0.35473,-0.45515,0.057574,-0.18727,-0.071784,-0.083875,-0.42749,-0.42218,-0.14278,-0.38996,-0.095042,-0.067931,-0.077182,0.61986,0.083698,0.23102,0.13909,-0.050561,0.0069823,-0.18683,-0.065571,0.38426,0.50754,0.16112,0.23747,0.95082,0.88358,-0.38232,-0.35706,0.28472,0.22177,0.74093,0.4822,-0.34952,-0.45154,0.18152,-0.076715,-0.53457,-0.46185,-0.015464,-0.078671,-0.16349,-0.34457,-0.27527,-0.80841,-0.62658,-0.65187,-0.17338,-0.51406,-0.07929,-0.31568
0.34337,0.65992,-0.28726,-0.2666,-0.11042,0.2123,0.033696,0.993,0.1914,0.65594,0.68358,0.70096,0.3772,0.19145,-0.60052,-0.31125,-0.40988,-0.20153,0.39761,0.33556,-0.27596,-0.13432,0.15597,0.44084,0.51801,0.73536,0.052223,0.18777,0.50902,0.91973,0.24702,0.43848,0.49812,0.37411,0.97057,0,0.77118,0.72679,0.87007,1.0411,0.030185,0.63905,-0.023367,0.30662,-0.044341,-0.16416,-0.52198,-0.57032,-0.27997,0.45589,0.47824,-0.5781,-0.40097,-0.22663,-0.10978,-0.19101,-0.016152,-0.14732,-0.037084,-0.23241,-0.07097,-0.43406,-0.094688,-0.82667,-0.3647,-0.47081,-0.4976,0.43737,0.28221,-0.28325,-0.085735,-0.5023,-0.43264,-0.091911,-0.35275,0.34569,0.51294,0.43772,0.41811,0.71498,0.46554,-0.38623,-0.60816,0.23991,-0.0041359,0.47708,0.3062,-0.49393,-0.57396,-0.02714,-0.15459,-0.32177,-0.17621,0.076661,0.25986,0.17575,0.12151,-0.062735,-0.26376,-0.4524,-0.34958,0.12752,-0.067192,-0.20142,-0.033774
0.48636,0.675,-0.077745,0.075131,-0.025278,0.009429,0.15609,1.0998,0.51348,0.8557,1.6879,1.0569,0.5465,0.43096,-0.73964,-0.44567,-0.29824,-0.31845,0.72035,0.50988,-0.49348,-0.44262,0.22123,0.24909,0.99231,1.1706,-0.035032,0.070259,0.72154,0.88924,0.62715,0.77068,0.66845,0.40655,0.68858,0.77118,0,1.7022,0.87129,1.5057,-0.17,0.36404,0.063104,0.08336,0.33852,0.23639,-0.36062,-0.31405,-0.094384,0.7389,0.47379,-0.42449,-0.46459,-0.479,-0.21841,-0.58524,-0.17648,-0.46587,-0.40692,-0.12232,-0.027291,-0.94601,-0.59287,-0.848,-0.29553,-0.37294,-0.24914,0.17519,0.27567,-0.10072,0.14571,-0.059166,-0.067619,0.20307,-0.038179,0.81961,0.91713,0.73513,0.76778,1.3816,0.78577,-0.23789,-0.52462,0.12644,-0.050728,0.90313,0.62898,-0.33469,-0.49919,0.16305,0.07175,-0.11098,0.034064,0.052107,0.081799,0.18251,0.048259,0.34524,-0.10971,-0.96082,-0.76264,-0.28121,-0.35488,-0.18351,-0.047068
0.43477,0.53472,-0.072502,0.12564,-0.11505,-0.070608,0.16301,1.063,0.45794,0.7898,1.3283,0.99502,0.41364,0.36756,-0.80462,-0.51381,-0.37398,-0.37517,0.7055,0.40442,-0.45977,-0.48359,0.19328,0.20872,0.88226,0.92165,-0.008301,0.073542,0.62628,0.84089,0.52772,0.68133,0.49055,0.35226,0.57439,0.72679,1.7022,0,0.95467,1.3264,-0.16965,0.27233,-0.010406,-0.044263,0.27082,0.19428,-0.42071,-0.36839,-0.10542,0.56938,0.39162,-0.46595,-0.36384,-0.39104,-0.11702,-0.6363,-0.2465,-0.63577,-0.56253,-0.14703,-0.079299,-0.70515,-0.43735,-0.94591,-0.34278,-0.45998,-0.32905,0.2084,0.3973,-0.11821,0.14549,-0.11776,-0.13425,0.22703,-0.10644,0.88266,1.0066,0.62804,0.72313,1.1109,0.74008,-0.24599,-0.52256,0.12072,0.042897,0.79881,0.49789,-0.40732,-0.64446,0.11909,0.055953,-0.12109,0.0085495,0.020785,0.11284,0.19686,0.072392,0.33821,-0.022394,-1.0033,-0.70987,-0.27049,-0.35053,-0.36341,-0.10008
0.79757,0.60518,0.12951,0.1152,0.20425,0.084059,0.57951,1.0827,0.32089,0.65353,0.70661,0.58631,0.14793,-0.033431,-0.27025,-0.30613,0.0019841,-0.020082,0.37348,0.22935,-0.2314,-0.2364,0.45127,0.27981,0.65582,0.84757,0.19079,0.30453,0.79995,0.92071,0.35323,0.4672,0.26964,0.079149,0.65235,0.87007,0.87129,0.95467,0,1.2183,0.27321,0.57971,0.12416,0.26211,0.068339,-0.058238,-0.611,-0.74006,-0.16091,0.28441,0.13829,-0.27075,-0.15599,-0.21011,-0.14069,-0.15903,0.072497,-0.24819,-0.17099,0.028274,-0.013482,-0.26452,0.02565,-0.47657,-0.022015,-0.46692,-0.51747,0.14262,0.62799,-0.047214,0.19023,-0.30345,-0.38448,-0.019073,-0.42681,0.60638,0.46227,0.19056,0.17643,0.60349,0.33677,0.11538,-0.10907,-0.072335,-0.16395,0.2619,0.1209,-0.69156,-0.66521,-0.079677,-0.17283,-0.42594,-0.31154,-0.20834,-0.22585,-0.26548,-0.27023,-0.07118,-0.25129,-0.42589,-0.32124,0.10782,-0.15448,-0.25022,-0.25626
0.6232,0.92438,-0.018845,0.0047504,0.12391,0.17823,0.26259,1.2855,0.4963,0.8418,1.2683,1.2541,0.59196,0.42893,-0.62105,-0.33659,-0.20594,-0.16821,0.80638,0.56273,-0.36294,-0.21633,0.40358,0.44094,1.1028,1.3901,0.090412,0.32694,0.77651,0.99396,0.63845,0.82686,0.75514,0.42736,0.77958,1.0411,1.5057,1.3264,1.2183,0,0.052323,0.67465,0.10671,0.2887,0.33624,0.18112,-0.40967,-0.40803,-0.047452,0.7687,0.53588,-0.49483,-0.39021,-0.33436,-0.19795,-0.36867,-0.031728,-0.32066,-0.26531,-0.12294,0.039532,-0.6716,-0.31257,-0.83435,-0.28762,-0.40594,-0.33605,0.17903,0.46438,-0.1186,0.20672,-0.13528,-0.17015,0.19779,-0.13025,0.73363,0.75948,0.71091,0.67984,1.1325,0.68656,-0.19021,-0.48109,0.2465,-0.069553,0.78308,0.6047,-0.3833,-0.57312,0.15217,-0.026991,-0.24917,-0.064639,-0.054698,0.096008,0.039447,-0.021677,0.18692,-0.07116,-0.65928,-0.52033,-0.033488,-0.19138,-0.2625,-0.12701
0.47754,0.37732,0.28414,-0.10601,0.90707,0.94814,0.50656,0.17071,0.01023,-0.043666,-0.36905,-0.25009,-0.016001,-0.16004,0.52617,0.52197,0.93112,0.85216,-0.31867,0.036605,1.0488,0.99704,0.79032,0.66856,0.11157,-0.018675,0.93672,0.80087,0.37047,0.1696,2.1686e-05,0.045173,0.21414,0.16238,-0.34215,0.030185,-0.17,-0.16965,0.27321,0.052323,0,0.89847,-0.0088383,0.82495,0.062389,0.12758,-0.16809,-0.30743,0.63907,-0.28844,-0.14109,0.31625,0.66366,0.8357,0.23386,1.1395,0.71488,0.51961,0.49485,-0.012613,0.36201,0.33569,0.41305,0.24447,0.26369,-0.077026,-0.2167,-0.52557,0.3467,-0.15783,0.15742,-0.20918,-0.3791,0.041724,-0.28809,-0.30797,-0.46052,-0.07306,-0.30755,-0.3058,-0.59197,0.55336,0.36374,-0.37972,-0.5859,-0.62865,-0.50921,-0.10477,0.16043,-0.18161,-0.18024,0.12165,0.14053,-0.10389,-0.071778,-0.25647,-0.064032,-0.11574,0.31577,0.77203,0.70925,0.5621,0.52869,0.011649,0.03726
0.53376,0.93368,0.014013,-0.3249,0.54331,1.0488,0.21973,0.63006,0.13739,0.37695,0.18477,0.34113,0.53154,0.26933,-0.030734,0.18589,0.35232,0.34077,0.19165,0.33202,0.46612,0.68446,0.85741,1.161,0.52208,0.56162,0.65872,0.92391,0.67408,0.66032,0.34839,0.49859,0.89709,0.5944,0.16379,0.63905,0.36404,0.27233,0.57971,0.67465,0.89847,0,0.018327,1.1492,0.20521,0.1934,-0.32039,-0.358,0.36489,0.25736,0.36634,-0.20379,0.14487,0.36809,0.097881,0.49793,0.43998,0.28688,0.3684,-0.2339,0.29632,-0.17646,0.018231,-0.29147,-0.13041,-0.27083,-0.30016,-0.2177,0.33597,-0.35056,0.12207,-0.25285,-0.32129,0.067038,-0.24109,-0.034056,-0.0092034,0.45712,0.20668,0.2667,-0.10579,0.042963,-0.21066,-0.0037072,-0.50254,0.051558,0.020555,-0.2172,-0.089933,-0.08482,-0.22233,-0.035211,0.12596,-0.090444,0.12551,-0.04616,0.066697,0.026181,0.19666,0.19512,0.18143,0.48273,0.38732,-0.13535,0.030017
0.2851,0.09458,0.26803,0.13416,0.33396,0.10383,0.3966,-0.049819,0.062134,0.20335,-0.007811,0.12503,-0.39037,-0.27727,0.071717,-0.17837,0.056535,0.0043622,-0.22256,0.21679,-0.32051,-0.083338,-0.21339,-0.28455,0.12186,0.30995,-0.10465,-0.21495,0.13508,0.044454,0.60699,0.53431,-0.15429,-0.58508,0.45419,-0.023367,0.063104,-0.010406,0.12416,0.10671,-0.0088383,0.018327,0,0.49431,0.39251,0.05159,0.61513,0.4748,0.018066,-0.15666,-0.22908,0.14955,-0.19711,-0.38502,-0.59176,0.0093201,0.70908,0.33803,0.3488,-0.0063632,-0.19931,-0.030897,0.069624,0.47274,0.65292,0.90642,0.78009,0.14469,-0.033082,1.109,0.5646,0.92332,0.86227,0.16829,0.62275,-0.098405,-0.047767,-0.33212,-0.30715,0.22575,0.3332,0.10365,0.31678,-0.12284,-0.15127,0.12116,0.2258,0.2455,0.24673,0.64841,0.261,-0.30221,-0.31331,-0.1209,-0.45486,-0.64282,-0.69606,-0.4469,-0.44131,0.034352,-0.01569,-0.48089,-0.60781,-0.21902,-0.84797
0.45938,0.62834,0.10762,-0.30328,0.72144,1.2417,0.28401,0.28787,0.049562,0.30288,-0.10475,0.10277,0.14277,0.0092574,0.18745,0.12056,0.41128,0.33359,-0.1747,0.23492,0.457,0.73244,0.47459,0.63329,0.21805,0.39156,0.58058,0.52,0.48455,0.41323,0.40644,0.5161,0.48568,0.1826,0.15357,0.30662,0.08336,-0.044263,0.26211,0.2887,0.82495,1.1492,0.49431,0,0.25602,0.1859,0.096709,0.030925,0.38659,-0.027291,0.13937,-0.017296,0.17867,0.30594,-0.055252,0.71319,0.88942,0.59602,0.73214,-0.23172,0.12046,-0.0048315,0.11796,0.17649,0.21852,0.23104,0.16282,-0.16384,0.13793,0.079533,0.295,0.16698,0.11626,0.088125,0.11082,-0.31192,-0.23953,0.10658,-0.11944,0.12679,-0.16236,0.091882,0.032255,-0.1295,-0.57718,-0.092245,-0.075438,0.038326,0.23067,0.15806,-0.032939,-0.10035,0.018613,-0.10531,-0.092984,-0.26958,-0.18129,-0.237,-0.019682,0.42327,0.30646,0.22951,0.20479,-0.11795,-0.24586
0.38253,0.63964,0.012232,-0.035311,0.41238,0.22331,0.07156,0.069011,0.68023,0.41208,0.38186,0.41989,0.28667,0.42881,-0.24389,0.15908,0.023948,0.077736,0.23494,0.7656,-0.14653,0.13243,0.070112,0.26322,0.6286,0.4876,0.20409,0.31936,0.42096,0.31518,0.85501,0.89553,0.33429,0.1212,-0.045186,-0.044341,0.33852,0.27082,0.068339,0.33624,0.062389,0.20521,0.39251,0.25602,0,1.2784,0.2939,0.22261,0.6664,0.2791,0.094928,0.18036,-0.22155,-0.15968,-0.48699,-0.15911,0.11729,-0.071555,-0.18978,-0.12218,0.28881,-0.38523,-0.32719,-0.11938,0.048193,0.2229,0.25483,0.083439,0.32702,0.31209,0.26634,0.70605,0.56155,1.3272,0.65182,0.2226,0.24456,0.26418,0.21516,0.26892,0.27908,-0.019534,-0.058007,-0.02136,-0.3615,0.264,0.53116,0.25208,-0.039877,0.67932,0.64868,0.11715,0.31896,0.094105,0.16597,0.047727,0.083976,0.31085,0.43589,-0.031525,0.11242,-0.57714,-0.35397,-0.34517,-0.18621
