,,,,,,,,,,,,,,,,,,,,,,,,,,,,,,,,,,,,,,,,,,,,,,,,,,,,,,,,,,,,,,,,,,,,,,,,,,,,,,,,,,,,,,,,,,,,,,,,,,,,,,,,
0,0.65618,0.33462,0.13169,0.68977,0.28099,0.77384,0.38985,0.15918,0.35528,0.0072616,-0.04041,-0.27471,-0.40567,0.30858,0.12633,0.32095,0.14337,-0.25443,0.059076,0.19277,0.15488,0.3905,0.28354,0.021606,0.24964,0.49164,0.42008,0.55053,0.59338,-0.036268,0.048022,-0.14135,-0.24241,0.057564,0.34635,0.073214,0.088529,0.77049,0.33572,0.65951,0.52479,0.015912,0.42964,0.095969,0.15223,-0.40457,-0.58998,0.25729,-0.26828,-0.25461,0.35476,0.32722,0.26338,0.061626,0.33226,0.16878,0.013087,0.057305,0.37528,0.2551,0.2037,0.34889,0.031972,0.32589,-0.26138,-0.48242,0.16394,0.72445,-0.061906,0.013944,-0.27124,-0.42688,0.019289,-0.47399,0.17897,0.017852,-0.20797,-0.23516,-0.030129,-0.098765,0.51604,0.33258,-0.15377,-0.18777,-0.45777,-0.44817,-0.42301,-0.34646,-0.1838,-0.015098,-0.29962,-0.218,0.11232,-0.10003,-0.17768,-0.088457,-0.14723,-0.020497,0.21073,0.21635,0.084379,-0.091513,0.10693,-0.10162
0.65618,0,-0.23963,-0.406,0.39108,0.64012,0.020808,0.63066,0.38557,0.65189,0.31284,0.38572,0.45539,0.23078,-0.25956,0.066834,0.089106,0.18264,0.35685,0.56858,0.17546,0.44711,0.50111,1.0184,0.54066,0.75581,0.44244,0.75475,0.76398,0.87411,0.35198,0.5579,0.62353,0.48585,0.11907,0.67866,0.34278,0.243,0.48909,0.72034,0.49111,0.97956,-0.19041,0.67229,0.385,0.44373,-0.25798,-0.28194,0.35222,0.15268,0.16923,-0.14157,-0.04282,0.21117,-0.06711,0.2459,0.10979,0.1006,0.13776,-0.11682,0.42373,-0.30091,-0.1311,-0.5204,-0.26594,-0.33531,-0.35868,0.20047,0.63605,-0.26353,0.020947,-0.287,-0.31082,0.31683,-0.12625,0.096131,0.17415,0.52281,0.31457,0.27235,0.041185,-0.097258,-0.42794,0.2683,-0.17685,0.15027,0.17926,-0.085453,-0.16218,0.0051094,0.067313,0.048764,0.44536,0.13981,0.32957,0.23437,0.35837,0.20733,0.32126,0.094511,0.22142,0.14236,0.13315,0.10293,0.30165
0.33462,-0.23963,0,1.14,0.59198,0.21096,0.74365,-0.05533,-0.034426,-0.31125,-0.54741,-0.37369,-0.66917,-0.46459,0.91208,0.40275,0.50286,0.37718,-0.55172,-0.0421,0.40742,0.080398,0.12435,-0.13926,-0.45636,-0.48432,0.31845,-0.013648,-0.15813,-0.21756,-0.56595,-0.62713,-0.53183,-0.45629,-0.30733,-0.24988,-0.54754,-0.38434,-0.077944,-0.38656,0.3939,-0.054564,-0.020761,0.008637,-0.33348,-0.32013,0.1026,0.063015,0.44952,-0.34623,-0.29024,0.7532,0.84458,0.61729,0.48177,0.38938,0.31092,0.26904,0.13562,1.0898,0.3831,0.70371,0.80611,0.5563,0.80159,0.28187,0.11927,-0.17983,0.16285,0.17126,0.3755,-0.076389,-0.17689,-0.311,-0.26491,0.01102,-0.061605,-0.25386,-0.22484,-0.31527,-0.091715,1.1672,1.075,0.17471,0.3545,-0.61561,-0.41277,0.062233,0.25279,-0.099144,-0.16094,0.33094,0.048103,0.31568,0.012431,-0.067287,-0.04919,-0.192,0.10487,0.33673,0.3692,0.1333,0.17025,0.43293,0.10204
0.13169,-0.406,1.14,0,0.12562,-0.25727,0.471,-0.094618,0.21587,-0.27871,-0.096186,0.010617,-0.51175,-0.19905,0.46117,0.20887,0.065992,0.027671,-0.22919,0.090341,-0.063478,-0.45138,-0.16049,-0.44528,-0.24699,-0.42021,-0.031623,-0.26759,-0.27192,-0.26398,-0.50617,-0.67293,-0.60765,-0.47852,-0.055041,-0.21456,-0.17952,-0.057529,-0.062613,-0.19747,-0.14395,-0.47094,-0.03206,-0.52648,-0.25726,-0.25063,0.22913,0.21516,0.064728,-0.0072767,-0.036508,0.49103,0.36111,0.17516,0.30528,-0.17445,-0.099678,-0.01946,-0.23493,1.1039,0.33668,0.27597,0.40468,0.24454,0.48336,0.27376,0.23453,0.084096,0.1118,0.2319,0.27128,0.016284,-0.019876,-0.13103,-0.10381,0.47464,0.38149,-0.081156,0.12555,0.012381,0.35743,0.58861,0.65006,0.28128,0.69413,-0.17372,-0.078078,0.21923,0.20381,0.1165,0.081019,0.3549,0.016954,0.51254,0.18042,0.25072,0.19043,0.08485,0.044422,-0.17971,-0.10943,-0.22378,-0.13575,0.34167,0.1421
0.68977,0.39108,0.59198,0.12562,0,0.79393,0.76779,0.041847,0.19389,0.027246,-0.35382,-0.15804,-0.21763,-0.24749,0.59874,0.48667,0.58791,0.32731,-0.35109,0.18872,0.57733,0.64183,0.49867,0.35705,-0.10867,-0.019708,0.64744,0.57557,0.23504,0.096033,-0.068306,-0.13589,-0.015941,-0.22409,-0.26681,-0.12811,-0.36148,-0.53522,0.16823,-0.057615,1.0045,0.52554,0.064354,0.64352,0.20829,0.24663,0.0075204,-0.039475,0.62329,-0.23037,-0.1829,0.46514,0.49941,0.47289,0.047309,0.6681,0.36732,0.34737,0.27968,0.34124,0.37419,0.44085,0.45397,0.38627,0.43896,0.14599,-0.012096,-0.12261,0.52465,0.097542,0.32067,0.0425,-0.12221,0.12954,-0.145,-0.077658,-0.16231,-0.13593,-0.24089,-0.25507,-0.2065,0.63325,0.49907,0.056841,-0.21651,-0.58968,-0.46287,0.0085075,0.085349,-0.0054549,0.00030243,0.1463,0.10201,0.24036,0.056651,-0.16503,-0.073663,-0.055268,0.31576,0.52193,0.45898,0.054353,0.1064,0.2414,-0.06092
0.28099,0.64012,0.21096,-0.25727,0.79393,0,0.10569,0.41951,-0.060757,0.21611,-0.34115,-0.12204,0.145,-0.0095839,0.19453,0.19344,0.44196,0.4331,-0.1028,0.22415,0.90813,1.1014,0.61994,0.96622,-0.045284,0.18535,0.80775,0.6184,0.37436,0.3294,0.029274,0.17556,0.48259,0.41823,-0.23999,0.23947,-0.23411,-0.28893,0.0099712,0.054757,0.98926,1.0881,-0.20435,1.2312,-0.041929,0.035073,-0.13721,-0.085831,0.80812,-0.1893,-0.018026,0.030871,0.53615,0.82634,0.36532,1.0199,0.56789,0.4248,0.56433,-0.033969,0.29697,0.28398,0.29644,0.034699,0.028795,-0.016493,-0.1115,-0.20433,0.29956,-0.20583,0.30817,-0.23399,-0.28277,-0.1162,-0.16541,-0.43013,-0.2247,0.3141,0.013617,-0.056689,-0.32607,0.21172,-0.049545,0.32112,-0.15681,-0.18762,-0.15938,-0.060829,0.15233,-0.18826,-0.29423,0.34268,0.56686,0.10359,0.21834,0.014036,0.14113,-0.037879,0.37964,0.57376,0.58072,0.48818,0.55204,0.30387,0.25559
0.77384,0.020808,0.74365,0.471,0.76779,0.10569,0,0.11655,0.038277,-0.072543,-0.21016,-0.15797,-0.57404,-0.61763,0.53422,0.2816,0.57872,0.24409,-0.41268,-0.068479,0.079922,0.023651,0.22598,-0.13859,-0.084692,-0.09311,0.036149,0.05765,0.025318,-0.079287,-0.11125,-0.27249,-0.40767,-0.72082,0.027772,-0.10099,-0.16507,-0.20461,0.45452,0.010679,0.4987,0.13025,0.32153,0.18597,-0.037606,-0.11135,0.027444,-0.12403,0.060462,-0.34968,-0.43534,0.53359,0.28004,0.12309,-0.12889,0.20312,0.28789,0.20271,0.1087,0.68108,0.23034,0.25401,0.35845,0.41306,0.75176,0.16679,0.01637,-0.20747,0.18088,0.24178,0.21719,0.027208,-0.1111,-0.11398,-0.24082,0.087204,-0.11351,-0.50014,-0.43453,-0.20168,-0.045131,0.8092,0.80539,-0.19173,-0.08697,-0.58352,-0.5056,-0.084678,-0.018258,0.011328,-0.038277,-0.163,-0.38227,0.06327,-0.31159,-0.46571,-0.47654,-0.42424,-0.16102,0.24243,0.16688,-0.050351,-0.12565,0.096138,-0.25021
0.38985,0.63066,-0.05533,-0.094618,0.041847,0.41951,0.11655,0,0.10605,0.89495,0.46793,0.2755,0.2082,-0.049729,-0.38098,-0.36015,-0.024905,-0.046124,0.39941,0.16359,0.043107,0.0085653,0.47276,0.62802,0.26081,0.72772,0.15575,0.17165,0.57942,0.8525,0.15716,0.30029,0.36556,0.35386,0.36604,1.1051,0.6051,0.65329,0.70024,0.75205,0.22408,0.69056,-0.33294,0.37903,-0.23423,-0.2483,-0.62916,-0.55256,0.0059271,0.005623,-0.012885,-0.39343,-0.028999,0.18055,0.17572,0.07572,-0.02333,-0.24214,-0.056714,0.11022,0.12928,-0.25383,-0.058997,-0.59762,-0.14498,-0.56601,-0.52963,0.070453,0.30385,-0.34611,0.1729,-0.65676,-0.5822,-0.35837,-0.55323,0.11149,0.29445,0.44238,0.26525,0.61788,0.099474,-0.0089493,-0.37812,0.31144,-0.010219,0.33722,0.12004,-0.52231,-0.45505,-0.39142,-0.45215,-0.030324,0.24708,0.044062,0.040177,0.08295,0.073088,-0.062197,-0.043464,-0.12383,-0.036162,0.30908,0.2485,0.14606,0.26732
0.15918,0.38557,-0.034426,0.21587,0.19389,-0.060757,0.038277,0.10605,0,0.43768,0.63885,0.90464,0.24745,0.48194,-0.15102,0.090898,-0.29753,-0.24285,0.42132,0.67737,-0.31629,-0.22621,-0.033641,0.059784,0.48016,0.3891,0.0085559,0.19344,0.095499,0.18335,0.26491,0.10259,0.053162,-0.046349,0.2462,0.10039,0.38929,0.21524,0.16316,0.45882,-0.2007,-0.09821,0.10858,-0.17907,0.65759,0.61945,0.24724,0.29167,-0.070287,0.64751,0.51805,-0.13759,-0.44739,-0.31782,-0.31389,-0.50777,-0.39479,-0.22867,-0.44797,0.12723,0.38893,-0.31382,-0.11587,-0.24132,-0.094304,0.085082,0.22944,0.52745,0.52287,0.21736,0.2408,0.29716,0.28657,0.7847,0.24873,0.83951,0.87822,0.35747,0.53686,0.48312,0.61923,-0.20552,-0.13935,0.32383,0.14073,0.34208,0.34318,0.3365,-0.053403,0.52222,0.55985,0.11977,0.22569,0.48627,0.48957,0.6186,0.52889,0.57931,0.34724,-0.35305,-0.23673,-0.58704,-0.25146,-0.090162,0.10372
0.35528,0.65189,-0.31125,-0.27871,0.027246,0.21611,-0.072543,0.89495,0.43768,0,0.55767,0.35468,0.12433,0.0016783,-0.5052,-0.61722,-0.27769,-0.27644,0.53983,0.18677,-0.12386,-0.015594,0.33094,0.54099,0.31128,1.1547,0.22563,0.23941,0.72366,1.0834,0.45142,0.60061,0.12671,0.12543,0.36319,0.70461,0.51191,0.54748,0.59557,0.66357,0.055583,0.47403,-0.067055,0.35041,0.14005,0.077336,-0.44502,-0.32885,0.035006,0.02896,-0.00070962,-0.52436,-0.31688,-0.092297,-0.07365,-0.11821,-0.17367,-0.51178,-0.2878,-0.1146,-0.14259,-0.16603,-0.060718,-0.4579,-0.16284,-0.36908,-0.30584,0.44324,0.62437,0.045039,0.34078,-0.12627,-0.084597,0.04422,-0.17183,0.15019,0.34035,0.25076,0.1683,0.62836,0.13922,-0.24505,-0.46597,0.28173,-0.092796,0.45057,0.25601,-0.48052,-0.58337,-0.15372,-0.090262,-0.37295,0.10137,-0.085293,-0.050726,0.082703,0.009347,0.019062,-0.063839,-0.12081,-0.016828,0.027226,-0.010373,-0.064595,-0.063103
0.0072616,0.31284,-0.54741,-0.096186,-0.35382,-0.34115,-0.21016,0.46793,0.63885,0.55767,0,1.0679,0.59924,0.58164,-0.85199,-0.21691,-0.58969,-0.55569,0.86725,0.49525,-0.73802,-0.59079,0.0065309,0.083211,0.77805,0.70253,-0.29996,0.045702,0.32633,0.45072,0.55033,0.40613,0.39703,0.23517,0.68181,0.58063,1.6835,1.0336,0.56703,1.0792,-0.5139,-0.046921,-0.045382,-0.33988,0.41822,0.26663,-0.21134,-0.16494,-0.6088,0.79129,0.50624,-0.6097,-0.93572,-0.77737,-0.51812,-0.89835,-0.67733,-0.50323,-0.53942,-0.22138,0.11141,-0.94207,-0.54178,-0.87392,-0.40791,-0.36956,-0.1757,0.41023,0.29721,-0.074395,-0.009223,-0.055967,0.017186,0.3217,-0.025162,0.84717,0.93146,0.4834,0.6649,0.99964,0.70262,-0.5119,-0.62583,0.071228,-0.10691,0.88313,0.58754,-0.09183,-0.45037,0.12634,0.10201,-0.058333,0.06167,0.15213,0.18707,0.35512,0.30647,0.55758,0.058724,-1.0034,-0.70597,-0.47384,-0.36976,-0.29784,-0.016473
-0.04041,0.38572,-0.37369,0.010617,-0.15804,-0.12204,-0.15797,0.2755,0.90464,0.35468,1.0679,0,0.60567,0.8104,-0.65685,-0.090605,-0.4893,-0.36798,0.78562,0.80524,-0.50848,-0.3155,-0.03375,0.13276,1.0089,0.56842,-0.19983,0.15953,0.16471,0.22415,0.54741,0.35707,0.47597,0.27383,0.60732,0.40426,0.90727,0.62561,0.35007,0.98235,-0.34117,0.0083675,0.1333,-0.18298,0.5284,0.41673,0.25161,0.30631,-0.37427,0.96949,0.80784,-0.57753,-0.69691,-0.53161,-0.43448,-0.73584,-0.35974,-0.17539,-0.31364,-0.25031,0.2573,-0.88226,-0.50728,-0.72311,-0.48016,0.013321,0.24162,0.40357,0.27839,0.06895,0.15106,0.17021,0.22256,0.63675,0.29938,0.90755,1.1919,0.73952,1.0778,1.0203,1.0792,-0.63335,-0.63748,0.3311,0.16256,0.92205,0.67831,0.3971,-0.017004,0.55266,0.35854,0.20269,0.26868,0.40683,0.57915,0.7025,0.62509,0.72749,0.27525,-0.84234,-0.65457,-0.58782,-0.37147,-0.26326,0.063328
-0.27471,0.45539,-0.66917,-0.51175,-0.21763,0.145,-0.57404,0.2082,0.24745,0.12433,0.59924,0.60567,0,1.3149,-0.50178,0.18789,-0.092979,-0.12231,0.85568,0.40474,-0.007267,0.17441,0.34448,0.55552,0.63209,0.3544,-0.0054845,0.47167,0.19414,0.23255,0.36539,0.37647,1.4746,1.2036,0.063677,0.25174,0.58639,0.33749,0.050154,0.51688,-0.089754,0.28366,-0.3404,0.033525,0.31578,0.3919,-0.10703,0.024988,-0.17419,0.96072,0.86946,-0.69749,-0.41344,-0.2268,-0.2023,-0.22044,-0.32376,0.027738,0.036815,-0.5206,0.34734,-0.76449,-0.51169,-0.65406,-0.64853,-0.33384,-0.11563,-0.15488,0.048193,-0.53292,-0.14443,-0.14582,-0.058911,0.2628,0.035203,0.19654,0.22518,0.92829,0.75553,0.29716,0.08565,-0.5372,-0.83759,0.11217,-0.27559,0.57778,0.46921,0.18659,0.084558,-0.032261,-0.063082,0.27531,0.54465,-0.089959,0.28152,0.39001,0.51061,0.65634,0.48828,-0.28331,-0.16068,0.063402,0.31328,-0.23234,0.27804
-0.40567,0.23078,-0.46459,-0.19905,-0.24749,-0.0095839,-0.61763,-0.049729,0.48194,0.0016783,0.58164,0.8104,1.3149,0,-0.36172,0.28926,-0.28174,-0.21511,0.6858,0.52225,-0.098747,0.02007,0.092798,0.24262,0.53329,0.14415,-0.04379,0.29764,-0.040378,0.010093,0.36764,0.29178,0.86123,0.8193,0.079379,0.073072,0.47283,0.29989,-0.17686,0.35482,-0.31329,-0.043565,-0.10785,-0.18469,0.47972,0.48979,0.2136,0.3582,-0.15683,1.3481,1.341,-0.54057,-0.4504,-0.32891,-0.1966,-0.40339,-0.32525,0.042099,-0.063371,-0.46238,0.36594,-0.5637,-0.2932,-0.40091,-0.42958,0.028421,0.23062,-0.012968,0.068415,-0.1985,0.037347,0.1998,0.2726,0.50622,0.31114,0.3524,0.41754,0.83828,0.94311,0.33158,0.34206,-0.58049,-0.58241,0.17242,-0.086564,0.62566,0.65853,0.46678,0.25586,0.30879,0.20302,0.35032,0.50301,0.10184,0.46141,0.62754,0.72174,0.85512,0.61266,-0.35685,-0.20685,-0.16908,0.15187,-0.31894,0.14229
0.30858,-0.25956,0.91208,0.46117,0.59874,0.19453,0.53422,-0.38098,-0.15102,-0.5052,-0.85199,-0.65685,-0.50178,-0.36172,0,0.57646,0.68593,0.47196,-0.90615,-0.40188,0.70065,0.33163,0.15184,-0.19378,-0.72959,-0.76413,0.40143,0.054764,-0.27827,-0.39612,-0.64065,-0.69952,-0.46188,-0.31291,-0.55798,-0.5167,-0.83816,-0.74012,-0.31203,-0.71303,0.51518,-0.056924,0.039166,0.14742,-0.31653,-0.16105,0.1201,0.022715,0.39819,-0.32808,-0.17351,0.83261,0.83257,0.55158,0.48775,0.62987,0.40673,0.46971,0.37425,0.54041,0.20916,1.0201,0.92493,1.1769,0.80297,0.32174,0.10887,-0.39701,-0.032899,0.064832,0.11304,0.048797,-0.097817,-0.24345,-0.16543,-0.28257,-0.50568,-0.48489,-0.49902,-0.78337,-0.5069,0.88356,1.2344,-0.24274,-0.017881,-1.2495,-0.70302,0.054372,0.40357,-0.11653,-0.056838,-0.019342,-0.22781,-0.00024058,-0.20574,-0.19663,-0.14932,-0.29572,0.0068217,0.75692,0.53581,0.38771,0.3799,0.30031,-0.013601
0.12633,0.066834,0.40275,0.20887,0.48667,0.19344,0.2816,-0.36015,0.090898,-0.61722,-0.21691,-0.090605,0.18789,0.28926,0.57646,0,0.57565,0.49228,-0.21993,0.251,0.37349,0.4031,0.21773,0.074972,0.046705,-0.4235,0.22955,0.40918,-0.21506,-0.36045,-0.069707,-0.19072,0.21293,0.092402,-0.423,-0.34793,-0.19444,-0.29052,-0.2089,-0.15167,0.3515,0.04701,0.0002417,0.010312,0.32432,0.28152,0.17137,0.10352,0.34758,0.19144,0.17941,0.5685,0.27368,0.20392,-0.0065929,0.24908,0.22361,0.54926,0.25791,0.19549,0.87481,0.16318,0.35569,0.31289,0.397,0.1742,0.067818,-0.45673,0.083601,-0.12464,-0.002031,0.077778,-0.034544,0.20456,-0.040613,-0.042263,-0.21114,-0.037739,-0.035607,-0.50731,-0.21383,0.51358,0.52215,-0.22833,-0.26689,-0.50143,-0.16945,0.31454,0.40113,0.086293,-0.0039172,0.43356,0.21199,0.13626,0.1486,-0.03867,0.14764,0.23421,0.59871,0.35612,0.45567,0.068419,0.23054,-0.0073014,0.12843
0.32095,0.089106,0.50286,0.065992,0.58791,0.44196,0.57872,-0.024905,-0.29753,-0.27769,-0.58969,-0.4893,-0.092979,-0.28174,0.68593,0.57565,0,1.0237,-0.25105,-0.087523,0.71399,0.69909,0.7333,0.3679,-0.09354,-0.13759,0.39581,0.5498,0.14818,-0.12881,-0.16164,-0.21182,0.033095,-0.019837,-0.56163,-0.31813,-0.47476,-0.49196,0.10758,-0.19143,0.99807,0.49287,-0.06613,0.50154,-0.2301,-0.19573,-0.022386,-0.11383,0.39372,-0.38196,-0.36823,0.48832,0.62249,0.56883,0.1467,0.78227,0.59581,0.66138,0.6844,0.35622,0.5599,0.3859,0.37106,0.4364,0.47604,0.090846,-0.038172,-0.83517,0.062219,-0.066318,0.18229,-0.16134,-0.25419,-0.31938,-0.23425,-0.42325,-0.61517,-0.23276,-0.41745,-0.72774,-0.76253,0.94693,0.58053,-0.16305,-0.27456,-0.78622,-0.45134,0.002477,0.40322,-0.34535,-0.4465,0.11205,0.12232,-0.37037,-0.41332,-0.51273,-0.28405,-0.22686,0.16444,0.6951,0.70889,0.6183,0.55482,0.23175,0.083037
0.14337,0.18264,0.37718,0.027671,0.32731,0.4331,0.24409,-0.046124,-0.24285,-0.27644,-0.55569,-0.36798,-0.12231,-0.21511,0.47196,0.49228,1.0237,0,-0.23827,0.17163,0.55465,0.65841,0.37992,0.35765,0.06669,-0.050932,0.33543,0.39318,0.18607,-0.1358,-0.026145,-0.024962,0.051181,0.082717,-0.36234,-0.072488,-0.45458,-0.38914,-0.060571,-0.12637,0.7041,0.44466,0.031108,0.51367,-0.18298,-0.28247,0.2126,0.037728,0.50401,-0.37789,-0.32183,0.60739,0.46374,0.60346,0.17547,0.77291,0.95778,1.0217,0.84961,0.21215,0.58778,0.32808,0.30835,0.3004,0.34267,0.28992,0.12585,-0.5009,-0.025369,0.13192,0.24966,-0.129,-0.18845,-0.19817,0.05265,-0.53786,-0.46272,-0.071978,-0.24714,-0.48953,-0.44195,0.61983,0.40306,0.044753,-0.025959,-0.52205,-0.042734,0.22843,0.61189,-0.042545,-0.28633,0.2621,0.29181,-0.1812,-0.10753,-0.22576,-0.051468,-0.20075,0.079884,0.59952,0.73818,0.64007,0.41726,0.45003,0.33467
-0.25443,0.35685,-0.55172,-0.22919,-0.35109,-0.1028,-0.41268,0.39941,0.42132,0.53983,0.86725,0.78562,0.85568,0.6858,-0.90615,-0.21993,-0.25105,-0.23827,0,0.49657,-0.30682,-0.099115,0.34273,0.48666,0.89076,0.77596,-0.16107,0.33253,0.3581,0.38305,0.50158,0.44065,0.6158,0.55691,0.22268,0.32097,0.70011,0.56827,0.29635,0.73776,-0.26901,0.18793,-0.29317,-0.1376,0.2368,0.18306,-0.065415,0.12065,-0.19681,0.60547,0.41522,-0.80584,-0.61709,-0.34537,-0.29993,-0.5574,-0.5023,-0.33122,-0.34244,-0.23755,0.18363,-0.83628,-0.64122,-0.93095,-0.60764,-0.30383,-0.025943,0.068165,0.23695,-0.15473,0.1881,-0.084601,0.026548,0.22638,0.10418,0.38082,0.51917,0.86849,0.86664,0.62162,0.37908,-0.50047,-0.94,0.48477,0.092587,1.0492,0.82217,0.13531,-0.078081,0.021399,-0.050401,0.16199,0.53152,-0.055562,0.20278,0.39954,0.36686,0.55565,0.29417,-0.53696,-0.31133,-0.11777,0.015021,-0.10168,0.22653
0.059076,0.56858,-0.0421,0.090341,0.18872,0.22415,-0.068479,0.16359,0.67737,0.18677,0.49525,0.80524,0.40474,0.52225,-0.40188,0.251,-0.087523,0.17163,0.49657,0,-0.25537,0.016837,0.073842,0.39493,0.88337,0.53494,0.092283,0.42136,0.38095,0.26386,0.48022,0.37364,0.46027,0.20205,0.31369,0.29942,0.39405,0.18389,0.20827,0.64472,-0.018177,0.21915,0.060402,0.063695,0.6009,0.33849,0.27982,0.28203,0.10816,0.50792,0.37638,-0.047553,-0.29314,-0.12987,-0.39733,-0.17471,0.039414,0.23716,0.051948,0.0089767,0.71609,-0.5237,-0.24728,-0.52427,-0.18954,0.16739,0.21938,0.3846,0.52446,0.23144,0.28784,0.082031,0.11829,0.53578,0.2752,0.48738,0.69314,0.62608,0.69004,0.49311,0.66101,-0.10928,-0.30585,0.55147,0.1782,0.5019,0.67946,0.47617,0.19303,0.43545,0.1994,0.66246,0.74786,0.52741,0.66838,0.47487,0.62663,0.75181,0.4713,-0.40696,-0.10084,-0.43527,-0.28813,0.14898,0.30349
0.19277,0.17546,0.40742,-0.063478,0.57733,0.90813,0.079922,0.043107,-0.31629,-0.12386,-0.73802,-0.50848,-0.007267,-0.098747,0.70065,0.37349,0.71399,0.55465,-0.30682,-0.25537,0,1.1966,0.72333,0.57869,-0.39322,-0.26638,1.0187,0.59374,0.13336,0.017875,-0.31082,-0.18865,0.17023,0.37346,-0.82974,-0.15241,-0.5797,-0.42677,-0.20816,-0.32901,1.0513,0.63813,-0.37546,0.69093,-0.32017,-0.072802,-0.13769,-0.10851,0.97355,-0.36151,-0.11264,0.27035,1.0859,1.2549,0.85724,1.1576,0.45826,0.37604,0.46692,0.061711,0.24783,0.78222,0.57137,0.37393,0.1566,-0.034524,-0.13452,-0.60277,0.118,-0.3459,0.21891,-0.22329,-0.33802,-0.2784,-0.22871,-0.59777,-0.52699,0.067043,-0.17226,-0.49214,-0.77414,0.46355,0.27416,0.039312,-0.13976,-0.6378,-0.45584,-0.093996,0.29574,-0.38017,-0.37993,0.20301,0.29386,-0.1255,-0.015784,-0.044984,0.081024,-0.11281,0.38383,0.8544,0.70616,0.89592,0.84922,0.28549,0.19921
0.15488,0.44711,0.080398,-0.45138,0.64183,1.1014,0.023651,0.0085653,-0.22621,-0.015594,-0.59079,-0.3155,0.17441,0.02007,0.33163,0.4031,0.69909,0.65841,-0.099115,0.016837,1.1966,0,0.70639,0.85745,-0.015118,0.037868,0.79223,0.83254,0.24565,0.084381,0.0845,0.18915,0.42528,0.41491,-0.56699,-0.085496,-0.45402,-0.4521,-0.13215,-0.12625,1.1458,0.92946,-0.12447,1.0931,0.035835,0.11794,-0.016269,0.01269,0.91471,-0.28073,-0.099042,0.12458,0.52197,0.74882,0.29608,1.056,0.64689,0.54011,0.62718,-0.22517,0.2453,0.39705,0.28958,0.21591,0.041575,0.044384,-0.039133,-0.50538,0.16324,-0.18967,0.22618,-0.067172,-0.15719,-0.019549,-0.015751,-0.74333,-0.60623,0.11352,-0.16437,-0.4282,-0.66813,0.22127,0.039409,0.05058,-0.3213,-0.39541,-0.2216,0.040605,0.32372,-0.17786,-0.27214,0.1705,0.39467,-0.20944,0.014625,-0.15704,-0.0069112,-0.083708,0.42811,0.9143,0.84967,0.65589,0.61269,0.13471,0.1271
0.3905,0.50111,0.12435,-0.16049,0.49867,0.61994,0.22598,0.47276,-0.033641,0.33094,0.0065309,-0.03375,0.34448,0.092798,0.15184,0.21773,0.7333,0.37992,0.34273,0.073842,0.72333,0.70639,0,1.0487,0.18749,0.34767,0.68476,1.1126,0.67582,0.42774,0.13845,0.12686,0.44525,0.44528,-0.36366,0.14604,0.044162,0.027969,0.45509,0.30772,0.90396,0.98902,-0.39946,0.61764,-0.09755,-0.014919,-0.36016,-0.30567,0.41718,-0.059959,-0.044662,-0.078116,0.34774,0.45733,0.19186,0.50119,0.14175,0.14955,0.26543,0.068468,0.45333,0.14497,0.17761,-0.078095,0.059947,-0.28555,-0.28992,-0.57284,0.49499,-0.28752,0.41932,-0.30519,-0.38667,-0.19854,-0.33638,-0.15341,-0.16753,0.29114,0.086282,-0.083536,-0.4364,0.40744,-0.019395,0.11398,-0.34352,-0.16772,-0.079024,-0.23413,0.032933,-0.48083,-0.54344,0.04553,0.34586,-0.3242,-0.2333,-0.14014,0.015143,0.096932,0.39867,0.30333,0.38414,0.64499,0.60236,0.13856,0.066917
0.28354,1.0184,-0.13926,-0.44528,0.35705,0.96622,-0.13859,0.62802,0.059784,0.54099,0.083211,0.13276,0.55552,0.24262,-0.19378,0.074972,0.3679,0.35765,0.48666,0.39493,0.57869,0.85745,1.0487,0,0.4007,0.67995,0.7567,1.1482,0.86052,0.76532,0.2905,0.47448,0.81032,0.77273,-0.15764,0.46396,0.15456,0.11436,0.34359,0.49378,0.74505,1.5185,-0.44073,0.87062,0.06126,0.10914,-0.38244,-0.27202,0.55773,0.032873,0.090798,-0.27792,0.20091,0.49346,0.18513,0.51463,0.21328,0.15974,0.31395,-0.17767,0.41865,-0.079984,-0.0066455,-0.44135,-0.27968,-0.38474,-0.36507,-0.14669,0.57443,-0.36711,0.26753,-0.42333,-0.42062,-0.048673,-0.25747,-0.19619,-0.034277,0.61752,0.28087,0.13817,-0.26951,0.043082,-0.42959,0.36898,-0.21079,0.13343,0.13143,-0.17795,-0.019907,-0.37529,-0.43627,0.24202,0.75976,-0.11285,0.14726,0.10048,0.27259,0.25081,0.47467,0.2374,0.40952,0.51399,0.50804,0.18621,0.33727
0.021606,0.54066,-0.45636,-0.24699,-0.10867,-0.045284,-0.084692,0.26081,0.48016,0.31128,0.77805,1.0089,0.63209,0.53329,-0.72959,0.046705,-0.09354,0.06669,0.89076,0.88337,-0.39322,-0.015118,0.18749,0.4007,0,0.90242,-0.1159,0.44967,0.46954,0.33163,0.92142,0.68633,0.63418,0.29181,0.49989,0.44775,0.8166,0.55514,0.55121,1.2054,-0.047305,0.31296,0.17563,0.071788,0.56438,0.28619,0.13612,0.12074,-0.23213,0.56245,0.37196,-0.43414,-0.69184,-0.44432,-0.63875,-0.44094,-0.073723,0.066975,-0.051474,-0.35938,0.36612,-0.9563,-0.60337,-0.81558,-0.43984,-0.092394,0.084188,0.16838,0.29642,0.079764,0.16445,0.037746,0.076738,0.47678,0.22809,0.41248,0.55276,0.53915,0.59683,0.64777,0.53278,-0.40096,-0.59662,0.16393,-0.077783,0.67502,0.64523,0.29264,0.024838,0.30844,0.052003,0.17269,0.30601,0.058744,0.26663,0.2434,0.26992,0.50508,0.18352,-0.55101,-0.30618,-0.31165,-0.31984,-0.20335,0.094581
0.24964,0.75581,-0.48432,-0.42021,-0.019708,0.18535,-0.09311,0.72772,0.3891,1.1547,0.70253,0.56842,0.3544,0.14415,-0.76413,-0.4235,-0.13759,-0.050932,0.77596,0.53494,-0.26638,0.037868,0.34767,0.67995,0.90242,0,0.138,0.42884,1.0059,1.0195,0.81939,0.88115,0.42225,0.21221,0.58762,0.78559,0.7405,0.55739,0.79583,1.1466,0.089442,0.61756,0.055062,0.40224,0.26707,0.059967,-0.30009,-0.24435,-0.11662,0.20277,0.095784,-0.60588,-0.53873,-0.26857,-0.39099,-0.17295,-0.035473,-0.18093,-0.047371,-0.29588,0.033163,-0.53442,-0.34393,-0.74505,-0.33734,-0.32216,-0.22245,0.4063,0.5868,0.099473,0.29989,-0.15721,-0.093617,0.1162,-0.070846,0.19209,0.39643,0.37237,0.28879,0.76647,0.26145,-0.33074,-0.65778,0.24225,-0.15626,0.6353,0.42942,-0.23778,-0.3372,-0.083718,-0.19091,-0.15937,0.21801,-0.11104,0.0014323,0.047761,0.038809,0.21744,-0.081763,-0.32463,-0.13588,-0.073159,-0.17608,-0.047458,0.019292
0.49164,0.44244,0.31845,-0.031623,0.64744,0.80775,0.036149,0.15575,0.0085559,0.22563,-0.29996,-0.19983,-0.0054845,-0.04379,0.40143,0.22955,0.39581,0.33543,-0.16107,0.092283,1.0187,0.79223,0.68476,0.7567,-0.1159,0.138,0,0.92803,0.63836,0.51375,-0.021595,0.10808,0.1511,0.25329,-0.4018,0.12121,-0.21928,-0.14185,0.14381,0.050824,0.91935,0.75616,-0.27607,0.7,-0.019359,0.095605,-0.33102,-0.309,0.89677,-0.20243,-0.016129,0.16218,0.72516,0.79072,0.56766,0.77802,0.29901,0.15901,0.2749,-0.0043113,0.28604,0.62646,0.596,0.095059,0.08043,-0.16648,-0.29525,-0.0095322,0.79228,-0.14805,0.34979,-0.20583,-0.32261,-0.063362,-0.29937,-0.19473,-0.10015,0.096153,-0.064726,-0.11798,-0.40994,0.38027,0.15787,0.070257,-0.18417,-0.39081,-0.32835,-0.28265,-0.008377,-0.38046,-0.33487,0.14612,0.2959,0.02064,0.083671,0.056037,0.2216,0.19548,0.39825,0.39551,0.48136,0.42273,0.33525,0.21115,0.055881
0.42008,0.75475,-0.013648,-0.26759,0.57557,0.6184,0.05765,0.17165,0.19344,0.23941,0.045702,0.15953,0.47167,0.29764,0.054764,0.40918,0.5498,0.39318,0.33253,0.42136,0.59374,0.83254,1.1126,1.1482,0.44967,0.42884,0.92803,0,0.78181,0.47821,0.32833,0.32393,0.56765,0.45244,-0.33924,0.094833,0.070556,-0.0088668,0.39448,0.41919,0.86294,0.95593,-0.25769,0.6072,0.33596,0.39487,-0.19389,-0.18258,0.54212,0.10067,0.11955,-0.025977,0.24253,0.35851,0.016041,0.41255,0.13355,0.21558,0.24111,-0.14779,0.62812,0.035765,0.078148,-0.21651,-0.14155,-0.23049,-0.22723,-0.20525,0.8075,-0.20729,0.27338,-0.13137,-0.22381,0.24601,-0.12072,-0.00023115,-0.0020051,0.33797,0.17862,-0.065889,-0.28041,0.21742,-0.1161,0.077417,-0.37846,-0.13425,-0.030227,-0.031953,0.060565,-0.20555,-0.22689,0.20478,0.47736,-0.11983,0.07476,0.036033,0.26591,0.4404,0.68038,0.1839,0.34453,0.25867,0.26774,0.0091894,0.073728
0.55053,0.76398,-0.15813,-0.27192,0.23504,0.37436,0.025318,0.57942,0.095499,0.72366,0.32633,0.16471,0.19414,-0.040378,-0.27827,-0.21506,0.14818,0.18607,0.3581,0.38095,0.13336,0.24565,0.67582,0.86052,0.46954,1.0059,0.63836,0.78181,0,1.259,0.48467,0.60144,0.3213,0.23447,0.19386,0.64355,0.37356,0.31454,0.82228,0.72348,0.45447,0.86046,-0.15655,0.57572,0.095602,0.011503,-0.47245,-0.52692,0.2009,-0.034331,-0.074152,-0.18854,-0.0029367,0.11992,-0.06984,0.23074,0.085572,0.0030726,0.15753,-0.12811,0.17284,-0.098468,-0.035117,-0.45891,-0.17156,-0.37037,-0.42049,0.22809,0.88995,0.01043,0.32491,-0.30221,-0.31892,-0.038026,-0.23151,0.056725,0.1732,0.23701,0.099117,0.36799,-0.043517,0.076364,-0.29492,0.12799,-0.24704,0.14296,0.14993,-0.3979,-0.26915,-0.33241,-0.347,-0.10219,0.19686,-0.17559,-0.12377,-0.06139,0.049157,0.17501,-0.023096,-0.1478,0.047883,0.19525,-0.033196,0.18645,0.0052131
0.59338,0.87411,-0.21756,-0.26398,0.096033,0.3294,-0.079287,0.8525,0.18335,1.0834,0.45072,0.22415,0.23255,0.010093,-0.39612,-0.36045,-0.12881,-0.1358,0.38305,0.26386,0.017875,0.084381,0.42774,0.76532,0.33163,1.0195,0.51375,0.47821,1.259,0,0.34403,0.63713,0.32009,0.29047,0.34875,0.9529,0.52062,0.51788,0.73795,0.74316,0.24053,0.70876,-0.23535,0.4507,0.06917,0.043652,-0.76784,-0.67471,0.12597,0.077412,0.070816,-0.41091,-0.079851,0.066403,0.051071,0.077928,-0.09743,-0.27282,-0.051337,-0.10268,0.023021,-0.17592,0.010638,-0.6069,-0.2192,-0.62464,-0.65782,0.4682,0.8648,-0.19027,0.14401,-0.44276,-0.40509,-0.089785,-0.46135,0.14221,0.25643,0.30056,0.16204,0.51982,0.022681,-0.092261,-0.43513,0.16957,-0.16262,0.2987,0.10355,-0.62321,-0.54903,-0.43378,-0.301,-0.19801,0.17023,-0.071188,-0.010195,0.056253,0.09787,0.12758,-0.050971,-0.15224,0.033157,0.1418,0.025682,0.062778,0.05721
-0.036268,0.35198,-0.56595,-0.50617,-0.068306,0.029274,-0.11125,0.15716,0.26491,0.45142,0.55033,0.54741,0.36539,0.36764,-0.64065,-0.069707,-0.16164,-0.026145,0.50158,0.48022,-0.31082,0.0845,0.13845,0.2905,0.92142,0.81939,-0.021595,0.32833,0.48467,0.34403,0,1.4321,0.41873,0.1154,0.45841,0.3356,0.5907,0.48049,0.38805,0.69678,-0.054126,0.25537,0.5804,0.2782,0.74191,0.27303,0.12087,0.086095,-0.14781,0.29814,0.19481,-0.45085,-0.76049,-0.55,-0.75926,-0.29179,0.11712,0.038851,0.034875,-0.72061,-0.0024158,-0.42775,-0.23787,-0.32882,-0.11338,0.1388,0.21309,0.12669,0.28063,0.41862,0.43192,0.46381,0.48749,0.45052,0.4138,0.0019326,0.19081,0.10338,0.11916,0.45634,0.24664,-0.43621,-0.40939,-0.14476,-0.49501,0.49659,0.58285,0.049797,-0.096477,0.334,0.039028,-0.21474,-0.0052043,-0.3246,-0.14153,-0.17227,-0.1661,0.11616,0.012805,-0.25952,-0.061562,-0.2447,-0.29496,-0.54164,-0.46496
0.048022,0.5579,-0.62713,-0.67293,-0.13589,0.17556,-0.27249,0.30029,0.10259,0.60061,0.40613,0.35707,0.37647,0.29178,-0.69952,-0.19072,-0.21182,-0.024962,0.44065,0.37364,-0.18865,0.18915,0.12686,0.47448,0.68633,0.88115,0.10808,0.32393,0.60144,0.63713,1.4321,0,0.48821,0.28423,0.41043,0.54515,0.49649,0.50784,0.3225,0.61426,0.001526,0.41171,0.38294,0.44262,0.56117,0.22764,-0.08565,-0.083052,0.015226,0.18188,0.15519,-0.51883,-0.54797,-0.31095,-0.44214,-0.12081,0.17507,0.010586,0.10655,-0.75155,-0.087204,-0.36543,-0.16591,-0.42421,-0.18668,-0.033362,-0.0046405,0.21803,0.30456,0.20838,0.28103,0.236,0.29599,0.29341,0.2401,-0.17065,0.052356,0.16343,0.077005,0.39785,0.085646,-0.48289,-0.5542,-0.072623,-0.43514,0.49531,0.52243,-0.12273,-0.18619,0.13906,-0.032878,-0.25252,0.08857,-0.37749,-0.10846,-0.15818,-0.13656,-0.0053312,-0.027011,-0.1029,0.11817,-0.043293,-0.1157,-0.44941,-0.31118
-0.14135,0.62353,-0.53183,-0.60765,-0.015941,0.48259,-0.40767,0.36556,0.053162,0.12671,0.39703,0.47597,1.4746,0.86123,-0.46188,0.21293,0.033095,0.051181,0.6158,0.46027,0.17023,0.42528,0.44525,0.81032,0.63418,0.42225,0.1511,0.56765,0.3213,0.32009,0.41873,0.48821,0,1.2712,0.1169,0.42965,0.51863,0.27795,0.12048,0.57893,0.17224,0.62203,-0.28432,0.36137,0.22609,0.24064,-0.15623,-0.046385,0.014089,0.6118,0.63449,-0.58722,-0.22204,-0.01711,-0.10916,0.064188,-0.0021617,0.22483,0.27401,-0.56401,0.3392,-0.63372,-0.41008,-0.63886,-0.57057,-0.30464,-0.16694,-0.20847,0.062736,-0.54032,-0.067139,-0.26903,-0.20246,0.11561,-0.047053,-0.013463,0.10433,0.91924,0.62323,0.3282,0.04079,-0.42736,-0.79891,0.1469,-0.30404,0.48335,0.3645,0.11903,0.11775,-0.089894,-0.23413,0.37755,0.62528,-0.021584,0.32802,0.27332,0.4114,0.48161,0.43527,-0.13231,-0.037501,0.18732,0.32442,-0.098232,0.3171
-0.24241,0.48585,-0.45629,-0.47852,-0.22409,0.41823,-0.72082,0.35386,-0.046349,0.12543,0.23517,0.27383,1.2036,0.8193,-0.31291,0.092402,-0.019837,0.082717,0.55691,0.20205,0.37346,0.41491,0.44528,0.77273,0.29181,0.21221,0.25329,0.45244,0.23447,0.29047,0.1154,0.28423,1.2712,0,-0.14191,0.37691,0.30433,0.28058,-0.098657,0.31127,0.10586,0.49497,-0.60998,0.24291,-0.049016,0.12492,-0.19821,-0.067741,0.16719,0.45899,0.5971,-0.50686,0.0080179,0.23875,0.30129,0.1412,-0.075235,0.11503,0.19538,-0.44916,0.28029,-0.33694,-0.25961,-0.54433,-0.63257,-0.36262,-0.21823,-0.26885,-0.027266,-0.73497,-0.099372,-0.38174,-0.29443,-0.022502,-0.067406,-0.11306,0.041847,1.0636,0.6783,0.19748,-0.10722,-0.39842,-0.77394,0.26327,-0.08575,0.39002,0.37219,0.071936,0.16282,-0.19564,-0.23398,0.35466,0.71974,-0.067559,0.35268,0.47286,0.6181,0.41886,0.46028,-0.02591,0.049734,0.48779,0.63256,0.040234,0.51678
0.057564,0.11907,-0.30733,-0.055041,-0.26681,-0.23999,0.027772,0.36604,0.2462,0.36319,0.68181,0.60732,0.063677,0.079379,-0.55798,-0.423,-0.56163,-0.36234,0.22268,0.31369,-0.82974,-0.56699,-0.36366,-0.15764,0.49989,0.58762,-0.4018,-0.33924,0.19386,0.34875,0.45841,0.41043,0.1169,-0.14191,0,0.76672,0.76909,0.50998,0.46093,0.68183,-0.40507,-0.05913,0.4838,-0.042477,0.084894,-0.23513,-0.065825,-0.076771,-0.76466,0.41974,0.32807,-0.51813,-0.79799,-0.76285,-0.50486,-0.49654,-0.0096361,-0.065478,-0.022946,-0.21502,-0.29292,-0.60811,-0.24092,-0.38861,-0.089627,-0.0034171,0.023817,0.64076,0.062056,0.29547,0.074762,-0.03744,0.04026,-0.028339,-0.041494,0.37111,0.49909,0.10149,0.2324,0.99621,0.79318,-0.47183,-0.34898,0.020147,0.060148,0.69781,0.36731,-0.080973,-0.23714,0.17892,-0.024625,-0.229,-0.26767,0.16669,0.065783,0.072148,-0.075143,0.032971,-0.57828,-0.60372,-0.54089,-0.40243,-0.53667,-0.12403,-0.15435
0.34635,0.67866,-0.24988,-0.21456,-0.12811,0.23947,-0.10099,1.1051,0.10039,0.70461,0.58063,0.40426,0.25174,0.073072,-0.5167,-0.34793,-0.31813,-0.072488,0.32097,0.29942,-0.15241,-0.085496,0.14604,0.46396,0.44775,0.78559,0.12121,0.094833,0.64355,0.9529,0.3356,0.54515,0.42965,0.37691,0.76672,0,0.78567,0.80003,0.65077,0.94675,0.0609,0.5463,-0.094993,0.33222,-0.06822,-0.21379,-0.52364,-0.54177,-0.12572,0.17991,0.19281,-0.43457,-0.24227,-0.041182,0.040584,-0.024961,0.064085,-0.099678,0.031582,-0.18232,-0.0093973,-0.37449,-0.09938,-0.71105,-0.24966,-0.47106,-0.48907,0.376,0.30144,-0.20883,0.065693,-0.57374,-0.5082,-0.19552,-0.39167,0.14257,0.37246,0.44074,0.32949,0.86535,0.32199,-0.25698,-0.50402,0.18325,-0.010918,0.48715,0.29631,-0.41296,-0.42532,-0.19557,-0.31805,-0.088468,0.10832,0.13521,0.19058,0.1974,0.16727,0.026022,-0.2048,-0.27796,-0.14907,0.16713,-0.020128,0.079863,0.20715
0.073214,0.34278,-0.54754,-0.17952,-0.36148,-0.23411,-0.16507,0.6051,0.38929,0.51191,1.6835,0.90727,0.58639,0.47283,-0.83816,-0.19444,-0.47476,-0.45458,0.70011,0.39405,-0.5797,-0.45402,0.044162,0.15456,0.8166,0.7405,-0.21928,0.070556,0.37356,0.52062,0.5907,0.49649,0.51863,0.30433,0.76909,0.78567,0,1.3359,0.70226,1.3317,-0.35128,0.11372,-0.021698,-0.1811,0.29877,0.13439,-0.35514,-0.32319,-0.58751,0.63863,0.44406,-0.64634,-0.76336,-0.63896,-0.39875,-0.68758,-0.4574,-0.41785,-0.38642,-0.33057,0.078129,-0.91805,-0.49713,-0.96022,-0.4223,-0.49832,-0.31653,0.31392,0.22921,-0.20726,-0.072368,-0.21129,-0.14299,0.15102,-0.18478,0.63375,0.75243,0.43541,0.54797,1.0463,0.56567,-0.49185,-0.6317,-0.073008,-0.20271,0.7761,0.40755,-0.2314,-0.49934,-0.015117,-0.10253,-0.066586,0.0072086,0.10077,0.14515,0.23971,0.21304,0.45264,-0.01161,-0.88317,-0.66139,-0.32871,-0.33182,-0.34791,-0.016313
0.088529,0.243,-0.38434,-0.057529,-0.53522,-0.28893,-0.20461,0.65329,0.21524,0.54748,1.0336,0.62561,0.33749,0.29989,-0.74012,-0.29052,-0.49196,-0.38914,0.56827,0.18389,-0.42677,-0.4521,0.027969,0.11436,0.55514,0.55739,-0.14185,-0.0088668,0.31454,0.51788,0.48049,0.50784,0.27795,0.28058,0.50998,0.80003,1.3359,0,0.62527,0.96893,-0.34301,0.069697,-0.061699,-0.22245,0.16076,0.029555,-0.38909,-0.37949,-0.36157,0.32331,0.23071,-0.50906,-0.46833,-0.36544,-0.10626,-0.61153,-0.38908,-0.56794,-0.50063,-0.2619,0.021123,-0.53168,-0.27841,-0.84031,-0.32544,-0.50245,-0.34901,0.23729,0.19234,-0.21321,-0.0080378,-0.21432,-0.15215,0.057549,-0.1988,0.45916,0.63667,0.32687,0.42182,0.81562,0.41484,-0.37449,-0.48996,-0.072709,-0.083984,0.61495,0.37893,-0.35429,-0.58658,-0.059774,-0.13501,-0.14569,-0.030193,0.0017702,0.076287,0.2037,0.17119,0.23776,0.0076985,-0.67833,-0.45306,-0.14917,-0.2206,-0.42533,-0.066085
0.77049,0.48909,-0.077944,-0.062613,0.16823,0.0099712,0.45452,0.70024,0.16316,0.59557,0.56703,0.35007,0.050154,-0.17686,-0.31203,-0.2089,0.10758,-0.060571,0.29635,0.20827,-0.20816,-0.13215,0.45509,0.34359,0.55121,0.79583,0.14381,0.39448,0.82228,0.73795,0.38805,0.3225,0.12048,-0.098657,0.46093,0.65077,0.70226,0.62527,0,1.0625,0.30854,0.52504,0.03491,0.2293,0.11103,-0.020165,-0.53413,-0.6715,-0.25818,-0.014955,-0.1548,-0.19656,-0.17452,-0.18351,-0.31219,-0.10165,-0.080932,-0.24259,-0.11457,0.029721,0.13557,-0.30232,-0.14357,-0.48769,-0.05692,-0.50649,-0.51369,0.16608,0.6095,-0.053288,0.090616,-0.35622,-0.4114,-0.045961,-0.46166,0.42,0.35554,0.0079519,0.020707,0.45752,0.15624,0.13753,-0.11236,-0.1495,-0.29103,0.1055,-0.085478,-0.52904,-0.61449,-0.27694,-0.30636,-0.30233,-0.1977,-0.083825,-0.22312,-0.2159,-0.15274,0.065495,-0.10955,-0.34774,-0.24343,-0.072038,-0.28555,-0.16427,-0.21958
0.33572,0.72034,-0.38656,-0.19747,-0.057615,0.054757,0.010679,0.75205,0.45882,0.66357,1.0792,0.98235,0.51688,0.35482,-0.71303,-0.15167,-0.19143,-0.12637,0.73776,0.64472,-0.32901,-0.12625,0.30772,0.49378,1.2054,1.1466,0.050824,0.41919,0.72348,0.74316,0.69678,0.61426,0.57893,0.31127,0.68183,0.94675,1.3317,0.96893,1.0625,0,0.038597,0.49702,0.006298,0.15756,0.33329,0.15623,-0.27686,-0.29299,-0.27727,0.45289,0.32296,-0.51651,-0.50761,-0.33144,-0.36706,-0.34689,-0.16099,-0.18109,-0.15551,-0.25846,0.26784,-0.75999,-0.40817,-0.99805,-0.40381,-0.41255,-0.28048,0.30519,0.51456,-0.11145,0.12091,-0.26146,-0.2377,0.21772,-0.15935,0.55766,0.72802,0.52859,0.56183,0.98377,0.52071,-0.31295,-0.59047,0.11086,-0.13943,0.62279,0.39118,-0.14502,-0.35672,0.021117,-0.13292,0.0048926,0.17015,0.13341,0.2182,0.24354,0.27647,0.44796,0.096071,-0.61954,-0.40642,-0.19903,-0.2818,-0.18395,0.055965
0.65951,0.49111,0.3939,-0.14395,1.0045,0.98926,0.4987,0.22408,-0.2007,0.055583,-0.5139,-0.34117,-0.089754,-0.31329,0.51518,0.3515,0.99807,0.7041,-0.26901,-0.018177,1.0513,1.1458,0.90396,0.74505,-0.047305,0.089442,0.91935,0.86294,0.45447,0.24053,-0.054126,0.001526,0.17224,0.10586,-0.40507,0.0609,-0.35128,-0.34301,0.30854,0.038597,0,1.1223,-0.1188,1.108,-0.10241,-0.023363,-0.22532,-0.30768,0.70495,-0.45682,-0.31906,0.31885,0.74745,0.83446,0.30002,1.1899,0.64307,0.46324,0.58154,0.11515,0.35366,0.48584,0.42041,0.22927,0.23639,-0.1012,-0.2593,-0.42566,0.38298,-0.17396,0.22944,-0.29075,-0.45465,-0.1801,-0.33997,-0.40632,-0.42959,-0.070242,-0.31418,-0.36288,-0.60733,0.63369,0.32036,-0.050833,-0.32082,-0.6726,-0.53612,-0.20331,0.090732,-0.35309,-0.40995,0.056005,0.15158,-0.12649,-0.13011,-0.30534,-0.12699,-0.18059,0.25736,0.72895,0.66868,0.61253,0.43833,0.22062,0.04759
0.52479,0.97956,-0.054564,-0.47094,0.52554,1.0881,0.13025,0.69056,-0.09821,0.47403,-0.046921,0.0083675,0.28366,-0.043565,-0.056924,0.04701,0.49287,0.44466,0.18793,0.21915,0.63813,0.92946,0.98902,1.5185,0.31296,0.61756,0.75616,0.95593,0.86046,0.70876,0.25537,0.41171,0.62203,0.49497,-0.05913,0.5463,0.11372,0.069697,0.52504,0.49702,1.1223,0,-0.25244,1.2964,-0.038611,-0.013755,-0.43282,-0.42449,0.49694,-0.18895,-0.10004,-0.14077,0.29849,0.54169,0.17968,0.72986,0.4406,0.25801,0.45804,-0.16681,0.2781,0.025392,0.064649,-0.28617,-0.1467,-0.36679,-0.43619,-0.19433,0.47498,-0.3255,0.20695,-0.49076,-0.55566,-0.16541,-0.36435,-0.301,-0.16249,0.33058,0.039052,0.097581,-0.32964,0.15064,-0.2457,0.15202,-0.31129,-0.072998,-0.11504,-0.30931,-0.086296,-0.4024,-0.50869,0.069127,0.38874,-0.12386,0.020293,-0.10165,0.046705,0.006055,0.22909,0.34735,0.39968,0.57622,0.38952,0.18813,0.20264
0.015912,-0.19041,-0.020761,-0.03206,0.064354,-0.20435,0.32153,-0.33294,0.10858,-0.067055,-0.045382,0.1333,-0.3404,-0.10785,0.039166,0.0002417,-0.06613,0.031108,-0.29317,0.060402,-0.37546,-0.12447,-0.39946,-0.44073,0.17563,0.055062,-0.27607,-0.25769,-0.15655,-0.23535,0.5804,0.38294,-0.28432,-0.60998,0.4838,-0.094993,-0.021698,-0.061699,0.03491,0.006298,-0.1188,-0.25244,0,0.11835,0.39896,0.013462,0.54833,0.37659,-0.29934,0.012496,0.0048432,0.03634,-0.42572,-0.5436,-0.63894,-0.17394,0.47293,0.32093,0.24389,-0.26113,-0.26258,0.019809,0.16473,0.43354,0.47608,0.80196,0.67479,0.14638,-0.10419,1.0269,0.33181,0.8824,0.8154,0.28779,0.5309,-0.095862,-0.076342,-0.54679,-0.35966,0.042863,0.23529,-0.11876,0.28219,-0.38769,-0.22335,-0.011365,0.10509,0.24828,0.17668,0.63578,0.29417,-0.42842,-0.57832,-0.19126,-0.29983,-0.40219,-0.51682,-0.34928,-0.40041,0.04055,0.029238,-0.3723,-0.44807,-0.47429,-0.80561
0.42964,0.67229,0.008637,-0.52648,0.64352,1.2312,0.18597,0.37903,-0.17907,0.35041,-0.33988,-0.18298,0.033525,-0.18469,0.14742,0.010312,0.50154,0.51367,-0.1376,0.063695,0.69093,1.0931,0.61764,0.87062,0.071788,0.40224,0.7,0.6072,0.57572,0.4507,0.2782,0.44262,0.36137,0.24291,-0.042477,0.33222,-0.1811,-0.22245,0.2293,0.15756,1.108,1.2964,0.11835,0,-0.027743,-0.063651,-0.16148,-0.1934,0.52308,-0.32329,-0.15211,-0.040571,0.31031,0.50454,0.13233,0.99741,0.85039,0.50486,0.78042,-0.24476,0.041114,0.26636,0.27454,0.11854,0.11036,0.026835,-0.1075,-0.1839,0.28048,0.0043756,0.33418,-0.1279,-0.18946,-0.1504,-0.10842,-0.62533,-0.42731,0.04093,-0.24338,-0.071186,-0.43182,0.13964,-0.042211,0.03241,-0.37406,-0.22789,-0.17973,-0.19085,0.096794,-0.19018,-0.3364,-0.10927,0.16288,-0.24191,-0.13466,-0.28868,-0.18996,-0.29116,0.012894,0.65757,0.6149,0.57952,0.3954,0.13471,-0.035434
0.095969,0.385,-0.33348,-0.25726,0.20829,-0.041929,-0.037606,-0.23423,0.65759,0.14005,0.41822,0.5284,0.31578,0.47972,-0.31653,0.32432,-0.2301,-0.18298,0.2368,0.6009,-0.32017,0.035835,-0.09755,0.06126,0.56438,0.26707,-0.019359,0.33596,0.095602,0.06917,0.74191,0.56117,0.22609,-0.049016,0.084894,-0.06822,0.29877,0.16076,0.11103,0.33329,-0.10241,-0.038611,0.39896,-0.027743,0,1.2147,0.26738,0.21332,0.028051,0.38867,0.25088,-0.033832,-0.52504,-0.45892,-0.77682,-0.35313,-0.18719,-0.085492,-0.26603,-0.36864,0.25261,-0.33667,-0.22029,-0.18298,-0.096965,0.13965,0.19491,0.2854,0.3842,0.25273,0.029127,0.62846,0.56462,1.3957,0.48091,0.32625,0.29585,0.039561,0.13221,0.10632,0.27707,-0.27864,-0.1485,-0.15621,-0.41121,0.17119,0.28595,0.26721,-0.15016,0.61806,0.62316,0.0042015,0.065316,0.11624,0.22908,0.064952,0.13228,0.3754,0.47456,-0.18281,-0.025311,-0.70507,-0.43803,-0.60073,-0.34327
