,,,,,,,,,,,,,,,,,,,,,,,,,,,,,,,,,,,,,,,,,,,,,,,,,,,,,,,,,,,,,,,,,,,,,,,,,,,,,,,,,,,,,,,,,,,,,,,,,,,,,,,,
0,0.37058,-0.04892,-0.14874,0.79763,-0.13153,0.77464,-0.049923,0.16393,0.272,0.19379,0.10841,0.066032,-0.14126,-0.54748,-0.29991,-0.043849,0.041944,0.39491,0.19759,-0.087387,0.0079101,0.74966,0.39921,0.43353,0.23988,0.44556,0.58557,0.69033,0.75589,0.1036,0.35176,0.15976,0.036697,0.092597,0.14441,0.091008,-0.027737,0.76926,0.27837,0.71439,0.4119,0.059291,0.28404,0.24544,0.4546,-0.20532,-0.11029,0.14882,-0.046547,-0.21597,-0.24584,0.25743,-0.0698,-0.26514,0.13731,0.047782,0.058636,0.24312,0.11175,-0.0062857,-0.36416,-0.34339,-0.068091,0.024373,-0.11986,-0.052523,0.435,0.70615,0.14433,0.089169,0.039641,0.33287,0.1857,0.17528,0.48874,0.20714,0.31676,0.20196,0.23022,0.080006,-0.02092,-0.52667,0.24561,0.1278,0.37341,0.35035,-0.041737,0.14892,-0.047116,0.52495,0.21104,0.011909,0.2669,-0.22773,-0.18399,-0.38659,0.27583,0.06779,-0.34942,0.012777,-0.28509,-0.24964,-0.041915,-0.29451
0.37058,0,-0.30281,-0.46317,0.33864,0.52135,-0.024413,0.50174,0.3361,0.86861,0.34733,0.47087,0.47808,0.21876,-1.0511,-0.2055,0.16419,0.37934,0.85598,0.97903,-0.00086911,0.57298,0.65338,1.1647,0.86492,1.2995,0.36368,0.98905,0.91757,0.88641,0.72085,0.806,0.82669,0.54904,0.20645,0.34825,0.36972,0.10353,0.42853,0.80916,0.46035,1.0172,0.066469,0.88427,0.34933,0.22238,0.068822,0.20436,0.32054,0.084393,0.026963,-0.46155,-0.13301,0.054765,-0.30134,0.23131,0.38102,0.37399,0.43015,-0.24538,0.57388,-0.41206,-0.28162,-0.89912,-0.34823,0.13061,0.16894,0.45797,0.92145,0.74206,0.71102,0.10881,0.16178,0.38048,0.38523,0.05754,0.28443,0.65352,0.45138,0.49683,0.2285,-0.34703,-1.2901,0.52253,0.04105,0.69262,0.54646,0.21007,0.25529,0.18593,0.049408,0.2624,0.6926,-0.02258,0.11957,0.12189,0.22815,0.46078,0.38871,-0.15981,0.15636,-0.043498,-0.050422,0.19145,0.16634
-0.04892,-0.30281,0,1.195,0.13356,0.28557,0.027735,-0.062089,-0.1706,-0.40982,-0.59753,-0.42659,-0.54314,-0.30802,0.49402,0.0035791,-0.033029,0.28448,-0.82738,-0.20104,0.38588,9.8693e-05,-0.42367,-0.14276,-0.63543,-0.68635,0.042203,-0.46897,-0.55405,-0.33499,-1.0126,-0.65436,-0.40203,0.033329,-0.45314,-0.20672,-0.63549,-0.56358,-0.73776,-0.87628,0.070164,-0.18629,-0.339,0.0091151,-0.61843,-0.397,0.12836,0.36032,0.32283,-0.18894,-0.093714,0.6656,0.84614,0.73024,0.7597,0.64122,0.4336,0.5039,0.48872,0.57012,0.14641,0.39177,0.42263,0.62326,0.26839,0.24309,0.19518,0.035598,-0.2491,-0.23962,-0.0044269,-0.48989,-0.38978,-0.32196,-0.22809,-0.076623,-0.081098,0.29755,0.074218,-0.19324,-0.018227,0.42608,0.52987,0.49818,0.79861,-0.29527,-0.20618,0.32046,0.50473,0.00018292,0.17846,0.60527,0.30543,0.28468,0.24352,0.37999,0.22382,-0.13137,0.13423,0.34752,0.32846,0.30744,0.72359,0.45189,0.53047
-0.14874,-0.46317,1.195,0,0.046624,-0.09065,0.077945,-0.32246,0.12754,-0.67069,-0.31365,-0.079094,-0.36542,-0.058747,0.67433,0.18486,-0.24637,0.10932,-0.56027,-0.058748,0.050047,-0.40636,-0.66397,-0.48058,-0.38222,-0.79437,-0.15629,-0.6466,-0.66539,-0.5691,-1.0123,-0.89034,-0.43797,-0.096469,-0.062443,-0.14053,-0.44931,-0.457,-0.67296,-0.60659,-0.24158,-0.57333,-0.16847,-0.42613,-0.43577,-0.24107,0.54265,0.73078,0.0068876,0.14182,0.21943,0.63582,0.39727,0.2978,0.49187,0.096497,0.095747,0.43631,0.16992,0.65801,0.14161,0.13237,0.17544,0.55294,0.18801,0.53555,0.52956,0.22383,-0.38623,-0.10342,-0.12802,-0.26319,-0.17168,-0.098627,0.069013,0.2487,0.22266,0.35594,0.35252,0.021122,0.36963,0.18132,0.50128,0.45693,1.0038,-0.098728,-0.0089884,0.7135,0.60806,0.34183,0.47981,0.57733,0.13543,0.59542,0.56295,0.74903,0.45202,0.014839,-0.065594,-0.019975,-0.077058,-0.006208,0.25948,0.4698,0.55136
0.79763,0.33864,0.13356,0.046624,0,0.32047,0.7402,0.25392,0.52862,0.32775,0.20579,0.30353,0.16341,0.031583,-0.33755,-0.091149,-0.09645,-0.06347,0.37494,0.50405,0.10193,0.096632,0.69005,0.49157,0.26132,0.19248,0.57214,0.4949,0.47275,0.54047,-0.038747,0.077921,0.34459,0.13721,0.15235,0.17247,0.016791,-0.252,0.43904,0.23569,0.73528,0.43979,-0.25106,0.30302,0.22141,0.44658,-0.14413,0.06233,0.30844,0.11373,-0.0026462,-0.34694,0.29393,0.06745,-0.12361,0.19253,-0.084193,-0.071556,0.065907,0.31831,0.25507,-0.21597,-0.14235,-0.10456,-0.045082,-0.0078293,0.055399,0.67836,0.76782,0.0060098,0.27242,-0.076053,0.25963,0.13723,0.048462,0.59987,0.56507,0.56031,0.41996,0.46966,0.24189,0.0052663,-0.50502,0.60742,0.21166,0.48348,0.28183,-0.0019965,0.073068,-0.031643,0.36781,0.75563,0.40807,0.79973,0.30229,0.10245,-0.024831,0.51831,0.45372,-0.34084,-0.04936,-0.4494,-0.14286,0.14675,-0.025451
-0.13153,0.52135,0.28557,-0.09065,0.32047,0,-0.20501,0.81811,0.0015049,0.53698,-0.37102,-0.11575,-0.11696,-0.17826,-0.12827,-0.23154,0.44945,0.54127,-0.058902,0.30767,0.85774,1.2228,0.28065,0.93326,-0.12009,0.40102,0.5563,0.36952,0.20871,0.28813,0.034473,0.11976,0.2619,0.46056,-0.47081,-0.039435,-0.27223,-0.35521,-0.27067,-0.057825,0.6009,0.91187,-0.50835,1.1286,-0.31064,-0.29576,-0.16177,0.059576,0.97681,-0.37212,-0.23835,-0.013332,0.51192,0.9082,0.495,1.0039,0.65282,0.23432,0.47685,0.043008,0.52519,0.41439,0.39741,-0.22787,-0.24806,0.007771,-0.050376,0.12122,0.36662,0.055407,0.59356,-0.35823,-0.30948,-0.23822,-0.18589,-0.46057,-0.03681,0.30066,-0.0017859,0.028291,-0.28553,0.11428,-0.2644,0.60189,0.20231,-0.056986,-0.1561,-0.11282,0.17488,-0.26459,-0.45399,0.55741,1.101,-0.016889,0.24538,0.10733,0.30412,0.14321,0.565,0.50219,0.53542,0.41221,0.61347,0.43712,0.55137
0.77464,-0.024413,0.027735,0.077945,0.7402,-0.20501,0,0.16507,0.36472,0.038558,0.097438,0.12858,-0.14849,-0.30205,-0.10961,-0.090264,0.16017,0.11887,0.20064,0.095928,-0.25622,-0.30645,0.34706,-0.016283,0.24625,-0.0037666,-0.048593,-0.0068634,0.10676,0.034484,-0.1375,-0.087586,-0.14276,-0.42438,0.20021,0.011178,-0.075917,-0.18328,0.52078,0.10302,0.44044,0.064601,0.072413,-0.047858,0.050038,0.21384,0.08761,0.011086,-0.10847,-0.079219,-0.30136,0.076514,0.084415,-0.14193,-0.32411,-0.096991,-0.090923,-0.053739,-0.031917,0.62174,0.18197,-0.37134,-0.3636,0.19501,0.23367,0.10617,0.14644,0.083795,0.042198,0.029033,-0.15651,-0.029155,0.35239,-0.015898,0.15412,0.45993,0.21922,-0.00021633,-0.02377,0.042242,0.041594,0.21258,-0.036474,0.1771,0.16881,0.086433,0.16671,0.033729,0.090503,0.086409,0.51803,0.24282,-0.089818,0.44571,-0.11151,-0.28727,-0.55966,-0.056529,-0.20112,-0.1858,-0.047232,-0.31868,-0.17012,0.032728,-0.043695
-0.049923,0.50174,-0.062089,-0.32246,0.25392,0.81811,0.16507,0,0.19409,0.98885,-0.05513,0.0023561,-0.17298,-0.26857,-0.17996,-0.41027,0.41178,0.58478,0.25829,0.26998,0.37961,0.57912,0.52752,0.65325,0.074268,0.59755,0.17854,0.14178,0.2901,0.2291,0.25169,0.24278,0.11439,0.19778,-0.084392,0.34864,-0.05468,0.043322,0.10121,0.22411,0.5041,0.76106,-0.22616,0.81541,-0.22649,-0.4332,-0.065876,-0.097563,0.49446,-0.43514,-0.42242,0.072311,0.054327,0.395,0.13577,0.47255,0.44226,0.020498,0.12329,0.17515,0.39342,0.25046,0.23405,-0.11098,0.12881,0.14681,0.025243,-0.16261,0.13827,0.39366,0.73067,-0.24095,-0.090565,-0.32252,0.025602,-0.43177,-0.022822,0.085043,-0.13002,0.11496,-0.25245,0.2177,-0.19223,0.42424,0.012879,0.032381,0.17415,-0.24175,-0.034707,-0.094108,-0.40397,0.13417,0.5322,-0.01528,0.010797,-0.16071,-0.10854,-0.19904,0.068722,0.51376,0.5322,0.49511,0.41535,0.36014,0.39589
0.16393,0.3361,-0.1706,0.12754,0.52862,0.0015049,0.36472,0.19409,0,0.31331,0.73331,1.3516,0.54074,0.64646,-0.29203,0.29324,-0.31896,0.048628,0.65261,1.0075,-0.29478,-0.23045,0.17625,0.1484,0.82407,0.35584,0.14099,0.23043,0.17762,0.12378,0.34288,0.20603,0.51002,0.267,0.80065,0.39528,0.54764,0.24574,0.26791,0.73558,0.039935,0.047479,0.37586,-0.02109,0.51736,0.46517,0.6167,0.75786,-0.14661,0.70196,0.60784,-0.47407,-0.37337,-0.35475,-0.3452,-0.40715,-0.075711,0.14303,-0.07493,0.032333,0.62235,-0.52844,-0.20505,-0.19328,-0.044992,0.70789,0.93915,0.82868,0.39943,0.672,0.49639,0.49859,0.82107,0.61283,0.77017,0.83056,1.4183,0.73509,0.95216,1.1301,0.85774,-0.65929,-0.54682,0.40132,0.20463,0.95122,0.74722,0.60758,0.34898,0.81724,0.65761,0.5516,0.30349,0.85938,0.69361,0.60681,0.39109,0.75212,0.29837,-0.64195,-0.31568,-0.61139,-0.28759,0.011201,0.14821
0.272,0.86861,-0.40982,-0.67069,0.32775,0.53698,0.038558,0.98885,0.31331,0,0.31155,0.22658,0.12904,-0.027161,-0.6734,-0.52342,0.14165,0.31286,0.68982,0.4152,0.24535,0.61001,0.93884,0.99083,0.43787,1.1786,0.47497,0.66225,0.834,0.77503,0.68765,0.69685,0.38415,0.37924,0.039829,0.41405,0.34628,0.30524,0.43945,0.6329,0.53458,1.037,-0.066195,0.92854,0.14574,-0.0056544,-0.22382,-0.15298,0.45708,-0.22178,-0.25029,-0.36185,-0.088742,0.12378,-0.081052,0.27971,0.28537,-0.10598,0.080212,-0.23751,0.19893,0.03069,0.0098493,-0.40478,-0.10308,-0.050777,-0.050543,0.19149,0.69505,0.62303,0.97917,0.076303,0.14821,0.051663,0.20221,-0.15792,0.16479,0.2679,0.10494,0.46136,-0.066645,-0.19813,-0.76205,0.31647,-0.14891,0.40068,0.38741,-0.28369,-0.081287,-0.056413,-0.20377,0.0078371,0.40605,-0.060832,-0.09117,-0.08866,-0.067991,0.19316,0.20349,0.089354,0.2539,0.18747,0.044608,0.14279,0.050803
0.19379,0.34733,-0.59753,-0.31365,0.20579,-0.37102,0.097438,-0.05513,0.73331,0.31155,0,1.0207,1.0071,0.8831,-0.73219,0.30921,-0.71456,-0.51757,0.80468,0.55098,-0.87211,-0.49458,0.18124,-0.04388,0.84116,0.39031,-0.16401,0.24581,0.27556,0.27118,0.80116,0.50832,0.71711,0.14345,1.2237,0.50528,1.696,0.71904,0.59206,1.0204,-0.32745,-0.12162,0.70843,-0.21809,1.3014,0.7929,0.11418,0.12731,-0.67735,0.95086,0.66124,-0.90021,-1.0802,-1.1836,-1.0572,-0.81869,-0.43634,-0.13521,-0.29875,-0.49701,0.0012701,-0.84286,-0.44549,-0.36293,0.033915,0.10302,0.25918,0.4276,0.41369,0.5725,0.27847,0.82376,0.69216,0.90939,0.45955,0.7517,0.69174,0.37168,0.60039,1.008,0.85908,-0.81415,-0.55749,-0.16387,-0.45435,1.0747,0.69939,0.19912,-0.19235,0.59751,0.47183,-0.15603,-0.24404,0.21385,0.080863,0.16704,0.03343,0.51038,0.17744,-0.94788,-0.55415,-0.79144,-0.62469,-0.47273,-0.5074
0.10841,0.47087,-0.42659,-0.079094,0.30353,-0.11575,0.12858,0.0023561,1.3516,0.22658,1.0207,0,0.88228,0.95041,-0.51407,0.32453,-0.40449,-0.13969,0.80568,1.1308,-0.50546,-0.25176,0.13379,0.11275,1.2146,0.46561,0.044066,0.39618,0.28279,0.16558,0.63902,0.37554,0.74268,0.26898,1.0267,0.42706,0.85742,0.4496,0.46124,1.2091,-0.082463,0.030998,0.59662,-0.076547,0.92881,0.74315,0.63203,0.63163,-0.3636,0.92316,0.7946,-0.7195,-0.65675,-0.60852,-0.64183,-0.63516,-0.209,0.094139,-0.15347,-0.30916,0.48011,-0.76365,-0.43671,-0.54936,-0.28138,0.52766,0.77537,0.75176,0.46057,0.71697,0.36856,0.73215,0.78506,1.0958,0.87912,0.91265,1.4178,0.64048,1.0052,1.1838,1.0901,-0.93935,-0.71188,0.15684,-0.039343,1.0634,0.70575,0.62827,0.15717,0.96629,0.59315,0.28202,0.14743,0.53998,0.62581,0.55324,0.49075,0.85449,0.38163,-1.0111,-0.56973,-0.8366,-0.59362,-0.23044,-0.096612
0.066032,0.47808,-0.54314,-0.36542,0.16341,-0.11696,-0.14849,-0.17298,0.54074,0.12904,1.0071,0.88228,0,1.4516,-0.65356,0.74497,-0.43959,-0.40641,0.72242,0.77899,-0.54344,-0.15144,0.15048,0.17949,0.78046,0.36889,0.041697,0.4746,0.28854,0.40483,0.75519,0.66721,1.5483,0.52429,0.87683,0.36233,0.97753,0.4503,0.32849,0.79214,-0.23491,0.003745,0.55028,-0.066577,1.2539,0.79818,0.038123,0.17553,-0.41638,1.2084,0.9878,-1.3747,-0.72891,-0.80499,-0.79136,-0.53394,-0.26339,0.092415,-0.013262,-0.58124,0.26018,-0.791,-0.2088,-0.49586,-0.052783,0.10353,0.19455,0.51612,0.55994,0.27652,0.18855,0.63948,0.63704,0.75073,0.25681,0.54903,0.50215,0.45568,0.62634,0.6184,0.56625,-0.76733,-0.67911,-0.11484,-0.44902,1.0582,0.5648,0.23051,-0.031677,0.33332,0.21598,0.083978,0.082825,0.13741,0.20711,0.16343,0.22084,0.74531,0.49534,-0.65286,-0.23668,-0.67048,-0.36443,-0.5031,-0.3852
-0.14126,0.21876,-0.30802,-0.058747,0.031583,-0.17826,-0.30205,-0.26857,0.64646,-0.027161,0.8831,0.95041,1.4516,0,-0.28148,0.84233,-0.75654,-0.42588,0.44471,0.66511,-0.40719,-0.29021,-0.071471,-0.038276,0.55291,0.097712,0.054145,0.21429,0.079178,0.18372,0.5306,0.45177,1.0087,0.64674,0.91121,0.49564,0.83579,0.58952,0.086066,0.59861,-0.40786,-0.23975,0.61645,-0.23534,0.98412,0.63084,0.2658,0.38263,-0.41032,1.6171,1.7926,-0.94492,-0.64228,-0.68663,-0.43811,-0.58804,-0.26588,0.13325,-0.094232,-0.57199,0.20034,-0.47634,0.026158,-0.23243,0.046092,0.37608,0.45415,0.56435,0.35531,0.32116,0.28649,0.73568,0.69307,0.75081,0.40043,0.59054,0.69046,0.55308,0.83437,0.76542,0.76554,-0.85436,-0.40613,-0.094368,-0.27151,0.95517,0.63642,0.40476,0.06351,0.56954,0.30568,0.14112,0.031639,0.31298,0.46532,0.49185,0.47258,0.71148,0.46908,-0.65739,-0.28267,-0.55994,-0.27932,-0.46705,-0.29726
-0.54748,-1.0511,0.49402,0.67433,-0.33755,-0.12827,-0.10961,-0.17996,-0.29203,-0.6734,-0.73219,-0.51407,-0.65356,-0.28148,0,0.082526,0.017612,0.023516,-0.77622,-0.58164,0.37077,-0.20906,-0.52564,-0.62189,-0.95216,-0.98867,-0.13549,-0.89232,-0.65926,-0.69954,-0.93636,-0.83378,-0.80744,-0.19671,-0.30551,-0.13108,-0.86185,-0.28772,-0.74784,-0.92696,-0.25368,-0.60438,-0.37359,-0.48042,-0.79422,-0.65995,0.17078,0.035432,0.1219,-0.22312,-0.039187,0.80379,0.36425,0.34773,0.78509,0.064603,-0.10149,-0.084091,-0.23801,0.53087,-0.25464,0.74483,0.58346,0.8041,0.31591,0.22722,0.040382,-0.34638,-0.87084,-0.50487,-0.31867,-0.40594,-0.31838,-0.69923,-0.23977,-0.3015,-0.27199,-0.35899,-0.27716,-0.49023,-0.2573,0.53376,1.0383,-0.032062,0.36134,-0.66238,-0.32021,-0.025207,0.058091,-0.16507,-0.21293,0.023379,-0.15191,0.17555,0.22835,0.14567,0.099508,-0.51217,-0.43946,0.44837,0.13368,0.42121,0.30095,0.29827,0.31538
-0.29991,-0.2055,0.0035791,0.18486,-0.091149,-0.23154,-0.090264,-0.41027,0.29324,-0.52342,0.30921,0.32453,0.74497,0.84233,0.082526,0,-0.27647,-0.26783,-0.057236,0.22313,-0.43579,-0.4098,-0.51165,-0.34625,0.10753,-0.31003,-0.28818,-0.23674,-0.49776,-0.26497,0.04713,0.033407,0.5043,0.23026,0.5091,-0.041778,0.32835,0.059259,-0.32133,-0.022931,-0.58719,-0.55904,0.48047,-0.46002,0.40751,0.2875,0.15669,0.31943,-0.54151,1.0034,0.95662,-0.42019,-0.38827,-0.50704,-0.30426,-0.43987,-0.13223,0.30071,0.11532,-0.12214,0.29814,-0.43002,0.14856,0.18127,0.30803,0.27529,0.29097,0.16737,-0.13948,-0.14208,-0.23294,0.36008,0.43041,0.23859,-0.038727,0.30641,0.15536,0.13262,0.25441,0.07635,0.27783,-0.35506,0.11553,-0.25019,-0.18897,0.29673,0.12069,0.34223,0.20215,0.23912,0.19486,0.19813,-0.041326,0.14047,0.18642,0.14219,0.12524,0.29157,0.20646,-0.19997,-0.038613,-0.39432,0.082139,-0.3878,-0.080494
-0.043849,0.16419,-0.033029,-0.24637,-0.09645,0.44945,0.16017,0.41178,-0.31896,0.14165,-0.71456,-0.40449,-0.43959,-0.75654,0.017612,-0.27647,0,0.80149,-0.097523,-0.090561,0.3387,0.68991,0.10454,0.40278,-0.072912,0.33701,-0.0055135,0.13265,0.0043904,-0.095576,-0.11349,-0.093641,-0.24046,-0.27646,-0.6244,-0.59918,-0.5381,-0.5976,-0.076789,-0.19224,0.46708,0.55947,-0.37039,0.50976,-0.59181,-0.47784,-0.096497,-0.12413,0.39614,-0.83286,-0.85544,0.36413,0.35329,0.5615,0.18627,0.50581,0.52664,0.13532,0.36888,0.33842,0.43717,0.12648,-0.081344,-0.1843,-0.28233,-0.18817,-0.23855,-0.3858,-0.1611,-0.17765,-0.23293,-0.53157,-0.40254,-0.50476,-0.2881,-0.63,-0.5429,-0.41837,-0.63018,-0.72596,-0.7978,0.43115,0.031258,0.11754,0.14818,-0.56677,-0.54286,-0.20222,0.15112,-0.49211,-0.50454,0.077411,0.3978,-0.42005,-0.26933,-0.49832,-0.22133,-0.27132,-0.12103,0.68508,0.44822,0.42215,0.32877,0.34075,0.51476
0.041944,0.37934,0.28448,0.10932,-0.06347,0.54127,0.11887,0.58478,0.048628,0.31286,-0.51757,-0.13969,-0.40641,-0.42588,0.023516,-0.26783,0.80149,0,-0.07877,0.18532,0.45078,0.62218,0.062722,0.50535,0.11023,0.34633,0.16718,0.067249,0.040331,0.020846,-0.055373,0.092611,-0.13324,0.20053,-0.36005,-0.083805,-0.38593,-0.285,-0.25331,-0.084083,0.47191,0.55933,-0.07872,0.74075,-0.60039,-0.61964,0.34067,0.3985,0.59214,-0.51236,-0.42069,0.44644,0.43374,0.77082,0.44655,0.69834,1.374,0.76943,0.83633,0.33022,0.79175,0.17664,0.2127,0.048935,0.00061541,0.49635,0.38943,-0.043435,-0.039451,0.42313,0.36432,-0.3028,-0.091923,-0.31122,0.21693,-0.4721,-0.16327,0.16077,-0.085636,-0.17856,-0.31391,0.14528,-0.074808,0.52979,0.61377,-0.17186,0.047212,0.28027,0.82635,0.05927,-0.077383,0.3729,0.67307,-0.11018,0.017302,0.054703,0.074716,-0.13931,-0.08941,0.62921,0.71694,0.67479,0.68763,0.57996,0.94416
0.39491,0.85598,-0.82738,-0.56027,0.37494,-0.058902,0.20064,0.25829,0.65261,0.68982,0.80468,0.80568,0.72242,0.44471,-0.77622,-0.057236,-0.097523,-0.07877,0,0.92913,-0.38857,0.026987,0.79952,0.52166,1.1334,0.97853,0.17991,0.75747,0.93362,0.71385,0.73679,0.63048,0.71729,0.25911,0.70072,0.53562,0.59567,0.35095,0.89003,1.305,0.20423,0.43762,0.15526,0.18537,0.64941,0.45839,0.086331,0.079183,-0.090295,0.36736,0.22012,-0.68329,-0.57385,-0.51637,-0.72292,-0.38375,-0.25116,-0.12272,-0.18998,-0.15976,0.2508,-0.67929,-0.52225,-0.78305,-0.20028,0.086621,0.13756,0.49561,0.73765,0.5741,0.38045,0.25735,0.43315,0.43617,0.44525,0.46221,0.54413,0.41571,0.54484,0.66592,0.44153,-0.37237,-1.1466,0.24831,-0.15836,1.0381,0.82084,0.094716,-0.0648,0.22431,0.15123,0.040135,0.22758,0.2611,0.1874,0.064765,0.093757,0.53686,0.14822,-0.53831,-0.21681,-0.43075,-0.61132,-0.02445,-0.1513
0.19759,0.97903,-0.20104,-0.058748,0.50405,0.30767,0.095928,0.26998,1.0075,0.4152,0.55098,1.1308,0.77899,0.66511,-0.58164,0.22313,-0.090561,0.18532,0.92913,0,-0.19245,0.14901,0.35901,0.60037,1.038,0.70189,0.27013,0.63781,0.48984,0.45102,0.45345,0.40674,0.98925,0.55647,0.64143,0.43057,0.43138,0.080406,0.3146,0.90166,0.22344,0.42972,0.16657,0.3154,0.50148,0.38994,0.45503,0.67439,0.059832,0.58833,0.53155,-0.57278,-0.27544,-0.16923,-0.36841,-0.11177,0.11396,0.38771,0.21917,-0.049958,0.89351,-0.6301,-0.27744,-0.68322,-0.27544,0.52669,0.61628,0.90491,0.73598,0.66781,0.56344,0.20889,0.40711,0.56435,0.56066,0.55083,0.92379,1.051,1.0934,0.87836,0.73178,-0.50793,-1.0165,0.66799,0.23025,1.1756,0.77692,0.62182,0.41015,0.5282,0.32298,0.67181,0.7607,0.5603,0.73658,0.55987,0.61411,0.92555,0.54246,-0.49314,-0.11562,-0.43444,-0.22077,0.16631,0.26247
-0.087387,-0.00086911,0.38588,0.050047,0.10193,0.85774,-0.25622,0.37961,-0.29478,0.24535,-0.87211,-0.50546,-0.54344,-0.40719,0.37077,-0.43579,0.3387,0.45078,-0.38857,-0.19245,0,0.99796,0.2481,0.51373,-0.51743,-0.034334,0.88966,0.18436,0.16082,0.21965,-0.26819,-0.026184,-0.2117,0.40042,-0.92198,-0.056366,-0.73509,-0.2621,-0.38574,-0.42762,0.65896,0.53451,-0.65552,0.69562,-0.66281,-0.4796,-0.23844,-0.1421,1.534,-0.68741,-0.37386,0.26203,1.0712,1.3465,1.3266,1.0733,0.5014,0.0068289,0.25456,0.088293,0.035493,1.2553,0.82939,0.20814,-0.090423,-0.027796,-0.16437,-0.032493,0.14718,-0.22299,0.38099,-0.42647,-0.30768,-0.56496,-0.22215,-0.61508,-0.23776,0.0070043,-0.23033,-0.24694,-0.6315,0.32698,0.071082,0.33598,0.29301,-0.4255,-0.28838,-0.3429,0.11581,-0.49256,-0.50153,0.31606,0.51176,-0.019556,0.12421,0.053061,0.16332,-0.10846,0.22254,0.70132,0.63016,0.75014,0.62075,0.36307,0.34214
0.0079101,0.57298,9.8693e-05,-0.40636,0.096632,1.2228,-0.30645,0.57912,-0.23045,0.61001,-0.49458,-0.25176,-0.15144,-0.29021,-0.20906,-0.4098,0.68991,0.62218,0.026987,0.14901,0.99796,0,0.45704,1.2039,-0.032239,0.57821,0.7497,0.66009,0.46098,0.50196,0.18497,0.35215,0.19855,0.46288,-0.68913,-0.12849,-0.30429,-0.23611,-0.094545,0.0051479,0.77406,1.2751,-0.45525,1.449,-0.31971,-0.28197,-0.30944,-0.15277,1.1515,-0.6039,-0.42686,-0.060751,0.55669,0.88584,0.48596,1.0028,0.70203,0.14276,0.49532,-0.15488,0.34079,0.45695,0.32605,-0.34362,-0.39002,-0.18186,-0.24743,0.022028,0.45387,0.017853,0.44173,-0.3194,-0.28565,-0.2799,-0.17982,-0.65469,-0.26069,0.071195,-0.20023,-0.17346,-0.59758,0.099306,-0.38434,0.33103,0.069714,-0.17031,-0.22679,-0.31068,0.11887,-0.48974,-0.62884,0.24813,0.80256,-0.31576,-0.034596,-0.12667,0.14077,0.096612,0.40208,0.57257,0.62166,0.55086,0.46034,0.2844,0.33858
0.74966,0.65338,-0.42367,-0.66397,0.69005,0.28065,0.34706,0.52752,0.17625,0.93884,0.18124,0.13379,0.15048,-0.071471,-0.52564,-0.51165,0.10454,0.062722,0.79952,0.35901,0.2481,0.45704,0,0.93472,0.38884,0.67702,0.7391,0.92195,1.3899,1.2094,0.39907,0.61579,0.35993,0.31395,0.046328,0.49283,0.071799,0.18985,0.88468,0.54274,0.99235,0.95814,-0.22947,0.65485,0.2118,0.20354,-0.39768,-0.39894,0.48216,-0.22377,-0.29178,-0.41423,0.11783,0.053598,-0.14882,0.23282,-0.024507,-0.30105,-0.062332,-0.035372,0.0065544,-0.014689,-0.072582,-0.35034,-0.046911,-0.20819,-0.26419,0.24535,0.90083,0.17974,0.47691,-0.087491,0.18995,-0.045078,0.071866,0.094132,0.16246,0.20752,0.095516,0.26413,-0.14413,0.099443,-0.75052,0.30511,-0.14488,0.3936,0.41794,-0.45396,-0.23232,-0.30162,-0.13645,0.083925,0.28167,0.17271,-0.081539,-0.27781,-0.24587,0.20277,0.2126,-0.053742,0.22492,0.013274,-0.19589,0.025549,-0.24345
0.39921,1.1647,-0.14276,-0.48058,0.49157,0.93326,-0.016283,0.65325,0.1484,0.99083,-0.04388,0.11275,0.17949,-0.038276,-0.62189,-0.34625,0.40278,0.50535,0.52166,0.60037,0.51373,1.2039,0.93472,0,0.38857,0.97776,0.87455,1.1437,0.92552,1.0389,0.39333,0.62723,0.57171,0.63711,-0.19612,0.17476,0.0040022,-0.10212,0.27459,0.39653,0.9771,1.9389,-0.29289,1.5415,0.020837,0.016658,-0.25139,-0.027875,0.86348,-0.24893,-0.22315,-0.36675,0.31767,0.45284,0.10499,0.68154,0.54078,0.20359,0.50487,-0.11388,0.49721,0.02747,0.074246,-0.5353,-0.29897,-0.061403,-0.087303,0.38857,1.0332,0.29505,0.68954,-0.18348,0.0011166,-0.023541,0.036481,-0.16584,0.090384,0.46237,0.18381,0.22072,-0.18683,-0.065766,-0.94166,0.59773,0.10147,0.34777,0.2302,-0.14282,0.20057,-0.2594,-0.25268,0.42729,0.97566,-8.1268e-05,0.073579,-0.023972,0.13373,0.41598,0.52873,0.17697,0.4769,0.19985,0.2038,0.27346,0.23037
0.43353,0.86492,-0.63543,-0.38222,0.26132,-0.12009,0.24625,0.074268,0.82407,0.43787,0.84116,1.2146,0.78046,0.55291,-0.95216,0.10753,-0.072912,0.11023,1.1334,1.038,-0.51743,-0.032239,0.38884,0.38857,0,0.88693,0.08922,0.71381,0.60422,0.4568,0.90708,0.72669,0.75904,0.24179,0.73918,0.33189,0.80895,0.40172,0.75426,1.518,0.14725,0.34007,0.62773,0.19594,0.83585,0.67155,0.42295,0.41306,-0.24396,0.51678,0.3564,-0.6931,-0.567,-0.52731,-0.81226,-0.42222,0.01678,0.21909,0.095976,-0.33297,0.52939,-1.0013,-0.64379,-0.75092,-0.31852,0.33537,0.51975,0.58934,0.63289,0.87595,0.33487,0.61805,0.74077,0.91567,0.85041,0.61173,0.71816,0.50206,0.64053,0.74715,0.60466,-0.78453,-1.0841,0.13573,-0.079179,0.95598,0.71823,0.46717,0.23746,0.64375,0.51267,0.13053,0.17089,0.18809,0.18237,0.18296,0.16745,0.67058,0.22626,-0.73411,-0.307,-0.58343,-0.53875,-0.20241,-0.11842
0.23988,1.2995,-0.68635,-0.79437,0.19248,0.40102,-0.0037666,0.59755,0.35584,1.1786,0.39031,0.46561,0.36889,0.097712,-0.98867,-0.31003,0.33701,0.34633,0.97853,0.70189,-0.034334,0.57821,0.67702,0.97776,0.88693,0,0.2712,0.93037,0.86445,0.66943,0.92703,0.74847,0.58927,0.26093,0.1822,0.17874,0.47141,0.17145,0.54011,0.96807,0.39039,1.0226,0.073749,0.77189,0.30377,0.16706,-0.012953,0.035752,0.21905,-0.050712,-0.12638,-0.48787,-0.30146,-0.057813,-0.38184,0.06332,0.25333,0.054606,0.16664,-0.3221,0.43951,-0.36358,-0.38067,-0.98028,-0.47629,-0.032122,0.038862,0.29301,0.71425,0.699,0.55486,0.16384,0.16476,0.30124,0.32577,-0.039056,0.21592,0.26074,0.19525,0.41937,0.075929,-0.41002,-1.18,0.2523,-0.14758,0.49442,0.32835,-0.019365,0.046558,0.071598,-0.12156,0.016909,0.45794,-0.16216,-0.025132,-0.061111,0.085084,0.39555,0.20609,-0.12741,0.019206,-0.066463,-0.20928,0.11257,0.10769
0.44556,0.36368,0.042203,-0.15629,0.57214,0.5563,-0.048593,0.17854,0.14099,0.47497,-0.16401,0.044066,0.041697,0.054145,-0.13549,-0.28818,-0.0055135,0.16718,0.17991,0.27013,0.88966,0.7497,0.7391,0.87455,0.08922,0.2712,0,0.85242,0.74558,0.89676,0.10733,0.40031,0.30238,0.73433,-0.28075,0.21102,-0.16558,-0.017932,0.13743,0.12655,0.92021,0.74949,-0.32684,0.72722,-0.01003,0.15306,-0.24925,-0.046072,1.0381,-0.14236,-0.0020436,-0.34729,0.64788,0.49582,0.46525,0.56315,0.24993,-0.019927,0.22933,-0.1546,0.096256,0.38451,0.39304,-0.097969,-0.21461,-0.0062763,-0.035248,0.59336,0.95636,0.021705,0.58281,-0.046456,0.17506,-0.029155,0.078466,0.034399,0.25123,0.43941,0.26741,0.28095,-0.14342,-0.11834,-0.5671,0.42501,0.18526,0.23113,0.17477,-0.1996,0.15729,-0.25715,-0.065031,0.49654,0.53272,0.30264,0.25293,0.19333,0.22517,0.49498,0.5229,0.014946,0.28567,0.10807,0.10274,0.11591,-0.0094776
0.58557,0.98905,-0.46897,-0.6466,0.4949,0.36952,-0.0068634,0.14178,0.23043,0.66225,0.24581,0.39618,0.4746,0.21429,-0.89232,-0.23674,0.13265,0.067249,0.75747,0.63781,0.18436,0.66009,0.92195,1.1437,0.71381,0.93037,0.85242,0,1.2487,1.1746,0.63675,0.78519,0.7323,0.47402,0.014992,0.13147,0.28113,0.1005,0.65477,0.73182,0.73299,1.0357,-0.039838,0.7342,0.46079,0.55466,-0.20434,-0.060803,0.41088,0.035111,0.0092783,-0.77385,0.074888,0.031542,-0.2282,0.17714,0.10207,-0.036518,0.19066,-0.42845,0.25488,-0.25261,-0.26897,-0.87792,-0.60789,-0.20466,-0.099403,0.59272,1.5075,0.24095,0.38749,0.17393,0.25434,0.40856,0.21456,0.21392,0.32216,0.40409,0.32509,0.38297,0.047876,-0.37873,-1.4299,0.2436,-0.12663,0.52018,0.2464,-0.09682,0.0054586,-0.10562,0.00079411,0.23809,0.45635,0.035757,0.078783,-0.006336,0.15733,0.73455,0.60511,-0.32797,-0.016537,-0.26595,-0.31596,-0.10263,-0.19773
0.69033,0.91757,-0.55405,-0.66539,0.47275,0.20871,0.10676,0.2901,0.17762,0.834,0.27556,0.28279,0.28854,0.079178,-0.65926,-0.49776,0.0043904,0.040331,0.93362,0.48984,0.16082,0.46098,1.3899,0.92552,0.60422,0.86445,0.74558,1.2487,0,1.5316,0.60293,0.80449,0.48262,0.41586,0.13506,0.48671,0.19706,0.2293,0.81779,0.72451,0.69647,0.90202,-0.11565,0.62135,0.33031,0.32957,-0.19914,-0.21091,0.44347,-0.066515,-0.10064,-0.4928,-0.0047958,-0.021031,-0.20258,0.11044,-0.035822,-0.15073,-0.019461,-0.25017,-0.0073811,-0.1348,-0.21971,-0.64388,-0.31841,-0.11896,-0.13292,0.43576,1.1054,0.38671,0.5335,0.097247,0.23372,0.20614,0.31634,0.13037,0.24096,0.33175,0.27883,0.41958,0.058179,-0.19021,-1.1676,0.29329,-0.097789,0.53176,0.52333,-0.20308,-0.093634,-0.093991,-0.007952,0.021975,0.26316,0.085642,0.0057125,-0.063067,-0.011187,0.34338,0.1521,-0.26738,0.017037,-0.074315,-0.38643,0.070302,-0.22574
0.75589,0.88641,-0.33499,-0.5691,0.54047,0.28813,0.034484,0.2291,0.12378,0.77503,0.27118,0.16558,0.40483,0.18372,-0.69954,-0.26497,-0.095576,0.020846,0.71385,0.45102,0.21965,0.50196,1.2094,1.0389,0.4568,0.66943,0.89676,1.1746,1.5316,0,0.52439,0.93279,0.67029,0.69166,0.090519,0.47009,0.22837,0.19338,0.54926,0.50089,0.6495,0.851,-0.095999,0.70586,0.34492,0.32947,-0.40453,-0.22814,0.50274,0.036599,0.010654,-0.6298,0.10684,0.022872,-0.12029,0.26912,0.099186,0.010687,0.21471,-0.29392,0.013946,-0.10795,0.0088846,-0.39965,-0.092101,-0.15544,-0.19004,0.51249,1.3992,0.28179,0.60321,0.081217,0.26186,0.14392,0.13385,0.10204,0.14664,0.47351,0.30864,0.39852,0.0017405,-0.20035,-1.072,0.30901,-0.11335,0.6226,0.54551,-0.23527,0.0117,-0.20081,-0.0064665,0.13551,0.3418,0.063587,-0.077485,-0.068473,-0.060314,0.41841,0.30663,-0.15908,0.2353,-0.015593,-0.11597,0.014863,-0.24729
0.1036,0.72085,-1.0126,-1.0123,-0.038747,0.034473,-0.1375,0.25169,0.34288,0.68765,0.80116,0.63902,0.75519,0.5306,-0.93636,0.04713,-0.11349,-0.055373,0.73679,0.45345,-0.26819,0.18497,0.39907,0.39333,0.90708,0.92703,0.10733,0.63675,0.60293,0.52439,0,1.3608,0.79944,0.35586,0.45869,0.3921,1.0509,0.82856,0.57797,1.1615,0.015588,0.38903,0.67808,0.35073,0.9055,0.52268,0.0046969,-0.085868,-0.16963,0.32113,0.2553,-0.90479,-0.72998,-0.50348,-0.65872,-0.33351,-0.0063857,-0.070103,-0.063097,-0.98525,0.13457,-0.41215,-0.23716,-0.64879,-0.21378,0.010407,0.10642,0.13088,0.50459,0.68786,0.49057,0.88043,0.6365,0.6803,0.50991,0.070752,0.24833,0.097164,0.15325,0.51117,0.17168,-0.824,-0.77488,-0.30237,-0.70968,0.52752,0.41982,-0.064185,-0.20269,0.3182,0.027164,-0.34462,-0.066506,-0.3188,-0.18987,-0.14975,-0.074832,0.27035,0.19165,-0.34618,-0.12313,-0.22277,-0.31798,-0.51958,-0.43097
0.35176,0.806,-0.65436,-0.89034,0.077921,0.11976,-0.087586,0.24278,0.20603,0.69685,0.50832,0.37554,0.66721,0.45177,-0.83378,0.033407,-0.093641,0.092611,0.63048,0.40674,-0.026184,0.35215,0.61579,0.62723,0.72669,0.74847,0.40031,0.78519,0.80449,0.93279,1.3608,0,0.85533,0.6981,0.28162,0.51229,0.65245,0.7185,0.50163,0.7777,0.25979,0.54799,0.5425,0.57587,0.68464,0.41502,-0.14306,-0.14412,0.1056,0.221,0.19635,-0.83623,-0.31808,-0.2567,-0.37597,-0.030636,0.2027,0.11741,0.20752,-0.7931,0.14488,-0.25087,0.029157,-0.38392,0.010236,0.048815,0.056956,0.18722,0.70276,0.57415,0.6177,0.63749,0.67705,0.42368,0.41438,-0.011195,0.10631,0.22463,0.15139,0.376,-0.011126,-0.56945,-0.79876,-0.15134,-0.51228,0.53794,0.55754,-0.12536,-0.01788,0.1339,0.023988,-0.18389,0.067391,-0.28268,-0.27545,-0.20441,-0.17754,0.23539,0.23137,-0.14541,0.23933,-0.00016682,-0.051839,-0.4356,-0.40969
0.15976,0.82669,-0.40203,-0.43797,0.34459,0.2619,-0.14276,0.11439,0.51002,0.38415,0.71711,0.74268,1.5483,1.0087,-0.80744,0.5043,-0.24046,-0.13324,0.71729,0.98925,-0.2117,0.19855,0.35993,0.57171,0.75904,0.58927,0.30238,0.7323,0.48262,0.67029,0.79944,0.85533,0,0.80424,0.59445,0.4073,0.74874,0.31435,0.30001,0.7818,0.077182,0.36862,0.3533,0.33142,0.89377,0.60029,-0.054568,0.15911,-0.059606,0.76207,0.69024,-1.3243,-0.40354,-0.38037,-0.52108,-0.13012,0.031769,0.23224,0.23582,-0.53557,0.44973,-0.56368,-0.059117,-0.56697,-0.098813,0.11576,0.16445,0.59538,0.86191,0.35622,0.45888,0.43726,0.50871,0.57328,0.20915,0.34574,0.45347,0.63159,0.61029,0.63841,0.39674,-0.65403,-0.92496,0.12225,-0.32564,1.0396,0.56141,0.16109,0.075878,0.2083,0.087003,0.27982,0.39866,0.12786,0.22852,0.15391,0.2534,0.79282,0.70303,-0.40087,0.015461,-0.40943,-0.12597,-0.29656,-0.19977
0.036697,0.54904,0.033329,-0.096469,0.13721,0.46056,-0.42438,0.19778,0.267,0.37924,0.14345,0.26898,0.52429,0.64674,-0.19671,0.23026,-0.27646,0.20053,0.25911,0.55647,0.40042,0.46288,0.31395,0.63711,0.24179,0.26093,0.73433,0.47402,0.41586,0.69166,0.35586,0.6981,0.80424,0,0.15083,0.6286,0.1821,0.32173,-0.12906,0.25894,0.21731,0.38608,0.10679,0.53689,0.21672,0.050408,0.0072929,0.23781,0.47572,0.34704,0.5464,-0.49765,0.11229,0.18007,0.24889,0.3208,0.40801,0.44743,0.44591,-0.37603,0.33096,0.13292,0.62616,-0.067901,0.15232,0.4092,0.28697,0.50764,0.64728,0.36529,0.91539,0.17352,0.33004,0.12175,0.23191,-0.028099,0.25525,0.76202,0.55804,0.45272,0.1352,-0.35445,-0.50462,0.35619,0.06895,0.59715,0.62974,0.15096,0.36568,0.1149,-0.054348,0.39613,0.59132,0.16988,0.34045,0.40786,0.43311,0.4549,0.53843,0.060597,0.49492,0.22341,0.36078,0.010531,0.082351
0.092597,0.20645,-0.45314,-0.062443,0.15235,-0.47081,0.20021,-0.084392,0.80065,0.039829,1.2237,1.0267,0.87683,0.91121,-0.30551,0.5091,-0.6244,-0.36005,0.70072,0.64143,-0.92198,-0.68913,0.046328,-0.19612,0.73918,0.1822,-0.28075,0.014992,0.13506,0.090519,0.45869,0.28162,0.59445,0.15083,0,0.66461,0.8579,0.51542,0.41294,0.78318,-0.39503,-0.29394,0.64415,-0.397,0.791,0.45356,0.37554,0.30282,-0.73736,1.1314,0.8475,-0.54893,-1.0182,-1.118,-0.8501,-0.90034,-0.41387,0.061455,-0.25853,-0.15358,0.12629,-0.83343,-0.32163,-0.18873,0.20414,0.44866,0.47377,0.41822,0.16481,0.54092,0.16494,0.52919,0.63401,0.566,0.50225,0.76702,0.69983,0.39106,0.70627,0.81757,0.99322,-0.54981,-0.35093,-0.028999,-0.18307,1.0154,0.90685,0.40905,0.013982,0.69859,0.47576,-0.015759,-0.17903,0.45036,0.31073,0.28174,0.13207,0.38663,-0.043049,-0.78518,-0.46053,-0.64223,-0.55578,-0.23456,-0.24438
0.14441,0.34825,-0.20672,-0.14053,0.17247,-0.039435,0.011178,0.34864,0.39528,0.41405,0.50528,0.42706,0.36233,0.49564,-0.13108,-0.041778,-0.59918,-0.083805,0.53562,0.43057,-0.056366,-0.12849,0.49283,0.17476,0.33189,0.17874,0.21102,0.13147,0.48671,0.47009,0.3921,0.51229,0.4073,0.6286,0.66461,0,0.32497,0.79122,0.36517,0.54691,0.082665,0.096118,0.2557,0.10265,0.35824,0.050912,0.16049,0.025515,0.014323,0.34018,0.38781,-0.27471,-0.31344,-0.25254,-0.13243,-0.14856,-0.098628,0.019856,-0.1799,-0.1537,-0.046784,-0.010582,0.2402,-0.00023348,0.44686,0.48717,0.3047,0.19885,0.29664,0.59315,0.78235,0.22277,0.39787,0.13462,0.45959,0.20852,0.41621,0.46259,0.50355,0.6413,0.40304,-0.11689,-0.28489,0.20695,-0.089165,0.66977,1.2187,0.059996,-0.073363,0.36914,0.097415,-0.033614,0.031814,0.36998,0.26488,0.23244,0.099205,0.043647,0.024275,-0.17839,0.12739,0.093086,-0.091193,-0.058264,-0.20344
0.091008,0.36972,-0.63549,-0.44931,0.016791,-0.27223,-0.075917,-0.05468,0.54764,0.34628,1.696,0.85742,0.97753,0.83579,-0.86185,0.32835,-0.5381,-0.38593,0.59567,0.43138,-0.73509,-0.30429,0.071799,0.0040022,0.80895,0.47141,-0.16558,0.28113,0.19706,0.22837,1.0509,0.65245,0.74874,0.1821,0.8579,0.32497,0,0.79494,0.46266,0.95708,-0.356,-0.050375,0.91303,-0.080553,1.2411,0.72161,0.048261,0.086565,-0.65189,0.79125,0.5891,-0.97871,-1.0311,-0.98184,-0.93999,-0.65077,-0.21425,-0.053952,-0.13073,-0.8227,0.038349,-0.73192,-0.36068,-0.38786,-0.040292,0.027264,0.20818,0.30773,0.38235,0.59265,0.28311,0.98672,0.64922,0.9587,0.39872,0.48512,0.48937,0.25441,0.41028,0.80444,0.60977,-1.0404,-0.52871,-0.3336,-0.60572,0.79682,0.4636,0.14016,-0.17226,0.5363,0.33729,-0.25674,-0.25635,-0.056175,-0.07937,0.077424,0.0080158,0.48329,0.24265,-0.71763,-0.44221,-0.61886,-0.44759,-0.62934,-0.52006
-0.027737,0.10353,-0.56358,-0.457,-0.252,-0.35521,-0.18328,0.043322,0.24574,0.30524,0.71904,0.4496,0.4503,0.58952,-0.28772,0.059259,-0.5976,-0.285,0.35095,0.080406,-0.2621,-0.23611,0.18985,-0.10212,0.40172,0.17145,-0.017932,0.1005,0.2293,0.19338,0.82856,0.7185,0.31435,0.32173,0.51542,0.79122,0.79494,0,0.44145,0.65969,-0.20308,-0.11229,0.85125,-0.07664,0.72838,0.33055,0.085831,-0.14091,-0.3698,0.36158,0.38215,-0.49368,-0.65081,-0.58555,-0.37104,-0.48729,-0.19459,-0.22691,-0.35153,-0.82163,-0.24776,-0.083072,0.080528,-0.043659,0.25973,0.17168,0.18989,-0.085063,0.1107,0.50194,0.41198,0.84423,0.64567,0.47341,0.4911,0.15717,0.26728,0.0077362,0.1468,0.44825,0.23057,-0.47069,-0.14651,-0.49962,-0.65193,0.36248,0.53528,-0.094484,-0.35988,0.43419,0.095703,-0.55183,-0.46741,-0.12511,-0.13993,-0.034639,-0.10977,-0.0069518,0.048335,-0.29273,-0.10296,-0.066452,-0.24709,-0.7826,-0.70604
0.76926,0.42853,-0.73776,-0.67296,0.43904,-0.27067,0.52078,0.10121,0.26791,0.43945,0.59206,0.46124,0.32849,0.086066,-0.74784,-0.32133,-0.076789,-0.25331,0.89003,0.3146,-0.38574,-0.094545,0.88468,0.27459,0.75426,0.54011,0.13743,0.65477,0.81779,0.54926,0.57797,0.50163,0.30001,-0.12906,0.41294,0.36517,0.46266,0.44145,0,0.94781,0.4315,0.36617,0.25486,0.11121,0.67292,0.63846,-0.12501,-0.3184,-0.22361,0.05742,-0.12982,-0.51326,-0.34209,-0.51805,-0.81211,-0.34175,-0.36999,-0.4293,-0.3311,-0.21878,-0.11203,-0.51801,-0.68479,-0.52824,-0.17919,-0.23764,-0.13586,0.14757,0.53929,0.24809,0.049568,0.27469,0.37634,0.42238,0.28457,0.51292,0.34934,0.022397,0.12318,0.33884,0.18606,-0.1307,-0.60338,-0.1117,-0.39598,0.43072,0.36139,-0.21656,-0.43336,0.074129,0.2042,-0.22251,-0.22008,0.11116,-0.1775,-0.33739,-0.33678,0.21705,0.09115,-0.57704,-0.3305,-0.49134,-0.81271,-0.4004,-0.66023
0.27837,0.80916,-0.87628,-0.60659,0.23569,-0.057825,0.10302,0.22411,0.73558,0.6329,1.0204,1.2091,0.79214,0.59861,-0.92696,-0.022931,-0.19224,-0.084083,1.305,0.90166,-0.42762,0.0051479,0.54274,0.39653,1.518,0.96807,0.12655,0.73182,0.72451,0.50089,1.1615,0.7777,0.7818,0.25894,0.78318,0.54691,0.95708,0.65969,0.94781,0,0.13972,0.38315,0.52409,0.20851,0.95401,0.63255,0.24861,0.15564,-0.24299,0.45298,0.33616,-0.83028,-0.71615,-0.58968,-0.81386,-0.46599,-0.15629,-0.084063,-0.17365,-0.51069,0.28059,-0.67462,-0.52807,-0.8554,-0.31894,0.18132,0.31172,0.44012,0.65379,0.80529,0.45508,0.61063,0.60463,0.82637,0.69069,0.51,0.73296,0.37828,0.54768,0.86612,0.56572,-0.70187,-1.0229,0.030967,-0.31662,0.91578,0.68664,0.18389,-0.10959,0.51535,0.24446,-0.049212,0.080947,0.15754,0.19279,0.12352,0.16754,0.57441,0.28412,-0.70704,-0.37226,-0.52064,-0.66083,-0.30612,-0.29604
0.71439,0.46035,0.070164,-0.24158,0.73528,0.6009,0.44044,0.5041,0.039935,0.53458,-0.32745,-0.082463,-0.23491,-0.40786,-0.25368,-0.58719,0.46708,0.47191,0.20423,0.22344,0.65896,0.77406,0.99235,0.9771,0.14725,0.39039,0.92021,0.73299,0.69647,0.6495,0.015588,0.25979,0.077182,0.21731,-0.39503,0.082665,-0.356,-0.20308,0.4315,0.13972,0,1.1465,-0.37264,0.95706,-0.16566,0.0095033,-0.22565,-0.16682,0.87551,-0.56385,-0.55178,-0.04954,0.7317,0.61115,0.24925,0.74314,0.39907,-0.001571,0.31313,0.19287,0.27827,0.21524,0.066776,-0.15862,-0.17896,-0.090078,-0.1226,0.19858,0.62702,0.0065874,0.32759,-0.32034,0.0016499,-0.19059,-0.003076,-0.040807,0.073879,0.19366,-0.040144,-0.01289,-0.35997,0.28121,-0.41755,0.49535,0.22517,-0.001355,0.027404,-0.2671,0.092142,-0.34103,-0.097098,0.45057,0.54177,0.19416,0.0099706,-0.19672,-0.13343,0.14806,0.3494,0.19509,0.41937,0.18358,0.14136,0.19234,0.089561
0.4119,1.0172,-0.18629,-0.57333,0.43979,0.91187,0.064601,0.76106,0.047479,1.037,-0.12162,0.030998,0.003745,-0.23975,-0.60438,-0.55904,0.55947,0.55933,0.43762,0.42972,0.53451,1.2751,0.95814,1.9389,0.34007,1.0226,0.74949,1.0357,0.90202,0.851,0.38903,0.54799,0.36862,0.38608,-0.29394,0.096118,-0.050375,-0.11229,0.36617,0.38315,1.1465,0,-0.30785,1.7248,-0.058095,-0.043167,-0.27289,-0.14563,0.83483,-0.46444,-0.45276,-0.23942,0.34037,0.50488,0.098207,0.7151,0.54672,0.095996,0.42306,-0.098413,0.40523,0.086961,-0.0078871,-0.55177,-0.37397,-0.15231,-0.17041,0.21319,0.81687,0.27408,0.57686,-0.223,-0.084673,-0.07436,0.014879,-0.25505,0.0049486,0.25497,0.002052,0.11552,-0.30073,0.019603,-0.78395,0.47958,0.051087,0.1598,0.082641,-0.25348,0.084934,-0.30699,-0.31607,0.28186,0.76232,-0.10423,-0.044827,-0.16712,0.010414,0.24921,0.39783,0.23115,0.42167,0.25102,0.15697,0.25851,0.19771
0.059291,0.066469,-0.339,-0.16847,-0.25106,-0.50835,0.072413,-0.22616,0.37586,-0.066195,0.70843,0.59662,0.55028,0.61645,-0.37359,0.48047,-0.37039,-0.07872,0.15526,0.16657,-0.65552,-0.45525,-0.22947,-0.29289,0.62773,0.073749,-0.32684,-0.039838,-0.11565,-0.095999,0.67808,0.5425,0.3533,0.10679,0.64415,0.2557,0.91303,0.85125,0.25486,0.52409,-0.37264,-0.30785,0,-0.20974,0.78897,0.49384,0.38611,0.24527,-0.74452,0.62351,0.51869,-0.43269,-0.68981,-0.73019,-0.62276,-0.60436,0.030661,0.24713,0.058993,-0.60727,0.13584,-0.56445,-0.17191,0.008414,0.20239,0.37761,0.52576,0.022633,-0.044778,0.54925,0.08153,1.168,0.91127,0.77423,0.62354,0.35302,0.29185,0.058106,0.19059,0.34982,0.37878,-0.75812,-0.088728,-0.53623,-0.40753,0.34161,0.37757,0.35529,0.097143,0.79595,0.53623,-0.28498,-0.46011,-0.14352,-0.18675,-0.0038021,-0.14341,0.10733,0.00030371,-0.44091,-0.20025,-0.33705,-0.17656,-0.81266,-0.44047
0.28404,0.88427,0.0091151,-0.42613,0.30302,1.1286,-0.047858,0.81541,-0.02109,0.92854,-0.21809,-0.076547,-0.066577,-0.23534,-0.48042,-0.46002,0.50976,0.74075,0.18537,0.3154,0.69562,1.449,0.65485,1.5415,0.19594,0.77189,0.72722,0.7342,0.62135,0.70586,0.35073,0.57587,0.33142,0.53689,-0.397,0.10265,-0.080553,-0.07664,0.11121,0.20851,0.95706,1.7248,-0.20974,0,-0.14933,-0.17257,-0.23819,-0.077581,0.95472,-0.4804,-0.40515,-0.14552,0.44174,0.68898,0.27806,0.98136,0.88675,0.29351,0.6593,-0.15082,0.44797,0.23676,0.23513,-0.31181,-0.20573,-0.029581,-0.076047,0.1317,0.63946,0.32387,0.73583,-0.17503,-0.073485,-0.12373,0.018229,-0.42936,-0.093545,0.27989,-0.04688,0.070977,-0.37402,-0.0042739,-0.5578,0.44952,0.086162,0.065802,0.057423,-0.19753,0.21892,-0.24402,-0.31422,0.29887,0.78055,-0.20247,-0.0957,-0.12037,0.012397,0.13367,0.39839,0.41716,0.65938,0.46521,0.46233,0.25292,0.28167
0.24544,0.34933,-0.61843,-0.43577,0.22141,-0.31064,0.050038,-0.22649,0.51736,0.14574,1.3014,0.92881,1.2539,0.98412,-0.79422,0.40751,-0.59181,-0.60039,0.64941,0.50148,-0.66281,-0.31971,0.2118,0.020837,0.83585,0.30377,-0.01003,0.46079,0.33031,0.34492,0.9055,0.68464,0.89377,0.21672,0.791,0.35824,1.2411,0.72838,0.67292,0.95401,-0.16566,-0.058095,0.78897,-0.14933,0,1.3894,0.052526,0.036129,-0.57274,0.91073,0.67437,-1.2402,-0.77815,-1.0051,-1.0499,-0.72405,-0.45321,-0.16691,-0.25451,-0.73801,0.020191,-0.78364,-0.42913,-0.47605,-0.11489,-0.020208,0.16881,0.36346,0.50823,0.3081,0.13412,1.054,0.83782,1.2024,0.42972,0.74351,0.60274,0.27548,0.46545,0.6745,0.59008,-0.80857,-0.57383,-0.33334,-0.65289,0.79815,0.46491,0.13267,-0.27832,0.47917,0.4369,-0.13266,-0.25215,0.09358,0.031865,0.0317,0.0051421,0.54413,0.42694,-0.98888,-0.49458,-0.91397,-0.63284,-0.87861,-0.80587
