,,,,,,,,,,,,,,,,,,,,,,,,,,,,,,,,,,,,,,,,,,,,,,,,,,,,,,,,,,,,,,,,,,,,,,,,,,,,,,,,,,,,,,,,,,,,,,,,,,,,,,,,
0,0.65027,0.18483,0.066855,1.1032,-0.051934,0.90901,-0.061342,0.30622,0.37323,0.22421,0.13027,0.050993,-0.14223,-0.79955,-0.26891,-0.11702,0.020469,0.68837,0.42332,0.01907,0.020611,0.86456,0.60311,0.50738,0.29048,1.05,0.97548,0.9048,1.1838,-0.41945,0.46658,0.26218,0.15416,0.075224,0.14054,-0.0089137,-0.24069,0.81382,0.34456,0.8674,0.48015,-0.16533,0.30475,0.19412,0.46842,-0.20692,0.0030871,0.31445,-0.0073056,-0.15939,-0.34406,0.64822,0.042389,-0.15879,0.23647,0.027967,0.070135,0.27028,0.58134,0.049099,-0.36629,-0.29015,-0.010515,0.022295,-0.089646,-0.018244,0.7653,1.6228,0.094641,0.18505,-0.13689,0.28969,0.13191,0.10952,0.563,0.34479,0.64933,0.41783,0.43047,0.16757,0.032917,-0.92344,0.62692,0.41304,0.72225,0.47958,0.017745,0.25134,-0.088259,0.54835,0.6238,0.26646,0.58622,-0.023204,0.015669,-0.24487,0.55324,0.36103,-0.34928,0.0074947,-0.3045,-0.20611,0.1592,-0.18357
0.65027,0,0.38579,0.15251,0.52398,0.60992,0.23178,0.22113,0.039494,0.58984,-0.38616,-0.061619,-0.3981,-0.56656,-0.58297,-0.66279,0.36364,0.52675,0.31098,0.47643,0.4954,0.679,0.48155,1.1707,0.28064,0.95751,0.92673,0.98259,0.80601,0.72881,-0.75162,-0.0031937,-0.038056,0.1227,-0.42593,-0.18499,-0.50203,-0.90891,0.16597,0.086939,0.84532,1.0598,-0.66165,0.85492,-0.4527,-0.077097,-0.010321,0.21693,0.89915,-0.41756,-0.45647,0.24667,1.1105,0.76389,0.37217,0.73208,0.46282,0.36815,0.56828,0.65392,0.34313,-0.023216,-0.29321,-0.45036,-0.5177,-0.036062,0.0083705,0.60756,0.95465,0.32412,0.38227,-0.60284,-0.3289,-0.039682,0.11018,0.024506,0.11972,0.61304,0.28612,0.22471,0.046675,0.047094,-1.0704,1.4135,0.99693,0.19731,0.066503,0.1742,0.51114,-0.11265,0.17084,0.71682,1.1673,0.20639,0.17547,0.26603,0.26911,0.4001,0.19278,-0.025146,0.052638,0.063691,0.0096595,1.2099,0.6469
0.18483,0.38579,0,0.72118,0.13336,0.40164,-0.056322,0.20875,0.039643,0.26359,0.0047052,-0.11278,-0.24668,-0.078774,-0.28701,-0.15016,-0.2929,0.34979,-0.57374,0.022362,0.24866,0.10415,-0.1441,0.18478,-0.1543,-0.13424,0.1643,-0.18723,-0.15793,0.11684,-0.45888,0.1613,0.0043785,0.53029,-0.18108,0.17864,0.13114,0.027739,-0.40173,-0.35543,0.084277,0.12648,0.15619,0.43921,-0.16979,-0.16777,0.064137,0.32085,0.27021,-0.040889,-0.0070093,0.28241,0.52428,0.47783,0.47883,0.61893,0.73065,0.78187,0.76069,-0.043458,0.18154,0.17912,0.34124,0.41672,0.28113,0.28565,0.29688,0.18321,0.18208,0.58152,0.84784,0.0273,-0.040612,0.10302,0.14043,-0.052744,0.064707,0.71894,0.27015,0.37942,0.18231,-0.14023,0.044221,0.47934,0.45383,0.16753,0.24138,0.30701,0.49079,0.29956,0.34337,0.37145,0.31652,0.036301,-0.040857,0.38705,0.11352,-0.0013118,0.39382,0.13818,0.30999,0.27246,0.63765,0.25628,0.31062
0.066855,0.15251,0.72118,0,0.030441,-0.21508,-0.045029,-0.31885,0.6374,-0.32207,0.48279,0.71248,0.2076,0.56735,-0.040693,0.16921,-0.69826,0.087156,-0.10706,0.60924,-0.29903,-0.4852,-0.45827,-0.31234,0.5045,-0.31479,-0.048206,-0.18655,-0.21188,-0.19232,-0.091948,-0.10354,0.17219,0.41284,0.52423,0.30265,0.47605,0.26,-0.20811,0.32489,-0.27493,-0.39209,0.62791,-0.22696,0.30587,0.29072,0.94876,1.2538,-0.21334,0.60491,0.70972,0.050356,-0.080316,-0.091446,0.052708,-0.191,0.17779,0.77778,0.26049,-0.16006,0.34647,-0.32125,-0.083675,0.092525,-0.036079,0.95305,1.1787,0.67115,0.085414,1.0052,0.44994,0.65592,0.43218,0.83232,0.97697,0.54458,0.80619,1.152,1.1785,1.0926,1.0928,-0.85981,-0.14509,0.39094,0.70642,0.68743,0.66109,1.4273,0.7212,1.3822,1.0616,0.51369,0.074545,0.54303,0.74513,1.6086,0.85386,0.4688,0.27902,-0.54095,-0.33106,-0.26455,-0.061648,0.083208,0.23507
1.1032,0.52398,0.13336,0.030441,0,0.20162,1.3747,0.20532,0.55142,0.39646,0.34636,0.32494,0.1156,-0.088497,-0.67255,-0.16862,-0.0827,-0.08918,0.64711,0.634,-0.0073974,-0.01466,0.80934,0.52184,0.43323,0.28568,0.74274,0.70299,0.62545,0.66405,-0.3208,0.085259,0.42732,-0.036015,0.24465,0.1575,0.051568,-0.33398,0.84733,0.49422,0.882,0.4804,-0.23308,0.27649,0.28063,0.53075,-0.16674,-0.018881,0.21425,0.057919,-0.1102,-0.47731,0.41926,-0.011858,-0.30974,0.15212,-0.12392,-0.13662,0.046484,0.82285,0.20494,-0.36878,-0.30589,-0.08658,-0.034093,-0.069068,0.0048215,0.67232,1.1134,-0.0087443,0.1892,-0.12579,0.28499,0.14628,0.043386,0.6315,0.54719,0.54619,0.38193,0.57904,0.2424,0.047493,-0.75195,0.64165,0.23675,0.65596,0.31284,-0.046109,0.028558,-0.03829,0.44203,0.85311,0.3521,0.8749,0.21396,-0.0067921,-0.20391,0.54492,0.67319,-0.38758,-0.13016,-0.4724,-0.24968,0.12733,-0.13999
-0.051934,0.60992,0.40164,-0.21508,0.20162,0,0.055058,1.0923,-0.21362,0.89479,-0.79466,-0.47565,-0.73461,-0.89121,-0.11608,-0.4902,0.76248,0.71148,-0.333,-0.075581,1.0138,1.1806,0.23922,0.87469,-0.41128,0.68501,0.33034,0.11838,0.10058,0.12291,-0.34816,-0.10855,-0.22146,0.020233,-0.8291,-0.24518,-0.63623,-0.66568,-0.30239,-0.43782,0.58693,1.0133,-0.67536,1.3047,-0.92316,-0.6713,-0.27266,-0.15993,0.91881,-0.83681,-0.79726,0.47544,0.78605,1.2164,0.67666,1.173,0.73233,0.15351,0.46124,0.50092,0.37766,0.57332,0.28625,-0.034159,-0.11687,-0.14738,-0.21903,-0.20572,0.086106,0.06434,0.49937,-0.75678,-0.56454,-0.5815,-0.32963,-0.65797,-0.35024,-0.059003,-0.42809,-0.2511,-0.52883,0.40037,-0.062356,0.52317,0.22429,-0.51854,-0.43785,-0.31484,0.097144,-0.39064,-0.46599,0.28294,0.9723,-0.24953,-0.17094,-0.23008,-0.12877,-0.27714,0.11463,0.70937,0.51096,0.55881,0.65255,0.77115,0.80012
0.90901,0.23178,-0.056322,-0.045029,1.3747,0.055058,0,0.27307,0.7832,0.41908,0.33682,0.41132,0.059064,-0.067153,-0.39399,-0.094211,0.0036217,0.043292,0.6441,0.52441,0.0033993,-0.079625,0.75779,0.36758,0.54934,0.26172,0.65358,0.49902,0.46985,0.43008,0.076884,0.24721,0.24581,-0.083428,0.29798,0.19767,0.084714,-0.078956,0.87878,0.61801,0.85461,0.37116,0.011039,0.20542,0.27917,0.46638,-0.01589,0.028015,0.14502,0.04011,-0.10922,-0.43198,0.28095,-0.082194,-0.29413,0.0091952,-0.084699,-0.18785,-0.046488,0.80916,0.31833,-0.30056,-0.18971,0.10838,0.09808,0.1154,0.17457,0.48885,0.67153,0.097296,0.20496,0.097772,0.62265,0.11647,0.21481,0.58792,0.57982,0.31798,0.2497,0.49889,0.13218,-0.011484,-0.51284,0.39596,0.16119,0.50151,0.36017,-0.051408,0.059305,0.059677,0.45945,0.68279,0.18955,0.85663,0.16146,-0.094692,-0.35153,0.3973,0.3763,-0.30401,-0.055817,-0.40296,-0.20805,-0.045983,-0.15222
-0.061342,0.22113,0.20875,-0.31885,0.20532,1.0923,0.27307,0,-0.081549,1.2776,-0.63692,-0.42967,-1.013,-0.89929,0.21745,-0.63455,0.5309,0.62276,-0.19559,-0.23299,1.1492,0.73696,0.48149,0.58424,-0.48069,0.43189,0.33086,-0.11384,0.15502,0.074725,-0.14592,0.02487,-0.53933,0.00083899,-0.57479,0.20429,-0.69186,-0.088629,-0.046473,-0.25157,0.69118,0.7699,-0.50602,0.93519,-0.83982,-0.80459,-0.20304,-0.32834,0.83248,-0.97507,-0.88824,0.62299,0.56863,0.91223,0.71494,0.7937,0.47599,-0.16878,0.051014,0.69273,0.14932,0.99083,0.51385,0.27518,0.21855,0.016802,-0.14073,-0.46459,-0.12267,0.15617,0.76258,-0.57804,-0.28116,-0.78152,-0.15959,-0.63286,-0.26109,-0.23519,-0.54417,-0.20074,-0.6089,0.69882,0.20947,0.36141,0.064451,-0.57504,-0.14776,-0.52578,-0.14748,-0.30682,-0.5021,0.046219,0.46748,-0.087564,-0.17989,-0.36416,-0.38755,-0.66876,-0.19993,0.81075,0.62209,0.73489,0.60124,0.49545,0.46288
0.30622,0.039494,0.039643,0.6374,0.55142,-0.21362,0.7832,-0.081549,0,-0.12756,0.62735,1.4401,0.33579,0.49775,-0.062278,0.26412,-0.28494,0.063775,0.42765,1.1281,-0.32936,-0.47296,-0.0024781,-0.1399,1.1054,-0.0084186,0.18653,0.11813,0.004186,-0.13463,0.3393,-0.046289,0.33756,0.049718,0.84074,0.22368,0.42621,0.13719,0.33204,1.0217,0.14963,-0.15828,0.55308,-0.21883,0.51153,0.61385,0.84352,0.86482,-0.22602,0.58064,0.53414,-0.36118,-0.16122,-0.30811,-0.31903,-0.43747,-0.089634,0.20356,-0.063086,0.33496,0.71016,-0.56838,-0.26963,0.022071,-0.088634,0.85583,1.1061,0.80825,0.24527,0.57883,0.21139,0.74116,1.1117,0.70459,0.97666,0.9462,1.504,0.63901,0.85587,1.1107,0.77413,-0.7386,-0.3834,0.33408,0.44246,0.78164,0.58801,0.75741,0.45128,0.91921,1.0339,0.87317,0.12391,1.2495,0.90141,0.6434,0.36275,0.71174,0.35579,-0.70114,-0.43441,-0.65402,-0.35344,-0.096043,0.095958
0.37323,0.58984,0.26359,-0.32207,0.39646,0.89479,0.41908,1.2776,-0.12756,0,-0.65778,-0.49589,-1.2198,-1.3673,-0.12908,-1.0733,0.55289,0.69645,0.044299,-0.16847,1.214,0.89651,0.86591,1.0422,-0.2573,0.72805,0.748,0.29581,0.56611,0.49369,-0.34652,0.20611,-0.60216,0.0011611,-0.7805,0.13204,-0.78303,-0.23202,0.21275,-0.16011,1.2645,1.3162,-0.67493,1.3592,-0.84761,-0.59286,-0.30997,-0.33223,1.2475,-1.2836,-1.3412,0.59927,1.1033,1.1073,0.70254,1.0837,0.54864,-0.10751,0.21441,0.85191,0.076664,0.73279,0.25953,0.1407,0.090787,-0.12255,-0.223,-0.1914,0.28193,0.2159,0.76858,-0.75836,-0.31316,-0.67251,-0.1216,-0.45382,-0.23288,-0.036292,-0.39188,-0.13534,-0.57362,0.7246,-0.14299,0.62512,0.29198,-0.36567,-0.047101,-0.49376,-0.0089779,-0.40353,-0.30201,0.14815,0.58013,-0.039545,-0.29578,-0.34304,-0.437,-0.40349,-0.16098,0.60987,0.59234,0.63348,0.43895,0.67853,0.4056
0.22421,-0.38616,0.0047052,0.48279,0.34636,-0.79466,0.33682,-0.63692,0.62735,-0.65778,0,0.89443,0.86845,0.95738,-0.28744,0.51243,-1.1176,-0.9084,0.23792,0.3959,-1.3548,-1.6059,-0.21401,-0.74835,0.50258,-0.6771,-0.32852,-0.11352,-0.21705,-0.18732,0.25432,-0.19778,0.55576,-0.16928,1.2615,0.23438,1.3452,0.42944,0.44557,0.65764,-0.37908,-0.79402,0.71557,-0.93737,2.0107,1.3579,0.26623,0.27894,-1.0936,1.153,0.87693,-0.80884,-0.67424,-1.1983,-1.1041,-0.91649,-0.72015,-0.14481,-0.38324,-0.31264,-0.13376,-0.90002,-0.44923,0.0094804,0.069168,0.14818,0.33743,0.46953,0.14927,0.0061256,-0.27865,0.93824,0.65603,1.0686,0.3195,1.3405,0.86891,0.40338,0.71355,0.8427,1.0343,-0.58502,-0.051458,-0.23093,-0.19756,0.87001,0.38449,0.41837,-0.14377,0.63897,0.88804,0.1623,-0.65875,0.67213,0.3921,0.36907,0.15071,0.56677,0.62737,-1.1939,-0.79943,-1.156,-0.63899,-0.80848,-0.80049
0.13027,-0.061619,-0.11278,0.71248,0.32494,-0.47565,0.41132,-0.42967,1.4401,-0.49589,0.89443,0,0.56794,0.7632,-0.078577,0.36116,-0.46005,-0.23799,0.45968,1.1396,-0.73089,-0.7698,-0.23854,-0.43015,1.2167,-0.12679,-0.10422,0.086096,-0.0816,-0.30391,0.372,-0.34943,0.38779,-0.14465,1.1501,0.11133,0.64121,0.13817,0.33222,1.2993,-0.16967,-0.43713,0.59187,-0.59553,0.80134,0.90369,1.0008,0.93712,-0.56018,0.89218,0.82464,-0.44411,-0.49773,-0.61099,-0.6066,-0.85074,-0.39353,0.098463,-0.26879,0.035986,0.44574,-0.87841,-0.59678,-0.27368,-0.3409,0.65443,0.96177,0.84385,0.15025,0.42921,-0.097907,0.90714,0.7985,1.2021,0.9629,1.2497,1.8037,0.57012,1.0843,1.149,1.2859,-1.0059,-0.37816,0.14909,0.32332,0.83755,0.44861,0.99039,0.29114,1.1213,1.0804,0.57455,-0.091174,1.0442,1.1952,0.86468,0.67799,0.88775,0.36496,-1.2355,-0.95953,-1.0554,-0.74785,-0.20052,-0.049288
0.050993,-0.3981,-0.24668,0.2076,0.1156,-0.73461,0.059064,-1.013,0.33579,-1.2198,0.86845,0.56794,0,1.3929,-0.1249,1.3066,-0.53592,-0.77128,0.21814,0.3951,-1.1437,-0.84364,-0.34948,-0.55871,0.40465,-0.61652,-0.28616,0.0059497,-0.28378,-0.10591,0.19867,0.030579,1.3442,0.10236,0.99408,-0.077378,0.7977,0.063442,0.074256,0.25733,-0.54827,-0.78077,0.54603,-0.93051,1.1885,0.96732,0.071329,0.20948,-0.94675,1.5642,1.2292,-1.4043,-0.67282,-1.2449,-0.99928,-0.85042,-0.58874,0.058575,-0.11275,-0.37318,0.043608,-1.0791,-0.25553,-0.037986,0.054995,0.035121,0.13277,0.45435,0.12555,-0.39326,-0.72533,0.62638,0.56643,0.5858,-0.0055134,0.76074,0.36067,0.20474,0.48311,0.2531,0.52794,-0.599,-0.12089,-0.39516,-0.29626,0.73432,0.18619,0.32583,0.024172,0.21744,0.4335,0.19335,-0.37001,0.33729,0.25695,0.16337,0.14364,0.69998,0.50087,-0.71503,-0.45704,-0.92884,-0.44119,-0.74636,-0.57108
-0.14223,-0.56656,-0.078774,0.56735,-0.088497,-0.89121,-0.067153,-0.89929,0.49775,-1.3673,0.95738,0.7632,1.3929,0,0.17088,1.2038,-0.85041,-0.59856,0.072393,0.39999,-1.0607,-1.2196,-0.57586,-0.92681,0.40749,-0.93721,-0.4262,-0.31745,-0.46718,-0.34246,0.27586,-0.0049875,0.79459,0.25667,1.3662,0.20235,0.87807,0.42642,-0.08455,0.31556,-0.79778,-1.2721,0.92282,-1.1886,1.0658,0.70661,0.43822,0.48089,-1.0503,2.2358,2.5865,-0.73165,-0.86233,-1.1362,-0.6397,-1.0303,-0.48146,0.19698,-0.17786,-0.46387,0.066231,-0.73485,-0.084408,0.14253,0.18049,0.43626,0.50495,0.38936,-0.13291,-0.011863,-0.35365,1.009,0.75181,0.72099,0.33742,0.73591,0.53645,0.31915,0.6785,0.45979,0.7765,-0.76839,0.095706,-0.36537,-0.14087,0.74199,0.44477,0.61601,0.14446,0.63031,0.5913,0.13258,-0.48122,0.42933,0.4833,0.48246,0.36604,0.49504,0.28083,-0.7043,-0.45805,-0.68076,-0.34827,-0.71034,-0.42453
-0.79955,-0.58297,-0.28701,-0.040693,-0.67255,-0.11608,-0.39399,0.21745,-0.062278,-0.12908,-0.28744,-0.078577,-0.1249,0.17088,0,0.1357,0.0017924,0.14231,-0.15265,-0.23505,0.24799,-0.055586,-0.19746,-0.3692,-0.32901,-0.33698,-0.26329,-0.72383,-0.26392,-0.42181,0.1951,0.055011,-0.32607,0.31299,0.12524,0.51192,-0.34408,0.58784,-0.4004,-0.14582,-0.34443,-0.34624,0.11526,-0.23423,-0.3001,-0.62596,0.31339,-0.012283,0.0011564,-0.027318,0.17293,0.42245,-0.3682,0.0077932,0.41423,-0.21217,-0.047313,-0.089563,-0.37798,-0.0087336,-0.080455,0.61516,0.66233,0.35951,0.37538,0.49056,0.20684,-0.54825,-0.93881,0.11288,0.18507,0.052107,0.082628,-0.40682,0.17949,-0.43393,-0.18447,-0.40023,-0.21475,-0.26941,-0.20559,0.21296,0.67923,-0.27327,-0.13544,-0.3379,0.21112,-0.059279,-0.10227,0.099127,-0.42433,-0.43736,-0.18324,-0.1129,0.17718,0.020903,0.10144,-0.66616,-0.94515,0.41506,0.2842,0.53198,0.21365,-0.0063494,0.161
-0.26891,-0.66279,-0.15016,0.16921,-0.16862,-0.4902,-0.094211,-0.63455,0.26412,-1.0733,0.51243,0.36116,1.3066,1.2038,0.1357,0,-0.30636,-0.38052,-0.18056,0.14806,-0.71715,-0.59263,-0.64591,-0.63312,0.16875,-0.70467,-0.46553,-0.34244,-0.73924,-0.40158,0.46509,0.16782,0.98332,0.23496,0.66618,-0.15847,0.71834,0.16875,-0.34157,-0.049848,-0.73056,-0.85163,0.80836,-0.69991,0.69656,0.45706,0.10471,0.23753,-0.83926,1.1143,1.0937,-0.89293,-0.68107,-0.82238,-0.54909,-0.62747,-0.20977,0.24553,0.068946,-0.5211,0.24328,-0.59646,0.12347,0.27181,0.2733,0.18637,0.22601,0.12968,-0.24055,-0.31228,-0.53844,0.74598,0.62813,0.33749,-0.050894,0.31621,0.11329,-0.011625,0.17397,0.011993,0.21835,-0.61262,0.22969,-0.62769,-0.40107,0.32131,0.032396,0.27235,0.13492,0.21021,0.2209,0.092221,-0.32882,0.052798,0.074538,0.04217,0.027931,0.34557,0.33394,-0.25417,-0.11474,-0.44996,-0.0056941,-0.84569,-0.31517
-0.11702,0.36364,-0.2929,-0.69826,-0.0827,0.76248,0.0036217,0.5309,-0.28494,0.55289,-1.1176,-0.46005,-0.53592,-0.85041,0.0017924,-0.30636,0,0.74485,-0.047899,-0.14746,0.74343,1.3311,0.212,0.76462,-0.14103,1.1083,0.27793,0.35628,0.16569,0.065142,0.11769,0.042437,-0.29351,-0.22283,-0.92208,-0.69312,-0.76101,-0.77226,-0.18972,-0.28416,0.47979,0.88452,-0.5863,0.79569,-0.88088,-0.56522,-0.24516,-0.21137,0.69348,-0.84922,-0.82497,0.30951,0.47934,0.71922,0.41775,0.56814,0.51101,-0.0070987,0.30497,0.35915,0.43203,0.33923,0.061605,-0.2592,-0.36022,-0.27771,-0.31898,-0.26972,-0.019191,-0.17137,-0.058316,-0.62005,-0.40252,-0.6293,-0.33329,-0.71424,-0.54017,-0.51643,-0.71467,-0.72942,-0.89175,0.29445,-0.16812,0.12349,0.076142,-0.75708,-0.7148,-0.38541,0.10438,-0.62206,-0.65724,0.044271,0.6867,-0.49697,-0.32106,-0.49807,-0.20826,-0.18111,-0.25957,0.6692,0.40503,0.42738,0.31521,0.52278,0.68671
0.020469,0.52675,0.34979,0.087156,-0.08918,0.71148,0.043292,0.62276,0.063775,0.69645,-0.9084,-0.23799,-0.77128,-0.59856,0.14231,-0.38052,0.74485,0,-0.22836,0.051364,1.0509,0.92531,0.1008,0.70175,0.027816,0.68289,0.51293,0.11524,0.10893,0.093424,-0.032712,0.3411,-0.43228,0.35543,-0.66306,-0.14016,-0.63791,-0.28322,-0.42827,-0.25376,0.51058,0.70906,-0.14498,1.0326,-1.051,-0.74815,0.23221,0.32479,0.98984,-0.63968,-0.49167,0.69962,0.82022,1.202,1.1309,0.81012,1.4472,0.64467,0.74885,0.43274,0.75069,0.50479,0.40406,0.19273,-0.03183,0.43335,0.33267,-0.0036125,0.0030775,0.64105,0.72701,-0.26139,-0.030233,-0.39231,0.26353,-0.53907,-0.18023,0.10836,-0.16895,-0.14576,-0.4153,0.020695,-0.13069,0.55041,0.72063,-0.34084,-0.0082972,0.13138,0.78918,0.0024986,-0.10007,0.35728,0.9229,-0.16348,-0.054315,0.08897,0.055042,-0.15947,-0.32255,0.6351,0.64642,0.71064,0.70392,0.78729,1.3376
0.68837,0.31098,-0.57374,-0.10706,0.64711,-0.333,0.6441,-0.19559,0.42765,0.044299,0.23792,0.45968,0.21814,0.072393,-0.15265,-0.18056,-0.047899,-0.22836,0,0.68033,-0.15814,-0.15486,0.757,0.24989,0.72116,0.31821,0.61244,0.90046,1.0466,0.59661,-0.17998,0.014721,0.18606,-0.12721,0.41279,0.22879,-0.17541,-0.16271,1.1759,0.94301,0.51192,0.21113,-0.29418,-0.15194,0.28138,0.5064,0.1096,0.028031,0.084667,0.13523,0.048094,-0.34596,0.048917,-0.27507,-0.38588,-0.32528,-0.57659,-0.38354,-0.41039,0.67773,-0.031476,-0.42131,-0.58398,-0.46312,-0.31753,0.0096763,0.029638,0.64021,0.71524,-0.06004,-0.17775,-0.11181,0.26885,0.16444,0.28378,0.66365,0.5445,0.26002,0.46727,0.36074,0.3061,0.043631,-0.89533,0.39573,0.275,0.62805,0.46265,0.06053,-0.041058,-0.014156,0.29931,0.34553,0.10626,0.81781,0.47625,0.1198,0.11049,0.54241,-0.038499,-0.59947,-0.4135,-0.52233,-0.92671,0.16549,-0.20298
0.42332,0.47643,0.022362,0.60924,0.634,-0.075581,0.52441,-0.23299,1.1281,-0.16847,0.3959,1.1396,0.3951,0.39999,-0.23505,0.14806,-0.14746,0.051364,0.68033,0,-0.25983,-0.21959,0.085212,0.13613,1.237,0.24366,0.39549,0.53644,0.30937,0.14576,-0.087842,-0.17757,0.52298,0.10594,0.63611,0.045134,0.16112,-0.32216,0.32385,0.93157,0.24027,0.059695,0.11474,-0.10177,0.35629,0.6187,0.68092,0.88179,-0.024679,0.52159,0.47845,-0.36802,0.029449,-0.16389,-0.27779,-0.27766,-0.11183,0.30378,0.071618,0.46517,0.69764,-0.72837,-0.52296,-0.40117,-0.46034,0.56127,0.72347,1.4717,0.60442,0.41395,0.072811,0.28804,0.51553,0.65743,0.72561,0.91494,1.2054,0.90855,1.1688,0.97244,0.85173,-0.67265,-0.95657,0.68824,0.74842,0.97437,0.49389,0.84932,0.57632,0.59993,0.85749,1.2526,0.47435,1.1835,1.209,0.82147,0.70009,1.2057,0.41785,-0.82288,-0.54944,-0.72749,-0.52971,0.27327,0.27705
0.01907,0.4954,0.24866,-0.29903,-0.0073974,1.0138,0.0033993,1.1492,-0.32936,1.214,-1.3548,-0.73089,-1.1437,-1.0607,0.24799,-0.71715,0.74343,1.0509,-0.15814,-0.25983,0,1.3171,0.50091,0.95964,-0.46187,0.60731,0.61898,0.10039,0.36405,0.35807,-0.41503,0.31134,-0.57633,0.32462,-0.96111,0.11213,-1.3396,-0.25698,-0.24017,-0.49646,0.73478,1.027,-0.68841,1.3602,-1.7466,-1.2835,-0.23193,-0.25144,1.7095,-1.2496,-0.97453,0.86548,1.018,1.6244,1.4215,1.2661,0.82479,0.14249,0.38241,0.67166,0.16796,1.1425,0.62514,0.22933,0.16342,0.031618,-0.18146,-0.34599,0.012425,0.20645,0.77132,-0.91369,-0.42403,-1.1,-0.16554,-0.937,-0.52884,-0.13724,-0.50459,-0.42031,-0.82465,0.72508,0.022557,0.52825,0.34094,-0.56548,-0.067687,-0.4219,0.16978,-0.47419,-0.59068,0.051375,0.77549,-0.27978,-0.28354,-0.2886,-0.25985,-0.59771,-0.4675,1.1318,1.0005,1.2504,0.77971,0.9116,0.7615
0.020611,0.679,0.10415,-0.4852,-0.01466,1.1806,-0.079625,0.73696,-0.47296,0.89651,-1.6059,-0.7698,-0.84364,-1.2196,-0.055586,-0.59263,1.3311,0.92531,-0.15486,-0.21959,1.3171,0,0.36222,1.2063,-0.35856,1.016,0.5113,0.35946,0.33144,0.33493,-0.33217,0.14832,-0.3809,0.059964,-1.3999,-0.39201,-1.11,-0.76416,-0.26901,-0.53314,0.66418,1.3101,-0.87315,1.4502,-1.4586,-0.87262,-0.37423,-0.26771,1.3147,-1.2288,-1.1038,0.57408,0.98912,1.4118,0.8439,1.2424,0.79657,0.15361,0.53257,0.47773,0.27422,0.62651,0.25808,-0.11783,-0.19028,-0.27172,-0.38531,-0.25234,0.13324,-0.033435,0.28919,-1.0683,-0.65532,-0.86353,-0.38681,-0.92453,-0.66885,-0.24014,-0.61329,-0.62627,-0.91637,0.52667,-0.18165,0.42553,0.26987,-0.673,-0.47284,-0.42517,0.17948,-0.70048,-0.67246,0.093398,0.96998,-0.50017,-0.38981,-0.39541,-0.20618,-0.31153,-0.24178,0.92025,0.68864,0.77472,0.58385,0.91419,0.82761
0.86456,0.48155,-0.1441,-0.45827,0.80934,0.23922,0.75779,0.48149,-0.0024781,0.86591,-0.21401,-0.23854,-0.34948,-0.57586,-0.19746,-0.64591,0.212,0.1008,0.757,0.085212,0.50091,0.36222,0,0.84363,0.015614,0.46018,1.1185,0.70888,1.3368,1.1457,-0.51624,0.3474,-0.12122,0.043512,-0.19363,0.35967,-0.62599,-0.18956,0.86683,0.17307,1.3677,0.83485,-0.74421,0.51911,-0.2423,-0.070408,-0.45944,-0.50914,0.708,-0.52134,-0.64376,0.017416,0.69054,0.30328,0.13242,0.41496,-0.071466,-0.4224,-0.11085,1.1715,-0.19026,0.22977,0.0046145,0.005933,0.12837,-0.26137,-0.38252,0.11907,0.72616,-0.13663,0.28474,-0.70365,-0.062465,-0.50123,-0.16357,0.032417,-0.017328,0.067443,-0.092748,-0.0036112,-0.30956,0.77877,-0.4788,0.54941,0.14944,0.13858,0.2855,-0.56542,-0.19883,-0.53663,-0.1334,0.20098,0.3086,0.35129,-0.13583,-0.39537,-0.51486,-0.062268,-0.10712,0.12877,0.28885,0.14001,-0.084449,0.37478,-0.10478
0.60311,1.1707,0.18478,-0.31234,0.52184,0.87469,0.36758,0.58424,-0.1399,1.0422,-0.74835,-0.43015,-0.55871,-0.92681,-0.3692,-0.63312,0.76462,0.70175,0.24989,0.13613,0.95964,1.2063,0.84363,0,-0.016208,1.0659,1.2306,0.85888,0.82029,0.90305,-0.59984,0.31756,-0.098303,0.17583,-0.73329,-0.17684,-0.87878,-0.84964,0.14949,-0.18306,1.3764,2.0265,-0.89076,1.4564,-0.75218,-0.35879,-0.38441,-0.18476,1.4777,-0.79735,-0.87011,0.23422,1.6259,0.99436,0.53334,1.1363,0.59049,0.16065,0.56694,0.94306,0.30507,0.27608,0.069908,-0.12668,-0.15439,-0.21504,-0.2846,0.19213,0.7348,0.027367,0.38283,-0.97602,-0.32319,-0.56713,-0.22757,-0.3057,-0.24579,0.16425,-0.18166,-0.18661,-0.50147,0.44975,-0.65281,0.8741,0.50234,-0.098943,-0.075614,-0.30617,0.2916,-0.5833,-0.21903,0.49159,1.1888,-0.004124,-0.20793,-0.25641,-0.23917,0.053543,0.020686,0.42109,0.52248,0.37144,0.3147,0.94149,0.55876
0.50738,0.28064,-0.1543,0.5045,0.43323,-0.41128,0.54934,-0.48069,1.1054,-0.2573,0.50258,1.2167,0.40465,0.40749,-0.32901,0.16875,-0.14103,0.027816,0.72116,1.237,-0.46187,-0.35856,0.015614,-0.016208,0,0.2386,0.28342,0.56892,0.25729,0.075937,0.25396,-0.039802,0.332,-0.080234,0.60293,-0.10079,0.35178,-0.14141,0.45726,1.1636,0.15075,-0.066325,0.36977,-0.24965,0.50827,0.83561,0.74266,0.9023,-0.20273,0.53824,0.45533,-0.41437,-0.085483,-0.34039,-0.44129,-0.4808,-0.14764,0.24978,0.032812,0.20878,0.58539,-0.97715,-0.73574,-0.37846,-0.4912,0.49223,0.76509,1.2812,0.52373,0.44393,-0.11415,0.56586,0.74143,0.90207,0.89636,1.0821,1.1426,0.65331,0.97858,0.82053,0.79732,-0.90494,-0.88218,0.35496,0.61138,0.86221,0.43029,0.8996,0.58867,0.67684,1.1176,0.77663,0.16175,0.86255,0.75856,0.6815,0.52587,1.281,0.27205,-1.0125,-0.66733,-0.87894,-0.69805,0.022285,0.090853
0.29048,0.95751,-0.13424,-0.31479,0.28568,0.68501,0.26172,0.43189,-0.0084186,0.72805,-0.6771,-0.12679,-0.61652,-0.93721,-0.33698,-0.70467,1.1083,0.68289,0.31821,0.24366,0.60731,1.016,0.46018,1.0659,0.2386,0,0.60302,0.8646,0.60802,0.32419,-0.12586,-0.13066,-0.32824,-0.32283,-0.67508,-0.51706,-0.6794,-0.96334,0.20079,0.14666,0.86863,1.3025,-0.73272,0.86577,-0.65034,-0.22975,-0.026588,0.033455,0.83625,-0.77429,-0.83843,0.33032,0.71464,0.76134,0.31077,0.54864,0.39075,0.0096264,0.2625,0.64768,0.44702,0.10237,-0.35658,-0.61174,-0.75222,-0.17899,-0.12042,0.1858,0.43077,0.13214,0.10749,-0.61356,-0.36887,-0.22685,0.0094835,-0.22329,-0.0604,-0.025664,-0.17064,-0.14542,-0.31024,0.15199,-0.7102,0.63324,0.51896,-0.27227,-0.35933,-0.086825,0.23828,-0.30185,-0.17172,0.36224,0.92791,-0.051679,0.023429,-0.090985,0.074996,0.16637,-0.071273,0.17739,0.047381,0.12842,-0.044077,0.91591,0.72811
1.05,0.92673,0.1643,-0.048206,0.74274,0.33034,0.65358,0.33086,0.18653,0.748,-0.32852,-0.10422,-0.28616,-0.4262,-0.26329,-0.46553,0.27793,0.51293,0.61244,0.39549,0.61898,0.5113,1.1185,1.2306,0.28342,0.60302,0,0.91208,1.1661,1.3207,-0.62329,0.58968,0.040765,0.44314,-0.21587,0.22009,-0.63005,-0.38872,0.41079,0.11737,1.407,0.95838,-0.49479,0.75995,-0.36493,-0.098505,-0.14796,0.00019566,1.0127,-0.36462,-0.40636,0.057588,1.1799,0.53477,0.37933,0.61541,0.35913,0.1999,0.41087,1.2121,0.2627,0.093726,0.074561,0.052663,0.053832,0.098993,0.0074027,0.50511,1.0186,0.21199,0.5046,-0.52853,0.10902,-0.32819,0.10936,0.075904,0.097217,0.48624,0.19768,0.15098,-0.16617,0.29287,-0.82639,1.0455,0.69631,0.34863,0.47502,-0.080316,0.43289,-0.26118,0.14232,0.67817,0.80883,0.42978,0.032687,-0.019696,-0.17467,0.23639,-0.024884,0.11014,0.4076,0.17604,0.11087,0.68174,0.30907
0.97548,0.98259,-0.18723,-0.18655,0.70299,0.11838,0.49902,-0.11384,0.11813,0.29581,-0.11352,0.086096,0.0059497,-0.31745,-0.72383,-0.34244,0.35628,0.11524,0.90046,0.53644,0.10039,0.35946,0.70888,0.85888,0.56892,0.8646,0.91208,0,1.0995,0.92151,-0.38819,0.10536,0.20755,-0.12003,-0.14992,-0.30835,-0.3035,-0.86221,0.6465,0.37155,0.81517,0.74848,-0.56228,0.36798,-0.040394,0.3338,-0.17393,0.01269,0.43948,-0.17321,-0.30639,-0.24725,0.58803,0.16712,-0.14929,0.21962,-0.017519,-0.01182,0.21628,0.61195,0.19379,-0.41373,-0.63406,-0.62416,-0.5692,-0.29065,-0.18699,0.72959,1.3507,-0.095715,-0.15433,-0.42927,-0.072655,0.052152,-0.013344,0.32556,0.18089,0.3349,0.25318,0.11905,0.032487,0.027844,-1.6852,0.64553,0.47389,0.37516,0.040488,0.0086489,0.23669,-0.29872,0.1988,0.56923,0.58138,0.31611,0.093382,-0.0102,0.034344,0.69311,0.21772,-0.30082,-0.16162,-0.32929,-0.41972,0.4812,0.12365
0.9048,0.80601,-0.15793,-0.21188,0.62545,0.10058,0.46985,0.15502,0.004186,0.56611,-0.21705,-0.0816,-0.28378,-0.46718,-0.26392,-0.73924,0.16569,0.10893,1.0466,0.30937,0.36405,0.33144,1.3368,0.82029,0.25729,0.60802,1.1661,1.0995,0,1.2586,-0.69192,0.18573,-0.12562,0.050454,-0.14892,0.25078,-0.65586,-0.346,0.82571,0.33269,1.0289,0.76396,-0.80549,0.39763,-0.2325,0.024102,-0.19037,-0.20071,0.69056,-0.39348,-0.46469,0.091919,0.66636,0.29457,0.12812,0.30185,-0.10609,-0.22724,-0.059934,0.95975,-0.15751,0.041433,-0.28251,-0.33753,-0.21878,-0.17062,-0.23167,0.40316,0.94403,0.024007,0.18935,-0.68007,-0.15695,-0.23403,0.054755,0.15994,0.11702,0.28392,0.19142,0.12587,-0.045559,0.45717,-0.89096,0.79374,0.47678,0.29722,0.36321,-0.19177,0.018209,-0.33063,0.033871,0.27815,0.41594,0.40516,0.11046,-0.036571,-0.064533,0.18665,-0.17388,-0.10818,0.02689,0.01336,-0.33885,0.64721,0.045377
1.1838,0.72881,0.11684,-0.19232,0.66405,0.12291,0.43008,0.074725,-0.13463,0.49369,-0.18732,-0.30391,-0.10591,-0.34246,-0.42181,-0.40158,0.065142,0.093424,0.59661,0.14576,0.35807,0.33493,1.1457,0.90305,0.075937,0.32419,1.3207,0.92151,1.2586,0,-0.91144,0.59396,0.15374,0.38098,-0.20406,0.21948,-0.47709,-0.34314,0.51356,-0.037243,0.90346,0.68001,-0.59848,0.48917,-0.17383,0.027901,-0.50958,-0.30857,0.66918,-0.2739,-0.36288,-0.10636,0.90614,0.28472,0.15718,0.51673,0.089193,0.019943,0.29135,0.69226,-0.16679,0.015738,0.0032842,0.013248,0.12795,-0.26642,-0.35714,0.3881,1.1765,-0.1259,0.20867,-0.65605,-0.081136,-0.3394,-0.20049,0.098208,-0.092992,0.37805,0.12615,0.013176,-0.18186,0.46601,-0.70839,0.64078,0.33409,0.38401,0.3879,-0.28844,0.12779,-0.51199,0.042447,0.33512,0.40939,0.25154,-0.20181,-0.1958,-0.33098,0.18535,0.036737,0.043651,0.34076,0.10112,0.0037894,0.41279,-0.076715
-0.41945,-0.75162,-0.45888,-0.091948,-0.3208,-0.34816,0.076884,-0.14592,0.3393,-0.34652,0.25432,0.372,0.19867,0.27586,0.1951,0.46509,0.11769,-0.032712,-0.17998,-0.087842,-0.41503,-0.33217,-0.51624,-0.59984,0.25396,-0.12586,-0.62329,-0.38819,-0.69192,-0.91144,0,-0.11466,-0.07225,-0.48389,0.23523,-0.34053,0.51479,0.31771,-0.081023,0.25077,-0.41252,-0.46404,0.74775,-0.42918,0.3222,0.21605,0.35026,0.20374,-0.62659,0.25134,0.23584,-0.20346,-0.69291,-0.45,-0.38897,-0.61479,-0.11632,-0.13531,-0.2519,-0.42082,0.28753,-0.24753,-0.11874,0.081187,-0.051057,0.18122,0.31403,-0.22263,-0.61073,0.012351,-0.39259,0.81939,0.50087,0.31407,0.2204,0.099152,0.14389,-0.47932,-0.19807,-0.074459,0.010772,-0.48342,0.37536,-0.75218,-0.38714,-0.23983,-0.30257,0.14162,-0.058633,0.32414,0.10016,-0.21016,-0.47046,-0.12167,-0.017797,-0.10002,-0.071774,0.0067133,-0.06276,-0.1209,-0.25818,-0.27733,-0.12596,-0.67834,-0.12415
0.46658,-0.0031937,0.1613,-0.10354,0.085259,-0.10855,0.24721,0.02487,-0.046289,0.20611,-0.19778,-0.34943,0.030579,-0.0049875,0.055011,0.16782,0.042437,0.3411,0.014721,-0.17757,0.31134,0.14832,0.3474,0.31756,-0.039802,-0.13066,0.58968,0.10536,0.18573,0.59396,-0.11466,0,0.15406,0.85307,-0.12009,0.23453,-0.18156,0.17809,-0.066785,-0.37958,0.30902,0.14393,0.16677,0.28175,-0.15042,-0.17918,-0.30139,-0.13412,0.33158,-0.055372,-0.046579,-0.12387,0.48173,0.13426,0.31625,0.3373,0.44179,0.37539,0.54602,0.1964,0.076967,0.15148,0.67158,0.88114,0.83404,0.14159,-0.0096787,0.033906,0.24157,0.0034912,0.26056,-0.040945,0.44435,-0.42506,-0.086795,-0.12896,-0.29831,0.10642,-0.10856,-0.22504,-0.43161,0.17536,-0.0058987,0.030769,0.077916,0.16102,0.43802,-0.18951,0.39531,-0.2801,0.035798,0.12256,0.092926,-0.03436,-0.50726,-0.31383,-0.61937,-0.092237,-0.19973,0.38671,0.91766,0.38065,0.55686,-0.098249,-0.071596
0.26218,-0.038056,0.0043785,0.17219,0.42732,-0.22146,0.24581,-0.53933,0.33756,-0.60216,0.55576,0.38779,1.3442,0.79459,-0.32607,0.98332,-0.29351,-0.43228,0.18606,0.52298,-0.57633,-0.3809,-0.12122,-0.098303,0.332,-0.32824,0.040765,0.20755,-0.12562,0.15374,-0.07225,0.15406,0,0.27516,0.62748,-0.14173,0.50147,-0.26653,0.026823,0.093828,-0.16295,-0.28532,0.26556,-0.33676,0.71616,0.74057,-0.11205,0.16744,-0.4165,0.93457,0.75201,-1.3771,-0.19189,-0.58647,-0.64641,-0.30318,-0.24595,0.23139,0.21122,-0.05476,0.26734,-0.88227,-0.12418,0.014045,0.086848,-0.014464,0.053833,0.59718,0.41546,-0.39288,-0.42595,0.29166,0.45134,0.34698,-0.156,0.60205,0.28166,0.37914,0.43543,0.24529,0.34398,-0.44102,-0.32219,-0.055988,-0.12157,0.761,0.15218,0.22113,0.18159,0.030657,0.37627,0.55889,0.053784,0.38555,0.1868,0.078377,0.030482,0.79126,0.79719,-0.46178,-0.18107,-0.70297,-0.16216,-0.38211,-0.29226
0.15416,0.1227,0.53029,0.41284,-0.036015,0.020233,-0.083428,0.00083899,0.049718,0.0011611,-0.16928,-0.14465,0.10236,0.25667,0.31299,0.23496,-0.22283,0.35543,-0.12721,0.10594,0.32462,0.059964,0.043512,0.17583,-0.080234,-0.32283,0.44314,-0.12003,0.050454,0.38098,-0.48389,0.85307,0.27516,0,0.082243,0.50652,-0.2132,0.17621,-0.43077,-0.39165,0.049636,-0.031494,0.16006,0.18508,-0.20567,-0.30012,0.061991,0.23024,0.33547,0.16835,0.29446,0.065661,0.38208,0.22701,0.5634,0.3218,0.48786,0.78808,0.59868,0.17642,0.18557,0.21594,0.83324,0.72873,0.69312,0.55359,0.30411,0.19826,0.12466,0.28912,0.56003,-0.02819,0.30595,-0.26137,0.14622,-0.10366,-0.085096,0.50475,0.27139,0.070681,-0.039154,0.0023667,0.020205,0.31936,0.39619,0.34669,0.74048,0.20504,0.65045,0.068278,0.13436,0.31579,0.31127,0.14735,0.027389,0.23025,0.017418,-0.030109,-0.14205,0.28273,0.6967,0.42943,0.60561,0.19114,0.23637
0.075224,-0.42593,-0.18108,0.52423,0.24465,-0.8291,0.29798,-0.57479,0.84074,-0.7805,1.2615,1.1501,0.99408,1.3662,0.12524,0.66618,-0.92208,-0.66306,0.41279,0.63611,-0.96111,-1.3999,-0.19363,-0.73329,0.60293,-0.67508,-0.21587,-0.14992,-0.14892,-0.20406,0.23523,-0.12009,0.62748,0.082243,0,0.4416,0.73416,0.46048,0.32458,0.76396,-0.38501,-0.85292,0.66668,-1.0576,1.2052,0.89824,0.5198,0.43118,-0.85044,1.4167,1.2917,-0.70579,-0.76553,-1.1357,-0.76801,-1.1442,-0.73623,-0.070299,-0.46375,-0.092639,0.031578,-0.72932,-0.2533,0.041025,0.10828,0.4847,0.56089,0.52226,0.036114,0.081556,-0.20767,0.88014,0.88258,0.77284,0.52217,1.1489,0.97785,0.40641,0.86186,0.80231,1.0099,-0.58444,-0.074982,-0.13606,-0.052801,0.97546,0.65849,0.54252,0.002202,0.72297,0.7487,0.25417,-0.45154,0.93155,0.75995,0.51359,0.33207,0.53825,0.27583,-1.0006,-0.65883,-0.89298,-0.63958,-0.56047,-0.49433
0.14054,-0.18499,0.17864,0.30265,0.1575,-0.24518,0.19767,0.20429,0.22368,0.13204,0.23438,0.11133,-0.077378,0.20235,0.51192,-0.15847,-0.69312,-0.14016,0.22879,0.045134,0.11213,-0.39201,0.35967,-0.17684,-0.10079,-0.51706,0.22009,-0.30835,0.25078,0.21948,-0.34053,0.23453,-0.14173,0.50652,0.4416,0,-0.11294,0.83917,0.2586,0.17732,0.10054,-0.20824,0.079552,-0.16835,0.075733,-0.1117,0.17248,-0.042248,0.07092,0.11027,0.18808,0.1851,-0.021187,-0.083547,0.20862,-0.096384,-0.22271,-0.14671,-0.38122,0.33412,-0.37408,0.35498,0.43148,0.53974,0.68244,0.48041,0.25086,-0.013685,-0.0367,0.32035,0.63991,0.050391,0.2985,-0.12319,0.35313,0.17172,0.28482,0.29644,0.31437,0.41182,0.23373,0.31407,0.21844,0.21947,0.11034,0.3594,1.1207,-0.0078152,-0.12809,0.2632,0.16212,-0.052186,-0.23729,0.55892,0.28679,0.2203,-0.042548,-0.31151,-0.31214,-0.035215,0.1543,0.20304,0.0071866,-0.0033414,-0.24902
-0.0089137,-0.50203,0.13114,0.47605,0.051568,-0.63623,0.084714,-0.69186,0.42621,-0.78303,1.3452,0.64121,0.7977,0.87807,-0.34408,0.71834,-0.76101,-0.63791,-0.17541,0.16112,-1.3396,-1.11,-0.62599,-0.87878,0.35178,-0.6794,-0.63005,-0.3035,-0.65586,-0.47709,0.51479,-0.18156,0.50147,-0.2132,0.73416,-0.11294,0,0.35741,0.050602,0.30156,-0.6527,-0.90995,1.0736,-0.80108,1.3312,0.99035,0.23817,0.3472,-1.3335,1.0343,0.82496,-0.70464,-0.71039,-0.95833,-0.91004,-0.73384,-0.35528,0.078149,-0.10091,-0.73916,0.011389,-0.85306,-0.34027,0.086053,0.052951,0.093982,0.33564,0.27207,-0.073024,0.0020849,-0.37094,1.2371,0.55218,1.0932,0.19661,0.77132,0.51541,0.23396,0.42714,0.51303,0.72217,-0.83974,0.14962,-0.48109,-0.29896,0.47081,0.050335,0.46146,-0.020951,0.62369,0.73235,0.060178,-0.66881,0.22328,0.134,0.28638,0.11978,0.47412,0.71172,-0.76884,-0.61858,-0.87836,-0.31032,-1.0218,-0.59174
-0.24069,-0.90891,0.027739,0.26,-0.33398,-0.66568,-0.078956,-0.088629,0.13719,-0.23202,0.42944,0.13817,0.063442,0.42642,0.58784,0.16875,-0.77226,-0.28322,-0.16271,-0.32216,-0.25698,-0.76416,-0.18956,-0.84964,-0.14141,-0.96334,-0.38872,-0.86221,-0.346,-0.34314,0.31771,0.17809,-0.26653,0.17621,0.46048,0.83917,0.35741,0,0.01605,0.082078,-0.44801,-0.79964,0.68221,-0.58384,0.31889,-0.0099989,0.26396,0.001399,-0.46333,0.28961,0.37239,0.10843,-0.52442,-0.42753,-0.027556,-0.46845,-0.26678,-0.17032,-0.47544,-0.3358,-0.43899,0.21843,0.38697,0.70204,0.73626,0.41251,0.31126,-0.3337,-0.5739,0.24476,0.22007,0.58995,0.45333,0.11013,0.33896,0.11461,0.14914,-0.082536,0.073916,0.19194,0.1952,0.0076703,0.77877,-0.4564,-0.28762,0.072454,0.52684,0.052821,-0.23244,0.44072,0.16454,-0.50062,-0.94556,0.11898,0.012796,0.10872,-0.12372,-0.43932,-0.34959,-0.052768,0.021826,0.10979,0.02453,-0.61152,-0.50739
0.81382,0.16597,-0.40173,-0.20811,0.84733,-0.30239,0.87878,-0.046473,0.33204,0.21275,0.44557,0.33222,0.074256,-0.08455,-0.4004,-0.34157,-0.18972,-0.42827,1.1759,0.32385,-0.24017,-0.26901,0.86683,0.14949,0.45726,0.20079,0.41079,0.6465,0.82571,0.51356,-0.081023,-0.066785,0.026823,-0.43077,0.32458,0.2586,0.050602,0.01605,0,0.86313,0.55277,0.19815,-0.23627,-0.13135,0.42408,0.61762,-0.1137,-0.2282,-0.041757,0.015501,-0.14759,-0.3486,0.024525,-0.32779,-0.55701,-0.26946,-0.6796,-0.71888,-0.56753,0.50104,-0.29456,-0.34436,-0.633,-0.3137,-0.17024,-0.2403,-0.15141,0.36916,0.6566,-0.12995,-0.13407,-0.060637,0.19615,0.20287,0.11856,0.68431,0.49711,0.13761,0.262,0.3987,0.26159,0.18776,-0.55148,0.22016,-0.0045802,0.46405,0.29519,-0.17457,-0.37859,-0.054842,0.30322,0.14109,-0.1781,0.67703,0.17433,-0.09573,-0.20148,0.31949,0.14325,-0.58869,-0.449,-0.55947,-0.84806,-0.077896,-0.54327
0.34456,0.086939,-0.35543,0.32489,0.49422,-0.43782,0.61801,-0.25157,1.0217,-0.16011,0.65764,1.2993,0.25733,0.31556,-0.14582,-0.049848,-0.28416,-0.25376,0.94301,0.93157,-0.49646,-0.53314,0.17307,-0.18306,1.1636,0.14666,0.11737,0.37155,0.33269,-0.037243,0.25077,-0.37958,0.093828,-0.39165,0.76396,0.17732,0.30156,0.082078,0.86313,0,0.15182,-0.12914,0.188,-0.41789,0.58553,0.79467,0.68257,0.49424,-0.30173,0.41029,0.32698,-0.2902,-0.31165,-0.46534,-0.58023,-0.70144,-0.57647,-0.26079,-0.53589,0.30175,0.18904,-0.64376,-0.85756,-0.4835,-0.48225,0.35405,0.54239,0.71579,0.32217,0.32877,-0.10028,0.45029,0.52169,0.78375,0.81817,1.1049,1.4043,0.38715,0.781,0.91874,0.87342,-0.45903,-0.56917,0.26576,0.32074,0.66461,0.41751,0.52626,0.043594,0.64847,0.75636,0.40671,-0.090371,1.0895,0.95354,0.54952,0.45785,0.68658,0.16037,-1.1331,-0.99921,-0.91445,-1.1659,-0.038679,-0.13522
0.8674,0.84532,0.084277,-0.27493,0.882,0.58693,0.85461,0.69118,0.14963,1.2645,-0.37908,-0.16967,-0.54827,-0.79778,-0.34443,-0.73056,0.47979,0.51058,0.51192,0.24027,0.73478,0.66418,1.3677,1.3764,0.15075,0.86863,1.407,0.81517,1.0289,0.90346,-0.41252,0.30902,-0.16295,0.049636,-0.38501,0.10054,-0.6527,-0.44801,0.55277,0.15182,0,1.4269,-0.66725,0.99541,-0.44755,-0.15377,-0.25975,-0.18949,1.0573,-0.67094,-0.79873,0.14748,1.1262,0.65286,0.32365,0.71144,0.31877,-0.083778,0.22602,1.4233,0.22808,0.21741,-0.010849,-0.034239,-0.044267,-0.091301,-0.14313,0.25097,0.79795,0.13128,0.49262,-0.64362,-0.043893,-0.40989,-0.017861,-0.033984,0.04995,0.21106,-0.059806,0.074404,-0.31163,0.46504,-0.64565,0.885,0.44955,0.067189,0.15673,-0.31305,0.13763,-0.36793,-0.020097,0.52342,0.74012,0.32301,-0.072622,-0.23335,-0.34899,0.064415,0.025751,0.2032,0.34765,0.18958,0.10404,0.65208,0.29391
0.48015,1.0598,0.12648,-0.39209,0.4804,1.0133,0.37116,0.7699,-0.15828,1.3162,-0.79402,-0.43713,-0.78077,-1.2721,-0.34624,-0.85163,0.88452,0.70906,0.21113,0.059695,1.027,1.3101,0.83485,2.0265,-0.066325,1.3025,0.95838,0.74848,0.76396,0.68001,-0.46404,0.14393,-0.28532,-0.031494,-0.85292,-0.20824,-0.90995,-0.79964,0.19815,-0.12914,1.4269,0,-0.98887,1.561,-0.84013,-0.41738,-0.35628,-0.23926,1.4375,-1.0589,-1.1809,0.36251,1.3477,1.0984,0.53253,1.1059,0.541,0.012367,0.39928,0.93183,0.25958,0.36981,0.0042788,-0.20352,-0.24447,-0.26666,-0.31617,0.063658,0.57007,0.050396,0.39271,-1.0122,-0.42817,-0.5741,-0.21972,-0.37349,-0.24633,0.034799,-0.29227,-0.20617,-0.53969,0.51899,-0.54253,0.79672,0.42906,-0.25823,-0.20251,-0.37737,0.15035,-0.56524,-0.29594,0.36616,1.0335,-0.05571,-0.21256,-0.30217,-0.24921,-0.056848,-0.028175,0.45165,0.43303,0.39588,0.2688,0.96661,0.57774
-0.16533,-0.66165,0.15619,0.62791,-0.23308,-0.67536,0.011039,-0.50602,0.55308,-0.67493,0.71557,0.59187,0.54603,0.92282,0.11526,0.80836,-0.5863,-0.14498,-0.29418,0.11474,-0.68841,-0.87315,-0.74421,-0.89076,0.36977,-0.73272,-0.49479,-0.56228,-0.80549,-0.59848,0.74775,0.16677,0.26556,0.16006,0.66668,0.079552,1.0736,0.68221,-0.23627,0.188,-0.66725,-0.98887,0,-0.65223,0.6821,0.43711,0.56123,0.60922,-0.8385,0.87599,0.91277,-0.34267,-0.60142,-0.63035,-0.33244,-0.63451,-0.013819,0.38246,0.056241,-0.62297,0.24623,-0.44244,0.077813,0.47071,0.31833,0.61069,0.77803,0.16236,-0.34672,0.33995,-0.061662,1.9508,0.98078,0.70104,0.52091,0.45555,0.42956,0.20711,0.3784,0.40221,0.49717,-0.92585,0.3404,-0.46157,-0.087308,0.34585,0.30178,0.63936,0.32346,0.86503,0.6925,0.052691,-0.53961,0.18097,0.16115,0.38915,0.14433,0.24066,0.18634,-0.38233,-0.21392,-0.36024,0.0039596,-0.81578,-0.24383
0.30475,0.85492,0.43921,-0.22696,0.27649,1.3047,0.20542,0.93519,-0.21883,1.3592,-0.93737,-0.59553,-0.93051,-1.1886,-0.23423,-0.69991,0.79569,1.0326,-0.15194,-0.10177,1.3602,1.4502,0.51911,1.4564,-0.24965,0.86577,0.75995,0.36798,0.39763,0.48917,-0.42918,0.28175,-0.33676,0.18508,-1.0576,-0.16835,-0.80108,-0.58384,-0.13135,-0.41789,0.99541,1.561,-0.65223,0,-1.0877,-0.67223,-0.32389,-0.15964,1.5511,-1.0843,-1.0667,0.53012,1.6041,1.6475,0.87765,1.8391,1.0202,0.27162,0.69764,0.65561,0.34107,0.57992,0.31277,0.09408,-0.0099793,-0.11475,-0.19679,-0.074608,0.33777,0.19593,0.65483,-0.81703,-0.39373,-0.66248,-0.21552,-0.59782,-0.38391,0.061316,-0.37174,-0.25424,-0.64447,0.457,-0.24858,0.69909,0.43572,-0.37799,-0.19465,-0.31762,0.30138,-0.45793,-0.31043,0.32833,1.0395,-0.21625,-0.34616,-0.26723,-0.28753,-0.22693,-0.036841,0.74336,0.75391,0.69183,0.70235,0.88336,0.74672
0.19412,-0.4527,-0.16979,0.30587,0.28063,-0.92316,0.27917,-0.83982,0.51153,-0.84761,2.0107,0.80134,1.1885,1.0658,-0.3001,0.69656,-0.88088,-1.051,0.28138,0.35629,-1.7466,-1.4586,-0.2423,-0.75218,0.50827,-0.65034,-0.36493,-0.040394,-0.2325,-0.17383,0.3222,-0.15042,0.71616,-0.20567,1.2052,0.075733,1.3312,0.31889,0.42408,0.58553,-0.44755,-0.84013,0.6821,-1.0877,0,1.5829,0.15958,0.19778,-1.2848,1.2954,0.93523,-1.1104,-0.77543,-1.6177,-1.4811,-1.0681,-0.82738,-0.18233,-0.3768,-0.38759,-0.13708,-1.1183,-0.49789,-0.056327,0.025952,0.020769,0.20734,0.44469,0.15013,-0.19081,-0.53919,0.88889,0.63783,0.9696,0.17696,1.2425,0.67925,0.26174,0.5855,0.58341,0.83097,-0.59285,-0.079368,-0.37786,-0.32007,0.8058,0.25611,0.33767,-0.17555,0.45259,0.72151,0.10902,-0.6952,0.52869,0.29392,0.23233,0.09413,0.63902,0.61315,-1.1589,-0.79567,-1.3382,-0.70414,-0.97029,-0.91179
