,,,,,,,,,,,,,,,,,,,,,,,,,,,,,,,,,,,,,,,,,,,,,,,,,,,,,,,,,,,,,,,,,,,,,,,,,,,,,,,,,,,,,,,,,,,,,,,,,,,,,,,,
0,0.65586,0.49317,0.82141,1.4866,-0.18908,1.1305,-0.051337,1.0132,0.5851,0.68799,0.82571,0.56447,0.36508,-0.63596,0.37594,-0.39547,0.24391,0.50796,1.0264,0.0095609,-0.25411,0.83604,0.64435,1.6241,-0.020098,1.405,1.3652,0.8193,2.1739,-0.72228,2.7868,1.4096,2.2684,0.48317,0.45964,0.35951,0.1331,0.67957,0.50272,0.94937,0.37606,0.90797,0.33641,0.58019,1.1559,0.053666,0.74724,0.4125,0.62153,0.37174,-1.5063,0.89779,-0.048608,-0.1618,0.27994,0.2881,0.49611,0.47378,0.56287,0.37662,-1.2812,0.36868,1.6347,1.1765,0.79215,1.1136,2.5303,2.604,1.101,1.1609,0.93289,1.3619,0.47415,1.1471,1.3535,1.2199,1.6734,1.6228,1.7824,0.64071,-0.46239,-1.5337,1.1308,1.0757,1.6743,1.1387,0.76326,0.83206,1.0303,1.8474,1.0648,0.30892,1.0019,0.073449,0.74737,-1.5121,1.7533,0.66055,-0.69877,0.65873,-0.97557,0.147,-0.13696,-0.18815
0.65586,0,0.95689,0.65287,0.60087,0.72755,0.47284,0.31525,0.43375,0.96463,-0.196,0.045636,-0.33179,-0.54977,-1.0109,0.047261,0.37804,1.2192,-0.24885,0.53822,0.60029,0.67611,0.098695,1.4169,0.59735,0.7379,0.68288,0.85966,0.028431,0.46581,-0.17171,0.70247,0.64593,0.6874,-0.45462,-0.47671,0.15911,-0.91656,-0.23376,-0.24936,0.71265,1.1456,0.43426,1.6027,-0.29574,0.12952,-0.032647,1.8814,0.99271,-0.22644,-0.47987,-0.23354,2.2769,1.0182,0.80213,1.6848,1.6587,1.508,1.6574,0.26678,1.1612,-0.54299,0.40853,0.53611,0.070949,0.39725,0.79836,0.8292,0.82653,1.5538,1.0277,0.21098,0.35318,0.24063,0.28497,0.11539,0.19617,0.82345,0.2861,0.39517,-0.14095,-1.1228,-0.99256,1.1247,1.6483,0.25915,0.025433,1.091,2.2403,0.37064,0.65754,1.1811,1.2245,0.1128,-0.40829,0.44374,-0.44972,1.0455,0.99407,0.2295,1.4653,0.053991,1.2229,0.63729,0.71726
0.49317,0.95689,0,1.528,0.25249,0.31558,0.053883,-0.25735,0.026818,0.16606,0.19678,-0.214,0.069725,-0.095377,-2.1326,0.50288,-0.13945,0.38737,-0.64724,0.061134,-0.07969,0.17621,-0.32405,0.40369,0.19181,0.039999,0.18017,0.28921,-0.35571,0.28672,-0.61519,0.44442,0.70871,0.56897,-0.42092,-0.52545,0.96843,-0.47626,-0.43533,-0.6311,0.090407,0.25987,1.0483,0.6112,0.1156,0.40132,-0.63788,1.115,0.15107,0.20263,0.016617,-0.28834,0.86859,0.46352,0.26463,1.0168,1.0227,1.7792,1.5787,-0.3079,0.39557,-0.92963,0.019812,0.49256,0.13086,-0.042281,0.3574,0.6212,0.63226,0.85048,0.50842,0.66662,0.08742,1.0075,-0.070465,0.17775,0.00057797,0.94408,0.40719,0.41731,0.32998,-2.4606,-0.40727,0.42702,0.67273,0.29214,-0.066071,2.1355,1.0335,0.74422,0.78711,0.54476,0.37822,-0.15349,-0.98456,1.1951,-0.15505,0.88929,2.4946,-0.082873,0.51555,-0.1869,1.0179,0.0069349,0.21457
0.82141,0.65287,1.528,0,0.46215,-0.060159,0.23712,-0.45702,0.20277,0.068053,0.65786,0.081862,0.50581,0.31411,-1.5728,0.76121,-0.53937,0.10328,-0.26677,0.2007,-0.34475,-0.21733,-0.052012,0.25273,0.4017,-0.27218,0.33537,0.39431,-0.055132,0.60864,-1.043,0.72081,1.0729,0.90528,-0.00011894,-0.090322,1.3357,-0.058456,-0.042148,-0.25444,0.15526,0.049037,2.0244,0.2956,0.55337,0.91507,-0.60859,0.8515,-0.01809,0.65767,0.42209,-0.71543,0.70241,0.066132,-0.12052,0.53689,0.54819,1.0349,0.92558,-0.19529,0.17943,-1.6796,0.011451,0.84002,0.54261,0.093075,0.45842,0.90956,0.9266,0.80979,0.56894,1.2926,0.36174,1.4479,0.1841,0.60757,0.31769,1.4228,0.88343,0.83371,0.80404,-1.2684,-0.51376,0.44972,0.61409,0.71994,0.3132,1.7698,0.81098,1.304,1.3052,0.5511,0.12305,0.15041,-0.64492,2.1192,-0.41282,1.1506,1.7969,-0.5184,0.35959,-0.65258,0.52006,-0.336,-0.15738
1.4866,0.60087,0.25249,0.46215,0,0.025542,2.2306,0.36008,1.9972,0.94787,0.41905,1.2938,0.35713,0.21798,-0.30543,0.39843,-0.1133,0.44619,0.667,1.9979,0.31962,-0.079924,1.1599,0.86013,2.1343,0.19576,1.9955,1.2326,0.91917,1.3225,-0.25529,1.7408,1.3224,1.664,0.57697,0.54351,0.016621,0.03108,0.73028,0.72947,1.5668,0.61834,0.54956,0.46852,0.31633,0.69116,0.48627,0.73368,0.69165,0.39398,0.20939,-1.2393,0.85636,0.065899,-0.0043856,0.26699,0.28734,0.35456,0.34674,1.0905,0.65689,-0.69937,0.87682,1.659,1.1144,1.5607,1.9105,1.5287,1.3318,1.1166,1.6673,0.61963,2.1352,0.084882,1.7272,1.0232,1.635,1.0414,1.0272,1.421,0.32774,-0.28496,-1.5463,1.5414,1.1038,1.1781,1.1181,0.47619,0.78204,0.82258,1.0873,1.4458,0.54013,1.4339,0.42095,0.33321,-2.5517,1.1281,0.41577,-0.39814,0.90603,-0.67828,0.1755,0.10248,0.030154
-0.18908,0.72755,0.31558,-0.060159,0.025542,0,0.044477,0.91572,0.074519,0.70011,-1.0847,-0.26811,-1.2207,-1.4049,-0.19251,-0.12318,1.3657,1.4102,-0.56952,0.15049,1.1725,1.8201,-0.28417,0.77818,-0.052442,1.282,0.061229,0.060655,-0.46591,-0.35339,0.6849,-0.10844,-0.01253,-0.091756,-0.87044,-0.91407,-0.35693,-1.9447,-0.78452,-0.50214,0.28505,1.0378,-0.24476,1.2872,-1.2994,-0.75149,0.29474,0.6615,0.87675,-1.0113,-1.2166,0.47313,0.57251,1.924,1.9255,1.0995,1.1131,0.62314,0.68762,0.16592,1.1762,0.30458,0.56144,-0.11025,-0.56894,0.17617,0.29641,-0.04268,-0.090199,0.45109,0.36929,-0.45595,-0.17154,-0.38027,-0.18151,-0.6761,-0.31593,-0.065165,-0.53657,-0.31487,-0.98986,-0.47818,-0.15102,0.39638,0.46447,-0.52624,-0.6342,0.24054,0.6076,-0.22273,-0.1902,0.46126,1.2939,-0.31493,-0.17868,-0.27199,0.12025,0.049182,0.26624,1.3407,0.83115,0.92061,1.2295,1.4531,2.4711
1.1305,0.47284,0.053883,0.23712,2.2306,0.044477,0,0.5191,3.0548,1.0431,0.30227,1.5428,0.26875,0.16562,-0.10136,0.28083,-0.00615,0.45732,0.84112,2.9032,0.43656,-0.037374,1.4422,0.84699,1.9115,0.27429,1.9464,1.1356,1.0668,1.1031,-0.077728,1.3203,0.9805,1.2046,0.63948,0.62753,-0.18581,0.04859,0.82642,0.92759,1.8335,0.66065,0.3298,0.42728,0.21634,0.51601,0.72777,0.56891,0.77023,0.27958,0.13491,-1.0174,0.69816,0.054543,0.022579,0.16624,0.18716,0.18764,0.19035,1.4987,0.6669,-0.46096,1.0137,1.2428,0.98613,2.1,1.7071,1.1274,1.0014,0.89406,1.4,0.42295,2.0826,-0.11925,2.0995,0.87428,1.6523,0.74034,0.80333,1.1007,0.18798,-0.10246,-1.3256,1.3883,0.93557,0.96302,1.0933,0.26376,0.61456,0.5972,0.78457,1.2508,0.55333,1.6462,0.64171,0.11953,-2.1589,0.82822,0.20662,-0.30305,0.85811,-0.55253,0.078802,0.1849,0.070868
-0.051337,0.31525,-0.25735,-0.45702,0.36008,0.91572,0.5191,0,0.58127,1.0276,-0.74541,0.34956,-0.71161,-0.69542,0.34977,-0.14613,1.1332,0.96581,0.1709,0.63276,1.6517,0.83321,0.34475,0.76685,0.28465,1.1159,0.39855,0.22724,0.14455,-0.1021,1.0901,0.064896,0.035288,0.030467,-0.095619,-0.085736,-1.0164,-0.61602,-0.037516,0.24648,0.71688,1.0304,-0.49811,0.71631,-0.84562,-0.59486,1.3068,0.30608,1.0912,-0.70785,-0.73864,0.16177,0.32935,0.68847,0.81622,0.34582,0.3646,0.04267,0.089909,0.91459,1.0441,0.49399,1.1954,0.072108,-0.13997,0.76313,0.56243,0.025583,-0.051944,0.32174,0.50558,-0.50562,0.27017,-1.0466,0.34339,-0.28088,0.18239,-0.17042,-0.33532,-0.092196,-0.90574,0.10003,-0.29638,0.55131,0.38538,-0.22802,-0.075663,-0.21157,0.29152,-0.24689,-0.22018,0.54358,1.011,0.26723,0.61358,-0.73045,-0.27407,-0.047583,-0.21245,0.79008,0.76093,0.5234,0.3678,1.1808,0.99857
1.0132,0.43375,0.026818,0.20277,1.9972,0.074519,3.0548,0.58127,0,1.0362,0.27536,1.6045,0.25046,0.15913,-0.055052,0.32154,0.021812,0.46461,0.81922,2.8142,0.46207,-0.024286,1.3728,0.81846,1.6532,0.28009,1.6818,0.99941,0.98749,0.97437,-0.012377,1.184,0.95396,1.1163,0.64977,0.62721,-0.2153,0.041415,0.78924,0.92733,1.7319,0.65597,0.30324,0.42333,0.1886,0.46357,0.81032,0.54979,0.7636,0.26265,0.13046,-0.96398,0.64993,0.060004,0.033269,0.15263,0.17785,0.1643,0.16551,1.566,0.68894,-0.40414,1.1425,1.2019,0.95749,2.5189,1.7252,1.0237,0.89508,0.8523,1.3677,0.40335,1.9406,-0.16118,1.9378,0.81341,1.5944,0.67722,0.73667,1.0383,0.15775,-0.083939,-1.1823,1.3106,0.87153,0.8885,1.0333,0.22918,0.57979,0.58838,0.71913,1.2196,0.56175,1.6133,0.69923,0.077146,-1.9198,0.75089,0.17993,-0.26208,0.8499,-0.51362,0.084992,0.19869,0.095411
0.5851,0.96463,0.16606,0.068053,0.94787,0.70011,1.0431,1.0276,1.0362,0,-0.33094,0.54239,-0.3976,-0.53268,-0.18632,-0.09224,0.65283,1.388,0.28691,1.2192,1.2735,0.6801,0.64415,2.0538,0.94009,1.109,1.1418,1.0176,0.46652,0.50012,0.28546,0.72045,0.50862,0.62132,-0.045867,-0.028464,-0.46109,-0.62706,0.17002,0.31963,1.6408,1.9502,0.0035377,1.2081,-0.43039,-0.046058,0.73884,0.88648,2.3283,-0.35927,-0.55352,-0.27691,1.0995,0.76287,0.75425,0.70299,0.71684,0.4757,0.53013,1.1212,1.6067,-0.12603,1.0438,0.55577,0.20449,1.1107,1.2238,0.68751,0.6254,1.0594,1.2623,-0.059612,0.71848,-0.37417,0.76794,0.16667,0.54187,0.43825,0.19382,0.39316,-0.40218,-0.29107,-1.1401,1.5516,1.2838,0.269,0.27708,0.30512,0.96175,0.14563,0.3734,1.3859,1.5546,0.56115,0.31405,-0.12002,-0.78954,0.62732,0.24621,0.3209,1.7631,0.095668,0.56436,0.95485,0.78384
0.68799,-0.196,0.19678,0.65786,0.41905,-1.0847,0.30227,-0.74541,0.27536,-0.33094,0,0.52962,2.6475,1.7647,-0.26292,0.71482,-1.8897,-0.6865,0.43091,0.19394,-0.96894,-1.4872,0.3753,-0.31938,0.40492,-1.1299,0.26821,0.19865,0.45395,0.74749,-1.1134,0.57643,0.67635,0.66886,0.94363,0.83816,0.80498,1.0269,0.73378,0.43197,0.023431,-0.57449,0.95845,-0.53898,2.7845,1.7442,-0.31403,-0.039019,-0.52724,2.9048,1.8859,-1.1725,-0.053933,-0.97997,-1.2702,-0.42743,-0.41358,-0.055989,-0.12249,-0.025577,-0.48006,-0.9582,-0.14223,0.7322,1.2331,0.14954,0.19595,0.56544,0.58122,0.10784,0.15854,1.3689,0.56969,0.82583,0.45451,1.3407,0.70449,0.67356,1.2801,0.97953,2.4578,-0.070251,-0.22255,0.058045,0.010896,1.1734,0.9908,0.30341,-0.037531,1.0038,0.83189,0.071111,-0.60528,0.58844,0.050677,0.8402,-0.53264,0.47897,0.29631,-2.1868,-0.25808,-2.1045,-0.44389,-1.3247,-1.2571
0.82571,0.045636,-0.214,0.081862,1.2938,-0.26811,1.5428,0.34956,1.6045,0.54239,0.52962,0,0.55368,0.50794,0.17666,0.3861,-0.24491,0.066104,1.2462,1.3625,0.15152,-0.37648,1.6561,0.35653,1.1848,-0.050169,1.0877,0.66362,1.2292,0.90803,-0.076617,0.90587,0.75942,0.87488,1.2241,1.181,-0.187,0.43389,1.276,1.4717,0.9953,0.24,0.2634,0.016733,0.46455,0.59948,0.77943,0.1716,0.34475,0.52198,0.44762,-1.1094,0.24501,-0.3279,-0.33259,-0.23517,-0.20741,-0.16386,-0.1793,1.258,0.26415,-0.34048,0.81063,1.0214,1.2839,1.4752,0.98672,0.74397,0.65858,0.43024,0.77893,0.46911,1.7551,-0.15411,1.8713,1.0398,2.0315,0.48891,0.81463,1.0297,0.36397,0.19727,-0.73453,0.71942,0.42665,1.0032,1.4773,-0.0098164,0.19124,0.57265,0.58925,0.66491,0.152,2.5533,1.003,0.028461,-1.5208,0.481,-0.048272,-0.5308,0.37538,-0.76577,-0.28277,-0.11668,-0.24779
0.56447,-0.33179,0.069725,0.50581,0.35713,-1.2207,0.26875,-0.71161,0.25046,-0.3976,2.6475,0.55368,0,2.2926,-0.12383,0.69364,-1.9154,-0.81231,0.49042,0.15965,-1.0138,-1.8006,0.38606,-0.42002,0.33796,-1.2643,0.20428,0.10985,0.46243,0.64089,-0.92944,0.4692,0.56465,0.55134,1.0882,0.9663,0.68496,1.2371,0.79078,0.49796,-0.024674,-0.67477,0.785,-0.67414,2.7703,1.4205,-0.24755,-0.16044,-0.60792,2.6441,2.3574,-1.0565,-0.17797,-1.1833,-1.5252,-0.57483,-0.55701,-0.18816,-0.25804,-0.014864,-0.57048,-0.76345,-0.14264,0.63331,1.1801,0.13817,0.13235,0.44308,0.451,-0.0051991,0.076603,1.1568,0.52993,0.68336,0.43402,1.2217,0.68331,0.52217,1.0917,0.85764,1.9696,0.05475,-0.1287,-0.026254,-0.10082,1.0367,0.97751,0.1662,-0.1633,0.86418,0.67038,-0.016254,-0.71589,0.59337,0.14578,0.67094,-0.47952,0.34237,0.16568,-2.054,-0.35618,-1.8351,-0.57303,-1.4619,-1.4338
0.36508,-0.54977,-0.095377,0.31411,0.21798,-1.4049,0.16562,-0.69542,0.15913,-0.53268,1.7647,0.50794,2.2926,0,0.055836,0.62694,-1.7564,-1.0381,0.51354,0.059293,-1.0982,-2.4059,0.33798,-0.60295,0.19787,-1.4871,0.069905,-0.045117,0.41399,0.45465,-0.71665,0.28643,0.37667,0.35584,1.1766,1.0523,0.55119,1.5891,0.78232,0.52625,-0.13745,-0.8623,0.56972,-0.91023,1.9781,1.0534,-0.1934,-0.35006,-0.7636,1.846,2.7155,-0.8219,-0.37856,-1.546,-2.0129,-0.80568,-0.77978,-0.37581,-0.45397,-0.049958,-0.7357,-0.5233,-0.18478,0.45068,0.97507,0.068634,0.00037822,0.24794,0.25065,-0.18875,-0.076656,0.88773,0.40837,0.52513,0.342,0.96584,0.57037,0.30778,0.81407,0.63976,1.4894,0.22215,0.036602,-0.18359,-0.28728,0.79296,0.84518,-0.017281,-0.36157,0.65326,0.44351,-0.17547,-0.91754,0.51908,0.23547,0.47314,-0.34514,0.14085,-0.0091241,-1.6235,-0.53219,-1.3752,-0.76203,-1.6643,-1.691
-0.63596,-1.0109,-2.1326,-1.5728,-0.30543,-0.19251,-0.10136,0.34977,-0.055052,-0.18632,-0.26292,0.17666,-0.12383,0.055836,0,-0.35147,0.20569,-0.34479,0.48608,-0.09845,0.11542,-0.11612,0.2089,-0.43493,-0.29567,-0.028944,-0.2783,-0.45152,0.19251,-0.44707,0.79837,-0.56998,-0.70705,-0.65456,0.36595,0.43344,-0.96209,0.38882,0.29203,0.50925,-0.14808,-0.26129,-1.0673,-0.56404,-0.19049,-0.51891,0.69821,-1.0612,-0.1689,-0.24238,-0.037802,0.36195,-0.9423,-0.3909,-0.20459,-0.92512,-0.91401,-1.5672,-1.4523,0.27066,-0.33437,1.1085,0.078924,-0.52376,-0.18734,0.040338,-0.35922,-0.74747,-0.79777,-0.88547,-0.5176,-0.68577,-0.14947,-1.0899,-0.010966,-0.28328,-0.063569,-1.0838,-0.52346,-0.48728,-0.39435,1.7542,0.53282,-0.47688,-0.75717,-0.40188,-0.037097,-2.1902,-1.0611,-0.71467,-0.91579,-0.55436,-0.33657,0.085585,0.98898,-1.33,0.22446,-1.0608,-1.9933,0.1936,-0.50358,0.27645,-0.82145,0.029874,-0.12464
0.37594,0.047261,0.50288,0.76121,0.39843,-0.12318,0.28083,-0.14613,0.32154,-0.09224,0.71482,0.3861,0.69364,0.62694,-0.35147,0,-0.55639,-0.1309,-0.078113,0.23834,-0.3689,-0.44895,0.02412,-0.074623,0.2073,-0.51566,0.12887,-0.077686,-0.096044,0.2357,-0.35272,0.34625,0.88622,0.5644,0.41691,0.25836,0.72009,0.23194,0.089441,0.026982,0.050321,-0.19921,0.9805,-0.03499,0.60677,0.61551,-0.086413,0.34077,-0.23594,0.83907,0.75912,-0.68502,0.1333,-0.23549,-0.37642,0.049846,0.090089,0.31412,0.23779,-0.012634,0.059863,-0.62066,0.3897,0.76368,0.70394,0.29663,0.42885,0.41925,0.34021,0.33884,0.39495,1.1099,0.41304,0.59321,0.23377,0.52962,0.44838,0.59077,0.59351,0.69959,0.73825,-0.46919,-0.099769,0.18348,0.12698,0.54011,0.37481,0.52106,0.23508,1.2712,0.62618,0.32428,-0.082637,0.32699,-0.018296,0.67098,-0.38413,0.40245,0.60889,-0.45544,0.1024,-0.6382,0.19374,-0.50114,-0.26953
-0.39547,0.37804,-0.13945,-0.53937,-0.1133,1.3657,-0.00615,1.1332,0.021812,0.65283,-1.8897,-0.24491,-1.9154,-1.7564,0.20569,-0.55639,0,1.0313,-0.26719,0.10076,1.519,1.8028,-0.13593,0.60761,-0.11939,1.6536,0.0091088,0.025655,-0.25319,-0.46326,1.152,-0.28636,-0.3727,-0.3577,-0.72405,-0.65844,-0.90342,-1.1629,-0.53155,-0.24635,0.26434,0.9216,-0.76423,0.80189,-2.2397,-1.2136,0.54188,0.2413,0.87342,-1.8281,-1.8885,0.73281,0.26801,1.19,1.5755,0.56227,0.55757,0.16147,0.231,0.29252,0.81198,0.73617,0.43047,-0.39473,-0.7777,0.14317,0.10133,-0.28664,-0.32112,0.13309,0.12675,-1.0152,-0.25242,-0.90148,-0.16605,-0.87756,-0.37639,-0.42373,-0.85003,-0.59483,-2.0455,-0.0091115,-0.031944,0.22131,0.23015,-0.75664,-0.64473,-0.18935,0.24133,-0.69035,-0.54273,0.20846,0.94929,-0.29388,0.090962,-0.77593,0.2197,-0.24656,-0.19375,1.7748,0.54627,1.317,0.5624,2.0298,1.6868
0.24391,1.2192,0.38737,0.10328,0.44619,1.4102,0.45732,0.96581,0.46461,1.388,-0.6865,0.066104,-0.81231,-1.0381,-0.34479,-0.1309,1.0313,0,-0.19644,0.57359,1.4499,1.3146,0.11525,1.6219,0.41254,1.5805,0.54136,0.56137,-0.02788,0.1106,0.41028,0.33743,0.28927,0.30344,-0.52784,-0.52975,-0.34747,-1.3628,-0.32416,-0.16236,0.78163,2.129,-0.051621,2.2841,-0.83222,-0.33995,0.4211,1.0587,1.6849,-0.69584,-0.97663,0.08244,1.1058,1.6147,1.4992,1.2769,1.2979,0.77768,0.86415,0.50904,2.1371,0.0039777,0.7592,0.24118,-0.1856,0.53452,0.72894,0.37904,0.33585,0.92551,0.83455,-0.22166,0.23334,-0.3007,0.23493,-0.22257,0.075956,0.2751,-0.12458,0.06068,-0.68008,-0.55698,-0.65746,0.94159,1.0305,-0.095587,-0.17967,0.42799,1.0707,-0.0033985,0.1635,0.97164,3.0452,0.067001,-0.054888,-0.10783,-0.29755,0.44294,0.39802,0.73922,1.6224,0.46709,1.1297,1.4406,1.5186
0.50796,-0.24885,-0.64724,-0.26677,0.667,-0.56952,0.84112,0.1709,0.81922,0.28691,0.43091,1.2462,0.49042,0.51354,0.48608,-0.078113,-0.26719,-0.19644,0,0.75536,0.036248,-0.4921,1.6945,0.098801,0.77995,-0.11807,0.72631,0.54704,1.8711,0.72571,-0.051539,0.54401,0.2339,0.4203,1.2424,1.5015,-0.40786,0.70541,2.0273,2.6226,0.63934,0.02835,-0.080396,-0.2939,0.44397,0.43562,0.68008,-0.24205,0.16196,0.38121,0.38853,-0.66678,-0.068455,-0.58052,-0.49415,-0.61376,-0.605,-0.59219,-0.58602,0.96462,-0.079864,-0.083551,0.3079,0.44378,0.80056,0.76168,0.41395,0.37588,0.36652,0.031959,0.2849,0.13826,0.92114,-0.33269,1.1572,0.78911,1.0617,0.13514,0.53996,0.54875,0.25987,0.66967,-0.46148,0.33384,0.11631,0.69019,1.206,-0.3918,-0.16977,0.12257,0.24208,0.21624,-0.12875,1.3058,1.1626,-0.22021,-0.83756,0.157,-0.47345,-0.56967,0.025467,-0.61579,-0.78268,-0.191,-0.45819
1.0264,0.53822,0.061134,0.2007,1.9979,0.15049,2.9032,0.63276,2.8142,1.2192,0.19394,1.3625,0.15965,0.059293,-0.09845,0.23834,0.10076,0.57359,0.75536,0,0.557,0.07016,1.3109,0.97566,1.7379,0.38477,1.9021,1.132,0.96051,0.9766,0.0035841,1.2136,0.9178,1.1069,0.53029,0.52167,-0.24862,-0.051893,0.70816,0.83815,2.1443,0.79106,0.27083,0.52968,0.10745,0.40823,0.79571,0.62607,0.91092,0.17435,0.031099,-0.87075,0.76089,0.15584,0.129,0.24082,0.26232,0.22661,0.23602,1.6122,0.79665,-0.39335,1.1328,1.13,0.83515,2.3076,1.8326,1.0577,0.93499,0.94632,1.4961,0.33997,1.7206,-0.18196,1.7695,0.73241,1.3938,0.68829,0.68266,0.96417,0.086298,-0.12592,-1.3388,1.5207,1.006,0.82147,0.92457,0.26293,0.67152,0.52691,0.7097,1.3618,0.67592,1.4107,0.62921,0.06506,-1.7981,0.79704,0.20706,-0.1914,0.98601,-0.4332,0.15412,0.29511,0.18023
0.0095609,0.60029,-0.07969,-0.34475,0.31962,1.1725,0.43656,1.6517,0.46207,1.2735,-0.96894,0.15152,-1.0138,-1.0982,0.11542,-0.3689,1.519,1.4499,0.036248,0.557,0,1.2806,0.249,1.0884,0.30677,2.028,0.44316,0.39855,0.10041,-0.048145,0.8554,0.12031,-0.0013275,0.046955,-0.3605,-0.32056,-0.89967,-0.95848,-0.17105,0.069344,0.75152,1.555,-0.47283,1.073,-1.1072,-0.62869,0.84688,0.48415,1.5851,-0.98178,-1.1652,0.2509,0.56569,1.0828,1.2806,0.62637,0.63202,0.25295,0.32087,0.73881,1.3026,0.39193,0.8285,0.016359,-0.28895,0.58705,0.53138,0.099171,0.052709,0.46664,0.54074,-0.58611,0.1798,-0.83808,0.25716,-0.36147,0.055966,-0.083875,-0.35794,-0.147,-1.0986,-0.073748,-0.43148,0.6605,0.59133,-0.27188,-0.19025,-0.039263,0.50425,-0.32722,-0.16368,0.62185,1.4444,0.12047,0.30334,-0.5811,-0.21442,0.0835,-0.066788,0.94255,0.98743,0.65998,0.56936,1.9779,1.4073
-0.25411,0.67611,0.17621,-0.21733,-0.079924,1.8201,-0.037374,0.83321,-0.024286,0.6801,-1.4872,-0.37648,-1.8006,-2.4059,-0.11612,-0.44895,1.8028,1.3146,-0.4921,0.07016,1.2806,0,-0.26739,0.75776,-0.088319,1.6892,0.036656,0.1134,-0.38057,-0.36761,0.71721,-0.17124,-0.21315,-0.21654,-1.0419,-0.9823,-0.51302,-1.9172,-0.73994,-0.47871,0.25452,1.0535,-0.44266,1.143,-1.7621,-0.91434,0.26826,0.50145,0.92023,-1.4841,-2.0088,0.64591,0.50727,1.946,2.9465,0.96056,0.94471,0.48479,0.56429,0.14489,0.96649,0.42341,0.34865,-0.28555,-0.77222,0.06798,0.15526,-0.12791,-0.14719,0.33143,0.23053,-0.70971,-0.27113,-0.4953,-0.23002,-0.80958,-0.42773,-0.18768,-0.67098,-0.47705,-1.3287,-0.32072,-0.13765,0.32021,0.41356,-0.64809,-0.71635,0.11287,0.4995,-0.47331,-0.31709,0.33006,1.1667,-0.39651,-0.19465,-0.40295,0.2124,-0.031341,0.1087,1.5435,0.71147,1.1615,0.93367,1.9226,2.349
0.83604,0.098695,-0.32405,-0.052012,1.1599,-0.28417,1.4422,0.34475,1.3728,0.64415,0.3753,1.6561,0.38606,0.33798,0.2089,0.02412,-0.13593,0.11525,1.6945,1.3109,0.249,-0.26739,0,0.45059,1.3185,0.095928,1.2694,0.92806,2.0951,1.0348,-0.07734,0.92279,0.52839,0.75873,0.97135,1.0714,-0.35314,0.37954,1.5009,1.7391,1.1393,0.33965,0.085451,0.047955,0.34085,0.50369,0.76425,0.11728,0.47251,0.32703,0.25107,-0.87722,0.28496,-0.26597,-0.23815,-0.22877,-0.21836,-0.21954,-0.21061,1.4176,0.25081,-0.26392,0.58359,0.76299,0.95032,1.2348,0.83414,0.71916,0.68518,0.39562,0.68788,0.25052,1.4555,-0.26393,1.9525,0.91677,1.5157,0.40879,0.71014,0.81748,0.22093,0.30833,-0.87721,0.75224,0.48451,0.89252,1.367,-0.09431,0.1853,0.30893,0.49484,0.61135,0.19059,1.8966,0.9661,-0.078738,-1.371,0.46693,-0.16888,-0.46899,0.38727,-0.62194,-0.36179,0.0073633,-0.20643
0.64435,1.4169,0.40369,0.25273,0.86013,0.77818,0.84699,0.76685,0.81846,2.0538,-0.31938,0.35653,-0.42002,-0.60295,-0.43493,-0.074623,0.60761,1.6219,0.098801,0.97566,1.0884,0.75776,0.45059,0,0.8647,1.0997,1.0384,1.0764,0.32007,0.51544,0.13384,0.7615,0.56973,0.67531,-0.20938,-0.19975,-0.25523,-0.79579,0.02379,0.11583,1.3047,2.1029,0.13831,1.6029,-0.42518,0.0024254,0.44304,1.2157,1.9953,-0.35349,-0.59239,-0.25942,1.5584,0.94609,0.86448,1.0157,1.0242,0.75736,0.82825,0.77246,1.7319,-0.26535,0.80281,0.56486,0.14714,0.83261,1.1357,0.78274,0.7376,1.3518,1.3061,0.015953,0.59947,-0.16889,0.6015,0.14307,0.42049,0.58191,0.2251,0.40033,-0.34421,-0.5356,-1.2251,1.6251,1.6953,0.26744,0.18479,0.54008,1.3505,0.21201,0.48154,1.5101,1.7876,0.3988,0.05786,0.062112,-0.68939,0.80344,0.47109,0.31977,2.3393,0.10219,0.79907,0.93497,0.84399
1.6241,0.59735,0.19181,0.4017,2.1343,-0.052442,1.9115,0.28465,1.6532,0.94009,0.40492,1.1848,0.33796,0.19787,-0.29567,0.2073,-0.11939,0.41254,0.77995,1.7379,0.30677,-0.088319,1.3185,0.8647,0,0.21839,2.6916,1.6378,1.143,1.618,-0.30552,1.9494,1.0557,1.5155,0.55439,0.56135,-0.024951,0.066965,0.8375,0.79716,1.6059,0.61364,0.47661,0.42601,0.32119,0.71038,0.44213,0.65374,0.7064,0.35428,0.1695,-1.1625,0.84971,0.038095,-0.016357,0.22547,0.23873,0.3013,0.30376,1.076,0.57079,-0.69587,0.66187,1.3427,1.0305,1.3135,1.4762,1.5472,1.4428,1.0325,1.3695,0.53866,1.9164,0.073444,1.8573,1.0547,1.5275,0.99289,1.0412,1.2858,0.31097,-0.21627,-1.8385,1.4599,1.1221,1.2042,1.1814,0.42893,0.74041,0.66822,1.0502,1.2505,0.49287,1.3996,0.39654,0.31167,-2.2031,1.1436,0.34103,-0.44067,0.83637,-0.68036,0.09008,0.10265,-0.014267
-0.020098,0.7379,0.039999,-0.27218,0.19576,1.282,0.27429,1.1159,0.28009,1.109,-1.1299,-0.050169,-1.2643,-1.4871,-0.028944,-0.51566,1.6536,1.5805,-0.11807,0.38477,2.028,1.6892,0.095928,1.0997,0.21839,0,0.35287,0.40721,-0.0087645,-0.083272,0.70135,0.076987,-0.07785,-0.010369,-0.60155,-0.53623,-0.73645,-1.235,-0.32157,-0.11241,0.60477,1.5615,-0.45353,1.2182,-1.2835,-0.67184,0.54328,0.53935,1.4775,-1.1906,-1.5716,0.36595,0.64178,1.3955,1.7028,0.804,0.79454,0.3782,0.45944,0.49963,1.2033,0.34788,0.5469,-0.083717,-0.44689,0.36886,0.39741,0.075611,0.05346,0.47439,0.44889,-0.64254,0.035233,-0.65863,0.10714,-0.46828,-0.10329,-0.073141,-0.41812,-0.24104,-1.1824,-0.18573,-0.41085,0.59097,0.62115,-0.35617,-0.33259,0.05781,0.5775,-0.40253,-0.17227,0.54775,1.466,-0.054238,0.070106,-0.47188,-0.085667,0.10961,0.021258,1.0465,0.95572,0.78626,0.69403,2.6081,1.632
1.405,0.68288,0.18017,0.33537,1.9955,0.061229,1.9464,0.39855,1.6818,1.1418,0.26821,1.0877,0.20428,0.069905,-0.2783,0.12887,0.0091088,0.54136,0.72631,1.9021,0.44316,0.036656,1.2694,1.0384,2.6916,0.35287,0,1.7662,1.0736,1.3738,-0.20769,1.6752,0.95658,1.335,0.44843,0.46355,-0.11644,-0.043897,0.73272,0.74229,1.9755,0.77061,0.37795,0.54142,0.18732,0.56052,0.50943,0.70763,0.87868,0.22017,0.040535,-0.96171,0.93978,0.15061,0.10486,0.30413,0.315,0.33152,0.34461,1.1885,0.69982,-0.58856,0.73495,1.1762,0.84991,1.3854,1.5562,1.4046,1.3144,1.0935,1.4718,0.41262,1.6417,-0.014855,1.681,0.86194,1.3146,0.89895,0.85883,1.0822,0.1809,-0.22147,-2.0306,1.6915,1.2459,0.99284,0.99164,0.40729,0.80629,0.55615,0.9188,1.3791,0.62779,1.2572,0.40297,0.22738,-1.8631,1.0819,0.32051,-0.30515,0.98069,-0.52689,0.15948,0.23567,0.10686
1.3652,0.85966,0.28921,0.39431,1.2326,0.060655,1.1356,0.22724,0.99941,1.0176,0.19865,0.66362,0.10985,-0.045117,-0.45152,-0.077686,0.025655,0.56137,0.54704,1.132,0.39855,0.1134,0.92806,1.0764,1.6378,0.40721,1.7662,0,0.92436,1.3811,-0.34164,1.5106,0.75394,1.1325,0.22149,0.26301,-0.041744,-0.13507,0.56605,0.50403,1.3601,0.78301,0.37018,0.59699,0.13487,0.53774,0.25502,0.75151,0.8644,0.12556,-0.074254,-0.75057,1.0971,0.23678,0.18288,0.42121,0.41602,0.449,0.47642,0.79858,0.62313,-0.65649,0.40703,0.87819,0.60617,0.83866,1.0559,1.3533,1.419,1.0946,1.1312,0.33708,1.0493,0.093406,1.0881,0.72166,0.87149,0.92575,0.78213,0.85993,0.14887,-0.31563,-2.2355,1.4218,1.3843,0.85356,0.7554,0.51523,0.91066,0.42295,0.90752,1.1405,0.61911,0.8212,0.14349,0.31603,-1.1824,1.198,0.398,-0.27857,0.93018,-0.43516,0.21489,0.26905,0.12793
0.8193,0.028431,-0.35571,-0.055132,0.91917,-0.46591,1.0668,0.14455,0.98749,0.46652,0.45395,1.2292,0.46243,0.41399,0.19251,-0.096044,-0.25319,-0.02788,1.8711,0.96051,0.10041,-0.38057,2.0951,0.32007,1.143,-0.0087645,1.0736,0.92436,0,1.1048,-0.21364,0.86336,0.4138,0.67339,0.96446,1.1227,-0.2832,0.50791,1.7749,1.6347,0.88257,0.20173,0.078972,-0.082573,0.44401,0.58316,0.53867,0.006143,0.32902,0.38141,0.31103,-0.83831,0.20297,-0.38998,-0.35597,-0.32883,-0.32839,-0.28939,-0.27942,1.0221,0.072905,-0.29919,0.31541,0.63258,0.89637,0.85854,0.60302,0.66406,0.67259,0.2826,0.50165,0.24476,1.1604,-0.17654,1.4599,0.96764,1.2458,0.38197,0.74605,0.75032,0.30361,0.37329,-0.79328,0.58638,0.38919,0.91417,1.39,-0.12415,0.094231,0.24291,0.47884,0.43849,0.037626,1.447,0.79547,-0.030143,-1.1145,0.43621,-0.21339,-0.6077,0.23118,-0.69612,-0.51239,-0.10849,-0.35965
2.1739,0.46581,0.28672,0.60864,1.3225,-0.35339,1.1031,-0.1021,0.97437,0.50012,0.74749,0.90803,0.64089,0.45465,-0.44707,0.2357,-0.46326,0.1106,0.72571,0.9766,-0.048145,-0.36761,1.0348,0.51544,1.618,-0.083272,1.3738,1.3811,1.1048,0,-0.73107,1.9883,1.0518,1.5764,0.62601,0.63641,0.26076,0.28905,0.93071,0.68881,0.9028,0.27551,0.71348,0.17547,0.66452,1.1944,0.08799,0.50034,0.33739,0.6558,0.42945,-1.4888,0.67458,-0.19554,-0.28466,0.095122,0.097294,0.27999,0.26544,0.60746,0.22595,-1.0702,0.26651,1.2864,1.2355,0.75167,0.90581,1.6504,1.7676,0.80801,0.90308,0.80061,1.3765,0.38286,1.2665,1.5389,1.3137,1.2223,1.6162,1.5448,0.66515,-0.24428,-1.3536,0.934,0.84875,1.7883,1.3968,0.5254,0.59144,0.81416,1.3834,0.82264,0.17417,1.135,0.18358,0.60315,-1.4805,1.2713,0.42899,-0.83354,0.48668,-1.0757,-0.057698,-0.20826,-0.32295
-0.72228,-0.17171,-0.61519,-1.043,-0.25529,0.6849,-0.077728,1.0901,-0.012377,0.28546,-1.1134,-0.076617,-0.92944,-0.71665,0.79837,-0.35272,1.152,0.41028,-0.051539,0.0035841,0.8554,0.71721,-0.07734,0.13384,-0.30552,0.70135,-0.20769,-0.34164,-0.21364,-0.73107,0,-0.5742,-0.57187,-0.62137,-0.26509,-0.23767,-1.211,-0.44484,-0.29879,0.005516,0.056797,0.36876,-1.0996,0.22301,-1.0927,-1.3363,0.8589,-0.2025,0.38525,-1.0062,-0.77862,0.73761,-0.22843,0.44209,0.6254,0.0082527,0.022278,-0.33229,-0.28146,0.31313,0.3644,1.3548,0.46549,-0.52597,-0.6183,0.14357,-0.076184,-0.6396,-0.73584,-0.27209,-0.141,-1.0584,-0.27515,-1.4674,-0.16797,-0.83307,-0.31407,-0.87452,-1.0243,-0.71116,-1.3357,0.43794,0.32375,-0.10584,-0.21483,-0.84728,-0.5158,-0.69588,-0.2402,-0.77844,-0.94266,-0.10462,0.38566,-0.19039,0.49357,-1.4264,0.30514,-0.7115,-0.65864,1.1444,0.11999,1.0258,0.094277,0.82505,0.75504
2.7868,0.70247,0.44442,0.72081,1.7408,-0.10844,1.3203,0.064896,1.184,0.72045,0.57643,0.90587,0.4692,0.28643,-0.56998,0.34625,-0.28636,0.33743,0.54401,1.2136,0.12031,-0.17124,0.92279,0.7615,1.9494,0.076987,1.6752,1.5106,0.86336,1.9883,-0.5742,0,1.3876,2.261,0.47112,0.45136,0.25296,0.073453,0.68157,0.54855,1.1339,0.48337,0.79458,0.41391,0.47357,0.98482,0.16301,0.79886,0.52899,0.51956,0.28723,-1.3969,0.96925,0.017804,-0.082437,0.31474,0.32648,0.4926,0.47775,0.68905,0.48218,-1.0944,0.47977,1.6656,1.122,0.94037,1.3062,2.5416,2.3139,1.2002,1.3392,0.81752,1.52,0.35918,1.2918,1.2299,1.2976,1.5069,1.3977,1.66,0.51893,-0.43852,-1.7793,1.3206,1.1965,1.4962,1.1185,0.71213,0.88807,0.94837,1.6012,1.2253,0.40731,1.0828,0.14267,0.62485,-1.7196,1.6814,0.61037,-0.5858,0.77501,-0.85453,0.18082,-0.039654,-0.099401
1.4096,0.64593,0.70871,1.0729,1.3224,-0.01253,0.9805,0.035288,0.95396,0.50862,0.67635,0.75942,0.56465,0.37667,-0.70705,0.88622,-0.3727,0.28927,0.2339,0.9178,-0.0013275,-0.21315,0.52839,0.56973,1.0557,-0.07785,0.95658,0.75394,0.4138,1.0518,-0.57187,1.3876,0,1.9446,0.42423,0.32834,0.51672,0.029977,0.39272,0.2928,0.75402,0.33737,1.2202,0.40631,0.53227,0.98368,0.056382,0.92926,0.33137,0.68384,0.43795,-1.3826,0.85604,0.029951,-0.11513,0.39162,0.4184,0.6661,0.61054,0.44577,0.48604,-1.2338,0.60183,2.2514,1.1385,0.80808,1.2508,1.5937,1.3831,1.1869,1.2987,1.2187,1.1408,0.55544,0.85246,1.0425,1.0392,1.7022,1.2759,1.7351,0.66032,-0.69531,-1.003,1.019,0.9373,1.2395,0.8326,0.95381,0.89981,1.7069,1.7264,1.1589,0.36195,0.81645,0.0256,0.85395,-1.2128,1.4373,0.93081,-0.54045,0.70566,-0.85959,0.36444,-0.14981,-0.082118
2.2684,0.6874,0.56897,0.90528,1.664,-0.091756,1.2046,0.030467,1.1163,0.62132,0.66886,0.87488,0.55134,0.35584,-0.65456,0.5644,-0.3577,0.30344,0.4203,1.1069,0.046955,-0.21654,0.75873,0.67531,1.5155,-0.010369,1.335,1.1325,0.67339,1.5764,-0.62137,2.261,1.9446,0,0.47771,0.42179,0.38869,0.075575,0.5792,0.44962,0.96715,0.40903,1.0168,0.40211,0.54185,1.0783,0.10415,0.87013,0.43182,0.63343,0.38232,-1.5691,0.9425,0.003973,-0.12032,0.34252,0.3605,0.57411,0.54077,0.58159,0.47417,-1.2645,0.52464,2.2808,1.2298,0.89965,1.339,2.547,2.0636,1.2464,1.3843,1.0403,1.4331,0.47328,1.1234,1.2575,1.2586,1.8268,1.5197,2.0405,0.6256,-0.55475,-1.408,1.2152,1.1092,1.5526,1.0545,0.84329,0.91552,1.2689,1.9722,1.238,0.37604,1.0061,0.088831,0.76541,-1.5821,1.769,0.76268,-0.6149,0.74713,-0.92988,0.24911,-0.11152,-0.11758
0.48317,-0.45462,-0.42092,-0.00011894,0.57697,-0.87044,0.63948,-0.095619,0.64977,-0.045867,0.94363,1.2241,1.0882,1.1766,0.36595,0.41691,-0.72405,-0.52784,1.2424,0.53029,-0.3605,-1.0419,0.97135,-0.20938,0.55439,-0.60155,0.44843,0.22149,0.96446,0.62601,-0.26509,0.47112,0.42423,0.47771,0,2.5807,0.0048438,1.1895,1.5537,1.361,0.31798,-0.3325,0.24256,-0.57423,0.94707,0.74406,0.38713,-0.29484,-0.21886,0.9437,1.0204,-0.94656,-0.24071,-1.0364,-1.0151,-0.81421,-0.77844,-0.55821,-0.61126,0.54306,-0.30865,-0.27745,0.25582,0.60061,1.2316,0.58472,0.33231,0.35657,0.32449,-0.050718,0.198,0.53336,0.85692,0.0068125,0.87673,1.0652,1.0993,0.24004,0.75984,0.74792,0.7151,0.49296,-0.22686,0.13527,-0.078668,0.88043,1.364,-0.24841,-0.28118,0.4784,0.37625,0.097747,-0.43111,1.1776,0.88976,0.064948,-0.74571,0.15002,-0.26663,-0.98071,-0.1933,-1.0681,-0.83436,-0.6606,-0.86282
0.45964,-0.47671,-0.52545,-0.090322,0.54351,-0.91407,0.62753,-0.085736,0.62721,-0.028464,0.83816,1.181,0.9663,1.0523,0.43344,0.25836,-0.65844,-0.52975,1.5015,0.52167,-0.32056,-0.9823,1.0714,-0.19975,0.56135,-0.53623,0.46355,0.26301,1.1227,0.63641,-0.23767,0.45136,0.32834,0.42179,2.5807,0,-0.084652,1.2118,1.8636,1.5821,0.33478,-0.31136,0.14237,-0.59666,0.86257,0.67718,0.416,-0.35847,-0.18741,0.81382,0.887,-0.85096,-0.26292,-1.0424,-0.97562,-0.88281,-0.85444,-0.64942,-0.69359,0.58126,-0.33407,-0.21522,0.20161,0.51278,1.0909,0.56163,0.28693,0.32192,0.30247,-0.094081,0.1551,0.41706,0.8218,-0.066078,0.89123,1.0012,1.0485,0.17969,0.69684,0.66422,0.62404,0.6049,-0.23701,0.12279,-0.090274,0.82321,1.3499,-0.33089,-0.32423,0.35378,0.31391,0.061048,-0.43723,1.1694,0.95639,-0.011761,-0.71817,0.11197,-0.36502,-0.9373,-0.21355,-0.97134,-0.96332,-0.60045,-0.8585
0.35951,0.15911,0.96843,1.3357,0.016621,-0.35693,-0.18581,-1.0164,-0.2153,-0.46109,0.80498,-0.187,0.68496,0.55119,-0.96209,0.72009,-0.90342,-0.34747,-0.40786,-0.24862,-0.89967,-0.51302,-0.35314,-0.25523,-0.024951,-0.73645,-0.11644,-0.041744,-0.2832,0.26076,-1.211,0.25296,0.51672,0.38869,0.0048438,-0.084652,0,0.21152,-0.13655,-0.41405,-0.33538,-0.45269,1.3259,-0.14534,0.76314,0.80548,-1.1193,0.28856,-0.54473,0.82677,0.68565,-0.43497,0.15885,-0.24969,-0.43553,0.15671,0.16032,0.53827,0.45812,-0.66531,-0.29872,-1.04,-0.40083,0.37889,0.34683,-0.33422,-0.032504,0.36839,0.40134,0.22292,0.041238,1.0968,-0.0016475,2.5021,-0.16632,0.41926,0.020485,0.68971,0.59792,0.44958,1.0459,-0.75789,-0.023024,-0.072325,0.073864,0.44376,0.12738,0.89122,0.24865,0.86868,0.69128,0.015969,-0.34746,-0.13101,-0.82382,1.7128,-0.018083,0.5022,0.95207,-0.65055,-0.15122,-0.62205,0.1927,-0.77511,-0.48868
0.1331,-0.91656,-0.47626,-0.058456,0.03108,-1.9447,0.04859,-0.61602,0.041415,-0.62706,1.0269,0.43389,1.2371,1.5891,0.38882,0.23194,-1.1629,-1.3628,0.70541,-0.051893,-0.95848,-1.9172,0.37954,-0.79579,0.066965,-1.235,-0.043897,-0.13507,0.50791,0.28905,-0.44484,0.073453,0.029977,0.075575,1.1895,1.2118,0.21152,0,0.90488,0.67833,-0.221,-0.99946,0.1645,-1.389,1.193,0.64738,-0.067824,-0.74738,-0.82135,1.0086,1.3197,-0.49702,-0.68843,-2.863,-2.1682,-1.4181,-1.3904,-0.81259,-0.90202,-0.019472,-1.0287,-0.1782,-0.32036,0.14471,0.64907,-0.027252,-0.2164,-0.0080414,0.0096663,-0.4992,-0.32649,0.41945,0.25154,0.20261,0.26717,0.67029,0.41611,-0.017226,0.48304,0.32532,0.87355,0.63443,0.19543,-0.38293,-0.53562,0.50501,0.70396,-0.38543,-0.72107,0.22977,0.11798,-0.4313,-1.2093,0.43954,0.4188,0.11938,-0.17967,-0.1432,-0.39529,-1.1642,-0.80784,-0.89014,-1.4225,-1.3144,-1.8893
0.67957,-0.23376,-0.43533,-0.042148,0.73028,-0.78452,0.82642,-0.037516,0.78924,0.17002,0.73378,1.276,0.79078,0.78232,0.29203,0.089441,-0.53155,-0.32416,2.0273,0.70816,-0.17105,-0.73994,1.5009,0.02379,0.8375,-0.32157,0.73272,0.56605,1.7749,0.93071,-0.29879,0.68157,0.39272,0.5792,1.5537,1.8636,-0.13655,0.90488,0,1.8653,0.5576,-0.099585,0.15252,-0.37527,0.74347,0.73329,0.43084,-0.19132,0.022631,0.66821,0.64745,-0.94406,-0.041844,-0.75692,-0.71646,-0.62421,-0.6143,-0.47648,-0.49308,0.74714,-0.17979,-0.31086,0.21174,0.60676,1.1128,0.68134,0.42535,0.51643,0.51566,0.083331,0.30861,0.38575,1.028,-0.070424,1.1816,1.1414,1.2419,0.3132,0.82032,0.77427,0.54142,0.49495,-0.49566,0.32585,0.13302,0.98427,1.6632,-0.21407,-0.12583,0.33453,0.44164,0.22594,-0.24677,1.4097,0.86008,0.025091,-0.93619,0.2947,-0.28119,-0.8988,-0.026885,-0.95854,-0.79002,-0.41352,-0.68496
0.50272,-0.24936,-0.6311,-0.25444,0.72947,-0.50214,0.92759,0.24648,0.92733,0.31963,0.43197,1.4717,0.49796,0.52625,0.50925,0.026982,-0.24635,-0.16236,2.6226,0.83815,0.069344,-0.47871,1.7391,0.11583,0.79716,-0.11241,0.74229,0.50403,1.6347,0.68881,0.005516,0.54855,0.2928,0.44962,1.361,1.5821,-0.41405,0.67833,1.8653,0,0.67994,0.050233,-0.056357,-0.26295,0.43217,0.42202,0.79217,-0.20533,0.18136,0.39833,0.40914,-0.70543,-0.061563,-0.5564,-0.47699,-0.59195,-0.57395,-0.5711,-0.57137,1.0674,-0.02303,-0.073878,0.4319,0.50513,0.86353,0.88651,0.48887,0.38433,0.35608,0.061721,0.34142,0.17116,1.0058,-0.35795,1.2411,0.79345,1.1664,0.14455,0.54013,0.58856,0.25479,0.63655,-0.45459,0.36602,0.12474,0.69666,1.2317,-0.38117,-0.15095,0.17996,0.25124,0.26545,-0.089793,1.4596,1.3417,-0.23128,-0.90072,0.15636,-0.4484,-0.53441,0.065238,-0.6166,-0.71168,-0.17633,-0.41458
0.94937,0.71265,0.090407,0.15526,1.5668,0.28505,1.8335,0.71688,1.7319,1.6408,0.023431,0.9953,-0.024674,-0.13745,-0.14808,0.050321,0.26434,0.78163,0.63934,2.1443,0.75152,0.25452,1.1393,1.3047,1.6059,0.60477,1.9755,1.3601,0.88257,0.9028,0.056797,1.1339,0.75402,0.96715,0.31798,0.33478,-0.33538,-0.221,0.5576,0.67994,0,1.0735,0.17123,0.71951,-0.05864,0.27538,0.76089,0.72008,1.2402,-0.010036,-0.17044,-0.65656,0.935,0.33309,0.31448,0.38581,0.39997,0.31004,0.33791,1.5362,0.97719,-0.3289,1.0158,0.90135,0.59323,1.6594,1.6245,1.0048,0.91815,1.0421,1.4939,0.1887,1.2825,-0.24302,1.3833,0.55227,1.0367,0.63641,0.53657,0.75924,-0.069935,-0.17074,-1.5447,1.805,1.2205,0.64986,0.70843,0.28582,0.80084,0.36554,0.62347,1.4662,0.88918,1.0623,0.50667,0.01085,-1.3856,0.80711,0.21531,-0.046924,1.218,-0.26315,0.2589,0.49033,0.34099
0.37606,1.1456,0.25987,0.049037,0.61834,1.0378,0.66065,1.0304,0.65597,1.9502,-0.57449,0.24,-0.67477,-0.8623,-0.26129,-0.19921,0.9216,2.129,0.02835,0.79106,1.555,1.0535,0.33965,2.1029,0.61364,1.5615,0.77061,0.78301,0.20173,0.27551,0.36876,0.48337,0.33737,0.40903,-0.3325,-0.31136,-0.45269,-0.99946,-0.099585,0.050233,1.0735,0,-0.078625,1.6976,-0.69465,-0.23938,0.55635,0.95692,2.6757,-0.6053,-0.86108,-0.040337,1.1378,1.1796,1.1631,0.98787,0.99339,0.61829,0.69533,0.74608,1.9426,-0.025385,0.8277,0.33159,-0.050995,0.72185,0.87432,0.49224,0.45127,0.96863,0.96776,-0.20896,0.40531,-0.37462,0.43625,-0.074752,0.24591,0.32031,-0.011314,0.16912,-0.61091,-0.40456,-0.86413,1.1661,1.1691,0.03959,0.0040495,0.34592,1.0244,0.0030411,0.22633,1.1093,2.337,0.25537,0.10348,-0.15019,-0.47392,0.50933,0.29696,0.57162,1.769,0.33351,0.81577,1.3424,1.164
0.90797,0.43426,1.0483,2.0244,0.54956,-0.24476,0.3298,-0.49811,0.30324,0.0035377,0.95845,0.2634,0.785,0.56972,-1.0673,0.9805,-0.76423,-0.051621,-0.080396,0.27083,-0.47283,-0.44266,0.085451,0.13831,0.47661,-0.45353,0.37795,0.37018,0.078972,0.71348,-1.0996,0.79458,1.2202,1.0168,0.24256,0.14237,1.3259,0.1645,0.15252,-0.056357,0.17123,-0.078625,0,0.11771,0.8201,1.225,-0.485,0.65517,-0.12165,0.97274,0.68789,-0.97567,0.52838,-0.14738,-0.33497,0.29599,0.31518,0.71374,0.62424,-0.11184,0.067233,-1.8506,0.055684,1.022,0.80676,0.18574,0.4959,0.94948,0.94378,0.69233,0.55619,1.9691,0.50899,1.3871,0.31842,0.85382,0.49763,1.4206,1.1474,1.0669,1.1061,-0.89459,-0.49016,0.41005,0.49897,0.95155,0.51977,1.2356,0.61475,1.8003,1.4543,0.50589,-0.017993,0.32114,-0.41325,1.9281,-0.53627,1.0735,1.2425,-0.75965,0.25118,-0.94651,0.29784,-0.53372,-0.35041
0.33641,1.6027,0.6112,0.2956,0.46852,1.2872,0.42728,0.71631,0.42333,1.2081,-0.53898,0.016733,-0.67414,-0.91023,-0.56404,-0.03499,0.80189,2.2841,-0.2939,0.52968,1.073,1.143,0.047955,1.6029,0.42601,1.2182,0.54142,0.59699,-0.082573,0.17547,0.22301,0.41391,0.40631,0.40211,-0.57423,-0.59666,-0.14534,-1.389,-0.37527,-0.26295,0.71951,1.6976,0.11771,0,-0.67167,-0.20926,0.23646,1.3691,1.3724,-0.54832,-0.82165,0.0086461,1.3749,1.6108,1.3275,1.701,1.7281,1.066,1.1748,0.38223,1.8775,-0.16017,0.65201,0.32299,-0.13484,0.46208,0.7484,0.48842,0.45124,1.1182,0.90438,-0.076134,0.23439,-0.099335,0.20219,-0.15271,0.074012,0.43057,-0.020951,0.14527,-0.49975,-0.79642,-0.71667,0.98894,1.1904,-0.01643,-0.16697,0.64948,1.3769,0.12772,0.30132,1.0575,2.1813,0.034289,-0.21423,0.082937,-0.31033,0.59685,0.6191,0.60555,1.7114,0.36242,1.4156,1.1241,1.2889
0.58019,-0.29574,0.1156,0.55337,0.31633,-1.2994,0.21634,-0.84562,0.1886,-0.43039,2.7845,0.46455,2.7703,1.9781,-0.19049,0.60677,-2.2397,-0.83222,0.44397,0.10745,-1.1072,-1.7621,0.34085,-0.42518,0.32119,-1.2835,0.18732,0.13487,0.44401,0.66452,-1.0927,0.47357,0.53227,0.54185,0.94707,0.86257,0.76314,1.193,0.74347,0.43217,-0.05864,-0.69465,0.8201,-0.67167,0,1.5189,-0.34771,-0.15035,-0.63317,2.3714,2.0222,-1.0069,-0.15529,-1.1494,-1.4927,-0.53711,-0.52586,-0.14938,-0.21609,-0.081161,-0.61461,-0.83155,-0.24119,0.59212,1.0799,0.065825,0.087264,0.45347,0.4781,-0.0022016,0.046365,1.1593,0.47588,0.78328,0.38514,1.1974,0.61416,0.54902,1.1104,0.8249,2.2283,0.017874,-0.1371,-0.043212,-0.088265,1.028,0.91973,0.21028,-0.14342,0.83005,0.69547,-0.040305,-0.74491,0.52147,0.053705,0.75252,-0.43594,0.37237,0.20156,-2.4239,-0.37451,-1.8166,-0.55944,-1.5342,-1.5136
1.1559,0.12952,0.40132,0.91507,0.69116,-0.75149,0.51601,-0.59486,0.46357,-0.046058,1.7442,0.59948,1.4205,1.0534,-0.51891,0.61551,-1.2136,-0.33995,0.43562,0.40823,-0.62869,-0.91434,0.50369,0.0024254,0.71038,-0.67184,0.56052,0.53774,0.58316,1.1944,-1.3363,0.98482,0.98368,1.0783,0.74406,0.67718,0.80548,0.64738,0.73329,0.42202,0.27538,-0.23938,1.225,-0.20926,1.5189,0,-0.29311,0.25204,-0.20904,1.5492,1.0962,-1.5779,0.27707,-0.5862,-0.77724,-0.13446,-0.12631,0.19868,0.14388,0.11062,-0.19342,-1.4828,-0.03618,1.0565,1.4001,0.30539,0.4445,0.98891,1.0338,0.4269,0.43914,1.5871,0.79789,0.90832,0.64882,1.7754,0.88311,1.1167,2.1025,1.4115,1.6826,-0.28449,-0.56673,0.35971,0.34586,1.7339,1.1476,0.57296,0.27783,1.2289,1.3506,0.35932,-0.27838,0.71272,-0.033307,1.0779,-0.79627,0.89153,0.52876,-1.6637,0.041942,-2.1508,-0.20542,-0.82233,-0.8191
0.053666,-0.032647,-0.63788,-0.60859,0.48627,0.29474,0.72777,1.3068,0.81032,0.73884,-0.31403,0.77943,-0.24755,-0.1934,0.69821,-0.086413,0.54188,0.4211,0.68008,0.79571,0.84688,0.26826,0.76425,0.44304,0.44213,0.54328,0.50943,0.25502,0.53867,0.08799,0.8589,0.16301,0.056382,0.10415,0.38713,0.416,-1.1193,-0.067824,0.43084,0.79217,0.76089,0.55635,-0.485,0.23646,-0.34771,-0.29311,0,0.0028123,0.67518,-0.29766,-0.26703,-0.091463,0.062347,0.13912,0.25005,-0.11587,-0.090532,-0.3469,-0.31118,1.3479,0.53498,0.45044,1.0848,0.18369,0.17824,1.0114,0.55449,0.0596,-0.017723,0.13014,0.4116,-0.33482,0.53033,-1.1363,0.66833,0.038602,0.50415,-0.19305,-0.10106,0.088709,-0.48704,0.47942,-0.28503,0.44007,0.19331,0.029618,0.29918,-0.48464,0.0040795,-0.16526,-0.16812,0.39281,0.47268,0.65191,1.3747,-0.80453,-0.48305,-0.10503,-0.51226,0.29917,0.42147,0.14733,-0.10987,0.53998,0.3641
