,,,,,,,,,,,,,,,,,,,,,,,,,,,,,,,,,,,,,,,,,,,,,,,,,,,,,,,,,,,,,,,,,,,,,,,,,,,,,,,,,,,,,,,,,,,,,,,,,,,,,,,,
0,0.79837,-0.35646,-0.39928,0.47172,0.33684,0.73581,0.55104,0.27067,0.14088,-0.29193,0.45229,-0.70961,-0.56746,-0.046154,-0.18108,0.2284,-0.082376,0.08835,-0.03582,0.39968,0.097565,0.36293,0.45684,-0.22081,-0.018626,0.23223,0.14871,0.41968,0.38666,-0.17606,-0.086153,-0.57212,-0.56037,-0.42018,0.31823,-0.46425,-0.16849,0.61096,0.45808,0.49361,0.55263,0.057206,0.47998,0.020518,0.020615,-0.10366,-0.056978,0.19566,-0.52696,-0.5266,0.2764,0.48151,0.55596,0.26561,0.39987,0.32327,0.21562,0.21615,0.12386,0.36112,0.18673,0.19096,0.089541,-0.025845,0.021736,-0.10343,0.26994,0.20101,-0.092157,-0.14604,-0.10064,-0.037429,0.052517,0.017537,-0.067363,0.15836,-0.55888,-0.42654,-0.47587,-0.43213,-0.16958,-0.25988,0.13031,-0.2132,-0.34026,0.07353,-0.084884,0.15469,0.27229,0.19486,-0.10856,0.14516,0.3977,0.39388,-0.56407,-0.038201,-0.55789,0.16678,0.047154,0.15862,0.27847,0.10588,0.42433,0.19955
0.79837,0,-0.38532,-0.45733,-0.0070114,0.99853,0.27931,1.1789,0.1512,0.18793,-0.48201,0.5529,-0.52361,-0.40155,0.099507,0.097537,0.25478,0.11055,-0.074554,0.16132,0.4125,0.3343,0.18708,0.80261,-0.23765,-0.062423,0.35055,0.14076,0.46663,0.63992,-0.092593,0.022823,-0.30331,-0.16897,-0.47897,0.66298,-0.76967,-0.10949,0.1947,0.59531,0.4717,0.90479,-0.18185,0.70026,0.15824,0.0014736,-0.055002,-0.019229,0.41288,-0.50332,-0.30756,0.32732,0.24074,1.0498,0.10283,0.57786,0.37372,0.2792,0.21401,-0.076349,0.52344,0.13567,0.49293,0.016831,0.25543,0.095323,-0.058575,0.21031,0.030746,-0.035461,-0.13759,-0.058834,-0.051534,-0.040498,-0.011731,-0.26458,0.2987,-0.47852,-0.38276,-0.66663,-0.60276,-0.03785,-0.29674,0.2347,-0.33103,-0.44493,0.11994,-0.069577,0.13324,0.53167,0.10466,-0.24934,0.27012,0.17768,0.48455,-0.34267,0.12369,-0.56231,0.22313,0.19238,0.37892,0.31336,0.14582,0.48632,0.51847
-0.35646,-0.38532,0,1.5888,0.021612,-0.22598,-0.14919,0.040972,0.31083,0.56695,0.7946,0.26653,0.37339,0.57673,0.038135,-0.22301,-0.49495,-0.57622,0.073104,-0.47048,-0.90278,-0.83699,-0.14379,-0.65234,0.46098,0.40185,-0.32255,-0.497,-0.032198,0.041736,0.12678,0.27196,0.28008,0.18641,0.51242,0.093736,0.82979,0.58432,0.088479,0.059841,-0.59876,-0.56155,0.11004,-0.25104,-0.36914,-0.27737,0.18421,0.015192,-0.22522,0.65957,0.61411,0.051169,-0.17544,-0.37998,-0.10069,-0.64626,-0.39989,-0.36168,-0.29251,0.36145,-0.093211,-0.4026,-0.28581,-0.25067,0.024267,0.094357,0.22794,-0.041643,0.12329,0.24382,0.36823,-0.11339,0.054427,-0.34389,0.095174,0.56006,0.28068,0.85323,0.91632,0.80647,0.98994,0.39866,0.88936,0.41108,0.51456,0.65863,-0.014406,0.029748,-0.22863,-0.12148,-0.12011,-0.11227,-0.33763,0.046213,-0.18178,0.09237,-0.12757,0.7077,-0.23328,-0.85285,-0.69159,-0.30061,-0.15374,-0.5571,-0.82264
-0.39928,-0.45733,1.5888,0,0.10221,-0.27358,-0.063959,0.039324,0.34773,0.65614,0.87606,0.19864,0.38879,0.60981,0.0040096,-0.0087828,-0.51132,-0.6264,0.28214,-0.4742,-0.74477,-0.75514,0.041981,-0.62037,0.58519,0.4636,-0.3999,-0.53953,0.047837,0.029497,0.13846,0.25332,0.21284,0.29205,0.49908,0.12376,0.92218,0.78298,0.17232,0.064604,-0.57061,-0.69998,0.097604,-0.3441,-0.46789,-0.3385,0.25018,0.098986,-0.14807,0.58613,0.5203,0.15168,-0.02784,-0.3245,0.0018526,-0.66962,-0.42378,-0.42643,-0.32784,0.50152,0.004069,-0.46161,-0.34114,-0.12956,0.17348,0.16214,0.35594,-0.19223,-0.016976,0.21647,0.31674,-0.034541,0.12385,-0.5316,0.16877,0.60622,0.38851,0.85517,1.0779,0.76485,0.94302,0.49091,0.90737,0.46501,0.56632,0.8951,0.097886,0.059981,-0.2844,-0.16172,-0.25125,0.017824,-0.21914,0.097221,-0.12137,0.06281,-0.11533,0.81428,-0.18067,-0.81577,-0.66288,-0.31156,-0.067029,-0.70154,-0.84516
0.47172,-0.0070114,0.021612,0.10221,0,0.19366,0.77089,0.10982,0.47197,0.086006,-0.02916,0.22835,-0.28028,-0.25414,0.21059,0.23322,0.15609,-0.2123,0.21635,-0.059476,0.26095,0.12567,0.34943,0.11942,0.25968,0.19861,0.17957,0.22926,0.089864,-0.081597,-0.43849,-0.33028,-0.38415,-0.46659,0.035268,-0.021566,0.07289,-0.1147,0.25671,0.23274,0.31852,0.14809,0.32907,0.1878,-0.6416,-0.56506,0.44043,0.43847,0.080878,0.0035034,-0.015233,0.28342,0.54398,0.22879,0.091886,0.27194,0.4356,0.34375,0.4303,0.72205,0.38515,0.077095,-0.00045066,0.50185,0.33364,0.56948,0.52573,0.056872,0.0066064,0.29932,0.19977,0.060712,0.13643,-0.35031,0.17449,0.19216,0.11462,-0.21022,0.019139,0.042124,0.16247,0.017614,0.13024,0.072964,0.080732,0.096461,0.31649,0.42092,0.43987,0.29586,-0.21453,0.043382,0.050848,0.2967,0.15717,-0.78106,-0.31977,-0.19821,0.02567,0.054379,0.025115,-0.010774,0.25644,-0.078634,-0.26427
0.33684,0.99853,-0.22598,-0.27358,0.19366,0,0.21175,0.8177,0.24777,0.19741,-0.63787,0.42926,-0.47053,-0.28143,0.59301,0.48045,0.48412,0.16423,-0.1314,0.27375,0.66669,0.6471,0.30228,0.97509,0.056319,0.041178,0.60226,0.46083,0.40203,0.45828,-0.14452,-0.077118,-0.21936,-0.098246,-0.40447,0.34149,-0.72837,-0.33051,-0.095646,0.44647,0.67986,0.99465,-0.17349,0.76189,-0.12797,-0.26775,0.15867,0.255,0.54251,-0.39599,-0.087169,0.42993,0.069857,0.91896,-0.15527,0.65796,0.52308,0.40778,0.30119,0.051383,0.59745,0.40247,0.74888,0.36713,0.68377,0.38661,0.25498,0.27706,0.046228,0.24108,0.23947,0.10926,0.097508,-0.26478,0.054747,-0.46103,0.1625,-0.43501,-0.25354,-0.60477,-0.42633,0.14918,-0.04389,0.28234,-0.17178,-0.41987,0.2604,0.16221,0.3121,0.5365,-0.12445,-0.017042,0.48511,-0.040697,0.39872,-0.30609,0.14245,-0.47826,0.25909,0.44678,0.58481,0.5184,0.54611,0.23332,0.32029
0.73581,0.27931,-0.14919,-0.063959,0.77089,0.21175,0,0.49644,0.25033,0.18304,-0.2647,0.12465,-0.62624,-0.39584,0.10801,0.065694,0.26405,-0.25889,0.21182,-0.078287,0.30958,-0.06953,0.51326,0.17203,-0.052379,0.33264,0.041233,0.0096567,0.26099,0.26388,-0.073134,0.18756,-0.68897,-0.49976,-0.34057,0.13883,-0.29256,-0.12906,0.60387,0.21352,0.49507,0.18971,0.50005,0.64057,-0.050295,0.027655,0.25713,0.42073,-0.12906,-0.4485,-0.51238,0.29599,0.51391,0.29303,0.22436,0.28216,0.41787,0.23894,0.28356,0.30787,0.10232,0.16861,0.070497,0.58106,0.26447,0.38461,0.35749,0.27897,0.084738,0.24071,0.074873,0.40076,0.39172,0.024731,0.23114,0.024647,0.011878,-0.34548,-0.21373,-0.41385,-0.30972,0.095642,-0.057234,0.27791,-0.090767,-0.1371,0.28587,0.26294,0.41628,0.28616,0.13826,0.079521,0.0030807,0.30335,0.22112,-0.81441,-0.25159,-0.28278,0.061174,0.13275,0.062664,0.19807,0.2321,0.07934,-0.10838
0.55104,1.1789,0.040972,0.039324,0.10982,0.8177,0.49644,0,0.24259,0.47365,-0.15748,0.62084,-0.35354,-0.17947,0.094175,0.12019,-0.0008716,-0.26128,0.13801,-0.12905,0.11492,-0.037246,0.34318,0.4396,-0.12674,0.15847,0.041981,-0.20619,0.51489,0.77891,-0.068558,0.20753,-0.31174,-0.090311,-0.27362,0.94212,-0.3685,0.23352,0.38973,0.6042,0.20718,0.41914,-0.0097516,0.67574,-0.048038,-0.13227,0.16345,0.18736,0.1038,-0.25712,-0.11558,0.35615,0.367,0.90037,0.25052,0.28839,0.1853,0.11334,0.098803,0.15662,0.42163,-0.045643,0.30538,0.11028,0.43994,0.25004,0.20627,0.10416,-0.091389,0.033484,-0.087431,0.071094,0.10592,-0.26172,0.064308,0.06902,0.55449,-0.096856,-0.024629,-0.36262,-0.32017,0.21758,-0.01931,0.52016,-0.15447,-0.039115,0.1622,0.072546,0.10912,0.52634,0.0021733,-0.3143,0.014562,0.33549,0.45069,-0.55611,-0.14421,-0.23379,0.0080585,-0.066074,0.11334,0.15187,0.12988,0.17592,0.1379
0.27067,0.1512,0.31083,0.34773,0.47197,0.24777,0.25033,0.24259,0,0.37135,0.17279,0.78833,-0.020484,0.44193,0.43938,0.21443,0.26651,0.10631,0.40676,0.25265,-0.11694,-0.19575,0.13573,-0.046515,0.9323,0.35603,0.50151,0.0724,0.32246,0.16629,-0.1959,-0.034877,-0.067459,0.21404,-0.067751,0.11479,-0.01298,0.17368,0.21265,0.85012,0.26824,0.1434,0.068327,0.018201,-0.34791,-0.47067,0.30411,0.2348,0.38447,0.16344,0.20709,0.3242,0.24912,0.23168,0.053164,0.10219,0.28895,0.19025,0.20123,0.9752,0.64644,-0.070441,0.28228,0.030427,0.40619,0.4204,0.35317,0.30413,0.52139,0.42993,0.60094,-0.11311,0.24599,-0.27217,0.17108,0.30745,0.51931,0.063089,0.48065,0.017153,0.32489,0.11103,0.29912,0.54393,0.39124,0.18275,0.90955,0.30869,0.17067,0.26138,-0.074565,0.2988,0.39311,0.31859,0.32916,-0.055598,0.27121,0.13694,0.34495,-0.17696,0.042791,0.26524,0.18232,-0.102,-0.29419
0.14088,0.18793,0.56695,0.65614,0.086006,0.19741,0.18304,0.47365,0.37135,0,0.19923,0.18683,-0.35997,-0.059601,-0.012505,-0.080462,-0.20422,-0.65498,0.18353,-0.38744,-0.071797,-0.38566,0.41044,0.036548,0.40464,0.95912,0.010003,-0.21577,0.76536,0.89336,0.40429,0.64787,-0.2983,-0.058147,-0.13171,0.32169,0.11789,0.63773,0.47192,0.35162,-0.090067,-0.061261,-0.19787,0.072408,-0.13587,-0.1333,-0.14021,-0.20585,0.22254,-0.22262,-0.16944,0.36101,-0.14376,-0.011916,-0.27872,-0.48131,-0.35565,-0.63179,-0.64886,0.22413,0.14771,-0.13487,0.034338,-0.13982,0.29712,-0.082571,0.014009,0.15052,0.35086,0.16192,0.39941,-0.064551,0.042718,-0.41514,0.045096,0.061617,0.24619,-0.039684,0.25622,0.044217,0.15733,0.36327,0.60536,0.49827,0.20871,0.1353,0.025739,-0.37102,-0.51765,-0.096655,-0.22765,-0.094989,0.16529,-0.22438,-0.18732,-0.18118,0.076328,0.27707,0.26286,-0.46542,-0.198,0.094451,0.30623,-0.62518,-0.49254
-0.29193,-0.48201,0.7946,0.87606,-0.02916,-0.63787,-0.2647,-0.15748,0.17279,0.19923,0,0.1693,0.76957,0.51564,-0.41598,-0.41848,-1.1003,-0.58644,0.20013,-0.68243,-1.0833,-1.0046,-0.22721,-0.94046,0.17741,0.054275,-0.57364,-0.82062,-0.1079,-0.15611,0.095916,0.041045,0.333,0.22107,0.58545,0.11412,1.4226,0.81489,0.15754,-0.057656,-1.0782,-0.94028,0.12283,-0.72941,-0.26528,-0.11764,0.17521,0.011358,-0.43398,0.93074,0.68387,-0.26386,0.031363,-0.44393,0.24929,-0.83702,-0.58222,-0.40994,-0.31271,0.23193,-0.22649,-0.62935,-0.6856,-0.40702,-0.23097,-0.098844,0.12584,-0.19992,-0.24469,-0.15073,-0.08079,-0.1339,0.028668,-0.2229,0.10752,1.1412,0.43921,0.92162,0.88231,1.1498,0.83813,-0.059451,0.32122,0.031782,0.36519,1.1168,-0.17857,0.08185,-0.30832,-0.1865,-0.13055,-0.30268,-0.64486,0.26423,-0.22256,0.10117,-0.36695,0.44238,-0.50188,-1.1126,-1.0327,-0.60563,-0.59713,-0.55196,-0.70695
0.45229,0.5529,0.26653,0.19864,0.22835,0.42926,0.12465,0.62084,0.78833,0.18683,0.1693,0,0.07209,0.25955,0.16044,0.034504,0.039753,0.10565,0.17083,0.18315,-0.15896,-0.1334,0.068368,0.14236,0.33617,0.024435,0.35563,-0.0061138,0.31427,0.18816,-0.46731,-0.3328,0.089586,0.17687,0.078759,0.51811,0.0052309,0.15039,0.3467,1.1701,0.17241,0.39414,0.0017455,0.11055,-0.45699,-0.58648,0.3369,0.20357,0.24973,0.26907,0.37098,0.22967,0.47998,0.66866,0.30529,0.28899,0.2931,0.39491,0.39903,0.47604,0.73474,-0.32794,0.06366,-0.23579,0.10712,0.3206,0.2139,0.042446,0.10276,0.071175,0.053378,-0.35182,-0.041894,-0.40244,0.10122,0.42674,1.0062,0.24842,0.4475,0.081334,0.24661,0.02402,0.035376,0.61794,0.39223,0.19846,0.40194,0.30718,0.22311,0.46533,-0.0048119,0.039065,0.13453,0.8159,0.90307,-0.093916,0.15479,-0.047991,0.12985,-0.3942,-0.16422,0.037795,-0.16485,0.3427,0.061342
-0.70961,-0.52361,0.37339,0.38879,-0.28028,-0.47053,-0.62624,-0.35354,-0.020484,-0.35997,0.76957,0.07209,0,0.80774,-0.31319,-0.066796,-0.6348,0.065202,-0.049642,-0.15507,-0.77711,-0.33794,-0.45901,-0.62931,0.10391,-0.39349,-0.43124,-0.54023,-0.56047,-0.60714,-0.17871,-0.28215,1.1974,0.84949,0.93844,0.12226,0.74667,0.36008,-0.26684,-0.21522,-0.72857,-0.63852,-0.10697,-0.89108,-0.19981,-0.18674,0.059503,-0.068899,-0.3067,1.3961,1.1821,-0.67217,-0.1107,-0.32572,0.1776,-0.36937,-0.39622,-0.12316,-0.03765,0.059337,-0.19358,-0.60245,-0.49665,-0.4581,-0.32468,-0.16009,-0.053788,-0.3179,-0.42323,-0.28454,-0.31789,-0.26573,-0.24272,-0.22631,-0.20647,0.69487,0.34285,1.2279,0.89703,0.98477,0.76512,-0.26197,-0.12046,0.03805,0.49225,0.67847,-0.11115,0.113,-0.17959,-0.27289,-0.3244,0.0012678,-0.349,0.25098,-0.060093,0.52518,-0.085027,0.55179,-0.38706,-0.3147,-0.40073,-0.38925,-0.44976,-0.019181,-0.015623
-0.56746,-0.40155,0.57673,0.60981,-0.25414,-0.28143,-0.39584,-0.17947,0.44193,-0.059601,0.51564,0.25955,0.80774,0,0.20559,0.20868,-0.10836,0.17171,0.31989,0.14034,-0.69615,-0.37553,-0.27869,-0.54063,0.46962,-0.16583,-0.13056,-0.31541,-0.24087,-0.31877,-0.12141,-0.02571,0.57219,0.97201,0.3298,0.012305,0.36831,0.33463,-0.22709,0.076768,-0.3024,-0.49283,-0.089397,-0.44901,-0.14497,-0.22401,0.15398,0.089132,0.00045025,0.76621,0.79298,-0.055454,0.0018551,-0.15342,0.27333,-0.21187,-0.18857,-0.042007,0.01288,0.50521,0.14057,-0.2548,0.044879,-0.19901,0.1372,0.10879,0.16095,-0.080365,0.11224,0.15929,0.19001,-0.12762,0.11239,-0.11346,-0.073695,0.47288,0.35617,0.88191,0.89467,0.41288,0.5901,0.2791,0.34754,0.29061,0.42319,0.53462,0.41826,0.20646,-0.016551,-0.1753,-0.089448,0.28923,-0.0093678,0.26476,0.16064,0.5643,0.2208,0.58271,-0.15358,-0.2152,-0.12011,-0.019144,-0.15583,-0.068787,-0.20525
-0.046154,0.099507,0.038135,0.0040096,0.21059,0.59301,0.10801,0.094175,0.43938,-0.012505,-0.41598,0.16044,-0.31319,0.20559,0,0.63725,0.92658,0.33835,0.16718,0.47465,0.34908,0.38716,0.21897,0.35055,0.42487,0.04959,0.56845,0.64758,0.093313,0.067332,-0.15131,-0.12613,-0.24375,-0.070822,-0.39498,-0.32038,-0.42348,-0.52924,-0.31214,0.21614,0.62581,0.42658,0.18559,0.59287,-0.14418,-0.19112,0.48358,0.60731,0.30036,-0.19935,-0.0029143,0.67687,0.037761,0.28916,-0.071875,0.54198,0.60334,0.57133,0.4403,0.38364,0.46894,0.71088,0.85707,0.76174,0.8851,0.78634,0.65823,0.25631,0.3505,0.5958,0.83852,0.35036,0.52578,0.081973,0.36227,-0.41493,-0.12552,-0.21743,-0.1397,-0.45223,-0.20277,0.62968,0.49982,0.097503,-0.12006,-0.17953,0.66551,0.57207,0.64682,0.4363,0.20775,0.32841,0.41941,-0.07492,0.23951,-0.085144,0.19503,-0.17549,0.22538,0.44552,0.54915,0.54808,0.55662,-0.057594,-0.16578
-0.18108,0.097537,-0.22301,-0.0087828,0.23322,0.48045,0.065694,0.12019,0.21443,-0.080462,-0.41848,0.034504,-0.066796,0.20868,0.63725,0,0.58777,0.41429,0.27069,0.5664,0.44075,0.69594,0.26294,0.43862,0.32938,-0.069681,0.32369,0.44027,-0.067808,-0.1371,-0.35324,-0.27105,-0.043076,0.32891,-0.15732,-0.021622,-0.30865,-0.17766,-0.26271,0.18426,0.48627,0.27103,-0.082216,0.21701,-0.23623,-0.3698,0.37197,0.43958,0.52098,-0.11132,0.038109,0.50529,0.29368,0.47114,0.095302,0.53338,0.42994,0.41195,0.37753,0.47737,0.73753,0.20232,0.49923,0.56374,0.93213,0.65301,0.53966,-0.29566,-0.19415,0.23349,0.15967,0.22163,0.23467,-0.31767,0.20241,-0.28006,0.091799,-0.10003,0.039375,-0.34578,-0.13142,0.49253,0.14106,0.2288,-0.0073653,-0.076902,0.59964,0.37884,0.35298,0.32479,-0.18085,0.51174,0.63092,0.029288,0.37914,-0.031158,0.27717,0.040504,0.32437,0.58867,0.62318,0.30975,0.59928,0.10444,0.2715
0.2284,0.25478,-0.49495,-0.51132,0.15609,0.48412,0.26405,-0.0008716,0.26651,-0.20422,-1.1003,0.039753,-0.6348,-0.10836,0.92658,0.58777,0,0.80096,0.067739,1.0704,0.7169,0.69917,0.16176,0.56104,0.23725,0.034184,0.84367,0.98725,0.058867,-0.0033439,-0.13858,-0.11108,-0.36165,-0.12244,-0.62869,-0.40253,-0.96899,-0.84266,-0.19964,0.26054,1.2264,0.75583,0.13237,0.65537,0.14796,0.026261,0.13506,0.28069,0.52306,-0.641,-0.50032,0.54374,0.093289,0.34997,-0.1315,0.88905,0.89892,0.66674,0.5357,0.13524,0.43285,0.68395,0.83289,0.56978,0.42779,0.45431,0.21248,0.26322,0.47095,0.46448,0.4957,0.25892,0.3214,0.27868,0.21434,-0.81213,-0.3217,-0.6629,-0.50678,-0.9882,-0.51395,0.27907,-0.0016979,0.078865,-0.18978,-0.6845,0.68932,0.25353,0.56577,0.33741,0.34126,0.63739,0.83596,-0.10292,0.37322,0.017469,0.55862,-0.30273,0.62475,0.79149,0.82886,0.66368,0.53734,0.37716,0.32117
-0.082376,0.11055,-0.57622,-0.6264,-0.2123,0.16423,-0.25889,-0.26128,0.10631,-0.65498,-0.58644,0.10565,0.065202,0.17171,0.33835,0.41429,0.80096,0,-0.16073,1.5475,0.31221,0.61017,-0.21154,0.35935,0.13213,-0.3174,0.64654,0.63451,-0.23564,-0.29286,-0.36167,-0.42889,0.26752,0.36534,-0.17125,-0.25114,-0.56609,-0.6236,-0.36022,0.22991,0.59446,0.5695,-0.086223,0.087722,0.22365,-0.022695,-0.0089764,0.019077,0.40615,-0.12191,-0.032333,-0.047781,0.02653,0.23255,-0.039263,0.71708,0.5715,0.69637,0.59772,-0.054478,0.33551,0.103,0.32363,-0.027886,-0.018941,0.10725,-0.11276,0.083356,0.22807,0.045271,0.045939,-0.11295,-0.070294,0.28359,-0.10896,-0.36938,-0.11093,-0.20983,-0.18228,-0.38298,-0.22313,-0.10099,-0.40206,-0.027669,0.073912,-0.46888,0.44607,0.20402,0.40448,0.14219,0.11523,0.58326,0.61568,0.057512,0.36785,0.51026,0.76034,-0.11767,0.58859,0.54677,0.5382,0.30305,0.035419,0.65845,0.72159
0.08835,-0.074554,0.073104,0.28214,0.21635,-0.1314,0.21182,0.13801,0.40676,0.18353,0.20013,0.17083,-0.049642,0.31989,0.16718,0.27069,0.067739,-0.16073,0,0.0033315,-0.086889,-0.21719,0.35477,-0.17305,0.18218,0.014669,-0.17702,-0.22986,0.28165,0.097433,-0.11837,-0.05054,-0.46848,0.060523,-0.16447,0.049559,0.048005,0.51014,0.17213,0.31184,-0.11593,-0.30272,0.13318,-0.058068,-0.28864,-0.25896,0.28845,0.292,-0.059735,0.0047628,-0.098017,0.41457,0.73733,0.31563,0.73139,0.053244,-0.01292,-0.081016,-0.018966,0.66768,0.29263,0.077894,0.23329,0.30424,0.45887,0.27246,0.35139,-0.38624,-0.027337,0.071697,0.055571,0.084016,0.28274,-0.21012,0.11339,0.31242,0.57074,0.10185,0.13321,-0.1258,-0.070714,0.42061,0.22681,0.1271,-0.20245,0.60382,0.53138,0.20045,-0.036441,0.12699,0.089816,0.052889,0.010582,0.49685,0.40168,-0.28499,-0.2271,0.16794,-0.17211,-0.12829,0.099366,-0.10581,0.013244,-0.16648,-0.31406
-0.03582,0.16132,-0.47048,-0.4742,-0.059476,0.27375,-0.078287,-0.12905,0.25265,-0.38744,-0.68243,0.18315,-0.15507,0.14034,0.47465,0.5664,1.0704,1.5475,0.0033315,0,0.36437,0.59123,-0.14175,0.36577,0.27956,-0.042498,0.85919,0.74866,-0.088906,-0.17629,-0.33268,-0.28968,0.0022789,0.24227,-0.33978,-0.31299,-0.61308,-0.54154,-0.2914,0.42419,0.74191,0.64102,0.029868,0.23625,0.14174,-0.12123,0.16432,0.19364,0.52831,-0.23399,-0.15,0.22535,0.1485,0.33852,-0.06839,0.78217,0.77666,0.75501,0.64327,0.12138,0.48268,0.11363,0.42274,0.11193,0.19383,0.33445,0.090068,0.06266,0.31842,0.30419,0.25114,0.012913,0.12074,0.21422,0.069842,-0.40207,-0.059559,-0.31604,-0.17691,-0.52265,-0.22691,0.099396,-0.1997,0.10205,0.035927,-0.47269,0.67163,0.30286,0.49658,0.32462,0.20739,0.63669,0.73491,0.037363,0.48291,0.33625,0.79019,-0.12868,0.71834,0.48381,0.51191,0.26454,0.09531,0.51665,0.53382
0.39968,0.4125,-0.90278,-0.74477,0.26095,0.66669,0.30958,0.11492,-0.11694,-0.071797,-1.0833,-0.15896,-0.77711,-0.69615,0.34908,0.44075,0.7169,0.31221,-0.086889,0.36437,0,1.1177,0.63715,1.2391,-0.14984,-0.058598,0.57357,0.91662,0.38768,0.23581,-0.11469,-0.21222,-0.4699,-0.31953,-0.65531,-0.11654,-0.92142,-0.69609,0.034361,0.042225,1.069,0.85305,-0.24172,0.46858,0.02633,-0.020517,-0.13799,0.066762,0.47707,-0.96628,-0.62394,0.26886,0.080056,0.48398,-0.1467,0.60627,0.39367,0.28326,0.17384,-0.17093,0.30956,0.71884,0.48974,0.52138,0.33337,0.055203,-0.042123,0.20557,0.097547,-0.035581,0.04087,0.14175,0.0022293,-0.00078869,-0.068708,-0.87319,-0.29675,-1.061,-0.78434,-0.90826,-0.8585,-0.037115,-0.30062,-0.12883,-0.27762,-0.74025,0.045835,-0.04861,0.22087,0.076106,-0.11763,0.2775,0.66475,-0.20211,0.1908,-0.22948,0.19712,-0.69597,0.43107,0.90171,0.84755,0.68465,0.74664,0.27307,0.46444
0.097565,0.3343,-0.83699,-0.75514,0.12567,0.6471,-0.06953,-0.037246,-0.19575,-0.38566,-1.0046,-0.1334,-0.33794,-0.37553,0.38716,0.69594,0.69917,0.61017,-0.21719,0.59123,1.1177,0,0.16044,0.9976,-0.074337,-0.35532,0.53878,1.0104,0.0059457,-0.13982,-0.2863,-0.49221,-0.066682,-0.073564,-0.26008,-0.10126,-0.7027,-0.74818,-0.41147,-0.04478,0.76949,0.79638,-0.30222,0.30644,-0.074093,-0.18852,-0.03786,0.062326,0.67773,-0.4504,-0.23718,0.26198,0.028246,0.50085,-0.20122,0.85614,0.53868,0.49691,0.42746,-0.13543,0.44464,0.51599,0.54139,0.39435,0.319,0.18314,0.013562,-0.042077,-0.093161,0.068326,-0.029493,-0.024694,-0.17932,-0.092242,-0.09241,-0.86052,-0.28958,-0.66504,-0.60913,-0.58831,-0.50103,-0.03209,-0.28984,-0.27285,-0.2952,-0.6372,0.12934,0.040186,0.30586,0.16113,-0.18932,0.24121,0.65406,-0.21177,0.26409,-0.022072,0.28552,-0.49685,0.30081,1.0472,0.93672,0.39729,0.52766,0.43986,0.71761
0.36293,0.18708,-0.14379,0.041981,0.34943,0.30228,0.51326,0.34318,0.13573,0.41044,-0.22721,0.068368,-0.45901,-0.27869,0.21897,0.26294,0.16176,-0.21154,0.35477,-0.14175,0.63715,0.16044,0,0.62913,0.067648,0.21733,0.12363,0.23804,0.86619,0.61826,-0.21529,-0.1073,-0.45788,-0.16132,-0.31976,0.27638,-0.26488,0.01682,0.74398,0.25957,0.475,0.27443,-0.22605,0.21717,-0.34761,-0.28586,0.030102,0.12714,0.036319,-0.48493,-0.32812,0.26467,0.32274,0.39013,0.18997,0.082799,-0.11016,-0.074077,-0.13204,0.24173,0.34288,0.24706,0.10587,0.33414,0.37984,0.033655,0.093494,0.011931,0.11034,-0.26566,-0.034726,-0.041477,-0.027317,-0.30694,-0.074292,-0.069439,0.20202,-0.30052,-0.1459,-0.30538,-0.39681,0.24151,0.099375,0.17938,0.079252,-0.034891,0.041885,0.015272,0.010909,-0.069783,-0.2994,0.15165,0.22627,0.1969,0.20334,-0.45619,-0.14105,-0.18052,0.22215,0.17301,0.32199,0.49085,0.65456,-0.10898,-0.069275
0.45684,0.80261,-0.65234,-0.62037,0.11942,0.97509,0.17203,0.4396,-0.046515,0.036548,-0.94046,0.14236,-0.62931,-0.54063,0.35055,0.43862,0.56104,0.35935,-0.17305,0.36577,1.2391,0.9976,0.62913,0,-0.13415,-0.1038,0.58364,0.7761,0.52538,0.5005,-0.32148,-0.30308,-0.27383,-0.18606,-0.50703,0.28481,-0.9455,-0.49613,0.12427,0.3196,0.96815,1.3173,-0.42053,0.56892,-0.04312,-0.20504,-0.10586,-0.014479,0.54151,-0.74609,-0.37602,0.30936,0.13276,0.82597,-0.088642,0.72188,0.35263,0.37093,0.24888,-0.093595,0.61918,0.40556,0.51204,0.23788,0.36424,0.067354,-0.085076,0.15596,0.11882,-0.14517,-0.068223,-0.14216,-0.22226,-0.10165,-0.17981,-0.63461,-0.038536,-0.78301,-0.6131,-0.74083,-0.75347,0.063234,-0.22219,-0.024606,-0.20905,-0.7007,0.051818,-0.038939,0.24296,0.22471,-0.20566,0.067216,0.57254,-0.042899,0.32389,-0.25855,0.22573,-0.63774,0.4914,0.64532,0.84309,0.61569,0.61873,0.39855,0.6075
-0.22081,-0.23765,0.46098,0.58519,0.25968,0.056319,-0.052379,-0.12674,0.9323,0.40464,0.17741,0.33617,0.10391,0.46962,0.42487,0.32938,0.23725,0.13213,0.18218,0.27956,-0.14984,-0.074337,0.067648,-0.13415,0,0.5877,0.4309,0.22002,0.20326,-0.041357,-0.0028372,-0.01329,0.19149,0.35478,0.24687,-0.090091,0.24033,0.15692,0.01086,0.42838,0.15798,-0.0089018,0.0054704,-0.2036,-0.50909,-0.5373,0.28673,0.14957,0.49002,0.22813,0.23609,0.35643,-0.11806,-0.13118,-0.39595,-0.085559,0.16238,0.04109,0.066154,0.63571,0.43719,-0.17534,0.066055,-0.018683,0.3027,0.38374,0.35775,0.079851,0.43928,0.57994,0.8009,-0.17058,0.086835,-0.46077,0.26441,0.090182,0.2081,0.16158,0.59446,0.24541,0.62557,0.22096,0.5764,0.38516,0.65556,0.22156,0.75724,0.18782,-0.00072647,0.016125,-0.25762,0.51774,0.51199,-0.060833,0.088285,0.21947,0.45283,0.47604,0.45503,-0.19803,-0.06317,0.12215,0.27487,-0.36454,-0.36593
-0.018626,-0.062423,0.40185,0.4636,0.19861,0.041178,0.33264,0.15847,0.35603,0.95912,0.054275,0.024435,-0.39349,-0.16583,0.04959,-0.069681,0.034184,-0.3174,0.014669,-0.042498,-0.058598,-0.35532,0.21733,-0.1038,0.5877,0,0.25337,0.014328,0.45139,0.51907,0.35774,0.61916,-0.33381,-0.17463,-0.13201,-0.075712,0.12319,0.28336,0.39955,0.34849,0.077199,0.0021087,0.2145,0.13756,-0.050753,-0.04878,0.14914,0.080306,0.065826,-0.2283,-0.28546,0.25427,-0.19817,-0.24835,-0.55808,-0.3615,-0.020697,-0.26058,-0.3009,0.16577,-0.026681,-0.22879,-0.16027,-0.01887,0.17014,0.1584,0.20176,0.20378,0.42491,0.4126,0.61276,0.16378,0.26227,-0.13165,0.33754,0.017892,-0.01354,-0.14412,0.19384,0.029037,0.20071,0.22039,0.4651,0.40041,0.30808,-0.019047,0.1722,-0.029767,-0.14476,0.093051,-0.0011904,0.1064,0.15161,-0.35032,-0.28145,-0.15145,0.14186,0.29016,0.49666,-0.37007,-0.30721,-0.039315,0.16511,-0.65783,-0.53142
0.23223,0.35055,-0.32255,-0.3999,0.17957,0.60226,0.041233,0.041981,0.50151,0.010003,-0.57364,0.35563,-0.43124,-0.13056,0.56845,0.32369,0.84367,0.64654,-0.17702,0.85919,0.57357,0.53878,0.12363,0.58364,0.4309,0.25337,0,1.1246,0.32914,0.17638,-0.2666,-0.21284,-0.17662,-0.048832,-0.47855,-0.2139,-0.55525,-0.5827,0.0078631,0.64316,0.95561,1.0007,-0.12999,0.2749,-0.057023,-0.24505,0.16525,0.18674,0.61833,-0.31439,-0.13907,0.25273,-0.064029,0.31019,-0.37494,0.45165,0.5614,0.53073,0.33635,0.14768,0.56455,0.25941,0.44213,0.066208,0.23921,0.29131,0.084012,0.36433,0.55341,0.27784,0.46979,-0.08024,0.11296,0.088818,0.19018,-0.39138,-0.070857,-0.58956,-0.1995,-0.46062,-0.20943,-0.10606,-0.045446,0.11605,0.12133,-0.69102,0.4031,0.24806,0.40247,0.39102,0.12064,0.39601,0.71317,-0.14037,0.27096,0.063254,0.547,-0.38792,0.78398,0.37261,0.45183,0.56193,0.37554,0.21388,0.23457
0.14871,0.14076,-0.497,-0.53953,0.22926,0.46083,0.0096567,-0.20619,0.0724,-0.21577,-0.82062,-0.0061138,-0.54023,-0.31541,0.64758,0.44027,0.98725,0.63451,-0.22986,0.74866,0.91662,1.0104,0.23804,0.7761,0.22002,0.014328,1.1246,0,0.18374,-0.021964,-0.32433,-0.43657,-0.23228,-0.26692,-0.41116,-0.41428,-0.55404,-0.97619,-0.14113,0.18777,1.058,0.9323,-0.11151,0.32998,-0.13247,-0.22855,0.13824,0.19669,0.5557,-0.46589,-0.27733,0.36988,-0.036866,0.2458,-0.35234,0.62537,0.5916,0.61396,0.44173,0.01375,0.4579,0.5187,0.42684,0.32722,0.23939,0.2983,0.10802,0.17411,0.3605,0.23024,0.34444,-0.045253,0.0017331,0.11648,0.14281,-0.70901,-0.39708,-0.75545,-0.52717,-0.50722,-0.34918,0.055506,0.027964,-0.24007,-0.076704,-0.75043,0.22281,0.22678,0.50497,0.22862,0.064636,0.38827,0.62808,-0.23254,0.19401,-0.0095264,0.38585,-0.49344,0.55855,0.63316,0.61551,0.49192,0.48867,0.22403,0.27035
0.41968,0.46663,-0.032198,0.047837,0.089864,0.40203,0.26099,0.51489,0.32246,0.76536,-0.1079,0.31427,-0.56047,-0.24087,0.093313,-0.067808,0.058867,-0.23564,0.28165,-0.088906,0.38768,0.0059457,0.86619,0.52538,0.20326,0.45139,0.32914,0.18374,0,1.141,0.064895,0.14294,-0.5001,-0.17775,-0.43972,0.39974,-0.28402,0.22217,0.62198,0.55981,0.34422,0.38674,-0.33482,0.20149,-0.2164,-0.26649,-0.076071,-0.049418,0.2685,-0.51041,-0.33912,0.35403,0.13954,0.42818,-0.022415,-0.0098746,-0.099157,-0.18854,-0.25061,0.12335,0.34536,0.11264,0.20286,-0.020277,0.29654,-0.10266,-0.061587,0.2721,0.43845,-0.010482,0.18636,-0.22924,-0.080947,-0.25879,-0.11429,-0.057827,0.33242,-0.42531,-0.14099,-0.3157,-0.3368,0.12443,0.17227,0.11486,-0.0057166,-0.074385,0.11092,-0.16041,-0.15852,-0.020118,-0.2355,-0.12178,0.23771,0.050604,0.18338,-0.31,0.018814,-0.27928,0.25253,-0.122,0.15879,0.30702,0.2799,-0.2181,-0.16453
0.38666,0.63992,0.041736,0.029497,-0.081597,0.45828,0.26388,0.77891,0.16629,0.89336,-0.15611,0.18816,-0.60714,-0.31877,0.067332,-0.1371,-0.0033439,-0.29286,0.097433,-0.17629,0.23581,-0.13982,0.61826,0.5005,-0.041357,0.51907,0.17638,-0.021964,1.141,0,0.17183,0.44741,-0.51166,-0.23691,-0.55569,0.484,-0.38908,0.26535,0.55093,0.48349,0.20648,0.37912,-0.24325,0.44969,0.1473,0.027829,-0.15327,-0.13482,0.069921,-0.58668,-0.39299,0.24239,-0.0016019,0.35161,-0.066709,-0.070923,-0.17064,-0.25522,-0.36467,-0.015013,0.18968,0.074512,0.24466,-0.066303,0.30665,-0.14416,-0.12115,0.33323,0.40727,-0.097455,0.13852,-0.055236,0.0054853,-0.0039062,-0.11909,-0.087371,0.19944,-0.39599,-0.22149,-0.37794,-0.45457,0.23386,0.17514,0.20111,-0.158,-0.20211,-0.048585,-0.22537,-0.17427,0.11438,-0.056214,-0.33428,0.075298,-0.1075,-0.069988,-0.37064,-0.032636,-0.20941,0.30018,-0.12277,0.15616,0.28087,0.25206,-0.24293,-0.13241
-0.17606,-0.092593,0.12678,0.13846,-0.43849,-0.14452,-0.073134,-0.068558,-0.1959,0.40429,0.095916,-0.46731,-0.17871,-0.12141,-0.15131,-0.35324,-0.13858,-0.36167,-0.11837,-0.33268,-0.11469,-0.2863,-0.21529,-0.32148,-0.0028372,0.35774,-0.2666,-0.32433,0.064895,0.17183,0,1.141,-0.11581,-0.067329,-0.16549,-0.23375,0.02841,0.18366,-0.19671,-0.46025,-0.27824,-0.37147,0.10061,0.036146,0.57252,0.81176,-0.42056,-0.27859,0.028332,-0.32611,-0.41416,0.040548,-0.66322,-0.53226,-0.4257,-0.48376,-0.24526,-0.66438,-0.65335,-0.56419,-0.69059,0.23358,0.065821,0.021074,-0.065722,-0.33613,-0.16778,0.35498,0.12771,0.27394,0.35822,0.45814,0.306,0.18122,0.13466,-0.36982,-0.40332,-0.10019,-0.10474,-0.13303,-0.089298,0.031059,0.15941,-0.013184,-0.1682,-0.010568,-0.13583,-0.5288,-0.55915,-0.36673,0.14716,-0.019868,0.061228,-0.70873,-0.54906,0.26878,0.15339,0.15208,-0.063225,-0.147,-0.21093,0.027529,0.0011697,-0.51387,-0.30775
-0.086153,0.022823,0.27196,0.25332,-0.33028,-0.077118,0.18756,0.20753,-0.034877,0.64787,0.041045,-0.3328,-0.28215,-0.02571,-0.12613,-0.27105,-0.11108,-0.42889,-0.05054,-0.28968,-0.21222,-0.49221,-0.1073,-0.30308,-0.01329,0.61916,-0.21284,-0.43657,0.14294,0.44741,1.141,0,-0.23764,-0.031106,-0.29686,-0.029913,-0.068819,0.32303,0.060664,-0.19447,-0.1899,-0.32373,0.10725,0.20395,0.65177,0.69822,-0.33926,-0.21803,-0.087514,-0.33511,-0.40174,0.041141,-0.48208,-0.4029,-0.31351,-0.517,-0.2796,-0.65303,-0.6691,-0.25213,-0.52111,0.084223,0.11312,-0.019744,0.068108,-0.24291,-0.13313,0.41216,0.29465,0.28278,0.34213,0.45379,0.378,0.2518,0.069747,-0.1745,-0.29147,-0.073045,-0.012192,-0.19346,-0.10154,0.18343,0.23777,0.25014,-0.11996,-0.10846,-0.059349,-0.43609,-0.41954,-0.21707,0.19542,-0.059095,-0.018313,-0.56495,-0.5308,0.074805,0.10079,0.23471,0.043965,-0.1474,-0.15459,0.098077,0.077075,-0.46408,-0.32475
-0.57212,-0.30331,0.28008,0.21284,-0.38415,-0.21936,-0.68897,-0.31174,-0.067459,-0.2983,0.333,0.089586,1.1974,0.57219,-0.24375,-0.043076,-0.36165,0.26752,-0.46848,0.0022789,-0.4699,-0.066682,-0.45788,-0.27383,0.19149,-0.33381,-0.17662,-0.23228,-0.5001,-0.51166,-0.11581,-0.23764,0,0.93109,0.97466,0.2004,0.41236,0.09416,-0.29104,-0.20917,-0.35468,-0.24872,-0.33699,-0.6569,-0.13019,-0.16454,-0.21906,-0.35175,0.012118,0.82299,0.871,-0.6472,-0.42561,-0.3159,-0.19174,-0.23303,-0.30008,-0.093992,-0.030838,-0.14105,-0.11938,-0.49076,-0.34549,-0.61905,-0.44938,-0.3087,-0.30887,-0.10766,-0.18631,-0.23543,-0.23721,-0.47285,-0.53286,-0.27262,-0.36017,0.25038,0.11303,0.78737,0.6722,0.72037,0.69175,-0.33914,-0.1758,0.13459,0.68749,0.20263,-0.14241,-0.14452,-0.24466,-0.41019,-0.45656,0.1879,-0.014231,0.029053,-0.071821,0.77187,0.26707,0.53369,-0.072924,-0.11378,-0.1921,-0.088479,-0.17316,0.18662,0.26874
-0.56037,-0.16897,0.18641,0.29205,-0.46659,-0.098246,-0.49976,-0.090311,0.21404,-0.058147,0.22107,0.17687,0.84949,0.97201,-0.070822,0.32891,-0.12244,0.36534,0.060523,0.24227,-0.31953,-0.073564,-0.16132,-0.18606,0.35478,-0.17463,-0.048832,-0.26692,-0.17775,-0.23691,-0.067329,-0.031106,0.93109,0,0.3862,0.25255,0.14371,0.31894,-0.16123,0.078011,-0.16948,-0.25578,-0.46518,-0.57611,-0.033672,-0.16337,-0.18214,-0.22348,0.20968,0.5011,0.58437,-0.32471,-0.17163,-0.048443,0.060243,-0.18569,-0.29706,-0.18216,-0.15074,0.13429,0.1394,-0.39552,-0.037765,-0.4298,-0.026673,-0.20413,-0.18891,-0.163,-0.073347,-0.1685,-0.12525,-0.27201,-0.20416,-0.31897,-0.30296,0.22647,0.38594,0.67101,0.79828,0.28266,0.39638,-0.04693,-0.11997,0.47115,0.61919,0.25064,0.22237,-0.12488,-0.31653,-0.34491,-0.39004,0.48492,0.30594,0.1218,0.18032,0.8536,0.50625,0.62547,0.13655,-0.00079705,0.048669,0.14547,0.031545,0.15591,0.2984
-0.42018,-0.47897,0.51242,0.49908,0.035268,-0.40447,-0.34057,-0.27362,-0.067751,-0.13171,0.58545,0.078759,0.93844,0.3298,-0.39498,-0.15732,-0.62869,-0.17125,-0.16447,-0.33978,-0.65531,-0.26008,-0.31976,-0.50703,0.24687,-0.13201,-0.47855,-0.41116,-0.43972,-0.55569,-0.16549,-0.29686,0.97466,0.3862,0,0.26212,0.89829,0.37824,-0.095594,-0.21284,-0.64853,-0.51113,-0.030459,-0.66583,-0.57706,-0.42676,0.02812,-0.1875,-0.2181,1.0064,0.73967,-0.42695,-0.12228,-0.34859,-0.10026,-0.3257,-0.30688,-0.17522,-0.014241,0.074358,-0.17171,-0.65396,-0.61541,-0.42251,-0.43583,-0.10978,-0.057255,-0.42828,-0.38083,-0.1323,-0.27326,-0.50313,-0.57657,-0.59441,-0.19033,0.53105,0.24353,0.88409,0.70474,1.2223,1.0619,-0.24458,0.023624,0.047361,0.56707,0.60639,-0.14548,-0.054585,-0.26451,-0.29766,-0.50466,-0.053925,-0.31877,0.19798,-0.08291,0.1817,-0.19108,0.71656,-0.35768,-0.4054,-0.47772,-0.5299,-0.27857,-0.060378,-0.085444
0.31823,0.66298,0.093736,0.12376,-0.021566,0.34149,0.13883,0.94212,0.11479,0.32169,0.11412,0.51811,0.12226,0.012305,-0.32038,-0.021622,-0.40253,-0.25114,0.049559,-0.31299,-0.11654,-0.10126,0.27638,0.28481,-0.090091,-0.075712,-0.2139,-0.41428,0.39974,0.484,-0.23375,-0.029913,0.2004,0.25255,0.26212,0,-0.039574,0.52304,0.44117,0.39618,-0.092306,0.14381,-0.3984,0.046404,-0.26095,-0.35468,-0.11718,-0.21433,0.048407,0.10818,0.1912,-0.066917,0.24539,0.57403,0.24477,0.034838,-0.21395,-0.14214,-0.07053,0.13986,0.33946,-0.41253,-0.027678,-0.34532,0.039845,-0.14956,-0.17222,-0.11625,-0.19798,-0.33695,-0.50534,-0.50869,-0.5128,-0.54186,-0.37247,0.35227,0.70808,0.18998,0.21931,0.10263,0.0083359,-0.10319,-0.18483,0.3246,0.11051,0.15328,-0.037311,-0.19655,-0.21669,0.049451,-0.46523,-0.37396,-0.10809,0.43489,0.30651,-0.30188,-0.18798,0.052795,-0.12563,-0.1672,0.041021,-0.0086247,0.015653,0.23445,0.28139
-0.46425,-0.76967,0.82979,0.92218,0.07289,-0.72837,-0.29256,-0.3685,-0.01298,0.11789,1.4226,0.0052309,0.74667,0.36831,-0.42348,-0.30865,-0.96899,-0.56609,0.048005,-0.61308,-0.92142,-0.7027,-0.26488,-0.9455,0.24033,0.12319,-0.55525,-0.55404,-0.28402,-0.38908,0.02841,-0.068819,0.41236,0.14371,0.89829,-0.039574,0,0.6099,0.07544,-0.2077,-1.0247,-0.94391,0.1708,-0.80509,-0.45311,-0.23523,0.23458,0.031115,-0.42405,1.0102,0.67751,-0.25338,-0.050267,-0.6183,0.034612,-0.81836,-0.51979,-0.35802,-0.24874,0.17833,-0.28341,-0.68201,-0.92576,-0.3463,-0.31736,-0.025751,0.1685,-0.4087,-0.35658,-0.087815,-0.082428,-0.16275,-0.081668,-0.34394,0.17184,0.85907,0.2304,0.91928,0.83932,1.6156,1.155,-0.043038,0.38096,-0.024549,0.47018,0.95828,-0.27007,0.087986,-0.275,-0.21628,-0.1901,-0.18527,-0.61149,0.1298,-0.28232,0.096694,-0.36884,0.57695,-0.45655,-0.94414,-1.1189,-0.76438,-0.48765,-0.55457,-0.65439
-0.16849,-0.10949,0.58432,0.78298,-0.1147,-0.33051,-0.12906,0.23352,0.17368,0.63773,0.81489,0.15039,0.36008,0.33463,-0.52924,-0.17766,-0.84266,-0.6236,0.51014,-0.54154,-0.69609,-0.74818,0.01682,-0.49613,0.15692,0.28336,-0.5827,-0.97619,0.22217,0.26535,0.18366,0.32303,0.09416,0.31894,0.37824,0.52304,0.6099,0,0.2851,0.17461,-0.86938,-0.69574,-0.12956,-0.46687,-0.20538,-0.19638,-0.067327,-0.23459,-0.18174,0.38082,0.2368,-0.075212,0.15047,-0.084769,0.24038,-0.66084,-0.66338,-0.74538,-0.57766,0.27225,-0.051502,-0.66231,-0.32134,-0.43604,0.0052715,-0.22163,-0.050869,-0.38968,-0.1788,-0.17126,-0.18158,-0.24894,-0.15847,-0.50129,-0.14898,0.74008,0.69879,0.55797,0.63459,0.52774,0.44788,0.12442,0.23581,0.2784,0.16935,0.86052,-0.036987,-0.2733,-0.70151,-0.19775,-0.31247,-0.31741,-0.29919,0.19911,-0.099419,-0.051347,-0.24937,0.67038,-0.25244,-0.79587,-0.48085,-0.52418,-0.29604,-0.48048,-0.39767
0.61096,0.1947,0.088479,0.17232,0.25671,-0.095646,0.60387,0.38973,0.21265,0.47192,0.15754,0.3467,-0.26684,-0.22709,-0.31214,-0.26271,-0.19964,-0.36022,0.17213,-0.2914,0.034361,-0.41147,0.74398,0.12427,0.01086,0.39955,0.0078631,-0.14113,0.62198,0.55093,-0.19671,0.060664,-0.29104,-0.16123,-0.095594,0.44117,0.07544,0.2851,0,0.49058,0.14208,0.082759,-0.034548,0.0068899,-0.18221,-0.11497,-0.01389,-0.053845,-0.22055,-0.17541,-0.23145,-0.0221,0.35028,0.13077,0.2528,-0.23889,-0.26667,-0.17574,-0.20129,0.20312,0.14746,-0.3339,-0.40961,-0.23186,-0.19378,-0.15149,-0.12443,0.0051803,0.14164,-0.42047,-0.27274,-0.23424,-0.10814,-0.13492,0.026107,0.41302,0.36865,-0.028195,0.12928,0.036368,-0.049791,-0.078479,-0.03058,0.38255,0.35104,0.030703,-0.1314,-0.07179,-0.10662,-0.027317,-0.015773,0.017828,-0.11053,0.45094,0.18161,-0.37527,-0.14048,-0.0080294,0.20284,-0.37845,-0.26583,0.12256,0.046819,0.010409,-0.11113
0.45808,0.59531,0.059841,0.064604,0.23274,0.44647,0.21352,0.6042,0.85012,0.35162,-0.057656,1.1701,-0.21522,0.076768,0.21614,0.18426,0.26054,0.22991,0.31184,0.42419,0.042225,-0.04478,0.25957,0.3196,0.42838,0.34849,0.64316,0.18777,0.55981,0.48349,-0.46025,-0.19447,-0.20917,0.078011,-0.21284,0.39618,-0.2077,0.17461,0.49058,0,0.36314,0.57705,-0.016839,0.21425,-0.2968,-0.53027,0.35308,0.20774,0.31569,-0.045019,0.025729,0.34386,0.50343,0.695,0.17623,0.31716,0.33239,0.3635,0.29489,0.54189,0.8935,-0.30425,0.15326,-0.1836,0.25489,0.35508,0.20064,-0.0048195,0.29581,0.070242,0.1442,-0.29189,0.027279,-0.24801,0.16736,0.26591,0.80961,-0.082592,0.2144,-0.16222,0.010981,0.10982,0.04843,0.55574,0.25071,-0.0067541,0.53658,0.29439,0.21883,0.60752,0.073808,0.094184,0.30822,0.52174,0.68632,-0.20276,0.24711,-0.055891,0.5223,-0.24999,0.035777,0.097793,-0.0070921,0.19743,0.071785
0.49361,0.4717,-0.59876,-0.57061,0.31852,0.67986,0.49507,0.20718,0.26824,-0.090067,-1.0782,0.17241,-0.72857,-0.3024,0.62581,0.48627,1.2264,0.59446,-0.11593,0.74191,1.069,0.76949,0.475,0.96815,0.15798,0.077199,0.95561,1.058,0.34422,0.20648,-0.27824,-0.1899,-0.35468,-0.16948,-0.64853,-0.092306,-1.0247,-0.86938,0.14208,0.36314,0,1.1288,-0.047052,0.657,0.031538,-0.095655,0.07469,0.23754,0.56295,-0.74205,-0.4754,0.41113,0.1557,0.5228,-0.13288,0.83926,0.75649,0.65085,0.51619,0.11982,0.55582,0.51013,0.55291,0.45267,0.36286,0.32214,0.11652,0.43642,0.43935,0.25264,0.28204,0.10816,0.14513,0.13152,0.075479,-0.644,-0.21492,-0.80536,-0.48641,-0.91593,-0.58542,0.079798,-0.14757,0.12794,-0.02924,-0.85133,0.44668,0.21044,0.58249,0.26293,0.066781,0.52008,0.78916,-0.0028024,0.41914,-0.13164,0.46704,-0.55919,0.6867,0.75517,0.75242,0.84976,0.6268,0.44772,0.42593
0.55263,0.90479,-0.56155,-0.69998,0.14809,0.99465,0.18971,0.41914,0.1434,-0.061261,-0.94028,0.39414,-0.63852,-0.49283,0.42658,0.27103,0.75583,0.5695,-0.30272,0.64102,0.85305,0.79638,0.27443,1.3173,-0.0089018,0.0021087,1.0007,0.9323,0.38674,0.37912,-0.37147,-0.32373,-0.24872,-0.25578,-0.51113,0.14381,-0.94391,-0.69574,0.082759,0.57705,1.1288,0,-0.16614,0.68203,0.0064362,-0.1909,0.06111,0.097535,0.54891,-0.58997,-0.31363,0.31354,0.11676,0.7719,-0.19244,0.90066,0.68379,0.69262,0.51136,-0.070023,0.6411,0.28963,0.47298,0.1321,0.21298,0.22787,-0.013725,0.29485,0.28509,0.066652,0.10115,-0.13203,-0.10556,0.065834,0.013611,-0.55661,-0.028659,-0.7671,-0.54257,-0.70715,-0.56453,-0.047696,-0.24724,0.054545,-0.12419,-0.85582,0.19596,0.14068,0.47177,0.50355,0.070889,0.098548,0.55082,0.01692,0.44339,-0.19189,0.35986,-0.69664,0.62902,0.47668,0.59399,0.50403,0.34511,0.55204,0.58784
0.057206,-0.18185,0.11004,0.097604,0.32907,-0.17349,0.50005,-0.0097516,0.068327,-0.19787,0.12283,0.0017455,-0.10697,-0.089397,0.18559,-0.082216,0.13237,-0.086223,0.13318,0.029868,-0.24172,-0.30222,-0.22605,-0.42053,0.0054704,0.2145,-0.12999,-0.11151,-0.33482,-0.24325,0.10061,0.10725,-0.33699,-0.46518,-0.030459,-0.3984,0.1708,-0.12956,-0.034548,-0.016839,-0.047052,-0.16614,0,0.43493,0.071449,0.22241,0.7453,0.80975,-0.47408,0.026585,-0.16575,0.223,0.34504,-0.11912,0.19634,0.19703,0.5858,0.46872,0.52308,0.081558,-0.25846,0.012722,-0.1432,0.54278,0.10334,0.69822,0.77909,0.042311,-0.1604,0.48916,0.27565,0.76822,0.80068,0.29422,0.7344,0.17519,-0.081881,0.088811,-0.035794,-0.029484,0.02852,0.22315,0.14038,-0.0079969,-0.1608,0.26345,0.30599,0.73349,0.62156,0.52628,0.58435,-0.015874,-0.34974,0.2236,0.057109,-0.33874,-0.30373,0.0018785,-0.20598,-0.22764,-0.4167,-0.42402,-0.42811,-0.18927,-0.45941
0.47998,0.70026,-0.25104,-0.3441,0.1878,0.76189,0.64057,0.67574,0.018201,0.072408,-0.72941,0.11055,-0.89108,-0.44901,0.59287,0.21701,0.65537,0.087722,-0.058068,0.23625,0.46858,0.30644,0.21717,0.56892,-0.2036,0.13756,0.2749,0.32998,0.20149,0.44969,0.036146,0.20395,-0.6569,-0.57611,-0.66583,0.046404,-0.80509,-0.46687,0.0068899,0.21425,0.657,0.68203,0.43493,0,0.24877,0.1909,0.27518,0.44525,0.083114,-0.74947,-0.56786,0.60989,0.22415,0.55754,0.027415,0.75463,0.77534,0.55252,0.46924,-0.049243,0.19715,0.53819,0.63357,0.70976,0.54522,0.53454,0.40021,0.3675,0.15445,0.42331,0.29752,0.53515,0.46085,0.27826,0.28653,-0.5094,-0.18841,-0.56788,-0.64382,-0.92289,-0.73243,0.44208,0.077777,0.087677,-0.52619,-0.4649,0.29167,0.30551,0.63869,0.65149,0.40117,-0.091047,0.14033,-0.010424,0.23829,-0.54719,-0.030524,-0.50087,0.14745,0.36544,0.39145,0.28892,0.24332,0.17173,0.082136
