,,,,,,,,,,,,,,,,,,,,,,,,,,,,,,,,,,,,,,,,,,,,,,,,,,,,,,,,,,,,,,,,,,,,,,,,,,,,,,,,,,,,,,,,,,,,,,,,,,,,,,,,
0,0.54228,-0.26331,-0.38357,0.41865,0.14765,0.37694,0.15233,0.1454,-0.31563,-0.42563,0.61564,-0.68218,-0.29752,0.18399,-0.035136,0.17564,-0.021229,0.075126,0.10509,0.36563,0.042048,0.26313,0.19181,-0.35655,-0.42889,0.34277,0.30073,0.30497,0.11096,-0.55646,-0.39869,-0.69031,-0.53404,-0.55926,0.046322,-0.84129,-0.42132,0.34398,0.39589,0.52031,0.37055,-0.071082,0.10803,0.1471,0.17429,0.020411,-0.028907,0.18612,-0.24504,-0.18604,0.26059,0.8716,0.63575,0.56057,0.37971,0.15203,0.25753,0.22164,0.44166,0.5658,0.241,0.31797,0.028081,-0.093482,0.070996,-0.085644,0.10225,0.0568,-0.35731,-0.29754,-0.075774,0.058206,0.39603,0.24782,0.26031,0.42909,-0.63546,-0.56566,-0.49677,-0.44523,-0.16866,-0.15467,0.10029,-0.17337,-0.39443,0.22776,0.089866,0.20245,0.50253,0.48986,-0.089283,0.0088216,0.64811,0.44081,-0.37965,-0.081528,-0.55786,0.072913,0.10651,0.19327,0.27328,-0.030525,0.29433,0.08152
0.54228,0,-0.26251,-0.41212,-0.0018487,0.92289,0.13722,0.99697,0.23037,0.2869,-0.36548,0.7683,-0.42794,-0.32106,0.080746,0.14214,0.14307,0.089576,0.040272,0.1547,0.34325,0.28434,0.25741,0.73816,-0.158,0.043789,0.35364,0.10357,0.52579,0.62715,-0.28556,0.0041655,-0.25121,-0.086678,-0.38815,0.63317,-0.68978,0.085376,0.1781,0.74659,0.37306,0.85442,-0.17494,0.59388,-0.0094961,-0.18956,0.19013,0.12462,0.33493,-0.39406,-0.17702,0.30802,0.28099,0.83761,0.19902,0.48619,0.2643,0.24709,0.13797,0.063059,0.57844,0.025222,0.43414,-0.048933,0.31257,0.2314,0.097447,-0.011345,0.0072321,-0.097826,-0.091657,-0.11125,-0.045001,-0.14368,0.10313,-0.11709,0.71097,-0.33773,-0.2938,-0.61358,-0.62183,0.026499,-0.23176,0.40302,-0.30245,-0.41069,0.088237,0.084266,0.14428,0.65283,0.088231,-0.28239,0.22505,0.28241,0.51791,-0.37833,0.013258,-0.43104,0.21604,0.1648,0.39684,0.26903,0.14369,0.37377,0.39405
-0.26331,-0.26251,0,1.1088,-0.20146,0.012338,-0.24978,-0.059188,-0.090084,0.17963,0.059197,-0.11625,0.065401,0.5384,0.30124,-0.0012942,-0.22321,-0.48381,-0.22177,-0.18912,-0.34748,-0.31403,-0.29404,-0.39345,0.015873,-0.029528,-0.12468,-0.17112,-0.21479,-0.025399,0.31947,0.47558,0.10571,0.070133,0.069655,-0.13206,0.16004,0.079699,-0.43716,-0.40588,-0.41369,-0.45916,-0.0079938,0.0078409,0.1392,0.10782,-0.019574,-0.053979,0.0076508,0.42794,0.48927,0.10039,-0.21219,-0.12651,-0.14684,-0.33924,-0.2835,-0.33622,-0.2936,0.17129,-0.12989,0.20563,0.3182,0.036576,0.16615,0.060602,0.1115,0.2964,0.17719,0.38724,0.39867,0.18942,0.18436,0.078809,-0.021207,0.065679,-0.22509,0.58492,0.46621,0.39096,0.64599,0.44708,0.88107,0.33202,0.099863,0.19118,0.042728,-0.096051,-0.12578,-0.005493,0.081479,-0.14897,-0.23516,-0.34852,-0.30559,0.19823,-0.027984,0.42079,-0.31335,-0.09801,-0.056162,0.028951,0.096137,-0.39952,-0.44341
-0.38357,-0.41212,1.1088,0,-0.10558,-0.16722,0.018077,0.022634,0.039164,0.25049,0.27449,-0.23635,0.1959,0.63225,0.25306,0.18582,-0.18674,-0.5736,0.13764,-0.34397,-0.46733,-0.48303,-0.10499,-0.5052,0.2392,0.047672,-0.41948,-0.44495,-0.20604,-0.0080934,0.46309,0.47469,0.094581,0.2735,0.16331,0.015123,0.29253,0.35161,-0.14552,-0.30375,-0.40921,-0.69648,-0.034817,-0.1186,0.1178,0.14761,-0.11649,-0.098944,-0.058648,0.32061,0.32834,0.18657,-0.19556,-0.25427,-0.11549,-0.48709,-0.36747,-0.47213,-0.35338,0.35837,-0.078812,-0.0084067,0.096704,0.15082,0.28209,0.022886,0.1365,0.11684,-0.00034812,0.29172,0.2736,0.28275,0.26683,-0.066442,0.015752,0.17179,-0.077363,0.49111,0.65207,0.36329,0.57034,0.53064,0.8971,0.18586,0.17919,0.50611,0.19008,-0.17222,-0.27394,-0.22141,-0.097966,-0.017938,-0.13907,-0.33433,-0.39052,0.12124,0.013673,0.50972,-0.196,-0.21346,-0.14993,-0.013653,0.21901,-0.52792,-0.43558
0.41865,-0.0018487,-0.20146,-0.10558,0,0.16673,0.63412,0.016811,0.46528,-0.10189,-0.11486,0.18195,-0.26272,-0.24619,0.23426,0.21513,0.23308,-0.022885,0.27523,0.0054103,0.24813,0.17804,0.35119,0.13761,0.26253,0.10479,0.19955,0.26866,0.1752,-0.049752,-0.66884,-0.41531,-0.36077,-0.43886,0.032075,-0.0025819,-0.10424,-0.19527,0.206,0.2638,0.4836,0.19216,0.28234,0.17847,-0.6825,-0.55147,0.45823,0.43953,-0.032429,-0.013744,-0.055197,0.17226,0.45179,0.18287,0.077487,0.38965,0.47385,0.42733,0.51006,0.60385,0.26996,0.11839,0.11247,0.52588,0.32404,0.49994,0.45513,0.074592,0.077305,0.22487,0.095177,-0.051226,0.020136,-0.18669,0.057418,0.26357,0.14704,-0.40661,-0.15945,-0.11875,0.0053298,-0.083682,-0.0021537,-0.12089,-0.036455,0.072708,0.42015,0.52708,0.52166,0.22147,-0.18992,0.018328,0.0061112,0.39356,0.14037,-0.80255,-0.43472,-0.11688,-0.0091475,0.22709,0.16855,-0.0086348,0.1599,-0.094169,-0.26833
0.14765,0.92289,0.012338,-0.16722,0.16673,0,-0.00019206,0.68313,0.34853,0.37023,-0.55205,0.61106,-0.3444,-0.16722,0.49061,0.45118,0.33562,0.19895,-0.027989,0.33083,0.62299,0.66979,0.35654,0.87014,0.14378,0.19994,0.65512,0.43782,0.51183,0.43144,-0.32612,-0.010443,-0.10021,0.039813,-0.23941,0.32331,-0.57784,-0.054529,-0.19082,0.4923,0.52211,0.85919,-0.078395,0.71106,-0.41903,-0.62225,0.58847,0.51229,0.47997,-0.25409,0.036798,0.35418,0.15594,0.82163,-0.0093175,0.63932,0.45241,0.35831,0.21198,0.13178,0.52754,0.35062,0.76254,0.31437,0.75287,0.60986,0.52984,0.039639,0.10835,0.28186,0.37841,0.051485,0.061993,-0.48534,0.11116,-0.34281,0.55383,-0.1299,-0.067699,-0.45601,-0.32646,0.21563,0.0015463,0.68161,-0.087772,-0.27428,0.22681,0.39793,0.33507,0.68283,-0.1675,-0.0015963,0.49178,0.081394,0.54223,-0.25339,0.01628,-0.17063,0.171,0.54778,0.69462,0.43648,0.44672,0.11128,0.1756
0.37694,0.13722,-0.24978,0.018077,0.63412,-0.00019206,0,0.54251,0.41735,0.098555,0.0079564,0.26437,-0.30527,-0.32687,0.09804,-0.0035881,0.36186,-0.18221,0.49177,-0.10945,-0.0089174,-0.32794,0.37057,-0.040849,0.11131,0.22472,-0.080517,-0.17004,0.092335,0.18306,-0.16339,0.013587,-0.38551,-0.27195,-0.026736,0.33783,-0.10676,0.12987,0.86126,0.56237,0.38977,0.16451,0.51392,0.46984,-0.082012,-0.021463,0.27868,0.32641,-0.36595,-0.38355,-0.52983,0.16687,0.43106,0.13984,0.30325,0.19785,0.3397,0.27868,0.31474,0.48803,0.10891,-0.11749,-0.19532,0.38995,0.086822,0.27191,0.26141,0.10818,-0.0083919,0.030323,-0.065723,0.28061,0.33286,-0.086118,0.21601,0.40463,0.35019,-0.27247,-0.087899,-0.23371,-0.30933,-0.027374,-0.15456,0.093718,0.025255,0.05881,0.33218,0.31223,0.40931,0.16251,0.049211,0.048839,-0.076848,0.504,0.24081,-0.69844,-0.19768,-0.31779,0.055303,-0.093985,-0.086001,0.074471,0.13657,0.17841,0.018251
0.15233,0.99697,-0.059188,0.022634,0.016811,0.68313,0.54251,0,0.32143,0.58256,-0.043685,0.51974,-0.20088,-0.24543,0.060826,0.089132,0.11649,-0.20636,0.28899,-0.15106,0.046038,-0.06372,0.3238,0.41355,-0.0023384,0.28523,-0.038985,-0.30668,0.34874,0.70146,-0.0074388,0.28848,-0.11082,0.04578,-0.069934,1.0559,-0.22781,0.50913,0.40092,0.68575,0.14615,0.46079,0.069058,0.81363,-0.0719,-0.20773,0.25526,0.23424,-0.034875,-0.3868,-0.26479,0.25254,0.1299,0.49314,0.186,0.24714,0.18683,0.10426,0.054699,0.15793,0.28432,-0.11748,0.14681,0.13429,0.39712,0.2629,0.24618,-0.00076678,-0.07205,0.035113,0.00016881,0.11902,0.11952,-0.40724,0.049375,0.064571,0.74636,-0.041773,0.0072421,-0.30345,-0.46392,0.16396,-0.11381,0.42562,-0.20475,-0.014728,0.075375,0.10877,0.14497,0.37681,-0.12558,-0.32327,0.05054,0.22393,0.33316,-0.54026,-0.12587,-0.31455,0.041913,-0.008167,0.20203,0.1855,0.27272,0.25347,0.2912
0.1454,0.23037,-0.090084,0.039164,0.46528,0.34853,0.41735,0.32143,0,0.30173,0.15588,0.65259,-0.030525,0.23563,0.43485,0.088959,0.49929,0.32342,0.30322,0.16617,-0.027373,-0.071661,0.18546,0.084273,0.97936,0.41155,0.48199,0.13381,0.38923,0.23799,-0.11957,0.032924,0.011939,0.21078,-0.016423,0.20528,-0.10902,0.12881,0.29916,0.88525,0.56195,0.35229,0.1169,0.23723,-0.34229,-0.38611,0.33129,0.3101,0.18086,-0.083128,-0.041107,0.17677,-0.026111,0.037817,-0.097273,0.18752,0.41958,0.30313,0.24664,0.54845,0.31719,0.029384,0.2803,0.1171,0.39863,0.36836,0.34387,0.56959,0.61994,0.39455,0.57199,-0.067673,0.21441,-0.23177,0.13074,0.18842,0.42386,-0.2641,0.23942,-0.20186,-0.0064683,-0.081636,0.085324,0.1493,0.25268,-0.040087,0.63783,0.39508,0.31321,0.11134,-0.18096,0.26629,0.45004,0.16917,0.1713,-0.16143,0.16395,-0.029585,0.30221,0.029709,0.1782,0.41655,0.24751,-0.084855,-0.19405
-0.31563,0.2869,0.17963,0.25049,-0.10189,0.37023,0.098555,0.58256,0.30173,0,0.10165,-0.16438,-0.25541,-0.16095,-0.094235,-0.026094,-0.016338,-0.31578,0.29441,-0.24922,0.045231,-0.06589,0.42859,0.37688,0.35688,1.0415,0.0073714,-0.18729,0.72713,1.12,0.42619,0.8958,-0.091089,0.08569,-0.093618,0.45064,0.086756,0.88215,0.23723,0.28231,-0.039302,0.14663,-0.20115,0.40151,-0.19102,-0.34969,-0.06724,-0.054701,0.055826,-0.54604,-0.41972,0.1601,-0.49447,-0.099538,-0.41952,-0.28888,-0.21364,-0.4906,-0.57488,-0.077396,-0.077144,-0.015383,0.14339,-0.026249,0.49417,-0.051497,0.029829,0.14762,0.52018,0.27798,0.44579,-0.11515,-0.096071,-0.48072,-0.30468,-0.32299,-0.019534,-0.12291,0.053933,-0.1694,-0.21402,0.32339,0.30958,0.23108,-0.16464,-0.092903,-0.15855,-0.29307,-0.32296,-0.18438,-0.44458,-0.20796,0.20938,-0.53202,-0.28643,-0.26526,-0.043443,0.19784,0.25093,-0.024449,0.24626,0.19844,0.49682,-0.36486,-0.15352
-0.42563,-0.36548,0.059197,0.27449,-0.11486,-0.55205,0.0079564,-0.043685,0.15588,0.10165,0,-0.19314,0.82734,0.27041,-0.51504,-0.58765,-0.63038,-0.30038,0.11732,-0.81023,-1.0888,-0.80455,-0.31007,-0.63,0.18095,0.18294,-0.67515,-0.92713,-0.12977,0.0022778,0.456,0.21577,0.42777,0.22886,0.57737,0.24851,1.1536,0.71114,0.25385,-0.085078,-0.75302,-0.62822,0.11724,-0.35969,-0.03909,0.10872,-0.26052,-0.19642,-0.7003,0.44487,0.21323,-0.52166,-0.47853,-0.80085,-0.14796,-0.69459,-0.36161,-0.33612,-0.22093,-0.23993,-0.69223,-0.54707,-0.62594,-0.3413,-0.22836,-0.42674,-0.1954,0.19543,-0.088055,-0.074161,-0.15892,-0.16395,-0.11041,-0.081071,-0.33302,0.66025,0.011413,0.36114,0.4533,0.60364,0.30752,-0.30483,-0.058045,-0.66829,0.0082724,0.78084,-0.29104,-0.14336,-0.29667,-0.6922,-0.33232,-0.37848,-0.61581,-0.035723,-0.56682,0.0089173,-0.35848,0.28235,-0.44978,-0.8991,-0.80339,-0.50678,-0.49832,-0.37884,-0.40558
0.61564,0.7683,-0.11625,-0.23635,0.18195,0.61106,0.26437,0.51974,0.65259,-0.16438,-0.19314,0,-0.11213,0.078602,0.42039,0.050775,0.38084,0.38012,-0.10124,0.31324,0.099008,0.098844,-0.034519,0.18722,0.15488,-0.19213,0.57402,0.24818,0.18584,0.052085,-0.39477,-0.30498,0.02061,0.089754,-0.08487,0.35015,-0.51407,-0.2222,0.16397,0.88716,0.56776,0.66167,0.084257,0.33799,-0.093829,-0.14587,0.32454,0.24928,0.26991,0.037795,0.15249,0.16312,0.39689,0.61205,0.29186,0.5842,0.53208,0.6224,0.52881,0.34307,0.54081,0.050626,0.39552,-0.041725,0.085088,0.33194,0.19608,0.33713,0.10037,0.040148,0.061548,-0.057587,0.13545,-0.070742,0.25336,0.27801,0.98257,-0.14571,0.041535,-0.27736,-0.14935,-0.21398,-0.23173,0.34734,0.1884,-0.21485,0.47368,0.40699,0.43755,0.55374,0.16056,0.10035,0.2731,0.64993,0.74888,-0.072556,0.19242,-0.35319,0.059554,0.036871,0.14178,0.33715,-0.056333,0.42295,0.21526
-0.68218,-0.42794,0.065401,0.1959,-0.26272,-0.3444,-0.30527,-0.20088,-0.030525,-0.25541,0.82734,-0.11213,0,0.55292,-0.34439,-0.15879,-0.47849,0.11878,-0.24417,-0.29529,-0.66845,-0.24024,-0.44634,-0.42882,0.15195,-0.14811,-0.47296,-0.54013,-0.54603,-0.44855,0.09544,-0.12923,1.267,0.77147,0.91625,0.18856,0.87174,0.24208,-0.13548,-0.30339,-0.55321,-0.46243,-0.077098,-0.54991,-0.11962,-0.049012,-0.17368,-0.14488,-0.33166,0.96089,0.76345,-0.73579,-0.45844,-0.51184,-0.13568,-0.34408,-0.23711,-0.079157,0.016018,-0.24614,-0.40694,-0.53822,-0.55129,-0.35243,-0.29537,-0.28281,-0.16224,-0.016374,-0.35034,-0.14011,-0.24513,-0.20209,-0.25541,-0.21078,-0.36366,0.41391,0.023846,0.82085,0.83271,0.88684,0.62638,-0.37758,-0.27504,-0.29543,0.42452,0.57124,-0.22533,-0.024708,-0.1474,-0.53729,-0.45104,-0.0025542,-0.28003,0.0037638,-0.259,0.41121,-0.046152,0.33075,-0.33825,-0.2662,-0.42337,-0.28064,-0.3039,0.031186,0.075082
-0.29752,-0.32106,0.5384,0.63225,-0.24619,-0.16722,-0.32687,-0.24543,0.23563,-0.16095,0.27041,0.078602,0.55292,0,0.28554,0.27519,-0.055401,0.14335,0.013868,0.10154,-0.411,-0.2148,-0.31466,-0.43602,0.30267,-0.24291,-0.089643,-0.19805,-0.31027,-0.35196,0.1345,0.13435,0.40401,0.76385,0.08034,-0.16691,0.13893,-0.0061986,-0.37141,-0.24581,-0.1573,-0.51898,-0.12899,-0.34776,0.14438,0.13262,-0.054,0.012031,0.17095,0.67627,0.74849,0.0096413,-0.13958,-0.18582,0.081357,-0.20012,-0.14107,-0.084016,-0.027385,0.27946,0.066263,0.039396,0.26751,-0.026376,0.1782,0.075044,0.11426,0.25974,0.09442,0.24138,0.23028,0.11449,0.25753,0.13622,0.043011,0.17468,-0.0029285,0.62418,0.83439,0.20373,0.56682,0.24591,0.40332,0.20033,0.36017,0.32567,0.40153,0.06926,-0.040797,-0.17498,0.038484,0.37904,0.10295,-0.015925,-0.0489,0.57253,0.29631,0.4696,-0.11667,0.017887,-0.0080807,0.19592,-0.0022564,-0.13328,-0.20493
0.18399,0.080746,0.30124,0.25306,0.23426,0.49061,0.09804,0.060826,0.43485,-0.094235,-0.51504,0.42039,-0.34439,0.28554,0,0.55148,0.85307,0.27895,0.17492,0.49705,0.37591,0.27899,0.19111,0.1587,0.32775,-0.15474,0.49881,0.56264,0.016887,-0.086244,-0.20617,-0.19425,-0.26166,-0.06151,-0.34944,-0.33169,-0.56962,-0.54919,-0.32116,0.18615,0.59413,0.30365,0.21264,0.42944,-0.069689,-0.088079,0.61468,0.54883,0.42039,-0.10204,0.092628,0.7468,0.33701,0.44951,0.19182,0.58062,0.52309,0.49774,0.38991,0.66084,0.62181,0.79057,0.85577,0.73684,0.59212,0.85075,0.73083,0.19711,0.25488,0.43151,0.74121,0.4702,0.61668,0.083691,0.65018,-0.27086,0.16778,-0.098277,-0.048419,-0.34743,-0.05875,0.57525,0.58644,0.44245,0.064891,-0.043093,0.8161,0.60215,0.55571,0.6221,0.32076,0.40595,0.49783,0.099991,0.40172,0.027607,0.27651,-0.1483,0.19672,0.46279,0.51809,0.57085,0.46114,-0.038921,-0.15373
-0.035136,0.14214,-0.0012942,0.18582,0.21513,0.45118,-0.0035881,0.089132,0.088959,-0.026094,-0.58765,0.050775,-0.15879,0.27519,0.55148,0,0.47453,0.24733,0.29598,0.58561,0.49329,0.68777,0.28968,0.4235,0.23366,-0.13218,0.22669,0.37466,-0.033741,-0.12266,-0.3641,-0.21341,-0.10318,0.31107,-0.21272,-0.031951,-0.46423,-0.21834,-0.33563,0.05419,0.46604,0.19508,-0.12404,0.16988,-0.20393,-0.3404,0.34629,0.35838,0.71061,-0.089189,0.090418,0.67772,0.36747,0.55478,0.1342,0.53793,0.3487,0.28178,0.29772,0.52176,0.80743,0.26226,0.58371,0.61843,0.81366,0.64243,0.53016,-0.36474,-0.20143,0.27916,0.15549,0.23214,0.20885,-0.28385,0.24133,-0.39061,0.17559,0.049538,0.18057,-0.3804,-0.0040808,0.59216,0.26264,0.53169,0.073107,-0.0067208,0.72925,0.27644,0.25252,0.35479,-0.096135,0.51552,0.6915,0.076439,0.46427,0.03001,0.34358,0.11536,0.32379,0.74859,0.70616,0.33509,0.59764,0.11971,0.25673
0.17564,0.14307,-0.22321,-0.18674,0.23308,0.33562,0.36186,0.11649,0.49929,-0.016338,-0.63038,0.38084,-0.47849,-0.055401,0.85307,0.47453,0,0.6543,0.28126,0.93294,0.45955,0.39325,0.20279,0.31036,0.48328,0.11177,0.65122,0.72893,0.027256,-0.076361,-0.21797,-0.21163,-0.22114,-0.036293,-0.26024,-0.21568,-0.55,-0.46795,0.030398,0.55227,1.026,0.67336,0.32274,0.53775,-0.086386,-0.16973,0.46616,0.42384,0.44647,-0.53201,-0.46152,0.6765,0.28462,0.34947,0.073037,0.76934,0.86517,0.69231,0.55586,0.44288,0.56778,0.41548,0.4227,0.49856,0.28551,0.64595,0.43744,0.061587,0.36553,0.41589,0.54901,0.25886,0.40189,-0.048986,0.53305,-0.46811,0.067378,-0.34222,-0.20265,-0.55539,-0.24185,0.29198,0.128,0.37174,0.14944,-0.38091,0.842,0.44226,0.60856,0.43289,0.25822,0.75416,0.894,0.16931,0.63663,0.044842,0.62619,-0.26463,0.58602,0.4445,0.4845,0.52062,0.44072,0.36501,0.25237
-0.021229,0.089576,-0.48381,-0.5736,-0.022885,0.19895,-0.18221,-0.20636,0.32342,-0.31578,-0.30038,0.38012,0.11878,0.14335,0.27895,0.24733,0.6543,0,-0.28607,0.98551,0.27675,0.53282,-0.08666,0.31323,0.39759,-0.00060914,0.66764,0.66476,-0.063066,-0.27479,-0.40545,-0.44008,0.33463,0.33946,-0.0023321,-0.22874,-0.27293,-0.55681,-0.13752,0.34285,0.71871,0.61838,0.060747,0.06382,-0.098819,-0.20544,0.27678,0.2283,0.39691,-0.048577,0.035628,0.0016534,0.0068734,0.10004,-0.083991,0.59405,0.63211,0.77416,0.61489,-0.042812,0.30041,-0.037315,0.081749,-0.069591,-0.032388,0.28173,0.13787,0.087367,0.25076,0.11895,0.22004,-0.13033,-0.024425,0.030243,0.17092,-0.29664,0.0078141,-0.15135,-0.027489,-0.23553,-0.061084,-0.1273,-0.29498,0.092702,0.41327,-0.44176,0.33594,0.4162,0.47996,0.17105,0.024477,0.73777,0.70173,0.15845,0.42383,0.44382,0.66048,-0.048014,0.57571,0.32958,0.22008,0.2574,-0.037012,0.41017,0.36786
0.075126,0.040272,-0.22177,0.13764,0.27523,-0.027989,0.49177,0.28899,0.30322,0.29441,0.11732,-0.10124,-0.24417,0.013868,0.17492,0.29598,0.28126,-0.28607,0,-0.1352,0.11845,-0.065075,0.46048,0.062351,0.1411,0.07647,-0.26494,-0.20867,0.22482,0.18521,0.15137,0.093343,-0.49636,-0.092623,-0.25561,0.12459,-0.04131,0.369,0.22534,0.14843,0.066734,-0.13736,0.12965,0.21314,-0.12984,-0.079362,0.11989,0.24096,0.021752,-0.4459,-0.50258,0.58339,0.30092,0.16276,0.40965,0.1005,0.090646,-0.08119,-0.0272,0.44893,0.22364,0.3536,0.23416,0.64755,0.51476,0.22886,0.31589,-0.17092,-0.02019,0.1571,0.11977,0.28713,0.37733,-0.19588,0.14182,-0.063884,0.21799,-0.18078,-0.12662,-0.39838,-0.40839,0.36711,0.19518,-0.050578,-0.46942,0.45337,0.41138,0.055373,0.027061,-0.022946,-0.015771,0.03356,0.15012,0.20115,0.19783,-0.4196,-0.13819,-0.25286,-0.069315,0.10735,0.28219,0.1616,0.36692,-0.042864,-0.082929
0.10509,0.1547,-0.18912,-0.34397,0.0054103,0.33083,-0.10945,-0.15106,0.16617,-0.24922,-0.81023,0.31324,-0.29529,0.10154,0.49705,0.58561,0.93294,0.98551,-0.1352,0,0.52212,0.68376,-0.11333,0.32073,0.22375,-0.081419,0.91343,0.96517,-0.096928,-0.2792,-0.31587,-0.2554,-0.0447,0.13662,-0.33804,-0.39436,-0.61444,-0.6822,-0.3652,0.27754,0.78657,0.60355,0.14076,0.23334,0.088158,-0.13009,0.38697,0.33674,0.79587,-0.21289,-0.10327,0.40804,0.30311,0.44473,0.037677,0.78625,0.78875,0.71231,0.58559,0.20311,0.56621,0.24668,0.44492,0.20457,0.17332,0.51654,0.29722,0.076067,0.22531,0.40192,0.37213,0.17238,0.26545,0.08554,0.37699,-0.4724,-0.021616,-0.1524,-0.063693,-0.42568,-0.032661,0.15163,-0.044959,0.47081,0.22979,-0.55526,0.69306,0.39988,0.55484,0.50049,0.25977,0.76398,0.88599,0.093873,0.65179,0.41272,0.8834,-0.17307,0.57746,0.55102,0.4522,0.32228,0.12711,0.42102,0.40456
0.36563,0.34325,-0.34748,-0.46733,0.24813,0.62299,-0.0089174,0.046038,-0.027373,0.045231,-1.0888,0.099008,-0.66845,-0.411,0.37591,0.49329,0.45955,0.27675,0.11845,0.52212,0,1.0503,0.75252,0.97778,-0.15313,-0.095259,0.65156,0.90795,0.48763,0.16249,-0.51942,-0.32033,-0.4303,-0.19529,-0.57249,-0.14415,-0.85639,-0.42596,-0.14228,0.081882,0.76068,0.63875,-0.24586,0.25729,-0.22474,-0.35197,0.29674,0.27528,0.60946,-0.60094,-0.29557,0.33444,0.48005,0.81452,0.25397,0.63936,0.2453,0.23085,0.095869,0.19357,0.59961,0.68848,0.53884,0.42472,0.36601,0.30735,0.22121,-0.18017,0.12037,-0.08576,0.15338,0.058601,-0.0011642,-0.15008,0.066864,-0.55038,0.15198,-0.47212,-0.53953,-0.5708,-0.58598,0.14355,-0.13028,0.43415,-0.098512,-0.46663,0.12029,0.19045,0.23063,0.43088,-0.028143,0.28433,0.66466,0.096569,0.52137,-0.11861,0.12973,-0.44567,0.34737,1.1108,1.0758,0.61431,0.60233,0.21493,0.32062
0.042048,0.28434,-0.31403,-0.48303,0.17804,0.66979,-0.32794,-0.06372,-0.071661,-0.06589,-0.80455,0.098844,-0.24024,-0.2148,0.27899,0.68777,0.39325,0.53282,-0.065075,0.68376,1.0503,0,0.26986,0.90437,0.030819,-0.11624,0.59127,0.9587,0.16483,-0.12461,-0.60607,-0.49995,0.0068135,0.029699,-0.10697,-0.091542,-0.42932,-0.38305,-0.48949,0.012115,0.51661,0.63175,-0.21282,0.1818,-0.51078,-0.70226,0.37962,0.29149,0.79956,-0.20613,-0.013037,0.31568,0.27035,0.65031,0.028798,0.83256,0.44412,0.4182,0.34173,0.045559,0.56437,0.40526,0.50394,0.30411,0.38355,0.4268,0.30324,-0.42972,-0.049721,0.13998,0.13843,-0.16127,-0.243,-0.42574,-0.027563,-0.65974,0.080021,-0.16721,-0.28021,-0.28294,-0.1741,0.13318,-0.13098,0.27334,-0.072443,-0.31543,0.16269,0.24752,0.28359,0.36547,-0.23308,0.28911,0.7042,0.051425,0.57338,0.045758,0.20093,-0.14155,0.23013,1.009,0.90326,0.25594,0.38222,0.29748,0.43102
0.26313,0.25741,-0.29404,-0.10499,0.35119,0.35654,0.37057,0.3238,0.18546,0.42859,-0.31007,-0.034519,-0.44634,-0.31466,0.19111,0.28968,0.20279,-0.08666,0.46048,-0.11333,0.75252,0.26986,0,0.81252,0.030873,0.20343,0.099287,0.18751,0.83551,0.65834,-0.33383,-0.052391,-0.3893,-0.095936,-0.364,0.26922,-0.4324,0.074581,0.47127,0.20683,0.54807,0.32988,-0.30779,0.26913,-0.32718,-0.33441,0.030971,0.10971,0.056739,-0.69815,-0.40571,0.17609,0.20598,0.32701,0.19485,0.14391,-0.12485,-0.10293,-0.18848,0.23618,0.32705,0.35359,0.20752,0.37063,0.45855,0.048002,0.087739,-0.038118,0.21237,-0.30794,0.017031,-0.070563,-0.090851,-0.25716,-0.20843,-0.20686,0.20503,-0.41504,-0.3095,-0.48816,-0.72275,0.23769,0.0081641,0.21656,-0.031373,-0.13457,-0.015988,0.0082874,-0.00037212,-0.036437,-0.31786,0.12992,0.32668,0.13114,0.11507,-0.47729,-0.1722,-0.17381,0.32016,0.49225,0.66463,0.65977,0.80966,-0.05495,0.030102
0.19181,0.73816,-0.39345,-0.5052,0.13761,0.87014,-0.040849,0.41355,0.084273,0.37688,-0.63,0.18722,-0.42882,-0.43602,0.1587,0.4235,0.31036,0.31323,0.062351,0.32073,0.97778,0.90437,0.81252,0,0.0085904,0.17509,0.43861,0.52533,0.67568,0.58855,-0.54949,-0.20878,-0.13196,-0.039082,-0.29236,0.34885,-0.6013,-0.086756,0.058588,0.36315,0.63354,1.0224,-0.36292,0.4766,-0.39217,-0.65187,0.17454,0.13732,0.46879,-0.62652,-0.27419,0.25831,0.13646,0.65221,0.0040182,0.58568,0.21692,0.22928,0.10329,-0.0039187,0.58118,0.25031,0.3911,0.16139,0.46491,0.21466,0.11442,-0.14604,0.18515,-0.11315,0.063635,-0.30241,-0.33713,-0.39784,-0.23092,-0.58234,0.21225,-0.36883,-0.38843,-0.52601,-0.61401,0.19032,-0.14873,0.32658,-0.11474,-0.47614,-0.0013507,0.078409,0.16901,0.27671,-0.33387,0.044934,0.5758,0.068569,0.37683,-0.2795,0.084767,-0.26373,0.50123,0.67531,0.95815,0.49188,0.59994,0.27141,0.42763
-0.35655,-0.158,0.015873,0.2392,0.26253,0.14378,0.11131,-0.0023384,0.97936,0.35688,0.18095,0.15488,0.15195,0.30267,0.32775,0.23366,0.48328,0.39759,0.1411,0.22375,-0.15313,0.030819,0.030873,0.0085904,0,0.63364,0.32202,0.1793,0.17096,0.072616,0.11255,0.092384,0.28602,0.39451,0.2888,0.023817,0.1809,0.15837,0.10463,0.49407,0.3528,0.17843,0.045739,0.034171,-0.45341,-0.47285,0.11681,0.10345,0.22021,-0.0025725,-0.0059427,0.14543,-0.45293,-0.34663,-0.64916,-0.017082,0.29723,0.12584,0.12409,0.2458,0.10344,-0.14128,0.083408,0.038924,0.334,0.23174,0.22137,0.30223,0.54203,0.5741,0.66559,-0.18017,0.0053465,-0.40928,0.018785,-0.14361,-0.02029,-0.12982,0.41416,0.0047144,0.32726,0.055408,0.28165,-0.022244,0.4506,3.9626e-05,0.52966,0.13988,0.061366,-0.22264,-0.40876,0.48326,0.59491,-0.26935,-0.11957,0.093693,0.36833,0.43566,0.47307,-0.038267,0.056386,0.1729,0.30586,-0.27814,-0.2237
-0.42889,0.043789,-0.029528,0.047672,0.10479,0.19994,0.22472,0.28523,0.41155,1.0415,0.18294,-0.19213,-0.14811,-0.24291,-0.15474,-0.13218,0.11177,-0.00060914,0.07647,-0.081419,-0.095259,-0.11624,0.20343,0.17509,0.63364,0,0.14314,-0.061692,0.4999,0.67239,0.37243,0.73962,-0.016028,0.0084232,0.057052,0.15301,0.24927,0.53365,0.31739,0.38785,0.11195,0.18876,0.18202,0.39658,-0.27792,-0.34088,0.11677,0.15549,-0.18746,-0.42709,-0.45702,-0.044837,-0.6457,-0.43695,-0.77563,-0.24988,0.086907,-0.15595,-0.22383,-0.25949,-0.36205,-0.25789,-0.14163,-0.026096,0.31201,0.066221,0.14513,0.25297,0.55435,0.46423,0.51712,-0.049379,-0.01417,-0.34439,-0.12809,-0.24204,-0.2385,-0.23177,0.062406,-0.16624,-0.10669,0.10288,0.12306,0.01513,0.021794,-0.17541,-0.10055,0.0027825,-0.055959,-0.21025,-0.37555,0.010866,0.15112,-0.51722,-0.38038,-0.25691,-0.056425,0.38737,0.368,-0.17483,-0.093252,-0.061208,0.16029,-0.45423,-0.31793
0.34277,0.35364,-0.12468,-0.41948,0.19955,0.65512,-0.080517,-0.038985,0.48199,0.0073714,-0.67515,0.57402,-0.47296,-0.089643,0.49881,0.22669,0.65122,0.66764,-0.26494,0.91343,0.65156,0.59127,0.099287,0.43861,0.32202,0.14314,0,1.2233,0.40354,0.066655,-0.3414,-0.15598,-0.14577,-0.022606,-0.39207,-0.2561,-0.6815,-0.5225,-0.14819,0.52438,0.95432,0.82587,-0.01504,0.23784,-0.15428,-0.30348,0.37677,0.29722,0.67385,-0.24575,-0.07922,0.19344,0.16997,0.43078,-0.12678,0.52442,0.54245,0.46584,0.27836,0.16319,0.43792,0.36827,0.60375,0.038775,0.20324,0.3577,0.21297,0.38093,0.56372,0.29731,0.50864,-0.052288,0.10703,-0.022539,0.22257,-0.27788,0.16715,-0.39936,-0.14007,-0.43737,-0.12658,-0.12224,-0.076705,0.48713,0.25361,-0.75718,0.4071,0.36504,0.37719,0.47608,0.11412,0.47536,0.7813,0.051228,0.47861,0.19174,0.46369,-0.13949,0.47466,0.47151,0.47157,0.52767,0.18602,0.10752,0.076032
0.30073,0.10357,-0.17112,-0.44495,0.26866,0.43782,-0.17004,-0.30668,0.13381,-0.18729,-0.92713,0.24818,-0.54013,-0.19805,0.56264,0.37466,0.72893,0.66476,-0.20867,0.96517,0.90795,0.9587,0.18751,0.52533,0.1793,-0.061692,1.2233,0,0.22507,-0.14374,-0.51057,-0.45757,-0.19727,-0.2059,-0.30483,-0.46427,-0.62077,-0.80728,-0.2904,0.18737,0.89787,0.70487,0.0050493,0.1869,-0.26648,-0.35883,0.35484,0.26409,0.69052,-0.29548,-0.14474,0.33872,0.30751,0.44352,-0.044516,0.71438,0.55336,0.53524,0.39387,0.15173,0.47824,0.56045,0.55552,0.23722,0.16769,0.38229,0.2289,0.051527,0.36982,0.22683,0.38427,-0.082713,-0.019441,-0.026928,0.18293,-0.49382,-0.07025,-0.4003,-0.37561,-0.37022,-0.12265,0.065012,0.040425,0.25817,0.13544,-0.60211,0.35896,0.33636,0.42335,0.38745,0.098827,0.52894,0.7381,0.0701,0.49122,0.17019,0.39949,-0.13525,0.3986,0.64495,0.59157,0.38935,0.23983,0.14117,0.10693
0.30497,0.52579,-0.21479,-0.20604,0.1752,0.51183,0.092335,0.34874,0.38923,0.72713,-0.12977,0.18584,-0.54603,-0.31027,0.016887,-0.033741,0.027256,-0.063066,0.22482,-0.096928,0.48763,0.16483,0.83551,0.67568,0.17096,0.4999,0.40354,0.22507,0,1.1069,-0.017653,0.24516,-0.42144,-0.1443,-0.48474,0.25225,-0.38915,0.27943,0.38552,0.47964,0.41215,0.42655,-0.33974,0.24705,-0.26844,-0.32655,-0.048499,0.0077162,0.18498,-0.66555,-0.38687,0.12383,-0.028042,0.21599,-0.099977,-0.020494,-0.11472,-0.21928,-0.3464,-0.036682,0.15563,0.21377,0.34737,-0.02028,0.42912,-0.087413,-0.028386,0.29957,0.54358,-0.070026,0.21265,-0.25303,-0.13862,-0.22062,-0.24566,-0.17189,0.27908,-0.62335,-0.31048,-0.58715,-0.6455,0.057011,0.03275,0.11927,-0.14893,-0.27222,-0.072594,-0.10723,-0.18478,-0.030477,-0.28015,-0.078287,0.31855,-0.062916,0.0026389,-0.35034,-0.12481,-0.048051,0.30289,0.09579,0.35939,0.39224,0.31091,-0.34175,-0.2384
0.11096,0.62715,-0.025399,-0.0080934,-0.049752,0.43144,0.18306,0.70146,0.23799,1.12,0.0022778,0.052085,-0.44855,-0.35196,-0.086244,-0.12266,-0.076361,-0.27479,0.18521,-0.2792,0.16249,-0.12461,0.65834,0.58855,0.072616,0.67239,0.066655,-0.14374,1.1069,0,0.17203,0.55762,-0.32873,-0.14064,-0.39493,0.50875,-0.24651,0.50874,0.49325,0.47934,0.14104,0.3716,-0.2478,0.46804,-0.0019694,-0.13629,-0.12049,-0.08926,-0.043854,-0.69896,-0.43916,0.11633,-0.22903,0.095094,-0.2027,-0.17397,-0.22247,-0.32459,-0.45165,-0.11655,0.057502,-0.030139,0.13362,-0.092644,0.38514,-0.12501,-0.080168,0.2918,0.44248,-0.086594,0.15598,-0.14372,-0.092343,-0.13581,-0.23134,-0.17184,0.15326,-0.38667,-0.20883,-0.43395,-0.60038,0.22339,0.13905,0.16423,-0.22549,-0.25004,-0.20734,-0.22132,-0.22495,-0.0037061,-0.21115,-0.35415,0.071834,-0.22846,-0.21696,-0.44794,-0.14111,-0.048212,0.36513,-0.11086,0.19746,0.26126,0.32622,-0.28545,-0.13872
-0.55646,-0.28556,0.31947,0.46309,-0.66884,-0.32612,-0.16339,-0.0074388,-0.11957,0.42619,0.456,-0.39477,0.09544,0.1345,-0.20617,-0.3641,-0.21797,-0.40545,0.15137,-0.31587,-0.51942,-0.60607,-0.33383,-0.54949,0.11255,0.37243,-0.3414,-0.51057,-0.017653,0.17203,0,0.92662,-0.012661,0.10563,-0.011334,-0.14242,0.4245,0.57624,-0.031182,-0.16502,-0.65525,-0.52838,0.090062,-0.11176,0.43662,0.50296,-0.32276,-0.23461,-0.23928,-0.085959,-0.20203,-0.019569,-0.60815,-0.58604,-0.34711,-0.78299,-0.39884,-0.67866,-0.67449,-0.40347,-0.62455,-0.10894,-0.18714,-0.18488,-0.090915,-0.34459,-0.17548,0.10312,0.066033,0.21233,0.24996,0.3155,0.29984,0.08556,0.11405,-0.12413,-0.24664,0.13876,0.17801,0.10065,0.084887,0.14326,0.30217,-0.15017,-0.15721,0.27417,-0.21904,-0.44817,-0.60604,-0.35735,0.13316,-0.14422,-0.16573,-0.69337,-0.514,0.28066,0.092012,0.26532,-0.11615,-0.62158,-0.50489,-0.28194,-0.17922,-0.50976,-0.34303
-0.39869,0.0041655,0.47558,0.47469,-0.41531,-0.010443,0.013587,0.28848,0.032924,0.8958,0.21577,-0.30498,-0.12923,0.13435,-0.19425,-0.21341,-0.21163,-0.44008,0.093343,-0.2554,-0.32033,-0.49995,-0.052391,-0.20878,0.092384,0.73962,-0.15598,-0.45757,0.24516,0.55762,0.92662,0,-0.1299,0.10416,-0.21262,0.059082,0.18723,0.68063,0.070198,-0.038115,-0.3491,-0.3184,0.045593,0.21285,0.32676,0.2403,-0.11613,-0.038435,-0.18753,-0.21596,-0.23198,0.0090574,-0.521,-0.35915,-0.32262,-0.63431,-0.34728,-0.63216,-0.69785,-0.23223,-0.44755,-0.10611,0.017342,-0.11845,0.20509,-0.12101,-0.0074117,0.2475,0.34386,0.34108,0.37638,0.28587,0.28917,0.04275,0.004943,-0.12538,-0.2474,0.12568,0.20612,-0.099362,-0.027348,0.32834,0.37016,0.26781,-0.14694,-0.035912,-0.21044,-0.28687,-0.36734,-0.15444,0.056462,-0.15858,-0.12339,-0.63313,-0.45676,0.01282,-0.027349,0.37193,0.025396,-0.27489,-0.18251,-0.033579,0.051674,-0.47778,-0.35214
-0.69031,-0.25121,0.10571,0.094581,-0.36077,-0.10021,-0.38551,-0.11082,0.011939,-0.091089,0.42777,0.02061,1.267,0.40401,-0.26166,-0.10318,-0.22114,0.33463,-0.49636,-0.0447,-0.4303,0.0068135,-0.3893,-0.13196,0.28602,-0.016028,-0.14577,-0.19727,-0.42144,-0.32873,-0.012661,-0.1299,0,0.9217,1.0728,0.30617,0.62787,0.16689,-0.12461,-0.11411,-0.28039,-0.083142,-0.20733,-0.3599,-0.23234,-0.26782,-0.20496,-0.25211,-0.07902,0.65456,0.5952,-0.66076,-0.58875,-0.3731,-0.33304,-0.18299,-0.14197,-0.0073429,0.032902,-0.29749,-0.2547,-0.51321,-0.41265,-0.53591,-0.33731,-0.29521,-0.27047,-0.0024329,-0.10354,-0.082788,-0.12377,-0.46182,-0.52125,-0.42148,-0.52346,0.14643,-0.0068707,0.77561,0.80073,0.8339,0.67002,-0.3647,-0.27896,-0.044942,0.69163,0.15401,-0.23349,-0.12026,-0.13098,-0.50598,-0.59059,0.1582,0.024973,-0.07073,-0.099917,0.5822,0.24132,0.3856,-0.085192,-0.10393,-0.1902,-0.066238,-0.097863,0.23262,0.31945
-0.53404,-0.086678,0.070133,0.2735,-0.43886,0.039813,-0.27195,0.04578,0.21078,0.08569,0.22886,0.089754,0.77147,0.76385,-0.06151,0.31107,-0.036293,0.33946,-0.092623,0.13662,-0.19529,0.029699,-0.095936,-0.039082,0.39451,0.0084232,-0.022606,-0.2059,-0.1443,-0.14064,0.10563,0.10416,0.9217,0,0.35085,0.29571,0.18885,0.26853,-0.062973,0.028366,-0.036989,-0.12803,-0.42775,-0.3619,-0.02091,-0.11741,-0.22019,-0.1746,0.23802,0.34664,0.43276,-0.28325,-0.36728,-0.13228,-0.1216,-0.19899,-0.2137,-0.16459,-0.1621,-0.006511,0.055003,-0.32593,-0.066121,-0.32636,0.038273,-0.18872,-0.15387,0.0043438,-0.046218,-0.06142,-0.022637,-0.16194,-0.13712,-0.36896,-0.28643,0.041178,0.22845,0.60041,1.0468,0.25133,0.35672,-0.087686,-0.14704,0.35708,0.73277,0.10397,0.09406,-0.16227,-0.25888,-0.39204,-0.44354,0.51503,0.42564,-0.071781,0.077384,0.72177,0.55069,0.40844,0.16477,0.1166,0.080588,0.31898,0.2035,0.16901,0.3585
-0.55926,-0.38815,0.069655,0.16331,0.032075,-0.23941,-0.026736,-0.069934,-0.016423,-0.093618,0.57737,-0.08487,0.91625,0.08034,-0.34944,-0.21272,-0.26024,-0.0023321,-0.25561,-0.33804,-0.57249,-0.10697,-0.364,-0.29236,0.2888,0.057052,-0.39207,-0.30483,-0.48474,-0.39493,-0.011334,-0.21262,1.0728,0.35085,0,0.37025,1.0294,0.30002,0.052132,-0.11382,-0.40161,-0.19969,0.069039,-0.25845,-0.51877,-0.38456,-0.1265,-0.18739,-0.34672,0.59005,0.34598,-0.51174,-0.42524,-0.47361,-0.3423,-0.1823,-0.05115,0.0041543,0.13839,-0.19716,-0.39565,-0.56332,-0.61853,-0.2917,-0.35987,-0.21694,-0.16205,-0.19421,-0.27335,0.0073545,-0.21994,-0.4498,-0.56819,-0.60963,-0.47775,0.306,-0.027619,0.55897,0.52949,1.0288,0.71939,-0.38278,-0.21424,-0.36132,0.39026,0.40885,-0.2401,-0.093307,-0.087101,-0.54916,-0.66648,-0.071158,-0.24649,0.021112,-0.17112,0.094898,-0.13277,0.36859,-0.35016,-0.30378,-0.39876,-0.42128,-0.17231,0.10855,0.11376
0.046322,0.63317,-0.13206,0.015123,-0.0025819,0.32331,0.33783,1.0559,0.20528,0.45064,0.24851,0.35015,0.18856,-0.16691,-0.33169,-0.031951,-0.21568,-0.22874,0.12459,-0.39436,-0.14415,-0.091542,0.26922,0.34885,0.023817,0.15301,-0.2561,-0.46427,0.25225,0.50875,-0.14242,0.059082,0.30617,0.29571,0.37025,0,0.10413,0.7172,0.55697,0.49413,-0.057011,0.27375,-0.26944,0.22151,-0.25955,-0.37242,-0.15245,-0.19082,-0.091679,-0.083549,-0.041099,-0.12742,-0.045992,0.23035,0.06542,0.0012018,-0.13305,-0.10541,-0.068883,0.055132,0.17123,-0.4709,-0.17901,-0.26481,0.066873,-0.17478,-0.17852,-0.094928,-0.16637,-0.28405,-0.38587,-0.42158,-0.44309,-0.65447,-0.4884,0.29399,0.67966,0.14454,0.2431,0.12293,-0.12849,-0.16341,-0.31644,0.14052,0.058773,0.089266,-0.1582,-0.21478,-0.14752,-0.11245,-0.57645,-0.36468,-0.051106,0.2732,0.14849,-0.36201,-0.14139,-0.10363,-0.04015,-0.13663,0.07655,0.07309,0.19593,0.32514,0.43024
-0.84129,-0.68978,0.16004,0.29253,-0.10424,-0.57784,-0.10676,-0.22781,-0.10902,0.086756,1.1536,-0.51407,0.87174,0.13893,-0.56962,-0.46423,-0.55,-0.27293,-0.04131,-0.61444,-0.85639,-0.42932,-0.4324,-0.6013,0.1809,0.24927,-0.6815,-0.62077,-0.38915,-0.24651,0.4245,0.18723,0.62787,0.18885,1.0294,0.10413,0,0.6017,-0.0053991,-0.3794,-0.892,-0.66833,0.2077,-0.33286,-0.23667,-0.098531,-0.16503,-0.14818,-0.63373,0.49513,0.19462,-0.54633,-0.60898,-0.94272,-0.34577,-0.5877,-0.27077,-0.30502,-0.16194,-0.36673,-0.91373,-0.49702,-0.74414,-0.2361,-0.28701,-0.32988,-0.12895,-0.070116,-0.16495,0.11775,-0.077073,-0.17629,-0.2637,-0.29879,-0.42182,0.34292,-0.30746,0.54588,0.44127,0.9807,0.58209,-0.23836,-0.027485,-0.63337,0.045705,0.70343,-0.41792,-0.15358,-0.24352,-0.76639,-0.49366,-0.28391,-0.56112,-0.239,-0.59174,0.078352,-0.34568,0.43632,-0.5271,-0.57123,-0.67601,-0.70864,-0.3892,-0.31199,-0.28318
-0.42132,0.085376,0.079699,0.35161,-0.19527,-0.054529,0.12987,0.50913,0.12881,0.88215,0.71114,-0.2222,0.24208,-0.0061986,-0.54919,-0.21834,-0.46795,-0.55681,0.369,-0.6822,-0.42596,-0.38305,0.074581,-0.086756,0.15837,0.53365,-0.5225,-0.80728,0.27943,0.50874,0.57624,0.68063,0.16689,0.26853,0.30002,0.7172,0.6017,0,0.31871,0.091501,-0.54983,-0.30764,-0.1375,0.015642,-0.11732,-0.15252,-0.2382,-0.20617,-0.23215,-0.10766,-0.19352,-0.10999,-0.40372,-0.28223,-0.16497,-0.54617,-0.4129,-0.64521,-0.54991,-0.14088,-0.3225,-0.42423,-0.27542,-0.21851,0.16296,-0.31076,-0.12599,-0.079634,-0.016622,0.049745,-0.04582,-0.14377,-0.1737,-0.5404,-0.43232,0.19561,0.18871,0.18815,0.3052,0.22786,-0.0017664,0.028601,0.040246,-0.1205,-0.20005,0.43101,-0.31207,-0.41197,-0.52021,-0.47182,-0.56847,-0.44455,-0.19345,-0.25378,-0.34125,-0.19815,-0.24372,0.21987,-0.21729,-0.42345,-0.20578,-0.24563,0.026838,-0.30116,-0.10511
0.34398,0.1781,-0.43716,-0.14552,0.206,-0.19082,0.86126,0.40092,0.29916,0.23723,0.25385,0.16397,-0.13548,-0.37141,-0.32116,-0.33563,0.030398,-0.13752,0.22534,-0.3652,-0.14228,-0.48949,0.47127,0.058588,0.10463,0.31739,-0.14819,-0.2904,0.38552,0.49325,-0.031182,0.070198,-0.12461,-0.062973,0.052132,0.55697,-0.0053991,0.31871,0,0.62773,0.25425,0.16922,-0.00010176,0.083048,0.00973,0.095957,-0.32753,-0.25419,-0.467,-0.43144,-0.54899,-0.22351,0.0029963,-0.16909,0.030378,-0.22499,-0.1674,-0.11873,-0.12334,0.025959,-0.099312,-0.42875,-0.4912,-0.24871,-0.26253,-0.39261,-0.38021,0.16998,0.13602,-0.48701,-0.39174,-0.24931,-0.16806,-0.046267,-0.20437,0.40053,0.26311,-0.35482,-0.078665,-0.16633,-0.39397,-0.31798,-0.34674,-0.13481,0.21141,-0.13568,-0.11656,-0.21079,-0.13203,-0.33238,-0.13862,0.0034867,-0.092304,0.31788,-0.056628,-0.38923,-0.092204,-0.08167,0.23987,-0.38842,-0.25556,0.12508,0.042721,0.1066,0.05918
0.39589,0.74659,-0.40588,-0.30375,0.2638,0.4923,0.56237,0.68575,0.88525,0.28231,-0.085078,0.88716,-0.30339,-0.24581,0.18615,0.05419,0.55227,0.34285,0.14843,0.27754,0.081882,0.012115,0.20683,0.36315,0.49407,0.38785,0.52438,0.18737,0.47964,0.47934,-0.16502,-0.038115,-0.11411,0.028366,-0.11382,0.49413,-0.3794,0.091501,0.62773,0,0.71724,0.89693,0.13018,0.49419,-0.13572,-0.23981,0.18408,0.14869,0.16991,-0.45084,-0.39439,0.22933,0.11428,0.28849,-0.079015,0.36972,0.52375,0.42707,0.33502,0.22135,0.4033,-0.20342,0.12509,-0.067386,0.17967,0.20954,0.10141,0.33749,0.31876,0.10667,0.13137,-0.14743,0.062166,-0.22359,0.14506,0.087727,0.62628,-0.4732,-0.034663,-0.47917,-0.34933,-0.16551,-0.22564,0.19564,0.15516,-0.34606,0.45421,0.21575,0.27904,0.27055,-0.051127,0.13638,0.43744,0.3246,0.41318,-0.25949,0.28611,-0.23417,0.50705,-0.13093,0.075408,0.26344,0.098147,0.23249,0.1856
0.52031,0.37306,-0.41369,-0.40921,0.4836,0.52211,0.38977,0.14615,0.56195,-0.039302,-0.75302,0.56776,-0.55321,-0.1573,0.59413,0.46604,1.026,0.71871,0.066734,0.78657,0.76068,0.51661,0.54807,0.63354,0.3528,0.11195,0.95432,0.89787,0.41215,0.14104,-0.65525,-0.3491,-0.28039,-0.036989,-0.40161,-0.057011,-0.892,-0.54983,0.25425,0.71724,0,0.94428,0.04565,0.40244,-0.22284,-0.31539,0.38266,0.36743,0.45122,-0.51049,-0.31012,0.35264,0.42377,0.51257,0.11101,0.75964,0.64634,0.66641,0.49756,0.42259,0.69454,0.27503,0.41116,0.30039,0.30188,0.4753,0.29146,0.18863,0.40876,0.085705,0.26393,-0.0033516,0.13663,-0.038474,0.25698,-0.23437,0.26303,-0.57399,-0.25017,-0.72588,-0.41056,0.064685,-0.11189,0.43534,0.30669,-0.63607,0.60867,0.45985,0.56895,0.41839,0.072236,0.70277,0.85618,0.3621,0.63078,-0.11416,0.39908,-0.22406,0.72584,0.56815,0.5773,0.69214,0.42085,0.30196,0.21682
0.37055,0.85442,-0.45916,-0.69648,0.19216,0.85919,0.16451,0.46079,0.35229,0.14663,-0.62822,0.66167,-0.46243,-0.51898,0.30365,0.19508,0.67336,0.61838,-0.13736,0.60355,0.63875,0.63175,0.32988,1.0224,0.17843,0.18876,0.82587,0.70487,0.42655,0.3716,-0.52838,-0.3184,-0.083142,-0.12803,-0.19969,0.27375,-0.66833,-0.30764,0.16922,0.89693,0.94428,0,-0.0067243,0.63926,-0.25066,-0.46362,0.33102,0.22099,0.42004,-0.55731,-0.33173,0.24744,0.18602,0.61859,-0.064587,0.84369,0.65709,0.6615,0.46282,0.046675,0.58237,0.10442,0.2935,0.040579,0.18021,0.33771,0.14495,0.10247,0.2848,0.037297,0.16775,-0.22325,-0.15125,-0.23689,0.070326,-0.3665,0.34131,-0.4919,-0.37455,-0.50404,-0.47238,-0.069707,-0.29398,0.31646,0.06561,-0.70957,0.22401,0.29261,0.45912,0.52255,-0.056802,0.14235,0.61274,0.22441,0.58704,-0.18467,0.31,-0.43453,0.61132,0.35914,0.51012,0.397,0.27626,0.47835,0.48478
-0.071082,-0.17494,-0.0079938,-0.034817,0.28234,-0.078395,0.51392,0.069058,0.1169,-0.20115,0.11724,0.084257,-0.077098,-0.12899,0.21264,-0.12404,0.32274,0.060747,0.12965,0.14076,-0.24586,-0.21282,-0.30779,-0.36292,0.045739,0.18202,-0.01504,0.0050493,-0.33974,-0.2478,0.090062,0.045593,-0.20733,-0.42775,0.069039,-0.26944,0.2077,-0.1375,-0.00010176,0.13018,0.04565,-0.0067243,0,0.59851,-0.0018213,0.092666,0.79489,0.85813,-0.49582,-0.035847,-0.2399,0.17313,0.23846,-0.085222,0.14939,0.3293,0.79024,0.66566,0.69746,0.0056864,-0.30564,0.030627,-0.12631,0.5532,0.078985,0.61272,0.71139,0.13611,-0.098832,0.57837,0.27471,0.68089,0.69464,0.13571,0.54984,0.20619,-0.064709,0.070158,-0.1042,-0.067811,-0.051627,0.14334,0.033435,-0.14463,-0.23319,0.28561,0.29262,0.85177,0.86524,0.33926,0.34139,-0.0094658,-0.32679,0.27882,0.17716,-0.27097,-0.23701,-0.12335,-0.29663,-0.26056,-0.42094,-0.46111,-0.47217,-0.046374,-0.30948
0.10803,0.59388,0.0078409,-0.1186,0.17847,0.71106,0.46984,0.81363,0.23723,0.40151,-0.35969,0.33799,-0.54991,-0.34776,0.42944,0.16988,0.53775,0.06382,0.21314,0.23334,0.25729,0.1818,0.26913,0.4766,0.034171,0.39658,0.23784,0.1869,0.24705,0.46804,-0.11176,0.21285,-0.3599,-0.3619,-0.25845,0.22151,-0.33286,0.015642,0.083048,0.49419,0.40244,0.63926,0.59851,0,-0.1416,-0.26189,0.80081,0.76137,-0.036477,-0.593,-0.46749,0.55996,0.2386,0.46545,0.14053,0.65534,0.71464,0.54827,0.42676,0.095313,0.20591,0.26322,0.36412,0.58518,0.57389,0.79147,0.73444,0.065388,0.16678,0.47388,0.42802,0.39259,0.39609,-0.16794,0.34152,-0.26931,0.19202,-0.14424,-0.32678,-0.54043,-0.53693,0.53664,0.16126,0.37818,-0.37999,-0.14706,0.24851,0.5828,0.71875,0.67789,0.1514,-0.10913,0.10426,0.18137,0.42405,-0.54271,-0.11514,-0.27503,0.094802,0.16789,0.28269,0.10773,0.17939,0.13822,0.021857
