,,,,,,,,,,,,,,,,,,,,,,,,,,,,,,,,,,,,,,,,,,,,,,,,,,,,,,,,,,,,,,,,,,,,,,,,,,,,,,,,,,,,,,,,,,,,,,,,,,,,,,,,
0,0.42654,-0.2191,-0.35586,0.50719,0.021471,0.35698,-0.061399,0.19383,-0.46426,-0.30854,0.52723,-0.61811,-0.31929,0.20193,-0.10807,0.15494,-0.14346,0.0048062,0.0022563,0.30036,-0.0256,0.20346,0.054227,-0.45973,-0.4623,0.33133,0.2905,0.21595,0.013932,-0.47161,-0.49512,-0.541,-0.42345,-0.50753,-0.14556,-0.70521,-0.56297,0.24687,0.33076,0.52376,0.33003,-0.062847,0.018739,0.17764,0.36066,-0.03656,-0.12592,0.21411,-0.23852,-0.22709,0.32108,0.98748,0.62222,0.61254,0.45236,0.057948,0.26935,0.24019,0.55073,0.51621,0.19568,0.2536,-0.057139,-0.29269,-0.069502,-0.18975,0.019422,0.02717,-0.50235,-0.33857,-0.083951,0.016176,0.48988,0.14813,0.34332,0.37171,-0.44752,-0.38579,-0.45811,-0.27309,-0.2144,-0.17197,0.069352,-0.12105,-0.4139,0.29721,0.058561,0.18845,0.35939,0.56716,-0.026131,-0.017301,0.78329,0.57696,-0.13612,0.022119,-0.27421,0.062256,-0.0046274,0.0045943,0.24251,-0.16625,0.43441,0.09132
0.42654,0,-0.35817,-0.7598,-0.20471,0.89414,-0.11001,0.78544,0.17653,0.2328,-0.31794,0.68606,-0.36776,-0.31329,0.05438,-0.07142,0.15631,0.22011,-0.033869,0.23115,0.39873,0.42628,0.095691,0.7553,-0.28623,0.0065392,0.39608,0.18838,0.41124,0.50932,-0.10904,0.019406,-0.24422,-0.2247,-0.43111,0.1667,-0.52954,-0.076157,-0.080046,0.44799,0.22376,0.87212,-0.029606,0.56495,0.22677,0.033343,0.29736,0.20028,0.32929,-0.3648,-0.20251,0.29112,0.13941,0.66649,0.18053,0.64297,0.34215,0.39601,0.18418,-0.083944,0.50629,0.13649,0.38825,-0.082888,0.19825,0.29577,0.13789,-0.026753,0.049924,-0.059976,0.073888,0.036998,0.083504,0.14623,0.27373,-0.26018,0.40728,-0.3822,-0.51279,-0.55872,-0.57978,-0.0033181,-0.26344,0.11238,-0.53261,-0.427,-0.035254,0.17531,0.25257,0.74419,0.35676,-0.39461,0.16391,0.09147,0.34724,-0.26293,-0.00014766,-0.56136,0.21214,0.22227,0.41506,0.10391,-0.034633,0.40449,0.37277
-0.2191,-0.35817,0,1.2278,0.017707,-0.1085,-0.4466,-0.38867,-0.24912,-0.31027,-0.042959,-0.12379,0.19664,0.16831,0.44878,0.19844,-0.16223,-0.21943,0.024309,-0.27786,-0.30754,-0.1477,-0.33672,-0.39445,-0.12478,-0.4261,-0.35799,-0.34403,-0.62465,-0.61795,-0.323,-0.14371,0.078084,-0.11301,0.12062,-0.29731,0.13684,-0.24161,-0.67341,-0.84163,-0.5283,-0.59848,-0.26434,-0.40868,-0.25673,-0.057282,0.18153,0.082333,-0.0072387,0.55941,0.39103,0.015765,0.030561,0.058666,0.19384,-0.2697,-0.26246,-0.16745,-0.16133,0.28627,0.024427,0.27478,0.29945,0.072529,0.21141,0.24801,0.24522,-0.37754,-0.32929,0.054695,-0.063946,0.0037772,-0.0053678,-0.086969,-0.085732,0.049405,-0.1703,0.74503,0.34573,0.44251,0.54271,0.5988,0.98807,0.72056,0.34706,0.47182,-0.11816,0.17696,0.15268,0.05388,-0.0091773,0.069866,-0.29108,0.05224,-0.030982,0.11476,-0.19062,0.12313,-0.5245,0.18795,0.081882,0.21189,0.19508,-0.12622,-0.050988
-0.35586,-0.7598,1.2278,0,0.11177,-0.42462,-0.21543,-0.48158,-0.22207,-0.32206,0.22901,-0.34938,0.42274,0.28307,0.36761,0.23627,-0.19878,-0.30947,0.17093,-0.47276,-0.49705,-0.3711,-0.27696,-0.67873,0.06634,-0.34995,-0.73233,-0.59192,-0.81862,-0.71156,-0.11906,-0.14976,0.2032,0.0704,0.3312,-0.18548,0.40172,-0.017156,-0.39507,-0.79241,-0.61649,-0.96348,-0.21969,-0.58882,-0.2655,0.01666,-0.014555,-0.059046,-0.13081,0.58995,0.40496,0.044568,-0.011399,-0.16637,0.1554,-0.46346,-0.39771,-0.34955,-0.23229,0.36722,-0.074719,0.0838,-0.0058512,0.14847,0.13577,0.073216,0.14884,-0.44476,-0.3978,-0.032345,-0.12962,0.027959,-0.026779,-0.12852,-0.1051,0.14504,-0.12055,0.72006,0.51898,0.59514,0.62898,0.46956,0.81171,0.36731,0.45043,0.74634,-0.058593,0.0045243,-0.10403,-0.20876,-0.14907,0.15601,-0.2634,0.054247,-0.12021,0.17288,-0.14266,0.21489,-0.46386,-0.0040904,-0.11864,0.1309,0.26695,-0.22115,-0.074367
0.50719,-0.20471,0.017707,0.11177,0,-0.22238,0.4895,-0.37716,0.27833,-0.26739,0.21555,-0.027808,-0.11621,-0.21378,-0.063957,-0.047209,-0.098415,-0.25629,0.18226,-0.28477,-0.087026,-0.24653,0.02505,-0.3125,0.030135,0.040066,-0.010762,-0.050275,0.013414,-0.15369,-0.38365,-0.27,-0.16038,-0.16567,0.11596,-0.0066649,0.12754,-0.024962,0.24233,0.14576,0.16955,-0.15203,0.074991,-0.25848,-0.41575,-0.20217,0.10269,0.080403,-0.082353,0.091403,-0.056631,0.073646,0.59392,0.084045,0.26303,0.024889,0.12783,0.085725,0.21079,0.55774,0.028407,-0.064528,-0.024482,0.1094,0.06547,0.035895,0.07938,-0.013936,0.10037,-0.084051,-0.2268,-0.18562,-0.13445,0.054731,-0.13114,0.56417,0.15241,-0.051678,0.12992,0.045682,0.19723,-0.24587,-0.0012746,0.078221,0.16809,0.15838,0.22773,0.22325,0.20805,-0.064843,-0.088786,0.047638,-0.15721,0.54749,0.20541,-0.32604,-0.31549,-0.028368,-0.13392,-0.12114,-0.24159,-0.0079575,-0.080782,-0.16771,-0.30119
0.021471,0.89414,-0.1085,-0.42462,-0.22238,0,-0.38991,0.46261,0.10988,0.34614,-0.35841,0.42882,-0.14958,-0.073393,0.24378,0.17188,0.16143,0.35108,-0.16747,0.3565,0.57853,0.79183,0.0081625,0.68393,-0.10022,0.16628,0.5726,0.35725,0.36779,0.32661,0.028243,0.20595,0.041321,0.11141,-0.18754,0.12484,-0.2864,0.045019,-0.37558,0.2153,0.19779,0.64834,-0.050979,0.47797,-0.05882,-0.29218,0.51318,0.45481,0.47299,-0.19208,0.02985,0.26007,0.028043,0.69456,0.091531,0.66594,0.40835,0.28946,0.035626,-0.19778,0.28307,0.44044,0.77672,0.1106,0.58951,0.44857,0.3982,-0.020243,0.1976,0.24096,0.41467,0.11476,0.099616,-0.13107,0.16988,-0.45757,0.378,-0.039177,-0.14903,-0.38338,-0.32876,0.044173,-0.17187,0.44836,-0.26362,-0.26901,-0.083843,0.31311,0.21775,0.58349,0.081186,-0.07685,0.43862,-0.064488,0.46218,0.04706,0.070071,-0.34265,0.088855,0.59491,0.58195,0.27108,0.18995,0.13057,0.2574
0.35698,-0.11001,-0.4466,-0.21543,0.4895,-0.38991,0,0.30165,0.1495,-0.011659,0.17454,0.012884,-0.24836,-0.39785,-0.21112,-0.58351,0.20309,-0.28746,0.24896,-0.19065,-0.12324,-0.63055,0.2013,-0.27442,-0.087565,0.22546,-0.14342,-0.11362,0.053765,0.20814,0.11225,0.035079,-0.21908,-0.19782,0.078578,0.21964,0.090895,0.15886,0.9554,0.50622,0.27759,0.10262,0.60368,0.36892,0.090774,0.2161,-0.029299,0.033978,-0.57738,-0.3934,-0.51856,0.015904,0.37374,-0.10132,0.2558,0.13932,0.28436,0.24434,0.3563,0.12454,-0.28767,-0.19305,-0.56196,0.23037,-0.46004,-0.13845,-0.10237,0.2391,0.12394,-0.093585,-0.15765,0.13262,0.15366,0.13852,0.050509,0.42347,0.12414,-0.32398,-0.2003,-0.12414,-0.29843,-0.36622,-0.40786,-0.36968,-0.079864,-0.054056,0.098234,0.069575,0.27698,-0.096215,0.13889,-0.1169,-0.27983,0.33407,0.10221,-0.43395,-0.16978,-0.2805,-0.023052,-0.50038,-0.49112,-0.18718,-0.21304,0.16976,-0.083524
-0.061399,0.78544,-0.38867,-0.48158,-0.37716,0.46261,0.30165,0,0.039464,0.55744,0.038113,0.28778,-0.092981,-0.31077,-0.18697,-0.4861,0.073173,-0.044653,0.16418,-0.065957,0.060462,-0.032708,0.11385,0.38283,-0.21622,0.28384,-0.099981,-0.2285,0.21902,0.65299,0.30849,0.3713,-0.043707,-0.094796,-0.028785,0.48679,0.0019466,0.44417,0.21027,0.37705,-0.098543,0.46034,0.33005,0.93683,0.2118,0.023047,0.25841,0.2534,-0.24562,-0.39721,-0.30355,0.060005,-0.13143,0.18659,0.12697,0.32305,0.30587,0.22402,0.12099,-0.33735,-0.063783,-0.023817,-0.12522,0.13424,0.037214,0.19369,0.1669,0.05306,-0.0065583,0.096556,0.14413,0.22673,0.18761,-0.087425,0.19317,-0.17959,0.29586,-0.21335,-0.40513,-0.20061,-0.63091,-0.046795,-0.37054,-0.19453,-0.59761,-0.076467,-0.32993,0.098164,0.21011,0.352,0.11714,-0.68311,-0.14779,-0.14298,0.020754,-0.48698,-0.23252,-0.63979,-0.047673,-0.077908,0.11418,-0.15798,-0.028369,0.28412,0.27697
0.19383,0.17653,-0.24912,-0.22207,0.27833,0.10988,0.1495,0.039464,0,0.14757,0.24341,0.61793,0.025336,-0.026247,0.2677,-0.26244,0.42243,0.41305,0.1661,0.017157,-0.022359,-0.002838,0.025345,-0.042304,0.7529,0.29823,0.35798,0.042181,0.17378,-0.11667,-0.062704,-0.10886,-0.034714,-0.077481,-0.10229,-0.16451,-0.026335,-0.073147,0.038187,0.43639,0.31071,0.27529,0.019669,-0.018045,-0.19194,-0.091786,0.28151,0.18791,0.23177,-0.098276,-0.17255,0.029854,-0.16499,-0.13799,-0.14624,0.050719,0.24941,0.24573,0.12559,0.38853,0.2168,-0.085202,-0.06918,-0.16131,-0.023076,0.19159,0.16567,0.067064,0.35707,0.084123,0.39125,-0.051703,0.1006,-0.077586,0.23372,0.082549,0.30833,-0.32048,-0.050365,-0.081971,0.0034109,-0.2196,-0.14469,-0.019101,0.093137,-0.12044,0.31445,0.32608,0.18185,0.11409,0.052329,0.31009,0.40745,0.24451,0.24166,0.06193,0.17025,-0.060573,0.24338,0.023514,0.063115,0.27423,0.061558,0.18824,0.044974
-0.46426,0.2328,-0.31027,-0.32206,-0.26739,0.34614,-0.011659,0.55744,0.14757,0,0.033523,-0.30933,-0.096034,-0.15189,-0.26281,-0.15372,0.076276,-0.015768,0.27328,-0.020317,0.294,0.31998,0.4072,0.57208,0.2492,1.0013,-0.007757,-0.036521,0.47248,0.67101,0.47573,0.80032,-0.017601,-0.012326,-0.064111,0.15714,0.19653,0.604,-0.009265,0.011899,-0.1128,0.19543,0.10087,0.57944,-0.082169,-0.34269,0.14744,0.21434,0.013937,-0.49932,-0.37265,0.064989,-0.68515,-0.24545,-0.44366,-0.12892,-0.030003,-0.36691,-0.50675,-0.35557,-0.19323,0.12033,-0.058328,0.21707,0.39146,0.1324,0.1836,-0.037583,0.41602,0.39725,0.61024,0.11489,0.022761,-0.3191,0.02888,-0.66391,-0.29586,-0.24835,-0.2984,-0.16366,-0.3463,0.14596,-0.12409,-0.18417,-0.52252,-0.15622,-0.39701,-0.15631,-0.20648,-0.015238,-0.2112,-0.20831,0.23101,-0.53566,-0.26015,-0.29006,-0.14909,-0.041491,0.20308,0.33373,0.47135,-0.019038,0.44712,-0.090512,0.023431
-0.30854,-0.31794,-0.042959,0.22901,0.21555,-0.35841,0.17454,0.038113,0.24341,0.033523,0,-0.032171,1.0227,0.43852,-0.48364,-0.42256,-0.66468,-0.22832,0.0013059,-0.62732,-0.92491,-0.68568,-0.28107,-0.56195,0.27377,0.2061,-0.58147,-0.79621,-0.26769,-0.10481,0.28726,0.15463,0.58005,0.39579,0.74366,0.47343,1.1626,0.7344,0.25635,0.04618,-0.60106,-0.52908,0.22017,-0.2269,-0.20212,-0.11821,-0.13151,-7.9066e-05,-0.5265,0.62223,0.46607,-0.51093,-0.28385,-0.5673,-0.044643,-0.60177,-0.22333,-0.21391,-0.010989,-0.074354,-0.50877,-0.55057,-0.595,-0.19134,-0.094597,-0.27265,-0.039571,0.24207,-0.063091,-0.023726,-0.13742,-0.11305,-0.14703,-0.14401,-0.22304,0.68998,0.30939,0.45988,0.65775,0.7385,0.44216,-0.4316,-0.31183,-0.42648,0.12934,0.74588,-0.13672,0.020191,-0.21046,-0.48119,-0.43742,-0.22559,-0.4215,0.19171,-0.20402,-0.043587,-0.37549,0.19403,-0.43163,-0.63451,-0.56549,-0.34611,-0.30043,-0.27028,-0.31916
0.52723,0.68606,-0.12379,-0.34938,-0.027808,0.42882,0.012884,0.28778,0.61793,-0.30933,-0.032171,0,-0.01543,0.096745,0.37761,-0.23278,0.28402,0.43885,-0.24618,0.26358,-0.0045867,0.038966,-0.32981,-0.022547,0.054166,-0.22937,0.51433,0.19049,-0.027817,-0.18823,-0.11655,-0.20162,0.022902,-0.030823,-0.12641,0.031916,-0.28802,-0.2643,-0.055028,0.53912,0.28277,0.48004,0.13877,0.1751,0.21124,0.22623,0.3364,0.23231,0.27195,0.10893,0.12706,0.11764,0.2577,0.42761,0.31501,0.49526,0.47362,0.72382,0.5411,0.2376,0.43899,0.055341,0.27744,-0.2418,-0.15986,0.27688,0.14866,0.20828,0.09794,-0.02577,0.11666,0.071744,0.22693,0.27332,0.40743,0.21721,0.79682,-0.11239,-0.059998,-0.14145,-0.053939,-0.26344,-0.27163,0.17536,0.0064601,-0.20343,0.37575,0.4567,0.44918,0.58469,0.47418,0.064187,0.18958,0.4242,0.59556,0.1339,0.20452,-0.40202,0.011995,-0.031356,0.043881,0.20101,-0.26811,0.42267,0.21248
-0.61811,-0.36776,0.19664,0.42274,-0.11621,-0.14958,-0.24836,-0.092981,0.025336,-0.096034,1.0227,-0.01543,0,0.91339,-0.27795,-0.094957,-0.60525,0.12696,-0.35448,-0.25148,-0.76864,-0.36176,-0.52675,-0.44666,0.32693,0.027356,-0.42204,-0.55975,-0.4899,-0.26405,0.24806,0.14554,1.3481,0.98004,1.0717,0.56104,1.0763,0.63788,-0.014541,-0.089323,-0.55658,-0.46829,-0.037669,-0.4117,-0.14392,-0.22418,-0.19674,-0.10181,-0.21279,1.0441,1.0445,-0.55632,-0.37919,-0.37306,-0.076574,-0.44222,-0.21711,-0.16145,-0.011513,-0.14399,-0.31058,-0.47203,-0.29962,-0.39067,-0.037575,-0.24423,-0.086953,0.26822,0.018618,0.028006,-0.057929,-0.19066,-0.26012,-0.1637,-0.30542,0.40521,0.28836,0.86861,1.21,1.0326,0.71799,-0.34688,-0.20385,-0.085595,0.48637,0.60296,-0.1278,-0.057256,-0.25264,-0.46009,-0.57492,0.0079412,-0.12607,-0.022587,-0.16842,0.37612,-0.019767,0.17844,-0.26735,-0.26615,-0.29243,-0.10187,-0.084606,-0.21355,-0.028653
-0.31929,-0.31329,0.16831,0.28307,-0.21378,-0.073393,-0.39785,-0.31077,-0.026247,-0.15189,0.43852,0.096745,0.91339,0,0.018404,0.14742,-0.35942,0.18041,-0.5593,0.13756,-0.35307,-0.11614,-0.55041,-0.423,0.28855,-0.054962,-0.046015,-0.073317,-0.48471,-0.4229,0.50527,0.36579,0.86623,0.88848,0.54872,0.23762,0.55072,0.30441,-0.20336,-0.17066,-0.33377,-0.45258,0.056426,-0.28994,0.27809,0.13561,-0.21282,-0.054865,0.15656,0.93563,1.22,-0.16494,-0.28622,-0.26117,-0.092124,-0.3914,-0.21508,-0.23696,-0.1141,0.0029821,-0.030194,-0.038566,0.11496,-0.18803,0.016336,-0.097877,-0.037115,0.46369,0.29376,0.22156,0.27504,0.069113,0.032685,0.31936,0.082793,0.12055,0.11693,0.55882,0.82984,0.6117,0.81645,-0.24931,-0.13861,-0.047501,0.26903,0.22951,0.24911,-0.1438,-0.36585,-0.15933,-0.028757,0.26674,0.16856,-0.14735,-0.078297,0.57807,0.213,0.21353,-0.050431,0.044135,0.010056,0.011801,0.057696,-0.26284,-0.19453
0.20193,0.05438,0.44878,0.36761,-0.063957,0.24378,-0.21112,-0.18697,0.2677,-0.26281,-0.48364,0.37761,-0.27795,0.018404,0,0.39778,0.68341,0.22033,0.16689,0.17809,0.27998,0.20602,-0.0052283,-0.088227,0.10057,-0.33696,0.21075,0.17047,-0.25688,-0.51316,-0.14746,-0.21272,-0.30236,-0.24934,-0.44338,-0.67736,-0.49632,-0.68709,-0.57128,-0.21974,0.19678,0.031162,-0.11349,-0.015334,0.12068,0.38532,0.46683,0.31797,0.47705,-0.097076,-0.074066,0.67016,0.22626,0.37454,0.28974,0.26595,0.12862,0.20163,-0.0031644,0.5883,0.57167,0.65816,0.56195,0.38923,0.28191,0.59961,0.47959,-0.41772,-0.11672,0.026885,0.36772,0.41281,0.50401,0.21051,0.60164,-0.32436,0.1306,-0.032989,-0.1524,-0.28057,-0.027117,0.61644,0.60264,0.68171,0.11313,-0.026306,0.38965,0.40143,0.28387,0.56726,0.60915,0.5483,0.42334,0.16059,0.45491,0.28481,0.30684,-0.1454,0.092068,0.4849,0.36961,0.59741,0.40414,0.1669,0.15517
-0.10807,-0.07142,0.19844,0.23627,-0.047209,0.17188,-0.58351,-0.4861,-0.26244,-0.15372,-0.42256,-0.23278,-0.094957,0.14742,0.39778,0,0.22987,0.21633,0.061617,0.4885,0.36711,0.69976,-0.064864,0.23164,0.10344,-0.22526,0.19459,0.38696,-0.2061,-0.31275,-0.094009,-0.17613,-0.020009,0.12101,-0.13797,-0.28727,-0.22646,-0.27325,-0.57034,-0.25334,0.067872,-0.0077798,-0.30992,-0.27808,0.069557,-0.03744,0.045917,-0.00016513,0.79744,0.0088493,0.086423,0.56031,0.14548,0.31683,-0.063928,0.15279,0.037216,-0.057777,-0.078654,0.24819,0.62498,0.26907,0.52795,0.22541,0.58979,0.26274,0.18926,-0.38482,-0.17042,0.11183,0.091463,0.075647,0.048576,-0.0017516,0.13506,-0.46004,-0.13905,0.14321,0.14095,-0.089268,0.24033,0.45971,0.43743,0.45125,0.099613,0.042504,0.47995,-0.063894,-0.13423,0.16593,0.023138,0.45564,0.60149,-0.16995,0.15142,0.3694,0.4728,0.079433,0.36941,0.52276,0.47167,0.1702,0.41689,-0.15044,0.17238
0.15494,0.15631,-0.16223,-0.19878,-0.098415,0.16143,0.20309,0.073173,0.42243,0.076276,-0.66468,0.28402,-0.60525,-0.35942,0.68341,0.22987,0,0.53614,0.24179,0.60534,0.40436,0.31658,0.16544,0.24337,0.40504,0.13588,0.5412,0.56653,0.085281,-0.056001,-0.066955,-0.14576,-0.34157,-0.25183,-0.38852,-0.39526,-0.57188,-0.48898,0.010641,0.3931,0.78033,0.64032,0.082431,0.32013,0.093125,0.11992,0.23608,0.11186,0.38262,-0.73131,-0.74362,0.57784,0.048181,0.15726,-0.13119,0.54955,0.57308,0.4928,0.27622,0.229,0.40707,0.25344,0.18323,0.18742,-0.029425,0.34154,0.14059,-0.18331,0.2305,0.17909,0.37719,0.16032,0.28561,-0.026711,0.39612,-0.53503,-0.11353,-0.47237,-0.41205,-0.58754,-0.32236,0.27595,0.18175,0.26376,0.069142,-0.52138,0.51688,0.15596,0.35928,0.29436,0.37589,0.64675,0.7419,-0.024799,0.36177,0.15509,0.68507,-0.15219,0.6364,0.25397,0.27777,0.38264,0.3192,0.41706,0.37881
-0.14346,0.22011,-0.21943,-0.30947,-0.25629,0.35108,-0.28746,-0.044653,0.41305,-0.015768,-0.22832,0.43885,0.12696,0.18041,0.22033,0.21633,0.53614,0,-0.43785,0.79763,0.15744,0.41705,-0.13895,0.35638,0.63544,0.229,0.68818,0.52485,0.12186,0.017297,-0.11788,-0.07443,0.35661,0.3866,0.064453,0.022678,-0.174,-0.17168,-0.025266,0.493,0.65107,0.66439,-0.11573,0.018641,0.024673,-0.19382,0.11881,0.041732,0.39647,-0.061509,0.053321,-0.056817,-0.25377,0.0063794,-0.34393,0.38721,0.5111,0.6255,0.3896,-0.14287,0.29258,-0.21296,0.11084,-0.43715,0.025891,0.16384,0.012152,0.19693,0.47696,0.14074,0.29105,-0.1805,-0.081976,0.0020771,0.085903,-0.29768,0.054804,-0.11403,0.096435,-0.1771,-0.018571,-0.083191,-0.11771,0.21639,0.44114,-0.47056,0.25243,0.21453,0.27506,0.09182,-0.077578,0.61952,0.78839,-0.17615,0.12946,0.46468,0.7406,0.0055851,0.79107,0.21361,0.20415,0.29552,0.064706,0.13174,0.32582
0.0048062,-0.033869,0.024309,0.17093,0.18226,-0.16747,0.24896,0.16418,0.1661,0.27328,0.0013059,-0.24618,-0.35448,-0.5593,0.16689,0.061617,0.24179,-0.43785,0,-0.41073,0.14153,-0.093681,0.56368,0.086093,0.055421,0.0069832,-0.3336,-0.28919,0.22595,0.1258,-0.048006,-0.14127,-0.58839,-0.5359,-0.28993,-0.21542,-0.10437,0.034468,0.031361,-0.13983,-0.14717,-0.16685,-0.12251,-0.052454,-0.24854,-0.016198,0.08565,0.083654,-0.14172,-0.44797,-0.6392,0.25318,0.0048625,-0.045643,0.11753,-0.25543,-0.18371,-0.35119,-0.4053,0.23735,0.074053,0.35927,-0.014482,0.52711,0.30825,0.12046,0.17488,-0.50794,-0.35086,-0.12155,-0.054743,0.13213,0.19093,-0.32396,0.089127,-0.17876,-0.043642,-0.25416,-0.38593,-0.23456,-0.38012,0.4002,0.4098,0.00086345,-0.29501,0.39733,-0.033066,-0.04294,-0.12078,-0.028828,-0.020276,-0.11778,-0.07452,-0.061427,-0.15616,-0.57811,-0.34296,-0.26903,-0.11971,0.062199,0.21316,0.11685,0.42523,-0.13135,-0.07541
0.0022563,0.23115,-0.27786,-0.47276,-0.28477,0.3565,-0.19065,-0.065957,0.017157,-0.020317,-0.62732,0.26358,-0.25148,0.13756,0.17809,0.4885,0.60534,0.79763,-0.41073,0,0.46708,0.65822,-0.22746,0.34671,0.24185,0.13323,1.0769,1.1535,0.048897,-0.044196,0.15565,0.13595,0.052719,0.18184,-0.16168,-0.11774,-0.363,-0.26711,-0.14709,0.38564,0.59351,0.62529,0.18094,0.25008,0.45223,0.049083,0.12782,0.12115,0.62832,-0.2053,-0.07218,0.24434,0.011603,0.21989,-0.29496,0.50763,0.68167,0.52822,0.40813,-0.099369,0.39985,0.088073,0.34098,-0.037377,0.060379,0.26483,0.069108,0.35764,0.40519,0.46113,0.43003,0.15589,0.23073,0.22914,0.31398,-0.4346,-0.11771,-0.20964,-0.061874,-0.26601,0.026545,-0.060868,-0.16156,0.17831,0.044157,-0.61687,0.66838,0.10017,0.26381,0.34955,0.25161,0.47204,0.79017,-0.33394,0.16859,0.38714,0.85033,-0.13961,0.75077,0.32915,0.33722,0.038052,0.022421,0.084099,0.20519
0.30036,0.39873,-0.30754,-0.49705,-0.087026,0.57853,-0.12324,0.060462,-0.022359,0.294,-0.92491,-0.0045867,-0.76864,-0.35307,0.27998,0.36711,0.40436,0.15744,0.14153,0.46708,0,0.93753,0.71762,0.87793,-0.23749,0.03185,0.68862,0.78608,0.71742,0.3563,-0.090755,0.038875,-0.49882,-0.21531,-0.76116,-0.28652,-0.80181,-0.29651,-0.15754,0.0097196,0.58732,0.51147,-0.21234,0.25346,0.16037,-0.0042002,0.20696,0.17891,0.5915,-0.76607,-0.45097,0.35675,0.26697,0.60455,0.17282,0.42657,0.047028,-0.051386,-0.31033,0.085208,0.46943,0.72431,0.55271,0.33852,0.35667,0.18951,0.13228,-0.085368,0.23992,-0.058492,0.307,0.20282,0.1916,0.063564,0.18411,-0.57149,-0.017393,-0.52803,-0.59331,-0.6911,-0.62958,0.16984,-0.054934,0.31198,-0.29466,-0.55032,0.017574,0.018007,0.015615,0.38731,0.19903,0.18923,0.62376,-0.14492,0.25116,0.0025198,0.20994,-0.34193,0.42621,0.98739,0.88953,0.45897,0.47985,0.082523,0.19229
-0.0256,0.42628,-0.1477,-0.3711,-0.24653,0.79183,-0.63055,-0.032708,-0.002838,0.31998,-0.68568,0.038966,-0.36176,-0.11614,0.20602,0.69976,0.31658,0.41705,-0.093681,0.65822,0.93753,0,0.1573,0.85752,0.070893,0.092067,0.73018,0.82281,0.37615,0.10142,-0.084804,0.012501,-0.12375,0.00085294,-0.36036,-0.20995,-0.44389,-0.16821,-0.51763,-0.014035,0.32226,0.52046,-0.29818,0.14607,-0.047446,-0.33595,0.2484,0.12722,1.045,-0.34985,-0.16549,0.41053,-0.018515,0.47642,-0.1906,0.49,0.19717,0.046809,-0.13387,-0.035189,0.53873,0.36785,0.66708,0.06077,0.51983,0.30177,0.19822,-0.27632,0.15509,0.2355,0.38002,-0.014769,-0.048454,-0.23063,0.10615,-0.74305,-0.059735,-0.22711,-0.27444,-0.35581,-0.16974,0.2384,0.067373,0.31938,-0.22109,-0.44255,0.097341,-0.011567,-0.052517,0.34371,-0.025522,0.20927,0.83856,-0.27718,0.25661,0.25607,0.4016,0.001713,0.40122,0.8668,0.84657,0.21235,0.33671,0.066927,0.29476
0.20346,0.095691,-0.33672,-0.27696,0.02505,0.0081625,0.2013,0.11385,0.025345,0.4072,-0.28107,-0.32981,-0.52675,-0.55041,-0.0052283,-0.064864,0.16544,-0.13895,0.56368,-0.22746,0.71762,0.1573,0,0.64605,-0.21278,0.11353,0.00060127,0.09768,0.92091,0.68934,-0.1943,-0.070594,-0.51456,-0.30471,-0.54594,-0.13474,-0.43982,-0.089277,0.32255,-0.051348,0.37275,0.18781,-0.33986,0.082678,-0.10421,-0.0096087,-0.13213,-0.097211,-0.088209,-0.88427,-0.68954,-0.010026,0.046689,0.071159,0.18157,-0.069999,-0.43601,-0.39723,-0.64985,-0.025275,0.028111,0.37102,-0.026693,0.21259,0.10322,-0.23466,-0.16401,-0.19215,0.12132,-0.54906,-0.088056,-0.04597,-0.064117,-0.093623,-0.15758,-0.27021,-0.15309,-0.502,-0.60042,-0.57129,-0.93457,0.17762,0.0039753,-0.007286,-0.18249,-0.22863,-0.44735,-0.20404,-0.21201,-0.16632,-0.085339,0.040351,0.1267,-0.011439,-0.087882,-0.28966,-0.15211,-0.1313,0.24903,0.35911,0.39118,0.4594,0.48214,0.027063,0.044616
0.054227,0.7553,-0.39445,-0.67873,-0.3125,0.68393,-0.27442,0.38283,-0.042304,0.57208,-0.56195,-0.022547,-0.44666,-0.423,-0.088227,0.23164,0.24337,0.35638,0.086093,0.34671,0.87793,0.85752,0.64605,0,-0.13753,0.21416,0.43411,0.44767,0.85317,0.8915,-0.21013,0.032343,-0.18944,-0.064732,-0.4272,0.10639,-0.5449,-0.031039,0.0015714,0.22324,0.44346,0.86228,-0.38764,0.33504,-0.018967,-0.32615,0.02464,-0.03713,0.37708,-0.73623,-0.43773,0.11743,-0.097548,0.40311,-0.085785,0.41152,0.045802,0.02431,-0.23134,-0.29001,0.3536,0.21195,0.3297,-0.096889,0.33358,0.019162,-0.081675,-0.12081,0.26166,-0.15444,0.073652,-0.20016,-0.21662,-0.18159,-0.13422,-0.66701,-0.08806,-0.38073,-0.49907,-0.6167,-0.73323,0.16116,-0.10613,0.19677,-0.26552,-0.58348,-0.2948,-0.14768,-0.027936,0.16953,-0.12463,-0.064793,0.4679,-0.24273,0.061537,-0.10623,0.17884,-0.24246,0.57179,0.59223,0.774,0.33886,0.3882,0.20772,0.42704
-0.45973,-0.28623,-0.12478,0.06634,0.030135,-0.10022,-0.087565,-0.21622,0.7529,0.2492,0.27377,0.054166,0.32693,0.28855,0.10057,0.10344,0.40504,0.63544,0.055421,0.24185,-0.23749,0.070893,-0.21278,-0.13753,0,0.56933,0.17944,0.085986,-0.065373,-0.22787,0.24082,0.12552,0.3453,0.3102,0.3135,-0.071922,0.35859,0.18992,-0.020617,0.25763,0.13978,0.0328,0.029909,-0.17211,-0.26263,-0.30109,0.016428,0.01454,0.19088,0.083203,0.0074738,-0.0018797,-0.663,-0.62371,-0.78358,-0.19386,0.2581,0.065387,0.064389,0.022559,-0.030528,-0.2766,-0.16002,-0.1796,0.081672,0.11265,0.082349,0.044381,0.41459,0.46112,0.49265,-0.13087,-0.044328,-0.26588,0.096904,-0.23369,-0.14794,-0.080635,0.26443,0.12022,0.32899,-0.073902,0.05548,-0.14588,0.312,-0.0028741,0.36014,0.014627,-0.10877,-0.25494,-0.25804,0.58526,0.57821,-0.29097,-0.14864,0.27172,0.39615,0.3236,0.41913,-0.034592,-0.0046751,0.038492,0.18776,-0.16221,-0.042568
-0.4623,0.0065392,-0.4261,-0.34995,0.040066,0.16628,0.22546,0.28384,0.29823,1.0013,0.2061,-0.22937,0.027356,-0.054962,-0.33696,-0.22526,0.13588,0.229,0.0069832,0.13323,0.03185,0.092067,0.11353,0.21416,0.56933,0,0.1198,0.046868,0.32218,0.45085,0.52777,0.84943,0.11153,0.090764,0.13616,0.12162,0.39671,0.5462,0.18149,0.26939,0.083368,0.19024,0.48372,0.56694,-0.10357,-0.30304,0.24898,0.39489,-0.17431,-0.32555,-0.28734,-0.056107,-0.63309,-0.53978,-0.69422,-0.10716,0.34612,0.015296,-0.03297,-0.43826,-0.44845,-0.20888,-0.29425,0.17074,0.27349,0.20693,0.27746,0.22492,0.58631,0.65191,0.64991,0.15203,0.10628,-0.13918,0.10915,-0.35991,-0.32757,-0.24792,-0.086901,-0.14986,-0.14761,-0.064796,-0.27189,-0.29738,-0.23398,-0.16307,-0.12312,0.13646,0.0756,-0.08076,-0.18667,0.045916,0.19973,-0.40561,-0.25648,-0.24165,-0.097111,0.14832,0.31807,0.00098061,0.0095628,-0.25599,0.063069,-0.29006,-0.24492
0.33133,0.39608,-0.35799,-0.73233,-0.010762,0.5726,-0.14342,-0.099981,0.35798,-0.007757,-0.58147,0.51433,-0.42204,-0.046015,0.21075,0.19459,0.5412,0.68818,-0.3336,1.0769,0.68862,0.73018,0.00060127,0.43411,0.17944,0.1198,0,1.4481,0.4471,0.056068,-0.088851,-0.038321,-0.12259,0.0173,-0.35099,-0.21179,-0.55985,-0.39871,-0.082562,0.49621,0.88905,0.80174,0.043985,0.19524,0.12639,-0.10673,0.21938,0.18014,0.64074,-0.28591,-0.15888,0.12306,0.15164,0.36339,-0.13783,0.5926,0.57077,0.50659,0.29412,-0.0097362,0.36013,0.26801,0.51835,-0.11604,0.041585,0.18639,0.049845,0.37607,0.53515,0.25255,0.38982,-0.0050295,0.12258,0.11639,0.19025,-0.23551,0.09553,-0.37382,-0.19305,-0.44918,-0.14605,-0.25313,-0.28412,0.22913,0.021171,-0.75593,0.47303,0.23052,0.29407,0.34502,0.21649,0.44131,0.75005,-0.019211,0.39579,0.30086,0.54471,-0.1072,0.50295,0.39979,0.35794,0.24624,-0.043395,0.14911,0.089001
0.2905,0.18838,-0.34403,-0.59192,-0.050275,0.35725,-0.11362,-0.2285,0.042181,-0.036521,-0.79621,0.19049,-0.55975,-0.073317,0.17047,0.38696,0.56653,0.52485,-0.28919,1.1535,0.78608,0.82281,0.09768,0.44767,0.085986,0.046868,1.4481,0,0.40264,0.049633,-0.065796,-0.065625,-0.16996,0.018771,-0.31972,-0.22414,-0.57832,-0.40005,-0.0075766,0.35694,0.92233,0.64873,0.016217,0.16869,0.15011,-0.078044,0.030231,-0.0021188,0.61425,-0.39266,-0.25344,0.25239,0.22075,0.32777,-0.15138,0.57953,0.43565,0.3414,0.2116,-0.047918,0.33237,0.31768,0.50939,-0.026311,-0.0012271,0.064473,-0.077389,0.22773,0.45866,0.20838,0.25844,-0.036977,0.03763,0.09334,0.11499,-0.34004,-0.11032,-0.38636,-0.25252,-0.47719,-0.15943,-0.12428,-0.15631,0.14444,0.0035997,-0.79829,0.44452,-0.0081191,0.12258,0.18983,0.18876,0.49345,0.74087,-0.11841,0.304,0.32755,0.62698,0.038304,0.5314,0.39756,0.35453,0.17677,0.028671,0.092454,0.069944
0.21595,0.41124,-0.62465,-0.81862,0.013414,0.36779,0.053765,0.21902,0.17378,0.47248,-0.26769,-0.027817,-0.4899,-0.48471,-0.25688,-0.2061,0.085281,0.12186,0.22595,0.048897,0.71742,0.37615,0.92091,0.85317,-0.065373,0.32218,0.4471,0.40264,0,0.96964,-0.12044,0.02268,-0.36269,-0.17318,-0.43451,0.022864,-0.42433,0.020033,0.34557,0.31909,0.53581,0.52463,-0.22994,0.18379,-0.21331,-0.29001,-0.086436,-0.027531,-0.012798,-0.68338,-0.4912,-0.18019,-0.078792,0.08991,-0.10875,0.11149,-0.063991,-0.12257,-0.3395,-0.38797,-0.077606,0.24939,0.15869,-0.0512,0.1119,-0.21581,-0.19284,0.12964,0.34194,-0.21865,0.0072145,-0.22071,-0.1676,-0.16908,-0.19559,-0.26382,-0.024774,-0.67469,-0.57478,-0.73989,-0.93039,-0.18988,-0.30489,-0.1655,-0.2712,-0.46045,-0.37677,-0.12187,-0.15973,-0.089001,-0.1582,-0.091012,0.1908,-0.14099,-0.084708,-0.3094,-0.15519,-0.09091,0.26127,0.23396,0.30868,0.2217,0.11251,-0.076866,-0.088625
0.013932,0.50932,-0.61795,-0.71156,-0.15369,0.32661,0.20814,0.65299,-0.11667,0.67101,-0.10481,-0.18823,-0.26405,-0.4229,-0.51316,-0.31275,-0.056001,0.017297,0.1258,-0.044196,0.3563,0.10142,0.68934,0.8915,-0.22787,0.45085,0.056068,0.049633,0.96964,0,0.044725,0.26187,-0.10473,0.0089917,-0.15261,0.45371,-0.17055,0.33684,0.55157,0.40176,0.28045,0.55947,-0.071386,0.48252,-0.023638,-0.23919,-0.20137,-0.10905,-0.27182,-0.64568,-0.40805,-0.18719,-0.17747,0.05199,-0.094492,0.14176,-0.030742,-0.0835,-0.22255,-0.6138,-0.20132,-0.015002,-0.07156,-0.081351,0.058981,-0.27626,-0.2729,0.2107,0.33712,-0.211,-0.097046,-0.20618,-0.24059,-0.092036,-0.29194,-0.27331,-0.087703,-0.39755,-0.40945,-0.53,-0.91985,-0.16856,-0.41544,-0.23371,-0.32496,-0.40068,-0.57304,-0.25742,-0.12063,-0.12228,-0.20802,-0.39972,-0.028486,-0.21289,-0.19287,-0.44005,-0.1916,-0.23274,0.30336,0.038238,0.17704,0.064971,0.12375,0.055778,0.11072
-0.47161,-0.10904,-0.323,-0.11906,-0.38365,0.028243,0.11225,0.30849,-0.062704,0.47573,0.28726,-0.11655,0.24806,0.50527,-0.14746,-0.094009,-0.066955,-0.11788,-0.048006,0.15565,-0.090755,-0.084804,-0.1943,-0.21013,0.24082,0.52777,-0.088851,-0.065796,-0.12044,0.044725,0,1.1318,0.201,0.28352,0.17857,0.14514,0.46481,0.60414,-0.0033107,0.0094803,-0.34172,-0.23082,0.71007,0.46616,0.51064,0.31371,0.043202,0.30158,-0.11785,0.042282,0.14115,0.10482,-0.48251,-0.42112,-0.33752,-0.29459,0.08832,-0.24707,-0.16196,-0.35344,-0.35132,0.059758,-0.14636,0.42826,0.12243,0.12626,0.23774,0.37686,0.18341,0.66373,0.67238,0.65743,0.54001,0.20598,0.48176,-0.26176,-0.057234,-0.036546,0.07468,0.088185,0.073926,-0.12091,-0.34452,-0.52686,-0.46457,0.13741,0.15729,-0.091392,-0.2982,0.051797,0.20311,-0.070509,0.085276,-0.51031,-0.24263,0.011668,-0.018146,0.010604,-0.010054,-0.099372,-0.039245,-0.42597,0.00073059,-0.33224,-0.33117
-0.49512,0.019406,-0.14371,-0.14976,-0.27,0.20595,0.035079,0.3713,-0.10886,0.80032,0.15463,-0.20162,0.14554,0.36579,-0.21272,-0.17613,-0.14576,-0.07443,-0.14127,0.13595,0.038875,0.012501,-0.070594,0.032343,0.12552,0.84943,-0.038321,-0.065625,0.02268,0.26187,1.1318,0,0.17132,0.1741,0.12005,0.15707,0.44797,0.6263,-0.10052,-0.11967,-0.3235,-0.15267,0.63697,0.6579,0.37712,0.096707,0.25029,0.51447,-0.14627,-0.014404,0.11268,0.016932,-0.53685,-0.35943,-0.32606,-0.28845,0.098201,-0.23886,-0.2454,-0.40293,-0.37698,0.13287,-0.043335,0.42453,0.34411,0.31047,0.40155,0.39729,0.44016,0.79158,0.85376,0.58016,0.44384,0.24813,0.37613,-0.38263,-0.27165,0.0065864,-0.0091501,0.05482,0.014261,0.043616,-0.21194,-0.22626,-0.49093,0.012229,-0.11463,0.066382,-0.053879,0.16844,0.14451,-0.16086,0.014855,-0.60149,-0.33386,-0.20999,-0.23487,-0.065959,0.024474,0.17331,0.19188,-0.30031,0.13538,-0.41188,-0.37468
-0.541,-0.24422,0.078084,0.2032,-0.16038,0.041321,-0.21908,-0.043707,-0.034714,-0.017601,0.58005,0.022902,1.3481,0.86623,-0.30236,-0.020009,-0.34157,0.35661,-0.58839,0.052719,-0.49882,-0.12375,-0.51456,-0.18944,0.3453,0.11153,-0.12259,-0.16996,-0.36269,-0.10473,0.201,0.17132,0,1.6312,1.3321,0.83579,0.83759,0.6463,0.12232,0.15807,-0.19302,-0.10337,-0.061202,-0.23164,-0.17549,-0.43464,-0.30322,-0.2308,-0.049452,0.71882,0.85654,-0.43501,-0.30194,-0.18512,-0.11454,-0.091331,-0.017078,-0.0012963,0.11655,-0.23498,-0.22531,-0.4032,-0.11408,-0.55096,-0.11517,-0.32624,-0.25417,0.3887,0.34594,0.090007,-0.02123,-0.38964,-0.47428,-0.22645,-0.45821,0.23351,0.24113,0.81406,1.2128,0.77504,0.63421,-0.48038,-0.34493,0.027551,0.61738,0.19586,-0.072222,-0.20137,-0.21057,-0.49718,-0.64559,0.15451,0.13219,-0.035397,0.027601,0.55001,0.2597,0.16601,-0.047622,-0.11998,-0.14562,0.046435,0.026622,-0.0030062,0.19326
-0.42345,-0.2247,-0.11301,0.0704,-0.16567,0.11141,-0.19782,-0.094796,-0.077481,-0.012326,0.39579,-0.030823,0.98004,0.88848,-0.24934,0.12101,-0.25183,0.3866,-0.5359,0.18184,-0.21531,0.00085294,-0.30471,-0.064732,0.3102,0.090764,0.0173,0.018771,-0.17318,0.0089917,0.28352,0.1741,1.6312,0,0.96576,0.80599,0.5788,0.58641,0.20087,0.23437,0.00022965,-0.01743,-0.12106,-0.23968,-0.077195,-0.35188,-0.42909,-0.29231,0.068809,0.51059,0.76344,-0.32529,-0.2083,-0.079891,-0.082193,-0.022372,-0.048777,-0.077303,0.010796,-0.24073,-0.13703,-0.22661,0.012241,-0.43092,-0.07225,-0.41805,-0.33941,0.47689,0.44901,0.018689,0.0095696,-0.33754,-0.41843,-0.13675,-0.41665,0.11731,0.27192,0.56614,1.0166,0.48495,0.44068,-0.58013,-0.47146,-0.0036908,0.57173,0.065877,0.022453,-0.32821,-0.37698,-0.50611,-0.57199,0.27017,0.33296,-0.082273,0.077854,0.63843,0.39221,0.10819,0.11988,0.0066344,-0.035063,0.16425,0.15425,-0.031328,0.19971
-0.50753,-0.43111,0.12062,0.3312,0.11596,-0.18754,0.078578,-0.028785,-0.10229,-0.064111,0.74366,-0.12641,1.0717,0.54872,-0.44338,-0.13797,-0.38852,0.064453,-0.28993,-0.16168,-0.76116,-0.36036,-0.54594,-0.4272,0.3135,0.13616,-0.35099,-0.31972,-0.43451,-0.15261,0.17857,0.12005,1.3321,0.96576,0,0.91355,1.2209,0.82634,0.28979,0.15443,-0.31099,-0.28383,0.10671,-0.22874,-0.36825,-0.51903,-0.28816,-0.21657,-0.33074,0.69726,0.60813,-0.40041,-0.17427,-0.30435,-0.07785,-0.15741,0.059619,-0.0084628,0.22112,-0.19439,-0.43019,-0.46523,-0.25658,-0.34997,-0.15352,-0.30662,-0.21054,0.2654,0.17952,0.1589,-0.17641,-0.40446,-0.48338,-0.35558,-0.51086,0.41347,0.17668,0.76694,1.0385,0.87923,0.64961,-0.4698,-0.2307,-0.12289,0.50758,0.42604,-0.084216,-0.19108,-0.15263,-0.62289,-0.72443,-0.017994,-0.14827,-0.0067369,-0.082844,0.1824,-0.018319,0.168,-0.28981,-0.37555,-0.38659,-0.19837,-0.089367,-0.14108,-0.0069437
-0.14556,0.1667,-0.29731,-0.18548,-0.0066649,0.12484,0.21964,0.48679,-0.16451,0.15714,0.47343,0.031916,0.56104,0.23762,-0.67736,-0.28727,-0.39526,0.022678,-0.21542,-0.11774,-0.28652,-0.20995,-0.13474,0.10639,-0.071922,0.12162,-0.21179,-0.22414,0.022864,0.45371,0.14514,0.15707,0.83579,0.80599,0.91355,0,0.55587,0.97508,0.60115,0.49368,-0.091337,0.16515,0.023988,0.096348,-0.12495,-0.43386,-0.39086,-0.30361,-0.28132,0.22026,0.32797,-0.32767,-5.0392e-05,0.081315,0.16391,0.12717,0.047222,0.020665,0.14577,-0.31582,-0.19766,-0.34291,-0.15306,-0.40073,-0.17113,-0.44743,-0.40536,0.39569,0.29177,-0.12832,-0.31235,-0.4493,-0.54004,-0.20823,-0.53393,0.30404,0.41572,0.34068,0.45228,0.3524,0.04705,-0.67386,-0.65085,-0.19556,0.13963,0.085086,-0.26569,-0.3497,-0.18781,-0.37061,-0.55222,-0.36949,-0.11829,0.044454,0.032767,-0.061318,-0.059838,-0.26787,-0.092746,-0.24496,-0.11742,-0.064002,-0.011552,0.12676,0.26147
-0.70521,-0.52954,0.13684,0.40172,0.12754,-0.2864,0.090895,0.0019466,-0.026335,0.19653,1.1626,-0.28802,1.0763,0.55072,-0.49632,-0.22646,-0.57188,-0.174,-0.10437,-0.363,-0.80181,-0.44389,-0.43982,-0.5449,0.35859,0.39671,-0.55985,-0.57832,-0.42433,-0.17055,0.46481,0.44797,0.83759,0.5788,1.2209,0.55587,0,1.0988,0.11567,-0.10305,-0.69635,-0.61722,0.32161,-0.12101,-0.25004,-0.32939,-0.066245,0.071898,-0.44814,0.66024,0.52357,-0.38682,-0.38838,-0.60513,-0.19157,-0.54288,-0.081817,-0.25602,-0.023239,-0.18595,-0.61987,-0.43024,-0.4488,-0.052048,0.053465,-0.11855,0.076389,0.208,0.083104,0.34667,0.068855,-0.05637,-0.15994,-0.26548,-0.24312,0.36278,0.050959,0.65909,0.80841,0.97672,0.64985,-0.26606,-0.16003,-0.28155,0.17257,0.71065,-0.16447,-0.040166,-0.18668,-0.49435,-0.57832,-0.14707,-0.29964,-0.12482,-0.3036,-0.0074423,-0.30481,0.22404,-0.4233,-0.37365,-0.37626,-0.4178,-0.105,-0.42872,-0.30599
-0.56297,-0.076157,-0.24161,-0.017156,-0.024962,0.045019,0.15886,0.44417,-0.073147,0.604,0.7344,-0.2643,0.63788,0.30441,-0.68709,-0.27325,-0.48898,-0.17168,0.034468,-0.26711,-0.29651,-0.16821,-0.089277,-0.031039,0.18992,0.5462,-0.39871,-0.40005,0.020033,0.33684,0.60414,0.6263,0.6463,0.58641,0.82634,0.97508,1.0988,0,0.29263,0.129,-0.46918,-0.2009,0.23785,0.16684,-0.1565,-0.42607,-0.13281,0.018535,-0.33436,0.20901,0.26246,-0.24998,-0.36893,-0.29886,-0.12987,-0.27491,-0.054939,-0.33264,-0.1832,-0.36009,-0.44275,-0.24758,-0.28676,-0.0016162,0.15298,-0.1748,-0.018669,0.23634,0.23819,0.26562,0.10958,-0.076052,-0.20666,-0.31616,-0.24693,0.09012,0.17207,0.26833,0.37044,0.46592,0.12477,-0.36684,-0.43121,-0.40671,-0.14847,0.37568,-0.34095,-0.24532,-0.34718,-0.35573,-0.58436,-0.41197,-0.13512,-0.29119,-0.27771,-0.21073,-0.31733,-0.10004,-0.22533,-0.16329,-0.052146,-0.31119,0.095965,-0.29867,-0.099612
0.24687,-0.080046,-0.67341,-0.39507,0.24233,-0.37558,0.9554,0.21027,0.038187,-0.009265,0.25635,-0.055028,-0.014541,-0.20336,-0.57128,-0.57034,0.010641,-0.025266,0.031361,-0.14709,-0.15754,-0.51763,0.32255,0.0015714,-0.020617,0.18149,-0.082562,-0.0075766,0.34557,0.55157,-0.0033107,-0.10052,0.12232,0.20087,0.28979,0.60115,0.11567,0.29263,0,0.76579,0.44336,0.25943,0.15812,0.1032,-0.064683,-0.051644,-0.59031,-0.44981,-0.60835,-0.28852,-0.28976,-0.33743,0.14485,-0.19607,0.079368,0.067426,0.033211,0.10788,0.20416,-0.24594,-0.37873,-0.38549,-0.53766,-0.29818,-0.68428,-0.7541,-0.707,0.4357,0.32564,-0.41472,-0.48781,-0.39711,-0.36358,-0.0098293,-0.42677,0.41239,0.1154,-0.24137,-0.011938,-0.13435,-0.34701,-0.70509,-0.65448,-0.52304,0.18126,-0.22449,-0.13002,-0.34835,-0.10105,-0.58582,-0.23862,-0.056574,-0.17342,0.24392,-0.022393,-0.18212,0.0036195,-0.047526,0.14652,-0.59807,-0.48793,-0.039759,-0.20676,0.187,0.033803
0.33076,0.44799,-0.84163,-0.79241,0.14576,0.2153,0.50622,0.37705,0.43639,0.011899,0.04618,0.53912,-0.089323,-0.17066,-0.21974,-0.25334,0.3931,0.493,-0.13983,0.38564,0.0097196,-0.014035,-0.051348,0.22324,0.25763,0.26939,0.49621,0.35694,0.31909,0.40176,0.0094803,-0.11967,0.15807,0.23437,0.15443,0.49368,-0.10305,0.129,0.76579,0,0.73647,0.95073,0.23662,0.32103,0.015762,-0.14166,-0.14037,-0.13514,-0.0025277,-0.31012,-0.25905,0.0048373,0.14543,0.14466,-0.069461,0.6156,0.69286,0.69609,0.66305,-0.16,0.070359,-0.3322,-0.10197,-0.36453,-0.34507,-0.19785,-0.30884,0.44399,0.4393,-0.034968,-0.098304,-0.29264,-0.17236,-0.014425,-0.064414,0.14982,0.42394,-0.34633,-0.027472,-0.33722,-0.28709,-0.72235,-0.7733,-0.23634,0.09691,-0.47803,0.32185,-0.0063411,0.1997,-0.02662,-0.020256,0.085782,0.30281,0.2496,0.37561,0.021271,0.38627,-0.23403,0.43844,-0.35473,-0.21607,0.012239,-0.25408,0.39421,0.28866
0.52376,0.22376,-0.5283,-0.61649,0.16955,0.19779,0.27759,-0.098543,0.31071,-0.1128,-0.60106,0.28277,-0.55658,-0.33377,0.19678,0.067872,0.78033,0.65107,-0.14717,0.59351,0.58732,0.32226,0.37275,0.44346,0.13978,0.083368,0.88905,0.92233,0.53581,0.28045,-0.34172,-0.3235,-0.19302,0.00022965,-0.31099,-0.091337,-0.69635,-0.46918,0.44336,0.73647,0,0.96056,-0.1007,0.13791,-0.0070345,-0.049661,-0.089228,-0.1531,0.28429,-0.64102,-0.48656,0.14274,0.31711,0.29233,0.0026763,0.70505,0.41586,0.5274,0.32558,0.053442,0.28573,0.075041,0.16632,-0.19548,-0.2513,-0.12023,-0.27722,0.19224,0.54244,-0.21129,-0.0037141,-0.24011,-0.12462,0.10497,-0.034833,-0.14851,0.032061,-0.58204,-0.30723,-0.72506,-0.46063,-0.25433,-0.27844,0.12909,0.26837,-0.98179,0.28335,0.014418,0.23753,0.030179,0.12476,0.57704,0.63794,0.20611,0.41993,0.20323,0.60886,-0.072114,0.77591,0.1774,0.11733,0.45947,0.07353,0.38237,0.28999
0.33003,0.87212,-0.59848,-0.96348,-0.15203,0.64834,0.10262,0.46034,0.27529,0.19543,-0.52908,0.48004,-0.46829,-0.45258,0.031162,-0.0077798,0.64032,0.66439,-0.16685,0.62529,0.51147,0.52046,0.18781,0.86228,0.0328,0.19024,0.80174,0.64873,0.52463,0.55947,-0.23082,-0.15267,-0.10337,-0.01743,-0.28383,0.16515,-0.61722,-0.2009,0.25943,0.95073,0.96056,0,-0.048553,0.51091,0.05128,-0.19183,0.079294,-0.043312,0.34987,-0.69937,-0.49699,0.18987,0.12118,0.48696,-0.068053,1.0758,0.62664,0.69934,0.42212,-0.17058,0.36202,-0.043401,0.198,-0.28626,-0.1051,0.035807,-0.15552,0.11109,0.38021,-0.058916,0.056965,-0.22513,-0.1477,-0.079222,-0.0063429,-0.31433,0.18331,-0.48586,-0.39351,-0.67567,-0.5955,-0.19931,-0.40727,0.12621,-0.051858,-0.96201,0.11054,0.049768,0.32924,0.28108,0.089937,0.097532,0.54681,0.094834,0.46212,0.073856,0.52496,-0.28932,0.6727,0.16028,0.2495,0.26098,0.0011788,0.63901,0.62534
-0.062847,-0.029606,-0.26434,-0.21969,0.074991,-0.050979,0.60368,0.33005,0.019669,0.10087,0.22017,0.13877,-0.037669,0.056426,-0.11349,-0.30992,0.082431,-0.11573,-0.12251,0.18094,-0.21234,-0.29818,-0.33986,-0.38764,0.029909,0.48372,0.043985,0.016217,-0.22994,-0.071386,0.71007,0.63697,-0.061202,-0.12106,0.10671,0.023988,0.32161,0.23785,0.15812,0.23662,-0.1007,-0.048553,0,0.78376,0.44574,0.38973,0.48181,0.70065,-0.38767,-0.054651,-0.12611,0.10178,0.02438,-0.24912,-0.060352,0.054044,0.65079,0.40843,0.5216,-0.18753,-0.40952,-0.122,-0.31415,0.52902,-0.014558,0.41419,0.50902,0.39891,0.04712,0.67427,0.4099,0.76972,0.7455,0.34251,0.59567,0.15258,0.019205,-0.068924,-0.071441,0.017052,0.011913,-0.11642,-0.32096,-0.34647,-0.40872,0.12056,0.29211,0.51177,0.49317,0.3118,0.42476,-0.12638,-0.24072,-0.049345,-0.011256,-0.27725,-0.20056,-0.10796,-0.14764,-0.40641,-0.42388,-0.72071,-0.52307,-0.23356,-0.47992
0.018739,0.56495,-0.40868,-0.58882,-0.25848,0.47797,0.36892,0.93683,-0.018045,0.57944,-0.2269,0.1751,-0.4117,-0.28994,-0.015334,-0.27808,0.32013,0.018641,-0.052454,0.25008,0.25346,0.14607,0.082678,0.33504,-0.17211,0.56694,0.19524,0.16869,0.18379,0.48252,0.46616,0.6579,-0.23164,-0.23968,-0.22874,0.096348,-0.12101,0.16684,0.1032,0.32103,0.13791,0.51091,0.78376,0,0.38695,0.1995,0.49432,0.55106,-0.11523,-0.61981,-0.48694,0.3385,-0.061709,0.11869,-0.039573,0.46579,0.5781,0.37568,0.25084,-0.33663,-0.12694,0.11815,-0.015442,0.4369,0.12438,0.44251,0.40392,0.11493,0.20123,0.43846,0.49251,0.53973,0.46734,0.16816,0.48538,-0.37716,-0.040271,-0.33719,-0.54463,-0.44674,-0.55395,0.11434,-0.29774,-0.1382,-0.73108,-0.35166,-0.069115,0.28764,0.42628,0.53543,0.45272,-0.2736,0.021488,-0.13937,0.1518,-0.34509,-0.082986,-0.27522,0.12101,0.029067,0.089301,-0.2612,-0.11045,0.17631,0.018334
