,,,,,,,,,,,,,,,,,,,,,,,,,,,,,,,,,,,,,,,,,,,,,,,,,,,,,,,,,,,,,,,,,,,,,,,,,,,,,,,,,,,,,,,,,,,,,,,,,,,,,,,,
0,0.34676,-0.04513,-0.15045,0.48188,-0.0051897,0.14704,-0.3352,0.27713,-0.61519,-0.12806,0.56402,-0.40275,-0.059193,0.47219,0.044828,0.17943,-0.11456,-0.038902,0.014288,0.24763,-0.041634,0.1658,-0.036075,-0.46461,-0.6892,0.43205,0.35302,0.13094,-0.16979,-0.33461,-0.55876,-0.39394,-0.24134,-0.46339,-0.26461,-0.55202,-0.65161,0.087734,0.24943,0.45991,0.21565,-0.27422,-0.20755,0.2626,0.51253,-0.15283,-0.179,0.50706,-0.058618,-0.032768,0.25632,0.91634,0.54503,0.7332,0.19331,-0.123,0.13128,0.10701,0.63498,0.71503,0.3392,0.35176,-0.16746,-0.22268,-0.1621,-0.21099,0.075203,0.03749,-0.80971,-0.28234,-0.024712,0.12772,0.5278,0.18886,0.39592,0.37742,-0.088252,-0.087835,-0.1794,-0.018568,-0.099377,-0.063497,0.30057,0.091614,-0.18811,0.42772,0.039708,0.016431,0.22316,0.51342,0.53266,0.23074,0.81772,0.53887,0.13656,0.24984,-0.17399,0.16675,0.085163,0.083529,0.42806,-0.041024,0.27723,0.020435
0.34676,0,-0.38419,-0.63508,-0.30989,0.88106,-0.10591,0.65419,0.13438,0.11057,-0.36993,0.49766,-0.4786,-0.24823,0.28003,0.0082235,0.5202,0.46575,0.032006,0.36377,0.47709,0.37437,0.26912,0.65898,-0.35835,-0.013546,0.506,0.29301,0.40543,0.44461,-0.064782,0.06382,-0.32177,-0.17784,-0.52662,0.010125,-0.6425,-0.32867,-0.084417,0.35738,0.43028,0.82835,0.087965,0.64474,0.24621,0.14864,0.43036,0.47295,0.28185,-0.48724,-0.31537,0.18389,0.12837,0.53635,0.29852,0.41253,0.35446,0.44751,0.20683,-0.14607,0.31049,0.40895,0.46437,0.27999,0.27461,0.40781,0.31662,0.19135,0.1072,-0.068871,0.25916,0.28911,0.38257,0.21483,0.32456,-0.38593,0.18249,-0.29493,-0.51333,-0.66089,-0.59511,0.02348,-0.26298,0.23823,-0.49257,-0.37613,0.089735,0.39306,0.47364,0.66235,0.41933,-0.040212,0.42844,0.089855,0.37906,-0.29609,-0.0034026,-0.54472,0.38142,0.30974,0.37474,0.25419,0.028627,0.33695,0.2334
-0.04513,-0.38419,0,1.1539,0.21177,-0.24122,-0.32119,-0.42684,-0.025308,-0.22839,0.14197,0.11401,0.24834,0.21122,0.50347,0.17632,-0.21454,-0.29221,0.031625,-0.251,-0.36997,-0.22007,-0.36807,-0.44005,0.029038,-0.32435,-0.36913,-0.32089,-0.62526,-0.71313,-0.17186,-0.12166,0.062621,-0.25872,0.10834,-0.35337,0.27705,-0.067569,-0.48735,-0.60049,-0.58371,-0.62109,-0.21873,-0.47027,-0.069817,0.12415,0.12418,-0.12201,0.055993,0.60818,0.43219,0.32541,0.0595,-0.0076731,0.13687,-0.29412,-0.30348,-0.22217,-0.23716,0.44873,0.27435,0.26102,0.28166,-0.2001,0.15111,0.16781,0.1255,-0.63563,-0.2869,-0.018542,-0.10613,-0.033409,-0.034057,0.052488,0.046206,0.22791,0.052306,0.74064,0.43282,0.49707,0.61124,0.79267,1.2842,0.63094,0.45443,0.51323,-0.045428,0.12746,-0.019678,0.14716,0.13008,0.21921,-0.39827,0.18736,0.00035085,0.38588,0.006331,0.1833,-0.54841,0.010154,0.14786,0.24583,0.243,-0.23403,-0.11882
-0.15045,-0.63508,1.1539,0,0.32318,-0.52426,0.07145,-0.32246,0.13637,-0.071152,0.54234,0.12658,0.55979,0.34478,0.2669,0.19072,-0.43757,-0.38001,0.18266,-0.46068,-0.64231,-0.55023,-0.30079,-0.6639,0.3503,-0.080107,-0.8562,-0.54363,-0.59926,-0.71994,0.14902,-0.073861,0.19686,-0.10893,0.26856,-0.1865,0.62101,0.29038,-0.19903,-0.39974,-0.86802,-1.0046,-0.17723,-0.71973,0.056686,0.23017,-0.074301,-0.27816,-0.096213,0.70753,0.49292,0.36006,-0.07079,-0.23084,-0.074128,-0.64481,-0.59355,-0.52254,-0.48437,0.52301,0.29797,-0.085043,-0.07325,-0.34086,0.019895,-0.068406,-0.03225,-0.83346,-0.33075,-0.061158,-0.20805,0.0068751,-0.086006,0.11592,0.077442,0.43524,0.3259,0.6692,0.61696,0.7244,0.78227,0.50055,0.84131,0.30913,0.577,0.81317,0.12737,-0.089041,-0.41566,0.0032083,0.083563,0.099105,-0.34092,0.20275,-0.026571,0.59447,0.21188,0.25521,-0.24418,-0.3648,-0.12951,0.10188,0.2072,-0.34137,-0.055053
0.48188,-0.30989,0.21177,0.32318,0,-0.19741,0.14458,-0.70928,0.46669,-0.36005,0.50994,0.24682,0.36389,0.23014,0.081653,0.22288,-0.40972,-0.11236,0.09619,-0.25298,-0.14664,-0.19027,-0.083822,-0.31861,0.19419,-0.13379,0.075171,0.039885,-0.019283,-0.39926,-0.19484,-0.38883,0.22244,0.18785,0.25288,0.0014854,0.28215,0.048437,0.032734,0.13755,-0.0039688,-0.28018,-0.29161,-0.79,-0.18063,0.016531,-0.10372,-0.16075,0.26719,0.5017,0.40863,-0.10547,0.4897,0.077264,0.27208,-0.18069,-0.18318,-0.11587,-0.021952,0.7578,0.41636,-0.10207,0.071518,-0.31667,0.16954,-0.16461,-0.062434,-0.032651,0.12172,-0.31875,-0.23828,-0.25104,-0.17614,0.10833,-0.12062,0.84032,0.45038,0.46353,0.71169,0.52545,0.65507,-0.16672,0.10132,0.3714,0.63888,0.53716,0.44026,0.10079,-0.18372,-0.2256,-0.19503,0.56132,0.15274,0.56246,0.17161,0.18662,-0.0081627,0.066215,0.059213,-0.089107,-0.094676,0.1458,0.035272,-0.26897,-0.26544
-0.0051897,0.88106,-0.24122,-0.52426,-0.19741,0,-0.39227,0.43642,-0.12218,0.17028,-0.53759,0.19539,-0.27876,-0.12391,0.25888,0.14788,0.39769,0.77201,-0.27829,0.51265,0.72938,0.94538,0.12464,0.76234,-0.35392,0.1628,0.71053,0.55212,0.35811,0.38363,-0.13165,0.18942,0.026298,0.17813,-0.16853,0.1322,-0.41511,-0.17297,-0.32703,0.14862,0.50678,0.83493,0.12908,0.75932,-0.14951,-0.31588,0.70723,0.68371,0.39158,-0.33145,-0.055748,0.074075,0.19995,0.73862,0.30953,0.75484,0.70742,0.62395,0.35714,-0.25605,0.05728,0.49902,0.69642,0.56999,0.60993,0.64429,0.56256,0.25922,0.32607,0.30896,0.51727,0.21782,0.1806,-0.1828,0.027249,-0.54626,0.063976,-0.039392,-0.2013,-0.43051,-0.36828,-0.035035,-0.2597,0.45146,-0.18008,-0.33081,-0.10277,0.56021,0.6966,0.46263,-0.053841,0.12595,0.70194,-0.060752,0.43144,-0.2157,-0.10758,-0.42274,0.15611,0.65928,0.43705,0.26562,0.1111,0.26547,0.28097
0.14704,-0.10591,-0.32119,0.07145,0.14458,-0.39227,0,0.34463,0.46801,0.14711,0.53931,0.24928,0.19071,-0.040487,-0.29307,-0.35476,0.046763,-0.1767,0.22393,-0.084512,-0.30299,-0.63478,0.20117,-0.2027,0.3486,0.12419,-0.2465,-0.12834,0.1291,0.14554,0.33252,-0.10555,0.18415,0.22053,0.23866,0.42599,0.29162,0.49562,1.1253,0.84621,0.04945,0.026988,0.11309,-0.15265,0.20716,0.167,-0.47599,-0.52928,-0.39991,-0.10032,-0.19882,0.025824,-0.046409,-0.25454,-0.095174,-0.25806,-0.24819,-0.23571,-0.2088,0.075494,0.017822,-0.26337,-0.42871,-0.61228,-0.64338,-0.74314,-0.61837,-0.0091184,0.15286,-0.37621,-0.30434,-0.20824,-0.18922,0.063927,-0.06644,0.53086,0.5333,-0.1009,0.11173,0.11238,-0.076222,-0.34303,-0.39676,-0.38606,0.1273,0.033748,0.16919,-0.40052,-0.48392,-0.2977,0.02557,-0.096745,0.00022328,0.26006,0.11199,0.4405,0.7021,-0.023031,0.26221,-0.61865,-0.27258,0.031016,-0.016234,-0.0015165,0.055095
-0.3352,0.65419,-0.42684,-0.32246,-0.70928,0.43642,0.34463,0,0.068463,0.60749,-0.047546,0.20186,-0.034699,-0.14511,-0.13713,-0.34696,0.39114,0.35723,0.15968,0.17177,0.080851,0.024602,0.22412,0.4446,0.054826,0.38481,-0.069104,-0.071516,0.24481,0.59001,0.33928,0.36158,0.10552,0.12186,0.028792,0.47662,-0.037715,0.34968,0.26467,0.42341,0.072842,0.4995,0.31076,0.76711,0.14052,-0.10024,0.18086,0.17869,-0.31731,-0.43443,-0.32606,0.012272,-0.40264,0.016577,-0.10623,0.16074,0.24852,0.17908,0.021124,-0.45657,-0.14428,0.029439,-0.076302,0.12094,-0.039832,0.12155,0.071376,0.10511,0.17807,0.20696,0.28104,0.1656,0.10551,-0.17333,0.070705,-0.40164,0.13479,-0.22318,-0.34558,-0.26652,-0.51682,-0.079385,-0.35835,-0.18744,-0.38857,-0.2017,-0.18448,0.0050651,0.1489,0.18918,0.028414,-0.55326,0.16485,-0.2753,0.05039,-0.16462,0.12728,-0.41073,0.26105,-0.039467,0.13461,0.024664,0.10443,0.28929,0.4001
0.27713,0.13438,-0.025308,0.13637,0.46669,-0.12218,0.46801,0.068463,0,0.14923,0.67737,0.68662,0.21974,-0.024935,0.15092,-0.34113,0.033419,0.049534,0.34211,-0.30078,-0.26463,-0.33261,0.052671,-0.27702,0.74989,0.24521,-0.024436,-0.26365,0.11134,-0.23978,0.12291,-0.099109,-0.085512,-0.24941,-0.086142,-0.18236,0.26091,0.18819,0.13462,0.37539,-0.1223,-0.10649,0.065265,-0.26286,0.030356,0.19747,0.27185,0.11025,0.058995,0.10155,-0.078743,0.09429,-0.12015,-0.24781,-0.074003,-0.34347,-0.16459,-0.12202,-0.20125,0.45698,0.29078,-0.15273,-0.23903,-0.38834,-0.03042,0.023204,0.14055,-0.25374,0.043337,-0.14904,0.16757,0.05296,0.16576,0.12221,0.33351,0.51904,0.66746,-0.093798,0.061921,0.15874,0.10736,-0.026487,-0.042468,-0.044353,0.0091391,0.28361,0.23632,0.33665,-0.094902,0.17795,0.19234,0.17288,0.13203,0.4474,0.19033,0.22496,0.10155,0.00093353,0.057628,-0.28117,-0.049996,0.1085,-0.050315,-0.15923,-0.20663
-0.61519,0.11057,-0.22839,-0.071152,-0.36005,0.17028,0.14711,0.60749,0.14923,0,0.14014,-0.27845,-0.013641,-0.1052,-0.36775,-0.16901,0.0091152,-0.01683,0.3244,-0.059011,0.13283,0.19546,0.49437,0.44663,0.42031,1.1663,-0.22183,-0.11054,0.43153,0.55635,0.50251,0.78945,0.016365,-0.013454,-0.025501,0.16363,0.28873,0.7017,0.12509,-0.017633,-0.20503,0.036268,0.12009,0.39255,-0.037573,-0.26181,0.084702,0.10608,-0.16437,-0.415,-0.36346,0.081219,-0.89946,-0.40346,-0.60177,-0.29344,-0.22501,-0.49129,-0.6567,-0.37587,-0.26275,0.075436,-0.15863,0.10336,0.25117,-0.01475,0.064959,-0.18006,0.41797,0.36898,0.52369,0.073194,-0.07572,-0.25655,-0.023904,-0.52501,-0.17499,-0.22895,-0.26321,-0.12224,-0.27677,0.15426,-0.097555,-0.25939,-0.4833,-0.11532,-0.42707,-0.23586,-0.34315,-0.07795,-0.18073,-0.34355,0.2596,-0.46807,-0.23559,-0.054267,-0.039693,0.1092,0.2783,0.094145,0.3536,0.0060495,0.44633,-0.14562,0.026796
-0.12806,-0.36993,0.14197,0.54234,0.50994,-0.53759,0.53931,-0.047546,0.67737,0.14014,0,0.32873,1.0628,0.5206,-0.3248,-0.14293,-0.69907,-0.24607,0.12348,-0.42147,-1.0613,-0.90503,-0.34913,-0.71188,0.93482,0.39688,-0.58657,-0.56823,-0.26296,-0.36856,0.54137,0.16374,0.52595,0.21955,0.58395,0.23315,1.2178,0.80141,0.27974,0.26106,-0.73605,-0.69105,0.24933,-0.51302,0.13586,0.18853,-0.13655,-0.12447,-0.3605,0.69569,0.41542,-0.11098,-0.3414,-0.70075,-0.38724,-0.86971,-0.39644,-0.43204,-0.28642,0.24224,0.011497,-0.65132,-0.50677,-0.63099,-0.092262,-0.26912,-0.081501,-0.14912,-0.027483,0.07429,-0.098603,-0.039277,-0.051391,0.19753,0.13964,0.86918,0.56702,0.44461,0.7251,0.785,0.70197,-0.15413,-0.026092,-0.21165,0.23006,0.85213,0.37124,-0.045704,-0.51143,-0.20555,-0.0081187,-0.10019,-0.30088,0.23034,-0.099712,0.34775,0.074899,0.30284,-0.022597,-0.88514,-0.47755,-0.36248,-0.22265,-0.4957,-0.4015
0.56402,0.49766,0.11401,0.12658,0.24682,0.19539,0.24928,0.20186,0.68662,-0.27845,0.32873,0,0.16479,0.2686,0.50799,-0.15937,0.099162,0.27542,-0.036055,0.070794,-0.17877,-0.24772,-0.2705,-0.27413,0.10877,-0.16851,0.17928,0.081999,-0.099172,-0.40836,0.15996,-0.13572,-0.0021917,-0.14095,-0.079155,-0.082205,0.023323,-0.067995,-0.058203,0.43449,-0.049417,0.049119,0.29409,-0.029452,0.36582,0.50583,0.38059,0.25331,0.16189,0.3067,0.26684,0.24639,0.32078,0.26631,0.38824,-0.023689,0.1154,0.27992,0.16211,0.44492,0.57736,0.12608,0.21738,-0.17089,-0.031211,0.25774,0.25093,-0.015551,-0.066389,-0.088213,0.090632,0.33271,0.45001,0.42269,0.54614,0.53137,1.147,0.19936,0.16848,0.16307,0.22244,-0.044187,-0.036983,0.2887,0.094963,0.32008,0.59778,0.54128,0.20506,0.61502,0.57888,0.20206,0.12373,0.56765,0.53534,0.26405,0.22243,-0.3169,-0.032821,-0.27257,-0.089087,0.13168,-0.28245,0.031704,-0.043369
-0.40275,-0.4786,0.24834,0.55979,0.36389,-0.27876,0.19071,-0.034699,0.21974,-0.013641,1.0628,0.16479,0,0.89172,-0.24388,-0.10145,-0.732,0.019839,-0.18081,-0.33013,-0.93296,-0.63831,-0.69317,-0.6985,0.6518,0.29731,-0.56646,-0.59214,-0.56839,-0.41774,0.40728,0.25197,1.1946,0.66489,1.1937,0.50665,1.3822,0.8319,0.057227,0.076742,-0.67825,-0.63192,0.32234,-0.32113,-0.061487,-0.076476,-0.015102,0.012587,-0.36277,1.0607,0.91847,-0.21515,-0.22383,-0.42547,-0.16145,-0.39779,-0.043594,-0.11378,0.046147,0.13756,-0.14557,-0.6398,-0.35999,-0.2888,0.048076,-0.011823,0.093545,0.066359,0.059196,0.33206,0.0058765,-0.033515,-0.11546,0.0045928,-0.025805,0.58857,0.40664,0.71845,1.1559,0.99327,0.87553,-0.23176,-0.040186,-0.080471,0.47788,0.8705,0.22344,0.067578,-0.1814,-0.22457,-0.27066,-0.11169,-0.28557,0.066335,-0.10289,0.19657,-0.11686,0.11922,-0.24867,-0.49671,-0.45064,-0.32725,-0.16179,-0.3414,-0.18828
-0.059193,-0.24823,0.21122,0.34478,0.23014,-0.12391,-0.040487,-0.14511,-0.024935,-0.1052,0.5206,0.2686,0.89172,0,-0.056545,0.010701,-0.75702,-0.042527,-0.52871,0.019768,-0.40072,-0.29616,-0.64882,-0.53597,0.1731,0.098997,-0.19651,-0.11946,-0.50692,-0.44772,0.58646,0.51789,0.73227,0.5709,0.5839,0.309,0.69846,0.50334,-0.13059,-0.082138,-0.51175,-0.57795,0.46402,-0.11962,0.33786,0.22685,-0.039239,0.052167,0.023915,1.0211,1.4139,0.054458,0.0048457,-0.1565,0.061687,-0.27283,-0.070226,-0.14673,-0.0061103,0.21684,0.091322,-0.11255,0.055723,-0.032736,0.093717,0.093103,0.11709,0.33649,0.29269,0.39271,0.24607,0.24567,0.14733,0.43288,0.22383,0.38038,0.3104,0.54447,0.77609,0.7025,0.864,-0.18283,-0.0849,-0.045797,0.1291,0.46816,0.37766,-0.0048067,-0.24468,0.085858,0.12251,-0.01376,-0.089501,1.5573e-05,-0.044288,0.23247,-0.0603,0.020943,-0.19239,-0.16341,-0.11644,-0.23847,-0.10294,-0.32891,-0.32987
0.47219,0.28003,0.50347,0.2669,0.081653,0.25888,-0.29307,-0.13713,0.15092,-0.36775,-0.3248,0.50799,-0.24388,-0.056545,0,0.15487,0.55553,0.2413,0.012882,0.022994,0.25798,0.18729,-0.079624,-0.058573,-0.2522,-0.42546,0.19341,0.072951,-0.3161,-0.46863,-0.2469,-0.22399,-0.35711,-0.43494,-0.47448,-0.61507,-0.38674,-0.6077,-0.60674,-0.22893,0.12182,0.10879,-0.06249,0.085938,0.1958,0.48603,0.53778,0.28302,0.60067,-0.029833,0.039581,0.77085,0.5513,0.6267,0.73398,0.34028,0.16058,0.34772,0.17216,0.68334,0.75365,0.47508,0.34086,0.3672,0.2349,0.63108,0.4839,-0.39929,-0.21213,-0.21131,0.23606,0.47247,0.52299,0.26548,0.51042,-0.075114,0.27923,0.11426,-0.076586,-0.072555,0.046304,0.61031,0.50553,0.76577,0.16735,0.054327,0.1427,0.57179,0.45693,0.75261,0.52691,0.70911,0.34373,0.40709,0.48385,0.15712,0.17648,-0.34194,-0.064344,0.37648,0.30519,0.56133,0.25125,0.26845,0.29192
0.044828,0.0082235,0.17632,0.19072,0.22288,0.14788,-0.35476,-0.34696,-0.34113,-0.16901,-0.14293,-0.15937,-0.10145,0.010701,0.15487,0,-0.1745,-0.12249,0.091616,0.35388,0.25584,0.32137,-0.02334,0.12363,-0.30204,-0.16352,0.057024,0.22295,-0.10081,-0.17203,0.014926,-0.038308,-0.15887,-0.037512,-0.22473,-0.24832,-0.13477,-0.19539,-0.47904,-0.33431,-0.14589,-0.16479,-0.17986,-0.26261,0.34345,0.2211,0.20014,0.27348,0.60147,0.081368,0.11765,0.26795,0.35208,0.38296,0.10026,-0.10194,-0.093592,-0.11664,-0.10572,0.24519,0.56349,0.16738,0.34197,0.40435,0.70719,0.29452,0.35001,-0.18333,-0.38955,0.047589,-0.028883,0.38992,0.33082,0.3355,0.22358,-0.076614,0.028789,0.30007,0.17272,0.092249,0.23305,0.264,0.26195,0.56613,0.008104,0.31242,0.52214,0.17042,0.025892,0.35727,0.15507,0.20037,0.29881,-0.092235,0.049329,0.040757,0.15423,-0.20809,0.46268,0.21187,0.20653,-0.094147,0.1551,-0.29801,-0.010662
0.17943,0.5202,-0.21454,-0.43757,-0.40972,0.39769,0.046763,0.39114,0.033419,0.0091152,-0.69907,0.099162,-0.732,-0.75702,0.55553,-0.1745,0,0.41783,0.23381,0.29287,0.58699,0.41193,0.32391,0.45649,-0.2442,-0.13436,0.45911,0.25724,0.15252,0.26225,-0.30493,-0.18964,-0.49746,-0.35381,-0.52505,-0.21859,-0.71096,-0.48966,-0.011664,0.24888,0.67337,0.91445,0.073896,0.64788,-0.024615,0.03879,0.3238,0.19746,0.18553,-0.95303,-0.82368,0.3281,0.24437,0.4858,0.39534,0.75006,0.54689,0.6066,0.36505,-0.031482,0.10821,0.34574,0.040742,0.43704,-0.052071,0.29381,0.16724,-0.035923,-0.040788,-0.18025,0.1901,0.19081,0.28146,-0.22957,0.13092,-0.47092,-0.060261,-0.45941,-0.62784,-0.64724,-0.77437,0.21143,-0.065761,0.16683,-0.16933,-0.52227,-0.20637,0.29432,0.63633,0.30454,0.13935,0.32325,0.45381,0.076281,0.32319,-0.15661,0.25718,-0.481,0.083587,0.3992,0.30461,0.44177,0.20503,0.5961,0.54889
-0.11456,0.46575,-0.29221,-0.38001,-0.11236,0.77201,-0.1767,0.35723,0.049534,-0.01683,-0.24607,0.27542,0.019839,-0.042527,0.2413,-0.12249,0.41783,0,-0.16385,0.35366,0.35886,0.42612,0.053676,0.44106,0.05783,0.22746,0.47507,0.32662,0.25967,0.29022,-0.1566,0.025404,0.13015,0.21732,0.038063,0.18237,-0.18391,-0.051617,-0.05025,0.3873,0.52825,0.65717,0.29726,0.52124,-0.22209,-0.27552,0.58458,0.51544,-0.078654,-0.173,0.044281,-0.15302,0.11022,0.30777,0.2373,0.61792,0.91794,0.92431,0.58053,-0.27136,-0.084463,0.05409,0.14641,0.38951,0.39654,0.55604,0.46439,0.33457,0.24291,0.19001,0.30086,0.14228,0.16177,-0.23878,0.014978,-0.23693,0.18061,-0.13645,-0.083595,-0.30905,-0.33949,-0.099682,-0.21772,0.13041,0.12932,-0.08721,-0.14506,0.74052,0.77018,0.23339,-0.22277,0.19936,0.40981,-0.10874,0.11062,-0.27091,-0.16454,-0.41542,0.10478,0.24519,0.082648,0.16996,-0.10269,0.059043,0.1206
-0.038902,0.032006,0.031625,0.18266,0.09619,-0.27829,0.22393,0.15968,0.34211,0.3244,0.12348,-0.036055,-0.18081,-0.52871,0.012882,0.091616,0.23381,-0.16385,0,-0.2978,0.020465,-0.13213,0.49989,0.18082,0.29224,0.10427,-0.3002,-0.26281,0.24206,0.1103,-0.076373,-0.21235,-0.43831,-0.51718,-0.26339,-0.16749,-0.03169,0.070728,0.075855,-0.011753,-0.15528,-0.073856,-0.3992,-0.27596,-0.034189,0.027576,-0.061136,-0.11225,-0.035809,-0.31782,-0.54883,0.029518,-0.17214,-0.1287,-0.10326,-0.35674,-0.33667,-0.34073,-0.42396,0.25953,0.33013,-0.01862,-0.26392,-0.010465,0.11087,-0.063033,-0.058962,-0.46565,-0.25722,-0.2582,-0.1609,-0.031729,0.023723,-0.16933,0.013761,-0.052089,0.059498,-0.15573,-0.21621,0.018548,-0.12846,0.25657,0.33148,0.09223,-0.0084304,0.29862,0.053186,-0.13973,-0.18714,-0.064743,-0.091445,-0.096326,0.085532,-0.084877,-0.21267,-0.27585,-0.021782,-0.28631,0.33374,-0.073086,0.20129,0.18948,0.41891,-0.032811,0.20978
0.014288,0.36377,-0.251,-0.46068,-0.25298,0.51265,-0.084512,0.17177,-0.30078,-0.059011,-0.42147,0.070794,-0.33013,0.019768,0.022994,0.35388,0.29287,0.35366,-0.2978,0,0.56171,0.59872,-0.038304,0.38019,-0.33254,-0.057727,0.8219,0.88779,0.1625,0.19127,0.16283,0.23033,-0.10861,0.12914,-0.19894,0.022587,-0.30313,-0.11592,-0.069894,0.26493,0.3566,0.46686,0.48587,0.42603,0.39392,0.048772,0.3017,0.29262,0.26283,-0.19796,-0.034054,0.10749,0.22403,0.3433,0.09849,0.36557,0.60043,0.4065,0.3013,-0.28175,0.09238,0.48927,0.49812,0.40142,0.29501,0.30111,0.23883,0.5373,0.13899,0.35039,0.33895,0.36457,0.43628,0.14912,0.19607,-0.21813,-0.037183,-0.096874,-0.14817,-0.27412,-0.23124,0.014407,-0.22447,0.08795,-0.37998,-0.24178,0.24645,0.31109,0.36543,0.4302,0.17442,0.05802,0.35441,-0.3543,-0.019173,0.069541,0.33843,-0.40424,0.19857,0.32391,0.3909,-0.1284,-0.096196,-0.2203,-0.21969
0.24763,0.47709,-0.36997,-0.64231,-0.14664,0.72938,-0.30299,0.080851,-0.26463,0.13283,-1.0613,-0.17877,-0.93296,-0.40072,0.25798,0.25584,0.58699,0.35886,0.020465,0.56171,0,1.3483,0.68658,1.0626,-0.61069,-0.075481,0.87478,0.94707,0.63601,0.49487,-0.30788,-0.0081026,-0.48988,-0.11162,-0.63107,-0.16391,-0.90174,-0.44741,-0.19002,-0.052137,0.88091,0.7733,-0.19994,0.48072,-0.039439,-0.1831,0.24216,0.22023,0.64458,-0.79637,-0.41309,0.14986,0.3899,0.72872,0.39738,0.68515,0.32056,0.27053,0.080078,-0.043649,0.23304,0.80771,0.56506,0.70434,0.37201,0.27992,0.17275,0.22956,0.37455,-0.056133,0.35581,0.14011,0.13054,-0.11927,-0.063713,-0.68113,-0.26796,-0.46061,-0.59417,-0.63632,-0.60281,0.053388,-0.14553,0.27131,-0.29462,-0.66259,-0.16613,0.11276,0.33182,0.24456,-0.053642,0.2702,0.92446,-0.19015,0.15264,-0.26992,0.029629,-0.43973,0.39732,1.1087,0.79802,0.4645,0.42058,0.27025,0.26299
-0.041634,0.37437,-0.22007,-0.55023,-0.19027,0.94538,-0.63478,0.024602,-0.33261,0.19546,-0.90503,-0.24772,-0.63831,-0.29616,0.18729,0.32137,0.41193,0.42612,-0.13213,0.59872,1.3483,0,0.32087,0.87906,-0.44061,0.10216,0.85898,0.857,0.4196,0.32253,-0.25449,0.13385,-0.32627,-0.094015,-0.43972,-0.22039,-0.5849,-0.36226,-0.48801,-0.20853,0.54514,0.61609,-0.0010248,0.57406,-0.19719,-0.37419,0.5232,0.48291,0.62315,-0.52511,-0.25103,0.080227,0.21412,0.58757,0.18369,0.67669,0.51086,0.36348,0.18939,-0.18497,0.023949,0.61149,0.55527,0.87301,0.60334,0.53349,0.44864,0.20296,0.2572,0.32193,0.54244,0.20317,0.1486,-0.30773,-0.078383,-0.75071,-0.35757,-0.24867,-0.39563,-0.45099,-0.36501,0.096183,-0.086149,0.30266,-0.30744,-0.46225,-0.1921,0.33192,0.5097,0.28119,-0.18164,0.20807,0.73552,-0.27271,0.1376,-0.25752,-0.12871,-0.22579,0.13142,1.0263,0.62204,0.20568,0.21255,0.16956,0.1643
0.1658,0.26912,-0.36807,-0.30079,-0.083822,0.12464,0.20117,0.22412,0.052671,0.49437,-0.34913,-0.2705,-0.69317,-0.64882,-0.079624,-0.02334,0.32391,0.053676,0.49989,-0.038304,0.68658,0.32087,0,0.94595,-0.17796,0.14237,0.11223,0.26973,1.0769,0.88285,-0.25399,-0.12453,-0.52819,-0.25079,-0.54538,-0.036593,-0.50531,-0.090275,0.36993,0.091261,0.54189,0.43478,-0.60605,0.106,-0.11358,-0.16505,-0.23269,-0.28628,0.028119,-0.94652,-0.74419,0.023518,-0.069759,0.093215,-0.0046315,0.044248,-0.32559,-0.27994,-0.51061,-0.10341,0.1233,0.38456,0.10864,-0.0096607,0.040774,-0.30821,-0.34168,-0.17307,0.35553,-0.54928,-0.078994,-0.27161,-0.28845,-0.13674,-0.2742,-0.41654,-0.22102,-0.60499,-0.6875,-0.61636,-0.78451,0.13394,-0.0062605,-0.032101,-0.18857,-0.52497,-0.45111,-0.36239,-0.24444,-0.17432,-0.13659,-0.0070797,0.39752,-0.12043,-0.10469,-0.1569,0.095971,-0.086893,0.67619,0.34762,0.53,0.56823,0.6014,0.118,0.19593
-0.036075,0.65898,-0.44005,-0.6639,-0.31861,0.76234,-0.2027,0.4446,-0.27702,0.44663,-0.71188,-0.27413,-0.6985,-0.53597,-0.058573,0.12363,0.45649,0.44106,0.18082,0.38019,1.0626,0.87906,0.94595,0,-0.45038,0.17749,0.47657,0.54552,0.91275,1.1682,-0.29601,0.059934,-0.31462,-0.038001,-0.42165,0.12794,-0.66228,-0.17956,0.057882,0.11359,0.71145,0.9472,-0.25726,0.60286,-0.19271,-0.41553,0.11404,0.10861,0.12665,-0.92997,-0.54167,-0.066186,-0.0088097,0.39492,0.1017,0.49748,0.24726,0.20777,-0.022372,-0.42037,-0.014276,0.52285,0.42388,0.38525,0.39958,0.11681,0.022155,0.17358,0.40928,-0.090255,0.16841,-0.11729,-0.14002,-0.30994,-0.30708,-0.83604,-0.36767,-0.38777,-0.60075,-0.75763,-0.84284,0.10127,-0.13165,0.16174,-0.31253,-0.60253,-0.43651,-0.015169,0.2532,0.023264,-0.2561,-0.063829,0.53909,-0.30917,-0.02763,-0.40043,-0.075936,-0.30461,0.52958,0.68564,0.68486,0.40578,0.42657,0.22902,0.27864
-0.46461,-0.35835,0.029038,0.3503,0.19419,-0.35392,0.3486,0.054826,0.74989,0.42031,0.93482,0.10877,0.6518,0.1731,-0.2522,-0.30204,-0.2442,0.05783,0.29224,-0.33254,-0.61069,-0.44061,-0.17796,-0.45038,0,0.79132,-0.43469,-0.54981,-0.090869,-0.20295,0.46103,0.29501,0.25062,0.015363,0.35282,0.026014,0.92715,0.77841,0.17577,0.18424,-0.52695,-0.46682,0.3275,-0.25658,-0.10556,-0.059425,0.13631,0.10508,-0.39225,0.28004,0.081207,-0.072239,-0.66484,-0.85768,-0.65074,-0.64411,-0.14463,-0.31432,-0.29227,0.00049134,-0.23927,-0.55742,-0.64644,-0.28725,0.03901,-0.017606,0.14054,-0.23458,-0.0074651,0.31715,0.19263,0.039031,0.027096,-0.11418,0.17489,0.3143,0.31133,-0.012365,0.27627,0.33965,0.24437,-0.041523,-0.0086523,-0.40011,0.072546,0.50694,0.012373,0.13486,-0.28814,-0.12673,-0.15027,-0.072129,-0.12935,-0.077556,-0.24739,0.15928,-0.063371,0.24893,-0.11828,-0.53755,-0.30466,-0.27952,-0.10053,-0.53285,-0.34593
-0.6892,-0.013546,-0.32435,-0.080107,-0.13379,0.1628,0.12419,0.38481,0.24521,1.1663,0.39688,-0.16851,0.29731,0.098997,-0.42546,-0.16352,-0.13436,0.22746,0.10427,-0.057727,-0.075481,0.10216,0.14237,0.17749,0.79132,0,-0.16305,-0.11908,0.29475,0.34723,0.66384,0.86149,0.26401,0.1939,0.22456,0.21612,0.5753,0.869,0.13027,0.16521,-0.23089,-0.033918,0.43332,0.34023,-0.086431,-0.23736,0.19228,0.31434,-0.26808,-0.15609,-0.12232,-0.05999,-0.83355,-0.55227,-0.73065,-0.28531,0.010141,-0.25078,-0.30836,-0.43213,-0.43212,-0.28438,-0.36808,0.11729,0.33705,0.080796,0.23784,-0.015719,0.36621,0.57594,0.54633,0.15966,0.020031,-0.21277,0.073127,-0.27239,-0.0071443,-0.1129,0.022144,0.0087071,-0.06996,-0.060035,-0.27388,-0.35859,-0.28426,0.10166,-0.22549,0.018984,-0.23307,-0.12965,-0.25653,-0.13492,0.25317,-0.37702,-0.20592,-0.061752,-0.14631,0.23655,0.20816,-0.14374,-0.033337,-0.27611,0.064597,-0.3311,-0.17019
0.43205,0.506,-0.36913,-0.8562,0.075171,0.71053,-0.2465,-0.069104,-0.024436,-0.22183,-0.58657,0.17928,-0.56646,-0.19651,0.19341,0.057024,0.45911,0.47507,-0.3002,0.8219,0.87478,0.85898,0.11223,0.47657,-0.43469,-0.16305,0,1.1818,0.43115,0.19352,-0.28417,-0.08112,-0.24596,0.0049887,-0.33958,-0.11905,-0.62036,-0.49611,-0.13073,0.28782,0.89711,0.80587,0.17621,0.41364,-0.04211,-0.12334,0.36775,0.36777,0.49807,-0.33787,-0.17042,-0.096804,0.51746,0.57948,0.40246,0.75554,0.7408,0.68252,0.5428,-0.078193,0.08328,0.53706,0.56361,0.38291,0.23799,0.3137,0.25521,0.63884,0.33976,0.090485,0.32702,0.10647,0.2546,-0.030766,0.039588,-0.16272,-0.062318,-0.2378,-0.2706,-0.41906,-0.32137,-0.18697,-0.33761,0.21329,-0.23257,-0.46291,0.10302,0.46981,0.62397,0.26009,0.026986,0.40375,0.5495,0.025119,0.23645,-0.19504,-0.03274,-0.32028,0.053453,0.60043,0.37202,0.12337,-0.1404,0.11278,-0.13591
0.35302,0.29301,-0.32089,-0.54363,0.039885,0.55212,-0.12834,-0.071516,-0.26365,-0.11054,-0.56823,0.081999,-0.59214,-0.11946,0.072951,0.22295,0.25724,0.32662,-0.26281,0.88779,0.94707,0.857,0.26973,0.54552,-0.54981,-0.11908,1.1818,0,0.55383,0.2429,-0.10539,-0.04646,-0.25138,0.028994,-0.3085,-0.065649,-0.52209,-0.31561,-0.025063,0.21181,0.72152,0.57825,0.11814,0.31484,0.073459,-0.077544,0.12116,0.12687,0.39024,-0.32494,-0.11445,-0.034043,0.52428,0.56121,0.29816,0.51598,0.39701,0.35051,0.23457,-0.122,0.12252,0.61356,0.60783,0.34839,0.17145,0.082698,0.032215,0.47503,0.34109,0.06395,0.16886,0.10012,0.12762,-0.014905,-0.070308,-0.15237,-0.025063,-0.15213,-0.21603,-0.30835,-0.2226,-0.16564,-0.25632,0.18904,-0.14391,-0.37281,0.13704,0.1439,0.24471,0.13789,-0.0078401,0.29356,0.54845,-0.07573,0.18157,-0.006207,0.16698,-0.19541,0.20018,0.41322,0.31946,0.10183,-0.094674,0.015115,-0.096033
0.13094,0.40543,-0.62526,-0.59926,-0.019283,0.35811,0.1291,0.24481,0.11134,0.43153,-0.26296,-0.099172,-0.56839,-0.50692,-0.3161,-0.10081,0.15252,0.25967,0.24206,0.1625,0.63601,0.4196,1.0769,0.91275,-0.090869,0.29475,0.43115,0.55383,0,0.96938,-0.13859,-0.042034,-0.36301,-0.087325,-0.37694,0.077291,-0.42644,-0.020834,0.39171,0.33249,0.64461,0.5585,-0.33584,0.15533,-0.20865,-0.31797,-0.11902,-0.070824,-0.050449,-0.68057,-0.53087,-0.2956,-0.12154,0.040997,-0.17575,0.090166,-0.05234,-0.080165,-0.25988,-0.39857,-0.10601,0.29908,0.23989,-0.060161,0.10934,-0.24636,-0.23307,0.15447,0.45882,-0.20823,0.0037083,-0.2897,-0.24761,-0.1769,-0.27502,-0.32166,-0.13185,-0.60864,-0.58702,-0.66189,-0.72513,-0.18103,-0.27762,-0.15209,-0.26335,-0.49834,-0.29927,-0.16704,-0.14251,-0.18533,-0.20767,-0.096406,0.36596,-0.2106,-0.12308,-0.26997,-0.10718,-0.016448,0.56495,0.21046,0.30345,0.20797,0.13103,-0.052378,-0.085876
-0.16979,0.44461,-0.71313,-0.71994,-0.39926,0.38363,0.14554,0.59001,-0.23978,0.55635,-0.36856,-0.40836,-0.41774,-0.44772,-0.46863,-0.17203,0.26225,0.29022,0.1103,0.19127,0.49487,0.32253,0.88285,1.1682,-0.20295,0.34723,0.19352,0.2429,0.96938,0,-0.10288,0.15532,-0.069569,0.20788,-0.12696,0.46732,-0.35407,0.12308,0.56538,0.38149,0.62555,0.77763,-0.18599,0.52268,-0.21186,-0.45587,-0.26724,-0.15798,-0.31279,-0.85542,-0.55575,-0.2579,-0.28825,0.006288,-0.17765,0.27872,0.11076,0.043822,-0.091036,-0.79234,-0.37539,0.15725,0.093836,0.02071,0.03792,-0.28554,-0.33577,0.29867,0.53409,-0.16105,-0.034735,-0.3694,-0.38702,-0.28988,-0.45284,-0.63208,-0.39631,-0.52456,-0.5343,-0.79641,-1.0175,-0.15065,-0.39758,-0.27067,-0.30944,-0.72106,-0.59963,-0.35157,-0.046949,-0.31968,-0.33688,-0.29249,0.22659,-0.36794,-0.19645,-0.36249,-0.057217,-0.091867,0.52338,0.25407,0.30558,0.20599,0.27934,0.15553,0.16107
-0.33461,-0.064782,-0.17186,0.14902,-0.19484,-0.13165,0.33252,0.33928,0.12291,0.50251,0.54137,0.15996,0.40728,0.58646,-0.2469,0.014926,-0.30493,-0.1566,-0.076373,0.16283,-0.30788,-0.25449,-0.25399,-0.29601,0.46103,0.66384,-0.28417,-0.10539,-0.13859,-0.10288,0,1.0144,0.26035,0.19647,0.1961,0.14363,0.63498,0.78395,0.067037,0.11947,-0.59082,-0.3836,0.77842,0.17079,0.73248,0.45486,0.017909,0.18242,-0.096924,0.18716,0.19871,0.2498,-0.47851,-0.46593,-0.49974,-0.52606,-0.16642,-0.39589,-0.31894,-0.11048,-0.029181,-0.2172,-0.30094,0.087735,0.050357,0.034998,0.1555,0.061089,0.091385,0.59287,0.49214,0.64586,0.47613,0.42307,0.58502,0.021113,0.2587,0.068315,0.16939,0.30098,0.27602,-0.059749,-0.25044,-0.38549,-0.43434,0.30289,0.37301,-0.13086,-0.49077,0.19908,0.35161,-0.23617,0.091177,-0.33147,-0.16148,0.22573,0.22485,0.061221,0.24068,-0.41609,-0.15677,-0.57858,-0.11588,-0.40227,-0.26761
-0.55876,0.06382,-0.12166,-0.073861,-0.38883,0.18942,-0.10555,0.36158,-0.099109,0.78945,0.16374,-0.13572,0.25197,0.51789,-0.22399,-0.038308,-0.18964,0.025404,-0.21235,0.23033,-0.0081026,0.13385,-0.12453,0.059934,0.29501,0.86149,-0.08112,-0.04646,-0.042034,0.15532,1.0144,0,0.30854,0.26955,0.17867,0.19363,0.4698,0.67971,-0.13048,-0.12099,-0.39359,-0.17211,0.66235,0.50839,0.3629,0.080967,0.20353,0.39862,-0.025553,0.02417,0.15209,0.15686,-0.63077,-0.36135,-0.41245,-0.24449,0.016754,-0.27472,-0.26681,-0.33481,-0.23517,0.064751,-0.048584,0.34639,0.36538,0.28293,0.35968,0.21294,0.42981,0.84737,0.90933,0.51118,0.35324,0.20395,0.38078,-0.41976,-0.157,0.022249,0.016859,0.093988,0.061505,0.092625,-0.17773,-0.23597,-0.60192,0.023676,-0.090617,-0.030886,-0.1898,0.19324,0.13565,-0.19909,0.18076,-0.60945,-0.27619,-0.074674,-0.1472,0.010026,0.080206,0.11913,0.25022,-0.32077,0.18401,-0.34561,-0.27043
-0.39394,-0.32177,0.062621,0.19686,0.22244,0.026298,0.18415,0.10552,-0.085512,0.016365,0.52595,-0.0021917,1.1946,0.73227,-0.35711,-0.15887,-0.49746,0.13015,-0.43831,-0.10861,-0.48988,-0.32627,-0.52819,-0.31462,0.25062,0.26401,-0.24596,-0.25138,-0.36301,-0.069569,0.26035,0.30854,0,1.3885,1.8018,1.0535,0.8899,0.79044,0.22178,0.22955,-0.23897,-0.19077,0.31868,-0.0025882,-0.22334,-0.35462,-0.11126,-0.018249,-0.37441,0.63143,0.73953,-0.3385,-0.062939,-0.13948,0.034438,-0.0037402,0.19442,0.08948,0.24396,-0.11324,-0.35561,-0.3732,-0.12279,-0.18913,0.009413,-0.10757,-0.035283,0.38899,0.39621,0.32333,0.00042058,-0.21867,-0.322,-0.17595,-0.31651,0.34669,0.23213,0.72874,1.0185,0.64805,0.51891,-0.4354,-0.30634,-0.006189,0.49194,0.37849,0.0092082,-0.046398,-0.020023,-0.39807,-0.49179,-0.06792,-0.12336,0.032829,0.040599,0.10425,-0.1035,0.014098,-0.26883,-0.20509,-0.29019,-0.1678,-0.056978,-0.097509,-0.016469
-0.24134,-0.17784,-0.25872,-0.10893,0.18785,0.17813,0.22053,0.12186,-0.24941,-0.013454,0.21955,-0.14095,0.66489,0.5709,-0.43494,-0.037512,-0.35381,0.21732,-0.51718,0.12914,-0.11162,-0.094015,-0.25079,-0.038001,0.015363,0.1939,0.0049887,0.028994,-0.087325,0.20788,0.19647,0.26955,1.3885,0,1.0638,1.2719,0.4534,0.60153,0.36418,0.36477,0.11581,0.074547,0.2197,0.10195,-0.16653,-0.39621,-0.23296,-0.071755,-0.2174,0.31546,0.55414,-0.34149,0.10227,0.053301,0.12532,0.21029,0.29265,0.16116,0.30116,-0.215,-0.31959,-0.22225,0.011317,-0.050236,0.022107,-0.19111,-0.14797,0.67483,0.59301,0.20207,-0.0080479,-0.24105,-0.33961,-0.12417,-0.39718,0.16731,0.13197,0.37842,0.66371,0.28968,0.21705,-0.64521,-0.59115,-0.076915,0.3591,0.059712,0.014931,-0.16221,-0.033626,-0.4172,-0.51818,-0.027993,0.12792,-0.057396,0.050824,0.021096,-0.0060747,-0.13082,0.017029,-0.00089308,-0.15083,-0.086515,0.022024,-0.025509,0.04483
-0.46339,-0.52662,0.10834,0.26856,0.25288,-0.16853,0.23866,0.028792,-0.086142,-0.025501,0.58395,-0.079155,1.1937,0.5839,-0.47448,-0.22473,-0.52505,0.038063,-0.26339,-0.19894,-0.63107,-0.43972,-0.54538,-0.42165,0.35282,0.22456,-0.33958,-0.3085,-0.37694,-0.12696,0.1961,0.17867,1.8018,1.0638,0,0.9762,1.0038,0.80862,0.29481,0.20733,-0.30701,-0.29507,0.25929,-0.14694,-0.33487,-0.42938,-0.22455,-0.14003,-0.55278,0.67398,0.63929,-0.49441,-0.11441,-0.2762,-0.063585,-0.10054,0.141,0.029014,0.22118,-0.12811,-0.46322,-0.49655,-0.26102,-0.28681,-0.11649,-0.22163,-0.14931,0.32972,0.26111,0.30263,-0.15236,-0.34614,-0.42944,-0.30924,-0.42874,0.44582,0.17276,0.69216,1.0125,0.76499,0.56808,-0.46843,-0.22114,-0.10217,0.58709,0.47712,-0.014215,-0.13566,-0.080823,-0.59013,-0.63558,-0.15079,-0.30082,-0.020181,-0.094064,0.051275,-0.15856,0.080479,-0.39474,-0.34695,-0.42017,-0.2515,-0.1258,-0.14846,-0.060549
-0.26461,0.010125,-0.35337,-0.1865,0.0014854,0.1322,0.42599,0.47662,-0.18236,0.16363,0.23315,-0.082205,0.50665,0.309,-0.61507,-0.24832,-0.21859,0.18237,-0.16749,0.022587,-0.16391,-0.22039,-0.036593,0.12794,0.026014,0.21612,-0.11905,-0.065649,0.077291,0.46732,0.14363,0.19363,1.0535,1.2719,0.9762,0,0.3844,0.70254,0.6589,0.55545,0.11402,0.2031,0.1349,0.18095,-0.21018,-0.48712,-0.36828,-0.20182,-0.49894,0.11778,0.25308,-0.46484,-0.048997,-0.0032082,0.082791,0.13847,0.19566,0.10523,0.18986,-0.3537,-0.36532,-0.21512,-0.057642,-0.20245,-0.14605,-0.35996,-0.35138,0.61103,0.5698,0.065102,-0.18553,-0.41978,-0.49473,-0.25935,-0.5411,0.12893,0.14853,0.25888,0.41613,0.18424,0.0054654,-0.67826,-0.61243,-0.16779,0.26855,0.011009,-0.1024,-0.32755,-0.066,-0.51803,-0.56039,-0.31811,-0.0087892,-0.07648,0.011588,-0.12486,-0.027413,-0.24104,0.035315,-0.12849,-0.1215,0.001192,0.074144,0.11276,0.19365
-0.55202,-0.6425,0.27705,0.62101,0.28215,-0.41511,0.29162,-0.037715,0.26091,0.28873,1.2178,0.023323,1.3822,0.69846,-0.38674,-0.13477,-0.71096,-0.18391,-0.03169,-0.30313,-0.90174,-0.5849,-0.50531,-0.66228,0.92715,0.5753,-0.62036,-0.52209,-0.42644,-0.35407,0.63498,0.4698,0.8899,0.4534,1.0038,0.3844,0,1.2433,0.13705,0.038259,-0.88146,-0.7828,0.39952,-0.30493,-0.023821,-0.07487,-0.078027,-0.042312,-0.42348,0.76438,0.56403,-0.1302,-0.46146,-0.70533,-0.43248,-0.67647,-0.22313,-0.41022,-0.24332,0.049539,-0.25156,-0.5235,-0.44154,-0.33457,0.025646,-0.13871,0.019873,-0.059085,0.12034,0.44272,0.091633,-0.023066,-0.12245,-0.040645,-0.0020908,0.49769,0.29176,0.60287,0.90877,0.97097,0.7968,-0.10912,0.018287,-0.19229,0.28221,0.80604,0.11977,-0.087702,-0.41121,-0.30224,-0.25057,-0.12905,-0.28864,-0.059544,-0.21322,0.2931,-0.042209,0.2954,-0.2743,-0.55995,-0.34711,-0.38426,-0.065914,-0.5358,-0.33464
-0.65161,-0.32867,-0.067569,0.29038,0.048437,-0.17297,0.49562,0.34968,0.18819,0.7017,0.80141,-0.067995,0.8319,0.50334,-0.6077,-0.19539,-0.48966,-0.051617,0.070728,-0.11592,-0.44741,-0.36226,-0.090275,-0.17956,0.77841,0.869,-0.49611,-0.31561,-0.020834,0.12308,0.78395,0.67971,0.79044,0.60153,0.80862,0.70254,1.2433,0,0.40513,0.24701,-0.50901,-0.3724,0.35658,-0.040747,0.0037206,-0.22609,-0.1699,-0.096696,-0.48388,0.30155,0.29392,-0.12772,-0.60146,-0.58883,-0.4879,-0.53243,-0.19886,-0.46762,-0.39725,-0.19983,-0.3059,-0.30602,-0.32381,-0.2497,0.040442,-0.24874,-0.1169,0.077101,0.42619,0.42388,0.17734,-0.070426,-0.2101,-0.12246,-0.11294,0.18198,0.25083,0.26108,0.49557,0.48673,0.2988,-0.2253,-0.22964,-0.33818,0.072789,0.3947,-0.038114,-0.28738,-0.52293,-0.32901,-0.33444,-0.32908,-0.03519,-0.27278,-0.24387,0.19586,0.058673,0.090651,0.028638,-0.38002,-0.10048,-0.22237,0.15436,-0.43702,-0.17214
0.087734,-0.084417,-0.48735,-0.19903,0.032734,-0.32703,1.1253,0.26467,0.13462,0.12509,0.27974,-0.058203,0.057227,-0.13059,-0.60674,-0.47904,-0.011664,-0.05025,0.075855,-0.069894,-0.19002,-0.48801,0.36993,0.057882,0.17577,0.13027,-0.13073,-0.025063,0.39171,0.56538,0.067037,-0.13048,0.22178,0.36418,0.29481,0.6589,0.13705,0.40513,0,0.91003,0.31693,0.21388,-0.032678,-0.065803,-0.068255,-0.13372,-0.83115,-0.71569,-0.73602,-0.22083,-0.24358,-0.28669,-0.12032,-0.30791,-0.15987,-0.11238,-0.17091,-0.15128,-0.1213,-0.32739,-0.33907,-0.24316,-0.31251,-0.72366,-0.68364,-1.1304,-1.027,0.25613,0.37221,-0.48616,-0.54908,-0.63154,-0.56259,-0.07723,-0.43437,0.30963,0.13864,-0.25118,-0.0071797,-0.18143,-0.34336,-0.47884,-0.50005,-0.56313,0.14641,-0.26585,-0.18317,-0.61091,-0.44103,-0.67374,-0.21961,-0.16808,-0.1613,0.10816,-0.07841,0.16092,0.34199,0.11508,0.20279,-0.48022,-0.26164,0.077339,-0.046292,-0.0045668,-0.0443
0.24943,0.35738,-0.60049,-0.39974,0.13755,0.14862,0.84621,0.42341,0.37539,-0.017633,0.26106,0.43449,0.076742,-0.082138,-0.22893,-0.33431,0.24888,0.3873,-0.011753,0.26493,-0.052137,-0.20853,0.091261,0.11359,0.18424,0.16521,0.28782,0.21181,0.33249,0.38149,0.11947,-0.12099,0.22955,0.36477,0.20733,0.55545,0.038259,0.24701,0.91003,0,0.47616,0.57621,0.33472,0.1973,0.033287,-0.029875,-0.16948,-0.13409,-0.3291,-0.18699,-0.15668,-0.12944,0.13406,0.045001,0.070978,0.20825,0.35915,0.3686,0.31324,-0.20432,-0.089365,-0.17332,-0.10745,-0.34241,-0.28191,-0.34632,-0.31168,0.43988,0.30706,-0.21991,-0.2039,-0.20924,-0.097611,-0.027651,-0.10169,0.34886,0.5395,-0.12819,0.099832,-0.21287,-0.27256,-0.53128,-0.7141,-0.2317,0.10258,-0.12525,0.19759,0.036709,0.050591,-0.15565,-0.057925,0.089466,0.19292,0.30892,0.28559,0.14144,0.41448,-0.19576,0.24725,-0.38591,-0.24455,0.038284,-0.27044,0.077424,0.010649
0.45991,0.43028,-0.58371,-0.86802,-0.0039688,0.50678,0.04945,0.072842,-0.1223,-0.20503,-0.73605,-0.049417,-0.67825,-0.51175,0.12182,-0.14589,0.67337,0.52825,-0.15528,0.3566,0.88091,0.54514,0.54189,0.71145,-0.52695,-0.23089,0.89711,0.72152,0.64461,0.62555,-0.59082,-0.39359,-0.23897,0.11581,-0.30701,0.11402,-0.88146,-0.50901,0.31693,0.47616,0,1.2922,-0.19817,0.39556,-0.28567,-0.27432,-0.062314,-0.079018,0.14856,-0.72305,-0.42283,-0.12787,0.52415,0.59158,0.47909,1.0239,0.52118,0.63839,0.46667,-0.1863,-0.050649,0.33457,0.29547,0.1627,-0.095663,-0.099056,-0.20398,0.44582,0.40891,-0.4306,-0.093009,-0.29246,-0.19123,-0.22843,-0.34428,-0.25327,-0.13178,-0.49964,-0.43086,-0.79724,-0.7814,-0.28043,-0.42885,0.048316,0.040431,-0.86777,-0.25558,0.060414,0.4086,-0.11979,-0.19865,0.35791,0.50035,0.15147,0.27147,-0.20269,0.10109,-0.26272,0.25226,0.48524,0.22002,0.47069,0.05758,0.46421,0.26094
0.21565,0.82835,-0.62109,-1.0046,-0.28018,0.83493,0.026988,0.4995,-0.10649,0.036268,-0.69105,0.049119,-0.63192,-0.57795,0.10879,-0.16479,0.91445,0.65717,-0.073856,0.46686,0.7733,0.61609,0.43478,0.9472,-0.46682,-0.033918,0.80587,0.57825,0.5585,0.77763,-0.3836,-0.17211,-0.19077,0.074547,-0.29507,0.2031,-0.7828,-0.3724,0.21388,0.57621,1.2922,0,0.03605,0.83743,-0.20938,-0.29602,0.16629,0.14419,0.086329,-0.89178,-0.55935,-0.052376,0.28,0.594,0.35694,1.1274,0.76255,0.82607,0.54662,-0.36827,-0.096764,0.30781,0.27663,0.29105,0.031627,0.10802,-0.00028944,0.40598,0.31745,-0.17029,0.085469,-0.11535,-0.043052,-0.32676,-0.22645,-0.45517,-0.10024,-0.40436,-0.48654,-0.84242,-0.90461,-0.17573,-0.47133,0.091605,-0.16685,-0.76984,-0.24748,0.20332,0.62514,0.060816,-0.14217,0.14941,0.52065,0.067413,0.34149,-0.26859,0.11946,-0.38233,0.26338,0.4373,0.26127,0.35221,0.03326,0.59181,0.41684
-0.27422,0.087965,-0.21873,-0.17723,-0.29161,0.12908,0.11309,0.31076,0.065265,0.12009,0.24933,0.29409,0.32234,0.46402,-0.06249,-0.17986,0.073896,0.29726,-0.3992,0.48587,-0.19994,-0.0010248,-0.60605,-0.25726,0.3275,0.43332,0.17621,0.11814,-0.33584,-0.18599,0.77842,0.66235,0.31868,0.2197,0.25929,0.1349,0.39952,0.35658,-0.032678,0.33472,-0.19817,0.03605,0,0.55799,0.41826,0.23362,0.35699,0.46105,-0.11432,0.15203,0.1846,0.10444,-0.193,-0.205,-0.18689,0.057374,0.54265,0.33234,0.37928,-0.23797,-0.23236,-0.23619,-0.26215,0.26684,0.015419,0.33126,0.38784,0.42758,0.066627,0.77486,0.55771,0.60774,0.571,0.1438,0.48715,0.057942,0.21075,0.081321,0.18081,0.1812,0.17029,-0.16467,-0.41174,-0.31697,-0.33139,0.14108,0.29993,0.3673,0.22572,0.29362,0.22079,-0.017041,0.066102,-0.16535,0.034828,0.1282,0.1568,-0.049321,-0.17568,-0.26824,-0.2452,-0.57441,-0.48318,-0.15626,-0.23085
-0.20755,0.64474,-0.47027,-0.71973,-0.79,0.75932,-0.15265,0.76711,-0.26286,0.39255,-0.51302,-0.029452,-0.32113,-0.11962,0.085938,-0.26261,0.64788,0.52124,-0.27596,0.42603,0.48072,0.57406,0.106,0.60286,-0.25658,0.34023,0.41364,0.31484,0.15533,0.52268,0.17079,0.50839,-0.0025882,0.10195,-0.14694,0.18095,-0.30493,-0.040747,-0.065803,0.1973,0.39556,0.83743,0.55799,0,0.061494,-0.11542,0.35086,0.42634,0.028899,-0.63214,-0.33527,0.13339,-0.13453,0.24781,0.081431,0.71367,0.69436,0.55286,0.3926,-0.52385,-0.28878,0.19603,0.062501,0.63012,0.11282,0.39119,0.29684,0.37436,0.33724,0.38057,0.61528,0.32661,0.25088,-0.19774,0.10414,-0.79945,-0.24315,-0.28604,-0.43692,-0.49293,-0.5605,-0.019925,-0.43363,-0.10101,-0.53575,-0.57933,-0.31011,0.19051,0.50285,0.24469,0.037104,-0.059526,0.40778,-0.25229,0.17526,-0.2687,-0.0093937,-0.23855,0.06936,0.38087,0.22975,0.021949,0.022324,0.48051,0.34594
