,,,,,,,,,,,,,,,,,,,,,,,,,,,,,,,,,,,,,,,,,,,,,,,,,,,,,,,,,,,,,,,,,,,,,,,,,,,,,,,,,,,,,,,,,,,,,,,,,,,,,,,,
0,0.49898,0.34272,0.26855,0.61881,0.089886,0.11698,-0.38677,0.12736,-0.67614,0.027696,0.4967,-0.30816,0.078588,0.55603,0.18764,0.065076,-0.17238,-0.3244,0.15295,0.20161,-0.061398,0.025274,-0.21656,-0.24998,-0.39688,0.27296,0.24668,-0.16502,-0.32493,-0.091284,-0.2414,-0.37371,-0.20745,-0.30184,-0.24767,-0.3458,-0.37634,0.011259,0.20825,0.24327,0.10124,-0.06409,-0.23871,0.39796,0.55829,-0.1272,-0.23372,0.73057,0.16078,0.15824,0.48594,0.68771,0.4697,0.47893,-0.0017416,-0.12137,-0.096097,-0.072602,0.71948,0.75872,0.20874,0.22586,-0.08065,0.067049,-0.034668,-0.093957,-0.23574,-0.14049,-0.68264,-0.031076,0.21317,0.18728,0.47307,0.12511,0.45271,0.4019,0.12167,0.058077,0.087534,0.25158,0.15806,0.33124,0.30793,0.061696,-0.029604,0.28787,-0.098302,-0.2181,0.3064,0.41749,0.43246,0.22962,0.60078,0.41147,0.39271,0.47455,0.10268,0.28225,-0.0011733,-0.0044745,0.25535,-0.021367,0.16578,-0.029948
0.49898,0,0.05355,-0.021581,0.036825,0.72247,-0.044843,0.3907,0.073653,0.14884,-0.082414,0.24191,-0.27855,0.047714,0.15198,0.080679,0.16243,0.10428,-0.12062,0.35398,0.49426,0.31008,0.41165,0.42959,-0.044395,0.2172,0.26375,0.13101,0.16046,0.22875,0.13268,0.39277,-0.28216,-0.1392,-0.2513,0.026241,-0.27431,-0.010628,-0.13938,0.081484,0.11687,0.37643,0.12103,0.37328,0.28765,0.060169,0.34936,0.19801,0.67005,-0.1428,-0.046975,0.18764,-0.015816,0.25415,0.07381,-0.084884,0.091952,-0.19434,-0.30269,0.11234,0.34807,0.236,0.21356,0.2931,0.54915,0.42383,0.33764,-0.17002,0.059762,0.095564,0.6233,0.43198,0.26354,0.10236,0.066448,-0.20381,0.11037,-0.10755,-0.28825,-0.095318,-0.12228,0.19595,0.24015,0.1555,-0.50187,-0.099962,-0.014162,-0.0058228,-0.060412,0.48717,0.094992,-0.068019,0.4697,-0.1112,0.10283,-0.013448,0.13895,-0.1265,0.54236,0.32696,0.40594,0.068226,0.25093,0.12626,0.034735
0.34272,0.05355,0,1.1281,0.32949,-0.056892,-0.13815,-0.31984,0.1172,-0.24208,0.10542,0.29212,0.021067,0.054796,0.69379,0.28991,-0.0026974,-0.11617,0.13017,-0.024357,-0.096015,-0.15396,-0.063879,-0.20303,0.029954,-0.27046,-0.19307,-0.19107,-0.33231,-0.41585,-0.18217,-0.17104,-0.18961,-0.31788,-0.14018,-0.32475,0.055511,-0.069372,-0.28903,-0.23109,-0.31003,-0.34378,-0.29909,-0.57793,0.062593,0.18491,0.066086,-0.23629,0.33495,0.44741,0.30617,0.68475,0.18172,0.21197,0.23617,-0.24493,-0.32795,-0.31412,-0.41698,0.59601,0.6608,0.43789,0.40898,-0.20882,0.37459,0.14105,0.044204,-0.68534,-0.21035,-0.34011,-0.061722,0.014297,0.015176,0.099196,0.0012584,0.20223,0.2776,0.50426,0.28934,0.28019,0.39452,1.0458,1.3792,0.65798,0.41539,0.30743,-0.0066996,0.034996,-0.16695,0.28078,0.16353,0.29999,-0.067484,0.2684,0.085986,0.49237,0.31444,0.0074958,-0.10579,0.067914,0.36658,0.60213,0.57853,-0.17915,-0.010601
0.26855,-0.021581,1.1281,0,0.37562,-0.31213,0.30886,-0.029275,0.30526,-0.10413,0.5717,0.52951,0.41329,0.31026,0.32454,0.17715,-0.19116,-0.23629,0.28812,-0.15675,-0.52378,-0.63602,-0.087624,-0.48455,0.40432,-0.00064954,-0.73399,-0.50323,-0.39994,-0.42024,0.20417,-0.042682,0.024053,-0.14632,0.14389,-0.062748,0.40466,0.28753,0.064244,0.074362,-0.6022,-0.62833,-0.090331,-0.71071,0.2471,0.30063,-0.11338,-0.38871,0.075323,0.70997,0.43516,0.63383,-0.027697,-0.083846,-0.021579,-0.66257,-0.66212,-0.70941,-0.77052,0.53369,0.54636,-0.013849,0.023742,-0.46171,0.083808,-0.11224,-0.15299,-0.94288,-0.31024,-0.35962,-0.19378,0.091246,-0.052937,0.16439,0.014411,0.48873,0.70674,0.50373,0.4899,0.54059,0.61251,0.58021,0.88186,0.30864,0.47888,0.59934,0.21208,-0.23151,-0.60613,0.18546,0.17371,0.20408,-0.07665,0.36628,0.1701,0.74001,0.56373,0.16301,0.16487,-0.39381,-0.026818,0.32114,0.35383,-0.24041,0.030874
0.61881,0.036825,0.32949,0.37562,0,0.077213,0.22552,-0.40945,0.42284,-0.43166,0.46918,0.64344,0.33906,0.3156,0.249,0.3013,-0.23824,0.025521,0.050892,-0.048463,-0.17,-0.18126,-0.16588,-0.22583,0.10484,-0.097309,0.055538,0.076504,-0.12286,-0.35963,-0.072472,-0.2483,0.23837,0.17379,0.27273,0.054479,0.19402,-0.037574,0.0929,0.3877,0.073084,-0.073225,-0.051354,-0.44225,0.05551,0.25185,-0.02504,-0.11741,0.17817,0.58563,0.493,0.012049,0.562,0.23314,0.4295,-0.072185,-0.05781,0.029984,0.043355,0.66907,0.5093,-0.019202,0.18871,-0.29162,0.2085,-0.042423,-0.0080018,-0.15319,0.088398,-0.46607,-0.20024,-0.043381,-0.054547,0.27432,-0.022678,0.88197,0.65187,0.82705,0.82737,0.60119,0.80104,0.020935,0.19008,0.63676,0.56133,0.54845,0.4379,0.2026,-0.075732,-0.0073566,0.0080604,0.88765,0.29433,0.83558,0.44906,0.2723,0.22393,0.13238,0.25489,-0.096788,-0.089604,0.23312,0.017746,-0.17132,-0.16216
0.089886,0.72247,-0.056892,-0.31213,0.077213,0,-0.35446,0.24138,-0.12511,0.21079,-0.43665,0.022088,-0.22194,0.013063,0.20399,0.069527,0.13767,0.53236,-0.33188,0.29596,1.0338,1.0131,0.35372,0.89998,-0.3625,0.11129,0.67203,0.54863,0.38285,0.34134,-0.19987,0.21686,0.11794,0.24511,-0.040077,0.20701,-0.2962,-0.045755,-0.34442,-0.089387,0.49692,0.71425,-0.088697,0.59143,-0.26668,-0.43758,0.49492,0.3559,0.53049,-0.21877,0.12153,-0.067971,0.2525,0.69796,0.44427,0.54828,0.53984,0.36292,0.17458,-0.00035893,0.12819,0.62176,0.68973,0.50852,0.68301,0.523,0.4281,0.22424,0.62188,0.31689,0.64319,0.054044,-0.031834,-0.25213,-0.20051,-0.4114,-0.038668,0.10814,-0.072815,-0.13104,-0.15953,-0.030481,-0.073795,0.46454,-0.094003,-0.26088,-0.25483,0.30578,0.42655,0.2033,-0.3272,0.080881,0.79001,-0.086819,0.26101,-0.17444,-0.17073,-0.34325,0.10424,0.93832,0.68369,0.40376,0.4358,0.27951,0.26081
0.11698,-0.044843,-0.13815,0.30886,0.22552,-0.35446,0,0.5447,0.48926,0.10739,0.70575,0.44778,0.39665,0.19158,-0.36819,-0.33441,0.078204,-0.2798,0.22054,0.12246,-0.53117,-0.74644,0.038,-0.39088,0.58947,0.24852,-0.42036,-0.2682,-0.10701,0.018636,0.50453,0.080172,0.27374,0.21338,0.49585,0.46686,0.48632,0.56575,1.1277,1.1568,-0.083147,-0.045173,0.45054,-0.072177,0.30522,0.15367,-0.27423,-0.44124,-0.38247,0.15384,-0.018363,0.011413,-0.15582,-0.38922,-0.23526,-0.44019,-0.18702,-0.35391,-0.33169,0.0039808,-0.085818,-0.42685,-0.47362,-0.59352,-0.59911,-0.55272,-0.48941,-0.26449,-0.043247,-0.20573,-0.18909,0.0015502,-0.14346,0.031947,-0.07915,0.70345,0.67385,0.072346,0.28812,0.35612,0.16677,-0.21708,-0.14211,-0.32442,0.086193,0.25906,0.26161,-0.37872,-0.49507,-0.1315,0.0039185,0.069522,-0.037069,0.29824,0.21039,0.58091,0.75247,0.18653,0.30829,-0.68241,-0.38893,-0.20143,-0.16387,-0.12064,-0.047217
-0.38677,0.3907,-0.31984,-0.029275,-0.40945,0.24138,0.5447,0,0.15762,0.79677,0.17685,0.053858,0.19412,0.043179,-0.40138,-0.43172,0.24438,0.10877,0.26175,0.18232,0.0094833,-0.074269,0.394,0.31503,0.38161,0.61479,-0.24898,-0.20078,0.21769,0.52129,0.50602,0.53823,0.23097,0.20802,0.30587,0.57318,0.26626,0.68475,0.38071,0.39853,-0.064774,0.27805,0.36591,0.57329,0.072241,-0.28166,0.13216,-0.005702,-0.23644,-0.25684,-0.1996,-0.12426,-0.58413,-0.27617,-0.34469,-0.16828,0.12563,-0.19868,-0.30824,-0.38083,-0.27346,-0.15854,-0.2909,0.053935,-0.053924,0.018868,-0.0094529,-0.09224,0.19228,0.43885,0.42353,0.1587,-0.043775,-0.3685,-0.14602,-0.24108,0.12902,-0.18428,-0.15994,0.056282,-0.26348,-0.094932,-0.15232,-0.33916,-0.32033,0.0095619,-0.15965,-0.25106,-0.15953,-0.011571,-0.30214,-0.43916,0.20647,-0.41165,-0.11067,0.018963,0.18858,-0.18077,0.38157,-0.063589,0.10426,-0.17947,0.19982,0.093026,0.2409
0.12736,0.073653,0.1172,0.30526,0.42284,-0.12511,0.48926,0.15762,0,0.31998,0.71679,0.64015,0.24025,0.0079475,0.17381,-0.29138,0.099782,-0.060352,0.33008,-0.29679,-0.36118,-0.34475,0.12335,-0.32272,0.72322,0.44092,-0.21562,-0.34323,0.0088515,-0.24747,0.29661,0.12566,-0.052439,-0.27211,-0.035564,-0.22562,0.41864,0.24968,0.13993,0.30099,-0.23559,-0.20342,0.21765,-0.095358,0.1478,0.31817,0.36798,0.12128,-0.044102,0.054491,-0.1422,0.20373,-0.23075,-0.37279,-0.18043,-0.40101,-0.29411,-0.2685,-0.35636,0.35688,0.18117,-0.18205,-0.32138,-0.30016,0.019031,0.087965,0.22965,-0.55065,-0.007262,-0.1081,0.27145,0.22677,0.21983,0.18133,0.38162,0.41303,0.53755,0.058244,0.088491,0.28392,0.18766,0.2684,0.14129,0.043658,-0.050863,0.33076,0.10662,0.3291,-0.14662,0.22265,0.26999,0.34897,0.14472,0.41391,0.19821,0.29662,0.16445,0.25026,0.16463,-0.27839,-0.072208,0.010004,0.024865,-0.25515,-0.2418
-0.67614,0.14884,-0.24208,-0.10413,-0.43166,0.21079,0.10739,0.79677,0.31998,0,0.25304,-0.2421,0.079823,-0.11098,-0.36968,-0.38897,-0.10591,-0.0068717,0.1472,-0.16075,-0.02004,0.092331,0.41576,0.36453,0.38345,1.0436,-0.19936,-0.21836,0.45718,0.56986,0.47923,0.71532,0.13954,0.0014789,0.05009,0.22006,0.45819,0.76417,0.093791,0.032105,-0.25715,0.04676,0.19694,0.50726,-0.12975,-0.3328,0.20643,0.1859,-0.21768,-0.38659,-0.30778,-0.00046359,-0.94518,-0.45595,-0.65532,-0.1864,-0.10399,-0.31469,-0.39475,-0.49447,-0.39579,-0.037857,-0.17831,0.063413,0.2486,0.043179,0.15319,-0.11637,0.36649,0.67382,0.58283,0.038886,-0.049771,-0.30513,-0.0057561,-0.48955,-0.12969,-0.22693,-0.2274,-0.11909,-0.31281,0.12372,-0.12741,-0.36379,-0.48827,-0.13513,-0.4291,-0.080358,-0.16433,-0.084446,-0.23231,-0.52404,0.031035,-0.43144,-0.26624,-0.058803,-0.18324,0.13785,0.13152,-0.012917,0.19324,-0.20421,0.20854,-0.10453,0.007829
0.027696,-0.082414,0.10542,0.5717,0.46918,-0.43665,0.70575,0.17685,0.71679,0.25304,0,0.47713,0.79584,0.41539,-0.27431,-0.065334,-0.47332,-0.18842,0.26063,-0.22205,-1.082,-0.94448,-0.22788,-0.60797,1.006,0.67908,-0.69713,-0.56375,-0.2132,-0.18311,0.7572,0.36051,0.38092,0.13963,0.54287,0.27893,1.2331,0.8409,0.51787,0.62683,-0.69957,-0.59674,0.4103,-0.34141,0.34961,0.34445,-0.1511,-0.11516,-0.34115,0.54185,0.22968,0.088909,-0.36344,-0.65501,-0.45386,-0.92101,-0.49632,-0.66672,-0.51527,0.13827,0.069938,-0.62123,-0.5349,-0.54708,-0.006037,-0.27745,-0.096336,-0.33177,-0.085453,-0.026597,-0.080862,0.14687,0.045777,0.30349,0.2061,0.74243,0.72269,0.38643,0.58891,0.71741,0.59629,-0.024748,0.047816,-0.16011,0.11263,0.7131,0.35602,-0.15196,-0.67814,-0.065673,0.13168,0.080686,-0.12206,0.24158,0.017015,0.36112,0.29642,0.33941,0.32581,-0.95907,-0.46841,-0.30755,-0.13891,-0.54171,-0.36314
0.4967,0.24191,0.29212,0.52951,0.64344,0.022088,0.44778,0.053858,0.64015,-0.2421,0.47713,0,0.38894,0.59347,0.34577,0.18925,0.081099,0.091887,0.25531,0.26041,-0.17427,-0.21685,-0.21357,-0.40886,0.40913,0.027249,-0.10328,0.041728,-0.36768,-0.73299,0.36971,0.072583,0.00017205,-0.088455,0.085343,-0.14987,0.20017,0.041224,-0.029774,0.29819,-0.25981,-0.28244,0.40092,-0.20672,0.6097,0.6136,0.38198,0.10414,0.23988,0.63274,0.44678,0.25231,0.29671,0.087525,0.28793,-0.38403,-0.14711,-0.18568,-0.27268,0.7947,0.71978,0.0027272,0.002233,-0.09837,0.0064374,0.28584,0.26414,-0.33592,-0.15151,-0.099714,0.16367,0.60742,0.43812,0.45408,0.42204,0.83275,1.2234,0.43562,0.4253,0.78039,0.78991,0.082493,0.19811,0.40019,0.16285,0.78004,0.7968,0.33237,-0.12406,0.62669,0.45722,0.65167,0.51017,0.49591,0.51451,0.45391,0.53593,-0.1085,0.27887,-0.18978,-0.009017,0.1169,-0.016114,-0.25026,-0.15079
-0.30816,-0.27855,0.021067,0.41329,0.33906,-0.22194,0.39665,0.19412,0.24025,0.079823,0.79584,0.38894,0,0.89146,-0.32386,0.037204,-0.3605,0.14442,0.24436,-0.053822,-0.76935,-0.57102,-0.4364,-0.36413,0.68444,0.39511,-0.60719,-0.48314,-0.33966,-0.16195,0.45039,0.28121,1.0326,0.68799,1.0303,0.54721,0.87278,0.62886,0.26473,0.38647,-0.46328,-0.41974,0.30735,-0.24043,0.086898,-0.019057,-0.057806,-0.051966,-0.40742,0.93105,0.73109,-0.16115,-0.21915,-0.39251,-0.13758,-0.42752,-0.11146,-0.21671,-0.17359,0.067195,-0.06351,-0.54943,-0.29002,-0.34079,-0.07806,-0.095342,-0.044052,0.032338,0.1274,0.13211,-0.11136,0.014741,-0.13453,0.02618,-0.064937,0.48745,0.5321,0.59623,1.0154,0.76349,0.72256,-0.25752,-0.14861,0.025251,0.47539,0.83467,0.41377,-0.039348,-0.2806,-0.1634,-0.2006,0.26102,0.17235,0.14833,0.1017,0.20143,0.16871,0.029942,0.22161,-0.3765,-0.26214,-0.091576,0.039709,-0.3384,-0.10108
0.078588,0.047714,0.054796,0.31026,0.3156,0.013063,0.19158,0.043179,0.0079475,-0.11098,0.41539,0.59347,0.89146,0,-0.091621,0.24825,-0.40375,0.11476,-0.12528,0.40574,-0.24145,-0.20031,-0.51373,-0.2841,0.30096,0.17955,-0.1851,-0.02436,-0.39302,-0.2996,0.62941,0.52304,0.55089,0.5441,0.47072,0.29729,0.42754,0.35055,0.022224,0.22024,-0.33239,-0.37714,0.51013,-0.059665,0.54581,0.2908,0.012558,0.0068869,0.076165,1.1108,1.3324,0.13235,0.052155,-0.083874,0.085106,-0.32662,-0.051843,-0.23289,-0.20327,0.23063,0.25204,-0.096235,0.091889,-0.039802,0.063751,0.12071,0.069052,0.20079,0.24243,0.25492,0.19249,0.38793,0.18714,0.44752,0.1724,0.3968,0.53519,0.45551,0.74988,0.59453,0.85972,-0.18114,-0.10933,0.074786,0.1184,0.55417,0.6498,-0.031623,-0.31933,0.26225,0.18412,0.35604,0.42633,0.092121,0.18099,0.32009,0.31788,-0.059506,0.3081,-0.086811,0.027424,-0.057296,0.039009,-0.36457,-0.25429
0.55603,0.15198,0.69379,0.32454,0.249,0.20399,-0.36819,-0.40138,0.17381,-0.36968,-0.27431,0.34577,-0.32386,-0.091621,0,0.10225,0.39296,0.16391,-0.0818,-0.14888,0.36614,0.22967,-0.071819,-0.13521,-0.30364,-0.43372,0.24266,0.12092,-0.30649,-0.58224,-0.2758,-0.22525,-0.39093,-0.40374,-0.49367,-0.6194,-0.33103,-0.48134,-0.66985,-0.43025,0.07705,-0.01298,-0.25885,-0.080628,0.094926,0.43211,0.3204,0.13294,0.72957,-0.009524,0.076271,0.72923,0.61928,0.67715,0.82808,0.3252,0.054648,0.22097,0.13504,1.042,0.88203,0.60076,0.3422,0.35463,0.33103,0.52762,0.40499,-0.28728,-0.048648,-0.28839,0.3004,0.32127,0.41427,0.23099,0.36072,-0.025993,0.17571,0.17031,-0.048847,0.11434,0.16218,0.58893,0.53685,0.70253,0.20157,-0.0020589,-0.0096024,0.39506,0.26637,0.49516,0.39456,0.4774,0.35106,0.33206,0.29608,0.097802,0.06234,-0.3293,-0.1921,0.43583,0.39124,0.73314,0.4979,0.28811,0.27875
0.18764,0.080679,0.28991,0.17715,0.3013,0.069527,-0.33441,-0.43172,-0.29138,-0.38897,-0.065334,0.18925,0.037204,0.24825,0.10225,0,-0.35359,-0.2576,0.17314,0.2632,0.065751,0.17042,-0.30838,-0.045222,-0.30431,-0.42062,0.01172,0.1698,-0.3164,-0.4922,-0.094656,-0.14352,-0.088074,-0.06522,-0.12656,-0.20217,-0.14199,-0.31167,-0.53201,-0.43731,-0.36455,-0.40887,-0.17637,-0.47352,0.35597,0.26761,0.19249,0.2729,0.45403,0.47271,0.35002,0.05155,0.45401,0.42873,0.31487,-0.19321,-0.27215,-0.16443,-0.091201,0.4252,0.65629,0.22871,0.46503,0.17064,0.36371,0.28108,0.29514,-0.018728,-0.3956,-0.024045,-0.22874,0.27149,0.27479,0.45569,0.22854,0.23463,0.18793,0.56321,0.31157,0.39292,0.57808,0.039575,0.15294,0.69296,0.073734,0.46553,0.73341,0.23106,0.095918,0.46177,0.33441,0.16363,0.15206,0.14113,0.24645,-0.034858,0.023585,-0.32756,0.12586,0.14335,0.19858,0.022492,0.0795,-0.22916,-0.06111
0.065076,0.16243,-0.0026974,-0.19116,-0.23824,0.13767,0.078204,0.24438,0.099782,-0.10591,-0.47332,0.081099,-0.3605,-0.40375,0.39296,-0.35359,0,0.19975,0.27763,0.154,0.34453,0.27295,0.10427,0.12826,-0.043946,-0.22163,0.25432,0.043868,-0.2326,-0.11923,-0.33099,-0.21352,-0.32189,-0.30909,-0.21947,-0.2202,-0.43375,-0.40147,-0.10947,0.015459,0.37496,0.56386,0.14353,0.50173,-0.11926,-0.056111,0.37652,0.11162,0.12312,-0.54477,-0.54491,0.083392,0.19987,0.26622,0.39666,0.4508,0.58505,0.53099,0.3595,0.18305,0.014234,0.14642,-0.16799,0.34327,-0.25668,0.33508,0.18525,-0.081822,-0.13041,-0.055158,0.20907,0.14451,0.17543,-0.378,0.014553,-0.16286,-0.093428,-0.24065,-0.35259,-0.15248,-0.3393,0.13207,0.037044,0.12149,-0.058508,-0.17809,-0.14366,0.29292,0.62083,0.18991,-0.033869,0.27639,0.27017,0.10676,0.25311,-0.09515,0.15563,-0.35617,-0.32987,0.35413,0.21058,0.30667,0.18719,0.57574,0.46357
-0.17238,0.10428,-0.11617,-0.23629,0.025521,0.53236,-0.2798,0.10877,-0.060352,-0.0068717,-0.18842,0.091887,0.14442,0.11476,0.16391,-0.2576,0.19975,0,-0.12063,0.096215,0.31522,0.42348,0.069006,0.37515,0.071803,0.1936,0.28716,0.25537,0.031488,0.081036,-0.24197,0.063454,0.25175,0.28281,0.27029,0.19863,-0.025234,0.0074906,-0.12245,0.044327,0.28752,0.35099,0.072752,0.34615,-0.37343,-0.33942,0.32767,0.26115,-0.17711,0.012754,0.21066,-0.34318,0.090636,0.17774,0.27788,0.41213,0.67406,0.58203,0.40582,-0.052644,-0.090202,0.11569,0.083327,0.2843,0.27649,0.43878,0.32442,0.40109,0.41702,0.20492,0.25004,-0.076619,-0.079041,-0.3026,-0.11421,-0.13249,-0.041659,0.037239,0.039224,0.04638,-0.078623,-0.19089,-0.13917,0.16695,0.25241,0.041702,-0.26511,0.46252,0.46189,-0.008405,-0.37239,0.076859,0.33714,-0.26,-0.091643,-0.35046,-0.26796,-0.35775,-0.22211,0.32342,0.186,0.38042,0.20107,-0.0061474,0.023594
-0.3244,-0.12062,0.13017,0.28812,0.050892,-0.33188,0.22054,0.26175,0.33008,0.1472,0.26063,0.25531,0.24436,-0.12528,-0.0818,0.17314,0.27763,-0.12063,0,-0.14847,-0.41241,-0.24199,0.020337,-0.0898,0.48215,0.11542,-0.56069,-0.45875,-0.22069,-0.27281,0.057116,-0.13523,-0.16022,-0.39564,0.031155,-0.19404,0.15956,-0.0046045,-0.075764,-0.060307,-0.49737,-0.27864,0.066663,-0.17409,0.070212,0.11306,0.26842,0.13281,-0.32788,0.056334,-0.25749,-0.21314,-0.23421,-0.29434,-0.16411,-0.39114,-0.18207,-0.14507,-0.18576,0.15499,0.099327,-0.33977,-0.41982,-0.03703,-0.090164,0.18906,0.18612,-0.47633,-0.60651,0.031463,-0.19191,0.19247,0.15815,-0.1456,0.13398,0.18405,0.18286,0.21202,0.085447,0.40331,0.23772,0.21225,0.25113,0.18645,0.066151,0.77589,0.31987,0.21731,0.10506,0.11034,-0.0026462,0.10987,-0.054219,0.028382,-0.009692,-0.15438,0.032951,-0.098778,0.10048,-0.25383,-0.10617,-0.13555,0.016569,-0.12325,0.12015
0.15295,0.35398,-0.024357,-0.15675,-0.048463,0.29596,0.12246,0.18232,-0.29679,-0.16075,-0.22205,0.26041,-0.053822,0.40574,-0.14888,0.2632,0.154,0.096215,-0.14847,0,0.38815,0.34339,-0.066838,0.26969,-0.15782,-0.18665,0.48116,0.61917,-0.10222,0.00082995,0.12912,0.23769,0.011347,0.18456,0.047327,0.15931,-0.1952,-0.047469,0.050629,0.22361,0.15736,0.25952,0.43413,0.24405,0.43976,0.011134,0.14939,-0.029621,0.18799,0.19937,0.27579,-0.055941,0.18653,0.18048,0.17063,0.016836,0.3468,0.071081,-0.010071,-0.043182,0.16056,0.44275,0.43989,0.081163,0.015383,0.14771,-5.904e-06,0.39308,0.17884,0.25764,0.20873,0.2137,0.16793,0.13202,-0.033009,0.13291,0.050077,0.12752,0.071783,0.11082,0.12053,-0.03878,-0.051373,0.1156,-0.26593,0.031337,0.32689,0.048569,0.10498,0.36451,0.10612,0.073576,0.28179,-0.22526,0.011006,0.21968,0.43574,-0.30907,0.095156,0.29582,0.51254,-0.0026793,0.054187,-0.25674,-0.31732
0.20161,0.49426,-0.096015,-0.52378,-0.17,1.0338,-0.53117,0.0094833,-0.36118,-0.02004,-1.082,-0.17427,-0.76935,-0.24145,0.36614,0.065751,0.34453,0.31522,-0.41241,0.38815,0,1.424,0.45247,0.93968,-0.9195,-0.34169,1.0984,0.9392,0.41691,0.28606,-0.44008,-0.081602,-0.29444,-0.047911,-0.51013,-0.13906,-0.88327,-0.48347,-0.4822,-0.34056,0.78597,0.84445,-0.25286,0.55598,-0.1963,-0.28484,0.3095,0.17626,0.66817,-0.51649,-0.1028,0.049063,0.42876,0.86882,0.55947,0.88389,0.53473,0.54088,0.34333,0.02955,0.17949,0.97169,0.80418,0.61662,0.35456,0.40081,0.23723,0.32485,0.43721,0.12378,0.47962,0.010533,0.044833,-0.20171,-0.15212,-0.60723,-0.37363,-0.20123,-0.44542,-0.45051,-0.41095,0.083555,-0.031901,0.3187,-0.23949,-0.64187,-0.30323,0.21416,0.5235,0.21388,-0.12698,-0.022926,0.51585,-0.167,0.10107,-0.1963,-0.15485,-0.37873,-0.020864,1.2242,0.7997,0.40818,0.31577,0.45342,0.2736
-0.061398,0.31008,-0.15396,-0.63602,-0.18126,1.0131,-0.74644,-0.074269,-0.34475,0.092331,-0.94448,-0.21685,-0.57102,-0.20031,0.22967,0.17042,0.27295,0.42348,-0.24199,0.34339,1.424,0,0.26831,0.96147,-0.65516,-0.16243,0.97271,0.87591,0.32262,0.1777,-0.44554,-0.016019,-0.2161,-0.067112,-0.41562,-0.20251,-0.64018,-0.46102,-0.66192,-0.46548,0.51975,0.6466,-0.14559,0.60695,-0.30937,-0.37927,0.4935,0.41824,0.46741,-0.44714,-0.10592,-0.1064,0.32222,0.69259,0.4318,0.81643,0.59241,0.61347,0.41851,-0.05463,0.046383,0.77383,0.69126,0.70714,0.41977,0.54402,0.42159,0.40985,0.39485,0.35879,0.44772,0.010274,0.054416,-0.27201,-0.098093,-0.598,-0.42717,-0.094387,-0.31988,-0.35366,-0.283,-0.0018944,-0.15863,0.36916,-0.22672,-0.42561,-0.23374,0.45904,0.74593,0.20915,-0.17336,0.044835,0.51734,-0.17371,0.13586,-0.33488,-0.31749,-0.31865,-0.23226,1.1326,0.71097,0.33171,0.21969,0.31372,0.19864
0.025274,0.41165,-0.063879,-0.087624,-0.16588,0.35372,0.038,0.394,0.12335,0.41576,-0.22788,-0.21357,-0.4364,-0.51373,-0.071819,-0.30838,0.10427,0.069006,0.020337,-0.066838,0.45247,0.26831,0,0.84589,-0.16761,0.080873,0.11023,0.12589,0.88817,0.7721,-0.28275,-0.17716,-0.34066,-0.1906,-0.38383,-0.015384,-0.41463,-0.036375,0.13906,0.0097884,0.41046,0.53676,-0.52157,0.11266,-0.36099,-0.4415,-0.068905,-0.34693,0.02872,-0.54815,-0.37006,-0.048536,-0.29132,-0.0058156,-0.23806,0.10556,-0.15748,-0.15541,-0.34838,-0.2495,-0.084569,0.26545,0.21386,-0.22215,0.07156,-0.20338,-0.27535,-0.28817,0.22181,-0.26492,0.10517,-0.40581,-0.46899,-0.46566,-0.48285,-0.40365,-0.26978,-0.42438,-0.56483,-0.57147,-0.66411,0.26667,0.22004,-0.10885,-0.17507,-0.47924,-0.63761,-0.28791,-0.18688,-0.186,-0.34867,-0.43578,0.035193,-0.1871,-0.2145,0.099377,0.057672,0.26028,0.41671,0.23125,0.34843,0.27845,0.27839,0.19512,0.13212
-0.21656,0.42959,-0.20303,-0.48455,-0.22583,0.89998,-0.39088,0.31503,-0.32272,0.36453,-0.60797,-0.40886,-0.36413,-0.2841,-0.13521,-0.045222,0.12826,0.37515,-0.0898,0.26969,0.93968,0.96147,0.84589,0,-0.46947,0.03938,0.53761,0.50069,0.75244,0.83598,-0.39472,-0.0017572,-0.047672,0.12562,-0.1824,0.16292,-0.50044,-0.12878,-0.19518,-0.15996,0.5689,0.90172,-0.35448,0.49108,-0.51335,-0.79747,0.13209,-0.0051325,0.13545,-0.48231,-0.14654,-0.32954,-0.083077,0.29267,0.05007,0.53554,0.40356,0.30457,0.12208,-0.37662,-0.17487,0.48808,0.53073,0.2322,0.37356,0.14278,0.019543,0.27499,0.52657,0.1967,0.30283,-0.35021,-0.37438,-0.64619,-0.58833,-0.71788,-0.56623,-0.12908,-0.32386,-0.446,-0.48498,0.062479,-0.028241,0.1456,-0.17709,-0.43896,-0.51957,-0.010623,0.28389,-0.19117,-0.64876,-0.29409,0.32015,-0.41186,-0.20102,-0.26498,-0.22111,-0.098341,0.20266,0.79002,0.69086,0.2685,0.35362,0.26248,0.19186
-0.24998,-0.044395,0.029954,0.40432,0.10484,-0.3625,0.58947,0.38161,0.72322,0.38345,1.006,0.40913,0.68444,0.30096,-0.30364,-0.30431,-0.043946,0.071803,0.48215,-0.15782,-0.9195,-0.65516,-0.16761,-0.46947,0,0.8807,-0.75999,-0.76611,-0.29323,-0.16498,0.55952,0.44551,0.206,-0.055684,0.45063,0.14181,0.92682,0.6706,0.42692,0.45572,-0.64214,-0.47211,0.6349,-0.050522,0.18415,0.1395,0.18653,0.10136,-0.55752,0.3279,0.030349,-0.030999,-0.65571,-0.89264,-0.59353,-0.86094,-0.24248,-0.47209,-0.48916,-0.086216,-0.20818,-0.6795,-0.74641,-0.33187,-0.10681,0.012505,0.11027,-0.4116,-0.19096,0.19041,0.044648,0.22222,0.084675,0.073518,0.24116,0.42191,0.49745,0.030461,0.24427,0.36551,0.24867,0.013548,0.046241,-0.31424,-0.025522,0.60036,0.13593,0.088697,-0.30055,0.10296,0.081818,0.091721,-0.14871,0.05933,-0.018153,0.17189,0.15858,0.27377,0.0031727,-0.70168,-0.38313,-0.26551,-0.1285,-0.5185,-0.32324
-0.39688,0.2172,-0.27046,-0.00064954,-0.097309,0.11129,0.24852,0.61479,0.44092,1.0436,0.67908,0.027249,0.39511,0.17955,-0.43372,-0.42062,-0.22163,0.1936,0.11542,-0.18665,-0.34169,-0.16243,0.080873,0.03938,0.8807,0,-0.33955,-0.36957,0.1606,0.32512,0.70467,0.94276,0.31411,0.12232,0.382,0.36571,0.84744,0.99668,0.29732,0.3679,-0.39356,-0.096755,0.5606,0.42662,0.0085047,-0.12683,0.16501,0.26725,-0.34946,-0.050168,-0.083327,-0.10368,-0.82144,-0.62813,-0.6651,-0.4075,-0.039424,-0.34237,-0.33612,-0.38875,-0.38946,-0.43973,-0.49911,-0.0043717,0.25079,0.065447,0.21163,-0.069463,0.26228,0.60571,0.45629,0.18024,0.03361,-0.10043,0.1074,-0.077253,0.16656,-0.079175,0.054271,0.13927,-0.01461,-0.11615,-0.20221,-0.42427,-0.3322,0.17048,-0.1807,-0.019081,-0.26,-0.07526,-0.17473,-0.24796,0.042128,-0.23964,-0.15309,-0.089253,-0.13962,0.25848,0.13463,-0.34386,-0.18376,-0.34783,-0.051063,-0.26712,-0.17601
0.27296,0.26375,-0.19307,-0.73399,0.055538,0.67203,-0.42036,-0.24898,-0.21562,-0.19936,-0.69713,-0.10328,-0.60719,-0.1851,0.24266,0.01172,0.25432,0.28716,-0.56069,0.48116,1.0984,0.97271,0.11023,0.53761,-0.75999,-0.33955,0,1.2433,0.37492,0.16565,-0.39765,-0.10446,-0.14218,0.04475,-0.31798,-0.12315,-0.60107,-0.48219,-0.29704,-0.079106,0.89048,0.78452,-0.03854,0.45207,-0.15659,-0.1733,0.25611,0.22496,0.46621,-0.36287,-0.084968,-0.14424,0.52279,0.59522,0.52482,0.8526,0.74834,0.79413,0.64993,-0.0026594,0.048002,0.69254,0.62941,0.42196,0.25616,0.28039,0.21839,0.63653,0.49737,0.12496,0.36478,-0.040306,0.12531,-0.056591,-0.057248,-0.25174,-0.35711,-0.080989,-0.24225,-0.30525,-0.25865,-0.058673,-0.18832,0.25017,-0.20293,-0.5261,-0.14969,0.38808,0.64747,0.076936,-0.074702,0.18441,0.33108,-0.058562,0.042393,-0.22698,-0.22861,-0.25414,-0.16324,0.81011,0.50277,0.14065,-0.034828,0.19352,-0.10574
0.24668,0.13101,-0.19107,-0.50323,0.076504,0.54863,-0.2682,-0.20078,-0.34323,-0.21836,-0.56375,0.041728,-0.48314,-0.02436,0.12092,0.1698,0.043868,0.25537,-0.45875,0.61917,0.9392,0.87591,0.12589,0.50069,-0.76611,-0.36957,1.2433,0,0.37824,0.07887,-0.23286,-0.16258,-0.11861,0.079057,-0.23758,-0.055294,-0.49669,-0.35651,-0.20027,-0.027428,0.63782,0.53252,-0.010907,0.28332,-0.023884,-0.11134,0.095977,0.069633,0.33767,-0.17094,0.089323,-0.15439,0.6052,0.63044,0.47433,0.63109,0.48042,0.54967,0.45229,0.013715,0.14486,0.69217,0.70142,0.3026,0.11538,0.10168,0.0302,0.59692,0.40879,0.13025,0.15416,-0.034555,0.046624,-0.023002,-0.11038,-0.060112,-0.12884,0.04153,-0.10008,-0.10268,-0.053265,-0.19006,-0.2244,0.23909,-0.083043,-0.31614,0.056806,0.21473,0.37574,0.069322,-0.054908,0.072013,0.32858,-0.054531,0.1027,-0.043429,-0.021923,-0.22067,-0.081288,0.48903,0.36423,0.11383,-0.14476,0.10064,-0.073449
-0.16502,0.16046,-0.33231,-0.39994,-0.12286,0.38285,-0.10701,0.21769,0.0088515,0.45718,-0.2132,-0.36768,-0.33966,-0.39302,-0.30649,-0.3164,-0.2326,0.031488,-0.22069,-0.10222,0.41691,0.32262,0.88817,0.75244,-0.29323,0.1606,0.37492,0.37824,0,0.99946,-0.14256,-0.039522,-0.05391,0.035781,-0.20265,0.11974,-0.22797,0.068123,0.12233,0.014562,0.52689,0.48954,-0.38321,0.1867,-0.46198,-0.53954,-0.089728,-0.11174,-0.088622,-0.4629,-0.23691,-0.40029,-0.28588,-0.082849,-0.30046,0.22449,0.02644,0.075706,-0.034618,-0.58857,-0.40038,0.19331,0.29066,-0.10157,0.1558,-0.22164,-0.18224,0.1045,0.4792,0.084451,0.15378,-0.42789,-0.37999,-0.37087,-0.4226,-0.47062,-0.41004,-0.35719,-0.42503,-0.56458,-0.59414,0.0038247,-0.060252,-0.23094,-0.22432,-0.52923,-0.59111,-0.16296,-0.039448,-0.41806,-0.47007,-0.4314,-0.096747,-0.32171,-0.37614,-0.18098,-0.39828,0.31241,0.31734,0.22075,0.16326,-0.15746,-0.12869,0.033289,-0.10282
-0.32493,0.22875,-0.41585,-0.42024,-0.35963,0.34134,0.018636,0.52129,-0.24747,0.56986,-0.18311,-0.73299,-0.16195,-0.2996,-0.58224,-0.4922,-0.11923,0.081036,-0.27281,0.00082995,0.28606,0.1777,0.7721,0.83598,-0.16498,0.32512,0.16565,0.07887,0.99946,0,-0.072927,0.178,0.20571,0.35133,0.12843,0.5759,-0.084504,0.32823,0.40676,0.22734,0.49277,0.67462,-0.22391,0.40355,-0.51468,-0.85376,-0.33057,-0.29484,-0.25226,-0.50488,-0.23964,-0.39246,-0.50973,-0.20333,-0.42107,0.22475,0.19146,0.02189,-0.033031,-0.96396,-0.70526,0.0051839,0.075539,-0.12828,0.073827,-0.36972,-0.39085,0.24372,0.57972,0.1325,0.13187,-0.5868,-0.63296,-0.61617,-0.74764,-0.63092,-0.58698,-0.38699,-0.33247,-0.61875,-0.76755,-0.10585,-0.16295,-0.46595,-0.23033,-0.65225,-0.83694,-0.52213,-0.14788,-0.67199,-0.81097,-0.65407,-0.14116,-0.52635,-0.49613,-0.1799,-0.23063,0.23643,0.30545,0.18791,0.15342,-0.12422,0.085205,0.15696,0.047067
-0.091284,0.13268,-0.18217,0.20417,-0.072472,-0.19987,0.50453,0.50602,0.29661,0.47923,0.7572,0.36971,0.45039,0.62941,-0.2758,-0.094656,-0.33099,-0.24197,0.057116,0.12912,-0.44008,-0.44554,-0.28275,-0.39472,0.55952,0.70467,-0.39765,-0.23286,-0.14256,-0.072927,0,1.0651,0.2413,0.13549,0.266,0.25563,0.77129,0.84636,0.26592,0.34727,-0.65783,-0.45917,0.82047,0.19186,0.85008,0.51416,-0.033316,0.11417,-0.099074,0.26793,0.20563,0.20744,-0.41882,-0.47976,-0.4085,-0.63087,-0.27986,-0.5867,-0.43829,-0.033232,0.048111,-0.30146,-0.38856,0.0077893,0.00092059,-0.015207,0.090605,-0.017036,0.072828,0.53226,0.42568,0.67751,0.4746,0.49435,0.50008,0.1937,0.46148,0.055056,0.18977,0.46435,0.34775,-0.10966,-0.18646,-0.39757,-0.45344,0.35035,0.39632,-0.22188,-0.57328,0.2296,0.37869,-0.17164,0.088941,-0.18992,-0.079656,0.1855,0.23315,0.045102,0.39249,-0.49597,-0.1995,-0.5694,-0.14857,-0.35731,-0.2431
-0.2414,0.39277,-0.17104,-0.042682,-0.2483,0.21686,0.080172,0.53823,0.12566,0.71532,0.36051,0.072583,0.28121,0.52304,-0.22525,-0.14352,-0.21352,0.063454,-0.13523,0.23769,-0.081602,-0.016019,-0.17716,-0.0017572,0.44551,0.94276,-0.10446,-0.16258,-0.039522,0.178,1.0651,0,0.26306,0.19345,0.21437,0.29616,0.58619,0.7791,0.037696,0.14179,-0.42646,-0.16547,0.76885,0.56575,0.46567,0.14609,0.23288,0.37792,0.030626,0.082034,0.16816,0.15451,-0.53672,-0.3441,-0.35582,-0.33482,0.046752,-0.34392,-0.30513,-0.23973,-0.10558,-0.047754,-0.14164,0.2932,0.40079,0.31652,0.38285,0.1613,0.35284,0.94892,0.89659,0.59232,0.43395,0.28761,0.39022,-0.21959,0.10049,-0.057499,0.022995,0.14969,0.067989,0.0039099,-0.16102,-0.3092,-0.66279,0.08059,0.01679,-0.015226,-0.2174,0.30122,0.1715,-0.21847,0.19332,-0.46484,-0.20192,-0.067047,-0.060271,-0.085017,0.18675,-0.016619,0.17397,-0.35709,0.12499,-0.3316,-0.26698
-0.37371,-0.28216,-0.18961,0.024053,0.23837,0.11794,0.27374,0.23097,-0.052439,0.13954,0.38092,0.00017205,1.0326,0.55089,-0.39093,-0.088074,-0.32189,0.25175,-0.16022,0.011347,-0.29444,-0.2161,-0.34066,-0.047672,0.206,0.31411,-0.14218,-0.11861,-0.05391,0.20571,0.2413,0.26306,0,1.572,1.4573,1.1596,0.68918,0.69965,0.3616,0.48512,0.0060343,0.039658,0.1885,0.0589,-0.22188,-0.39216,-0.17518,-0.055166,-0.33638,0.43691,0.56966,-0.30416,-0.02693,-0.067156,0.073234,0.07884,0.27157,0.1417,0.19613,-0.16682,-0.29173,-0.27051,-0.04518,-0.16345,0.0050871,-0.20395,-0.13691,0.43957,0.58972,0.23054,-0.037646,-0.26274,-0.35631,-0.2168,-0.35213,0.2067,0.25485,0.55971,0.89841,0.46742,0.33963,-0.51123,-0.44942,0.027259,0.50535,0.26214,0.075505,-0.10447,-0.041382,-0.47409,-0.5818,0.12449,0.23317,0.049511,0.10911,0.050885,-0.00081392,-0.13987,0.070407,-0.06703,-0.12312,-0.011319,0.12236,-0.066185,0.087337
-0.20745,-0.1392,-0.31788,-0.14632,0.17379,0.24511,0.21338,0.20802,-0.27211,0.0014789,0.13963,-0.088455,0.68799,0.5441,-0.40374,-0.06522,-0.30909,0.28281,-0.39564,0.18456,-0.047911,-0.067112,-0.1906,0.12562,-0.055684,0.12232,0.04475,0.079057,0.035781,0.35133,0.13549,0.19345,1.572,0,1.0473,1.2559,0.32627,0.46943,0.38872,0.47731,0.2462,0.24281,0.075239,0.11846,-0.18699,-0.41582,-0.32772,-0.18776,-0.21069,0.33569,0.60744,-0.32875,0.094959,0.085336,0.16591,0.24496,0.338,0.20106,0.26356,-0.21264,-0.26152,-0.12662,0.11559,-0.15044,-0.056891,-0.28967,-0.28596,0.66156,0.73081,0.10989,-0.047657,-0.34211,-0.44332,-0.18221,-0.47851,0.11106,0.10895,0.39144,0.661,0.24197,0.18215,-0.63843,-0.557,-0.013045,0.40389,0.024242,0.031554,-0.25485,-0.074965,-0.49007,-0.56857,0.04113,0.30884,-0.02223,0.084665,0.059419,0.076987,-0.15967,0.19392,0.087212,-0.022224,0.065093,0.14165,0.051068,0.1088
-0.30184,-0.2513,-0.14018,0.14389,0.27273,-0.040077,0.49585,0.30587,-0.035564,0.05009,0.54287,0.085343,1.0303,0.47072,-0.49367,-0.12656,-0.21947,0.27029,0.031155,0.047327,-0.51013,-0.41562,-0.38383,-0.1824,0.45063,0.382,-0.31798,-0.23758,-0.20265,0.12843,0.266,0.21437,1.4573,1.0473,0,1.2744,0.833,0.78274,0.62884,0.76261,-0.089206,-0.021417,0.35961,0.0007462,-0.15329,-0.32003,-0.22468,-0.11728,-0.56332,0.47476,0.43571,-0.38853,-0.067667,-0.19339,-0.027464,-0.10902,0.26773,0.065865,0.13209,-0.20622,-0.33342,-0.49049,-0.27254,-0.24936,-0.099007,-0.26071,-0.20903,0.27501,0.27844,0.15584,-0.22606,-0.2293,-0.35627,-0.22799,-0.34895,0.42054,0.38932,0.53875,0.9019,0.57655,0.37129,-0.53631,-0.33429,-0.058678,0.54095,0.43661,0.13368,-0.14727,-0.093094,-0.45762,-0.56696,0.10666,0.041655,0.057099,0.087263,0.053029,0.11254,-0.10511,0.0081291,-0.34795,-0.34632,-0.10925,-0.018373,-0.15981,0.035289
-0.24767,0.026241,-0.32475,-0.062748,0.054479,0.20701,0.46686,0.57318,-0.22562,0.22006,0.27893,-0.14987,0.54721,0.29729,-0.6194,-0.20217,-0.2202,0.19863,-0.19404,0.15931,-0.13906,-0.20251,-0.015384,0.16292,0.14181,0.36571,-0.12315,-0.055294,0.11974,0.5759,0.25563,0.29616,1.1596,1.2559,1.2744,0,0.49358,0.82762,0.72547,0.76668,0.15871,0.29018,0.21486,0.22062,-0.1805,-0.51652,-0.34924,-0.22581,-0.36233,0.14383,0.27757,-0.36847,-0.11696,-0.062828,-0.059563,0.047752,0.30585,0.034711,0.081618,-0.41785,-0.39761,-0.2774,-0.10124,-0.16239,-0.036385,-0.36708,-0.34528,0.38114,0.5016,0.17542,-0.070243,-0.31142,-0.48076,-0.33675,-0.56091,0.094313,0.17107,0.26788,0.4741,0.23909,0.03124,-0.57079,-0.41351,-0.19367,0.25701,0.037824,-0.090263,-0.42542,-0.17685,-0.54035,-0.73436,-0.20754,0.10393,-0.14674,-0.014828,0.02716,0.11751,-0.14231,0.23514,-0.139,-0.14599,-0.10834,0.090454,0.035467,0.16164
-0.3458,-0.27431,0.055511,0.40466,0.19402,-0.2962,0.48632,0.26626,0.41864,0.45819,1.2331,0.20017,0.87278,0.42754,-0.33103,-0.14199,-0.43375,-0.025234,0.15956,-0.1952,-0.88327,-0.64018,-0.41463,-0.50044,0.92682,0.84744,-0.60107,-0.49669,-0.22797,-0.084504,0.77129,0.58619,0.68918,0.32627,0.833,0.49358,0,1.3226,0.42954,0.48002,-0.68726,-0.54933,0.55354,-0.08228,0.1527,0.078844,-0.045321,0.067458,-0.47673,0.43893,0.25139,0.031601,-0.42352,-0.57597,-0.39963,-0.58949,-0.1948,-0.39416,-0.29007,-0.085389,-0.16961,-0.47292,-0.45062,-0.25343,0.093027,-0.14122,0.033789,-0.09649,0.11962,0.35486,0.046181,0.11117,0.028872,0.11952,0.16762,0.4089,0.51923,0.39713,0.63613,0.67308,0.466,-0.099136,-0.095968,-0.19715,0.13789,0.56007,0.1496,-0.043311,-0.36005,-0.1296,-0.056261,-0.016397,-0.1524,0.019454,-0.051419,0.17642,0.060676,0.099582,-0.027086,-0.66634,-0.34551,-0.30237,-0.03008,-0.52539,-0.24865
-0.37634,-0.010628,-0.069372,0.28753,-0.037574,-0.045755,0.56575,0.68475,0.24968,0.76417,0.8409,0.041224,0.62886,0.35055,-0.48134,-0.31167,-0.40147,0.0074906,-0.0046045,-0.047469,-0.48347,-0.46102,-0.036375,-0.12878,0.6706,0.99668,-0.48219,-0.35651,0.068123,0.32823,0.84636,0.7791,0.69965,0.46943,0.78274,0.82762,1.3226,0,0.60323,0.58457,-0.41884,-0.21766,0.46352,0.13958,0.1009,-0.14778,-0.14582,-0.085917,-0.41531,0.20388,0.18476,0.027926,-0.59673,-0.50826,-0.4996,-0.46944,-0.14297,-0.47305,-0.42778,-0.32738,-0.27869,-0.30119,-0.30181,-0.24005,0.11833,-0.24559,-0.1218,-0.047582,0.35155,0.42373,0.20822,0.017666,-0.13682,-0.064006,-0.067502,0.12297,0.36888,0.18236,0.36656,0.37823,0.14446,-0.11175,-0.12369,-0.36229,-0.027534,0.22373,-0.098149,-0.32613,-0.50873,-0.21187,-0.24746,-0.33177,-0.077302,-0.2185,-0.16667,0.22271,0.13594,0.077631,0.18812,-0.46748,-0.14865,-0.25675,0.11692,-0.35424,-0.11978
0.011259,-0.13938,-0.28903,0.064244,0.0929,-0.34442,1.1277,0.38071,0.13993,0.093791,0.51787,-0.029774,0.26473,0.022224,-0.66985,-0.53201,-0.10947,-0.12245,-0.075764,0.050629,-0.4822,-0.66192,0.13906,-0.19518,0.42692,0.29732,-0.29704,-0.20027,0.12233,0.40676,0.26592,0.037696,0.3616,0.38872,0.62884,0.72547,0.42954,0.60323,0,1.3119,0.13527,0.11831,0.2714,-0.05073,-0.015912,-0.1496,-0.65746,-0.63232,-0.69466,0.018048,-0.074939,-0.2425,-0.27356,-0.50564,-0.42327,-0.27181,-0.065875,-0.24062,-0.16726,-0.42295,-0.48702,-0.50017,-0.45384,-0.74445,-0.57564,-0.95634,-0.84602,0.0083579,0.12634,-0.25115,-0.3867,-0.40992,-0.50687,-0.14175,-0.39252,0.44726,0.22066,-0.11477,0.16781,0.010708,-0.13674,-0.37707,-0.24579,-0.6319,0.11407,-0.058245,-0.12089,-0.62922,-0.52639,-0.56503,-0.29128,-0.19316,-0.35915,0.052476,-0.10534,0.34442,0.42057,0.38528,0.16674,-0.70152,-0.5152,-0.25086,-0.28001,-0.15256,-0.17402
0.20825,0.081484,-0.23109,0.074362,0.3877,-0.089387,1.1568,0.39853,0.30099,0.032105,0.62683,0.29819,0.38647,0.22024,-0.43025,-0.43731,0.015459,0.044327,-0.060307,0.22361,-0.34056,-0.46548,0.0097884,-0.15996,0.45572,0.3679,-0.079106,-0.027428,0.014562,0.22734,0.34727,0.14179,0.48512,0.47731,0.76261,0.76668,0.48002,0.58457,1.3119,0,0.18194,0.26106,0.50692,0.10518,0.087609,-0.053725,-0.35514,-0.41216,-0.38194,0.14267,0.073517,-0.19946,-0.046596,-0.27717,-0.1308,-0.17267,0.17337,-0.068963,-0.033372,-0.12437,-0.22136,-0.41457,-0.37213,-0.50013,-0.33702,-0.53503,-0.48394,0.08639,0.25423,-0.15257,-0.13037,-0.17053,-0.28496,-0.10543,-0.29801,0.65241,0.47556,0.17379,0.41239,0.31944,0.14793,-0.38536,-0.24983,-0.28737,0.15995,0.15393,0.10611,-0.33603,-0.33835,-0.37368,-0.28843,0.13157,0.037024,0.23974,0.12928,0.36536,0.52431,0.22403,0.25303,-0.5101,-0.37361,-0.17041,-0.22217,-0.093087,-0.14689
0.24327,0.11687,-0.31003,-0.6022,0.073084,0.49692,-0.083147,-0.064774,-0.23559,-0.25715,-0.69957,-0.25981,-0.46328,-0.33239,0.07705,-0.36455,0.37496,0.28752,-0.49737,0.15736,0.78597,0.51975,0.41046,0.5689,-0.64214,-0.39356,0.89048,0.63782,0.52689,0.49277,-0.65783,-0.42646,0.0060343,0.2462,-0.089206,0.15871,-0.68726,-0.41884,0.13527,0.18194,0,1.2965,-0.28526,0.36452,-0.557,-0.49537,-0.12251,-0.22557,0.13255,-0.47185,-0.13429,-0.28685,0.42625,0.469,0.44262,1.0457,0.70077,0.81981,0.63246,-0.17353,-0.24641,0.3246,0.36197,0.084066,-0.14734,-0.14079,-0.26495,0.41002,0.52867,-0.27088,0.0085601,-0.50382,-0.41503,-0.43572,-0.56787,-0.23819,-0.36428,-0.2556,-0.23413,-0.5652,-0.51632,-0.22059,-0.2274,0.024063,0.12832,-0.75419,-0.44552,-0.017906,0.40826,-0.37206,-0.48727,0.15779,0.20622,0.1053,0.097989,-0.11392,-0.10079,-0.014499,-0.051455,0.57901,0.19092,0.28354,-0.020806,0.54217,0.21177
0.10124,0.37643,-0.34378,-0.62833,-0.073225,0.71425,-0.045173,0.27805,-0.20342,0.04676,-0.59674,-0.28244,-0.41974,-0.37714,-0.01298,-0.40887,0.56386,0.35099,-0.27864,0.25952,0.84445,0.6466,0.53676,0.90172,-0.47211,-0.096755,0.78452,0.53252,0.48954,0.67462,-0.45917,-0.16547,0.039658,0.24281,-0.021417,0.29018,-0.54933,-0.21766,0.11831,0.26106,1.2965,0,-0.13129,0.70649,-0.52449,-0.6299,-0.0058708,-0.13278,0.14755,-0.66487,-0.30266,-0.28334,0.21349,0.41751,0.32379,0.93978,0.86359,0.69657,0.51272,-0.23467,-0.26111,0.28357,0.23172,0.19605,-0.010409,-0.02645,-0.14843,0.38307,0.55583,-0.048368,0.22511,-0.37461,-0.36546,-0.7023,-0.63252,-0.38264,-0.38144,-0.18525,-0.25872,-0.42728,-0.54663,-0.17382,-0.23346,0.041214,-0.036131,-0.63049,-0.48061,-0.051762,0.41513,-0.34728,-0.66121,0.02228,0.38583,-0.037911,0.085536,-0.16051,-0.017364,-0.097479,0.048469,0.62177,0.32396,0.27243,0.14344,0.67334,0.36527
-0.06409,0.12103,-0.29909,-0.090331,-0.051354,-0.088697,0.45054,0.36591,0.21765,0.19694,0.4103,0.40092,0.30735,0.51013,-0.25885,-0.17637,0.14353,0.072752,0.066663,0.43413,-0.25286,-0.14559,-0.52157,-0.35448,0.6349,0.5606,-0.03854,-0.010907,-0.38321,-0.22391,0.82047,0.76885,0.1885,0.075239,0.35961,0.21486,0.55354,0.46352,0.2714,0.50692,-0.28526,-0.13129,0,0.51563,0.56558,0.30117,0.27759,0.34523,-0.15146,0.15627,0.06386,0.00060259,-0.16735,-0.3314,-0.16268,-0.30186,0.2921,-0.032303,0.0048981,-0.084034,-0.14122,-0.31832,-0.46962,0.23872,-0.10708,0.22665,0.27222,0.19886,0.015465,0.65354,0.37679,0.66757,0.51968,0.26583,0.45659,0.29936,0.38591,-0.010666,0.17212,0.38767,0.27673,-0.28849,-0.34626,-0.34811,-0.39246,0.30981,0.41654,0.18274,0.022069,0.32681,0.25473,0.15903,0.13785,-0.059922,0.11499,0.023507,0.17711,-0.11767,-0.1182,-0.32162,-0.21978,-0.51849,-0.34428,-0.28338,-0.28909
-0.23871,0.37328,-0.57793,-0.71071,-0.44225,0.59143,-0.072177,0.57329,-0.095358,0.50726,-0.34141,-0.20672,-0.24043,-0.059665,-0.080628,-0.47352,0.50173,0.34615,-0.17409,0.24405,0.55598,0.60695,0.11266,0.49108,-0.050522,0.42662,0.45207,0.28332,0.1867,0.40355,0.19186,0.56575,0.0589,0.11846,0.0007462,0.22062,-0.08228,0.13958,-0.05073,0.10518,0.36452,0.70649,0.51563,0,-0.089492,-0.26467,0.3287,0.38649,0.09591,-0.6596,-0.3127,-0.10264,-0.12582,0.11365,0.065226,0.51811,0.83873,0.46211,0.37741,-0.33673,-0.36047,0.11058,-0.10359,0.74404,0.10882,0.3731,0.31828,0.44273,0.49759,0.74044,0.83453,0.25744,0.19341,-0.31279,0.02447,-0.59417,-0.27536,-0.35766,-0.33986,-0.25335,-0.41039,-0.23389,-0.48033,-0.25694,-0.55136,-0.42158,-0.29366,0.14407,0.42342,0.047248,-0.22231,-0.097162,0.43685,-0.32426,0.029044,-0.36793,-0.20161,-0.25411,-0.1204,0.4361,0.23238,-0.11239,0.049577,0.41306,0.26316
