,,,,,,,,,,,,,,,,,,,,,,,,,,,,,,,,,,,,,,,,,,,,,,,,,,,,,,,,,,,,,,,,,,,,,,,,,,,,,,,,,,,,,,,,,,,,,,,,,,,,,,,,
0,1.1958,0.43872,0.3907,0.85237,0.28757,0.5399,0.31549,0.57809,0.037484,0.66973,0.71958,0.2253,0.21434,0.13301,-0.25231,0.094726,-0.21581,0.27232,0.20955,-0.22255,-0.47709,0.19882,-0.19252,0.46026,0.56325,0.11613,0.011634,0.11783,0.13962,0.24983,0.3267,0.20452,0.064282,0.077174,0.010879,0.36284,0.2519,0.35298,0.88563,0.12139,0.37764,0.23481,0.11624,0.46743,0.56715,-0.066965,-0.16386,0.74503,0.32214,0.15429,0.22577,0.28737,0.075403,0.14424,-0.21934,-0.0080113,-0.30969,-0.26141,0.47589,0.2955,-0.45264,-0.37737,-0.25546,0.044547,-0.077831,-0.035,-0.28532,-0.005608,-0.28599,0.17139,0.31482,0.17478,0.50613,0.20531,0.63498,0.51083,0.55139,0.35315,0.64822,0.51343,0.18805,0.17232,0.23684,0.043018,0.4172,0.48181,-0.1679,-0.38448,0.45787,0.38457,0.0010937,-0.0017011,0.30219,0.20902,0.13251,0.073797,0.16324,0.15832,-0.41005,-0.43599,-0.046703,-0.13273,0.089759,-0.13005
1.1958,0,0.21699,0.19814,0.3952,0.41708,0.40659,0.65757,0.33573,0.14659,0.47238,0.62824,0.25469,0.28314,-0.088737,-0.1524,0.074421,-0.14558,0.28507,0.38539,-0.10603,-0.31648,0.23582,0.0059351,0.43941,0.58006,0.10041,0.019133,0.089932,0.26565,0.25627,0.45786,0.16039,0.097406,0.08235,0.13234,0.23694,0.24859,0.28036,0.71286,0.066376,0.41629,0.31046,0.27502,0.50983,0.38453,0.1197,-0.030334,0.66733,0.3086,0.15304,0.051982,-0.044865,-0.066851,-0.077533,-0.33836,0.046554,-0.31825,-0.31869,0.16324,0.14317,-0.49754,-0.3831,-0.11924,0.057072,0.067815,0.066591,-0.19328,-0.14451,-0.10043,0.23922,0.40563,0.22025,0.43456,0.22105,0.3319,0.32804,0.32386,0.14484,0.45109,0.33008,0.088539,0.10414,0.099927,-0.16853,0.34673,0.49452,-0.15066,-0.33447,0.66437,0.36728,-0.23214,-0.087284,-0.035984,0.064572,-0.022726,0.015655,-0.09019,0.24045,-0.32059,-0.35686,-0.24276,-0.1584,-0.010513,-0.20347
0.43872,0.21699,0,1.3653,0.51339,-0.13365,0.070955,-0.10596,0.4264,-0.05845,0.46519,0.46544,0.25332,0.079846,0.64327,-0.074249,0.084493,-0.12374,0.37208,-0.11325,-0.54369,-0.67947,0.028097,-0.41707,0.38515,0.21514,-0.40605,-0.58114,-0.13583,-0.22757,0.0075882,0.047646,0.068846,-0.2633,0.057908,-0.27186,0.38142,0.15981,-0.094832,0.13728,-0.39051,-0.24376,-0.058971,-0.46453,0.094175,0.24626,0.15173,-0.086705,0.24438,0.50614,0.26036,0.42774,0.022863,-0.095556,0.14159,-0.40208,-0.27735,-0.3598,-0.43853,0.66331,0.50177,-0.032017,-0.0061521,-0.24529,0.40787,0.19615,0.17544,-0.6217,-0.19071,-0.23628,0.054399,0.16974,0.15723,0.060161,0.092759,0.3743,0.4316,0.5711,0.37938,0.5546,0.49161,0.99958,1.1821,0.56863,0.47036,0.5784,0.1046,0.07459,-0.17723,0.27996,0.097718,0.14679,-0.11556,0.21127,-0.11087,0.23003,0.003632,0.11409,-0.12888,-0.22514,0.028056,0.35504,0.40637,-0.17289,-0.12111
0.3907,0.19814,1.3653,0,0.55011,-0.18049,0.34837,0.092641,0.52835,0.10986,0.78013,0.6261,0.43714,0.29803,0.3574,-9.9898e-05,-0.11325,-0.18685,0.35471,-0.092407,-0.78444,-0.97583,0.038182,-0.53032,0.59474,0.39618,-0.82016,-0.6961,-0.11815,-0.24859,0.29819,0.17305,0.17551,-0.13459,0.19436,-0.1089,0.59638,0.41652,0.067216,0.22958,-0.56812,-0.44857,0.043584,-0.55348,0.26365,0.31424,0.052511,-0.16757,0.18594,0.68896,0.41813,0.49901,-0.077702,-0.19769,-0.034531,-0.69276,-0.54698,-0.69766,-0.78294,0.61409,0.53618,-0.19192,-0.1085,-0.38712,0.2472,0.041619,0.049074,-0.80393,-0.19192,-0.18266,-0.0070412,0.23403,0.082621,0.14767,0.071356,0.57317,0.86377,0.60443,0.52796,0.66686,0.646,0.64784,0.86685,0.38393,0.45444,0.68396,0.24362,-0.10779,-0.44656,0.27733,0.13385,0.17383,0.024107,0.34554,0.10827,0.51154,0.25078,0.30977,0.10464,-0.49433,-0.11353,0.24381,0.28823,-0.21658,-0.029529
0.85237,0.3952,0.51339,0.55011,0,0.30938,0.50632,0.017328,0.62398,-0.19457,0.73059,0.79704,0.48295,0.41917,0.19481,0.11653,-0.016527,-0.020187,0.296,0.18205,-0.33544,-0.42065,-0.13553,-0.25349,0.4284,0.2841,0.0043572,-0.02525,0.032842,-0.16115,0.21924,0.14132,0.50068,0.2667,0.37612,0.087934,0.51777,0.23165,0.17805,0.60788,0.047192,0.082335,0.15435,-0.18539,0.32771,0.47533,0.038637,-0.055771,0.44087,0.63612,0.49734,0.10604,0.73345,0.29004,0.4989,-0.11857,0.060179,-0.087015,-0.062136,0.77889,0.52772,-0.33888,-0.090868,-0.23848,0.19944,0.042885,0.084589,-0.24402,0.1199,-0.19493,0.0064512,0.2297,0.12548,0.45679,0.13401,1.0245,0.84088,1.2585,0.99422,1.0276,0.99267,0.12953,0.18239,0.6086,0.4329,0.73042,0.62332,0.14826,-0.10551,0.25079,0.15657,0.48675,0.30733,0.64098,0.41712,0.18075,0.11324,0.083658,0.23476,-0.20046,-0.20146,0.084297,0.025895,-0.069038,-0.05288
0.28757,0.41708,-0.13365,-0.18049,0.30938,0,0.026026,0.31334,-0.1726,-0.048662,-0.16935,-0.016038,-0.074826,0.07531,0.048844,-0.037703,0.13715,0.45566,-0.3652,0.22588,0.61521,0.35912,0.090354,0.52882,-0.20819,0.0056542,0.48359,0.23604,0.21769,0.38676,-0.083979,0.12224,0.2914,0.39481,0.25976,0.45218,-0.071537,0.058184,0.023011,0.17973,0.5995,0.64032,0.075707,0.5344,-0.14409,-0.21067,0.14018,0.11573,0.39573,-0.073219,0.19506,-0.044856,0.4991,0.77223,0.44708,0.51211,0.77875,0.48181,0.4216,0.01753,0.054546,-0.047577,0.18177,0.39607,0.44421,0.29719,0.18736,0.18726,0.33205,0.16429,0.30947,0.028956,-0.040882,-0.084927,-0.15853,-0.14793,0.016024,0.17784,0.15799,0.082692,0.059041,-0.19357,-0.11127,0.10686,0.058374,-0.12541,-0.06081,0.1043,0.30513,0.028818,-0.28648,0.15708,0.37267,0.080802,0.14719,-0.20265,-0.089734,-0.3577,0.20788,0.42284,0.12584,0.0050598,0.14577,0.37414,0.29438
0.5399,0.40659,0.070955,0.34837,0.50632,0.026026,0,0.7898,0.57042,0.44889,0.83235,0.54223,0.26755,0.30661,-0.54585,-0.34651,-0.20422,-0.30847,0.19069,0.37407,-0.41335,-0.7037,0.3002,-0.20715,0.70175,0.63228,-0.2358,-0.039547,0.27468,0.29332,0.54229,0.38743,0.2948,0.23742,0.35584,0.36258,0.62083,0.77836,1.174,1.083,0.070391,0.076935,0.36897,-0.0079848,0.41676,0.22252,-0.30298,-0.4555,-0.049253,0.31026,0.21183,0.022832,-0.14256,-0.41369,-0.33794,-0.48906,-0.23377,-0.63266,-0.62903,-0.081086,-0.14126,-0.30458,-0.20776,-0.66349,-0.36561,-0.52295,-0.46272,-0.30113,0.20091,-0.053627,-0.038302,0.031344,-0.18971,0.39132,-0.031139,0.77995,0.6861,0.26089,0.353,0.38695,0.31533,-0.085728,-0.09893,-0.20248,-0.030746,0.25951,0.30461,-0.44373,-0.68501,0.19356,0.21438,-0.059835,-0.066165,0.18753,0.2025,0.54261,0.38093,0.41186,0.22235,-0.70296,-0.38026,-0.18036,-0.23408,-0.29559,-0.29702
0.31549,0.65757,-0.10596,0.092641,0.017328,0.31334,0.7898,0,0.15,0.73125,0.34319,0.3281,0.14611,0.21742,-0.65698,-0.50008,-0.14559,-0.05303,0.22159,0.3724,-0.056729,-0.30759,0.4933,0.19977,0.4815,0.68842,-0.11809,0.053919,0.43304,0.62828,0.42932,0.51842,0.19373,0.21495,0.2425,0.43295,0.33239,0.69494,0.68829,0.67795,0.1354,0.26632,0.28292,0.30485,0.24726,-0.054056,-0.1586,-0.28936,-0.029889,0.1323,0.14408,-0.19757,-0.48291,-0.38371,-0.43959,-0.3331,-0.010451,-0.45401,-0.52777,-0.43678,-0.39646,-0.23019,-0.15643,-0.26016,-0.22733,-0.275,-0.30387,-0.11768,0.20294,0.26023,0.21071,0.081993,-0.169,0.13335,-0.10587,0.11936,0.24141,-0.0019833,0.0027175,0.18325,0.053611,-0.13107,-0.13448,-0.33383,-0.20921,0.1231,0.12642,-0.49109,-0.53025,0.25162,0.03314,-0.44741,-0.1627,-0.38881,-0.13033,0.076703,0.01151,0.012853,0.20927,-0.38221,-0.27131,-0.28157,-0.20275,-0.1321,-0.13105
0.57809,0.33573,0.4264,0.52835,0.62398,-0.1726,0.57042,0.15,0,0.34794,0.79122,0.68417,0.1649,0.14626,0.194,-0.041674,0.053624,-0.32542,0.36298,-0.037956,-0.41407,-0.50424,0.05427,-0.50823,0.75507,0.35683,-0.22909,-0.3524,0.014303,-0.34513,0.37243,0.23696,-0.088329,-0.2583,-0.25823,-0.45302,0.47456,0.22215,0.069877,0.25552,-0.23516,-0.32044,0.14954,-0.24992,0.54136,0.80968,0.23739,-0.048157,0.45375,0.26895,0.021277,0.48094,-0.049812,-0.29452,-0.16078,-0.52127,-0.44322,-0.54197,-0.58172,0.54975,0.42575,-0.21769,-0.28763,-0.34968,-0.002232,0.0086707,0.10753,-0.77501,-0.14554,-0.1235,0.22552,0.36013,0.26132,0.78577,0.56361,0.58696,0.58134,0.3407,0.22309,0.44444,0.46819,0.51097,0.28986,0.12952,-0.13084,0.3818,0.39546,0.17435,-0.3146,0.6856,0.87799,0.26186,0.083992,0.4643,0.28306,0.4199,0.19566,0.32952,0.15245,-0.3628,-0.07741,-0.058118,0.022887,-0.30879,-0.27723
0.037484,0.14659,-0.05845,0.10986,-0.19457,-0.048662,0.44889,0.73125,0.34794,0,0.324,0.019832,-0.093566,-0.024915,-0.32055,-0.51855,-0.20832,-0.25533,-0.061119,0.0035699,-0.1187,-0.32009,0.30578,-0.11854,0.3625,0.68197,-0.15167,-0.10554,0.54491,0.39887,0.63127,0.60689,0.0095242,-0.10441,-0.13289,0.0070543,0.50247,0.73418,0.30658,0.17988,-0.114,-0.16529,0.3013,0.26628,0.26664,0.11709,0.0068461,-0.014286,0.0077886,-0.14542,-0.15198,0.26478,-0.72297,-0.62774,-0.76279,-0.3125,-0.23868,-0.45765,-0.48334,-0.36794,-0.32897,-0.14741,-0.27573,-0.043661,-0.040221,-0.13174,-0.036741,-0.23308,0.16552,0.55221,0.45309,0.21192,0.11573,0.24482,0.2751,-0.13623,0.084076,-0.25578,-0.23457,0.039239,-0.10884,0.13378,-0.056073,-0.65992,-0.47096,-0.10892,-0.10381,-0.22985,-0.35199,0.23439,0.30621,-0.36374,-0.16505,-0.33189,-0.33523,0.13055,-0.15641,0.20835,-0.015195,-0.41372,-0.17429,-0.48317,-0.27462,-0.19359,-0.20922
0.66973,0.47238,0.46519,0.78013,0.73059,-0.16935,0.83235,0.34319,0.79122,0.324,0,1.0085,0.68518,0.64006,-0.11477,0.023767,-0.49684,-0.34604,0.36967,0.16765,-0.97312,-1.1282,-0.15265,-0.76213,0.90778,0.87629,-0.48488,-0.23045,-0.097367,-0.18869,0.78459,0.59258,0.44462,0.18088,0.40296,0.15534,1.2439,0.86525,0.4375,0.74521,-0.52723,-0.38996,0.4081,-0.29769,0.78835,0.69365,-0.037067,-0.10078,0.22668,0.8737,0.52974,0.24383,-0.065291,-0.38747,-0.17239,-0.92619,-0.54019,-0.90697,-0.76426,0.42112,0.34222,-0.41194,-0.30685,-0.5012,0.0072016,-0.17597,-0.032614,-0.35696,-0.023367,-0.026732,0.057541,0.40885,0.20802,0.85824,0.40551,1.1834,1.2688,0.74372,0.71675,1.0348,0.92733,0.10334,0.10421,0.1863,0.12602,0.79315,0.75017,-0.14635,-0.74293,0.55227,0.57066,-0.052163,-0.082428,0.22721,0.21688,0.42957,0.21539,0.13477,0.16565,-0.97176,-0.46443,-0.15075,-0.090956,-0.55026,-0.4354
0.71958,0.62824,0.46544,0.6261,0.79704,-0.016038,0.54223,0.3281,0.68417,0.019832,1.0085,0,0.73523,0.74576,0.081594,0.04998,-0.17633,-0.26426,0.81163,0.25042,-0.67951,-0.5968,-0.13708,-0.47526,0.68012,0.61065,-0.34075,-0.092626,-0.28684,-0.36952,0.45429,0.357,0.2865,0.046358,0.30614,-0.025702,0.53548,0.28582,0.13661,0.65569,-0.44368,-0.12057,0.40728,-0.12247,0.63997,0.64193,0.18449,-0.0090545,0.25821,0.98757,0.6512,-0.018597,0.11161,-0.20273,0.16972,-0.62812,-0.27967,-0.48832,-0.47943,0.71472,0.45436,-0.29742,-0.18679,-0.29605,-0.056999,0.08696,0.10955,-0.21622,-0.10075,-0.085371,0.12837,0.53189,0.30331,0.52386,0.34001,1.0818,1.0829,0.86064,0.7486,1.1576,1.3663,0.10942,0.13269,0.60716,0.25019,1.2642,1.1625,0.047665,-0.45761,0.71588,0.44861,0.038936,-0.019324,0.28914,0.37628,0.19734,0.16014,-0.04732,0.15216,-0.51548,-0.378,0.031499,-0.06894,-0.29494,-0.30644
0.2253,0.25469,0.25332,0.43714,0.48295,-0.074826,0.26755,0.14611,0.1649,-0.093566,0.68518,0.73523,0,1.3442,-0.20743,0.24885,-0.34916,-0.029466,0.42532,0.2703,-0.75158,-0.47518,-0.42046,-0.32635,0.53677,0.40538,-0.41232,-0.10403,-0.30133,-0.18033,0.33586,0.32366,1.0673,0.71454,0.81782,0.3836,0.63847,0.39129,0.12998,0.45536,-0.34707,-0.15327,0.21683,-0.22689,0.33431,0.19923,-0.0071481,-0.063773,0.051602,1.6185,1.2123,-0.12052,0.040983,-0.17077,0.12587,-0.4035,-0.17858,-0.28047,-0.24733,0.29771,0.15034,-0.5082,-0.16632,-0.397,-0.22178,-0.083784,-0.051761,0.064333,0.064787,-0.068204,-0.19202,0.16693,-0.01224,0.27747,0.02422,0.71547,0.66668,0.99082,1.1893,0.84042,0.94624,-0.21032,-0.1334,0.40923,0.53511,0.87581,0.89034,-0.052747,-0.33572,0.20244,0.040671,0.086579,0.098744,0.18786,0.35686,0.2308,0.16721,-0.067206,0.15237,-0.29671,-0.30342,0.045577,0.061678,-0.28395,-0.11795
0.21434,0.28314,0.079846,0.29803,0.41917,0.07531,0.30661,0.21742,0.14626,-0.024915,0.64006,0.74576,1.3442,0,-0.1909,0.22963,-0.30458,0.058673,0.17866,0.52869,-0.45415,-0.28459,-0.54,-0.26711,0.46661,0.46671,-0.21975,0.041876,-0.36572,-0.21284,0.62502,0.61911,0.85441,0.69443,0.71649,0.41209,0.58934,0.44388,0.10636,0.44795,-0.31907,-0.13402,0.53212,0.049331,0.58563,0.32221,0.038309,-0.00055884,0.15971,1.2119,1.3296,0.018667,0.067441,-0.13943,0.14276,-0.34695,-0.02016,-0.23319,-0.1959,0.31599,0.25195,-0.36498,-0.12051,-0.17344,-0.096878,0.040025,0.031631,0.20314,0.22844,0.1651,0.14992,0.37278,0.14846,0.39441,0.12681,0.61428,0.69232,0.74533,1.0359,0.74721,0.96339,-0.25599,-0.21499,0.23389,0.22522,0.67571,0.88212,-0.043515,-0.32217,0.28269,0.1346,0.20449,0.31761,0.1727,0.373,0.31014,0.34,-0.071159,0.30643,-0.17721,-0.11089,-0.049782,0.042359,-0.28029,-0.19005
0.13301,-0.088737,0.64327,0.3574,0.19481,0.048844,-0.54585,-0.65698,0.194,-0.32055,-0.11477,0.081594,-0.20743,-0.1909,0,0.067882,0.31572,0.061953,-0.024834,-0.46682,0.076917,0.094905,-0.17917,-0.24013,-0.22229,-0.22423,-0.0018237,-0.28728,-0.35394,-0.55876,-0.22223,-0.19644,-0.33708,-0.51129,-0.37574,-0.61995,-0.18021,-0.43017,-0.74186,-0.43015,-0.20314,-0.14856,-0.16557,-0.08764,-0.10603,0.28251,0.33214,0.24712,0.40289,-0.064136,-0.052496,0.5504,0.39709,0.44304,0.5658,0.20167,0.0091579,0.21489,0.18671,0.92516,0.74007,0.30236,0.13249,0.37387,0.59902,0.57112,0.50276,-0.26048,-0.16005,-0.18822,0.31042,0.23766,0.37839,-0.061533,0.26219,-0.12784,0.033245,0.12912,0.0028319,0.071143,0.16687,0.68221,0.662,0.5665,0.21191,0.076133,-0.13788,0.41724,0.28461,0.1426,0.12942,0.36712,0.15079,0.38164,0.094188,-0.037955,-0.062148,-0.052461,-0.17313,0.30749,0.27577,0.47759,0.47922,0.28284,0.2258
-0.25231,-0.1524,-0.074249,-9.9898e-05,0.11653,-0.037703,-0.34651,-0.50008,-0.041674,-0.51855,0.023767,0.04998,0.24885,0.22963,0.067882,0,-0.15725,0.11735,-0.06858,0.10223,-0.094063,0.16657,-0.50194,-0.074583,-0.12924,-0.43851,-0.14526,-0.070987,-0.42822,-0.61547,-0.063077,-0.22468,0.020548,0.049314,0.035117,-0.074578,-0.096509,-0.33313,-0.53566,-0.46124,-0.41021,-0.47612,-0.046511,-0.4308,0.20817,0.19281,0.48824,0.46922,0.10106,0.29505,0.17623,-0.001435,0.22955,0.20274,0.074328,-0.20889,-0.15017,0.12042,0.14573,0.32571,0.65623,-0.16761,0.03758,0.17124,0.32325,0.44354,0.4759,-0.014352,-0.56201,-0.076627,-0.31933,0.21322,0.28699,0.20517,0.27187,0.16491,0.16426,0.25475,0.21112,0.11885,0.24949,-0.105,0.053112,0.31832,0.041888,0.22638,0.40895,0.5904,0.35406,0.19321,0.16601,0.35132,0.3252,0.26555,0.2475,0.0068716,0.23884,-0.26988,0.36207,0.11086,0.19901,-0.17628,0.038358,-0.31551,-0.085489
0.094726,0.074421,0.084493,-0.11325,-0.016527,0.13715,-0.20422,-0.14559,0.053624,-0.20832,-0.49684,-0.17633,-0.34916,-0.30458,0.31572,-0.15725,0,0.31452,0.037434,0.16434,0.3775,0.40585,0.13739,0.30987,0.079473,-0.18369,0.28807,-0.13072,0.077715,-0.018982,-0.25662,-0.11518,-0.40241,-0.40344,-0.53986,-0.6059,-0.47166,-0.62981,-0.30492,-0.22637,0.3717,0.34928,0.071746,0.37568,-0.048653,0.090515,0.30702,0.15809,0.24389,-0.40885,-0.50775,0.20128,0.15364,0.13877,0.11375,0.35346,0.51323,0.42948,0.30868,0.087235,0.027723,-0.20135,-0.39847,0.3252,-0.00946,0.39707,0.25618,-0.25128,-0.23287,0.03216,0.17604,0.16201,0.192,-0.19058,0.045511,-0.2775,-0.36153,-0.24294,-0.35793,-0.23616,-0.29468,0.33924,0.27976,-0.13723,-0.25498,-0.15021,-0.19525,0.33623,0.60475,0.065984,0.010519,0.59216,0.41729,0.15764,-0.012081,-0.17772,0.0053665,0.31141,-0.054483,0.44008,0.24949,0.0093349,-0.078809,0.44773,0.29233
-0.21581,-0.14558,-0.12374,-0.18685,-0.020187,0.45566,-0.30847,-0.05303,-0.32542,-0.25533,-0.34604,-0.26426,-0.029466,0.058673,0.061953,0.11735,0.31452,0,-0.22858,0.19415,0.52328,0.65431,-0.14847,0.5332,0.0058936,-0.21459,0.2549,0.22127,-0.084639,-0.041937,-0.22684,-0.055409,0.10582,0.29474,0.11898,0.12832,-0.09819,-0.082988,-0.19904,-0.21891,0.32657,0.11843,-0.10515,0.13129,-0.21709,-0.19545,0.0059454,-0.015731,-0.042144,-0.055531,0.12346,-0.031315,0.33459,0.51908,0.31341,0.49463,0.67328,0.51185,0.42549,-0.087932,0.043474,0.058129,0.067127,0.25658,0.2078,0.18644,0.051731,0.16485,0.22582,0.17478,-0.0027734,-0.18457,-0.21682,-0.12984,-0.1908,-0.2057,-0.22344,0.092179,0.077047,-0.052179,-0.079119,-0.11161,-0.060889,-0.041928,0.13726,-0.12753,-0.24088,0.23274,0.40553,-0.14682,-0.28672,0.32641,0.47763,-0.17195,-0.051542,-0.16498,0.035651,-0.29706,-0.0076508,0.47564,0.42149,0.28893,0.37028,0.077078,0.33028
0.27232,0.28507,0.37208,0.35471,0.296,-0.3652,0.19069,0.22159,0.36298,-0.061119,0.36967,0.81163,0.42532,0.17866,-0.024834,-0.06858,0.037434,-0.22858,0,-0.032641,-0.59932,-0.39592,0.053465,-0.25465,0.53831,0.31917,-0.35874,-0.12375,-0.092519,-0.27688,0.02818,-0.028357,0.0062713,-0.21854,0.048303,-0.29261,0.15888,-0.044753,-0.006317,0.29594,-0.34768,-0.10891,0.00050682,-0.29803,0.18533,0.27031,0.11188,-0.01569,-0.10049,0.50016,0.16548,-0.45857,-0.088297,-0.33174,0.083104,-0.45641,-0.28295,-0.33368,-0.35998,0.28002,0.032719,-0.19573,-0.19975,-0.30396,-0.29889,-0.021785,0.0091201,-0.21805,-0.287,-0.10879,-0.15688,0.22091,0.11671,0.1385,0.12778,0.50747,0.3485,0.43731,0.24828,0.57782,0.51998,0.14212,0.16,0.53736,0.27456,0.99669,0.62471,0.053752,-0.23489,0.36682,0.1767,-0.14796,-0.2987,-0.081157,0.048903,-0.24121,-0.27578,-0.080245,-0.11239,-0.36741,-0.40333,0.064187,-0.19859,-0.19303,-0.13736
0.20955,0.38539,-0.11325,-0.092407,0.18205,0.22588,0.37407,0.3724,-0.037956,0.0035699,0.16765,0.25042,0.2703,0.52869,-0.46682,0.10223,0.16434,0.19415,-0.032641,0,0.050597,0.035478,-0.04311,0.28292,0.26459,0.20583,0.32704,0.36966,0.053354,0.23363,0.35726,0.47038,0.27613,0.32404,0.263,0.27482,0.14276,0.18118,0.3089,0.45935,0.12369,0.2853,0.65118,0.33613,0.56289,0.14866,0.08359,-0.036256,0.021185,0.30459,0.28001,-0.11845,-0.067495,-0.29671,-0.18493,-0.16546,0.38902,0.022107,-0.0092781,-0.13765,0.017852,-0.26887,-0.14533,-0.078884,-0.034711,0.093352,-0.00055229,0.27416,0.11893,0.27183,0.16204,0.2397,0.17348,0.23238,0.039285,0.30012,0.071402,0.20393,0.2268,0.26651,0.21049,-0.085509,-0.089788,-0.18102,-0.29501,0.20217,0.39062,0.029535,0.016236,0.22893,0.085914,0.1426,0.2453,-0.21097,-0.22236,0.13606,0.35246,-0.013641,0.32881,-0.01005,0.1919,-0.3778,-0.20893,-0.39373,-0.57675
-0.22255,-0.10603,-0.54369,-0.78444,-0.33544,0.61521,-0.41335,-0.056729,-0.41407,-0.1187,-0.97312,-0.67951,-0.75158,-0.45415,0.076917,-0.094063,0.3775,0.52328,-0.59932,0.050597,0,1.3001,0.30053,1.0884,-0.71479,-0.58462,0.95721,0.56786,0.3212,0.34914,-0.42483,-0.28566,-0.36039,-0.011872,-0.4043,-0.0010253,-0.80011,-0.45261,-0.23267,-0.36909,0.896,0.60599,-0.26127,0.49141,-0.42722,-0.40571,-0.042919,-0.05584,0.1473,-0.83554,-0.38782,-0.046936,0.22922,0.59137,0.19952,0.98695,0.728,0.77985,0.64695,-0.31731,-0.1365,0.41129,0.34371,0.47269,0.17989,0.1053,-0.035658,0.30356,0.30763,0.078362,0.24628,-0.30373,-0.1988,-0.3907,-0.31178,-0.84059,-0.82172,-0.51519,-0.54776,-0.70719,-0.64958,-0.076715,-0.14194,-0.28348,-0.31672,-0.87385,-0.62006,0.052359,0.47437,-0.36591,-0.36677,0.10304,0.29511,-0.17366,-0.16841,-0.24007,-0.056226,-0.14135,0.1552,0.916,0.58415,0.056993,0.1355,0.48376,0.32958
-0.47709,-0.31648,-0.67947,-0.97583,-0.42065,0.35912,-0.7037,-0.30759,-0.50424,-0.32009,-1.1282,-0.5968,-0.47518,-0.28459,0.094905,0.16657,0.40585,0.65431,-0.39592,0.035478,1.3001,0,-0.034331,0.80818,-0.67571,-0.7136,0.75172,0.58334,-0.0081623,-0.010299,-0.51238,-0.3911,-0.32133,-0.016609,-0.34785,-0.12423,-0.84755,-0.72947,-0.50704,-0.59638,0.54877,0.36721,-0.18445,0.43406,-0.42438,-0.3496,0.16115,0.17675,-0.022214,-0.61283,-0.28969,-0.18971,0.28668,0.5465,0.28847,0.96904,0.73477,1.1011,0.93389,-0.2212,-0.10417,0.31804,0.23871,0.6158,0.056032,0.27759,0.13928,0.46976,0.11811,0.13125,0.079128,-0.21379,-0.080007,-0.39035,-0.15827,-0.72887,-0.81605,-0.44084,-0.4269,-0.61603,-0.47984,-0.24213,-0.30725,-0.14364,-0.21292,-0.59666,-0.35675,0.35518,0.76294,-0.27876,-0.29369,0.19405,0.32041,-0.12746,-0.029461,-0.3734,-0.092179,-0.29588,-0.015219,0.96352,0.50502,0.068732,0.062015,0.37337,0.31071
0.19882,0.23582,0.028097,0.038182,-0.13553,0.090354,0.3002,0.4933,0.05427,0.30578,-0.15265,-0.13708,-0.42046,-0.54,-0.17917,-0.50194,0.13739,-0.14847,0.053465,-0.04311,0.30053,-0.034331,0,0.60057,-0.11636,-0.078105,0.068256,0.13313,0.76464,0.72222,-0.23458,-0.33122,-0.34803,-0.21233,-0.36871,-0.041734,-0.3526,-0.027011,0.37315,0.17727,0.44744,0.48946,-0.45221,-0.048686,-0.26555,-0.30712,-0.41381,-0.69071,-0.027401,-0.40684,-0.40864,-0.033725,-0.31302,-0.11186,-0.37396,0.043307,-0.17958,-0.22248,-0.34296,-0.31864,-0.23049,0.11663,0.095704,-0.41812,-0.26954,-0.50408,-0.60317,-0.33703,0.037094,-0.38394,-0.13654,-0.44662,-0.50093,-0.4011,-0.524,-0.20474,-0.25267,-0.31405,-0.46067,-0.31337,-0.44129,0.24523,0.23804,-0.25942,-0.0823,-0.31967,-0.39848,-0.61499,-0.36039,-0.26549,-0.24896,-0.37373,-0.20277,-0.16845,-0.28836,0.20854,0.12495,0.43108,0.24242,-0.094556,0.021153,0.10384,-0.0060614,0.26884,0.14639
-0.19252,0.0059351,-0.41707,-0.53032,-0.25349,0.52882,-0.20715,0.19977,-0.50823,-0.11854,-0.76213,-0.47526,-0.32635,-0.26711,-0.24013,-0.074583,0.30987,0.5332,-0.25465,0.28292,1.0884,0.80818,0.60057,0,-0.49506,-0.51173,0.63086,0.60547,0.54636,0.64804,-0.44726,-0.36605,-0.097331,0.21089,-0.15955,0.18551,-0.71156,-0.33814,-0.02036,-0.13807,0.90183,0.77195,-0.40303,0.24931,-0.43491,-0.5912,-0.22863,-0.32692,-0.050461,-0.42313,-0.16992,-0.32791,0.071456,0.35616,0.054081,0.67195,0.56268,0.53688,0.3883,-0.46696,-0.24581,0.18511,0.31269,0.072468,-0.070076,-0.12406,-0.30992,0.27487,0.27821,-0.059592,-0.072943,-0.5,-0.46644,-0.57533,-0.6848,-0.55479,-0.70065,-0.24976,-0.32169,-0.45707,-0.50007,-0.12107,-0.094867,-0.20829,-0.070823,-0.48391,-0.40599,-0.17602,0.25706,-0.51059,-0.64593,-0.013553,0.24671,-0.31908,-0.29084,-0.15399,0.03662,-0.039216,0.35029,0.65546,0.47138,0.065168,0.093927,0.36336,0.30722
0.46026,0.43941,0.38515,0.59474,0.4284,-0.20819,0.70175,0.4815,0.75507,0.3625,0.90778,0.68012,0.53677,0.46661,-0.22229,-0.12924,0.079473,0.0058936,0.53831,0.26459,-0.71479,-0.67571,-0.11636,-0.49506,0,0.8485,-0.48697,-0.43284,-0.076487,-0.17373,0.56349,0.60281,0.24993,0.043413,0.19093,-0.073531,0.87689,0.59413,0.33833,0.51577,-0.33193,-0.3313,0.44624,-0.12978,0.63728,0.54881,0.12521,-0.047582,0.15244,0.57719,0.23188,0.20954,-0.25106,-0.53081,-0.31646,-0.76588,-0.24265,-0.67376,-0.70087,0.148,0.052023,-0.62468,-0.66722,-0.38295,-0.17431,-0.058759,0.016273,-0.56759,-0.15441,0.14954,0.068476,0.40052,0.14553,0.66976,0.37677,0.70143,0.68454,0.41563,0.37927,0.64117,0.50116,0.182,0.13477,-0.0804,-0.042916,0.64032,0.49987,0.0017877,-0.38283,0.65403,0.54434,0.13257,0.04798,0.081198,0.1586,0.25168,0.12256,0.22511,0.0014229,-0.63611,-0.33116,-0.17036,-0.13169,-0.44379,-0.24413
0.56325,0.58006,0.21514,0.39618,0.2841,0.0056542,0.63228,0.68842,0.35683,0.68197,0.87629,0.61065,0.40538,0.46671,-0.22423,-0.43851,-0.18369,-0.21459,0.31917,0.20583,-0.58462,-0.7136,-0.078105,-0.51173,0.8485,0,-0.28334,-0.14862,0.1077,0.13788,0.98231,1.1485,0.39047,0.10006,0.32771,0.16892,0.99455,0.93924,0.44528,0.76545,-0.32797,-0.095134,0.76673,0.30632,0.67511,0.46988,-0.0038545,0.10675,0.18924,0.39945,0.25143,0.12953,-0.23029,-0.44717,-0.23217,-0.54067,-0.13225,-0.5953,-0.48791,0.058154,-0.10054,-0.54258,-0.63139,-0.061005,-0.031712,-0.038937,0.084117,-0.12145,0.099356,0.45362,0.41646,0.62622,0.34757,0.52971,0.40587,0.45951,0.65969,0.28469,0.29339,0.72907,0.47588,-0.062063,-0.095303,-0.16486,-0.14654,0.53746,0.47318,-0.22885,-0.50109,0.49596,0.38428,-0.23176,-0.10366,-0.14425,-0.016392,-0.0076542,-0.17203,0.08573,-0.0785,-0.8099,-0.6879,-0.37733,-0.41276,-0.16826,-0.22607
0.11613,0.10041,-0.40605,-0.82016,0.0043572,0.48359,-0.2358,-0.11809,-0.22909,-0.15167,-0.48488,-0.34075,-0.41232,-0.21975,-0.0018237,-0.14526,0.28807,0.2549,-0.35874,0.32704,0.95721,0.75172,0.068256,0.63086,-0.48697,-0.28334,0,0.89601,0.34171,0.37817,-0.23593,-0.029205,-0.050707,0.13692,-0.20194,0.034541,-0.38473,-0.30368,-0.062822,0.033704,0.87842,0.78985,0.019082,0.59068,-0.12313,-0.11234,-0.041167,0.034817,0.25422,-0.45659,-0.23303,-0.18686,0.39049,0.37665,0.30975,0.82349,0.91966,0.7842,0.79239,-0.1814,-0.1614,0.22114,0.19892,0.35349,0.1514,0.080025,0.02913,0.59311,0.43788,0.1297,0.32124,-0.12122,0.047849,-0.029708,-0.066965,-0.34165,-0.65649,-0.14019,-0.22204,-0.23792,-0.28083,-0.094737,-0.26814,-0.11842,-0.32433,-0.43253,-0.18623,0.15124,0.44307,-0.19146,-0.1403,0.071819,0.13222,-0.2088,-0.2884,-0.39425,-0.26029,-0.23167,0.02092,0.6368,0.33325,-0.15022,-0.10678,0.22154,-0.11451
0.011634,0.019133,-0.58114,-0.6961,-0.02525,0.23604,-0.039547,0.053919,-0.3524,-0.10554,-0.23045,-0.092626,-0.10403,0.041876,-0.28728,-0.070987,-0.13072,0.22127,-0.12375,0.36966,0.56786,0.58334,0.13313,0.60547,-0.43284,-0.14862,0.89601,0,0.27886,0.32388,-0.075049,-0.094787,0.090386,0.30103,0.075493,0.28699,-0.22822,-0.091469,0.16317,0.2331,0.53534,0.61193,0.055966,0.4056,-0.066401,-0.14422,-0.30955,-0.19627,-0.12841,-0.16556,0.052088,-0.48373,0.28925,0.20402,0.18454,0.51229,0.49827,0.49684,0.53248,-0.2521,-0.19536,0.19056,0.22037,0.09662,-0.17168,-0.22536,-0.28023,0.80037,0.43876,0.048034,-0.0081397,-0.21771,-0.13887,-0.1035,-0.21662,-0.058756,-0.3258,9.9267e-05,-0.0089737,-0.046086,-0.046626,-0.42663,-0.50165,-0.080048,-0.09133,-0.17625,0.068476,-0.10825,0.061076,-0.31618,-0.25006,-0.2135,-0.030818,-0.30088,-0.21035,-0.22768,-0.063704,-0.23826,0.10469,0.16787,0.028627,-0.13819,-0.26993,0.044447,-0.161
0.11783,0.089932,-0.13583,-0.11815,0.032842,0.21769,0.27468,0.43304,0.014303,0.54491,-0.097367,-0.28684,-0.30133,-0.36572,-0.35394,-0.42822,0.077715,-0.084639,-0.092519,0.053354,0.3212,-0.0081623,0.76464,0.54636,-0.076487,0.1077,0.34171,0.27886,0,1.0065,0.11981,0.041371,0.041113,0.053734,-0.19459,0.076824,-0.02458,0.20919,0.30175,0.17747,0.57558,0.41129,-0.20022,0.15274,-0.089255,-0.17279,-0.35129,-0.2704,0.085597,-0.39511,-0.34813,-0.088201,-0.11117,-0.0487,-0.27409,0.22228,0.12664,0.010145,-0.016895,-0.43681,-0.34647,-0.13548,-0.069437,-0.093645,-0.037284,-0.33969,-0.29915,-0.09654,0.30816,0.1739,0.11336,-0.18754,-0.19561,-0.1345,-0.28493,-0.25318,-0.26467,-0.12909,-0.25956,-0.088602,-0.33062,0.077327,0.010393,-0.447,-0.23327,-0.24854,-0.27884,-0.38059,-0.071749,-0.39517,-0.27938,-0.10012,0.084455,-0.26398,-0.46701,-0.11749,-0.26578,0.37229,0.33375,0.0080429,-0.017642,-0.39437,-0.35187,0.24568,0.15164
0.13962,0.26565,-0.22757,-0.24859,-0.16115,0.38676,0.29332,0.62828,-0.34513,0.39887,-0.18869,-0.36952,-0.18033,-0.21284,-0.55876,-0.61547,-0.018982,-0.041937,-0.27688,0.23363,0.34914,-0.010299,0.72222,0.64804,-0.17373,0.13788,0.37817,0.32388,1.0065,0,-0.023672,0.1085,0.24719,0.36798,0.14984,0.56107,-0.056429,0.32642,0.6451,0.41878,0.75613,0.80976,-0.11422,0.36489,-0.24501,-0.52072,-0.53781,-0.44581,-0.060937,-0.30578,-0.14593,-0.21909,-0.22493,-0.054262,-0.27071,0.27963,0.28947,0.045971,0.02351,-0.79329,-0.70432,-0.075076,0.05496,-0.18408,-0.1784,-0.49012,-0.53611,0.19789,0.46178,0.045853,0.011952,-0.41315,-0.45151,-0.32648,-0.58695,-0.31409,-0.36839,-0.21806,-0.21747,-0.24235,-0.46927,-0.15936,-0.16441,-0.50113,-0.11763,-0.42506,-0.39663,-0.6913,-0.18638,-0.46789,-0.50624,-0.40661,-0.15488,-0.42499,-0.44383,-0.052557,-0.14176,0.1695,0.14277,0.031254,-0.075885,-0.21549,-0.1732,0.25976,0.075471
0.24983,0.25627,0.0075882,0.29819,0.21924,-0.083979,0.54229,0.42932,0.37243,0.63127,0.78459,0.45429,0.33586,0.62502,-0.22223,-0.063077,-0.25662,-0.22684,0.02818,0.35726,-0.42483,-0.51238,-0.23458,-0.44726,0.56349,0.98231,-0.23593,-0.075049,0.11981,-0.023672,0,1.3022,0.27417,0.10836,0.15857,0.09111,0.76089,0.7645,0.22881,0.37588,-0.45206,-0.36187,0.82172,0.20884,1.1951,0.73335,0.0021833,0.16867,0.21802,0.33419,0.26409,0.30861,-0.21979,-0.45422,-0.31725,-0.56779,-0.23606,-0.58345,-0.44314,0.1279,0.19898,-0.40079,-0.47129,0.019937,0.082165,0.032063,0.1535,-0.070146,0.1347,0.60524,0.57709,0.81643,0.54135,0.73592,0.53097,0.37363,0.63638,0.20094,0.26184,0.55061,0.44218,-0.053751,-0.10516,-0.30665,-0.42397,0.37952,0.49689,-0.16152,-0.43662,0.3575,0.50192,0.082255,0.27956,-0.051236,-0.018473,0.20142,0.15137,0.25145,0.38638,-0.53517,-0.23374,-0.5944,-0.38889,-0.28594,-0.27783
0.3267,0.45786,0.047646,0.17305,0.14132,0.12224,0.38743,0.51842,0.23696,0.60689,0.59258,0.357,0.32366,0.61911,-0.19644,-0.22468,-0.11518,-0.055409,-0.028357,0.47038,-0.28566,-0.3911,-0.33122,-0.36605,0.60281,1.1485,-0.029205,-0.094787,0.041371,0.1085,1.3022,0,0.37615,0.20617,0.2488,0.19001,0.78544,0.80507,0.22567,0.44299,-0.28014,-0.14875,0.97186,0.46171,0.93084,0.53533,0.11119,0.25725,0.31252,0.3149,0.28397,0.26403,-0.24815,-0.39726,-0.22339,-0.40073,0.071614,-0.38472,-0.28838,0.0030871,0.010468,-0.37595,-0.4549,0.15272,0.19516,0.16892,0.26044,0.068889,0.23631,0.76717,0.81509,0.79178,0.55105,0.70419,0.53555,0.20609,0.39599,0.16994,0.21829,0.48818,0.33814,-0.02652,-0.12279,-0.3095,-0.4534,0.29224,0.36566,-0.077133,-0.27068,0.49177,0.45287,-0.0092515,0.16422,-0.24779,-0.14196,-0.0011324,-0.062365,-0.012756,0.1237,-0.31838,-0.1672,-0.52653,-0.24764,-0.27167,-0.34983
0.20452,0.16039,0.068846,0.17551,0.50068,0.2914,0.2948,0.19373,-0.088329,0.0095242,0.44462,0.2865,1.0673,0.85441,-0.33708,0.020548,-0.40241,0.10582,0.0062713,0.27613,-0.36039,-0.32133,-0.34803,-0.097331,0.24993,0.39047,-0.050707,0.090386,0.041113,0.24719,0.27417,0.37615,0,1.3428,1.2429,0.84775,0.68519,0.59956,0.34945,0.58213,0.076673,0.14692,0.18677,0.030036,0.077682,-0.085752,-0.21363,-0.089588,0.020801,0.80122,0.99933,-0.18497,0.24693,0.090037,0.25225,0.017839,0.1868,0.010444,0.077187,0.020793,-0.13231,-0.41899,-0.024129,-0.23833,-0.078173,-0.18788,-0.14061,0.33682,0.48365,0.095382,-0.11049,-0.052156,-0.1755,0.13981,-0.17906,0.44621,0.4088,0.82868,1.1043,0.63512,0.57337,-0.42412,-0.35173,0.19925,0.54229,0.41396,0.42432,-0.15685,-0.16668,-0.11972,-0.2584,0.061454,0.14148,0.095204,0.2003,0.078259,-0.039722,-0.1293,0.064074,-0.11858,-0.28403,-0.014366,0.029497,-0.083877,-0.0033003
0.064282,0.097406,-0.2633,-0.13459,0.2667,0.39481,0.23742,0.21495,-0.2583,-0.10441,0.18088,0.046358,0.71454,0.69443,-0.51129,0.049314,-0.40344,0.29474,-0.21854,0.32404,-0.011872,-0.016609,-0.21233,0.21089,0.043413,0.10006,0.13692,0.30103,0.053734,0.36798,0.10836,0.20617,1.3428,0,0.99618,1.1392,0.3237,0.4389,0.42005,0.46473,0.34987,0.30776,-0.012124,0.054905,-0.049564,-0.25339,-0.45037,-0.31685,-0.034356,0.48729,0.81322,-0.27442,0.24673,0.23553,0.23078,0.21559,0.27344,0.10959,0.16936,-0.19845,-0.22744,-0.20489,0.16285,-0.30865,-0.22261,-0.40521,-0.41107,0.50382,0.67147,-0.04865,-0.19212,-0.33392,-0.47296,0.061849,-0.41563,0.23896,0.14741,0.49613,0.72846,0.23317,0.25103,-0.65568,-0.58749,0.029516,0.39843,0.055431,0.19767,-0.32292,-0.19931,-0.32462,-0.3706,0.022575,0.21627,0.01895,0.23787,0.15537,0.15615,-0.14218,0.23486,0.098914,-0.06119,0.095099,0.17073,-0.011155,0.091957
0.077174,0.08235,0.057908,0.19436,0.37612,0.25976,0.35584,0.2425,-0.25823,-0.13289,0.40296,0.30614,0.81782,0.71649,-0.37574,0.035117,-0.53986,0.11898,0.048303,0.263,-0.4043,-0.34785,-0.36871,-0.15955,0.19093,0.32771,-0.20194,0.075493,-0.19459,0.14984,0.15857,0.2488,1.2429,0.99618,0,1.2203,0.60942,0.63569,0.52438,0.63253,-0.02531,0.080259,0.24512,-0.021027,-0.041748,-0.25913,-0.2281,-0.12311,-0.30523,0.77857,1.0141,-0.37792,0.22083,0.086702,0.27957,-0.082951,0.16905,-0.023377,0.027458,-0.07178,-0.19485,-0.16238,0.17097,-0.23095,-0.060226,-0.1978,-0.20017,0.38076,0.38207,0.050776,-0.26258,-0.13934,-0.27592,-0.0050126,-0.29371,0.5251,0.51737,0.64833,0.99574,0.51241,0.51951,-0.52797,-0.3065,0.2823,0.67188,0.4139,0.31881,-0.1909,-0.20359,-0.12035,-0.38438,-0.093781,-0.094823,0.026472,0.22848,0.071445,0.032844,-0.32237,-0.098446,-0.22722,-0.32642,0.11332,0.087379,-0.22776,-0.083491
0.010879,0.13234,-0.27186,-0.1089,0.087934,0.45218,0.36258,0.43295,-0.45302,0.0070543,0.15534,-0.025702,0.3836,0.41209,-0.61995,-0.074578,-0.6059,0.12832,-0.29261,0.27482,-0.0010253,-0.12423,-0.041734,0.18551,-0.073531,0.16892,0.034541,0.28699,0.076824,0.56107,0.09111,0.19001,0.84775,1.1392,1.2203,0,0.3115,0.63904,0.72935,0.57009,0.28855,0.32486,0.087073,0.13114,-0.15917,-0.49358,-0.46471,-0.3208,-0.27006,0.30686,0.60415,-0.37672,0.073997,0.15051,0.075092,0.083133,0.22393,0.012424,0.054224,-0.44341,-0.39345,-0.021824,0.30432,-0.22808,-0.10564,-0.42234,-0.453,0.47382,0.54237,0.0041191,-0.22149,-0.37197,-0.51748,-0.11676,-0.5243,0.16302,0.18818,0.22663,0.4548,0.087881,0.080996,-0.67809,-0.45591,-0.061746,0.33257,-0.059527,0.0019067,-0.48828,-0.28748,-0.33159,-0.5228,-0.29884,-0.11752,-0.14465,0.097244,0.11734,0.11605,-0.2648,0.097694,-0.098286,-0.18742,0.017244,0.088381,-0.089748,-0.011493
0.36284,0.23694,0.38142,0.59638,0.51777,-0.071537,0.62083,0.33239,0.47456,0.50247,1.2439,0.53548,0.63847,0.58934,-0.18021,-0.096509,-0.47166,-0.09819,0.15888,0.14276,-0.80011,-0.84755,-0.3526,-0.71156,0.87689,0.99455,-0.38473,-0.22822,-0.02458,-0.056429,0.76089,0.78544,0.68519,0.3237,0.60942,0.3115,0,1.2902,0.42838,0.6007,-0.40743,-0.40956,0.52471,-0.095677,0.50731,0.40098,0.017427,0.049143,0.059881,0.70724,0.52985,0.22413,-0.09242,-0.36031,-0.17058,-0.57947,-0.20784,-0.52067,-0.43768,0.1416,0.047936,-0.41512,-0.32024,-0.24297,0.1223,-0.073295,0.070165,-0.18691,0.1475,0.3154,0.12801,0.33623,0.18308,0.67263,0.38974,0.70403,0.83997,0.62103,0.69724,0.87317,0.6821,0.02503,0.0012526,1.9268e-05,0.14712,0.57426,0.43619,-0.025535,-0.40453,0.4047,0.35706,-0.044729,-0.096277,0.038059,0.040087,0.22114,-0.046229,-0.02376,-0.12152,-0.74282,-0.42658,-0.23372,-0.092873,-0.57088,-0.37909
0.2519,0.24859,0.15981,0.41652,0.23165,0.058184,0.77836,0.69494,0.22215,0.73418,0.86525,0.28582,0.39129,0.44388,-0.43017,-0.33313,-0.62981,-0.082988,-0.044753,0.18118,-0.45261,-0.72947,-0.027011,-0.33814,0.59413,0.93924,-0.30368,-0.091469,0.20919,0.32642,0.7645,0.80507,0.59956,0.4389,0.63569,0.63904,1.2902,0,0.76571,0.69455,-0.17615,-0.20166,0.39078,0.0065536,0.34318,0.095946,-0.28999,-0.23176,-0.05955,0.4289,0.4509,0.13824,-0.29573,-0.37664,-0.33399,-0.47617,-0.19282,-0.62538,-0.56016,-0.20657,-0.19283,-0.19366,-0.10734,-0.33306,0.041821,-0.35188,-0.2444,-0.088432,0.40107,0.32255,0.1773,0.090339,-0.099145,0.40068,0.052582,0.39681,0.5836,0.29584,0.41971,0.46238,0.31688,-0.084625,-0.08264,-0.26415,0.037322,0.22156,0.12193,-0.43973,-0.67569,0.13434,0.097469,-0.29066,-0.16538,-0.1956,-0.10862,0.30627,0.034929,0.031954,0.026652,-0.65934,-0.31405,-0.20763,-0.033765,-0.44359,-0.28973
0.35298,0.28036,-0.094832,0.067216,0.17805,0.023011,1.174,0.68829,0.069877,0.30658,0.4375,0.13661,0.12998,0.10636,-0.74186,-0.53566,-0.30492,-0.19904,-0.006317,0.3089,-0.23267,-0.50704,0.37315,-0.02036,0.33833,0.44528,-0.062822,0.16317,0.30175,0.6451,0.22881,0.22567,0.34945,0.42005,0.52438,0.72935,0.42838,0.76571,0,1.1293,0.29909,0.3206,0.18276,0.064026,0.068964,-0.14594,-0.68843,-0.67748,-0.31876,0.11103,0.1184,-0.19768,-0.17536,-0.32241,-0.32311,-0.20992,-0.069813,-0.40497,-0.36323,-0.47134,-0.52982,-0.12677,-0.05172,-0.70298,-0.49289,-0.89207,-0.83797,0.024367,0.36505,-0.16702,-0.25266,-0.34412,-0.51027,0.099585,-0.34584,0.45039,0.2647,0.0573,0.18506,0.088563,-0.025377,-0.29651,-0.26941,-0.33479,0.057051,-0.045386,-0.020729,-0.75841,-0.66845,-0.15308,-0.10192,-0.38246,-0.35421,-0.096988,-0.011074,0.36265,0.24903,0.24944,-0.0089532,-0.59019,-0.41642,-0.061796,-0.17061,-0.21153,-0.26136
0.88563,0.71286,0.13728,0.22958,0.60788,0.17973,1.083,0.67795,0.25552,0.17988,0.74521,0.65569,0.45536,0.44795,-0.43015,-0.46124,-0.22637,-0.21891,0.29594,0.45935,-0.36909,-0.59638,0.17727,-0.13807,0.51577,0.76545,0.033704,0.2331,0.17747,0.41878,0.37588,0.44299,0.58213,0.46473,0.63253,0.57009,0.6007,0.69455,1.1293,0,0.18676,0.43536,0.40183,0.17905,0.33429,0.16287,-0.40009,-0.42307,0.04809,0.48017,0.41953,-0.20177,0.08002,-0.20335,0.0028278,-0.25661,0.045826,-0.36091,-0.30237,-0.015053,-0.20479,-0.33033,-0.1833,-0.53,-0.31896,-0.48039,-0.44101,0.075024,0.34715,-0.11701,-0.02066,0.028859,-0.15535,0.31127,-0.1096,0.8134,0.55089,0.50757,0.5475,0.61084,0.46989,-0.21507,-0.19927,0.053895,0.17224,0.4131,0.45131,-0.48856,-0.62917,0.15048,0.053684,-0.24815,-0.22368,0.024759,0.11368,0.19604,0.10759,0.098736,0.037198,-0.59734,-0.57709,-0.076926,-0.23677,-0.15345,-0.31844
0.12139,0.066376,-0.39051,-0.56812,0.047192,0.5995,0.070391,0.1354,-0.23516,-0.114,-0.52723,-0.44368,-0.34707,-0.31907,-0.20314,-0.41021,0.3717,0.32657,-0.34768,0.12369,0.896,0.54877,0.44744,0.90183,-0.33193,-0.32797,0.87842,0.53534,0.57558,0.75613,-0.45206,-0.28014,0.076673,0.34987,-0.02531,0.28855,-0.40743,-0.17615,0.29909,0.18676,0,1.1836,-0.29068,0.41455,-0.51734,-0.48864,-0.39388,-0.42472,0.077328,-0.49588,-0.21637,-0.21757,0.35158,0.48795,0.24253,0.97258,0.76986,0.61767,0.53,-0.41482,-0.46856,0.10218,0.1983,-0.019337,-0.20884,-0.33374,-0.45581,0.24129,0.54717,-0.17948,-0.053889,-0.61257,-0.57628,-0.35011,-0.62051,-0.31428,-0.53586,-0.16959,-0.15879,-0.41466,-0.46099,-0.20453,-0.27579,-0.24042,0.003327,-0.6106,-0.45871,-0.22596,0.22372,-0.54316,-0.52433,0.10696,0.16128,0.015244,-0.0032234,-0.097227,-0.049238,0.10393,0.070755,0.54309,0.18129,0.1168,0.0307,0.53018,0.33456
0.37764,0.41629,-0.24376,-0.44857,0.082335,0.64032,0.076935,0.26632,-0.32044,-0.16529,-0.38996,-0.12057,-0.15327,-0.13402,-0.14856,-0.47612,0.34928,0.11843,-0.10891,0.2853,0.60599,0.36721,0.48946,0.77195,-0.3313,-0.095134,0.78985,0.61193,0.41129,0.80976,-0.36187,-0.14875,0.14692,0.30776,0.080259,0.32486,-0.40956,-0.20166,0.3206,0.43536,1.1836,0,-0.080559,0.61936,-0.32636,-0.37426,-0.3076,-0.33004,0.1325,-0.26597,-0.069588,-0.33867,0.29874,0.36295,0.29019,0.69597,0.71923,0.50644,0.4563,-0.25472,-0.39119,-0.021758,0.088467,0.0070194,-0.23979,-0.21022,-0.34815,0.38628,0.38666,-0.22409,0.0044894,-0.33177,-0.32944,-0.38805,-0.52772,-0.17958,-0.38695,-0.047765,-0.079122,-0.17121,-0.23378,-0.22855,-0.2396,-0.033222,0.054658,-0.28396,-0.14764,-0.29237,0.10308,-0.31703,-0.46715,-0.12381,-0.014498,-0.066148,-0.038667,-0.19676,-0.084568,-0.0018771,0.031063,0.3329,-0.060589,0.080025,-0.10162,0.58497,0.19104
0.23481,0.31046,-0.058971,0.043584,0.15435,0.075707,0.36897,0.28292,0.14954,0.3013,0.4081,0.40728,0.21683,0.53212,-0.16557,-0.046511,0.071746,-0.10515,0.00050682,0.65118,-0.26127,-0.18445,-0.45221,-0.40303,0.44624,0.76673,0.019082,0.055966,-0.20022,-0.11422,0.82172,0.97186,0.18677,-0.012124,0.24512,0.087073,0.52471,0.39078,0.18276,0.40183,-0.29068,-0.080559,0,0.67132,0.78182,0.45989,0.41283,0.48273,0.087797,0.2398,0.17728,0.14546,-0.073535,-0.38027,-0.1631,-0.3347,0.23594,-0.079747,-0.032735,0.061404,0.020423,-0.4081,-0.5225,0.35548,0.10722,0.40535,0.44066,0.14294,-0.053765,0.71746,0.49586,0.90425,0.72412,0.44957,0.61643,0.33325,0.42595,0.075933,0.19397,0.4223,0.37813,-0.13939,-0.16475,-0.23152,-0.42138,0.32664,0.50927,0.24192,0.052868,0.59639,0.42937,0.10856,0.099143,-0.011165,0.035599,-0.022637,0.048932,-0.050701,-0.10317,-0.36809,-0.28965,-0.63109,-0.54804,-0.29313,-0.48468
0.11624,0.27502,-0.46453,-0.55348,-0.18539,0.5344,-0.0079848,0.30485,-0.24992,0.26628,-0.29769,-0.12247,-0.22689,0.049331,-0.08764,-0.4308,0.37568,0.13129,-0.29803,0.33613,0.49141,0.43406,-0.048686,0.24931,-0.12978,0.30632,0.59068,0.4056,0.15274,0.36489,0.20884,0.46171,0.030036,0.054905,-0.021027,0.13114,-0.095677,0.0065536,0.064026,0.17905,0.41455,0.61936,0.67132,0,0.091357,-0.019045,0.17972,0.31507,0.15136,-0.3758,-0.15361,-0.02641,0.061948,0.0877,0.060971,0.45234,0.82416,0.49039,0.49866,-0.2684,-0.36246,-0.15084,-0.28478,0.68588,0.0028389,0.30095,0.2337,0.45058,0.25241,0.57755,0.60491,0.33475,0.31038,-0.053232,0.16324,-0.35115,-0.24504,-0.33383,-0.24208,-0.13341,-0.1893,-0.30224,-0.41451,-0.41167,-0.47989,-0.2801,-0.047466,0.083308,0.32397,0.10642,-0.0077984,-0.029577,0.12714,-0.17859,-0.058141,-0.35712,-0.2173,-0.12435,-0.16691,0.1982,-0.13071,-0.39648,-0.42283,0.37918,0.039794
