,,,,,,,,,,,,,,,,,,,,,,,,,,,,,,,,,,,,,,,,,,,,,,,,,,,,,,,,,,,,,,,,,,,,,,,,,,,,,,,,,,,,,,,,,,,,,,,,,,,,,,,,
0,1.3822,0.61499,0.47056,0.89471,0.41648,0.59427,0.70578,0.8154,0.49315,0.82726,0.80485,0.19725,0.22767,0.074242,-0.21576,-0.031036,-0.23196,0.2328,0.43034,-0.17184,-0.34516,0.17635,0.091611,0.43793,0.81012,0.21529,0.069511,0.35941,0.58953,0.34699,0.84352,0.30428,0.15694,0.38007,0.49454,0.69092,0.6178,0.68453,1.2571,0.14861,0.4524,0.1845,0.26442,0.58039,0.65826,-0.22673,-0.27747,0.58553,0.41912,0.32368,0.13636,0.25109,0.11919,0.20024,-0.20803,-0.0016506,-0.33146,-0.27526,0.56268,0.32683,-0.48077,-0.20254,-0.35128,0.2087,-0.1367,-0.15062,0.067522,0.2975,-0.25591,0.17413,0.21433,0.094621,0.5532,0.035533,0.73192,0.67165,0.63457,0.53736,0.76409,0.51338,0.31422,0.21957,0.31823,0.061742,0.41036,0.33798,-0.29708,-0.43122,0.43821,0.4757,-0.13386,-0.014694,0.34998,0.18796,0.20552,0.19501,0.053296,0.16002,-0.31748,-0.28954,-0.12712,-0.057461,-0.069815,-0.14665
1.3822,0,0.31147,0.22136,0.67613,0.65031,0.4416,0.8126,0.56408,0.39193,0.57751,0.61788,0.44086,0.43477,-0.035935,0.071269,0.095077,-0.021143,0.26393,0.5202,0.06968,-0.022519,0.39316,0.40232,0.47415,0.64075,0.25724,0.3077,0.35569,0.63262,0.18167,0.64306,0.53014,0.4803,0.20195,0.72431,0.46783,0.48316,0.61732,1.0644,0.33989,0.72369,-0.0093108,0.3984,0.48423,0.47274,-0.21748,-0.31443,0.72084,0.4273,0.36782,0.12733,0.1842,0.29642,0.12999,-0.10641,0.0056155,-0.2271,-0.24139,0.25703,0.35306,-0.55028,-0.21606,-0.39962,0.0058053,-0.23047,-0.26685,-0.076846,0.195,-0.49545,-0.061,0.040551,-0.12736,0.45113,-0.097578,0.45856,0.43899,0.62043,0.47346,0.39173,0.2307,0.16486,0.046518,0.19175,-0.11018,0.19345,0.30863,-0.27001,-0.35028,0.3671,0.31521,-0.13236,0.07575,0.27145,0.37759,0.24879,0.36315,0.11899,0.37887,-0.13881,-0.16191,-0.023317,0.10241,0.0157,0.067553
0.61499,0.31147,0,1.2434,0.60646,0.025468,0.51958,0.19329,0.40466,0.16885,0.64249,0.59877,0.1571,0.27129,0.33825,-0.23924,-0.0062897,-0.24826,0.16466,0.3041,-0.3129,-0.42038,0.11506,-0.22749,0.37349,0.51111,-0.18576,-0.1774,0.021078,0.046922,0.63302,0.69098,0.25124,-0.09299,0.25634,-0.06759,0.62143,0.54783,0.30882,0.57317,-0.20346,0.026238,0.39024,-0.03374,0.47246,0.42306,0.024634,-0.068865,0.31804,0.48093,0.35082,0.40323,0.05047,-0.19151,0.020854,-0.38178,-0.11843,-0.37715,-0.41157,0.6467,0.3512,-0.21614,-0.17601,-0.20743,0.33765,0.088469,0.091293,-0.25152,0.038734,-0.02758,0.47413,0.38909,0.30936,0.19375,0.16213,0.52984,0.51414,0.51643,0.56523,0.69463,0.58639,0.87147,0.91995,0.30986,0.33778,0.54669,0.28271,-0.07552,-0.27726,0.31722,0.22173,0.063067,-0.015297,0.24158,-0.15961,0.42227,0.1636,0.32269,0.06453,-0.42798,-0.16872,-0.00091241,0.0008124,-0.17983,-0.35602
0.47056,0.22136,1.2434,0,0.49596,-0.12391,0.75889,0.36032,0.50537,0.31636,0.89362,0.74751,0.10668,0.26502,0.01409,-0.18135,-0.28478,-0.38942,0.19376,0.23268,-0.57539,-0.68191,0.0014157,-0.38126,0.46917,0.57992,-0.6576,-0.43562,-0.002991,-0.0066373,1.0164,0.67831,0.080386,-0.23685,0.47003,0.062468,0.75623,0.78748,0.36306,0.48559,-0.52043,-0.28474,0.4592,-0.29409,0.60531,0.41024,0.036295,-0.077109,0.14248,0.57779,0.38564,0.34703,-0.15782,-0.37249,-0.19964,-0.80886,-0.41187,-0.74301,-0.80599,0.59619,0.32757,-0.30839,-0.19127,-0.27505,0.27015,0.053411,0.058179,-0.23158,-0.087291,0.11263,0.25314,0.48416,0.27084,0.23299,0.14386,0.72514,0.98462,0.3959,0.55629,0.83112,0.81077,0.50104,0.81314,0.21184,0.41119,0.74111,0.39993,-0.18919,-0.49493,0.39741,0.28477,0.014886,0.0075513,0.38043,0.034884,0.59009,0.27423,0.34848,0.14694,-0.75349,-0.31436,-0.19285,-0.1893,-0.32085,-0.29239
0.89471,0.67613,0.60646,0.49596,0,0.53231,0.66513,0.37896,0.84935,0.1424,0.69835,0.92151,0.44132,0.59044,0.24524,0.16639,0.19577,0.059476,0.38899,0.56205,0.0035406,-0.035331,0.22976,0.1581,0.53307,0.43572,0.18947,0.27707,0.26946,0.076997,0.63526,0.60422,0.61164,0.33792,0.14654,0.059696,0.58897,0.35416,0.27385,0.75625,0.20274,0.34696,0.22462,0.20224,0.7374,0.90467,0.089007,-0.0096133,0.60376,0.57548,0.49054,0.164,0.66401,0.28804,0.34807,-0.062753,0.13432,-0.040022,-0.062663,0.82007,0.71054,-0.43446,-0.20024,-0.17942,0.24824,0.1035,0.11205,-0.28997,0.14773,-0.16072,0.29552,0.41161,0.28001,0.63322,0.28118,0.77474,0.61888,1.2037,1.0279,0.80647,0.66301,0.39417,0.2645,0.53513,0.085699,0.60944,0.67458,0.19007,-0.038038,0.443,0.41244,0.39367,0.40967,0.49278,0.28991,0.21971,0.27301,0.1997,0.47114,-0.11552,-0.05099,-0.056545,0.046692,-0.14283,-0.10428
0.41648,0.65031,0.025468,-0.12391,0.53231,0,0.13019,0.4748,0.041857,0.11633,-0.11265,0.12229,0.2704,0.35791,0.35758,0.23601,0.58107,0.50378,-0.074082,0.34745,0.89862,0.64471,0.70731,0.92042,0.025515,0.054959,0.61188,0.65776,0.37912,0.36642,-0.0822,0.12704,0.60965,0.69193,-0.20853,0.39164,-0.030764,0.03379,0.091584,0.30022,0.94724,1.0747,-0.11202,0.97776,-0.063601,0.039696,0.10278,0.039538,0.60286,-0.0088895,0.29629,0.10021,0.71184,1.0653,0.46022,0.61221,0.61151,0.51071,0.40383,0.077897,0.39147,-0.17881,0.064639,0.18807,0.33656,0.17486,0.091971,-0.36466,0.20459,-0.25539,0.35984,-0.036117,-0.11128,-0.034936,-0.12294,-0.14968,-0.056873,0.49079,0.34039,-0.012157,-0.10888,0.12302,-0.023201,0.10907,-0.18939,-0.19903,-0.030292,0.21683,0.38762,0.067086,-0.16105,0.25529,0.51681,0.13688,0.22509,0.04218,0.25382,0.014118,0.45357,0.47533,0.26326,0.23823,0.43433,0.44152,0.44838
0.59427,0.4416,0.51958,0.75889,0.66513,0.13019,0,0.90153,0.9119,0.50562,0.90735,0.81135,0.1162,0.21905,-0.37754,-0.22451,-0.15187,-0.35273,0.34406,0.40406,-0.33314,-0.48913,0.22608,-0.15072,0.73123,0.59976,-0.3209,-0.24117,0.19208,0.19788,0.69169,0.64922,0.16304,-0.010445,0.44716,0.33189,0.80571,0.94558,0.99307,0.88673,-0.07466,-0.0037584,0.39172,-0.077595,0.49891,0.32408,0.028807,-0.17138,0.051093,0.43071,0.27858,0.021468,-0.15185,-0.33858,-0.23967,-0.65002,-0.23144,-0.62563,-0.72861,0.166,0.046376,-0.27023,-0.080772,-0.44041,-0.0032339,-0.12154,-0.10865,-0.31441,0.058366,0.029683,0.17796,0.22383,0.024841,0.42731,0.1152,0.84621,0.81751,0.38909,0.49637,0.5931,0.51554,0.27707,0.26203,0.076984,0.073814,0.49998,0.35692,-0.1289,-0.40486,0.55054,0.43113,-0.048578,-0.097556,0.28092,0.14562,0.50861,0.25844,0.20539,0.14958,-0.5825,-0.26711,-0.2032,-0.1175,-0.55272,-0.4587
0.70578,0.8126,0.19329,0.36032,0.37896,0.4748,0.90153,0,0.50413,0.85465,0.57436,0.57912,0.23379,0.22561,-0.40935,-0.31275,-0.086857,-0.19351,0.33565,0.21952,0.0035176,-0.21074,0.55212,0.31164,0.48397,0.76189,-0.049794,0.065198,0.50946,0.77296,0.23362,0.47828,0.33349,0.30697,0.47442,1.0213,0.59459,0.92699,1.1076,1.0111,0.2569,0.44755,0.032371,0.27293,0.083336,-0.017664,-0.29756,-0.41463,0.11699,0.35189,0.42818,-0.20435,-0.12926,0.0054915,-0.032894,-0.26653,-0.1205,-0.44955,-0.50294,-0.060245,-0.09811,-0.32034,0.017417,-0.42623,-0.10894,-0.3656,-0.39081,-0.14838,0.32244,-0.18096,0.082425,-0.12978,-0.38847,0.053318,-0.37016,0.41694,0.55413,0.3564,0.38391,0.41338,0.22234,0.0038641,-0.072588,-0.025579,0.04973,0.2289,0.085222,-0.48667,-0.46791,0.18179,0.025673,-0.33823,-0.094926,0.052936,0.17296,0.32706,0.18746,0.077307,0.13915,-0.3179,-0.28399,0.0044756,0.06853,-0.076165,0.034052
0.8154,0.56408,0.40466,0.50537,0.84935,0.041857,0.9119,0.50413,0,0.62674,1.1539,0.7065,0.18926,0.19684,-0.18256,-0.054439,-0.20932,-0.30309,0.25461,0.35096,-0.36764,-0.43929,0.048588,-0.091602,0.66724,0.5683,-0.040033,-0.051771,0.36333,0.28345,0.59006,0.61433,0.16558,0.045901,0.22909,0.18559,0.98526,0.74692,0.69306,0.75383,-0.051741,-0.0084405,0.15165,-0.16225,0.74911,0.83456,-0.16412,-0.3132,0.23168,0.42611,0.20702,0.19963,0.0046696,-0.21222,-0.15147,-0.46281,-0.32164,-0.52444,-0.50294,0.41436,0.30319,-0.35239,-0.15262,-0.57295,0.0047355,-0.26322,-0.21856,-0.059887,0.23236,-0.14805,-0.075032,0.13824,0.05325,0.92043,0.21707,1.0022,0.77816,0.51122,0.50352,0.62835,0.50128,0.39283,0.18101,0.10663,-0.066843,0.39341,0.36735,-0.15553,-0.47765,0.44622,0.81556,0.033062,0.0034291,0.46851,0.21778,0.49147,0.32912,0.26276,0.20511,-0.44279,-0.12348,-0.26282,-0.10693,-0.64045,-0.40404
0.49315,0.39193,0.16885,0.31636,0.1424,0.11633,0.50562,0.85465,0.62674,0,0.55049,0.20422,-0.081888,-0.20498,-0.28979,-0.47486,-0.31128,-0.43732,-0.019642,-0.069998,-0.20352,-0.43734,0.24922,0.079571,0.20615,0.74471,-0.034001,-0.1146,0.79159,0.97708,0.2296,0.42258,0.022093,-0.069327,0.31634,0.56451,0.78261,0.98135,0.79292,0.51659,0.020875,0.10544,0.026091,0.12795,0.0073432,0.018642,-0.36399,-0.35038,-0.088401,0.038698,0.064832,0.0039775,-0.31125,-0.21993,-0.24304,-0.24476,-0.2892,-0.4554,-0.3964,-0.065621,-0.19699,-0.22983,0.013274,-0.30172,0.10329,-0.34616,-0.30191,0.13732,0.42499,0.051726,0.023718,-0.14933,-0.20438,0.073198,-0.22062,0.28235,0.45779,0.048441,0.062107,0.34623,0.10114,0.16367,0.0068881,-0.29298,-0.065446,0.031862,-0.20432,-0.5284,-0.45088,0.01585,0.16199,-0.44829,-0.24716,0.064369,-0.13726,0.26164,-0.010516,0.12772,-0.15873,-0.41272,-0.27351,-0.24435,-0.129,-0.17879,-0.090982
0.82726,0.57751,0.64249,0.89362,0.69835,-0.11265,0.90735,0.57436,1.1539,0.55049,0,1.0421,0.33801,0.30652,-0.20176,-0.093653,-0.41936,-0.44725,0.50748,0.19892,-0.63539,-0.68291,0.058238,-0.25943,0.75073,0.96277,-0.39198,-0.14853,0.20019,0.177,0.86096,0.73135,0.21402,-0.018249,0.51268,0.26804,1.3528,0.99968,0.7409,0.91944,-0.39964,-0.13622,0.23666,-0.30639,0.83995,0.77723,-0.21538,-0.28118,0.12912,0.78569,0.38551,0.070341,-0.13788,-0.36931,-0.19732,-0.91109,-0.64317,-0.94579,-0.83258,0.54203,0.32783,-0.46463,-0.29099,-0.61032,-0.019424,-0.29898,-0.19716,-0.10802,-0.0094862,-0.17392,-0.13069,0.28302,0.11918,0.67278,0.19865,1.4176,1.2188,0.5971,0.59892,1.0164,0.72309,0.266,0.24555,0.24741,0.12087,0.80941,0.59539,-0.32686,-0.77668,0.4588,0.66591,-0.22327,-0.18996,0.26145,0.12809,0.42417,0.22833,0.175,0.11581,-1.0245,-0.51185,-0.22363,-0.16767,-0.6566,-0.44394
0.80485,0.61788,0.59877,0.74751,0.92151,0.12229,0.81135,0.57912,0.7065,0.20422,1.0421,0,0.49077,0.66735,-0.064788,-0.018042,-0.22745,-0.31371,0.78009,0.36493,-0.42021,-0.38513,0.042949,-0.13697,0.58274,0.62976,-0.28239,0.0089203,-0.09029,0.0074953,0.55131,0.49298,0.40107,0.15069,0.80124,0.35069,0.71499,0.52913,0.48089,1.012,-0.2307,0.098709,0.35124,-0.051477,0.61384,0.58865,0.0027058,-0.10395,0.15785,1.1141,0.84941,-0.1789,0.20668,-0.087236,0.24221,-0.53913,-0.21904,-0.43948,-0.43484,0.79147,0.35704,-0.39064,-0.10679,-0.3936,-0.085242,-0.039751,-0.039181,-0.054665,0.028186,-0.17764,0.0081576,0.37232,0.15821,0.42815,0.1268,1.3782,1.1626,0.94079,1.2464,1.2113,1.226,0.019818,0.079791,0.82491,0.55012,1.2326,0.99554,-0.07875,-0.43113,0.57357,0.40658,-0.064387,-0.054408,0.43495,0.45019,0.30076,0.25528,-0.069446,0.17797,-0.53151,-0.46461,-0.038308,-0.10535,-0.37466,-0.29722
0.19725,0.44086,0.1571,0.10668,0.44132,0.2704,0.1162,0.23379,0.18926,-0.081888,0.33801,0.49077,0,1.544,0.06507,0.51004,0.32483,0.27936,0.89017,0.23091,0.21383,0.38701,0.5869,0.52492,0.54654,0.25805,0.011857,0.65673,0.084067,-0.044405,0.17767,0.09054,1.3211,1.1264,-0.040076,0.093754,0.2368,0.04279,0.077641,0.37692,0.21046,0.46365,-0.26679,0.097252,0.24927,0.2739,-0.13912,-0.198,0.27161,1.073,0.88642,-0.19082,0.16821,0.21235,0.19435,-0.048945,-0.18972,-0.05051,-0.096999,0.20626,0.44859,-0.40845,-0.23172,-0.3776,-0.5198,-0.29603,-0.23214,-0.53734,-0.10291,-0.6878,-0.26381,-0.077368,-0.23474,0.073893,-0.12931,0.30835,0.11129,0.98334,0.79103,0.23085,0.10483,0.06091,-0.15932,0.32839,-0.0094567,0.39216,0.59504,0.0071104,-0.068751,-0.048073,-0.071881,0.13113,0.27932,-0.093179,0.23679,0.23042,0.34585,0.30504,0.49342,0.035969,0.015282,0.43364,0.51017,-0.091652,0.14665
0.22767,0.43477,0.27129,0.26502,0.59044,0.35791,0.21905,0.22561,0.19684,-0.20498,0.30652,0.66735,1.544,0,0.14245,0.56355,0.35628,0.3386,0.74052,0.4274,0.20256,0.37856,0.44375,0.43194,0.54732,0.15006,-0.066843,0.52426,-0.11375,-0.1963,0.25195,0.12901,1.0664,0.91246,0.057951,0.085649,0.17609,0.016648,0.0030398,0.35928,0.16887,0.39229,-0.056028,0.12248,0.34836,0.32393,0.07145,-0.082714,0.34772,1.1526,1.096,-0.063883,0.29808,0.27673,0.26692,-0.068448,-0.036269,0.01153,-0.09294,0.36643,0.58979,-0.37403,-0.16536,-0.25219,-0.33488,-0.050932,-0.072034,-0.55863,-0.13572,-0.50695,-0.12518,0.1015,-0.10535,0.11695,-0.043898,0.38092,0.23932,1.0711,1.0739,0.29599,0.31283,0.085577,0.010287,0.4755,0.16924,0.49018,0.74366,0.16834,0.012775,0.15236,-0.023729,0.31158,0.42958,0.14148,0.43969,0.35668,0.52669,0.26191,0.60906,0.087429,0.09218,0.39328,0.44944,-0.095739,0.13491
0.074242,-0.035935,0.33825,0.01409,0.24524,0.35758,-0.37754,-0.40935,-0.18256,-0.28979,-0.20176,-0.064788,0.06507,0.14245,0,0.088744,0.41196,0.30401,-0.20336,-0.15277,0.43951,0.35838,0.16779,0.18129,-0.37957,-0.17302,0.3995,0.35978,-0.069379,-0.18003,-0.074442,-0.10506,0.12224,0.11099,-0.31591,-0.32362,-0.2006,-0.35248,-0.39574,-0.16572,0.21124,0.27173,-0.023546,0.39107,-0.11415,0.1852,0.080901,0.17986,0.22179,-0.037638,0.19177,0.22225,0.76414,0.59431,0.63993,0.56142,0.3597,0.54039,0.61898,0.54893,0.55998,0.26443,0.15315,0.48831,0.5992,0.36808,0.33817,-0.17383,0.058535,-0.12355,0.54229,0.16865,0.31851,-0.15649,0.14549,-0.18862,-0.18574,0.2566,0.15251,-0.026967,-0.065386,0.41331,0.36596,0.35452,0.009519,-0.11176,-0.11034,0.2786,0.41934,-0.17637,-0.13552,0.25719,0.25435,-0.018904,-0.20802,-0.098532,0.044423,-0.064118,0.025362,0.38049,0.28047,0.46105,0.49893,0.35697,0.1487
-0.21576,0.071269,-0.23924,-0.18135,0.16639,0.23601,-0.22451,-0.31275,-0.054439,-0.47486,-0.093653,-0.018042,0.51004,0.56355,0.088744,0,0.1938,0.44145,0.05006,0.27445,0.32499,0.65451,0.12789,0.35264,0.11479,-0.41676,-0.020393,0.43485,-0.24801,-0.45842,0.0849,-0.21974,0.40761,0.49186,-0.52852,-0.181,-0.19772,-0.33707,-0.47769,-0.28315,0.059406,0.062053,-0.25527,-0.10297,0.3739,0.36198,0.29161,0.26249,0.41184,0.16139,0.091761,0.25744,0.28517,0.45533,-0.00082794,0.057476,-0.090479,0.21918,0.13185,0.10619,0.78456,-0.23294,-0.16954,-0.044073,-0.069343,0.11705,0.15136,-0.41977,-0.4812,-0.42054,-0.46117,0.068221,0.056045,0.31413,0.25068,-0.063941,-0.097455,0.33785,0.24242,-0.2206,-0.089312,-0.082969,-0.10479,0.13014,-0.23772,-0.064889,0.35637,0.52678,0.30607,0.11486,0.15839,0.52146,0.59109,0.3032,0.54901,0.19997,0.54203,0.21873,0.85555,0.27115,0.35925,0.02021,0.21056,-0.12152,0.24185
-0.031036,0.095077,-0.0062897,-0.28478,0.19577,0.58107,-0.15187,-0.086857,-0.20932,-0.31128,-0.41936,-0.22745,0.32483,0.35628,0.41196,0.1938,0,0.74626,-0.0047252,0.33675,0.74753,0.74227,0.38601,0.57053,0.17917,-0.098,0.53641,0.37919,0.092874,-0.034079,-0.11368,0.1179,0.47693,0.51976,-0.49801,-0.32109,-0.25063,-0.40798,-0.19695,-0.059869,0.75415,0.61808,0.031202,0.78256,-0.083481,-0.0077997,0.18766,0.18684,0.33026,-0.06712,0.0317,0.10266,0.50628,0.50473,0.34335,0.64851,0.7858,0.68612,0.59358,-0.078787,0.15095,-0.21083,-0.31149,0.33321,0.018871,0.25289,0.21987,-0.4987,-0.039982,-0.099911,0.40599,0.049915,0.035094,-0.18788,-0.020619,-0.31927,-0.45966,0.20481,0.083124,-0.26262,-0.41713,0.22152,0.016345,-0.19245,-0.47046,-0.23494,-0.10755,0.3985,0.78368,-0.15991,-0.28057,0.73114,0.70612,-0.10595,-0.04255,-0.13047,0.10716,0.32852,0.17986,0.68158,0.42187,0.33794,0.4499,0.4587,0.36804
-0.23196,-0.021143,-0.24826,-0.38942,0.059476,0.50378,-0.35273,-0.19351,-0.30309,-0.43732,-0.44725,-0.31371,0.27936,0.3386,0.30401,0.44145,0.74626,0,-0.093766,0.22906,0.82708,1.0565,0.28235,0.63381,0.11973,-0.29015,0.38784,0.64108,-0.03552,-0.24797,-0.22355,-0.16552,0.34079,0.56625,-0.58175,-0.23369,-0.31572,-0.3595,-0.39363,-0.27804,0.57671,0.33888,-0.25811,0.34511,-0.11974,-0.039047,0.088887,0.0035646,0.28746,-0.10535,0.046576,0.23909,0.47478,0.7087,0.22783,0.70274,0.55771,0.63061,0.46758,-0.15031,0.29316,0.032183,-0.12361,0.22534,-0.041122,0.090986,0.0084069,-0.37462,0.033573,-0.14413,0.0053565,-0.18223,-0.24953,-0.070947,-0.050203,-0.38835,-0.47853,0.14755,0.014063,-0.38502,-0.37924,0.013648,-0.10904,-0.19082,-0.26093,-0.35028,-0.13448,0.3752,0.49283,-0.1563,-0.2679,0.5296,0.7057,-0.17472,0.11637,-0.059216,0.22047,0.13767,0.29832,0.61121,0.56356,0.50355,0.50601,0.33229,0.57813
0.2328,0.26393,0.16466,0.19376,0.38899,-0.074082,0.34406,0.33565,0.25461,-0.019642,0.50748,0.78009,0.89017,0.74052,-0.20336,0.05006,-0.0047252,-0.093766,0,-0.012694,-0.16209,-0.013577,0.24363,0.068336,0.64544,0.49875,-0.18321,0.28698,-0.052141,-0.10916,0.28401,0.20076,0.66431,0.46747,0.34846,0.10553,0.39781,0.23772,0.29968,0.61527,-0.04102,0.18933,-0.064791,-0.094327,0.22042,0.24425,-0.23687,-0.14951,-0.0216,0.93305,0.66183,-0.64605,0.093864,-0.068645,0.31081,-0.29629,-0.27635,-0.31661,-0.28429,0.2235,0.030865,-0.26869,-0.1826,-0.44501,-0.68333,-0.39736,-0.26184,-0.2203,0.030073,-0.35348,-0.12228,0.026305,-0.15475,0.13165,-0.10066,0.59484,0.35565,0.74469,0.75875,0.53687,0.40128,-0.23042,-0.38273,0.54109,0.30459,0.84365,0.69986,-0.14252,-0.30689,0.030376,-0.011236,-0.09426,-0.07915,-0.13346,0.24645,-0.058946,-0.074324,0.038926,0.13187,-0.27137,-0.41443,0.25896,0.094082,-0.18886,-0.027571
0.43034,0.5202,0.3041,0.23268,0.56205,0.34745,0.40406,0.21952,0.35096,-0.069998,0.19892,0.36493,0.23091,0.4274,-0.15277,0.27445,0.33675,0.22906,-0.012694,0,-0.027869,0.049562,0.0036273,0.19442,0.45103,0.082259,0.12865,0.072492,-0.014274,0.099529,0.17328,0.40306,0.3114,0.20948,0.12656,0.14261,0.14601,0.073212,0.20307,0.41685,0.18613,0.2901,0.3332,0.19484,0.59824,0.34178,0.23615,-0.0853,0.40846,0.28885,0.17019,0.42662,0.14144,0.039433,-0.086577,-0.074214,0.28817,0.044816,-0.11234,0.21126,0.34951,-0.41031,-0.22726,-0.26326,-0.034617,0.15169,-0.0079172,-0.042131,0.016953,-0.10644,-0.12909,0.16654,0.058221,0.36276,0.069452,0.39498,0.24471,0.35028,0.40462,0.20414,0.29265,0.3,0.29138,0.069995,-0.02697,0.17288,0.35659,0.20786,0.044208,0.4873,0.26858,0.48988,0.42476,0.58403,0.39512,0.45945,0.64681,0.3491,0.38175,0.076792,0.27039,-0.14616,-0.080671,-0.16817,-0.14964
-0.17184,0.06968,-0.3129,-0.57539,0.0035406,0.89862,-0.33314,0.0035176,-0.36764,-0.20352,-0.63539,-0.42021,0.21383,0.20256,0.43951,0.32499,0.74753,0.82708,-0.16209,-0.027869,0,1.4527,0.79581,1.2244,-0.22634,-0.42907,0.81726,0.94512,0.22711,0.12464,-0.50184,-0.39716,0.40581,0.80453,-0.7463,0.074658,-0.49299,-0.34904,-0.2062,-0.18933,1.2879,0.85355,-0.57071,0.60926,-0.5186,-0.32313,-0.07013,-0.053274,0.31561,-0.27556,0.10516,-0.037557,0.53052,1.1035,0.47159,1.0452,0.56354,0.76,0.62114,-0.28362,0.19805,0.25625,0.2988,0.22075,0.099407,-0.033004,-0.077911,-0.45707,0.22872,-0.40882,0.27369,-0.47572,-0.42349,-0.36841,-0.35634,-0.70224,-0.70952,0.15176,-0.015949,-0.59102,-0.68968,0.10595,-0.16365,-0.10809,-0.34442,-0.6813,-0.45626,0.20911,0.56534,-0.47054,-0.57174,0.3028,0.50278,-0.2688,-0.039211,-0.040118,0.15965,0.056917,0.39337,1.0892,0.74554,0.64125,0.90985,0.48133,0.58732
-0.34516,-0.022519,-0.42038,-0.68191,-0.035331,0.64471,-0.48913,-0.21074,-0.43929,-0.43734,-0.68291,-0.38513,0.38701,0.37856,0.35838,0.65451,0.74227,1.0565,-0.013577,0.049562,1.4527,0,0.52186,1.0026,-0.11043,-0.51765,0.5988,1.0416,-0.025981,-0.15657,-0.48101,-0.4539,0.50877,0.85084,-0.78129,-0.09795,-0.52376,-0.52006,-0.43097,-0.3082,0.87037,0.64234,-0.51338,0.48132,-0.3649,-0.2102,0.074699,0.089391,0.28423,-0.17225,0.09889,-0.013753,0.52853,1.0146,0.42959,0.9324,0.50877,0.85717,0.66493,-0.26461,0.25331,0.15912,0.13195,0.20245,-0.113,0.021055,-0.011103,-0.42774,0.04812,-0.41811,0.0025546,-0.38289,-0.3428,-0.24699,-0.1906,-0.63415,-0.72741,0.18994,0.053621,-0.61803,-0.58694,-0.061244,-0.32321,-0.027585,-0.26938,-0.52545,-0.21738,0.43122,0.66981,-0.34722,-0.45649,0.43617,0.5643,-0.1704,0.18267,-0.093779,0.19,0.066908,0.42707,1.043,0.68109,0.58565,0.7093,0.37631,0.61322
0.17635,0.39316,0.11506,0.0014157,0.22976,0.70731,0.22608,0.55212,0.048588,0.24922,0.058238,0.042949,0.5869,0.44375,0.16779,0.12789,0.38601,0.28235,0.24363,0.0036273,0.79581,0.52186,0,1.0451,0.15236,0.13415,0.31868,0.72564,0.53689,0.43413,-0.043442,-0.040303,0.74187,1.0103,-0.35496,0.3629,0.056703,0.23609,0.39197,0.33754,0.75267,0.84641,-0.57403,0.32487,-0.2207,-0.16774,-0.38253,-0.3944,0.22979,0.21812,0.45582,-0.14181,0.11834,0.44534,0.16674,0.24645,-0.052176,-0.0026359,-0.065811,-0.18375,0.22419,0.051905,0.23203,-0.27688,-0.097184,-0.44457,-0.40246,-0.74036,0.25642,-0.67922,0.18665,-0.48721,-0.58696,-0.25354,-0.49925,-0.13866,-0.18173,0.46991,0.27044,-0.14276,-0.39952,0.32315,-0.001792,-0.054458,-0.27577,-0.21954,-0.20307,-0.22849,-0.029242,-0.3848,-0.39323,-0.075175,0.20149,-0.3963,-0.19326,0.32602,0.29765,0.34065,0.48098,0.27121,0.33331,0.67855,1.0225,0.12108,0.25002
0.091611,0.40232,-0.22749,-0.38126,0.1581,0.92042,-0.15072,0.31164,-0.091602,0.079571,-0.25943,-0.13697,0.52492,0.43194,0.18129,0.35264,0.57053,0.63381,0.068336,0.19442,1.2244,1.0026,1.0451,0,-0.0031933,-0.11804,0.71501,1.1574,0.49632,0.46945,-0.36895,-0.22471,0.68868,1.2517,-0.46287,0.38976,-0.22264,-0.10155,0.072801,0.13782,1.1993,1.1959,-0.7486,0.51003,-0.28294,-0.18293,-0.38632,-0.404,0.36453,0.038908,0.35005,-0.07714,0.37672,0.90883,0.40744,0.68524,0.25925,0.37317,0.27903,-0.17782,0.3006,0.027122,0.2486,-0.18893,-0.15486,-0.37532,-0.44426,-0.31356,0.43851,-0.73235,-0.02665,-0.66043,-0.7244,-0.26597,-0.67185,-0.32426,-0.3617,0.38988,0.21083,-0.3166,-0.48098,0.1132,-0.22567,-0.050515,-0.27649,-0.42768,-0.28117,-0.11845,0.16235,-0.51582,-0.51825,0.19859,0.54394,-0.13828,0.11089,0.19876,0.40793,0.29022,0.5999,0.77949,0.66663,0.63688,0.86769,0.37976,0.64172
0.43793,0.47415,0.37349,0.46917,0.53307,0.025515,0.73123,0.48397,0.66724,0.20615,0.75073,0.58274,0.54654,0.54732,-0.37957,0.11479,0.17917,0.11973,0.64544,0.45103,-0.22634,-0.11043,0.15236,-0.0031933,0,0.71717,-0.2739,-0.010709,0.040088,-0.034955,0.67733,0.85713,0.48874,0.27212,0.12971,0.010672,0.87292,0.66031,0.50651,0.66902,-0.028797,0.039782,0.23821,-0.05024,0.71926,0.55698,-0.015375,-0.12114,0.30857,0.57108,0.20818,0.15201,-0.095523,-0.19019,-0.21406,-0.52124,-0.18101,-0.48679,-0.58822,0.085596,0.14053,-0.71556,-0.72239,-0.50708,-0.35474,-0.24583,-0.16059,-0.47615,-0.12152,-0.15391,-0.10172,0.20817,-0.052698,0.59507,0.179,0.66915,0.50991,0.53193,0.5231,0.46582,0.32124,0.17387,0.034571,-0.098227,-0.10856,0.51364,0.48551,-0.0044298,-0.28213,0.45238,0.42941,0.21756,0.17883,0.18137,0.34204,0.31573,0.24635,0.45415,0.24318,-0.46199,-0.25657,-0.10761,-0.074727,-0.41594,-0.093822
0.81012,0.64075,0.51111,0.57992,0.43572,0.054959,0.59976,0.76189,0.5683,0.74471,0.96277,0.62976,0.25805,0.15006,-0.17302,-0.41676,-0.098,-0.29015,0.49875,0.082259,-0.42907,-0.51765,0.13415,-0.11804,0.71717,0,-0.21005,-0.11642,0.40352,0.46329,0.63874,1.1061,0.27618,-0.025415,0.54439,0.33487,1.1911,0.97187,0.76264,0.97209,-0.17052,0.11642,0.34054,0.18395,0.418,0.38285,-0.26436,-0.18261,0.10086,0.45219,0.21266,-0.042466,-0.11107,-0.24194,-0.066671,-0.46622,-0.23836,-0.58373,-0.48147,0.23631,-0.035816,-0.6169,-0.53271,-0.26544,-0.01684,-0.23962,-0.14076,-0.024825,0.11124,0.030266,0.097745,0.28588,0.084874,0.25879,0.024455,0.68558,0.7759,0.36584,0.33017,0.81827,0.39422,0.10202,0.076249,-0.011118,0.0053826,0.6012,0.28882,-0.4274,-0.50751,0.25411,0.2559,-0.30792,-0.20203,0.0067174,-0.012046,0.0045745,-0.13586,0.15358,-0.17315,-0.8126,-0.78393,-0.20069,-0.25505,-0.10318,-0.084323
0.21529,0.25724,-0.18576,-0.6576,0.18947,0.61188,-0.3209,-0.049794,-0.040033,-0.034001,-0.39198,-0.28239,0.011857,-0.066843,0.3995,-0.020393,0.53641,0.38784,-0.18321,0.12865,0.81726,0.5988,0.31868,0.71501,-0.2739,-0.21005,0,0.76966,0.42732,0.42738,-0.6042,-0.17052,0.24999,0.45213,-0.40306,0.089353,-0.28006,-0.31736,-0.046093,0.084006,1.1984,0.92716,-0.37392,0.64561,-0.32825,-0.075853,-0.20396,-0.17325,0.35982,-0.30596,-0.050287,-0.065562,0.60423,0.68955,0.58554,1.0684,0.72399,0.74741,0.7642,-0.059283,0.058042,0.1761,0.24063,0.111,0.14316,-0.078552,-0.12927,0.11013,0.57288,-0.30306,0.26161,-0.40638,-0.21818,-0.087217,-0.25338,-0.34888,-0.55916,0.15233,-0.039213,-0.25387,-0.3975,0.21609,-0.16687,0.035487,-0.28846,-0.49152,-0.36948,0.075347,0.37774,-0.34366,-0.25093,0.18081,0.22529,-0.1238,-0.16468,-0.24842,-0.085484,-0.093769,0.071228,0.87039,0.51721,0.29309,0.40428,0.38334,0.20951
0.069511,0.3077,-0.1774,-0.43562,0.27707,0.65776,-0.24117,0.065198,-0.051771,-0.1146,-0.14853,0.0089203,0.65673,0.52426,0.35978,0.43485,0.37919,0.64108,0.28698,0.072492,0.94512,1.0416,0.72564,1.1574,-0.010709,-0.11642,0.76966,0,0.26751,0.14944,-0.35939,-0.30369,0.75279,1.1115,-0.38257,0.22019,-0.13269,-0.16051,-0.039763,0.16005,0.85271,0.92494,-0.65967,0.39862,-0.219,-0.014315,-0.29644,-0.29504,0.28653,0.17629,0.43241,-0.17751,0.56226,0.87366,0.58384,0.67814,0.23584,0.46892,0.40071,0.0020368,0.38637,0.16639,0.27359,-0.14128,-0.17576,-0.331,-0.34265,-0.24678,0.3788,-0.75709,-0.090866,-0.5295,-0.49938,-0.1056,-0.35748,-0.16265,-0.32461,0.56342,0.34198,-0.18226,-0.28331,0.076773,-0.29415,0.26324,-0.11765,-0.21472,-0.048191,0.059448,0.17031,-0.39124,-0.36955,0.11377,0.29296,-0.20691,0.10355,0.0060638,0.20644,0.024755,0.42312,0.60261,0.46806,0.7084,0.79624,0.17126,0.37134
0.35941,0.35569,0.021078,-0.002991,0.26946,0.37912,0.19208,0.50946,0.36333,0.79159,0.20019,-0.09029,0.084067,-0.11375,-0.069379,-0.24801,0.092874,-0.03552,-0.052141,-0.014274,0.22711,-0.025981,0.53689,0.49632,0.040088,0.40352,0.42732,0.26751,0,1.0551,0.15303,0.25608,0.29042,0.28586,-0.15735,0.3097,0.28617,0.38693,0.38895,0.30405,0.49085,0.4315,-0.35318,0.23928,-0.050134,-0.00032119,-0.51472,-0.44822,0.21933,-0.075048,-0.0053595,0.029971,0.013497,0.14118,-0.030911,0.22353,-0.035686,-0.080694,-0.044572,-0.12017,0.00072329,-0.15993,0.030507,-0.18821,0.12209,-0.41641,-0.37001,-0.038505,0.59231,-0.090164,0.16952,-0.27301,-0.29194,-0.031115,-0.379,-0.046233,0.013878,0.15438,-0.035682,0.083894,-0.23587,0.33173,0.06006,-0.33238,-0.40229,-0.18564,-0.28688,-0.48108,-0.18772,-0.41304,-0.19774,-0.072017,0.17682,-0.14942,-0.33716,0.031578,-0.082353,0.41908,0.1949,0.07882,0.10859,-0.052028,0.11632,0.25726,0.26191
0.58953,0.63262,0.046922,-0.0066373,0.076997,0.36642,0.19788,0.77296,0.28345,0.97708,0.177,0.0074953,-0.044405,-0.1963,-0.18003,-0.45842,-0.034079,-0.24797,-0.10916,0.099529,0.12464,-0.15657,0.43413,0.46945,-0.034955,0.46329,0.42738,0.14944,1.0551,0,-0.14557,0.2546,0.11563,0.18403,0.14128,0.82356,0.23184,0.45547,0.69172,0.54529,0.45432,0.61251,-0.26526,0.35725,-0.15674,-0.16498,-0.64694,-0.62562,0.14648,-0.082469,0.047954,-0.053529,-0.15195,0.074792,0.0095782,0.1227,-0.02257,-0.19197,-0.15357,-0.16412,-0.18299,-0.11135,0.17382,-0.33934,0.025086,-0.49928,-0.55911,0.27248,0.72914,-0.22833,0.049512,-0.43358,-0.45829,-0.13804,-0.65842,0.0013816,0.085166,0.017271,-0.067027,0.07264,-0.17833,0.19831,-0.010729,-0.2446,-0.18054,-0.23669,-0.40681,-0.78855,-0.39283,-0.28353,-0.1781,-0.37858,-0.10533,-0.046903,-0.17454,0.15103,0.045767,0.19062,0.010852,0.042004,0.027469,-0.01473,0.077127,0.23514,0.15581
0.34699,0.18167,0.63302,1.0164,0.63526,-0.0822,0.69169,0.23362,0.59006,0.2296,0.86096,0.55131,0.17767,0.25195,-0.074442,0.0849,-0.11368,-0.22355,0.28401,0.17328,-0.50184,-0.48101,-0.043442,-0.36895,0.67733,0.63874,-0.6042,-0.35939,0.15303,-0.14557,0,0.90065,0.17062,-0.18243,0.16656,-0.19061,0.79676,0.6263,0.20032,0.32487,-0.46605,-0.36598,0.4564,-0.25148,0.97627,0.7476,0.16567,0.18506,0.26509,0.40559,0.083423,0.34564,-0.0063555,-0.25674,-0.26191,-0.69974,-0.37004,-0.57794,-0.57162,0.4634,0.40231,-0.58295,-0.57877,-0.10142,0.26559,0.12476,0.24386,-0.40838,-0.29171,0.24055,0.19644,0.79251,0.50115,0.54619,0.46486,0.65697,0.86802,0.39709,0.40363,0.70149,0.56412,0.29644,0.50496,0.032495,-0.029861,0.71512,0.56377,0.03653,-0.24425,0.42431,0.444,0.26037,0.23482,0.34798,0.11955,0.21193,0.090229,0.48096,0.29987,-0.72628,-0.40588,-0.45711,-0.36398,-0.25843,-0.11548
0.84352,0.64306,0.69098,0.67831,0.60422,0.12704,0.64922,0.47828,0.61433,0.42258,0.73135,0.49298,0.09054,0.12901,-0.10506,-0.21974,0.1179,-0.16552,0.20076,0.40306,-0.39716,-0.4539,-0.040303,-0.22471,0.85713,1.1061,-0.17052,-0.30369,0.25608,0.2546,0.90065,0,0.21081,-0.13449,0.26009,0.050608,0.92767,0.75348,0.48156,0.71525,-0.12116,0.038227,0.59764,0.20723,0.80189,0.63978,0.081555,0.07474,0.4835,0.24401,-0.042226,0.39925,-0.008239,-0.18326,-0.17795,-0.43288,0.0036638,-0.4177,-0.41402,0.27031,0.10863,-0.82244,-0.81687,-0.11056,0.22122,0.084165,0.13863,-0.16724,-0.052695,0.20249,0.28704,0.62609,0.37863,0.56491,0.33004,0.5563,0.65594,0.3082,0.27905,0.64406,0.40843,0.33708,0.39009,-0.12352,-0.13622,0.46975,0.33185,-0.078846,-0.23245,0.56993,0.48808,0.11043,0.085011,0.31022,0.11999,0.067838,-0.017742,0.36248,0.039177,-0.57761,-0.49483,-0.47662,-0.41725,-0.065356,-0.093299
0.30428,0.53014,0.25124,0.080386,0.61164,0.60965,0.16304,0.33349,0.16558,0.022093,0.21402,0.40107,1.3211,1.0664,0.12224,0.40761,0.47693,0.34079,0.66431,0.3114,0.40581,0.50877,0.74187,0.68868,0.48874,0.27618,0.24999,0.75279,0.29042,0.11563,0.17062,0.21081,0,1.2283,-0.14388,0.088778,0.2737,0.11703,0.064211,0.448,0.49282,0.75447,-0.22518,0.37172,0.15727,0.20987,-0.011587,-0.046064,0.51376,0.65647,0.66898,-0.091366,0.35531,0.41609,0.29553,0.18779,0.10514,0.15884,0.075534,0.1501,0.37614,-0.48745,-0.2493,-0.23231,-0.25867,-0.14279,-0.082264,-0.59652,0.029102,-0.50185,0.033429,-0.043389,-0.16258,0.053591,-0.086626,0.14068,0.0056418,1.1229,0.82114,0.25949,0.091261,0.17319,-0.13442,0.28856,-0.0048982,0.2897,0.45539,0.16176,0.14099,-0.0015062,-0.13254,0.23268,0.39095,-0.034188,0.16784,0.10032,0.15835,0.30738,0.51572,0.1693,0.035382,0.30548,0.41544,0.11367,0.24255
0.15694,0.4803,-0.09299,-0.23685,0.33792,0.69193,-0.010445,0.30697,0.045901,-0.069327,-0.018249,0.15069,1.1264,0.91246,0.11099,0.49186,0.51976,0.56625,0.46747,0.20948,0.80453,0.85084,1.0103,1.2517,0.27212,-0.025415,0.45213,1.1115,0.28586,0.18403,-0.18243,-0.13449,1.2283,0,-0.35685,0.23512,-0.058307,-0.077647,0.063854,0.2642,0.82983,0.95383,-0.6585,0.30889,-0.067546,0.025575,-0.25249,-0.31298,0.42843,0.44847,0.6372,-0.19554,0.3393,0.64318,0.35246,0.38714,0.097927,0.22629,0.14219,-0.052801,0.36489,-0.16131,0.053713,-0.3176,-0.3996,-0.37574,-0.36819,-0.5465,0.17908,-0.86836,-0.11928,-0.44291,-0.56504,-0.049659,-0.37591,-0.067764,-0.24577,0.76317,0.51435,-0.10029,-0.22973,0.067453,-0.29914,0.16809,-0.16114,-0.07252,0.14696,0.0040707,0.099968,-0.25378,-0.27367,0.17034,0.43936,-0.19405,0.18105,0.19195,0.36483,0.24442,0.66279,0.49679,0.38599,0.65838,0.88371,0.15162,0.39714
0.38007,0.20195,0.25634,0.47003,0.14654,-0.20853,0.44716,0.47442,0.22909,0.31634,0.51268,0.80124,-0.040076,0.057951,-0.31591,-0.52852,-0.49801,-0.58175,0.34846,0.12656,-0.7463,-0.78129,-0.35496,-0.46287,0.12971,0.54439,-0.40306,-0.38257,-0.15735,0.14128,0.16656,0.26009,-0.14388,-0.35685,0,0.4965,0.42253,0.38447,0.4194,0.55122,-0.49804,-0.1716,0.59959,-0.034171,0.10658,-0.017329,0.014227,-0.078303,-0.37787,0.50359,0.43272,-0.3907,-0.17496,-0.47174,0.047185,-0.52804,-0.12355,-0.37914,-0.32946,0.33573,-0.25814,-0.16529,0.022562,-0.11276,-0.083077,0.064547,-0.0022369,0.50429,0.058254,0.27225,-0.050668,0.2781,0.14051,-0.049375,-0.054279,0.72574,0.83717,0.10519,0.35383,0.81164,0.90051,-0.3028,-0.032476,0.42744,0.71964,0.81258,0.45245,-0.28378,-0.43881,0.38231,0.11998,-0.43679,-0.47964,0.20624,0.1594,0.010696,-0.11584,-0.43511,-0.45233,-0.65326,-0.74376,-0.23672,-0.47889,-0.22307,-0.37414
0.49454,0.72431,-0.06759,0.062468,0.059696,0.39164,0.33189,1.0213,0.18559,0.56451,0.26804,0.35069,0.093754,0.085649,-0.32362,-0.181,-0.32109,-0.23369,0.10553,0.14261,0.074658,-0.09795,0.3629,0.38976,0.010672,0.33487,0.089353,0.22019,0.3097,0.82356,-0.19061,0.050608,0.088778,0.23512,0.4965,0,0.17392,0.49021,0.73688,0.65126,0.23101,0.49329,-0.17708,0.21867,-0.12576,-0.22624,-0.43397,-0.57765,0.026747,0.18823,0.38087,-0.24291,-0.16095,0.12968,0.065982,-0.12153,-0.14749,-0.2952,-0.33675,-0.10609,-0.071466,0.010722,0.38135,-0.42168,-0.12046,-0.44609,-0.5815,0.22484,0.40976,-0.38535,-0.20986,-0.40169,-0.5808,-0.12808,-0.65005,0.18973,0.35528,0.11314,0.16174,0.11878,0.087723,-0.14952,-0.14193,0.10377,0.14907,-0.029153,-0.093361,-0.64945,-0.55845,-0.003566,-0.1505,-0.55347,-0.2645,0.087096,0.27987,0.30874,0.29033,-0.16127,0.11811,-0.11306,-0.10573,0.089071,0.10735,-0.0017151,0.091337
0.69092,0.46783,0.62143,0.75623,0.58897,-0.030764,0.80571,0.59459,0.98526,0.78261,1.3528,0.71499,0.2368,0.17609,-0.2006,-0.19772,-0.25063,-0.31572,0.39781,0.14601,-0.49299,-0.52376,0.056703,-0.22264,0.87292,1.1911,-0.28006,-0.13269,0.28617,0.23184,0.79676,0.92767,0.2737,-0.058307,0.42253,0.17392,0,1.2795,0.67957,0.81797,-0.26659,-0.087365,0.36167,-0.050838,0.57717,0.58002,-0.080406,-0.10692,0.12235,0.49084,0.21254,0.14385,-0.12476,-0.32691,-0.213,-0.63527,-0.3508,-0.6218,-0.58498,0.32514,0.12021,-0.58311,-0.46612,-0.39226,0.062843,-0.1798,-0.056502,-0.15328,0.02343,0.023621,0.026287,0.28778,0.14869,0.53729,0.25905,0.88635,0.9105,0.49186,0.50344,0.92323,0.57798,0.29522,0.1698,0.018633,0.067662,0.62808,0.37501,-0.15514,-0.45273,0.46269,0.56828,-0.15498,-0.1705,0.22675,0.054372,0.2683,0.015813,0.16666,-0.074972,-0.93243,-0.57821,-0.32612,-0.25984,-0.53809,-0.34568
0.6178,0.48316,0.54783,0.78748,0.35416,0.03379,0.94558,0.92699,0.74692,0.98135,0.99968,0.52913,0.04279,0.016648,-0.35248,-0.33707,-0.40798,-0.3595,0.23772,0.073212,-0.34904,-0.52006,0.23609,-0.10155,0.66031,0.97187,-0.31736,-0.16051,0.38693,0.45547,0.6263,0.75348,0.11703,-0.077647,0.38447,0.49021,1.2795,0,0.98982,0.82775,-0.14838,-0.028089,0.16523,-0.10706,0.33914,0.23531,-0.26627,-0.33717,0.10955,0.27467,0.15298,0.1619,-0.32828,-0.29089,-0.31085,-0.64233,-0.43312,-0.85782,-0.92469,0.057928,-0.0214,-0.28461,-0.14293,-0.52768,0.073098,-0.38321,-0.31168,-0.16087,0.21797,-0.028161,0.078265,0.030323,-0.15672,0.32567,-0.057692,0.57111,0.78466,0.26277,0.3014,0.56878,0.37643,0.31618,0.25407,-0.12566,0.10146,0.32956,0.058393,-0.44232,-0.72009,0.29706,0.29996,-0.33909,-0.25333,0.14272,0.034625,0.4446,0.096986,0.22574,0.03201,-0.80407,-0.4045,-0.22669,-0.16983,-0.41543,-0.20864
0.68453,0.61732,0.30882,0.36306,0.27385,0.091584,0.99307,1.1076,0.69306,0.79292,0.7409,0.48089,0.077641,0.0030398,-0.39574,-0.47769,-0.19695,-0.39363,0.29968,0.20307,-0.2062,-0.43097,0.39197,0.072801,0.50651,0.76264,-0.046093,-0.039763,0.38895,0.69172,0.20032,0.48156,0.064211,0.063854,0.4194,0.73688,0.67957,0.98982,0,1.137,0.10043,0.25933,0.048752,0.035365,0.16862,0.083001,-0.49968,-0.63891,-0.095762,0.26112,0.18448,-0.14738,-0.33771,-0.30697,-0.18263,-0.45837,-0.33011,-0.7172,-0.71081,-0.077384,-0.16997,-0.06307,0.086497,-0.70879,-0.20414,-0.61522,-0.60228,-0.032002,0.37907,-0.28411,-0.019666,-0.24829,-0.38512,0.19137,-0.3044,0.58866,0.5062,0.16716,0.17733,0.31581,0.11192,0.23348,0.056387,-0.08719,-0.08417,0.15072,-0.061769,-0.65389,-0.7327,0.13991,0.21138,-0.46965,-0.40849,-0.037898,-0.04119,0.43479,0.21329,0.1425,-0.06762,-0.48433,-0.217,0.051677,0.079853,-0.426,-0.36671
1.2571,1.0644,0.57317,0.48559,0.75625,0.30022,0.88673,1.0111,0.75383,0.51659,0.91944,1.012,0.37692,0.35928,-0.16572,-0.28315,-0.059869,-0.27804,0.61527,0.41685,-0.18933,-0.3082,0.33754,0.13782,0.66902,0.97209,0.084006,0.16005,0.30405,0.54529,0.32487,0.71525,0.448,0.2642,0.55122,0.65126,0.81797,0.82775,1.137,0,0.15878,0.49956,0.14951,0.20603,0.40439,0.37843,-0.33932,-0.43001,0.26134,0.60668,0.48572,-0.14117,0.071296,-0.040867,0.17796,-0.33584,-0.11549,-0.4738,-0.47384,0.32558,0.10795,-0.34826,-0.1015,-0.62386,-0.14314,-0.38875,-0.38109,-0.033956,0.35848,-0.3636,0.082354,0.011797,-0.1573,0.33858,-0.1673,0.86941,0.7021,0.6885,0.6781,0.75153,0.49414,0.22695,0.05729,0.34498,0.16979,0.54236,0.35071,-0.39831,-0.56975,0.31502,0.25152,-0.23054,-0.17405,0.18615,0.1974,0.28045,0.17891,0.094282,0.09747,-0.41329,-0.34539,0.03822,0.013571,-0.23437,-0.23168
0.14861,0.33989,-0.20346,-0.52043,0.20274,0.94724,-0.07466,0.2569,-0.051741,0.020875,-0.39964,-0.2307,0.21046,0.16887,0.21124,0.059406,0.75415,0.57671,-0.04102,0.18613,1.2879,0.87037,0.75267,1.1993,-0.028797,-0.17052,1.1984,0.85271,0.49085,0.45432,-0.46605,-0.12116,0.49282,0.82983,-0.49804,0.23101,-0.26659,-0.14838,0.10043,0.15878,0,1.2666,-0.48319,0.73259,-0.3838,-0.22924,-0.20569,-0.25831,0.42686,-0.20914,0.10129,-0.071883,0.46195,0.80685,0.46071,0.95331,0.66241,0.59544,0.47361,-0.28996,0.025841,0.11659,0.24097,-0.0034177,-0.040797,-0.19328,-0.26495,-0.26831,0.54488,-0.40373,0.30685,-0.53184,-0.51319,-0.18969,-0.44693,-0.43078,-0.54585,0.23381,0.066222,-0.37605,-0.51861,0.20537,-0.18804,-0.11065,-0.33633,-0.54676,-0.39345,0.037191,0.35012,-0.35674,-0.42705,0.25872,0.40169,-0.16312,-0.010127,-0.028159,0.098743,0.13812,0.32812,0.96638,0.62421,0.46886,0.65066,0.44869,0.4431
0.4524,0.72369,0.026238,-0.28474,0.34696,1.0747,-0.0037584,0.44755,-0.0084405,0.10544,-0.13622,0.098709,0.46365,0.39229,0.27173,0.062053,0.61808,0.33888,0.18933,0.2901,0.85355,0.64234,0.84641,1.1959,0.039782,0.11642,0.92716,0.92494,0.4315,0.61251,-0.36598,0.038227,0.75447,0.95383,-0.1716,0.49329,-0.087365,-0.028089,0.25933,0.49956,1.2666,0,-0.37083,0.88902,-0.22253,-0.0976,-0.2904,-0.29855,0.46914,0.10311,0.37868,-0.16414,0.48835,0.78863,0.61539,0.64768,0.46782,0.39655,0.33961,-0.027122,0.1633,-0.068075,0.16023,-0.13326,-0.083168,-0.23482,-0.30173,-0.17424,0.48161,-0.64113,0.20387,-0.40292,-0.43058,-0.19744,-0.50794,-0.14941,-0.23506,0.49827,0.32371,-0.076998,-0.2535,0.16184,-0.18012,0.17524,-0.14457,-0.21597,-0.13689,-0.10769,0.15387,-0.24655,-0.37338,0.068769,0.2612,-0.07696,0.097003,0.018458,0.18189,0.093661,0.31594,0.59442,0.30617,0.50658,0.60755,0.4481,0.37968
0.1845,-0.0093108,0.39024,0.4592,0.22462,-0.11202,0.39172,0.032371,0.15165,0.026091,0.23666,0.35124,-0.26679,-0.056028,-0.023546,-0.25527,0.031202,-0.25811,-0.064791,0.3332,-0.57071,-0.51338,-0.57403,-0.7486,0.23821,0.34054,-0.37392,-0.65967,-0.35318,-0.26526,0.4564,0.59764,-0.22518,-0.6585,0.59959,-0.17708,0.36167,0.16523,0.048752,0.14951,-0.48319,-0.37083,0,0.21514,0.3628,0.21028,0.81669,0.63567,-0.10905,0.088323,-0.090151,0.18257,-0.0091844,-0.42533,-0.17798,-0.37787,0.28715,-0.002532,-0.016928,0.26255,-0.13338,-0.37977,-0.47443,0.45715,0.38153,0.86361,0.80294,0.077126,-0.44316,0.83009,0.31782,1.0903,0.93983,0.17778,0.68416,0.39625,0.4987,-0.077522,0.10969,0.47434,0.5705,-0.0014854,0.33201,0.041594,0.16114,0.50086,0.40848,0.42936,0.23025,0.86604,0.40756,0.13103,-0.13444,0.36485,0.072665,-0.13144,-0.18235,-0.21593,-0.45329,-0.50167,-0.56036,-0.63074,-0.69851,-0.19768,-0.46915
0.26442,0.3984,-0.03374,-0.29409,0.20224,0.97776,-0.077595,0.27293,-0.16225,0.12795,-0.30639,-0.051477,0.097252,0.12248,0.39107,-0.10297,0.78256,0.34511,-0.094327,0.19484,0.60926,0.48132,0.32487,0.51003,-0.05024,0.18395,0.64561,0.39862,0.23928,0.35725,-0.25148,0.20723,0.37172,0.30889,-0.034171,0.21867,-0.050838,-0.10706,0.035365,0.20603,0.73259,0.88902,0.21514,0,-0.28827,-0.16121,0.22237,0.23827,0.24765,-0.16932,0.080479,-0.033809,0.51879,0.59801,0.46261,0.71471,0.98401,0.75186,0.70009,-0.076608,-0.059777,-0.1896,-0.1187,0.51496,0.26179,0.35912,0.28014,-0.092764,0.14879,0.053976,0.46575,0.083953,0.081934,-0.27397,-0.05362,-0.27725,-0.19503,0.13756,0.076036,-0.074418,-0.21448,0.00018263,-0.12639,-0.043054,-0.21679,-0.21866,-0.15846,0.26457,0.61983,0.033335,-0.25557,0.14519,0.20166,-0.011761,0.04322,-0.32456,-0.13327,-0.15149,-0.13028,0.42441,0.0097304,0.12056,0.17721,0.58218,0.32917
0.58039,0.48423,0.47246,0.60531,0.7374,-0.063601,0.49891,0.083336,0.74911,0.0073432,0.83995,0.61384,0.24927,0.34836,-0.11415,0.3739,-0.083481,-0.11974,0.22042,0.59824,-0.5186,-0.3649,-0.2207,-0.28294,0.71926,0.418,-0.32825,-0.219,-0.050134,-0.15674,0.97627,0.80189,0.15727,-0.067546,0.10658,-0.12576,0.57717,0.33914,0.16862,0.40439,-0.3838,-0.22253,0.3628,-0.28827,0,1.4185,0.14925,0.082352,0.51486,0.45441,0.031589,0.49074,0.080292,-0.15653,-0.23352,-0.64619,-0.30991,-0.48895,-0.48137,0.59287,0.65089,-0.69283,-0.63371,-0.31458,0.10356,0.073653,0.12509,-0.14935,-0.30781,-0.056877,-0.18659,0.65197,0.4614,1.184,0.55237,0.86511,0.75387,0.45918,0.42031,0.57894,0.57425,0.24025,0.36801,0.16281,-0.11013,0.58827,0.76968,0.10117,-0.2901,0.68875,0.90678,0.32788,0.27426,0.61945,0.4198,0.30387,0.39772,0.39817,0.45186,-0.51526,-0.21086,-0.46992,-0.35663,-0.40911,-0.2274
