,,,,,,,,,,,,,,,,,,,,,,,,,,,,,,,,,,,,,,,,,,,,,,,,,,,,,,,,,,,,,,,,,,,,,,,,,,,,,,,,,,,,,,,,,,,,,,,,,,,,,,,,
0,0.4544,0.041239,0.34069,0.5745,-0.086217,0.9845,0.43059,1.2232,0.17122,0.36797,0.027291,0.077713,0.18386,-0.28724,-0.45659,0.010245,-0.22062,0.40474,0.047043,-0.1788,-0.22826,0.44543,0.040238,0.655,0.51376,0.29335,0.43811,0.39647,0.57516,0.098895,0.13466,-0.40141,0.046964,0.26455,0.50109,0.12174,0.47442,0.70188,0.82599,1.02,0.35176,0.33648,0.13639,-0.031563,0.37224,-0.13832,-0.046867,-0.47765,0.14937,0.092276,-0.1625,0.81432,0.14603,0.094103,0.16376,0.22042,-0.090951,-0.14314,0.53701,-0.051069,-0.47137,-0.13183,-0.081205,-0.19811,-0.016395,-0.042256,0.18362,0.33096,0.21368,0.032572,0.11731,0.16484,0.020459,0.15146,0.51514,0.39886,-0.10667,0.1536,-0.025325,0.2198,0.082593,0.1359,0.36828,0.30383,0.28669,0.36283,-0.12148,0.0087654,0.009534,0.12747,0.18727,0.091294,0.43847,-0.055591,0.099754,0.14826,-0.21512,0.29956,-0.38493,-0.14582,-0.23832,0.052382,0.13773,0.0057465
0.4544,0,-0.024349,0.33687,0.016877,0.46154,0.027655,0.93827,0.39972,0.92599,0.34284,0.59534,0.21927,0.30928,-0.22786,0.082175,0.21175,0.11824,0.53074,0.056405,0.29202,0.064823,0.66246,0.45747,0.26214,0.35816,0.69382,0.30401,0.022337,0.42176,0.45341,0.48808,-0.28447,0.02736,-0.10055,0.67977,-0.45367,0.018259,0.053045,0.79714,0.53584,0.92902,0.23103,0.52174,0.35162,0.59862,-0.20389,-0.13361,-0.11104,0.012524,0.18287,0.013865,0.3569,0.76406,0.27331,0.23173,0.14391,-0.1847,-0.11481,0.51145,0.779,-0.5609,-0.052088,-0.20901,0.028246,-0.16832,-0.13213,-0.29675,0.17538,0.075886,-0.039696,0.089077,0.26597,-0.037183,0.12384,-0.15577,0.59713,-0.11352,0.017581,-0.2641,-0.21106,0.12617,0.14821,0.3538,0.17327,0.12382,-0.019139,-0.26997,-0.053002,0.092675,0.13628,-0.13102,0.22358,0.58996,0.43376,0.25581,0.26035,-0.1301,0.34599,-0.44305,-0.22067,-0.55332,0.17577,0.31545,0.18648
0.041239,-0.024349,0,1.2931,0.10844,0.26611,0.052443,0.19906,0.16588,-0.19673,0.19588,0.19268,0.75743,0.66227,0.37884,-0.12074,0.85132,0.74585,0.5716,0.70088,0.12454,0.093219,-0.13191,0.095843,0.070806,0.092368,-0.28489,-0.14224,0.18071,-0.054273,-0.046846,0.17732,0.62307,0.80193,-0.19761,-0.06925,0.6084,0.5185,0.089928,0.13856,-0.16752,-0.13384,-0.44532,-0.17137,0.20775,0.42577,0.29826,0.30967,-0.15476,0.12632,0.21956,0.088634,0.091715,0.008479,0.42348,-0.34083,-0.31548,-0.072004,-0.00011119,0.15238,0.08833,0.18261,0.25955,0.66006,0.65109,0.10807,0.30052,0.13995,0.10216,0.10633,-0.0047325,0.2564,0.22749,0.17513,0.47765,0.70925,0.47503,1.1714,1.1428,0.66147,0.52713,0.9701,1.3423,0.91123,0.89029,1.1463,0.76555,0.21662,0.070592,0.22263,0.43012,0.44667,0.64067,0.16651,0.38336,0.51883,0.43674,0.50953,0.12889,0.37875,0.20085,0.4649,0.20231,-0.021463,0.69085
0.34069,0.33687,1.2931,0,0.084369,0.28235,0.14879,0.43004,0.49426,0.02291,0.26399,0.24,0.68528,0.7221,0.26061,-0.06486,0.8107,0.5633,0.7418,0.56892,0.086807,0.077696,0.047371,0.10996,0.23927,0.19703,-0.086868,0.044679,0.31947,0.12387,-0.062552,0.27641,0.25783,0.86582,-0.25461,0.23358,0.33569,0.65173,0.12556,0.44118,0.17911,0.046764,-0.20865,0.082034,0.15723,0.61752,0.27294,0.32749,-0.32298,0.079734,0.23365,0.11056,0.42771,0.31583,0.63436,-0.13222,-0.060739,0.03874,0.086506,0.32753,0.23215,-0.060209,0.23614,0.38178,0.51509,0.15307,0.30123,0.042088,0.22394,0.17024,0.082949,0.243,0.35079,0.13369,0.57566,0.71607,0.90255,0.98073,1.1439,0.5508,0.58022,0.94344,1.4728,1.2472,1.1277,1.2053,0.87284,0.17717,0.18574,0.2743,0.63839,0.39067,0.6757,0.35669,0.40825,0.52845,0.5167,0.36002,0.20791,0.022859,-0.022245,0.24888,0.18558,0.0911,0.6289
0.5745,0.016877,0.10844,0.084369,0,0.20932,0.88669,0.29854,0.32023,-0.12709,0.90706,0.25483,0.26975,0.24465,-0.28268,-0.5532,-0.034783,-0.085574,0.053733,-0.017895,-0.48476,-0.51775,0.19573,0.15627,0.58758,0.18135,0.10984,0.15837,0.17963,0.33033,0.028923,-0.39626,0.035587,0.041465,0.28695,0.18667,0.45065,0.23719,0.97213,0.51022,0.3645,0.1912,-0.30025,-0.52904,-0.27469,-0.0040057,-0.32538,-0.31991,-0.57968,0.54051,0.40593,-0.60445,0.38942,-0.20124,-0.37571,-0.5985,-0.43655,-0.39897,-0.41343,0.28286,-0.43556,-0.40031,-0.71354,0.010712,-0.63093,-0.30534,-0.25777,0.51527,0.11912,-0.21938,-0.56387,-0.24749,-0.27759,-0.22966,-0.11782,0.5507,0.21054,-0.065082,0.26197,0.30047,0.2503,0.10297,0.13642,-0.033109,0.12795,0.26678,0.38141,-0.36715,-0.18972,-0.20788,-0.19692,0.099205,-0.1299,0.33739,0.077048,0.0016833,-0.12147,-0.31061,-0.060365,-0.23439,-0.2993,-0.28651,-0.14058,-0.24453,-0.19635
-0.086217,0.46154,0.26611,0.28235,0.20932,0,-0.2058,0.76613,-0.05398,0.3346,0.37406,0.71296,0.69697,0.91838,-0.08395,0.097234,0.4431,0.47693,0.18092,0.31563,0.40656,0.13317,0.30059,0.657,0.12357,0.3243,0.45012,0.044503,-0.12815,0.001004,0.054512,0.14715,0.56606,0.5476,-0.50085,0.076747,-0.14797,0.044728,-0.28455,0.10372,-0.25562,0.33284,-0.32697,0.26819,-0.015312,0.13923,-0.11672,-0.10348,0.24739,0.4075,0.63617,0.17799,0.21493,0.74318,0.21008,-0.12281,-0.23822,-0.25426,-0.1044,0.10747,0.55411,-0.35243,-0.30795,-0.14647,0.14793,-0.16176,-0.048089,-0.24681,-0.28352,-0.078217,-0.26635,-0.17442,-0.12166,-0.17845,-0.12459,-0.11664,0.41268,0.17452,0.46226,0.27981,0.211,0.21601,0.37303,0.12185,0.28607,0.25253,0.24228,-0.20722,-0.11448,-0.026682,-0.031653,0.10171,0.39614,0.68089,1.2508,0.28921,0.36733,0.21751,0.43953,-0.10782,-0.053603,-0.013785,0.32687,0.30729,0.57055
0.9845,0.027655,0.052443,0.14879,0.88669,-0.2058,0,0.33165,0.58269,-0.090809,0.52437,0.066687,0.04651,0.078791,-0.50912,-0.5723,-0.14849,-0.28607,0.27954,0.19087,-0.42474,-0.48185,0.34172,0.06872,0.69929,0.20132,-0.047365,0.27078,0.56527,0.60253,0.18648,-0.12375,-0.33619,-0.084015,0.44923,0.47016,0.3414,0.31061,1.2628,0.55476,0.70292,0.17457,0.15919,-0.21943,-0.12879,0.17823,-0.15495,-0.14266,-0.55277,0.035248,-0.097668,-0.39017,0.41786,-0.29431,-0.36145,-0.27698,-0.14973,-0.1818,-0.24724,0.34961,-0.4168,-0.19125,-0.14382,0.20504,-0.2629,-0.10248,-0.069848,0.33718,0.15192,0.13276,-0.14738,0.14411,0.13368,0.01352,0.16344,0.71242,0.14006,-0.13125,0.12639,-0.095543,0.069332,-0.019036,0.033763,0.20397,0.26419,0.26225,0.3686,-0.14886,-0.0091861,-0.12519,-0.0015908,0.091309,-0.1683,0.32902,-0.23926,-0.02334,-0.10853,-0.2078,0.13921,-0.17001,-0.062826,-0.25617,-0.068534,-0.17858,-0.32444
0.43059,0.93827,0.19906,0.43004,0.29854,0.76613,0.33165,0,0.29525,0.43858,0.48016,0.72022,0.42626,0.562,-0.53008,-0.22294,0.36843,0.20829,0.6497,0.40384,0.20362,-0.074989,0.63374,0.74097,0.47099,0.45772,0.39208,0.27127,0.29835,0.54603,0.38856,0.36813,-0.010496,0.26535,-0.20474,0.73827,-0.13673,0.23093,0.2077,0.68257,0.30459,0.69023,0.056876,0.41656,0.098927,0.43838,-0.020577,0.038935,-0.04975,0.087234,0.25068,0.077282,0.29605,0.55798,0.057583,-0.068253,-0.037685,-0.15759,-0.070958,0.30589,0.43817,-0.60271,-0.070409,-0.033417,0.16519,-0.023703,0.11801,-0.24685,-0.14937,0.11405,-0.10579,0.13964,0.32639,-0.002875,0.28174,0.058462,0.43806,-0.038359,0.28729,-0.10672,-0.060832,0.24543,0.34415,0.42833,0.41368,0.33182,0.28936,-0.12884,0.11123,0.072735,0.20496,0.11424,0.3547,0.7712,0.55856,0.20554,0.23264,0.13199,0.5596,-0.18052,-0.031324,-0.3235,0.27422,0.31797,0.33535
1.2232,0.39972,0.16588,0.49426,0.32023,-0.05398,0.58269,0.29525,0,0.095861,0.33836,-0.0031963,0.096783,0.2115,-0.10909,-0.46874,-0.091625,-0.20348,0.30533,0.014991,-0.27701,-0.40004,0.18326,-0.20906,0.57582,0.42566,0.085353,0.049784,0.26615,0.38588,0.061544,0.33589,-0.23172,0.33729,0.33618,0.56135,0.29595,0.83237,0.50326,0.71156,0.63709,0.13363,0.38808,0.23027,0.098015,0.54368,-0.045216,-0.0028141,-0.45055,0.0062108,-0.060014,-0.084493,1.0338,0.2539,0.41158,0.37695,0.41898,0.040099,0.083068,0.58668,0.061425,-0.28946,-0.035781,0.0049724,-0.039265,0.040992,0.019356,0.26954,0.55617,0.37294,0.19685,0.16697,0.18565,0.01681,0.098108,0.61887,0.57703,0.055561,0.21918,0.080038,0.36011,0.096869,0.20872,0.32504,0.2896,0.34989,0.36401,-0.011924,-0.025405,-0.22018,0.082001,0.27029,0.17088,0.2689,0.028506,-0.018173,-0.010252,-0.20045,0.1741,-0.43761,-0.20463,-0.14695,-0.00073895,0.12663,0.065484
0.17122,0.92599,-0.19673,0.02291,-0.12709,0.3346,-0.090809,0.43858,0.095861,0,0.18895,0.6514,0.30573,0.31335,0.093535,0.5861,0.10262,0.18531,0.48513,0.076232,0.58728,0.36841,1.0681,0.68971,0.18234,0.24413,1.0913,0.62204,-0.20499,-0.041883,0.66153,0.58336,-0.16569,-0.20272,0.024837,0.34476,-0.70178,-0.45755,-0.17723,0.37183,0.35845,1.1769,0.21464,0.43886,0.61427,0.65878,-0.6011,-0.53511,0.16071,0.1148,0.22367,0.0059123,0.13922,0.56485,0.070052,0.30867,-0.039336,-0.46267,-0.45332,0.57934,1.0821,-0.021382,-0.032648,-0.013593,0.094864,-0.46866,-0.54256,-0.3057,0.1465,0.070221,-0.16214,-0.0081086,0.066488,-0.12217,-0.13857,-0.33772,0.45693,-0.050844,-0.13068,-0.32766,-0.27143,-0.087216,-0.07269,0.18339,0.0005614,0.032776,-0.11823,-0.61275,-0.52486,-0.1762,-0.274,-0.38907,-0.043475,0.53924,0.39673,0.27942,0.2489,-0.13771,0.33649,-0.20132,0.016875,-0.28941,0.32025,0.12841,0.077276
0.36797,0.34284,0.19588,0.26399,0.90706,0.37406,0.52437,0.48016,0.33836,0.18895,0,0.88842,0.41866,0.49474,-0.26504,-0.36246,0.02836,0.084052,0.10969,-0.075643,-0.27115,-0.70979,0.25653,0.20947,0.62374,0.11701,0.1697,-0.052077,-0.10458,0.15365,0.31572,-0.064003,0.029562,0.15368,0.24827,0.57849,0.18895,0.25883,0.64881,0.77594,0.37437,0.43651,-0.23588,-0.2688,0.091646,0.44368,-0.50696,-0.46155,-0.62073,0.16071,0.12523,-0.75262,0.35625,0.043738,-0.3438,-0.55947,-0.47713,-0.64229,-0.49862,0.52905,0.025622,-0.41325,-0.56438,0.076388,-0.39348,-0.63483,-0.43339,0.24721,0.18339,-0.25715,-0.60323,-0.17664,-0.12381,-0.372,-0.12781,0.51883,0.66042,0.088382,0.35242,0.10809,0.047073,-0.057956,0.12474,0.018454,0.019867,0.23559,0.12044,-0.56593,-0.37778,-0.31534,-0.15661,-0.13328,-0.023712,0.43551,0.41519,0.15924,-0.062281,-0.2866,0.07967,-0.44006,-0.32344,-0.47278,0.026061,-0.35981,-0.14947
0.027291,0.59534,0.19268,0.24,0.25483,0.71296,0.066687,0.72022,-0.0031963,0.6514,0.88842,0,0.542,0.67912,-0.064593,0.11646,0.34109,0.33125,0.34752,0.21816,0.35737,-0.1731,0.52503,0.63844,0.2347,0.11107,0.5535,0.11297,-0.37153,-0.056993,0.46134,0.26676,0.14355,0.11353,-0.12574,0.48402,-0.22193,-0.036976,0.066515,0.57849,0.12532,0.78913,-0.32357,0.027852,0.28995,0.50939,-0.59808,-0.5011,-0.17545,-0.0075873,0.12965,-0.31899,0.12687,0.33028,-0.21543,-0.40154,-0.56262,-0.76618,-0.58333,0.60315,0.66045,-0.20761,-0.27125,0.14245,0.069301,-0.77147,-0.51715,-0.1507,0.04991,-0.27483,-0.60369,-0.21609,-0.15767,-0.46769,-0.20222,0.11146,0.65494,0.20397,0.33242,-0.1018,-0.20321,-0.058631,0.14823,0.097729,0.054198,0.15773,-0.020035,-0.66631,-0.51174,-0.22487,-0.16303,-0.37234,0.0073197,0.60806,0.91077,0.34636,0.14113,-0.058033,0.30336,-0.22005,-0.072596,-0.38519,0.26432,-0.18929,0.15108
0.077713,0.21927,0.75743,0.68528,0.26975,0.69697,0.04651,0.42626,0.096783,0.30573,0.41866,0.542,0,1.2256,0.24514,0.10985,0.61141,0.5071,0.41538,0.3321,0.19752,0.21088,0.234,0.39315,0.14493,0.15658,0.16439,0.2831,0.092388,-0.061812,0.20768,0.20939,0.76396,0.59228,-0.12071,0.054747,0.15277,0.1775,-0.083137,0.19089,-0.10782,0.24497,-0.20769,0.14199,0.28211,0.63343,0.0072203,0.034337,0.15826,0.4705,0.69443,0.2642,0.24378,0.38585,0.2623,-0.21086,-0.25926,-0.20401,-0.13221,0.19866,0.36499,0.0097603,0.098078,0.3933,0.38508,-0.054989,0.04039,-0.17723,-0.03237,0.29004,-0.097304,0.22741,0.14013,0.12177,0.34286,0.38844,0.68883,0.8082,0.75623,0.50681,0.46946,0.55012,0.69244,0.4729,0.46389,0.68695,0.46721,-0.057619,-0.10961,0.12483,0.23258,0.18471,0.53838,0.7285,0.81239,0.7507,0.65293,0.25621,0.41825,0.1434,-0.011053,0.30659,0.325,0.15225,0.47242
0.18386,0.30928,0.66227,0.7221,0.24465,0.91838,0.078791,0.562,0.2115,0.31335,0.49474,0.67912,1.2256,0,0.14886,0.090522,0.66528,0.52708,0.43543,0.42168,0.44411,0.12992,0.37267,0.44268,0.36536,0.4291,0.30177,0.2012,0.048514,-0.14712,-0.021077,0.13556,0.5928,0.85043,-0.35658,0.11415,-0.015171,0.26221,-0.1229,0.27118,0.027585,0.32048,-0.2513,0.23413,0.047375,0.50282,-0.0968,-0.031691,0.018212,0.38843,0.52975,0.14222,0.44424,0.5142,0.27262,-0.19674,-0.26069,-0.3113,-0.20117,0.31128,0.45837,-0.1812,-0.10436,0.21159,0.33835,-0.20073,-0.046641,-0.10721,-0.027724,0.06492,-0.17716,-0.020549,0.0029916,-0.16323,0.089735,0.41528,0.80976,0.64849,1.0181,0.48227,0.55781,0.32783,0.66723,0.47775,0.58737,0.68548,0.53436,-0.1563,-0.15727,0.054432,0.22952,0.22624,0.60516,0.90133,1.1641,0.69899,0.71441,0.25788,0.60519,-0.14083,-0.03923,0.19433,0.48499,0.24378,0.72212
-0.28724,-0.22786,0.37884,0.26061,-0.28268,-0.08395,-0.50912,-0.53008,-0.10909,0.093535,-0.26504,-0.064593,0.24514,0.14886,0,0.63093,0.34208,0.44364,0.14534,0.1204,0.29073,0.49359,-0.12705,-0.06442,-0.3318,-0.098404,0.15244,0.079063,-0.41078,-0.7321,-0.26142,0.10935,0.32524,0.19786,-0.15824,-0.57198,0.12018,-0.08145,-0.41167,-0.22482,-0.2827,-0.1601,-0.40957,-0.22713,0.16287,0.092648,-0.086477,-0.091227,-0.021932,0.24438,0.28203,0.028862,-0.059374,-0.057011,0.3571,0.023032,-0.14586,-0.046213,-0.1158,0.16291,0.21092,0.64371,0.051084,0.26547,0.26961,-0.10655,-0.19303,0.24281,0.34748,-0.14966,-0.089869,-0.2216,-0.3024,-0.11128,-0.13608,0.081104,0.23796,0.69648,0.31516,0.49426,0.40023,0.35626,0.37273,0.23385,0.18211,0.31631,0.25495,-0.05494,-0.31918,0.026863,-0.061296,-0.00081365,0.037985,-0.18602,0.12754,0.14521,0.10947,0.061232,-0.33754,0.29237,0.11298,0.48644,0.087299,-0.17694,0.32918
-0.45659,0.082175,-0.12074,-0.06486,-0.5532,0.097234,-0.5723,-0.22294,-0.46874,0.5861,-0.36246,0.11646,0.10985,0.090522,0.63093,0,0.14326,0.3633,0.098392,0.176,0.59226,0.89354,0.25006,0.34496,-0.40493,-0.22801,0.48554,0.3825,-0.3087,-0.45368,-0.012727,0.1403,-0.054291,-0.19052,-0.38513,-0.3589,-0.61214,-0.77361,-0.70431,-0.38814,-0.20206,0.12589,-0.1386,0.11933,0.1966,-0.017253,-0.22846,-0.23852,0.3134,-0.00045616,0.16987,0.17138,-0.18382,0.29368,0.1415,0.13833,-0.15874,-0.03866,-0.15987,0.052379,0.54386,0.53352,0.12414,-0.061092,0.20798,-0.17323,-0.29823,-0.29489,-0.06235,-0.1563,-0.077652,-0.13849,-0.11225,-0.0052493,-0.15193,-0.4643,0.13115,0.21731,-0.055051,-0.097343,-0.12247,-0.0063847,-0.0030829,0.10945,0.071163,-0.063852,-0.057153,-0.20109,-0.2337,0.13552,-0.12728,-0.38806,-0.18963,0.12252,0.18298,0.15992,0.25663,0.10413,-0.060863,0.10875,0.14989,0.13205,0.11745,-0.0025763,0.057396
0.010245,0.21175,0.85132,0.8107,-0.034783,0.4431,-0.14849,0.36843,-0.091625,0.10262,0.02836,0.34109,0.61141,0.66528,0.34208,0.14326,0,0.65834,0.64791,0.54481,0.6028,0.49812,0.19703,0.43032,-0.041872,0.12422,0.20641,0.32495,-0.034014,-0.19324,-0.12531,0.084766,0.45895,0.53159,-0.71086,-0.14499,-0.075889,0.1344,-0.24528,0.18694,0.017824,0.25401,-0.57831,-0.0017641,0.047768,0.22748,0.078669,0.17743,-0.010019,0.30764,0.51106,0.19369,0.042254,0.29641,0.37266,-0.30355,-0.36719,-0.2281,-0.22054,0.20446,0.39936,-0.1086,0.062705,0.29332,0.4891,-0.056732,0.081682,-0.26141,-0.14892,-0.16153,-0.22504,-0.13619,-0.023524,-0.14714,0.24447,0.2093,0.46793,0.84249,0.97724,0.5701,0.388,0.82311,1.0306,0.76006,0.76903,0.72024,0.55201,-0.056411,0.0038864,0.43629,0.50703,0.073377,0.50884,0.20013,0.51948,0.80197,0.80548,0.41165,0.44275,0.25752,0.11754,0.4287,0.34738,0.011723,0.97096
-0.22062,0.11824,0.74585,0.5633,-0.085574,0.47693,-0.28607,0.20829,-0.20348,0.18531,0.084052,0.33125,0.5071,0.52708,0.44364,0.3633,0.65834,0,0.47946,0.64043,0.48172,0.51221,0.11424,0.67456,0.061356,0.23286,0.18483,0.07379,-0.099253,-0.32698,0.10633,0.38394,0.4217,0.33772,-0.4461,-0.22395,0.14335,-0.06587,-0.26922,-0.12646,-0.34056,0.09328,-0.47056,-0.058715,0.34514,0.29286,0.0011086,0.05661,0.16126,0.19145,0.33282,-0.012676,-0.2375,0.21614,0.13804,-0.12777,-0.36662,-0.25801,-0.25734,0.002893,0.36219,0.24156,0.063287,0.15987,0.50695,-0.041936,0.077142,-0.01058,-0.27268,-0.2449,-0.1529,0.081939,0.19337,0.1847,0.21043,-0.036159,0.28175,0.57132,0.59337,0.39267,0.22604,0.56141,0.72038,0.71213,0.53092,0.6227,0.49966,-0.062163,-0.14616,0.13367,-0.0093661,0.34276,0.54026,0.18229,0.49883,0.20034,0.4029,0.76339,0.071007,0.48143,0.60282,0.42651,0.40075,0.031074,0.73986
0.40474,0.53074,0.5716,0.7418,0.053733,0.18092,0.27954,0.6497,0.30533,0.48513,0.10969,0.34752,0.41538,0.43543,0.14534,0.098392,0.64791,0.47946,0,0.82107,0.42364,0.30439,0.77487,0.65196,0.44883,0.32124,0.31436,0.49604,0.29942,0.12148,0.34494,0.49194,-0.037907,0.23197,-0.10429,0.32743,0.019287,0.11333,0.22575,0.55979,0.42452,0.64044,-0.099249,0.10901,0.41466,0.67028,-0.054721,-0.0063958,-0.16489,0.14692,0.22639,-0.000797,0.18847,0.20131,0.3176,-0.0010273,-0.17042,-0.23385,-0.27161,0.57985,0.46491,0.030804,0.15682,0.4761,0.46542,-0.085328,0.0015128,0.078052,0.22043,0.085371,-0.095407,0.15971,0.33382,0.092104,0.36575,0.25071,0.44487,0.38913,0.43605,0.097442,0.087259,0.66381,0.72727,1.1035,0.90318,0.9415,0.70593,-0.1526,-0.12846,0.050327,0.16505,0.14813,0.26978,0.34226,0.18703,0.34594,0.30688,0.24555,0.3019,0.14859,0.2211,0.018478,0.23504,0.13548,0.53361
0.047043,0.056405,0.70088,0.56892,-0.017895,0.31563,0.19087,0.40384,0.014991,0.076232,-0.075643,0.21816,0.3321,0.42168,0.1204,0.176,0.54481,0.64043,0.82107,0,0.4619,0.33838,0.31739,0.56589,0.073754,0.14185,0.05643,0.11127,0.26999,0.10941,0.098249,0.32506,0.20877,0.32871,-0.3176,-0.041495,0.21425,0.072641,0.051512,-0.022672,-0.13398,0.057496,-0.31622,-0.045977,0.16727,0.16003,0.079535,0.053414,0.058223,-0.070264,0.037645,0.13412,0.019793,0.069418,0.22553,-0.1609,-0.39442,-0.13284,-0.14189,0.23306,0.27773,0.38426,0.27184,0.50361,0.74469,0.014612,0.12742,0.035422,-0.087317,0.06221,-0.064536,0.18598,0.18291,0.16394,0.20493,0.24984,0.1481,0.44582,0.53892,0.095157,0.095978,0.51548,0.66822,0.79626,1.0301,0.70299,0.72164,0.036211,-0.041163,0.067785,0.058633,0.20733,0.18099,0.31552,0.27477,0.19522,0.2554,0.55662,0.23534,0.44881,0.53102,0.24691,0.22093,0.07228,0.4946
-0.1788,0.29202,0.12454,0.086807,-0.48476,0.40656,-0.42474,0.20362,-0.27701,0.58728,-0.27115,0.35737,0.19752,0.44411,0.29073,0.59226,0.6028,0.48172,0.42364,0.4619,0,0.77762,0.53437,0.58757,-0.1352,0.32599,0.62702,0.31895,-0.29364,-0.38214,0.053431,0.33251,0.22592,0.11352,-0.55042,-0.19967,-0.63259,-0.36903,-0.65832,-0.12261,-0.088912,0.46056,-0.13547,0.37156,0.22497,0.13418,-0.2005,-0.12551,0.42059,0.055224,0.1621,0.28816,-0.15466,0.3568,0.20104,0.16467,-0.17369,-0.34353,-0.30641,0.18165,0.89211,0.11691,0.12031,0.067797,0.56214,-0.26511,-0.20474,-0.38007,-0.15194,-0.12269,-0.069833,-0.14347,-0.089189,-0.19817,-0.20838,-0.36582,0.076431,0.17062,0.1803,-0.08028,-0.08015,0.016794,0.13622,0.28471,0.22672,0.1008,-0.0075766,-0.21548,-0.30063,0.13588,-0.016247,-0.12988,0.23339,0.27212,0.5106,0.47943,0.59387,0.35285,0.57047,0.1609,0.40707,0.21284,0.62694,0.2891,0.73929
-0.22826,0.064823,0.093219,0.077696,-0.51775,0.13317,-0.48185,-0.074989,-0.40004,0.36841,-0.70979,-0.1731,0.21088,0.12992,0.49359,0.89354,0.49812,0.51221,0.30439,0.33838,0.77762,0,0.27135,0.48191,-0.36888,0.062739,0.41221,0.6298,-0.019191,-0.26114,-0.031598,0.22683,0.16448,-0.046452,-0.53127,-0.5651,-0.45808,-0.55723,-0.76535,-0.4756,-0.21169,0.099354,-0.043422,0.28477,0.19545,-0.031165,0.11711,0.14087,0.65721,0.28308,0.46128,0.56489,-0.27313,0.32762,0.32105,0.30813,0.024689,0.10827,-0.034708,-0.17231,0.43938,0.33038,0.30662,-0.04314,0.44345,0.21648,0.10046,-0.46074,-0.36694,0.07224,0.1558,0.10053,0.13366,0.31594,0.17695,-0.51639,-0.071372,0.24088,0.060893,0.10826,0.094404,0.35557,0.23529,0.41444,0.31068,0.14081,0.16616,0.088619,0.037455,0.4959,0.13071,0.017425,0.22559,0.084981,0.09408,0.31141,0.63575,0.42283,0.26473,0.4856,0.44472,0.55779,0.3236,0.30371,0.47313
0.44543,0.66246,-0.13191,0.047371,0.19573,0.30059,0.34172,0.63374,0.18326,1.0681,0.25653,0.52503,0.234,0.37267,-0.12705,0.25006,0.19703,0.11424,0.77487,0.31739,0.53437,0.27135,0,0.95003,0.5934,0.41006,0.93742,0.83313,0.063809,0.071355,0.5295,0.30411,-0.23317,-0.13564,-0.01596,0.32213,-0.53669,-0.37508,0.14043,0.48003,0.6315,1.3405,0.092155,0.22188,0.31834,0.46437,-0.6184,-0.5769,-0.011819,0.31435,0.28283,-0.15706,0.24162,0.32993,-0.076958,0.095713,-0.21924,-0.58528,-0.6473,0.68417,0.60548,-0.14501,-0.26066,0.10839,-0.027613,-0.49129,-0.52219,-0.093009,0.021926,-0.030676,-0.35848,-0.13218,0.0099907,-0.21078,-0.15094,-0.12044,0.33268,-0.12877,0.032107,-0.20218,-0.12165,0.016282,0.040925,0.29772,0.27873,0.25897,0.21362,-0.70509,-0.50863,-0.19423,-0.26965,-0.25193,-0.093989,0.52133,0.23062,0.20327,0.19275,-0.18674,0.49913,-0.17777,0.050552,-0.26529,0.30377,0.065766,0.14518
0.040238,0.45747,0.095843,0.10996,0.15627,0.657,0.06872,0.74097,-0.20906,0.68971,0.20947,0.63844,0.39315,0.44268,-0.06442,0.34496,0.43032,0.67456,0.65196,0.56589,0.58757,0.48191,0.95003,0,0.30764,0.3227,0.76104,0.62736,-0.021387,-0.011791,0.48677,0.37075,0.071198,-0.057703,-0.33443,0.094781,-0.32751,-0.42625,-0.090104,0.13131,0.045549,0.76687,-0.22461,0.12097,0.29477,0.26001,-0.36998,-0.32121,0.2389,0.3352,0.45623,-0.063013,-0.12971,0.36677,-0.18936,-0.09506,-0.41943,-0.49124,-0.55413,0.23918,0.55746,-0.046714,-0.20444,0.013036,0.15938,-0.28253,-0.23434,-0.22557,-0.44548,-0.20694,-0.41261,-0.073925,0.092303,-0.010238,0.0054789,-0.31828,0.19122,0.011864,0.18198,-0.046406,-0.12477,0.21713,0.23935,0.38795,0.33904,0.29545,0.30576,-0.47998,-0.32055,-0.016026,-0.2581,-0.066105,0.1048,0.47279,0.44391,0.11295,0.25226,0.26723,0.40483,0.23746,0.41378,-0.00051202,0.40041,0.050698,0.35873
0.655,0.26214,0.070806,0.23927,0.58758,0.12357,0.69929,0.47099,0.57582,0.18234,0.62374,0.2347,0.14493,0.36536,-0.3318,-0.40493,-0.041872,0.061356,0.44883,0.073754,-0.1352,-0.36888,0.5934,0.30764,0,0.59102,0.13096,0.21801,0.38129,0.059408,0.1819,0.046552,-0.16445,0.23892,0.21423,0.50293,0.12573,0.25093,0.61141,0.6398,0.69357,0.50304,0.099935,-0.0011877,0.0060427,0.44809,-0.28922,-0.23794,-0.40901,0.32309,0.1165,-0.44876,0.47118,0.060718,-0.12689,-0.022127,-0.02591,-0.36461,-0.34239,0.38269,-0.069435,-0.39972,-0.43901,0.086913,-0.26499,-0.23003,-0.15766,0.43317,0.12982,-0.070607,-0.22408,-0.097581,0.12162,-0.18454,0.013755,0.37251,0.35191,-0.080145,0.27154,0.19643,0.30358,0.058789,0.20181,0.25697,0.30831,0.5224,0.5167,-0.36198,-0.21717,-0.45486,-0.15361,0.32733,0.18645,0.28454,0.06479,-0.085391,-0.060126,-0.10612,0.18053,-0.39924,-0.12074,-0.20107,0.11522,0.024654,0.11932
0.51376,0.35816,0.092368,0.19703,0.18135,0.3243,0.20132,0.45772,0.42566,0.24413,0.11701,0.11107,0.15658,0.4291,-0.098404,-0.22801,0.12422,0.23286,0.32124,0.14185,0.32599,0.062739,0.41006,0.3227,0.59102,0,0.35712,0.193,0.34711,0.12452,-0.00074129,0.32884,0.15028,0.34378,0.019489,0.2135,0.037646,0.25999,0.043,0.26107,0.20029,0.32163,0.30348,0.48488,-0.09056,0.28706,0.030322,0.10043,0.000871,0.34369,0.23894,0.10825,0.19719,0.14304,0.027152,0.28885,0.32051,-0.10286,-0.0020802,0.027229,0.11465,-0.32267,-0.099971,-0.082225,0.17996,0.13915,0.16716,0.21176,0.037805,0.18506,0.22999,0.074982,0.19128,-0.061757,0.056843,0.027094,0.10173,-0.16731,0.18327,0.14533,0.39704,0.067511,0.18794,0.33896,0.22372,0.27745,0.30079,0.027977,0.022119,-0.088486,0.01806,0.7225,0.69356,0.47877,0.28159,0.014391,0.17477,0.21479,0.31341,-0.05864,0.21474,0.13165,0.81521,0.52638,0.57503
0.29335,0.69382,-0.28489,-0.086868,0.10984,0.45012,-0.047365,0.39208,0.085353,1.0913,0.1697,0.5535,0.16439,0.30177,0.15244,0.48554,0.20641,0.18483,0.31436,0.05643,0.62702,0.41221,0.93742,0.76104,0.13096,0.35712,0,0.76398,-0.39297,-0.085183,0.22676,0.27709,-0.17842,-0.21704,-0.23522,0.077106,-0.66018,-0.39629,-0.18301,0.31904,0.32805,0.92038,-0.070018,0.21846,0.15366,0.18185,-0.74486,-0.59757,0.050816,0.34137,0.45584,-0.11073,0.24563,0.54759,-0.022347,0.17184,-0.14855,-0.5166,-0.60029,0.56063,0.74933,-0.21389,-0.41203,-0.33548,-0.15232,-0.53473,-0.65445,-0.1901,0.026929,-0.26977,-0.42048,-0.40795,-0.31447,-0.35826,-0.44006,-0.35724,0.34845,-0.14953,-0.0356,-0.15521,-0.11676,-0.12319,-0.083563,0.055532,-0.003071,-0.061117,-0.015571,-0.73639,-0.54956,-0.082365,-0.36071,-0.36644,-0.14691,0.50532,0.45708,0.14813,0.2393,-0.19416,0.30841,-0.24074,0.014319,-0.24962,0.2842,0.084764,0.18587
0.43811,0.30401,-0.14224,0.044679,0.15837,0.044503,0.27078,0.27127,0.049784,0.62204,-0.052077,0.11297,0.2831,0.2012,0.079063,0.3825,0.32495,0.07379,0.49604,0.11127,0.31895,0.6298,0.83313,0.62736,0.21801,0.193,0.76398,0,0.15385,0.017046,0.16752,0.099155,-0.21805,-0.26141,-0.14704,0.021377,-0.46307,-0.35317,-0.018771,0.23097,0.51426,0.63572,0.075641,0.17298,0.065911,0.19716,-0.29369,-0.17293,0.10315,0.44508,0.55774,0.12307,0.1921,0.29288,-0.037145,0.11563,-0.04166,-0.18242,-0.40162,0.26918,0.25848,-0.10576,-0.060916,-0.077948,-0.059856,-0.095536,-0.21976,-0.26723,-0.1179,0.025325,-0.15941,-0.075766,0.025396,0.022783,0.12625,-0.11364,0.21228,0.04434,0.041764,0.0029492,0.070027,0.1735,0.10493,0.31824,0.23767,0.17944,0.27235,-0.33054,-0.14026,0.19524,0.026809,-0.16536,-0.056203,0.41093,0.032427,0.32544,0.47164,-0.007252,0.38782,0.019301,0.069554,0.086849,0.18468,0.10358,0.11349
0.39647,0.022337,0.18071,0.31947,0.17963,-0.12815,0.56527,0.29835,0.26615,-0.20499,-0.10458,-0.37153,0.092388,0.048514,-0.41078,-0.3087,-0.034014,-0.099253,0.29942,0.26999,-0.29364,-0.019191,0.063809,-0.021387,0.38129,0.34711,-0.39297,0.15385,0,0.65617,-0.059087,-0.050503,-0.064025,0.23381,0.18033,0.2823,0.29164,0.27742,0.39416,0.10021,0.25507,-0.12905,0.43387,0.24593,-0.23907,0.091003,0.64169,0.57719,-0.074016,0.071111,0.044109,0.30524,0.12498,-0.13462,0.085051,0.041867,0.34705,0.48532,0.46492,-0.32057,-0.44683,-0.097243,0.38096,0.18815,0.1795,0.73465,0.73983,0.14091,-0.021042,0.57503,0.55743,0.57469,0.68362,0.48248,0.82719,0.30061,-0.089635,-0.042778,0.11071,0.097175,0.30181,0.36412,0.31744,0.49659,0.53505,0.41077,0.50179,0.56398,0.74483,0.2359,0.52955,0.6953,0.42286,0.29696,-0.30103,0.044621,0.12162,0.25378,0.059673,0.059329,-0.012577,0.11693,0.11186,0.42376,0.0036678
0.57516,0.42176,-0.054273,0.12387,0.33033,0.001004,0.60253,0.54603,0.38588,-0.041883,0.15365,-0.056993,-0.061812,-0.14712,-0.7321,-0.45368,-0.19324,-0.32698,0.12148,0.10941,-0.38214,-0.26114,0.071355,-0.011791,0.059408,0.12452,-0.085183,0.017046,0.65617,0,0.24351,0.077275,-0.32427,-0.11337,0.30355,0.56656,0.16204,0.27398,0.57749,0.3399,0.30008,0.023743,0.45921,0.2248,-0.0593,0.041423,0.35533,0.29038,-0.1734,-0.15747,-0.078089,0.095331,0.15348,0.0065583,-0.030585,0.0023534,0.24634,0.34523,0.36515,-0.036961,-0.20285,-0.34659,0.2057,-0.13495,-0.07216,0.39205,0.39914,-0.066804,0.028194,0.44821,0.32053,0.54417,0.52359,0.43184,0.47747,0.1272,-0.04709,-0.40487,-0.20777,-0.40095,-0.23496,0.062237,-0.046363,0.20087,0.1409,-0.065039,0.00049535,0.33824,0.55472,0.33342,0.32256,0.12657,0.038301,0.35779,-0.21976,-0.033673,-0.060145,-0.082465,0.12204,-0.095014,-0.098471,-0.41111,-0.053127,0.25871,-0.32511
0.098895,0.45341,-0.046846,-0.062552,0.028923,0.054512,0.18648,0.38856,0.061544,0.66153,0.31572,0.46134,0.20768,-0.021077,-0.26142,-0.012727,-0.12531,0.10633,0.34494,0.098249,0.053431,-0.031598,0.5295,0.48677,0.1819,-0.00074129,0.22676,0.16752,-0.059087,0.24351,0,0.72629,-0.086847,-0.36836,0.48303,0.45191,-0.11593,-0.28791,0.2001,0.25886,0.13851,0.62691,0.33221,0.16559,1.2025,0.77471,-0.34977,-0.40152,0.21378,-0.12064,-0.13995,-0.12123,-0.22691,0.074857,-0.25195,0.14704,-0.12479,-0.41975,-0.35484,0.34587,0.46145,0.14412,0.17269,0.3307,0.1473,-0.27693,-0.26797,-0.26008,-0.09488,0.31348,-0.081963,0.46669,0.42073,0.26253,0.15039,-0.18237,0.12059,-0.14994,-0.29702,-0.50103,-0.53894,-0.047806,-0.18005,0.10917,-0.16513,-0.0097949,-0.24245,-0.37278,-0.41478,-0.25202,-0.36736,-0.2915,-0.092439,0.1218,0.015771,-0.0051961,-0.12741,-0.095189,0.2443,0.24804,0.29638,-0.21204,0.15365,-0.19175,-0.23044
0.13466,0.48808,0.17732,0.27641,-0.39626,0.14715,-0.12375,0.36813,0.33589,0.58336,-0.064003,0.26676,0.20939,0.13556,0.10935,0.1403,0.084766,0.38394,0.49194,0.32506,0.33251,0.22683,0.30411,0.37075,0.046552,0.32884,0.27709,0.099155,-0.050503,0.077275,0.72629,0,0.051313,0.075424,0.15887,0.39973,-0.021101,0.13323,-0.20827,0.12115,-0.082422,0.29974,0.44458,0.6333,0.94298,0.84416,-0.0084063,0.019769,0.34947,-0.2455,-0.14379,0.28425,-0.052178,0.37615,0.26633,0.69011,0.34438,-0.026782,0.051522,0.25701,0.75752,0.26227,0.49414,0.16171,0.71611,0.096589,0.090949,-0.25581,0.031937,0.49985,0.3725,0.53901,0.5707,0.35008,0.24298,-0.17929,0.24587,0.083567,-0.063116,-0.28833,-0.15232,0.091087,0.10587,0.43788,0.091472,0.14801,0.0098073,0.015429,-0.16675,-0.16831,-0.14604,0.11641,0.30194,0.1553,0.20139,-0.042575,0.042712,0.36025,0.30371,0.34322,0.62174,0.18428,0.47191,0.17704,0.29487
-0.40141,-0.28447,0.62307,0.25783,0.035587,0.56606,-0.33619,-0.010496,-0.23172,-0.16569,0.029562,0.14355,0.76396,0.5928,0.32524,-0.054291,0.45895,0.4217,-0.037907,0.20877,0.22592,0.16448,-0.23317,0.071198,-0.16445,0.15028,-0.17842,-0.21805,-0.064025,-0.32427,-0.086847,0.051313,0,0.74894,-0.10719,-0.3305,0.34398,0.18735,-0.36049,-0.32808,-0.70341,-0.1995,-0.31164,0.034504,0.058786,0.10848,0.22014,0.17005,0.40513,0.46845,0.49952,0.36674,-0.17453,0.018426,0.21746,-0.16281,-0.17705,-0.092368,0.082463,-0.25512,0.090736,0.20001,0.094597,0.37001,0.45895,0.093768,0.18648,-0.015788,-0.16544,0.22045,0.054791,0.06046,-0.095591,-0.0095139,0.047524,0.13108,0.061695,0.55563,0.52116,0.70435,0.55761,0.36042,0.44072,0.094743,0.18214,0.35994,0.23327,0.16216,-0.060091,-0.028119,0.069603,0.35835,0.57332,0.11352,0.51005,0.41839,0.33132,0.4155,0.20607,0.45429,0.17477,0.73121,0.43885,0.11615,0.56435
0.046964,0.02736,0.80193,0.86582,0.041465,0.5476,-0.084015,0.26535,0.33729,-0.20272,0.15368,0.11353,0.59228,0.85043,0.19786,-0.19052,0.53159,0.33772,0.23197,0.32871,0.11352,-0.046452,-0.13564,-0.057703,0.23892,0.34378,-0.21704,-0.26141,0.23381,-0.11337,-0.36836,0.075424,0.74894,0,-0.28164,0.06548,0.33206,0.74766,-0.1494,0.081496,-0.1581,-0.18096,-0.18159,0.2243,-0.15686,0.26243,0.37267,0.35497,-0.054916,0.29439,0.3352,0.27573,0.39359,0.30833,0.65534,-0.023993,0.096711,0.13373,0.30699,0.011352,0.11811,-0.11062,0.03458,0.21353,0.41218,0.2173,0.35617,0.12545,0.089402,0.21356,0.17673,0.013608,0.076324,-0.095825,0.18676,0.49009,0.51979,0.66166,1.0203,0.84801,0.99736,0.50384,0.86301,0.46693,0.69642,0.7664,0.68452,0.27286,0.19167,0.014619,0.43654,0.57487,0.80257,0.25108,0.53033,0.35508,0.35999,0.33994,0.27012,-0.070128,-0.11132,0.45322,0.331,0.2625,0.75749
0.26455,-0.10055,-0.19761,-0.25461,0.28695,-0.50085,0.44923,-0.20474,0.33618,0.024837,0.24827,-0.12574,-0.12071,-0.35658,-0.15824,-0.38513,-0.71086,-0.4461,-0.10429,-0.3176,-0.55042,-0.53127,-0.01596,-0.33443,0.21423,0.019489,-0.23522,-0.14704,0.18033,0.30355,0.48303,0.15887,-0.10719,-0.28164,0,0.41917,0.41517,0.13165,0.64883,0.18041,0.20339,0.011848,0.53625,-0.081753,0.34334,0.31687,-0.080137,-0.1736,-0.2013,-0.049784,-0.26076,-0.29743,-0.081383,-0.58084,-0.29392,0.12048,0.18667,-0.044049,0.021102,0.085547,-0.33173,0.21702,0.10055,0.24507,-0.20959,-0.052235,-0.11598,0.47324,0.50802,0.42704,0.22421,0.36379,0.21051,0.17013,0.034307,0.20485,-0.17787,-0.34265,-0.5043,-0.28746,-0.19004,-0.3149,-0.42585,-0.19661,-0.39333,-0.14842,-0.24846,-0.010595,-0.17047,-0.4515,-0.34294,0.010945,-0.25007,-0.11884,-0.5557,-0.19091,-0.50455,-0.2908,-0.2444,0.021105,0.011185,-0.18667,-0.0076372,-0.17103,-0.6669
0.50109,0.67977,-0.06925,0.23358,0.18667,0.076747,0.47016,0.73827,0.56135,0.34476,0.57849,0.48402,0.054747,0.11415,-0.57198,-0.3589,-0.14499,-0.22395,0.32743,-0.041495,-0.19967,-0.5651,0.32213,0.094781,0.50293,0.2135,0.077106,0.021377,0.2823,0.56656,0.45191,0.39973,-0.3305,0.06548,0.41917,0,-0.019776,0.43717,0.49536,0.86337,0.5523,0.47241,0.46371,0.39924,0.1985,0.60343,-0.024881,0.024004,-0.36374,-0.29429,-0.23032,-0.17919,0.27436,0.16467,-0.070792,0.083736,0.2564,-0.021102,0.093257,0.33153,0.17022,-0.41021,0.081677,-0.039953,-0.022412,-0.066478,0.03919,0.010169,0.32038,0.24862,0.15098,0.25253,0.45016,-0.03426,0.24764,0.20762,0.37363,-0.23123,-0.084381,-0.40257,-0.25869,-0.19104,-0.057472,0.17433,0.00867,0.041568,-0.053987,-0.058961,0.10598,-0.20716,0.1306,-0.043517,0.054868,0.37521,0.040687,0.048191,-0.12819,-0.061281,0.22182,-0.43091,-0.1565,-0.53791,0.14794,0.093422,-0.19484
0.12174,-0.45367,0.6084,0.33569,0.45065,-0.14797,0.3414,-0.13673,0.29595,-0.70178,0.18895,-0.22193,0.15277,-0.015171,0.12018,-0.61214,-0.075889,0.14335,0.019287,0.21425,-0.63259,-0.45808,-0.53669,-0.32751,0.12573,0.037646,-0.66018,-0.46307,0.29164,0.16204,-0.11593,-0.021101,0.34398,0.33206,0.41517,-0.019776,0,0.72195,0.56335,0.026878,-0.25338,-0.55949,-0.18327,-0.46149,-0.058405,0.031445,0.33735,0.28148,-0.30869,0.049252,-0.037664,-0.15829,0.036677,-0.52411,0.022967,-0.25505,-0.053269,0.15351,0.20117,-0.11505,-0.6354,0.22918,0.094548,0.37721,0.10715,0.27898,0.36089,0.75157,0.27662,0.15573,0.11767,0.25511,0.10468,0.25439,0.26858,0.71064,-0.066219,0.28631,0.28984,0.42296,0.37369,0.36409,0.37583,0.17941,0.22143,0.43146,0.46,0.36241,0.15127,-0.17457,-0.0046968,0.65235,0.18477,-0.13935,-0.15993,-0.20794,-0.30037,0.21725,-0.435,0.33364,0.1411,0.23551,-0.15604,-0.12201,0.0095829
0.47442,0.018259,0.5185,0.65173,0.23719,0.044728,0.31061,0.23093,0.83237,-0.45755,0.25883,-0.036976,0.1775,0.26221,-0.08145,-0.77361,0.1344,-0.06587,0.11333,0.072641,-0.36903,-0.55723,-0.37508,-0.42625,0.25093,0.25999,-0.39629,-0.35317,0.27742,0.27398,-0.28791,0.13323,0.18735,0.74766,0.13165,0.43717,0.72195,0,0.339,0.40901,0.089035,-0.3037,0.083404,0.12328,-0.1958,0.23064,0.44463,0.52246,-0.3854,-0.10164,-0.074225,0.07914,0.51616,0.037777,0.38632,0.040448,0.36315,0.31343,0.44688,0.079544,-0.21926,-0.29336,0.13484,0.051653,0.18803,0.33615,0.48626,0.29295,0.3681,0.28043,0.33146,0.18738,0.20139,0.042402,0.30575,0.79225,0.3228,0.28116,0.46748,0.32838,0.47995,0.21774,0.42222,0.28095,0.29722,0.3726,0.3863,0.44592,0.36954,-0.018056,0.42692,0.56492,0.44667,0.10291,0.11472,0.060179,0.018449,0.20209,0.078839,-0.16451,-0.11003,0.11141,0.035795,0.18219,0.2802
0.70188,0.053045,0.089928,0.12556,0.97213,-0.28455,1.2628,0.2077,0.50326,-0.17723,0.64881,0.066515,-0.083137,-0.1229,-0.41167,-0.70431,-0.24528,-0.26922,0.22575,0.051512,-0.65832,-0.76535,0.14043,-0.090104,0.61141,0.043,-0.18301,-0.018771,0.39416,0.57749,0.2001,-0.20827,-0.36049,-0.1494,0.64883,0.49536,0.56335,0.339,0,0.69485,0.64112,0.14643,-0.0081851,-0.51109,-0.05596,0.13925,-0.16232,-0.17959,-0.87238,0.010196,-0.14304,-0.71719,0.28406,-0.48215,-0.33493,-0.42276,-0.23777,-0.22484,-0.24792,0.36058,-0.53311,-0.21403,-0.25541,0.21475,-0.44025,-0.19295,-0.12616,0.67038,0.42285,-0.062384,-0.25399,0.051931,0.052289,-0.035751,0.096819,0.68458,0.078397,-0.17028,0.018423,-0.062766,-0.06539,0.038417,0.034496,0.10403,0.13763,0.24708,0.25768,-0.17265,-0.055186,-0.23837,-0.095827,0.073203,-0.25599,0.09131,-0.34911,-0.12257,-0.34818,-0.31538,-0.22308,-0.22994,-0.21575,-0.50688,-0.31004,-0.28468,-0.44367
0.82599,0.79714,0.13856,0.44118,0.51022,0.10372,0.55476,0.68257,0.71156,0.37183,0.77594,0.57849,0.19089,0.27118,-0.22482,-0.38814,0.18694,-0.12646,0.55979,-0.022672,-0.12261,-0.4756,0.48003,0.13131,0.6398,0.26107,0.31904,0.23097,0.10021,0.3399,0.25886,0.12115,-0.32808,0.081496,0.18041,0.86337,0.026878,0.40901,0.69485,0,1.0167,0.77573,-0.0094032,-0.018204,0.095138,0.58618,-0.33781,-0.21992,-0.78138,0.037231,0.057966,-0.41494,0.63014,0.18409,0.039829,-0.18081,-0.075032,-0.37535,-0.32661,0.83455,0.18702,-0.62926,-0.26116,0.097883,-0.21815,-0.37419,-0.26497,0.19856,0.56676,-0.097319,-0.31544,-0.13449,-0.0009924,-0.35328,0.063678,0.49746,0.69689,0.060677,0.24724,-0.014082,-0.0054659,0.15278,0.25164,0.27392,0.207,0.35042,0.20916,-0.40097,-0.16767,-0.16434,0.13158,-0.089442,0.033135,0.39685,0.21995,0.22257,0.018208,-0.3621,0.1036,-0.60245,-0.47991,-0.64311,-0.085906,-0.063544,0.019689
1.02,0.53584,-0.16752,0.17911,0.3645,-0.25562,0.70292,0.30459,0.63709,0.35845,0.37437,0.12532,-0.10782,0.027585,-0.2827,-0.20206,0.017824,-0.34056,0.42452,-0.13398,-0.088912,-0.21169,0.6315,0.045549,0.69357,0.20029,0.32805,0.51426,0.25507,0.30008,0.13851,-0.082422,-0.70341,-0.1581,0.20339,0.5523,-0.25338,0.089035,0.64112,1.0167,0,0.67905,0.2134,-0.001177,-0.0019141,0.34581,-0.36936,-0.26933,-0.65713,0.076523,-0.010575,-0.40275,0.59816,0.088562,-0.0133,0.0074701,0.035334,-0.28501,-0.37314,0.65826,0.028965,-0.50585,-0.24783,-0.035415,-0.41639,-0.31608,-0.3365,0.13239,0.41228,-0.083802,-0.20585,-0.14789,0.022726,-0.26198,0.012643,0.32482,0.41624,-0.13979,0.034541,-0.11701,-0.0063961,-0.020137,0.01563,0.23507,0.19212,0.201,0.16318,-0.41264,-0.1342,-0.056739,0.12114,-0.1911,-0.14923,0.22546,-0.18414,0.19394,0.11011,-0.46605,0.17471,-0.68381,-0.43371,-0.51386,-0.1225,-0.071323,-0.17785
0.35176,0.92902,-0.13384,0.046764,0.1912,0.33284,0.17457,0.69023,0.13363,1.1769,0.43651,0.78913,0.24497,0.32048,-0.1601,0.12589,0.25401,0.09328,0.64044,0.057496,0.46056,0.099354,1.3405,0.76687,0.50304,0.32163,0.92038,0.63572,-0.12905,0.023743,0.62691,0.29974,-0.1995,-0.18096,0.011848,0.47241,-0.55949,-0.3037,0.14643,0.77573,0.67905,0,0.016549,0.18283,0.39963,0.57578,-0.70249,-0.57209,-0.093499,0.24188,0.26147,-0.24353,0.18493,0.37017,-0.10303,0.0060731,-0.23203,-0.75449,-0.72538,0.70933,0.6927,-0.3762,-0.29492,0.056025,-0.1097,-0.64458,-0.59503,-0.15304,0.12151,-0.15782,-0.45541,-0.21026,-0.052608,-0.35572,-0.16184,-0.15052,0.41421,-0.10848,-0.0016322,-0.20201,-0.25252,-0.004028,0.013881,0.16811,0.059256,0.16001,-0.0081886,-0.8303,-0.5418,-0.22266,-0.21633,-0.35134,-0.038581,0.4422,0.34471,0.31033,0.19839,-0.24524,0.40291,-0.30655,-0.12499,-0.45397,0.21512,0.015215,0.13379
0.33648,0.23103,-0.44532,-0.20865,-0.30025,-0.32697,0.15919,0.056876,0.38808,0.21464,-0.23588,-0.32357,-0.20769,-0.2513,-0.40957,-0.1386,-0.57831,-0.47056,-0.099249,-0.31622,-0.13547,-0.043422,0.092155,-0.22461,0.099935,0.30348,-0.070018,0.075641,0.43387,0.45921,0.33221,0.44458,-0.31164,-0.18159,0.53625,0.46371,-0.18327,0.083404,-0.0081851,-0.0094032,0.2134,0.016549,0,0.91849,0.23268,0.30497,0.30594,0.28221,0.30768,-0.27549,-0.33304,0.4195,0.028185,0.09252,0.040731,0.88808,1.0891,0.47261,0.51718,-0.20562,0.021084,-0.050272,0.52151,-0.17466,0.11906,0.48385,0.34938,-0.24633,0.035094,0.94002,0.98412,0.75596,0.73522,0.50922,0.35052,-0.21252,-0.18207,-0.52569,-0.61348,-0.58171,-0.18651,-0.38849,-0.48938,-0.036539,-0.30089,-0.35324,-0.37416,0.39255,0.33638,0.035436,0.12069,0.17276,0.15985,0.11499,-0.36098,-0.14726,-0.052337,-0.025529,0.25597,-0.093342,0.11295,-0.045716,0.24822,0.47249,-0.27444
0.13639,0.52174,-0.17137,0.082034,-0.52904,0.26819,-0.21943,0.41656,0.23027,0.43886,-0.2688,0.027852,0.14199,0.23413,-0.22713,0.11933,-0.0017641,-0.058715,0.10901,-0.045977,0.37156,0.28477,0.22188,0.12097,-0.0011877,0.48488,0.21846,0.17298,0.24593,0.2248,0.16559,0.6333,0.034504,0.2243,-0.081753,0.39924,-0.46149,0.12328,-0.51109,-0.018204,-0.001177,0.18283,0.91849,0,0.17346,0.36084,0.36072,0.4085,0.57273,-0.12851,0.0089615,0.84686,0.097872,0.65714,0.36467,0.87674,0.91891,0.42155,0.54296,-0.17708,0.52411,-0.20801,0.49301,-0.271,0.46601,0.46377,0.42739,-0.61147,-0.15215,0.728,0.82949,0.49583,0.61041,0.31329,0.32716,-0.36663,0.091993,-0.18912,-0.16751,-0.30592,-0.010451,-0.14814,-0.10175,0.16888,-0.022031,-0.14991,-0.18844,0.37381,0.3656,0.19935,0.3267,0.21398,0.53945,0.4088,0.23474,0.1612,0.35509,0.2826,0.64797,-0.092529,0.14934,0.12343,0.57791,0.84617,0.3037
-0.031563,0.35162,0.20775,0.15723,-0.27469,-0.015312,-0.12879,0.098927,0.098015,0.61427,0.091646,0.28995,0.28211,0.047375,0.16287,0.1966,0.047768,0.34514,0.41466,0.16727,0.22497,0.19545,0.31834,0.29477,0.0060427,-0.09056,0.15366,0.065911,-0.23907,-0.0593,1.2025,0.94298,0.058786,-0.15686,0.34334,0.1985,-0.058405,-0.1958,-0.05596,0.095138,-0.0019141,0.39963,0.23268,0.17346,0,0.94173,-0.23451,-0.26583,0.29628,-0.14148,-0.12169,0.00063813,-0.20644,0.16694,0.14007,0.3386,-0.052006,-0.32278,-0.26832,0.37942,0.67043,0.38368,0.35294,0.40152,0.39733,-0.22617,-0.22032,-0.24143,0.061091,0.31774,0.050444,0.50195,0.42991,0.36619,0.16724,-0.14033,0.23011,0.17527,-0.13203,-0.27176,-0.33983,0.11297,0.019383,0.28984,-0.034779,0.15185,-0.14969,-0.23611,-0.46838,-0.17685,-0.28091,-0.20801,0.049492,-0.041486,0.056371,0.14544,0.067203,0.094066,0.2066,0.34665,0.41813,0.05144,0.15687,-0.13192,0.028866
