,,,,,,,,,,,,,,,,,,,,,,,,,,,,,,,,,,,,,,,,,,,,,,,,,,,,,,,,,,,,,,,,,,,,,,,,,,,,,,,,,,,,,,,,,,,,,,,,,,,,,,,,
0,0.26838,-0.012819,0.14222,0.49294,-0.14906,0.97402,0.14741,0.93265,0.038202,0.13006,-0.24961,-0.13768,-0.020943,-0.18173,-0.31262,-0.16467,-0.098303,0.23858,0.28728,-0.098083,-0.11843,0.31754,-0.035484,0.45515,0.23446,0.18914,0.12381,0.21122,0.39921,-0.095405,0.022009,-0.54886,-0.16851,0.13275,0.18357,0.016879,0.18857,0.61379,0.46129,0.83592,0.0050955,0.30267,-0.023821,-0.072759,0.13552,-0.23798,-0.15282,-0.44491,-0.14676,-0.14974,-0.3088,0.77182,-0.014102,-0.024454,0.23331,0.14476,-0.0049712,-0.015543,0.64325,-0.1376,-0.19873,-0.2654,-0.025083,-0.036062,-0.07765,-0.16105,0.17566,0.26693,0.089284,0.042618,0.068596,0.054646,0.043128,-0.040414,0.46653,0.20698,-0.18646,-0.015097,-0.23559,0.0044389,-0.05913,0.0161,0.17981,0.21708,0.039339,0.24772,-0.1075,-0.10177,-0.084781,-0.12184,0.06905,-0.30602,0.444,-0.12752,-0.19129,-0.18559,-0.36318,-0.08994,-0.168,-0.053185,-0.23241,-0.10358,-0.088595,-0.075031
0.26838,0,0.20043,0.44568,-0.087953,0.52993,-0.25574,0.75902,0.31637,0.99123,0.31376,0.58442,0.25957,0.3716,0.007348,0.44537,0.21028,0.36543,0.45649,0.076232,0.3259,0.14118,0.37032,0.30327,-0.016377,0.44115,0.59524,0.16854,-0.067565,0.36288,0.28283,0.60111,-0.17631,0.010758,-0.19513,0.61743,-0.29185,0.0076399,-0.10378,0.67412,0.23445,0.59661,0.11576,0.52406,0.40142,0.64992,-0.18406,-0.12951,-0.12369,-0.046789,0.10741,0.078264,0.42208,0.83149,0.58179,0.26391,0.10381,-0.11976,-0.023267,0.51387,0.9871,-0.43906,-0.042002,-0.1469,0.15589,-0.15437,-0.087352,-0.21879,0.28407,0.12039,0.082196,0.13413,0.2859,0.10219,0.10199,-0.094219,0.65982,0.049635,0.052001,-0.19611,-0.17458,0.28395,0.28337,0.41519,0.22534,0.12935,-0.030797,-0.17141,-0.082116,0.12365,0.092883,-0.040366,0.30141,0.57609,0.56746,0.32077,0.31727,0.070775,0.24996,-0.33942,-0.16692,-0.47973,0.34624,0.32082,0.31264
-0.012819,0.20043,0,1.5859,0.21621,0.28499,-0.040677,0.35216,0.29242,0.058562,0.57483,0.50471,0.88231,0.82375,0.50641,0.065494,0.90127,0.67977,0.76566,0.4096,0.068602,-0.069283,-0.15504,-0.015664,0.12719,0.34196,-0.21359,0.031872,0.23569,0.017898,0.037604,0.33929,0.45134,0.61056,-0.073972,0.24659,0.68935,0.69395,0.2189,0.56995,-0.11449,0.028847,-0.4861,-0.098485,0.28017,0.9245,0.26507,0.29786,-0.28822,0.18934,0.2231,0.079212,0.33548,0.21283,0.91164,-0.52088,-0.32436,-0.017777,0.0746,0.37192,0.26045,-0.035488,0.094216,0.45771,0.43721,0.080694,0.3691,0.12636,0.28747,0.20649,0.065004,0.2341,0.37347,0.16624,0.59404,0.75127,0.84807,1.4675,1.0878,0.64794,0.50503,1.333,1.672,1.0727,0.95804,1.1659,0.67722,0.21415,0.086676,0.24752,0.56903,0.54133,0.81933,0.096528,0.46253,0.8333,0.63417,0.65237,0.45351,0.063139,-0.091507,0.35483,0.39105,-0.065747,0.75703
0.14222,0.44568,1.5859,0,0.20507,0.34415,-0.039255,0.4824,0.43913,0.15069,0.57032,0.49835,0.73162,0.87101,0.36588,0.13419,0.77221,0.62005,0.8405,0.32503,0.008779,-0.091283,-0.12075,-0.017114,0.12361,0.44142,-0.094931,0.08925,0.30294,0.20489,-0.087134,0.32017,0.23818,0.62447,-0.18842,0.47448,0.51319,0.76813,0.22283,0.75594,0.015972,0.025262,-0.40232,0.022933,0.15157,0.88261,0.23383,0.27397,-0.41447,0.1246,0.20454,0.059565,0.55047,0.39985,1.1457,-0.39229,-0.18193,0.0098374,0.08681,0.41695,0.32325,-0.20119,0.065414,0.25823,0.3356,0.10401,0.34792,0.15665,0.38152,0.18565,0.1072,0.17699,0.39091,0.16598,0.55363,0.70547,1.2052,1.1045,1.0574,0.55117,0.54572,1.2537,1.7726,1.2546,1.1749,1.1248,0.7788,0.16912,0.17302,0.26558,0.59482,0.5105,0.8025,0.25021,0.5305,0.76097,0.63308,0.55162,0.39915,-0.13894,-0.17118,0.161,0.39816,0.038012,0.63161
0.49294,-0.087953,0.21621,0.20507,0,0.12825,0.60704,0.10715,0.37048,-0.036534,0.77697,0.20699,0.43662,0.33917,0.13945,-0.29725,0.045034,-0.053285,0.051614,-0.14817,-0.43757,-0.28434,0.12941,0.023768,0.46695,0.15408,0.15922,0.32313,0.051829,0.021882,0.024462,-0.16564,0.16495,0.15363,0.28889,0.03662,0.51342,0.33556,0.66734,0.52509,0.3177,0.12888,-0.2832,-0.43914,-0.093863,0.24255,-0.33975,-0.32405,-0.24519,0.53337,0.41819,-0.29615,0.61637,0.045027,-0.012132,-0.33476,-0.32286,-0.25958,-0.32058,0.36264,-0.21664,-0.2008,-0.42848,0.089344,-0.47969,-0.25604,-0.26261,0.358,0.17416,-0.01146,-0.48306,-0.19095,-0.25997,-0.14416,-0.072876,0.54961,0.42562,0.26421,0.35777,0.49702,0.54202,0.24497,0.23303,0.06287,0.14628,0.35977,0.45648,-0.33032,-0.32296,-0.19227,-0.14949,0.14751,0.0042386,0.17324,0.14813,0.085021,0.06947,-0.1333,0.10015,-0.1507,-0.26262,0.021322,-0.1044,-0.21813,0.0095261
-0.14906,0.52993,0.28499,0.34415,0.12825,0,-0.41678,1.2883,-0.16585,0.41258,0.28625,0.84074,0.776,0.95717,0.016447,0.17199,0.4921,0.44001,0.2235,-0.06189,0.42307,0.25849,0.36711,0.63109,-0.0116,0.35222,0.51819,0.26882,-0.051252,-0.12361,0.09448,0.40516,0.70099,0.77321,-0.58225,0.15474,-0.10021,0.17779,-0.56516,0.16177,-0.31197,0.54286,-0.29822,0.6128,0.076684,0.34541,-0.0093893,0.0023514,0.47507,0.45532,0.68516,0.61182,0.24466,1.2618,0.40645,0.1391,-0.10706,-0.27264,-0.18145,-0.042747,0.94475,-0.40737,0.052437,0.032226,0.2487,-0.065987,0.030628,-0.29757,-0.10697,0.15673,-0.22031,-0.11746,-0.065498,-0.16667,-0.029474,-0.18857,0.47844,0.30514,0.45051,0.44212,0.44082,0.37692,0.39538,0.23194,0.28922,0.34619,0.25614,-0.18446,-0.11268,-0.038939,0.1132,0.23857,0.83644,0.49799,1.2783,0.27721,0.48464,0.35683,0.57113,0.011252,0.10172,0.10901,0.60795,0.6751,0.68403
0.97402,-0.25574,-0.040677,-0.039255,0.60704,-0.41678,0,-0.10346,0.57221,-0.25012,0.1315,-0.41592,-0.078629,-0.13341,-0.18779,-0.37972,-0.28749,-0.22422,0.011064,0.44672,-0.31753,-0.15902,0.17323,-0.12191,0.56999,-0.06327,-0.17607,0.021051,0.47405,0.35144,0.0448,-0.16754,-0.33265,-0.17409,0.43061,0.030119,0.25058,0.080579,0.89874,0.12038,0.66861,-0.21087,0.36013,-0.27688,-0.065953,0.018668,-0.071487,-0.073628,-0.27613,-0.10491,-0.20787,-0.28599,0.43517,-0.39781,-0.31171,-0.038229,-0.0048766,0.13458,0.06316,0.33819,-0.57214,0.22844,-0.083869,0.17613,-0.051445,0.064143,-0.03269,0.14143,-0.0097001,0.24232,0.079138,0.30742,0.11737,0.2011,0.13795,0.62886,-0.063538,-0.078605,0.0075881,-0.15193,0.02747,-0.13791,-0.089391,0.044048,0.17571,0.057424,0.26883,0.072662,0.0031733,-0.039955,-0.059899,0.11921,-0.40393,0.29162,-0.40446,-0.2152,-0.23429,-0.31889,-0.16056,-0.013258,-0.06597,0.020496,-0.3664,-0.28959,-0.30316
0.14741,0.75902,0.35216,0.4824,0.10715,1.2883,-0.10346,0,0.054582,0.46155,0.23611,0.57021,0.73684,0.7823,-0.061327,0.19257,0.46624,0.52464,0.42333,0.24526,0.40537,0.3724,0.47791,0.68066,0.10531,0.34216,0.45538,0.30038,0.26494,0.22403,0.22538,0.64246,0.41872,0.62543,-0.43141,0.4148,-0.06415,0.21055,-0.2993,0.24734,-0.043132,0.50193,0.014933,0.81925,0.22623,0.49532,0.20591,0.22519,0.39875,0.29883,0.55577,0.65136,0.33321,1.2008,0.48508,0.29245,0.095656,-0.0038011,0.044093,0.050814,0.83993,-0.33126,0.20923,0.012854,0.41694,0.19111,0.26703,-0.40625,-0.1236,0.38347,0.075525,0.26085,0.33241,0.19708,0.31364,-0.08229,0.46173,0.26392,0.38265,0.22253,0.2647,0.4591,0.45692,0.51846,0.51037,0.39745,0.33993,0.075137,0.13229,0.18657,0.30731,0.37781,0.80655,0.72658,0.79166,0.27918,0.51701,0.42734,0.58035,0.046293,0.16232,0.07629,0.51641,0.76912,0.65508
0.93265,0.31637,0.29242,0.43913,0.37048,-0.16585,0.57221,0.054582,0,0.041933,0.46962,-0.020304,-0.045936,0.15057,-0.094342,-0.32708,-0.17178,-0.041606,0.30205,0.37214,-0.32938,-0.60624,-0.11613,-0.35489,0.53414,0.5277,-0.1305,-0.27352,0.10006,0.50999,-0.075829,0.13814,-0.53019,-0.079268,0.32177,0.57679,0.32991,0.55658,0.76693,0.71314,0.35254,-0.26063,0.26105,-0.080422,0.024227,0.4339,-0.13565,-0.094068,-0.93857,-0.26497,-0.38376,-0.52485,0.9999,-0.056085,0.38133,0.010789,0.25584,0.1713,0.28167,0.93299,-0.14183,-0.26351,-0.44879,-0.11295,-0.056655,-0.025451,0.036519,0.37184,0.41992,0.15988,0.26957,0.17224,0.2409,0.16947,0.070964,0.80192,0.50593,0.032829,0.16522,-0.18552,0.023143,0.061056,0.2455,0.23045,0.27926,0.17935,0.26577,0.076557,-0.0089803,-0.090016,-0.0658,0.24638,-0.16376,0.3131,0.025156,0.040542,-0.1558,-0.23827,-0.037859,-0.52738,-0.41114,-0.28515,-0.11432,-0.31835,-0.045339
0.038202,0.99123,0.058562,0.15069,-0.036534,0.41258,-0.25012,0.46155,0.041933,0,0.25336,0.67768,0.39685,0.40068,0.27126,0.89943,0.22608,0.37904,0.47352,0.1333,0.55261,0.41787,0.7428,0.6313,0.10219,0.50609,0.94297,0.50313,-0.12449,0.06706,0.54804,0.51266,-0.0044774,-0.16393,-0.034179,0.15645,-0.39255,-0.43288,-0.17764,0.41579,0.24301,1.1023,0.075882,0.34621,0.5499,0.63124,-0.43724,-0.40964,0.086573,0.28796,0.32613,0.069495,0.16836,0.54284,0.3285,0.16666,-0.13703,-0.28805,-0.26859,0.46909,0.96426,-0.10706,-0.10286,-0.076493,0.034606,-0.34264,-0.33016,-0.22405,0.092746,0.072103,-0.10638,0.06673,0.11042,0.054644,-0.0059549,-0.2577,0.40537,0.087098,0.0075793,-0.10063,-0.1506,0.2084,0.14954,0.28216,0.13201,0.15442,-0.039678,-0.38491,-0.36974,0.09961,-0.10228,-0.13748,0.20869,0.54074,0.47663,0.44552,0.44032,0.066074,0.32256,-0.24392,-0.1351,-0.25093,0.36961,0.22153,0.25945
0.13006,0.31376,0.57483,0.57032,0.77697,0.28625,0.1315,0.23611,0.46962,0.25336,0,0.81687,0.63899,0.61628,0.28005,0.020236,0.24814,0.23761,0.10939,-0.0081235,-0.26761,-0.456,-0.088099,-0.089464,0.3905,0.28623,0.075302,-0.035886,-0.16365,0.040149,0.19776,0.081426,0.16255,0.20427,0.18021,0.37709,0.45301,0.40251,0.46092,0.92219,0.1529,0.19807,-0.33931,-0.28893,0.19869,0.72712,-0.29235,-0.26748,-0.46423,0.27071,0.19248,-0.40741,0.67905,0.27484,0.38242,-0.58398,-0.36008,-0.1695,-0.090016,0.66071,0.15371,-0.36614,-0.49451,0.0047905,-0.32422,-0.35217,-0.14528,0.13816,0.21657,-0.073688,-0.32479,-0.039316,0.01188,-0.10213,0.097629,0.62534,1.018,0.59919,0.59015,0.41012,0.30207,0.39778,0.50116,0.23597,0.20312,0.4284,0.21985,-0.21215,-0.244,0.022474,0.11332,0.092766,0.25553,0.20039,0.50946,0.48069,0.3089,0.040468,0.27176,-0.54105,-0.7168,-0.16805,-0.022336,-0.3805,0.21269
-0.24961,0.58442,0.50471,0.49835,0.20699,0.84074,-0.41592,0.57021,-0.020304,0.67768,0.81687,0,0.92245,1.0115,0.40409,0.38339,0.55876,0.48203,0.2801,0.0035292,0.31156,0.015146,0.1659,0.31858,-0.015273,0.3144,0.47059,0.14272,-0.36408,-0.14298,0.28153,0.32075,0.53257,0.40615,-0.22281,0.21887,0.062444,0.13896,-0.18375,0.62701,-0.13859,0.63538,-0.53509,0.079172,0.33618,0.7101,-0.30313,-0.26574,0.037508,0.35167,0.4421,0.091206,0.30165,0.66927,0.48867,-0.37295,-0.50458,-0.42641,-0.31478,0.38028,0.88241,-0.27066,-0.094653,0.067192,0.050909,-0.46514,-0.23148,-0.14052,0.11843,-0.06414,-0.40419,-0.11725,-0.14936,-0.22611,-0.030744,0.11797,0.83909,0.67827,0.61781,0.41329,0.25336,0.41317,0.49756,0.25609,0.22936,0.43252,0.12385,-0.34188,-0.3485,0.06838,0.12539,-0.025754,0.58045,0.42461,1.3251,0.70185,0.63739,0.24641,0.43733,-0.32589,-0.32361,-0.10713,0.28952,0.11624,0.45926
-0.13768,0.25957,0.88231,0.73162,0.43662,0.776,-0.078629,0.73684,-0.045936,0.39685,0.63899,0.92245,0,1.2665,0.47339,0.32204,0.89556,0.59923,0.50337,0.23452,0.22947,0.25923,0.23319,0.47366,0.095723,0.30305,0.25161,0.465,0.18285,-0.032903,0.28581,0.35466,0.87939,0.6276,-0.14886,0.10564,0.34384,0.26433,-0.069935,0.36654,-0.16551,0.44479,-0.41722,0.14586,0.2866,0.77735,0.12209,0.12437,0.192,0.69257,0.8454,0.40509,0.24093,0.54392,0.53416,-0.41012,-0.4018,-0.11713,-0.1042,0.15477,0.5019,-0.075961,0.093624,0.28426,0.24528,0.026176,0.19461,-0.1914,-0.052403,0.30654,-0.15854,0.18821,0.19142,0.12925,0.46913,0.28915,0.70675,1.0789,0.89702,0.7569,0.58612,0.94185,0.89202,0.65712,0.63233,0.8441,0.53936,0.02347,-0.022804,0.31275,0.44705,0.34476,0.91062,0.42816,0.78311,0.86328,0.90422,0.58447,0.72738,0.099022,-0.08327,0.40552,0.49462,0.19454,0.69543
-0.020943,0.3716,0.82375,0.87101,0.33917,0.95717,-0.13341,0.7823,0.15057,0.40068,0.61628,1.0115,1.2665,0,0.35907,0.26171,0.86559,0.55006,0.59379,0.25198,0.33879,0.12097,0.25867,0.39882,0.23379,0.57933,0.32495,0.34077,0.070914,-0.096564,-0.020152,0.23044,0.64469,0.86545,-0.41392,0.15334,0.18427,0.40449,-0.14527,0.50284,-0.087385,0.40514,-0.52182,0.20469,0.056504,0.66374,-0.035599,-0.0047896,0.016433,0.555,0.6282,0.28483,0.55876,0.72437,0.75681,-0.3362,-0.36275,-0.23532,-0.17297,0.32599,0.63143,-0.29029,-0.086732,0.15572,0.21424,-0.14377,0.055866,-0.058142,0.053722,0.12596,-0.21961,-0.083009,-0.0087548,-0.12561,0.16033,0.36548,0.98518,0.96034,1.2269,0.75784,0.77272,0.73056,0.9685,0.61649,0.82613,0.92072,0.70091,-0.12513,-0.11358,0.15327,0.34459,0.3547,0.89406,0.54735,1.2016,0.81436,0.863,0.44431,0.74378,-0.21721,-0.18863,0.26773,0.54959,0.25291,0.77697
-0.18173,0.007348,0.50641,0.36588,0.13945,0.016447,-0.18779,-0.061327,-0.094342,0.27126,0.28005,0.40409,0.47339,0.35907,0,0.47606,0.67244,0.58503,0.40835,0.18274,0.32806,0.31142,0.11399,0.20833,0.10664,0.33134,0.29088,0.29362,-0.12398,-0.41377,-0.002158,0.1579,0.40689,0.22812,0.029996,-0.21606,0.28855,0.058269,-0.0038871,0.33129,0.083393,0.3454,-0.51023,-0.26568,0.14962,0.35739,-0.0066972,0.040037,-0.15408,0.56405,0.4976,-0.14448,-0.12275,-0.1347,0.19176,-0.46526,-0.33713,-0.087528,-0.1454,0.19802,0.13557,0.21519,-0.093722,0.152,0.051959,-0.12268,-0.026806,0.24142,0.15466,-0.27034,-0.20612,-0.14278,-0.068221,-0.18087,0.17924,0.18548,0.28725,0.68829,0.51882,0.61888,0.39333,0.52549,0.53185,0.48921,0.31986,0.53823,0.34032,-0.012984,-0.15333,0.30388,0.28181,0.26076,0.41103,-0.052509,0.1533,0.47707,0.39364,0.30293,0.088206,0.080743,-0.069335,0.38942,0.37526,-0.14638,0.4869
-0.31262,0.44537,0.065494,0.13419,-0.29725,0.17199,-0.37972,0.19257,-0.32708,0.89943,0.020236,0.38339,0.32204,0.26171,0.47606,0,0.39091,0.40272,0.25211,0.1287,0.55838,0.69283,0.38698,0.45993,-0.090305,0.2722,0.55375,0.58242,0.1156,-0.069994,0.16356,0.19897,0.051781,-0.11991,-0.22857,-0.033174,-0.40383,-0.50084,-0.38689,0.060048,0.15158,0.59835,0.0085653,0.32059,0.16582,0.21647,-0.0070826,0.036021,0.14643,0.26819,0.34631,0.23703,-0.12162,0.34445,0.24016,-0.073278,-0.059003,0.071471,-0.01898,0.0081972,0.4918,0.050534,0.10707,-0.15832,0.0634,0.022626,0.035437,-0.36345,-0.10479,-0.040103,0.082888,0.087997,0.2329,0.097329,0.28453,-0.31385,0.20417,0.23452,0.079558,0.032228,-0.077432,0.2546,0.19939,0.36887,0.19347,0.11915,-0.035382,0.0081346,0.096798,0.50558,0.34761,-0.037807,0.32628,0.30174,0.21916,0.57175,0.6509,0.36051,0.30346,-0.15674,-0.14108,0.036964,0.40144,0.21827,0.30278
-0.16467,0.21028,0.90127,0.77221,0.045034,0.4921,-0.28749,0.46624,-0.17178,0.22608,0.24814,0.55876,0.89556,0.86559,0.67244,0.39091,0,0.80638,0.59151,0.26508,0.59996,0.53738,0.17917,0.42542,-0.026209,0.28634,0.26442,0.49375,0.026503,-0.27966,-0.052102,0.20049,0.65698,0.59592,-0.5825,-0.19036,0.075019,0.20614,-0.32372,0.26413,-0.0054799,0.41377,-0.64585,0.10768,0.12916,0.43174,0.21012,0.31248,0.11577,0.56549,0.7056,0.33756,0.03989,0.43635,0.56899,-0.40715,-0.40267,-0.11286,-0.13474,0.098076,0.50545,-0.18772,0.086993,0.17412,0.34132,0.027562,0.23094,-0.28969,-0.12769,-0.074195,-0.1642,-0.040455,0.12502,-0.050687,0.41702,0.16344,0.53364,1.0947,1.0134,0.80016,0.54185,0.98202,1.0107,0.86759,0.74357,0.7694,0.49858,0.069722,0.072067,0.59843,0.73976,0.26558,0.98939,0.10667,0.53654,0.97374,1.1557,0.7203,0.76261,0.17342,0.070928,0.63805,0.67507,0.13643,1.1132
-0.098303,0.36543,0.67977,0.62005,-0.053285,0.44001,-0.22422,0.52464,-0.041606,0.37904,0.23761,0.48203,0.59923,0.55006,0.58503,0.40272,0.80638,0,0.68468,0.53565,0.47014,0.50322,0.26372,0.71855,0.29984,0.3697,0.25379,0.21862,0.067277,-0.26254,0.26958,0.63965,0.3565,0.3817,-0.38552,-0.045285,0.13917,0.036832,-0.19931,0.23823,-0.024991,0.44183,-0.3887,0.082778,0.49909,0.68465,0.067939,0.16669,0.1149,0.30811,0.39355,0.10279,-0.034885,0.38243,0.35099,-0.082413,-0.26657,-0.13568,-0.13749,0.15274,0.51252,0.060392,0.10534,0.16755,0.48347,0.044964,0.18959,-0.16722,-0.19842,-0.10528,-0.080862,0.19169,0.34145,0.197,0.45594,0.046552,0.41189,0.69986,0.64902,0.48331,0.27907,0.79792,0.82902,0.82948,0.64239,0.75673,0.54596,-0.0040504,-0.056928,0.24077,0.25942,0.56391,0.83567,0.21528,0.47232,0.35482,0.51434,0.61319,0.22036,0.24022,0.2743,0.44646,0.38882,0.11181,0.79336
0.23858,0.45649,0.76566,0.8405,0.051614,0.2235,0.011064,0.42333,0.30205,0.47352,0.10939,0.2801,0.50337,0.59379,0.40835,0.25211,0.59151,0.68468,0,0.52466,0.34087,0.27901,0.42226,0.40791,0.30421,0.48642,0.19033,0.36895,0.26857,0.048739,0.15489,0.44183,0.11297,0.30856,-0.10381,0.16381,0.18698,0.19004,0.16163,0.53564,0.20143,0.40487,-0.25992,0.035207,0.43135,0.84341,-0.0070928,0.020089,-0.17016,0.25239,0.28043,0.050026,0.27688,0.24138,0.74067,-0.031028,-0.2406,-0.20174,-0.19036,0.49196,0.46864,0.064155,0.092437,0.37184,0.4307,-0.057164,0.056684,0.23446,0.33633,0.14765,0.011953,0.15038,0.30061,0.23264,0.3339,0.30441,0.53468,0.5776,0.53011,0.30828,0.30098,0.89224,0.90815,1.0648,1.0714,1.0653,0.82334,-0.079412,-0.14545,0.066216,0.13789,0.39557,0.46116,0.29023,0.2976,0.48876,0.44148,0.34613,0.26286,0.084328,0.16194,0.15442,0.34355,0.20351,0.53245
0.28728,0.076232,0.4096,0.32503,-0.14817,-0.06189,0.44672,0.24526,0.37214,0.1333,-0.0081235,0.0035292,0.23452,0.25198,0.18274,0.1287,0.26508,0.53565,0.52466,0,0.36414,0.25939,0.21678,0.25302,0.47623,0.30493,-0.12014,-0.095542,0.43139,0.18946,0.23,0.41787,-0.034721,0.089887,0.028586,0.084807,0.12516,0.032765,0.17083,0.067497,0.18981,0.0041458,0.25558,0.14539,0.34785,0.43791,0.23495,0.28557,-0.066432,-0.15387,-0.17791,0.075649,0.13814,-0.13244,0.15819,-0.011927,0.027935,0.27428,0.30386,0.34338,0.054311,0.3927,0.22141,0.25528,0.77877,0.2654,0.35654,-0.20945,-0.21847,0.3415,0.45477,0.71071,0.568,0.46727,0.5584,0.41918,0.045978,0.33736,0.32976,-0.10328,-0.067246,0.21366,0.35467,0.51449,0.59053,0.37371,0.3638,0.39503,0.17703,0.30409,0.28601,0.49392,0.20036,0.50892,0.040687,0.22829,0.19787,0.23302,0.10486,0.11032,0.11389,0.35981,0.082763,-0.023553,0.28651
-0.098083,0.3259,0.068602,0.008779,-0.43757,0.42307,-0.31753,0.40537,-0.32938,0.55261,-0.26761,0.31156,0.22947,0.33879,0.32806,0.55838,0.59996,0.47014,0.34087,0.36414,0,0.91058,0.74476,0.68223,-0.013656,0.28059,0.65659,0.36436,-0.10276,-0.40237,0.08974,0.32163,0.30132,0.17416,-0.56839,-0.38445,-0.57133,-0.3929,-0.70858,-0.093702,0.14242,0.77928,-0.077215,0.50095,0.19401,0.10497,-0.059593,0.024868,0.46777,0.21794,0.31725,0.43223,-0.15416,0.36914,0.1168,0.25043,-0.14566,-0.21065,-0.19485,0.06608,0.80879,0.0028424,0.15303,0.095455,0.50608,-0.16118,-0.095511,-0.47,-0.20149,-0.095439,-0.076578,-0.077678,-0.042566,-0.22967,-0.067466,-0.36384,-0.046929,0.13547,0.14932,0.047153,-0.027924,0.090958,0.113,0.27159,0.21473,0.10441,-0.03077,-0.10406,-0.17952,0.23916,0.18442,-0.0049382,0.37967,0.27212,0.36168,0.31505,0.49799,0.30536,0.46936,0.17645,0.30659,0.24637,0.61157,0.44062,0.73206
-0.11843,0.14118,-0.069283,-0.091283,-0.28434,0.25849,-0.15902,0.3724,-0.60624,0.41787,-0.456,0.015146,0.25923,0.12097,0.31142,0.69283,0.53738,0.50322,0.27901,0.25939,0.91058,0,0.75246,1.0759,-0.088156,0.045278,0.62977,0.82685,0.1945,-0.18853,0.21304,0.29205,0.30139,0.065321,-0.44431,-0.45412,-0.49672,-0.58776,-0.62968,-0.36232,0.15023,0.63998,0.033255,0.4471,0.19897,-0.033417,0.17238,0.21894,0.75401,0.46661,0.63601,0.5993,-0.46218,0.286,-0.097552,0.27474,-0.050285,-0.0013695,-0.16558,-0.31875,0.42247,0.20039,0.36971,-0.0031421,0.34261,0.21114,0.11101,-0.60982,-0.54456,0.037817,0.0012973,0.14477,0.1791,0.16939,0.27757,-0.58606,-0.23104,0.068976,0.034517,0.12568,0.039808,0.21314,0.066298,0.36072,0.23548,0.10877,0.11227,0.043659,0.092912,0.5108,0.28103,0.062906,0.37499,0.20136,0.026311,0.1878,0.5057,0.3847,0.34912,0.52756,0.58044,0.53361,0.50413,0.47191,0.42285
0.31754,0.37032,-0.15504,-0.12075,0.12941,0.36711,0.17323,0.47791,-0.11613,0.7428,-0.088099,0.1659,0.23319,0.25867,0.11399,0.38698,0.17917,0.26372,0.42226,0.21678,0.74476,0.75246,0,1.0295,0.4018,0.23997,0.91603,0.70034,0.11186,-0.19139,0.3564,0.24063,0.1013,0.030711,-0.16994,-0.27241,-0.50379,-0.58359,-0.17023,0.048457,0.56216,1.1582,0.091049,0.29572,0.29048,0.22219,-0.39387,-0.39682,0.4011,0.48443,0.49348,0.16387,0.08137,0.34877,-0.098088,0.39548,-0.22209,-0.40709,-0.48811,0.23239,0.5566,0.051981,-0.056096,0.15775,0.090519,-0.31524,-0.42944,-0.18195,-0.1293,0.018899,-0.32916,-0.079738,-0.085399,-0.12917,-0.17124,-0.30488,0.012737,-0.099891,-0.013499,0.03716,0.074752,0.059833,-0.024466,0.20434,0.22621,0.18662,0.18998,-0.48059,-0.47592,-0.076889,-0.21131,-0.063732,0.080479,0.43457,0.16023,0.012581,0.20339,-0.079377,0.27041,0.13247,0.26007,0.03329,0.31743,0.36139,0.28104
-0.035484,0.30327,-0.015664,-0.017114,0.023768,0.63109,-0.12191,0.68066,-0.35489,0.6313,-0.089464,0.31858,0.47366,0.39882,0.20833,0.45993,0.42542,0.71855,0.40791,0.25302,0.68223,1.0759,1.0295,0,0.26693,0.2216,0.81464,0.72557,0.04133,-0.25416,0.43914,0.43941,0.38315,0.20193,-0.412,-0.3038,-0.36893,-0.48497,-0.48375,-0.12453,0.087985,0.93031,-0.099059,0.36191,0.38472,0.25168,-0.14043,-0.10975,0.71152,0.67445,0.80076,0.38007,-0.17941,0.53771,-0.044145,0.30743,-0.19751,-0.27694,-0.39539,-0.087135,0.62473,0.04896,0.088688,-0.0021588,0.20468,-0.042498,-0.11356,-0.41632,-0.5443,-0.0036614,-0.27603,0.048278,0.06264,0.12434,0.096086,-0.49285,0.017687,0.10852,0.17886,0.26826,0.19227,0.26282,0.15776,0.29014,0.2775,0.30319,0.31671,-0.28505,-0.23445,0.1298,-0.069478,0.16048,0.4304,0.39074,0.35607,0.087363,0.39558,0.24123,0.32816,0.33571,0.46881,0.37816,0.3722,0.43916,0.42044
0.45515,-0.016377,0.12719,0.12361,0.46695,-0.0116,0.56999,0.10531,0.53414,0.10219,0.3905,-0.015273,0.095723,0.23379,0.10664,-0.090305,-0.026209,0.29984,0.30421,0.47623,-0.013656,-0.088156,0.4018,0.26693,0,0.43302,0.058074,0.031816,0.19191,-0.19717,0.058636,0.0025447,-0.1613,0.07453,0.094425,-0.021894,0.14456,0.013709,0.43039,0.27199,0.50285,0.16938,0.026091,-0.19891,0.054133,0.29701,-0.26453,-0.23374,-0.29606,0.26668,0.055863,-0.5083,0.47496,-0.052098,-0.0082923,-0.0012542,-0.06226,-0.030292,-0.0449,0.49266,-0.15725,-0.071276,-0.62116,-0.010067,-0.17348,-0.1435,-0.11601,0.28272,-0.098102,-0.17729,-0.16459,-0.048867,0.085018,-0.01465,-0.00057004,0.36285,0.20027,0.088018,0.28655,0.21386,0.26414,0.089955,0.21778,0.18234,0.34518,0.39714,0.53402,-0.16799,-0.24824,-0.20152,-0.2008,0.42923,-0.023292,0.17322,-0.025667,-0.11566,-0.09245,-0.12118,0.0054821,-0.27943,-0.20823,0.08754,-0.13388,-0.25398,0.16978
0.23446,0.44115,0.34196,0.44142,0.15408,0.35222,-0.06327,0.34216,0.5277,0.50609,0.28623,0.3144,0.30305,0.57933,0.33134,0.2722,0.28634,0.3697,0.48642,0.30493,0.28059,0.045278,0.23997,0.2216,0.43302,0,0.41123,0.20449,0.098937,0.078387,-0.050368,0.46169,0.085714,0.25453,-0.024228,0.23599,0.13337,0.28438,-0.0032101,0.42251,0.037265,0.25607,0.027257,0.31392,0.028191,0.4675,-0.12994,-0.089445,-0.2304,0.34332,0.21338,0.013276,0.51707,0.32126,0.64929,0.16508,0.22584,-0.020166,0.063139,0.45728,0.36457,-0.20591,-0.30512,-0.13546,0.11128,0.0097387,0.063826,0.19311,0.17478,0.16111,0.20221,-0.041092,0.10096,-0.031072,-0.0023845,0.1703,0.48023,0.20579,0.36768,0.24557,0.39134,0.34844,0.4801,0.41646,0.43522,0.42159,0.4384,-0.041714,-0.12345,-0.019568,-0.014157,0.61073,0.48298,0.36031,0.44499,0.37346,0.33529,0.26882,0.35444,-0.30437,-0.10997,0.18037,0.72031,0.16252,0.56476
0.18914,0.59524,-0.21359,-0.094931,0.15922,0.51819,-0.17607,0.45538,-0.1305,0.94297,0.075302,0.47059,0.25161,0.32495,0.29088,0.55375,0.26442,0.25379,0.19033,-0.12014,0.65659,0.62977,0.91603,0.81464,0.058074,0.41123,0,0.80168,-0.29619,-0.15014,0.17034,0.26348,0.12417,-0.01201,-0.29934,-0.15281,-0.51304,-0.3757,-0.35499,0.24366,0.35657,1.1619,-0.091504,0.32471,0.12021,0.11259,-0.49627,-0.39612,0.30812,0.56711,0.66826,0.14486,0.13274,0.60162,0.024453,0.30795,-0.1128,-0.41327,-0.51808,0.19622,0.73166,-0.27177,-0.17049,-0.29486,-0.16645,-0.38157,-0.48446,-0.21688,-0.073344,-0.21159,-0.40385,-0.31973,-0.30992,-0.27199,-0.32163,-0.45276,0.18019,-0.085437,0.014073,0.093885,0.096285,-0.0025016,-0.050471,0.079163,-0.0043602,0.0074867,0.0088684,-0.54259,-0.42512,0.07879,-0.1683,-0.15811,0.18216,0.44604,0.43711,0.16825,0.38557,-0.0018845,0.30495,-0.13028,0.10394,-0.086221,0.40902,0.40316,0.29512
0.12381,0.16854,0.031872,0.08925,0.32313,0.26882,0.021051,0.30038,-0.27352,0.50313,-0.035886,0.14272,0.465,0.34077,0.29362,0.58242,0.49375,0.21862,0.36895,-0.095542,0.36436,0.82685,0.70034,0.72557,0.031816,0.20449,0.80168,0,0.18128,-0.10896,0.04631,0.00065089,0.22742,0.017618,-0.27326,-0.33569,-0.23981,-0.29848,-0.18154,0.06265,0.33184,0.68532,-0.18842,0.14119,-0.026184,0.055766,-0.12351,-0.056439,0.32078,0.84715,1.0051,0.32881,0.04781,0.4109,0.10808,0.033893,-0.19999,-0.18856,-0.40944,-0.053233,0.2829,-0.14483,-0.010482,-0.10207,-0.16952,-0.022057,-0.11331,-0.19167,-0.14505,-0.032498,-0.28316,-0.16611,-0.059726,0.031378,0.12242,-0.2394,0.14867,0.18808,0.17908,0.37596,0.34356,0.38393,0.22251,0.36938,0.30897,0.29223,0.34856,-0.24443,-0.085465,0.31964,0.14551,-0.0040524,0.26946,0.23287,0.13035,0.39935,0.67684,0.29657,0.50407,0.1446,0.18026,0.28687,0.38985,0.3318,0.32635
0.21122,-0.067565,0.23569,0.30294,0.051829,-0.051252,0.47405,0.26494,0.10006,-0.12449,-0.16365,-0.36408,0.18285,0.070914,-0.12398,0.1156,0.026503,0.067277,0.26857,0.43139,-0.10276,0.1945,0.11186,0.04133,0.19191,0.098937,-0.29619,0.18128,0,0.43316,-0.0396,0.14612,0.038514,0.2378,0.12087,0.27421,0.2771,0.15596,0.24021,-0.14789,0.12761,-0.2151,0.41098,0.30765,-0.1142,0.11061,0.6365,0.53046,0.069184,-0.016467,0.040822,0.42881,0.12252,-0.010754,0.16044,0.13336,0.31519,0.4821,0.42309,-0.22678,-0.23247,0.32472,0.47283,0.29788,0.39969,0.76755,0.6741,0.0083016,0.008208,0.70041,0.61262,0.596,0.6711,0.49476,0.72218,0.24245,-0.01232,0.1384,0.12073,0.073803,0.23695,0.36751,0.31886,0.55332,0.62406,0.35597,0.4868,0.57797,0.60064,0.18627,0.44775,0.63738,0.28145,0.25723,-0.23677,0.043175,0.13207,0.39979,0.091996,0.25036,0.16629,0.282,0.20709,0.306,0.11907
0.39921,0.36288,0.017898,0.20489,0.021882,-0.12361,0.35144,0.22403,0.50999,0.06706,0.040149,-0.14298,-0.032903,-0.096564,-0.41377,-0.069994,-0.27966,-0.26254,0.048739,0.18946,-0.40237,-0.18853,-0.19139,-0.25416,-0.19717,0.078387,-0.15014,-0.10896,0.43316,0,0.23118,0.33901,-0.33412,-0.13971,0.4205,0.96953,0.16192,0.29059,0.39532,0.17917,0.059558,-0.30969,0.71572,0.33481,0.16342,0.20169,0.32052,0.23509,-0.1617,-0.35097,-0.28437,0.17208,0.2718,0.071119,0.28417,0.21398,0.51524,0.45532,0.46604,0.11614,-0.045554,0.054558,0.36305,-0.1424,0.13276,0.47411,0.37694,-0.14201,0.10388,0.85284,0.75753,0.81397,0.60362,0.76867,0.44056,0.1957,0.1271,-0.16993,-0.18918,-0.49186,-0.25643,-0.0022099,-0.035295,0.1731,0.12061,-0.10989,-0.043655,0.4314,0.47596,0.2732,0.19373,0.058767,-0.05301,0.39057,-0.12753,0.089112,0.0061721,-0.029791,0.022241,-0.14222,-0.065033,-0.23438,-0.040624,0.13082,-0.35401
-0.095405,0.28283,0.037604,-0.087134,0.024462,0.09448,0.0448,0.22538,-0.075829,0.54804,0.19776,0.28153,0.28581,-0.020152,-0.002158,0.16356,-0.052102,0.26958,0.15489,0.23,0.08974,0.21304,0.3564,0.43914,0.058636,-0.050368,0.17034,0.04631,-0.0396,0.23118,0,0.7313,0.16244,-0.23376,0.49744,0.11583,0.031109,-0.4089,0.11375,0.0045801,-0.030875,0.47648,0.28143,0.057817,1.5503,0.63988,-0.19048,-0.30729,0.3588,0.1185,0.066973,0.043636,-0.28423,0.058689,-0.058886,0.17402,-0.20654,-0.2074,-0.1795,0.17871,0.39263,0.40916,0.22556,0.25818,0.16576,-0.12516,-0.15179,-0.31652,-0.24221,0.42325,-0.0047234,0.63623,0.36213,0.50568,0.20735,-0.21132,-0.036791,0.00090134,-0.19104,-0.20655,-0.36374,0.11152,-0.085176,0.077925,-0.098717,0.045158,-0.18766,-0.16697,-0.34097,-0.0042615,-0.25568,-0.12181,0.051831,0.097872,0.016495,0.095282,0.068366,0.013583,0.11763,0.31006,0.2296,0.0080809,0.0080707,-0.074931,-0.087648
0.022009,0.60111,0.33929,0.32017,-0.16564,0.40516,-0.16754,0.64246,0.13814,0.51266,0.081426,0.32075,0.35466,0.23044,0.1579,0.19897,0.20049,0.63965,0.44183,0.41787,0.32163,0.29205,0.24063,0.43941,0.0025447,0.46169,0.26348,0.00065089,0.14612,0.33901,0.7313,0,0.27618,0.19265,0.16595,0.42755,0.2162,0.11639,-0.082425,0.13368,-0.20666,0.33582,0.27598,0.52558,0.8866,0.72993,0.17553,0.13725,0.31383,0.060901,0.1306,0.35876,-0.066314,0.38317,0.41978,0.51379,0.2274,0.021909,0.10501,0.12094,0.67469,0.21648,0.41169,0.12386,0.60468,0.23095,0.27081,-0.18621,-0.022415,0.54859,0.38714,0.66925,0.58412,0.53333,0.35574,-0.16106,0.14236,0.12568,0.047346,-0.058176,-0.087735,0.37041,0.27744,0.50401,0.25851,0.27134,0.10123,0.17547,-0.016698,0.082543,0.015472,0.48427,0.59737,0.26428,0.29283,0.16508,0.24891,0.49338,0.25226,0.3113,0.4909,0.14459,0.5046,0.40379,0.42254
-0.54886,-0.17631,0.45134,0.23818,0.16495,0.70099,-0.33265,0.41872,-0.53019,-0.0044774,0.16255,0.53257,0.87939,0.64469,0.40689,0.051781,0.65698,0.3565,0.11297,-0.034721,0.30132,0.30139,0.1013,0.38315,-0.1613,0.085714,0.12417,0.22742,0.038514,-0.33412,0.16244,0.27618,0,0.92358,-0.16944,-0.19094,0.34509,0.21708,-0.38266,-0.13923,-0.5306,0.27756,-0.49225,0.13996,0.12669,0.21417,0.23792,0.15893,0.65654,0.72124,0.79847,0.63713,-0.24769,0.29115,0.19066,-0.18759,-0.34345,-0.2287,-0.2104,-0.35493,0.36012,0.1661,0.33389,0.37315,0.28541,0.056808,0.16082,-0.11344,-0.20039,0.21677,-0.23494,-0.020887,-0.12445,-0.13331,0.10908,-0.074754,0.11276,0.62002,0.58103,0.90303,0.67821,0.49684,0.41322,0.24586,0.27871,0.51061,0.32208,0.021642,-0.083114,0.074119,0.24635,0.33109,0.91134,-0.039727,0.51164,0.37733,0.52609,0.61343,0.52177,0.46127,0.32413,0.68346,0.57835,0.35326,0.59765
-0.16851,0.010758,0.61056,0.62447,0.15363,0.77321,-0.17409,0.62543,-0.079268,-0.16393,0.20427,0.40615,0.6276,0.86545,0.22812,-0.11991,0.59592,0.3817,0.30856,0.089887,0.17416,0.065321,0.030711,0.20193,0.07453,0.25453,-0.01201,0.017618,0.2378,-0.13971,-0.23376,0.19265,0.92358,0,-0.40584,0.15422,0.37541,0.66195,-0.22181,0.098662,-0.29569,0.039668,-0.47504,0.23129,-0.14622,0.23376,0.34893,0.27847,0.22671,0.42336,0.50727,0.4487,0.17965,0.44401,0.46924,-0.11856,-0.13788,-0.10445,-0.050525,-0.17148,0.30572,-0.060234,0.22641,0.27908,0.33616,0.14179,0.28206,0.11852,0.017094,0.15983,-0.10551,-0.098422,-0.042369,-0.18983,0.11138,0.20815,0.41744,0.62847,0.9332,0.92338,1.0582,0.56086,0.69615,0.48924,0.73265,0.7839,0.74166,0.10609,0.10326,0.0091408,0.37682,0.58631,1.0162,0.12579,0.60602,0.24679,0.39602,0.49391,0.39632,0.11762,0.18278,0.44633,0.53384,0.4458,0.63597
0.13275,-0.19513,-0.073972,-0.18842,0.28889,-0.58225,0.43061,-0.43141,0.32177,-0.034179,0.18021,-0.22281,-0.14886,-0.41392,0.029996,-0.22857,-0.5825,-0.38552,-0.10381,0.028586,-0.56839,-0.44431,-0.16994,-0.412,0.094425,-0.024228,-0.29934,-0.27326,0.12087,0.4205,0.49744,0.16595,-0.16944,-0.40584,0,0.29722,0.54825,0.039823,0.85775,0.10635,0.043324,-0.20295,0.43787,-0.34949,0.37427,0.20701,-0.073746,-0.22559,-0.24628,-0.10959,-0.32515,-0.35746,-0.051771,-0.6656,-0.13587,-0.0086032,0.10804,0.11257,0.13573,0.22259,-0.40416,0.53297,0.023623,0.21332,-0.17806,0.011131,-0.070629,0.42127,0.30038,0.421,0.23908,0.41905,0.16698,0.32536,0.050107,0.249,-0.19452,-0.20154,-0.39745,-0.2969,-0.27859,-0.14656,-0.26711,-0.17798,-0.27796,-0.11749,-0.18177,0.088343,-0.15087,-0.23181,-0.34395,0.0027904,-0.40455,-0.1838,-0.52033,-0.14167,-0.41191,-0.26572,-0.31683,0.036527,-0.10673,-0.18743,-0.28214,-0.3629,-0.51775
0.18357,0.61743,0.24659,0.47448,0.03662,0.15474,0.030119,0.4148,0.57679,0.15645,0.37709,0.21887,0.10564,0.15334,-0.21606,-0.033174,-0.19036,-0.045285,0.16381,0.084807,-0.38445,-0.45412,-0.27241,-0.3038,-0.021894,0.23599,-0.15281,-0.33569,0.27421,0.96953,0.11583,0.42755,-0.19094,0.15422,0.29722,0,0.34373,0.59181,0.37173,0.53191,-0.045749,-0.18167,0.34015,0.31757,0.15276,0.42175,0.2886,0.21986,-0.31793,-0.30339,-0.2212,0.033661,0.47303,0.30504,0.62418,0.12223,0.46445,0.36232,0.47547,0.22944,0.15669,-0.18532,0.15969,-0.16106,0.069688,0.29026,0.36694,0.12826,0.40116,0.4758,0.53356,0.47416,0.5159,0.43371,0.33111,0.265,0.44156,0.019558,0.020217,-0.22773,-0.11028,0.15159,0.20886,0.25768,0.20847,0.11121,0.054183,0.35582,0.37357,0.067137,0.19841,0.26644,0.194,0.33673,0.19253,0.13764,0.026607,0.10987,0.010071,-0.45939,-0.3048,-0.50104,-0.037757,0.23886,-0.071486
0.016879,-0.29185,0.68935,0.51319,0.51342,-0.10021,0.25058,-0.06415,0.32991,-0.39255,0.45301,0.062444,0.34384,0.18427,0.28855,-0.40383,0.075019,0.13917,0.18698,0.12516,-0.57133,-0.49672,-0.50379,-0.36893,0.14456,0.13337,-0.51304,-0.23981,0.2771,0.16192,0.031109,0.2162,0.34509,0.37541,0.54825,0.34373,0,0.92416,0.7009,0.31015,-0.2561,-0.39722,-0.22431,-0.40845,0.10484,0.37418,0.27947,0.22551,-0.26968,0.090636,0.013306,-0.10794,0.18903,-0.25002,0.31833,-0.32626,-0.054027,0.10029,0.13568,0.073656,-0.33609,0.25577,0.14017,0.33769,0.081994,0.21395,0.34457,0.60294,0.35476,0.27887,0.13266,0.26185,0.17986,0.24024,0.33204,0.71501,0.23865,0.52984,0.41684,0.46475,0.42233,0.48472,0.50363,0.32529,0.32291,0.57252,0.49833,0.29319,0.086888,-0.13,0.098906,0.69403,0.31268,-0.17877,-0.00432,0.14624,0.030305,0.38073,-0.046552,0.12774,0.027554,0.22848,-0.047934,-0.13809,0.11468
0.18857,0.0076399,0.69395,0.76813,0.33556,0.17779,0.080579,0.21055,0.55658,-0.43288,0.40251,0.13896,0.26433,0.40449,0.058269,-0.50084,0.20614,0.036832,0.19004,0.032765,-0.3929,-0.58776,-0.58359,-0.48497,0.013709,0.28438,-0.3757,-0.29848,0.15596,0.29059,-0.4089,0.11639,0.21708,0.66195,0.039823,0.59181,0.92416,0,0.35842,0.46143,-0.24048,-0.49448,-0.24169,-0.034948,-0.24082,0.21921,0.38965,0.40336,-0.38885,-0.043061,-0.010287,0.031606,0.55676,0.13405,0.67547,-0.19251,0.18484,0.20153,0.29682,0.13179,-0.11362,-0.27489,0.021612,0.024849,0.1044,0.25817,0.4518,0.42711,0.43363,0.19486,0.21845,0.042762,0.11227,0.054046,0.19872,0.70822,0.49539,0.4415,0.56647,0.39672,0.51746,0.4006,0.5869,0.35624,0.44092,0.45548,0.48249,0.36847,0.29981,-0.0011213,0.32049,0.59202,0.42592,0.0025699,0.2758,0.21655,0.14086,0.34446,0.16654,-0.18257,-0.11315,0.066743,0.11538,0.095902,0.2871
0.61379,-0.10378,0.2189,0.22283,0.66734,-0.56516,0.89874,-0.2993,0.76693,-0.17764,0.46092,-0.18375,-0.069935,-0.14527,-0.0038871,-0.38689,-0.32372,-0.19931,0.16163,0.17083,-0.70858,-0.62968,-0.17023,-0.48375,0.43039,-0.0032101,-0.35499,-0.18154,0.24021,0.39532,0.11375,-0.082425,-0.38266,-0.22181,0.85775,0.37173,0.7009,0.35842,0,0.57598,0.48637,-0.2505,0.092451,-0.67346,0.13688,0.30481,-0.17805,-0.20392,-0.72451,-0.18078,-0.34701,-0.66931,0.49734,-0.46663,0.043966,-0.26495,-0.11456,0.00085696,-0.0090007,0.58331,-0.51425,0.17381,-0.15983,0.22476,-0.24167,-0.12825,-0.11148,0.61884,0.49599,0.11942,0.017251,0.21918,0.1116,0.20077,0.11106,0.88099,0.20573,0.093257,0.037792,-0.072896,-0.017609,0.08285,0.10713,0.12026,0.14796,0.22975,0.25234,-0.024973,-0.13441,-0.21646,-0.16372,0.12119,-0.3528,-0.0074059,-0.3472,-0.034503,-0.2431,-0.23833,-0.29916,-0.23581,-0.28725,-0.28692,-0.51085,-0.47001,-0.3524
0.46129,0.67412,0.56995,0.75594,0.52509,0.16177,0.12038,0.24734,0.71314,0.41579,0.92219,0.62701,0.36654,0.50284,0.33129,0.060048,0.26413,0.23823,0.53564,0.067497,-0.093702,-0.36232,0.048457,-0.12453,0.27199,0.42251,0.24366,0.06265,-0.14789,0.17917,0.0045801,0.13368,-0.13923,0.098662,0.10635,0.53191,0.31015,0.46143,0.57598,0,0.43908,0.30608,-0.353,-0.26181,0.17585,0.74167,-0.38058,-0.28153,-0.76505,0.060824,0.064075,-0.45492,0.89992,0.25628,0.60601,-0.36568,-0.28715,-0.27964,-0.19857,1.0813,0.29229,-0.40149,-0.35188,0.050219,-0.14683,-0.45491,-0.26146,0.37734,0.73324,-0.14561,-0.24179,-0.13139,-0.048492,-0.1516,0.0050126,0.66431,1.0819,0.4613,0.45783,0.1905,0.16647,0.44393,0.57787,0.42721,0.37448,0.49323,0.31707,-0.29418,-0.29068,-0.043628,0.056835,0.064448,0.14936,0.34559,0.46823,0.47276,0.26378,-0.031355,0.076904,-0.60628,-0.54988,-0.45017,-0.0035024,-0.14596,0.22647
0.83592,0.23445,-0.11449,0.015972,0.3177,-0.31197,0.66861,-0.043132,0.35254,0.24301,0.1529,-0.13859,-0.16551,-0.087385,0.083393,0.15158,-0.0054799,-0.024991,0.20143,0.18981,0.14242,0.15023,0.56216,0.087985,0.50285,0.037265,0.35657,0.33184,0.12761,0.059558,-0.030875,-0.20666,-0.5306,-0.29569,0.043324,-0.045749,-0.2561,-0.24048,0.48637,0.43908,0,0.37119,0.10997,-0.21598,-0.012492,0.057515,-0.38347,-0.29417,-0.36548,0.025944,-0.026996,-0.4758,0.42186,-0.063445,-0.13478,-0.0046556,-0.16729,-0.13475,-0.24873,0.57244,-0.066491,-0.1186,-0.29821,-0.053271,-0.28033,-0.33323,-0.39313,0.068908,0.15098,-0.29778,-0.24164,-0.11683,-0.047331,-0.15348,-0.077468,0.23417,0.14768,-0.089817,-0.0057581,-0.13405,-0.080311,-0.07045,-0.039034,0.20537,0.19203,0.05474,0.1171,-0.28855,-0.20764,0.10948,0.016272,-0.20535,-0.32177,0.20759,-0.26478,0.0046236,0.042529,-0.31061,-0.037728,-0.32504,-0.21981,-0.2879,-0.19138,-0.19292,-0.057005
0.0050955,0.59661,0.028847,0.025262,0.12888,0.54286,-0.21087,0.50193,-0.26063,1.1023,0.19807,0.63538,0.44479,0.40514,0.3454,0.59835,0.41377,0.44183,0.40487,0.0041458,0.77928,0.63998,1.1582,0.93031,0.16938,0.25607,1.1619,0.68532,-0.2151,-0.30969,0.47648,0.33582,0.27756,0.039668,-0.20295,-0.18167,-0.39722,-0.49448,-0.2505,0.30608,0.37119,0,-0.22847,0.17171,0.4792,0.41001,-0.51804,-0.46735,0.35864,0.58643,0.63916,0.11603,0.028372,0.54554,0.10413,0.13024,-0.44641,-0.61193,-0.66113,0.30213,0.95103,-0.11299,-0.086128,0.098949,-0.0094091,-0.54829,-0.52462,-0.22806,-0.026006,-0.16299,-0.53578,-0.1902,-0.17381,-0.22906,-0.18176,-0.35262,0.23113,0.13202,0.1018,0.17997,0.029362,0.23332,0.12066,0.22094,0.11761,0.2379,0.043506,-0.63076,-0.61793,-0.0044203,-0.14157,-0.16192,0.28161,0.30711,0.45322,0.32421,0.47038,0.096918,0.37978,0.0041807,0.094959,-0.073267,0.35984,0.31221,0.44871
0.30267,0.11576,-0.4861,-0.40232,-0.2832,-0.29822,0.36013,0.014933,0.26105,0.075882,-0.33931,-0.53509,-0.41722,-0.52182,-0.51023,0.0085653,-0.64585,-0.3887,-0.25992,0.25558,-0.077215,0.033255,0.091049,-0.099059,0.026091,0.027257,-0.091504,-0.18842,0.41098,0.71572,0.28143,0.27598,-0.49225,-0.47504,0.43787,0.34015,-0.22431,-0.24169,0.092451,-0.353,0.10997,-0.22847,0,0.57242,0.099051,-0.13549,0.28826,0.19594,0.098363,-0.40426,-0.42202,0.14703,-0.062918,-0.14985,-0.19955,0.70656,0.92849,0.66203,0.68016,-0.084474,-0.1736,0.18381,0.15501,-0.24554,0.11346,0.53047,0.31861,-0.28164,-0.17854,0.62011,0.89566,0.692,0.5939,0.56669,0.21394,-0.22505,-0.44948,-0.75665,-0.76246,-0.94343,-0.60762,-0.49017,-0.56178,-0.1758,-0.27387,-0.59447,-0.43874,0.48394,0.39874,0.13477,-0.036781,-0.00092852,-0.35981,0.1852,-0.52446,-0.35383,-0.35276,-0.19345,-0.079113,0.018468,0.059643,-0.17927,-0.047881,0.099576,-0.36486
-0.023821,0.52406,-0.098485,0.022933,-0.43914,0.6128,-0.27688,0.81925,-0.080422,0.34621,-0.28893,0.079172,0.14586,0.20469,-0.26568,0.32059,0.10768,0.082778,0.035207,0.14539,0.50095,0.4471,0.29572,0.36191,-0.19891,0.31392,0.32471,0.14119,0.30765,0.33481,0.057817,0.52558,0.13996,0.23129,-0.34949,0.31757,-0.40845,-0.034948,-0.67346,-0.26181,-0.21598,0.17171,0.57242,0,-0.013922,0.0054107,0.47299,0.44355,0.51913,0.0074898,0.19798,0.92393,0.0022591,0.70189,0.28691,0.73041,0.71716,0.41488,0.47904,-0.27872,0.55847,-0.22347,0.29477,-0.26722,0.42624,0.54463,0.49076,-0.59591,-0.23654,0.52847,0.59838,0.3339,0.45428,0.26189,0.23454,-0.48758,-0.041138,-0.2326,-0.14446,-0.23274,-0.089073,-0.01329,-0.031513,0.17231,0.1004,-0.17084,-0.14418,0.41895,0.46736,0.31014,0.32209,0.21082,0.42293,0.43909,0.27385,0.065448,0.25437,0.33198,0.48696,0.070189,0.21498,0.058199,0.64164,0.85822,0.37868
-0.072759,0.40142,0.28017,0.15157,-0.093863,0.076684,-0.065953,0.22623,0.024227,0.5499,0.19869,0.33618,0.2866,0.056504,0.14962,0.16582,0.12916,0.49909,0.43135,0.34785,0.19401,0.19897,0.29048,0.38472,0.054133,0.028191,0.12021,-0.026184,-0.1142,0.16342,1.5503,0.8866,0.12669,-0.14622,0.37427,0.15276,0.10484,-0.24082,0.13688,0.17585,-0.012492,0.4792,0.099051,-0.013922,0,0.87459,-0.17105,-0.24118,0.18802,0.030976,-0.0060693,-0.039339,-0.23358,0.070789,0.16387,0.1179,-0.28419,-0.27004,-0.21099,0.34591,0.52787,0.37892,0.24274,0.35129,0.32769,-0.1866,-0.12655,-0.19767,-0.065187,0.29623,0.0015608,0.58782,0.41286,0.48754,0.24969,-0.08539,0.10162,0.16979,-0.041611,-0.15126,-0.3467,0.29551,0.1338,0.29591,0.083412,0.22989,-0.066227,-0.15732,-0.37368,0.010377,-0.18365,-0.040502,0.1592,0.036878,0.08528,0.21144,0.14086,0.11611,0.11796,0.30537,0.28431,0.0072929,0.060967,-0.083218,0.087634
