,,,,,,,,,,,,,,,,,,,,,,,,,,,,,,,,,,,,,,,,,,,,,,,,,,,,,,,,,,,,,,,,,,,,,,,,,,,,,,,,,,,,,,,,,,,,,,,,,,,,,,,,
0,0.1563,0.0055323,0.11457,0.52571,-0.26962,1.1764,0.033845,0.88618,0.054185,0.082158,-0.37317,-0.22597,-0.12424,-0.044615,-0.33325,-0.15843,-0.016162,0.21035,0.40875,-0.072144,-0.063498,0.39878,0.062084,0.55654,0.19914,0.07882,-0.0073819,0.19511,0.40564,-0.090233,-0.073848,-0.64624,-0.28173,0.097452,-0.14292,-0.13395,0.013105,0.63048,0.36291,1.0714,0.0012905,0.47579,-0.098587,-0.033496,0.13974,-0.33931,-0.17862,-0.43252,-0.15276,-0.20006,-0.3043,0.55763,-0.018014,-0.08549,0.37892,0.33138,0.034849,0.061523,0.57746,-0.22191,-0.012696,-0.3389,0.095847,0.061519,-0.044898,-0.19184,0.1258,0.041614,0.026511,0.1217,0.13131,0.13112,0.09123,-0.0079245,0.45392,0.14826,-0.14574,-0.027257,-0.22693,0.0017295,0.0064396,0.038768,0.17191,0.19322,0.037766,0.22459,-0.13928,-0.12875,-0.13875,-0.24739,0.098525,-0.37055,0.42506,-0.18186,-0.1165,-0.21084,-0.27504,-0.19558,-0.039568,-0.083386,-0.0074028,-0.092695,-0.15626,-0.066232
0.1563,0,0.19821,0.3185,0.037225,0.79628,-0.27947,0.98063,0.14784,0.9166,0.42735,0.63519,0.44524,0.48694,-0.028819,0.43421,0.1934,0.57764,0.41092,0.025124,0.26937,0.19119,0.40574,0.45781,-0.012622,0.47153,0.73258,0.23303,-0.021406,0.51908,0.51206,0.86939,-0.011302,0.16981,-0.09725,0.70887,-0.09784,0.033288,-0.13769,0.53963,-0.0035782,0.77487,-0.01768,0.72539,0.68414,0.89577,-0.46664,-0.41795,-0.058159,0.12505,0.20643,0.049448,0.20587,0.58351,0.37325,0.21548,-0.12634,-0.36388,-0.23464,0.30246,1.1203,-0.27395,-0.050354,0.0051444,0.18071,-0.30509,-0.22367,-0.22356,0.22414,0.4949,-0.0057811,0.24099,0.33421,0.13454,0.10763,-0.10389,0.57014,0.041152,0.075697,-0.083918,-0.071937,0.27192,0.24126,0.33033,0.17446,0.18845,0.075395,-0.46525,-0.47052,-0.039615,-0.049542,0.094157,0.42477,0.43335,0.60635,0.11538,0.17472,-0.02995,0.2424,-0.19692,0.016682,-0.30699,0.45753,0.25611,0.3133
0.0055323,0.19821,0,2.02,0.59711,0.19022,0.021241,0.34124,0.45213,0.32499,0.98733,0.62273,0.7368,0.78943,0.97154,0.4411,1.1004,0.74836,0.74436,0.44379,0.17126,-0.11808,-0.0039936,0.051926,0.34287,0.85055,-0.1214,-0.083961,0.223,0.036518,-0.28648,0.20449,0.41222,0.56736,-0.1824,0.10859,0.53105,0.78209,0.36841,1.0497,0.13106,0.22473,-0.50081,-0.15841,0.0064605,0.74858,0.3208,0.3914,-0.32184,0.34402,0.22323,0.33769,0.81593,0.55097,1.3026,-0.63277,-0.18594,0.022253,0.1533,0.67396,0.3191,0.2654,0.1194,0.58551,0.518,0.16745,0.60026,0.20192,0.15926,0.12677,0.21383,0.10168,0.2944,4.5682e-06,0.50152,0.95502,1.1504,1.7211,1.169,0.80391,0.66993,1.4187,1.9503,1.2518,1.081,1.3264,0.81989,0.29499,0.2507,0.16224,0.54615,1.0698,0.83931,0.39464,0.65898,1.1346,0.89792,0.93924,0.48654,-0.1812,-0.36984,0.56054,0.63719,0.34365,1.0361
0.11457,0.3185,2.02,0,0.6354,0.25227,0.049717,0.43857,0.55478,0.43041,0.95116,0.6178,0.66387,0.84432,0.85505,0.44318,1.0125,0.80536,0.86861,0.4503,0.17716,-0.10024,0.10671,0.15789,0.41305,1.0401,-0.029272,-0.060659,0.23407,0.12515,-0.29977,0.22667,0.31303,0.58963,-0.27792,0.12903,0.39796,0.7298,0.35149,1.1654,0.20784,0.28431,-0.4562,-0.081448,-0.0015948,0.80197,0.16346,0.23616,-0.3318,0.34712,0.22061,0.33771,0.99992,0.70013,1.4376,-0.44319,-0.14179,-0.089377,0.050314,0.76786,0.4044,0.24879,0.089423,0.57242,0.52545,0.10288,0.4575,0.21407,0.13859,0.1257,0.16457,0.051154,0.26369,-0.0088779,0.40246,0.90644,1.4395,1.4239,1.2022,0.77629,0.75476,1.4866,2.3281,1.3833,1.3062,1.4962,1,0.1165,0.16231,0.05147,0.3888,1.0831,0.83029,0.52138,0.7579,1.0567,0.86296,0.84182,0.44939,-0.23492,-0.3328,0.53334,0.69098,0.41694,0.97262
0.52571,0.037225,0.59711,0.6354,0,0.056038,0.43852,0.17689,0.62622,0.16463,0.7544,0.1496,0.24416,0.204,0.48725,-0.089619,0.46604,0.29103,0.17258,0.1258,-0.16406,-0.094661,0.084065,0.14985,0.28543,0.62948,0.097841,0.018754,-0.10406,0.20516,-0.28531,-0.056855,0.1164,0.19095,-0.023999,-0.13691,0.30023,0.53303,0.52212,0.6537,0.52522,0.16506,-0.19564,-0.31913,-0.13748,0.23759,-0.10577,0.046215,-0.10972,0.55133,0.35934,0.14686,0.88579,0.50892,0.58257,-0.07527,0.10769,-0.084519,-0.11044,0.54529,0.015545,0.090519,-0.18274,0.1597,-0.0031694,0.015755,0.094329,0.054973,-0.1586,-0.13512,-0.17942,-0.041751,-0.026103,0.095392,0.1335,0.68,0.67918,0.52094,0.50687,0.55602,0.64108,0.55827,0.60167,0.50503,0.45847,0.50299,0.54717,-0.019151,0.024852,0.0026946,-0.0047855,0.62141,0.34397,0.48317,0.36499,0.57836,0.55164,0.31978,0.38715,-0.049218,-0.19213,0.49287,0.32625,0.2513,0.42797
-0.26962,0.79628,0.19022,0.25227,0.056038,0,-0.6907,1.3035,-0.35496,0.35238,0.329,0.84724,0.70538,0.77264,0.00012387,0.35005,0.5277,0.62449,0.11564,-0.29872,0.37387,0.36962,0.20045,0.5716,-0.27086,0.27496,0.80426,0.37952,-0.15922,-0.058659,0.10805,0.52349,0.61523,0.79879,-0.64707,0.42068,-0.026806,0.23189,-0.69451,0.18899,-0.40745,0.66052,-0.6347,0.77035,0.14308,0.30887,-0.13615,-0.093214,0.3863,0.48428,0.70228,0.40931,0.013503,0.79628,0.30337,-0.042353,-0.43284,-0.47986,-0.46478,-0.15137,1.1141,-0.43141,0.092448,-0.097861,0.10356,-0.19872,-0.074763,-0.37861,-0.010135,0.15094,-0.49472,-0.1906,-0.095022,-0.19538,-0.014474,-0.29098,0.44965,0.20154,0.34801,0.39942,0.31255,0.27265,0.27096,0.19863,0.15459,0.22637,0.17766,-0.40922,-0.26201,0.081753,0.22848,0.17651,0.92839,0.24694,0.98933,0.12348,0.38941,0.16045,0.48346,-0.013206,0.23976,-0.030415,0.59691,0.55899,0.53996
1.1764,-0.27947,0.021241,0.049717,0.43852,-0.6907,0,-0.24203,0.67297,-0.12769,-0.044332,-0.57458,-0.28671,-0.27279,0.093629,-0.2511,-0.1496,-0.086177,0.14281,0.70851,-0.060137,2.9688e-05,0.30811,-0.014644,0.66921,0.044467,-0.20062,-0.077988,0.42123,0.31315,-0.10028,-0.21093,-0.52752,-0.37832,0.23608,-0.37557,-0.02586,-0.08393,0.8506,0.14897,1.1931,-0.1582,0.59081,-0.35168,-0.088563,-0.045398,0.0068728,0.10772,-0.28455,-0.20085,-0.31019,-0.18877,0.41471,-0.23782,-0.18558,0.20566,0.32782,0.28962,0.22523,0.46025,-0.55688,0.34265,-0.067776,0.21331,0.15564,0.24069,0.082553,0.11637,-0.14768,0.032936,0.35191,0.3493,0.21789,0.22468,0.17515,0.54049,-0.093255,-0.030677,-0.0056907,-0.20155,-0.0411,-0.00012151,0.014103,0.18141,0.23371,0.065922,0.23447,0.22162,0.17837,0.052414,-0.083128,0.18804,-0.45038,0.3035,-0.44812,-0.023529,-0.12485,-0.051702,-0.23846,0.090959,-0.038674,0.23632,-0.23959,-0.17864,-0.12163
0.033845,0.98063,0.34124,0.43857,0.17689,1.3035,-0.24203,0,-0.11642,0.57314,0.38143,0.72716,0.83231,0.85523,0.18849,0.57079,0.61622,1.0209,0.45965,0.10823,0.54309,0.57806,0.58989,0.94895,0.1225,0.42081,0.88479,0.45034,0.18012,0.16163,0.26736,0.83113,0.4468,0.63379,-0.5539,0.35795,-0.035994,0.14187,-0.34018,0.38456,-0.063175,0.98658,-0.30108,0.8846,0.35283,0.56248,-0.013334,0.041548,0.33147,0.45403,0.63136,0.50136,0.20108,0.89723,0.33538,0.10704,-0.24078,-0.2945,-0.29819,0.12789,1.1184,-0.15214,0.21171,0.13223,0.39419,0.06941,0.13565,-0.35675,-0.06337,0.40233,-0.14061,0.14583,0.25617,0.023769,0.25741,-0.13713,0.50084,0.28888,0.40128,0.32116,0.24616,0.52751,0.44711,0.52218,0.40672,0.43491,0.39138,-0.25687,-0.13957,0.18227,0.26732,0.42916,0.85997,0.47294,0.78606,0.20162,0.42765,0.35745,0.40445,0.1162,0.32419,0.13859,0.68272,0.71524,0.72701
0.88618,0.14784,0.45213,0.55478,0.62622,-0.35496,0.67297,-0.11642,0,0.22686,0.60822,-0.020055,-0.1411,0.043902,0.28953,-0.18553,0.02967,0.12467,0.31641,0.55109,-0.19468,-0.54605,0.023297,-0.18777,0.69866,0.6522,-0.2364,-0.45244,-0.06591,0.34012,-0.24173,-0.098214,-0.55296,-0.19639,0.15406,-0.012374,0.094952,0.34055,0.8636,0.83004,0.74503,-0.1414,0.27655,-0.35133,-0.038399,0.42697,-0.29292,-0.13525,-0.88493,-0.15331,-0.36942,-0.37729,1.0908,0.13892,0.44149,0.028525,0.45639,0.14823,0.34143,1.1356,-0.15944,0.092924,-0.51625,0.13988,0.085437,-0.11392,0.01864,0.30989,0.071806,-0.18288,0.3,0.087989,0.20416,0.09414,0.049609,0.99076,0.61197,0.27085,0.29614,-0.0037467,0.17188,0.26896,0.43047,0.37499,0.39794,0.31743,0.33214,0.044872,-0.0037783,-0.18286,-0.19248,0.37517,-0.14658,0.46656,0.10253,0.32824,0.071228,0.019602,-0.033364,-0.57044,-0.69204,0.10851,0.0004602,-0.2352,0.11928
0.054185,0.9166,0.32499,0.43041,0.16463,0.35238,-0.12769,0.57314,0.22686,0,0.4678,0.63583,0.46103,0.39852,0.36986,0.85448,0.3594,0.4887,0.46294,0.26366,0.49631,0.33586,0.61446,0.62072,0.1578,0.69421,0.60314,0.19067,0.023248,0.48425,0.52452,0.58063,0.09452,-0.014276,-0.0013248,0.19157,-0.26725,-0.22967,-0.060927,0.49152,0.22929,1.0122,0.23032,0.58897,0.63614,0.84772,-0.28823,-0.31037,0.12347,0.34715,0.28095,0.34367,0.34725,0.66943,0.53869,0.20484,0.073785,-0.1669,-0.062862,0.50809,0.89955,0.18176,0.068352,0.18036,0.2761,-0.10719,-0.067478,-0.3074,-0.10203,0.48873,0.20325,0.37539,0.4022,0.24222,0.22944,-0.01645,0.60077,0.28265,0.16768,0.03563,0.050344,0.47221,0.38938,0.5202,0.33384,0.32389,0.11389,-0.23782,-0.20024,0.17549,2.2276e-06,0.14035,0.38997,0.63451,0.51171,0.56921,0.53179,0.26495,0.42373,-0.15261,-0.20514,0.11935,0.60016,0.36387,0.3528
0.082158,0.42735,0.98733,0.95116,0.7544,0.329,-0.044332,0.38143,0.60822,0.4678,0,0.83764,0.57588,0.61651,0.55094,0.22092,0.64321,0.59835,0.27873,0.21013,0.025378,-0.31413,-0.10146,0.023184,0.25334,0.94695,0.11005,-0.17062,-0.22661,0.14194,-0.043814,0.31649,0.26783,0.36152,-0.030287,0.33097,0.45628,0.74125,0.32326,1.1019,0.14112,0.27836,-0.33188,-0.070518,0.16206,0.79871,-0.11408,0.013492,-0.32129,0.36838,0.21784,0.024134,0.80875,0.65203,1.0411,-0.34097,-0.021343,-0.054651,0.095113,0.65282,0.41809,-0.098346,-0.26581,0.063031,0.063416,-0.17148,0.21482,0.020779,0.044042,-0.076637,-0.027995,0.050051,0.19583,0.02439,0.22626,0.65811,1.2171,0.82858,0.76645,0.55209,0.47029,0.64074,0.84736,0.63532,0.49082,0.62728,0.37626,0.056653,-0.044849,0.11509,0.24662,0.66876,0.70951,0.37269,0.7775,0.81283,0.75803,0.51253,0.65543,-0.59026,-0.56408,0.21975,0.44702,0.10531,0.71575
-0.37317,0.63519,0.62273,0.6178,0.1496,0.84724,-0.57458,0.72716,-0.020055,0.63583,0.83764,0,1.0298,1.099,0.43263,0.53348,0.71871,0.59115,0.3475,0.0049888,0.39239,0.0054715,0.038148,0.2437,-0.10376,0.57292,0.5039,0.11811,-0.20562,0.063045,0.19484,0.6448,0.78993,0.66304,-0.23109,0.4744,0.29343,0.46516,-0.21833,0.67179,-0.3617,0.59229,-0.58409,0.34191,0.2915,0.75388,-0.11683,-0.097375,0.068884,0.38412,0.43852,0.35456,0.24842,0.66049,0.67184,-0.36545,-0.45649,-0.39737,-0.23732,0.22397,1.0384,-0.099425,0.1617,0.098116,0.22525,-0.2961,0.051177,-0.075173,0.17102,0.21921,-0.20843,-0.046726,-0.042204,-0.20369,0.06647,0.10137,0.76786,0.69709,0.68788,0.52712,0.37773,0.51449,0.59098,0.44869,0.35571,0.5306,0.24335,-0.20139,-0.25214,0.15701,0.32722,0.29495,0.96388,0.26557,1.1517,0.59113,0.71828,0.54277,0.59927,-0.34756,-0.15893,0.077334,0.60342,0.36528,0.64023
-0.22597,0.44524,0.7368,0.66387,0.24416,0.70538,-0.28671,0.83231,-0.1411,0.46103,0.57588,1.0298,0,1.2838,0.52609,0.66505,1.1175,0.78687,0.64227,0.13827,0.41329,0.38817,0.20951,0.44808,-0.0026761,0.38003,0.51781,0.62407,0.26975,0.042371,0.20037,0.59873,0.91121,0.68285,-0.25382,0.30066,0.40708,0.39597,-0.1371,0.52496,-0.21796,0.6176,-0.60005,0.32269,0.2607,0.75111,0.29907,0.31267,0.11145,0.66877,0.86931,0.4545,0.11198,0.47528,0.50496,-0.52259,-0.55095,-0.1089,-0.14736,0.081646,0.65527,-0.092356,0.24395,0.14985,0.26009,0.16645,0.41108,-0.090987,0.13526,0.40283,-0.10376,0.13141,0.24792,0.041277,0.55326,0.12458,0.59045,0.85428,0.80829,0.73808,0.48752,0.77066,0.74878,0.78987,0.60193,0.77407,0.53438,0.082636,0.079079,0.61732,0.82549,0.44061,1.0413,0.18823,0.62803,0.55419,0.82775,0.69766,0.70076,0.041609,0.047359,0.30325,0.60372,0.33936,0.78098
-0.12424,0.48694,0.78943,0.84432,0.204,0.77264,-0.27279,0.85523,0.043902,0.39852,0.61651,1.099,1.2838,0,0.5095,0.59052,1.1282,0.72577,0.74267,0.19116,0.51587,0.19661,0.25046,0.36458,0.18882,0.63967,0.50252,0.39334,0.16689,-0.003432,-0.058403,0.50069,0.72716,0.96092,-0.51936,0.27389,0.27067,0.56154,-0.15405,0.69026,-0.16818,0.53854,-0.69949,0.34672,0.050516,0.66135,0.085495,0.11769,-0.067621,0.50564,0.54901,0.38925,0.35646,0.60686,0.64722,-0.48942,-0.52999,-0.28843,-0.22442,0.29258,0.77388,-0.10686,0.13111,0.22549,0.35178,-0.036644,0.25345,0.035024,0.17389,0.27396,-0.13597,-0.14038,0.036212,-0.26379,0.20169,0.24334,0.79225,0.84831,1.1219,0.75713,0.63598,0.78063,0.86826,0.76541,0.77392,0.89523,0.70387,-0.13848,-0.080159,0.33059,0.60459,0.47636,0.98492,0.2415,0.85418,0.5705,0.74087,0.66259,0.64695,-0.23936,-0.028719,0.33151,0.76725,0.37902,0.91048
-0.044615,-0.028819,0.97154,0.85505,0.48725,0.00012387,0.093629,0.18849,0.28953,0.36986,0.55094,0.43263,0.52609,0.5095,0,0.5858,0.89837,0.52756,0.59066,0.51373,0.43386,0.13998,0.27424,0.24461,0.49205,0.78104,0.043569,-0.087205,0.12028,-0.081938,-0.17665,0.21439,0.51613,0.3911,-0.049077,-0.23436,0.26002,0.32973,0.23359,0.62183,0.17223,0.38512,-0.18997,-0.065917,0.011728,0.40878,0.43671,0.39547,-0.055364,0.53407,0.30061,0.48974,0.52292,0.34449,0.65842,-0.38265,0.077128,0.16537,0.25017,0.65848,0.2203,0.6927,0.20113,0.70596,0.60844,0.34648,0.55006,0.17779,-0.072743,0.1695,0.33181,0.095575,0.16478,-0.10796,0.3307,0.53858,0.52319,0.95661,0.70762,0.64396,0.52209,1.0458,0.9214,0.80452,0.66144,0.82424,0.56458,0.35665,0.23113,0.25852,0.36553,0.81829,0.51616,0.33509,0.34861,0.91612,0.60934,0.85589,0.2698,0.10802,-0.21417,0.98811,0.77302,0.42705,0.86464
-0.33325,0.43421,0.4411,0.44318,-0.089619,0.35005,-0.2511,0.57079,-0.18553,0.85448,0.22092,0.53348,0.66505,0.59052,0.5858,0,0.70839,0.60743,0.55587,0.37134,0.81403,0.6797,0.57287,0.63915,0.17351,0.54317,0.43352,0.36056,0.37066,0.1836,0.307,0.56677,0.39659,0.20967,-0.21255,0.048654,-0.15506,-0.19837,-0.2578,0.20945,-0.046079,0.86557,-0.0010374,0.65422,0.37225,0.47089,0.27354,0.1933,0.29025,0.41662,0.34387,0.74526,0.11551,0.51123,0.47948,-0.15634,-0.089828,0.080645,0.078869,0.26235,0.74402,0.39415,0.41882,0.40987,0.59921,0.35289,0.43045,-0.37645,-0.17565,0.7176,0.47642,0.40082,0.50516,0.1556,0.4844,-0.081604,0.3203,0.45792,0.29812,0.19116,0.06342,0.69788,0.49421,0.6166,0.44134,0.43848,0.22599,0.1448,0.16969,0.50761,0.45434,0.33747,0.60306,0.33344,0.38623,0.66623,0.67673,0.68502,0.50175,0.11547,0.039734,0.47941,0.90085,0.56298,0.69378
-0.15843,0.1934,1.1004,1.0125,0.46604,0.5277,-0.1496,0.61622,0.02967,0.3594,0.64321,0.71871,1.1175,1.1282,0.89837,0.70839,0,0.80047,0.54805,0.2858,0.56896,0.36823,0.2403,0.42335,0.20921,0.74378,0.27081,0.30904,0.2132,-0.15716,-0.25898,0.20336,0.83008,0.81826,-0.54537,-0.088035,0.2046,0.44462,-0.1294,0.52388,0.018921,0.52474,-0.61894,0.21921,-0.11011,0.44223,0.39978,0.45571,0.098575,0.81598,0.71357,0.70349,0.46957,0.70726,0.83011,-0.60506,-0.32123,-0.021619,-0.008171,0.32445,0.51542,0.129,0.16719,0.39896,0.45769,0.26544,0.5666,-0.16728,-0.13488,0.17437,0.0075811,-0.041445,0.14142,-0.1376,0.45398,0.3997,0.7989,1.2693,1.2107,1.0659,0.82037,1.1684,1.2051,0.96984,0.88831,0.98089,0.73081,0.19724,0.27719,0.52513,0.8554,0.76901,1.2024,0.38294,0.76498,1.0419,1.2358,0.93002,0.84976,0.019717,-0.14275,0.86509,1.0436,0.5296,1.3821
-0.016162,0.57764,0.74836,0.80536,0.29103,0.62449,-0.086177,1.0209,0.12467,0.4887,0.59835,0.59115,0.78687,0.72577,0.52756,0.60743,0.80047,0,0.6206,0.51669,0.32243,0.40455,0.31654,0.7549,0.37619,0.6129,0.27167,0.12365,0.31845,0.1208,0.13203,0.61436,0.3621,0.61208,-0.38558,0.29303,0.19067,0.26778,-0.040758,0.50751,0.051403,0.55724,-0.2935,0.35488,0.34741,0.7585,0.32979,0.37992,0.083823,0.46305,0.46786,0.35775,0.33734,0.68688,0.58032,-0.18028,-0.079598,0.086417,0.08674,0.28354,0.57197,0.123,0.17066,0.24524,0.52443,0.40531,0.58485,-0.21768,-0.21178,0.23073,0.17936,0.4103,0.61431,0.30576,0.73321,0.23276,0.68041,0.68205,0.69784,0.5205,0.39112,0.86176,0.8876,0.91514,0.76613,0.8227,0.71147,0.19701,0.26194,0.32293,0.456,1.0864,1.0219,0.56362,0.66193,0.44925,0.56445,0.55728,0.29262,0.051201,0.027723,0.43773,0.56136,0.49408,0.82513
0.21035,0.41092,0.74436,0.86861,0.17258,0.11564,0.14281,0.45965,0.31641,0.46294,0.27873,0.3475,0.64227,0.74267,0.59066,0.55587,0.54805,0.6206,0,0.49802,0.24413,0.1896,0.47426,0.33455,0.49455,0.51408,0.19747,0.33186,0.65193,0.35308,0.12296,0.5495,0.16791,0.36072,-0.037293,0.23428,0.30582,0.30117,0.36451,0.7763,0.17089,0.41382,-0.16743,0.079539,0.33118,0.89717,0.18664,0.12456,-0.31686,0.22915,0.20962,0.19087,0.36228,0.24316,0.53093,-0.18041,-0.2027,-0.091748,-0.063888,0.5318,0.37061,0.32054,0.27385,0.57399,0.54126,0.23172,0.32915,0.43166,0.38104,0.57189,0.30907,0.23779,0.44521,0.1358,0.45091,0.37144,0.54744,0.59985,0.57819,0.35305,0.34329,0.96355,0.84119,1.1394,1.0183,1.1017,0.94335,-0.015851,-0.0092743,0.12935,0.27414,0.54865,0.38715,0.22481,0.20476,0.39168,0.32042,0.54318,0.10177,0.053565,0.1052,0.28691,0.4665,0.29016,0.49204
0.40875,0.025124,0.44379,0.4503,0.1258,-0.29872,0.70851,0.10823,0.55109,0.26366,0.21013,0.0049888,0.13827,0.19116,0.51373,0.37134,0.2858,0.51669,0.49802,0,0.36609,0.17706,0.34757,0.24149,0.83977,0.40032,-0.16869,-0.21029,0.52354,0.26936,0.0113,0.13675,-0.19534,-0.056416,-0.017134,-0.15219,-0.028497,-0.055492,0.43893,0.35367,0.6053,0.099106,0.37358,-0.013954,0.14979,0.37387,0.31525,0.38616,-0.25895,-0.13304,-0.24998,0.098861,0.46131,0.026303,0.17895,-0.15248,0.21794,0.47224,0.53778,0.65571,-0.077818,0.59429,0.15399,0.43717,0.72939,0.47686,0.53683,-0.081396,-0.25655,0.24703,0.87318,0.71007,0.61527,0.30375,0.60048,0.62122,0.21209,0.42734,0.3756,-0.032261,0.0032014,0.38397,0.44836,0.56832,0.60268,0.42368,0.41031,0.53524,0.44864,0.35612,0.31569,0.58563,0.045153,0.62772,0.016788,0.37093,0.21191,0.32803,-0.091231,-0.062648,-0.24797,0.48598,0.11367,0.042346,0.28739
-0.072144,0.26937,0.17126,0.17716,-0.16406,0.37387,-0.060137,0.54309,-0.19468,0.49631,0.025378,0.39239,0.41329,0.51587,0.43386,0.81403,0.56896,0.32243,0.24413,0.36609,0,0.70186,0.86279,0.57451,0.2731,0.30966,0.53361,0.21337,0.23365,-0.20845,0.07814,0.29021,0.44035,0.31738,-0.48923,-0.29896,-0.48136,-0.30647,-0.46411,0.048436,0.16788,0.85143,0.10517,0.90093,0.050567,0.1423,0.16523,0.1245,0.40408,0.25436,0.26068,0.71652,0.11814,0.40134,0.084898,0.054612,-0.089172,-0.054693,0.034721,0.23303,0.63253,0.26645,0.28856,0.43167,0.64894,0.096986,0.13854,-0.42651,-0.22111,0.36103,0.1758,0.047367,0.071426,-0.38814,0.046409,-0.13075,0.1083,0.23402,0.26068,0.12842,0.091314,0.30786,0.21452,0.30965,0.26559,0.18023,0.04534,-0.0049308,0.0057985,0.35941,0.42547,0.08907,0.34408,0.34123,0.31734,0.3366,0.37299,0.39178,0.37661,0.16065,0.065837,0.43688,0.77548,0.51474,0.64778
-0.063498,0.19119,-0.11808,-0.10024,-0.094661,0.36962,2.9688e-05,0.57806,-0.54605,0.33586,-0.31413,0.0054715,0.38817,0.19661,0.13998,0.6797,0.36823,0.40455,0.1896,0.17706,0.70186,0,0.87188,1.1742,0.042131,-0.0214,0.64939,0.77399,0.46888,0.034375,0.33053,0.28452,0.324,0.15349,-0.32224,-0.22782,-0.42871,-0.58584,-0.50193,-0.33526,0.11189,0.75974,0.12221,0.75655,0.22315,-0.014661,0.32745,0.2483,0.80754,0.56212,0.67711,0.64945,-0.28331,0.23551,-0.17367,0.18117,-0.10717,0.085928,-0.14053,-0.22825,0.34861,0.18818,0.39497,0.1164,0.29698,0.50732,0.20432,-0.64291,-0.4838,0.49441,0.079665,0.34124,0.30851,0.23462,0.40979,-0.47958,-0.17856,-0.026216,-0.017469,0.082432,0.019962,0.19641,0.0050736,0.22684,0.15752,0.073825,0.13659,0.051063,0.19453,0.61652,0.34831,0.070503,0.29558,0.26,0.010887,0.040845,0.24882,0.14549,0.23253,0.70663,0.54364,0.4172,0.42906,0.5065,0.25917
0.39878,0.40574,-0.0039936,0.10671,0.084065,0.20045,0.30811,0.58989,0.023297,0.61446,-0.10146,0.038148,0.20951,0.25046,0.27424,0.57287,0.2403,0.31654,0.47426,0.34757,0.86279,0.87188,0,0.98502,0.53831,0.2806,0.72963,0.4348,0.42528,0.18862,0.33204,0.4248,0.065246,0.06425,-0.21682,-0.2615,-0.52556,-0.47458,-0.09546,0.10083,0.54829,1.064,0.41828,0.73908,0.31222,0.22658,-0.047184,-0.11073,0.37887,0.32791,0.30008,0.46548,0.17549,0.38627,-0.028014,0.58199,0.12955,-0.13342,-0.16944,0.33902,0.4861,0.3336,0.22583,0.39867,0.44939,0.17295,-0.043209,-0.23233,-0.2208,0.51546,0.15601,0.21646,0.26093,-0.012408,0.072365,-0.21455,0.042307,-0.051234,0.0094179,-0.036045,0.024038,0.31869,0.10993,0.38146,0.3025,0.20202,0.2216,-0.26788,-0.17302,0.14541,-0.020311,0.098369,0.092602,0.3855,0.022639,0.087962,0.12608,0.19093,0.13098,0.37889,0.3802,0.34595,0.54805,0.54225,0.34138
0.062084,0.45781,0.051926,0.15789,0.14985,0.5716,-0.014644,0.94895,-0.18777,0.62072,0.023184,0.2437,0.44808,0.36458,0.24461,0.63915,0.42335,0.7549,0.33455,0.24149,0.57451,1.1742,0.98502,0,0.29899,0.28691,0.77737,0.50453,0.24921,0.14105,0.34872,0.46103,0.28656,0.2618,-0.46178,-0.11455,-0.41368,-0.37248,-0.38899,-0.0090005,0.16594,0.99472,0.0893,0.79703,0.33075,0.23019,0.11562,0.093852,0.69611,0.66002,0.70918,0.62412,0.051464,0.65886,0.078516,0.36667,0.072485,-0.046393,-0.18712,0.044717,0.5841,0.16859,0.23935,0.098202,0.32141,0.39329,0.17066,-0.54201,-0.59905,0.32395,-0.0010336,0.29284,0.3362,0.27991,0.33046,-0.3506,0.15202,0.095263,0.16425,0.20775,0.18153,0.394,0.22729,0.38164,0.32016,0.27613,0.34363,-0.14479,0.085027,0.34512,0.096413,0.31267,0.45473,0.52955,0.3162,0.15674,0.34087,0.26135,0.23883,0.39748,0.39996,0.46566,0.50573,0.70865,0.38457
0.55654,-0.012622,0.34287,0.41305,0.28543,-0.27086,0.66921,0.1225,0.69866,0.1578,0.25334,-0.10376,-0.0026761,0.18882,0.49205,0.17351,0.20921,0.37619,0.49455,0.83977,0.2731,0.042131,0.53831,0.29899,0,0.47231,-0.079085,-0.19709,0.30916,0.0015032,-0.09051,0.10356,-0.21851,-0.018486,-0.14983,-0.35745,-0.12716,0.004104,0.42867,0.38989,0.65714,0.17327,0.38764,0.020277,0.024983,0.23992,0.1906,0.23575,-0.26019,0.02992,-0.16566,0.012906,0.61727,0.19403,0.15605,0.19273,0.53806,0.33249,0.42561,0.81281,-0.082529,0.36933,-0.17796,0.37101,0.41011,0.41037,0.419,0.14513,-0.26904,-0.025121,0.50005,0.1761,0.42526,0.037572,0.20575,0.40196,0.20595,0.22346,0.30948,0.084373,0.12101,0.44193,0.39874,0.46265,0.47596,0.40161,0.44899,0.19497,0.22056,0.070763,0.010063,0.548,-0.059673,0.25993,-0.09085,0.21378,0.043523,0.38086,-0.054181,-0.087247,-0.15948,0.5697,0.18533,0.07602,0.39673
0.19914,0.47153,0.85055,1.0401,0.62948,0.27496,0.044467,0.42081,0.6522,0.69421,0.94695,0.57292,0.38003,0.63967,0.78104,0.54317,0.74378,0.6129,0.51408,0.40032,0.30966,-0.0214,0.2806,0.28691,0.47231,0,0.27401,-0.097183,-0.079654,0.26784,-0.18228,0.28526,0.12821,0.34112,-0.2251,0.081728,0.045308,0.39821,0.1942,0.9607,0.31089,0.4704,-0.16323,0.1307,0.038624,0.6069,-0.19889,-0.11544,-0.27345,0.45256,0.16795,0.25088,1.0391,0.77355,1.113,-0.17801,0.12402,-0.11472,0.036541,1.0039,0.53374,0.22106,-0.14604,0.3391,0.36669,-0.054957,0.14636,-0.024035,-0.10792,0.13318,0.20097,-0.0035273,0.14233,-0.085691,0.10567,0.57508,1.163,0.68955,0.71961,0.45487,0.52733,0.86598,0.95255,0.7531,0.70031,0.70787,0.57122,-0.10509,-0.076638,0.052555,0.095291,0.73043,0.614,0.6431,0.76268,0.95835,0.71255,0.49461,0.48569,-0.4096,-0.41303,0.55579,0.97053,0.34434,0.82192
0.07882,0.73258,-0.1214,-0.029272,0.097841,0.80426,-0.20062,0.88479,-0.2364,0.60314,0.11005,0.5039,0.51781,0.50252,0.043569,0.43352,0.27081,0.27167,0.19747,-0.16869,0.53361,0.64939,0.72963,0.77737,-0.079085,0.27401,0,0.7719,-0.046763,0.27463,0.48555,0.71106,0.37236,0.27963,-0.17816,0.2468,-0.20501,-0.13324,-0.401,0.14515,-0.027467,1.0533,-0.065332,0.85024,0.35391,0.27712,-0.3811,-0.40064,0.41122,0.58105,0.6977,0.29105,-0.076699,0.42651,-0.0074143,0.30175,-0.22088,-0.45453,-0.563,-0.011387,0.85744,-0.20682,0.081807,-0.12798,-0.0050632,-0.20833,-0.34947,-0.31282,-0.033441,0.46104,-0.34146,-0.039083,-0.089974,-0.12072,-0.13275,-0.47736,0.14035,-0.10236,0.046414,0.096424,0.10096,0.095417,-0.029997,0.11832,0.017816,0.042368,0.061566,-0.60844,-0.54853,0.22254,-0.0011289,-0.10591,0.36019,0.19892,0.36162,-0.0069884,0.21017,0.011254,0.3826,0.11024,0.42236,-0.0078691,0.55976,0.37574,0.25415
-0.0073819,0.23303,-0.083961,-0.060659,0.018754,0.37952,-0.077988,0.45034,-0.45244,0.19067,-0.17062,0.11811,0.62407,0.39334,-0.087205,0.36056,0.30904,0.12365,0.33186,-0.21029,0.21337,0.77399,0.4348,0.50453,-0.19709,-0.097183,0.7719,0,0.46109,0.17369,0.33575,0.3195,0.35152,0.17548,-0.10968,0.11961,0.027631,-0.12912,-0.25117,-0.10326,-0.072909,0.45999,-0.18047,0.40248,0.15483,0.13571,0.077026,0.029529,0.30737,0.59038,0.86026,0.23625,-0.33687,0.068126,-0.11613,-0.010755,-0.41986,-0.14702,-0.43937,-0.35755,0.26007,-0.28073,0.1644,-0.18183,-0.17291,0.1832,0.0087023,-0.15721,0.073404,0.48082,-0.26303,0.026188,0.11493,0.15106,0.27465,-0.40764,-0.05331,-0.0036656,0.073237,0.22704,0.17206,0.14537,0.012808,0.24184,0.16178,0.15575,0.24438,-0.20121,-0.066015,0.57111,0.38222,-0.13865,0.25916,-0.14439,-0.055786,-0.055441,0.24947,0.10234,0.43137,0.35186,0.52652,0.045571,0.24346,0.12028,0.1058
0.19511,-0.021406,0.223,0.23407,-0.10406,-0.15922,0.42123,0.18012,-0.06591,0.023248,-0.22661,-0.20562,0.26975,0.16689,0.12028,0.37066,0.2132,0.31845,0.65193,0.52354,0.23365,0.46888,0.42528,0.24921,0.30916,-0.079654,-0.046763,0.46109,0,0.12502,0.10313,0.19479,0.0060528,0.087391,-0.040119,-0.016645,0.14036,-0.11547,0.24703,0.006657,0.33406,0.11721,0.12291,0.085756,0.098201,0.23602,0.51266,0.43725,-0.02765,-0.031903,0.074194,0.1874,-0.045743,-0.1215,-0.049389,-0.028256,-0.15975,0.20374,0.073316,-0.024313,-0.095398,0.30369,0.45547,0.39321,0.416,0.59104,0.48369,0.12316,0.13969,0.46346,0.38238,0.43658,0.58547,0.25984,0.67281,0.13015,-0.050456,0.22842,0.18948,0.10197,0.090314,0.36257,0.29651,0.64173,0.61155,0.46123,0.51879,0.31098,0.37934,0.29626,0.50426,0.3334,0.1149,0.019805,-0.29437,0.0024369,0.10835,0.35836,-0.035201,0.41628,0.35124,0.20345,0.072723,0.1119,0.17884
0.40564,0.51908,0.036518,0.12515,0.20516,-0.058659,0.31315,0.16163,0.34012,0.48425,0.14194,0.063045,0.042371,-0.003432,-0.081938,0.1836,-0.15716,0.1208,0.35308,0.26936,-0.20845,0.034375,0.18862,0.14105,0.0015032,0.26784,0.27463,0.17369,0.12502,0,0.56076,0.49049,-0.39343,-0.34339,0.49689,0.50137,0.11484,-0.033376,0.52564,0.41633,0.23791,0.23431,0.25882,-0.058497,0.68781,0.47487,-0.5317,-0.47543,-0.19341,-0.12565,-0.18267,-0.10819,0.19728,0.040012,0.17889,0.12207,-0.099084,-0.22227,-0.2762,0.38041,0.22025,0.20001,0.22117,0.081131,0.12711,-0.15486,-0.26432,-0.035821,0.1519,0.76232,0.31048,0.68556,0.2987,0.61701,0.1651,0.157,0.17252,-0.073491,-0.15292,-0.40337,-0.30755,0.091498,0.021029,0.16082,0.10198,0.073333,0.095902,-0.27529,-0.35647,-0.060025,-0.35466,0.019742,-0.078703,0.41583,0.064185,0.11079,0.052158,-0.11438,-0.10272,-0.087325,0.1424,-0.21194,-0.00086811,0.041128,-0.19932
-0.090233,0.51206,-0.28648,-0.29977,-0.28531,0.10805,-0.10028,0.26736,-0.24173,0.52452,-0.043814,0.19484,0.20037,-0.058403,-0.17665,0.307,-0.25898,0.13203,0.12296,0.0113,0.07814,0.33053,0.33204,0.34872,-0.09051,-0.18228,0.48555,0.33575,0.10313,0.56076,0,0.87513,-0.0039072,-0.31742,0.56978,0.47109,0.0027068,-0.45438,0.020737,-0.018833,-0.08344,0.54225,0.39202,0.33226,1.5735,0.45161,-0.20123,-0.32063,0.27184,-0.0038908,0.084032,-0.086018,-0.46114,-0.095468,-0.24333,0.34929,-0.10569,-0.10447,-0.18352,-0.11031,0.36355,0.032539,0.25479,-0.14283,-0.061042,-0.059312,-0.19577,-0.19082,0.066535,0.65748,0.13261,0.71025,0.43961,0.51929,0.20188,-0.54353,-0.24701,-0.31543,-0.43166,-0.43193,-0.59463,-0.14723,-0.32999,-0.06384,-0.27306,-0.1843,-0.32202,-0.19154,-0.37696,0.17297,-0.17317,-0.28002,-0.055558,-0.089251,-0.17368,-0.21701,-0.12292,-0.094662,-0.056209,0.16326,0.35597,-0.38346,-0.11801,-0.040994,-0.23606
-0.073848,0.86939,0.20449,0.22667,-0.056855,0.52349,-0.21093,0.83113,-0.098214,0.58063,0.31649,0.6448,0.59873,0.50069,0.21439,0.56677,0.20336,0.61436,0.5495,0.13675,0.29021,0.28452,0.4248,0.46103,0.10356,0.28526,0.71106,0.3195,0.19479,0.49049,0.87513,0,0.3002,0.24531,0.18401,0.75555,0.29178,0.10764,0.041459,0.4721,-0.18552,0.8019,-0.063262,0.46951,1.013,0.79343,-0.10025,-0.16328,0.10351,0.15611,0.22656,0.1411,-0.067247,0.26733,0.17108,0.12425,-0.223,-0.26542,-0.24996,0.17414,0.82193,0.088499,0.37556,0.17729,0.32578,-0.015742,0.033575,0.013952,0.28817,0.80004,0.13537,0.44126,0.37378,0.16059,0.20997,-0.20971,0.18755,0.096758,0.075116,-0.010689,-0.15628,0.34218,0.18468,0.35456,0.14187,0.2861,0.13912,-0.22176,-0.42185,0.070534,0.029681,0.25133,0.43765,0.069309,0.29006,0.035377,0.11219,0.30995,0.078129,0.096353,0.43575,-0.12657,0.39243,0.33434,0.34979
-0.64624,-0.011302,0.41222,0.31303,0.1164,0.61523,-0.52752,0.4468,-0.55296,0.09452,0.26783,0.78993,0.91121,0.72716,0.51613,0.39659,0.83008,0.3621,0.16791,-0.19534,0.44035,0.324,0.065246,0.28656,-0.21851,0.12821,0.37236,0.35152,0.0060528,-0.39343,-0.0039072,0.3002,0,0.95776,-0.30805,0.015107,0.35128,0.34433,-0.38721,0.12163,-0.44437,0.45868,-0.84363,0.16963,-0.023074,0.14454,0.34406,0.25222,0.51587,0.70654,0.83411,0.66641,-0.11837,0.35359,0.27471,-0.42498,-0.64531,-0.32556,-0.37228,-0.21809,0.49272,0.085647,0.46787,0.21349,0.18013,0.020509,0.20983,-0.022201,0.020438,0.10441,-0.43399,-0.24534,-0.27439,-0.36634,0.061938,-0.11199,0.21679,0.62872,0.61553,0.93203,0.5975,0.45928,0.40661,0.32817,0.28597,0.48941,0.30182,-0.022014,-0.031742,0.27828,0.53537,0.27604,0.91977,-0.095053,0.51936,0.39426,0.63858,0.6881,0.52301,0.23795,0.26376,0.40856,0.55632,0.52646,0.60677
-0.28173,0.16981,0.56736,0.58963,0.19095,0.79879,-0.37832,0.63379,-0.19639,-0.014276,0.36152,0.66304,0.68285,0.96092,0.3911,0.20967,0.81826,0.61208,0.36072,-0.056416,0.31738,0.15349,0.06425,0.2618,-0.018486,0.34112,0.27963,0.17548,0.087391,-0.34339,-0.31742,0.24531,0.95776,0,-0.59391,0.21715,0.37392,0.69247,-0.2635,0.31754,-0.23665,0.28836,-1.1422,0.13978,-0.18417,0.24289,0.1976,0.15922,0.14193,0.54876,0.60266,0.35136,0.15794,0.47461,0.46474,-0.38085,-0.61879,-0.41693,-0.41842,-0.055621,0.51007,-0.058352,0.23406,0.20774,0.22684,-0.094213,0.13962,0.16057,0.13105,-0.073541,-0.50448,-0.39684,-0.25338,-0.44701,-0.0046451,0.14739,0.52744,0.66642,0.97941,1.0881,0.95806,0.52297,0.64752,0.53102,0.65289,0.7905,0.74243,-0.15038,-0.08527,0.032132,0.45964,0.56674,1.114,0.07026,0.72056,0.28057,0.49968,0.45993,0.39142,-0.027356,0.20874,0.30704,0.57933,0.5103,0.69865
0.097452,-0.09725,-0.1824,-0.27792,-0.023999,-0.64707,0.23608,-0.5539,0.15406,-0.0013248,-0.030287,-0.23109,-0.25382,-0.51936,-0.049077,-0.21255,-0.54537,-0.38558,-0.037293,-0.017134,-0.48923,-0.32224,-0.21682,-0.46178,-0.14983,-0.2251,-0.17816,-0.10968,-0.040119,0.49689,0.56978,0.18401,-0.30805,-0.59391,0,0.32189,0.42557,-0.060586,0.70672,0.077635,0.095137,-0.18832,0.37773,-0.54367,0.57029,0.17676,-0.1796,-0.29035,-0.30776,-0.25213,-0.33787,-0.5804,-0.27263,-0.69704,-0.19307,0.046034,0.043549,0.089034,0.046232,0.042712,-0.32932,0.20698,0.026567,-0.065083,-0.28509,-0.17254,-0.24752,0.39435,0.40523,0.25195,0.22027,0.43251,0.15813,0.37908,0.030021,0.046964,-0.30033,-0.26416,-0.48507,-0.43952,-0.47825,-0.28499,-0.35359,-0.17817,-0.33576,-0.22661,-0.32853,0.083613,-0.2975,-0.087659,-0.32107,-0.26586,-0.46715,-0.33737,-0.59712,-0.19363,-0.34461,-0.28155,-0.33132,0.0088029,0.0012371,-0.41885,-0.43809,-0.5113,-0.54517
-0.14292,0.70887,0.10859,0.12903,-0.13691,0.42068,-0.37557,0.35795,-0.012374,0.19157,0.33097,0.4744,0.30066,0.27389,-0.23436,0.048654,-0.088035,0.29303,0.23428,-0.15219,-0.29896,-0.22782,-0.2615,-0.11455,-0.35745,0.081728,0.2468,0.11961,-0.016645,0.50137,0.47109,0.75555,0.015107,0.21715,0.32189,0,0.59485,0.42651,0.12184,0.37106,-0.36909,0.065344,-0.3183,0.050697,0.59296,0.6379,-0.30118,-0.32238,-0.3003,-0.10055,0.012139,-0.40434,-0.16229,-0.004471,0.21532,-0.12205,-0.39132,-0.2773,-0.27775,-0.10928,0.40638,-0.36681,0.038134,-0.27985,-0.17063,-0.36096,-0.18778,0.20585,0.61488,0.28623,-0.1251,0.21609,0.19287,0.23353,0.10068,-0.043078,0.26903,0.011376,0.040222,-0.056417,-0.10793,-0.028562,0.053709,0.12694,0.036761,0.13839,0.065034,-0.21993,-0.4224,-0.098094,-0.0045349,0.063515,0.32024,-0.11373,0.25992,-0.15698,-0.029115,-0.1229,0.02705,-0.35666,0.12609,-0.71583,-0.058259,-0.13273,-0.055493
-0.13395,-0.09784,0.53105,0.39796,0.30023,-0.026806,-0.02586,-0.035994,0.094952,-0.26725,0.45628,0.29343,0.40708,0.27067,0.26002,-0.15506,0.2046,0.19067,0.30582,-0.028497,-0.48136,-0.42871,-0.52556,-0.41368,-0.12716,0.045308,-0.20501,0.027631,0.14036,0.11484,0.0027068,0.29178,0.35128,0.37392,0.42557,0.59485,0,1.0634,0.59103,0.49838,-0.24755,-0.2533,-0.63205,-0.66794,0.12082,0.38325,0.22059,0.20761,-0.39342,0.077557,0.10331,-0.24424,0.015513,-0.19363,0.30213,-0.59276,-0.43188,-0.058897,-0.10755,-0.021233,-0.12189,-0.0064617,0.17075,0.058281,-0.085608,-0.0095059,0.24866,0.67574,0.61661,0.047053,-0.11882,0.055362,0.029947,0.081682,0.2541,0.44965,0.24439,0.50071,0.42265,0.46039,0.3047,0.29103,0.3796,0.35463,0.28609,0.51171,0.41311,0.22071,-0.02892,0.0037313,0.2722,0.44097,0.3469,-0.32281,0.060116,0.12276,0.1671,0.34154,0.046441,-0.08851,0.072097,-0.081002,-0.089644,-0.14169,0.14367
0.013105,0.033288,0.78209,0.7298,0.53303,0.23189,-0.08393,0.14187,0.34055,-0.22967,0.74125,0.46516,0.39597,0.56154,0.32973,-0.19837,0.44462,0.26778,0.30117,-0.055492,-0.30647,-0.58584,-0.47458,-0.37248,0.004104,0.39821,-0.13324,-0.12912,-0.11547,-0.033376,-0.45438,0.10764,0.34433,0.69247,-0.060586,0.42651,1.0634,0,0.39083,0.78849,-0.1774,-0.21308,-0.96575,-0.47575,-0.23094,0.32506,0.026219,0.11914,-0.51682,0.14691,0.11311,-0.12385,0.46096,0.1871,0.63477,-0.61789,-0.35307,-0.22376,-0.1453,0.24475,0.069767,-0.16905,-0.076015,0.10734,0.0049811,-0.2028,0.16214,0.57069,0.49917,-0.18682,-0.2752,-0.33586,-0.21971,-0.26484,-0.010693,0.71435,0.66793,0.68022,0.79223,0.69339,0.63943,0.44456,0.66021,0.41303,0.45802,0.64617,0.59318,0.01567,-0.090437,-0.16041,0.2295,0.58698,0.521,-0.04691,0.48786,0.32242,0.32203,0.36661,0.22927,-0.37252,-0.15275,0.061269,0.18552,0.038036,0.43981
0.63048,-0.13769,0.36841,0.35149,0.52212,-0.69451,0.8506,-0.34018,0.8636,-0.060927,0.32326,-0.21833,-0.1371,-0.15405,0.23359,-0.2578,-0.1294,-0.040758,0.36451,0.43893,-0.46411,-0.50193,-0.09546,-0.38899,0.42867,0.1942,-0.401,-0.25117,0.24703,0.52564,0.020737,0.041459,-0.38721,-0.2635,0.70672,0.12184,0.59103,0.39083,0,0.60709,0.57746,-0.2566,0.21109,-0.84175,0.18705,0.34263,-0.077775,-0.035659,-0.6767,-0.24352,-0.41787,-0.39579,0.47821,-0.24593,0.22102,-0.064982,0.11799,0.093882,0.12184,0.61005,-0.39935,0.35555,-0.012091,0.29658,0.065831,-0.00030618,0.072986,0.6142,0.33739,0.11326,0.33428,0.3508,0.24901,0.29935,0.18172,0.83996,0.18793,0.21452,0.10926,-0.058096,0.0060522,0.21725,0.24989,0.34257,0.30833,0.32892,0.31774,0.16674,-0.047093,-0.19599,-0.17651,0.33148,-0.238,0.057722,-0.28063,0.1606,-0.033006,0.12298,-0.20918,-0.14417,-0.15196,0.01315,-0.233,-0.25012,-0.081282
0.36291,0.53963,1.0497,1.1654,0.6537,0.18899,0.14897,0.38456,0.83004,0.49152,1.1019,0.67179,0.52496,0.69026,0.62183,0.20945,0.52388,0.50751,0.7763,0.35367,0.048436,-0.33526,0.10083,-0.0090005,0.38989,0.9607,0.14515,-0.10326,0.006657,0.41633,-0.018833,0.4721,0.12163,0.31754,0.077635,0.37106,0.49838,0.78849,0.60709,0,0.22623,0.30588,-0.2615,-0.12784,0.24786,1.0563,-0.22008,-0.12322,-0.58289,0.14227,0.034397,0.013338,0.93475,0.45354,0.91819,-0.26603,-0.11652,-0.25114,-0.04329,1.0479,0.43461,0.11557,-0.049397,0.42584,0.35529,-0.21719,0.08851,0.3761,0.42179,0.25222,0.12533,0.080903,0.15374,-0.05945,0.13966,0.83446,1.1225,0.73859,0.69392,0.36853,0.38499,0.81458,0.92894,0.79878,0.66914,0.82416,0.58109,-0.1289,-0.2597,-0.11493,0.072587,0.61412,0.44703,0.41919,0.60774,0.64685,0.44756,0.46176,0.25505,-0.38105,-0.31776,0.15411,0.48461,0.16746,0.60456
1.0714,-0.0035782,0.13106,0.20784,0.52522,-0.40745,1.1931,-0.063175,0.74503,0.22929,0.14112,-0.3617,-0.21796,-0.16818,0.17223,-0.046079,0.018921,0.051403,0.17089,0.6053,0.16788,0.11189,0.54829,0.16594,0.65714,0.31089,-0.027467,-0.072909,0.33406,0.23791,-0.08344,-0.18552,-0.44437,-0.23665,0.095137,-0.36909,-0.24755,-0.1774,0.57746,0.22623,0,0.14625,0.61765,-0.082578,-0.018759,0.13605,-0.13941,-0.073641,-0.17857,0.0405,-0.12446,-0.086211,0.60791,0.093298,0.087024,0.37111,0.36986,0.14884,0.14809,0.59323,-0.19253,0.27682,-0.20444,0.21643,0.11541,0.049981,-0.051787,-0.039735,-0.239,-0.033353,0.21479,0.2527,0.27417,0.15723,0.1315,0.48299,0.19574,0.060294,0.08842,-0.05892,0.14172,0.1291,0.16677,0.38015,0.39784,0.18327,0.26063,0.051293,0.067353,0.036798,-0.059342,0.21978,-0.18631,0.48659,-0.19857,0.18635,0.11759,-0.031825,0.077092,-0.043124,-0.20792,0.27277,0.052616,-0.031158,0.068813
0.0012905,0.77487,0.22473,0.28431,0.16506,0.66052,-0.1582,0.98658,-0.1414,1.0122,0.27836,0.59229,0.6176,0.53854,0.38512,0.86557,0.52474,0.55724,0.41382,0.099106,0.85143,0.75974,1.064,0.99472,0.17327,0.4704,1.0533,0.45999,0.11721,0.23431,0.54225,0.8019,0.45868,0.28836,-0.18832,0.065344,-0.2533,-0.21308,-0.2566,0.30588,0.14625,0,0.041339,0.86917,0.59331,0.52229,-0.12691,-0.18549,0.52802,0.59058,0.57411,0.65792,0.15636,0.75187,0.3001,0.28601,-0.14407,-0.35485,-0.33998,0.29052,1.2038,0.18725,0.30999,0.33317,0.39699,-0.030706,-0.054887,-0.39154,-0.14555,0.64151,-0.014737,0.22945,0.22336,-0.00083186,0.11443,-0.26149,0.32053,0.18661,0.16073,0.17042,0.096568,0.51038,0.28116,0.44867,0.26081,0.30606,0.14209,-0.35493,-0.33608,0.19883,0.085928,0.17162,0.55745,0.39829,0.47024,0.37324,0.48168,0.38661,0.48236,0.24429,0.29447,0.27815,0.90464,0.7489,0.61202
0.47579,-0.01768,-0.50081,-0.4562,-0.19564,-0.6347,0.59081,-0.30108,0.27655,0.23032,-0.33188,-0.58409,-0.60005,-0.69949,-0.18997,-0.0010374,-0.61894,-0.2935,-0.16743,0.37358,0.10517,0.12221,0.41828,0.0893,0.38764,-0.16323,-0.065332,-0.18047,0.12291,0.25882,0.39202,-0.063262,-0.84363,-1.1422,0.37773,-0.3183,-0.63205,-0.96575,0.21109,-0.2615,0.61765,0.041339,0,0.16246,0.27628,-0.11043,-0.14145,-0.14813,-0.0055473,-0.41472,-0.49732,-0.21452,-0.030673,-0.27225,-0.46715,0.73322,0.79783,0.4234,0.44827,0.22367,-0.2845,0.24658,-0.17153,-0.035167,0.01674,0.16254,-0.10895,-0.22605,-0.28698,0.11017,0.57911,0.49471,0.40822,0.33769,0.031829,-0.16662,-0.44283,-0.59996,-0.73283,-0.93658,-0.74884,-0.38354,-0.50242,-0.25687,-0.3469,-0.53546,-0.49659,0.12388,0.065228,0.0093883,-0.38197,-0.33936,-0.84124,0.13565,-0.64633,-0.26825,-0.44197,-0.34118,-0.35579,0.07695,-0.11508,-0.12868,-0.3255,-0.26211,-0.41333
-0.098587,0.72539,-0.15841,-0.081448,-0.31913,0.77035,-0.35168,0.8846,-0.35133,0.58897,-0.070518,0.34191,0.32269,0.34672,-0.065917,0.65422,0.21921,0.35488,0.079539,-0.013954,0.90093,0.75655,0.73908,0.79703,0.020277,0.1307,0.85024,0.40248,0.085756,-0.058497,0.33226,0.46951,0.16963,0.13978,-0.54367,0.050697,-0.66794,-0.47575,-0.84175,-0.12784,-0.082578,0.86917,0.16246,0,0.23411,0.14649,-0.04807,-0.052241,0.49173,0.20603,0.3583,0.44898,-0.11378,0.51838,-0.061946,0.38731,0.064074,-0.070468,-0.043671,-0.064334,0.83711,-0.20829,0.048416,-0.041021,0.24767,0.066602,-0.013232,-0.66895,-0.21785,0.32897,0.019388,0.061672,0.21639,-0.10592,0.041957,-0.6077,0.040251,-0.17149,-0.096179,-0.12378,-0.16004,0.059869,-0.054145,0.05752,-0.049915,-0.12461,-0.17134,-0.22152,-0.088803,0.24891,0.16789,-0.11568,0.27884,0.25915,0.32635,-0.041546,0.11109,0.044846,0.29935,0.13291,0.20222,-0.018075,0.51168,0.42957,0.36181
-0.033496,0.68414,0.0064605,-0.0015948,-0.13748,0.14308,-0.088563,0.35283,-0.038399,0.63614,0.16206,0.2915,0.2607,0.050516,0.011728,0.37225,-0.11011,0.34741,0.33118,0.14979,0.050567,0.22315,0.31222,0.33075,0.024983,0.038624,0.35391,0.15483,0.098201,0.68781,1.5735,1.013,-0.023074,-0.18417,0.57029,0.59296,0.12082,-0.23094,0.18705,0.24786,-0.018759,0.59331,0.27628,0.23411,0,0.74031,-0.17421,-0.28216,0.10866,0.0061452,0.023579,-0.070538,-0.19877,0.044759,0.050517,0.22629,-0.12311,-0.12571,-0.13814,0.14006,0.48784,0.1537,0.27395,0.068573,0.12405,-0.070959,-0.10444,-0.095251,0.1442,0.72898,0.25319,0.84946,0.58925,0.59313,0.30449,-0.24374,0.011291,-0.10207,-0.24789,-0.32808,-0.47729,0.097034,-0.05903,0.15131,-0.05787,0.048123,-0.13314,-0.14637,-0.37703,0.075313,-0.16909,-0.025918,0.09341,0.071403,-0.0027418,-0.017685,-0.018659,0.0039245,-0.049644,0.09848,0.24388,-0.29187,0.020762,0.073937,-0.051776
