,,,,,,,,,,,,,,,,,,,,,,,,,,,,,,,,,,,,,,,,,,,,,,,,,,,,,,,,,,,,,,,,,,,,,,,,,,,,,,,,,,,,,,,,,,,,,,,,,,,,,,,,
0,-0.12605,-0.043547,0.00033602,0.50684,-0.82715,1.3426,-0.47739,0.85157,-0.15912,-0.048489,-0.76259,-0.58735,-0.54753,-0.029992,-0.5107,-0.35255,-0.47523,0.12917,0.39706,-0.21137,-0.21402,0.28954,-0.32803,0.46964,0.051051,-0.21378,-0.14688,0.18324,0.40674,-0.146,-0.27747,-0.80548,-0.6539,0.44272,-0.27767,-0.066489,-0.0098009,0.93415,0.30346,1.1509,-0.1945,0.66573,-0.50091,-0.072445,-0.017761,-0.35301,-0.19783,-0.53674,-0.32494,-0.48011,-0.38666,0.49586,-0.35353,-0.17409,0.35918,0.31783,0.073875,0.10903,0.58376,-0.54134,0.16669,-0.2768,0.26347,0.067941,-0.1164,-0.26732,0.26171,0.16195,0.072271,0.24177,0.16967,0.043364,0.058095,-0.10178,0.6695,-0.042761,-0.25638,-0.26091,-0.43719,-0.16817,-0.10585,-0.11415,0.041399,0.065018,-0.12154,0.069415,-0.035375,-0.15353,-0.20492,-0.34201,-0.05023,-0.78536,0.31759,-0.56992,-0.11429,-0.34079,-0.35346,-0.34287,0.061335,-0.12306,-0.023738,-0.21483,-0.29776,-0.22117
-0.12605,0,0.15111,0.13997,-0.097347,0.59975,-0.45112,0.68076,-0.034967,0.74868,0.38377,0.59242,0.33207,0.21192,-0.10826,0.34641,-0.012103,0.3349,0.19051,-0.24557,0.037321,-0.046119,0.058396,0.046657,-0.34293,0.2365,0.46342,0.029412,-0.26095,0.57286,0.69336,0.84523,-0.025286,-0.12919,0.35371,0.75006,0.073504,0.012734,-0.036186,0.4541,-0.27443,0.59306,-0.016958,0.47296,0.94968,0.89644,-0.55173,-0.53016,-0.05513,-0.096607,-0.061017,0.0024758,-0.00692,0.34102,0.32561,0.075491,-0.26382,-0.38579,-0.18879,0.21818,1.0368,-0.18908,0.087843,0.12399,0.14446,-0.509,-0.29837,-0.21075,0.41621,0.69366,0.12863,0.38114,0.3174,0.21881,0.044652,-0.17297,0.35795,-0.10919,-0.37495,-0.39289,-0.56699,0.16604,0.023031,0.025707,-0.30777,-0.12005,-0.51487,-0.41504,-0.61437,-0.18949,-0.22126,-0.15176,0.26386,0.14536,0.51198,0.11783,0.041395,-0.079276,0.12997,-0.083207,0.0032594,-0.4889,0.32806,0.13734,0.16852
-0.043547,0.15111,0,2.2489,0.67126,0.022907,0.023494,0.2221,0.48354,0.49609,1.1433,0.55343,0.50164,0.68786,0.9262,0.57265,0.91489,0.56948,0.6565,0.27398,0.14811,-0.24148,0.024713,-0.041055,0.37613,1.2548,-0.11541,-0.15765,0.062916,0.14072,-0.2273,0.18289,0.23218,0.264,-0.057035,0.023856,0.4104,0.62642,0.40965,0.95117,0.18036,0.26868,-0.23843,-0.15208,-0.021597,0.57425,0.13272,0.20039,-0.21608,0.29253,0.053828,0.39076,1.0601,0.82116,1.5027,-0.45496,0.14515,0.037294,0.16233,0.77086,0.3405,0.37291,0.060187,0.51925,0.35742,0.12456,0.50864,0.11746,0.037664,0.1185,0.33012,0.051642,0.27595,-0.0047974,0.31706,0.77474,1.3168,1.5276,1.0466,0.58978,0.49241,1.4246,2.0769,1.4389,0.97853,1.2375,0.62968,0.22646,0.16621,0.025446,0.25231,1.0154,0.66383,0.34028,0.67673,1.338,0.97663,1.0508,0.68243,-0.36562,-0.40319,0.52152,0.73258,0.39325,1.0133
0.00033602,0.13997,2.2489,0,0.67013,-0.01248,0.040782,0.16453,0.53474,0.46238,0.9556,0.4687,0.35954,0.61439,0.80939,0.48979,0.77862,0.4801,0.71894,0.25267,0.062619,-0.30515,0.0086306,-0.071698,0.36482,1.2582,-0.18683,-0.21097,0.057083,0.20473,-0.29987,0.11125,0.14914,0.25096,-0.096683,0.0042116,0.35317,0.63333,0.44487,0.96846,0.18931,0.20598,-0.25688,-0.2291,-0.06574,0.51439,0.029822,0.10035,-0.24486,0.21109,-0.035459,0.39939,1.2244,0.84831,1.6309,-0.39206,0.11849,-0.069094,0.076127,0.82143,0.32241,0.43185,0.10662,0.6062,0.39991,0.055596,0.39948,0.1825,0.063533,0.1187,0.31035,0.0019862,0.18588,-0.02134,0.20096,0.83524,1.4047,1.3626,0.99829,0.53926,0.5159,1.4281,2.1703,1.3102,1.0768,1.3097,0.72863,0.10287,0.11621,-0.12467,0.10363,0.96076,0.57698,0.40831,0.7132,1.2783,0.87904,0.94492,0.53878,-0.36713,-0.37086,0.49751,0.68549,0.44378,0.84559
0.50684,-0.097347,0.67126,0.67013,0,-0.18766,0.44813,-0.087854,0.63751,0.20574,0.68468,0.024956,0.074225,0.055086,0.64839,-0.067279,0.45177,0.058137,0.16902,0.090314,-0.12748,-0.14262,0.14968,-0.011659,0.24786,0.72886,0.04427,-0.071196,-0.19067,0.22073,-0.30412,-0.17123,0.057516,0.096578,0.21327,-0.235,0.27605,0.47889,0.63094,0.64009,0.68485,0.17816,-0.075967,-0.53737,-0.13321,0.16459,-0.18908,-0.091328,-0.12638,0.55094,0.25088,0.12188,0.93637,0.42266,0.6359,-0.059613,0.16889,-0.096559,-0.10972,0.63627,-0.033121,0.29612,-0.176,0.2867,-0.035195,-0.13404,-0.053604,0.14277,-0.091127,-0.099794,-0.11606,-0.083005,-0.1234,0.019964,-0.025316,0.8054,0.71677,0.55847,0.50695,0.50335,0.65722,0.54732,0.61401,0.61464,0.52997,0.57283,0.54376,-0.025708,-0.087477,-0.054528,-0.11016,0.53166,0.22145,0.47469,0.25294,0.67707,0.54344,0.24036,0.43745,-0.069074,-0.24324,0.47999,0.40063,0.2297,0.37965
-0.82715,0.59975,0.022907,-0.01248,-0.18766,0,-1.175,1.2003,-0.85023,0.1788,0.090342,0.65389,0.57766,0.47358,-0.048932,0.38503,0.34489,0.50352,-0.14004,-0.75832,0.20466,0.34359,-0.032773,0.42477,-0.6797,0.0076206,0.66501,0.2944,-0.29608,-0.15895,0.21437,0.52815,0.71213,0.74268,-0.33481,0.43687,0.077244,0.12501,-0.80382,-0.11219,-0.88534,0.54055,-0.77005,0.75111,0.23948,0.073912,0.041867,-0.040412,0.59168,0.41946,0.6215,0.44227,-0.37675,0.56667,0.2012,-0.076966,-0.46624,-0.39363,-0.40931,-0.42481,1.0253,-0.29684,0.29245,-0.059666,0.016955,-0.12908,-0.037558,-0.34265,0.067711,0.2241,-0.39715,-0.1728,-0.11763,-0.14929,-0.080776,-0.69681,0.11207,-0.0049079,-0.047224,0.26469,0.029257,0.1746,0.026829,-0.090924,-0.2719,-0.028035,-0.20002,-0.30453,-0.25372,-0.036134,0.10438,0.027498,0.87226,-0.17415,0.75667,0.013017,0.20523,0.13302,0.33433,0.28867,0.43642,-0.12048,0.52766,0.58166,0.39665
1.3426,-0.45112,0.023494,0.040782,0.44813,-1.175,0,-0.54081,0.70747,-0.20945,-0.080443,-0.78907,-0.47751,-0.45026,0.11265,-0.30383,-0.18838,-0.2789,0.16323,0.81111,-0.027941,-0.037432,0.37463,-0.15233,0.73528,0.044084,-0.33085,-0.12455,0.47149,0.30141,-0.15513,-0.3147,-0.58086,-0.52057,0.33025,-0.44997,-0.042564,-0.097236,0.95515,0.15207,1.5047,-0.21058,0.7397,-0.56147,-0.13492,-0.11195,-0.02942,0.072931,-0.33614,-0.25044,-0.43985,-0.22143,0.46201,-0.37764,-0.20199,0.23263,0.31341,0.26044,0.20161,0.4996,-0.72599,0.44091,-0.066398,0.29829,0.17665,0.1864,0.021017,0.15977,-0.11417,0.034965,0.37955,0.33918,0.1666,0.16989,0.13965,0.72009,-0.14987,-0.036384,-0.0030926,-0.25763,-0.046015,-0.039811,-0.012945,0.22102,0.32984,0.070454,0.28853,0.24328,0.13211,0.040065,-0.081971,0.16202,-0.61501,0.33674,-0.6967,0.0021818,-0.13259,-0.080627,-0.24419,0.077556,-0.074603,0.24954,-0.24728,-0.2356,-0.15123
-0.47739,0.68076,0.2221,0.16453,-0.087854,1.2003,-0.54081,0,-0.5957,0.34397,0.17465,0.58846,0.68943,0.57298,0.17115,0.7039,0.49251,0.86406,0.17189,-0.23037,0.5611,0.54266,0.40613,0.68844,-0.16413,0.14802,0.68887,0.28047,0.037095,0.019395,0.39442,0.8759,0.62407,0.54794,-0.25507,0.28493,0.037959,0.011837,-0.42368,0.07424,-0.41854,0.98018,-0.35356,0.91575,0.47843,0.26009,0.16736,0.097726,0.62792,0.31572,0.40867,0.68533,-0.1379,0.70283,0.23746,0.063833,-0.35655,-0.29405,-0.28097,-0.067757,1.221,0.066338,0.56278,0.3471,0.44332,0.098593,0.18141,-0.43678,-0.0070608,0.60404,0.0029596,0.20184,0.21683,-0.031788,0.1641,-0.45885,0.098277,0.10871,-0.011988,0.12552,-0.1561,0.46213,0.18204,0.20579,-0.054807,0.14471,-0.10447,-0.1585,-0.20601,0.035475,0.16525,0.26869,0.82018,0.020104,0.60674,0.17054,0.29466,0.42638,0.34016,0.48421,0.55768,0.09723,0.74521,0.84682,0.72659
0.85157,-0.034967,0.48354,0.53474,0.63751,-0.85023,0.70747,-0.5957,0,0.15813,0.54938,-0.17778,-0.39194,-0.22491,0.32516,-0.26339,-0.1227,-0.15199,0.28957,0.5457,-0.38126,-0.77801,-0.1237,-0.56728,0.61787,0.58193,-0.54728,-0.61811,-0.13452,0.41174,-0.24505,-0.22673,-0.71786,-0.56703,0.45843,-0.091965,0.16058,0.3281,1.1719,0.82262,0.72622,-0.30449,0.44977,-0.76662,-0.050552,0.35768,-0.33577,-0.15831,-0.97155,-0.29771,-0.64297,-0.41695,1.0887,-0.042061,0.38901,-0.037021,0.61367,0.22132,0.41007,1.1383,-0.37369,0.25136,-0.48403,0.22192,0.074398,-0.14547,-0.0045714,0.40245,0.13089,-0.14148,0.45601,0.15385,0.17833,0.15322,0.0097836,1.413,0.54978,0.26011,0.1825,-0.17398,0.018979,0.20742,0.38385,0.32086,0.32194,0.23947,0.21335,0.15935,0.0078044,-0.23309,-0.32479,0.29675,-0.40432,0.46887,-0.06855,0.35008,-0.0021107,-0.019793,-0.13419,-0.61315,-0.7837,0.076271,-0.10774,-0.32351,-0.013708
-0.15912,0.74868,0.49609,0.46238,0.20574,0.1788,-0.20945,0.34397,0.15813,0,0.6316,0.73196,0.5049,0.28467,0.45492,0.74778,0.38781,0.41218,0.33704,0.11973,0.36408,0.10885,0.32004,0.3274,0.0086855,0.61987,0.34537,-0.013584,-0.2035,0.46104,0.60226,0.4887,0.17686,-0.24721,0.32504,0.10883,-0.11607,-0.20311,0.076943,0.54449,0.079821,0.88319,0.20911,0.29306,0.77521,1.0049,-0.30691,-0.32912,0.129,0.25177,0.11732,0.35776,0.30244,0.60123,0.62688,-0.008469,-0.028464,-0.1928,-0.02072,0.53156,0.8324,0.31682,0.15744,0.33809,0.26765,-0.22408,-0.050709,-0.33754,-0.059403,0.54162,0.29489,0.49479,0.38638,0.32671,0.26979,0.060551,0.60567,0.42188,0.062773,-0.025432,-0.15338,0.55885,0.4173,0.44826,0.12305,0.26622,-0.21635,-0.15739,-0.24523,0.10679,-0.06624,0.058291,0.36435,0.49062,0.56085,0.8112,0.60682,0.34634,0.46727,-0.10633,-0.3244,0.13136,0.54157,0.26125,0.34718
-0.048489,0.38377,1.1433,0.9556,0.68468,0.090342,-0.080443,0.17465,0.54938,0.6316,0,0.7658,0.48385,0.43481,0.69962,0.31713,0.51292,0.51424,0.28344,0.12645,-0.083295,-0.41629,-0.19417,-0.16164,0.15431,0.99465,0.021802,-0.26833,-0.339,0.24993,0.085856,0.34752,0.17312,0.10872,0.36414,0.33792,0.59514,0.64427,0.44707,1.0537,0.10649,0.26486,-0.15562,-0.21057,0.28908,0.90184,-0.10989,-0.041961,-0.29881,0.31963,0.096776,-0.0032317,0.68541,0.55289,1.1003,-0.38804,0.1737,0.062368,0.18854,0.64602,0.37072,0.096553,-0.22016,0.099671,-0.0056607,-0.17528,0.21225,0.092708,0.10486,0.01382,0.15704,0.17333,0.29855,0.18091,0.26235,0.60935,1.2172,0.86365,0.5935,0.38258,0.26228,0.64724,0.83805,0.72286,0.37696,0.61777,0.18851,0.18293,-0.063653,0.069211,0.10577,0.62672,0.56089,0.26079,0.64077,0.87105,0.68242,0.48868,0.62637,-0.62693,-0.58502,0.14992,0.42211,0.080888,0.58878
-0.76259,0.59242,0.55343,0.4687,0.024956,0.65389,-0.78907,0.58846,-0.17778,0.73196,0.7658,0,0.96033,0.86864,0.48023,0.62733,0.51347,0.53707,0.29534,-0.24891,0.21573,-0.10324,-0.11269,0.11868,-0.24532,0.50179,0.47966,0.032234,-0.36431,0.09178,0.42183,0.84521,0.77722,0.45833,0.15635,0.54419,0.47925,0.37427,-0.1542,0.5289,-0.58966,0.59071,-0.50023,0.25849,0.50043,0.7848,-0.10187,-0.19162,0.15016,0.36658,0.34492,0.29425,0.018837,0.54583,0.63816,-0.34872,-0.30585,-0.333,-0.18792,0.11688,1.0463,0.050217,0.24519,0.089936,0.079894,-0.29193,0.05097,0.033654,0.2269,0.2819,-0.090176,0.011429,0.01258,-0.10664,0.00095304,-0.14083,0.56583,0.57584,0.39918,0.40549,0.13745,0.50083,0.45934,0.34318,0.074866,0.44117,-0.032044,-0.17999,-0.32994,0.024797,0.099779,0.2211,0.87816,-0.098889,0.91513,0.51679,0.55018,0.57135,0.50468,-0.2643,-0.064183,-0.0018732,0.55928,0.32226,0.50357
-0.58735,0.33207,0.50164,0.35954,0.074225,0.57766,-0.47751,0.68943,-0.39194,0.5049,0.48385,0.96033,0,1.2418,0.45022,0.87722,0.9369,0.48046,0.44941,-0.20906,0.46971,0.35491,0.20581,0.34615,-0.13228,0.31466,0.71958,0.68619,0.098625,-0.01712,0.40275,0.67337,0.98627,0.46907,0.019336,0.24741,0.39929,0.20281,-0.19979,0.26818,-0.35586,0.75928,-0.46316,0.41184,0.35507,0.53749,0.24328,0.13749,0.28843,0.73533,0.78838,0.4386,-0.12015,0.42102,0.42361,-0.49892,-0.46918,-0.12637,-0.18749,-0.037876,0.73565,-0.071134,0.24361,0.052917,-0.0027253,0.087778,0.30055,-0.14,0.10619,0.45028,-0.08088,0.042292,0.20214,-0.0239,0.35975,-0.23567,0.311,0.59067,0.48674,0.58733,0.23093,0.61067,0.44522,0.57386,0.23971,0.51988,0.14078,0.0047514,-0.092195,0.54673,0.63234,0.17155,0.90681,-0.32179,0.3911,0.51594,0.77792,0.74117,1.061,0.039299,0.13563,0.23047,0.68669,0.27319,0.71108
-0.54753,0.21192,0.68786,0.61439,0.055086,0.47358,-0.45026,0.57298,-0.22491,0.28467,0.43481,0.86864,1.2418,0,0.55729,0.8181,0.93311,0.44825,0.81397,-0.12593,0.33488,0.11018,0.099444,0.17316,0.050317,0.51323,0.45241,0.44559,0.10783,0.017429,0.083219,0.59433,0.78192,0.65991,-0.15931,0.24481,0.49408,0.49876,-0.09532,0.43643,-0.48374,0.45768,-0.69326,0.21714,0.11573,0.40015,0.21944,0.13579,0.058158,0.48355,0.42374,0.45377,0.092155,0.44489,0.5818,-0.69426,-0.41226,-0.19514,-0.1966,0.1369,0.6373,0.080603,0.31099,0.25593,0.20122,0.12136,0.37717,0.15252,0.22549,0.43007,0.045519,-0.1589,0.033404,-0.23774,0.12816,-0.036443,0.4134,0.7103,0.75022,0.6273,0.33475,0.84048,0.68064,0.62115,0.4494,0.79874,0.46952,-0.066881,-0.091708,0.24696,0.41833,0.37084,0.79679,-0.31414,0.50518,0.54542,0.62975,0.93393,0.65643,-0.09873,0.16508,0.33131,0.78044,0.38037,0.80169
-0.029992,-0.10826,0.9262,0.80939,0.64839,-0.048932,0.11265,0.17115,0.32516,0.45492,0.69962,0.48023,0.45022,0.55729,0,0.57456,0.94628,0.43903,0.41557,0.37697,0.55574,0.057995,0.35968,0.2825,0.58143,1.0551,0.17093,-0.14959,-0.13541,-0.064621,-0.16063,0.18258,0.46734,0.24582,-0.056623,-0.37002,0.13087,0.28221,0.20867,0.6086,0.2031,0.4717,-0.051799,-0.023528,-0.055084,0.23627,0.25355,0.26257,0.06922,0.53946,0.23453,0.56892,0.70283,0.57421,0.63178,-0.2663,0.32879,0.12294,0.21197,0.74892,0.2588,0.71074,0.10664,0.58896,0.47302,0.27846,0.44678,0.025031,-0.2547,0.091013,0.30481,-0.013695,0.018501,-0.24812,0.098638,0.44991,0.5366,0.94858,0.78529,0.57823,0.45233,0.98692,0.88202,0.71673,0.51649,0.7152,0.41282,0.25632,0.12615,0.18432,0.1649,0.7786,0.43436,0.36439,0.45216,1.0134,0.6851,0.91662,0.43902,-0.011161,-0.24476,1.0148,0.86607,0.4706,0.95479
-0.5107,0.34641,0.57265,0.48979,-0.067279,0.38503,-0.30383,0.7039,-0.26339,0.74778,0.31713,0.62733,0.87722,0.8181,0.57456,0,0.97307,0.85472,0.48625,0.27104,0.90429,0.56579,0.44545,0.64558,0.15217,0.55265,0.36923,0.27847,0.2574,0.10571,0.28099,0.51886,0.49522,0.19325,-0.24971,-0.026066,-0.1178,-0.16518,-0.25927,0.17436,-0.16612,0.82217,-0.079509,0.66653,0.32608,0.4049,0.35267,0.29003,0.36153,0.37821,0.27867,0.85296,0.11858,0.65156,0.51295,-0.3888,-0.13685,0.075149,0.091114,0.23279,0.77289,0.39101,0.46693,0.43954,0.59757,0.42392,0.57643,-0.54554,-0.27344,0.65912,0.51141,0.40283,0.50945,0.15516,0.60283,-0.099486,0.3089,0.61724,0.38596,0.22585,-0.022944,0.84234,0.59396,0.64234,0.38411,0.46181,0.11057,0.21096,0.20079,0.49146,0.52293,0.39852,0.74516,0.23628,0.51791,0.79556,0.82118,0.8724,0.66058,0.12328,0.017916,0.54811,0.93867,0.54061,0.87663
-0.35255,-0.012103,0.91489,0.77862,0.45177,0.34489,-0.18838,0.49251,-0.1227,0.38781,0.51292,0.51347,0.9369,0.93311,0.94628,0.97307,0,0.63074,0.39463,0.0699,0.59646,0.41486,0.28699,0.47441,0.15343,0.77328,0.32037,0.34936,0.12844,-0.14651,-0.18702,0.15357,0.74519,0.52682,-0.39379,-0.23566,0.11631,0.24293,-0.14762,0.27012,-0.032192,0.56473,-0.42299,0.25923,-0.13442,0.14957,0.47664,0.46272,0.30246,0.92191,0.67836,0.88984,0.36855,0.81776,0.75544,-0.57378,-0.055778,0.085311,0.027775,0.23642,0.44312,0.28503,0.21064,0.36043,0.3002,0.45297,0.64108,-0.2834,-0.29363,0.20639,0.13086,-0.06458,0.14219,-0.097462,0.41911,0.15782,0.56074,1.085,0.93679,0.92119,0.61963,1.203,1.0228,0.92798,0.67083,0.82216,0.53162,0.2642,0.30746,0.48675,0.64981,0.7059,1.0118,0.16812,0.58608,1.0954,1.2906,1.0914,1.1105,0.12329,-0.050745,0.96699,1.234,0.60365,1.3298
-0.47523,0.3349,0.56948,0.4801,0.058137,0.50352,-0.2789,0.86406,-0.15199,0.41218,0.51424,0.53707,0.48046,0.44825,0.43903,0.85472,0.63074,0,0.11294,0.32068,0.42068,0.3154,0.13601,0.61084,0.20516,0.48584,0.083378,-0.16476,0.025435,0.039057,0.19015,0.50787,0.34808,0.3461,-0.2843,0.15099,0.044081,0.050413,-0.17916,0.15261,-0.17048,0.51376,-0.14129,0.44752,0.34646,0.30754,0.42825,0.43156,0.39251,0.24786,0.13355,0.5724,0.20221,0.81579,0.53392,-0.21211,0.080577,0.19975,0.20338,0.18418,0.61231,0.33214,0.34964,0.26576,0.53425,0.46002,0.6952,-0.61259,-0.4738,0.24433,0.42328,0.53496,0.61407,0.37042,0.63575,0.0029407,0.34378,0.52083,0.35319,0.20021,-0.057678,0.61391,0.53693,0.45967,0.27468,0.37092,0.10824,0.39494,0.30809,0.24806,0.31062,0.87254,0.88761,0.38884,0.70069,0.55415,0.59757,0.67623,0.40595,0.016121,0.0193,0.42365,0.54672,0.62363,0.8174
0.12917,0.19051,0.6565,0.71894,0.16902,-0.14004,0.16323,0.17189,0.28957,0.33704,0.28344,0.29534,0.44941,0.81397,0.41557,0.48625,0.39463,0.11294,0,0.25097,0.18615,-0.10225,0.38111,-0.02091,0.49073,0.49662,0.11981,0.24136,0.40251,0.44244,0.11971,0.41668,0.091815,0.048593,0.11535,0.053425,0.3001,0.30034,0.49847,0.76116,0.091425,0.32616,-0.07155,-0.10475,0.2212,0.5648,-0.10367,-0.12723,-0.28867,-0.010745,-0.14843,0.24362,0.46992,0.22897,0.47548,-0.24141,-0.24905,-0.28247,-0.1784,0.65655,0.31233,0.38671,0.33514,0.69348,0.4402,-0.0023204,0.1567,0.41973,0.392,0.68006,0.37015,0.087349,0.16719,-0.088241,0.055989,0.35025,0.38554,0.49335,0.45288,0.12314,0.071055,0.82627,0.62833,0.75371,0.67405,0.83547,0.57321,-0.23591,-0.23316,-0.065609,0.0069981,0.24199,0.11248,-0.048479,0.10841,0.4861,0.32485,0.68498,0.21431,-0.1135,0.091715,0.24485,0.42796,0.22226,0.41629
0.39706,-0.24557,0.27398,0.25267,0.090314,-0.75832,0.81111,-0.23037,0.5457,0.11973,0.12645,-0.24891,-0.20906,-0.12593,0.37697,0.27104,0.0699,0.32068,0.25097,0,0.30394,0.048133,0.28983,0.083493,1.0096,0.33326,-0.42715,-0.39107,0.44146,0.27651,0.0051255,-0.0088689,-0.40285,-0.45966,0.11388,-0.31389,-0.142,-0.21696,0.52636,0.17776,0.65776,-0.056296,0.76115,-0.1686,0.068257,0.10673,0.26649,0.36041,-0.21731,-0.32908,-0.61686,0.044347,0.46098,-0.10037,0.034826,-0.067262,0.49073,0.57619,0.61262,0.6267,-0.32175,0.76609,0.12383,0.39834,0.62713,0.56795,0.53206,-0.17952,-0.42281,0.17455,1.2245,0.79409,0.61095,0.36864,0.55291,0.60285,-0.022839,0.25986,0.18737,-0.29076,-0.25807,0.20248,0.24598,0.35837,0.40866,0.18226,0.18687,0.66478,0.46265,0.25984,0.14222,0.51146,-0.22676,0.56108,-0.23501,0.30777,0.10791,0.2937,-0.15807,-0.1228,-0.27205,0.4763,-0.027384,-0.068875,0.14949
-0.21137,0.037321,0.14811,0.062619,-0.12748,0.20466,-0.027941,0.5611,-0.38126,0.36408,-0.083295,0.21573,0.46971,0.33488,0.55574,0.90429,0.59646,0.42068,0.18615,0.30394,0,0.86677,0.95455,0.78087,0.28806,0.14876,0.45153,0.24793,0.35687,-0.2345,0.20173,0.34953,0.51727,0.11023,-0.31129,-0.45143,-0.38912,-0.46781,-0.35012,-0.10694,0.038799,0.82751,0.2149,0.87388,0.12316,-0.011189,0.5321,0.44075,0.61238,0.25657,0.27384,0.96097,-0.049473,0.31733,-0.055107,0.10341,0.063391,0.13067,0.15331,0.11318,0.41729,0.52406,0.53203,0.60736,0.77442,0.56329,0.45678,-0.4981,-0.32607,0.49352,0.3916,0.24583,0.2338,-0.235,0.29453,-0.27378,-0.19007,0.20782,0.060886,0.084753,-0.1139,0.44222,0.16692,0.28517,0.078223,0.090144,-0.116,0.24845,0.19484,0.386,0.43492,0.19914,0.2908,0.1643,0.094729,0.29939,0.30182,0.60327,0.23834,0.72422,0.25979,0.61213,0.71515,0.56448,0.69627
-0.21402,-0.046119,-0.24148,-0.30515,-0.14262,0.34359,-0.037432,0.54266,-0.77801,0.10885,-0.41629,-0.10324,0.35491,0.11018,0.057995,0.56579,0.41486,0.3154,-0.10225,0.048133,0.86677,0,0.80698,1.2708,-0.044557,-0.18474,0.58911,0.68052,0.36482,-0.12748,0.258,0.11872,0.42605,0.13665,-0.36513,-0.40434,-0.53028,-0.71768,-0.56326,-0.59282,0.027646,0.66324,0.078193,0.75712,0.12482,-0.30733,0.43668,0.3333,1.0308,0.50913,0.60399,0.72057,-0.40453,0.17406,-0.27435,0.10254,-0.24582,0.062261,-0.15757,-0.32445,0.25707,0.19265,0.4676,0.14212,0.25821,0.54072,0.21474,-0.92305,-0.61156,0.42451,0.040122,0.28474,0.18286,0.15424,0.38737,-0.59622,-0.4557,-0.10287,-0.13736,0.064021,-0.085992,0.1029,-0.16425,0.01918,-0.048038,-0.12321,-0.083545,0.095516,0.19642,0.61254,0.41876,-0.047935,0.27046,0.097007,-0.083522,0.049531,0.25857,0.15762,0.3036,1.0097,0.56745,0.47307,0.39168,0.44481,0.26328
0.28954,0.058396,0.024713,0.0086306,0.14968,-0.032773,0.37463,0.40613,-0.1237,0.32004,-0.19417,-0.11269,0.20581,0.099444,0.35968,0.44545,0.28699,0.13601,0.38111,0.28983,0.95455,0.80698,0,0.80506,0.46111,0.051275,0.49057,0.34519,0.40942,0.11645,0.31339,0.27183,0.19729,-0.10742,-0.036196,-0.55672,-0.42976,-0.52693,0.049496,0.018873,0.43824,0.91231,0.43107,0.43729,0.29143,0.023223,0.12984,0.06604,0.50528,0.21264,0.17106,0.66636,0.10248,0.22401,-0.13933,0.48838,-0.035837,-0.13361,-0.15149,0.31671,0.28582,0.62882,0.52059,0.81178,0.64127,0.27755,0.058005,-0.28346,-0.21863,0.68277,0.26052,0.32873,0.17247,-0.056216,0.1043,-0.14116,-0.24112,-0.027884,-0.15165,-0.10824,-0.1815,0.38121,0.022355,0.2626,0.11595,0.09744,0.0121,-0.12289,-0.12895,0.13498,-0.0038011,0.024369,-0.043158,0.25769,-0.16749,0.17462,0.12313,0.3151,0.070795,0.96848,0.47125,0.4918,0.47315,0.54022,0.35987
-0.32803,0.046657,-0.041055,-0.071698,-0.011659,0.42477,-0.15233,0.68844,-0.56728,0.3274,-0.16164,0.11868,0.34615,0.17316,0.2825,0.64558,0.47441,0.61084,-0.02091,0.083493,0.78087,1.2708,0.80506,0,0.12405,0.030249,0.48705,0.28924,0.066152,-0.10137,0.30152,0.21601,0.50733,0.20983,-0.40037,-0.42567,-0.55004,-0.60484,-0.50893,-0.345,-0.039758,0.87984,0.046506,0.66808,0.27916,-0.14887,0.36523,0.25268,1.2828,0.57174,0.53988,0.95845,-0.1653,0.53213,-0.020693,0.2241,-0.082739,-0.027995,-0.15621,-0.09024,0.47428,0.43607,0.52829,0.30253,0.4116,0.47544,0.24278,-0.85143,-0.82948,0.33664,0.069703,0.31501,0.18601,0.22181,0.28386,-0.51673,-0.20682,0.059655,-0.027655,0.14357,-0.042421,0.32269,0.032554,0.081093,0.011222,0.050831,-0.018949,0.010292,0.1377,0.34197,0.11263,0.156,0.3975,0.30432,0.21464,0.25024,0.35936,0.33147,0.25499,0.81169,0.45375,0.63558,0.48399,0.7815,0.37925
0.46964,-0.34293,0.37613,0.36482,0.24786,-0.6797,0.73528,-0.16413,0.61787,0.0086855,0.15431,-0.24532,-0.13228,0.050317,0.58143,0.15217,0.15343,0.20516,0.49073,1.0096,0.28806,-0.044557,0.46111,0.12405,0,0.31879,-0.37686,-0.33754,0.28772,-0.0047735,-0.14836,-0.054059,-0.25765,-0.28492,-0.041687,-0.56864,-0.13047,-0.049798,0.52618,0.30438,0.5581,0.011447,0.56698,-0.17333,-0.05786,0.042419,0.38532,0.45014,-0.22183,-0.16089,-0.40595,0.11232,0.61903,0.049974,0.068243,0.092558,0.69158,0.50029,0.57819,0.80248,-0.30289,0.65382,-0.033904,0.54607,0.56302,0.62123,0.59781,0.12299,-0.29073,0.028385,0.80061,0.28591,0.41414,0.063897,0.26966,0.54162,0.017975,0.27,0.25722,-0.07948,-0.085995,0.41223,0.35065,0.38714,0.40636,0.32024,0.3297,0.47705,0.37046,0.098901,0.011213,0.50804,-0.29975,0.27473,-0.27293,0.27688,0.014201,0.44362,-0.14293,-0.0096477,-0.20003,0.6171,0.059703,0.06706,0.32775
0.051051,0.2365,1.2548,1.2582,0.72886,0.0076206,0.044084,0.14802,0.58193,0.61987,0.99465,0.50179,0.31466,0.51323,1.0551,0.55265,0.77328,0.48584,0.49662,0.33326,0.14876,-0.18474,0.051275,0.030249,0.31879,0,0.045415,-0.24508,-0.22836,0.37122,-0.1909,0.18286,0.10266,0.10046,0.054688,-0.0041438,0.20795,0.47467,0.36637,0.98544,0.18011,0.30886,-0.14151,-0.16071,0.037849,0.48679,-0.1228,-0.025595,-0.25404,0.33158,-0.0059438,0.33446,1.06,0.67963,1.2598,-0.49983,0.21311,0.00048998,0.13817,1.0196,0.36792,0.4941,-0.0043485,0.50273,0.41309,0.018476,0.25942,-0.008401,-0.082651,0.22589,0.42999,0.11092,0.12447,0.021692,0.1476,0.76411,1.1489,0.94763,0.71034,0.34711,0.33368,1.0482,1.1588,0.77871,0.60201,0.7345,0.43783,0.099912,0.0077349,0.02242,0.0093059,0.80075,0.48515,0.6425,0.77838,1.3499,0.75999,0.59298,0.45243,-0.35057,-0.45692,0.59253,0.87574,0.34776,0.76337
-0.21378,0.46342,-0.11541,-0.18683,0.04427,0.66501,-0.33085,0.68887,-0.54728,0.34537,0.021802,0.47966,0.71958,0.45241,0.17093,0.36923,0.32037,0.083378,0.11981,-0.42715,0.45153,0.58911,0.49057,0.48705,-0.37686,0.045415,0,0.75296,-0.16081,0.19804,0.6034,0.73028,0.69652,0.29828,0.23483,0.20871,0.10671,-0.064936,-0.27906,0.072781,-0.27859,0.9722,-0.27103,0.48777,0.50357,0.21072,-0.22475,-0.34408,0.46799,0.62025,0.72694,0.30622,-0.3951,0.11016,-0.069304,-0.0077717,-0.63915,-0.5122,-0.61237,-0.13211,0.74308,-0.040472,0.33296,0.078024,-0.0081283,-0.27152,-0.35685,-0.18372,0.16707,0.70069,-0.3227,0.0084729,-0.22379,-0.1888,-0.17545,-0.55872,-0.1266,-0.11677,-0.15327,0.11053,-0.06534,0.11065,-0.17933,-0.054026,-0.30809,-0.062722,-0.21312,-0.50837,-0.69102,0.22385,0.038217,-0.2666,0.3576,-0.20012,0.18739,0.025131,0.15159,0.040333,0.31951,0.511,0.58625,0.011916,0.56582,0.29595,0.22851
-0.14688,0.029412,-0.15765,-0.21097,-0.071196,0.2944,-0.12455,0.28047,-0.61811,-0.013584,-0.26833,0.032234,0.68619,0.44559,-0.14959,0.27847,0.34936,-0.16476,0.24136,-0.39107,0.24793,0.68052,0.34519,0.28924,-0.33754,-0.24508,0.75296,0,0.40954,0.031184,0.26239,0.16265,0.45579,0.21237,-0.014389,0.017978,0.082234,-0.1273,-0.24583,-0.23732,-0.12623,0.37192,-0.29953,0.28409,0.081027,-0.026628,0.092151,-0.0091091,0.29967,0.55566,0.77969,0.19157,-0.49315,-0.11314,-0.16734,-0.24611,-0.80914,-0.2262,-0.49805,-0.42823,0.17996,-0.31831,0.18948,-0.14473,-0.28141,0.048044,-0.081017,-0.13221,0.14362,0.45934,-0.33953,-0.10577,-0.04975,-0.017731,0.16615,-0.45891,-0.23651,-0.048613,0.02741,0.25757,0.14466,0.05589,-0.12534,0.1255,0.046657,0.07531,0.1184,-0.24065,-0.15921,0.55907,0.50051,-0.37533,0.21518,-0.53035,-0.23525,-0.041475,0.24639,0.073431,0.55347,0.41038,0.51537,0.039335,0.23429,0.00065235,0.076578
0.18324,-0.26095,0.062916,0.057083,-0.19067,-0.29608,0.47149,0.037095,-0.13452,-0.2035,-0.339,-0.36431,0.098625,0.10783,-0.13541,0.2574,0.12844,0.025435,0.40251,0.44146,0.35687,0.36482,0.40942,0.066152,0.28772,-0.22836,-0.16081,0.40954,0,0.035242,-0.016191,-0.013029,-0.056848,-0.031704,-0.17354,-0.18365,-0.0022339,-0.19645,0.18979,-0.18383,0.36838,-0.0010166,0.21048,0.089986,-0.11149,-0.084524,0.42132,0.401,0.054013,-0.24353,-0.15857,0.22613,-0.018092,-0.16018,-0.17571,-0.0053357,-0.24889,0.1243,0.011774,-0.07239,-0.20535,0.21564,0.47966,0.33748,0.34729,0.4703,0.38948,-0.052664,0.033639,0.36115,0.3332,0.30215,0.38172,0.074423,0.48403,0.10181,-0.26755,0.11789,0.1422,-0.044024,-0.045348,0.14796,0.10639,0.45904,0.54338,0.26646,0.35114,0.26513,0.3383,0.24722,0.5474,0.13095,-0.039173,-0.11468,-0.46165,-0.019582,0.12911,0.35851,0.097346,0.29581,0.33772,0.15781,-0.0252,0.05565,0.13124
0.40674,0.57286,0.14072,0.20473,0.22073,-0.15895,0.30141,0.019395,0.41174,0.46104,0.24993,0.09178,-0.01712,0.017429,-0.064621,0.10571,-0.14651,0.039057,0.44244,0.27651,-0.2345,-0.12748,0.11645,-0.10137,-0.0047735,0.37122,0.19804,0.031184,0.035242,0,0.49398,0.4226,-0.37936,-0.37004,0.7677,0.47494,0.20925,0.066275,0.66959,0.58417,0.30317,0.21682,0.2036,-0.29271,0.69232,0.65979,-0.9281,-0.81785,-0.34037,-0.18441,-0.37362,-0.21942,0.26771,-0.056303,0.26344,-0.070831,-0.37338,-0.41395,-0.36045,0.51392,0.24958,0.24801,0.20437,0.21913,0.14218,-0.51647,-0.47943,0.033961,0.25875,0.78802,0.28364,0.64389,0.18406,0.50458,0.031006,0.35286,0.2769,-0.017822,-0.11959,-0.4464,-0.33811,0.096682,0.050868,0.18123,0.14543,0.1339,0.066562,-0.44148,-0.608,-0.14379,-0.41387,-0.040149,-0.085585,0.40815,0.094134,0.20931,0.082636,-0.15945,-0.060091,-0.24377,0.026562,-0.2079,0.053676,-0.087126,-0.19041
-0.146,0.69336,-0.2273,-0.29987,-0.30412,0.21437,-0.15513,0.39442,-0.24505,0.60226,0.085856,0.42183,0.40275,0.083219,-0.16063,0.28099,-0.18702,0.19015,0.11971,0.0051255,0.20173,0.258,0.31339,0.30152,-0.14836,-0.1909,0.6034,0.26239,-0.016191,0.49398,0,0.93558,0.13814,-0.26701,0.69155,0.47588,0.063585,-0.39479,0.011914,0.085026,-0.11705,0.65434,0.29725,0.35349,1.7961,0.71566,-0.32033,-0.44411,0.23314,-0.022325,0.061742,-0.096597,-0.45716,-0.11142,-0.19053,0.23221,-0.41485,-0.25129,-0.24119,-0.045662,0.53914,-0.016649,0.27726,-0.077468,-0.024132,-0.31743,-0.30996,-0.23567,0.13625,0.69097,0.053169,0.72931,0.36894,0.44122,0.17837,-0.47491,-0.21119,-0.25507,-0.45194,-0.43753,-0.70452,-0.16224,-0.37273,-0.11211,-0.39178,-0.21684,-0.56913,-0.28499,-0.54536,0.18885,-0.09949,-0.41697,0.021951,-0.11623,-0.067984,-0.11683,-0.045329,-0.090042,0.040832,0.084821,0.24372,-0.3978,-0.081765,-0.095008,-0.17684
-0.27747,0.84523,0.18289,0.11125,-0.17123,0.52815,-0.3147,0.8759,-0.22673,0.4887,0.34752,0.84521,0.67337,0.59433,0.18258,0.51886,0.15357,0.50787,0.41668,-0.0088689,0.34953,0.11872,0.27183,0.21601,-0.054059,0.18286,0.73028,0.16265,-0.013029,0.4226,0.93558,0,0.4128,0.21791,0.40179,0.70109,0.41988,0.13978,0.038453,0.44479,-0.35187,0.77521,-0.11973,0.41884,1.0436,0.77934,-0.19626,-0.28282,0.13755,0.013541,0.044928,0.14323,-0.16705,0.17105,0.13118,-0.018864,-0.4614,-0.38344,-0.28017,0.15327,0.96622,0.12876,0.50331,0.26223,0.32976,-0.25356,-0.076781,-0.013336,0.37493,0.89398,0.13769,0.42593,0.21431,0.0041109,0.029911,-0.25896,0.058415,0.055459,-0.061952,-0.14473,-0.42338,0.23812,0.033101,0.14952,-0.14328,0.12956,-0.21247,-0.27556,-0.62172,-0.0073191,-0.021716,0.070384,0.39936,-0.14031,0.33319,0.07023,0.087146,0.30261,0.10581,0.064671,0.39553,-0.20338,0.37222,0.26462,0.33152
-0.80548,-0.025286,0.23218,0.14914,0.057516,0.71213,-0.58086,0.62407,-0.71786,0.17686,0.17312,0.77722,0.98627,0.78192,0.46734,0.49522,0.74519,0.34808,0.091815,-0.40285,0.51727,0.42605,0.19729,0.50733,-0.25765,0.10266,0.69652,0.45579,-0.056848,-0.37936,0.13814,0.4128,0,1.0348,-0.24617,0.015738,0.28961,0.18948,-0.46854,-0.035248,-0.48117,0.61902,-0.71632,0.35032,0.043986,0.022821,0.32624,0.15322,0.76491,0.85101,1.0362,0.70148,-0.25561,0.44428,0.19355,-0.18659,-0.46889,-0.32832,-0.42026,-0.31571,0.5952,0.11254,0.49737,0.098904,0.029681,0.055365,0.14633,-0.05632,-0.062263,0.10631,-0.47797,-0.30395,-0.31187,-0.39978,-0.0755,-0.45098,0.067362,0.45888,0.49284,0.92664,0.54111,0.39865,0.26477,0.26887,0.14496,0.43122,0.21268,-0.12682,-0.10688,0.2169,0.3582,0.20106,0.94523,-0.32015,0.46144,0.28214,0.56539,0.67037,0.58194,0.34387,0.4379,0.35364,0.59652,0.61024,0.54749
-0.6539,-0.12919,0.264,0.25096,0.096578,0.74268,-0.52057,0.54794,-0.56703,-0.24721,0.10872,0.45833,0.46907,0.65991,0.24582,0.19325,0.52682,0.3461,0.048593,-0.45966,0.11023,0.13665,-0.10742,0.20983,-0.28492,0.10046,0.29828,0.21237,-0.031704,-0.37004,-0.26701,0.21791,1.0348,0,-0.4724,0.17506,0.48582,0.60734,-0.3494,-0.03782,-0.54691,0.16347,-1.3289,0.091769,-0.26404,-0.22193,0.2983,0.18793,0.46904,0.50822,0.58901,0.49646,-0.097732,0.44279,0.27666,-0.25542,-0.46538,-0.3724,-0.48897,-0.35978,0.37516,0.037616,0.46359,0.089476,0.038366,0.031657,0.15529,0.15068,0.050612,-0.090768,-0.54873,-0.52406,-0.46954,-0.48184,-0.24307,-0.21493,0.14296,0.3939,0.60103,0.94353,0.7121,0.33515,0.32572,0.21655,0.28224,0.50878,0.52888,-0.14163,-0.050304,-0.11127,0.20676,0.45671,0.93132,-0.30585,0.55294,0.11817,0.36495,0.51739,0.32427,0.18344,0.5484,0.23884,0.4451,0.69144,0.48295
0.44272,0.35371,-0.057035,-0.096683,0.21327,-0.33481,0.33025,-0.25507,0.45843,0.32504,0.36414,0.15635,0.019336,-0.15931,-0.056623,-0.24971,-0.39379,-0.2843,0.11535,0.11388,-0.31129,-0.36513,-0.036196,-0.40037,-0.041687,0.054688,0.23483,-0.014389,-0.17354,0.7677,0.69155,0.40179,-0.24617,-0.4724,0,0.50641,0.47267,0.11329,0.75701,0.52494,0.32418,0.084208,0.35501,-0.42248,0.70899,0.72365,-0.77898,-0.75889,-0.44871,-0.14669,-0.21603,-0.70331,0.014016,-0.44691,-0.056696,0.074168,-0.18254,-0.20447,-0.15492,0.30197,-0.0085689,-0.049928,-0.1692,-0.17123,-0.3218,-0.74209,-0.6145,0.31221,0.46238,0.28313,-0.019787,0.40946,0.072889,0.27547,-0.093868,0.24062,0.072413,-0.14902,-0.23574,-0.37325,-0.31989,-0.27772,-0.25185,-0.027765,-0.19684,-0.10444,-0.26387,-0.26341,-0.70175,-0.021595,-0.30293,-0.3177,-0.307,-0.034672,-0.24789,-0.073704,-0.14493,-0.33208,-0.071358,-0.38373,-0.15626,-0.50361,-0.29881,-0.55978,-0.40256
-0.27767,0.75006,0.023856,0.0042116,-0.235,0.43687,-0.44997,0.28493,-0.091965,0.10883,0.33792,0.54419,0.24741,0.24481,-0.37002,-0.026066,-0.23566,0.15099,0.053425,-0.31389,-0.45143,-0.40434,-0.55672,-0.42567,-0.56864,-0.0041438,0.20871,0.017978,-0.18365,0.47494,0.47588,0.70109,0.015738,0.17506,0.50641,0,0.76885,0.48061,0.099592,0.31441,-0.50172,-0.023493,-0.38633,-0.033845,0.55507,0.61363,-0.48476,-0.49908,-0.29581,-0.22329,-0.13436,-0.46913,-0.25519,-0.10806,0.16803,-0.27104,-0.56711,-0.35508,-0.30146,-0.16251,0.41542,-0.44746,0.042259,-0.33941,-0.27125,-0.65967,-0.32786,0.1992,0.68422,0.26858,-0.16311,0.16809,0.06871,0.17072,-0.064104,-0.095637,0.20542,-0.09051,-0.10071,-0.18082,-0.27772,-0.19451,-0.11103,-0.088005,-0.21261,-0.034989,-0.20016,-0.29871,-0.55258,-0.17839,-0.083633,-0.10761,0.27107,-0.31094,0.28996,-0.1834,-0.082208,-0.17932,0.026783,-0.52157,0.086181,-0.87658,-0.12842,-0.22194,-0.15219
-0.066489,0.073504,0.4104,0.35317,0.27605,0.077244,-0.042564,0.037959,0.16058,-0.11607,0.59514,0.47925,0.39929,0.49408,0.13087,-0.1178,0.11631,0.044081,0.3001,-0.142,-0.38912,-0.53028,-0.42976,-0.55004,-0.13047,0.20795,0.10671,0.082234,-0.0022339,0.20925,0.063585,0.41988,0.28961,0.48582,0.47267,0.76885,0,1.2217,0.49781,0.58328,-0.13864,-0.11954,-0.56342,-0.51176,0.10127,0.43798,-0.17197,-0.18464,-0.38187,0.086446,0.068144,-0.34145,0.097961,-0.092744,0.32165,-0.44873,-0.43555,-0.25991,-0.28216,0.036125,0.070891,-0.16446,0.028936,-0.14721,-0.29827,-0.40663,-0.076848,0.68795,0.64944,0.0090206,-0.29392,-0.13796,-0.15755,-0.14198,-0.11262,0.32711,0.35801,0.39274,0.53841,0.40993,0.35119,0.1169,0.27506,0.35528,0.29582,0.52293,0.41337,-0.093758,-0.34432,-0.079848,0.12625,0.28526,0.3551,-0.44314,0.15227,0.078211,0.19768,0.251,0.25656,-0.52454,0.06174,-0.24831,-0.012602,-0.15122,0.11852
-0.0098009,0.012734,0.62642,0.63333,0.47889,0.12501,-0.097236,0.011837,0.3281,-0.20311,0.64427,0.37427,0.20281,0.49876,0.28221,-0.16518,0.24293,0.050413,0.30034,-0.21696,-0.46781,-0.71768,-0.52693,-0.60484,-0.049798,0.47467,-0.064936,-0.1273,-0.19645,0.066275,-0.39479,0.13978,0.18948,0.60734,0.11329,0.48061,1.2217,0,0.41089,0.70265,-0.16757,-0.24455,-0.78167,-0.55342,-0.24423,0.21499,-0.1477,-0.092724,-0.49878,0.11806,0.021511,-0.19421,0.42723,0.15656,0.58737,-0.50012,-0.14907,-0.22786,-0.1751,0.21555,0.048292,-0.12656,-0.12498,0.010593,-0.16048,-0.31566,0.010573,0.75929,0.556,-0.17929,-0.25349,-0.46582,-0.32683,-0.35876,-0.28585,0.54195,0.64477,0.49792,0.6955,0.55558,0.58881,0.32744,0.54161,0.37143,0.39119,0.61579,0.60778,-0.097682,-0.21479,-0.30407,-0.009589,0.50883,0.3786,-0.22131,0.40188,0.22012,0.20617,0.28003,0.20539,-0.53828,-0.086554,-0.050208,0.19364,0.036927,0.3062
0.93415,-0.036186,0.40965,0.44487,0.63094,-0.80382,0.95515,-0.42368,1.1719,0.076943,0.44707,-0.1542,-0.19979,-0.09532,0.20867,-0.25927,-0.14762,-0.17916,0.49847,0.52636,-0.35012,-0.56326,0.049496,-0.50893,0.52618,0.36637,-0.27906,-0.24583,0.18979,0.66959,0.011914,0.038453,-0.46854,-0.3494,0.75701,0.099592,0.49781,0.41089,0,0.83941,0.84947,-0.15546,0.3456,-0.91477,0.1475,0.46135,-0.41416,-0.30227,-0.72912,-0.26892,-0.52221,-0.41381,0.74023,-0.18088,0.25456,0.021741,0.098194,-0.057592,0.013903,0.82157,-0.30351,0.32684,-0.097437,0.28958,0.053107,-0.28033,-0.15361,0.56895,0.33283,0.13083,0.26479,0.288,0.13599,0.17731,-0.001615,1.1226,0.35326,0.24017,0.22113,-0.12815,0.039506,0.17088,0.27919,0.46657,0.47581,0.41039,0.39991,-0.02887,-0.23692,-0.21787,-0.26451,0.25869,-0.3142,0.23358,-0.23081,0.22103,0.035517,0.063258,-0.084799,-0.4146,-0.24252,-0.025733,-0.16286,-0.26075,-0.076547
0.30346,0.4541,0.95117,0.96846,0.64009,-0.11219,0.15207,0.07424,0.82262,0.54449,1.0537,0.5289,0.26818,0.43643,0.6086,0.17436,0.27012,0.15261,0.76116,0.17776,-0.10694,-0.59282,0.018873,-0.345,0.30438,0.98544,0.072781,-0.23732,-0.18383,0.58417,0.085026,0.44479,-0.035248,-0.03782,0.52494,0.31441,0.58328,0.70265,0.83941,0,0.21404,0.25083,-0.047499,-0.35293,0.31082,0.96465,-0.4726,-0.3782,-0.58636,0.0011672,-0.2271,-0.054927,0.89622,0.32808,0.83301,-0.19881,0.043814,-0.26831,-0.036636,1.1398,0.34806,0.27613,-0.043313,0.48189,0.23368,-0.41332,-0.077983,0.48587,0.50633,0.33287,0.25335,0.092475,0.073007,-0.079696,-0.10088,0.78571,0.95815,0.56529,0.40265,0.10553,0.11001,0.67769,0.71089,0.64607,0.39978,0.63366,0.28352,-0.20259,-0.44476,-0.2915,-0.24497,0.4037,0.17108,0.24498,0.42984,0.63104,0.3165,0.38844,0.20241,-0.46633,-0.33013,0.04674,0.42274,0.087213,0.4147
1.1509,-0.27443,0.18036,0.18931,0.68485,-0.88534,1.5047,-0.41854,0.72622,0.079821,0.10649,-0.58966,-0.35586,-0.48374,0.2031,-0.16612,-0.032192,-0.17048,0.091425,0.65776,0.038799,0.027646,0.43824,-0.039758,0.5581,0.18011,-0.27859,-0.12623,0.36838,0.30317,-0.11705,-0.35187,-0.48117,-0.54691,0.32418,-0.50172,-0.13864,-0.16757,0.84947,0.21404,0,-0.0085479,0.76299,-0.43501,-0.058766,0.029258,-0.075516,0.031287,-0.19103,-0.065109,-0.25193,-0.058024,0.62706,-0.077088,0.028556,0.30734,0.34771,0.21197,0.18413,0.57169,-0.46772,0.44991,-0.091421,0.34513,0.15007,0.10963,-0.0025288,-0.029209,-0.20463,0.024824,0.31099,0.39371,0.25636,0.27907,0.24743,0.757,0.09525,0.11544,0.02232,-0.14354,0.052646,0.11361,0.14227,0.3987,0.40309,0.14276,0.21706,0.22726,0.14857,0.055342,-0.052033,0.20114,-0.37474,0.57695,-0.41651,0.24583,0.12216,-0.011644,0.014843,0.096605,-0.22603,0.30068,-0.077093,-0.092522,-0.021281
-0.1945,0.59306,0.26868,0.20598,0.17816,0.54055,-0.21058,0.98018,-0.30449,0.88319,0.26486,0.59071,0.75928,0.45768,0.4717,0.82217,0.56473,0.51376,0.32616,-0.056296,0.82751,0.66324,0.91231,0.87984,0.011447,0.30886,0.9722,0.37192,-0.0010166,0.21682,0.65434,0.77521,0.61902,0.16347,0.084208,-0.023493,-0.11954,-0.24455,-0.15546,0.25083,-0.0085479,0,0.014887,0.6687,0.71263,0.47386,-0.043852,-0.1376,0.65154,0.53177,0.50299,0.77135,0.023697,0.64116,0.26121,0.20439,-0.28265,-0.36508,-0.3238,0.23293,1.1248,0.36807,0.53572,0.53482,0.43087,-0.030325,-0.021116,-0.42142,-0.098247,0.82037,0.054257,0.34349,0.1907,0.036099,0.14133,-0.30748,0.15598,0.21166,-0.016422,0.11213,-0.10958,0.58097,0.21186,0.35718,0.023898,0.22137,-0.13551,-0.27674,-0.36587,0.15933,0.040948,0.088853,0.52787,0.22527,0.41671,0.44989,0.47803,0.4584,0.46145,0.55446,0.34755,0.29642,0.85865,0.71985,0.60304
0.66573,-0.016958,-0.23843,-0.25688,-0.075967,-0.77005,0.7397,-0.35356,0.44977,0.20911,-0.15562,-0.50023,-0.46316,-0.69326,-0.051799,-0.079509,-0.42299,-0.14129,-0.07155,0.76115,0.2149,0.078193,0.43107,0.046506,0.56698,-0.14151,-0.27103,-0.29953,0.21048,0.2036,0.29725,-0.11973,-0.71632,-1.3289,0.35501,-0.38633,-0.56342,-0.78167,0.3456,-0.047499,0.76299,0.014887,0,0.038266,0.28033,0.1071,-0.03007,0.035154,-0.16276,-0.48337,-0.56883,-0.21751,0.1238,-0.33604,-0.38924,0.51849,0.5872,0.45379,0.55527,0.39294,-0.35051,0.28266,-0.17196,0.15662,0.24323,0.19321,0.024385,-0.247,-0.24482,0.11945,0.673,0.71167,0.55263,0.38521,0.30385,0.18041,-0.312,-0.33343,-0.54734,-0.84857,-0.7183,-0.24542,-0.30925,-0.11493,-0.19809,-0.42683,-0.47297,0.30905,0.15754,0.12596,-0.1378,-0.212,-0.80025,0.40573,-0.61716,-0.11279,-0.33213,-0.2671,-0.37562,0.092257,-0.30622,-0.015741,-0.34575,-0.34867,-0.27218
-0.50091,0.47296,-0.15208,-0.2291,-0.53737,0.75111,-0.56147,0.91575,-0.76662,0.29306,-0.21057,0.25849,0.41184,0.21714,-0.023528,0.66653,0.25923,0.44752,-0.10475,-0.1686,0.87388,0.75712,0.43729,0.66808,-0.17333,-0.16071,0.48777,0.28409,0.089986,-0.29271,0.35349,0.41884,0.35032,0.091769,-0.42248,-0.033845,-0.51176,-0.55342,-0.91477,-0.35293,-0.43501,0.6687,0.038266,0,0.28318,0.0065639,0.37839,0.30203,0.61699,0.11312,0.30148,0.56785,-0.43863,0.32159,-0.15681,0.15779,-0.041565,0.084473,0.11592,-0.26326,0.66598,-0.1039,0.26314,0.14039,0.37413,0.342,0.27605,-0.74671,-0.16619,0.41028,0.18052,0.17893,0.3315,-0.069224,0.27386,-0.80875,-0.25691,-0.19579,-0.37279,-0.16869,-0.45495,0.11073,-0.14492,-0.12765,-0.40226,-0.33379,-0.59415,0.085765,0.093892,0.26914,0.33628,-0.13663,0.30868,-0.048202,0.20375,-0.056555,0.018968,0.14462,0.16373,0.59991,0.28028,0.034001,0.45158,0.39496,0.41957
-0.072445,0.94968,-0.021597,-0.06574,-0.13321,0.23948,-0.13492,0.47843,-0.050552,0.77521,0.28908,0.50043,0.35507,0.11573,-0.055084,0.32608,-0.13442,0.34646,0.2212,0.068257,0.12316,0.12482,0.29143,0.27916,-0.05786,0.037849,0.50357,0.081027,-0.11149,0.69232,1.7961,1.0436,0.043986,-0.26404,0.70899,0.55507,0.10127,-0.24423,0.1475,0.31082,-0.058766,0.71263,0.28033,0.28318,0,0.95852,-0.43653,-0.5198,0.13413,-0.050095,-0.050212,-0.067789,-0.17676,0.085825,0.047332,0.22828,-0.31433,-0.29356,-0.21997,0.1851,0.68821,0.081152,0.26077,0.063259,0.096274,-0.37658,-0.29236,-0.21986,0.14446,0.74824,0.16072,0.83604,0.44927,0.5264,0.17723,-0.25822,0.028377,-0.14074,-0.37255,-0.45183,-0.6959,0.011898,-0.17336,0.010947,-0.27296,-0.0896,-0.46201,-0.31718,-0.59983,0.040408,-0.2383,-0.20989,0.095046,0.08605,0.12734,0.043735,0.029717,-0.028228,0.050725,-0.022358,0.14642,-0.35194,0.03137,0.023955,-0.055408
