,,,,,,,,,,,,,,,,,,,,,,,,,,,,,,,,,,,,,,,,,,,,,,,,,,,,,,,,,,,,,,,,,,,,,,,,,,,,,,,,,,,,,,,,,,,,,,,,,,,,,,,,
0,-0.10972,-0.27653,-0.21766,-0.035313,-0.65276,1.0406,-0.36463,0.58589,-0.20792,-0.38324,-1.2166,-1.0544,-0.85717,-0.18674,-0.44739,-0.54384,-0.30622,-0.20821,0.39784,0.019794,-0.096282,0.30192,-0.071995,0.51332,-0.16801,-0.71502,-0.76477,0.065744,-0.076171,-0.36018,-0.58571,-1.1014,-1.0937,-0.18763,-0.7065,-1.352,-0.8061,0.32301,-0.16112,0.88027,-0.30671,1.191,0.076224,-0.33167,-0.41414,-0.031692,0.16169,-0.26817,-0.93607,-1.0095,-0.17227,0.29398,-0.17618,-0.34962,0.70278,0.98877,0.40321,0.58735,0.39975,-0.60701,0.10391,-0.37457,0.24239,0.31459,0.31316,0.010132,-0.17858,-0.22063,-0.18741,0.5089,0.20816,0.30002,0.0854,-0.010991,0.26035,-0.24511,-0.49576,-0.6919,-0.88566,-0.6245,-0.2176,-0.26585,-0.34383,-0.36531,-0.58906,-0.56673,0.19225,0.35074,-0.30324,-0.4244,-0.1815,-0.96341,0.45682,-0.48817,-0.26786,-0.65433,-0.43152,-0.74607,0.22356,-0.26881,-0.023058,-0.30441,-0.16492,-0.21435
-0.10972,0,0.18532,0.19737,-0.053574,0.78887,-0.55448,0.68448,-0.14742,0.148,0.18182,0.24923,0.25671,0.34823,-0.17428,0.32805,0.19261,0.33897,0.20974,-0.29083,-0.071231,0.045891,-0.10949,-0.092484,-0.36646,0.26017,0.43313,0.32704,-0.012431,0.55793,0.057018,0.5113,-0.067663,0.22249,-0.1352,0.77416,0.22509,0.45635,-0.23231,0.32397,-0.46224,0.24941,-0.4264,0.50265,0.38144,0.38754,-0.31627,-0.20635,-0.21104,-0.019443,0.0039548,0.028106,0.038523,0.27187,0.31732,-0.31673,-0.34279,-0.21838,-0.18588,0.054784,0.75018,-0.34787,0.028649,0.066646,0.13358,-0.22045,-0.049418,-0.19791,0.46703,0.68103,0.1127,0.066706,0.20551,0.043005,0.090434,-0.028818,0.29788,-0.066664,-0.10574,-0.15979,-0.24738,0.20839,0.13417,0.088622,-0.075925,-0.013796,-0.066899,-0.22364,-0.41162,-0.085281,0.088742,0.10804,0.36255,0.014483,0.47234,0.04549,0.054225,-0.064151,0.21419,-0.046503,0.15813,-0.29201,0.48689,0.1649,0.32363
-0.27653,0.18532,0,2.2429,0.98887,0.089854,-0.14352,0.23873,0.48808,1.6208,1.5297,0.88708,0.65296,0.77968,1.2297,0.95613,1.3978,0.70728,0.66768,0.2491,0.27795,-0.23732,0.018562,0.019914,0.35277,1.4929,-0.067208,-0.18759,-0.047913,0.066263,-0.4474,0.19639,0.36375,0.34568,-0.2381,-0.036285,0.43795,0.88457,0.58587,1.4893,0.11679,0.42639,-0.31206,-0.097542,-0.15041,0.96199,0.28191,0.35109,-0.18434,0.60853,0.21448,0.53846,1.0753,1.005,1.5738,-0.5941,0.19147,0.099751,0.22441,0.84791,0.53097,0.38585,0.023285,0.48094,0.35738,0.24282,0.78004,0.07864,-0.041779,0.10641,0.34581,-0.025906,0.29957,-0.089085,0.39307,0.96289,1.3654,1.6867,1.3231,0.80377,0.67776,1.5988,2.5778,1.9656,1.5808,1.3642,0.93473,0.30067,0.34357,0.14755,0.38124,1.2214,0.77714,0.32917,0.91446,1.8383,1.3038,1.1664,0.96335,-0.38659,-0.46548,0.75694,1.0151,0.40465,1.1404
-0.21766,0.19737,2.2429,0,1.0428,0.077484,-0.16106,0.18849,0.55066,1.5272,1.2359,0.78649,0.49354,0.70873,1.0905,0.78906,1.1414,0.58108,0.72436,0.18669,0.17252,-0.32912,0.00077406,-0.0030171,0.32897,1.5662,-0.12786,-0.26884,-0.15183,0.14211,-0.5873,0.11265,0.28829,0.33383,-0.32382,-0.068256,0.34787,0.90821,0.6182,1.6623,0.099306,0.36506,-0.34947,-0.19007,-0.23312,0.8364,0.10513,0.17494,-0.2071,0.51875,0.12796,0.5585,1.2667,1.1058,1.8038,-0.50791,0.17566,-0.031814,0.12359,0.93069,0.54187,0.43009,0.048454,0.56174,0.38674,0.11495,0.56814,0.16468,-0.01036,0.094407,0.29675,-0.12571,0.15155,-0.13575,0.20599,1.0141,1.5415,1.4499,1.21,0.75288,0.72334,1.6629,2.8492,1.5193,1.6782,1.4084,1.0926,0.13104,0.22182,-0.041429,0.16791,1.0902,0.68182,0.39864,1.0357,1.749,1.1288,1.0176,0.7525,-0.37944,-0.44281,0.7255,0.98353,0.46721,0.95621
-0.035313,-0.053574,0.98887,1.0428,0,0.054551,0.041322,0.099528,0.47512,0.95923,0.86963,0.32166,0.11312,0.12662,0.82452,0.38303,0.78982,0.55791,0.052315,0.15748,0.12999,-0.10541,0.036713,0.22391,0.19494,0.94436,-0.28077,-0.56597,-0.37516,-0.090102,-0.89491,-0.28316,0.19675,0.26398,-0.51987,-0.36868,-0.018107,0.40261,0.32884,0.57381,0.49587,0.30197,-0.15703,-0.20787,-0.5252,0.20695,0.15531,0.26009,0.13919,0.67197,0.26494,0.63062,1.1821,1.3137,1.0877,-0.11395,0.38776,0.053352,0.14067,0.60737,0.27904,0.47925,-0.010921,0.42611,0.27224,0.15211,0.39029,-0.22438,-0.47335,-0.29962,0.087499,-0.060545,0.069589,0.055713,0.20436,0.88109,1.0712,0.93389,0.73326,0.71388,0.84961,0.86541,1.092,0.8825,0.98481,0.73676,0.67056,0.23462,0.4743,-0.10119,0.043931,1.0934,0.60745,0.82597,0.92766,1.216,1.0129,0.57147,0.62238,-0.13039,-0.44782,0.81334,0.68834,0.5848,0.67837
-0.65276,0.78887,0.089854,0.077484,0.054551,0,-1.0089,1.2167,-0.87864,-0.025556,0.059063,0.47006,0.54392,0.46864,-0.09271,0.33294,0.38774,0.39686,0.024164,-0.70769,0.12662,0.47353,0.07516,0.33439,-0.6956,0.033413,1.1194,0.78664,0.031272,0.086844,0.14563,0.61355,0.63982,1.1177,-0.41511,0.60986,0.4145,0.48696,-0.92489,-0.016079,-0.68167,0.65403,-1.0056,0.61,0.27821,0.026506,-0.086313,-0.17691,0.51025,0.58077,0.83,0.43013,-0.2409,0.4659,0.22006,-0.1175,-0.87556,-0.62689,-0.77402,-0.40358,1.2068,-0.21308,0.48427,0.077759,0.024522,-0.31141,-0.19317,-0.19619,0.30578,0.50026,-0.49793,-0.21387,-0.26055,-0.26401,-0.15198,-0.49041,0.13098,0.028365,0.06533,0.35113,0.2135,0.21296,0.078059,0.12395,0.0068995,0.16407,0.16383,-0.444,-0.62411,-0.10771,0.16022,0.14662,0.85628,-0.1769,0.61083,0.0014361,0.26768,0.13264,0.42954,0.3423,0.6954,-0.13075,0.61103,0.60471,0.38982
1.0406,-0.55448,-0.14352,-0.16106,0.041322,-1.0089,0,-0.39667,0.5446,0.023826,-0.19347,-0.69978,-0.60364,-0.63516,0.19668,-0.13073,-0.25353,-0.01133,-0.18196,1.0576,0.3752,0.13543,0.48297,0.2136,0.92866,-0.044581,-0.58434,-0.81852,0.25627,-0.13569,-0.046198,-0.35179,-0.52945,-0.89597,0.052138,-0.99103,-0.87925,-1.0036,0.52883,-0.15593,1.3089,-0.097841,1.8668,-0.012153,-0.082769,-0.29355,0.35483,0.4943,-0.030132,-0.51665,-0.71724,-0.00027232,0.26707,-0.21741,-0.36611,0.50499,1.0759,0.66231,0.7811,0.46516,-0.69525,0.52685,-0.12724,0.28673,0.46498,0.76704,0.34848,-0.31649,-0.67228,-0.16667,0.72901,0.59784,0.45163,0.21701,0.28762,0.32837,-0.33672,-0.16152,-0.28493,-0.52958,-0.45621,-0.11776,-0.14811,-0.10968,-0.11415,-0.31693,-0.34857,0.57894,0.70718,0.10243,-0.12446,0.10464,-0.66227,0.52556,-0.53939,-0.040798,-0.29674,-0.066586,-0.52228,0.21851,-0.27647,0.38693,-0.25454,-0.12972,-0.082738
-0.36463,0.68448,0.23873,0.18849,0.099528,1.2167,-0.39667,0,-0.66745,0.16201,0.095778,0.43161,0.62739,0.56134,0.24584,0.73289,0.62319,0.7726,0.23564,-0.16937,0.71244,0.86679,0.59652,0.7253,-0.12317,0.18805,1.2497,0.59165,0.40928,0.056423,0.25573,0.97584,0.6678,0.86047,-0.54613,0.24159,0.21217,0.24421,-0.57417,0.11721,-0.30621,1.4168,-0.46774,1.117,0.47256,0.086073,0.27188,0.20078,0.62204,0.48348,0.56753,0.8203,-0.051411,0.5717,0.17571,-0.0022397,-0.47128,-0.34938,-0.40333,-0.04435,1.3752,0.16994,0.73175,0.50376,0.55264,0.18227,0.20064,-0.36664,0.092821,0.92489,-0.029581,0.10958,0.050105,-0.34288,0.074568,-0.33712,0.036135,0.12159,0.10292,0.23496,0.015892,0.47554,0.20207,0.32963,0.12543,0.24109,0.1732,-0.15272,-0.35005,0.03094,0.28238,0.44931,0.77779,0.0093017,0.50108,0.1362,0.2964,0.43866,0.35786,0.62244,0.76407,0.24074,1.0134,0.89498,0.8161
0.58589,-0.14742,0.48808,0.55066,0.47512,-0.87864,0.5446,-0.66745,0,0.57667,0.48549,-0.14555,-0.34886,-0.15521,0.38151,0.015749,0.052092,-0.01033,0.21598,0.6023,-0.22259,-0.76418,-0.2138,-0.40332,0.65229,0.62337,-1.2517,-1.155,-0.36055,0.18723,-0.66481,-0.56687,-0.69875,-0.7496,0.093484,-0.39442,-0.29217,0.050086,1.371,0.62968,0.62914,-0.43885,0.50121,-0.57583,-0.4178,0.36315,-0.067697,0.14658,-0.84394,-0.28357,-0.75979,-0.19976,1.0193,0.14403,0.46542,-0.19923,1.0667,0.55909,0.84385,1.0819,-0.43464,0.22287,-0.65803,0.13627,0.13448,0.23667,0.38322,0.097376,-0.24247,-0.36293,0.72522,0.14106,0.43704,0.34941,0.28118,1.5024,0.57965,0.35619,0.24471,-0.12222,0.02423,0.30284,0.50073,0.3022,0.39734,0.19288,0.16021,0.4282,0.67272,-0.016122,-0.15171,0.30414,-0.31112,0.57429,0.072815,0.54988,0.14643,0.082075,-0.019008,-0.65701,-1.3141,0.32097,-0.025261,-0.27383,0.06894
-0.20792,0.148,1.6208,1.5272,0.95923,-0.025556,0.023826,0.16201,0.57667,0,1.387,0.76556,0.47191,0.57549,1.2295,0.97858,1.1336,0.88995,0.51818,0.51555,0.26981,-0.16187,0.0042022,0.12319,0.3967,1.9735,-0.108,-0.37061,-0.11418,0.33455,-0.29695,0.20738,0.24204,0.20059,-0.06815,-0.035702,0.32953,0.61688,0.7379,1.2596,0.23427,0.38577,-0.15981,-0.19823,0.037092,0.89396,0.1724,0.27217,-0.15598,0.50748,0.049242,0.49479,1.0665,0.83187,1.3277,-0.62231,0.23158,0.15476,0.25974,0.9554,0.43434,0.59327,0.095771,0.45672,0.45853,0.29296,0.72028,-0.12041,-0.28396,0.16904,0.52371,0.26793,0.36025,0.17436,0.49337,1.1204,1.1264,1.4515,1.1702,0.5739,0.50631,1.1968,1.5894,1.3481,1.3983,1.0884,0.85225,0.36731,0.39376,0.21216,0.27718,1.4622,0.6976,0.59885,0.9156,2.1028,1.2747,0.94816,0.71085,-0.41448,-0.49092,0.89656,0.8672,0.36181,0.87183
-0.38324,0.18182,1.5297,1.2359,0.86963,0.059063,-0.19347,0.095778,0.48549,1.387,0,0.88625,0.65435,0.61237,0.88382,0.80261,1.105,0.72175,0.33436,0.26031,0.083576,-0.2906,-0.28259,-0.12431,0.16657,1.2453,-0.12812,-0.1809,-0.1993,0.11862,-0.30513,0.12955,0.27081,0.23379,0.070615,0.16782,0.58793,0.86758,0.53674,1.0173,0.090394,0.19708,-0.29019,-0.20472,-0.058915,1.086,0.28041,0.38011,-0.28856,0.6758,0.26754,0.21337,0.75064,0.66668,1.3574,-0.92025,0.19318,0.31644,0.36051,0.57248,0.33273,0.1482,-0.20305,0.074078,0.046169,0.21249,0.78326,-0.086452,-0.13055,-0.059227,0.31434,0.13027,0.47261,0.25116,0.69454,0.96123,1.3091,1.4527,1.2081,0.73217,0.60079,0.86183,1.323,1.2769,1.0438,0.91793,0.61965,0.53527,0.52784,0.4384,0.60044,1.0156,0.80176,0.28411,0.77863,1.476,1.4003,0.75864,1.2605,-0.68517,-0.70428,0.52655,0.65188,0.10406,0.79406
-1.2166,0.24923,0.88708,0.78649,0.32166,0.47006,-0.69978,0.43161,-0.14555,0.76556,0.88625,0,1.4617,1.4525,0.64142,0.96155,1.1067,0.60489,0.62707,-0.077204,0.18735,-0.049215,-0.15833,0.037601,-0.118,0.6804,0.48783,0.43292,0.056836,0.18463,0.1455,0.7025,0.95526,0.88877,0.087331,0.51984,1.3779,1.2291,0.11743,0.76015,-0.52792,0.48774,-0.90703,-0.05713,0.28827,0.9908,0.14972,0.04361,0.036068,0.86456,0.63266,0.38453,0.18057,0.49278,0.83076,-0.94393,-0.53257,-0.24219,-0.26499,0.12572,0.82253,0.14354,0.34815,0.11632,0.044465,-0.07726,0.3684,0.20994,0.22234,0.35094,-0.068757,-0.088584,-0.011543,-0.14002,0.22088,0.19764,0.6662,1.0855,1.3015,1.0311,0.69076,0.76233,0.84307,0.95934,0.90806,1.2036,0.93088,0.0029095,-0.13359,0.30655,0.54033,0.61907,1.2286,-0.18503,0.79593,0.78347,1.1434,0.97325,1.0626,-0.35762,0.0074987,0.3334,0.72918,0.30035,0.67067
-1.0544,0.25671,0.65296,0.49354,0.11312,0.54392,-0.60364,0.62739,-0.34886,0.47191,0.65435,1.4617,0,1.4611,0.55312,1.0306,1.0517,0.60147,0.55876,-0.080412,0.44383,0.19514,0.046758,0.12338,-0.050989,0.3906,0.72492,0.76562,0.36906,-0.070363,0.343,0.94179,1.0822,0.84118,0.057347,0.4637,1.2044,0.81157,-0.083223,0.49014,-0.52283,0.64975,-0.68015,0.296,0.387,0.81453,0.49516,0.34122,0.12097,0.80895,0.79303,0.36562,-0.032142,0.32685,0.46251,-0.73981,-0.49227,-0.067739,-0.13411,-0.011966,0.76509,0.0049833,0.31636,0.082442,0.054408,0.16111,0.56093,0.11336,0.28148,0.45111,-0.030085,-0.028043,0.17473,-0.24756,0.37854,-0.034637,0.34148,0.74229,0.84123,0.80961,0.41365,0.6093,0.56176,0.81596,0.55605,0.77806,0.5171,0.16282,-0.050981,0.54274,0.94117,0.4784,1.022,-0.42296,0.42618,0.48472,0.79465,0.94047,1.0878,-0.13888,0.14483,0.26133,0.69288,0.23754,0.79702
-0.85717,0.34823,0.77968,0.70873,0.12662,0.46864,-0.63516,0.56134,-0.15521,0.57549,0.61237,1.4525,1.4611,0,0.62986,1.085,0.99571,0.51746,1.087,-0.066951,0.32059,0.010409,0.070441,0.088403,0.08948,0.59501,0.60255,0.57347,0.19708,0.15412,0.17613,0.90513,0.79474,0.76301,-0.071651,0.41062,0.94715,1.009,0.075725,0.82147,-0.65589,0.59352,-0.75859,0.15905,0.34336,0.90494,0.22067,0.10205,-0.04972,0.61059,0.45916,0.40851,0.16201,0.42577,0.63641,-0.78983,-0.46391,-0.226,-0.21209,0.2416,0.91089,0.13292,0.3413,0.28156,0.21264,0.066614,0.44799,0.33951,0.37911,0.61296,0.082418,-0.15321,0.047761,-0.3359,0.1298,0.085362,0.47783,0.75839,0.90707,0.6881,0.39512,0.85728,0.72924,0.80821,0.70388,1.007,0.82512,-0.071988,-0.23645,0.25047,0.45621,0.48124,0.79956,-0.32396,0.56891,0.58639,0.68588,0.98416,0.73916,-0.2179,0.13047,0.33131,0.8285,0.3269,0.77305
-0.18674,-0.17428,1.2297,1.0905,0.82452,-0.09271,0.19668,0.24584,0.38151,1.2295,0.88382,0.64142,0.55312,0.62986,0,1.1035,1.2887,0.8717,0.60769,0.62535,0.68936,0.11184,0.40963,0.44213,0.77783,1.0951,0.015635,-0.26044,0.11687,-0.040936,-0.21185,0.26343,0.46834,0.28775,-0.2692,-0.39468,0.18537,0.34459,0.55333,0.84273,0.32008,0.65964,-0.0261,-0.0089446,-4.8621e-05,0.52743,0.60586,0.60666,0.11357,0.63189,0.18966,0.79249,0.86226,0.78505,0.77192,-0.3335,0.32248,0.21955,0.29608,0.90586,0.37459,0.90558,0.25217,0.69511,0.66541,0.67046,1.0437,-0.069617,-0.42394,0.17233,0.51544,0.21291,0.3251,-0.081136,0.4287,0.70292,0.61001,1.2733,1.1169,0.66466,0.4991,1.3223,1.2174,1.3217,1.2763,1.1143,0.87795,0.44853,0.48671,0.28491,0.3364,1.4561,0.57141,0.42766,0.55267,1.3551,1.0138,1.477,0.59907,-0.088302,-0.25225,1.6427,0.9078,0.53664,1.0963
-0.44739,0.32805,0.95613,0.78906,0.38303,0.33294,-0.13073,0.73289,0.015749,0.97858,0.80261,0.96155,1.0306,1.085,1.1035,0,1.449,1.377,0.6919,0.43316,0.76336,0.34591,0.36604,0.47569,0.40154,0.9399,0.51577,0.18403,0.2808,0.23859,0.19935,0.92861,0.60274,0.49261,-0.12276,0.12663,0.46991,0.49664,0.20934,0.77941,-0.099015,0.97672,-0.26466,0.3634,0.51998,0.77785,0.51575,0.4956,0.11509,0.64483,0.30925,0.66958,0.39813,0.6155,0.65373,-0.61314,-0.070258,0.11636,0.11733,0.55091,0.83752,0.50601,0.3967,0.51059,0.63949,0.56913,0.94204,-0.22239,-0.14879,0.72545,0.52354,0.39087,0.46666,-0.015235,0.57224,0.31887,0.45664,0.85756,0.82241,0.47386,0.19427,1.0644,0.8449,1.0286,0.75482,0.82713,0.60935,0.34253,0.16011,0.48868,0.5831,1.1406,0.87048,0.17848,0.62531,0.88132,0.88081,1.162,0.72673,-0.047644,0.033459,0.81986,1.2337,0.50106,1.3088
-0.54384,0.19261,1.3978,1.1414,0.78982,0.38774,-0.25353,0.62319,0.052092,1.1336,1.105,1.1067,1.0517,0.99571,1.2887,1.449,0,1.1027,0.54843,0.19188,0.59304,0.19658,0.23985,0.38207,0.25212,1.0344,0.35498,0.12353,0.12477,-0.021695,-0.13091,0.51499,0.79169,0.70403,-0.31555,0.020587,0.5324,0.73171,0.17417,0.83602,-0.019841,0.89116,-0.44701,0.20276,0.096527,0.69989,0.52311,0.49438,0.19554,1.0546,0.59232,0.83421,0.58517,1.024,1.0052,-0.53448,-0.042714,0.02308,0.041868,0.48786,0.83479,0.44222,0.30975,0.49165,0.42948,0.38091,0.83847,-0.12595,-0.1426,0.31152,0.21383,0.076163,0.2634,-0.14312,0.4484,0.439,0.78418,1.3455,1.218,0.9727,0.64337,1.4119,1.2903,1.6163,1.1553,1.229,0.86381,0.29386,0.23985,0.32599,0.58506,1.3735,1.241,0.20955,0.90081,1.2552,1.4771,1.4607,1.1723,-0.082284,-0.085313,0.88843,1.4069,0.64227,1.5839
-0.30622,0.33897,0.70728,0.58108,0.55791,0.39686,-0.01133,0.7726,-0.01033,0.88995,0.72175,0.60489,0.60147,0.51746,0.8717,1.377,1.1027,0,0.20103,0.49124,0.6952,0.56536,0.35158,0.71925,0.26257,0.86668,0.45516,-0.020727,0.095119,0.29346,0.14714,0.64838,0.44382,0.41684,-0.16727,0.06898,0.21936,0.25697,0.065615,0.4457,0.12037,0.95652,-0.14308,0.40236,0.51418,0.42473,0.45353,0.5058,0.32051,0.70832,0.32539,0.69215,0.39363,0.70313,0.57382,-0.412,0.032078,0.18827,0.13533,0.4425,0.72265,0.55399,0.3774,0.41391,0.62697,0.59624,0.75874,-0.71821,-0.51054,0.53791,0.48212,0.66169,0.516,0.26518,0.69156,0.31674,0.39915,0.64398,0.55394,0.34312,0.13479,0.74428,0.63044,0.73553,0.53771,0.50564,0.37844,0.44297,0.28634,0.48122,0.47118,1.3861,0.91269,0.52913,0.71065,0.80239,0.85664,0.70486,0.63241,0.070022,0.032778,0.85108,1.081,0.59054,1.0537
-0.20821,0.20974,0.66768,0.72436,0.052315,0.024164,-0.18196,0.23564,0.21598,0.51818,0.33436,0.62707,0.55876,1.087,0.60769,0.6919,0.54843,0.20103,0,0.14302,0.28992,-0.22456,0.2493,-0.023574,0.49093,0.57761,0.17885,0.16857,0.24511,0.22065,-0.037185,0.52947,0.27993,0.25279,-0.17526,0.035765,0.35483,0.58429,0.45325,1.0561,-0.33624,0.36361,-0.28481,0.019105,0.14274,0.71626,0.054138,-0.0017828,-0.30578,0.067161,-0.10736,0.35546,0.41835,0.31439,0.48671,-0.39952,-0.11392,-0.21024,-0.050713,0.65564,0.51487,0.3389,0.26165,0.62586,0.50204,0.1161,0.37206,0.63951,0.4248,0.60683,0.36451,-0.20534,0.014876,-0.50453,-0.10291,0.28158,0.38593,0.52782,0.59395,0.27941,0.16326,0.87957,0.67905,0.61929,0.66714,0.81993,0.77451,-0.18315,-0.2424,-0.086523,0.034044,0.32953,0.20362,-0.16278,0.31569,0.48402,0.28785,0.80632,0.1873,-0.17107,0.020583,0.37624,0.60372,0.27111,0.55188
0.39784,-0.29083,0.2491,0.18669,0.15748,-0.70769,1.0576,-0.16937,0.6023,0.51555,0.26031,-0.077204,-0.080412,-0.066951,0.62535,0.43316,0.19188,0.49124,0.14302,0,0.51212,0.16104,0.36264,0.30567,1.1057,0.43891,-0.29255,-0.62796,0.20138,0.24115,0.17899,0.091444,-0.24334,-0.53869,0.26767,-0.46379,-0.29196,-0.40695,0.78821,0.24712,0.727,0.12991,0.86501,-0.039734,0.33536,0.21824,0.43941,0.57819,-0.13314,-0.1524,-0.53486,0.10091,0.40199,-0.047821,0.023073,-0.10513,0.73915,0.76889,0.83297,0.77175,-0.27245,0.7461,-0.010484,0.30441,0.61284,1.0271,0.7741,-0.4059,-0.7616,0.1634,1.3443,1.0892,0.77475,0.46891,0.69245,0.56927,-0.030345,0.25124,0.16555,-0.25883,-0.33469,0.21563,0.20856,0.25053,0.22629,0.071033,0.00044315,0.82798,0.74908,0.49584,0.16033,0.53088,-0.17343,0.58302,-0.14514,0.38353,0.13836,0.29424,-0.10874,-0.09367,-0.37262,0.73141,0.095394,-0.073349,0.23464
0.019794,-0.071231,0.27795,0.17252,0.12999,0.12662,0.3752,0.71244,-0.22259,0.26981,0.083576,0.18735,0.44383,0.32059,0.68936,0.76336,0.59304,0.6952,0.28992,0.51212,0,0.92249,1.3535,0.90633,0.62248,0.1695,0.49474,0.15687,0.95406,-0.27902,0.30276,0.63446,0.52778,0.27321,-0.35165,-0.42253,-0.067225,-0.21485,-0.022679,0.10224,0.31613,1.2311,0.2277,0.81498,0.34134,0.04239,1.0047,0.86789,0.58529,0.25427,0.22155,0.89005,0.12207,0.31593,-0.053917,0.21487,0.11944,0.15379,0.15483,0.282,0.38997,0.68285,0.64035,0.79239,0.97975,0.9802,0.7533,-0.33991,-0.29366,0.5727,0.41306,0.42235,0.35952,-0.34719,0.35905,-0.06252,-0.18583,0.25474,0.18503,0.14856,-0.083182,0.50334,0.23227,0.48017,0.26048,0.26221,0.11619,0.36934,0.22858,0.29507,0.43526,0.60531,0.29868,0.13187,0.014923,0.22889,0.24721,0.76892,0.16969,0.70822,0.39982,0.75522,0.64789,0.61878,0.84974
-0.096282,0.045891,-0.23732,-0.32912,-0.10541,0.47353,0.13543,0.86679,-0.76418,-0.16187,-0.2906,-0.049215,0.19514,0.010409,0.11184,0.34591,0.19658,0.56536,-0.22456,0.16104,0.92249,0,0.88398,1.3474,0.059191,-0.19498,0.88218,0.35163,0.48909,-0.12542,0.5565,0.57167,0.45229,0.36697,-0.29952,-0.14166,-0.18836,-0.45901,-0.67365,-0.47202,0.069362,0.93692,0.081653,0.97636,0.55751,-0.42573,0.51609,0.40228,1.1229,0.30009,0.40886,0.58351,-0.35594,0.10277,-0.38185,0.34891,-0.19188,-0.031931,-0.18474,-0.24535,0.37386,0.34348,0.71043,0.29161,0.49515,0.52276,0.16939,-0.76432,-0.4351,0.52922,0.031542,0.48163,0.10681,-0.062239,0.17199,-0.59289,-0.55622,-0.20859,-0.22208,-0.064916,-0.26052,-0.012129,-0.26927,-0.080019,-0.23698,-0.18782,-0.19705,0.10654,-0.051189,0.25263,0.21259,0.22663,0.26661,0.10375,-0.044648,-0.18617,-0.018222,0.13414,-0.032431,1.0475,0.8599,0.31585,0.33046,0.55519,0.31316
0.30192,-0.10949,0.018562,0.00077406,0.036713,0.07516,0.48297,0.59652,-0.2138,0.0042022,-0.28259,-0.15833,0.046758,0.070441,0.40963,0.36604,0.23985,0.35158,0.2493,0.36264,1.3535,0.88398,0,1.0266,0.6521,-0.013484,0.3782,0.02685,0.71561,-0.26824,0.12086,0.36311,0.26514,0.14984,-0.67341,-0.69501,-0.46782,-0.45815,-0.12835,-0.061913,0.34876,0.95106,0.32877,0.78376,0.15795,-0.328,0.57088,0.49327,0.64627,0.0046525,0.0089936,0.89419,0.11923,0.27467,-0.23837,0.62462,0.17317,-0.042016,0.005325,0.28192,0.28804,0.74045,0.67757,1.0613,1.1923,0.72259,0.34439,-0.23366,-0.27592,0.52831,0.3165,0.21932,0.086613,-0.51028,-0.040574,-0.19395,-0.36713,-0.060952,-0.11856,-0.089535,-0.21403,0.34813,0.024596,0.14889,0.055409,0.053354,0.040195,0.041871,0.013517,-0.10252,-0.036578,0.32342,-0.010179,0.21117,-0.092032,-0.010701,-0.092372,0.41853,-0.22965,1.1533,0.59441,0.61501,0.47211,0.75495,0.51053
-0.071995,-0.092484,0.019914,-0.0030171,0.22391,0.33439,0.2136,0.7253,-0.40332,0.12319,-0.12431,0.037601,0.12338,0.088403,0.44213,0.47569,0.38207,0.71925,-0.023574,0.30567,0.90633,1.3474,1.0266,0,0.28763,0.13237,0.60877,0.032744,0.21231,-0.013941,0.21723,0.40849,0.47018,0.4262,-0.54047,-0.39713,-0.2937,-0.33201,-0.35947,-0.18037,0.19154,1.0778,0.043031,0.54754,0.35054,-0.39741,0.39816,0.30494,1.1456,0.44636,0.32067,0.9846,0.031506,0.41611,-0.074381,0.32397,-0.04799,-0.12846,-0.21601,0.096204,0.45321,0.83706,0.85457,0.62165,0.8004,0.54263,0.21331,-0.61702,-0.7055,0.45898,0.12414,0.39096,-0.028906,-0.081895,0.034475,-0.24647,-0.24826,0.0511,0.040985,0.10953,-0.0057498,0.29277,0.040583,0.11431,0.10424,0.11566,0.18987,0.020458,-0.015699,0.056424,-0.045351,0.52816,0.33588,0.42805,0.22527,0.14034,0.18707,0.34866,-0.035306,0.88062,0.65903,0.77603,0.55309,0.94826,0.44362
0.51332,-0.36646,0.35277,0.32897,0.19494,-0.6956,0.92866,-0.12317,0.65229,0.3967,0.16657,-0.118,-0.050989,0.08948,0.77783,0.40154,0.25212,0.26257,0.49093,1.1057,0.62248,0.059191,0.6521,0.28763,0,0.40054,-0.32352,-0.51836,0.27662,-0.08572,-0.11658,0.0055439,-0.17982,-0.42141,-0.14637,-0.85849,-0.41611,-0.30255,0.73495,0.38744,0.63052,0.21404,0.73849,0.054709,-0.0095638,0.13628,0.56928,0.65759,-0.16743,-0.15882,-0.48479,0.27231,0.58896,0.10969,0.062466,0.075428,0.88766,0.57579,0.75758,1.0528,-0.2002,0.74864,-0.035867,0.63394,0.77067,1.0925,0.84367,-0.013273,-0.425,0.13332,1.0834,0.37345,0.53301,-0.032777,0.32281,0.52319,0.014274,0.26458,0.1926,-0.13945,-0.20256,0.45828,0.33804,0.34518,0.3266,0.21881,0.16577,0.53401,0.59842,0.19827,0.034511,0.44438,-0.2861,0.35756,-0.18453,0.37089,0.040575,0.47215,-0.14313,0.048339,-0.2945,0.84714,0.22409,0.095817,0.39753
-0.16801,0.26017,1.4929,1.5662,0.94436,0.033413,-0.044581,0.18805,0.62337,1.9735,1.2453,0.6804,0.3906,0.59501,1.0951,0.9399,1.0344,0.86668,0.57761,0.43891,0.1695,-0.19498,-0.013484,0.13237,0.40054,0,-0.10502,-0.39482,-0.28242,0.43993,-0.38828,0.17881,0.13754,0.1854,-0.16896,-0.013464,0.23702,0.65625,0.65171,1.3484,0.14229,0.35083,-0.20703,-0.1865,0.025551,0.80325,0.064725,0.17791,-0.22495,0.48794,-0.0048615,0.45633,1.172,0.90756,1.4959,-0.65453,0.24794,0.12488,0.23297,1.0872,0.48805,0.53571,0.026741,0.46211,0.46467,0.25655,0.63219,-0.11254,-0.26896,0.20662,0.55319,0.20814,0.33509,0.20875,0.3935,1.0943,1.2221,1.1525,0.99549,0.4748,0.43448,1.2362,1.5064,1.0779,1.1779,0.98338,0.87258,0.26201,0.30718,0.13242,0.13847,1.3086,0.62733,0.64577,1.0258,1.8268,1.0488,0.77635,0.61694,-0.44586,-0.48429,0.85232,0.92701,0.38612,0.83517
-0.71502,0.43313,-0.067208,-0.12786,-0.28077,1.1194,-0.58434,1.2497,-1.2517,-0.108,-0.12812,0.48783,0.72492,0.60255,0.015635,0.51577,0.35498,0.45516,0.17885,-0.29255,0.49474,0.88218,0.3782,0.60877,-0.32352,-0.10502,0,1.122,0.41522,0.092358,0.70895,1.2395,0.86559,0.94942,-0.17005,0.47576,0.43374,0.18427,-0.81942,-0.13503,-0.70741,0.90027,-0.60761,0.78013,0.75926,0.015466,0.17287,-0.0059212,0.674,0.46034,0.69664,0.4611,-0.52553,0.13103,-0.10253,-0.10655,-0.96968,-0.47189,-0.66343,-0.42497,0.95289,0.021584,0.84934,0.14659,0.21488,0.008454,-0.02263,-0.1806,0.19297,0.90708,-0.25543,0.064818,-0.15772,-0.29723,-0.051886,-0.78741,-0.26293,-0.040519,0.04609,0.21176,-0.031192,0.12706,-0.098148,0.05205,-0.073443,0.1204,0.11541,-0.29739,-0.60663,0.16414,0.28844,0.096644,0.62006,-0.3625,0.22932,-0.13278,0.13426,0.26943,0.23091,0.5219,1.1312,0.014063,0.48843,0.5031,0.34711
-0.76477,0.32704,-0.18759,-0.26884,-0.56597,0.78664,-0.81852,0.59165,-1.155,-0.37061,-0.1809,0.43292,0.76562,0.57347,-0.26044,0.18403,0.12353,-0.020727,0.16857,-0.62796,0.15687,0.35163,0.02685,0.032744,-0.51836,-0.39482,1.122,0,0.45213,-0.16765,0.6537,0.7726,0.6899,0.67908,0.061478,0.66791,0.6812,0.29817,-0.78968,-0.19873,-1.0323,0.33259,-0.66097,0.53368,0.42889,0.11334,0.14748,-0.050098,0.25865,0.27388,0.70607,0.020227,-0.82862,-0.18575,-0.23016,-0.19765,-1.0423,-0.37435,-0.5378,-0.74037,0.49322,-0.48152,0.3326,-0.22151,-0.25343,-0.20472,-0.11678,0.20187,0.6732,0.46109,-0.49246,-0.27062,-0.1942,-0.42845,-0.10164,-0.9323,-0.29984,-0.1369,-0.017707,0.21896,-0.0065961,-0.10633,-0.23733,-0.060414,-0.22452,0.0095481,-0.051972,-0.29936,-0.59232,0.21458,0.45345,-0.30865,0.35357,-1.112,-0.070656,-0.36269,-0.038603,0.09905,0.28002,0.21972,0.7115,-0.40594,0.10999,0.029571,0.091636
0.065744,-0.012431,-0.047913,-0.15183,-0.37516,0.031272,0.25627,0.40928,-0.36055,-0.11418,-0.1993,0.056836,0.36906,0.19708,0.11687,0.2808,0.12477,0.095119,0.24511,0.20138,0.95406,0.48909,0.71561,0.21231,0.27662,-0.28242,0.41522,0.45213,0,-0.36727,0.54427,0.6008,0.3484,0.082646,0.0043324,-0.11809,0.10032,-0.23939,-0.050281,-0.066555,0.09455,0.52341,0.24591,0.73637,0.33345,0.097536,0.64531,0.52487,0.25794,-0.18933,0.058853,0.28823,-0.26445,-0.17073,-0.40396,0.28094,-0.097909,0.057372,0.083814,-0.075991,0.14162,0.13403,0.44655,0.37204,0.43304,0.43966,0.35981,0.026335,0.25812,0.50695,0.18469,0.1993,0.24438,-0.56241,0.18959,-0.31699,-0.45793,-0.056922,-0.09891,-0.076841,-0.29584,0.074942,-0.11079,0.17506,-0.061842,-0.01875,-0.2178,0.19279,-0.0092757,0.20325,0.49051,0.0047583,-0.0061973,-0.37313,-0.39071,-0.21439,-0.12616,0.37741,-0.019556,0.57578,0.44398,0.047593,0.14782,0.12263,0.32959
-0.076171,0.55793,0.066263,0.14211,-0.090102,0.086844,-0.13569,0.056423,0.18723,0.33455,0.11862,0.18463,-0.070363,0.15412,-0.040936,0.23859,-0.021695,0.29346,0.22065,0.24115,-0.27902,-0.12542,-0.26824,-0.013941,-0.08572,0.43993,0.092358,-0.16765,-0.36727,0,0.22725,0.31748,-0.27733,-0.10075,0.32066,0.52648,0.089976,0.17764,0.24554,0.33109,-0.28713,-0.062065,-0.13692,-0.21228,0.64587,0.33523,-0.71669,-0.58088,-0.3047,-0.17271,-0.45272,-0.13216,0.10733,-0.010947,0.25697,-0.47602,-0.22016,-0.17027,-0.15236,0.27617,0.26608,0.15986,0.13315,0.0024541,0.19618,-0.22226,-0.1897,-0.16112,-0.051178,0.54843,0.37351,0.44119,0.054854,0.54687,0.014599,0.20668,0.19374,0.0011294,0.035998,-0.31573,-0.2777,0.054635,0.077266,-0.090135,0.046938,0.037412,0.16475,-0.2247,-0.33825,-0.043831,-0.33168,0.13489,0.077589,0.36262,0.38331,0.17411,0.046927,-0.14212,-0.17819,-0.35473,-0.026512,-0.014733,0.12571,-0.032124,-0.11632
-0.36018,0.057018,-0.4474,-0.5873,-0.89491,0.14563,-0.046198,0.25573,-0.66481,-0.29695,-0.30513,0.1455,0.343,0.17613,-0.21185,0.19935,-0.13091,0.14714,-0.037185,0.17899,0.30276,0.5565,0.12086,0.21723,-0.11658,-0.38828,0.70895,0.6537,0.54427,0.22725,0,0.849,0.26715,0.079413,0.65591,0.4715,0.33323,-0.25771,-0.29872,-0.38389,-0.40778,0.18605,0.035967,0.35413,1.3548,0.055862,0.19131,0.056925,0.21298,-0.083991,0.088726,-0.18256,-0.96715,-0.67383,-0.60618,-0.1829,-0.52281,0.051164,-0.12617,-0.48745,0.058535,-0.068619,0.38529,-0.28159,-0.016119,0.17057,0.021633,-0.19385,0.050705,0.59856,0.078617,0.56004,0.16346,0.1626,0.24334,-0.68094,-0.75474,-0.29961,-0.19935,-0.2743,-0.53886,-0.41389,-0.53918,-0.30116,-0.426,-0.29162,-0.33517,0.098313,-0.23601,0.5946,0.37857,-0.23881,0.0081506,-0.47817,-0.40991,-0.4432,-0.22215,-0.068396,-0.1289,0.16514,0.53471,-0.21186,-0.19497,-0.24503,-0.17341
-0.58571,0.5113,0.19639,0.11265,-0.28316,0.61355,-0.35179,0.97584,-0.56687,0.20738,0.12955,0.7025,0.94179,0.90513,0.26343,0.92861,0.51499,0.64838,0.52947,0.091444,0.63446,0.57167,0.36311,0.40849,0.0055439,0.17881,1.2395,0.7726,0.6008,0.31748,0.849,0,0.65934,0.58522,0.0794,0.51903,0.58267,0.28623,-0.21553,0.23632,-0.56529,0.85192,-0.38034,0.64756,1.1512,0.458,0.25682,0.13442,0.25165,0.27096,0.3062,0.37838,-0.26509,0.08802,0.055126,-0.38389,-0.63745,-0.20348,-0.27552,-0.035804,0.88388,0.16532,0.70957,0.26312,0.42276,0.21344,0.30081,-0.10219,0.23093,1.4158,0.18613,0.32685,0.1754,-0.18313,0.22119,-0.32948,-0.10211,0.18009,0.24038,0.13046,-0.16045,0.33045,0.12964,0.29765,0.13328,0.29424,0.20018,-0.04026,-0.38038,0.3605,0.45984,0.29077,0.56563,-0.28639,0.22693,0.097745,0.24344,0.51358,0.28358,0.2137,0.61224,0.15176,0.59457,0.32471,0.52759
-1.1014,-0.067663,0.36375,0.28829,0.19675,0.63982,-0.52945,0.6678,-0.69875,0.24204,0.27081,0.95526,1.0822,0.79474,0.46834,0.60274,0.79169,0.44382,0.27993,-0.24334,0.52778,0.45229,0.26514,0.47018,-0.17982,0.13754,0.86559,0.6899,0.3484,-0.27733,0.26715,0.65934,0,1.4918,-0.21051,0.15846,0.7522,0.48459,-0.35002,0.13131,-0.39151,0.85712,-0.75893,0.24059,0.19138,0.2004,0.4038,0.16238,0.73762,1.0171,1.2347,0.74463,-0.13753,0.42976,0.25614,-0.18965,-0.68973,-0.44696,-0.56093,-0.24823,0.76191,0.25584,0.80858,0.24163,0.12008,0.0040806,0.18604,0.1024,0.083747,0.28399,-0.43159,-0.20512,-0.30686,-0.50387,-0.027928,-0.29266,0.12239,0.57341,0.68692,1.0855,0.70297,0.47217,0.36732,0.57574,0.52249,0.73601,0.63567,-0.13211,-0.24072,0.16493,0.45383,0.40726,1.028,-0.30498,0.44012,0.32016,0.69933,0.85779,0.67341,0.27549,0.5333,0.35924,0.59328,0.62739,0.56239
-1.0937,0.22249,0.34568,0.33383,0.26398,1.1177,-0.89597,0.86047,-0.7496,0.20059,0.23379,0.88877,0.84118,0.76301,0.28775,0.49261,0.70403,0.41684,0.25279,-0.53869,0.27321,0.36697,0.14984,0.4262,-0.42141,0.1854,0.94942,0.67908,0.082646,-0.10075,0.079413,0.58522,1.4918,0,-0.41872,0.31917,0.66572,0.67705,-0.53617,0.16421,-0.58979,0.80897,-1.2532,0.25544,0.12199,0.13127,0.081201,-0.10794,0.69633,1.0154,1.2234,0.75662,-0.080152,0.63629,0.3968,-0.17444,-0.89554,-0.76352,-0.89304,-0.27107,1.1598,0.1306,0.77565,0.2518,0.087152,-0.25944,-0.054472,0.093509,0.19881,0.33043,-0.60427,-0.37849,-0.49135,-0.50454,-0.23734,-0.32047,0.26304,0.44581,0.54595,0.98074,0.7377,0.49221,0.37331,0.45558,0.45229,0.6746,0.68125,-0.42526,-0.50977,-0.10032,0.19583,0.35824,1.1939,-0.20939,0.7447,0.29186,0.63311,0.59691,0.61806,0.27539,0.62322,0.20949,0.72186,0.82672,0.52044
-0.18763,-0.1352,-0.2381,-0.32382,-0.51987,-0.41511,0.052138,-0.54613,0.093484,-0.06815,0.070615,0.087331,0.057347,-0.071651,-0.2692,-0.12276,-0.31555,-0.16727,-0.17526,0.26767,-0.35165,-0.29952,-0.67341,-0.54047,-0.14637,-0.16896,-0.17005,0.061478,0.0043324,0.32066,0.65591,0.0794,-0.21051,-0.41872,0,0.52203,0.4189,-0.053149,0.29754,-0.11864,-0.15962,-0.61002,0.18411,-0.41734,0.47166,0.36943,-0.089588,-0.082755,-0.48414,-0.27165,-0.25057,-0.92237,-0.45109,-0.90916,-0.24963,-0.54552,-0.095758,0.40049,0.28431,-0.25738,-0.50741,-0.33134,-0.32597,-0.8612,-0.54922,-0.077262,0.0050939,0.034192,0.053863,-0.10455,0.15279,0.43602,0.29777,0.64706,0.41809,0.011392,-0.202,-0.072267,-0.010847,-0.2471,-0.29843,-0.55397,-0.30844,-0.23563,-0.23969,-0.24439,-0.31881,0.35577,0.16408,0.64275,0.33273,-0.3186,-0.21328,-0.32097,-0.41889,-0.18421,-0.1042,-0.27493,-0.025332,-0.68838,-0.34484,-0.40217,-0.6631,-1.1151,-0.52233
-0.7065,0.77416,-0.036285,-0.068256,-0.36868,0.60986,-0.99103,0.24159,-0.39442,-0.035702,0.16782,0.51984,0.4637,0.41062,-0.39468,0.12663,0.020587,0.06898,0.035765,-0.46379,-0.42253,-0.14166,-0.69501,-0.39713,-0.85849,-0.013464,0.47576,0.66791,-0.11809,0.52648,0.4715,0.51903,0.15846,0.31917,0.52203,0,0.88356,0.60255,-0.28793,0.08214,-1.0352,-0.11038,-0.71864,0.028196,0.55969,0.49867,-0.40754,-0.44297,-0.24764,0.11076,0.2411,-0.39551,-0.46871,-0.19292,0.13526,-0.73936,-0.86891,-0.25412,-0.36808,-0.46226,0.39192,-0.67119,-0.021918,-0.58349,-0.49392,-0.57348,-0.26316,0.055139,0.58807,0.33747,-0.26253,-0.0070248,-0.021553,0.2264,0.08297,-0.26752,0.12941,-0.030796,0.056247,0.045129,-0.055449,-0.1799,-0.092012,-0.080349,-0.15318,-0.013191,-0.050495,-0.2316,-0.50716,0.21894,0.28242,-0.20691,0.39125,-0.46979,0.24052,-0.11517,0.10117,-0.17481,0.32361,-0.43066,0.11912,-0.64388,-0.002925,-0.28603,-0.11552
-1.352,0.22509,0.43795,0.34787,-0.018107,0.4145,-0.87925,0.21217,-0.29217,0.32953,0.58793,1.3779,1.2044,0.94715,0.18537,0.46991,0.5324,0.21936,0.35483,-0.29196,-0.067225,-0.18836,-0.46782,-0.2937,-0.41611,0.23702,0.43374,0.6812,0.10032,0.089976,0.33323,0.58267,0.7522,0.66572,0.4189,0.88356,0,1.0475,-0.0092399,0.4042,-0.75262,0.13599,-0.88686,-0.12116,0.29902,0.89278,0.05681,-0.068864,-0.10318,0.55243,0.61852,-0.024167,-0.18042,0.073709,0.43519,-0.95479,-0.73188,-0.20532,-0.27915,-0.24092,0.46752,-0.26078,0.13981,-0.28727,-0.36133,-0.30092,0.14513,0.33508,0.49465,0.17746,-0.28476,-0.17398,-0.050311,-0.091331,0.19448,-0.027683,0.39059,0.60975,0.75781,0.74227,0.50143,0.25693,0.38385,0.50795,0.43445,0.62394,0.45077,-0.017359,-0.20797,0.38833,0.66392,0.15825,0.78819,-0.57479,0.38138,0.32653,0.64958,0.48495,0.87801,-0.49207,-0.0064957,-0.11347,0.24593,-0.083866,0.25908
-0.8061,0.45635,0.88457,0.90821,0.40261,0.48696,-1.0036,0.24421,0.050086,0.61688,0.86758,1.2291,0.81157,1.009,0.34459,0.49664,0.73171,0.25697,0.58429,-0.40695,-0.21485,-0.45901,-0.45815,-0.33201,-0.30255,0.65625,0.18427,0.29817,-0.23939,0.17764,-0.25771,0.28623,0.48459,0.67705,-0.053149,0.60255,1.0475,0,0.1305,0.90746,-0.60016,0.1495,-1.1377,-0.20681,-0.080839,0.93631,-0.16471,-0.1966,-0.26554,0.59717,0.45539,0.16451,0.33472,0.57492,1.1289,-0.86276,-0.43104,-0.33909,-0.28048,0.15185,0.70056,-0.16521,0.0058004,0.015564,-0.17348,-0.41251,0.12308,0.42808,0.51693,0.10973,-0.2138,-0.46262,-0.12965,-0.19122,0.0013568,0.32656,1.0865,0.8407,0.93492,0.87483,0.77471,0.69049,0.88092,0.76351,0.77718,0.97419,0.82827,-0.20002,-0.22734,-0.017714,0.27248,0.37522,0.86566,-0.19065,0.9233,0.68833,0.83181,0.55741,0.94476,-0.57641,-0.1976,0.046481,0.58411,0.18456,0.4849
0.32301,-0.23231,0.58587,0.6182,0.32884,-0.92489,0.52883,-0.57417,1.371,0.7379,0.53674,0.11743,-0.083223,0.075725,0.55333,0.20934,0.17417,0.065615,0.45325,0.78821,-0.022679,-0.67365,-0.12835,-0.35947,0.73495,0.65171,-0.81942,-0.78968,-0.050281,0.24554,-0.29872,-0.21553,-0.35002,-0.53617,0.29754,-0.28793,-0.0092399,0.1305,0,0.79872,0.48787,-0.26688,0.41899,-0.59823,-0.15542,0.62276,0.016957,0.15272,-0.71287,-0.26251,-0.68877,-0.09215,0.8135,0.065773,0.43897,-0.30963,0.6554,0.42176,0.66431,1.0275,-0.31093,0.41187,-0.29211,0.23777,0.25248,0.25361,0.47407,0.25063,-0.13948,-0.13685,0.76818,0.22989,0.38497,0.19972,0.30533,1.2674,0.49364,0.55415,0.46667,0.0055401,0.078047,0.39728,0.58906,0.48211,0.60495,0.41272,0.32758,0.41595,0.52339,0.08201,-0.0072236,0.37938,-0.18377,0.38218,0.062671,0.62959,0.26966,0.35298,0.029799,-0.63609,-0.91236,0.40607,0.027361,-0.23831,0.13574
-0.16112,0.32397,1.4893,1.6623,0.57381,-0.016079,-0.15593,0.11721,0.62968,1.2596,1.0173,0.76015,0.49014,0.82147,0.84273,0.77941,0.83602,0.4457,1.0561,0.24712,0.10224,-0.47202,-0.061913,-0.18037,0.38744,1.3484,-0.13503,-0.19873,-0.066555,0.33109,-0.38389,0.23632,0.13131,0.16421,-0.11864,0.08214,0.4042,0.90746,0.79872,0,-0.040567,0.23142,-0.28089,-0.19695,-0.055291,1.1724,0.00029174,0.079518,-0.48673,0.23287,-0.10456,0.31834,1.0041,0.66821,1.2711,-0.65717,0.13513,0.0012773,0.18285,1.022,0.47693,0.31736,-0.015476,0.49022,0.38235,0.087199,0.54246,0.31275,0.18702,0.26637,0.47097,-0.067332,0.23837,-0.11432,0.20512,0.9592,1.1735,1.0497,0.9588,0.45469,0.40692,1.2534,1.4778,1.1212,1.168,1.1029,0.88405,0.094825,0.11179,-0.0091894,0.14989,0.75763,0.45237,0.23601,0.74489,1.1681,0.75114,0.84533,0.54589,-0.52753,-0.46223,0.49944,0.77352,0.23975,0.75275
0.88027,-0.46224,0.11679,0.099306,0.49587,-0.68167,1.3089,-0.30621,0.62914,0.23427,0.090394,-0.52792,-0.52283,-0.65589,0.32008,-0.099015,-0.019841,0.12037,-0.33624,0.727,0.31613,0.069362,0.34876,0.19154,0.63052,0.14229,-0.70741,-1.0323,0.09455,-0.28713,-0.40778,-0.56529,-0.39151,-0.58979,-0.15962,-1.0352,-0.75262,-0.60016,0.48787,-0.040567,0,-0.026759,1.0263,-0.04818,-0.3988,-0.24087,0.37745,0.57982,0.062163,-0.19788,-0.38043,0.17214,0.55703,0.15275,-0.031352,0.49149,1.2263,0.59791,0.73546,0.4954,-0.50521,0.48142,-0.19488,0.31806,0.37983,0.61049,0.39196,-0.44628,-0.76312,-0.4129,0.48274,0.41135,0.41518,0.20379,0.35643,0.57732,0.026809,0.088147,-0.086303,-0.17898,-0.073759,0.076086,0.1228,0.14758,0.11696,-0.12199,-0.20112,0.64827,0.96374,0.019384,-0.033625,0.35504,-0.28972,0.81211,-0.17084,0.22227,0.028899,0.045975,-0.15609,0.17898,-0.45272,0.48922,-0.047225,0.058474,0.12356
-0.30671,0.24941,0.42639,0.36506,0.30197,0.65403,-0.097841,1.4168,-0.43885,0.38577,0.19708,0.48774,0.64975,0.59352,0.65964,0.97672,0.89116,0.95652,0.36361,0.12991,1.2311,0.93692,0.95106,1.0778,0.21404,0.35083,0.90027,0.33259,0.52341,-0.062065,0.18605,0.85192,0.85712,0.80897,-0.61002,-0.11038,0.13599,0.1495,-0.26688,0.23142,-0.026759,0,-0.27138,0.81485,0.36525,0.095492,0.51953,0.40898,0.78891,0.59918,0.52898,1.4252,0.16144,0.72065,0.24279,0.062027,-0.24108,-0.24609,-0.26094,0.19007,1.066,0.61085,0.96577,0.8575,0.89845,0.44786,0.43993,-0.3262,-0.16226,0.77916,0.11955,0.18878,0.065674,-0.41352,0.13152,-0.13068,0.073432,0.37726,0.34329,0.40823,0.17784,0.7496,0.41042,0.58827,0.41682,0.49549,0.41011,0.0045365,-0.11698,0.077541,0.28872,0.7706,0.77553,0.17355,0.49671,0.3773,0.49071,0.84945,0.36996,0.68736,0.62835,0.70335,1.2208,1.2055,1.0888
1.191,-0.4264,-0.31206,-0.34947,-0.15703,-1.0056,1.8668,-0.46774,0.50121,-0.15981,-0.29019,-0.90703,-0.68015,-0.75859,-0.0261,-0.26466,-0.44701,-0.14308,-0.28481,0.86501,0.2277,0.081653,0.32877,0.043031,0.73849,-0.20703,-0.60761,-0.66097,0.24591,-0.13692,0.035967,-0.38034,-0.75893,-1.2532,0.18411,-0.71864,-0.88686,-1.1377,0.41899,-0.28089,1.0263,-0.27138,0,0.045166,-0.038747,-0.30834,0.31501,0.47612,-0.18308,-0.71532,-0.8234,-0.25527,0.093539,-0.44238,-0.53821,0.46055,1.0647,0.83781,0.93212,0.31155,-0.8968,0.21906,-0.33363,0.062582,0.25961,0.69982,0.28695,-0.32592,-0.49996,-0.19517,0.71637,0.60672,0.57463,0.31235,0.34316,0.21494,-0.46393,-0.36924,-0.50466,-0.79698,-0.71847,-0.33025,-0.34573,-0.29728,-0.36343,-0.58405,-0.64887,0.62644,0.69392,0.18474,-0.06741,-0.10472,-0.89983,0.34016,-0.79701,-0.24098,-0.51296,-0.287,-0.59515,0.14155,-0.31867,0.12569,-0.44479,-0.37223,-0.22555
0.076224,0.50265,-0.097542,-0.19007,-0.20787,0.61,-0.012153,1.117,-0.57583,-0.19823,-0.20472,-0.05713,0.296,0.15905,-0.0089446,0.3634,0.20276,0.40236,0.019105,-0.039734,0.81498,0.97636,0.78376,0.54754,0.054709,-0.1865,0.78013,0.53368,0.73637,-0.21228,0.35413,0.64756,0.24059,0.25544,-0.41734,0.028196,-0.12116,-0.20681,-0.59823,-0.19695,-0.04818,0.81485,0.045166,0,0.40297,-0.13692,0.52355,0.5002,0.43714,0.054129,0.25962,0.39975,-0.24582,0.13215,-0.27538,0.28217,-0.11809,0.036543,-0.014313,-0.12496,0.49629,-0.04536,0.33674,0.33395,0.46464,0.46476,0.28298,-0.46436,0.095576,0.68966,0.14068,0.23962,0.33864,-0.30244,0.21825,-0.48516,-0.35927,-0.27271,-0.34304,-0.19316,-0.44444,0.099968,-0.17348,0.016335,-0.30502,-0.23013,-0.36612,0.10296,-0.098505,0.16314,0.37285,0.10621,0.18777,-0.12644,-0.082826,-0.24993,-0.15241,0.11735,0.065007,0.82962,0.64052,0.024962,0.44838,0.39733,0.51837
-0.33167,0.38144,-0.15041,-0.23312,-0.5252,0.27821,-0.082769,0.47256,-0.4178,0.037092,-0.058915,0.28827,0.387,0.34336,-4.8621e-05,0.51998,0.096527,0.51418,0.14274,0.33536,0.34134,0.55751,0.15795,0.35054,-0.0095638,0.025551,0.75926,0.42889,0.33345,0.64587,1.3548,1.1512,0.19138,0.12199,0.47166,0.55969,0.29902,-0.080839,-0.15542,-0.055291,-0.3988,0.36525,-0.038747,0.40297,0,0.24934,0.07411,0.018995,0.12506,-0.0021595,-0.02142,-0.014632,-0.46755,-0.29556,-0.22092,-0.37663,-0.43768,0.041399,-0.092479,-0.11916,0.34029,0.11303,0.43609,-0.06062,0.25378,0.23994,0.14592,-0.37347,-0.057437,1.0155,0.35222,0.81034,0.31321,0.3231,0.34677,-0.34675,-0.36668,-0.12499,-0.06198,-0.28491,-0.55506,-0.099212,-0.22533,-0.10804,-0.20973,-0.11551,-0.13508,0.098756,-0.24277,0.53711,0.28364,0.082137,0.1919,-0.11966,-0.037435,-0.12467,-0.029672,0.051254,-0.04118,0.07511,0.43586,0.0028093,0.13705,-0.03408,0.073125
-0.41414,0.38754,0.96199,0.8364,0.20695,0.026506,-0.29355,0.086073,0.36315,0.89396,1.086,0.9908,0.81453,0.90494,0.52743,0.77785,0.69989,0.42473,0.71626,0.21824,0.04239,-0.42573,-0.328,-0.39741,0.13628,0.80325,0.015466,0.11334,0.097536,0.33523,0.055862,0.458,0.2004,0.13127,0.36943,0.49867,0.89278,0.93631,0.62276,1.1724,-0.24087,0.095492,-0.30834,-0.13692,0.24934,0,0.11427,0.16687,-0.60982,0.22638,0.020906,-0.024336,0.38376,0.22554,0.79589,-1.1939,-0.063112,0.19053,0.26783,0.46354,0.35136,-0.029829,-0.1341,0.022356,0.035641,0.072582,0.6049,0.22842,0.32862,0.28651,0.40746,0.12071,0.46359,0.094073,0.54046,0.61501,0.77357,0.86951,0.85245,0.39048,0.23211,0.62911,0.82902,0.87631,0.70202,0.73401,0.46648,0.31658,0.16235,0.42822,0.61106,0.49025,0.50571,-0.10531,0.43897,0.75168,0.70157,0.64786,0.76808,-0.79233,-0.48502,0.16694,0.45228,-0.14096,0.54722
