,,,,,,,,,,,,,,,,,,,,,,,,,,,,,,,,,,,,,,,,,,,,,,,,,,,,,,,,,,,,,,,,,,,,,,,,,,,,,,,,,,,,,,,,,,,,,,,,,,,,,,,,
0,-0.57223,1.3851,1.3217,0.87965,-0.71958,1.6055,-0.1287,1.4037,1.1499,0.85944,0.2308,-0.23014,0.14137,1.4684,0.57676,1.0504,0.50992,0.47679,1.4677,0.64241,-0.18775,0.6189,0.53063,1.1738,1.0674,-0.65507,-1.043,-0.035731,-0.45412,-0.93485,-0.33387,0.0228,-0.33865,-0.92527,-1.7724,-1.4415,0.034921,1.217,1.2908,1.2117,0.44416,1.3152,-0.24289,-0.67111,0.68043,0.93645,1.4478,0.12461,0.39771,-0.85043,0.99856,1.3908,0.90351,0.84431,1.1518,1.906,0.83645,1.8161,1.4774,0.011948,1.2163,0.14543,1.013,0.82196,0.97392,1.3561,0.053561,-0.87842,-0.15273,0.93275,0.13549,0.45151,-0.29273,0.3585,1.1785,0.75209,1.2102,1.1435,0.7407,0.57806,1.2054,1.3367,1.4732,1.2535,1.2055,1.0849,1.1377,1.0763,-0.77062,-0.7201,1.0953,0.12726,0.81919,0.46495,1.1771,0.78913,1.1335,0.28062,0.11022,-0.60772,1.3879,0.69259,0.7844,0.92875
-0.57223,0,-0.38526,-0.40332,-0.35112,2.5541,-0.97426,1.209,-0.80695,-0.40021,-0.29555,0.012298,0.45823,0.27205,-0.41691,0.24452,-0.082766,0.43854,-0.14316,-0.50734,-0.023612,1.1531,0.017619,0.34647,-0.39907,-0.17241,1.0764,0.59052,-0.11584,1.167,0.48264,0.69241,-0.10421,1.143,-0.11016,0.81791,0.13161,0.24588,-1.2318,-0.37829,-0.78077,0.34437,-0.99607,1.0939,0.96722,-0.50941,-0.22178,-0.20597,0.51516,0.15539,0.64513,-0.13591,-0.43263,-0.051735,-0.211,-1.2377,-0.58896,-0.23075,-0.56706,-0.33247,0.92218,-0.45216,0.073203,-0.21446,-0.032952,-0.045735,-0.20112,-0.75074,0.23399,0.64391,-0.026575,0.95957,0.56203,0.36415,0.34378,-0.62607,-0.30046,-0.71557,-0.81432,-0.86606,-0.83166,-0.22356,-0.45215,-0.5387,-0.70684,-0.64124,-0.56824,-0.44934,-0.66723,0.66584,0.37638,-0.1526,0.4344,-0.16309,0.13128,-0.4201,-0.3896,-0.47848,0.023006,0.4459,0.73032,-0.36246,0.23065,0.092057,0.086784
1.3851,-0.38526,0,3.7625,1.3695,-0.46698,1.1399,-0.00063463,1.4866,2.5099,1.3021,0.55793,-0.28247,0.12622,1.8639,0.71518,1.7318,0.85621,0.38855,1.3739,0.57634,-0.10192,0.56195,0.76239,0.93868,2.1937,-0.59579,-1.3465,-0.26083,-0.067778,-1.218,-0.34481,0.10294,0.005985,-1.2805,-1.4415,-1.659,0.46324,1.089,1.7396,1.3189,0.5844,0.6938,-0.2709,-0.65811,0.65439,0.54777,0.92428,0.57406,0.81951,-0.55128,1.4874,2.7889,1.6585,1.5185,0.73667,1.5658,0.4461,0.95489,1.8291,0.23551,1.5821,0.27107,1.1382,0.93251,0.80011,1.1167,-0.18618,-1.3976,-0.12917,0.87391,0.33331,0.33866,-0.11143,0.38743,1.5794,1.2025,1.7812,1.5734,1.0116,0.78121,1.6996,3.2011,2.4337,1.8423,1.6537,1.6398,0.84336,1.0004,-1.3057,-1.429,2.1464,0.54392,1.4216,0.98267,2.3714,1.3596,1.1681,0.51986,0.11116,-0.61293,2.0727,1.0295,1.2831,1.1656
1.3217,-0.40332,3.7625,0,1.3916,-0.48002,1.1352,-0.020344,1.5029,2.7686,1.3112,0.58014,-0.29532,0.11344,1.8231,0.69136,1.6819,0.83128,0.37882,1.3517,0.55604,-0.12189,0.54072,0.73971,0.91324,2.1689,-0.61133,-1.3694,-0.26786,-0.061155,-1.2291,-0.35948,0.11622,0.0065814,-1.2265,-1.4332,-1.5475,0.48131,1.1134,1.7236,1.3371,0.56448,0.67667,-0.29927,-0.67457,0.66137,0.51184,0.86582,0.58407,0.82395,-0.54275,1.4684,2.7625,1.6354,1.5418,0.73554,1.5118,0.40767,0.90777,1.7598,0.22258,1.5939,0.278,1.1181,0.90999,0.75946,1.0615,-0.17685,-1.405,-0.14311,0.83749,0.31286,0.29435,-0.10822,0.35982,1.6138,1.2244,1.8769,1.6577,1.0604,0.81876,1.6557,3.7537,2.4888,1.9466,1.7141,1.715,0.81113,0.99377,-1.3984,-1.5296,2.0868,0.55079,1.4339,0.99369,2.5125,1.4113,1.1636,0.5229,0.094639,-0.62386,2.0272,1.0003,1.2608,1.1179
0.87965,-0.35112,1.3695,1.3916,0,-0.36152,0.68166,-0.22745,1.4494,1.5877,3.2481,0.19383,-0.8125,-0.35181,0.85875,0.24545,0.92916,0.65813,-0.11752,0.64061,0.056615,-0.37172,0.048154,0.35226,0.34862,1.3873,-0.93859,-2.1751,-0.80902,-0.061672,-2.3994,-0.817,-0.3185,-0.091883,-0.75543,-0.83756,-1.0601,0.86413,0.78069,0.80553,1.6006,0.1527,0.37363,-0.57694,-1.0613,0.15868,0.087683,0.45669,0.51271,1.3229,-0.091851,0.7277,1.6148,1.4968,2.3537,0.40651,1.326,0.53306,0.7848,0.84463,0.0033687,0.75454,-0.16389,0.47409,0.35259,0.27098,0.50126,-0.48021,-2.7173,-0.55933,0.31701,0.22843,0.16865,0.35824,0.67742,1.9649,3.0209,1.4398,1.1686,1.3703,1.2584,0.80021,1.4126,1.1593,1.194,0.89979,0.89965,1.0749,1.4481,-1.1766,-1.1319,1.3718,0.8321,2.2486,1.3398,1.7813,2.5545,0.50761,1.1565,-0.33223,-1.1314,0.93881,0.5793,0.74363,0.60043
-0.71958,2.5541,-0.46698,-0.48002,-0.36152,0,-1.1849,0.98582,-0.87324,-0.45755,-0.30699,-0.035867,0.36419,0.15505,-0.53629,0.11537,-0.17694,0.34402,-0.26673,-0.6539,-0.16012,0.94121,-0.11894,0.22422,-0.55572,-0.24003,0.98767,0.60619,-0.19105,1.1893,0.48843,0.5856,-0.15631,1.0904,-0.0027263,0.97971,0.23692,0.30837,-1.4031,-0.49188,-0.81737,0.21374,-1.2556,0.89247,0.89125,-0.63198,-0.37949,-0.35572,0.48439,0.16247,0.82224,-0.23874,-0.5041,-0.10612,-0.23325,-1.5593,-0.68513,-0.30005,-0.69427,-0.45284,0.7729,-0.56627,-0.0059422,-0.34063,-0.15943,-0.19367,-0.34637,-0.77686,0.2558,0.51863,-0.16801,0.80557,0.41022,0.4687,0.31467,-0.66072,-0.29707,-0.77018,-0.87734,-0.81862,-0.74781,-0.33348,-0.52767,-0.63553,-0.7838,-0.7408,-0.65406,-0.50355,-0.6889,0.67152,0.40146,-0.22386,0.45449,-0.18641,0.12374,-0.47308,-0.38815,-0.61436,0.067496,0.3124,0.66853,-0.47102,0.1222,-0.00099763,-0.032884
1.6055,-0.97426,1.1399,1.1352,0.68166,-1.1849,0,-0.33109,1.346,1.0184,0.62596,0.37043,-0.17199,0.17937,1.3894,0.44944,0.81818,0.23477,0.618,1.621,0.65225,-0.35868,0.61083,0.35845,1.2779,0.81654,-0.72277,-0.89607,0.16169,-0.60875,-0.74151,-0.33132,0.27335,-0.47718,-0.61819,-2.5293,-0.8839,-0.10882,2.0561,1.2815,1.1301,0.33085,1.7118,-0.42183,-0.70755,1.0292,0.84965,0.98625,-0.0051595,0.16354,-1.2082,0.89443,1.1194,0.61814,0.62873,1.9741,1.2931,0.46884,1.1601,1.2649,-0.15613,1.3595,0.29655,1.0151,0.76284,0.79446,1.0634,0.39096,-0.62514,-0.17152,0.78483,-0.14627,0.091853,-0.54617,-0.019171,1.0503,0.57042,1.2969,1.4249,0.86249,0.66414,1.0522,1.1844,1.4332,1.4521,1.5174,1.3287,0.7389,0.86375,-0.96609,-0.80314,0.80746,-0.089243,0.57937,0.25613,1.0078,0.68274,1.3904,0.060224,0.082464,-0.55576,1.2567,0.4768,0.59717,0.66713
-0.1287,1.209,-0.00063463,-0.020344,-0.22745,0.98582,-0.33109,0,-0.44337,-0.06346,-0.19555,0.46337,0.88098,0.88526,0.0874,0.90068,0.35068,0.80129,0.42421,0.05161,0.58364,2.5516,0.63264,0.97249,0.17945,0.15689,1.1352,0.41297,0.2128,1.0244,0.37919,1.118,0.32285,1.35,-0.55721,0.24331,-0.22766,0.094374,-0.52388,0.13207,-0.50754,1.0574,-0.38165,1.6431,1.0155,0.076932,0.28659,0.25009,0.73392,0.13231,0.047176,0.36107,-0.089929,0.19781,-0.048498,-0.46722,-0.25295,-0.199,-0.24955,0.16062,1.9278,0.0758,0.59466,0.34823,0.55444,0.51698,0.32281,-0.43126,0.10678,1.2909,0.55275,1.3462,0.8596,-0.11276,0.1923,-0.36558,-0.23034,-0.32165,-0.34523,-0.66676,-0.81182,0.26845,-0.065924,-0.083429,-0.2461,-0.11922,-0.070396,-0.35848,-0.55228,0.31776,0.048264,0.17531,0.3554,-0.022215,0.20181,-0.1087,-0.24937,0.10013,-0.18255,1.1598,0.8869,0.11545,0.74262,0.54988,0.60087
1.4037,-0.80695,1.4866,1.5029,1.4494,-0.87324,1.346,-0.44337,0,1.5163,1.3503,0.20197,-0.64536,-0.21096,1.1508,0.2521,0.87214,0.37438,0.14254,1.0154,0.24587,-0.55426,0.22177,0.26606,0.67602,1.1374,-1.2123,-1.9992,-0.35344,-0.44909,-1.6371,-0.78597,-0.11287,-0.42219,-0.65158,-1.5214,-1.041,0.34124,1.5151,1.0459,2.7444,0.13598,0.91115,-0.7087,-1.2801,0.47846,0.38383,0.69537,0.17119,0.6347,-0.5043,0.78201,1.7257,1.0048,1.2298,0.97584,1.9991,0.62604,1.1997,1.0748,-0.2094,1.0375,-0.04554,0.66212,0.46937,0.44797,0.72233,-0.028741,-1.2832,-0.54306,0.46408,-0.055514,0.074453,-0.02367,0.34181,2.3651,1.2749,2.1057,1.7795,1.5647,1.2773,0.92196,1.6008,1.5648,1.748,1.3017,1.2007,1.1927,1.6985,-1.3103,-1.0444,1.1228,0.30715,1.1577,0.6822,1.6488,1.4011,0.83127,0.59409,-0.26337,-1.1432,1.1559,0.46209,0.62296,0.58412
1.1499,-0.40021,2.5099,2.7686,1.5877,-0.45755,1.0184,-0.06346,1.5163,0,1.4687,0.56099,-0.38256,0.02649,1.52,0.59536,1.5058,0.80805,0.27845,1.1579,0.44213,-0.17266,0.42798,0.6654,0.76073,2.1455,-0.6662,-1.5065,-0.36387,-0.021476,-1.3517,-0.43569,0.068609,0.015331,-1.1042,-1.2688,-1.3714,0.58675,1.065,1.4691,1.4045,0.48223,0.57881,-0.37321,-0.73831,0.5717,0.37781,0.70991,0.62936,0.93086,-0.43861,1.3051,2.5852,1.7,1.7711,0.65335,1.4084,0.35971,0.80834,1.4634,0.19138,1.3994,0.22543,0.96359,0.78358,0.61787,0.88154,-0.2321,-1.5844,-0.21407,0.69867,0.2995,0.21953,-0.018883,0.37688,1.7546,1.4046,1.977,1.6849,1.1876,0.93644,1.4166,2.8114,2.0546,1.9093,1.5712,1.6078,0.79159,1.0299,-1.5609,-1.7227,2.0161,0.63771,1.63,1.1165,3.1888,1.6768,1.009,0.61693,0.013368,-0.69564,1.6825,0.91727,1.1748,0.98119
0.85944,-0.29555,1.3021,1.3112,3.2481,-0.30699,0.62596,-0.19555,1.3503,1.4687,0,0.14961,-0.82351,-0.36822,0.81107,0.24151,0.90971,0.68963,-0.1515,0.59468,0.036715,-0.34181,0.030862,0.35537,0.31745,1.351,-0.89934,-1.99,-0.86802,-0.046026,-2.3371,-0.80971,-0.37713,-0.074567,-0.76657,-0.77814,-1.0774,0.89594,0.70498,0.7564,1.4919,0.15063,0.34083,-0.53206,-1.0212,0.10515,0.082237,0.46434,0.51641,1.4136,-0.048467,0.6952,1.5257,1.5165,2.3098,0.35642,1.3022,0.58608,0.79587,0.80814,0.022057,0.69642,-0.2063,0.44159,0.33139,0.26615,0.49189,-0.54696,-2.8805,-0.55774,0.30675,0.26604,0.22215,0.40874,0.77166,1.7825,3.0062,1.3043,1.0561,1.2453,1.1686,0.76682,1.321,1.0818,1.0872,0.8205,0.81883,1.1284,1.4455,-1.0518,-1.0295,1.3494,0.87743,2.2939,1.3859,1.6427,2.189,0.45944,1.2521,-0.33649,-1.12,0.88964,0.58329,0.7339,0.60198
0.2308,0.012298,0.55793,0.58014,0.19383,-0.035867,0.37043,0.46337,0.20197,0.56099,0.14961,0,0.51291,0.84526,0.73218,0.98451,0.80024,0.59255,0.89382,0.7067,0.88604,0.43881,0.88151,0.94011,0.69471,0.60834,0.23853,-0.1283,0.3287,0.48973,-0.05777,0.45094,1.1636,0.64455,-0.68007,-0.4459,-0.38651,0.2004,0.36428,0.84573,0.11712,1.0027,0.1194,0.2269,0.20452,0.99774,0.34912,0.28545,0.83603,0.18787,-0.52328,1.008,0.43976,0.48463,0.3404,0.25969,0.14778,-0.54828,-0.080902,0.71032,0.73272,0.89478,1.4882,1.0037,1.0418,0.61636,0.57195,0.12659,-0.21619,0.62667,0.76083,0.39157,0.026155,-0.56699,-0.36906,0.2283,0.1601,0.44254,0.52692,0.20232,0.046521,0.85403,0.56136,0.60575,0.57103,0.7698,0.86686,-0.28167,-0.13151,-0.63756,-0.86663,0.57589,0.27541,0.30036,0.3759,0.47261,0.29909,0.89878,-0.20546,0.76156,0.30249,0.74952,0.86915,0.93628,0.76756
-0.23014,0.45823,-0.28247,-0.29532,-0.8125,0.36419,-0.17199,0.88098,-0.64536,-0.38256,-0.82351,0.51291,0,1.5797,-0.015402,0.61877,0.013782,0.1019,0.91714,0.086003,0.78114,1.0826,0.80558,0.48074,0.33305,-0.2504,1.2989,0.87917,1.1702,0.36542,0.96918,2.2586,0.96795,0.56533,-0.11509,0.19329,0.15744,-0.58606,-0.3345,0.037693,-0.8044,0.72703,-0.081008,1.2004,1.3544,0.44947,0.49009,0.16185,0.10608,-0.61211,-0.37955,0.15204,-0.41029,-0.32674,-0.60553,-0.099283,-0.51175,-0.49346,-0.37846,0.013289,0.70731,0.044532,1.017,0.33099,0.48325,0.48243,0.2424,0.36088,0.71314,1.9655,0.48012,0.31902,0.29145,-0.84663,-0.53855,-0.7253,-0.88316,-0.49782,-0.4042,-0.89915,-1.181,0.081781,-0.32328,-0.23464,-0.34393,-0.12904,-0.1062,-0.79168,-1.0183,0.4395,0.2695,-0.24495,-0.37792,-0.6177,-0.46552,-0.45763,-0.7714,0.20962,-1.1352,1.5234,1.6782,-0.045542,0.26784,0.14566,0.24887
0.14137,0.27205,0.12622,0.11344,-0.35181,0.15505,0.17937,0.88526,-0.21096,0.02649,-0.36822,0.84526,1.5797,0,0.39985,1.1352,0.41536,0.38825,1.5306,0.49791,1.439,0.99958,1.4837,0.89279,0.76744,0.14079,0.78863,0.38712,1.0075,0.31669,0.46011,1.326,1.1587,0.55266,-0.49667,-0.18591,-0.22125,-0.41619,0.012028,0.45774,-0.33719,1.2496,0.19086,0.94907,0.78753,0.83954,0.84173,0.51208,0.30641,-0.31808,-0.69792,0.58089,0.005867,0.043791,-0.19813,0.18263,-0.10408,-0.30243,-0.056201,0.43155,0.87057,0.4588,1.4918,0.8061,1.0058,0.94963,0.66476,0.31967,0.28463,1.6842,0.97763,0.458,0.44228,-1.0373,-0.39113,-0.26658,-0.41968,-0.082538,-0.011622,-0.44742,-0.6657,0.50684,0.087122,0.17218,0.055172,0.26204,0.28395,-0.4156,-0.51705,0.070093,-0.091252,0.14495,-0.19901,-0.21557,-0.1605,-0.040609,-0.32593,0.63451,-0.79329,2.3191,0.93491,0.36884,0.65503,0.5363,0.66589
1.4684,-0.41691,1.8639,1.8231,0.85875,-0.53629,1.3894,0.0874,1.1508,1.52,0.81107,0.73218,-0.015402,0.39985,0,0.95816,1.7237,0.76077,0.74059,2.2664,0.94306,0.022246,0.91521,0.90566,1.4838,1.4839,-0.40058,-0.89988,0.048771,-0.11377,-0.78278,-0.1075,0.36223,0.011622,-1.3008,-1.7176,-1.4508,0.18536,1.1656,3.1489,0.96737,0.79831,0.89929,-0.11469,-0.43383,1.0453,0.86551,1.173,0.47316,0.4787,-0.91284,1.8913,1.5667,1.1374,0.95581,0.95338,1.2482,0.34651,0.91484,3.0689,0.30313,2.5268,0.53246,1.7517,1.349,1.1639,1.5744,0.044832,-0.87646,0.092563,1.2658,0.30152,0.36625,-0.42369,0.16208,1.0788,0.74125,1.3614,1.3898,0.73458,0.51719,2.3632,1.788,2.1691,1.617,1.9636,1.8868,0.62137,0.70137,-1.0828,-1.1957,1.4712,0.28837,0.89919,0.63561,1.4116,0.86934,1.869,0.19408,0.35316,-0.35415,3.1288,1.1111,1.324,1.362
0.57676,0.24452,0.71518,0.69136,0.24545,0.11537,0.44944,0.90068,0.2521,0.59536,0.24151,0.98451,0.61877,1.1352,0.95816,0,1.2045,1.1381,1.0735,0.93069,1.5678,0.83416,1.6438,2.3035,1.0646,0.8026,0.33466,-0.16326,0.31477,0.41313,-0.12489,0.59624,0.6214,0.63265,-1.4116,-0.54497,-0.89438,0.071832,0.27244,1.0309,0.15313,2.8216,0.30774,0.63661,0.29094,0.81087,0.91133,0.93987,0.78397,0.27972,-0.62518,1.3725,0.57655,0.70804,0.41112,0.28299,0.39234,0.040063,0.3189,1.0541,1.1615,0.95323,1.0211,1.4544,1.9726,1.5273,1.2588,-0.11173,-0.33126,0.86415,1.7893,0.90693,0.79252,-0.51459,0.11409,0.25909,0.18783,0.3815,0.39161,-0.0030438,-0.17732,1.2233,0.64442,0.68547,0.49601,0.67467,0.71431,0.078753,0.013197,-0.32934,-0.56168,0.81786,0.31246,0.40418,0.43823,0.52691,0.24343,0.99877,-0.12028,1.2261,0.32275,0.97201,1.7528,1.4517,1.7409
1.0504,-0.082766,1.7318,1.6819,0.92916,-0.17694,0.81818,0.35068,0.87214,1.5058,0.90971,0.80024,0.013782,0.41536,1.7237,1.2045,0,1.3082,0.58278,1.3108,0.85922,0.24842,0.86008,1.316,1.0331,2.0089,-0.2165,-0.81601,-0.12462,0.20044,-0.76409,-0.012859,0.26477,0.31537,-2.1227,-1.0269,-1.712,0.43918,0.70039,1.7799,0.76851,1.0365,0.49089,0.06681,-0.27311,0.71122,0.65756,1.0045,0.865,0.77094,-0.53872,2.3078,1.4586,1.6272,1.1577,0.50424,1.0062,0.29248,0.68725,1.9019,0.61214,1.535,0.52029,1.4822,1.3787,1.0912,1.3391,-0.27153,-1.029,0.19922,1.2442,0.66339,0.56653,-0.19299,0.37213,0.93977,0.83868,1.0646,1.0033,0.57955,0.40037,2.2854,1.5657,1.5019,1.1689,1.2714,1.3334,0.54237,0.57833,-0.91375,-1.2119,2.0352,0.62488,1.1242,0.98364,1.389,0.92571,1.2097,0.35862,0.43469,-0.2527,1.9501,1.7655,2.3014,1.9222
0.50992,0.43854,0.85621,0.83128,0.65813,0.34402,0.23477,0.80129,0.37438,0.80805,0.68963,0.59255,0.1019,0.38825,0.76077,1.1381,1.3082,0,0.30401,0.57761,0.5886,0.6299,0.61835,1.5145,0.49115,1.1582,0.1148,-0.45422,-0.30369,0.65474,-0.48435,0.17691,0.060883,0.76387,-1.6687,-0.38165,-1.1299,0.65567,0.13551,0.78675,0.3416,1.0982,0.017464,0.403,0.040105,0.23955,0.36384,0.64893,1.3522,0.97603,-0.088029,1.0883,0.77735,1.296,0.88775,-0.021362,0.52304,0.21989,0.33749,0.85838,1.1154,0.67793,0.37426,0.79265,0.90838,0.76325,0.7869,-0.76313,-0.80802,0.36668,0.86147,1.4577,0.90439,0.119,0.67383,0.49152,0.64095,0.47855,0.39845,0.19326,0.08819,0.99669,0.77013,0.67461,0.50018,0.52729,0.57878,0.33777,0.27866,-0.41353,-0.68767,1.1968,1.039,0.92448,1.1538,0.7714,0.61998,0.53267,0.4768,0.51279,-0.020622,0.85071,1.7951,1.5979,1.4114
0.47679,-0.14316,0.38855,0.37882,-0.11752,-0.26673,0.618,0.42421,0.14254,0.27845,-0.1515,0.89382,0.91714,1.5306,0.74059,1.0735,0.58278,0.30401,0,0.93375,1.9566,0.48424,1.8661,0.79113,1.3339,0.31854,0.31234,0.074894,1.042,-0.018619,0.17123,0.70418,1.2486,0.18655,-0.57058,-0.59562,-0.39997,-0.48827,0.43476,0.79568,0.015898,1.0491,0.61887,0.45074,0.32613,1.5411,1.2103,0.76583,0.16551,-0.30325,-1.3457,0.80679,0.27281,0.1656,-0.02179,0.64407,0.20652,-0.13271,0.24163,0.74321,0.48808,0.83239,1.4187,1.1965,1.2763,1.2196,0.97935,0.57269,0.092931,0.87985,1.241,0.19939,0.29574,-1.5465,-0.46192,0.046652,-0.20157,0.24849,0.34238,-0.086882,-0.27321,0.77451,0.3658,0.49485,0.39825,0.63162,0.62983,-0.1414,-0.16671,-0.2278,-0.3162,0.31655,-0.31105,-0.054877,-0.13142,0.21466,-0.087447,1.1325,-0.71604,1.2138,0.46813,0.67247,0.65499,0.61266,0.76426
1.4677,-0.50734,1.3739,1.3517,0.64061,-0.6539,1.621,0.05161,1.0154,1.1579,0.59468,0.7067,0.086003,0.49791,2.2664,0.93069,1.3108,0.57761,0.93375,0,1.1021,0.016368,1.056,0.81087,1.9558,1.0969,-0.3539,-0.72466,0.23075,-0.22213,-0.60333,-0.030652,0.47394,-0.082811,-1.0573,-1.8294,-1.1781,-0.017332,1.2425,2.177,0.83662,0.77868,1.1251,-0.08733,-0.36644,1.309,1.0667,1.2494,0.31031,0.26515,-1.244,1.5458,1.2067,0.83495,0.69718,1.1877,1.0963,0.32197,0.91449,2.0924,0.23495,2.255,0.61698,1.8557,1.3901,1.2845,1.6706,0.22568,-0.6455,0.15442,1.3563,0.19614,0.32373,-0.62797,0.022763,0.88395,0.53183,1.1476,1.2348,0.61633,0.41192,1.7827,1.3502,1.6575,1.3854,1.7631,1.6407,0.53767,0.5933,-0.92051,-0.96674,1.09,0.088473,0.65259,0.40885,1.0829,0.65059,2.4073,0.012723,0.42446,-0.26559,1.9414,0.93245,1.0651,1.183
0.64241,-0.023612,0.57634,0.55604,0.056615,-0.16012,0.65225,0.58364,0.24587,0.44213,0.036715,0.88604,0.78114,1.439,0.94306,1.5678,0.85922,0.5886,1.9566,1.1021,0,0.60628,3.8493,1.1609,1.5405,0.53886,0.28526,-0.061593,0.71038,0.084228,0.013569,0.64548,0.89495,0.29223,-0.90248,-0.67764,-0.67373,-0.2962,0.43107,1.0001,0.12284,1.4704,0.6058,0.53217,0.27855,1.2726,1.3906,1.0459,0.34559,-0.068195,-1.1448,1.0917,0.44831,0.39713,0.1705,0.58214,0.36365,0.031742,0.3837,0.98946,0.68477,0.98807,1.2163,1.5528,1.8393,1.8033,1.3557,0.28812,-0.10616,0.87509,1.8969,0.44649,0.55967,-1.0297,-0.17295,0.17644,-0.023116,0.34594,0.40525,-0.038257,-0.2273,1.0479,0.53031,0.64316,0.48932,0.716,0.71918,0.027587,-0.034936,-0.2773,-0.41537,0.54647,-0.085427,0.14931,0.087031,0.37829,0.061299,1.2509,-0.44485,1.3024,0.37349,0.88529,0.99628,0.90943,1.1546
-0.18775,1.1531,-0.10192,-0.12189,-0.37172,0.94121,-0.35868,2.5516,-0.55426,-0.17266,-0.34181,0.43881,1.0826,0.99958,0.022246,0.83416,0.24842,0.6299,0.48424,0.016368,0.60628,0,0.65384,0.85331,0.17448,0.040626,1.3685,0.55514,0.35094,0.92485,0.53055,1.3898,0.39919,1.1946,-0.43979,0.29281,-0.12694,-0.047486,-0.56827,0.068821,-0.63592,0.99159,-0.36564,2.0134,1.2417,0.10348,0.30971,0.21383,0.58399,-0.018882,-0.00053925,0.28342,-0.19892,0.06504,-0.18708,-0.45098,-0.35128,-0.2591,-0.31037,0.091754,1.5845,0.02308,0.65133,0.31087,0.51707,0.49721,0.28068,-0.29651,0.24626,1.5613,0.52305,1.1045,0.77236,-0.20916,0.074545,-0.4941,-0.38069,-0.4252,-0.43183,-0.82031,-1.0033,0.19295,-0.16648,-0.16674,-0.33095,-0.18082,-0.13485,-0.46653,-0.69504,0.41443,0.14221,0.057923,0.205,-0.16079,0.054579,-0.22415,-0.39112,0.076209,-0.33427,1.3035,1.1014,0.040637,0.61823,0.43649,0.50434
0.6189,0.017619,0.56195,0.54072,0.048154,-0.11894,0.61083,0.63264,0.22177,0.42798,0.030862,0.88151,0.80558,1.4837,0.91521,1.6438,0.86008,0.61835,1.8661,1.056,3.8493,0.65384,0,1.2109,1.4636,0.53547,0.31672,-0.044914,0.69529,0.11604,0.026079,0.67683,0.87545,0.32793,-0.9216,-0.64081,-0.67435,-0.28141,0.39231,0.97169,0.10044,1.5519,0.56584,0.57534,0.30736,1.1993,1.3635,1.0382,0.36844,-0.056398,-1.0764,1.0831,0.43397,0.40083,0.16709,0.53686,0.3459,0.030485,0.36718,0.96725,0.73288,0.95242,1.2117,1.5108,1.8381,1.8127,1.338,0.2552,-0.10219,0.9164,1.9105,0.48697,0.59642,-0.98712,-0.15126,0.15795,-0.029676,0.32166,0.37611,-0.064073,-0.25387,1.033,0.51307,0.61902,0.46169,0.68247,0.68825,0.017901,-0.052703,-0.25306,-0.39921,0.54452,-0.06483,0.14783,0.096971,0.36466,0.050337,1.1927,-0.43632,1.3653,0.39737,0.86348,1.0265,0.9238,1.1776
0.53063,0.34647,0.76239,0.73971,0.35226,0.22422,0.35845,0.97249,0.26606,0.6654,0.35537,0.94011,0.48074,0.89279,0.90566,2.3035,1.316,1.5145,0.79113,0.81087,1.1609,0.85331,1.2109,0,0.84584,0.92473,0.3107,-0.22999,0.12767,0.56279,-0.20953,0.50359,0.46734,0.76805,-1.6217,-0.47504,-0.96705,0.25338,0.20855,0.97313,0.18562,2.2053,0.18109,0.60853,0.25331,0.6174,0.69213,0.81984,1.0386,0.46558,-0.42953,1.3717,0.63141,0.87079,0.54073,0.1584,0.40499,0.04881,0.28484,1.0081,1.3411,0.88162,0.84695,1.236,1.5636,1.2217,1.0866,-0.30485,-0.45578,0.75304,1.4161,1.1578,0.84081,-0.30484,0.2556,0.31128,0.30701,0.40229,0.38709,0.03951,-0.11676,1.1977,0.68548,0.68342,0.49423,0.63321,0.68577,0.11648,0.058787,-0.36123,-0.62992,0.94311,0.52365,0.54396,0.63321,0.5983,0.34791,0.84123,0.045107,1.0183,0.25378,0.95492,2.2664,1.7128,1.8219
1.1738,-0.39907,0.93868,0.91324,0.34862,-0.55572,1.2779,0.17945,0.67602,0.76073,0.31745,0.69471,0.33305,0.76744,1.4838,1.0646,1.0331,0.49115,1.3339,1.9558,1.5405,0.17448,1.4636,0.84584,0,0.76882,-0.13676,-0.42139,0.48947,-0.23401,-0.32394,0.19632,0.63022,-0.046432,-0.93711,-1.3019,-0.93691,-0.23641,0.92882,1.4854,0.52728,0.91702,1.1287,0.11827,-0.13727,1.5141,1.5444,1.4004,0.20008,0.045875,-1.6015,1.2685,0.80979,0.57229,0.40867,1.1117,0.7905,0.27785,0.79216,1.4825,0.30718,1.4966,0.77408,1.8684,1.5581,1.6814,1.8505,0.36295,-0.36304,0.369,1.6684,0.1999,0.41558,-0.91571,-0.089953,0.55102,0.25219,0.74798,0.82444,0.32865,0.14431,1.3786,0.90302,1.097,0.9185,1.1891,1.1267,0.36895,0.35158,-0.58659,-0.63666,0.77395,-0.095344,0.37328,0.18385,0.70557,0.34555,2.0429,-0.22261,0.66219,-0.03417,1.324,0.87184,0.90713,1.1342
1.0674,-0.17241,2.1937,2.1689,1.3873,-0.24003,0.81654,0.15689,1.1374,2.1455,1.351,0.60834,-0.2504,0.14079,1.4839,0.8026,2.0089,1.1582,0.31854,1.0969,0.53886,0.040626,0.53547,0.92473,0.76882,0,-0.4424,-1.1837,-0.36471,0.14183,-1.1326,-0.26615,0.06618,0.19885,-1.5195,-1.0397,-1.6948,0.64276,0.77955,1.4612,1.0618,0.68343,0.45375,-0.15153,-0.51377,0.51487,0.43198,0.80399,0.83283,1.0586,-0.37367,1.5286,1.9925,2.3757,1.7426,0.48169,1.2247,0.37166,0.7496,1.5376,0.4106,1.3128,0.28238,1.052,0.93061,0.75075,0.99794,-0.3834,-1.5297,-0.052705,0.84768,0.54502,0.42915,0.011873,0.50367,1.3162,1.262,1.3627,1.2003,0.85188,0.66998,1.6013,2.0009,1.6479,1.3694,1.2751,1.329,0.72901,0.84121,-1.1444,-1.4418,3.7476,0.79036,1.6747,1.3025,2.0148,1.3779,0.96143,0.62316,0.16179,-0.51119,1.6933,1.2556,1.575,1.291
-0.65507,1.0764,-0.59579,-0.61133,-0.93859,0.98767,-0.72277,1.1352,-1.2123,-0.6662,-0.89934,0.23853,1.2989,0.78863,-0.40058,0.33466,-0.2165,0.1148,0.31234,-0.3539,0.28526,1.3685,0.31672,0.3107,-0.13676,-0.4424,0,1.2475,0.54394,0.7613,1.1968,1.74,0.44654,0.88928,0.057516,0.70957,0.37349,-0.27937,-0.94811,-0.33799,-1.384,0.45785,-0.60899,1.535,3.0969,-0.06047,0.041054,-0.18067,0.21631,-0.4083,0.14901,-0.14235,-0.72755,-0.42093,-0.69037,-0.66845,-0.93361,-0.58339,-0.76734,-0.3447,0.80822,-0.35491,0.52197,-0.062096,0.11462,0.098824,-0.12881,-0.043043,0.77855,1.36,0.10786,0.5055,0.30643,-0.24078,-0.25983,-1.1405,-0.91905,-0.95352,-0.89026,-1.4417,-1.6695,-0.2401,-0.65996,-0.63124,-0.79171,-0.56335,-0.50696,-1.0198,-1.5046,0.7948,0.50811,-0.43117,-0.11118,-0.66101,-0.35266,-0.7441,-0.91805,-0.24328,-0.66532,0.91601,2.1105,-0.3971,0.11225,-0.031902,0.017072
-1.043,0.59052,-1.3465,-1.3694,-2.1751,0.60619,-0.89607,0.41297,-1.9992,-1.5065,-1.99,-0.1283,0.87917,0.38712,-0.89988,-0.16326,-0.81601,-0.45422,0.074894,-0.72466,-0.061593,0.55514,-0.044914,-0.22999,-0.42139,-1.1837,1.2475,0,0.65189,0.27998,2.7198,0.96508,0.295,0.30593,0.62583,1.0363,0.9849,-0.61143,-1.0406,-0.82643,-2.4163,-0.05841,-0.57821,0.75302,1.3855,-0.24016,-0.1605,-0.50376,-0.2955,-0.94383,0.22565,-0.66689,-1.6248,-1.1664,-1.6212,-0.62052,-1.5979,-0.61235,-0.96415,-0.86007,0.17451,-0.79808,0.19229,-0.47642,-0.32231,-0.27488,-0.52415,0.26784,1.782,0.67842,-0.3036,-0.038658,-0.075848,-0.23585,-0.53481,-2.7848,-1.9141,-1.7065,-1.3857,-1.6947,-1.5075,-0.76822,-1.4295,-1.2483,-1.3654,-0.9997,-0.96216,-1.2364,-1.9056,1.2527,1.0536,-1.1686,-0.55224,-1.547,-0.9524,-1.6997,-1.9691,-0.57423,-0.93688,0.40423,1.3803,-0.94797,-0.44296,-0.6035,-0.51022
-0.035731,-0.11584,-0.26083,-0.26786,-0.80902,-0.19105,0.16169,0.2128,-0.35344,-0.36387,-0.86802,0.3287,1.1702,1.0075,0.048771,0.31477,-0.12462,-0.30369,1.042,0.23075,0.71038,0.35094,0.69529,0.12767,0.48947,-0.36471,0.54394,0.65189,0,-0.19341,0.7969,0.8805,1.0396,-0.036596,0.11161,-0.066129,0.23657,-1.2624,0.041573,0.078585,-0.47712,0.34794,0.34473,0.47357,0.62063,0.70984,0.64673,0.21429,-0.3577,-1.1706,-0.80745,0.05544,-0.35772,-0.53493,-0.73887,0.3499,-0.31661,-0.34082,-0.13413,0.038687,0.11274,0.12633,0.80801,0.31882,0.36514,0.42815,0.25468,1.0974,0.81327,0.80884,0.38954,-0.20152,-0.023678,-1.6199,-0.96539,-0.5205,-0.93616,-0.30072,-0.17773,-0.53038,-0.67754,0.038485,-0.26852,-0.12825,-0.16413,0.023217,0.0071515,-0.55022,-0.62931,0.28656,0.27669,-0.36713,-1.026,-0.78684,-0.89679,-0.42374,-0.75529,0.34655,-2.0534,0.81175,0.82453,-0.018558,-0.026549,-0.089366,0.048376
-0.45412,1.167,-0.067778,-0.061155,-0.061672,1.1893,-0.60875,1.0244,-0.44909,-0.021476,-0.046026,0.48973,0.36542,0.31669,-0.11377,0.41313,0.20044,0.65474,-0.018619,-0.22213,0.084228,0.92485,0.11604,0.56279,-0.23401,0.14183,0.7613,0.27998,-0.19341,0,0.23311,0.55211,0.17423,1.9092,-0.29176,0.46804,-0.00067936,0.57286,-0.62186,-0.052086,-0.43865,0.51351,-0.93535,0.64854,0.66624,-0.18537,-0.32273,-0.26497,1.1414,0.39976,0.48433,0.17793,-0.12078,0.22312,0.095789,-0.86363,-0.4159,-0.58027,-0.66021,-0.069201,1.1409,-0.081939,0.37501,0.042158,0.18125,-0.009789,-0.11429,-0.7176,-0.029241,0.59815,0.079841,1.0153,0.25344,0.2958,0.16048,-0.28027,-0.016377,-0.26494,-0.29677,-0.3528,-0.37324,0.06074,-0.096609,-0.1738,-0.24213,-0.1907,-0.10618,-0.5288,-0.5188,0.10486,-0.1389,0.13736,0.76985,0.1248,0.45778,-0.063423,-0.019598,-0.16246,0.1256,0.45697,0.55285,-0.047551,0.4677,0.39461,0.25753
-0.93485,0.48264,-1.218,-1.2291,-2.3994,0.48843,-0.74151,0.37919,-1.6371,-1.3517,-2.3371,-0.05777,0.96918,0.46011,-0.78278,-0.12489,-0.76409,-0.48435,0.17123,-0.60333,0.013569,0.53055,0.026079,-0.20953,-0.32394,-1.1326,1.1968,2.7198,0.7969,0.23311,0,1.0168,0.40722,0.26596,0.61094,0.87236,0.95832,-0.71372,-0.85706,-0.71466,-1.9223,-0.02469,-0.46955,0.71595,1.3486,-0.12393,-0.096482,-0.45863,-0.31739,-1.0828,0.11139,-0.59256,-1.461,-1.1888,-1.6934,-0.48965,-1.4586,-0.66544,-0.91977,-0.76003,0.15726,-0.67328,0.28377,-0.38927,-0.25367,-0.21822,-0.45827,0.38347,1.9427,0.72434,-0.24296,-0.084011,-0.12021,-0.355,-0.66546,-2.1122,-2.2075,-1.417,-1.1556,-1.4972,-1.4265,-0.68439,-1.2663,-1.0817,-1.1481,-0.84076,-0.81346,-1.3066,-1.9216,1.0818,0.9393,-1.128,-0.64564,-1.6452,-1.0416,-1.5279,-1.9492,-0.45921,-1.1301,0.45714,1.4409,-0.8353,-0.42548,-0.57179,-0.4779
-0.33387,0.69241,-0.34481,-0.35948,-0.817,0.5856,-0.33132,1.118,-0.78597,-0.43569,-0.80971,0.45094,2.2586,1.326,-0.1075,0.59624,-0.012859,0.17691,0.70418,-0.030652,0.64548,1.3898,0.67683,0.50359,0.19632,-0.26615,1.74,0.96508,0.8805,0.55211,1.0168,0,0.76285,0.74427,-0.11627,0.3358,0.17715,-0.44777,-0.51462,-0.051958,-0.94615,0.7229,-0.24886,1.528,1.7752,0.27567,0.35504,0.082854,0.20429,-0.49066,-0.19768,0.099626,-0.47288,-0.30712,-0.59054,-0.28386,-0.60921,-0.51054,-0.48021,-0.065874,0.86122,-0.056729,0.87253,0.23563,0.40695,0.39708,0.15702,0.16908,0.68808,2.2414,0.40335,0.47174,0.36535,-0.59211,-0.39014,-0.82235,-0.85999,-0.61403,-0.53698,-1.073,-1.3931,0.017058,-0.39528,-0.32992,-0.46058,-0.24695,-0.21262,-0.84542,-1.1491,0.54056,0.31921,-0.25768,-0.23505,-0.58383,-0.37556,-0.51179,-0.78893,0.080244,-0.91067,1.4546,2.0496,-0.12286,0.28248,0.14396,0.22988
0.0228,-0.10421,0.10294,0.11622,-0.3185,-0.15631,0.27335,0.32285,-0.11287,0.068609,-0.37713,1.1636,0.96795,1.1587,0.36223,0.6214,0.26477,0.060883,1.2486,0.47394,0.89495,0.39919,0.87545,0.46734,0.63022,0.06618,0.44654,0.295,1.0396,0.17423,0.40722,0.76285,0,0.32966,-0.19886,-0.2513,0.020619,-0.37266,0.2347,0.43653,-0.22227,0.66161,0.20858,0.32694,0.4654,1.134,0.45771,0.16492,0.20166,-0.42973,-0.76121,0.46774,-0.003573,-0.077475,-0.21025,0.33702,-0.16784,-0.72807,-0.23832,0.3325,0.40454,0.50555,1.8005,0.66252,0.69828,0.49598,0.36964,0.69253,0.32168,0.84267,0.55856,0.014164,-0.15516,-1.2495,-0.99925,-0.17589,-0.37506,0.065859,0.1897,-0.13549,-0.28658,0.39519,0.11166,0.21313,0.20411,0.40926,0.44315,-0.62179,-0.489,-0.21086,-0.28715,0.043824,-0.31987,-0.25795,-0.23764,-0.0056256,-0.2112,0.67303,-0.89152,0.90772,0.65699,0.32569,0.33694,0.33595,0.33371
-0.33865,1.143,0.005985,0.0065814,-0.091883,1.0904,-0.47718,1.35,-0.42219,0.015331,-0.074567,0.64455,0.56533,0.55266,0.011622,0.63265,0.31537,0.76387,0.18655,-0.082811,0.29223,1.1946,0.32793,0.76805,-0.046432,0.19885,0.88928,0.30593,-0.036596,1.9092,0.26596,0.74427,0.32966,0,-0.43238,0.34535,-0.089517,0.46721,-0.53625,0.075592,-0.44834,0.75305,-0.72384,0.84701,0.77343,-0.018168,-0.09891,-0.084081,1.1539,0.33692,0.29591,0.31258,-0.06971,0.26117,0.086295,-0.68422,-0.35211,-0.53264,-0.53979,0.059066,1.5562,0.037405,0.55224,0.20929,0.36523,0.18572,0.0636,-0.57439,-0.00051966,0.83141,0.26718,1.0969,0.38264,0.10234,0.10913,-0.2803,-0.061698,-0.22996,-0.24758,-0.39542,-0.46509,0.19432,-0.032914,-0.08676,-0.18217,-0.092994,-0.015689,-0.52126,-0.54905,0.096579,-0.15477,0.1984,0.66056,0.10143,0.41418,-0.031984,-0.055919,-0.0046046,0.016127,0.6947,0.6807,0.063953,0.63222,0.52796,0.42237
-0.92527,-0.11016,-1.2805,-1.2265,-0.75543,-0.0027263,-0.61819,-0.55721,-0.65158,-1.1042,-0.76657,-0.68007,-0.11509,-0.49667,-1.3008,-1.4116,-2.1227,-1.6687,-0.57058,-1.0573,-0.90248,-0.43979,-0.9216,-1.6217,-0.93711,-1.5195,0.057516,0.62583,0.11161,-0.29176,0.61094,-0.11627,-0.19886,-0.43238,0,0.78571,1.7127,-0.40401,-0.46821,-1.3187,-0.56963,-1.2307,-0.38621,-0.26772,0.11605,-0.56421,-0.71774,-1.0987,-0.89826,-0.75029,0.44415,-1.7192,-1.1213,-1.4394,-0.96541,-0.34661,-0.84865,-0.35859,-0.65092,-1.4738,-0.8065,-1.1376,-0.48811,-1.305,-1.3736,-1.2151,-1.3658,0.3886,0.87841,-0.32631,-1.3494,-0.91034,-0.85522,0.14977,-0.50142,-0.71261,-0.68717,-0.76152,-0.69534,-0.35643,-0.20483,-1.6731,-1.1448,-1.0944,-0.82822,-0.90667,-0.94065,-0.51191,-0.45719,0.61083,0.85788,-1.5881,-0.65152,-0.96508,-0.92478,-1.0468,-0.71104,-0.97318,-0.33627,-0.5596,0.12495,-1.4042,-2.275,-2.2215,-2.5228
-1.7724,0.81791,-1.4415,-1.4332,-0.83756,0.97971,-2.5293,0.24331,-1.5214,-1.2688,-0.77814,-0.4459,0.19329,-0.18591,-1.7176,-0.54497,-1.0269,-0.38165,-0.59562,-1.8294,-0.67764,0.29281,-0.64081,-0.47504,-1.3019,-1.0397,0.70957,1.0363,-0.066129,0.46804,0.87236,0.3358,-0.2513,0.34535,0.78571,0,1.0773,-0.030453,-1.9105,-1.5561,-1.2537,-0.41764,-1.383,0.38711,0.71731,-0.99186,-0.81821,-1.0477,-0.13595,-0.30922,1.0533,-1.0846,-1.3965,-0.8106,-0.80567,-1.5232,-1.4901,-0.47589,-1.181,-1.5444,0.050157,-1.6115,-0.31275,-1.1424,-0.86254,-0.85455,-1.1787,-0.25056,0.78613,0.1555,-0.86553,0.027869,-0.16114,0.45372,-0.074895,-1.2282,-0.71412,-1.5458,-1.6595,-0.94437,-0.71669,-1.2803,-1.4924,-1.84,-1.7689,-1.834,-1.5857,-0.79327,-0.93572,1.1111,0.97149,-1.0286,-0.059522,-0.7472,-0.41166,-1.2514,-0.83843,-1.5072,-0.16667,-0.10398,0.58261,-1.5603,-0.62266,-0.76623,-0.81798
-1.4415,0.13161,-1.659,-1.5475,-1.0601,0.23692,-0.8839,-0.22766,-1.041,-1.3714,-1.0774,-0.38651,0.15744,-0.22125,-1.4508,-0.89438,-1.712,-1.1299,-0.39997,-1.1781,-0.67373,-0.12694,-0.67435,-0.96705,-0.93691,-1.6948,0.37349,0.9849,0.23657,-0.00067936,0.95832,0.17715,0.020619,-0.089517,1.7127,1.0773,0,-0.3633,-0.71018,-1.3466,-0.94883,-0.75192,-0.63702,-0.0043361,0.42729,-0.49104,-0.72881,-1.2977,-0.57053,-0.7985,0.48925,-1.3614,-1.5684,-1.5777,-1.2009,-0.55909,-1.4059,-0.68648,-1.105,-1.6226,-0.40721,-1.1659,-0.21521,-1.0977,-1.0132,-1.0518,-1.381,0.3444,1.19,-0.023644,-1.0872,-0.60038,-0.76132,0.066269,-0.65096,-1.0825,-0.94571,-1.0447,-0.9166,-0.5922,-0.44552,-1.5344,-1.4679,-1.3811,-1.0631,-1.0315,-1.0108,-0.9455,-0.85625,0.72743,0.86591,-1.8177,-0.55469,-1.2094,-0.91426,-1.3726,-0.94112,-0.9581,-0.49661,-0.26068,0.44069,-1.5449,-1.2602,-1.3651,-1.507
0.034921,0.24588,0.46324,0.48131,0.86413,0.30837,-0.10882,0.094374,0.34124,0.58675,0.89594,0.2004,-0.58606,-0.41619,0.18536,0.071832,0.43918,0.65567,-0.48827,-0.017332,-0.2962,-0.047486,-0.28141,0.25338,-0.23641,0.64276,-0.27937,-0.61143,-1.2624,0.57286,-0.71372,-0.44777,-0.37266,0.46721,-0.40401,-0.030453,-0.3633,0,0.01087,0.19545,0.41506,0.059871,-0.42837,-0.2505,-0.3672,-0.30512,-0.50156,-0.14541,0.93277,1.5903,0.58534,0.28778,0.50705,0.82268,0.95611,-0.35224,0.28194,0.0026273,-0.017237,0.19316,0.28227,0.15234,-0.21218,0.016955,0.0026272,-0.17945,-0.05706,-1.0735,-0.89959,-0.34141,-0.095833,0.46063,0.048069,0.88319,0.64086,0.54324,0.98847,0.42919,0.33213,0.54763,0.59038,0.25454,0.46821,0.32075,0.33806,0.21636,0.26984,0.27499,0.41159,-0.53057,-0.63623,0.62979,1.8015,0.97513,1.4235,0.60933,0.90734,-0.053375,1.2906,-0.32818,-0.47306,0.26586,0.38994,0.46819,0.25256
1.217,-1.2318,1.089,1.1134,0.78069,-1.4031,2.0561,-0.52388,1.5151,1.065,0.70498,0.36428,-0.3345,0.012028,1.1656,0.27244,0.70039,0.13551,0.43476,1.2425,0.43107,-0.56827,0.39231,0.20855,0.92882,0.77955,-0.94811,-1.0406,0.041573,-0.62186,-0.85706,-0.51462,0.2347,-0.53625,-0.46821,-1.9105,-0.71018,0.01087,0,1.0983,1.3106,0.16306,1.299,-0.68018,-0.93016,0.89392,0.54553,0.66447,-0.0069579,0.21591,-0.93484,0.756,1.1129,0.5955,0.69102,1.6793,1.196,0.34812,0.93616,1.0315,-0.29129,1.1971,0.21263,0.79544,0.56156,0.51877,0.7505,0.39304,-0.68092,-0.34833,0.53288,-0.28481,-0.12494,-0.41751,-0.078591,1.1979,0.6787,1.5268,1.7733,1.1864,0.94433,0.87849,1.1842,1.3739,1.6391,1.5385,1.3703,0.69207,0.9502,-1.2478,-0.93619,0.75514,-0.040252,0.6281,0.30035,1.0647,0.82655,1.1333,0.15224,-0.10066,-0.72572,1.089,0.34203,0.49123,0.48562
1.2908,-0.37829,1.7396,1.7236,0.80553,-0.49188,1.2815,0.13207,1.0459,1.4691,0.7564,0.84573,0.037693,0.45774,3.1489,1.0309,1.7799,0.78675,0.79568,2.177,1.0001,0.068821,0.97169,0.97313,1.4854,1.4612,-0.33799,-0.82643,0.078585,-0.052086,-0.71466,-0.051958,0.43653,0.075592,-1.3187,-1.5561,-1.3466,0.19545,1.0983,0,0.87904,0.8687,0.82127,-0.079316,-0.37164,1.1143,0.83863,1.0895,0.5317,0.46673,-0.91093,2.1147,1.452,1.115,0.91997,0.8944,1.1061,0.26094,0.79676,2.712,0.35898,2.9165,0.62,1.9161,1.4568,1.1691,1.5199,0.051745,-0.8263,0.14909,1.303,0.32799,0.34424,-0.45416,0.11393,0.99623,0.69725,1.2872,1.3383,0.69507,0.47849,2.5618,1.6834,1.9862,1.5475,1.9729,1.9753,0.52629,0.61404,-1.0924,-1.2532,1.4376,0.3014,0.86291,0.63709,1.3433,0.83426,1.9784,0.15839,0.40761,-0.29042,2.9238,1.1734,1.4092,1.403
1.2117,-0.78077,1.3189,1.3371,1.6006,-0.81737,1.1301,-0.50754,2.7444,1.4045,1.4919,0.11712,-0.8044,-0.33719,0.96737,0.15313,0.76851,0.3416,0.015898,0.83662,0.12284,-0.63592,0.10044,0.18562,0.52728,1.0618,-1.384,-2.4163,-0.47712,-0.43865,-1.9223,-0.94615,-0.22227,-0.44834,-0.56963,-1.2537,-0.94883,0.41506,1.3106,0.87904,0,0.0409,0.78424,-0.80928,-1.4869,0.34792,0.26416,0.57841,0.16115,0.70623,-0.37485,0.66139,1.5625,0.98188,1.282,0.83666,1.7929,0.64787,1.1169,0.90862,-0.26686,0.86903,-0.1546,0.52548,0.3498,0.32831,0.58677,-0.099934,-1.381,-0.67327,0.34441,-0.073597,0.036422,0.095064,0.40825,2.5365,1.4285,1.8438,1.5501,1.7148,1.4681,0.782,1.4153,1.3274,1.4959,1.1031,1.0308,1.2685,1.9921,-1.2512,-0.98518,1.0483,0.36045,1.2202,0.72703,1.5508,1.5224,0.67116,0.72055,-0.38134,-1.3641,0.98609,0.38509,0.5412,0.48615
0.44416,0.34437,0.5844,0.56448,0.1527,0.21374,0.33085,1.0574,0.13598,0.48223,0.15063,1.0027,0.72703,1.2496,0.79831,2.8216,1.0365,1.0982,1.0491,0.77868,1.4704,0.99159,1.5519,2.2053,0.91702,0.68343,0.45785,-0.05841,0.34794,0.51351,-0.02469,0.7229,0.66161,0.75305,-1.2307,-0.41764,-0.75192,0.059871,0.16306,0.8687,0.0409,0,0.2039,0.75837,0.40992,0.73766,0.81588,0.7993,0.81668,0.23528,-0.54534,1.1769,0.45503,0.60972,0.32273,0.18173,0.26978,-0.043931,0.20365,0.88012,1.3463,0.80731,1.0905,1.2424,1.6581,1.3277,1.0617,-0.12678,-0.24177,1.0178,1.5155,0.97672,0.78149,-0.50492,0.078297,0.15014,0.10235,0.27022,0.28268,-0.10122,-0.27578,1.034,0.51992,0.55338,0.38084,0.55339,0.59696,-0.026783,-0.098569,-0.24186,-0.47985,0.69609,0.30709,0.31925,0.38992,0.41522,0.15546,0.85601,-0.17254,1.3984,0.43805,0.81364,1.5736,1.29,1.4689
1.3152,-0.99607,0.6938,0.67667,0.37363,-1.2556,1.7118,-0.38165,0.91115,0.57881,0.34083,0.1194,-0.081008,0.19086,0.89929,0.30774,0.49089,0.017464,0.61887,1.1251,0.6058,-0.36564,0.56584,0.18109,1.1287,0.45375,-0.60899,-0.57821,0.34473,-0.93535,-0.46955,-0.24886,0.20858,-0.72384,-0.38621,-1.383,-0.63702,-0.42837,1.299,0.82127,0.78424,0.2039,0,-0.32414,-0.5634,0.86413,1.0331,1.0126,-0.31321,-0.1071,-1.3459,0.55864,0.68872,0.30539,0.30253,2.1312,0.97144,0.60963,1.2195,0.85084,-0.30016,0.8568,0.18685,0.74313,0.57287,0.7492,0.91978,0.58466,-0.32847,-0.14299,0.67353,-0.28662,0.13499,-0.67292,-0.072757,0.66965,0.27832,0.77397,0.83785,0.53082,0.40687,0.68635,0.70516,0.86113,0.84505,0.89039,0.77513,0.69914,0.6873,-0.52066,-0.38109,0.45901,-0.3908,0.27055,-0.044398,0.58439,0.34003,0.99321,-0.13188,0.088604,-0.43046,0.79548,0.25261,0.31462,0.45688
-0.24289,1.0939,-0.2709,-0.29927,-0.57694,0.89247,-0.42183,1.6431,-0.7087,-0.37321,-0.53206,0.2269,1.2004,0.94907,-0.11469,0.63661,0.06681,0.403,0.45074,-0.08733,0.53217,2.0134,0.57534,0.60853,0.11827,-0.15153,1.535,0.75302,0.47357,0.64854,0.71595,1.528,0.32694,0.84701,-0.26772,0.38711,-0.0043361,-0.2505,-0.68018,-0.079316,-0.80928,0.75837,-0.32414,0,1.4464,0.029019,0.35428,0.20331,0.30045,-0.21219,-0.0058513,0.10503,-0.36949,-0.12721,-0.39405,-0.44953,-0.44609,-0.17278,-0.29763,-0.042714,1.0786,-0.12675,0.50669,0.17918,0.37144,0.43896,0.21027,-0.17727,0.4393,1.4912,0.42435,0.81948,0.78842,-0.25813,0.036571,-0.68694,-0.59296,-0.62402,-0.62707,-1.1364,-1.3981,0.036184,-0.34472,-0.32609,-0.51447,-0.34291,-0.31243,-0.4793,-0.79886,0.67003,0.3862,-0.12727,-0.0033334,-0.3632,-0.16278,-0.42026,-0.63185,-0.03279,-0.47566,1.1946,1.2585,-0.11255,0.40314,0.22577,0.34144
-0.67111,0.96722,-0.65811,-0.67457,-1.0613,0.89125,-0.70755,1.0155,-1.2801,-0.73831,-1.0212,0.20452,1.3544,0.78753,-0.43383,0.29094,-0.27311,0.040105,0.32613,-0.36644,0.27855,1.2417,0.30736,0.25331,-0.13727,-0.51377,3.0969,1.3855,0.62063,0.66624,1.3486,1.7752,0.4654,0.77343,0.11605,0.71731,0.42729,-0.3672,-0.93016,-0.37164,-1.4869,0.40992,-0.5634,1.4464,0,-0.047842,0.05247,-0.19398,0.13634,-0.50393,0.11523,-0.18646,-0.79927,-0.5029,-0.79218,-0.62105,-0.98692,-0.5906,-0.77373,-0.38055,0.71062,-0.38159,0.51639,-0.085619,0.086673,0.082809,-0.14954,0.030425,0.88477,1.3322,0.08585,0.42471,0.2642,-0.28811,-0.32003,-1.2477,-1.0466,-1.0179,-0.9322,-1.5613,-1.8354,-0.28179,-0.72283,-0.67709,-0.83622,-0.59187,-0.54007,-1.0684,-1.6314,0.85031,0.56662,-0.50238,-0.19739,-0.7603,-0.44397,-0.8242,-1.0352,-0.25358,-0.7635,0.89659,2.3905,-0.43761,0.052377,-0.091619,-0.032003
0.68043,-0.50941,0.65439,0.66137,0.15868,-0.63198,1.0292,0.076932,0.47846,0.5717,0.10515,0.99774,0.44947,0.83954,1.0453,0.81087,0.71122,0.23955,1.5411,1.309,1.2726,0.10348,1.1993,0.6174,1.5141,0.51487,-0.06047,-0.24016,0.70984,-0.18537,-0.12393,0.27567,1.134,-0.018168,-0.56421,-0.99186,-0.49104,-0.30512,0.89392,1.1143,0.34792,0.73766,0.86413,0.029019,-0.047842,0,0.9478,0.70922,0.16113,-0.14892,-1.6562,0.96735,0.54487,0.32026,0.21462,1.0413,0.44947,-0.11371,0.37991,0.97527,0.22122,1.245,1.1297,1.3488,1.1686,0.97278,0.97119,0.66181,-0.14266,0.41726,1.0349,-0.012304,0.03132,-1.2837,-0.50521,0.36766,0.076455,0.62295,0.76759,0.30936,0.12958,0.9688,0.66656,0.83687,0.80325,1.0999,1.0871,0.031183,0.11826,-0.63913,-0.65942,0.49609,-0.23631,0.16502,0.019321,0.50324,0.21908,1.6676,-0.45577,0.65063,0.10168,0.95059,0.59346,0.65726,0.71541
0.93645,-0.22178,0.54777,0.51184,0.087683,-0.37949,0.84965,0.28659,0.38383,0.37781,0.082237,0.34912,0.49009,0.84173,0.86551,0.91133,0.65756,0.36384,1.2103,1.0667,1.3906,0.30971,1.3635,0.69213,1.5444,0.43198,0.041054,-0.1605,0.64673,-0.32273,-0.096482,0.35504,0.45771,-0.09891,-0.71774,-0.81821,-0.72881,-0.50156,0.54553,0.83863,0.26416,0.81588,1.0331,0.35428,0.05247,0.9478,0,1.6066,-0.023805,-0.15534,-1.3007,0.76756,0.46416,0.30959,0.132,0.84231,0.57264,0.454,0.79656,0.91029,0.29515,0.80458,0.57101,1.0913,1.095,1.6882,1.4774,0.37448,-0.11778,0.4882,1.4013,0.21167,0.67265,-0.93011,-0.015048,0.25698,-0.0027124,0.36163,0.39661,0.0082576,-0.14928,0.84115,0.49811,0.62282,0.46876,0.62383,0.56957,0.34622,0.19757,-0.16521,-0.20213,0.45513,-0.29257,0.11397,-0.057989,0.35237,0.036248,1.0454,-0.37198,0.76567,0.12853,0.77601,0.65328,0.59227,0.88747
