,,,,,,,,,,,,,,,,,,,,,,,,,,,,,,,,,,,,,,,,,,,,,,,,,,,,,,,,,,,,,,,,,,,,,,,,,,,,,,,,,,,,,,,,,,,,,,,,,,,,,,,,
0,0.62537,0.052218,0.19813,0.74446,0.45328,0.2652,0.13412,0.09993,0.031674,-0.096397,0.067382,-0.488,-0.44157,-0.47173,-0.4647,-0.22085,0.13103,-0.17301,-0.15774,-0.027239,-0.001449,0.096556,0.049491,-0.059975,-0.058553,0.31267,0.211,0.46387,0.18181,-0.67666,-0.71389,-0.59247,-0.38036,-0.33334,-0.2971,-0.21461,0.10978,0.28734,0.55653,0.95346,0.76601,-0.36155,-0.32375,-0.46629,-0.37847,-0.088712,-0.12911,-0.50203,0.057873,0.079753,-0.77418,0.42196,0.19181,-0.11801,0.090399,-0.028553,-0.29242,-0.16151,-0.17274,-0.34488,-0.5255,-0.64841,-0.23177,-0.62335,-0.29875,-0.2836,-0.21426,-0.085852,-0.1818,-0.31652,-0.35174,-0.46583,-0.20853,-0.21748,0.406,0.45265,-0.28941,-0.029867,-0.16887,0.10066,0.15727,0.19118,-0.13697,-0.43825,-0.22491,-0.252,-0.15113,-0.20514,-0.16741,0.07342,0.018492,-0.25115,0.073299,0.20182,0.12139,0.16048,-0.12109,0.38216,-0.35298,-0.65113,-0.51079,-0.3634,-0.44749,-0.20849
0.62537,0,-0.15969,0.10124,0.12213,1.0724,-0.14905,0.67178,0.16192,0.44622,-0.28238,0.02981,-0.71028,-0.79561,-0.16445,-0.33628,-0.13423,-0.099371,0.06914,-0.30961,0.076315,0.036439,0.17771,0.24676,-0.29738,-0.00063661,0.54816,0.4096,0.36031,0.13774,-0.51373,-0.67683,-0.64229,-0.63889,-0.39165,0.0016764,-0.40155,-0.010409,-0.013134,0.40271,0.3784,0.83601,-0.26279,0.13218,-0.45266,-0.34973,-0.35664,-0.28607,-0.29772,0.081923,-0.098992,-0.23306,0.21042,0.5603,0.11904,0.28684,0.050646,-0.48433,-0.54005,-0.18683,0.21965,-0.36078,-0.34637,-0.3071,-0.35736,-0.4622,-0.54542,-0.46439,-0.0032887,0.1056,-0.25656,-0.41281,-0.49416,-0.25791,-0.34009,-0.013847,0.39482,-0.56838,-0.45829,-0.43955,-0.15218,0.48442,0.023087,-0.01912,-0.38604,-0.46193,-0.28929,-0.52372,-0.50506,-0.28758,-0.23897,-0.23587,-0.00020318,0.23805,0.74946,0.14628,0.43988,-0.09089,0.30653,-0.45092,-0.24293,-0.48971,-0.094279,-0.096087,0.018624
0.052218,-0.15969,0,1.2755,0.24931,-0.16028,-0.10469,-0.39668,0.033559,-0.30275,0.22313,-0.19869,0.45322,-0.0074848,-0.064601,0.051736,0.2479,0.83952,0.049322,0.094626,-0.49851,0.011193,-0.74887,-0.1692,0.28231,0.15712,-0.49551,0.099011,-0.26402,-0.17509,0.047763,0.15215,0.11547,-0.042415,0.16508,-0.39829,0.64419,0.18859,0.19033,-0.098566,-0.31699,-0.28751,-0.26465,-0.4949,0.2442,0.32593,0.61814,0.45566,-0.18812,0.19761,0.21136,-0.18136,0.15483,0.14137,0.35441,-0.36492,-0.52709,0.16052,0.044817,0.18559,0.10335,-0.1112,-0.19206,-0.11079,-0.21078,0.21681,0.14751,-0.094192,-0.11291,-0.27065,-0.040002,0.12429,0.31099,0.39846,0.34569,0.63458,0.36556,0.81523,0.39386,0.40965,0.14121,0.63025,0.90103,0.63804,0.17471,0.57691,0.098174,0.34232,0.047698,0.35638,0.26392,0.22533,0.23949,0.098154,-0.057949,0.66049,0.39209,0.57166,0.19917,-0.12267,-0.10367,0.27859,0.18569,0.11288,0.31158
0.19813,0.10124,1.2755,0,0.41515,0.12761,-0.060906,-0.010419,0.11904,-0.14691,0.087565,-0.012141,0.21654,-0.2423,-0.088499,-0.048086,0.071484,0.53251,-0.016232,-0.028685,-0.40344,-0.083601,-0.61367,-0.021518,0.14637,0.1762,-0.26295,0.32388,-0.067887,0.015965,-0.13915,-0.050221,0.01812,-0.097337,0.061079,-0.22689,0.45017,0.26469,0.2519,0.13396,-0.054812,0.038375,-0.31975,-0.40814,-0.013534,0.11195,0.40091,0.28837,-0.16253,0.2862,0.32543,-0.10697,0.33629,0.39007,0.48035,-0.13529,-0.36575,0.098633,-0.027199,0.30456,0.2359,-0.13048,-0.33271,-0.092155,-0.19814,0.17013,0.054617,-0.20948,-0.083295,-0.28399,-0.14739,-0.082004,0.078314,0.23586,0.15748,0.74074,0.69068,0.55943,0.41429,0.25488,0.18474,0.7866,1.0023,0.60763,0.12129,0.36957,0.11063,0.2595,-0.011978,0.17613,0.16692,0.28614,0.2465,0.35764,0.14068,0.62531,0.57205,0.56599,0.17992,-0.18412,-0.13882,0.19216,0.33927,0.10443,0.60152
0.74446,0.12213,0.24931,0.41515,0,0.10791,0.62226,0.17706,0.52323,0.23518,0.43123,0.414,-0.035476,-0.36631,0.11984,-0.024427,-0.27924,0.1894,-0.45802,-0.043007,-0.29149,-0.2311,-0.20341,0.076074,0.33623,0.34913,-0.05567,0.12757,0.3948,0.46681,-0.38096,-0.28369,-0.042741,0.0075953,0.17024,-0.076969,0.42062,0.49624,0.85106,0.90347,0.83055,0.77827,-0.17177,-0.40297,-0.24844,-0.013938,0.097395,0.029858,-0.25652,0.24847,0.11308,-0.55768,0.40463,0.14013,-0.21555,-0.20017,-0.10103,0.11471,0.069995,0.47203,-0.05416,-0.0011576,-0.23833,-0.099751,-0.4505,0.0069108,-0.020345,0.32961,0.42881,-0.26425,0.10363,-0.076436,-0.099868,0.20656,0.13617,0.87956,0.72672,0.20934,0.4364,0.27911,0.4843,0.087113,0.3327,-0.24825,-0.23888,0.22116,-0.063065,0.14182,-0.068278,0.20808,0.42992,0.41182,-0.1578,0.44353,0.31608,0.35052,0.31597,0.15759,0.29848,-0.27363,-0.5268,-0.017259,0.063628,-0.45401,-0.10561
0.45328,1.0724,-0.16028,0.12761,0.10791,0,-0.36442,0.50488,-0.16091,0.43175,-0.56122,-0.038547,-0.29309,-0.35509,0.032919,-0.00034751,0.0028537,0.14752,0.043337,-0.23717,0.21739,0.29255,0.20927,0.31258,-0.61964,-0.24423,0.74058,0.83442,0.12976,-0.2462,-0.46644,-0.61774,-0.2088,-0.52748,-0.48031,-0.28295,-0.51262,-0.35977,-0.30649,0.01927,0.20102,0.62832,-0.45513,0.13773,-0.34463,-0.38775,-0.38674,-0.21971,0.15032,0.14554,0.16534,0.10999,0.645,1.1662,0.4113,0.57704,-0.03096,-0.61623,-0.65741,-0.17644,0.44767,-0.18023,-0.30516,0.0056218,-0.070031,-0.33564,-0.43834,-0.44567,-0.07846,0.0010562,-0.50034,-0.51527,-0.50067,-0.24903,-0.39436,-0.066947,0.39697,-0.29075,-0.11867,-0.22216,-0.18194,0.51698,0.21055,0.13274,-0.052743,-0.17797,0.0013045,-0.57872,-0.47815,-0.27822,-0.27977,0.031813,0.33298,0.47192,0.8587,0.13019,0.52499,-0.12333,0.22072,-0.19139,0.0223,-0.4891,0.042872,0.24345,0.12334
0.2652,-0.14905,-0.10469,-0.060906,0.62226,-0.36442,0,0.3984,0.88303,0.1238,0.60341,0.57807,-0.034209,-0.13394,0.1554,0.18669,-0.22815,-0.23021,-0.22968,0.19028,-0.13361,-0.17913,0.00050492,0.22287,0.82113,0.77687,-0.39769,-0.16612,0.54856,0.85409,0.29209,0.32387,0.032096,0.31082,0.57154,0.52274,0.36937,0.4166,1.0622,0.6948,0.64043,0.43028,0.63613,0.15347,0.17871,0.40839,0.057443,-0.13568,-0.34975,0.004991,-0.1584,-0.27822,-0.25242,-0.56896,-0.86808,-0.3148,0.13842,0.1974,0.38214,0.58937,-0.019361,0.43577,0.29815,0.2195,0.003773,0.066072,0.097588,0.956,0.63711,0.40408,0.70164,0.47807,0.28335,0.27755,0.45481,0.47742,0.17124,-0.053301,0.098646,0.024789,0.37097,-0.32377,-0.27411,-0.61826,-0.21473,0.11655,-0.081713,0.1502,-0.070194,0.06621,0.31337,0.0070973,-0.33492,0.097888,-0.0037746,0.057673,-0.085736,-0.043736,0.11157,0.095674,-0.20363,0.28188,-0.032023,-0.49518,-0.18916
0.13412,0.67178,-0.39668,-0.010419,0.17706,0.50488,0.3984,0,0.59347,0.60297,-0.051925,0.33392,-0.41795,-0.57357,0.22957,0.096153,-0.13292,-0.40488,0.050578,-0.0086475,0.23183,0.0063112,0.24296,0.67135,0.080976,0.4708,0.24769,0.42535,0.55015,0.60976,-0.018023,-0.081991,-0.15793,-0.12049,0.060833,0.66288,-0.1246,0.080697,0.27494,0.52378,0.40438,0.81142,0.31971,0.59944,-0.20496,0.013691,-0.48734,-0.35105,0.026523,0.11945,-0.096984,0.22316,-0.0043099,0.19681,-0.21077,0.32674,0.3478,-0.22665,-0.15519,0.43733,0.61942,0.2609,0.17953,0.082422,0.14685,-0.18829,-0.23513,0.15792,0.45519,0.49579,0.18627,-0.074137,-0.14814,-0.10874,-0.070786,0.065055,0.30161,-0.4965,-0.29063,-0.34181,0.00012427,0.17597,-0.24182,-0.27272,-0.14912,-0.18992,-0.025857,-0.31454,-0.38437,-0.2831,-0.17323,-0.088588,0.076959,0.42212,0.59799,0.14256,0.41977,-0.010006,0.25664,-0.055122,0.12309,0.0092628,0.19108,0.040575,0.21559
0.09993,0.16192,0.033559,0.11904,0.52323,-0.16091,0.88303,0.59347,0,0.58037,1.0306,0.73405,-0.028592,-0.40074,0.22892,0.027225,-0.18135,-0.16814,-0.14891,0.086099,-0.27434,-0.32054,-0.074748,0.37421,1.0575,1.2798,-0.31726,-0.23134,0.3762,1.0055,0.1781,0.22141,0.059144,0.23207,0.63944,0.81281,0.60023,0.7387,1.3314,0.96137,0.42575,0.52978,0.54746,0.1558,0.18946,0.60264,-0.067129,-0.2123,-0.35865,0.23133,-0.12679,-0.24813,-0.41174,-0.28273,-0.59924,-0.42715,0.082991,0.11592,0.16676,0.83695,0.24548,0.24872,0.232,-0.12446,-0.19302,-0.10183,-0.076279,0.50442,0.54103,0.30465,0.84008,0.38445,0.27157,0.31999,0.42481,0.53048,0.43026,0.011412,-0.014826,0.18445,0.4681,-0.063416,-0.17221,-0.36751,-0.16066,0.15688,-0.10699,-0.054281,-0.21625,0.083939,0.18874,0.0368,-0.1654,0.26627,0.41312,0.36536,0.15359,0.28035,0.1177,-0.089473,-0.25539,0.57738,0.29447,-0.34865,0.033244
0.031674,0.44622,-0.30275,-0.14691,0.23518,0.43175,0.1238,0.60297,0.58037,0,0.26268,0.61789,-0.26141,-0.38858,0.38582,0.29772,-0.071519,0.021562,-0.010658,-0.078643,0.16589,0.17292,0.3198,0.70712,0.072851,0.35753,0.42149,0.19626,0.077048,0.30965,-0.014531,-0.11405,0.0036846,-0.05392,0.12953,0.3849,0.045388,0.14,0.29698,0.44186,0.30332,0.72376,0.14218,0.28958,-0.024736,0.20786,-0.2994,-0.19927,0.12881,0.076333,-0.1863,0.0062523,0.016049,0.3469,-0.20944,-0.044014,0.17881,-0.070195,-0.13413,0.37846,0.47844,0.10152,0.078507,-0.17735,-0.17487,-0.26386,-0.15032,0.066382,0.4358,0.097912,0.26469,0.02111,0.064823,0.10793,0.18598,0.085521,0.45337,-0.27861,-0.1635,-0.028731,0.093148,0.015786,-0.17925,-0.14008,-0.041075,0.03367,-0.042279,-0.35533,-0.24768,0.024573,0.074151,-0.13267,-0.027699,0.36723,0.72556,0.21959,0.36169,0.16705,0.18573,-0.18401,-0.093135,0.21223,0.3229,0.019213,-0.081537
-0.096397,-0.28238,0.22313,0.087565,0.43123,-0.56122,0.60341,-0.051925,1.0306,0.26268,0,0.70796,0.28587,-0.063318,0.24433,0.062592,-0.257,-0.00068997,-0.31996,-0.033844,-0.6507,-0.57694,-0.34625,-0.10922,1.277,0.89847,-0.67648,-0.64714,-0.021463,0.51824,0.30908,0.37628,0.21722,0.36883,0.78089,0.40236,0.92686,0.80159,1.1551,0.56562,0.10676,0.059939,0.33562,-0.2571,0.48785,0.76737,0.15136,-0.14749,-0.37899,0.17745,-0.16478,-0.381,-0.48237,-0.45139,-0.53948,-1.052,-0.24749,0.27603,0.21238,0.6691,-0.024508,0.1983,0.13586,-0.19618,-0.2821,-0.082512,-0.019773,0.55061,0.39267,0.027436,0.81265,0.53275,0.42218,0.47308,0.52421,0.49679,0.30566,0.37395,0.14169,0.44125,0.51466,-0.2234,-0.10465,-0.35021,-0.1674,0.24222,-0.19891,0.063967,-0.098312,0.26769,0.21721,0.10971,-0.34383,0.037256,0.11604,0.33315,-0.11964,0.38161,-0.065683,-0.15106,-0.46309,0.68771,0.21065,-0.41825,-0.057142
0.067382,0.02981,-0.19869,-0.012141,0.414,-0.038547,0.57807,0.33392,0.73405,0.61789,0.70796,0,-0.10406,-0.22358,0.20977,0.2152,-0.46561,-0.12531,-0.40863,-0.39663,-0.2691,-0.30173,-0.025997,0.10302,0.43579,0.47349,-0.1128,-0.1207,0.11817,0.44554,0.21197,0.084361,0.035104,0.15894,0.39568,0.4044,0.23125,0.40068,0.83456,0.64579,0.41453,0.53092,0.19406,-0.12153,0.24259,0.33761,-0.15864,-0.56882,-0.26769,0.11176,-0.1261,-0.23164,-0.15784,-0.077995,-0.41531,-0.60194,-0.21476,0.0085774,-0.046696,0.50075,0.14621,0.18888,0.017476,-0.051981,-0.28349,-0.34732,-0.28424,0.35692,0.50886,0.10187,0.44314,0.23003,0.10138,0.18396,0.26337,0.362,0.59909,-0.05992,0.04427,0.060876,0.28297,-0.21606,-0.16644,-0.54253,-0.30992,-0.10262,-0.2983,-0.27718,-0.30857,-0.017792,0.099428,-0.18915,-0.45252,0.17373,0.26834,-0.0011597,-0.095308,0.10717,-0.065051,-0.2168,-0.47048,0.33209,0.17455,-0.30617,0.0092181
-0.488,-0.71028,0.45322,0.21654,-0.035476,-0.29309,-0.034209,-0.41795,-0.028592,-0.26141,0.28587,-0.10406,0,0.87365,0.30652,0.39259,0.33355,0.37853,-0.022979,0.38039,-0.33176,0.13065,-0.39108,-0.10887,0.30095,0.082866,-0.54773,-0.04051,-0.32397,-0.26867,0.44052,0.63178,1.2141,0.6677,0.4765,-0.14953,0.54015,0.058809,0.0090949,-0.44745,-0.56652,-0.59725,0.13902,-0.017983,0.59191,0.49923,0.43663,0.28422,0.37655,0.35974,0.50845,0.33982,-0.11115,-0.075191,0.085798,-0.10982,-0.28342,0.21786,0.21143,0.19463,0.20802,0.49043,0.4625,0.36271,0.40081,0.46802,0.3446,0.36929,-0.027766,0.014603,0.30809,0.43266,0.4961,0.44771,0.43362,0.071828,-0.20109,1.2306,0.86128,0.90474,0.39838,0.03519,0.33977,0.16764,0.61444,0.93995,0.52725,0.30176,0.18449,0.30691,0.22826,0.409,0.57695,0.2665,0.027135,0.13038,-0.032329,0.18525,-0.31979,0.50912,0.42287,0.46893,0.22613,0.26194,0.075213
-0.44157,-0.79561,-0.0074848,-0.2423,-0.36631,-0.35509,-0.13394,-0.57357,-0.40074,-0.38858,-0.063318,-0.22358,0.87365,0,0.012193,0.22313,0.32148,0.18337,0.22508,0.50011,0.17379,0.32112,0.06428,-0.068048,-0.067929,-0.32037,-0.13552,-0.2338,-0.4536,-0.42113,0.30417,0.42234,0.59162,0.53835,0.019871,-0.1531,-0.10762,-0.30783,-0.39431,-0.75374,-0.43863,-0.75599,0.083248,0.065158,0.30205,0.062138,0.32715,0.21572,0.34253,0.1542,0.4595,0.37875,-0.12008,-0.20483,0.035079,0.1,-0.011766,0.22275,0.307,-0.20355,-0.20959,0.24147,0.45521,0.32595,0.47677,0.42094,0.44248,0.14002,-0.29777,-0.14227,0.047004,0.24772,0.27639,0.12378,0.15365,-0.41906,-0.67458,0.4855,0.45836,0.35554,0.058983,-0.33957,0.03143,0.12539,0.54355,0.42188,0.43395,0.30652,0.37164,0.1974,0.15321,0.10772,0.2475,0.02755,-0.36577,-0.30105,-0.46503,-0.22089,-0.41074,0.65653,0.51202,0.2148,-0.066212,0.27827,-0.19984
-0.47173,-0.16445,-0.064601,-0.088499,0.11984,0.032919,0.1554,0.22957,0.22892,0.38582,0.24433,0.20977,0.30652,0.012193,0,0.89677,-0.026679,-0.055992,-0.19648,0.0080948,-0.083904,-0.094566,-0.050987,0.080927,0.12106,0.32432,-0.084048,0.14495,-0.02019,0.027517,0.27662,0.28391,0.40454,0.14665,0.38167,0.13035,0.31583,-0.001439,0.12496,0.02701,-0.10377,0.11397,0.17412,0.24742,0.20272,0.29138,-0.031267,0.037107,0.27506,0.03753,-0.21894,0.3109,0.16586,0.26359,0.071468,-0.06772,-0.018311,0.11401,-0.14319,0.54062,0.63999,0.94662,0.53983,0.4842,0.44015,0.12168,-0.0087956,0.75743,0.76866,0.22912,0.37196,0.19268,0.2114,0.27615,0.2259,0.053382,0.18122,0.31255,0.15768,0.14569,0.09409,-0.024584,-0.17585,-0.18726,0.13906,0.25024,0.13001,-0.098204,-0.24505,0.11183,0.018052,0.29317,0.24401,0.49389,0.44287,0.16015,0.25917,-0.035943,-0.19277,0.054014,0.29831,0.14427,0.35168,0.13534,-0.029279
-0.4647,-0.33628,0.051736,-0.048086,-0.024427,-0.00034751,0.18669,0.096153,0.027225,0.29772,0.062592,0.2152,0.39259,0.22313,0.89677,0,0.20072,0.31588,0.018736,0.11835,0.016051,0.4051,-0.087826,0.22753,0.029753,0.21194,-0.18736,0.36089,-0.2211,-0.18845,0.7092,0.60918,0.474,0.10997,0.3691,-0.0639,0.2161,-0.32814,-0.0082351,-0.31826,-0.31706,-0.056696,0.24168,0.28638,0.57277,0.50469,0.19637,0.16214,0.36781,-0.1039,-0.17153,0.39661,0.09794,0.15049,-0.052875,-0.14059,-0.1783,0.12998,0.022371,0.3261,0.71218,0.94575,0.53468,0.58302,0.49502,0.21964,0.20602,0.66742,0.63407,0.34899,0.33428,0.46912,0.58207,0.5211,0.59276,-0.0016353,0.027487,0.25449,0.19573,0.12656,-0.068843,0.08684,0.026755,-0.022175,0.25442,0.48195,0.19432,0.018864,-0.12817,0.31704,0.23637,-0.038307,0.21724,0.21058,0.14625,0.10573,0.19934,0.04631,0.022524,0.1911,0.40249,0.26067,0.26411,0.27528,-0.083048
-0.22085,-0.13423,0.2479,0.071484,-0.27924,0.0028537,-0.22815,-0.13292,-0.18135,-0.071519,-0.257,-0.46561,0.33355,0.32148,-0.026679,0.20072,0,0.3703,1.1211,0.75707,0.50438,0.70193,0.39664,0.48988,0.016713,0.054512,0.14144,0.28141,0.042571,-0.16101,0.094638,0.37987,0.35127,0.088615,-0.19288,-0.020444,-0.006634,-0.2897,-0.29544,-0.45714,-0.36119,-0.27783,0.036747,0.26198,0.057718,0.10653,0.19053,0.51262,0.11171,0.43228,0.60053,0.38074,-0.066186,-0.031241,0.24469,0.32123,0.20837,-0.12145,-0.030997,-0.21546,0.10186,0.073979,0.3204,0.31864,0.28513,0.37875,0.28859,0.013942,-0.1197,0.21262,0.0037793,-0.10362,0.030956,-0.12553,0.03408,-0.3187,-0.40166,-0.00023219,0.13728,0.46459,0.17738,0.33969,0.43515,0.58268,0.93477,0.76355,0.8965,0.072728,0.14102,-0.01876,0.068984,0.15468,0.90186,-0.11938,-0.072267,0.34148,0.37354,0.11824,0.17657,0.36061,0.71436,0.19652,0.12444,0.58254,0.069994
0.13103,-0.099371,0.83952,0.53251,0.1894,0.14752,-0.23021,-0.40488,-0.16814,0.021562,-0.00068997,-0.12531,0.37853,0.18337,-0.055992,0.31588,0.3703,0,0.11615,0.067095,-0.0719,0.50781,-0.36273,0.080258,-0.056311,-0.12636,-0.056922,0.3229,-0.54617,-0.60686,0.022077,0.0020021,0.10475,-0.30405,-0.13748,-0.74213,0.17199,-0.36344,-0.092056,-0.36128,-0.29877,-0.1497,-0.48401,-0.43983,0.29744,0.22094,0.27537,0.21651,0.08313,0.13016,0.24,-0.025488,0.42469,0.38773,0.29757,-0.209,-0.6613,-0.17732,-0.20075,0.048773,0.22283,-0.17915,-0.15085,-0.098361,-0.23636,-0.047727,-0.0052163,-0.19533,-0.14476,-0.38857,-0.28186,0.000136,0.20798,0.33952,0.21508,0.35115,0.26393,0.49781,0.24142,0.31465,-0.18396,0.44482,0.76468,0.47437,0.16376,0.57017,0.027849,-0.01346,-0.15125,0.40857,0.24496,0.090153,0.24737,0.090973,0.0024796,0.48324,0.31371,0.36633,0.46505,-0.02146,-0.0015818,0.19893,0.079866,0.41505,0.034265
-0.17301,0.06914,0.049322,-0.016232,-0.45802,0.043337,-0.22968,0.050578,-0.14891,-0.010658,-0.31996,-0.40863,-0.022979,0.22508,-0.19648,0.018736,1.1211,0.11615,0,0.75452,0.69774,0.48971,0.56755,0.58342,-0.067127,0.1122,0.24513,0.065149,-0.033293,-0.0090259,0.032516,0.27501,-0.046004,-0.080095,-0.39271,0.19541,-0.30368,-0.33191,-0.37764,-0.3647,-0.26819,-0.22061,0.057061,0.3321,-0.062633,-0.035134,0.12775,0.40067,-0.10638,0.30277,0.37106,0.32154,-0.19123,-0.050694,0.19747,0.33429,0.39882,-0.058135,0.035677,-0.28017,-0.021489,-0.098679,0.18055,0.11738,0.27176,0.27459,0.29914,-0.19519,-0.25928,0.14032,-0.07576,-0.14207,-0.0241,-0.21959,-0.060194,-0.56789,-0.4349,-0.31481,-0.2004,0.057361,-0.019589,0.30006,0.22729,0.66165,0.63504,0.32992,0.5858,0.059788,0.1412,-0.072008,-0.084585,-0.078916,0.42862,-0.17683,-0.14693,0.28209,0.23044,0.03429,0.16545,0.19483,0.52938,0.16388,0.10975,0.43649,0.10082
-0.15774,-0.30961,0.094626,-0.028685,-0.043007,-0.23717,0.19028,-0.0086475,0.086099,-0.078643,-0.033844,-0.39663,0.38039,0.50011,0.0080948,0.11835,0.75707,0.067095,0.75452,0,0.48202,0.41804,0.3429,0.60569,0.23183,0.24969,-0.069596,-0.11338,0.13155,0.19469,0.14702,0.46122,0.43558,0.46312,0.14392,0.32977,0.11393,-0.022374,-0.072428,-0.19814,-0.061269,-0.22833,0.44794,0.50763,0.015871,0.19096,0.40375,0.75328,0.15908,0.21441,0.38651,0.3278,-0.17836,-0.28877,-0.059726,0.37025,0.62105,0.36059,0.63199,0.064652,-0.078274,0.22833,0.55688,0.28485,0.45305,0.79629,0.86374,0.24848,-0.07435,0.1351,0.27848,0.25693,0.35941,0.16894,0.30913,-0.16256,-0.5022,0.13525,0.31494,0.32829,0.32121,-0.087745,0.11968,0.43283,0.96306,0.75297,0.96496,0.55403,0.54621,0.24691,0.3391,0.31756,0.50767,0.18541,-0.098784,0.19487,0.14406,-0.082756,0.0052223,0.64754,0.6759,0.37443,0.20444,0.19345,-0.064046
-0.027239,0.076315,-0.49851,-0.40344,-0.29149,0.21739,-0.13361,0.23183,-0.27434,0.16589,-0.6507,-0.2691,-0.33176,0.17379,-0.083904,0.016051,0.50438,-0.0719,0.69774,0.48202,0,0.59495,1.1238,0.73981,-0.43013,-0.25481,0.87773,0.21581,0.094238,-0.079447,-0.23808,-0.16184,-0.13096,-0.14915,-0.62203,0.18786,-0.76642,-0.6406,-0.52372,-0.25666,0.16929,0.085707,0.010698,0.45922,-0.45166,-0.42034,-0.35983,0.073639,0.2614,0.012622,0.22374,0.45468,0.2255,0.10714,0.16984,0.79377,0.69744,-0.22431,-0.030301,-0.18273,-0.05242,-0.11504,0.17823,0.21084,0.30052,0.053555,0.13347,-0.18998,-0.18509,-0.0026661,-0.33956,-0.44763,-0.34063,-0.54131,-0.43067,-0.48018,-0.34169,-0.60454,-0.26689,-0.258,-0.30261,-0.19379,-0.17572,0.22298,0.40363,-0.028366,0.39056,-0.13251,0.11997,-0.27401,-0.15727,0.0099956,0.26619,-0.024831,-0.17784,-0.13915,0.039553,-0.3482,0.15771,0.34943,0.57166,-0.084062,0.0077756,0.50196,-0.038071
-0.001449,0.036439,0.011193,-0.083601,-0.2311,0.29255,-0.17913,0.0063112,-0.32054,0.17292,-0.57694,-0.30173,0.13065,0.32112,-0.094566,0.4051,0.70193,0.50781,0.48971,0.41804,0.59495,0,0.34877,0.65192,-0.39628,-0.33244,0.40585,0.64507,-0.05996,-0.33301,0.12491,0.095703,0.18959,-0.0080505,-0.21894,-0.23649,-0.30767,-0.57985,-0.44484,-0.50198,-0.14807,-0.021456,0.044698,0.41873,0.014375,-0.019469,0.13441,0.32896,0.43037,0.017581,0.28935,0.29692,0.13105,0.19696,0.044508,0.47144,0.16894,-0.089453,0.07746,-0.32559,0.22515,0.064495,0.25032,0.21882,0.20815,0.23781,0.29406,-0.12088,-0.087874,0.15236,-0.13498,0.023949,0.18242,0.033018,0.20848,-0.24894,-0.28096,-0.096278,0.13584,0.045317,-0.16703,0.19551,0.22054,0.32925,0.44827,0.42843,0.44717,0.058897,0.17025,0.10346,0.29848,-0.26482,0.50519,0.013529,-0.017847,-0.10283,0.19231,-0.11108,0.23408,0.37473,0.59483,-0.054309,-0.083925,0.43248,-0.24124
0.096556,0.17771,-0.74887,-0.61367,-0.20341,0.20927,0.00050492,0.24296,-0.074748,0.3198,-0.34625,-0.025997,-0.39108,0.06428,-0.050987,-0.087826,0.39664,-0.36273,0.56755,0.3429,1.1238,0.34877,0,0.63896,-0.20942,-0.064002,0.90181,0.058445,0.33037,0.16304,-0.21967,-0.10423,-0.11158,0.036085,-0.42848,0.36235,-0.64702,-0.24158,-0.23982,0.008832,0.40996,0.25261,0.17257,0.50275,-0.39805,-0.31457,-0.37197,-0.017007,0.035827,0.056028,0.1902,0.16695,0.016746,-0.018189,-0.020984,0.59644,0.89018,-0.21416,-0.038586,-0.24094,-0.19479,-0.052674,0.07898,0.29129,0.23514,-0.0012549,0.036533,-0.047875,-0.12184,0.21166,-0.051127,-0.35581,-0.40853,-0.64951,-0.34896,-0.5132,-0.26428,-0.81152,-0.27268,-0.14991,0.044139,-0.32788,-0.36992,0.013958,0.32892,-0.11569,0.38553,-0.25416,0.072156,-0.51754,-0.23306,0.0075617,0.1532,-0.11249,0.0077034,-0.17167,-0.037222,-0.3158,-0.11217,0.262,0.29251,-0.11649,0.004171,0.13808,-0.12781
0.049491,0.24676,-0.1692,-0.021518,0.076074,0.31258,0.22287,0.67135,0.37421,0.70712,-0.10922,0.10302,-0.10887,-0.068048,0.080927,0.22753,0.48988,0.080258,0.58342,0.60569,0.73981,0.65192,0.63896,0,0.096746,0.35702,0.45073,0.39478,0.27512,0.36708,-0.0054394,0.078653,0.11979,0.11997,-0.028508,0.52005,-0.098255,-0.10269,0.088942,0.14016,0.2712,0.40819,0.32947,0.62957,-0.13876,0.14433,-0.20351,0.11467,0.22748,0.27158,0.26837,0.29559,-0.0081188,0.12793,-0.14797,0.45038,0.63199,-0.084382,0.14855,0.2709,0.35967,0.089167,0.23729,0.1071,0.16986,0.1003,0.21804,0.055863,0.14113,0.25199,0.12078,-0.05531,0.064506,-0.1134,0.13492,-0.013489,0.091933,-0.32471,-0.014573,0.06023,0.14753,0.11983,0.0051568,0.22582,0.45928,0.39651,0.53997,-0.073636,0.035495,-0.14082,0.076371,-0.01653,0.4128,0.27047,0.27467,0.28021,0.42469,0.070876,0.31604,0.23552,0.3893,0.29394,0.25227,0.30588,0.061921
-0.059975,-0.29738,0.28231,0.14637,0.33623,-0.61964,0.82113,0.080976,1.0575,0.072851,1.277,0.43579,0.30095,-0.067929,0.12106,0.029753,0.016713,-0.056311,-0.067127,0.23183,-0.43013,-0.39628,-0.20942,0.096746,0,1.2259,-0.76349,-0.44892,0.25259,0.66975,0.4119,0.56874,0.27928,0.48791,0.84805,0.59686,0.96979,0.72403,1.1596,0.48857,0.11077,-0.0090561,0.5833,-0.031363,0.50819,0.93429,0.10676,-0.07199,-0.37275,0.23986,-0.03967,-0.22133,-0.58051,-0.69775,-0.58876,-0.66246,-0.050192,0.15212,0.2846,0.6862,0.0024017,0.23489,0.22256,-0.01071,-0.11195,-0.006395,0.035616,0.65952,0.35909,0.34086,0.83323,0.53157,0.41003,0.28084,0.50229,0.53054,0.18692,0.25397,0.10674,0.43576,0.60362,-0.14293,-0.10771,-0.23775,0.029618,0.38302,0.045732,0.086176,-0.090507,0.019193,0.086255,0.14823,-0.10408,-0.063362,0.012611,0.48923,0.029648,0.38487,0.070931,0.023487,-0.2424,0.71785,0.12352,-0.26013,0.096424
-0.058553,-0.00063661,0.15712,0.1762,0.34913,-0.24423,0.77687,0.4708,1.2798,0.35753,0.89847,0.47349,0.082866,-0.32037,0.32432,0.21194,0.054512,-0.12636,0.1122,0.24969,-0.25481,-0.33244,-0.064002,0.35702,1.2259,0,-0.50409,-0.21808,0.28457,0.83489,0.3595,0.53146,0.13845,0.21278,0.6404,0.74121,0.68422,0.53339,0.97977,0.56506,0.16492,0.24751,0.57579,0.17059,0.38781,0.81905,0.025307,-0.023641,-0.37307,0.24134,-0.11521,-0.11175,-0.44552,-0.34105,-0.45819,-0.42932,0.098654,0.11479,0.17632,0.80559,0.3047,0.37694,0.21146,0.084165,0.040819,0.030535,0.052938,0.63929,0.50385,0.45669,0.80452,0.43741,0.36611,0.31592,0.48073,0.38796,0.30359,0.027618,-0.041369,0.27316,0.48278,0.0973,-0.066057,-0.12683,0.045762,0.34859,0.087007,-0.0085111,-0.2073,0.04539,0.041676,0.1447,-0.02577,0.087585,0.26339,0.63053,0.24286,0.39663,0.1358,-0.07747,-0.13623,0.67873,0.38576,-0.21816,0.18354
0.31267,0.54816,-0.49551,-0.26295,-0.05567,0.74058,-0.39769,0.24769,-0.31726,0.42149,-0.67648,-0.1128,-0.54773,-0.13552,-0.084048,-0.18736,0.14144,-0.056922,0.24513,-0.069596,0.87773,0.40585,0.90181,0.45073,-0.76349,-0.50409,0,0.43525,0.12489,-0.13963,-0.71678,-0.75615,-0.35895,-0.34442,-0.9155,-0.097625,-0.88663,-0.38461,-0.46673,0.0085931,0.39789,0.46002,-0.40532,0.14757,-0.82835,-0.81168,-0.50369,-0.12469,0.19122,0.072206,0.19416,0.084906,0.53167,0.61702,0.31355,0.74116,0.43543,-0.37764,-0.38787,-0.33209,-0.051486,-0.36402,-0.26426,-0.04219,-0.074539,-0.24048,-0.22465,-0.50673,-0.19696,-0.22548,-0.58155,-0.89896,-0.78235,-0.73757,-0.67844,-0.34392,0.075939,-0.619,-0.24775,-0.30356,-0.23554,0.0061335,-0.080987,0.10731,0.035351,-0.30772,0.095127,-0.38728,-0.083711,-0.43563,-0.23904,-0.022875,0.1427,0.13428,0.21291,-0.14576,0.17819,-0.24237,0.094916,-0.069336,0.10855,-0.48854,-0.083154,0.25619,-0.091272
0.211,0.4096,0.099011,0.32388,0.12757,0.83442,-0.16612,0.42535,-0.23134,0.19626,-0.64714,-0.1207,-0.04051,-0.2338,0.14495,0.36089,0.28141,0.3229,0.065149,-0.11338,0.21581,0.64507,0.058445,0.39478,-0.44892,-0.21808,0.43525,0,0.23887,-0.20168,-0.13291,-0.20622,0.060686,-0.24393,-0.25975,-0.32183,-0.18203,-0.3598,-0.22235,-0.11166,0.031247,0.38214,-0.27753,0.17404,-0.2047,-0.20459,-0.18574,-0.0024835,0.39085,0.17975,0.27379,0.28414,0.59656,0.71439,0.30118,0.53216,-0.061596,-0.39943,-0.41344,-0.039858,0.62715,0.11579,-0.081336,0.26238,0.1042,-0.056804,-0.18942,-0.10113,0.20011,0.19638,-0.36898,-0.3665,-0.24934,-0.18532,-0.13066,0.08613,0.30571,-0.093959,0.14143,-0.043927,-0.10006,0.66603,0.40871,0.15431,0.1125,0.17715,0.2397,-0.23715,-0.27855,-0.23948,-0.051255,-0.010651,0.56653,0.3041,0.38152,0.17294,0.74247,0.076563,0.39106,-0.040057,0.2806,-0.36496,-0.028306,0.43299,0.18961
0.46387,0.36031,-0.26402,-0.067887,0.3948,0.12976,0.54856,0.55015,0.3762,0.077048,-0.021463,0.11817,-0.32397,-0.4536,-0.02019,-0.2211,0.042571,-0.54617,-0.033293,0.13155,0.094238,-0.05996,0.33037,0.27512,0.25259,0.28457,0.12489,0.23887,0,0.77692,-0.24966,-0.15496,-0.046156,0.2255,0.16453,0.42477,0.089552,0.45292,0.46493,0.72087,0.71687,0.68233,0.29768,0.30763,-0.44973,-0.15479,-0.16385,-0.049274,-0.25948,0.25143,0.093465,-0.23912,-0.094306,-0.24277,-0.34615,0.25958,0.48871,-0.072886,0.062801,-0.0125,-0.1347,0.062839,0.098275,0.11733,-0.1404,0.022562,-0.082798,0.35473,0.45766,0.52358,0.2088,-0.14671,-0.31396,-0.33789,-0.092407,0.15583,0.10389,-0.40617,0.0721,0.014609,0.57219,0.025981,-0.1268,-0.37056,-0.045502,-0.047124,0.24383,-0.02953,-0.020127,-0.42755,0.066239,0.0095611,0.12462,0.091803,0.26591,-0.010155,0.29322,-0.31691,0.14236,-0.09665,-0.075675,-0.36588,-0.29681,-0.38506,-0.14732
0.18181,0.13774,-0.17509,0.015965,0.46681,-0.2462,0.85409,0.60976,1.0055,0.30965,0.51824,0.44554,-0.26867,-0.42113,0.027517,-0.18845,-0.16101,-0.60686,-0.0090259,0.19469,-0.079447,-0.33301,0.16304,0.36708,0.66975,0.83489,-0.13963,-0.20168,0.77692,0,-0.048597,0.10416,-0.088497,0.38069,0.39051,0.97294,0.3663,0.9319,0.95043,1.1494,0.63921,0.54972,0.54416,0.21016,-0.23917,0.13203,-4.4371e-05,0.0043158,-0.37664,0.25129,-0.045649,-0.34656,-0.48231,-0.46045,-0.69059,-0.13208,0.55433,0.38147,0.44823,0.39721,-0.12268,0.13768,0.099382,-0.13674,-0.14961,0.15318,0.19679,0.43762,0.49645,0.27752,0.60733,0.14861,0.057715,0.0007562,0.24465,0.23009,0.17656,-0.26296,0.03954,0.085913,0.6616,-0.07676,-0.18783,-0.33765,-0.13997,0.031823,0.090511,0.25239,0.17665,-0.068106,0.25238,-0.047888,-0.23161,0.070393,0.11385,0.1082,0.076788,0.094093,0.042204,-0.18054,-0.24769,0.18909,0.061558,-0.62981,-0.077126
-0.67666,-0.51373,0.047763,-0.13915,-0.38096,-0.46644,0.29209,-0.018023,0.1781,-0.014531,0.30908,0.21197,0.44052,0.30417,0.27662,0.7092,0.094638,0.022077,0.032516,0.14702,-0.23808,0.12491,-0.21967,-0.0054394,0.4119,0.3595,-0.71678,-0.13291,-0.24966,-0.048597,0,1.4401,0.50583,0.36841,0.77138,0.28576,0.35708,-0.039718,0.10397,-0.35074,-0.54043,-0.47661,0.82215,0.43561,1.3506,1.0788,0.28835,0.040455,0.19803,-0.35987,-0.32146,0.4193,-0.53463,-0.45369,-0.29419,-0.38035,-0.18991,0.21252,0.28541,0.31155,0.43735,0.78958,0.61939,0.44226,0.55626,0.20791,0.21783,0.528,0.24629,0.70027,0.76704,1.193,1.042,0.62847,0.81901,-0.026967,-0.27391,0.21014,-0.032122,0.0010679,-0.073002,-0.22221,-0.27969,-0.093902,0.20887,0.24058,0.022683,0.12108,-0.011942,0.23229,0.072581,-0.20581,-0.02172,-0.13804,-0.11975,-0.0068896,-0.11919,0.23612,-0.18461,0.47354,0.34185,0.65098,0.25284,0.16978,0.14599
-0.71389,-0.67683,0.15215,-0.050221,-0.28369,-0.61774,0.32387,-0.081991,0.22141,-0.11405,0.37628,0.084361,0.63178,0.42234,0.28391,0.60918,0.37987,0.0020021,0.27501,0.46122,-0.16184,0.095703,-0.10423,0.078653,0.56874,0.53146,-0.75615,-0.20622,-0.15496,0.10416,1.4401,0,0.67237,0.53913,0.70234,0.36914,0.47741,0.082888,0.1559,-0.31262,-0.52008,-0.54787,0.8246,0.40516,1.0061,0.98398,0.44525,0.29313,0.11879,-0.074816,-0.02999,0.41496,-0.60108,-0.55835,-0.24569,-0.2903,-0.010153,0.35071,0.41857,0.3168,0.2964,0.84926,0.68749,0.55401,0.67489,0.50609,0.45667,0.6542,0.21059,0.62029,0.88462,0.97817,0.92553,0.55821,0.79102,-0.086047,-0.39298,0.29076,0.15482,0.29557,0.20455,-0.13936,-0.0775,0.061195,0.49183,0.54647,0.34441,0.31898,0.16894,0.26822,0.16372,0.039943,0.17327,-0.12723,-0.17503,0.13642,-0.055358,0.31141,-0.23851,0.56203,0.47333,0.81013,0.37745,0.15546,0.17241
-0.59247,-0.64229,0.11547,0.01812,-0.042741,-0.2088,0.032096,-0.15793,0.059144,0.0036846,0.21722,0.035104,1.2141,0.59162,0.40454,0.474,0.35127,0.10475,-0.046004,0.43558,-0.13096,0.18959,-0.11158,0.11979,0.27928,0.13845,-0.35895,0.060686,-0.046156,-0.088497,0.50583,0.67237,0,0.93927,0.68011,0.13936,0.54887,0.13838,0.045984,-0.30708,-0.39633,-0.36844,0.40949,0.30233,0.4903,0.53921,0.25473,0.27851,0.6653,0.24373,0.4067,0.55354,-0.15268,-0.1222,0.012233,0.067068,0.026463,0.23924,0.31111,0.26706,0.31718,0.63117,0.61618,0.47286,0.50089,0.51778,0.41568,0.46863,0.1403,0.25074,0.45373,0.4494,0.49706,0.35559,0.4383,0.040332,-0.20835,0.68287,0.81677,0.83348,0.53589,-0.13144,0.13701,0.082781,0.86625,0.86626,0.78527,0.25457,0.2976,0.18479,0.22625,0.43877,0.6912,0.30838,0.15987,0.038565,0.083129,0.11463,-0.34282,0.66241,0.57391,0.49818,0.36358,0.29131,0.13738
-0.38036,-0.63889,-0.042415,-0.097337,0.0075953,-0.52748,0.31082,-0.12049,0.23207,-0.05392,0.36883,0.15894,0.6677,0.53835,0.14665,0.10997,0.088615,-0.30405,-0.080095,0.46312,-0.14915,-0.0080505,0.036085,0.11997,0.48791,0.21278,-0.34442,-0.24393,0.2255,0.38069,0.36841,0.53913,0.93927,0,0.77318,0.48993,0.52925,0.58371,0.29965,0.049157,-0.038048,-0.27072,0.67331,0.30044,0.21075,0.371,0.32447,0.25874,0.303,0.22089,0.28774,0.14524,-0.48601,-0.51823,-0.35566,-0.025859,0.37681,0.59604,0.76894,0.18064,-0.14878,0.41307,0.46218,0.22715,0.28936,0.55393,0.58395,0.49911,0.15365,0.23854,0.62884,0.48018,0.44842,0.15477,0.49555,0.033885,-0.2435,0.41993,0.7139,0.57063,0.85095,-0.38091,-0.14024,-0.089954,0.52461,0.50047,0.63819,0.52025,0.61514,0.013255,0.30527,0.15603,0.21738,0.13654,-0.072839,-0.15888,-0.17023,0.0025868,-0.50127,0.45094,0.2328,0.36515,0.062868,-0.16312,-0.062984
-0.33334,-0.39165,0.16508,0.061079,0.17024,-0.48031,0.57154,0.060833,0.63944,0.12953,0.78089,0.39568,0.4765,0.019871,0.38167,0.3691,-0.19288,-0.13748,-0.39271,0.14392,-0.62203,-0.21894,-0.42848,-0.028508,0.84805,0.6404,-0.9155,-0.25975,0.16453,0.39051,0.77138,0.70234,0.68011,0.77318,0,0.45933,1.0861,0.64643,0.68198,0.23009,-0.098833,-0.097569,0.8875,0.26975,0.69236,1.0764,0.34119,0.11549,0.099871,-0.12385,-0.28019,0.0088944,-0.52127,-0.48459,-0.47999,-0.48415,-0.04708,0.47035,0.54114,0.55965,0.25157,0.61563,0.47938,0.14746,0.13723,0.26532,0.28659,0.74776,0.49997,0.49341,1.0704,1.1247,0.95395,0.72324,0.99128,0.45385,0.090138,0.47522,0.35706,0.32497,0.50345,-0.22464,-0.20797,-0.23987,0.13206,0.36886,0.10729,0.30586,0.15764,0.28294,0.33374,0.047341,-0.012952,0.16318,0.1755,0.084256,0.00075342,0.16716,-0.2228,0.20888,-0.0097454,0.55248,0.22751,-0.28938,0.015575
-0.2971,0.0016764,-0.39829,-0.22689,-0.076969,-0.28295,0.52274,0.66288,0.81281,0.3849,0.40236,0.4044,-0.14953,-0.1531,0.13035,-0.0639,-0.020444,-0.74213,0.19541,0.32977,0.18786,-0.23649,0.36235,0.52005,0.59686,0.74121,-0.097625,-0.32183,0.42477,0.97294,0.28576,0.36914,0.13936,0.48993,0.45933,0,0.19654,0.49079,0.45978,0.4661,0.22488,0.17389,0.95115,0.64802,0.037829,0.34614,-0.18636,-0.12539,-0.059606,0.080896,-0.10396,0.21608,-0.65324,-0.49009,-0.43613,0.0026818,0.66378,0.22174,0.37126,0.49204,0.11027,0.2833,0.43867,0.048103,0.22493,0.093061,0.15052,0.3395,0.28837,0.50039,0.69666,0.28172,0.18741,-0.043685,0.17963,-0.030241,-0.058797,-0.31215,-0.18767,-0.058166,0.32657,-0.34345,-0.53769,-0.20215,0.16782,-0.032185,0.19163,0.04608,0.10627,-0.20605,-0.075372,-0.046022,-0.059008,0.090063,0.10928,0.041078,-0.0022126,0.053517,-0.1492,0.21151,0.16162,0.51813,0.29401,-0.093577,0.19661
-0.21461,-0.40155,0.64419,0.45017,0.42062,-0.51262,0.36937,-0.1246,0.60023,0.045388,0.92686,0.23125,0.54015,-0.10762,0.31583,0.2161,-0.006634,0.17199,-0.30368,0.11393,-0.76642,-0.30767,-0.64702,-0.098255,0.96979,0.68422,-0.88663,-0.18203,0.089552,0.3663,0.35708,0.47741,0.54887,0.52925,1.0861,0.19654,0,0.81853,0.8019,0.31606,-0.15072,-0.11803,0.32199,-0.16964,0.4476,0.82613,0.39508,0.27016,-0.018264,0.16867,-0.067912,-0.17048,-0.29985,-0.32079,-0.26001,-0.63802,-0.21424,0.43402,0.35349,0.61938,0.16472,0.29486,0.16627,-0.083092,-0.14691,0.24304,0.24028,0.53916,0.45429,0.11494,0.63914,0.53456,0.61061,0.57143,0.70289,0.7075,0.29227,0.71395,0.47788,0.66841,0.63898,0.11225,0.2224,-0.0037639,0.13164,0.63234,0.14949,0.37689,0.14923,0.34532,0.37316,0.26745,0.086512,0.10354,0.10182,0.50474,0.26262,0.54217,0.054751,-0.078874,-0.17568,0.54688,0.24058,-0.2096,0.12137
0.10978,-0.010409,0.18859,0.26469,0.49624,-0.35977,0.4166,0.080697,0.7387,0.14,0.80159,0.40068,0.058809,-0.30783,-0.001439,-0.32814,-0.2897,-0.36344,-0.33191,-0.022374,-0.6406,-0.57985,-0.24158,-0.10269,0.72403,0.53339,-0.38461,-0.3598,0.45292,0.9319,-0.039718,0.082888,0.13838,0.58371,0.64643,0.49079,0.81853,0,0.96619,0.92025,0.33157,0.23566,0.32043,-0.12093,-0.071784,0.24273,0.28435,0.11455,-0.31915,0.223,-0.023522,-0.50584,-0.43627,-0.36288,-0.38533,-0.41971,0.14576,0.54169,0.42063,0.31479,-0.2272,0.023756,-0.049863,-0.29977,-0.36067,0.18402,0.15946,0.26281,0.30429,0.041237,0.62025,0.25056,0.17282,0.18889,0.35984,0.45476,0.30335,0.21612,0.32581,0.34819,0.92515,-0.053856,0.0090775,-0.19779,-0.10959,0.10112,0.027127,0.37887,0.27978,0.07881,0.32738,0.10229,-0.20812,0.12841,0.19143,0.16209,0.088942,0.30555,-0.18765,-0.2366,-0.45711,0.20917,0.095993,-0.70198,0.011194
0.28734,-0.013134,0.19033,0.2519,0.85106,-0.30649,1.0622,0.27494,1.3314,0.29698,1.1551,0.83456,0.0090949,-0.39431,0.12496,-0.0082351,-0.29544,-0.092056,-0.37764,-0.072428,-0.52372,-0.44484,-0.23982,0.088942,1.1596,0.97977,-0.46673,-0.22235,0.46493,0.95043,0.10397,0.1559,0.045984,0.29965,0.68198,0.45978,0.8019,0.96619,0,1.1412,0.54999,0.50331,0.34023,-0.18824,0.16395,0.50395,0.069423,-0.18238,-0.50618,0.24526,-0.085373,-0.55908,-0.29585,-0.38184,-0.65241,-0.67119,-0.089381,0.18517,0.20983,0.67279,-0.014996,0.14977,0.0065915,-0.14119,-0.41417,-0.10188,-0.077392,0.60033,0.5986,0.16847,0.66884,0.32872,0.20546,0.28074,0.44081,0.80585,0.57624,0.13316,0.19598,0.3095,0.67481,-0.055161,-0.0085707,-0.45392,-0.28507,0.18069,-0.15163,0.060054,-0.13762,0.069968,0.29437,0.050831,-0.31444,0.11632,0.19799,0.32638,0.089778,0.27693,0.13219,-0.26065,-0.57756,0.36901,0.072965,-0.60193,-0.04323
0.55653,0.40271,-0.098566,0.13396,0.90347,0.01927,0.6948,0.52378,0.96137,0.44186,0.56562,0.64579,-0.44745,-0.75374,0.02701,-0.31826,-0.45714,-0.36128,-0.3647,-0.19814,-0.25666,-0.50198,0.008832,0.14016,0.48857,0.56506,0.0085931,-0.11166,0.72087,1.1494,-0.35074,-0.31262,-0.30708,0.049157,0.23009,0.4661,0.31606,0.92025,1.1412,0,1.0074,1.0211,0.11027,-0.14097,-0.37383,-0.029559,-0.14648,-0.24248,-0.52085,0.2132,-0.13222,-0.65607,-0.090238,-0.12082,-0.4776,-0.26706,0.16642,0.1116,0.064318,0.40402,-0.1325,-0.097441,-0.1818,-0.34127,-0.5764,-0.20483,-0.2012,0.25054,0.51084,0.0046139,0.31251,-0.079713,-0.20501,-0.035674,0.033636,0.52612,0.6137,-0.21949,-0.0035213,-0.0010487,0.50126,-0.033939,-0.096227,-0.49267,-0.48689,-0.18722,-0.25244,-0.028294,-0.12903,-0.084071,0.18619,0.011896,-0.40286,0.21582,0.34644,0.1702,0.17851,0.077008,0.17634,-0.47436,-0.67026,-0.034959,-0.027,-0.7157,-0.10601
0.95346,0.3784,-0.31699,-0.054812,0.83055,0.20102,0.64043,0.40438,0.42575,0.30332,0.10676,0.41453,-0.56652,-0.43863,-0.10377,-0.31706,-0.36119,-0.29877,-0.26819,-0.061269,0.16929,-0.14807,0.40996,0.2712,0.11077,0.16492,0.39789,0.031247,0.71687,0.63921,-0.54043,-0.52008,-0.39633,-0.038048,-0.098833,0.22488,-0.15072,0.33157,0.54999,1.0074,0,1.0821,0.033657,-0.027909,-0.59337,-0.31644,-0.22556,-0.19637,-0.37208,0.030921,0.0065639,-0.5563,0.25751,0.015252,-0.30347,0.13507,0.38582,-0.044493,0.070706,0.16097,-0.30601,-0.15487,-0.26814,-0.021566,-0.33364,-0.1529,-0.13494,0.13529,0.18852,-0.05923,0.027044,-0.25564,-0.40474,-0.25698,-0.15955,0.39342,0.45711,-0.39717,0.016695,-0.17583,0.27921,-0.25873,-0.18365,-0.39808,-0.32928,-0.26869,-0.12676,-0.077947,-0.054092,-0.25282,0.12502,0.10901,-0.3275,0.21708,0.19271,-0.083718,0.0061368,-0.23719,0.064488,-0.1503,-0.45437,-0.24511,-0.10812,-0.56659,-0.20831
0.76601,0.83601,-0.28751,0.038375,0.77827,0.62832,0.43028,0.81142,0.52978,0.72376,0.059939,0.53092,-0.59725,-0.75599,0.11397,-0.056696,-0.27783,-0.1497,-0.22061,-0.22833,0.085707,-0.021456,0.25261,0.40819,-0.0090561,0.24751,0.46002,0.38214,0.68233,0.54972,-0.47661,-0.54787,-0.36844,-0.27072,-0.097569,0.17389,-0.11803,0.23566,0.50331,1.0211,1.0821,0,-0.090695,0.053201,-0.50212,-0.24787,-0.32144,-0.29872,-0.28115,0.18663,-0.044851,-0.39148,0.29021,0.33927,-0.23207,0.11136,0.15675,-0.21214,-0.24101,0.18791,0.14851,-0.056691,-0.17083,-0.12713,-0.41038,-0.30418,-0.34002,0.10279,0.49376,0.066195,0.023155,-0.2863,-0.38925,-0.11912,-0.11672,0.30261,0.64691,-0.44714,-0.069998,-0.16729,0.20278,0.15227,-0.0079377,-0.40055,-0.3993,-0.21072,-0.17914,-0.31922,-0.35489,-0.14341,0.12933,-0.056249,-0.14681,0.41425,0.67424,0.086237,0.36594,-0.14873,0.31386,-0.39343,-0.37159,-0.30694,-0.031463,-0.36411,-0.18408
-0.36155,-0.26279,-0.26465,-0.31975,-0.17177,-0.45513,0.63613,0.31971,0.54746,0.14218,0.33562,0.19406,0.13902,0.083248,0.17412,0.24168,0.036747,-0.48401,0.057061,0.44794,0.010698,0.044698,0.17257,0.32947,0.5833,0.57579,-0.40532,-0.27753,0.29768,0.54416,0.82215,0.8246,0.40949,0.67331,0.8875,0.95115,0.32199,0.32043,0.34023,0.11027,0.033657,-0.090695,0,0.9519,0.45106,0.71814,0.15581,0.1333,0.11451,-0.29279,-0.26775,0.23505,-0.74307,-0.70664,-0.57551,-0.031223,0.49791,0.3839,0.6818,0.35706,0.17906,0.66499,0.68885,0.38493,0.52214,0.37881,0.42031,0.60376,0.26152,0.89709,1.1518,0.95272,0.73714,0.35909,0.68253,0.020462,-0.31065,-0.075202,-0.017504,-0.023302,0.24874,-0.47671,-0.60468,-0.21136,0.26514,0.14938,0.22589,0.27015,0.26518,0.049106,0.17375,-0.083511,0.0038691,-0.019134,-0.0019488,-0.15074,-0.16304,-7.4211e-05,-0.31307,0.59603,0.3475,0.55739,0.26274,-0.16398,0.0078999
-0.32375,0.13218,-0.4949,-0.40814,-0.40297,0.13773,0.15347,0.59944,0.1558,0.28958,-0.2571,-0.12153,-0.017983,0.065158,0.24742,0.28638,0.26198,-0.43983,0.3321,0.50763,0.45922,0.41873,0.50275,0.62957,-0.031363,0.17059,0.14757,0.17404,0.30763,0.21016,0.43561,0.40516,0.30233,0.30044,0.26975,0.64802,-0.16964,-0.12093,-0.18824,-0.14097,-0.027909,0.053201,0.9519,0,0.099207,0.22494,-0.056307,0.15963,0.4033,-0.23423,-0.12009,0.62478,-0.28146,-0.10528,-0.13566,0.58571,0.72192,0.082045,0.27074,0.08044,0.44241,0.58555,0.72728,0.50533,0.79356,0.34005,0.29136,0.2351,0.1379,0.87707,0.46958,0.376,0.3163,0.083997,0.24647,-0.33993,-0.40753,-0.31497,-0.15201,-0.2465,-0.029392,-0.20874,-0.51065,0.00066395,0.43909,0.047203,0.402,0.037157,0.13127,-0.10898,-0.016391,-0.072287,0.37262,0.22258,0.28597,-0.19689,0.11807,-0.21892,-0.21975,0.6758,0.83653,0.16078,0.26368,0.20886,0.042543
