,,,,,,,,,,,,,,,,,,,,,,,,,,,,,,,,,,,,,,,,,,,,,,,,,,,,,,,,,,,,,,,,,,,,,,,,,,,,,,,,,,,,,,,,,,,,,,,,,,,,,,,,
0,0.58956,0.39878,0.47784,0.55077,0.19248,0.23407,0.048111,0.16578,0.0058444,-0.11658,0.027289,-0.23546,-0.48716,-0.31792,-0.20906,0.13145,0.41417,-0.11294,-0.25047,-0.34977,0.20043,-0.27035,-0.029973,0.04013,0.090144,0.0045404,0.74276,0.28452,0.019432,-0.35987,-0.32985,-0.61081,-0.53412,-0.2954,-0.45269,-0.023204,0.077318,0.36881,0.41126,0.72172,0.46357,-0.37096,-0.37651,-0.031504,0.0080094,-0.069407,-0.24097,-0.49098,0.030789,0.13144,-0.58821,0.30567,0.027799,-0.16875,-0.050657,-0.28642,-0.38673,-0.20244,0.02064,0.068553,-0.41931,-0.65322,-0.097934,-0.52779,-0.24836,-0.33468,-0.10077,-0.095506,0.0022049,-0.33895,-0.11387,-0.17246,-0.068491,-0.014918,0.66249,0.509,0.035138,0.16992,-0.071043,-0.0038258,0.48602,0.45254,0.010131,-0.17377,0.13545,-0.05782,-0.16351,-0.34841,-0.25793,-0.049685,-0.14558,-0.017595,-0.17204,0.11274,0.21517,0.37158,0.12972,0.43916,-0.37796,-0.60874,-0.46272,-0.32809,-0.36301,-0.057252
0.58956,0,-0.28273,-0.035529,0.3389,0.90386,-0.10185,0.84293,0.06736,0.2547,-0.12967,0.28619,-0.54227,-0.5181,-0.12762,-0.082718,0.022085,-0.12263,0.40265,-0.16731,0.063354,0.11686,0.20581,0.45489,-0.14649,0.076915,0.31436,0.63487,0.43752,0.28166,-0.011887,-0.15526,-0.55084,-0.41082,-0.35546,0.32931,-0.26184,0.084746,0.045295,0.54203,0.23532,0.76373,-0.4008,0.22156,-0.12053,-0.17726,-0.4893,-0.50479,-0.15876,0.093766,0.089301,-0.23428,-0.07108,0.20532,-0.27404,0.015724,-0.28964,-0.58746,-0.46854,0.01314,0.47187,-0.27579,-0.30884,-0.29279,-0.25601,-0.55479,-0.43334,-0.17436,0.07968,0.44079,-0.48281,-0.27508,-0.31066,-0.40334,-0.39957,0.018654,0.35997,-0.55208,-0.46723,-0.5506,-0.27171,0.051083,-0.1284,-0.27246,-0.36831,-0.41441,-0.20233,-0.53332,-0.56825,-0.46556,-0.25009,-0.46333,0.13061,-0.032669,0.52067,0.10348,0.40801,-0.23292,0.80768,-0.44812,-0.26529,-0.51632,-0.48471,-0.029988,0.29815
0.39878,-0.28273,0,1.5135,0.18821,-0.48394,0.060327,-0.55224,0.45864,-0.060317,0.42495,0.07633,0.37744,-0.0069789,-0.10468,-0.2389,0.40647,0.69925,-0.1948,0.039322,-0.91395,-0.28578,-0.7585,-0.51045,0.54146,0.30553,-0.60299,-0.10107,-0.11593,-0.028354,-0.41557,-0.075472,-0.075246,0.01729,0.25711,-0.4493,0.73252,0.5222,0.65396,0.21955,0.10328,-0.32895,-0.063662,-0.97709,0.15271,0.35801,0.52285,0.24306,-0.63604,0.25295,0.2112,-0.48855,0.022213,-0.2534,0.079112,-0.40971,-0.23677,0.39015,0.42471,0.24206,-0.17847,-0.35878,-0.2963,-0.078753,-0.39788,0.3103,0.23246,0.023844,-0.12474,-0.435,0.19656,0.25447,0.35255,0.36729,0.46394,1.0838,0.55229,0.9545,0.93326,0.84545,0.77404,0.87346,1.2043,0.6551,0.3556,1.1067,0.39564,0.43058,0.18066,0.29483,0.39836,0.28376,0.092553,-0.15936,-0.062145,0.38118,0.13823,0.3884,-0.14515,-0.19485,-0.42439,0.077225,0.23362,-0.55481,-0.12424
0.47784,-0.035529,1.5135,0,0.32312,-0.17249,-0.024161,-0.1896,0.41035,0.071659,0.32989,0.22801,0.30025,-0.053495,-0.10636,-0.25849,0.37365,0.66695,-0.10936,0.058514,-0.67702,-0.31362,-0.53056,-0.28169,0.38005,0.24441,-0.46951,0.040764,0.084251,0.03705,-0.43644,-0.12468,-0.071573,-0.042544,0.12071,-0.29233,0.60969,0.55216,0.55976,0.37609,0.18029,-0.082586,-0.18323,-0.70365,0.071231,0.23529,0.37211,0.21575,-0.40333,0.24111,0.27425,-0.29743,0.17059,-0.0049051,0.18447,-0.20909,-0.29368,0.25804,0.34768,0.37802,0.10165,-0.35702,-0.28221,-0.042119,-0.264,0.26856,0.24078,-0.11031,-0.15807,-0.34387,0.031823,0.091867,0.21358,0.27508,0.26223,1.0821,0.76979,0.77413,0.8836,0.59082,0.70712,0.85196,1.325,0.75227,0.39386,0.88834,0.43728,0.33224,0.14475,0.27121,0.45597,0.40881,0.28528,0.041107,0.21409,0.4524,0.3122,0.33145,0.078201,-0.1206,-0.28151,0.073261,0.33376,-0.37203,0.17934
0.55077,0.3389,0.18821,0.32312,0,0.4803,0.40146,0.45072,0.32506,0.13463,0.31151,0.60185,-0.18439,-0.4657,0.2861,0.18309,-0.24669,0.36716,-0.28794,-0.50093,-0.44099,-0.26069,-0.15191,0.22042,0.23664,0.35663,-0.054861,0.35444,0.2517,0.47624,0.0029708,0.14334,-0.18181,-0.094421,0.050638,0.11007,0.38571,0.45479,0.68117,0.85527,0.7448,0.74682,-0.53918,-0.50844,0.023488,0.11971,-0.19916,-0.24574,-0.092095,-0.068542,-0.0091158,-0.40417,0.35027,0.35235,-0.068433,-0.36128,-0.60576,-0.27651,-0.3551,0.62829,0.52145,0.18165,-0.3869,0.04636,-0.24658,-0.29546,-0.30221,0.20669,0.12962,0.025627,-0.042565,-0.1912,-0.13598,-0.11369,-0.094171,0.61748,0.71439,0.046423,0.10176,-0.094436,0.11245,-0.12839,0.08453,-0.20993,-0.29351,0.01958,-0.2695,-0.28833,-0.5053,-0.23898,-0.044542,0.12024,0.032944,0.18769,0.31038,0.20824,0.1546,0.29448,0.3397,-0.3017,-0.44765,0.0091003,0.1676,-0.20116,0.53
0.19248,0.90386,-0.48394,-0.17249,0.4803,0,-0.21671,1.0072,-0.28651,0.1029,-0.22351,0.48491,-0.38992,-0.19018,0.10191,0.27098,-0.087582,0.052151,0.15646,-0.19577,0.15042,0.16727,0.25928,0.43573,-0.43079,-0.22334,0.51367,0.58122,0.39514,0.13605,0.13661,0.067035,0.027827,0.099447,-0.19065,0.43007,-0.17172,0.14935,-0.15056,0.31692,0.06375,0.64955,-0.57189,0.3321,-0.16944,-0.35976,-0.25827,-0.22509,0.27599,-0.0037999,0.15393,0.018234,0.11512,0.49797,0.036642,0.053995,-0.5094,-0.3997,-0.38504,0.014485,0.6677,0.12437,0.029891,0.045536,0.11189,-0.24718,-0.10609,-0.085085,0.2001,0.44785,-0.35236,-0.30529,-0.26376,-0.35337,-0.39721,-0.1346,0.19451,-0.52912,-0.30832,-0.43722,-0.16276,-0.31594,-0.23007,-0.33853,-0.23583,-0.47606,-0.14471,-0.39082,-0.35648,-0.19325,0.064745,-0.17327,0.454,0.24708,0.64631,-0.29438,0.008539,-0.3691,0.36534,-0.030916,0.14775,-0.28843,-0.087619,0.16309,0.5763
0.23407,-0.10185,0.060327,-0.024161,0.40146,-0.21671,0,0.19247,0.532,-0.056581,0.26763,0.16303,-0.11952,-0.20502,0.025596,0.10379,-0.45721,0.08433,-0.24506,-0.33228,-0.12445,-0.17416,-0.052626,0.15797,0.55536,0.57793,-0.48584,-0.22326,0.27416,0.53475,0.36499,0.2958,-0.22367,-0.10272,0.27732,0.070306,0.14591,-0.051504,0.59113,0.24086,0.60606,0.3837,0.40946,-0.10139,0.25792,0.40137,-0.05417,-0.087719,-0.11339,-0.30657,-0.52687,-0.038849,0.038309,-0.10465,-0.50565,-0.21383,-0.087834,-0.25666,-0.20041,0.34421,0.075048,0.41693,0.093917,0.15409,-0.13718,-0.25305,-0.28983,0.38968,0.17712,0.29253,0.53397,0.21975,0.039167,0.16972,0.24816,0.13828,-0.02699,-0.083393,-0.21337,-0.2441,-0.059104,-0.11727,-0.20564,-0.30293,-0.44591,-0.1235,-0.73597,-0.19447,-0.28604,-0.094032,-0.08838,0.011165,-0.59455,0.045935,-0.1747,0.24412,-0.13368,0.29857,0.16292,0.00044412,-0.19018,0.4579,0.069054,-0.15837,0.02072
0.048111,0.84293,-0.55224,-0.1896,0.45072,1.0072,0.19247,0,0.10688,0.31833,-0.01706,0.57761,-0.49524,-0.29264,0.19404,0.19504,-0.36003,-0.17695,0.26341,-0.21443,0.3035,-0.10216,0.45384,0.78574,-0.097749,0.14978,0.21767,0.19839,0.53028,0.59593,0.33297,0.16803,-0.18881,-0.065366,-0.1359,0.84423,-0.16977,0.094764,0.037491,0.54422,0.24813,0.94181,-0.16441,0.47155,-0.090291,-0.13434,-0.50688,-0.31586,0.3456,-0.17552,-0.22054,0.23258,0.014993,0.43938,-0.24355,0.07534,-0.28441,-0.483,-0.44377,0.37378,0.93116,0.28521,0.18228,-0.043364,0.14684,-0.45392,-0.2466,0.012358,0.24226,0.55833,-0.11435,-0.26356,-0.269,-0.33348,-0.40221,-0.20462,0.19811,-0.61973,-0.58976,-0.8044,-0.30199,-0.38142,-0.4452,-0.36949,-0.42337,-0.63368,-0.46916,-0.53795,-0.46134,-0.27277,-0.095191,-0.15369,0.076738,0.32174,0.57905,0.019858,0.10719,-0.18714,0.64916,-0.047604,0.17016,0.064861,0.020378,0.23289,0.72183
0.16578,0.06736,0.45864,0.41035,0.32506,-0.28651,0.532,0.10688,0,0.45194,1.1456,0.58556,0.081668,-0.30557,0.12128,-0.060305,-0.11162,0.24942,-0.069634,-0.1892,-0.58438,-0.56383,-0.33876,0.093374,1.1939,1.3983,-0.68311,-0.34712,-0.10838,0.4992,0.15765,0.21904,-0.29876,-0.2256,0.45066,0.25319,0.62451,0.42034,1.2533,0.68578,0.21586,0.16625,0.2288,-0.48036,0.49418,0.89836,-0.1763,-0.34348,-0.47492,0.15223,-0.15559,-0.3347,-0.36525,-0.25867,-0.62235,-0.70199,-0.30416,-0.12112,-0.054001,0.81501,0.29065,-0.12145,-0.19698,-0.36591,-0.44912,-0.4377,-0.32559,0.2074,0.057616,-0.043799,0.36918,0.32529,0.30605,0.24325,0.29937,0.62278,0.58547,0.2531,-0.047996,0.15887,0.19258,0.21435,0.11498,-0.011067,-0.19939,0.291,-0.33883,-0.24459,-0.35838,-0.046792,-0.1285,0.0073071,-0.32559,-0.13589,0.17455,0.80923,0.27498,0.59606,0.36966,-0.39864,-0.68465,0.42538,0.15217,-0.28197,0.14236
0.0058444,0.2547,-0.060317,0.071659,0.13463,0.1029,-0.056581,0.31833,0.45194,0,0.47952,0.67127,0.11792,0.026442,0.4192,0.41018,-0.16251,0.2536,0.15475,-0.0090485,0.10687,0.10615,0.50182,0.7085,0.11203,0.31122,-0.0010005,-0.065136,-0.19172,0.04221,0.28051,0.066556,-0.25379,-0.50837,-0.057186,0.10741,-0.03888,-0.055645,0.17496,0.44628,0.23557,0.48238,0.03619,0.068491,0.4226,0.51153,-0.47455,-0.28717,0.21673,-0.19352,-0.22161,-0.010116,-0.0087371,0.40944,-0.47008,-0.059358,-0.078978,-0.18074,-0.04148,0.62706,0.76023,-0.0055451,-0.13534,-0.18495,0.014271,-0.49321,-0.18098,-0.085008,-0.20351,-0.11942,-0.11894,0.16264,0.32239,0.14314,0.15981,0.13861,0.72232,0.11664,-0.042854,-0.31403,-0.28339,-0.13126,-0.115,0.12782,-0.047484,0.15108,-0.15296,-0.45599,-0.228,-0.029449,-0.093032,-0.10698,-0.082427,0.11845,0.61889,0.52276,0.54581,0.16734,0.69577,-0.16672,-0.2486,0.18678,0.028137,0.033089,0.13626
-0.11658,-0.12967,0.42495,0.32989,0.31151,-0.22351,0.26763,-0.01706,1.1456,0.47952,0,0.82996,0.47542,0.083797,0.306,0.16212,-0.027766,0.31178,-0.054635,-0.11208,-0.66393,-0.55203,-0.18496,0.075073,1.2215,0.90404,-0.72935,-0.59301,-0.26447,0.23297,0.43303,0.50158,0.061875,-0.045813,0.68028,0.21042,0.76396,0.41634,0.92655,0.42321,-0.056284,0.01553,0.21484,-0.49361,0.8381,1.2074,-0.048847,-0.23172,-0.29726,0.15621,-0.04876,-0.24554,-0.30164,-0.040001,-0.34145,-0.8774,-0.4434,0.075114,0.01813,0.81345,0.31769,0.07563,-0.15937,-0.14356,-0.20189,-0.2418,-0.14232,0.18801,-0.08078,-0.031078,0.52036,0.59526,0.64508,0.52347,0.48628,0.53223,0.64867,0.50747,0.1014,0.32103,0.27863,-0.036033,0.049199,0.088563,0.03278,0.45333,-0.20774,-0.18336,-0.27218,0.20863,0.027078,0.16435,-0.16621,0.11904,0.35735,0.72668,0.18752,0.52546,0.20942,-0.20955,-0.52757,0.53989,0.24219,-0.14694,0.24655
0.027289,0.28619,0.07633,0.22801,0.60185,0.48491,0.16303,0.57761,0.58556,0.67127,0.82996,0,0.13999,0.036504,0.39654,0.47768,-0.14201,0.48173,0.03147,-0.19093,-0.38597,-0.27351,0.06856,0.38871,0.40931,0.49317,-0.30176,-0.15551,0.015731,0.28957,0.54858,0.56346,0.11112,0.065064,0.40546,0.46372,0.41516,0.46288,0.56951,0.64942,0.078141,0.44099,-0.091282,-0.10938,0.58303,0.59345,-0.16863,-0.2947,0.031928,-0.066074,-0.07931,-0.10625,-0.1555,0.28198,-0.38126,-0.58965,-0.91034,-0.20186,-0.16608,0.78966,1.0248,0.28158,0.077918,-0.0011119,-0.018131,-0.38494,-0.14216,0.1733,0.082535,0.23857,0.28815,0.35092,0.4037,0.2197,0.20393,0.32419,0.74967,0.13396,0.028898,-0.068128,0.15244,-0.26127,-0.038617,-0.079327,-0.08776,0.13374,-0.24259,-0.4487,-0.43254,0.075327,0.1461,0.012461,0.10121,0.25718,0.8821,0.30503,0.1247,0.12848,0.40547,-0.043801,-0.20356,0.36711,0.29205,-0.066911,0.574
-0.23546,-0.54227,0.37744,0.30025,-0.18439,-0.38992,-0.11952,-0.49524,0.081668,0.11792,0.47542,0.13999,0,1.0654,-0.087512,-0.047433,0.10585,0.31659,-0.20237,0.24413,-0.14338,-0.03307,0.021992,-0.10112,0.30387,-0.10777,-0.47914,-0.55522,-0.22268,-0.62169,0.1799,0.10246,0.6203,0.021214,0.30665,-0.45956,0.18209,-0.20283,0.027129,-0.40514,-0.2766,-0.30944,0.25244,-0.25172,0.63007,0.51834,0.20325,0.1599,0.13443,0.20251,0.34162,0.24887,0.22041,0.32784,0.37541,0.054615,-0.046847,0.16015,0.22996,0.11141,-0.10312,-0.0013423,-0.051351,0.28509,0.18829,0.21411,0.16943,-0.30521,-0.73561,-0.25427,0.1783,0.44897,0.45894,0.74531,0.42597,0.21355,0.20975,0.99617,0.60194,0.49271,0.21883,-0.008471,0.25099,0.55155,0.59378,0.59965,0.22447,0.12297,0.27979,0.50606,0.26453,0.63805,0.22448,0.62577,0.31265,0.38042,0.12133,0.19612,-0.084053,0.45653,0.044562,0.46255,0.15263,0.2937,0.11104
-0.48716,-0.5181,-0.0069789,-0.053495,-0.4657,-0.19018,-0.20502,-0.29264,-0.30557,0.026442,0.083797,0.036504,1.0654,0,-0.069489,0.083458,0.016358,0.18225,-0.0098067,0.3025,0.26161,0.21497,0.32968,0.017331,-0.069294,-0.52326,-0.19875,-0.63781,-0.28306,-0.69372,0.35913,0.16668,0.66526,0.19752,0.082309,-0.26179,-0.23775,-0.46328,-0.46337,-0.78142,-0.42282,-0.38859,0.32318,0.20895,0.4345,0.19177,0.17334,0.18755,0.46839,-0.14593,0.080145,0.60292,0.19974,0.3727,0.33399,0.26053,0.013203,0.14621,0.19822,-0.088999,-0.056224,0.25288,0.36909,0.40368,0.50618,0.2468,0.26449,-0.28577,-0.58925,-0.077387,0.23164,0.44116,0.41674,0.532,0.25469,-0.25014,-0.15671,0.55735,0.37518,0.12529,-0.070882,-0.31761,-0.041664,0.40091,0.51731,0.23905,0.12985,0.084627,0.31907,0.50131,0.27952,0.32626,0.1125,0.68003,0.18004,-0.076906,-0.24574,-0.2139,-0.25289,0.93178,0.5577,0.44518,0.1322,0.48754,-0.0024495
-0.31792,-0.12762,-0.10468,-0.10636,0.2861,0.10191,0.025596,0.19404,0.12128,0.4192,0.306,0.39654,-0.087512,-0.069489,0,0.90354,-0.058538,0.10011,-0.051967,-0.23372,-0.074419,-0.28592,0.17113,0.029406,0.017564,0.24084,0.050011,-0.04203,-0.21339,0.12812,0.15618,0.31964,-0.089042,-0.06309,-0.028885,0.17769,0.14641,0.16096,0.11707,0.37663,0.091717,0.14267,-0.29263,-0.10554,0.052204,0.064095,-0.20747,-0.15322,0.074386,-0.1989,-0.33123,-0.048652,0.067859,0.12485,-0.15387,-0.30736,-0.3159,-0.008041,-0.30205,0.56621,0.6025,0.68009,0.36516,0.27547,0.35528,-0.1554,-0.139,0.77708,0.47846,-0.06668,0.12375,-0.067072,-0.0066652,-0.14487,-0.14091,-0.016387,0.28436,0.082852,-0.0133,-0.10421,-0.090603,-0.27421,-0.18098,-0.30164,-0.14979,0.058067,-0.10631,-0.28251,-0.367,-0.086105,-0.078742,0.023296,0.022026,-0.035294,0.16423,-0.031375,-0.016325,-0.14904,-0.021468,-0.12562,0.1052,-0.030329,0.20438,-0.10063,-0.031717
-0.20906,-0.082718,-0.2389,-0.25849,0.18309,0.27098,0.10379,0.19504,-0.060305,0.41018,0.16212,0.47768,-0.047433,0.083458,0.90354,0,-0.070442,0.28621,-0.055424,-0.15018,0.048127,0.15604,0.30458,0.13078,-0.13599,0.10388,0.099537,0.056552,-0.10756,-0.049964,0.48087,0.43415,0.13002,0.079717,0.20695,0.087221,0.052112,-0.01656,-0.0084519,0.090646,-0.023628,0.17991,0.020001,0.23135,0.22142,0.141,0.084968,0.13961,0.17795,-0.36687,-0.34621,-0.027079,0.043797,0.1696,-0.30618,-0.22306,-0.28924,0.082887,-0.030712,0.17898,0.51592,0.82096,0.44021,0.563,0.46069,0.01539,0.1566,0.69284,0.53239,0.30786,0.29043,0.30521,0.33475,0.17387,0.27772,-0.15225,0.097019,-0.14479,-0.10966,-0.15496,-0.063264,-0.29724,-0.24427,-0.25339,-0.16236,0.011494,-0.13493,-0.13732,-0.10631,0.19856,0.24887,-0.065046,0.026855,-0.049483,0.29212,-0.14152,-0.098907,-0.27103,-0.037367,0.10187,0.18246,0.016925,0.16968,-0.20943,-0.12394
0.13145,0.022085,0.40647,0.37365,-0.24669,-0.087582,-0.45721,-0.36003,-0.11162,-0.16251,-0.027766,-0.14201,0.10585,0.016358,-0.058538,-0.070442,0,0.11387,0.56483,0.72822,-0.2731,-0.0434,-0.23242,-0.53863,-0.0015806,0.010963,-0.17942,0.061005,-0.12471,-0.36984,-0.10906,0.2594,0.07625,-0.022185,-0.046746,-0.263,0.14826,0.16473,-0.083604,-0.16569,-0.46259,-0.43433,-0.087912,-0.095554,0.19948,0.066542,0.47718,0.23782,-0.52107,0.41943,0.38508,-0.085954,-0.15198,-0.35823,0.37201,-0.18879,-0.13818,0.27165,0.17741,-0.22581,-0.11911,-0.22715,-0.042394,0.14441,0.14417,0.4747,0.29061,0.016802,0.0094785,-0.012068,0.021286,0.25564,0.24941,0.32724,0.17232,0.13642,0.025272,0.23989,0.32359,0.58685,0.42173,0.69359,0.72377,0.48373,0.85557,0.64906,0.8595,0.32787,0.10978,0.45592,0.29608,0.18007,0.40726,-0.23044,0.10412,0.18789,0.30843,0.022489,-0.075199,-0.022475,0.069942,-0.2558,0.11917,-0.075535,-0.098832
0.41417,-0.12263,0.69925,0.66695,0.36716,0.052151,0.08433,-0.17695,0.24942,0.2536,0.31178,0.48173,0.31659,0.18225,0.10011,0.28621,0.11387,0,-0.36783,-0.16635,-0.48457,0.21517,-0.34118,-0.059045,0.13624,0.045504,-0.1685,0.095999,-0.23923,-0.24789,-0.10302,0.022342,0.038081,0.059265,0.13928,-0.44063,0.35742,0.24279,0.40984,0.18343,0.25569,0.038456,-0.23406,-0.53211,0.32232,0.34659,0.30354,0.083123,-0.11456,0.0026552,0.132,-0.35233,0.18796,0.17368,-0.11202,-0.31475,-0.59421,0.048852,0.21813,0.30679,0.27615,-0.080028,-0.099164,0.071427,-0.17509,0.040429,0.16156,0.0068225,-0.12034,-0.33946,0.078082,0.28,0.42689,0.36401,0.48583,0.72687,0.60236,0.6123,0.66283,0.37507,0.27941,0.27965,0.57632,0.30576,0.14423,0.65756,0.033431,0.043611,-0.0021343,0.32643,0.54299,0.13876,0.21685,0.035119,0.23586,0.038353,-0.10189,0.18872,-0.01947,0.072544,-0.21676,0.16822,0.25299,-0.32055,-0.046994
-0.11294,0.40265,-0.1948,-0.10936,-0.28794,0.15646,-0.24506,0.26341,-0.069634,0.15475,-0.054635,0.03147,-0.20237,-0.0098067,-0.051967,-0.055424,0.56483,-0.36783,0,0.60927,0.21065,0.016885,0.48703,0.24367,-0.027203,0.11533,-0.075706,-0.15868,0.043278,0.18262,0.36915,0.43807,-0.17859,-0.17196,-0.24176,0.35594,-0.30482,-0.050028,-0.26394,-0.0099077,-0.29209,0.031913,0.12344,0.43165,0.16284,0.048102,-0.023336,-0.015147,-0.14384,0.032017,-0.043815,0.172,-0.4241,-0.10501,-0.022584,-0.01417,0.062468,0.012524,-0.064574,-0.13985,0.13653,0.021987,0.11269,-0.045488,0.20606,0.052015,0.052195,-0.073571,-0.047618,0.35589,0.07333,0.17546,0.14066,0.047667,-0.037594,-0.48159,-0.11931,-0.2714,-0.23067,-0.15701,0.0012744,0.099434,0.018386,0.21083,0.28279,0.024939,0.29096,-0.084138,-0.11624,0.078948,-0.090641,-0.30511,-0.014045,-0.098359,0.14293,0.15619,0.2356,-0.17669,0.21092,-0.0492,0.21857,-0.029565,0.00075959,0.076302,0.096763
-0.25047,-0.16731,0.039322,0.058514,-0.50093,-0.19577,-0.33228,-0.21443,-0.1892,-0.0090485,-0.11208,-0.19093,0.24413,0.3025,-0.23372,-0.15018,0.72822,-0.16635,0.60927,0,0.25737,0.1782,0.18334,-0.059908,-0.18415,-0.12952,-0.059848,-0.20593,0.0020936,-0.28574,0.13597,0.28167,0.27891,0.11525,-0.028188,-0.05282,-0.058136,-0.05497,-0.28986,-0.31509,-0.39904,-0.27396,0.2915,0.30625,0.15319,0.022475,0.43032,0.49681,0.010257,0.35177,0.38047,0.31612,-0.19048,-0.11971,0.44417,0.21212,0.32414,0.3787,0.42431,-0.28514,-0.23007,-0.12734,0.12572,0.13444,0.39943,0.51743,0.47291,-0.32758,-0.29622,-0.078292,-0.022759,0.1757,0.23238,0.35545,0.24987,-0.23058,-0.2513,0.072646,0.11837,0.15892,0.15242,0.17578,0.21776,0.54958,0.80713,0.23669,0.59115,0.45561,0.50954,0.51635,0.32668,0.27879,0.34871,0.0923,0.14503,0.22768,0.40647,0.19366,0.023113,0.31817,0.33596,0.1651,0.17724,0.28538,0.15671
-0.34977,0.063354,-0.91395,-0.67702,-0.44099,0.15042,-0.12445,0.3035,-0.58438,0.10687,-0.66393,-0.38597,-0.14338,0.26161,-0.074419,0.048127,-0.2731,-0.48457,0.21065,0.25737,0,0.54771,0.96398,0.56051,-0.74891,-0.58654,0.60258,0.021502,0.064056,-0.17977,0.14774,-0.21758,0.026276,-0.12954,-0.52956,0.087313,-1.0225,-0.89628,-1.0271,-0.47301,0.00075288,0.19572,0.2269,1.0473,-0.27195,-0.45009,-0.2886,0.13033,0.91683,-0.30377,-0.15889,0.8146,0.29033,0.45746,0.18442,1.1121,0.71357,-0.11003,-0.018091,-0.26332,0.039334,0.19337,0.28257,0.18794,0.62426,0.022715,0.10103,-0.33515,-0.19201,0.086646,-0.31561,-0.28185,-0.25898,-0.14749,-0.29014,-0.88972,-0.53328,-0.48923,-0.46955,-0.74003,-0.81781,-0.43509,-0.60298,-0.026364,-0.030853,-0.60119,-0.16445,-0.043014,0.2551,0.0019387,-0.096365,0.0023358,-0.034132,0.36599,-0.023609,-0.21829,-0.0012272,-0.29102,0.13391,0.50583,0.7414,0.073269,-0.093209,0.67972,0.044859
0.20043,0.11686,-0.28578,-0.31362,-0.26069,0.16727,-0.17416,-0.10216,-0.56383,0.10615,-0.55203,-0.27351,-0.03307,0.21497,-0.28592,0.15604,-0.0434,0.21517,0.016885,0.1782,0.54771,0,0.41772,0.3647,-0.75078,-0.66682,0.68784,0.40905,-0.016996,-0.47497,-0.0014579,-0.29702,-0.12793,-0.11448,-0.39199,-0.4595,-0.59703,-0.51605,-0.50004,-0.35263,0.19007,0.19679,-0.002837,0.37116,-0.10838,-0.26669,0.14536,0.25536,0.31074,-0.062307,0.16936,-0.046118,0.14632,0.3253,0.0011096,0.52668,0.33148,0.017233,0.25743,-0.60362,-0.20679,-0.19588,-0.12757,0.052266,0.098812,0.1066,0.23209,-0.45769,-0.32109,-0.11171,-0.46111,-0.053275,0.053715,0.033153,0.24172,-0.29725,-0.20863,-0.24859,-0.11571,-0.35425,-0.44279,-0.090675,-0.16646,0.053381,-0.074995,-0.21436,-0.10156,0.12071,0.32198,0.11243,0.26176,-0.28017,0.14171,-0.0022095,-0.029427,-0.3694,-0.024143,-0.12493,0.061592,0.18061,0.11323,-0.21201,-0.39368,0.04185,-0.27922
-0.27035,0.20581,-0.7585,-0.53056,-0.15191,0.25928,-0.052626,0.45384,-0.33876,0.50182,-0.18496,0.06856,0.021992,0.32968,0.17113,0.30458,-0.23242,-0.34118,0.48703,0.18334,0.96398,0.41772,0,0.94014,-0.35527,-0.2767,0.29845,-0.099436,0.103,-0.048021,0.58192,0.15603,-0.047181,-0.3562,-0.3967,0.1406,-0.78579,-0.69142,-0.59643,-0.17793,0.10798,0.47284,0.20756,0.81353,0.13874,-0.023784,-0.38919,-0.029059,0.74746,-0.44089,-0.2891,0.59066,0.23156,0.71555,-0.0020719,0.57452,0.3397,-0.17603,-0.15417,0.025369,0.36427,0.3823,0.14337,0.25341,0.58273,-0.12614,-0.017799,-0.22877,-0.3058,0.25864,-0.13012,0.0097027,0.032401,0.05602,-0.087789,-0.7191,-0.09622,-0.30805,-0.36596,-0.81101,-0.65545,-0.57435,-0.56407,0.0095723,-0.010264,-0.35687,-0.1934,-0.3086,-0.044965,0.026426,-0.12721,-0.077896,-0.11405,0.47973,0.29109,0.043614,0.18518,-0.21905,0.3897,0.31836,0.4316,0.1539,-0.066371,0.507,0.19057
-0.029973,0.45489,-0.51045,-0.28169,0.22042,0.43573,0.15797,0.78574,0.093374,0.7085,0.075073,0.38871,-0.10112,0.017331,0.029406,0.13078,-0.53863,-0.059045,0.24367,-0.059908,0.56051,0.3647,0.94014,0,-0.099784,0.029965,0.27339,-0.0065852,0.20952,0.32267,0.43445,0.040192,-0.20673,-0.26918,-0.1982,0.34206,-0.33559,-0.25686,-0.055423,0.26444,0.41622,0.97106,0.066934,0.39671,0.1244,0.13362,-0.52443,-0.17637,0.63836,-0.22305,-0.19645,0.22471,0.073282,0.80896,-0.26396,0.29508,0.15019,-0.31082,-0.12896,0.27859,0.51228,0.065174,-0.15069,-0.2115,0.045052,-0.44339,-0.14396,-0.42274,-0.34084,0.12025,-0.22972,-0.12328,0.016363,-0.06056,-0.0093371,-0.26576,0.22439,-0.33261,-0.43375,-0.8136,-0.51708,-0.4981,-0.54535,-0.044456,-0.29213,-0.40157,-0.51504,-0.43393,-0.15016,-0.14017,-0.10137,-0.18566,-0.093859,0.4533,0.41358,0.18672,0.2089,0.11893,0.72795,-0.0097966,-0.0037088,0.32435,-0.088557,0.31977,0.46936
0.04013,-0.14649,0.54146,0.38005,0.23664,-0.43079,0.55536,-0.097749,1.1939,0.11203,1.2215,0.40931,0.30387,-0.069294,0.017564,-0.13599,-0.0015806,0.13624,-0.027203,-0.18415,-0.74891,-0.75078,-0.35527,-0.099784,0,1.0697,-1.1634,-0.65064,-0.072156,0.39636,0.31469,0.41412,-0.040039,-0.076894,0.70607,0.15799,0.72638,0.33824,1.0076,0.29546,-0.010765,-0.081442,0.39561,-0.51206,0.69172,1.1207,-0.01057,-0.22789,-0.49075,0.072606,-0.22947,-0.20954,-0.30308,-0.30031,-0.38949,-0.81033,-0.29323,0.01146,-0.030961,0.59386,0.062552,-0.0031717,-0.1854,-0.20687,-0.41192,-0.20589,-0.21644,0.22797,-0.014437,0.12241,0.7248,0.59605,0.48455,0.47608,0.42189,0.52374,0.37432,0.42736,0.07642,0.37974,0.38341,0.17786,0.14997,0.092375,0.0087737,0.44419,-0.21235,-0.12858,-0.29729,0.12112,-0.087225,0.12423,-0.42177,-0.0064414,0.038666,0.74808,0.073128,0.50818,0.14949,-0.27729,-0.56023,0.50404,0.17439,-0.20953,0.094764
0.090144,0.076915,0.30553,0.24441,0.35663,-0.22334,0.57793,0.14978,1.3983,0.31122,0.90404,0.49317,-0.10777,-0.52326,0.24084,0.10388,0.010963,0.045504,0.11533,-0.12952,-0.58654,-0.66682,-0.2767,0.029965,1.0697,0,-0.69308,-0.27226,0.013158,0.71216,0.25859,0.44325,-0.24387,-0.15866,0.51865,0.37213,0.65879,0.47464,1.1382,0.68676,0.14007,0.18225,0.23348,-0.36856,0.4113,0.75559,-0.083905,-0.20879,-0.57003,0.14419,-0.22547,-0.34887,-0.4825,-0.40131,-0.59174,-0.78646,-0.25341,-0.067322,-0.11282,0.59565,0.24831,0.074996,-0.10959,-0.20332,-0.34296,-0.29764,-0.26062,0.4829,0.32757,0.17406,0.49374,0.30466,0.23883,0.17892,0.27704,0.36714,0.36114,0.014004,-0.1573,0.19481,0.34659,0.23856,0.093179,-0.11295,-0.2047,0.24887,-0.20034,-0.20143,-0.36997,-0.071419,-0.17071,-0.042789,-0.31808,-0.31299,0.086015,0.71196,0.26497,0.49136,0.26611,-0.51016,-0.58875,0.32643,0.21553,-0.40966,0.11255
0.0045404,0.31436,-0.60299,-0.46951,-0.054861,0.51367,-0.48584,0.21767,-0.68311,-0.0010005,-0.72935,-0.30176,-0.47914,-0.19875,0.050011,0.099537,-0.17942,-0.1685,-0.075706,-0.059848,0.60258,0.68784,0.29845,0.27339,-1.1634,-0.69308,0,0.7884,0.030396,-0.19849,-0.32664,-0.52485,-0.22144,-0.044764,-0.64324,-0.014672,-0.50275,-0.19377,-0.58313,-0.03882,0.13377,0.25066,-0.48394,0.35819,-0.72517,-0.91897,-0.15532,0.03249,0.39768,0.060392,0.2393,-0.045788,0.19535,0.32038,0.1986,0.5195,0.28655,-0.018508,-0.015302,-0.36258,-0.008326,-0.17942,-0.10581,-0.1018,0.17489,0.023841,0.10254,-0.28644,0.060875,-0.18723,-0.92713,-0.71917,-0.47704,-0.55598,-0.40702,-0.32934,-0.18598,-0.59199,-0.40599,-0.4926,-0.58966,-0.26835,-0.37887,-0.34359,-0.33887,-0.68291,-0.13151,0.042426,0.11207,-0.19124,0.010158,-0.23059,0.3123,-0.077601,-0.056773,-0.63573,-0.040432,-0.21426,0.023414,-0.055841,0.18091,-0.55282,-0.28435,0.16938,-0.014726
0.74276,0.63487,-0.10107,0.040764,0.35444,0.58122,-0.22326,0.19839,-0.34712,-0.065136,-0.59301,-0.15551,-0.55522,-0.63781,-0.04203,0.056552,0.061005,0.095999,-0.15868,-0.20593,0.021502,0.40905,-0.099436,-0.0065852,-0.65064,-0.27226,0.7884,0,0.38932,-0.082468,-0.59472,-0.56318,-0.40987,-0.25777,-0.50171,-0.24885,-0.1776,0.086517,-0.070182,0.33268,0.42327,0.46798,-0.76738,-0.03166,-0.61643,-0.67025,-0.055509,-0.039189,-0.13578,0.19454,0.34414,-0.46374,0.28651,0.1382,0.084105,0.25402,-0.069476,-0.23568,-0.17106,-0.29409,0.064063,-0.32351,-0.36636,-0.022217,-0.17325,-0.057819,-0.092855,-0.063569,0.2229,-0.022168,-0.90924,-0.67572,-0.5946,-0.53972,-0.35388,0.16825,0.18331,-0.43287,-0.10086,-0.22767,-0.12832,0.24761,0.14764,-0.28853,-0.33689,-0.2951,0.055641,-0.036631,-0.12268,-0.35481,0.020066,-0.18331,0.42543,-0.28405,0.11621,-0.27802,0.27941,-0.15915,0.22982,-0.39101,-0.22168,-1.0161,-0.37799,-0.24774,-0.026178
0.28452,0.43752,-0.11593,0.084251,0.2517,0.39514,0.27416,0.53028,-0.10838,-0.19172,-0.26447,0.015731,-0.22268,-0.28306,-0.21339,-0.10756,-0.12471,-0.23923,0.043278,0.0020936,0.064056,-0.016996,0.103,0.20952,-0.072156,0.013158,0.030396,0.38932,0,0.35476,-0.030359,-0.085341,-0.069113,0.014824,0.050356,0.15803,0.058442,0.13895,0.1238,0.28757,0.26122,0.58462,-0.026796,0.24927,-0.27321,-0.26208,0.064027,0.18196,0.043661,0.15206,0.060471,0.046707,0.099319,0.18782,0.048235,0.28159,0.02962,-0.18351,-0.090528,-0.15431,0.069203,-0.013205,0.0047295,0.075382,-0.070442,0.031549,0.03095,-0.11406,0.14651,0.53416,-0.19203,-0.32123,-0.38806,-0.23192,-0.1276,-0.037184,0.025911,-0.39335,-0.20013,-0.34598,0.16248,0.11475,-0.016119,-0.12679,-0.22371,-0.38386,-0.099082,-0.0014508,-0.0031211,-0.16243,0.19361,0.076599,0.32244,0.19636,0.32333,0.053565,0.27627,-0.08611,0.44396,-0.16965,0.022329,-0.19014,-0.26047,-0.018822,0.41699
0.019432,0.28166,-0.028354,0.03705,0.47624,0.13605,0.53475,0.59593,0.4992,0.04221,0.23297,0.28957,-0.62169,-0.69372,0.12812,-0.049964,-0.36984,-0.24789,0.18262,-0.28574,-0.17977,-0.47497,-0.048021,0.32267,0.39636,0.71216,-0.19849,-0.082468,0.35476,0,0.13214,0.2385,-0.35501,0.14561,0.21669,0.86198,0.32703,0.56657,0.56418,0.78275,0.34539,0.41164,0.034758,-0.069489,-0.21685,0.048205,-0.14338,-0.078943,-0.15987,-0.12247,-0.39644,-0.22895,-0.39336,-0.17945,-0.45214,-0.35918,-0.055544,-0.013609,-0.099089,0.34871,0.1853,0.16785,0.018341,-0.33008,-0.33776,-0.24434,-0.14733,0.31026,0.44928,0.26861,0.27792,-0.15885,-0.13712,-0.35766,-0.083404,0.011422,0.099136,-0.40236,-0.34897,-0.2646,0.19848,-0.068415,-0.19667,-0.24323,-0.52915,-0.28235,-0.33267,-0.10632,-0.2338,-0.39727,-0.1934,-0.32919,-0.34818,-0.20513,-0.12335,0.11512,-0.061208,0.15574,0.15599,-0.47234,-0.23757,0.19379,0.11984,-0.38576,0.29098
-0.35987,-0.011887,-0.41557,-0.43644,0.0029708,0.13661,0.36499,0.33297,0.15765,0.28051,0.43303,0.54858,0.1799,0.35913,0.15618,0.48087,-0.10906,-0.10302,0.36915,0.13597,0.14774,-0.0014579,0.58192,0.43445,0.31469,0.25859,-0.32664,-0.59472,-0.030359,0.13214,0,1.1102,0.2754,0.073135,0.41107,0.41363,-0.063417,-0.19231,0.019528,-0.12245,-0.18987,0.18193,0.6189,0.48612,0.8575,0.62335,-0.051069,-0.06078,0.24019,-0.3386,-0.37397,0.35981,-0.22549,0.14136,-0.30519,-0.25144,-0.1793,-0.067219,-0.099469,0.20369,0.34784,0.6782,0.31209,0.3123,0.39341,-0.11637,-0.0061898,0.168,-0.019587,0.67286,0.70227,0.79955,0.61312,0.56209,0.40797,-0.38335,-0.11864,-0.16684,-0.38653,-0.28767,-0.16538,-0.621,-0.53904,-0.1367,0.026489,-0.12061,-0.37385,-0.27859,-0.19449,0.32436,0.041704,-0.034929,-0.30943,0.33319,0.32504,0.19025,-0.082762,0.035484,0.18378,0.35123,0.18761,0.60472,0.18179,0.25931,0.26637
-0.32985,-0.15526,-0.075472,-0.12468,0.14334,0.067035,0.2958,0.16803,0.21904,0.066556,0.50158,0.56346,0.10246,0.16668,0.31964,0.43415,0.2594,0.022342,0.43807,0.28167,-0.21758,-0.29702,0.15603,0.040192,0.41412,0.44325,-0.52485,-0.56318,-0.085341,0.2385,1.1102,0,0.34399,0.29123,0.48734,0.41347,0.27069,0.21502,0.22433,0.042359,-0.24819,-0.020818,0.31888,0.122,0.72919,0.56981,0.20805,0.049809,-0.061039,-0.11552,-0.2152,0.17012,-0.35304,-0.14761,-0.11102,-0.5909,-0.41786,0.091955,-0.07285,0.26989,0.29608,0.69336,0.37638,0.33126,0.33809,0.092504,0.081365,0.42415,0.18381,0.44358,0.86999,0.68348,0.54377,0.4818,0.37106,-0.17479,-0.072097,0.0082818,-0.072738,0.098002,0.2511,-0.30055,-0.11242,-0.038439,0.26582,0.18226,-0.021315,-0.092106,-0.20108,0.37249,0.13696,0.081452,-0.11065,0.10603,0.19994,0.15956,-0.1167,0.14521,-0.052324,0.2289,0.16933,0.54189,0.47103,0.053287,0.2962
-0.61081,-0.55084,-0.075246,-0.071573,-0.18181,0.027827,-0.22367,-0.18881,-0.29876,-0.25379,0.061875,0.11112,0.6203,0.66526,-0.089042,0.13002,0.07625,0.038081,-0.17859,0.27891,0.026276,-0.12793,-0.047181,-0.20673,-0.040039,-0.24387,-0.22144,-0.40987,-0.069113,-0.35501,0.2754,0.34399,0,0.76741,0.57411,0.054907,0.22652,-0.0092422,-0.23922,-0.58113,-0.68769,-0.43192,0.22776,0.14567,0.24037,0.094102,0.35167,0.39887,0.43383,0.070781,0.23844,0.54603,0.073152,0.13169,0.53651,0.066104,-0.063455,0.24834,0.24535,-0.15578,-0.093845,0.29846,0.35799,0.40257,0.39015,0.43146,0.43543,-0.069236,-0.099347,0.10675,0.34708,0.28067,0.2668,0.38313,0.182,-0.18629,-0.30931,0.22709,0.31951,0.48275,0.41675,-0.24598,0.040175,0.26229,0.60226,0.20813,0.39783,0.25511,0.4657,0.47942,0.33032,0.58293,0.37733,0.4613,0.19082,-0.1111,-0.26092,-0.065144,-0.42547,0.6959,0.48992,0.4533,0.47122,0.3884,0.29572
-0.53412,-0.41082,0.01729,-0.042544,-0.094421,0.099447,-0.10272,-0.065366,-0.2256,-0.50837,-0.045813,0.065064,0.021214,0.19752,-0.06309,0.079717,-0.022185,0.059265,-0.17196,0.11525,-0.12954,-0.11448,-0.3562,-0.26918,-0.076894,-0.15866,-0.044764,-0.25777,0.014824,0.14561,0.073135,0.29123,0.76741,0,0.62814,0.39198,0.44178,0.50515,-0.030802,-0.20127,-0.50092,-0.45787,0.094829,0.067772,-0.2017,-0.19739,0.63213,0.54829,0.15859,0.08999,0.11325,0.084914,-0.33773,-0.22989,0.22063,-0.21036,-0.10194,0.53699,0.45989,-0.26204,-0.26261,0.21165,0.49511,0.05624,0.079657,0.4833,0.59411,0.12091,0.33722,0.081321,0.40245,0.094908,0.17373,-0.017194,0.19369,-0.16306,-0.42205,-0.049575,0.13115,0.33804,0.56614,-0.16657,-0.029312,0.057638,0.14847,-0.035614,0.19698,0.52152,0.53294,0.24427,0.47766,0.065739,0.26644,0.0033765,-0.15776,-0.53558,-0.66909,-0.12685,-0.71384,0.28879,0.37475,0.26482,0.33299,-0.10716,0.14599
-0.2954,-0.35546,0.25711,0.12071,0.050638,-0.19065,0.27732,-0.1359,0.45066,-0.057186,0.68028,0.40546,0.30665,0.082309,-0.028885,0.20695,-0.046746,0.13928,-0.24176,-0.028188,-0.52956,-0.39199,-0.3967,-0.1982,0.70607,0.51865,-0.64324,-0.50171,0.050356,0.21669,0.41107,0.48734,0.57411,0.62814,0,0.28832,0.98153,0.48151,0.56513,0.014297,-0.41119,-0.2765,0.55423,-0.12539,0.44338,0.63056,0.42771,0.29071,-0.15265,0.086517,-0.096027,-0.10131,-0.42598,-0.32118,-0.235,-0.63707,-0.18335,0.38706,0.39955,0.11119,-0.1053,0.14519,0.12519,-0.00097362,-0.18294,0.16591,0.30425,0.25945,0.27194,0.32448,0.84192,0.69282,0.68041,0.50356,0.71769,0.23451,0.014997,0.14498,0.04731,0.47062,0.66938,0.010177,0.001198,0.082329,0.088891,0.26132,-0.011984,0.24791,0.23854,0.3622,0.34229,0.16981,-0.061814,-0.024388,0.12036,0.24178,-0.13744,0.2582,-0.16514,-0.023913,-0.2149,0.46893,0.24124,-0.25914,0.11306
-0.45269,0.32931,-0.4493,-0.29233,0.11007,0.43007,0.070306,0.84423,0.25319,0.10741,0.21042,0.46372,-0.45956,-0.26179,0.17769,0.087221,-0.263,-0.44063,0.35594,-0.05282,0.087313,-0.4595,0.1406,0.34206,0.15799,0.37213,-0.014672,-0.24885,0.15803,0.86198,0.41363,0.41347,0.054907,0.39198,0.28832,0,0.14863,0.42346,0.11498,0.38177,-0.24163,0.17448,0.11398,0.38798,-0.090756,-0.024921,-0.22787,-0.16149,0.12554,-0.071432,-0.25251,0.1641,-0.56803,-0.115,-0.29141,-0.29025,-0.15656,-0.025893,-0.13329,0.25332,0.38465,0.28563,0.37584,-0.2367,0.056407,-0.23467,-0.049731,0.21004,0.47284,0.49241,0.29082,-0.027523,-0.02783,-0.28848,-0.22871,-0.33536,-0.10429,-0.57474,-0.6142,-0.32696,0.022371,-0.40935,-0.51385,-0.33659,-0.30977,-0.50726,-0.2566,-0.19964,-0.19225,-0.19504,-0.15021,-0.27225,-0.10923,-0.0022724,0.17734,-0.055831,-0.15169,-0.12319,0.10208,-0.093307,0.15996,0.2423,0.192,0.056258,0.48719
-0.023204,-0.26184,0.73252,0.60969,0.38571,-0.17172,0.14591,-0.16977,0.62451,-0.03888,0.76396,0.41516,0.18209,-0.23775,0.14641,0.052112,0.14826,0.35742,-0.30482,-0.058136,-1.0225,-0.59703,-0.78579,-0.33559,0.72638,0.65879,-0.50275,-0.1776,0.058442,0.32703,-0.063417,0.27069,0.22652,0.44178,0.98153,0.14863,0,1.1035,1.0348,0.44436,-0.11661,-0.17956,0.01964,-0.67539,0.18103,0.44644,0.45831,0.25319,-0.41903,0.38903,0.14755,-0.46195,-0.29221,-0.30819,-0.049589,-0.8299,-0.33467,0.46291,0.3742,0.36878,-0.021528,-0.11088,-0.15829,-0.17854,-0.36972,0.21854,0.28121,0.23686,0.2779,-0.1021,0.39372,0.24631,0.39258,0.27526,0.48924,0.769,0.41864,0.37372,0.30506,0.72012,0.94641,0.32903,0.39855,0.17471,0.11213,0.5004,0.14111,0.34998,0.13065,0.27961,0.40917,0.30103,0.17971,-0.15182,0.11044,0.33446,0.062023,0.55058,-0.094735,-0.36814,-0.48186,0.2403,0.34922,-0.45997,0.22841
0.077318,0.084746,0.5222,0.55216,0.45479,0.14935,-0.051504,0.094764,0.42034,-0.055645,0.41634,0.46288,-0.20283,-0.46328,0.16096,-0.01656,0.16473,0.24279,-0.050028,-0.05497,-0.89628,-0.51605,-0.69142,-0.25686,0.33824,0.47464,-0.19377,0.086517,0.13895,0.56657,-0.19231,0.21502,-0.0092422,0.50515,0.48151,0.42346,1.1035,0,0.77296,0.7881,-0.033771,-0.050792,-0.30776,-0.51401,-0.14959,0.054962,0.36499,0.12984,-0.49298,0.3712,0.21355,-0.62989,-0.47558,-0.36288,-0.079671,-0.7817,-0.47454,0.36365,0.24432,0.25627,0.078458,-0.15629,-0.069786,-0.31664,-0.40384,0.12475,0.19516,0.2413,0.43409,-0.075927,0.15516,-0.039158,0.10428,-0.15655,0.13508,0.54119,0.41108,0.090042,0.20789,0.38552,0.826,0.26488,0.36519,0.02169,-0.054131,0.20618,0.19549,0.26458,0.0067715,-0.031789,0.28753,-0.055605,0.2741,-0.33686,0.10873,0.025673,0.018191,0.25073,-0.11087,-0.49053,-0.38305,-0.047593,0.24035,-0.62154,0.29274
0.36881,0.045295,0.65396,0.55976,0.68117,-0.15056,0.59113,0.037491,1.2533,0.17496,0.92655,0.56951,0.027129,-0.46337,0.11707,-0.0084519,-0.083604,0.40984,-0.26394,-0.28986,-1.0271,-0.50004,-0.59643,-0.055423,1.0076,1.1382,-0.58313,-0.070182,0.1238,0.56418,0.019528,0.22433,-0.23922,-0.030802,0.56513,0.11498,1.0348,0.77296,0,0.88594,0.37491,0.24244,-0.016037,-0.80132,0.30885,0.64362,0.081675,-0.15077,-0.62203,0.27028,0.0043101,-0.68902,-0.27575,-0.25121,-0.44335,-0.87493,-0.46289,-0.013339,0.0025179,0.60186,0.15022,-0.12208,-0.33156,-0.28008,-0.62167,-0.24125,-0.20126,0.2736,0.16724,-0.054026,0.30002,0.19356,0.21429,0.1588,0.37538,0.90197,0.65736,0.25954,0.11317,0.28582,0.47165,0.27412,0.26531,-0.075578,-0.25766,0.31268,-0.26156,-0.072162,-0.29782,-0.063364,0.061879,0.041447,-0.11862,-0.19932,0.13108,0.54032,0.20085,0.66376,0.23861,-0.56896,-0.91226,0.23047,0.11533,-0.55147,0.19207
0.41126,0.54203,0.21955,0.37609,0.85527,0.31692,0.24086,0.54422,0.68578,0.44628,0.42321,0.64942,-0.40514,-0.78142,0.37663,0.090646,-0.16569,0.18343,-0.0099077,-0.31509,-0.47301,-0.35263,-0.17793,0.26444,0.29546,0.68676,-0.03882,0.33268,0.28757,0.78275,-0.12245,0.042359,-0.58113,-0.20127,0.014297,0.38177,0.44436,0.7881,0.88594,0,0.60249,0.69387,-0.45231,-0.40965,-0.096943,0.11788,-0.25831,-0.32727,-0.34935,0.15926,-0.014555,-0.61576,-0.1817,0.016685,-0.4157,-0.46187,-0.44607,-0.20752,-0.23545,0.64588,0.54185,-0.089744,-0.25865,-0.35345,-0.42105,-0.45688,-0.34179,0.22667,0.28719,-0.043893,-0.15974,-0.2883,-0.18797,-0.36878,-0.13063,0.52162,0.83847,-0.092967,-0.082807,-0.19916,0.14208,0.10266,0.088563,-0.24783,-0.47167,-0.059167,-0.2425,-0.30563,-0.49859,-0.44394,-0.11564,-0.20613,0.05504,-0.19917,0.33599,0.29882,0.3897,0.27583,0.50575,-0.74368,-0.61255,-0.12614,-0.016657,-0.45315,0.36328
0.72172,0.23532,0.10328,0.18029,0.7448,0.06375,0.60606,0.24813,0.21586,0.23557,-0.056284,0.078141,-0.2766,-0.42282,0.091717,-0.023628,-0.46259,0.25569,-0.29209,-0.39904,0.00075288,0.19007,0.10798,0.41622,-0.010765,0.14007,0.13377,0.42327,0.26122,0.34539,-0.18987,-0.24819,-0.68769,-0.50092,-0.41119,-0.24163,-0.11661,-0.033771,0.37491,0.60249,0,0.89587,-0.30021,-0.31349,-0.1637,-0.028257,-0.30547,-0.20565,0.020684,-0.22356,-0.17108,-0.31139,0.44668,0.34246,-0.22331,0.13869,-0.013616,-0.37303,-0.25833,0.36448,0.20872,-0.0050874,-0.3948,-0.063657,-0.27269,-0.37029,-0.39522,-0.017219,-0.13628,-0.25544,-0.31271,-0.39828,-0.35332,-0.25709,-0.10608,0.34947,0.42068,-0.021131,0.028163,-0.47096,-0.29316,-0.041851,0.0003732,-0.17205,-0.47816,-0.14141,-0.46472,-0.26141,-0.31894,-0.42724,-0.18137,-0.077808,-0.22392,0.055056,-0.052416,0.13852,0.21455,0.31473,0.4157,-0.25044,-0.38396,-0.03941,-0.12189,-0.17995,0.09103
0.46357,0.76373,-0.32895,-0.082586,0.74682,0.64955,0.3837,0.94181,0.16625,0.48238,0.01553,0.44099,-0.30944,-0.38859,0.14267,0.17991,-0.43433,0.038456,0.031913,-0.27396,0.19572,0.19679,0.47284,0.97106,-0.081442,0.18225,0.25066,0.46798,0.58462,0.41164,0.18193,-0.020818,-0.43192,-0.45787,-0.2765,0.17448,-0.17956,-0.050792,0.24244,0.69387,0.89587,0,-0.28156,0.11158,-0.00043438,0.0092668,-0.534,-0.32103,0.23044,-0.085383,-0.083043,-0.086589,0.26043,0.6597,-0.26533,0.16372,-0.15795,-0.62247,-0.45899,0.34696,0.64381,0.089199,-0.28308,-0.05368,-0.08847,-0.56959,-0.41989,-0.12313,-0.071698,0.21864,-0.38953,-0.35355,-0.31859,-0.25403,-0.19583,0.055922,0.45719,-0.3871,-0.36252,-0.79797,-0.37953,-0.2634,-0.3005,-0.31952,-0.50327,-0.42796,-0.54843,-0.58488,-0.48725,-0.38798,-0.15899,-0.11784,0.051128,0.29513,0.52521,0.22771,0.41778,0.1291,0.9818,-0.25966,-0.24484,-0.037639,-0.21377,0.087288,0.51956
-0.37096,-0.4008,-0.063662,-0.18323,-0.53918,-0.57189,0.40946,-0.16441,0.2288,0.03619,0.21484,-0.091282,0.25244,0.32318,-0.29263,0.020001,-0.087912,-0.23406,0.12344,0.2915,0.2269,-0.002837,0.20756,0.066934,0.39561,0.23348,-0.48394,-0.76738,-0.026796,0.034758,0.6189,0.31888,0.22776,0.094829,0.55423,0.11398,0.01964,-0.30776,-0.016037,-0.45231,-0.30021,-0.28156,0,0.46073,0.45396,0.52168,0.24809,0.3438,0.11073,-0.26771,-0.40842,0.42176,-0.24722,-0.25233,-0.2656,0.041115,0.47469,0.31911,0.45946,-0.064107,-0.24959,0.18755,0.26681,0.14565,0.20094,0.2201,0.31376,0.0043223,-0.052604,0.36792,0.75533,0.81475,0.64489,0.71045,0.66775,-0.24903,-0.40774,-0.042353,-0.24443,-0.02048,-0.0029998,-0.040311,-0.23109,0.22714,0.14041,0.040118,-0.15949,0.26839,0.40126,0.49272,0.17519,0.11539,-0.5068,0.071564,-0.13934,0.32002,-0.039009,0.18362,-0.034972,0.37154,0.16875,0.63922,0.15185,0.099723,-0.13683
-0.37651,0.22156,-0.97709,-0.70365,-0.50844,0.3321,-0.10139,0.47155,-0.48036,0.068491,-0.49361,-0.10938,-0.25172,0.20895,-0.10554,0.23135,-0.095554,-0.53211,0.43165,0.30625,1.0473,0.37116,0.81353,0.39671,-0.51206,-0.36856,0.35819,-0.03166,0.24927,-0.069489,0.48612,0.122,0.14567,0.067772,-0.12539,0.38798,-0.67539,-0.51401,-0.80132,-0.40965,-0.31349,0.11158,0.46073,0,-0.072117,-0.27568,-0.08884,0.16351,0.58329,-0.34297,-0.26886,0.74053,-0.050292,0.15261,-0.04578,0.55193,0.36964,-0.044104,0.035482,-0.34364,0.14482,0.31277,0.5374,0.25506,0.63303,0.075495,0.21385,-0.10693,0.13159,0.6626,0.02392,0.083322,0.0062998,-0.0051448,-0.10147,-0.98711,-0.58782,-0.75752,-0.66414,-0.68848,-0.47213,-0.38202,-0.60651,-0.1307,-0.030212,-0.63856,-0.12427,-0.041485,0.1826,0.13492,0.067703,-0.14424,-0.027525,0.18899,0.16753,-0.24098,-0.03903,-0.4733,0.14729,0.46699,0.75695,0.025018,-0.080011,0.44762,0.079274
