,,,,,,,,,,,,,,,,,,,,,,,,,,,,,,,,,,,,,,,,,,,,,,,,,,,,,,,,,,,,,,,,,,,,,,,,,,,,,,,,,,,,,,,,,,,,,,,,,,,,,,,,
0,0.78813,0.064776,0.31245,0.51645,0.4244,0.10772,0.13687,-0.0093317,0.055541,-0.32041,0.06203,-0.37314,-0.52535,-0.19879,-0.036075,0.12892,0.25377,-0.21678,-0.4896,-0.18908,0.47279,-0.0092242,0.043542,-0.26727,-0.20654,0.37402,0.9163,0.28337,-0.20778,-0.29647,-0.23336,-0.60779,-0.46781,-0.32155,-0.29883,-0.39415,0.070656,0.11262,0.37378,0.75261,0.53126,-0.26332,0.13402,-0.093367,-0.071765,-0.061079,-0.22279,-0.32115,-0.00083993,0.26886,-0.3539,0.62483,0.16412,0.15272,0.28517,-0.092573,-0.63178,-0.22297,-0.10016,0.23535,-0.41731,-0.50151,0.18978,-0.24581,-0.14494,-0.3393,0.070643,0.21065,0.050464,-0.45798,-0.20283,-0.23104,-0.22898,-0.13968,0.4612,0.43502,-0.3125,-0.11614,-0.1845,0.00011578,0.42518,0.34727,-0.074224,-0.013064,-0.11382,0.094594,-0.23388,-0.2826,-0.4419,-0.060062,-0.16558,0.27553,-0.015187,0.17981,-0.07587,0.37523,-0.16922,0.35789,-0.20392,-0.23756,-0.92394,-0.41351,-0.14807,-0.090548
0.78813,0,-0.36325,0.16754,0.75041,1.2297,0.010556,0.81538,0.1885,0.23725,-0.009169,0.50825,-0.35186,-0.48141,-0.03092,0.16778,0.1037,-0.04074,0.1128,-0.60201,-0.076587,0.21415,0.28805,0.38471,-0.18311,0.15758,0.4495,0.79206,0.43226,0.28006,0.23578,0.30935,-0.29137,-0.20044,-0.11952,0.39227,-0.28073,0.38873,0.11197,0.71614,0.42456,0.83527,-0.20636,0.54146,0.025011,0.039217,-0.18411,-0.21372,-0.19385,0.047671,0.37204,-0.16394,0.28268,0.42316,0.25053,0.1881,-0.19989,-0.73428,-0.35995,0.078779,0.78068,-0.10761,-0.22537,0.29721,0.16156,-0.14072,-0.25098,0.15555,0.43788,0.52534,-0.16791,-0.1227,-0.10696,-0.34092,-0.25332,0.079109,0.54036,-0.61899,-0.43546,-0.37394,0.05015,0.17753,0.070435,-0.10931,0.091433,-0.35084,0.085882,-0.45085,-0.33602,-0.49319,-0.052011,-0.1412,0.57077,0.2264,0.62573,-0.069237,0.40999,-0.22875,0.59585,-0.15735,0.078132,-0.69075,-0.12566,-0.012636,0.39466
0.064776,-0.36325,0,1.0795,-0.16881,-0.47892,-0.18336,-0.50873,0.27589,-0.078921,0.27084,-0.0074317,0.61401,0.49675,-0.11253,-0.22912,0.34765,0.71305,-0.19597,0.17935,-0.66072,-0.27006,-0.73854,-0.60867,0.29752,-0.072986,-0.56572,-0.27436,-0.23144,-0.35239,-0.62376,-0.17664,0.025849,0.067034,-0.016728,-0.52193,0.56729,0.23339,0.40429,-0.056939,-0.17999,-0.58384,-0.27533,-0.74458,0.1253,0.1738,0.32636,0.058804,-0.40501,0.052889,-0.0023747,-0.2635,0.017759,-0.19738,-0.072614,-0.34812,-0.37197,0.29976,0.32415,0.16257,-0.17549,-0.37771,-0.094886,-0.40438,-0.4182,0.10437,0.16856,-0.17462,-0.35661,-0.59273,0.049315,0.15832,0.27948,0.21259,0.22094,1.0136,0.41179,0.95776,1.0876,0.47508,0.24005,0.51811,0.97209,0.55575,0.39361,0.94499,0.3477,0.30348,0.1617,0.32439,0.36102,0.16429,-0.0079196,-0.082122,-0.023666,0.21298,-0.081876,0.20333,-0.036109,-0.14469,-0.25257,0.068955,0.030542,-0.21849,-0.25077
0.31245,0.16754,1.0795,0,0.11851,0.050994,-0.084551,0.082553,0.4784,0.12942,0.24394,0.31058,0.43468,0.34189,-0.20857,-0.20303,0.28447,0.70035,-0.019068,-0.059527,-0.48902,-0.17459,-0.33097,-0.17481,0.16806,0.075047,-0.3323,0.031634,0.12382,-0.038833,-0.32973,0.099021,-0.098241,-0.033353,-0.14493,-0.16257,0.30898,0.46722,0.38342,0.30186,0.08003,-0.087513,-0.20271,-0.15282,0.1351,0.2179,0.29417,0.13696,-0.26623,-0.029171,0.14227,-0.057223,0.24288,0.18479,0.19579,-0.049402,-0.3499,0.0070696,0.22842,0.38522,0.34757,-0.4016,-0.036394,-0.19343,-0.087038,0.19406,0.24106,-0.22517,-0.18116,-0.25805,0.093293,0.11415,0.2798,0.10723,0.1155,0.91772,0.79852,0.40711,0.62583,0.085267,0.21451,0.64343,1.2305,0.73256,0.60328,0.5619,0.38219,0.15271,0.15536,0.18405,0.46495,0.32756,0.40213,0.24543,0.37859,0.17727,0.13322,0.20546,0.37631,-0.026759,0.083205,-0.046454,0.27993,-0.0096291,0.18973
0.51645,0.75041,-0.16881,0.11851,0,0.76321,0.32732,0.68475,0.17838,0.20101,0.12194,0.68673,-0.3165,-0.24339,0.24352,0.30363,-0.26102,0.14878,-0.23759,-0.49589,-0.20545,0.0096476,0.031738,0.34024,-0.17789,-0.057807,0.27842,0.3331,0.29613,0.50441,0.10203,0.23104,-0.33361,-0.033483,-0.13528,0.37876,-0.010317,0.4845,0.44707,0.92112,0.65178,0.80047,-0.5995,0.004839,-0.062878,-0.043955,-0.45733,-0.4992,-0.10544,-0.262,-0.10005,-0.38352,0.36946,0.4004,-0.18884,-0.20079,-0.60447,-0.63385,-0.45436,0.43432,0.69977,0.19524,-0.16526,-0.0425,-0.12804,-0.60855,-0.4374,0.21433,0.2692,0.08871,-0.21459,-0.3619,-0.16304,-0.52857,-0.36848,0.33516,0.64622,-0.16319,-0.096146,-0.50795,-0.17413,-0.36249,-0.21458,-0.36784,-0.27991,-0.39203,-0.42685,-0.63926,-0.64828,-0.51187,-0.064312,-0.39531,0.054492,0.25137,0.40607,-0.16601,0.037563,-0.099057,0.55331,-0.32918,-0.17507,-0.2889,-0.19053,-0.14451,0.33211
0.4244,1.2297,-0.47892,0.050994,0.76321,0,-0.045632,1.1955,-0.051766,0.13905,-0.13171,0.49922,-0.37869,-0.30778,-0.047902,0.17477,-0.049607,0.099734,0.21812,-0.43388,0.063824,0.29455,0.34752,0.53814,-0.37634,0.04019,0.55267,0.73827,0.51047,0.40414,0.38301,0.38809,-0.10391,0.065966,-0.10479,0.51179,-0.21584,0.37335,-0.058427,0.55567,0.25727,0.80973,-0.23411,0.65775,-0.071385,-0.13828,-0.044823,-0.034646,0.16875,-0.016047,0.30389,0.0356,0.16955,0.5886,0.27563,0.14739,-0.31504,-0.4912,-0.29754,0.070622,0.82188,0.0079991,0.0040316,0.21555,0.25848,-0.019623,0.010531,-0.037362,0.33137,0.65563,-0.054865,-0.094547,-0.047528,-0.28811,-0.19004,-0.092012,0.34983,-0.66184,-0.4563,-0.51645,-0.045055,-0.025769,-0.05599,-0.068795,0.014284,-0.46397,-0.093607,-0.33463,-0.21475,-0.26606,0.12356,-0.022209,0.70049,0.33251,0.66109,-0.38297,0.096391,-0.24382,0.45691,-0.031908,0.31843,-0.41729,0.080253,0.16161,0.66324
0.10772,0.010556,-0.18336,-0.084551,0.32732,-0.045632,0,0.26355,0.25751,-0.083872,-0.015881,0.14692,-0.14458,-0.0277,0.056966,0.1706,-0.51067,-0.15215,-0.2901,-0.29271,0.10154,-0.096588,0.11023,0.16175,0.13914,0.18109,-0.23029,-0.13689,0.41116,0.52285,0.28283,0.29773,-0.17703,-0.078972,0.018801,0.1663,-0.18272,-0.023979,0.28797,0.16646,0.59609,0.37516,0.30437,0.19655,0.053361,0.14013,-0.17037,-0.039595,0.038848,-0.47183,-0.52591,0.14288,0.3156,0.070257,-0.24367,0.11967,0.083295,-0.44061,-0.27437,0.24877,0.18748,0.53501,0.35213,0.28321,0.12215,-0.21331,-0.25844,0.32135,0.24014,0.13619,0.34237,-0.090105,-0.15535,-0.1553,-0.070717,-0.13313,-0.095873,-0.17704,-0.14039,-0.44726,-0.14085,-0.27957,-0.28376,-0.29992,-0.24989,-0.38002,-0.57455,-0.29438,-0.19828,-0.28111,-0.12585,-0.086941,-0.2692,0.21594,-0.14891,-0.071915,-0.19346,0.045825,0.20396,0.11048,0.20126,0.24635,0.054658,0.011684,-0.0088755
0.13687,0.81538,-0.50873,0.082553,0.68475,1.1955,0.26355,0,0.14871,0.25891,-0.043466,0.52145,-0.26957,-0.11525,0.06205,0.12491,-0.28035,-0.049891,0.39568,-0.30614,0.27857,0.02895,0.60166,0.76443,-0.23213,0.27285,0.28441,0.38372,0.64074,0.84418,0.57294,0.57726,-0.18194,-0.066741,-0.27016,0.69495,-0.32717,0.26212,-0.058478,0.63634,0.36676,0.93878,-0.05074,0.80467,-0.049465,-0.080268,-0.22378,-0.03873,0.37237,-0.24776,0.010184,0.37781,0.24497,0.75732,0.23511,0.25994,-0.1766,-0.53949,-0.41948,0.44404,1.1644,0.28044,0.28589,0.25839,0.57291,-0.064667,-0.021406,-0.066801,0.20696,0.60632,0.15207,-0.13943,-0.1054,-0.27613,-0.32066,-0.25488,0.32826,-0.57081,-0.43506,-0.94347,-0.26671,-0.18813,-0.14351,0.0010904,-0.0021176,-0.54347,-0.2957,-0.44757,-0.25375,-0.24476,0.027399,0.17642,0.50842,0.57031,0.63,-0.21706,0.10988,-0.089523,0.6443,0.09326,0.62951,-0.061544,0.38474,0.39977,0.95275
-0.0093317,0.1885,0.27589,0.4784,0.17838,-0.051766,0.25751,0.14871,0,0.52393,1.0218,0.65139,0.18768,-0.023255,0.28754,0.14742,0.028031,0.10844,-0.030489,-0.27019,-0.48471,-0.42125,-0.06354,0.072508,0.76403,0.9721,-0.37637,-0.22991,-0.17202,0.35182,0.22183,0.51404,-0.16238,-0.12573,0.22345,0.36319,0.3393,0.5694,0.91919,0.635,0.15669,0.082175,0.18652,0.010959,0.48635,0.80117,-0.068604,-0.16526,-0.37732,0.042944,0.019328,-0.12301,-0.1947,-0.013492,-0.087901,-0.30435,-0.13977,-0.1002,0.012559,0.77501,0.51665,0.0015348,0.073746,-0.069521,0.048044,-0.15176,-0.13437,0.27898,0.21889,-0.18557,0.38736,0.25767,0.35792,0.065945,0.17033,0.36753,0.6282,0.026687,0.0020609,0.045266,0.25669,0.15009,0.20918,0.12187,0.25826,0.19379,0.073158,-0.21535,-0.13521,-0.12988,-0.029717,0.047587,0.13958,0.11496,0.29228,0.42913,0.25276,0.35318,0.3061,-0.18893,-0.095084,0.16972,0.31629,-0.070052,0.15097
0.055541,0.23725,-0.078921,0.12942,0.20101,0.13905,-0.083872,0.25891,0.52393,0,0.51362,0.62107,0.077484,-0.014034,0.43771,0.44403,-0.10381,0.2477,0.15805,-0.089067,0.069963,0.18231,0.57562,0.69104,0.10276,0.35464,0.056078,0.0056483,-0.18251,0.026601,0.37409,0.18412,-0.23797,-0.42627,-0.02695,0.1157,-0.095456,0.043113,0.21236,0.50414,0.30584,0.48449,0.1141,0.18712,0.49404,0.60416,-0.32113,-0.13265,0.18952,-0.21471,-0.12313,-0.0039453,0.074157,0.42931,-0.28076,0.030378,0.0067721,-0.081159,0.094299,0.65961,0.71439,0.049339,-0.14262,0.016068,0.17629,-0.31383,-0.038085,0.022163,-0.046879,-0.12963,-0.049219,0.26392,0.44082,0.21202,0.30513,0.12436,0.74284,-0.034376,-0.053454,-0.25929,-0.12639,-0.10405,-0.031492,0.16453,0.085401,0.14557,-0.0039098,-0.38413,-0.11271,-0.0054703,0.0075554,-0.05013,0.057249,0.17221,0.59651,0.49766,0.59217,0.18773,0.54912,-0.072029,-0.15706,0.12203,0.16352,0.016221,0.17687
-0.32041,-0.009169,0.27084,0.24394,0.12194,-0.13171,-0.015881,-0.043466,1.0218,0.51362,0,0.79188,0.50324,0.26317,0.44646,0.36444,0.13483,0.12161,-0.082687,-0.10958,-0.56286,-0.49158,-0.11493,0.035838,0.99862,0.56933,-0.5142,-0.60967,-0.34995,0.096491,0.35689,0.49542,0.22293,0.11423,0.58459,0.32766,0.71994,0.45839,0.85634,0.31079,-0.23815,-0.1099,0.072283,-0.27737,0.82321,1.037,-0.085099,-0.19927,-0.33235,0.099105,-0.053529,-0.24612,-0.3564,-0.0068337,-0.27838,-0.66631,-0.36763,0.14551,0.14887,0.58853,0.32419,0.16295,-0.041835,-0.14765,-0.04455,-0.24151,-0.048368,0.26789,0.049339,-0.15264,0.3703,0.48415,0.67577,0.30768,0.3813,0.34391,0.57356,0.36134,0.17102,0.32669,0.33788,-0.11809,-0.014546,0.076114,0.24337,0.3965,0.031621,-0.20183,-0.14028,0.16218,0.12423,-0.08055,-0.064714,0.1753,0.41282,0.62507,0.12089,0.25484,0.19945,-0.15887,-0.32271,0.37019,0.092734,-0.18103,0.11583
0.06203,0.50825,-0.0074317,0.31058,0.68673,0.49922,0.14692,0.52145,0.65139,0.62107,0.79188,0,0.075508,0.042667,0.36385,0.66467,-0.024662,0.22254,-0.13133,-0.3254,-0.45081,-0.23904,0.027358,0.30944,0.26068,0.29831,-0.17885,-0.14035,0.14601,0.40294,0.4466,0.66865,0.16049,0.21672,0.46794,0.69909,0.43864,0.83282,0.75844,0.78803,0.11305,0.39661,-0.11107,0.091149,0.49272,0.60181,-0.10452,-0.14118,-0.19171,-0.19489,-0.12457,-0.25547,-0.094527,0.2242,-0.33014,-0.42135,-0.64,-0.19969,0.053112,0.56982,0.94845,0.30792,0.12237,0.020762,0.033271,-0.32632,-0.0047559,0.37387,0.35808,0.14054,0.23521,0.21644,0.45822,-0.051743,0.16387,0.29439,0.79559,3.251e-05,0.074831,-0.077691,0.37913,-0.22778,-0.016912,-0.077053,0.13985,0.023326,0.040181,-0.41317,-0.22697,-0.087879,0.27148,-0.30571,0.12947,0.27471,0.84938,0.21255,0.12691,-0.031839,0.52182,-0.087389,-0.088067,0.12238,0.1527,-0.25453,0.39186
-0.37314,-0.35186,0.61401,0.43468,-0.3165,-0.37869,-0.14458,-0.26957,0.18768,0.077484,0.50324,0.075508,0,1.4434,-0.27193,-0.17036,0.13501,0.29364,0.010414,0.37074,-0.12773,-0.16324,-0.14275,-0.073872,0.39302,-0.025696,-0.67234,-0.60438,-0.043228,-0.29287,0.061557,0.10662,0.55929,0.17751,0.20618,-0.30754,0.45979,-0.065446,0.13298,-0.34047,-0.45111,-0.36648,0.065095,-0.38318,0.5079,0.44279,0.10083,0.15696,0.029492,0.054774,0.022577,0.087692,-0.040971,0.23479,-0.053544,-0.14644,-0.11659,0.20098,0.28543,0.03985,-0.17618,-0.14046,-0.11722,-0.30319,-0.11861,0.013692,0.20595,-0.45775,-0.78055,-0.14586,0.19291,0.40958,0.50477,0.48552,0.41809,0.29237,0.25777,0.97127,0.77187,0.25518,0.017848,0.077069,0.29203,0.69508,0.52946,0.70453,0.13584,0.11536,0.33963,0.47725,0.31976,0.31315,-0.012765,0.39103,0.27118,0.52826,0.043923,0.32441,0.23219,0.10962,-0.10441,0.51379,-0.050264,0.094108,0.056105
-0.52535,-0.48141,0.49675,0.34189,-0.24339,-0.30778,-0.0277,-0.11525,-0.023255,-0.014034,0.26317,0.042667,1.4434,0,-0.31192,-0.18187,-0.070231,0.28111,0.076926,0.48621,0.033506,-0.2113,-0.088838,-0.022282,0.17968,-0.16795,-0.69635,-0.6942,0.053198,-0.088341,0.12486,0.14636,0.63126,0.29649,0.10283,-0.20155,0.35577,-0.11447,-0.054066,-0.4137,-0.44463,-0.35836,0.04571,-0.30419,0.32491,0.22382,0.01961,0.16995,0.2933,-0.25184,-0.26408,0.27849,0.029851,0.29166,-0.1523,-0.13963,-0.17653,0.19812,0.19552,0.096621,-0.12897,0.054108,0.11298,-0.35606,-0.067961,-0.022391,0.26714,-0.54046,-0.84784,-0.065595,0.30208,0.33538,0.42985,0.37002,0.25576,0.14198,0.11794,0.96054,0.87724,0.040402,-0.13847,-0.14767,0.17244,0.66044,0.40584,0.51678,0.018539,0.072419,0.31116,0.48434,0.28802,0.28362,-0.15624,0.43295,0.18,0.26356,-0.18361,0.2217,0.19936,0.18897,0.10014,0.71808,0.11537,0.18321,0.11594
-0.19879,-0.03092,-0.11253,-0.20857,0.24352,-0.047902,0.056966,0.06205,0.28754,0.43771,0.44646,0.36385,-0.27193,-0.31192,0,0.87577,0.11115,0.051545,-0.0029315,-0.23399,-0.12703,-0.2339,0.099016,0.076349,0.23019,0.39971,0.015532,-0.16866,-0.37626,0.18738,0.10484,0.133,-0.27,-0.083285,0.10218,0.22646,0.17598,0.095258,0.36291,0.4163,0.08466,0.1424,-0.22326,-0.20743,0.1184,0.1677,-0.12355,-0.17275,-0.23274,-0.043151,-0.32398,-0.29004,-0.21563,-0.15646,-0.44528,-0.39723,-0.28707,0.14179,-0.040934,0.43989,0.34725,0.71936,0.23186,0.31245,0.26453,-0.23413,-0.15684,0.76044,0.43357,-0.096319,0.079258,0.0029062,0.051748,-0.04095,0.041427,-0.053879,0.16135,0.02763,-0.15949,0.092453,0.065101,-0.15691,-0.25824,-0.38962,-0.34663,0.092442,-0.27317,-0.20721,-0.41291,0.0051919,0.043357,-0.27581,-0.21333,-0.22053,0.073921,0.20493,-0.019617,-0.2195,-0.11223,-0.094428,-0.13725,0.010266,0.010275,-0.36884,-0.11928
-0.036075,0.16778,-0.22912,-0.20303,0.30363,0.17477,0.1706,0.12491,0.14742,0.44403,0.36444,0.66467,-0.17036,-0.18187,0.87577,0,0.088524,0.14657,-0.30432,-0.35114,-0.12046,0.053604,0.057276,0.11289,0.018776,0.14885,0.053615,-0.076457,-0.11206,0.068909,0.3081,0.2861,0.11336,0.20242,0.53744,0.28819,0.28943,0.21548,0.34352,0.27128,0.022946,0.21455,-0.013315,0.030274,0.26935,0.32245,0.097426,0.14866,-0.21918,-0.25002,-0.37939,-0.3933,-0.094449,-0.07852,-0.66806,-0.32903,-0.28132,0.12721,0.25646,0.09533,0.39616,0.76693,0.22091,0.47818,0.22716,-0.12599,0.12831,0.87652,0.65988,0.21893,0.19334,0.2646,0.38479,0.072933,0.403,-0.022406,0.16785,-0.055585,-0.10124,0.10033,0.26335,-0.16198,-0.27372,-0.34774,-0.19,0.054847,-0.12589,-0.10195,-0.075913,0.10632,0.37063,-0.47372,-0.17568,-0.16789,0.29077,0.12687,-0.044256,-0.33221,0.048318,0.051361,-0.12092,-0.019984,-0.092558,-0.63117,-0.1895
0.12892,0.1037,0.34765,0.28447,-0.26102,-0.049607,-0.51067,-0.28035,0.028031,-0.10381,0.13483,-0.024662,0.13501,-0.070231,0.11115,0.088524,0,0.18591,0.2901,0.20769,-0.32615,-0.085571,-0.29756,-0.48181,0.1921,0.15167,-0.17356,0.025468,-0.2488,-0.51035,-0.12625,0.18643,0.18111,0.08359,0.15253,-0.21172,0.31957,0.10913,0.035429,-0.15029,-0.47875,-0.36607,-0.13832,-0.16918,0.35148,0.22423,0.46034,0.16005,-0.57503,0.4604,0.33522,-0.15061,-0.21478,-0.36699,0.24264,-0.24671,-0.23974,0.17914,0.19682,-0.2223,-0.044789,-0.15986,-0.10549,0.19018,0.12774,0.3591,0.16591,0.15828,0.097023,0.077065,0.053239,0.3509,0.26452,0.36077,0.23503,0.22937,0.04558,0.2209,0.18718,0.71423,0.44483,0.76619,0.64099,0.3159,0.75465,0.7639,0.78798,0.27124,0.050671,0.42837,0.34016,0.17034,0.27991,-0.21573,0.17153,0.38912,0.25016,-0.012401,-0.051121,0.087088,-0.029669,-0.23752,-0.010374,-0.13523,-0.10498
0.25377,-0.04074,0.71305,0.70035,0.14878,0.099734,-0.15215,-0.049891,0.10844,0.2477,0.12161,0.22254,0.29364,0.28111,0.051545,0.14657,0.18591,0,-0.13218,-0.14923,-0.31244,0.37537,-0.19514,0.052785,-0.05178,-0.098036,-0.03954,0.13725,-0.16489,-0.26996,-0.23002,-0.03103,-0.071514,0.096155,-0.070624,-0.45585,0.26569,0.14461,0.23144,0.096206,0.12154,0.0038188,-0.29686,-0.2362,0.19318,0.20248,0.45771,0.28479,0.031508,-0.10328,0.019545,-0.18765,0.15502,0.27327,-0.063644,-0.12373,-0.39135,0.17302,0.40261,0.15521,0.21206,-0.24305,-0.11215,-0.16863,-0.19844,0.12492,0.35467,-0.23604,-0.23634,-0.30577,0.05432,0.27578,0.47555,0.2729,0.56436,0.63985,0.52559,0.37109,0.50973,0.10482,0.057806,0.41821,0.67633,0.59332,0.29479,0.66198,0.025069,0.17999,0.22018,0.34346,0.68074,0.1727,0.33615,0.10288,0.25957,-0.070615,-0.16724,0.11061,0.12253,0.036585,-0.057965,-0.014238,0.097098,-0.088618,-0.0045395
-0.21678,0.1128,-0.19597,-0.019068,-0.23759,0.21812,-0.2901,0.39568,-0.030489,0.15805,-0.082687,-0.13133,0.010414,0.076926,-0.0029315,-0.30432,0.2901,-0.13218,0,0.32872,0.28332,-0.11418,0.58831,0.27787,0.067767,0.47852,-0.094176,0.070192,0.077086,0.16404,0.43966,0.4105,-0.091014,-0.31977,-0.46422,0.094184,-0.38402,-0.25071,-0.49,-0.036999,-0.22725,0.096757,0.10074,0.42375,0.22284,0.044961,-0.14012,-0.11149,0.32875,0.035558,0.064278,0.72614,-0.17552,0.22602,0.37822,0.15229,0.021518,-0.20841,-0.4343,0.19411,0.32096,-0.0082721,0.18927,0.043142,0.47855,0.11171,-0.042966,-0.37587,-0.28855,0.39568,0.23811,0.21473,-0.006809,0.17172,-0.20661,-0.48563,-0.047082,-0.17652,-0.18552,-0.27356,-0.27167,0.15462,0.18602,0.38171,0.40145,0.10984,0.20509,-0.27898,-0.22885,0.11444,-0.2318,0.49999,0.34898,0.16568,0.2266,0.11345,0.24098,0.054077,0.22316,0.066704,0.50847,0.049815,0.4629,0.73263,0.45413
-0.4896,-0.60201,0.17935,-0.059527,-0.49589,-0.43388,-0.29271,-0.30614,-0.27019,-0.089067,-0.10958,-0.3254,0.37074,0.48621,-0.23399,-0.35114,0.20769,-0.14923,0.32872,0,0.223,-0.18219,-0.11263,-0.24927,-0.1505,-0.16767,-0.3194,-0.38453,-0.015043,-0.30701,-0.036058,-0.066616,0.41353,0.10401,-0.053884,-0.20038,0.17651,-0.2258,-0.27029,-0.40789,-0.52194,-0.42539,0.050146,-0.24158,0.060645,-0.13995,-0.029376,0.059036,0.23474,0.20055,0.030301,0.31436,-0.24503,-0.19323,0.0072215,-0.095359,0.026324,0.27571,0.041574,-0.081414,-0.38113,-0.10503,0.14657,-0.31574,0.038336,0.042031,0.13823,-0.45789,-0.59162,-0.17731,-0.1495,0.015902,-0.010637,0.25532,-0.040468,-0.065871,-0.26959,0.46314,0.39346,0.12186,-0.1467,-0.15626,0.021621,0.22379,0.25029,0.21786,0.29983,0.19171,0.17896,0.42168,-0.029765,0.27051,-0.16444,-0.045327,-0.0026599,0.2895,0.25996,0.32667,4.3119e-05,0.068652,0.021994,0.44912,0.10486,0.26526,0.056735
-0.18908,-0.076587,-0.66072,-0.48902,-0.20545,0.063824,0.10154,0.27857,-0.48471,0.069963,-0.56286,-0.45081,-0.12773,0.033506,-0.12703,-0.12046,-0.32615,-0.31244,0.28332,0.223,0,0.45957,0.85458,0.61608,-0.51502,-0.21094,0.41493,0.1285,0.14379,0.031105,0.26241,-0.16975,-0.024288,-0.19141,-0.39056,-0.048112,-0.7921,-0.81964,-1.0147,-0.35357,0.16593,0.31669,0.38019,0.56904,-0.25382,-0.34874,-0.1698,0.32708,1.0113,-0.17956,-0.066019,0.78207,0.40666,0.49061,0.29916,0.93484,0.80656,0.011918,-0.016008,-0.093881,-0.026133,0.1961,0.11486,0.3583,0.68543,0.20277,0.16922,-0.34998,-0.24239,0.2164,-0.12007,-0.14467,-0.21612,0.11951,-0.079428,-0.72353,-0.44611,-0.31957,-0.41094,-0.54658,-0.69044,-0.23605,-0.44259,0.12287,-0.095973,-0.37846,-0.32364,0.11558,0.3046,0.12196,-0.092959,0.39706,-0.0043179,0.35169,-0.084802,-0.015393,0.13237,0.042568,0.066838,0.59913,0.59036,0.25384,0.17624,0.5643,0.23419
0.47279,0.21415,-0.27006,-0.17459,0.0096476,0.29455,-0.096588,0.02895,-0.42125,0.18231,-0.49158,-0.23904,-0.16324,-0.2113,-0.2339,0.053604,-0.085571,0.37537,-0.11418,-0.18219,0.45957,0,0.39656,0.49733,-0.61817,-0.36086,0.78711,0.72484,0.06856,-0.42378,-0.007652,-0.31538,-0.19018,-0.18748,-0.21024,-0.49,-0.4778,-0.40864,-0.39387,-0.14583,0.40948,0.45103,0.077451,0.33929,-0.0842,-0.12204,0.21886,0.37905,0.42173,0.078406,0.32586,0.0006941,0.36126,0.46082,0.20403,0.63006,0.4259,-0.055656,0.23316,-0.4203,-0.05272,-0.36648,-0.41365,0.16325,0.022862,0.1981,0.2164,-0.33847,-0.12176,0.024112,-0.40823,-0.0071024,0.037357,0.14716,0.41686,-0.091147,-0.031134,-0.36481,-0.28388,-0.22494,-0.2739,0.19391,-0.01773,0.14903,-0.045473,-0.11336,-0.16611,0.16145,0.35567,0.044247,0.2163,0.10061,0.37204,0.068001,0.051821,-0.23888,0.14868,0.071021,0.097768,0.15227,0.00072597,-0.28423,-0.24219,0.11924,-0.049068
-0.0092242,0.28805,-0.73854,-0.33097,0.031738,0.34752,0.11023,0.60166,-0.06354,0.57562,-0.11493,0.027358,-0.14275,-0.088838,0.099016,0.057276,-0.29756,-0.19514,0.58831,-0.11263,0.85458,0.39656,0,1.2965,-0.091647,0.19313,0.31664,0.20809,0.22044,0.1727,0.70636,0.15591,-0.26171,-0.5609,-0.37007,0.11482,-0.89155,-0.5542,-0.51821,0.053833,0.35315,0.76798,0.39782,0.82573,0.19257,0.13482,-0.35142,0.0034414,0.79662,-0.23121,-0.076797,0.69184,0.32102,0.79066,0.21366,0.70351,0.46041,-0.31303,-0.24422,0.25875,0.49381,0.18543,-0.0041593,0.38475,0.64519,-0.018175,-0.042461,-0.24015,-0.14807,0.39886,0.020212,0.10528,0.0022724,0.19108,0.010255,-0.65017,0.031256,-0.5098,-0.59724,-0.69878,-0.5123,-0.19294,-0.3285,0.097704,-0.035885,-0.31752,-0.32369,-0.38036,-0.10903,-0.030098,-0.18479,0.30345,0.17552,0.47989,0.29147,0.13999,0.33631,0.029446,0.40724,0.31152,0.42323,0.12538,0.23671,0.62176,0.44361
0.043542,0.38471,-0.60867,-0.17481,0.34024,0.53814,0.16175,0.76443,0.072508,0.69104,0.035838,0.30944,-0.073872,-0.022282,0.076349,0.11289,-0.48181,0.052785,0.27787,-0.24927,0.61608,0.49733,1.2965,0,-0.15523,0.10208,0.40598,0.21653,0.22667,0.30741,0.6293,0.21569,-0.20517,-0.30452,-0.26656,0.22579,-0.56032,-0.21855,-0.20645,0.28675,0.54098,1.0511,0.18612,0.64538,0.18425,0.18789,-0.32339,0.017735,0.83654,-0.22772,0.0047876,0.43532,0.33159,1.155,0.1784,0.54708,0.26585,-0.33087,-0.11823,0.3812,0.63841,0.10318,-0.11193,0.13621,0.39626,-0.14404,-0.0055213,-0.30793,-0.17787,0.17201,-0.057396,-0.012067,0.07826,0.061183,0.085815,-0.35691,0.26447,-0.42925,-0.45266,-0.7892,-0.46286,-0.34301,-0.35068,0.11504,-0.04916,-0.35837,-0.48062,-0.39042,-0.036412,-0.10445,-0.025488,0.2053,0.28769,0.68813,0.45036,0.040126,0.22714,0.18755,0.55364,0.24432,0.29148,0.20177,0.21373,0.54505,0.67224
-0.26727,-0.18311,0.29752,0.16806,-0.17789,-0.37634,0.13914,-0.23213,0.76403,0.10276,0.99862,0.26068,0.39302,0.17968,0.23019,0.018776,0.1921,-0.05178,0.067767,-0.1505,-0.51502,-0.61817,-0.091647,-0.15523,0,0.60924,-0.76962,-0.67926,-0.31767,0.017436,0.29624,0.36367,0.12902,-0.048152,0.43164,0.12571,0.37271,0.11623,0.5187,-0.033947,-0.26123,-0.31122,0.33225,-0.2075,0.76878,0.92324,-0.0064264,-0.23399,-0.35309,0.094511,-0.11705,0.021722,-0.29098,-0.21503,-0.062851,-0.426,-0.14847,0.064064,-0.00787,0.3905,0.053852,0.12533,0.038352,0.0085021,-0.051019,-0.05575,-0.153,0.26169,0.021259,-0.038296,0.60918,0.57854,0.43166,0.41994,0.26329,0.13455,0.15548,0.26395,0.074609,0.46098,0.39452,0.07902,0.10761,0.078156,0.2676,0.4228,0.069741,-0.15355,-0.21621,0.15219,-0.076172,0.088342,-0.16527,0.11436,0.01169,0.5242,-0.065268,0.14575,-0.083181,0.014974,-0.14788,0.36226,0.15668,-0.0030813,-0.04152
-0.20654,0.15758,-0.072986,0.075047,-0.057807,0.04019,0.18109,0.27285,0.9721,0.35464,0.56933,0.29831,-0.025696,-0.16795,0.39971,0.14885,0.15167,-0.098036,0.47852,-0.16767,-0.21094,-0.36086,0.19313,0.10208,0.60924,0,-0.25804,-0.080716,-0.13554,0.47037,0.48595,0.74659,-0.18737,-0.18152,0.06433,0.3975,0.081948,0.26148,0.37543,0.41245,-0.039641,0.074903,0.28056,0.27841,0.40876,0.53577,-0.02266,-0.11567,-0.2256,0.10185,0.000919,0.13233,-0.48678,-0.10452,-0.01712,-0.23209,-0.030278,-0.15388,-0.24497,0.46274,0.46237,0.18091,0.32492,0.12298,0.3368,-0.010964,-0.14546,0.28171,0.29075,0.20183,0.60453,0.3329,0.19755,0.057331,0.074509,-0.18383,0.16523,-0.25468,-0.31001,-0.057353,0.10683,0.2088,0.097916,0.045548,0.1985,0.090113,0.045038,-0.28653,-0.24156,-0.11507,-0.19387,0.15673,0.25028,-0.085329,0.14333,0.20517,0.1557,0.18013,0.12997,-0.18257,0.18303,0.067618,0.43701,0.11338,0.13931
0.37402,0.4495,-0.56572,-0.3323,0.27842,0.55267,-0.23029,0.28441,-0.37637,0.056078,-0.5142,-0.17885,-0.67234,-0.69635,0.015532,0.053615,-0.17356,-0.03954,-0.094176,-0.3194,0.41493,0.78711,0.31664,0.40598,-0.76962,-0.25804,0,1.034,0.080213,-0.0059309,-0.14498,-0.34904,-0.4169,-0.14838,-0.3335,0.014165,-0.41693,-0.060926,-0.31319,0.2296,0.42311,0.51851,-0.20989,0.365,-0.60198,-0.55345,0.021978,0.13612,0.25234,0.21553,0.43829,-0.15353,0.22809,0.29224,0.29981,0.45787,0.34524,-0.0096366,0.023445,-0.23003,0.075589,-0.2672,-0.35088,0.118,0.14321,0.17835,0.10933,-0.095888,0.23896,0.03976,-0.64547,-0.50199,-0.3508,-0.31997,-0.12657,-0.15372,-0.045167,-0.70771,-0.6813,-0.3318,-0.31265,0.004728,-0.27049,-0.28676,-0.41075,-0.59792,-0.27817,0.14353,0.082211,-0.20266,0.022743,-0.045946,0.36402,-0.11812,-0.047993,-0.48872,0.11818,0.0049333,-0.010393,-0.096986,0.011262,-0.56152,-0.1237,0.039349,0.11845
0.9163,0.79206,-0.27436,0.031634,0.3331,0.73827,-0.13689,0.38372,-0.22991,0.0056483,-0.60967,-0.14035,-0.60438,-0.6942,-0.16866,-0.076457,0.025468,0.13725,0.070192,-0.38453,0.1285,0.72484,0.20809,0.21653,-0.67926,-0.080716,1.034,0,0.35371,-0.035689,-0.19611,-0.22264,-0.62231,-0.35752,-0.50842,-0.14203,-0.52591,0.024645,-0.20522,0.36889,0.52301,0.60468,-0.26525,0.45158,-0.45221,-0.46426,0.086168,0.027163,-0.0073077,0.20518,0.5353,-0.16342,0.30118,0.27154,0.35325,0.46224,0.1047,-0.38689,-0.2252,-0.26007,0.22929,-0.44636,-0.29683,0.20016,0.053369,0.13423,-0.063554,-0.11981,0.25205,0.2443,-0.51431,-0.36177,-0.39567,-0.35626,-0.1996,0.030381,0.16043,-0.74094,-0.49882,-0.40389,-0.20936,0.40273,0.16347,-0.11345,-0.19184,-0.41658,-0.040437,-0.050482,-0.094231,-0.3701,-0.022702,0.023083,0.66625,-0.13373,0.13593,-0.47263,0.28553,-0.14629,0.20349,-0.24614,0.048648,-1.1192,-0.19658,0.043968,0.090681
0.28337,0.43226,-0.23144,0.12382,0.29613,0.51047,0.41116,0.64074,-0.17202,-0.18251,-0.34995,0.14601,-0.043228,0.053198,-0.37626,-0.11206,-0.2488,-0.16489,0.077086,-0.015043,0.14379,0.06856,0.22044,0.22667,-0.31767,-0.13554,0.080213,0.35371,0,0.29051,0.16776,0.15469,-0.024907,-0.075568,-0.18776,0.16208,-0.24608,0.097146,-0.029645,0.2419,0.303,0.58792,-0.0082995,0.4476,-0.17969,-0.27809,0.013042,0.090029,0.13865,-0.019406,0.13318,0.23492,0.29681,0.37549,0.19409,0.41634,-0.090447,-0.55597,-0.3168,-0.090171,0.28312,0.055327,0.21819,0.24725,0.21032,0.051194,-0.0045114,-0.1685,0.030457,0.52082,-0.13386,-0.32773,-0.39669,-0.2636,-0.29419,-0.15197,0.056689,-0.30427,-0.12904,-0.58248,-0.065816,-0.05454,0.012357,-0.13833,-0.11154,-0.55299,-0.16607,-0.21055,-0.094601,-0.17859,0.1307,0.14668,0.36847,0.37498,0.39924,-0.22013,0.16017,-0.096964,0.52295,0.044045,0.34562,-0.15153,-0.040651,0.21408,0.4871
-0.20778,0.28006,-0.35239,-0.038833,0.50441,0.40414,0.52285,0.84418,0.35182,0.026601,0.096491,0.40294,-0.29287,-0.088341,0.18738,0.068909,-0.51035,-0.26996,0.16404,-0.30701,0.031105,-0.42378,0.1727,0.30741,0.017436,0.47037,-0.0059309,-0.035689,0.29051,0,0.3576,0.60987,-0.11787,0.17355,-0.11468,0.97366,-0.057875,0.47469,0.21086,0.62394,0.27204,0.35726,-0.076831,0.30859,-0.22127,-0.097207,-0.3464,-0.22347,0.12351,-0.35979,-0.30345,0.16148,-0.13541,0.15712,-0.11261,-0.10568,-0.17332,-0.39231,-0.47695,0.48579,0.55819,0.47088,0.54228,-0.071536,0.20327,-0.25569,-0.21405,0.21275,0.33101,0.23883,0.37833,-0.31612,-0.25543,-0.67133,-0.53859,-0.32477,0.061956,-0.33202,-0.22561,-0.58322,-0.11313,-0.40102,-0.27825,-0.26156,-0.22011,-0.53431,-0.33357,-0.45505,-0.3317,-0.52209,-0.27364,-0.16355,0.021906,0.12415,0.0024207,-0.40302,-0.31962,-0.040359,0.15817,-0.1392,0.417,0.16115,0.45011,0.084322,0.39191
-0.29647,0.23578,-0.62376,-0.32973,0.10203,0.38301,0.28283,0.57294,0.22183,0.37409,0.35689,0.4466,0.061557,0.12486,0.10484,0.3081,-0.12625,-0.23002,0.43966,-0.036058,0.26241,-0.007652,0.70636,0.6293,0.29624,0.48595,-0.14498,-0.19611,0.16776,0.3576,0,0.95975,0.29454,0.032954,0.31584,0.55353,-0.10364,-0.047045,-0.071502,0.024087,-0.11211,0.36262,0.57687,0.66686,0.71239,0.58558,-0.20052,-0.011512,0.41293,-0.22045,-0.20168,0.49895,-0.127,0.38057,-0.053334,-0.025893,0.0098079,-0.24051,-0.22342,0.27403,0.55218,0.46198,0.28291,0.28017,0.50877,-0.077496,0.024053,0.040939,0.10561,0.74316,0.61797,0.60312,0.4635,0.3414,0.24873,-0.54249,0.0078399,-0.34359,-0.43064,-0.31346,-0.068205,-0.36605,-0.43149,0.012689,0.2025,-0.18485,-0.17656,-0.44447,-0.14455,0.10874,-0.067446,0.10165,0.08239,0.42723,0.42824,0.16207,0.075592,0.053479,0.35085,0.21402,0.37433,0.42512,0.33257,0.35746,0.42497
-0.23336,0.30935,-0.17664,0.099021,0.23104,0.38809,0.29773,0.57726,0.51404,0.18412,0.49542,0.66865,0.10662,0.14636,0.133,0.2861,0.18643,-0.03103,0.4105,-0.066616,-0.16975,-0.31538,0.15591,0.21569,0.36367,0.74659,-0.34904,-0.22264,0.15469,0.60987,0.95975,0,0.29143,0.26387,0.30866,0.68216,0.26151,0.46386,0.28991,0.28043,-0.16184,0.16721,0.20679,0.37338,0.6389,0.60638,0.011238,0.0095325,-0.033978,-0.16659,-0.17374,0.22614,-0.30434,0.1161,-0.045619,-0.3497,-0.32178,-0.24765,-0.18545,0.36208,0.66272,0.3823,0.38353,0.05791,0.34846,-0.020858,0.053449,0.17523,0.2347,0.49525,0.82045,0.46073,0.46083,0.10902,0.14383,-0.18811,0.1747,-0.13749,-0.098126,-0.14189,0.16544,-0.07656,0.010122,0.13597,0.50939,0.063477,0.073181,-0.33951,-0.16364,0.073226,0.10097,0.062371,0.22575,0.24728,0.41118,0.095357,-0.051462,0.18074,0.40052,0.015142,0.37194,0.30841,0.49967,0.16656,0.43749
-0.60779,-0.29137,0.025849,-0.098241,-0.33361,-0.10391,-0.17703,-0.18194,-0.16238,-0.23797,0.22293,0.16049,0.55929,0.63126,-0.27,0.11336,0.18111,-0.071514,-0.091014,0.41353,-0.024288,-0.19018,-0.26171,-0.20517,0.12902,-0.18737,-0.4169,-0.62231,-0.024907,-0.11787,0.29454,0.29143,0,1.0789,0.90379,0.2518,0.61549,0.15068,-0.054183,-0.5166,-0.94174,-0.52325,0.23054,-0.10017,0.28725,0.19536,0.29579,0.36176,0.07478,0.082769,0.0029545,0.10164,-0.42917,-0.17179,-0.12529,-0.29034,-0.15158,0.35726,0.41525,-0.36702,-0.2765,0.19603,0.30023,-0.067427,-0.010697,0.17474,0.42723,-0.023175,-0.0797,0.24829,0.37007,0.41149,0.44213,0.28201,0.34278,-0.16507,-0.31302,0.36562,0.353,0.50834,0.48155,-0.19665,-0.092994,0.1699,0.38745,0.26469,0.36711,0.28036,0.48929,0.43603,0.35297,-0.055958,-0.11418,0.093501,0.10884,0.085182,-0.29246,-0.063072,-0.22515,0.40615,0.13129,0.60136,0.079217,-0.1365,0.025041
-0.46781,-0.20044,0.067034,-0.033353,-0.033483,0.065966,-0.078972,-0.066741,-0.12573,-0.42627,0.11423,0.21672,0.17751,0.29649,-0.083285,0.20242,0.08359,0.096155,-0.31977,0.10401,-0.19141,-0.18748,-0.5609,-0.30452,-0.048152,-0.18152,-0.14838,-0.35752,-0.075568,0.17355,0.032954,0.26387,1.0789,0,0.76298,0.41444,0.78719,0.51309,0.14499,-0.18429,-0.59067,-0.46052,-0.087205,-0.19216,-0.096246,-0.08677,0.44413,0.38951,-0.058615,0.095726,0.025095,-0.16028,-0.504,-0.28292,-0.1452,-0.44448,-0.3281,0.39294,0.40334,-0.31846,-0.20711,0.24167,0.44028,-0.13755,-0.10587,0.19901,0.43889,0.17916,0.22673,0.09181,0.3266,0.074347,0.21505,-0.10878,0.17122,-0.055323,-0.30023,0.21744,0.28543,0.46289,0.55845,-0.16341,-0.07171,-0.026329,0.13454,0.10074,0.19173,0.37912,0.42733,0.20646,0.43806,-0.23036,-0.014742,-0.1005,-0.083262,-0.36273,-0.70967,-0.14435,-0.44857,0.23725,0.16506,0.36924,0.13683,-0.36105,-0.013964
-0.32155,-0.11952,-0.016728,-0.14493,-0.13528,-0.10479,0.018801,-0.27016,0.22345,-0.02695,0.58459,0.46794,0.20618,0.10283,0.10218,0.53744,0.15253,-0.070624,-0.46422,-0.053884,-0.39056,-0.21024,-0.37007,-0.26656,0.43164,0.06433,-0.3335,-0.50842,-0.18776,-0.11468,0.31584,0.30866,0.90379,0.76298,0,0.38962,0.79751,0.39868,0.42152,-0.16543,-0.55615,-0.37547,0.35042,-0.099341,0.44622,0.51623,0.34172,0.23653,-0.30492,0.14611,-0.011577,-0.27785,-0.51242,-0.4113,-0.33047,-0.51752,-0.18896,0.3695,0.49462,-0.20228,-0.11835,0.27444,0.21905,0.1341,-0.09434,0.091067,0.28362,0.52898,0.44817,0.16649,0.4178,0.53492,0.59211,0.28518,0.56966,0.024484,-0.12321,0.1014,0.051667,0.71166,0.91219,-0.14285,-0.20058,-0.19759,0.12388,0.15308,0.25501,0.2065,0.27766,0.24948,0.3231,-0.34514,-0.16935,-0.11459,0.10707,0.14398,-0.21767,-0.13845,-0.30701,0.18068,-0.1671,0.32888,-0.04584,-0.51653,-0.19346
-0.29883,0.39227,-0.52193,-0.16257,0.37876,0.51179,0.1663,0.69495,0.36319,0.1157,0.32766,0.69909,-0.30754,-0.20155,0.22646,0.28819,-0.21172,-0.45585,0.094184,-0.20038,-0.048112,-0.49,0.11482,0.22579,0.12571,0.3975,0.014165,-0.14203,0.16208,0.97366,0.55353,0.68216,0.2518,0.41444,0.38962,0,0.18626,0.68305,0.23555,0.50876,-0.092008,0.20998,0.1072,0.40717,-0.0034018,0.085256,-0.19107,-0.11263,0.010205,-0.088654,-0.066348,0.095268,-0.34594,-0.0085219,-0.047342,-0.24044,-0.20972,-0.12504,-0.16851,0.34296,0.56343,0.47134,0.50197,0.099617,0.3088,-0.11115,-0.012566,0.41887,0.62406,0.39991,0.3689,-0.053062,0.016289,-0.3524,-0.29422,-0.31551,0.03685,-0.42927,-0.38079,-0.17263,0.28388,-0.44311,-0.40784,-0.35526,-0.066981,-0.49983,0.0033187,-0.26072,-0.17301,-0.27361,-0.1104,-0.23828,0.064521,0.12227,0.25956,-0.15137,-0.11064,-0.14813,0.064014,0.042464,0.32732,0.19556,0.42693,-0.036741,0.47453
-0.39415,-0.28073,0.56729,0.30898,-0.010317,-0.21584,-0.18272,-0.32717,0.3393,-0.095456,0.71994,0.43864,0.45979,0.35577,0.17598,0.28943,0.31957,0.26569,-0.38402,0.17651,-0.7921,-0.4778,-0.89155,-0.56032,0.37271,0.081948,-0.41693,-0.52591,-0.24608,-0.057875,-0.10364,0.26151,0.61549,0.78719,0.79751,0.18626,0,0.7643,0.76487,0.062636,-0.60869,-0.59583,-0.21275,-0.63093,0.24457,0.29802,0.38536,0.13207,-0.50225,0.25829,0.038511,-0.51974,-0.57706,-0.42361,-0.33315,-1.0223,-0.59325,0.53203,0.45256,0.055391,-0.11603,0.049857,0.12792,-0.34707,-0.27608,0.066296,0.31992,0.23891,0.11891,-0.24685,0.22109,0.22529,0.47853,0.12115,0.35607,0.51254,0.18978,0.61773,0.53997,0.72255,0.61611,-0.0041898,0.16682,0.006216,0.2031,0.45767,0.23897,0.30396,0.17807,0.38434,0.50823,-0.18905,-0.072237,-0.20673,0.10861,0.11354,-0.2582,0.18646,-0.17279,-0.19114,-0.32104,0.28095,0.042865,-0.52397,-0.11134
0.070656,0.38873,0.23339,0.46722,0.4845,0.37335,-0.023979,0.26212,0.5694,0.043113,0.45839,0.83282,-0.065446,-0.11447,0.095258,0.21548,0.10913,0.14461,-0.25071,-0.2258,-0.81964,-0.40864,-0.5542,-0.21855,0.11623,0.26148,-0.060926,0.024645,0.097146,0.47469,-0.047045,0.46386,0.15068,0.51309,0.39868,0.68305,0.7643,0,0.87931,0.78362,-0.05134,-0.014256,-0.34244,-0.11349,-0.014604,0.13558,0.15078,-0.080389,-0.53422,0.14289,0.18256,-0.5192,-0.39195,-0.20204,-0.13731,-0.61245,-0.63822,-0.023797,0.075757,0.25013,0.39767,-0.058715,0.16195,-0.29406,-0.22134,-0.07099,0.073396,0.33742,0.50965,-0.055731,0.11585,-0.11512,0.13371,-0.42211,-0.089527,0.4525,0.48144,-0.0095869,0.15719,0.16754,0.60554,0.040456,0.2237,-0.15015,0.11675,-0.029648,0.28212,-0.04576,-0.085108,-0.21151,0.22293,-0.34799,0.25846,-0.15312,0.28881,-0.20108,-0.097089,0.055949,0.11286,-0.38491,-0.11944,-0.11203,0.18874,-0.4425,0.18629
0.11262,0.11197,0.40429,0.38342,0.44707,-0.058427,0.28797,-0.058478,0.91919,0.21236,0.85634,0.75844,0.13298,-0.054066,0.36291,0.34352,0.035429,0.23144,-0.49,-0.27029,-1.0147,-0.39387,-0.51821,-0.20645,0.5187,0.37543,-0.31319,-0.20522,-0.029645,0.21086,-0.071502,0.28991,-0.054183,0.14499,0.42152,0.23555,0.76487,0.87931,0,0.71043,0.17298,0.044255,-0.25183,-0.44331,0.29226,0.48556,0.023752,-0.26087,-0.73217,0.15691,0.013722,-0.71768,-0.27317,-0.242,-0.39796,-0.69089,-0.56924,-0.092218,0.038416,0.4028,0.23733,0.049071,-0.023471,-0.21585,-0.37575,-0.34098,-0.21609,0.47781,0.31201,-0.33026,0.066098,-0.023834,0.1644,-0.17319,0.13039,0.64677,0.58228,0.23571,0.23356,0.24232,0.47167,-0.023639,0.11892,-0.27359,-0.060809,0.13724,-0.042498,-0.20356,-0.27856,-0.18962,0.13633,-0.36053,-0.023456,-0.11644,0.21299,0.18836,0.028736,0.21013,0.17023,-0.4534,-0.52517,0.0097568,-0.1148,-0.51835,-0.046196
0.37378,0.71614,-0.056939,0.30186,0.92112,0.55567,0.16646,0.63634,0.635,0.50414,0.31079,0.78803,-0.34047,-0.4137,0.4163,0.27128,-0.15029,0.096206,-0.036999,-0.40789,-0.35357,-0.14583,0.053833,0.28675,-0.033947,0.41245,0.2296,0.36889,0.2419,0.62394,0.024087,0.28043,-0.5166,-0.18429,-0.16543,0.50876,0.062636,0.78362,0.71043,0,0.60613,0.69199,-0.45307,0.078659,-0.082054,0.057124,-0.30598,-0.40685,-0.28685,0.017711,0.11371,-0.3898,-0.01618,0.18715,-0.14533,-0.18066,-0.43418,-0.48044,-0.34119,0.61941,0.86552,0.03749,0.013974,-0.071754,-0.019657,-0.42325,-0.35018,0.30077,0.40753,-0.065257,-0.20606,-0.40833,-0.20528,-0.61652,-0.34989,0.29564,0.8088,-0.27243,-0.15604,-0.3873,0.052927,-0.064484,0.034801,-0.30926,-0.21946,-0.30449,-0.11941,-0.53358,-0.52884,-0.5927,-0.097183,-0.29641,0.28979,-0.0024094,0.45203,-0.063022,0.29853,0.028625,0.49242,-0.49994,-0.14423,-0.33143,0.053316,-0.20588,0.32728
0.75261,0.42456,-0.17999,0.08003,0.65178,0.25727,0.59609,0.36676,0.15669,0.30584,-0.23815,0.11305,-0.45111,-0.44463,0.08466,0.022946,-0.47875,0.12154,-0.22725,-0.52194,0.16593,0.40948,0.35315,0.54098,-0.26123,-0.039641,0.42311,0.52301,0.303,0.27204,-0.11211,-0.16184,-0.94174,-0.59067,-0.55615,-0.092008,-0.60869,-0.05134,0.17298,0.60613,0,1.0043,-0.13911,0.20449,-0.21514,-0.084478,-0.34438,-0.23143,0.10613,-0.26685,-0.077716,-0.094343,0.67519,0.4168,0.0073703,0.46897,0.16757,-0.63,-0.29265,0.32312,0.37937,-0.053375,-0.24349,0.10192,-0.050328,-0.32826,-0.40586,0.044489,0.097457,-0.2093,-0.38436,-0.51879,-0.41033,-0.40033,-0.23784,0.13275,0.34395,-0.37821,-0.25977,-0.69901,-0.37195,-0.065502,-0.072794,-0.22421,-0.36587,-0.43902,-0.49848,-0.39068,-0.3146,-0.58719,-0.20238,-0.11702,0.060059,0.17545,0.012755,-0.12737,0.2107,0.10959,0.42637,-0.12683,-0.068539,-0.2808,-0.12477,0.063291,0.10217
0.53126,0.83527,-0.58384,-0.087513,0.80047,0.80973,0.37516,0.93878,0.082175,0.48449,-0.1099,0.39661,-0.36648,-0.35836,0.1424,0.21455,-0.36607,0.0038188,0.096757,-0.42539,0.31669,0.45103,0.76798,1.0511,-0.31122,0.074903,0.51851,0.60468,0.58792,0.35726,0.36262,0.16721,-0.52325,-0.46052,-0.37547,0.20998,-0.59583,-0.014256,0.044255,0.69199,1.0043,0,-0.10141,0.56291,0.0088459,-0.0028127,-0.3729,-0.18412,0.28813,-0.13914,0.086978,0.083227,0.48401,0.80983,0.10803,0.4664,0.014362,-0.7846,-0.4115,0.29716,0.77709,0.11597,-0.1484,0.29952,0.27428,-0.31305,-0.30322,-0.023401,0.12238,0.26709,-0.30337,-0.30787,-0.25567,-0.26527,-0.18496,-0.13926,0.40928,-0.60375,-0.5229,-0.95715,-0.37479,-0.21531,-0.26868,-0.21697,-0.25167,-0.60398,-0.49832,-0.6063,-0.37151,-0.43529,-0.088652,-0.016,0.3546,0.4637,0.54277,-0.042911,0.40316,-0.0036885,0.77324,-0.033094,0.1168,-0.25789,-0.097877,0.2542,0.54754
-0.26332,-0.20636,-0.27533,-0.20271,-0.5995,-0.23411,0.30437,-0.05074,0.18652,0.1141,0.072283,-0.11107,0.065095,0.04571,-0.22326,-0.013315,-0.13832,-0.29686,0.10074,0.050146,0.38019,0.077451,0.39782,0.18612,0.33225,0.28056,-0.20989,-0.26525,-0.0082995,-0.076831,0.57687,0.20679,0.23054,-0.087205,0.35042,0.1072,-0.21275,-0.34244,-0.25183,-0.45307,-0.13911,-0.10141,0,0.65638,0.38571,0.45011,0.20949,0.44841,0.34483,-0.11061,-0.10932,0.68776,-0.00096769,-0.0055517,0.17644,0.38358,0.74879,0.21236,0.29331,-0.0027657,-0.029398,0.10287,0.27947,0.4141,0.46618,0.44494,0.35748,0.0022737,0.09515,0.28046,0.57837,0.64112,0.41112,0.66047,0.49859,-0.42621,-0.37399,-0.33859,-0.38951,0.013795,0.10015,0.047515,-0.14962,0.188,0.23998,-0.073297,0.063485,0.24285,0.45811,0.31943,0.011155,0.3813,-0.029926,0.20641,-0.073892,0.22789,0.084664,0.15497,-0.088571,0.56699,0.43053,0.47381,0.42953,0.33348,0.0094367
0.13402,0.54146,-0.74458,-0.15282,0.004839,0.65775,0.19655,0.80467,0.010959,0.18712,-0.27737,0.091149,-0.38318,-0.30419,-0.20743,0.030274,-0.16918,-0.2362,0.42375,-0.24158,0.56904,0.33929,0.82573,0.64538,-0.2075,0.27841,0.365,0.45158,0.4476,0.30859,0.66686,0.37338,-0.10017,-0.19216,-0.099341,0.40717,-0.63093,-0.11349,-0.44331,0.078659,0.20449,0.56291,0.65638,0,0.035184,0.031422,0.09477,0.34987,0.49258,-0.13989,0.12606,0.70815,0.20099,0.44187,0.46752,0.69694,0.45871,-0.23618,-0.072441,0.034144,0.54086,0.070201,0.25027,0.5635,0.78164,0.38844,0.26301,-0.088237,0.29652,0.7505,0.27845,0.1925,0.05852,0.12048,0.052382,-0.57772,-0.11459,-1.1258,-0.86003,-0.58264,-0.1329,0.087693,-0.11887,0.10719,0.1422,-0.51908,-0.037356,-0.041263,0.1755,-0.029116,0.016051,0.37723,0.52579,0.35896,0.30281,-0.16345,0.2133,-0.053884,0.29112,0.39704,0.81964,-0.06458,0.47803,0.53504,0.51563
