,,,,,,,,,,,,,,,,,,,,,,,,,,,,,,,,,,,,,,,,,,,,,,,,,,,,,,,,,,,,,,,,,,,,,,,,,,,,,,,,,,,,,,,,,,,,,,,,,,,,,,,,
0,0.75574,-0.68456,-0.018753,0.063644,-0.094665,0.59064,0.36018,0.66983,0.7812,0.00215,0.27692,-0.69709,-0.8008,0.21,0.22457,0.12188,-0.065057,0.35272,-0.097771,0.096796,0.03887,0.62325,0.27002,0.7754,0.61138,0.18148,0.42409,0.17371,-0.081989,0.50676,0.36306,-0.67288,-0.59104,0.10572,0.31409,-0.40156,0.046446,0.37892,0.72684,1.1513,0.83257,0.93559,0.8287,0.71763,0.99408,-0.10955,-0.070609,-0.048949,-0.27932,-0.22779,0.14064,0.43202,0.0071007,-0.032796,0.45762,0.54636,0.127,0.28041,0.58133,0.65359,-0.16894,0.38489,0.2996,0.11058,0.23644,-0.03382,0.46493,0.74615,0.31614,0.53217,0.63599,0.6029,0.45904,0.80193,-0.03788,0.18626,-0.91078,-0.91719,-0.3229,-0.058669,0.25259,0.096416,-0.084341,-0.11835,-0.11136,0.15634,-0.021913,-0.052777,0.13223,0.29459,-0.15868,0.022138,0.125,-0.12232,-0.46881,-0.33316,-0.010979,-0.43411,-0.056417,0.14464,-0.32918,0.26837,0.0086822,-0.09528
0.75574,0,-0.61838,0.25365,0.1363,0.5301,0.3534,0.95005,0.79103,0.54257,0.16595,0.47362,-0.24168,-0.31567,-0.27321,0.068449,0.2438,-0.16765,0.44685,-0.3155,0.17364,-0.057478,0.65064,0.4522,0.42702,0.69841,0.54383,0.6101,0.24471,0.34816,0.67119,0.60055,-0.32331,-0.24423,-0.091754,0.66129,-0.37333,0.31328,0.29304,0.91936,0.74519,0.96438,0.31894,0.76604,0.22427,0.51201,-0.10362,-0.063216,-0.3193,-0.19044,0.00092599,-0.056684,0.24552,0.37215,0.03245,0.33145,0.24201,-0.37694,-0.057093,0.18566,0.83494,-0.40927,0.18813,0.22174,0.21174,0.047802,-0.12903,0.16267,0.52308,0.57287,0.25156,0.091435,0.20441,-0.15167,0.17302,-0.1449,0.44845,-0.63288,-0.43368,-0.35049,-0.073448,0.43303,0.25709,0.074032,0.14208,-0.059662,0.26003,-0.31625,0.042976,-0.18286,0.17132,-0.23016,0.26463,-0.080506,0.12034,-0.29207,-0.1122,0.045791,0.078349,-0.088369,0.2356,-0.60272,0.43253,-0.10458,0.13023
-0.68456,-0.61838,0,0.61945,0.24154,-0.14379,-0.069926,-0.29551,-0.26038,-0.60861,0.42415,0.026093,0.76078,0.88625,-0.19255,-0.26224,-0.12344,0.25084,-0.416,0.091038,-0.72321,-0.28662,-0.80406,-0.30918,-0.19463,-0.40006,-0.76763,-0.5979,0.15504,0.22622,-0.24317,0.073366,0.61594,0.61621,0.32666,-0.034848,0.96362,0.37915,0.10601,-0.26446,-0.43798,-0.58965,-0.29849,-0.57719,-0.20055,-0.2069,0.20796,0.29367,-0.23471,0.13707,0.10633,-0.21902,-0.1301,-0.014001,0.17607,-0.56083,-0.21139,0.04581,0.035801,-0.14335,-0.64655,0.069901,-0.47312,-0.38186,-0.285,-0.028367,0.37405,-0.17728,-0.4428,-0.37662,-0.092648,-0.16763,-0.050267,-0.23193,-0.24302,0.60507,0.16231,0.98628,1.0719,0.39999,0.3404,-0.25,0.1304,0.47962,0.38908,0.37074,-0.086238,0.22924,0.27922,-0.16135,-0.10887,0.4561,0.17975,0.45842,0.40881,0.83666,0.50384,0.37355,0.73553,-0.13633,-0.35833,0.41775,-0.33602,0.05836,0.096502
-0.018753,0.25365,0.61945,0,0.21182,0.21205,0.27123,0.42762,0.52271,-0.038438,0.46377,0.38895,0.44149,0.48952,-0.40409,-0.24537,-0.13185,0.15371,0.020263,-0.15484,-0.51721,-0.30547,-0.13436,0.09021,0.21784,0.32883,-0.42194,-0.042951,0.48033,0.72265,0.30724,0.77028,0.26302,0.4171,0.19788,0.53422,0.42718,0.89171,0.278,0.45409,0.17759,0.06673,0.14021,0.20661,0.033811,0.29599,0.20999,0.32636,-0.32398,-0.1885,0.031375,0.034098,0.22013,0.48897,0.43477,-0.13543,0.17685,-0.076744,0.15896,0.25676,0.15441,-0.16302,-0.020538,-0.26874,-0.085668,0.13704,0.34993,-0.14089,0.017837,0.20619,0.4231,-0.016134,0.12182,-0.32239,-0.047076,0.48363,0.69651,0.26891,0.44532,-0.037563,0.26435,0.15808,0.59557,0.94471,0.80581,0.34579,0.16241,0.056572,0.38429,-0.38133,0.097987,0.37448,0.50895,0.52473,0.62163,0.2974,0.27007,0.77996,0.90415,-0.21667,-0.07515,0.074548,0.12185,0.08273,0.38258
0.063644,0.1363,0.24154,0.21182,0,0.49879,0.66446,0.31369,0.21889,-0.074456,0.84695,0.52741,0.039804,0.072522,-0.40898,-0.23677,-0.096877,0.061694,-0.33856,-0.11917,-0.55028,-0.6186,-0.22059,0.17586,0.18624,0.032259,-0.24638,-0.31984,0.3628,0.53989,0.14816,-0.13505,0.27358,0.26818,0.46625,0.53273,0.45444,0.49591,1.0278,0.39525,0.20106,0.24398,-0.29378,-0.40609,-0.16806,-0.043663,-0.3256,-0.29425,-0.53716,0.29322,0.32263,-0.66961,-0.041487,-0.30584,-0.15347,-0.84324,-0.60693,-0.62179,-0.3905,0.11891,-0.18794,-0.21159,-0.499,-0.34704,-0.67649,-0.55619,-0.25506,0.36181,0.31033,-0.38659,-0.28124,-0.43643,-0.20295,-0.43576,-0.31254,0.50072,0.23451,-0.097995,0.14543,0.22976,0.2691,-0.22193,0.0015731,0.029772,0.26956,0.034137,0.12946,-0.48898,-0.17424,-0.46366,-0.26771,-0.043626,0.0080696,0.51902,0.38239,0.28572,0.22493,0.2429,0.23871,-0.49606,-0.37033,-0.035837,-0.043701,-0.24874,-0.084177
-0.094665,0.5301,-0.14379,0.21205,0.49879,0,-0.036887,0.58346,0.13955,-0.096521,0.1696,0.16312,0.17062,0.11794,-0.5665,-0.2961,0.098936,0.050418,0.013404,-0.29498,0.10292,0.080499,0.10226,0.38841,-0.14724,0.27733,0.43877,0.34184,0.19145,0.51599,0.18282,0.089771,0.29836,0.25991,-0.078138,0.30303,-0.039179,0.25007,0.056188,0.16764,-0.005484,0.29299,-0.43033,0.049039,-0.35988,-0.26801,-0.08402,-0.12758,-0.052534,0.4138,0.66615,-0.10792,-0.13661,0.38019,0.24071,-0.068455,-0.35802,-0.99622,-0.57529,-0.20585,0.24071,-0.4434,-0.32411,-0.025859,0.080137,-0.23903,-0.2438,-0.12939,0.11663,0.19033,-0.23227,-0.54501,-0.49149,-0.59925,-0.62289,-0.20815,0.18071,-0.27088,2.5066e-05,0.069129,0.12014,0.36214,0.28087,0.11889,0.37167,-0.038744,0.22103,-0.50062,-0.10412,-0.49656,-0.35753,0.073824,0.43395,0.039703,0.32757,0.056527,0.27654,0.25842,0.35333,-0.014596,0.23541,-0.2349,0.3431,0.031317,0.33453
0.59064,0.3534,-0.069926,0.27123,0.66446,-0.036887,0,0.66152,0.56934,0.33431,0.51255,0.68824,-0.32691,-0.22154,-0.27978,-0.077706,-0.31049,-0.091965,0.0069925,0.0040645,-0.32905,-0.69955,0.17601,0.37611,0.49826,0.37033,-0.33001,-0.11512,0.5791,0.54863,0.63586,0.14116,-0.23937,-0.11545,0.35273,0.84239,0.092579,0.45612,1.2403,0.94145,0.72301,0.60748,0.3481,0.14925,0.18488,0.41807,-0.23252,-0.13985,-0.42675,-0.36206,-0.31199,-0.25409,0.10103,-0.35422,-0.4121,-0.42255,-0.10543,-0.059384,0.023182,0.62933,0.19944,-0.06645,0.14244,-0.16739,-0.31736,-0.21681,-0.0016708,0.3197,0.40312,-0.17167,0.21577,0.17949,0.41246,-0.0066359,0.34883,0.47873,0.24278,-0.38889,-0.24305,-0.39042,-0.19836,-0.27449,-0.041233,0.18446,0.072207,-0.16952,-0.057799,-0.19715,-0.040369,-0.12277,0.21688,-0.14975,-0.13516,0.65952,0.24421,-0.23362,-0.3376,0.27277,0.056126,-0.4376,-0.087053,-0.25737,0.1635,-0.16111,0.019522
0.36018,0.95005,-0.29551,0.42762,0.31369,0.58346,0.66152,0,0.59039,0.30761,0.19968,0.46519,-0.10975,-0.04513,-0.74972,-0.3321,-0.061605,-0.06389,0.47603,-0.096427,0.15,-0.33338,0.56818,0.75607,0.27165,0.80272,0.22358,0.37388,0.56764,0.88069,0.74904,0.35348,-0.20141,-0.084821,-0.19667,0.74709,-0.24954,0.32561,0.46155,0.89682,0.52627,0.78822,0.10089,0.46791,-0.14179,0.13633,-0.057524,-0.002242,-0.19503,-0.2811,-0.05017,0.048452,0.014929,0.2758,-0.082201,-0.057265,-0.042344,-0.38451,-0.20028,0.23449,0.47636,-0.52045,0.17746,-0.092689,0.069701,-0.056198,0.0070591,-0.20422,0.075881,0.28637,0.16746,-0.055843,0.093481,-0.30602,0.0425,-0.045648,0.27698,-0.49458,-0.21363,-0.62091,-0.39769,0.26245,0.33757,0.47246,0.32553,-0.065939,0.1243,-0.30964,0.17207,-0.21723,0.17412,0.012012,0.29979,0.2436,0.23574,-0.39236,-0.26536,0.37535,0.27662,-0.19278,0.31518,-0.60099,0.56209,0.10219,0.41012
0.66983,0.79103,-0.26038,0.52271,0.21889,0.13955,0.56934,0.59039,0,0.74895,0.41641,0.70993,-0.34387,-0.32483,-0.041266,0.14154,-0.13174,0.035035,0.25648,-0.42404,-0.21382,-0.41907,0.33881,0.19056,0.65416,0.69966,-0.040117,0.074829,0.19491,0.36023,0.37452,0.49027,-0.42443,-0.25438,-0.031291,0.6592,-0.20753,0.50163,0.52882,1.1309,0.87433,0.68659,0.49152,0.64068,0.35403,0.76158,-0.15133,-0.10725,-0.40831,-0.46017,-0.22732,-0.028611,0.57495,0.23858,0.17238,0.096239,0.31761,-0.083002,0.18187,0.59747,0.67757,-0.16749,0.29205,-0.19004,-0.29989,-0.06809,-0.18592,0.27824,0.62135,0.26204,0.57266,0.078141,0.22698,-0.088927,0.22743,0.38866,0.87157,-0.50062,-0.35527,-0.41673,0.06648,0.023732,0.21207,0.16111,0.13863,-0.045743,0.16777,-0.22497,0.038563,-0.27099,0.2283,-0.16761,0.18904,0.2201,0.34815,-0.18088,-0.020729,0.28906,0.11984,-0.49511,-0.13446,-0.19823,0.29319,-0.020209,0.20706
0.7812,0.54257,-0.60861,-0.038438,-0.074456,-0.096521,0.33431,0.30761,0.74895,0,0.12419,0.6107,-0.55682,-0.58495,0.38442,0.51208,0.30419,0.37875,0.69601,0.14685,0.37736,-0.052486,0.95873,0.57051,0.75949,0.60336,0.33421,0.25472,-0.25062,-0.25802,0.423,0.37762,-0.82663,-0.79041,-0.18161,0.25345,-0.55886,-0.18722,0.29221,0.63465,0.7003,0.86956,0.39608,0.57688,0.75963,0.96939,-0.56481,-0.54132,-0.12511,-0.45463,-0.30782,-0.066008,0.3572,0.077559,-0.049494,0.33207,0.19658,-0.089951,0.056322,0.62118,0.82832,0.092451,0.31106,0.0066305,-0.16705,-0.2878,-0.60324,0.34468,0.4455,0.097029,0.23291,0.17223,0.23031,0.17121,0.36087,-0.067115,0.40609,-0.64918,-0.66904,-0.4861,-0.24273,0.062874,0.20008,-0.031335,-0.09059,0.06851,0.3326,-0.4405,-0.44566,-0.046407,0.033265,-0.56913,-0.27839,-0.090087,-0.086861,-0.41257,-0.36627,0.20303,-0.47912,-0.15161,0.20857,-0.17226,0.46894,-0.10673,-0.15777
0.00215,0.16595,0.42415,0.46377,0.84695,0.1696,0.51255,0.19968,0.41641,0.12419,0,1.0687,0.11067,0.19322,-0.14924,0.086002,-0.095778,0.23686,-0.2298,-0.25154,-0.70905,-0.9783,-0.17006,0.10446,0.46639,0.039682,-0.21069,-0.38295,0.013441,0.35506,0.19888,0.24816,0.13134,0.18738,0.42534,0.66393,0.43234,0.59273,0.87124,0.47748,0.21937,0.21316,-0.075044,-0.23003,0.092919,0.29551,-0.26273,-0.22899,-1.0673,-0.12686,-0.070106,-1.0004,0.15694,-0.18036,-0.10479,-0.74063,-0.38386,-0.39351,-0.11047,0.23843,-0.059485,0.016024,-0.40476,-0.30955,-0.65053,-0.52959,-0.23723,0.42708,0.32812,-0.3443,-0.14028,-0.29144,0.0055146,-0.37259,-0.20056,0.84498,0.69583,0.12364,0.2896,0.086868,0.29259,-0.4582,-0.077053,0.14728,0.22779,0.12504,0.018442,-0.34146,-0.040172,-0.41212,-0.16835,-0.067093,0.05845,0.50166,0.7041,0.57586,0.40319,0.27503,0.51475,-0.42985,-0.32501,-0.071601,0.082377,-0.34314,-0.098331
0.27692,0.47362,0.026093,0.38895,0.52741,0.16312,0.68824,0.46519,0.70993,0.6107,1.0687,0,-0.21418,-0.16013,0.01583,0.4215,-0.023643,0.31709,0.027396,-0.058326,-0.32497,-0.67608,0.17792,0.50291,0.57734,0.31516,0.066844,-0.035986,-0.029613,0.24223,0.41356,0.48896,-0.23051,-0.16184,0.19141,0.7784,0.12832,0.47134,0.93213,0.87369,0.47554,0.6564,0.002492,0.055072,0.26806,0.53686,-0.4568,-0.45328,-0.91961,-0.48317,-0.34443,-0.74625,0.28154,-0.048458,-0.19889,-0.40403,-0.32596,-0.37945,-0.13531,0.54809,0.46887,0.17034,-0.1527,-0.11256,-0.44235,-0.58515,-0.44009,0.49945,0.487,-0.27423,-0.07229,-0.20547,0.10954,-0.31738,-0.042214,0.59968,0.90193,-0.18932,-0.040877,-0.29837,-0.0079201,-0.32244,0.01711,0.05845,0.15078,-0.038559,0.13198,-0.52995,-0.24141,-0.42225,-0.15172,-0.40714,-0.16409,0.30731,0.58128,0.13015,0.016974,0.3816,0.25768,-0.26987,-0.016815,-0.29772,0.3225,-0.4152,-0.019321
-0.69709,-0.24168,0.76078,0.44149,0.039804,0.17062,-0.32691,-0.10975,-0.34387,-0.55682,0.11067,-0.21418,0,1.9109,-0.52125,-0.48193,0.2767,0.017934,-0.074966,0.13693,-0.06681,0.034479,-0.3034,-0.11316,-0.21516,-0.16123,-0.35885,-0.20173,0.36033,0.30575,0.016998,0.0729,1.0518,0.95871,0.28782,0.113,0.62691,0.31399,-0.14721,-0.25633,-0.4985,-0.46174,-0.35196,-0.27226,-0.36416,-0.25684,0.26593,0.44196,-0.062122,0.57992,0.62914,-0.10262,-0.61782,0.085689,0.15294,-0.16817,-0.045981,-0.25274,-0.13061,-0.75808,-0.60271,-0.15183,-0.27974,-0.16411,-0.0051496,0.0016828,0.35266,-0.30858,-0.50749,0.2119,-0.13116,-0.23178,-0.24796,-0.54378,-0.37241,-0.046478,-0.13347,0.92809,1.1312,0.55507,0.37307,0.14844,0.4291,0.46782,0.53451,0.67669,0.2746,0.12245,0.23456,-0.30403,-0.060245,0.25156,0.29487,-0.072864,-0.082603,0.65337,0.45125,0.29354,0.61799,0.034851,-0.1371,0.36646,-0.09663,-0.02595,-0.035533
-0.8008,-0.31567,0.88625,0.48952,0.072522,0.11794,-0.22154,-0.04513,-0.32483,-0.58495,0.19322,-0.16013,1.9109,0,-0.63417,-0.56759,0.086638,0.039325,-0.048992,0.13278,-0.1143,-0.14482,-0.31536,-0.13104,-0.24001,-0.18433,-0.46625,-0.35194,0.34367,0.41903,0.0071633,0.03866,0.86654,0.83931,0.18568,0.12686,0.55218,0.29677,-0.11128,-0.26077,-0.53477,-0.52507,-0.34035,-0.3134,-0.3932,-0.31053,0.24269,0.40937,-0.088074,0.37894,0.43056,-0.13067,-0.62489,0.022049,0.044699,-0.31816,-0.14013,-0.19679,-0.10816,-0.59846,-0.64896,-0.1763,-0.23822,-0.36958,-0.091313,-0.047423,0.36124,-0.43706,-0.65338,0.097908,-0.11682,-0.22392,-0.19101,-0.47857,-0.37441,0.039649,-0.10296,0.92738,1.1733,0.348,0.20057,-0.028589,0.30632,0.54645,0.45644,0.52766,0.11768,0.1342,0.28761,-0.20533,-0.019294,0.29435,0.27018,0.048613,0.040262,0.5752,0.39983,0.34501,0.72597,-0.080131,-0.12579,0.35598,-0.060551,0.048994,0.049767
0.21,-0.27321,-0.19255,-0.40409,-0.40898,-0.5665,-0.27978,-0.74972,-0.041266,0.38442,-0.14924,0.01583,-0.52125,-0.63417,0,1.141,0.1841,0.32608,-0.085534,0.058022,0.034825,0.37247,0.012741,-0.15259,0.1635,-0.20688,0.1115,-0.033724,-0.85942,-1.1437,-0.41763,-0.055728,-0.43956,-0.49356,-0.040072,-0.5399,-0.18116,-0.45911,-0.20325,-0.264,0.005517,-0.080199,0.15228,-0.020599,0.61881,0.37207,-0.080944,-0.22685,0.025852,-0.21358,-0.33716,-0.021366,0.37995,-0.14265,0.095429,0.30847,0.14829,0.50827,0.45281,0.29289,0.22687,0.76848,0.00041396,0.36165,0.033553,0.060445,-0.23278,0.55959,0.35244,-0.29074,0.031589,0.25511,0.16293,0.59609,0.34801,0.007914,0.018828,-0.11362,-0.38725,0.083091,0.10821,-0.049269,-0.17415,-0.46326,-0.34852,-0.039581,-0.027684,0.16189,-0.29612,0.30998,0.012273,-0.28285,-0.43711,-0.17213,-0.078068,-0.038042,-0.16794,-0.31126,-0.64748,0.32524,-0.023204,0.11548,-0.22388,-0.14639,-0.26604
0.22457,0.068449,-0.26224,-0.24537,-0.23677,-0.2961,-0.077706,-0.3321,0.14154,0.51208,0.086002,0.4215,-0.48193,-0.56759,1.141,0,0.22441,0.28532,-0.071668,0.0065606,0.032152,0.16504,0.074834,0.025433,0.14107,-0.1262,0.23893,-0.0083228,-0.73164,-0.6626,-0.20117,0.16873,-0.47442,-0.49817,-0.046074,-0.17421,-0.15847,-0.18767,0.017591,-0.0094986,0.032339,0.10686,-0.0041559,-0.02342,0.59832,0.43517,-0.22165,-0.36319,-0.35956,-0.43829,-0.50625,-0.37979,0.29923,-0.14156,-0.21515,0.12396,-0.11576,0.24578,0.33879,0.29855,0.51253,0.90217,-0.020552,0.29921,0.022243,-0.15761,-0.36464,0.67633,0.4664,-0.26833,-0.025244,0.1345,0.25267,0.32195,0.26576,0.081638,0.27093,-0.12425,-0.30974,-0.11494,-0.045171,-0.12368,-0.2032,-0.48141,-0.31794,-0.13848,-0.016998,-0.061633,-0.34405,0.21481,0.073984,-0.67396,-0.59018,-0.21538,0.13258,-0.11148,-0.31256,-0.25007,-0.41363,0.23865,0.086779,-0.092741,-0.08639,-0.4666,-0.24955
0.12188,0.2438,-0.12344,-0.13185,-0.096877,0.098936,-0.31049,-0.061605,-0.13174,0.30419,-0.095778,-0.023643,0.2767,0.086638,0.1841,0.22441,0,0.32229,0.51289,0.36022,0.48716,0.44821,0.45896,0.34702,0.21623,0.11732,0.3301,0.17495,-0.13948,-0.32482,0.10713,0.14449,0.042732,-0.081958,-0.01362,-0.11615,-0.036842,-0.30447,-0.058159,-0.045204,-0.036466,0.16207,-0.20331,0.0055151,0.27417,0.27142,-0.13793,-0.071453,-0.12746,0.41852,0.44023,-0.20509,-0.28298,0.023769,0.058251,0.31246,0.051739,-0.24901,-0.0023857,-0.40393,0.011081,-0.015541,-0.22646,0.26137,0.11962,-0.043549,-0.15063,0.24291,-0.0061859,0.20165,-0.21692,-0.025245,-0.067908,-0.057026,0.10319,-0.54221,-0.19119,0.0563,0.037037,0.37913,0.17166,0.69514,0.59967,0.063542,0.26439,0.84723,0.75892,-0.17408,-0.16675,0.0018387,0.018772,-0.30964,-0.10856,-0.49989,-0.46103,0.11235,-0.070207,-0.072301,-0.33801,0.30103,0.079791,0.017887,-0.013582,-0.22714,-0.42615
-0.065057,-0.16765,0.25084,0.15371,0.061694,0.050418,-0.091965,-0.06389,0.035035,0.37875,0.23686,0.31709,0.017934,0.039325,0.32608,0.28532,0.32229,0,0.29992,0.2906,0.17159,0.12231,0.20095,0.45892,0.28672,0.30765,-0.0012288,-0.090016,-0.36441,-0.2538,-0.096105,0.18404,-0.19619,-0.30058,-0.23154,-0.29093,-0.0016749,-0.30154,0.052396,-0.12536,-0.17757,0.016241,-0.16855,-0.056099,0.29777,0.2457,-0.13199,-0.16043,0.0040456,-0.13215,-0.024372,-0.14273,-0.069704,0.04048,0.11158,-0.085956,-0.22593,-0.089788,0.01294,0.12662,0.082693,0.164,-0.21678,-0.19329,-0.19951,-0.15736,-0.19166,0.066897,-0.16768,-0.2971,0.0024363,0.04113,0.029193,0.13825,0.068302,0.039219,0.17867,-0.063486,-0.018758,-0.1126,-0.063442,0.091746,0.38204,0.33691,0.20539,0.35029,0.24905,-0.061787,-0.1004,0.029676,-0.15853,0.10011,0.073741,0.18788,0.24521,0.068015,0.04171,0.61709,-0.091738,0.19377,0.38679,0.12669,0.37155,0.15138,0.069925
0.35272,0.44685,-0.416,0.020263,-0.33856,0.013404,0.0069925,0.47603,0.25648,0.69601,-0.2298,0.027396,-0.074966,-0.048992,-0.085534,-0.071668,0.51289,0.29992,0,0.34007,0.84826,0.1579,1.4587,0.6032,0.3977,0.61596,0.31059,0.26947,-0.049754,-0.0096094,0.37543,0.24667,-0.57344,-0.57342,-0.66295,-0.009272,-0.75301,-0.47437,-0.11413,0.24304,0.26767,0.38909,0.23005,0.56904,0.31706,0.38688,-0.12901,-0.06177,0.14577,-0.21889,-0.036906,0.24602,-0.10582,0.19618,0.019652,0.43804,0.26902,-0.0026515,0.1163,0.10897,0.34295,-0.37773,0.30609,-0.10515,0.10864,0.093282,-0.096596,-0.25585,-0.20335,0.35067,0.14757,0.24047,0.16228,0.20744,0.34083,-0.61307,-0.065755,-0.41073,-0.36777,-0.51839,-0.49299,0.49735,0.53613,0.35432,0.11803,0.32779,0.40753,-0.098794,0.039795,0.2641,0.25563,-0.14893,0.029573,-0.27409,-0.32085,-0.51019,-0.39025,0.15933,-0.31023,0.025159,0.38252,-0.24532,0.40452,0.28988,0.043392
-0.097771,-0.3155,0.091038,-0.15484,-0.11917,-0.29498,0.0040645,-0.096427,-0.42404,0.14685,-0.25154,-0.058326,0.13693,0.13278,0.058022,0.0065606,0.36022,0.2906,0.34007,0,0.40448,0.17198,0.26761,0.44501,0.074362,0.011364,-0.06588,0.032197,0.0065308,-0.19616,0.17377,0.034857,0.04441,-0.044704,0.0025818,-0.14642,0.16717,-0.30342,0.022271,-0.11522,-0.25097,-0.095315,-0.21232,-0.27227,0.029275,-0.036635,-0.33019,-0.26249,0.24216,0.020886,-0.0085984,-5.9672e-05,-0.33162,-0.18546,-0.2048,-0.10512,-0.18756,0.03452,-0.18656,0.047372,-0.17917,0.23503,0.11486,-0.027692,-0.12348,-0.16085,-0.10961,-0.026722,-0.30627,-0.12683,-0.3393,-0.032166,-0.13064,-0.020861,-0.0013938,-0.27051,-0.36096,0.23382,0.20114,0.04434,-0.1937,0.098906,0.32966,0.14882,0.28253,0.40743,0.53788,-0.1441,-0.2597,-0.022511,-0.29093,-0.24619,-0.54696,-0.27242,-0.55237,-0.20844,-0.3843,0.29151,-0.38873,0.26209,0.19544,0.21756,-0.01002,-0.22407,-0.49003
0.096796,0.17364,-0.72321,-0.51721,-0.55028,0.10292,-0.32905,0.15,-0.21382,0.37736,-0.70905,-0.32497,-0.06681,-0.1143,0.034825,0.032152,0.48716,0.17159,0.84826,0.40448,0,0.60855,0.90795,0.48218,-0.035674,0.34047,0.59186,0.44995,-0.18538,-0.29727,0.18566,-0.076297,-0.28939,-0.40094,-0.5566,-0.28628,-0.75881,-0.79774,-0.50703,-0.19993,-0.13134,0.15331,-0.015247,0.34857,0.075813,-0.024642,-0.12135,-0.11828,0.57376,0.056078,0.11546,0.33865,-0.43445,0.061229,-0.17644,0.55911,0.092597,-0.083163,-0.12195,-0.26788,0.23911,-0.074913,0.38455,0.1627,0.41748,0.041931,-0.19817,-0.28374,-0.2698,0.39896,-0.02885,0.14919,-0.054023,0.16959,0.12012,-1.3297,-0.52296,-0.33835,-0.38965,-0.29616,-0.52026,0.42891,0.22275,-0.027031,-0.14138,0.095271,0.26948,-0.10791,-0.20625,0.27113,0.058847,-0.26118,-0.12368,-0.6416,-0.67306,-0.65438,-0.48782,-0.038925,-0.60271,0.38782,0.74603,-0.084538,0.47011,0.12594,-0.094072
0.03887,-0.057478,-0.28662,-0.30547,-0.6186,0.080499,-0.69955,-0.33338,-0.41907,-0.052486,-0.9783,-0.67608,0.034479,-0.14482,0.37247,0.16504,0.44821,0.12231,0.1579,0.17198,0.60855,0,0.15622,0.038615,-0.30568,-0.020315,0.34812,0.50707,-0.1955,-0.52928,-0.13483,0.0047929,0.010329,-0.11741,-0.19122,-0.62978,-0.26398,-0.50465,-0.86416,-0.54446,-0.25335,-0.1562,0.012305,0.23515,0.18222,-0.039271,0.23017,0.18866,0.71422,0.37088,0.3661,0.56881,-0.20517,0.25078,0.32943,0.84575,0.31198,0.13975,0.092228,-0.28676,0.18327,0.097747,0.053602,0.57082,0.81088,0.4535,0.14959,-0.10399,-0.063947,0.32103,0.051582,0.29592,-0.011872,0.34587,0.14957,-0.85402,-0.46182,-0.13866,-0.28409,0.19646,0.052932,0.73134,0.27172,-0.11124,-0.03175,0.068023,0.18195,0.25723,-0.11272,0.23907,-0.03191,0.065817,0.083723,-0.40036,-0.39447,-0.20702,-0.099491,-0.13149,-0.39347,0.73268,0.47638,0.1108,-0.030379,0.21324,0.046523
0.62325,0.65064,-0.80406,-0.13436,-0.22059,0.10226,0.17601,0.56818,0.33881,0.95873,-0.17006,0.17792,-0.3034,-0.31536,0.012741,0.074834,0.45896,0.20095,1.4587,0.26761,0.90795,0.15622,0,0.84835,0.58965,0.76879,0.51432,0.4782,-0.045072,-0.047538,0.5532,0.23055,-0.62667,-0.61868,-0.43035,0.16774,-0.8489,-0.41181,0.032327,0.42751,0.49124,0.69768,0.32143,0.69102,0.37473,0.50878,-0.22818,-0.20356,0.10393,-0.20808,-0.045296,0.16128,-0.048952,0.090685,-0.065137,0.47658,0.24172,-0.10722,0.048106,0.22276,0.5453,-0.25061,0.36603,0.13423,0.15417,-0.00014269,-0.25137,0.017774,0.12511,0.36907,0.10625,0.22749,0.13533,0.1804,0.35045,-0.65172,-0.07353,-0.71363,-0.63982,-0.51476,-0.43223,0.45522,0.40529,0.13952,0.051835,0.16987,0.4282,-0.23951,-0.14171,0.13671,0.16136,-0.29948,-0.056012,-0.27491,-0.35243,-0.61552,-0.48158,0.10457,-0.46505,0.12449,0.48921,-0.38342,0.57697,0.10141,-0.051546
0.27002,0.4522,-0.30918,0.09021,0.17586,0.38841,0.37611,0.75607,0.19056,0.57051,0.10446,0.50291,-0.11316,-0.13104,-0.15259,0.025433,0.34702,0.45892,0.6032,0.44501,0.48218,0.038615,0.84835,0,0.4643,0.75798,0.38536,0.48445,0.16649,0.20092,0.62627,0.25233,-0.18684,-0.20383,-0.14034,0.36197,-0.18852,-0.08862,0.36716,0.5135,0.31201,0.74461,-0.098986,0.24777,0.025136,0.22285,-0.23828,-0.23693,-0.051218,-0.097595,0.073898,-0.056713,-0.20482,0.060003,-0.053295,0.010236,-0.1931,-0.42115,-0.28848,0.19787,0.39179,-0.092749,-0.0047324,0.21084,0.051399,-0.22996,-0.23279,0.091957,0.081327,0.020311,-0.20093,-0.10812,-0.1089,-0.23504,0.019667,-0.28935,0.016382,-0.45795,-0.25427,-0.34366,-0.28896,0.36567,0.54716,0.31186,0.39965,0.20066,0.50783,-0.39871,-0.19665,-0.28715,-0.17348,-0.16577,-0.013081,0.023959,-0.046503,-0.28123,-0.31054,0.51731,-0.10296,0.28862,0.57946,-0.43349,0.65581,-0.045607,0.090132
0.7754,0.42702,-0.19463,0.21784,0.18624,-0.14724,0.49826,0.27165,0.65416,0.75949,0.46639,0.57734,-0.21516,-0.24001,0.1635,0.14107,0.21623,0.28672,0.3977,0.074362,-0.035674,-0.30568,0.58965,0.4643,0,0.80278,-0.019744,0.16784,0.1293,0.01813,0.42725,0.38329,-0.29041,-0.2226,0.20379,0.45644,-0.02889,0.18648,0.62213,0.80127,0.76335,0.57106,0.58298,0.46772,0.41261,0.9645,-0.047001,-0.0020947,-0.32672,-0.21823,-0.123,-0.14687,0.26767,-0.098549,0.087719,0.093429,0.38764,0.016288,0.2523,0.38756,0.19826,-0.10008,0.19808,0.15264,-0.32618,0.056919,-0.050844,0.61111,0.5414,0.19412,0.26837,0.25919,0.21214,0.059746,0.4183,0.17423,0.28599,-0.35662,-0.25159,-0.096114,0.23413,0.12934,0.36186,0.15139,0.27238,0.36361,0.52003,-0.024119,0.098807,-0.19976,0.087869,-0.021843,0.12627,0.085718,-0.08942,0.0068821,0.013463,0.31767,-0.15321,0.015904,0.0015872,-0.20389,0.4057,-0.11484,-0.23701
0.61138,0.69841,-0.40006,0.32883,0.032259,0.27733,0.37033,0.80272,0.69966,0.60336,0.039682,0.31516,-0.16123,-0.18433,-0.20688,-0.1262,0.11732,0.30765,0.61596,0.011364,0.34047,-0.020315,0.76879,0.75798,0.80278,0,0.16312,0.51965,0.3998,0.33584,0.54353,0.44076,-0.26534,-0.19288,-0.17624,0.37836,-0.24578,0.1691,0.2891,0.73034,0.51977,0.61679,0.42489,0.81254,0.073002,0.47222,0.13747,0.18478,0.069098,-0.2484,-0.016669,0.29108,0.074654,0.25574,0.14634,0.27312,0.38932,-0.11163,0.068449,0.1843,0.43282,-0.32857,0.48179,0.10436,0.029339,0.25668,0.093081,0.06626,0.23277,0.58787,0.51392,0.24413,0.12767,-0.063805,0.30731,-0.14582,0.18383,-0.57529,-0.34168,-0.4238,-0.069529,0.4905,0.63635,0.43169,0.39849,0.20597,0.48791,-0.001328,0.27968,-0.20315,0.18661,0.16762,0.48032,0.020586,-0.073077,-0.41966,-0.16647,0.59362,-0.058433,0.14333,0.49237,-0.30581,0.8774,0.14837,0.19226
0.18148,0.54383,-0.76763,-0.42194,-0.24638,0.43877,-0.33001,0.22358,-0.040117,0.33421,-0.21069,0.066844,-0.35885,-0.46625,0.1115,0.23893,0.3301,-0.0012288,0.31059,-0.06588,0.59186,0.34812,0.51432,0.38536,-0.019744,0.16312,0,0.90293,-0.45023,-0.32967,0.16815,0.17494,-0.29258,-0.38635,-0.35834,-0.062593,-0.58328,-0.37522,-0.30096,0.053956,0.14081,0.5194,-0.094738,0.31335,0.016131,-0.029499,-0.26185,-0.38457,0.16406,-0.013413,0.022044,0.037035,0.1685,0.43884,0.085472,0.4966,-0.015069,-0.44913,-0.44817,-0.071254,0.56676,-0.15141,-0.009843,0.50104,0.45471,-0.11281,-0.49198,-0.063478,0.12719,0.22846,-0.30101,-0.18427,-0.22779,-0.094026,-0.20692,-0.52999,0.073338,-0.44055,-0.43623,-0.17715,-0.21522,0.28455,-0.09283,-0.32426,-0.21698,-0.23121,0.066002,-0.43746,-0.31062,-0.084017,-0.35559,-0.22549,0.043761,-0.47234,-0.11645,-0.19977,-0.005915,-0.23771,-0.20799,0.35164,0.52016,-0.49211,0.44003,-0.031372,0.0040843
0.42409,0.6101,-0.5979,-0.042951,-0.31984,0.34184,-0.11512,0.37388,0.074829,0.25472,-0.38295,-0.035986,-0.20173,-0.35194,-0.033724,-0.0083228,0.17495,-0.090016,0.26947,0.032197,0.44995,0.50707,0.4782,0.48445,0.16784,0.51965,0.90293,0,0.08389,-0.13364,0.44388,0.44943,-0.12876,-0.14418,-0.083908,0.11196,-0.29469,-0.037953,-0.21241,0.28899,0.37976,0.61469,0.27009,0.72575,-0.0043337,0.14711,0.087605,0.05991,0.41282,-0.0074771,0.075012,0.49161,0.22753,0.69869,0.34993,0.77134,0.43776,-0.21258,-0.28213,0.035185,0.60408,-0.27227,0.21464,0.84944,0.69859,0.30604,0.0043392,-0.12143,0.17394,0.58374,0.086358,0.15102,-0.021011,-0.072639,0.057603,-0.40801,0.067625,-0.43281,-0.39107,-0.18153,-0.069676,0.56996,0.23046,0.0026786,0.08866,-0.12288,0.20178,-0.079742,-0.015619,-0.23939,-0.2233,0.12562,0.3545,-0.22554,-0.21434,-0.24602,-0.013788,0.10213,-0.058228,0.52552,0.6421,-0.50854,0.55541,0.1506,0.16871
0.17371,0.24471,0.15504,0.48033,0.3628,0.19145,0.5791,0.56764,0.19491,-0.25062,0.013441,-0.029613,0.36033,0.34367,-0.85942,-0.73164,-0.13948,-0.36441,-0.049754,0.0065308,-0.18538,-0.1955,-0.045072,0.16649,0.1293,0.3998,-0.45023,0.08389,0,0.89773,0.44557,0.095703,0.40712,0.50736,0.38329,0.60029,0.38851,0.68126,0.44998,0.48671,0.2992,0.17785,0.18491,0.19058,-0.34642,-0.013265,0.33947,0.53953,-0.017025,0.20753,0.26915,0.21463,-0.27345,-0.042059,-0.043466,-0.10986,0.21915,-0.11046,-0.027554,-0.12679,-0.17945,-0.43512,0.15822,-0.018251,0.022456,0.26774,0.59569,-0.095425,-0.018803,0.35344,0.30586,0.10849,0.11123,-0.32357,0.11628,0.08988,-0.12731,0.022082,0.22625,0.04526,0.13708,0.22754,0.39337,0.42266,0.44085,0.16113,0.18869,0.16182,0.40111,-0.29251,0.26228,0.31757,0.37177,0.2707,-0.12605,-0.017942,-0.020458,0.38325,0.36634,-0.11717,-0.068747,-0.044333,0.11504,0.079946,0.19508
-0.081989,0.34816,0.22622,0.72265,0.53989,0.51599,0.54863,0.88069,0.36023,-0.25802,0.35506,0.24223,0.30575,0.41903,-1.1437,-0.6626,-0.32482,-0.2538,-0.0096094,-0.19616,-0.29727,-0.52928,-0.047538,0.20092,0.01813,0.33584,-0.32967,-0.13364,0.89773,0,0.41205,0.15971,0.35071,0.51327,0.1003,0.76139,0.25704,0.78327,0.43557,0.48907,0.10471,0.089583,-0.075631,0.018644,-0.44623,-0.1637,0.144,0.23573,-0.30802,-0.011473,0.17377,-0.064752,-0.19041,0.042653,-0.032309,-0.47236,-0.16685,-0.29945,-0.10513,0.017799,-0.063432,-0.37511,0.084019,-0.38173,-0.15232,-0.014865,0.27734,-0.19073,0.0076165,0.20513,0.12903,-0.24959,-0.11518,-0.53072,-0.23788,0.19852,0.16665,0.033067,0.31248,-0.12358,0.03374,0.072818,0.29196,0.57154,0.59346,0.051012,0.080665,-0.10813,0.371,-0.3412,0.14294,0.22529,0.37482,0.35722,0.36942,-0.0246,0.043419,0.39646,0.66729,-0.32512,-0.072857,-0.093431,0.12085,-0.037975,0.3247
0.50676,0.67119,-0.24317,0.30724,0.14816,0.18282,0.63586,0.74904,0.37452,0.423,0.19888,0.41356,0.016998,0.0071633,-0.41763,-0.20117,0.10713,-0.096105,0.37543,0.17377,0.18566,-0.13483,0.5532,0.62627,0.42725,0.54353,0.16815,0.44388,0.44557,0.41205,0,0.65544,-0.022306,0.036247,0.33683,0.96004,-0.047067,0.33979,0.34798,0.7261,0.51565,0.70066,0.45755,0.53573,0.28581,0.51509,-0.33708,-0.13961,-0.065635,-0.13089,0.014282,-0.011899,-0.080245,0.11738,-0.10024,0.082486,0.19158,-0.37117,-0.26699,0.29065,0.40565,-0.16706,0.38099,0.12253,0.21502,-0.12681,-0.064488,0.024021,0.30504,0.47088,0.21516,0.19552,0.24106,-0.19139,0.15619,-0.062729,0.19597,-0.26589,-0.17435,-0.23533,-0.11712,0.13736,0.23771,0.44648,0.30984,0.098331,0.23956,-0.37456,-0.18734,-0.33842,-0.054302,-0.14846,0.10017,0.19873,-0.016205,-0.21932,-0.16183,0.37301,0.11954,-0.098213,0.36615,-0.13946,0.47895,-0.22303,-0.13513
0.36306,0.60055,0.073366,0.77028,-0.13505,0.089771,0.14116,0.35348,0.49027,0.37762,0.24816,0.48896,0.0729,0.03866,-0.055728,0.16873,0.14449,0.18404,0.24667,0.034857,-0.076297,0.0047929,0.23055,0.25233,0.38329,0.44076,0.17494,0.44943,0.095703,0.15971,0.65544,0,-0.069077,-0.009825,0.15962,0.4786,0.093777,0.49996,0.069313,0.49523,0.31165,0.35667,0.44151,0.58286,0.46983,0.70376,-0.080641,0.023757,-0.17406,-0.41548,-0.21915,0.022284,0.3537,0.60927,0.25404,0.29447,0.38314,-0.13224,0.050773,0.37432,0.6482,0.011378,0.29087,0.11994,0.2674,0.15526,0.069707,0.037122,0.26649,0.49194,0.44778,0.24213,0.32707,-0.086587,0.13435,0.15449,0.75255,0.026181,0.066023,-0.17248,0.13378,0.21826,0.37373,0.47607,0.40997,0.18736,0.2461,-0.11061,0.070118,-0.26946,-0.072839,0.038065,0.28659,0.10714,0.31846,0.037221,0.11967,0.5528,0.37505,0.097264,0.37389,-0.014136,0.4259,-0.16036,0.030265
-0.67288,-0.32331,0.61594,0.26302,0.27358,0.29836,-0.23937,-0.20141,-0.42443,-0.82663,0.13134,-0.23051,1.0518,0.86654,-0.43956,-0.47442,0.042732,-0.19619,-0.57344,0.04441,-0.28939,0.010329,-0.62667,-0.18684,-0.29041,-0.26534,-0.29258,-0.12876,0.40712,0.35071,-0.022306,-0.069077,0,2.0049,0.66565,0.19317,1.0133,0.53045,-0.042039,-0.25199,-0.50682,-0.47269,-0.43325,-0.49029,-0.60302,-0.48238,0.19409,0.27656,-0.0063685,0.81683,0.75794,-0.12828,-0.43988,-0.0090407,0.20556,-0.32137,-0.16531,-0.36983,-0.32,-0.64954,-0.67282,0.039745,-0.25542,0.022315,-0.030658,-0.064502,0.23133,-0.046627,-0.13808,0.14378,-0.2569,-0.48322,-0.56991,-0.7658,-0.6832,0.068926,-0.19387,0.84967,1.0596,1.0067,0.73886,0.054157,0.21227,0.20599,0.58384,0.42388,0.24395,-0.012307,0.077292,-0.62661,-0.36452,0.28916,0.24794,-0.026393,-0.053924,0.7059,0.55498,0.2054,0.52535,0.13408,-0.21605,0.48036,-0.17502,-0.29039,-0.17085
-0.59104,-0.24423,0.61621,0.4171,0.26818,0.25991,-0.11545,-0.084821,-0.25438,-0.79041,0.18738,-0.16184,0.95871,0.83931,-0.49356,-0.49817,-0.081958,-0.30058,-0.57342,-0.044704,-0.40094,-0.11741,-0.61868,-0.20383,-0.2226,-0.19288,-0.38635,-0.14418,0.50736,0.51327,0.036247,-0.009825,2.0049,0,0.68083,0.32719,1.0091,0.71923,0.033987,-0.10783,-0.38352,-0.4243,-0.32153,-0.39775,-0.61419,-0.41479,0.26619,0.35108,-0.084336,0.60369,0.5994,-0.082523,-0.30693,0.039193,0.2436,-0.35159,-0.090152,-0.25801,-0.19529,-0.49164,-0.58499,0.045644,-0.15776,0.00042554,-0.047377,-0.0087038,0.31138,-0.052178,-0.073839,0.19375,-0.13058,-0.44655,-0.49057,-0.78052,-0.59574,0.17652,-0.096556,0.83151,1.0457,0.81411,0.7018,0.040283,0.23151,0.30716,0.67592,0.40135,0.1962,0.037983,0.18755,-0.64322,-0.23097,0.32146,0.28602,0.066388,0.034406,0.63433,0.4731,0.21569,0.62854,0.056602,-0.28475,0.40251,-0.19263,-0.29122,-0.09347
0.10572,-0.091754,0.32666,0.19788,0.46625,-0.078138,0.35273,-0.19667,-0.031291,-0.18161,0.42534,0.19141,0.28782,0.18568,-0.040072,-0.046074,-0.01362,-0.23154,-0.66295,0.0025818,-0.5566,-0.19122,-0.43035,-0.14034,0.20379,-0.17624,-0.35834,-0.083908,0.38329,0.1003,0.33683,0.15962,0.66565,0.68083,0,0.55123,0.88244,0.68634,0.45269,0.19231,0.14935,0.031836,0.16073,-0.18587,0.10878,0.23097,-0.10872,0.014198,-0.24338,0.37755,0.25766,-0.32439,-0.019785,-0.24716,-0.011212,-0.24609,0.045943,-0.19404,-0.11232,0.010297,-0.24189,0.26208,-0.10786,0.20327,-0.10887,-0.16765,0.06887,0.5204,0.46296,0.017873,0.029717,-0.0164,0.030764,-0.27855,-0.0686,0.43432,0.072124,0.35227,0.34415,0.70983,0.71184,-0.21284,-0.041741,0.020203,0.25534,0.22443,0.11434,-0.10697,-0.21337,-0.52764,-0.22893,0.00040555,-0.041719,0.32278,0.0087258,0.54533,0.28819,0.1437,0.20336,-0.06696,-0.30393,0.36591,-0.14134,-0.53661,-0.45671
0.31409,0.66129,-0.034848,0.53422,0.53273,0.30303,0.84239,0.74709,0.6592,0.25345,0.66393,0.7784,0.113,0.12686,-0.5399,-0.17421,-0.11615,-0.29093,-0.009272,-0.14642,-0.28628,-0.62978,0.16774,0.36197,0.45644,0.37836,-0.062593,0.11196,0.60029,0.76139,0.96004,0.4786,0.19317,0.32719,0.55123,0,0.23838,0.96631,0.78733,1.1301,0.60845,0.63949,0.22578,0.25967,0.026677,0.39295,-0.25479,-0.11728,-0.56101,-0.090675,0.038739,-0.34373,0.052203,0.0034334,-0.10504,-0.24587,0.0036789,-0.4986,-0.22309,0.26934,0.26848,-0.1343,0.11814,-0.037549,-0.18037,-0.33664,-0.11282,0.2574,0.4979,0.23889,0.10532,-0.17177,0.033601,-0.59269,-0.11533,0.34801,0.48319,-0.088802,0.10058,-0.073928,0.16978,-0.1349,0.13115,0.24412,0.36766,0.048582,0.19959,-0.45363,-0.10359,-0.68745,-0.061942,-0.20902,0.084942,0.27668,0.24392,0.12562,0.084342,0.35033,0.46496,-0.35823,-0.10058,-0.15489,0.30118,-0.39821,-0.03888
-0.40156,-0.37333,0.96362,0.42718,0.45444,-0.039179,0.092579,-0.24954,-0.20753,-0.55886,0.43234,0.12832,0.62691,0.55218,-0.18116,-0.15847,-0.036842,-0.0016749,-0.75301,0.16717,-0.75881,-0.26398,-0.8489,-0.18852,-0.02889,-0.24578,-0.58328,-0.29469,0.38851,0.25704,-0.047067,0.093777,1.0133,1.0091,0.88244,0.23838,0,0.75201,0.37704,-0.012535,-0.2961,-0.36589,-0.2993,-0.61915,-0.33957,-0.18119,0.12056,0.20571,-0.31394,0.32295,0.23918,-0.35011,-0.11681,-0.12826,0.080942,-0.60795,-0.19946,-0.11957,-0.14237,-0.2284,-0.60743,0.23302,-0.31734,-0.019536,-0.31855,-0.077174,0.26865,0.24249,0.0060072,-0.15653,-0.1662,-0.28705,-0.21629,-0.53645,-0.32169,0.6194,0.10218,0.88638,1.0449,0.76261,0.72353,-0.15085,0.14417,0.20733,0.55693,0.40435,0.2151,0.069152,0.14785,-0.55896,-0.27743,0.22473,0.065611,0.22078,0.12715,0.75219,0.43676,0.30267,0.48412,0.016214,-0.40452,0.37752,-0.32108,-0.43311,-0.27204
0.046446,0.31328,0.37915,0.89171,0.49591,0.25007,0.45612,0.32561,0.50163,-0.18722,0.59273,0.47134,0.31399,0.29677,-0.45911,-0.18767,-0.30447,-0.30154,-0.47437,-0.30342,-0.79774,-0.50465,-0.41181,-0.08862,0.18648,0.1691,-0.37522,-0.037953,0.68126,0.78327,0.33979,0.49996,0.53045,0.71923,0.68634,0.96631,0.75201,0,0.55485,0.61929,0.24089,0.11416,0.11311,0.042982,-0.17455,0.15941,0.1119,0.21204,-0.51227,-0.018601,0.071817,-0.22644,0.18625,0.1468,0.13419,-0.32617,0.071219,-0.24248,-0.050527,0.11113,0.038353,-0.029531,0.027313,-0.065918,-0.20098,-0.020645,0.21957,0.23092,0.40367,0.23278,0.24975,-0.18249,-0.015534,-0.61641,-0.21493,0.68807,0.58911,0.27578,0.4744,0.20924,0.56306,-0.11224,0.14996,0.26104,0.52507,0.074125,0.12822,-0.075977,0.22353,-0.71763,-0.055572,0.12686,0.30826,0.3265,0.42802,0.38407,0.36987,0.40022,0.80189,-0.25529,-0.29122,0.077691,0.017345,-0.35558,0.066909
0.37892,0.29304,0.10601,0.278,1.0278,0.056188,1.2403,0.46155,0.52882,0.29221,0.87124,0.93213,-0.14721,-0.11128,-0.20325,0.017591,-0.058159,0.052396,-0.11413,0.022271,-0.50703,-0.86416,0.032327,0.36716,0.62213,0.2891,-0.30096,-0.21241,0.44998,0.43557,0.34798,0.069313,-0.042039,0.033987,0.45269,0.78733,0.37704,0.55485,0,0.94633,0.58911,0.55217,0.022817,-0.12673,0.025249,0.33575,-0.26387,-0.20209,-0.79006,-0.13695,-0.11867,-0.60792,0.12821,-0.36501,-0.29677,-0.63668,-0.27423,-0.25057,-0.0924,0.36271,0.0029337,-0.054968,-0.20026,-0.14888,-0.68798,-0.40141,-0.14274,0.57522,0.425,-0.32404,-0.066062,-0.1414,0.11546,-0.29682,0.10435,0.67399,0.36032,-0.16893,0.020161,-0.060474,0.10123,-0.24827,0.067484,0.068461,0.221,0.089684,0.1961,-0.31536,-0.047171,-0.37756,0.027894,-0.2056,-0.14798,0.45492,0.22673,0.12131,-0.065055,0.26002,0.11645,-0.4208,-0.35875,-0.25822,0.048124,-0.33651,-0.13607
0.72684,0.91936,-0.26446,0.45409,0.39525,0.16764,0.94145,0.89682,1.1309,0.63465,0.47748,0.87369,-0.25633,-0.26077,-0.264,-0.0094986,-0.045204,-0.12536,0.24304,-0.11522,-0.19993,-0.54446,0.42751,0.5135,0.80127,0.73034,0.053956,0.28899,0.48671,0.48907,0.7261,0.49523,-0.25199,-0.10783,0.19231,1.1301,-0.012535,0.61929,0.94633,0,1.1716,1.0966,0.38497,0.50571,0.14379,0.62654,-0.20244,-0.12413,-0.49409,-0.34204,-0.17982,-0.14012,0.39112,0.13806,0.011481,-0.031515,0.20042,-0.25633,-0.063814,0.52284,0.51688,-0.26045,0.1789,0.054275,-0.25838,-0.14605,-0.13331,0.32811,0.57028,0.20478,0.23082,-0.010027,0.15977,-0.31311,0.17745,0.35905,0.62271,-0.43547,-0.22945,-0.34561,0.023014,0.050212,0.2533,0.16786,0.26781,0.012191,0.29818,-0.34183,0.012795,-0.47734,0.079908,-0.19989,0.092808,0.21392,0.15043,-0.11738,-0.083957,0.31377,0.16784,-0.33136,-0.10152,-0.45898,0.34302,-0.16612,0.069819
1.1513,0.74519,-0.43798,0.17759,0.20106,-0.005484,0.72301,0.52627,0.87433,0.7003,0.21937,0.47554,-0.4985,-0.53477,0.005517,0.032339,-0.036466,-0.17757,0.26767,-0.25097,-0.13134,-0.25335,0.49124,0.31201,0.76335,0.51977,0.14081,0.37976,0.2992,0.10471,0.51565,0.31165,-0.50682,-0.38352,0.14935,0.60845,-0.2961,0.24089,0.58911,1.1716,0,1.2478,0.71509,0.75718,0.41478,0.80737,-0.12842,-0.083409,-0.2126,-0.24189,-0.17196,0.09489,0.54819,0.12925,0.12883,0.3248,0.47889,-0.069709,0.087776,0.63138,0.58498,-0.36073,0.11789,0.22915,-0.047761,0.022287,-0.096316,0.30752,0.58999,0.13221,0.32467,0.2625,0.35329,0.091432,0.44167,0.20073,0.41637,-0.73517,-0.62046,-0.33828,-0.017678,0.072045,0.087536,-0.031796,-0.076434,-0.14371,0.064152,-0.17267,-0.075384,-0.17003,0.15917,-0.092025,0.11123,0.28488,0.041753,-0.12431,-0.066693,0.074525,-0.044493,-0.2756,-0.10641,-0.48044,0.27578,0.15355,0.16351
0.83257,0.96438,-0.58965,0.06673,0.24398,0.29299,0.60748,0.78822,0.68659,0.86956,0.21316,0.6564,-0.46174,-0.52507,-0.080199,0.10686,0.16207,0.016241,0.38909,-0.095315,0.15331,-0.1562,0.69768,0.74461,0.57106,0.61679,0.5194,0.61469,0.17785,0.089583,0.70066,0.35667,-0.47269,-0.4243,0.031836,0.63949,-0.36589,0.11416,0.55217,1.0966,1.2478,0,0.31322,0.63316,0.29107,0.57769,-0.3713,-0.3379,-0.18821,-0.20275,-0.093017,-0.037293,0.34028,0.23042,0.015462,0.26676,0.14599,-0.43566,-0.27053,0.45762,0.79256,-0.31102,0.024421,0.27177,0.044199,-0.24911,-0.3784,0.20652,0.45308,0.10676,0.073361,0.027241,0.16182,-0.13287,0.19375,0.020304,0.41794,-0.80693,-0.61478,-0.42341,-0.20624,0.14039,0.13874,-0.0067915,-0.032661,-0.13289,0.15828,-0.52847,-0.30669,-0.31791,-0.057213,-0.27262,0.040056,0.15593,0.051477,-0.20487,-0.15175,0.17448,-0.067668,-0.15255,0.18701,-0.61695,0.54562,0.027923,0.1487
0.93559,0.31894,-0.29849,0.14021,-0.29378,-0.43033,0.3481,0.10089,0.49152,0.39608,-0.075044,0.002492,-0.35196,-0.34035,0.15228,-0.0041559,-0.20331,-0.16855,0.23005,-0.21232,-0.015247,0.012305,0.32143,-0.098986,0.58298,0.42489,-0.094738,0.27009,0.18491,-0.075631,0.45755,0.44151,-0.43325,-0.32153,0.16073,0.22578,-0.2993,0.11311,0.022817,0.38497,0.71509,0.31322,0,1.0414,0.65952,0.8706,0.17287,0.27817,0.18085,-0.38067,-0.35477,0.43515,0.36892,0.070997,0.098233,0.55938,1.1091,0.43921,0.47787,0.46931,0.35059,-0.14018,0.68558,0.20036,0.26964,0.53484,0.31546,0.11459,0.38683,0.49906,0.97673,1.0333,0.78621,0.59644,0.84749,0.067363,0.14338,-0.40997,-0.52737,-0.30933,0.0015348,0.020746,-0.054941,0.11406,-0.1885,-0.1449,-0.139,0.3639,0.19907,0.22641,0.3862,0.20279,0.27164,0.22416,-0.080022,-0.26003,-0.07491,0.050449,-0.11961,-0.043976,0.16042,-0.029596,0.26852,0.23273,0.027304
0.8287,0.76604,-0.57719,0.20661,-0.40609,0.049039,0.14925,0.46791,0.64068,0.57688,-0.23003,0.055072,-0.27226,-0.3134,-0.020599,-0.02342,0.0055151,-0.056099,0.56904,-0.27227,0.34857,0.23515,0.69102,0.24777,0.46772,0.81254,0.31335,0.72575,0.19058,0.018644,0.53573,0.58286,-0.49029,-0.39775,-0.18587,0.25967,-0.61915,0.042982,-0.12673,0.50571,0.75718,0.63316,1.0414,0,0.4436,0.7103,0.19348,0.26035,0.26096,-0.31804,-0.15359,0.59855,0.28588,0.46609,0.25929,0.96989,0.99128,0.10233,0.23966,0.28817,0.77396,-0.3747,0.57586,0.3037,0.49922,0.47597,0.176,-0.10787,0.26059,0.77874,0.81003,0.64818,0.49072,0.29503,0.54857,-0.24807,0.23345,-0.66732,-0.65217,-0.53007,-0.1569,0.3653,0.22387,0.18146,-0.077333,-0.13659,0.032634,0.16091,0.17051,0.072002,0.31572,0.14177,0.47861,0.0084399,-0.063287,-0.3854,-0.08635,0.18768,-0.021717,0.092508,0.47782,-0.30615,0.64643,0.40725,0.35461
