,,,,,,,,,,,,,,,,,,,,,,,,,,,,,,,,,,,,,,,,,,,,,,,,,,,,,,,,,,,,,,,,,,,,,,,,,,,,,,,,,,,,,,,,,,,,,,,,,,,,,,,,
0,0.82829,-0.90361,0.46608,-0.14422,0.052672,-0.76126,0.041047,-0.93482,-0.71743,0.59507,0.82944,-0.95795,-0.29086,0.99399,0.52724,-0.82719,-0.35652,-0.62026,-0.20999,0.90994,-0.51612,0.10194,0.40833,-0.31094,-0.86732,0.013232,-0.17305,0.69187,-0.084124,-0.051174,0.32065,0.29042,0.3795,0.33869,-0.31219,0.26947,0.67612,-0.73165,-0.6341,0.14281,0.24047,0.52582,0.59572,-0.4276,-0.12714,0.80784,0.31252,0.99654,0.26811,0.15364,0.7308,0.57909,0.86641,0.64551,0.39769,-0.49292,-0.26782,-0.36984,0.23641,-0.78303,-0.98849,-0.31712,0.00067132,-0.36821,-0.7333,-0.83835,-0.12402,-0.61473,0.27593,0.051659,-0.54488,0.42843,0.15425,0.73672,0.57077,0.46192,-0.97209,0.36099,-0.40721,-0.14016,0.44784,0.08906,0.54369,-0.3228,0.37672,-0.47872,-0.011968,-0.67489,0.55864,0.37434,0.05198,0.96754,-0.11833,-0.14721,0.90922,-0.55301,-0.95531,0.65432,0.61192,0.093214,-0.79594,-0.43429,0.46548,-0.13337
0.82829,0,0.10161,0.89178,-0.40889,0.30233,0.11557,-0.77056,0.64004,-0.77202,-0.62168,-0.086628,-0.10674,0.49271,-0.13381,-0.0030144,-0.41494,-0.6297,0.37048,-0.52937,0.33691,-0.31414,0.57675,-0.58303,0.34569,-0.20984,-0.38827,0.83259,-0.96915,-0.72437,0.92058,-0.56295,-0.59093,-0.82343,-0.81041,0.19547,0.6244,0.53292,0.46551,-0.35004,0.60805,-0.5399,-0.2108,0.57906,-0.43901,-0.2155,-0.14466,0.67461,0.27408,-0.8874,-0.07747,-0.86916,-0.69226,0.92716,-0.28029,-0.89264,0.78028,-0.084291,0.96902,-0.41827,-0.24291,-0.85553,-0.017002,-0.31402,-0.92681,-0.27065,-0.944,-0.26154,-0.23363,-0.82561,0.8917,-0.37669,0.0047662,0.29028,0.51446,0.37454,0.21515,0.02992,-0.67287,0.47403,-0.59225,-0.95529,0.79464,-0.83908,0.25863,0.75199,-0.47652,0.76868,-0.493,0.43375,-0.58463,-0.24257,0.1841,0.53487,0.58426,-0.55349,-0.010766,-0.88829,0.14255,-0.77766,-0.56774,-0.93849,0.4093,0.26825,0.22538
-0.90361,0.10161,0,0.75009,-0.92346,-0.51363,-0.41093,-0.072291,-0.20207,0.92394,0.61878,0.42034,-0.15398,0.17985,0.44726,0.35896,-0.41153,-0.71658,0.89329,-0.75594,0.8524,0.20441,-0.6052,-0.0084079,0.29803,-0.057938,0.60274,0.9491,-0.77303,-0.58844,0.5372,0.050008,0.083062,-0.23424,0.77148,0.93856,0.84183,0.98287,-0.88818,0.3461,0.049484,-0.75574,0.83852,0.18354,0.40049,-0.23173,-0.84214,-0.195,-0.11609,0.84578,-0.095066,0.42296,0.94187,-0.92524,0.09671,0.22244,0.69707,-0.25648,-0.053662,0.20441,0.12012,-0.089596,0.91174,-0.14705,0.40956,-0.31138,-0.52862,0.3898,-0.78056,0.91019,0.054971,-0.95074,0.52621,-0.57975,0.77412,-0.025288,-0.056476,-0.70192,-0.69268,-0.011459,0.19504,0.99741,0.24603,0.35254,-0.042305,0.24069,-0.35267,0.15878,0.2108,0.10604,-0.37809,0.10109,-0.15056,0.75199,-0.27437,-0.56909,-0.54684,0.57257,0.17983,-0.0958,-0.054592,-0.90809,0.29911,-0.022147,-0.49914
0.46608,0.89178,0.75009,0,0.56265,-0.61022,0.32708,-0.87137,-0.67061,-0.41842,0.51378,0.58395,0.60156,0.21264,0.65655,-0.054459,0.18447,-0.83535,0.63519,-0.69173,-0.35969,-0.040623,0.098579,-0.71176,-0.3641,-0.23805,-0.67221,0.66627,0.26058,-0.035944,-0.41154,-0.42624,0.37522,0.84616,-0.80049,0.1036,0.89504,-0.51928,0.79355,0.5581,-0.69507,-0.08028,0.12792,0.62907,-0.53203,0.21284,0.16477,-0.35264,-0.27353,0.86657,0.83122,0.065726,-0.37689,0.40273,-0.17445,0.31571,-0.19164,0.27313,0.0059632,-0.57088,-0.091636,0.64809,-0.05644,-0.25804,-0.46526,-0.80811,0.96162,-0.056805,0.14307,0.77887,0.19825,-0.32372,0.30384,-0.97827,-0.044927,0.70379,-0.055662,-0.23034,-0.28529,-0.45725,0.22968,0.19844,0.7988,0.34398,0.34696,-0.5352,0.021038,-0.64873,-0.81996,0.30855,-0.67409,-0.20463,0.97926,0.3797,0.048087,-0.085778,0.059734,0.68001,-0.011158,-0.51211,-0.18914,-0.41695,0.45464,-0.28797,-0.10897
-0.14422,-0.40889,-0.92346,0.56265,0,-0.41079,0.53645,-0.53319,-0.089909,-0.17323,0.97977,-0.70928,0.31545,0.9849,-0.93365,0.72065,-0.05317,0.86262,-0.4853,0.43701,0.59633,-0.6442,0.5874,-0.65835,0.70483,0.30146,-0.41751,-0.70827,-0.74317,-0.1588,-0.12324,-0.47072,0.10419,-0.23682,0.50527,-0.62162,0.36094,-0.60052,0.10406,0.034392,-0.44995,0.12528,-0.55885,0.9022,-0.25885,0.49048,-0.40525,-0.68292,-0.36372,0.47943,-0.9224,-0.24315,-0.11213,-0.83497,0.92109,0.37635,-0.91784,-0.95641,0.87683,0.6664,0.25156,0.16983,-0.76286,0.26093,0.24597,0.37406,-0.25761,-0.81679,-0.78348,-0.51745,0.92731,0.32963,0.24863,-0.68632,0.3832,0.42624,-0.086339,0.6778,-0.46991,0.21258,-0.25002,0.63401,0.77515,-0.33605,0.065708,-0.19006,-0.19859,0.34089,0.2807,-0.97424,0.026032,0.2813,-0.36664,-0.89337,-0.27604,0.038012,0.9918,0.39072,-0.028845,0.77628,-0.095061,0.5059,0.97253,0.25962,-0.22386
0.052672,0.30233,-0.51363,-0.61022,-0.41079,0,0.37364,0.97396,-0.98678,-0.24254,-0.24249,0.39731,-0.7246,-0.11269,0.90387,0.17378,-0.49315,0.80397,-0.11836,0.051268,0.65226,-0.69827,-0.47128,-0.022619,-0.73417,-0.79351,0.1939,-0.64232,-0.74506,-0.5923,-0.089245,0.32986,0.40817,-0.71233,0.2141,-0.57664,-0.27485,-0.1518,-0.38219,0.52174,0.035013,-0.75978,-0.36189,0.062904,-0.46057,-0.35743,-0.23165,0.5517,0.58921,0.67836,0.38633,-0.81675,0.18346,0.54692,0.60355,0.23185,0.52388,-0.31845,-0.088474,-0.11607,-0.60174,-0.29786,0.27387,0.039649,0.7412,-0.004486,-0.20617,0.78802,-0.55026,-0.17142,-0.63333,0.21469,-0.77063,0.48299,0.92898,-0.76301,-0.7363,0.365,-0.81555,0.22115,-0.60985,0.30195,0.34972,-0.17124,-0.7465,0.38868,-0.064876,-0.84277,-0.46462,-0.61336,-0.97904,-0.33336,-0.67942,0.51279,-0.57207,-0.21844,0.41155,0.72496,0.14311,-0.94343,0.5049,0.65938,0.96332,0.32581,-0.39399
-0.76126,0.11557,-0.41093,0.32708,0.53645,0.37364,0,-0.63712,-0.029708,0.47637,-0.58385,0.97813,-0.19867,0.7868,-0.87007,0.22746,0.045256,-0.77262,0.41337,-0.87438,0.14002,-0.65703,0.49861,0.88099,-0.78686,-0.35838,0.70087,-0.81787,0.96793,-0.15165,0.89324,0.81019,-0.22746,0.84287,0.5235,-0.499,-0.25582,0.075247,0.81177,-0.62633,-0.98083,-0.17817,-0.34981,-0.76902,-0.51107,0.48559,0.96481,0.63316,0.89354,0.39238,0.11103,-0.56382,0.32886,-0.32071,-0.9522,-0.079809,0.41747,0.5293,0.5514,0.036037,-0.55651,0.35108,-0.84027,0.53002,0.98584,-0.26778,0.12396,-0.39026,0.86163,-0.044704,-0.21431,0.24854,-0.058251,0.42431,-0.24857,-0.25919,0.028125,0.90967,-0.7172,0.51383,-0.59593,-0.81565,0.1097,0.65822,-0.36309,0.89818,-0.46642,0.76913,0.20299,-0.20227,-0.45793,0.57271,0.44544,-0.18622,0.36169,-0.14284,-0.2187,-0.70382,0.70307,-0.73579,-0.97139,-0.64093,-0.58082,0.56163,0.83025
0.041047,-0.77056,-0.072291,-0.87137,-0.53319,0.97396,-0.63712,0,0.76357,0.81229,0.44567,-0.005348,0.21673,0.29496,0.69019,0.90127,0.58506,-0.045478,-0.18273,-0.78454,0.5352,0.55492,-0.76727,0.2761,-0.65897,0.52691,0.9547,0.18536,0.966,-0.015292,-0.0032942,0.27108,0.52404,0.17095,0.25345,0.49232,-0.0008863,0.67521,-0.10435,0.46719,-0.12669,-0.085563,-0.57717,0.83608,0.17197,0.0024773,-0.70859,0.71332,-0.13438,-0.4052,-0.86199,0.87315,0.1234,-0.38681,-0.099327,-0.45829,-0.89889,0.55179,-0.88707,-0.072523,0.055536,0.74305,0.48231,-0.40669,-0.57535,-0.40826,0.8777,-0.08505,-0.37181,-0.023731,0.1416,0.63006,-0.17914,-0.27858,-0.78421,-0.67617,0.89487,-0.076866,-0.70509,0.88799,-0.17452,0.9118,0.75758,-0.48582,-0.18636,0.34216,-0.58226,0.98465,-0.50543,-0.022553,0.80996,-0.99073,0.32727,0.065465,0.025768,-0.73648,0.54432,0.1799,0.75944,-0.68095,-0.52848,-0.19446,-0.59489,0.66518,0.66241
-0.93482,0.64004,-0.20207,-0.67061,-0.089909,-0.98678,-0.029708,0.76357,0,-0.81425,-0.049318,0.88309,-0.22299,-0.33662,-0.051818,0.1788,-0.087811,-0.86922,-0.73333,-0.0063107,0.68474,-0.9685,0.62932,-0.71614,-0.078141,0.62911,-0.31079,-0.75769,-0.61354,0.10352,-0.45289,-0.66353,0.85285,-0.38541,0.7084,-0.64509,-0.3909,-0.47416,-0.35462,0.15471,0.78432,0.63242,-0.18737,0.91351,0.79124,0.31818,-0.32026,-0.23651,0.403,-0.80436,0.38798,0.74917,0.8713,0.33438,-0.52046,-0.6051,0.7346,0.61417,-0.51282,0.26766,0.25098,0.61111,-0.72201,-0.15512,0.48896,0.73566,0.98842,-0.96086,0.12815,0.87077,-0.357,0.014193,0.12815,0.52358,-0.83379,-0.74099,0.33074,-0.12909,-0.86312,0.42184,-0.22827,-0.53711,-0.24442,0.71887,-0.5135,0.35134,-0.35746,-0.71273,0.28122,0.015561,0.23857,0.94468,0.71038,0.81542,0.45288,0.71818,-0.87997,0.73244,-0.27543,-0.18899,-0.83629,-0.29869,0.44847,0.34526,0.9305
-0.71743,-0.77202,0.92394,-0.41842,-0.17323,-0.24254,0.47637,0.81229,-0.81425,0,0.88748,0.0065711,-0.21003,0.67414,-0.70853,0.86293,0.52029,0.83942,0.066027,-0.3567,-0.617,0.55182,0.51742,-0.74107,-0.89838,-0.4135,-0.21056,-0.38095,-0.46849,-0.82636,0.14797,-0.38495,-0.075408,-0.54793,-0.48484,0.97124,-0.1761,0.48171,-0.29631,-0.72401,-0.74715,0.63159,0.99359,-0.917,0.22608,0.72907,0.3724,-0.22111,0.76595,-0.98941,-0.50413,0.95932,0.98865,0.4029,0.19718,-0.89969,-0.21466,-0.35833,-0.99389,0.35296,0.58089,0.43842,0.84616,-0.13597,0.80402,0.83798,0.50697,-0.043188,0.35077,0.23713,-0.097454,0.58414,0.97784,-0.43264,-0.081602,0.87606,0.49232,-0.95509,0.45637,0.37122,0.98874,0.83543,-0.78057,-0.81189,-0.59111,0.5436,0.17463,-0.32646,0.0018962,-0.13913,0.53015,0.50277,-0.19806,0.93807,-0.58397,0.76989,0.8685,0.47488,0.96682,-0.96622,0.73393,-0.57024,0.22289,0.20326,-0.48258
0.59507,-0.62168,0.61878,0.51378,0.97977,-0.24249,-0.58385,0.44567,-0.049318,0.88748,0,0.35072,-0.27744,0.95064,-0.53845,0.76048,0.96693,-0.52682,0.22177,0.35058,-0.55784,-0.56965,-0.93147,-0.29027,0.33984,-0.94601,0.73221,0.99931,0.46773,-0.21576,-0.065787,0.57296,-0.78738,-0.22848,0.46519,-0.63258,-0.83397,0.29585,-0.57169,0.024411,0.9548,-0.090138,-0.10629,0.72919,0.34184,0.89818,-0.44483,0.25182,-0.50234,0.71226,0.048845,-0.49584,0.02159,-0.875,-0.51207,0.45749,0.64404,0.60614,-0.60427,0.22445,-0.54797,0.4248,-0.52891,-0.41943,-0.0035919,0.66943,0.70776,-0.83849,-0.76058,-0.82069,-0.0076127,0.13806,-0.84266,-0.81352,-0.18989,0.74982,-0.13735,0.4966,0.86552,0.51794,-0.81795,-0.2827,-0.053028,0.019275,0.17223,0.41278,-0.68471,0.90687,-0.35475,0.88464,-0.18646,0.84318,-0.7231,0.41732,-0.15573,-0.85323,-0.41004,-0.83236,-0.96963,0.69224,-0.23217,-0.34114,-0.9329,-0.99604,0.052659
0.82944,-0.086628,0.42034,0.58395,-0.70928,0.39731,0.97813,-0.005348,0.88309,0.0065711,0.35072,0,0.38221,0.9344,0.99192,0.55658,-0.94672,0.64264,0.51455,0.11722,-0.10345,-0.72247,-0.4878,-0.77581,0.55603,-0.58367,0.70603,0.53863,0.033939,0.61593,-0.2283,0.63,0.28474,0.85579,-0.076411,-0.23209,-0.91356,-0.22589,0.40046,-0.63181,0.2815,-0.21565,0.21395,-0.50913,-0.91392,0.80333,0.97758,-0.2773,0.67602,-0.12789,-0.30983,0.055249,0.65203,-0.38614,-0.55984,0.28429,-0.91728,-0.99667,0.0058606,-0.020692,-0.9183,-0.13838,0.56449,0.84957,0.77079,0.13211,0.39548,0.35295,-0.24731,-0.70473,-0.44974,0.36737,-0.198,0.2823,0.6832,-0.61837,0.27332,-0.53504,0.48739,0.67471,-0.90658,0.14721,-0.028716,-0.15976,-0.19713,-0.42278,0.29655,0.12399,-0.61937,0.49161,-0.29385,0.28396,0.44432,-0.03534,0.59461,0.79606,-0.60795,0.12719,0.21275,0.64879,-0.46142,-0.72457,0.87824,-0.15869,0.50637
-0.95795,-0.10674,-0.15398,0.60156,0.31545,-0.7246,-0.19867,0.21673,-0.22299,-0.21003,-0.27744,0.38221,0,-0.72056,-0.27237,-0.62798,0.3451,-0.19966,0.76482,0.62961,0.91964,0.32206,0.40812,-0.019561,-0.83485,0.85069,-0.79528,0.77483,0.84394,0.038932,-0.7329,-0.10387,0.45563,0.76445,-0.64207,0.92783,-0.38833,0.38858,-0.87858,0.98664,0.38055,0.24913,0.16328,-0.70342,-0.29213,0.34331,-0.36158,-0.51005,-0.5283,-0.069194,0.64393,0.77355,0.90237,-0.57882,0.044397,-0.017731,-0.26164,-0.99387,-0.26348,-0.089445,-0.9327,0.31392,-0.062443,0.31029,-0.32863,-0.011544,0.99718,-0.052017,-0.55286,0.67743,-0.31733,-0.80217,-0.0064156,0.46237,-0.31061,-0.19955,-0.54264,-0.26928,-0.34546,0.44604,-0.18139,-0.70134,-0.87132,-0.98212,-0.071368,-0.442,-0.71422,0.11634,0.06142,-0.64455,-0.56464,-0.78901,-0.54063,-0.88255,0.95611,0.25255,0.33463,-0.53036,-0.88071,-0.019421,0.34332,0.27109,-0.19301,-0.097445,0.89893
-0.29086,0.49271,0.17985,0.21264,0.9849,-0.11269,0.7868,0.29496,-0.33662,0.67414,0.95064,0.9344,-0.72056,0,0.99719,-0.95967,0.3677,-0.97315,-0.98842,0.62877,0.75649,-0.6654,-0.8534,0.35173,0.42727,0.030452,0.38475,0.65908,0.98443,0.70762,-0.42597,0.011313,0.71443,-0.75274,0.031082,0.66676,0.22533,0.11716,0.98114,-0.75915,-0.601,-0.069069,0.44882,-0.59752,-0.69678,0.94516,-0.71855,0.30445,-0.12529,0.19737,0.77958,-0.7763,0.30473,0.8234,0.53484,0.062773,0.96865,-0.46816,0.066062,0.0083454,0.80837,0.10427,-0.4053,0.76134,-0.93684,0.769,-0.87724,0.89867,0.75902,0.74617,0.88673,-0.52422,-0.80337,-0.63961,-0.11525,0.78115,0.44533,-0.17357,-0.0064256,0.60353,-0.18235,0.18344,0.16327,0.36966,0.51218,0.88474,0.133,0.95473,-0.87201,0.046958,-0.69514,0.97107,-0.57283,0.78105,-0.89186,0.14438,-0.13434,0.4825,0.52314,-0.38512,0.034423,-0.34468,-0.70528,0.12328,-0.71272
0.99399,-0.13381,0.44726,0.65655,-0.93365,0.90387,-0.87007,0.69019,-0.051818,-0.70853,-0.53845,0.99192,-0.27237,0.99719,0,0.68068,-0.12383,0.18893,-0.036825,-0.73897,0.36084,-0.98187,-0.27522,0.97406,0.5834,0.45763,-0.066316,0.60651,0.54106,0.87923,0.2817,0.96963,-0.63835,0.53322,-0.27223,0.71205,0.054738,0.31606,-0.99396,-0.95147,0.52678,0.30515,-0.93169,-0.4697,-0.75621,-0.053648,0.49706,-0.51351,0.81287,-0.54416,-0.36694,-0.84991,0.99398,0.31963,0.08793,0.4617,-0.66725,-0.036238,-0.71325,0.92676,0.47452,0.21744,0.30363,-0.26788,0.64591,0.8695,-0.5533,0.87279,0.11673,0.72424,0.10381,-0.78136,-0.014655,-0.98347,-0.29197,0.94797,-0.51921,0.0083882,-0.41079,0.33548,-0.45979,-0.70764,0.43161,0.39315,0.64081,-0.017884,-0.53775,0.96121,-0.13451,-0.078188,-0.69675,-0.34221,-0.65955,0.056777,0.5226,0.62794,-0.60639,0.73013,-0.76173,0.35686,-0.70995,0.48795,-0.023376,-0.35501,0.96653
0.52724,-0.0030144,0.35896,-0.054459,0.72065,0.17378,0.22746,0.90127,0.1788,0.86293,0.76048,0.55658,-0.62798,-0.95967,0.68068,0,-0.72298,-0.15584,-0.90955,0.94659,-0.0083802,0.5837,-0.8519,-0.35956,0.096883,-0.004261,0.91963,-0.24404,-0.50993,-0.14931,0.84858,-0.26693,0.59,0.51852,0.56994,0.46165,-0.57637,0.9276,0.64267,0.48869,0.676,0.55748,0.92889,0.79858,-0.20548,0.51341,-0.85117,0.10375,-0.59598,0.19421,0.031402,0.91872,-0.3543,0.02107,-0.78442,-0.99929,-0.36359,0.56773,0.32973,-0.25731,0.92446,-0.66856,-0.55978,0.38988,0.18387,-0.53561,0.40693,0.89457,-0.5754,0.84934,-0.025571,-0.88126,-0.3333,-0.737,-0.00096521,0.39836,-0.16645,0.58412,0.55141,0.25726,-0.97004,-0.92671,0.8473,0.83927,-0.36241,-0.17896,0.50713,0.33802,0.53496,0.39694,-0.18974,0.83607,0.082931,-0.26571,0.40625,-0.46019,0.34495,0.55112,-0.43323,-0.1981,0.28827,-0.26902,-0.43776,0.011873,0.63823
-0.82719,-0.41494,-0.41153,0.18447,-0.05317,-0.49315,0.045256,0.58506,-0.087811,0.52029,0.96693,-0.94672,0.3451,0.3677,-0.12383,-0.72298,0,0.6745,-0.7671,-0.66085,0.91934,0.50202,0.59464,0.7632,0.52096,-0.79559,0.7626,-0.98774,0.1612,-0.93929,0.81573,0.66535,-0.1292,0.036392,-0.33933,0.95538,-0.35621,-0.67704,-0.47496,0.54869,-0.573,-0.7849,0.91081,-0.28466,-0.091486,-0.29276,0.076093,-0.52832,0.34069,-0.035102,0.45674,0.19955,-0.57367,-0.21225,-0.31715,0.052233,-0.52897,-0.93128,-0.26307,0.91999,0.96879,0.78497,-0.44496,-0.46802,0.90437,-0.66131,0.76582,0.4773,0.16286,0.90049,-0.69767,-0.61987,0.55862,0.12044,-0.60711,-0.078958,0.26858,0.97133,-0.35341,-0.19969,0.11716,0.93255,-0.56592,-0.4257,-0.78426,0.72495,-0.82178,0.74226,-0.42371,0.87596,-0.49573,-0.78483,-0.46419,-0.61581,-0.88417,0.96767,-0.14564,-0.24066,-0.17348,0.3875,0.73408,-0.44408,-0.69983,0.83929,0.44023
-0.35652,-0.6297,-0.71658,-0.83535,0.86262,0.80397,-0.77262,-0.045478,-0.86922,0.83942,-0.52682,0.64264,-0.19966,-0.97315,0.18893,-0.15584,0.6745,0,0.1105,0.23061,0.64419,0.96823,0.92085,-0.11796,0.98459,-0.42039,0.64275,-0.10163,0.63268,0.0052513,-0.20264,-0.26916,-0.37605,0.32393,0.28988,-0.10272,0.19024,-0.068176,0.92153,-0.26267,-0.41782,-0.12345,0.48053,-0.19077,0.77268,-0.43492,0.86031,-0.30186,-0.39399,-0.77326,-0.53116,0.68397,-0.77671,0.55314,0.43943,-0.11699,-0.27571,0.0035284,0.29202,0.89374,-0.84361,-0.66835,0.069188,0.038079,0.52656,0.67798,-0.82609,0.56953,-0.98513,-0.66315,-0.79945,0.92036,-0.45882,0.23687,-0.94254,-0.31613,0.12688,-0.093769,-0.59737,-0.23054,0.055321,-0.43022,0.79637,0.3395,-0.86644,0.59701,-0.8975,-0.2322,0.9314,0.74121,0.64176,0.72066,-0.65048,0.15746,-0.72202,0.6823,0.96167,-0.065602,-0.78104,0.058249,0.93158,0.97643,-0.42489,-0.42289,0.39726
-0.62026,0.37048,0.89329,0.63519,-0.4853,-0.11836,0.41337,-0.18273,-0.73333,0.066027,0.22177,0.51455,0.76482,-0.98842,-0.036825,-0.90955,-0.7671,0.1105,0,-0.88003,0.4906,0.402,0.51808,0.051716,-0.53695,0.7234,0.66454,-0.34563,-0.49923,-0.54779,-0.062238,0.4446,-0.43995,-0.82289,-0.88474,-0.31991,-0.37985,-0.31534,0.14501,-0.60914,-0.98842,-0.46292,0.87604,0.42193,-0.66902,0.38344,-0.70739,0.98898,0.82348,0.09601,0.38693,0.19741,0.3586,0.57684,0.10878,0.28458,-0.25354,0.48735,-0.32506,-0.50551,0.26183,-0.44986,-0.89803,0.013232,0.10899,-0.22534,0.67825,-0.4809,-0.56894,-0.0084141,-0.72516,-0.92974,-0.87985,-0.7967,-0.237,-0.56481,0.64224,-0.32206,0.2554,-0.51722,0.15009,0.11013,-0.1007,-0.074846,-0.069779,-0.18101,-0.58846,-0.8161,-0.22631,-0.37047,-0.49785,0.19114,0.25894,0.096503,0.69055,-0.2297,0.81467,0.84366,0.9792,-0.35473,-0.46453,-0.70563,0.8386,-0.10762,0.32449
-0.20999,-0.52937,-0.75594,-0.69173,0.43701,0.051268,-0.87438,-0.78454,-0.0063107,-0.3567,0.35058,0.11722,0.62961,0.62877,-0.73897,0.94659,-0.66085,0.23061,-0.88003,0,0.52394,-0.753,-0.59165,-0.15023,-0.13459,0.70705,0.38348,-0.33253,-0.80368,-0.30683,-0.27601,-0.41613,0.074772,-0.97616,0.88751,0.5488,0.22473,-0.024668,-0.59624,0.60584,-0.04405,0.34426,0.71882,-0.57527,-0.74314,0.29612,-0.33172,-0.69944,-0.38897,0.78826,0.43296,0.089613,0.53222,0.32457,-0.2112,-0.82078,0.53938,0.68018,0.6917,-0.78952,0.13891,0.77716,-0.78928,0.13915,-0.56478,0.97462,-0.56342,-0.96248,0.35709,-0.30286,0.54113,-0.91961,-0.035027,0.096706,-0.12285,-0.99669,-0.93054,0.33992,-0.86291,-0.83837,-0.73828,-0.35137,0.42383,0.699,0.30013,-0.96613,0.93432,0.019372,-0.99536,-0.93212,-0.20254,0.6432,0.26968,-0.10826,0.81885,-0.20404,0.71275,0.58228,-0.28542,-0.82601,-0.45436,0.66417,-0.51705,0.18574,0.43023
0.90994,0.33691,0.8524,-0.35969,0.59633,0.65226,0.14002,0.5352,0.68474,-0.617,-0.55784,-0.10345,0.91964,0.75649,0.36084,-0.0083802,0.91934,0.64419,0.4906,0.52394,0,0.99341,0.39231,0.58535,-0.28659,-0.54777,-0.58551,-0.88161,0.38125,-0.63662,-0.21864,-0.73842,0.99541,-0.26746,-0.3023,-0.93815,-0.054648,-0.74288,0.11649,0.27778,-0.83294,0.20771,0.014636,0.94193,0.58935,-0.45974,0.111,0.37539,0.44033,0.94264,0.76412,0.40164,-0.36773,0.64014,-0.89655,0.89266,0.65725,0.18011,-0.066576,0.36094,0.52273,-0.79161,-0.9351,0.6474,-0.72576,0.71806,0.37782,0.73876,0.50765,-0.96776,-0.52801,0.44669,0.8304,0.29776,-0.3188,0.46213,-0.36835,-0.46479,0.064291,0.69756,0.76239,-0.19954,-0.27142,-0.70432,-0.49007,-0.71575,0.78258,-0.23197,0.27181,0.43267,0.71621,-0.48844,0.62939,0.75141,0.36961,0.96697,0.37059,-0.056459,0.65217,0.563,0.57149,0.27852,0.37389,-0.021166,0.70396
-0.51612,-0.31414,0.20441,-0.040623,-0.6442,-0.69827,-0.65703,0.55492,-0.9685,0.55182,-0.56965,-0.72247,0.32206,-0.6654,-0.98187,0.5837,0.50202,0.96823,0.402,-0.753,0.99341,0,-0.51507,0.35193,0.36868,-0.48345,-0.35307,-0.24335,-0.1239,0.86105,-0.12093,0.020343,0.88577,0.79856,0.38702,0.99385,-0.71246,-0.077074,-0.64162,-0.60198,-0.070947,-0.71956,-0.55216,0.73313,-0.16641,-0.49275,0.17058,-0.70319,-0.77805,-0.09948,-0.33209,0.1536,-0.86657,-0.41168,0.97584,-0.50183,-0.5492,-0.56109,0.55783,-0.67861,0.48665,0.26282,-0.48248,-0.12737,0.92754,-0.92626,-0.49881,-0.84181,0.24926,0.84534,-0.42428,0.79595,-0.42882,0.9804,-0.18976,0.72256,-0.41518,-0.63255,-0.18483,-0.28058,0.45771,-0.5267,-0.14316,0.45102,0.086858,-0.69258,0.14568,-0.71575,-0.84454,-0.55404,-0.17765,-0.20314,0.77066,-0.99494,-0.51137,0.1443,-0.99365,-0.86566,0.013494,-0.29369,-0.80879,0.3925,-0.96039,-0.16135,0.85522
0.10194,0.57675,-0.6052,0.098579,0.5874,-0.47128,0.49861,-0.76727,0.62932,0.51742,-0.93147,-0.4878,0.40812,-0.8534,-0.27522,-0.8519,0.59464,0.92085,0.51808,-0.59165,0.39231,-0.51507,0,0.38993,0.93228,0.015952,0.48209,-0.25981,0.68999,0.68293,0.69554,-0.28579,-0.23964,-0.06587,0.89768,0.072161,0.049977,0.047821,-0.54509,-0.65131,0.69139,-0.50004,0.47391,-0.10032,-0.63273,0.85271,-0.67326,-0.26729,-0.72711,0.50539,-0.51476,0.36058,0.032218,-0.74748,-0.65436,4.7926e-05,0.10783,0.86092,-0.27607,-0.83336,0.24151,-0.96727,0.36349,-0.041064,0.58933,-0.058965,0.94824,-0.73158,0.62682,0.61442,0.32002,-0.88907,0.52545,0.49899,-0.52743,-0.6413,-0.60046,-0.44158,-0.12471,0.871,0.49095,-0.15824,0.16909,-0.33854,0.18717,-0.76595,-0.023081,0.33219,-0.50333,-0.87666,-0.22117,-0.31147,0.70932,-0.45787,0.36698,-0.63914,0.54171,0.69294,0.26078,-0.54848,0.48958,0.39977,-0.25691,-0.33488,0.046209
0.40833,-0.58303,-0.0084079,-0.71176,-0.65835,-0.022619,0.88099,0.2761,-0.71614,-0.74107,-0.29027,-0.77581,-0.019561,0.35173,0.97406,-0.35956,0.7632,-0.11796,0.051716,-0.15023,0.58535,0.35193,0.38993,0,0.45876,0.017549,0.33766,0.98559,0.55184,0.37971,-0.32415,0.094278,-0.77007,-0.45139,0.54609,-0.013987,0.52034,0.020325,-0.69815,0.69193,0.53741,0.56896,0.97209,0.30076,0.85246,0.15421,-0.3549,-0.53042,0.27651,-0.85876,0.82367,-0.75203,-0.51266,0.46845,0.4316,0.87967,-0.90963,-0.7323,-0.76891,-0.61475,0.71489,0.77887,-0.47528,0.79372,-0.98858,-0.98425,0.59008,-0.80143,-0.061984,-0.24655,0.55015,0.89332,0.22129,0.98953,-0.21384,0.20413,-0.37111,-7.1335e-05,-0.046021,-0.78154,0.38018,0.090249,-0.56189,-0.13062,0.75947,0.23751,0.14683,-0.56316,0.32162,-0.67133,0.78994,-0.54357,0.74005,-0.66697,0.037827,-0.10502,-0.30619,0.45577,0.66859,-0.58427,0.37313,-0.49021,0.18215,0.23389,-0.82092
-0.31094,0.34569,0.29803,-0.3641,0.70483,-0.73417,-0.78686,-0.65897,-0.078141,-0.89838,0.33984,0.55603,-0.83485,0.42727,0.5834,0.096883,0.52096,0.98459,-0.53695,-0.13459,-0.28659,0.36868,0.93228,0.45876,0,-0.92093,0.059484,-0.025909,0.99757,0.081366,-0.96534,0.30817,0.22057,0.91741,0.70216,-0.23479,0.29871,0.63267,0.030855,0.94011,-0.57147,0.10399,0.21869,0.68043,-0.92696,0.32845,-0.77327,0.8226,0.14458,0.44251,0.37284,0.46065,-0.87132,0.14561,-0.83481,0.90537,0.38565,-0.76268,0.22279,0.84486,0.34248,0.86854,0.87428,-0.31879,0.16725,-0.52246,0.32941,0.3807,-0.94347,0.75318,-0.41075,0.73043,-0.18763,-0.9486,-0.57591,0.65562,0.84457,-0.41965,0.21213,-0.82882,0.11767,-0.22822,0.62154,0.3901,0.064639,0.19741,0.90179,-0.38153,-0.50797,0.0489,0.83804,0.79449,-0.082619,-0.9879,0.7988,-0.36426,0.41356,0.15199,-0.82059,-0.387,0.66569,-0.46666,-0.091241,0.56359,0.11663
-0.86732,-0.20984,-0.057938,-0.23805,0.30146,-0.79351,-0.35838,0.52691,0.62911,-0.4135,-0.94601,-0.58367,0.85069,0.030452,0.45763,-0.004261,-0.79559,-0.42039,0.7234,0.70705,-0.54777,-0.48345,0.015952,0.017549,-0.92093,0,-0.055014,-0.19084,0.1939,0.81099,0.6249,0.37078,0.42431,-0.1864,0.47092,0.15851,0.10125,-0.72247,0.66515,0.26885,0.87162,0.59573,0.94524,0.1689,-0.65264,-0.84466,-0.90933,-0.066504,0.8308,0.091158,-0.20669,-0.1486,0.74848,0.13376,0.76247,-0.4247,-0.73022,-0.48644,-0.88819,0.55351,0.92253,0.38724,-0.88951,-0.47814,-0.51562,-0.1101,0.95088,0.70712,0.3757,0.76362,0.050068,0.14043,-0.46682,-0.4385,0.25143,-0.64594,0.21768,-0.69484,-0.30686,0.88896,0.95639,-0.88068,-0.77563,-0.032771,0.73952,0.063039,-0.79493,0.79593,0.20525,-0.83897,0.072535,-0.24989,0.7089,0.50373,-0.54151,0.021348,-0.0081727,0.22559,0.87875,0.3626,-0.6855,-0.64774,-0.14013,0.63235,-0.18904
0.013232,-0.38827,0.60274,-0.67221,-0.41751,0.1939,0.70087,0.9547,-0.31079,-0.21056,0.73221,0.70603,-0.79528,0.38475,-0.066316,0.91963,0.7626,0.64275,0.66454,0.38348,-0.58551,-0.35307,0.48209,0.33766,0.059484,-0.055014,0,-0.93859,-0.87219,0.42885,0.69481,-0.0032778,0.86513,-0.30886,-0.30548,0.36218,0.17001,0.1984,0.01492,0.97809,0.033679,-0.31579,-0.1051,-0.91585,0.18261,-0.60957,0.60259,-0.58315,0.10937,-0.052512,-0.55621,0.35755,0.35722,0.40677,0.96665,-0.9345,0.7287,0.11379,-0.8838,-0.93266,0.56192,0.39172,0.53782,0.2243,-0.79393,-0.0349,-0.69082,0.97666,-0.13234,0.64247,0.7243,0.087285,0.2525,-0.053962,-0.61895,0.33651,0.74885,-0.21723,-0.76081,0.75764,0.8946,0.070388,0.56534,-0.13462,-0.66577,-0.026976,-0.99781,-0.41329,0.30341,-0.84838,0.83931,0.35671,-0.061306,0.4418,-0.19776,0.8727,-0.5746,0.85325,0.27431,-0.64643,0.055857,0.82079,0.99315,-0.71574,-0.93879
-0.17305,0.83259,0.9491,0.66627,-0.70827,-0.64232,-0.81787,0.18536,-0.75769,-0.38095,0.99931,0.53863,0.77483,0.65908,0.60651,-0.24404,-0.98774,-0.10163,-0.34563,-0.33253,-0.88161,-0.24335,-0.25981,0.98559,-0.025909,-0.19084,-0.93859,0,0.32287,-0.11238,0.59353,0.7681,0.048274,-0.55652,-0.66865,0.67302,-0.14869,0.99213,-0.46495,-0.96652,0.28588,-0.98678,0.4732,0.58529,-0.49585,-0.71905,-0.2395,-0.29728,-0.67609,0.08445,0.98825,0.43894,0.6446,0.8872,0.52293,0.47028,0.35065,0.67647,0.24139,-0.13738,0.10503,0.093737,-0.50145,0.021353,-0.57505,0.58176,-0.49353,-0.77107,-0.12524,-0.56138,-0.23945,-0.3457,-0.025651,-0.12391,-0.51614,-0.82179,-0.9264,-0.44141,-0.21777,0.95663,-0.54238,0.72747,-0.53892,0.62024,-0.054994,0.10761,-0.34184,-0.84043,-0.066982,0.74953,-0.16918,-0.52972,0.41822,0.74632,0.39401,-0.80887,0.53652,0.052161,0.034775,0.037568,-0.88105,0.43535,-0.44112,-0.83686,0.71757
0.69187,-0.96915,-0.77303,0.26058,-0.74317,-0.74506,0.96793,0.966,-0.61354,-0.46849,0.46773,0.033939,0.84394,0.98443,0.54106,-0.50993,0.1612,0.63268,-0.49923,-0.80368,0.38125,-0.1239,0.68999,0.55184,0.99757,0.1939,-0.87219,0.32287,0,0.20588,-0.87939,-0.32629,-0.35002,-0.086926,-0.27378,-0.86504,-0.98304,0.70213,0.54663,0.90201,-0.1225,-0.9885,-0.82017,0.73598,0.50805,0.53318,-0.41203,0.48415,0.99113,0.70895,0.62719,0.29389,0.8825,0.58605,0.05698,0.19178,0.67857,0.98866,-0.50041,-0.88405,0.68996,0.70207,0.24608,0.47114,-0.93825,-0.67295,-0.60908,-0.75221,0.80248,-0.72248,-0.46054,0.46512,0.28165,-0.89812,0.35652,-0.75131,-0.58799,0.23403,0.83383,-0.28146,-0.24709,-0.92368,-0.044234,-0.20262,-0.087263,-0.13977,0.87532,-0.84689,-0.79302,-0.42667,-0.75447,-0.41879,0.27167,-0.68123,-0.55337,0.047218,-0.35815,-0.83756,-0.34238,0.42781,0.88188,0.89041,0.12434,0.0062886,-0.68391
-0.084124,-0.72437,-0.58844,-0.035944,-0.1588,-0.5923,-0.15165,-0.015292,0.10352,-0.82636,-0.21576,0.61593,0.038932,0.70762,0.87923,-0.14931,-0.93929,0.0052513,-0.54779,-0.30683,-0.63662,0.86105,0.68293,0.37971,0.081366,0.81099,0.42885,-0.11238,0.20588,0,-0.64988,-0.26815,-0.88046,-0.22312,-0.29099,0.058901,-0.43148,-0.83578,0.38439,-0.94557,0.22462,-0.86006,0.84921,-0.93106,0.30268,0.029841,0.69732,0.57099,0.32387,0.014191,-0.39811,0.83172,0.87418,0.63063,-0.23301,-0.022771,0.60998,0.62494,0.94478,0.77424,-0.83158,-0.81017,-0.99619,0.62165,0.020791,0.75907,-0.077958,-0.83283,0.23911,0.92184,0.04819,-0.52588,0.013964,0.15817,0.45283,-0.059013,-0.51405,-0.78212,-0.33644,-0.79642,0.035989,-0.6734,-0.19645,-0.60457,-0.68394,-0.30889,-0.019514,-0.14921,0.47184,-0.76593,0.41474,0.68711,0.74446,-0.97109,-0.40484,0.93418,0.061317,-0.3906,0.30785,-0.22514,0.42801,-0.48822,0.64439,-0.30551,0.63002
-0.051174,0.92058,0.5372,-0.41154,-0.12324,-0.089245,0.89324,-0.0032942,-0.45289,0.14797,-0.065787,-0.2283,-0.7329,-0.42597,0.2817,0.84858,0.81573,-0.20264,-0.062238,-0.27601,-0.21864,-0.12093,0.69554,-0.32415,-0.96534,0.6249,0.69481,0.59353,-0.87939,-0.64988,0,-0.068757,-0.16054,0.27738,-0.80353,-0.75781,-0.41117,0.77303,0.79503,-0.032952,0.3756,0.85014,0.52998,-0.55645,-0.35269,0.34165,-0.088957,-0.50005,-0.56522,-0.75827,0.29274,-0.26415,0.067293,-0.3616,0.52409,-0.361,0.92569,-0.71364,-0.92134,0.48779,-0.32083,-0.65153,0.7013,0.20173,0.28035,0.52908,0.92762,0.42686,0.87972,-0.041582,-0.6916,-0.82838,0.35692,0.31145,-0.14322,0.79156,0.38112,0.5477,-0.43992,-0.687,0.21699,-0.082732,-0.18878,-0.080718,-0.19554,0.67408,0.078194,-0.87652,0.62972,-0.58237,-0.8403,0.17441,-0.22553,0.88549,-0.59772,-0.68757,-0.035445,0.8886,-0.3679,0.89519,-0.93282,0.75624,0.78232,-0.13264,0.38365
0.32065,-0.56295,0.050008,-0.42624,-0.47072,0.32986,0.81019,0.27108,-0.66353,-0.38495,0.57296,0.63,-0.10387,0.011313,0.96963,-0.26693,0.66535,-0.26916,0.4446,-0.41613,-0.73842,0.020343,-0.28579,0.094278,0.30817,0.37078,-0.0032778,0.7681,-0.32629,-0.26815,-0.068757,0,-0.39778,0.50181,-0.020731,0.70188,0.77253,-0.71617,-0.076518,-0.25909,0.42465,0.73954,0.57533,0.63244,0.83602,0.97765,-0.60418,-0.13101,-0.21186,0.74024,0.38763,-0.30283,0.86347,-0.55817,-0.37922,-0.37217,-0.42099,-0.714,-0.80381,0.27759,0.020102,0.28167,0.12388,0.37763,-0.00099567,-0.31607,0.14425,-0.64405,0.030118,-0.96669,-0.35038,-0.13008,0.38122,-0.85644,0.50468,-0.46268,-0.94859,0.41413,0.22873,0.21068,-0.61288,-0.80285,-0.59072,0.83709,0.036855,-0.65468,-0.30468,-0.40152,0.21506,-0.81899,0.6834,0.065979,0.45772,-0.9787,0.13958,-0.49048,0.25906,0.56574,0.58479,0.12011,-0.49957,0.29961,0.22958,0.040861,0.52841
0.29042,-0.59093,0.083062,0.37522,0.10419,0.40817,-0.22746,0.52404,0.85285,-0.075408,-0.78738,0.28474,0.45563,0.71443,-0.63835,0.59,-0.1292,-0.37605,-0.43995,0.074772,0.99541,0.88577,-0.23964,-0.77007,0.22057,0.42431,0.86513,0.048274,-0.35002,-0.88046,-0.16054,-0.39778,0,-0.39328,-0.193,0.43776,-0.92011,0.10262,-0.73906,-0.89503,0.50762,-0.23586,0.61175,0.50886,-0.59955,-0.67622,-0.042999,0.08805,0.70071,0.20793,0.83504,0.89439,-0.99468,-0.23988,-0.23861,-0.16694,-0.85576,-0.97475,-0.4209,0.974,-0.2872,-0.92905,-0.36642,0.9154,0.5555,-0.58231,-0.66019,-0.90593,2.6276e-05,0.032497,0.2484,0.60066,-0.28673,-0.3566,-0.63337,0.055569,0.13854,-0.81952,-0.38728,-0.051749,0.81944,-0.46694,0.57736,0.9514,-0.31998,-0.09551,0.3884,-0.35342,-0.78346,-0.163,0.017974,-0.86818,-0.62694,0.59045,0.87004,-0.48919,-0.51364,-0.75187,-0.60863,0.54071,-0.89274,-0.056934,0.0095159,0.31626,-0.95215
0.3795,-0.82343,-0.23424,0.84616,-0.23682,-0.71233,0.84287,0.17095,-0.38541,-0.54793,-0.22848,0.85579,0.76445,-0.75274,0.53322,0.51852,0.036392,0.32393,-0.82289,-0.97616,-0.26746,0.79856,-0.06587,-0.45139,0.91741,-0.1864,-0.30886,-0.55652,-0.086926,-0.22312,0.27738,0.50181,-0.39328,0,0.68051,0.54195,0.76873,-0.44839,0.028675,-0.059684,-0.17752,-0.065548,-0.13425,-0.45157,0.78085,0.075161,-0.33066,-0.4139,-0.50042,0.069111,-0.65771,0.58255,0.2439,0.5271,-0.27315,0.35908,-0.52331,0.68572,0.10672,-0.58944,-0.56254,-0.47689,-0.5733,0.84129,0.34447,0.98099,-0.5822,0.41393,-0.17435,0.14028,-0.36039,-0.58524,-0.63434,-0.40989,-0.16784,-0.36289,-0.10768,-0.40025,-0.11352,-0.63957,-0.044309,-0.22196,-0.31677,0.80897,-0.25321,-0.11127,0.095879,0.088214,0.71576,0.52972,0.92974,0.70779,0.57518,-0.43172,0.80739,0.10825,-0.89044,0.65376,0.21685,-0.61991,-0.45818,0.71109,-0.57914,0.12229,0.028698
0.33869,-0.81041,0.77148,-0.80049,0.50527,0.2141,0.5235,0.25345,0.7084,-0.48484,0.46519,-0.076411,-0.64207,0.031082,-0.27223,0.56994,-0.33933,0.28988,-0.88474,0.88751,-0.3023,0.38702,0.89768,0.54609,0.70216,0.47092,-0.30548,-0.66865,-0.27378,-0.29099,-0.80353,-0.020731,-0.193,0.68051,0,-0.79014,-0.92965,-0.44718,0.076138,-0.13107,-0.89964,-0.62357,0.51577,-0.47874,-0.81863,0.1267,-0.93111,0.20451,-0.78482,-0.33563,-0.63667,-0.42795,0.90659,0.83007,0.73045,0.026207,-0.4185,-0.84953,-0.70779,0.38168,-0.82362,-0.5123,-0.40537,-0.14757,-0.9769,0.88505,0.43136,-0.91712,0.46122,-0.72841,-0.39227,-0.30718,-0.57109,0.68291,-0.5975,0.68823,-0.65814,0.49968,-0.25989,0.65592,0.93443,0.4225,-0.46463,-0.074522,0.47695,0.45998,0.47589,-0.7592,0.83643,0.58899,-0.76904,-0.40735,0.59552,-0.70709,-0.9915,0.35318,0.0068053,-0.068696,-0.37114,-0.087431,-0.96245,-0.61295,-0.45243,0.42984,-0.44542
-0.31219,0.19547,0.93856,0.1036,-0.62162,-0.57664,-0.499,0.49232,-0.64509,0.97124,-0.63258,-0.23209,0.92783,0.66676,0.71205,0.46165,0.95538,-0.10272,-0.31991,0.5488,-0.93815,0.99385,0.072161,-0.013987,-0.23479,0.15851,0.36218,0.67302,-0.86504,0.058901,-0.75781,0.70188,0.43776,0.54195,-0.79014,0,0.51425,-0.49602,0.41322,0.87107,0.50894,0.29124,-0.062837,0.44949,-0.37666,-0.9059,0.95425,-0.41143,-0.12937,0.31456,0.48459,-0.70954,0.14392,0.61013,-0.8567,-0.76259,-0.81632,-0.38815,-0.13356,0.70452,-0.46778,-0.43984,-0.29163,-0.55928,-0.050053,0.77442,-0.33933,-0.40362,-0.5922,-0.96524,0.076417,-0.19669,-0.070657,-0.21152,-0.84071,0.17632,-0.26669,-0.85186,0.32576,-0.085972,-0.47224,-0.96264,-0.53025,-0.18937,0.73949,0.22705,0.89593,-0.8176,-0.65244,-0.91911,0.029462,-0.82064,-0.85567,0.17692,0.64245,-0.017273,-0.29484,-0.79892,-0.33487,0.93897,-0.79191,-0.40578,0.27295,0.73192,0.92788
0.26947,0.6244,0.84183,0.89504,0.36094,-0.27485,-0.25582,-0.0008863,-0.3909,-0.1761,-0.83397,-0.91356,-0.38833,0.22533,0.054738,-0.57637,-0.35621,0.19024,-0.37985,0.22473,-0.054648,-0.71246,0.049977,0.52034,0.29871,0.10125,0.17001,-0.14869,-0.98304,-0.43148,-0.41117,0.77253,-0.92011,0.76873,-0.92965,0.51425,0,0.49335,-0.075125,0.55662,0.75819,0.60652,-0.60732,0.94477,0.078412,0.013775,0.29502,-0.6651,-0.78181,0.21238,0.03209,0.72579,0.73191,-0.67707,0.48215,0.42764,-0.74883,-0.74749,-0.20716,-0.14351,0.13839,-0.060878,-0.030013,-0.20201,0.19333,0.14515,0.59605,-0.72806,-0.70374,-0.15527,0.71161,-0.34988,0.31838,-0.8711,-0.50626,0.34839,0.22248,0.61591,-0.15585,-0.81052,0.61553,0.41216,-0.88643,0.46923,0.57832,-0.10145,-0.77452,-0.83822,0.16451,0.13808,0.56556,-0.97466,-0.47662,0.15329,0.91267,-0.033061,-0.061216,-0.89875,0.67835,0.17812,0.17931,-0.1029,-0.91383,-0.97681,-0.17863
0.67612,0.53292,0.98287,-0.51928,-0.60052,-0.1518,0.075247,0.67521,-0.47416,0.48171,0.29585,-0.22589,0.38858,0.11716,0.31606,0.9276,-0.67704,-0.068176,-0.31534,-0.024668,-0.74288,-0.077074,0.047821,0.020325,0.63267,-0.72247,0.1984,0.99213,0.70213,-0.83578,0.77303,-0.71617,0.10262,-0.44839,-0.44718,-0.49602,0.49335,0,-0.72244,0.073633,0.60556,-0.86082,-0.81608,0.78597,-0.058744,0.84283,0.09528,0.51868,-0.18541,-0.15201,0.65163,-0.5067,0.69129,0.7027,-0.76004,-0.2399,-0.45416,0.21747,0.0077604,0.2492,0.46237,0.60151,-0.65428,-0.59279,-0.046104,0.19101,-0.55052,-0.31175,-0.46374,-0.3958,-0.55227,0.17999,-0.96142,-0.020905,-0.78828,0.44625,-0.41978,0.88301,0.39053,-0.92961,-0.11309,0.52533,-0.6428,-0.23865,0.94001,0.41995,0.12609,-0.8342,0.32527,0.027446,-0.31504,0.04765,0.38302,0.027318,-0.23012,-0.91122,-0.81392,-0.73146,0.70762,-0.78017,-0.072667,-0.23779,0.26664,0.91096,-0.3736
-0.73165,0.46551,-0.88818,0.79355,0.10406,-0.38219,0.81177,-0.10435,-0.35462,-0.29631,-0.57169,0.40046,-0.87858,0.98114,-0.99396,0.64267,-0.47496,0.92153,0.14501,-0.59624,0.11649,-0.64162,-0.54509,-0.69815,0.030855,0.66515,0.01492,-0.46495,0.54663,0.38439,0.79503,-0.076518,-0.73906,0.028675,0.076138,0.41322,-0.075125,-0.72244,0,-0.23027,-0.27736,0.33118,-0.32384,0.72639,0.22739,-0.41313,-0.1099,-0.37293,-0.34823,0.74484,0.31664,-0.089072,0.094886,-0.94634,0.040593,0.20256,0.088316,-0.18903,-0.064456,-0.80946,0.77712,0.21596,0.13542,0.13179,0.65377,-0.85982,-0.21662,-0.84397,0.87019,-0.08535,0.10276,-0.84019,0.050973,0.38396,-0.68945,-0.94648,-0.91903,0.39682,-0.76421,-0.56195,0.28909,-0.83368,-0.47027,0.89508,-0.78162,0.87889,0.26377,0.11483,0.93329,0.87164,-0.4034,-0.58867,0.61952,0.57278,0.095834,0.015901,-0.20238,-0.64359,0.25502,-0.74135,-0.37704,-0.38144,-0.20959,-0.23776,-0.26493
-0.6341,-0.35004,0.3461,0.5581,0.034392,0.52174,-0.62633,0.46719,0.15471,-0.72401,0.024411,-0.63181,0.98664,-0.75915,-0.95147,0.48869,0.54869,-0.26267,-0.60914,0.60584,0.27778,-0.60198,-0.65131,0.69193,0.94011,0.26885,0.97809,-0.96652,0.90201,-0.94557,-0.032952,-0.25909,-0.89503,-0.059684,-0.13107,0.87107,0.55662,0.073633,-0.23027,0,-0.58375,-0.98656,-0.27767,0.88195,-0.48095,-0.061933,-0.90737,-0.57132,0.82442,-0.4,-0.098511,0.16726,-0.058677,-0.30048,-0.42932,0.65968,0.17981,0.29073,0.40729,-0.55056,-0.42282,0.35221,0.26293,0.054121,-0.39276,-0.15954,-0.067869,0.47497,0.62825,-0.72046,0.1147,-0.44145,0.92393,-0.79072,-0.82275,0.29697,0.023159,0.7173,0.59783,0.96791,-0.43218,0.54635,0.56501,0.74091,0.79178,0.83696,-0.47822,0.25748,-0.28151,0.55616,0.36909,-0.25045,0.53689,0.83544,-0.22295,0.085933,0.42309,0.72439,-0.82975,-0.04853,-0.7288,-0.74793,-0.63882,0.48516,0.92147
0.14281,0.60805,0.049484,-0.69507,-0.44995,0.035013,-0.98083,-0.12669,0.78432,-0.74715,0.9548,0.2815,0.38055,-0.601,0.52678,0.676,-0.573,-0.41782,-0.98842,-0.04405,-0.83294,-0.070947,0.69139,0.53741,-0.57147,0.87162,0.033679,0.28588,-0.1225,0.22462,0.3756,0.42465,0.50762,-0.17752,-0.89964,0.50894,0.75819,0.60556,-0.27736,-0.58375,0,0.010934,-0.76823,-0.47848,0.61416,-0.063641,-0.25358,0.56091,0.010214,0.9247,0.809,-0.88467,0.69096,-0.70208,0.41664,0.95928,-0.31204,-0.85765,0.20333,-0.60193,0.89748,-0.13176,-0.55745,-0.2127,0.52057,-0.11128,0.60035,0.80121,0.94904,-0.65195,-0.55493,0.77335,-0.7072,-0.68949,-0.28323,-0.9463,0.89297,0.84567,-0.40347,0.31478,0.38903,0.070384,0.82145,0.78548,-0.2184,-0.54664,0.10763,-0.74822,-0.76613,-0.37945,-0.54094,0.72079,-0.52914,-0.71416,0.61963,-0.99541,-0.57238,0.82255,-0.82505,0.55053,0.09259,-0.25103,-0.41338,-0.275,-0.47749
0.24047,-0.5399,-0.75574,-0.08028,0.12528,-0.75978,-0.17817,-0.085563,0.63242,0.63159,-0.090138,-0.21565,0.24913,-0.069069,0.30515,0.55748,-0.7849,-0.12345,-0.46292,0.34426,0.20771,-0.71956,-0.50004,0.56896,0.10399,0.59573,-0.31579,-0.98678,-0.9885,-0.86006,0.85014,0.73954,-0.23586,-0.065548,-0.62357,0.29124,0.60652,-0.86082,0.33118,-0.98656,0.010934,0,-0.084219,0.56881,-0.078989,-0.64986,0.82788,-0.26981,-0.28412,0.31482,-0.16804,0.21545,0.59005,0.20017,0.89265,0.7649,-0.85704,-0.8826,0.92586,-0.23347,-0.014983,0.20962,0.30556,-0.059807,-0.10097,-0.50577,-0.12395,0.66579,0.075644,0.21788,0.16115,-0.75275,0.29232,-0.40282,0.49351,0.6911,-0.10046,0.53345,0.83622,-0.55583,0.19807,0.77921,0.68529,0.84706,-0.5228,-0.046409,0.58135,-0.69896,-0.21408,0.65545,0.24326,-0.46762,0.90966,-0.5678,0.80081,-0.047431,0.71209,-0.49379,0.32045,0.069285,0.68689,0.35625,-0.61242,-0.26919,0.91995
0.52582,-0.2108,0.83852,0.12792,-0.55885,-0.36189,-0.34981,-0.57717,-0.18737,0.99359,-0.10629,0.21395,0.16328,0.44882,-0.93169,0.92889,0.91081,0.48053,0.87604,0.71882,0.014636,-0.55216,0.47391,0.97209,0.21869,0.94524,-0.1051,0.4732,-0.82017,0.84921,0.52998,0.57533,0.61175,-0.13425,0.51577,-0.062837,-0.60732,-0.81608,-0.32384,-0.27767,-0.76823,-0.084219,0,0.27524,-0.85862,0.40623,-0.29142,-0.18497,0.64887,0.91034,-0.51346,0.64332,-0.75772,0.59591,-0.0049381,-0.85242,0.42649,0.84903,-0.63052,-0.079127,0.83454,-0.36989,-0.4061,0.57406,0.41162,0.74856,0.46791,-0.31804,0.44505,-0.92946,0.0097385,-0.25971,0.91862,0.36636,0.80868,0.48731,-0.91416,-0.81988,0.083986,0.30889,-0.12449,0.4635,0.50956,0.58918,0.69607,-0.86567,0.96892,-0.81572,0.41266,0.92635,-0.29945,-0.52623,-0.51839,0.21406,0.33214,-0.91971,-0.083176,0.8427,0.74961,0.35405,-0.73934,0.8098,0.45465,-0.25459,-0.12493
0.59572,0.57906,0.18354,0.62907,0.9022,0.062904,-0.76902,0.83608,0.91351,-0.917,0.72919,-0.50913,-0.70342,-0.59752,-0.4697,0.79858,-0.28466,-0.19077,0.42193,-0.57527,0.94193,0.73313,-0.10032,0.30076,0.68043,0.1689,-0.91585,0.58529,0.73598,-0.93106,-0.55645,0.63244,0.50886,-0.45157,-0.47874,0.44949,0.94477,0.78597,0.72639,0.88195,-0.47848,0.56881,0.27524,0,-0.70511,0.34021,-0.053318,0.23918,0.92341,-0.36376,-0.69923,-0.96737,-0.0013436,-0.33548,0.73919,0.59251,-0.74016,0.47347,0.094676,-0.24337,-0.97841,0.8846,0.56952,0.26845,0.74141,0.48707,0.92703,0.15941,-0.74539,-0.2417,-0.37061,0.098143,0.55368,-0.90499,-0.08375,0.47759,-0.53331,0.3762,-0.55921,-0.9499,-0.81076,0.5733,-0.57729,-0.069475,-0.75174,0.88971,-0.4348,0.72785,0.87204,-0.60688,-0.3478,0.60257,-0.7198,0.84826,-0.65961,-0.06256,0.038189,-0.02006,-0.0054968,-0.51244,0.3745,0.11306,0.42255,-0.16256,0.18051
