,,,,,,,,,,,,,,,,,,,,,,,,,,,,,,,,,,,,,,,,,,,,,,,,,,,,,,,,,,,,,,,,,,,,,,,,,,,,,,,,,,,,,,,,,,,,,,,,,,,,,,,,
0,0.022405,0.27262,-0.52215,0.050141,0.47236,-0.0048356,0.30151,0.65322,-0.6232,-0.76151,-0.81855,0.77166,0.68693,-0.62424,-0.14609,0.85462,0.98711,0.092962,-0.45515,0.55756,0.14085,-0.18508,-0.56416,-0.5981,0.66804,-0.47999,-0.85275,-0.41326,0.62818,-0.7446,-0.24499,0.1801,-0.43822,0.8207,0.71976,0.34092,0.26016,-0.15823,-0.69983,-0.45837,-0.49659,0.68615,0.33391,-0.25153,0.57127,-0.32007,0.022627,-0.449,0.7879,0.68928,-0.97351,0.44909,0.80607,-0.6785,-0.017249,-0.33105,0.4212,0.77032,-0.58258,0.57053,0.94168,-0.73354,0.14117,-0.52334,-0.88269,0.34444,-0.60483,0.56095,-0.84762,-0.82011,-0.031362,-0.67856,-0.15945,0.66627,0.43533,0.039917,-0.57382,-0.68004,0.78184,-0.5795,-0.96916,-0.94309,-0.59957,0.77611,-0.17251,-0.67081,-0.91348,0.12598,0.51839,0.46552,0.51081,-0.64663,0.51522,0.73588,0.55069,0.80794,-0.08032,0.50459,0.17308,0.50065,-0.29636,0.16152,0.7736,-0.23487
0.022405,0,0.95422,-0.91262,-0.71044,-0.93449,0.75161,0.5433,-0.80256,-0.64548,-0.15485,-0.50462,-0.46739,-0.089747,0.29108,0.83944,-0.064024,-0.13893,-0.50576,0.58718,0.53586,0.21539,0.78313,0.40058,-0.80233,-0.30958,-0.63714,-0.063592,0.44224,0.98635,0.30894,-0.036737,-0.37219,0.90808,-0.14341,0.55032,0.3814,0.23251,0.6484,0.63741,0.91864,0.3575,0.1113,-0.97155,0.096158,0.16396,0.17807,-0.96401,0.56142,0.44338,-0.63334,0.37485,-0.41073,-0.48947,0.35432,0.45278,-0.66296,0.50249,0.071247,-0.74545,0.096824,0.88015,-0.85212,-0.38227,0.58311,-0.83067,-0.54273,0.91004,0.88027,-0.78092,0.78786,-0.10992,-0.35711,-0.60412,-0.14689,-0.63671,-0.88274,0.24809,-0.8349,-0.44295,0.28927,0.52137,-0.26007,0.27388,-0.45918,-0.43774,0.94452,-0.17947,0.21491,-0.48658,-0.35299,0.14943,0.86818,-0.44463,0.051822,0.40769,0.27112,0.8318,0.21929,0.75013,0.31379,0.87685,-0.30995,0.30385,0.45979
0.27262,0.95422,0,-0.5673,0.63912,0.36981,-0.87683,0.28931,0.39732,-0.47714,-0.52148,-0.14556,-0.50758,-0.79337,-0.60174,0.43646,-0.2042,-0.64565,-0.77161,-0.2686,-0.87836,-0.35478,-0.62425,-0.50378,-0.3896,-0.496,0.16843,-0.9344,-0.035345,0.53507,0.029374,-0.0091085,0.12299,-0.4055,0.36115,-0.37687,-0.58942,-0.89155,0.30542,0.54633,0.23344,-0.08032,-0.52523,-0.38696,-0.77313,-0.71876,0.26252,0.30171,0.72474,0.44844,-0.41609,0.74699,-0.46923,0.42228,0.18845,-0.41582,0.55566,0.79507,0.38811,0.79941,-0.17646,0.97594,0.72192,0.62785,-0.10577,0.21739,0.44688,-0.18248,-0.77229,-0.67775,-0.89584,-0.13507,-0.75672,-0.48828,-0.4289,0.30082,0.84331,-0.89034,-0.72371,-0.043949,0.94211,0.48805,-0.9415,0.37438,0.19642,-0.99444,0.60576,0.8538,0.8724,0.19296,0.17208,-0.12376,0.2859,-0.54597,0.15633,0.47845,0.088347,-0.78201,0.023121,0.84677,0.37349,-0.11586,-0.897,-0.14824,0.26819
-0.52215,-0.91262,-0.5673,0,-0.4396,-0.83165,0.48756,-0.82174,0.63266,0.0035687,0.055716,0.43829,0.19258,-0.83349,0.43886,0.4544,0.65298,-0.55239,0.40676,0.68956,-0.73804,-0.84206,-0.8689,-0.15063,-0.53842,0.54504,-0.41054,-0.71832,-0.12426,-0.61814,-0.73263,-0.90458,0.75234,0.32163,0.85162,-0.54726,0.69495,-0.33804,0.32751,-0.67927,-0.31836,0.67274,0.078417,0.67291,-0.28272,-0.39,-0.5524,0.29609,-0.44542,-0.49888,-0.22315,-0.39257,-0.069663,-0.72947,0.066133,-0.086793,0.74115,0.17223,-0.29534,0.28497,-0.98401,-0.91659,-0.54911,0.31615,-0.45761,0.044238,0.40346,-0.8954,-0.30444,-0.53761,-0.8652,0.27133,0.77795,-0.25488,0.97183,-0.81393,0.26172,-0.13435,-0.24359,0.35344,-0.73152,-0.27524,0.60311,0.78156,-0.73188,0.86639,0.56487,-0.90782,-0.55137,0.2253,-0.27991,0.20249,-0.50696,0.24595,0.25078,-0.617,0.30699,0.42787,-0.96912,-0.42221,0.94936,-0.21514,-0.77548,0.3452,0.81497
0.050141,-0.71044,0.63912,-0.4396,0,-0.77444,-0.27867,-0.50453,-0.56305,0.12789,0.42604,-0.37835,-0.83891,-0.55836,0.14147,-0.70814,-0.15557,0.71343,-0.94213,-0.65917,0.038251,-0.46705,-0.025457,0.16148,-0.47052,-0.43157,-0.94177,0.1288,-0.77405,-0.62114,-0.37964,0.79698,-0.50339,-0.0057416,0.53472,0.67062,-0.89375,0.7248,0.87937,-0.80145,-0.56537,-0.71172,0.68077,-0.69737,0.78145,-0.42114,0.19856,0.86539,0.84494,0.36905,-0.48942,0.84444,-0.68919,-0.63203,-0.26911,0.32176,-0.68118,-0.64977,-0.68098,-0.14109,-0.3605,0.90666,-0.76409,0.94159,0.2372,0.41017,-0.063524,0.90643,0.067868,-0.53203,-0.42127,-0.18054,-0.75269,-0.45765,0.67242,0.48929,0.499,-0.59367,-0.87941,0.86864,-0.23058,0.69907,0.020406,0.070499,-0.94583,0.8425,-0.33558,-0.47421,-0.60196,0.14146,0.73944,0.35233,-0.49546,0.5498,0.069915,0.56011,-0.54608,-0.19062,-0.50893,0.38548,-0.85078,-0.86598,0.05911,-0.93359,0.16927
0.47236,-0.93449,0.36981,-0.83165,-0.77444,0,-0.6738,-0.067588,-0.82679,0.96229,0.032953,0.92763,-0.33217,0.38121,0.079853,0.96964,0.4291,0.71643,-0.3107,-0.33354,0.53271,-0.56752,0.36945,-0.34699,0.24652,0.88859,-0.90808,0.14887,-0.9584,-0.59891,-0.19436,0.65221,0.85166,0.93777,-0.71598,-0.27351,0.034575,-0.34884,-0.0022439,-0.72479,0.69165,0.26358,-0.015132,-0.72673,0.63921,0.14424,0.97405,-0.021585,0.30367,-0.44306,-0.62855,0.0086706,0.071453,-0.204,-0.67981,0.89312,-0.31999,-0.58591,-0.41364,-0.88551,-0.16049,0.85403,-0.24471,0.013613,-0.97867,0.0474,-0.67292,-0.74232,0.8643,0.50292,0.13453,-0.34422,0.79258,0.26866,0.23054,-0.58684,-0.67861,0.74065,-0.03895,0.2828,-0.77313,-0.69983,0.46861,-0.34895,0.0086449,0.71509,-0.69024,-0.70413,0.92684,0.57945,0.1145,-0.37236,-0.30728,0.69886,0.23241,-0.94802,0.34649,-0.70497,-0.13313,0.44434,0.6984,-0.23005,-0.85239,-0.87795,-0.8933
-0.0048356,0.75161,-0.87683,0.48756,-0.27867,-0.6738,0,0.24364,0.65219,-0.84153,0.16971,0.44833,0.17041,-0.040919,0.0076123,0.72155,0.24329,-0.0248,0.23932,-0.59449,-0.75765,-0.59656,0.67531,-0.4549,-0.67418,0.80352,0.10378,0.86415,-0.27338,0.55452,0.48878,0.3686,-0.89324,0.94845,0.24399,0.45543,-0.73087,-0.61031,0.022985,-0.47955,0.40476,0.96493,-0.82298,0.71748,0.83187,-0.43544,-0.71129,0.39988,-0.44883,-0.89846,-0.24845,0.0091558,-0.066234,0.36062,0.42759,-0.37041,-0.58939,0.48992,0.16682,-0.30364,0.74822,-0.36173,0.11719,0.73533,0.3889,0.11885,-0.68535,0.42506,-0.106,0.35605,-0.040933,0.24337,0.79759,-0.66708,-0.78006,-0.61608,0.22881,-0.74173,-0.31582,-0.23611,-0.57001,-0.46864,0.19924,-0.66121,0.5776,-0.57285,-0.13262,-0.074118,-0.29495,0.19953,0.81861,-0.57112,0.1298,-0.85928,-0.88794,0.75013,0.12059,-0.21176,0.38816,0.49469,-0.22479,-0.099535,0.9471,-0.96202,0.66286
0.30151,0.5433,0.28931,-0.82174,-0.50453,-0.067588,0.24364,0,-0.0079319,0.36493,0.65183,0.21297,0.89626,0.80777,-0.6214,0.3006,0.5966,-0.59543,-0.58366,0.5671,0.86095,0.72507,0.54139,0.057355,0.69639,0.051667,-0.85788,-0.14364,0.15768,-0.81195,0.97398,-0.087768,-0.72723,-0.22343,0.46943,-0.29133,-0.7207,-0.8155,-0.14779,0.75406,0.72211,0.84857,0.086104,-0.69501,0.43878,0.44697,0.96493,0.010799,-0.12027,0.89536,0.085785,0.94048,-0.92385,0.67276,0.55103,0.79737,-0.095883,-0.12929,0.29924,0.50604,-0.41834,-0.88643,0.82713,0.77637,-0.70783,-0.19907,0.44912,0.48406,-0.65314,-0.98723,0.43439,-0.86822,0.4331,-0.70057,0.92474,0.62269,0.71985,0.3825,0.31007,-0.76684,-0.9328,-0.17147,0.035563,0.76714,-0.19166,0.32994,0.89407,0.4966,-0.47796,0.61429,-0.71319,-0.70737,-0.92573,-0.4483,-0.028484,0.22746,-0.29547,0.22416,-0.32582,0.46528,-0.15139,0.64682,-0.54908,0.66657,0.53048
0.65322,-0.80256,0.39732,0.63266,-0.56305,-0.82679,0.65219,-0.0079319,0,0.51595,-0.23618,0.4545,-0.65855,0.52771,-0.17356,-0.035503,0.71118,-0.68105,-0.25837,-0.13291,0.77549,0.14226,0.35684,-0.55507,0.28374,0.21454,-0.85776,-0.51008,0.31638,0.35509,-0.58531,0.65946,-0.21339,-0.73525,0.027348,0.10489,0.55123,0.25129,-0.51659,0.36655,0.44665,0.49325,-0.75688,-0.23721,0.00034443,-0.46573,0.24498,0.18322,-0.014126,-0.61237,-0.15631,-0.19371,0.096422,-0.13877,-0.47316,0.61135,-0.90228,-0.998,0.41991,0.14097,-0.13233,0.34952,0.60904,0.90306,0.55506,-0.35281,-0.068888,-0.46718,0.66818,0.94873,-0.017516,0.20826,-0.26379,-0.55936,0.2284,-0.23849,0.29038,-0.72736,0.62286,-0.060539,-0.056208,0.30067,-0.66169,-0.30096,-0.19376,-0.92187,-0.1706,0.10321,0.056801,0.94763,0.19087,-0.51845,-0.096888,0.051811,-0.80192,0.6292,-0.6763,-0.776,0.66583,0.97461,0.41168,0.79298,0.42109,0.065812,-0.32454
-0.6232,-0.64548,-0.47714,0.0035687,0.12789,0.96229,-0.84153,0.36493,0.51595,0,-0.97649,0.42967,-0.82437,-0.16569,0.74462,0.14567,-0.81055,-0.87924,0.92207,0.16232,0.76346,-0.50934,0.87986,0.80481,-0.91574,0.44983,0.1715,0.60863,0.95879,0.23568,0.076689,0.87002,-0.91654,-0.74408,-0.14604,-0.90525,-0.52708,0.42043,-0.67591,-0.16261,0.62205,0.17511,-0.10574,0.5588,-0.90531,0.36725,0.090784,-0.32348,0.35559,-0.58129,-0.73381,0.62485,-0.81135,-0.98943,-0.31096,-0.47537,0.37972,0.082119,0.042348,0.43091,-0.97096,0.0010963,-0.28073,0.68878,-0.57787,0.46961,0.83935,-0.40301,-0.58285,0.92361,0.07095,-0.12966,0.47879,0.19654,0.07171,-0.079773,0.80612,0.65677,-0.98776,0.91565,0.66222,-0.84013,0.19895,0.050498,0.047936,0.028422,0.27494,0.92828,-0.0025402,-0.56084,0.90872,-0.93088,-0.83415,-0.6119,0.37427,-0.050152,-0.3406,-0.087246,0.35921,-0.21923,0.428,-0.31471,0.068736,-0.058994,0.9835
-0.76151,-0.15485,-0.52148,0.055716,0.42604,0.032953,0.16971,0.65183,-0.23618,-0.97649,0,0.16789,-0.48364,-0.032273,-0.3121,-0.018662,0.77002,0.38158,0.65051,0.7907,0.79296,-0.32596,-0.10247,-0.91968,0.43294,0.16275,0.46216,-0.15474,0.08193,0.99689,-0.0038405,0.85567,0.838,-0.7895,0.28956,0.056082,-0.2416,-0.50399,0.8189,-0.38793,-0.24377,0.90775,-0.71455,-0.36816,-0.24568,0.16383,-0.76103,-0.11915,-0.56743,-0.84978,-0.4152,0.094379,0.79579,0.80073,-0.05577,-0.74487,-0.79181,0.41533,0.6598,0.71233,0.39779,-0.53887,0.14772,0.46617,-0.71766,0.65526,0.69613,-0.73983,-0.3729,-0.81407,0.95697,0.11651,-0.0089586,-0.43865,-0.15129,0.43376,-0.13895,0.41086,-0.64008,0.58642,0.024211,-0.87816,-0.25781,-0.64463,0.4262,0.74643,-0.91222,0.032186,-0.39032,-0.69764,-0.96056,-0.55907,0.58455,-0.78822,-0.34238,0.30834,0.95416,0.84643,0.96585,0.46424,-0.72331,0.9689,-0.53425,-0.60748,-0.084073
-0.81855,-0.50462,-0.14556,0.43829,-0.37835,0.92763,0.44833,0.21297,0.4545,0.42967,0.16789,0,-0.67444,-0.34815,0.20929,-0.86411,0.51535,0.21816,-0.69206,0.3876,0.32127,-0.2609,-0.52405,0.61514,0.51709,0.74656,0.51781,-0.83439,0.0069608,0.77745,-0.67392,0.37478,0.833,0.84969,0.97184,-0.20343,-0.65732,-0.80776,-0.0062289,0.81958,0.68282,0.60799,-0.75969,-0.16766,0.34725,0.68877,-0.18862,0.56309,-0.11301,-0.62241,-0.47609,0.62991,0.57862,0.96525,-0.44947,-0.91072,0.64989,-0.85465,-0.60012,-0.80074,-0.95672,0.79213,0.27378,-0.037468,0.95164,0.28787,-0.056472,-0.21578,0.21115,0.36378,-0.31039,-0.23085,-0.079624,0.43176,-0.73286,0.62334,-0.20775,0.73763,0.74119,-0.10839,-0.36737,-0.11532,-0.044345,-0.73134,-0.88057,0.56664,0.19468,-0.1791,0.10584,-0.17557,-0.23276,0.91127,0.62103,0.022666,0.28183,0.15391,0.064747,0.48978,0.60976,-0.79037,0.21706,-0.68517,0.52968,-0.5999,0.68589
0.77166,-0.46739,-0.50758,0.19258,-0.83891,-0.33217,0.17041,0.89626,-0.65855,-0.82437,-0.48364,-0.67444,0,0.42255,-0.37639,-0.79554,-0.99095,0.76836,-0.85245,-0.14489,0.37376,0.55043,0.3026,-0.47628,0.88012,0.89207,0.10634,-0.64334,-0.15858,0.58092,-0.87013,-0.21647,0.21644,0.89663,-0.56686,0.14752,0.45452,-0.35873,0.78884,-0.57455,-0.64048,-0.1584,-0.66512,0.70205,0.013719,0.27103,0.019672,-0.54991,0.58466,0.15751,0.82544,0.10735,0.65655,-0.77889,0.94692,-0.93736,-0.23838,0.43022,0.56275,-0.97316,0.40365,0.38291,0.2785,0.91459,0.34776,-0.55541,-0.47724,0.75015,0.59596,0.37769,-0.40148,0.22216,0.89005,0.728,0.49089,0.27598,-0.87368,-0.68371,0.038312,0.099289,0.85591,-0.59418,-0.85767,-0.51113,-0.79933,-0.65343,-0.35522,0.61671,0.87453,-0.21893,0.62456,0.62853,0.9883,0.11264,0.14868,0.7397,0.9943,-0.21931,-0.84721,-0.38707,-0.71301,0.28921,0.73177,-0.92253,-0.39236
0.68693,-0.089747,-0.79337,-0.83349,-0.55836,0.38121,-0.040919,0.80777,0.52771,-0.16569,-0.032273,-0.34815,0.42255,0,0.04127,-0.47856,0.38559,0.71506,-0.49293,0.66955,0.24794,-0.15848,0.19082,-0.72276,0.044977,-0.83029,0.00494,-0.26568,0.39916,0.45432,0.66735,-0.27249,-0.13525,0.3883,0.75164,0.56798,0.0994,0.43935,-0.39582,0.066493,-0.88746,-0.25773,0.99059,-0.79346,0.21374,-0.68171,0.28042,-0.29733,0.03641,0.61598,0.17774,0.7208,0.62401,0.54401,-0.058324,-0.83453,-0.0097325,0.58431,0.65964,0.2898,0.086817,-0.65036,-0.10716,-0.71791,0.088702,0.65144,0.6359,-0.85157,-0.44837,-0.60749,0.21417,0.41151,0.18119,-0.29243,-0.32343,0.57382,0.82681,-0.62554,-0.80464,0.48647,-0.50278,0.96144,0.96826,0.30259,0.59365,-0.25985,-0.048114,0.014759,-0.27272,0.86695,0.42548,-0.72418,-0.70864,-0.54365,0.52042,0.29242,-0.25262,-0.019723,-0.088162,0.7353,-0.93407,0.64636,0.41183,-0.81428,-0.84959
-0.62424,0.29108,-0.60174,0.43886,0.14147,0.079853,0.0076123,-0.6214,-0.17356,0.74462,-0.3121,0.20929,-0.37639,0.04127,0,-0.97734,0.5033,0.75524,0.3379,0.55061,-0.11595,-0.77931,0.71823,0.88601,0.74725,0.91323,-0.14621,-0.20761,-0.15491,0.86639,0.59062,-0.75411,-0.51399,-0.67476,-0.012092,-0.68388,0.44345,0.17885,-0.44242,-0.8314,-0.76349,0.4157,-0.088021,-0.69105,0.80187,-0.32624,0.065683,0.13801,-0.97102,0.25081,-0.60308,0.82442,-0.26563,0.068771,-0.11938,-0.95434,0.60272,0.36032,-0.068072,-0.051895,-0.84307,0.021859,0.22223,-0.092349,-0.76155,-0.50076,-0.53529,-0.14858,-0.023965,-0.47407,-0.4397,0.52798,-0.7687,-0.10684,-0.63589,0.35891,0.15507,0.32943,-0.23418,-0.6194,-0.86449,-0.51387,0.33528,-0.73051,-0.50941,0.61321,0.19018,0.38492,-0.11352,-0.89863,-0.38213,-0.96939,0.049878,0.14172,0.41733,0.61762,-0.41105,0.85275,0.11569,0.15735,-0.081155,0.51795,-0.49588,-0.40866,0.15999
-0.14609,0.83944,0.43646,0.4544,-0.70814,0.96964,0.72155,0.3006,-0.035503,0.14567,-0.018662,-0.86411,-0.79554,-0.47856,-0.97734,0,0.26674,-0.039102,-0.62044,0.47163,-0.32466,0.62838,0.66356,-0.47374,0.51003,0.68563,-0.9571,0.87569,-0.57874,0.41972,-0.99436,0.42391,-0.63355,0.73926,-0.22177,0.71121,-0.98213,-0.68393,0.72583,-0.28423,0.47947,0.53835,-0.49975,0.16345,-0.58278,0.0055315,0.5297,0.54293,-0.42217,-0.66278,-0.59139,-0.77005,0.98935,0.35009,0.49128,0.33365,-0.12549,-0.58018,0.78751,0.061733,0.5614,-0.98845,-0.20848,0.94945,-0.76135,-0.042529,0.097876,-0.40929,-0.52529,0.37064,0.54314,-0.9688,0.22982,-0.31416,0.64167,0.84297,-0.36172,0.71726,0.35808,-0.56049,0.36115,0.37451,0.98223,0.65757,-0.054446,0.28482,-0.26427,-0.56195,-0.95511,0.98302,0.16624,-0.51839,0.96278,-0.54512,-0.4065,-0.70185,-0.37388,-0.037878,0.60545,-0.12596,-0.52146,-0.53571,0.8908,0.59719,0.81477
0.85462,-0.064024,-0.2042,0.65298,-0.15557,0.4291,0.24329,0.5966,0.71118,-0.81055,0.77002,0.51535,-0.99095,0.38559,0.5033,0.26674,0,0.4754,0.95087,-0.45612,0.74024,0.659,0.46741,0.38626,0.42295,-0.017615,0.99663,0.70672,-0.45652,0.66759,0.81984,0.57945,0.80823,-0.49886,0.30199,0.35473,0.97807,-0.88992,-0.52972,-0.83818,-0.8729,-0.7022,-0.77074,0.69971,0.66518,-0.020021,0.97668,0.67328,0.028847,0.70132,0.83175,-0.51948,-0.25943,0.98213,0.47309,-0.22918,-0.57514,0.52018,-0.29218,0.48065,0.31088,-0.99974,-0.62453,-0.029391,-0.58676,0.65437,0.055423,-0.53479,-0.58861,-0.11349,0.096298,0.40009,0.12682,0.084091,0.64947,0.56782,-0.32472,0.442,-0.39972,0.47444,0.11944,-0.82352,0.4786,-0.87305,0.049623,0.5012,0.1367,0.29349,0.54784,0.95293,0.74264,-0.56265,-0.68762,-0.85344,0.30732,0.5094,-0.77628,0.35946,0.53144,-0.44387,-0.10257,-0.15932,0.14525,0.239,-0.97821
0.98711,-0.13893,-0.64565,-0.55239,0.71343,0.71643,-0.0248,-0.59543,-0.68105,-0.87924,0.38158,0.21816,0.76836,0.71506,0.75524,-0.039102,0.4754,0,0.93217,0.40048,0.12286,0.5685,-0.60669,0.017513,-0.24027,-0.49352,-0.32995,-0.028851,0.47244,0.37317,-0.64197,-0.16991,-0.85784,-0.55469,-0.34966,-0.81657,0.82341,0.054804,0.66654,0.93736,-0.88784,0.1629,-0.97488,0.20224,-0.89657,0.73168,-0.59062,-0.42979,-0.54668,-0.55909,-0.61513,-0.52683,0.44271,-0.068435,-0.036876,0.11752,0.49336,0.35482,-0.87124,-0.82034,-0.9848,0.2959,0.90098,0.41548,-0.058361,-0.71639,0.34505,0.67378,0.7436,0.21587,0.87162,-0.39304,-0.27794,-0.82809,0.81942,0.78509,0.004587,-0.7594,0.34842,0.7247,0.78809,0.3184,-0.22898,-0.59782,0.03569,-0.22668,-0.2227,0.99701,0.37832,-0.22161,-0.30801,-0.14932,0.25749,0.66438,-0.93001,-0.5137,0.45137,0.75705,0.33726,-0.64167,0.92596,-0.38849,-0.42799,0.78512,-0.52039
0.092962,-0.50576,-0.77161,0.40676,-0.94213,-0.3107,0.23932,-0.58366,-0.25837,0.92207,0.65051,-0.69206,-0.85245,-0.49293,0.3379,-0.62044,0.95087,0.93217,0,-0.98424,0.61388,-0.030628,0.50446,0.45178,-0.99923,0.49897,-0.89727,0.36784,-0.48866,-0.41829,0.50169,0.067947,0.11982,-0.27593,0.84666,-0.11979,-0.18854,-0.47471,-0.52017,-0.10504,-0.39054,-0.74818,0.4144,-0.9824,-0.95076,0.65969,-0.46727,0.84726,-0.15295,-0.79146,0.74844,0.96227,-0.74142,-0.083986,-0.3326,0.19927,-0.33079,-0.0057582,0.23422,0.21827,0.5701,0.614,0.62155,0.069256,-0.011215,-0.51188,0.7691,-0.15867,0.87313,0.79702,-0.2787,0.8816,0.10434,-0.14288,0.74159,-0.84294,0.39676,0.34401,-0.27309,0.46153,0.35603,-0.28766,-0.6431,-0.33461,-0.41461,0.95404,0.89685,0.95362,-0.55462,-0.066033,0.685,0.77158,-0.1485,-0.13742,-0.27268,0.99032,-0.49033,-0.51217,-0.44075,-0.19478,-0.92861,-0.1712,-0.76996,0.66061,0.93001
-0.45515,0.58718,-0.2686,0.68956,-0.65917,-0.33354,-0.59449,0.5671,-0.13291,0.16232,0.7907,0.3876,-0.14489,0.66955,0.55061,0.47163,-0.45612,0.40048,-0.98424,0,0.22801,0.10043,-0.28224,-0.69228,0.34894,0.090606,0.34968,-0.70491,0.65059,-0.18798,0.43445,0.32344,0.95113,0.59073,-0.8422,-0.75084,0.16558,-0.68626,0.6119,0.32319,0.15248,0.88486,-0.90584,0.41579,0.30451,-0.91931,-0.76933,-0.035439,0.73746,0.88736,0.061768,-0.19679,-0.91368,-0.91706,0.5706,-0.065829,0.56023,0.28673,-0.2194,0.44374,0.83352,-0.68447,-0.10273,-0.18018,0.76146,-0.49549,-0.99646,-0.22957,0.39568,0.45597,-0.48693,-0.31092,-0.48756,-0.21901,-0.98391,0.52533,-0.0090053,-0.29299,-0.32408,0.87321,-0.29868,0.32435,-0.83052,0.47172,0.051396,-0.2628,0.12165,0.56743,-0.83549,-0.99656,0.21276,-0.35214,-0.26723,0.076154,0.82138,0.47595,0.66506,0.62883,-0.39966,-0.96717,0.41631,0.97588,0.611,0.62529,0.88324
0.55756,0.53586,-0.87836,-0.73804,0.038251,0.53271,-0.75765,0.86095,0.77549,0.76346,0.79296,0.32127,0.37376,0.24794,-0.11595,-0.32466,0.74024,0.12286,0.61388,0.22801,0,-0.34975,-0.99842,0.18021,-0.42303,0.63892,-0.068749,-0.68587,-0.44189,0.52516,-0.40005,0.94348,-0.16416,0.6883,0.50229,-0.11715,-0.58921,-0.32683,0.76139,-0.10517,-0.46221,-0.59763,-0.3774,0.40188,-0.79773,0.58483,0.62004,0.97672,-0.69759,-0.098639,0.56094,0.66211,-0.62702,0.3586,0.37454,-0.91681,0.17466,0.69218,-0.30615,-0.96624,0.62294,-0.38561,0.19132,-0.3375,-0.74015,-0.67934,-0.45144,0.32149,-0.3191,0.4227,-0.43711,0.063308,0.56798,-0.58781,-0.26128,0.83852,0.25694,0.60535,-0.44057,0.1808,0.043787,0.45193,0.16901,0.744,-0.33097,-0.14417,-0.287,0.0064996,-0.58373,-0.12479,0.28252,-0.63409,0.14105,0.88926,-0.8477,-0.3678,-0.23339,-0.67929,0.86009,0.19974,0.04765,0.2042,-0.92326,0.88916,-0.38763
0.14085,0.21539,-0.35478,-0.84206,-0.46705,-0.56752,-0.59656,0.72507,0.14226,-0.50934,-0.32596,-0.2609,0.55043,-0.15848,-0.77931,0.62838,0.659,0.5685,-0.030628,0.10043,-0.34975,0,0.14076,-0.54761,-0.58862,-0.63877,0.71074,0.49941,-0.03948,-0.21161,-0.20086,0.67484,0.076617,-0.074372,-0.61613,0.97547,-0.28847,0.7238,0.39996,0.4689,-0.24234,0.036151,-0.55757,0.4883,-0.26661,-0.85292,-0.2988,0.58674,-0.63153,-0.67945,0.6516,0.7541,0.55446,0.26678,-0.50912,0.47121,0.40652,-0.29253,0.78913,0.072576,0.83326,-0.81943,-0.26575,-0.035728,0.60867,-0.23767,-0.078046,-0.85824,-0.90676,-0.85588,-0.15356,-0.12667,0.21169,-0.60228,-0.53244,0.46182,-0.17022,-0.082191,0.90909,0.35465,0.86478,-0.80488,0.71381,0.62306,-0.34901,-0.70544,0.72507,-0.1915,-0.34904,-0.29134,-0.95605,-0.9517,0.72413,-4.3953e-06,-0.98541,0.40343,0.59659,0.68775,-0.49341,0.45699,-0.71166,-0.77469,-0.55407,-0.085518,0.14232
-0.18508,0.78313,-0.62425,-0.8689,-0.025457,0.36945,0.67531,0.54139,0.35684,0.87986,-0.10247,-0.52405,0.3026,0.19082,0.71823,0.66356,0.46741,-0.60669,0.50446,-0.28224,-0.99842,0.14076,0,-0.85201,-0.33843,-0.11325,-0.62049,0.045065,-0.79238,0.42541,-0.59502,0.46208,-0.5297,-0.23412,0.97019,-0.77829,-0.65151,0.53562,0.87135,0.19605,0.91409,-0.7927,-0.81709,0.1869,0.047631,0.54495,0.4758,-0.7119,-0.87089,-0.9454,-0.61356,-0.69083,0.5939,0.96645,-0.54656,-0.0016263,0.55349,-0.10667,0.16385,-0.2037,-0.41263,0.076139,-0.60114,-0.86308,0.17921,-0.022977,0.20852,0.70274,0.82367,-0.64815,0.13128,0.94922,-0.42786,0.63187,0.64184,-0.90475,0.16494,0.026592,-0.48757,0.12708,-0.21163,0.44962,0.87785,0.45915,-0.40909,-0.4616,0.72267,0.93419,0.3866,0.96152,0.08953,-0.38687,0.26832,-0.41018,-0.13856,-0.94465,0.5712,-0.10153,0.41169,-0.42174,0.28505,0.37435,0.15491,0.93068,0.2421
-0.56416,0.40058,-0.50378,-0.15063,0.16148,-0.34699,-0.4549,0.057355,-0.55507,0.80481,-0.91968,0.61514,-0.47628,-0.72276,0.88601,-0.47374,0.38626,0.017513,0.45178,-0.69228,0.18021,-0.54761,-0.85201,0,0.092049,0.80917,0.39268,-0.20364,0.2124,0.72232,0.2734,0.73462,0.64533,-0.45739,-0.79924,0.94127,-0.37079,-0.065085,0.80046,-0.15872,-0.56825,-0.89373,-0.025858,-0.54859,-0.9726,0.37697,0.1364,-0.30689,0.97212,-0.32578,0.92128,0.31447,0.87529,0.084862,0.62705,0.93261,-0.07191,0.17377,-0.22693,0.35374,-0.72113,-0.75081,0.014354,-0.98936,0.48084,0.29727,-0.44054,-0.63268,-0.66141,-0.88402,-0.76588,-0.85943,-0.55698,0.081526,0.22437,0.56182,-0.83656,0.92972,-0.12762,0.0099395,-0.63673,0.27468,0.83143,-0.79699,-0.38771,-0.90628,0.12347,-0.38676,0.16364,-0.18024,-0.082187,0.25867,-0.19855,0.027719,0.39348,0.67779,0.92787,-0.18153,-0.29479,0.23359,-0.56905,-0.14226,0.93129,0.66628,-0.90175
-0.5981,-0.80233,-0.3896,-0.53842,-0.47052,0.24652,-0.67418,0.69639,0.28374,-0.91574,0.43294,0.51709,0.88012,0.044977,0.74725,0.51003,0.42295,-0.24027,-0.99923,0.34894,-0.42303,-0.58862,-0.33843,0.092049,0,-0.5242,-0.85832,-0.47949,0.96089,-0.060414,0.5509,-0.076453,0.5644,0.42218,-0.4713,0.98635,0.085649,-0.13556,-0.1161,0.85617,-0.15257,-0.87392,-0.73932,0.98698,-0.44339,0.86992,0.2721,-0.68595,0.80348,0.34971,-0.39206,0.030789,0.76191,-0.19092,-0.41689,0.56043,0.17412,0.82289,0.57345,0.33036,-0.76678,-0.273,-0.71163,0.67085,-0.28972,0.23492,0.45651,-0.91339,0.64983,-0.73352,-0.18157,0.6635,-0.13363,-0.50368,-0.30493,0.20611,-0.25508,-0.7879,-0.52284,0.46936,-0.4337,-0.65641,-0.041222,-0.80858,0.58738,0.019443,0.34484,0.57376,-0.30794,-0.56525,0.49937,-0.13426,0.94767,-0.5268,-0.17989,0.41535,0.90162,-0.73483,-0.082651,-0.25185,0.79919,-0.91719,0.031319,0.48356,0.19603
0.66804,-0.30958,-0.496,0.54504,-0.43157,0.88859,0.80352,0.051667,0.21454,0.44983,0.16275,0.74656,0.89207,-0.83029,0.91323,0.68563,-0.017615,-0.49352,0.49897,0.090606,0.63892,-0.63877,-0.11325,0.80917,-0.5242,0,-0.49629,-0.87864,-0.74103,0.48242,-0.8441,-0.29036,0.71166,-0.65514,-0.76454,-0.89641,0.94563,-0.040885,-0.48826,-0.1384,-0.39785,-0.53327,-0.065011,-0.60169,-0.7588,0.70968,-0.39925,-0.064099,-0.73149,0.069915,0.13366,0.29588,0.98667,-0.090077,-0.44242,0.38787,-0.97381,0.6002,-0.45898,-0.33558,-0.3088,0.59322,-0.48729,0.31253,0.046032,0.5593,-0.55203,-0.2629,0.99847,-0.70336,0.63756,-0.33751,0.060637,-0.10795,-0.9309,-0.24053,-0.6257,-0.20545,-0.13397,-0.91566,-0.55069,-0.23277,0.5638,0.30248,-0.70125,-0.0084136,0.33607,-0.6322,-0.00011118,0.23804,-0.14328,0.51685,-0.93203,-0.73,0.89227,0.21876,-0.00024799,0.2956,-0.44369,-0.21089,0.31434,0.8884,-0.90828,-0.794,0.27945
-0.47999,-0.63714,0.16843,-0.41054,-0.94177,-0.90808,0.10378,-0.85788,-0.85776,0.1715,0.46216,0.51781,0.10634,0.00494,-0.14621,-0.9571,0.99663,-0.32995,-0.89727,0.34968,-0.068749,0.71074,-0.62049,0.39268,-0.85832,-0.49629,0,0.010652,-0.70104,0.86669,-0.16943,0.50873,0.58746,-0.13197,-0.68189,0.21597,0.57958,-0.31622,-0.4362,-0.41011,0.05865,0.79885,-0.4256,0.5208,-0.066004,-0.13283,0.34311,0.68201,0.7243,-0.11612,0.93927,-0.40411,-0.6814,-0.62259,-0.43737,0.53291,-0.93547,-0.48036,-0.85083,-0.79224,-0.44239,0.8183,-0.34805,-0.51571,0.77472,0.59027,0.79363,0.36771,-0.029188,0.70635,-0.47204,0.088461,-0.90407,-0.82747,0.11717,-0.56904,0.4359,0.95837,-0.40335,-0.1984,-0.23351,-0.49704,0.43548,-0.82244,0.28657,-0.34676,0.43499,0.1608,-0.49232,0.46445,-0.40444,-0.68489,0.45149,-0.31316,-0.18624,-0.79524,-0.13303,-0.45781,-0.24678,-0.74927,-0.0065766,0.30352,0.70167,0.14906,0.67546
-0.85275,-0.063592,-0.9344,-0.71832,0.1288,0.14887,0.86415,-0.14364,-0.51008,0.60863,-0.15474,-0.83439,-0.64334,-0.26568,-0.20761,0.87569,0.70672,-0.028851,0.36784,-0.70491,-0.68587,0.49941,0.045065,-0.20364,-0.47949,-0.87864,0.010652,0,0.1691,0.47126,-0.32119,-0.29356,0.28738,0.95672,0.5991,0.31309,0.93984,0.21053,0.61309,-0.80547,-0.63943,0.76155,-0.88312,-0.049687,0.26281,-0.19818,0.17561,0.68773,0.38764,-0.065183,-0.15643,0.63121,-0.7672,-0.022668,0.67152,-0.80275,-0.29158,0.99275,-0.3568,0.31718,0.43129,0.98631,-0.93913,-0.90961,-0.28955,-0.097663,-0.87302,-0.066238,-0.27498,0.70696,0.48665,-0.23371,0.85643,0.78115,-0.48105,0.19168,0.30212,0.48478,-0.39982,0.3242,-0.39181,-0.40127,-0.066167,-0.61197,0.78938,0.74217,-0.24992,0.03012,0.95663,0.74092,0.78108,0.46562,0.018233,-0.81361,-0.98933,0.4657,0.33107,-0.029004,0.9125,0.87635,-0.43566,-0.61105,-0.37864,-0.71648,-0.61637
-0.41326,0.44224,-0.035345,-0.12426,-0.77405,-0.9584,-0.27338,0.15768,0.31638,0.95879,0.08193,0.0069608,-0.15858,0.39916,-0.15491,-0.57874,-0.45652,0.47244,-0.48866,0.65059,-0.44189,-0.03948,-0.79238,0.2124,0.96089,-0.74103,-0.70104,0.1691,0,0.80562,0.94282,0.51161,-0.51964,-0.28709,-0.60836,-0.62879,-0.60954,-0.074476,-0.3286,0.53665,0.47479,-0.99537,0.12654,0.55667,-0.5526,-0.29461,0.18152,0.0037961,-0.79282,0.64185,0.48978,-0.33797,0.78396,0.32999,-0.033544,-0.14242,0.4253,-0.65362,0.97845,0.63756,0.15391,0.1852,-0.97912,0.79664,0.84639,-0.91714,-0.76504,0.37162,-0.048573,0.51127,0.30999,-0.26445,-0.66735,-0.16073,0.76402,0.28631,-0.0034222,-0.64482,0.57561,0.17584,-0.56591,0.28244,0.89388,-0.4853,0.36058,0.80441,0.86864,0.17987,0.11825,0.47993,0.74775,-0.76725,0.81949,0.47804,-0.91984,-0.7349,0.98208,-0.76446,0.23077,-0.29891,0.80778,0.99784,0.30253,0.39932,0.8703
0.62818,0.98635,0.53507,-0.61814,-0.62114,-0.59891,0.55452,-0.81195,0.35509,0.23568,0.99689,0.77745,0.58092,0.45432,0.86639,0.41972,0.66759,0.37317,-0.41829,-0.18798,0.52516,-0.21161,0.42541,0.72232,-0.060414,0.48242,0.86669,0.47126,0.80562,0,0.28243,-0.48296,-0.64577,-0.7271,-0.85816,-0.36015,0.76567,-0.5441,-0.012564,-0.11822,0.12235,0.77884,0.9324,0.36156,0.019313,0.39864,-0.40932,-0.19374,0.69457,0.90842,0.45377,-0.31061,0.34103,-0.89846,-0.32649,0.86894,-0.36783,0.24651,-0.61629,-0.91627,-0.53191,0.42157,0.81006,-0.47952,0.84693,-0.25903,0.86168,0.93954,-0.68634,-0.45957,0.041103,-0.87977,0.036537,-0.61976,0.84241,0.049685,0.20281,-0.51625,0.81614,-0.68086,-0.93032,0.66884,-0.6116,0.88784,-0.83087,0.4975,-0.81558,0.43498,0.67825,0.35827,-0.82735,0.19598,0.79001,0.43793,0.97747,-0.89227,-0.29904,0.55335,-0.87355,-0.29793,0.46774,-0.64481,-0.87518,-0.82995,-0.51598
-0.7446,0.30894,0.029374,-0.73263,-0.37964,-0.19436,0.48878,0.97398,-0.58531,0.076689,-0.0038405,-0.67392,-0.87013,0.66735,0.59062,-0.99436,0.81984,-0.64197,0.50169,0.43445,-0.40005,-0.20086,-0.59502,0.2734,0.5509,-0.8441,-0.16943,-0.32119,0.94282,0.28243,0,-0.56145,-0.94117,-0.088222,0.92727,-0.17933,0.74779,-0.8653,-0.84099,0.13745,0.34992,0.8725,0.11385,0.063165,-0.27632,0.92686,-0.16437,-0.37929,-0.87342,-0.95163,0.82454,0.14203,-0.057881,-0.63934,0.11507,0.21791,0.23284,0.21747,0.67115,0.13318,-0.081529,0.33495,0.93924,-0.48924,0.53123,-0.052395,-0.12205,0.00042563,-0.073125,-0.91379,0.48427,0.56196,-0.93514,-0.78349,0.36713,-0.84851,0.76438,-0.86175,0.98237,-0.83313,-0.36923,0.073978,-0.45928,0.92463,-0.10701,-0.28313,0.18771,-0.40153,-0.79895,0.20392,0.06053,0.45213,-0.47847,-0.73342,-0.4777,0.30361,0.54984,-0.49401,0.60047,0.50689,-0.27156,0.087135,-0.033217,-0.39207,-0.071642
-0.24499,-0.036737,-0.0091085,-0.90458,0.79698,0.65221,0.3686,-0.087768,0.65946,0.87002,0.85567,0.37478,-0.21647,-0.27249,-0.75411,0.42391,0.57945,-0.16991,0.067947,0.32344,0.94348,0.67484,0.46208,0.73462,-0.076453,-0.29036,0.50873,-0.29356,0.51161,-0.48296,-0.56145,0,-0.78637,-0.10649,-0.30082,-0.92703,0.71737,0.16995,-0.29586,0.20815,-0.30647,-0.2936,0.70421,-0.58618,-0.55605,0.016737,0.58972,0.40771,-0.042671,-0.86724,0.60742,-0.71482,0.00055812,0.25148,-0.92644,-0.65369,-0.99859,-0.26832,-0.66749,-0.39229,-0.16496,0.52574,0.57853,-0.68516,0.53433,-0.80148,0.70356,-0.91568,-0.90757,-0.82399,0.95079,-0.20719,-0.010153,-0.062121,0.49597,0.60299,0.67731,0.6023,0.98738,-0.47731,0.052015,0.54853,0.49569,0.6466,-0.36586,0.3609,-0.88019,0.43338,0.43354,0.93261,-0.29935,-0.10335,-0.6863,0.4919,0.71532,0.44948,-0.42946,-0.075228,-0.93481,-0.50584,-0.018835,-0.48089,0.14899,0.19632,-0.12591
0.1801,-0.37219,0.12299,0.75234,-0.50339,0.85166,-0.89324,-0.72723,-0.21339,-0.91654,0.838,0.833,0.21644,-0.13525,-0.51399,-0.63355,0.80823,-0.85784,0.11982,0.95113,-0.16416,0.076617,-0.5297,0.64533,0.5644,0.71166,0.58746,0.28738,-0.51964,-0.64577,-0.94117,-0.78637,0,-0.57995,-0.14412,-0.21762,-0.19945,0.64836,-0.99934,0.57924,0.9949,-0.4926,0.78904,-0.16757,0.75941,-0.46749,0.98686,0.051926,-0.71411,0.56078,0.87795,0.98352,-0.66706,-0.93121,0.76044,-0.083106,-0.67609,-0.68135,-0.49487,0.52622,0.050852,0.75966,0.38636,-0.42485,-0.080157,-0.37966,0.42622,0.39848,0.15704,-0.38792,0.4996,-0.99414,0.067992,0.45883,-0.22916,0.52136,-0.33885,-0.2766,0.19367,0.25808,-0.4971,-0.20653,-0.62569,-0.48804,0.75607,-0.67776,0.76103,-0.6306,-0.44657,-0.57849,0.52003,0.36354,-0.96448,-0.20591,0.27047,0.21749,0.39421,0.73409,-0.9481,-0.34608,0.12808,0.6653,-0.10272,-0.8287,0.42518
-0.43822,0.90808,-0.4055,0.32163,-0.0057416,0.93777,0.94845,-0.22343,-0.73525,-0.74408,-0.7895,0.84969,0.89663,0.3883,-0.67476,0.73926,-0.49886,-0.55469,-0.27593,0.59073,0.6883,-0.074372,-0.23412,-0.45739,0.42218,-0.65514,-0.13197,0.95672,-0.28709,-0.7271,-0.088222,-0.10649,-0.57995,0,-0.2797,0.25369,0.82255,0.54866,-0.12875,0.0087399,-0.14927,0.49937,-0.47621,-0.14632,0.28139,-0.81414,0.70597,0.61033,0.023603,0.52562,-0.53285,-0.80037,0.63279,0.96377,0.75168,-0.94748,-0.37483,-0.35525,0.58755,-0.87642,-0.5908,-0.2939,0.63816,0.064417,-0.57813,-0.14993,-0.56421,-0.99806,-0.53108,0.96813,-0.055918,-0.1373,-0.77343,-0.40542,0.03599,-0.1451,0.28991,0.24058,0.054205,0.6406,0.61285,-0.015212,-0.93035,-0.53948,-0.68962,0.10248,0.59502,-0.82886,0.67688,-0.49977,0.33009,-0.36144,-0.82002,0.66478,0.76616,-0.80297,-0.3796,0.19637,0.66808,0.50441,-0.62572,-0.15718,-0.58578,-0.69685,-0.21046
0.8207,-0.14341,0.36115,0.85162,0.53472,-0.71598,0.24399,0.46943,0.027348,-0.14604,0.28956,0.97184,-0.56686,0.75164,-0.012092,-0.22177,0.30199,-0.34966,0.84666,-0.8422,0.50229,-0.61613,0.97019,-0.79924,-0.4713,-0.76454,-0.68189,0.5991,-0.60836,-0.85816,0.92727,-0.30082,-0.14412,-0.2797,0,0.40026,-0.32093,0.030416,-0.30674,0.0092496,-0.249,-0.83892,-0.74987,0.42292,0.8164,0.26684,-0.015062,0.046247,-0.95868,-0.69799,0.7935,0.12696,0.69894,-0.9057,-0.96617,0.33957,0.53975,0.37103,0.8959,-0.89955,-0.79813,0.83959,0.9484,0.21962,-0.16152,-0.029692,-0.4063,-0.38888,-0.78015,-0.94614,-0.060109,-0.20499,0.74113,-0.54169,-0.3464,-0.95268,0.3535,-0.91797,-0.069082,0.15641,0.23124,0.72342,-0.33871,0.4508,-0.30657,0.29512,0.2827,-0.21649,-0.023778,-0.98264,-0.081032,0.19185,0.7865,-0.38807,0.9208,0.37382,0.8401,0.34253,0.98647,-0.095425,-0.015912,0.15308,0.51885,0.58949,-0.92465
0.71976,0.55032,-0.37687,-0.54726,0.67062,-0.27351,0.45543,-0.29133,0.10489,-0.90525,0.056082,-0.20343,0.14752,0.56798,-0.68388,0.71121,0.35473,-0.81657,-0.11979,-0.75084,-0.11715,0.97547,-0.77829,0.94127,0.98635,-0.89641,0.21597,0.31309,-0.62879,-0.36015,-0.17933,-0.92703,-0.21762,0.25369,0.40026,0,0.75268,-0.43139,-0.82562,-0.85651,0.81286,-0.96844,-0.47501,-0.82437,0.23587,-0.85122,-0.11727,-0.85947,-0.80757,-0.25786,0.08876,0.90858,0.071518,0.14651,-0.6279,-0.80709,0.20325,-0.22761,-0.35015,-0.80267,0.37529,-0.62986,0.2247,0.42078,0.25685,0.44304,0.95474,-0.89788,-0.81741,0.19775,0.082556,-0.18927,-0.74518,-0.56235,0.4319,-0.7905,-0.6413,-0.64422,-0.089673,-0.14568,0.074029,0.96868,-0.47453,0.92842,-0.24352,-0.33213,0.60746,0.020885,-0.042374,-0.97882,-0.23109,0.18647,-0.75949,0.027652,0.2802,-0.80649,-0.43753,-0.48715,-0.55366,0.36119,-0.80126,0.2895,0.01007,-0.99546,-0.51127
0.34092,0.3814,-0.58942,0.69495,-0.89375,0.034575,-0.73087,-0.7207,0.55123,-0.52708,-0.2416,-0.65732,0.45452,0.0994,0.44345,-0.98213,0.97807,0.82341,-0.18854,0.16558,-0.58921,-0.28847,-0.65151,-0.37079,0.085649,0.94563,0.57958,0.93984,-0.60954,0.76567,0.74779,0.71737,-0.19945,0.82255,-0.32093,0.75268,0,0.37984,0.96025,-0.33766,0.050778,0.05325,0.2926,-0.3977,-0.40512,0.63881,0.68311,0.60871,-0.55937,0.25955,0.030655,-0.89106,-0.76496,-0.53004,0.73346,-0.19242,-0.061425,-0.57369,-0.043738,-0.19357,-0.79015,-0.75632,-0.16881,0.6659,0.45803,0.004024,-0.42274,0.48662,0.036726,0.66347,-0.94163,-0.9443,-0.42907,0.7408,-0.18585,-0.10736,-0.43839,-0.17465,-0.2067,0.88692,0.64777,0.21959,0.35932,0.040807,-0.59386,-0.065054,-0.61116,0.63021,-0.076525,0.54498,-0.94802,-0.30969,-0.73063,-0.29759,0.22462,-0.94536,0.75624,-0.41825,0.29825,-0.49722,0.81979,-0.57037,-0.21509,-0.20345,0.00097214
0.26016,0.23251,-0.89155,-0.33804,0.7248,-0.34884,-0.61031,-0.8155,0.25129,0.42043,-0.50399,-0.80776,-0.35873,0.43935,0.17885,-0.68393,-0.88992,0.054804,-0.47471,-0.68626,-0.32683,0.7238,0.53562,-0.065085,-0.13556,-0.040885,-0.31622,0.21053,-0.074476,-0.5441,-0.8653,0.16995,0.64836,0.54866,0.030416,-0.43139,0.37984,0,-0.83226,-0.51002,0.7237,0.7477,-0.72398,0.41976,-0.23363,-0.31912,0.67685,0.61079,0.11271,0.91608,-0.26046,-0.43556,0.27836,-0.22249,0.96279,-0.70992,-0.39602,-0.55835,-0.64108,-0.84142,-0.3937,0.19537,-0.77155,0.67289,-0.71916,0.93799,-0.84773,0.63347,-0.23882,0.17596,-0.81986,-0.58077,-0.8334,0.049446,0.053179,0.90487,0.22691,-0.024171,-0.74419,0.14311,0.76042,-0.42001,-0.85967,-0.9217,-0.68943,0.60544,0.44184,-0.72958,0.28757,0.58093,-0.03883,-0.94253,0.27809,-0.38914,0.95358,-0.20286,-0.80432,0.90606,0.50061,-0.99223,0.71403,0.11518,0.96839,-0.46213,-0.099189
-0.15823,0.6484,0.30542,0.32751,0.87937,-0.0022439,0.022985,-0.14779,-0.51659,-0.67591,0.8189,-0.0062289,0.78884,-0.39582,-0.44242,0.72583,-0.52972,0.66654,-0.52017,0.6119,0.76139,0.39996,0.87135,0.80046,-0.1161,-0.48826,-0.4362,0.61309,-0.3286,-0.012564,-0.84099,-0.29586,-0.99934,-0.12875,-0.30674,-0.82562,0.96025,-0.83226,0,0.10008,-0.34475,0.37871,0.69365,-0.17503,-0.085805,0.25932,-0.086781,-0.42512,0.34987,-0.59381,0.76679,-0.34039,0.043099,-0.11861,0.86499,0.14592,0.12389,-0.54783,-0.34057,-0.67965,-0.30104,-0.3917,0.59788,-0.47658,0.8402,0.70265,-0.046897,0.58797,-0.2591,0.63691,-0.60515,-0.3775,0.18468,-0.68541,0.73685,-0.94235,0.92606,0.072965,-0.12435,-0.21715,-0.16965,0.43332,0.40658,-0.55814,0.64767,-0.97495,-0.20572,0.13876,0.37218,-0.64954,0.33027,-0.35002,-0.54139,0.65622,-0.62846,-0.09385,0.61328,0.91222,0.91402,-0.1121,0.80125,0.71834,0.19462,-0.99176,0.1429
-0.69983,0.63741,0.54633,-0.67927,-0.80145,-0.72479,-0.47955,0.75406,0.36655,-0.16261,-0.38793,0.81958,-0.57455,0.066493,-0.8314,-0.28423,-0.83818,0.93736,-0.10504,0.32319,-0.10517,0.4689,0.19605,-0.15872,0.85617,-0.1384,-0.41011,-0.80547,0.53665,-0.11822,0.13745,0.20815,0.57924,0.0087399,0.0092496,-0.85651,-0.33766,-0.51002,0.10008,0,-0.81109,0.8585,-0.55675,-0.22897,-0.98728,-0.47659,0.70606,0.034944,0.73732,0.17724,0.29788,-0.69975,-0.47925,0.51807,0.5143,0.79185,0.62834,0.86953,0.010548,-0.30727,-0.70812,0.46121,0.041271,0.72222,-0.090378,-0.40383,-0.88159,-0.18729,-0.60631,0.84922,-0.46166,-0.17297,-0.82761,-0.66584,0.38801,0.64303,0.9141,0.039754,0.57911,0.10276,-0.13795,-0.8573,0.74778,0.28209,0.16991,-0.20369,-0.79881,0.44998,0.84603,0.59816,-0.025151,0.6036,-0.75393,0.72133,-0.33621,-0.21233,-0.87204,-0.20325,0.58697,0.98894,-0.69678,0.67293,-0.02125,-0.55903,0.60728
-0.45837,0.91864,0.23344,-0.31836,-0.56537,0.69165,0.40476,0.72211,0.44665,0.62205,-0.24377,0.68282,-0.64048,-0.88746,-0.76349,0.47947,-0.8729,-0.88784,-0.39054,0.15248,-0.46221,-0.24234,0.91409,-0.56825,-0.15257,-0.39785,0.05865,-0.63943,0.47479,0.12235,0.34992,-0.30647,0.9949,-0.14927,-0.249,0.81286,0.050778,0.7237,-0.34475,-0.81109,0,0.7944,-0.58135,-0.95451,0.040031,-0.78827,0.37917,0.28022,-0.92285,-0.23603,0.45125,0.69671,0.19253,0.9999,0.63349,-0.90052,-0.48619,-0.99808,-0.5688,0.93512,0.13998,0.93308,0.72132,0.091615,0.10985,-0.41344,-0.073316,-0.085562,-0.33637,0.53595,-0.67894,0.72785,-0.11899,0.88499,-0.28393,-0.57795,-0.82829,0.32976,0.11681,-0.72323,-0.26839,0.14464,-0.55287,0.42239,-0.31029,0.34128,0.92982,0.0076346,-0.34773,-0.41824,0.73068,-0.39167,0.45473,0.0056373,0.41223,-0.10918,-0.56896,0.037073,0.475,0.27193,0.51538,0.42407,0.98004,-0.94911,0.40804
-0.49659,0.3575,-0.08032,0.67274,-0.71172,0.26358,0.96493,0.84857,0.49325,0.17511,0.90775,0.60799,-0.1584,-0.25773,0.4157,0.53835,-0.7022,0.1629,-0.74818,0.88486,-0.59763,0.036151,-0.7927,-0.89373,-0.87392,-0.53327,0.79885,0.76155,-0.99537,0.77884,0.8725,-0.2936,-0.4926,0.49937,-0.83892,-0.96844,0.05325,0.7477,0.37871,0.8585,0.7944,0,0.14341,-0.4453,0.59338,0.78774,-0.31238,-0.95082,0.22592,-0.58004,0.69277,0.25645,0.26958,-0.040233,0.48472,0.96717,0.63507,-0.76992,0.90111,-0.33136,0.7756,0.51666,0.19185,0.77049,-0.48772,-0.54753,-0.25629,-0.57738,0.83282,-0.43519,0.31297,0.34872,0.40073,-0.075568,-0.44079,0.8328,0.66272,0.99912,0.15796,0.78,-0.67437,-0.74284,0.484,0.97431,-0.37835,-0.16975,0.068652,0.95543,0.72662,-0.42469,-0.086114,0.71332,-0.88578,-0.88799,0.3535,0.88405,0.11074,0.35925,0.3953,0.92428,0.75233,-0.62998,0.99664,-0.68387,0.57869
0.68615,0.1113,-0.52523,0.078417,0.68077,-0.015132,-0.82298,0.086104,-0.75688,-0.10574,-0.71455,-0.75969,-0.66512,0.99059,-0.088021,-0.49975,-0.77074,-0.97488,0.4144,-0.90584,-0.3774,-0.55757,-0.81709,-0.025858,-0.73932,-0.065011,-0.4256,-0.88312,0.12654,0.9324,0.11385,0.70421,0.78904,-0.47621,-0.74987,-0.47501,0.2926,-0.72398,0.69365,-0.55675,-0.58135,0.14341,0,0.019483,0.84874,-0.78055,0.16516,0.34969,-0.87887,-0.56312,-0.74564,-0.88611,0.1695,0.08276,0.63168,0.91176,-0.012857,0.79216,-0.58745,-0.44411,-0.83784,0.092465,0.0089889,0.26262,-0.74993,-0.79327,0.76815,0.063995,0.73441,0.59605,-0.98238,0.17749,-0.86647,-0.055673,-0.60533,-0.96914,-0.97981,-0.38276,-0.27978,-0.5563,0.18286,0.037875,-0.94462,0.75536,0.98918,0.98398,0.949,0.62184,0.94467,0.63867,-0.50377,0.79204,0.041875,-0.92789,0.45063,0.38657,-0.72011,0.46938,0.25472,0.22012,0.77921,-0.12758,-0.005068,0.42753,0.15956
0.33391,-0.97155,-0.38696,0.67291,-0.69737,-0.72673,0.71748,-0.69501,-0.23721,0.5588,-0.36816,-0.16766,0.70205,-0.79346,-0.69105,0.16345,0.69971,0.20224,-0.9824,0.41579,0.40188,0.4883,0.1869,-0.54859,0.98698,-0.60169,0.5208,-0.049687,0.55667,0.36156,0.063165,-0.58618,-0.16757,-0.14632,0.42292,-0.82437,-0.3977,0.41976,-0.17503,-0.22897,-0.95451,-0.4453,0.019483,0,0.47128,0.47821,-0.37292,-0.03485,-0.84507,0.31936,-0.86799,-0.96809,0.1043,0.11284,-0.27064,-0.10409,0.7752,0.24039,0.090363,0.45554,-0.75575,0.65095,0.74908,-0.71458,0.86637,-0.88115,-0.44147,0.19722,0.84511,0.87143,-0.49671,0.52301,-0.97136,-0.28837,0.72161,0.48503,-0.72516,-0.91642,0.54532,-0.040109,0.39486,0.13389,0.86718,0.49746,-0.27315,-0.031578,0.77775,0.82739,0.02803,-0.19892,-0.13613,-0.61559,-0.82837,-0.47999,-0.52,0.031869,0.28587,0.69805,-0.59277,-0.15939,0.067915,0.51463,-0.96272,0.21399,-0.3051
-0.25153,0.096158,-0.77313,-0.28272,0.78145,0.63921,0.83187,0.43878,0.00034443,-0.90531,-0.24568,0.34725,0.013719,0.21374,0.80187,-0.58278,0.66518,-0.89657,-0.95076,0.30451,-0.79773,-0.26661,0.047631,-0.9726,-0.44339,-0.7588,-0.066004,0.26281,-0.5526,0.019313,-0.27632,-0.55605,0.75941,0.28139,0.8164,0.23587,-0.40512,-0.23363,-0.085805,-0.98728,0.040031,0.59338,0.84874,0.47128,0,-0.62859,0.1657,-0.64636,-0.29772,-0.68367,-0.080401,-0.2931,-0.12524,0.16178,-0.93834,-0.35616,0.65496,-0.63083,0.81319,0.082748,-0.084943,-0.28972,-0.59398,-0.70059,0.58822,-0.22455,0.74322,0.34107,0.52608,-0.019636,0.61199,-0.040816,-0.16227,-0.61488,0.64573,0.55092,0.67068,0.98165,0.68067,-0.2576,-0.61199,-0.86469,-0.69581,0.85119,0.47833,0.33098,-0.5771,-0.33953,0.28592,-0.12417,-0.88758,-0.15024,0.43329,-0.86116,-0.0047675,-0.78884,0.88504,0.53043,-0.86831,-0.24818,0.81733,-0.55727,-0.53793,-0.59838,0.62474
