,,,,,,,,,,,,,,,,,,,,,,,,,,,,,,,,,,,,,,,,,,,,,,,,,,,,,,,,,,,,,,,,,,,,,,,,,,,,,,,,,,,,,,,,,,,,,,,,,,,,,,,,
0,-0.40295,-0.74513,0.8232,0.55758,-0.54391,0.43003,-0.65326,-0.35245,-0.91179,0.47253,0.6131,-0.13485,-0.4291,0.76298,0.43903,-0.68719,0.18836,-0.46741,-0.52089,-0.45951,0.87577,-0.23643,0.30656,0.022028,-0.4159,-0.34071,-0.55616,0.099174,0.89549,0.74797,-0.28145,-0.87586,-0.16555,-0.77501,0.40525,0.16843,-0.92446,0.34828,-0.14383,-0.86575,-0.24698,0.20139,-0.97087,0.49549,0.19133,0.88111,-0.21498,0.57749,-0.98999,0.85217,0.3745,0.28476,0.10586,0.92956,0.9803,0.077093,0.75443,-0.90174,0.036729,0.71881,0.67571,-0.96858,0.21999,-0.93595,-0.78936,0.57414,-0.42078,-0.28234,-0.52188,-0.11296,-0.048826,-0.84789,-0.21142,0.26415,-0.6377,0.79068,-0.68287,0.26865,-0.0060729,-0.81936,-0.72034,0.11395,0.24235,-0.77596,-0.70611,-0.37174,-0.50143,-0.028165,-0.36526,-0.91952,-0.049702,-0.64824,-0.87535,0.14489,-0.86693,0.12006,0.19551,0.2453,0.32473,0.34716,0.74729,-0.0033889,0.58677,-0.99752
-0.40295,0,0.40072,-0.16648,-0.51462,0.25414,-0.17438,0.71265,-0.95319,0.94796,-0.77784,0.091652,-0.10772,-0.29046,-0.91201,0.17914,-0.77071,-0.42013,-0.77057,-0.92989,0.25193,-0.17588,0.40073,-0.27822,-0.2345,-0.32521,0.84653,-0.88833,0.87666,-0.10242,-0.093389,-0.033422,0.65952,0.86656,0.54498,0.46828,-0.69892,0.99897,-0.69358,-0.78932,0.83732,0.85651,-0.48699,-0.69438,-0.89625,0.1604,0.4928,0.0047977,0.94406,-0.77564,0.64763,-0.54966,0.32889,-0.55613,-0.49759,0.69584,0.38123,-0.82054,-0.057643,-0.5678,0.9033,-0.74421,0.85113,0.88608,0.39714,0.43637,-0.75,0.66105,-0.41984,-0.16446,0.22545,-0.38369,0.84144,0.35854,-0.97976,0.053006,-0.27059,-0.36509,0.22994,-0.90034,0.2212,-0.97047,-0.17223,-0.70589,0.39968,0.21834,-0.8908,0.061668,-0.98673,-0.58445,0.56018,-0.19596,0.98163,-0.52938,-0.48125,-0.77788,-0.9964,0.28193,-0.87463,0.76491,-0.68524,0.62875,0.35706,-0.74086,0.61041
-0.74513,0.40072,0,-0.79971,0.91859,-0.28235,0.025606,-0.13418,-0.90548,-0.02173,0.10109,0.43447,-0.19987,0.89279,0.52542,0.18146,0.61314,-0.29414,0.082658,-0.83619,-0.93069,0.78601,-0.78755,-0.48566,0.87609,-0.97284,0.4916,0.66108,-0.80667,-0.86785,-0.27623,0.27319,-0.83309,-0.30285,0.67494,-0.45692,0.12496,-0.48433,0.86372,0.18108,-0.82899,-0.73127,-0.81934,0.25796,0.74146,-0.93038,-0.23369,0.22165,0.93562,0.57462,-0.72356,-0.17051,-0.60773,-0.38526,0.29091,0.733,-0.84068,0.85976,-0.79748,-0.92456,-0.51555,-0.67662,-0.39084,0.544,0.74765,0.38204,0.74724,0.66207,0.55056,0.18808,0.051368,0.73686,-0.049304,0.96169,0.91173,0.57667,-0.44454,0.90363,0.92802,-0.93263,-0.75403,-0.54222,-0.33381,0.43746,-0.8946,0.80128,0.73672,0.77897,0.3707,-0.41196,-0.49467,-0.43722,-0.98868,0.36874,0.543,0.68527,0.84885,0.74083,-0.51464,0.8057,0.98705,0.41971,0.012702,-0.9096,0.61645
0.8232,-0.16648,-0.79971,0,-0.44293,0.69461,-0.64893,0.88923,0.26845,-0.70822,0.57421,0.83188,-0.76524,0.92578,-0.92629,0.92176,-0.25666,-0.94583,0.1357,0.8517,-0.22117,0.7226,0.73575,0.35241,-0.056685,-0.36276,-0.1361,-0.75633,0.97404,0.64243,-0.73511,-0.10367,0.66487,-0.24371,-0.40677,-0.5523,0.31124,-0.70241,0.71505,-0.20666,-0.97166,0.43637,0.7568,0.62303,-0.61753,0.97766,0.045503,-0.79319,-0.34497,-0.48726,-0.97598,0.20856,0.64464,0.99077,0.060938,-0.35327,0.38744,-0.58739,-0.032056,0.031972,0.8509,-0.47147,0.37213,0.94876,0.57896,0.99069,0.034745,-0.57016,0.53144,0.75384,-0.040715,0.75355,0.1648,-0.61556,-0.25723,0.48341,-0.55374,0.52888,-0.12013,0.31902,0.32918,-0.38985,0.21707,0.13905,0.94166,0.29172,-0.68018,0.93871,0.82465,-0.79651,0.79988,0.60504,0.88399,-0.57834,-0.49512,0.29497,0.91796,0.44925,0.52528,-0.10699,-0.9659,0.69128,-0.57462,-0.52914,-0.61143
0.55758,-0.51462,0.91859,-0.44293,0,-0.12405,0.007301,0.68341,0.45009,-0.13034,0.34849,0.42366,0.76199,-0.899,-0.98356,0.11023,0.73592,-0.63893,-0.32973,-0.3827,0.79578,0.72714,-0.6195,0.56514,0.40809,0.25387,0.059695,0.22974,0.55395,-0.20725,-0.81251,0.034133,-0.57302,-0.16838,-0.37559,0.50067,0.44212,-0.56969,0.30176,0.46609,0.14235,0.88155,0.88258,0.65298,0.43596,-0.7895,0.29512,-0.067512,0.79915,0.96671,-0.48499,0.57658,-0.28544,0.71058,-0.35049,0.6282,-0.69995,-0.78128,-0.041402,0.31594,-0.66598,0.47782,-0.18162,0.51975,0.18319,0.50798,0.51882,-0.018805,-0.04842,-0.83245,-0.097181,0.39755,-0.99959,0.26464,0.20455,0.027737,-0.36801,0.092252,0.58444,-0.02093,0.02305,-0.23315,0.86407,-0.6973,-0.57709,0.92079,-0.16971,0.41188,0.82577,0.0047719,-0.92398,-0.24788,0.63669,-0.87254,-0.72542,0.22748,-0.76447,-0.85531,-0.68786,-0.26365,0.73298,-0.84047,0.91009,0.43017,-0.6193
-0.54391,0.25414,-0.28235,0.69461,-0.12405,0,0.24188,-0.61057,-0.049089,-0.91691,0.0088864,0.57843,0.28329,0.63959,0.83041,-0.28838,-0.48139,-0.94271,-0.6624,-0.56961,-0.21339,0.98182,0.85035,0.26576,-0.039173,-0.28755,-0.951,-0.43287,0.35841,0.46232,-0.99578,0.43093,-0.090009,-0.48006,0.68319,0.46979,0.41636,0.32759,0.14419,0.19079,-0.065625,-0.53084,0.20737,-0.82794,0.91275,-0.93569,-0.31787,0.017044,0.57488,-0.75894,-0.1804,-0.0097226,-0.2944,0.25193,-0.57307,-0.69032,0.43008,-0.78546,0.014142,0.69556,-0.71588,-0.96924,-0.43009,-0.475,0.62256,0.53726,-0.58429,0.18108,0.061675,0.63843,0.90175,-0.054913,0.92662,0.87884,0.37293,0.87145,0.32543,0.048759,0.65563,-0.62125,-0.37839,0.87975,0.27075,-0.6269,-0.52706,-0.30635,0.6482,0.99977,0.23486,0.12193,0.7707,-0.2036,0.97295,0.4281,-0.10807,0.54827,0.57848,-0.10724,-0.37798,-0.66776,0.81008,-0.89377,0.76933,0.1981,-0.32135
0.43003,-0.17438,0.025606,-0.64893,0.007301,0.24188,0,-0.87047,0.61297,0.36874,0.48444,0.093827,0.38849,-0.24964,0.72243,-0.82302,0.22778,0.34852,-0.56733,-0.62758,0.50722,-0.73658,-0.64451,-0.59306,0.035396,-0.6246,-0.81763,-0.038174,-0.58366,0.90594,0.21616,-0.80091,-0.0011972,-0.020606,0.71039,0.27577,0.29935,-0.62189,-0.4742,-0.5245,-0.86434,-0.086188,-0.89141,-0.40102,-0.73578,0.99892,0.88661,0.76522,0.75055,-0.72331,-0.13278,-0.65245,-0.70459,-0.97086,0.78661,0.93618,-0.99239,0.29253,-0.59667,-0.77692,-0.22394,0.95512,-0.10164,-0.98689,0.93393,-0.68158,0.15704,-0.73793,-0.79023,-0.43371,0.50656,0.43053,-0.80782,0.096749,-0.50329,-0.45852,0.51965,0.55555,0.61605,-0.17696,-0.12699,0.82421,-0.45723,-0.49081,-0.23356,0.62201,0.62214,0.20017,0.82812,0.090542,0.79763,0.26257,-0.58693,-0.73064,-0.57556,0.32893,0.87556,-0.4513,0.008185,0.32977,0.81487,-0.17124,0.90294,0.81413,0.54269
-0.65326,0.71265,-0.13418,0.88923,0.68341,-0.61057,-0.87047,0,-0.1688,0.27453,-0.8161,-0.78724,0.81608,-0.68324,0.49359,-0.092167,-0.42046,0.39125,-0.91095,-0.84918,-0.087384,0.29381,-0.89293,0.2148,0.84891,0.54004,-0.33834,-0.63557,0.36029,-0.939,0.43783,-0.81225,0.37303,-0.72462,0.27199,0.12548,0.1673,0.67272,0.65278,0.77454,0.28084,0.33328,-0.54651,0.10068,0.17999,0.99066,-0.25623,-0.47554,0.60821,0.95188,-0.36843,0.37696,-0.63319,0.10946,-0.89086,0.19672,-0.25728,-0.41574,-0.14037,0.14202,-0.68433,-0.69457,0.50996,0.95911,0.88808,0.23254,0.21498,-0.29569,-0.25916,0.59336,-0.68104,-0.5422,-0.85153,-0.24097,0.88246,0.19645,0.67077,-0.85802,-0.94035,0.96379,-0.33348,0.14913,0.087241,0.10916,-0.011078,0.22027,-0.80246,-0.1182,0.97871,-0.72075,-0.36403,0.77311,-0.56638,-0.79805,-0.24367,0.42468,0.72467,0.010483,0.72067,0.93169,0.30425,-0.35257,0.59834,-0.51549,0.75122
-0.35245,-0.95319,-0.90548,0.26845,0.45009,-0.049089,0.61297,-0.1688,0,-0.18765,-0.52017,0.46131,0.91702,-0.65336,-0.48389,-0.39242,0.31629,0.082752,-0.50337,0.32499,0.13041,-0.58903,0.57229,-0.8181,0.43474,-0.15684,-0.40584,0.45022,0.34829,-0.2818,-0.2818,-0.45047,-0.49555,0.81174,0.079083,0.57478,-0.67832,0.18896,0.99496,-0.38,0.11757,0.19197,-0.9426,0.9725,-0.55196,0.90708,0.33721,-0.22562,0.14858,0.50988,-0.42005,0.99324,0.34093,0.51778,0.12878,-0.39208,0.53347,-0.073752,0.11413,0.43299,0.95343,-0.2497,-0.54508,0.049165,0.1965,-0.30189,-0.68171,0.65009,-0.53878,0.46304,0.36076,0.51713,-0.95728,0.72483,0.0024087,0.73112,0.10517,0.38093,-0.53826,-0.77738,-0.14188,0.1131,-0.88509,-0.11626,-0.60603,-0.65963,0.58768,0.76678,-0.60968,0.77991,0.4947,-0.61574,0.45666,0.21547,0.059359,0.14982,-0.26202,-0.29657,0.95116,0.34918,0.47075,-0.21176,0.22902,-0.080152,0.59578
-0.91179,0.94796,-0.02173,-0.70822,-0.13034,-0.91691,0.36874,0.27453,-0.18765,0,-0.042991,-0.45561,0.77706,-0.89786,0.49634,-0.98257,-0.60914,-0.027971,0.79891,0.87418,-0.11696,-0.055157,-0.13877,-0.62442,0.63004,0.45996,-0.72218,0.81491,-0.75322,-0.18564,0.59862,-0.22288,0.069972,-0.55226,-0.68728,0.89803,0.18979,0.02724,-0.25538,0.94148,0.9512,0.36642,-0.86622,-0.42807,-0.72755,-0.41727,0.00032164,-0.73486,-0.34899,0.72277,-0.55194,0.46018,-0.62591,-0.72278,0.30546,0.89509,0.42539,0.69622,-0.13935,0.43289,0.54273,0.57759,0.1988,0.22961,-0.58505,0.74564,0.48319,0.17875,-0.31182,0.86249,0.61583,0.38964,-0.90433,-0.18037,-0.63588,-0.56951,0.79166,-0.75083,0.16624,0.85706,0.35976,-0.30655,0.48181,0.24948,-0.34077,-0.64276,0.99982,-0.9656,-0.54642,-0.69792,0.15734,0.40051,0.89559,-0.22189,0.10823,-0.52058,0.72426,-0.053143,0.29694,-0.9751,0.84669,-0.7766,0.29724,-0.71916,-0.46995
0.47253,-0.77784,0.10109,0.57421,0.34849,0.0088864,0.48444,-0.8161,-0.52017,-0.042991,0,-0.14292,0.63258,-0.70691,0.014611,-0.99288,-0.92995,0.28366,0.88581,0.2303,-0.98129,0.42494,0.94469,0.52117,0.88606,-0.59105,-0.16409,-0.92688,-0.19765,0.072655,0.88974,0.14696,-0.91483,0.91547,-0.70794,-0.23729,0.35222,-0.94945,0.37926,-0.86474,0.78403,0.12796,0.58973,0.36547,0.25097,-0.87575,-0.87117,-0.27757,-0.17703,-0.78534,0.70853,-0.92438,0.38195,0.75389,-0.59873,-0.099877,0.1979,-0.77246,0.040592,-0.16807,0.058893,0.64234,0.61884,-0.56921,0.63175,-0.48662,-0.69338,-0.051931,-0.8053,-0.9012,0.41726,0.67365,0.63143,-0.9109,0.49929,0.57821,0.90202,-0.42581,0.12081,0.79484,0.4102,-0.98641,0.51017,-0.12286,0.74839,0.30198,0.45844,0.73036,-0.3664,-0.97472,-0.94679,0.2879,-0.87069,0.82413,0.099001,0.89183,0.25061,-0.83445,0.20449,-0.39099,0.024868,-0.64066,0.31164,0.64353,0.82768
0.6131,0.091652,0.43447,0.83188,0.42366,0.57843,0.093827,-0.78724,0.46131,-0.45561,-0.14292,0,-0.47904,-0.9546,-0.99375,-0.62033,-0.33759,0.34024,-0.70139,0.17704,-0.43413,0.40401,-0.26482,0.93768,0.076748,0.86356,-0.093028,0.081819,0.167,0.82256,-0.32467,0.9872,0.31267,0.29887,-0.66027,0.88358,-0.6774,0.71049,-0.56204,-0.63634,-0.45765,-0.40166,0.34008,0.67304,-0.67535,0.64828,0.91771,-0.24726,0.85033,0.1929,-0.63357,0.17158,-0.37864,-0.089551,0.86561,-0.4946,0.43932,0.56764,0.82276,-0.85304,-0.73669,0.62022,-0.86681,0.2511,0.021003,0.029489,-0.22305,-0.83638,-0.29908,0.92157,-0.013954,0.7599,0.14929,0.76311,0.58982,0.04857,0.50637,-0.43398,-0.18203,0.78961,0.50523,-0.97618,0.74858,0.64689,0.44061,-0.88028,0.96808,0.61683,-0.010965,-0.51281,-0.24473,0.92199,0.41554,-0.4249,0.39669,-0.65835,0.39492,-0.78202,0.48746,-0.23051,0.26684,-0.74862,0.64001,-0.22469,0.0062419
-0.13485,-0.10772,-0.19987,-0.76524,0.76199,0.28329,0.38849,0.81608,0.91702,0.77706,0.63258,-0.47904,0,-0.15709,-0.71071,0.30341,0.47186,0.66891,-0.20675,-0.94135,-0.8854,0.21617,-0.77598,0.22129,0.53924,0.81943,-0.014641,0.52072,0.96637,-0.10139,-0.98402,0.62091,0.12707,-0.83246,0.4464,-0.14964,0.46014,-0.66384,0.65028,0.38805,0.070645,-0.21155,-0.34359,-0.74684,0.66247,0.23706,0.52144,0.9567,0.33029,0.72653,0.9169,0.055946,0.51498,0.42412,-0.45358,0.39096,0.37504,0.80481,0.062157,-0.065289,-0.5207,0.89323,0.74515,-0.47962,-0.34098,-0.65129,-0.87985,0.8596,-0.92967,-0.55883,-0.38517,0.78085,0.032605,0.95732,0.67135,0.87922,-0.18386,0.010416,-0.33627,0.82858,-0.42649,-0.81971,0.0010673,-0.2511,0.74554,-0.70679,0.43534,-0.77042,-0.65764,0.12889,0.35637,0.17411,-0.87855,-0.13419,-0.7389,-0.12568,-0.37205,0.70516,-0.36921,-0.13106,0.80856,-0.15476,0.044241,-0.0017965,-0.10561
-0.4291,-0.29046,0.89279,0.92578,-0.899,0.63959,-0.24964,-0.68324,-0.65336,-0.89786,-0.70691,-0.9546,-0.15709,0,0.038881,-0.47938,-0.1753,-0.79704,-0.32499,0.97233,0.35432,0.81587,0.74855,-0.55591,0.3538,0.092184,-0.52794,0.57071,-0.17473,-0.75088,0.86389,-0.96932,-0.40641,-0.77631,0.085793,-0.17437,0.31051,0.77526,-0.52957,-0.76344,0.44105,-0.70265,-0.92339,-0.32231,0.77463,-0.29703,0.20764,0.14798,0.92668,0.42083,0.12193,0.40003,-0.24183,0.46124,0.42157,-0.36405,0.2878,0.89729,0.14854,0.86693,0.89341,0.57974,-0.92696,0.57497,0.045088,-0.81829,0.28345,0.22826,0.92511,-0.36561,0.79716,-0.71027,-0.79542,-0.83201,-0.16272,0.60146,0.064185,-0.64555,0.38014,-0.37837,0.03445,0.28904,0.38283,0.77304,-0.81017,0.0031223,-0.48352,-0.42574,-0.20311,-0.15367,0.049479,0.97471,0.26265,-0.093442,-0.41938,-0.25045,0.5149,0.13803,0.30822,-0.62002,0.97269,-0.28937,0.49414,-0.82719,0.59731
0.76298,-0.91201,0.52542,-0.92629,-0.98356,0.83041,0.72243,0.49359,-0.48389,0.49634,0.014611,-0.99375,-0.71071,0.038881,0,0.22416,0.16829,-0.75986,-0.53961,0.77433,-0.32445,-0.34762,-0.26287,-0.33994,-0.034166,-0.10333,0.51141,-0.59417,-0.29652,0.68702,-0.7251,0.20442,0.025639,0.16346,-0.9411,-0.79783,-0.057732,-0.3888,0.57707,0.48944,0.39113,-0.66583,-0.35209,-0.49674,0.65294,0.18354,-0.33606,-0.032403,-0.50875,0.90694,-0.22168,-0.69988,-0.17238,0.90196,0.71633,-0.00041287,-0.22919,-0.51462,0.86291,0.67831,0.49916,-0.32728,-0.3342,-0.94324,0.36851,0.8694,-0.060348,-0.60958,0.67539,0.23429,-0.47185,0.1053,-0.058522,-0.46086,-0.013153,0.37357,-0.48138,0.99602,0.52222,0.74195,0.4714,-0.59861,0.65435,0.49096,-0.48292,0.31211,-0.9004,0.14219,-0.45851,-0.90437,0.098031,0.37999,0.62039,0.28302,0.46172,0.65214,0.075707,0.99346,-0.19143,-0.82368,0.91165,0.17934,-0.61662,-0.060296,-0.31235
0.43903,0.17914,0.18146,0.92176,0.11023,-0.28838,-0.82302,-0.092167,-0.39242,-0.98257,-0.99288,-0.62033,0.30341,-0.47938,0.22416,0,-0.9518,-0.54987,-0.55013,-0.71962,-0.14178,0.31378,-0.99673,0.33791,0.87664,-0.59583,-0.25027,0.90547,0.42942,0.22417,-0.021457,-0.97782,0.29633,-0.95471,-0.68517,0.97676,-0.19847,0.042253,-0.05072,-0.58532,0.051487,0.12957,-0.44276,-0.18976,0.99695,-0.047389,0.31654,-0.80021,0.14569,-0.16559,0.92397,-0.47671,-0.62918,-0.42015,0.43845,-0.57563,-0.35801,0.82871,-0.18185,0.68782,-0.45342,-0.97804,0.71396,0.84253,0.33955,0.18832,-0.39457,0.46822,0.15499,-0.3028,-0.04142,-0.53577,0.080219,0.81776,-0.71624,-0.56945,0.34528,-0.31561,0.99924,0.20727,-0.68757,-0.84323,0.99985,0.55798,-0.25933,0.84913,-0.30305,-0.25949,0.77273,0.47428,-0.46083,0.70421,-0.19852,0.14025,-0.26323,-0.14528,0.95737,-0.90991,0.025911,0.54706,-0.93569,0.12665,-0.024535,-0.0051046,-0.036891
-0.68719,-0.77071,0.61314,-0.25666,0.73592,-0.48139,0.22778,-0.42046,0.31629,-0.60914,-0.92995,-0.33759,0.47186,-0.1753,0.16829,-0.9518,0,0.43262,0.70238,0.52793,-0.71262,0.0061491,0.014304,0.87348,-0.27811,-0.36047,0.90983,-0.14455,0.96271,-0.46626,0.58991,-0.72732,0.40168,0.0053251,0.24242,0.34074,-0.73479,-0.37026,-0.23192,-0.3582,-0.72404,0.90535,0.96302,-0.45507,-0.32323,-0.93587,-0.69176,-0.48645,0.64128,-0.30992,0.38669,-0.97171,0.77366,0.55385,0.12296,-0.9306,-0.71404,-0.45728,-0.43705,0.0081512,-0.93879,-0.080004,-0.14198,-0.19287,0.58233,-0.54728,-0.73639,-0.27473,-0.30029,-0.6931,0.60843,0.0050369,-0.71302,-0.34025,0.041242,-0.61031,-0.34545,-0.11715,0.22748,0.54551,0.16766,0.21004,-0.79733,0.88376,-0.77787,-0.72955,-0.93112,-0.82875,0.95381,-0.099055,-0.48189,-0.90239,-0.067238,-0.038257,0.057657,-0.6787,0.55569,0.89309,0.0070043,0.25848,0.46187,-0.66028,-0.22004,-0.5827,-0.32278
0.18836,-0.42013,-0.29414,-0.94583,-0.63893,-0.94271,0.34852,0.39125,0.082752,-0.027971,0.28366,0.34024,0.66891,-0.79704,-0.75986,-0.54987,0.43262,0,0.77196,0.81095,-0.32588,-0.91389,-0.76119,-0.077996,0.71076,-0.69889,0.46269,0.10226,-0.89191,0.14438,-0.034189,-0.51938,-0.34223,-0.73074,0.10565,0.4606,0.18266,-0.68178,-0.088444,0.089248,-0.37605,0.90689,-0.64527,-0.8839,0.74431,0.92553,-0.78433,-0.1536,-0.34289,0.37541,-0.42691,0.45438,0.52619,0.509,0.15832,0.10289,-0.96704,-0.054487,-0.34132,-0.6548,0.95943,0.82122,0.38333,-0.56902,0.65928,-0.74711,0.33857,-0.8592,0.41217,-0.52856,0.31525,-0.67525,-0.53842,0.74761,-0.52631,-0.71951,-0.91776,-0.93447,0.31055,0.16317,-0.42451,-0.040256,0.31423,-0.87678,-0.82116,-0.39269,-0.15989,-0.7661,0.14859,-0.54553,-0.58445,0.26571,-0.40864,-0.38594,0.18265,-0.46167,0.35449,-0.44791,-0.1386,0.51591,0.57924,-0.10079,0.31698,-0.046374,0.54831
-0.46741,-0.77057,0.082658,0.1357,-0.32973,-0.6624,-0.56733,-0.91095,-0.50337,0.79891,0.88581,-0.70139,-0.20675,-0.32499,-0.53961,-0.55013,0.70238,0.77196,0,0.7851,0.53109,-0.91504,-0.13686,0.36706,0.14932,0.85326,0.0065174,-0.34076,0.55355,-0.24093,0.42978,0.29295,0.60555,0.98538,0.73953,0.46546,0.43018,0.15593,-0.68858,0.29328,-0.64253,-0.4732,-0.68938,-0.76189,-0.68832,-0.29115,-0.43998,0.10911,-0.92285,-0.71733,0.21277,0.84275,-0.51012,0.95595,-0.069994,-0.013646,0.13368,-0.4036,0.92057,0.53002,0.25387,-0.02352,0.70809,0.46838,0.79565,-1,0.11362,-0.075687,0.33136,-0.71948,-0.36994,0.64857,0.68682,0.079946,0.20689,0.23108,-0.94452,0.10713,-0.81427,0.14385,-0.0092275,0.54961,-0.82103,0.52076,0.26147,-0.65553,-0.034764,0.61805,-0.1026,0.94281,-0.44848,0.54297,-0.88734,-0.69979,0.99023,-0.93359,-0.38162,-0.16949,0.16174,0.39911,-0.86156,0.71943,-0.83943,0.60397,0.69041
-0.52089,-0.92989,-0.83619,0.8517,-0.3827,-0.56961,-0.62758,-0.84918,0.32499,0.87418,0.2303,0.17704,-0.94135,0.97233,0.77433,-0.71962,0.52793,0.81095,0.7851,0,0.30899,0.91855,-0.21701,-0.065466,0.88545,0.11685,0.94484,-0.48633,0.94598,-0.97549,-0.92564,0.97918,-0.44092,0.0894,0.50479,0.020561,0.00040307,0.4611,-0.72584,-0.03996,-0.97216,0.80341,-0.2484,0.25879,-0.47272,0.27118,-0.10708,-0.53885,0.037001,-0.97781,-0.62524,-0.24314,0.92366,-0.13946,0.28615,-0.65833,-0.97647,-0.52592,0.34409,0.070161,-0.34705,-0.16094,0.42747,-0.58129,0.52573,0.31015,0.49754,0.29786,-0.57558,0.99028,0.74418,-0.8631,-0.77522,-0.26765,-0.061022,0.73767,0.63995,0.12906,0.13669,0.12266,0.51849,-0.13298,-0.67935,0.56954,0.96979,-0.5397,0.82683,-0.76339,0.17854,-0.70116,0.67804,0.92161,0.93612,-0.53687,-0.98501,0.057748,-0.50029,-0.50198,-0.13617,-0.95932,-0.4157,-0.63925,-0.17187,0.16069,-0.93806
-0.45951,0.25193,-0.93069,-0.22117,0.79578,-0.21339,0.50722,-0.087384,0.13041,-0.11696,-0.98129,-0.43413,-0.8854,0.35432,-0.32445,-0.14178,-0.71262,-0.32588,0.53109,0.30899,0,-0.81452,-0.37059,-0.76401,-0.58319,-0.33052,-0.73256,-0.11034,-0.11504,-0.5965,-0.64471,-0.19881,0.42169,0.10418,0.29779,0.65682,0.29569,-0.97416,0.25165,-0.22234,0.44647,0.62634,0.62346,-0.091398,0.57368,-0.59375,-0.66664,-0.95112,-0.068053,-0.40757,-0.077464,-0.6031,0.6638,0.45834,-0.75773,0.26797,0.44988,-0.1595,-0.27406,-0.77152,0.31787,-0.21943,0.41047,-0.79505,0.13493,0.74261,0.6678,0.485,-0.86681,-0.20689,-0.41617,-0.37337,0.5058,-0.75633,-0.93869,-0.030806,0.41481,-0.18853,-0.25049,0.058849,0.14935,0.66655,0.70695,-0.5699,-0.28933,-0.60517,0.3622,-0.10596,0.92752,-0.038205,0.66427,-0.46858,-0.12207,0.92997,0.66796,-0.62995,0.51339,0.84465,0.96517,0.84962,0.71718,-0.21402,-0.50275,0.69537,0.5685
0.87577,-0.17588,0.78601,0.7226,0.72714,0.98182,-0.73658,0.29381,-0.58903,-0.055157,0.42494,0.40401,0.21617,0.81587,-0.34762,0.31378,0.0061491,-0.91389,-0.91504,0.91855,-0.81452,0,0.77419,-0.92668,0.73432,0.32119,-0.76818,0.63452,-0.90204,0.45669,0.79465,-0.51016,0.63306,0.26347,-0.94473,0.11415,0.60496,-0.85078,-0.36026,0.0078605,-0.53578,-0.72935,0.9301,-0.5032,0.92735,-0.29467,0.45226,-0.41096,0.36272,0.18188,-0.80294,0.44725,-0.094725,-0.64748,-0.84663,0.87156,-0.54301,0.84331,0.89562,-0.55609,0.13301,0.38957,-0.23431,0.94437,-0.49137,0.5894,-0.90936,0.17021,0.94326,0.63904,0.5098,0.70079,0.36605,0.0545,-0.56624,-0.70115,0.7489,0.34092,0.99301,-0.8814,0.40726,0.19045,-0.38572,-0.21762,-0.025162,0.63732,-0.84561,-0.4942,-0.14477,0.37576,0.75395,0.84087,-0.81022,0.23483,-0.62414,0.19287,0.78646,-0.44963,0.95148,-0.57509,-0.04916,-0.57794,-0.76904,0.40824,-0.26514
-0.23643,0.40073,-0.78755,0.73575,-0.6195,0.85035,-0.64451,-0.89293,0.57229,-0.13877,0.94469,-0.26482,-0.77598,0.74855,-0.26287,-0.99673,0.014304,-0.76119,-0.13686,-0.21701,-0.37059,0.77419,0,0.08561,0.59147,0.46369,0.75274,-0.26021,-0.77305,-0.14534,0.30892,-0.41739,-0.6482,-0.9538,-0.32393,0.66464,0.61897,-0.19325,-0.89777,-0.50831,0.36386,0.94034,0.17083,0.95324,-0.44936,-0.89639,0.3329,0.9393,0.40594,-0.04441,-0.97424,0.45544,0.38867,-0.51712,0.6173,0.29886,0.15053,-0.2939,-0.18493,-0.16933,0.095077,0.1409,0.23404,0.074992,0.95702,-0.70066,-0.06422,0.16068,-0.057843,-0.42668,0.69674,0.57598,0.76158,0.74323,0.98226,-0.29,0.3106,0.0099159,0.31487,0.48515,-0.16759,0.10645,0.022327,0.040529,-0.209,0.038902,0.49954,0.98989,-0.055039,0.20888,0.70642,0.22682,-0.59432,0.98162,0.54158,-0.41483,-0.58389,-0.73028,-0.94617,0.84913,0.24833,-0.20635,-0.41939,0.64379,-0.4756
0.30656,-0.27822,-0.48566,0.35241,0.56514,0.26576,-0.59306,0.2148,-0.8181,-0.62442,0.52117,0.93768,0.22129,-0.55591,-0.33994,0.33791,0.87348,-0.077996,0.36706,-0.065466,-0.76401,-0.92668,0.08561,0,-0.46999,0.85693,0.75246,0.36922,-0.84387,0.85869,-0.31244,0.30746,-0.97994,-0.93072,0.11396,0.95455,0.37202,-0.6428,0.98985,0.041714,0.012645,-0.3941,0.17443,0.76063,-0.18222,0.74513,-0.6327,-0.32405,-0.094572,-0.53106,0.45534,-0.57787,0.4228,-0.054835,-0.38754,-0.6657,0.070166,-0.76104,-0.68999,-0.98304,0.42942,0.30379,0.45546,-0.67607,-0.29994,-0.32599,-0.5602,0.76048,-0.31438,0.63585,0.19301,0.54946,0.38605,-0.61133,0.54429,-0.15176,-0.79599,0.045099,-0.56522,0.78683,0.67879,0.8793,-0.71721,0.3524,0.616,0.45002,-0.21944,0.096959,-0.51371,-0.62667,0.47772,0.40175,0.21043,0.23462,-0.94624,0.86332,-0.071737,-0.73547,-0.39492,0.58939,-0.83116,-0.29433,0.86659,0.37721,-0.49471
0.022028,-0.2345,0.87609,-0.056685,0.40809,-0.039173,0.035396,0.84891,0.43474,0.63004,0.88606,0.076748,0.53924,0.3538,-0.034166,0.87664,-0.27811,0.71076,0.14932,0.88545,-0.58319,0.73432,0.59147,-0.46999,0,0.069898,-0.10759,0.38792,-0.94716,0.37121,0.89822,-0.53468,0.056951,0.63546,-0.94241,-0.64989,-0.23539,-0.99003,0.18617,-0.34293,-0.21172,0.125,-0.11498,0.28519,-0.18806,-0.12047,-0.6382,-0.542,0.47896,0.64798,-0.95477,-0.71638,-0.84301,-0.98713,-0.53902,0.91686,-0.47938,0.47533,0.70795,0.15078,-0.32068,-0.79132,-0.28721,0.83948,-0.29915,-0.32187,-0.39848,0.90987,-0.80205,-0.74986,-0.12183,0.88535,0.77524,-0.82333,0.3334,-0.27951,-0.70172,-0.67996,-0.90681,-0.24203,0.71684,0.43092,0.19769,0.33992,-0.30051,-0.1764,0.42719,0.39446,-0.67969,0.22025,-0.41718,-0.40376,-0.1289,-0.7279,0.10891,-0.68367,-0.048873,0.90637,0.098043,-0.79705,-0.47111,-0.1201,0.13111,-0.7634,-0.10813
-0.4159,-0.32521,-0.97284,-0.36276,0.25387,-0.28755,-0.6246,0.54004,-0.15684,0.45996,-0.59105,0.86356,0.81943,0.092184,-0.10333,-0.59583,-0.36047,-0.69889,0.85326,0.11685,-0.33052,0.32119,0.46369,0.85693,0.069898,0,-0.049712,0.30399,-0.053065,-0.67272,-0.63,0.77404,-0.14188,0.73147,0.74543,0.17398,0.95336,-0.048674,0.20798,-0.16112,0.39467,-0.98338,0.26761,-0.22846,-0.86435,0.5914,0.62093,-0.59188,0.09953,0.39955,-0.53037,0.62058,-0.21462,-0.91936,0.88733,-0.048218,0.61365,-0.24307,0.28329,-0.9226,0.13953,-0.19993,-0.63126,0.87249,-0.67763,0.74027,-0.43228,0.85661,-0.95495,0.38228,0.24858,-0.87028,-0.41134,0.70333,-0.089322,0.69142,-0.7583,-0.93175,0.42281,0.082532,0.95475,-0.46381,0.93474,0.79565,0.5566,-0.38015,-0.42488,-0.48821,0.3044,-0.59065,-0.62838,-0.49849,-0.37446,0.016854,0.32263,-0.46266,0.32697,-0.97196,-0.99721,0.52129,0.41007,0.28726,-0.62229,-0.50672,0.43164
-0.34071,0.84653,0.4916,-0.1361,0.059695,-0.951,-0.81763,-0.33834,-0.40584,-0.72218,-0.16409,-0.093028,-0.014641,-0.52794,0.51141,-0.25027,0.90983,0.46269,0.0065174,0.94484,-0.73256,-0.76818,0.75274,0.75246,-0.10759,-0.049712,0,0.45279,-0.97373,-0.28577,-0.44248,-0.63581,0.92533,-0.56874,0.50832,-0.15683,-0.69717,-0.95559,-0.10939,-0.17513,0.95982,-0.97992,-0.83195,0.40645,0.044255,0.47536,0.80394,-0.47628,-0.14114,-0.60809,0.99977,-0.034459,0.29622,-0.22622,0.16011,-0.30271,-0.49389,0.66939,-0.47055,0.87924,0.28994,-0.78958,0.5246,-0.76334,-0.27053,-0.85549,-0.42413,0.13213,0.18824,-0.52064,0.31155,0.21718,0.63649,0.69385,0.86075,0.029303,0.44391,-0.74567,-0.054784,-0.49116,-0.48937,0.50674,-0.46894,0.27474,-0.88922,-0.76813,-0.56676,-0.88754,-0.62615,0.048212,0.52764,0.76723,-0.14846,0.84262,0.68186,-0.52298,-0.56849,-0.97067,-0.97634,0.15376,-0.40596,0.58738,0.65558,-0.88183,0.35532
-0.55616,-0.88833,0.66108,-0.75633,0.22974,-0.43287,-0.038174,-0.63557,0.45022,0.81491,-0.92688,0.081819,0.52072,0.57071,-0.59417,0.90547,-0.14455,0.10226,-0.34076,-0.48633,-0.11034,0.63452,-0.26021,0.36922,0.38792,0.30399,0.45279,0,0.0062341,0.32071,-0.85033,-0.64325,0.68291,0.86009,-0.75857,-0.90309,0.37775,0.42107,0.019154,-0.0023989,0.13901,-0.21361,-0.23364,0.23071,0.57508,0.20773,-0.84051,0.75488,-0.10981,0.057359,-0.34044,0.65165,-0.40696,0.95785,0.3817,0.84025,0.45633,-0.93115,-0.68255,-0.029336,-0.087635,0.93515,-0.62877,0.10759,0.004313,-0.34662,0.18824,-0.23981,-0.82617,0.050641,-0.6029,-0.89047,-0.96017,0.85032,-0.40163,0.31432,-0.69989,-0.47429,0.31729,-0.81356,0.44804,-0.10952,0.5663,0.35763,-0.70858,0.82696,0.032595,-0.40884,-0.19749,0.91809,-0.90082,0.016202,-0.43278,-0.99632,0.52761,-0.57462,0.17843,0.34661,-0.30522,0.98116,0.6951,-0.65944,0.69738,-0.13305,0.30594
0.099174,0.87666,-0.80667,0.97404,0.55395,0.35841,-0.58366,0.36029,0.34829,-0.75322,-0.19765,0.167,0.96637,-0.17473,-0.29652,0.42942,0.96271,-0.89191,0.55355,0.94598,-0.11504,-0.90204,-0.77305,-0.84387,-0.94716,-0.053065,-0.97373,0.0062341,0,0.65031,0.55198,0.01416,-0.87856,0.31006,-0.71952,0.37022,0.80169,0.8147,0.020726,0.56734,-0.68809,0.75099,0.41183,0.41486,0.2363,0.080874,-0.93448,0.99373,-0.96679,-0.56107,-0.87577,-0.98241,0.1618,0.66662,0.069749,-0.71616,-0.55966,-0.34112,0.62097,-0.34558,0.27466,-0.33218,0.68809,-0.92116,-0.70923,0.45639,-0.30714,0.47433,-0.27837,0.8901,0.42213,-0.57745,-0.35638,-0.32504,0.36898,-0.58385,-0.96645,-0.28528,0.27238,-0.27529,0.68137,0.70221,0.38623,0.50181,0.2113,0.73361,0.46064,-0.59477,0.079495,0.85497,0.72038,0.28012,-0.99435,-0.48187,0.4818,-0.71659,0.10099,-0.83563,-0.88039,0.35806,0.24995,0.066146,0.6554,-0.015148,0.62638
0.89549,-0.10242,-0.86785,0.64243,-0.20725,0.46232,0.90594,-0.939,-0.2818,-0.18564,0.072655,0.82256,-0.10139,-0.75088,0.68702,0.22417,-0.46626,0.14438,-0.24093,-0.97549,-0.5965,0.45669,-0.14534,0.85869,0.37121,-0.67272,-0.28577,0.32071,0.65031,0,-0.5404,-0.70551,0.10174,0.11344,-0.16761,0.28762,-0.91807,-0.34036,-0.4696,-0.20412,-0.19958,0.66953,0.82433,0.05412,-0.32379,-0.72215,0.58942,-0.88829,0.31808,0.31425,-0.99361,-0.70847,0.030332,0.15013,0.81681,0.82641,0.8697,0.27284,-0.79357,0.2168,0.70237,-0.70415,0.81105,-0.096316,0.9325,0.36475,-0.21084,-0.18334,-0.0069096,0.61379,0.082728,0.26257,0.66938,-0.66206,0.91973,-0.94446,0.85831,-0.35769,0.86105,0.7441,0.41272,-0.17693,0.48567,0.1646,0.24132,0.90227,0.16071,-0.8108,0.67347,0.33472,-0.88768,0.67109,-0.62192,-0.96509,0.38586,-0.92342,0.26692,-0.80459,-0.4837,0.81065,-0.91923,-0.60758,0.76271,0.16325,-0.089565
0.74797,-0.093389,-0.27623,-0.73511,-0.81251,-0.99578,0.21616,0.43783,-0.2818,0.59862,0.88974,-0.32467,-0.98402,0.86389,-0.7251,-0.021457,0.58991,-0.034189,0.42978,-0.92564,-0.64471,0.79465,0.30892,-0.31244,0.89822,-0.63,-0.44248,-0.85033,0.55198,-0.5404,0,0.0017679,0.99795,0.45557,-0.58233,0.98195,-0.88609,0.031931,-0.82673,0.50955,-0.26726,0.03355,0.26575,-0.85734,0.043849,-0.9111,0.21108,-0.84618,0.030614,0.58163,-0.39821,0.87903,-0.71044,0.79288,-0.22434,-0.56845,0.53976,0.45773,-0.17223,0.52307,-0.1591,-0.90212,-0.69879,-0.38014,0.034432,0.34016,-0.10909,0.055007,-0.48116,0.9099,-0.8022,0.021168,0.73109,-0.38253,0.61554,-0.782,-0.025404,-0.97326,0.39333,-0.27551,0.88845,-0.61979,0.87092,-0.065755,-0.57015,0.02481,0.055204,0.10089,-0.54561,-0.82988,0.073317,0.39967,0.30879,-0.14807,0.97124,0.54363,0.74548,0.024026,-0.5639,0.97556,-0.57531,-0.3079,-0.78602,-0.082763,-0.95588
-0.28145,-0.033422,0.27319,-0.10367,0.034133,0.43093,-0.80091,-0.81225,-0.45047,-0.22288,0.14696,0.9872,0.62091,-0.96932,0.20442,-0.97782,-0.72732,-0.51938,0.29295,0.97918,-0.19881,-0.51016,-0.41739,0.30746,-0.53468,0.77404,-0.63581,-0.64325,0.01416,-0.70551,0.0017679,0,-0.21311,-0.26871,-0.4434,-0.43204,0.49207,0.98049,0.75342,-0.40316,0.25319,-0.5374,0.28287,0.78846,0.70339,-0.4363,0.55129,-0.88915,0.94498,0.14081,-0.94037,-0.15565,-0.77756,-0.74061,0.12868,-0.38453,0.32279,-0.59535,0.65226,-0.73294,-0.9485,0.04067,0.44899,-0.54565,0.7231,-0.066177,-0.5473,0.32435,-0.025697,0.69094,0.91219,0.86139,0.53052,0.63503,-0.015788,-0.79705,0.14226,-0.83144,-0.97316,-0.55888,0.55911,-0.21876,-0.29394,0.3122,-0.63439,0.8023,-0.019643,0.58933,-0.99575,0.50748,0.22784,0.9694,0.54136,0.91441,-0.22544,0.74117,-0.22815,0.60133,0.040319,0.70042,-0.40107,0.8737,-0.49281,-0.54231,-0.75217
-0.87586,0.65952,-0.83309,0.66487,-0.57302,-0.090009,-0.0011972,0.37303,-0.49555,0.069972,-0.91483,0.31267,0.12707,-0.40641,0.025639,0.29633,0.40168,-0.34223,0.60555,-0.44092,0.42169,0.63306,-0.6482,-0.97994,0.056951,-0.14188,0.92533,0.68291,-0.87856,0.10174,0.99795,-0.21311,0,0.6031,0.020387,-0.46367,0.93464,0.092988,-0.9434,0.0093724,-0.84362,0.62999,0.81606,0.27455,0.20457,0.75038,0.2014,0.86588,-0.28513,-0.32559,0.096018,0.04931,-0.3644,-0.20017,0.90115,0.51811,-0.74789,-0.68931,0.26399,-0.68503,0.18295,0.75407,0.60034,-0.23237,0.377,0.13851,0.26933,0.72819,0.13554,-0.84298,-0.025069,-0.86725,0.88871,-0.9099,-0.30787,-0.46194,-0.41911,0.35653,-0.74635,-0.083563,-0.44113,0.044309,0.79986,0.72023,-0.61887,0.057531,-0.1696,-0.97086,-0.63421,-0.9899,0.26042,-0.046486,0.41837,-0.3965,0.9946,-0.48377,0.63002,0.77716,-0.39775,0.88091,0.59489,-0.46725,-0.97025,-0.5113,0.13094
-0.16555,0.86656,-0.30285,-0.24371,-0.16838,-0.48006,-0.020606,-0.72462,0.81174,-0.55226,0.91547,0.29887,-0.83246,-0.77631,0.16346,-0.95471,0.0053251,-0.73074,0.98538,0.0894,0.10418,0.26347,-0.9538,-0.93072,0.63546,0.73147,-0.56874,0.86009,0.31006,0.11344,0.45557,-0.26871,0.6031,0,0.48209,-0.45448,-0.63564,-0.080743,0.95612,0.17644,0.30079,0.71791,-0.52668,0.39201,-0.01197,0.93585,0.68217,-0.066122,-0.44877,0.66749,-0.051622,0.792,0.85116,-0.88589,0.14251,-0.14218,-0.7344,0.53155,-0.89248,-0.36268,0.75026,0.6814,-0.30385,-0.94445,-0.32547,-0.78023,-0.51265,0.47407,-0.054628,-0.7134,-0.84303,-0.60628,-0.031148,-0.073033,0.80911,-0.64228,-0.99391,0.41223,0.74467,-0.77862,-0.10791,0.39051,0.17897,0.59423,-0.19511,-0.042208,-0.31849,0.0043066,-0.82697,0.53963,0.91198,-0.96478,0.73583,-0.27541,0.29644,0.33649,-0.60517,-0.60352,-0.77129,0.013983,0.90181,0.98509,-0.29601,0.94265,0.053021
-0.77501,0.54498,0.67494,-0.40677,-0.37559,0.68319,0.71039,0.27199,0.079083,-0.68728,-0.70794,-0.66027,0.4464,0.085793,-0.9411,-0.68517,0.24242,0.10565,0.73953,0.50479,0.29779,-0.94473,-0.32393,0.11396,-0.94241,0.74543,0.50832,-0.75857,-0.71952,-0.16761,-0.58233,-0.4434,0.020387,0.48209,0,-0.73797,-0.78834,-0.22722,0.55097,-0.74878,0.79795,-0.48965,0.010688,0.87762,0.062016,0.19813,-0.16732,0.99608,-0.63176,-0.39104,0.65181,0.29661,-0.51833,0.66153,0.8127,-0.16245,-0.032406,-0.47001,0.058976,-0.25656,0.87258,-0.53727,0.42563,0.82801,0.61754,-0.4357,-0.69626,0.86851,0.32001,-0.69345,0.43252,-0.064942,0.48215,0.82609,-0.41184,0.041086,-0.41837,0.16493,0.016645,-0.93588,-0.13176,-0.056094,0.53603,-0.25553,0.34332,-0.83678,0.13912,-0.32436,-0.48426,0.87413,-0.89759,0.58289,-0.96896,0.31044,0.85827,-0.38718,0.49098,0.64285,0.51798,0.33619,0.80821,-0.065854,-0.99894,0.95861,0.27798
0.40525,0.46828,-0.45692,-0.5523,0.50067,0.46979,0.27577,0.12548,0.57478,0.89803,-0.23729,0.88358,-0.14964,-0.17437,-0.79783,0.97676,0.34074,0.4606,0.46546,0.020561,0.65682,0.11415,0.66464,0.95455,-0.64989,0.17398,-0.15683,-0.90309,0.37022,0.28762,0.98195,-0.43204,-0.46367,-0.45448,-0.73797,0,-0.027313,0.30285,-0.6169,-0.81619,0.74153,-0.061348,0.94343,-0.99624,0.35319,-0.96723,-0.33285,0.53599,0.17903,-0.018583,-0.019186,-0.4459,-0.35604,0.48355,-0.34872,-0.22392,-0.038074,-0.13958,-0.50135,0.90067,-0.42672,0.0077795,-0.54388,0.46837,-0.79758,0.71418,-0.31663,-0.91843,0.89012,0.19614,0.61468,0.92262,0.10866,-0.55467,-0.65606,-0.41101,-0.7849,0.27795,0.85664,0.76421,-0.71759,0.34375,0.086162,-0.21993,-0.44692,-0.57406,0.78188,-0.22293,0.54823,-0.30829,0.93605,0.20512,0.25482,0.30894,-0.50116,-0.55162,0.23074,0.86613,0.20656,-0.6202,-0.27947,0.08146,-0.47319,-0.41019,-0.75534
0.16843,-0.69892,0.12496,0.31124,0.44212,0.41636,0.29935,0.1673,-0.67832,0.18979,0.35222,-0.6774,0.46014,0.31051,-0.057732,-0.19847,-0.73479,0.18266,0.43018,0.00040307,0.29569,0.60496,0.61897,0.37202,-0.23539,0.95336,-0.69717,0.37775,0.80169,-0.91807,-0.88609,0.49207,0.93464,-0.63564,-0.78834,-0.027313,0,-0.91545,0.61275,0.99148,-0.96666,0.48185,0.88431,0.086344,0.056771,0.37707,-0.22057,0.94168,-0.6661,-0.22962,-0.075649,-0.46359,0.90389,-0.13537,-0.8688,0.84151,-0.022179,0.41016,-0.27953,-0.23064,0.77414,-0.48411,0.8669,-0.56911,-0.6284,-0.080369,-0.88593,0.097909,0.87954,0.69776,-0.76575,0.8995,0.094907,0.94688,0.097499,-0.71643,-0.94979,0.54969,0.27595,-0.15562,-0.38934,-0.34511,0.052966,-0.16522,-0.22162,-0.54188,-0.75022,-0.23795,0.35851,0.75722,-0.88926,-0.31926,-0.09188,-0.064959,-0.093364,-0.70472,0.36475,0.17813,-0.35136,0.78959,0.36779,-0.7283,-0.16301,-0.10279,-0.12385
-0.92446,0.99897,-0.48433,-0.70241,-0.56969,0.32759,-0.62189,0.67272,0.18896,0.02724,-0.94945,0.71049,-0.66384,0.77526,-0.3888,0.042253,-0.37026,-0.68178,0.15593,0.4611,-0.97416,-0.85078,-0.19325,-0.6428,-0.99003,-0.048674,-0.95559,0.42107,0.8147,-0.34036,0.031931,0.98049,0.092988,-0.080743,-0.22722,0.30285,-0.91545,0,0.5207,-0.82098,-0.082468,-0.50185,0.019792,0.34942,0.051031,0.33351,0.2647,-0.35089,-0.85335,0.20438,-0.44442,-0.35971,-0.21761,0.041085,0.25789,0.80193,0.8311,0.72456,0.12706,-0.58112,-0.49965,-0.32863,0.61651,0.994,-0.48628,-0.92047,0.046139,0.7456,-0.36403,0.95614,-0.72107,0.5614,0.43187,-0.78471,0.27742,-0.44328,0.60168,0.63543,0.73191,0.30853,-0.83158,-0.57974,0.57755,-0.74849,0.9567,0.51573,0.89518,-0.91386,0.88687,0.97285,-0.10613,0.46833,-0.69304,-0.31728,0.23876,-0.38451,0.54755,-0.78347,0.95288,0.87193,0.58667,-0.077319,0.33742,0.5336,-0.2322
0.34828,-0.69358,0.86372,0.71505,0.30176,0.14419,-0.4742,0.65278,0.99496,-0.25538,0.37926,-0.56204,0.65028,-0.52957,0.57707,-0.05072,-0.23192,-0.088444,-0.68858,-0.72584,0.25165,-0.36026,-0.89777,0.98985,0.18617,0.20798,-0.10939,0.019154,0.020726,-0.4696,-0.82673,0.75342,-0.9434,0.95612,0.55097,-0.6169,0.61275,0.5207,0,0.4422,0.2096,-0.12323,-0.13164,0.57126,0.79811,0.26032,-0.60856,-0.50945,0.099159,-0.36897,0.65693,0.20158,-0.21537,0.40032,0.36433,-0.48664,-0.61003,0.51847,0.50384,-0.95558,0.81244,0.50553,-0.60273,-0.02602,-0.62957,-0.097529,0.88154,-0.26,-0.69694,0.09297,-0.5916,0.43234,0.13341,-0.75261,-0.80266,-0.24266,-0.20458,-0.1141,0.96847,0.49595,0.57779,-0.40994,-0.41667,-0.82751,-0.614,0.73905,-0.086175,-0.80257,0.85907,-0.55391,-0.42816,0.36571,-0.81638,-0.36472,0.55054,-0.12689,0.44547,0.25449,0.86466,0.74885,0.81156,0.98969,0.81047,-0.69154,0.89446
-0.14383,-0.78932,0.18108,-0.20666,0.46609,0.19079,-0.5245,0.77454,-0.38,0.94148,-0.86474,-0.63634,0.38805,-0.76344,0.48944,-0.58532,-0.3582,0.089248,0.29328,-0.03996,-0.22234,0.0078605,-0.50831,0.041714,-0.34293,-0.16112,-0.17513,-0.0023989,0.56734,-0.20412,0.50955,-0.40316,0.0093724,0.17644,-0.74878,-0.81619,0.99148,-0.82098,0.4422,0,0.36601,0.41538,0.10191,-0.22652,-0.67433,0.30359,-0.71651,-0.038147,0.99601,-0.13557,-0.4758,-0.097066,-0.77052,-0.87816,0.65455,0.9314,-0.65661,0.11747,-0.52669,-0.63019,-0.50304,0.043956,0.27365,0.72842,-0.80185,-0.61643,-0.88541,0.11521,0.86826,-0.94487,0.33245,0.041682,0.91758,0.90995,-0.59009,-0.59818,0.94014,0.87034,0.091721,0.45752,0.66466,-0.71549,-0.85883,0.75615,-0.73847,-0.51852,0.67551,0.25214,0.5635,-0.29526,-0.092439,-0.79425,-0.19964,0.3352,0.0030061,-0.15936,0.12285,-0.287,0.56958,0.90161,-0.93045,0.69362,-0.71622,-0.8167,-0.023487
-0.86575,0.83732,-0.82899,-0.97166,0.14235,-0.065625,-0.86434,0.28084,0.11757,0.9512,0.78403,-0.45765,0.070645,0.44105,0.39113,0.051487,-0.72404,-0.37605,-0.64253,-0.97216,0.44647,-0.53578,0.36386,0.012645,-0.21172,0.39467,0.95982,0.13901,-0.68809,-0.19958,-0.26726,0.25319,-0.84362,0.30079,0.79795,0.74153,-0.96666,-0.082468,0.2096,0.36601,0,-0.38437,0.4413,-0.9809,-0.34445,0.22128,-0.21706,0.35928,0.86234,-0.57784,0.26595,-0.086736,0.10343,0.094024,0.90377,-0.219,-0.16914,0.33281,-0.06674,0.032331,-0.85683,0.83079,-0.34895,0.50507,-0.0093314,0.67672,0.59246,0.24463,-0.29527,-0.97392,0.21313,0.19444,-0.31684,0.15789,0.96205,-0.9718,-0.2082,-0.91538,-0.4901,-0.20214,-0.99868,-0.22621,0.028499,0.91599,0.44679,0.80826,-0.87496,-0.37133,-0.10381,0.74078,-0.78696,-0.75386,0.41642,-0.0078885,0.71416,0.44958,0.068405,-0.05819,0.82768,-0.92521,-0.92448,0.44547,-0.84058,0.30669,0.30741
-0.24698,0.85651,-0.73127,0.43637,0.88155,-0.53084,-0.086188,0.33328,0.19197,0.36642,0.12796,-0.40166,-0.21155,-0.70265,-0.66583,0.12957,0.90535,0.90689,-0.4732,0.80341,0.62634,-0.72935,0.94034,-0.3941,0.125,-0.98338,-0.97992,-0.21361,0.75099,0.66953,0.03355,-0.5374,0.62999,0.71791,-0.48965,-0.061348,0.48185,-0.50185,-0.12323,0.41538,-0.38437,0,-0.050133,-0.37097,0.37893,0.87479,-0.51416,0.93103,-0.40477,-0.41977,0.18342,0.095004,0.85132,0.16245,0.50317,0.91103,-0.25725,0.19131,-0.9606,0.65314,-0.98029,0.14522,-0.38291,0.89738,-0.50021,-0.43125,0.13061,0.02799,0.28454,-0.75531,-0.14545,-0.67719,0.78869,-0.066059,0.31934,0.073474,-0.28042,-0.085107,-0.8477,0.91765,0.033257,-0.0058227,0.88625,0.79236,0.16516,-0.58228,-0.76183,-0.22976,0.73985,-0.31764,0.57734,-0.32095,-0.99784,-0.51697,0.54365,0.77522,0.94925,-0.015589,-0.53267,0.099599,0.70676,-0.011756,-0.35128,-0.51178,0.79981
0.20139,-0.48699,-0.81934,0.7568,0.88258,0.20737,-0.89141,-0.54651,-0.9426,-0.86622,0.58973,0.34008,-0.34359,-0.92339,-0.35209,-0.44276,0.96302,-0.64527,-0.68938,-0.2484,0.62346,0.9301,0.17083,0.17443,-0.11498,0.26761,-0.83195,-0.23364,0.41183,0.82433,0.26575,0.28287,0.81606,-0.52668,0.010688,0.94343,0.88431,0.019792,-0.13164,0.10191,0.4413,-0.050133,0,-0.96235,0.16621,0.049796,0.6104,-0.57367,0.49285,0.39135,0.98619,0.22427,0.3682,0.74841,0.045818,0.64512,-0.45072,0.10275,0.05033,-0.051103,-0.96681,-0.26984,-0.0045249,-0.97789,-0.25185,-0.19952,0.91612,-0.13739,0.49135,0.42992,-0.14371,-0.72265,-0.30332,0.45589,0.18847,-0.13852,0.35999,0.58122,-0.35228,0.23271,-0.76605,0.4459,-0.082568,0.89787,-0.75929,0.5305,0.56135,0.999,-0.18463,-0.59451,-0.23267,0.3465,0.2631,-0.76404,0.84707,0.2391,0.86992,-0.46537,0.056373,-0.43634,-0.8624,0.25584,-0.040656,0.097822,0.51358
-0.97087,-0.69438,0.25796,0.62303,0.65298,-0.82794,-0.40102,0.10068,0.9725,-0.42807,0.36547,0.67304,-0.74684,-0.32231,-0.49674,-0.18976,-0.45507,-0.8839,-0.76189,0.25879,-0.091398,-0.5032,0.95324,0.76063,0.28519,-0.22846,0.40645,0.23071,0.41486,0.05412,-0.85734,0.78846,0.27455,0.39201,0.87762,-0.99624,0.086344,0.34942,0.57126,-0.22652,-0.9809,-0.37097,-0.96235,0,0.23276,0.85567,-0.70926,-0.54252,0.7895,0.41915,0.40774,-0.77652,-0.33843,-0.98821,-0.30155,-0.29801,-0.14889,0.40575,0.44564,0.033419,-0.35509,0.083198,0.6894,0.027135,0.9293,-0.5498,0.18969,-0.76358,0.34292,-0.87878,-0.88589,-0.36934,-0.61513,0.15926,0.68152,0.42744,0.88547,-0.90641,0.35478,0.74904,-0.60991,0.45705,0.77251,0.8535,-0.87036,0.19257,0.95283,-0.17653,-0.72271,-0.54727,-0.44781,0.020697,-0.39283,-0.046789,-0.77747,-0.65653,0.014637,0.10133,-0.17282,0.12902,0.062617,0.24483,-0.63388,0.62596,-0.83027
0.49549,-0.89625,0.74146,-0.61753,0.43596,0.91275,-0.73578,0.17999,-0.55196,-0.72755,0.25097,-0.67535,0.66247,0.77463,0.65294,0.99695,-0.32323,0.74431,-0.68832,-0.47272,0.57368,0.92735,-0.44936,-0.18222,-0.18806,-0.86435,0.044255,0.57508,0.2363,-0.32379,0.043849,0.70339,0.20457,-0.01197,0.062016,0.35319,0.056771,0.051031,0.79811,-0.67433,-0.34445,0.37893,0.16621,0.23276,0,-0.032019,0.40005,0.16229,0.30101,0.44397,-0.98691,-0.44331,0.67174,0.37245,-0.17706,-0.9014,0.29443,-0.35424,0.58645,-0.64899,0.63959,0.69619,-0.71147,0.27408,0.28146,0.88853,-0.30406,-0.25109,-0.62615,-0.87287,-0.81307,-0.47335,0.06653,0.6645,-0.75845,-0.82954,0.55327,0.033478,-0.48379,0.17357,-0.081963,-0.049697,0.072212,0.86833,-0.69821,0.092339,-0.85078,0.7498,0.92955,-0.10455,0.61557,-0.76296,0.37786,-0.31798,0.80615,0.046561,-0.14745,0.29972,-0.19248,0.82046,-0.054652,0.22746,0.12057,-0.47786,0.48123
