,,,,,,,,,,,,,,,,,,,,,,,,,,,,,,,,,,,,,,,,,,,,,,,,,,,,,,,,,,,,,,,,,,,,,,,,,,,,,,,,,,,,,,,,,,,,,,,,,,,,,,,,
0,-0.33936,0.70623,0.92712,0.65249,-0.29826,-0.21023,-0.57328,0.33476,0.51178,0.37142,0.1512,-0.65717,-0.22674,-0.24383,0.2299,0.22655,-0.56655,-0.33115,0.76312,-0.61881,0.34752,-0.14119,0.69278,-0.66989,-0.53277,0.6878,-0.85058,0.025816,-0.72752,-0.77923,-0.66564,0.52587,-0.91447,-0.36772,0.20539,-0.013668,-0.1238,0.81842,0.23192,-0.73039,-0.059802,0.043479,0.79076,0.78802,0.21193,-0.45048,0.20024,0.16025,-0.85615,0.61705,0.36576,-0.021577,0.44086,0.029092,-0.76085,-0.68489,-0.47724,0.30589,-0.5754,0.6951,-0.25946,-0.45067,-0.7776,0.98501,-0.39381,0.60903,0.031372,0.47433,-0.96759,-0.013564,0.40529,0.90315,-0.22248,-0.74874,0.34036,-0.61851,0.81669,-0.18287,-0.62156,-0.13338,0.4378,-0.13186,-0.19895,-0.70183,-0.94636,-0.45278,-0.91179,0.57155,-0.11192,0.21768,-0.46678,0.98328,-0.62766,0.16605,0.61943,-0.86378,-0.53149,0.61525,0.072094,0.91236,0.69564,0.83619,0.082253,0.97639
-0.33936,0,0.29252,-0.88208,0.26882,0.94496,-0.63575,-0.99942,-0.80836,0.82639,-0.34546,0.48512,0.74823,0.054854,-0.45134,0.94304,-0.54476,-0.97536,0.63584,-0.95182,0.016949,-0.89572,-0.75088,-0.28802,-0.87969,0.78307,0.50036,0.27843,-0.05149,-0.98702,-0.21429,0.78387,-0.78887,-0.42713,-0.77474,0.77533,-0.25895,0.29164,-0.47959,-0.0038584,0.22087,-0.5211,0.24982,0.47634,0.98271,0.55377,-0.74895,0.2438,-0.55683,-0.94707,0.0057518,-0.75128,-0.17155,-0.55667,0.6494,0.99474,-0.31506,-0.59769,-0.4644,0.23932,-0.79055,-0.72223,-0.25732,-0.41589,0.73592,-0.83216,0.33926,0.43728,0.35952,0.1963,-0.92206,-0.37943,-0.80165,0.58684,0.14178,0.30835,-0.011481,-0.63936,0.99508,0.35286,0.41965,-0.75303,0.45146,0.60969,0.34259,0.93189,0.18444,0.70468,-0.34818,0.031571,-0.61048,-0.81206,-0.16593,-0.70517,-0.098153,-0.76034,0.4797,0.60887,0.42539,0.22178,-0.62486,-0.57988,-0.64931,0.89136,0.64328
0.70623,0.29252,0,-0.34993,-0.85813,0.91767,0.25678,0.7525,-0.13226,0.30305,-0.016555,-0.73382,0.9645,0.75763,0.36668,0.11319,-0.20511,-0.3709,0.94658,-0.96822,0.43222,0.029682,-0.76596,-0.7049,0.70232,-0.32983,-0.54597,0.5701,-0.89455,-0.15971,0.36725,-0.31305,-0.3023,-0.16381,-0.80365,0.26679,0.90259,0.5046,-0.92655,0.65386,-0.23381,-0.64119,0.099767,0.28323,0.91925,-0.46306,0.77102,0.70007,0.3854,-0.96883,0.63995,-0.87523,0.89831,0.65,0.84009,-0.3805,-0.091338,0.26122,-0.19435,0.44744,-0.69821,-0.32836,0.065264,-0.42384,-0.67957,-0.29228,-0.50632,0.51427,0.22395,0.26193,-0.31098,0.1606,0.40099,0.10472,0.74516,0.8014,0.38519,-0.83688,-0.57164,0.986,0.58957,-0.18123,0.42851,0.82707,0.18521,0.50694,-0.63305,-0.75541,0.092058,-0.49859,-0.22197,-0.54709,0.92075,0.86587,0.41742,-0.16852,-0.93505,-0.090024,-0.098695,0.29782,-0.55427,0.25018,-0.73484,0.97709,0.16051
0.92712,-0.88208,-0.34993,0,0.92802,0.77165,-0.94832,-0.20301,-0.79078,-0.43096,-0.84693,-0.52924,0.23926,-0.11186,0.61258,0.62599,-0.3352,0.47182,0.41192,-0.65894,-0.15259,-0.47866,-0.37191,0.33056,-0.40978,-0.86442,0.81023,-0.54927,-0.36449,0.28466,0.11346,-0.53259,0.99366,0.062259,0.42467,-0.65455,-0.7772,0.91689,-0.573,-0.9097,0.63672,0.77276,0.22161,0.45581,0.38888,0.52495,-0.37696,-0.84996,0.075803,-0.52019,-0.42462,0.85133,0.15008,-0.24829,-0.33751,-0.30287,-0.54098,-0.98739,-0.8919,0.95292,0.71889,-0.51612,0.42174,-0.59993,-0.083684,0.57891,-0.61628,0.66224,0.70923,-0.44018,0.67561,0.63051,-0.8045,0.63933,-0.076495,-0.13013,-0.086935,-0.4771,-0.86223,0.90561,0.071189,-0.59249,-0.98612,0.72496,-0.77639,-0.5767,-0.22482,-0.88014,-0.15777,0.57144,-0.81429,-0.36587,0.10876,0.46414,0.59468,0.29372,0.060827,-0.61792,-0.83709,0.73488,0.97217,-0.52167,-0.15034,-0.53349,-0.58555
0.65249,0.26882,-0.85813,0.92802,0,0.32255,-0.24937,0.36529,-0.046673,0.14369,-0.044108,-0.81973,-0.54132,0.070696,0.98133,0.70196,-0.13496,0.5272,-0.60855,0.71319,0.99479,0.64899,0.48717,0.01748,0.18128,0.81892,-0.24379,0.70695,0.74091,0.24954,-0.2186,-0.40639,-0.38865,-0.35623,0.45673,0.18472,-0.55004,-0.033054,-0.49525,-0.61173,-0.59329,-0.73964,-0.36723,0.051517,0.22006,0.44107,0.35056,0.028977,-0.36561,0.86701,-0.93935,0.1135,0.029463,0.483,0.28199,0.023805,0.48284,0.67033,0.84628,-0.42587,0.34925,0.17948,-0.94501,0.91188,-0.57247,-0.29815,0.40813,-0.35224,-0.56906,0.74871,-0.99732,0.17041,0.92966,0.76105,-0.69208,-0.45638,-0.56789,0.40774,-0.92984,0.46344,0.37519,0.21443,-0.26992,0.31531,0.7246,-0.79606,-0.39696,-0.06895,0.95965,0.43967,-0.98572,0.71916,0.22121,-0.4758,-0.12345,-0.97886,0.61369,0.62859,0.56907,0.61036,0.75511,0.72627,-0.27839,0.90948,-0.78466
-0.29826,0.94496,0.91767,0.77165,0.32255,0,-0.38681,0.94532,-0.81373,0.86223,0.47172,-0.043813,0.814,0.81777,-0.67651,0.94192,0.24556,-0.077521,-0.77893,-0.6379,0.071024,0.55273,-0.66311,-0.76214,-0.075856,-0.87017,-0.96675,-0.11362,0.84554,0.38478,0.43132,-0.81112,-0.61701,-0.14882,0.74974,-0.04421,0.22867,0.95032,0.34122,0.38349,0.89164,0.90743,0.26804,0.47243,0.50241,-0.51993,0.058432,0.20563,0.14571,-0.034209,0.16414,-0.81375,0.34411,0.4041,0.22113,0.13162,0.87473,0.23327,0.85892,-0.48686,-0.82702,-0.054989,0.9568,-0.75129,-0.97867,0.98169,0.62511,-0.099445,-0.40227,-0.23956,0.77592,-0.28506,0.99933,0.91988,-0.28808,0.37217,-0.21465,-0.51904,0.019552,0.63659,0.8644,0.76495,-0.82931,-0.79587,0.03653,0.63877,-0.67668,-0.086852,-0.18252,0.57289,-0.80398,0.31303,-0.90595,-0.8978,0.82762,-0.71441,-0.70488,-0.9239,-0.96205,-0.29491,-0.52178,0.31596,0.91034,-0.4405,0.78654
-0.21023,-0.63575,0.25678,-0.94832,-0.24937,-0.38681,0,0.75603,0.6892,0.83512,-0.28627,-0.13965,-0.87524,0.096189,-0.55797,-0.25156,0.094233,-0.22677,-0.46343,-0.042526,0.46137,0.33451,0.87525,0.95445,0.41091,-0.74126,0.79764,-0.71578,-0.67964,0.28501,0.95364,-0.079695,0.21819,0.89677,-0.16227,-0.72658,-0.91282,-0.34908,-0.48836,-0.43226,0.11309,-0.34332,0.36645,-0.3036,0.8327,-0.20806,-0.064371,0.53716,-0.28456,-0.96137,-0.29141,-0.35461,-0.82812,-0.53729,-0.79105,-0.69276,0.028717,0.58799,-0.41126,0.70116,0.61028,0.0036897,-0.24606,0.23763,-0.94735,0.068203,0.97919,-0.40837,0.15701,-0.94291,0.95343,0.05915,0.088789,0.13513,0.33942,0.62912,-0.021762,0.65221,0.53053,0.14595,-0.39747,-0.61284,0.65835,-0.20833,0.48249,-0.14814,-0.12795,0.26403,0.91633,0.73387,-0.62568,0.48892,0.81876,-0.034686,-0.72992,0.60092,-0.98231,-0.027178,-0.55395,-0.40044,0.44083,0.22827,-0.065856,-0.91856,0.0035588
-0.57328,-0.99942,0.7525,-0.20301,0.36529,0.94532,0.75603,0,-0.14969,-0.78902,0.51466,-0.63243,0.68645,-0.34272,0.19649,-0.76449,-0.50533,0.49221,-0.98013,-0.59177,0.94768,0.11288,0.6675,0.93109,0.89545,0.24184,-0.26556,-0.41765,0.90595,-0.98296,0.072552,0.89407,0.60891,-0.94098,-0.84564,0.014659,0.54538,0.045818,-0.25829,-0.7015,0.098128,0.074263,0.32478,-0.76263,-0.67419,0.50576,-0.13477,0.58981,0.31393,-0.40465,0.71697,-0.59445,0.63639,0.70822,-0.53179,-0.59029,0.12991,0.28496,-0.15523,-0.59774,-0.16848,0.93362,-0.18824,-0.37029,0.59339,-0.70141,-0.35043,-0.39789,0.92925,-0.40438,0.65969,-0.20729,0.83139,-0.055577,0.41997,-0.55452,0.34121,0.8368,0.3273,-0.71022,-0.005178,-0.82263,0.23361,0.97642,-0.67591,0.36091,-0.54201,0.91647,0.26209,0.83578,-0.998,-0.91073,-0.13085,0.16496,-0.89207,0.70492,0.012836,0.94908,0.23451,-0.90999,0.7373,0.15311,-0.037987,0.54577,0.60946
0.33476,-0.80836,-0.13226,-0.79078,-0.046673,-0.81373,0.6892,-0.14969,0,0.41004,-0.60988,0.99589,0.20559,-0.47113,-0.71088,0.0088749,0.3362,0.69108,-0.72849,-0.62697,-0.9513,-0.21174,-0.26288,0.84312,0.52948,0.65415,0.73453,0.65224,0.20654,0.45883,-0.12484,0.5851,0.51197,0.77054,-0.50349,-0.21013,-0.4847,-0.54379,-0.6202,-0.3623,0.84458,0.062458,-0.17085,-0.49941,0.57151,-0.1974,-0.59955,0.1758,0.55344,0.66176,0.26167,0.14657,-0.083746,-0.54463,0.84286,-0.70808,0.44377,0.071247,0.98373,-0.52009,-0.067808,0.55757,0.39953,-0.44186,0.088526,0.80899,0.49592,0.5342,-0.25974,0.22476,-0.8211,0.18342,-0.67158,0.44079,-0.78113,0.54044,0.70843,-0.93519,0.63847,0.092125,-0.86946,0.96675,0.90664,0.072536,0.44092,-0.76548,0.65396,0.094359,-0.10992,-0.74781,-0.96649,-0.68618,0.91294,0.42902,-0.8643,0.73366,0.56024,-0.99205,0.52313,0.53599,-0.57062,0.77564,0.76421,0.49613,-0.16309
0.51178,0.82639,0.30305,-0.43096,0.14369,0.86223,0.83512,-0.78902,0.41004,0,0.32286,0.6912,-0.19797,-0.2647,0.019528,0.094174,0.30901,-0.94087,0.7754,0.58631,-0.37587,-0.9465,-0.71,-0.60814,0.95827,0.56346,-0.046398,0.79432,0.16206,-0.16048,-0.92811,0.069596,-0.52749,-0.49722,-0.3314,-0.69686,0.16261,-0.94613,-0.86586,0.47459,-0.60821,-0.78568,-0.30992,-0.19962,0.99103,-0.080819,0.12769,0.7825,-0.60495,0.46535,0.0053854,-0.03309,-0.86649,0.45781,-0.76727,-0.44696,-0.44329,0.27811,0.20379,0.85241,-0.85864,0.23348,0.90073,-0.81603,0.34121,0.214,-0.78114,-0.72119,0.33324,0.47486,0.28485,-0.55031,0.12198,0.091571,0.24665,0.2083,0.18077,-0.6081,-0.14013,0.40431,0.94493,0.98988,0.24423,-0.73348,-0.81568,0.72083,-0.85152,-0.84246,-0.8901,0.42491,0.097657,0.40525,0.1002,0.19797,-0.13227,-0.27944,-0.55585,0.3634,0.72408,-0.84596,0.62567,-0.30442,-0.55728,-0.59828,-0.43856
0.37142,-0.34546,-0.016555,-0.84693,-0.044108,0.47172,-0.28627,0.51466,-0.60988,0.32286,0,-0.40044,-0.025238,-0.091705,-0.22267,0.5262,0.11242,-0.514,0.67897,0.4817,0.23416,-0.48229,0.29312,0.45146,-0.09863,0.78645,-0.5735,-0.18668,-0.65171,0.86329,0.45505,-0.61596,0.6487,-0.65657,-0.25409,-0.8227,-0.97352,0.017834,0.042199,-0.42245,-0.65482,0.13625,-0.083624,0.41366,0.44117,0.69507,0.039424,-0.25825,-0.56136,0.75492,0.48264,0.22912,0.46909,-0.51892,0.76078,-0.86588,-0.108,-0.12171,-0.98696,-0.79803,-0.0046069,0.25598,-0.19218,-0.23219,-0.45049,0.62648,0.065357,0.45147,0.30049,-0.91065,0.16304,-0.20326,-0.69424,-0.39238,0.27375,0.54059,0.63205,-0.25344,-0.31443,-0.59093,-0.6734,0.087796,-0.56313,-0.17056,0.47907,0.97896,-0.99841,0.24059,-0.76572,-0.59809,-0.14264,-0.7284,0.85887,0.8661,-0.16146,0.37398,0.95993,0.33274,0.17349,-0.90297,0.93084,0.099311,0.7317,-0.93593,0.47521
0.1512,0.48512,-0.73382,-0.52924,-0.81973,-0.043813,-0.13965,-0.63243,0.99589,0.6912,-0.40044,0,0.96256,0.7389,-0.48056,-0.32589,-0.95226,0.44673,-0.4351,0.067234,0.65353,-0.67301,0.61033,0.82853,-0.95672,-0.33627,-0.32014,0.78398,0.86222,-0.81909,0.34701,0.056936,0.31867,-0.24174,-0.023714,0.83256,-0.56253,0.88897,-0.50551,-0.15166,0.016924,0.90695,-0.95069,0.1065,-0.4779,0.64784,-0.30646,0.27965,0.8196,0.56157,-0.77248,-0.70052,-0.80691,0.76872,-0.81751,0.95244,0.74666,0.19193,-0.98318,0.15521,0.74458,0.41605,-0.59695,-0.21763,-0.55261,-0.13219,-0.52537,-0.5718,-0.81949,-0.8697,0.18439,0.99815,-0.23697,-0.43758,0.34696,-0.82076,0.67681,0.63409,0.42611,-0.53186,0.78087,-0.10555,0.11334,0.58564,0.059468,-0.40769,-0.07313,0.20189,0.25834,0.081836,0.055679,-0.9421,0.30575,0.031087,-0.31433,-0.86526,-0.2266,-0.65859,0.69354,-0.81876,-0.89947,0.17698,-0.50628,-0.52103,0.3444
-0.65717,0.74823,0.9645,0.23926,-0.54132,0.814,-0.87524,0.68645,0.20559,-0.19797,-0.025238,0.96256,0,-0.11931,0.71108,0.92855,0.24472,0.24177,-0.6106,-0.72927,-0.48781,-0.37893,-0.87164,0.336,0.648,-0.98857,-0.20303,0.82363,0.77847,-0.9854,-0.59018,0.36488,-0.028014,-0.15426,-0.50121,-0.41919,-0.53117,-0.088417,0.44197,-0.65162,0.98687,0.97684,-0.93515,0.41287,-0.3489,-0.15488,-0.24756,0.67696,-0.62799,0.50436,0.55803,-0.77747,-0.66162,0.92965,-0.89165,-0.2255,-0.47608,0.46265,0.054171,-0.54287,0.0011323,-0.72928,-0.47417,0.13725,0.90078,-0.28599,0.58335,0.7902,0.50825,0.11005,-0.020278,-0.50812,-0.24745,-0.74944,-0.93637,0.36114,0.39908,-0.46794,-0.4515,-0.24608,0.25048,0.2785,-0.80874,0.093161,0.11075,-0.93573,-0.44887,0.56098,-0.89445,0.98517,0.36977,0.66167,-0.36722,-0.86294,0.82442,-0.30844,0.18526,-0.049947,-0.70035,0.90162,0.6813,-0.054162,-0.14226,0.31376,0.47125
-0.22674,0.054854,0.75763,-0.11186,0.070696,0.81777,0.096189,-0.34272,-0.47113,-0.2647,-0.091705,0.7389,-0.11931,0,-0.54326,0.11076,-0.0047762,-0.62638,-0.79315,-0.77424,0.45468,0.56073,0.65419,-0.96922,0.34404,-0.16484,0.16517,-0.3528,0.36184,0.89745,-0.021546,0.70168,-0.32872,0.31333,-0.87244,0.136,0.89204,-0.90007,-0.69975,-0.47066,-0.4259,0.34504,0.41845,-0.04843,-0.83782,-0.51249,0.25335,0.21244,-0.29338,0.34639,-0.65883,-0.4051,-0.8954,-0.95352,0.1837,-0.47529,0.59526,0.28371,-0.50871,0.79155,-0.82283,0.86929,0.42718,-0.12413,-0.26583,0.64179,-0.92377,-0.46804,0.15983,0.75733,-0.3388,-0.75628,0.63409,-0.3652,-0.30728,0.43061,0.74594,-0.91601,-0.40159,0.91183,-0.24878,-0.3212,-0.53107,-0.23104,-0.1581,-0.64409,0.35885,-0.66919,0.82562,0.0084518,-0.47108,0.11132,-0.70195,-0.51204,-0.48751,-0.39554,-0.42828,-0.86865,-0.2677,0.86686,0.35632,0.059895,0.2201,0.30732,-0.0992
-0.24383,-0.45134,0.36668,0.61258,0.98133,-0.67651,-0.55797,0.19649,-0.71088,0.019528,-0.22267,-0.48056,0.71108,-0.54326,0,-0.024769,-0.15313,-0.56723,0.46726,-0.5479,-0.41458,-0.53467,0.37103,-0.363,-0.51265,-0.13848,-0.35359,-0.32266,-0.88319,-0.59603,0.97882,0.56249,-0.90464,-0.20791,-0.063528,0.87869,0.86234,-0.082983,0.98636,-0.88419,-0.11408,0.83199,0.74176,0.025196,0.14184,-0.71678,-0.20054,0.6276,0.69663,-0.62929,-0.81698,0.28292,0.31937,-0.53037,0.94538,0.25367,-0.028252,-0.055827,-0.58177,0.15855,-0.20649,-0.6624,0.02751,-0.43912,-0.89396,-0.84724,0.60702,-0.08473,0.71583,0.85023,0.95618,0.29577,-0.51926,0.0062845,-0.73243,-0.5273,0.064793,0.21508,0.19426,-0.99895,-0.50834,-0.1499,-0.88132,-0.065426,-0.40823,-0.32389,0.078233,-0.54907,0.37156,0.7005,0.52545,0.53542,-0.92074,-0.16262,-0.18415,-0.58737,-0.84031,-0.56696,-0.43503,-0.4825,0.96307,0.39225,0.98626,0.19297,0.66474
0.2299,0.94304,0.11319,0.62599,0.70196,0.94192,-0.25156,-0.76449,0.0088749,0.094174,0.5262,-0.32589,0.92855,0.11076,-0.024769,0,-0.047824,0.94243,-0.76732,0.35297,-0.61959,-0.94837,0.34215,0.11762,0.80292,-0.8635,0.072163,0.62307,-0.15882,0.35852,-0.75985,0.19775,0.52943,-0.58628,-0.49383,0.37096,0.49733,-0.96878,-0.61567,-0.55964,0.23554,0.64142,0.52964,-0.58334,0.74514,0.18184,0.69316,-0.66943,-0.23546,0.23871,-0.89236,0.61026,0.26925,-0.14923,-0.38182,-0.7935,0.3362,0.61035,-0.75354,-0.66812,0.97276,0.6495,-0.43261,0.39165,-0.88309,-0.26666,-0.34315,-0.20749,-0.42879,0.076974,-0.23068,0.98531,0.20125,-0.81369,-0.041746,-0.40948,0.80961,0.5969,-0.56411,0.3363,-0.20835,-0.53377,0.0022458,-0.25341,0.2065,-0.32366,0.4707,-0.76857,-0.43652,-0.51976,-0.82068,0.85275,-0.54418,0.053901,0.98847,-0.46013,-0.83445,-0.99257,0.59614,0.95275,-0.14945,-0.09038,0.67848,-0.55423,0.79108
0.22655,-0.54476,-0.20511,-0.3352,-0.13496,0.24556,0.094233,-0.50533,0.3362,0.30901,0.11242,-0.95226,0.24472,-0.0047762,-0.15313,-0.047824,0,-0.60259,-0.31883,-0.52777,-0.90937,-0.055169,0.79872,-0.62608,0.69482,-0.81095,-0.21137,-0.2967,0.24198,0.35053,-0.40564,-0.10416,0.73382,0.55214,-0.76529,0.44759,-0.31852,-0.64541,-0.63902,0.29032,0.35718,-0.14678,0.85747,-0.69916,0.99291,0.33954,-0.33924,0.1167,0.11538,0.92172,0.48688,-0.25529,0.75443,-0.23841,-0.37651,-0.50916,0.24454,-0.48485,0.99008,-0.81511,-0.84943,-0.50652,-0.93881,0.45158,-0.49005,-0.3695,0.40329,0.90483,0.39123,0.54914,-0.056514,0.70252,0.34683,0.28278,-0.57688,-0.87446,0.50539,0.40018,0.16453,0.94548,0.2605,0.60985,-0.26435,0.44291,0.82101,-0.16713,0.14184,-0.57182,0.72899,-0.57806,-0.67799,0.23069,-0.78814,0.83818,-0.17175,-0.93593,-0.83976,0.74237,-0.88857,-0.29166,-0.82729,-0.4705,-0.5387,0.8834,0.90143
-0.56655,-0.97536,-0.3709,0.47182,0.5272,-0.077521,-0.22677,0.49221,0.69108,-0.94087,-0.514,0.44673,0.24177,-0.62638,-0.56723,0.94243,-0.60259,0,-0.68595,0.50647,0.82741,0.34848,-0.37989,0.11447,0.30778,0.75696,-0.58879,-0.10678,-0.73191,-0.7533,-0.98005,0.58462,-0.14879,0.46755,-0.93384,-0.84038,0.81582,-0.77326,0.24207,-0.35306,0.93281,0.62816,0.49755,-0.84622,0.86241,-0.93777,0.35505,-0.047635,-0.25609,-0.77485,0.33373,0.49763,-0.26903,0.059375,-0.30177,-0.16886,-0.84435,-0.58929,-0.070035,-0.68934,0.26353,-0.090188,-0.80185,0.68344,0.25681,-0.51919,0.65173,0.24246,-0.55095,-0.11656,0.82761,0.098813,0.10441,-0.59464,0.94749,-0.027278,-0.85614,-0.41568,-0.40722,-0.34245,0.55496,0.97719,0.1655,-0.54144,-0.20537,-0.38167,0.058845,0.28824,0.64265,0.64558,-0.82021,-0.75936,0.76969,0.85974,0.76058,0.75301,0.45841,0.81856,-0.16032,0.19825,-0.81817,0.0083291,0.34002,0.89593,0.53523
-0.33115,0.63584,0.94658,0.41192,-0.60855,-0.77893,-0.46343,-0.98013,-0.72849,0.7754,0.67897,-0.4351,-0.6106,-0.79315,0.46726,-0.76732,-0.31883,-0.68595,0,-0.45819,-0.65103,0.57176,-0.42134,-0.5145,-0.66254,-0.70148,0.75918,0.2438,-0.035972,-0.48506,0.052816,0.18496,0.32569,0.087903,0.94166,-0.45997,-0.62525,0.3354,-0.0099226,-0.75596,0.79727,-0.8372,-0.12397,0.17584,-0.79919,-0.091087,-0.6482,-0.037195,-0.46472,-0.01651,-0.55555,-0.0085718,-0.69836,0.73447,0.16839,-0.88198,-0.093505,0.53138,0.35537,0.18519,-0.75241,-0.40614,-0.49758,0.74318,-0.15977,-0.24825,0.95289,0.76449,0.017475,0.92935,-0.47663,-0.1247,-0.13302,-0.1189,0.060968,0.36861,0.72378,0.38899,-0.084948,0.79664,0.29344,0.55926,0.94835,-0.10599,0.19964,-0.18974,0.30031,-0.30808,0.81029,0.93583,-0.51832,0.73657,-0.65364,0.2556,0.59252,-0.75162,0.20095,0.0034557,0.035302,-0.65829,-0.39488,-0.23248,0.073756,-0.45406,0.79996
0.76312,-0.95182,-0.96822,-0.65894,0.71319,-0.6379,-0.042526,-0.59177,-0.62697,0.58631,0.4817,0.067234,-0.72927,-0.77424,-0.5479,0.35297,-0.52777,0.50647,-0.45819,0,-0.65945,-0.093868,0.98495,0.32002,0.83031,0.37036,-0.5527,-0.90277,0.60642,-0.57081,-0.20428,0.43628,-0.41573,-0.36367,-0.34956,0.18287,0.29762,0.51388,0.58441,-0.98216,-0.80233,0.24414,0.42499,0.65421,-0.7929,-0.18453,0.5978,0.98968,0.29638,-0.79899,-0.76588,-0.95951,-0.21948,-0.76153,0.96572,0.80225,-0.50166,-0.82219,-0.25644,0.557,0.74899,0.77908,-0.85759,-0.3763,0.77813,0.30148,-0.1747,-0.6093,-0.67955,0.52102,0.36515,0.71575,0.17377,0.77612,0.58976,-0.66759,0.93838,-0.98989,-0.1036,-0.33989,0.61014,-0.6861,-0.52235,0.64425,0.53848,-0.46314,0.22903,-0.24369,-0.69554,0.029415,-0.98332,-0.45815,0.74635,-0.88279,0.57379,0.70202,-0.97773,0.13863,-0.22516,0.88999,0.92529,0.64678,0.52003,-0.54361,0.78873
-0.61881,0.016949,0.43222,-0.15259,0.99479,0.071024,0.46137,0.94768,-0.9513,-0.37587,0.23416,0.65353,-0.48781,0.45468,-0.41458,-0.61959,-0.90937,0.82741,-0.65103,-0.65945,0,-0.33832,-0.22167,0.37106,-0.421,0.45023,-0.40537,0.31061,0.5833,-0.22679,0.89635,-0.13377,-0.82337,-0.58875,-0.3674,-0.72664,0.58419,-0.18766,0.85599,-0.36483,-0.82311,-0.12002,-0.69762,-0.54835,0.25953,-0.52555,-0.62927,-0.52406,0.41704,0.071648,0.81447,0.88482,0.17101,-0.78296,-0.71469,-0.044999,-0.58837,0.5242,0.70939,0.99401,-0.51129,0.06962,-0.28256,-0.13957,-0.89679,0.88865,-0.68432,-0.19877,0.6008,-0.97109,0.83722,0.96802,-0.20997,0.17532,0.88672,0.15091,0.45198,-0.46549,0.77464,-0.25577,-0.36803,0.40995,0.0069341,0.96746,0.59725,-0.098423,-0.09333,-0.69462,-0.84985,-0.52747,0.064864,0.56202,0.45641,0.63204,-0.9332,-0.38356,0.93763,0.89688,-0.84749,0.47694,-0.83264,-0.50723,-0.049692,0.043703,0.63636
0.34752,-0.89572,0.029682,-0.47866,0.64899,0.55273,0.33451,0.11288,-0.21174,-0.9465,-0.48229,-0.67301,-0.37893,0.56073,-0.53467,-0.94837,-0.055169,0.34848,0.57176,-0.093868,-0.33832,0,-0.62909,0.13795,-0.26734,-0.032669,-0.11614,0.75186,-0.59398,0.18361,0.75206,0.21045,-0.095521,0.56741,-0.58413,-0.23188,0.26621,-0.25169,0.42698,0.46959,-0.94469,-0.7753,-0.6736,0.11405,-0.86586,0.71384,0.83507,0.092297,0.0027036,0.59533,-0.18017,0.51459,-0.53766,-0.21125,0.75278,0.11951,-0.98624,-0.10081,-0.64561,-0.87408,-0.76294,0.57857,-0.64927,0.38623,-0.80405,-0.94735,0.93532,0.6361,-0.48163,0.98626,-0.88201,0.92365,0.29182,-0.10083,-0.87129,0.69932,0.22971,-0.65279,-0.43588,0.79742,0.52858,-0.08997,-0.88665,0.22897,0.56678,0.48732,0.55225,0.71776,0.93819,0.22684,0.8968,-0.92727,-0.50805,-0.35989,-0.27713,0.93487,-0.773,-0.55969,-0.35498,-0.29353,-0.53401,-0.18417,0.29134,-0.017611,0.98269
-0.14119,-0.75088,-0.76596,-0.37191,0.48717,-0.66311,0.87525,0.6675,-0.26288,-0.71,0.29312,0.61033,-0.87164,0.65419,0.37103,0.34215,0.79872,-0.37989,-0.42134,0.98495,-0.22167,-0.62909,0,0.20582,0.50382,0.50594,0.96058,0.95307,0.22015,0.53219,0.8809,-0.14602,-0.45738,0.53479,0.99667,0.29009,0.70127,-0.68052,0.32329,0.028159,-0.663,-0.72835,0.79432,-0.37438,0.89168,-0.21211,0.19172,-0.46536,0.93202,-0.99095,-0.45775,0.079339,-0.84281,-0.012527,-0.82436,0.57113,0.44011,0.87145,-0.83164,0.80069,0.81943,-0.85961,0.41583,0.31133,0.026161,0.91791,-0.12461,-0.46738,0.29151,0.51986,0.37961,0.57788,-0.13558,0.82666,0.48184,-0.76001,-0.10465,0.75763,-0.050374,0.14528,-0.57897,0.35864,0.55335,0.65762,0.89314,-0.42158,-0.88936,0.32762,0.69524,0.62129,0.63865,0.11905,-0.12331,-0.98987,-0.15496,-0.3096,0.39951,-0.98784,-0.6842,0.29975,0.67546,-0.65372,0.93486,-0.70219,-0.56479
0.69278,-0.28802,-0.7049,0.33056,0.01748,-0.76214,0.95445,0.93109,0.84312,-0.60814,0.45146,0.82853,0.336,-0.96922,-0.363,0.11762,-0.62608,0.11447,-0.5145,0.32002,0.37106,0.13795,0.20582,0,0.56851,-0.86073,-0.40089,-0.984,0.80809,0.80505,-0.80941,-0.10115,-0.41358,-0.40456,0.96795,0.94558,0.075447,-0.96657,0.056807,0.8224,0.93059,0.019954,-0.23534,-0.57625,0.39997,0.29532,0.20425,0.54285,-0.6387,0.15388,-0.54856,-0.13613,0.86875,0.19889,-0.1224,-0.86158,0.0047739,0.50069,-0.32978,-0.23986,-0.82455,0.81993,0.012154,-0.18257,0.96869,-0.34521,0.031338,0.36844,-0.092543,0.85494,-0.23979,-0.088723,-0.023314,-0.95694,0.51443,0.30728,0.59434,0.75439,0.29034,0.90847,-0.33469,0.22893,-0.81557,-0.57669,0.1993,-0.64514,0.14938,-0.74688,-0.88239,0.0067823,-0.27502,-0.69216,0.9681,0.7245,0.54613,-0.78694,-0.78032,0.054125,0.075462,-0.9641,-0.18819,0.293,-0.42975,-0.52693,0.95909
-0.66989,-0.87969,0.70232,-0.40978,0.18128,-0.075856,0.41091,0.89545,0.52948,0.95827,-0.09863,-0.95672,0.648,0.34404,-0.51265,0.80292,0.69482,0.30778,-0.66254,0.83031,-0.421,-0.26734,0.50382,0.56851,0,0.075216,0.96415,-0.20984,0.61197,0.13779,-0.16384,0.70542,-0.67754,-0.84112,0.33223,0.83724,-0.18181,0.053944,0.16108,-0.4936,-0.54712,-0.47412,0.4223,0.75127,-0.99491,0.7442,-0.46392,0.93258,0.032666,0.53371,-0.60871,-0.1467,-0.87077,0.72871,0.98389,-0.97268,0.090406,0.55242,-0.92025,0.26778,-0.89641,0.81293,-0.91037,-0.66331,-0.23846,-0.53751,0.90609,-0.94457,-0.83399,-0.12561,0.1125,-0.54343,0.08621,0.43037,-0.97681,0.9719,0.90615,0.76733,-0.61939,-0.70254,-0.46932,0.95133,-0.85775,-0.71402,0.47035,-0.6476,-0.38892,0.9357,-0.58322,0.85378,0.25508,-0.9276,-0.86254,0.3448,0.37393,0.85632,-0.039786,-0.7225,0.45631,-0.61257,0.70583,-0.69905,-0.75992,-0.64085,-0.7734
-0.53277,0.78307,-0.32983,-0.86442,0.81892,-0.87017,-0.74126,0.24184,0.65415,0.56346,0.78645,-0.33627,-0.98857,-0.16484,-0.13848,-0.8635,-0.81095,0.75696,-0.70148,0.37036,0.45023,-0.032669,0.50594,-0.86073,0.075216,0,0.80847,0.10176,0.63137,0.75576,0.077448,0.017776,-0.79094,0.31207,-0.69456,-0.82703,-0.69036,0.40755,0.71235,-0.53149,-0.37975,0.13966,0.092792,-0.044603,-0.60549,0.33006,-0.31983,-0.20782,-0.16677,0.69496,-0.66822,-0.98885,0.62363,0.74651,0.154,0.055637,-0.22152,-0.010974,-0.69111,0.16763,-0.82755,0.24904,-0.94831,-0.82933,-0.37626,0.39958,0.74786,-0.58287,0.4171,0.79258,0.25187,-0.71453,-0.045016,-0.39528,-0.35816,0.68563,0.11083,0.74758,-0.97731,0.63627,-0.57009,-0.46583,0.19414,-0.49427,-0.045972,0.47279,-0.61773,0.15915,-0.52849,0.60076,0.59917,0.15229,-0.18741,0.44597,-0.72891,-0.31957,-0.40025,0.13709,0.84177,0.061526,-0.010153,0.59894,-0.33396,-0.25268,-0.68758
0.6878,0.50036,-0.54597,0.81023,-0.24379,-0.96675,0.79764,-0.26556,0.73453,-0.046398,-0.5735,-0.32014,-0.20303,0.16517,-0.35359,0.072163,-0.21137,-0.58879,0.75918,-0.5527,-0.40537,-0.11614,0.96058,-0.40089,0.96415,0.80847,0,0.93886,0.80311,-0.14098,-0.46127,0.092326,-0.7277,0.79561,-0.26886,0.6901,0.42952,-0.98838,0.05563,-0.65395,0.49926,0.53821,0.25048,-0.82315,0.47859,0.44079,-0.33859,-0.15658,0.89335,-0.67888,0.23096,0.99643,-0.095078,-0.39068,-0.68372,0.029842,-0.21788,0.39427,-0.61135,0.28955,0.19147,0.027267,0.97045,0.58064,0.86325,-0.86293,-0.12382,-0.038821,-0.52181,0.15199,0.84592,-0.24138,0.43178,-0.7412,-0.52499,0.40066,-0.65253,-0.35757,-0.18619,-0.67764,0.27421,0.16093,0.80613,-0.67823,0.99127,0.93952,-0.32736,0.43343,0.30158,-0.33638,-0.5337,0.066045,0.63057,-0.1054,0.83476,0.29924,-0.30488,0.25249,-0.77711,0.73375,-0.67239,-0.54689,-0.55359,0.47147,0.37746
-0.85058,0.27843,0.5701,-0.54927,0.70695,-0.11362,-0.71578,-0.41765,0.65224,0.79432,-0.18668,0.78398,0.82363,-0.3528,-0.32266,0.62307,-0.2967,-0.10678,0.2438,-0.90277,0.31061,0.75186,0.95307,-0.984,-0.20984,0.10176,0.93886,0,0.99903,0.62925,-0.92373,0.85987,0.91306,-0.20391,-0.90717,0.97714,-0.4104,-0.2328,-0.50469,0.11432,0.6814,0.55112,-0.7987,-0.94236,-0.17041,-0.51257,-0.69276,-0.62568,-0.03418,-0.019315,0.44491,-0.70874,0.20394,0.25614,-0.63658,-0.10811,0.28903,-0.30797,0.44083,-0.98994,-0.54258,0.12743,-0.38192,-0.67244,0.098397,0.88915,-0.33826,-0.41283,0.3723,-0.95274,0.83059,-0.88935,-0.24186,0.93147,0.7008,0.37893,0.031467,0.71989,0.085562,-0.072753,0.72902,-0.51209,-0.9008,0.59882,-0.30921,-0.9151,-0.06994,-0.36445,-0.96239,0.67565,0.3904,-0.24055,0.55555,0.45992,-0.21439,-0.25955,-0.22711,-0.68628,-0.29919,-0.61211,-0.25711,-0.62952,0.48611,-0.54715,-0.39128
0.025816,-0.05149,-0.89455,-0.36449,0.74091,0.84554,-0.67964,0.90595,0.20654,0.16206,-0.65171,0.86222,0.77847,0.36184,-0.88319,-0.15882,0.24198,-0.73191,-0.035972,0.60642,0.5833,-0.59398,0.22015,0.80809,0.61197,0.63137,0.80311,0.99903,0,0.49569,-0.66149,-0.23985,-0.91478,0.37657,0.22607,0.24695,0.88086,0.98453,-0.22873,-0.1119,-0.77305,0.16553,0.92096,0.96988,0.87448,0.41438,-0.11237,0.037604,-0.54262,-0.21098,0.92623,0.77761,0.49254,-0.2373,-0.28006,0.88273,0.78259,0.75322,-0.4977,-0.27656,-0.47439,0.094124,0.10278,0.05492,-0.37065,0.96528,-0.82175,0.89332,-0.46675,-0.60771,-0.032783,-0.17202,-0.30564,-0.44408,0.53229,-0.53839,0.82122,0.85774,-0.20141,-0.56534,0.88118,-0.78733,0.54416,-0.07633,-0.81413,0.51674,0.93843,0.48471,-0.73048,0.47125,-0.92196,0.88315,-0.052888,0.17362,-0.51645,0.66337,-0.89566,0.20595,-0.0036984,0.36007,-0.60329,-0.94987,-0.2557,-0.26992,0.26789
-0.72752,-0.98702,-0.15971,0.28466,0.24954,0.38478,0.28501,-0.98296,0.45883,-0.16048,0.86329,-0.81909,-0.9854,0.89745,-0.59603,0.35852,0.35053,-0.7533,-0.48506,-0.57081,-0.22679,0.18361,0.53219,0.80505,0.13779,0.75576,-0.14098,0.62925,0.49569,0,-0.66269,0.92411,-0.42204,0.66767,0.50964,0.80959,0.019417,-0.54897,-0.44511,-0.61805,0.32924,-0.94032,-0.19637,0.62378,0.65128,-0.037569,0.81988,-0.32709,-0.87074,-0.65296,0.37568,-0.89748,0.16918,0.25035,-0.12723,-0.061838,-0.10739,0.94674,0.83381,0.86799,0.97548,0.90558,0.80585,-0.35892,-0.80894,-0.65481,0.20916,0.62011,0.55493,0.34454,0.72097,-0.27104,0.26361,-0.64264,0.53283,0.73051,-0.82087,-0.45257,0.023729,-0.25847,0.26326,0.76038,-0.60169,0.88947,-0.29525,0.54382,-0.18972,-0.42797,-0.46046,0.18179,-0.14694,0.61601,0.25698,0.46998,0.74311,0.25591,-0.75479,0.8736,-0.69753,0.26656,0.52877,0.6519,-0.65929,0.65299,-0.79901
-0.77923,-0.21429,0.36725,0.11346,-0.2186,0.43132,0.95364,0.072552,-0.12484,-0.92811,0.45505,0.34701,-0.59018,-0.021546,0.97882,-0.75985,-0.40564,-0.98005,0.052816,-0.20428,0.89635,0.75206,0.8809,-0.80941,-0.16384,0.077448,-0.46127,-0.92373,-0.66149,-0.66269,0,-0.65185,-0.12087,0.62979,0.141,-0.60574,-0.35604,-0.12501,0.60272,0.97266,0.80201,-0.47207,-0.31466,0.93776,-0.073991,-0.21416,0.017657,0.81714,0.40031,0.77661,0.91127,-0.83576,0.61686,0.93297,0.96864,-0.77148,-0.46022,-0.36687,0.14373,0.542,-0.54398,-0.53448,0.22443,0.37847,0.36277,-0.75911,-0.45155,-0.57536,-0.20827,0.38608,0.015553,-0.8566,-0.94286,-0.70046,0.2045,0.78488,0.90099,0.047487,-0.16457,-0.92753,-0.91297,-0.2074,0.40062,-0.6232,0.3462,-0.013259,-0.45928,0.2473,0.92983,0.74321,0.85583,0.90796,0.33571,-0.2577,0.017039,-0.31569,0.97101,0.39885,0.071496,-0.24277,-0.87428,0.81224,0.22574,-0.68909,-0.391
-0.66564,0.78387,-0.31305,-0.53259,-0.40639,-0.81112,-0.079695,0.89407,0.5851,0.069596,-0.61596,0.056936,0.36488,0.70168,0.56249,0.19775,-0.10416,0.58462,0.18496,0.43628,-0.13377,0.21045,-0.14602,-0.10115,0.70542,0.017776,0.092326,0.85987,-0.23985,0.92411,-0.65185,0,-0.21856,-0.3876,0.22159,0.89567,-0.029648,-0.015826,-0.29384,0.13689,-0.10336,-0.49998,0.10575,-0.72009,-0.26785,-0.78267,0.38373,0.81681,-0.58324,-0.88007,0.79433,-0.29646,0.22263,0.33949,-0.49421,-0.92442,-0.52288,-0.79369,-0.59147,0.34596,0.48451,-0.31745,0.30199,0.28413,-0.33388,-0.40501,0.021653,-0.25073,0.10501,-0.48504,0.87585,0.53874,-0.32635,0.87544,-0.58881,0.070388,0.79864,0.70393,0.83179,0.12327,0.071242,0.62281,-0.54028,-0.65864,0.077623,-0.55676,0.34342,-0.98124,0.29396,-0.61086,-0.66415,0.19002,0.29513,-0.64533,-0.59082,0.39952,-0.83074,0.27655,-0.41868,-0.56928,-0.24135,0.53992,0.5881,-0.8677,0.89822
0.52587,-0.78887,-0.3023,0.99366,-0.38865,-0.61701,0.21819,0.60891,0.51197,-0.52749,0.6487,0.31867,-0.028014,-0.32872,-0.90464,0.52943,0.73382,-0.14879,0.32569,-0.41573,-0.82337,-0.095521,-0.45738,-0.41358,-0.67754,-0.79094,-0.7277,0.91306,-0.91478,-0.42204,-0.12087,-0.21856,0,-0.14116,-0.82588,-0.26794,0.34176,0.74695,-0.38883,0.99283,0.88378,-0.63515,-0.057686,-0.79982,-0.062257,0.7505,0.86551,-0.12427,0.95721,0.64125,-0.094208,0.31279,-0.58083,-0.11933,0.10725,0.51768,0.61312,0.62889,0.20606,-0.098961,-0.82331,-0.76746,-0.75891,0.46024,0.64012,-0.52481,-0.96162,0.23832,-0.62671,-0.23369,0.69062,0.09647,-0.041018,-0.81151,0.32092,0.7221,0.29545,-0.20912,-0.93901,0.15845,0.1852,0.58848,-0.53733,0.7986,-0.47826,0.99257,-0.5818,0.36795,-0.43276,0.96987,-0.93817,-0.6338,-0.028958,-0.30539,-0.6523,0.24792,0.26975,-0.55025,-0.39527,-0.2276,0.46753,0.59881,-0.035295,-0.96208,0.39402
-0.91447,-0.42713,-0.16381,0.062259,-0.35623,-0.14882,0.89677,-0.94098,0.77054,-0.49722,-0.65657,-0.24174,-0.15426,0.31333,-0.20791,-0.58628,0.55214,0.46755,0.087903,-0.36367,-0.58875,0.56741,0.53479,-0.40456,-0.84112,0.31207,0.79561,-0.20391,0.37657,0.66767,0.62979,-0.3876,-0.14116,0,0.48786,-0.25708,-0.97376,-0.7027,0.76411,-0.48381,-0.90518,0.0019446,0.14837,0.14879,0.79782,-0.24437,-0.94993,0.94426,0.35926,0.28365,-0.32957,-0.031318,-0.61622,-0.56278,-0.57317,-0.74016,-0.20912,-0.70112,-0.81144,-0.88443,-0.042785,-0.29405,0.85525,0.16993,-0.47987,0.080957,0.43389,-0.50524,-0.67132,-0.86475,0.097687,0.56665,0.90965,-0.53399,-0.13583,-0.74048,-0.34992,-0.19593,0.72939,0.045467,0.091366,-0.91843,0.975,0.49736,0.9533,-0.49211,0.056736,0.31264,0.24502,0.18882,0.083577,0.81797,0.94387,0.14501,-0.80041,0.78099,-0.38021,-0.50388,0.67941,0.94712,0.047217,0.60103,0.46786,-0.31108,-0.26543
-0.36772,-0.77474,-0.80365,0.42467,0.45673,0.74974,-0.16227,-0.84564,-0.50349,-0.3314,-0.25409,-0.023714,-0.50121,-0.87244,-0.063528,-0.49383,-0.76529,-0.93384,0.94166,-0.34956,-0.3674,-0.58413,0.99667,0.96795,0.33223,-0.69456,-0.26886,-0.90717,0.22607,0.50964,0.141,0.22159,-0.82588,0.48786,0,-0.063619,0.73279,-0.64179,0.89927,-0.30847,0.26975,-0.50708,-0.37548,0.33543,0.9623,0.65285,-0.67146,0.53565,-0.47595,0.13431,-0.55276,0.56359,-0.65015,0.2491,-0.61369,0.69723,-0.71423,-0.086459,-0.93055,0.65346,0.50779,-0.33082,-0.74546,-0.1394,0.99271,0.051549,0.76061,-0.26572,-0.4191,0.8487,-0.79731,-0.86451,0.0060138,0.70864,-0.86834,-0.050651,-0.57409,-0.096158,0.95977,0.84672,-0.80572,-0.87274,0.57,-0.27761,0.89284,-0.31672,0.85846,-0.84387,-0.60435,-0.5939,0.51155,-0.0030409,-0.87633,0.65235,0.87561,0.21896,0.23244,-0.40929,0.13878,-0.055275,-0.675,-0.80094,-0.1067,0.41354,0.73837
0.20539,0.77533,0.26679,-0.65455,0.18472,-0.04421,-0.72658,0.014659,-0.21013,-0.69686,-0.8227,0.83256,-0.41919,0.136,0.87869,0.37096,0.44759,-0.84038,-0.45997,0.18287,-0.72664,-0.23188,0.29009,0.94558,0.83724,-0.82703,0.6901,0.97714,0.24695,0.80959,-0.60574,0.89567,-0.26794,-0.25708,-0.063619,0,0.55567,0.68101,-0.17452,-0.12823,-0.86123,-0.11511,-0.34627,0.96667,0.8172,0.50747,0.30649,0.81417,0.88006,0.44879,0.34243,-0.72541,0.72243,0.052481,-0.96941,-0.78001,0.64811,-0.276,0.46065,-0.16744,-0.43547,-0.70378,0.9116,0.29694,-0.438,0.1841,0.24768,-0.71659,-0.97757,0.86783,0.4908,0.50679,0.91278,-0.39061,-0.35984,-0.60834,-0.50415,0.71075,-0.055633,0.097452,0.75206,0.88193,0.4479,-0.34353,0.40178,-0.89758,-0.40436,0.83432,0.97704,0.86739,0.52065,-0.56165,-0.92392,-0.41035,-0.67229,0.36641,-0.20702,-0.85004,-0.46095,0.78507,0.25623,-0.39406,-0.62783,0.9162,0.87509
-0.013668,-0.25895,0.90259,-0.7772,-0.55004,0.22867,-0.91282,0.54538,-0.4847,0.16261,-0.97352,-0.56253,-0.53117,0.89204,0.86234,0.49733,-0.31852,0.81582,-0.62525,0.29762,0.58419,0.26621,0.70127,0.075447,-0.18181,-0.69036,0.42952,-0.4104,0.88086,0.019417,-0.35604,-0.029648,0.34176,-0.97376,0.73279,0.55567,0,0.34378,0.67578,-0.10505,0.76133,-0.079177,-0.78557,0.39068,0.86623,0.53177,-0.30947,-0.25961,-0.632,-0.53802,-0.49517,-0.085954,-0.25042,-0.48137,-0.95771,0.42704,0.17379,0.70151,-0.46211,-0.78577,-0.54601,0.94099,-0.056454,-0.27431,-0.55683,-0.60935,0.071204,0.025451,-0.93974,0.65024,-0.22437,-0.15631,0.81994,-0.78898,-0.39944,-0.53851,0.37346,0.9348,0.50037,0.1344,0.63373,-0.95926,-0.84383,0.069102,0.35274,-0.75699,-0.34534,0.6229,0.88248,0.58826,-0.46431,0.9169,-0.80311,0.88378,-0.51984,0.87761,0.36625,0.40238,0.9925,-0.26438,0.65206,0.67096,0.053433,0.34486,0.61026
-0.1238,0.29164,0.5046,0.91689,-0.033054,0.95032,-0.34908,0.045818,-0.54379,-0.94613,0.017834,0.88897,-0.088417,-0.90007,-0.082983,-0.96878,-0.64541,-0.77326,0.3354,0.51388,-0.18766,-0.25169,-0.68052,-0.96657,0.053944,0.40755,-0.98838,-0.2328,0.98453,-0.54897,-0.12501,-0.015826,0.74695,-0.7027,-0.64179,0.68101,0.34378,0,-0.83027,0.031509,-0.83251,0.95999,0.86265,-0.40747,0.73068,-0.93199,-0.03596,-0.18343,-0.51373,-0.26439,0.80279,0.72442,-0.86966,0.39329,-0.074919,-0.044997,0.072931,-0.95385,0.82729,-0.15816,0.76809,0.2879,-0.79653,0.37765,-0.77691,0.62436,0.90718,0.91814,0.3751,-0.086171,0.12595,0.59723,-0.037517,-0.31071,0.95002,-0.85,0.1225,0.38798,-0.014136,-0.50228,0.54589,-0.29734,-0.55577,-0.69323,0.23959,0.65211,0.77374,0.3731,-0.48152,0.26791,0.54739,-0.3456,-0.78561,0.99836,0.95285,0.85036,-0.15541,-0.95714,0.26366,0.95229,0.29925,0.60756,0.99015,0.38297,0.71348
0.81842,-0.47959,-0.92655,-0.573,-0.49525,0.34122,-0.48836,-0.25829,-0.6202,-0.86586,0.042199,-0.50551,0.44197,-0.69975,0.98636,-0.61567,-0.63902,0.24207,-0.0099226,0.58441,0.85599,0.42698,0.32329,0.056807,0.16108,0.71235,0.05563,-0.50469,-0.22873,-0.44511,0.60272,-0.29384,-0.38883,0.76411,0.89927,-0.17452,0.67578,-0.83027,0,0.82078,0.78893,0.80213,-0.9866,-0.58869,-0.012352,0.45534,0.52014,0.48022,-0.76214,-0.51806,0.91136,-0.87042,-0.74118,0.84059,-0.071847,0.88545,0.36263,-0.72471,0.66958,0.40822,0.082931,0.35018,0.12085,0.71106,0.73095,0.8518,-0.25229,0.28905,-0.57492,-0.64419,-0.89706,0.29107,0.81559,-0.91432,0.5478,-0.90202,0.88839,-0.97026,-0.65604,0.56291,-0.91338,0.67999,0.78423,0.13569,0.40046,0.84618,-0.87519,-0.59536,0.93445,-0.017847,0.94039,-0.71237,-0.39167,-0.36728,0.3502,0.028974,0.51224,0.93922,0.87753,0.89159,0.15214,-0.51404,0.34064,0.96249,-0.45645
0.23192,-0.0038584,0.65386,-0.9097,-0.61173,0.38349,-0.43226,-0.7015,-0.3623,0.47459,-0.42245,-0.15166,-0.65162,-0.47066,-0.88419,-0.55964,0.29032,-0.35306,-0.75596,-0.98216,-0.36483,0.46959,0.028159,0.8224,-0.4936,-0.53149,-0.65395,0.11432,-0.1119,-0.61805,0.97266,0.13689,0.99283,-0.48381,-0.30847,-0.12823,-0.10505,0.031509,0.82078,0,0.5118,-0.69813,-0.1584,0.4278,0.62317,0.15079,0.90928,-0.7002,0.31842,-0.05654,0.49986,-0.75,-0.35715,0.76255,0.082913,-0.68232,-0.72345,-0.027383,0.87939,-0.90824,-0.48763,-0.20296,0.095686,0.18468,-0.14074,-0.4492,0.48829,-0.50441,-0.60149,-0.3967,0.73707,-0.072752,-0.98638,-0.67135,-0.019703,-0.16349,-0.69069,-0.76328,-0.90168,-0.1364,-0.19666,-0.57884,0.13151,0.2555,-0.64631,-0.32279,-0.92438,-0.44577,0.79132,0.5706,0.93508,0.87312,-0.86403,0.55023,0.3589,-0.046533,-0.2914,-0.71405,0.95236,-0.51448,-0.38253,-0.17838,0.8987,-0.2674,-0.34575
-0.73039,0.22087,-0.23381,0.63672,-0.59329,0.89164,0.11309,0.098128,0.84458,-0.60821,-0.65482,0.016924,0.98687,-0.4259,-0.11408,0.23554,0.35718,0.93281,0.79727,-0.80233,-0.82311,-0.94469,-0.663,0.93059,-0.54712,-0.37975,0.49926,0.6814,-0.77305,0.32924,0.80201,-0.10336,0.88378,-0.90518,0.26975,-0.86123,0.76133,-0.83251,0.78893,0.5118,0,-0.40609,-0.68784,-0.058138,0.23039,-0.51668,-0.54061,-0.5163,0.82801,-0.64957,0.2415,-0.38056,0.049421,0.57992,-0.50535,0.23749,0.013751,0.46583,0.73954,0.78124,-0.31722,0.49175,-0.13324,-0.13509,0.24554,0.32863,0.35649,-0.82414,0.82933,0.044258,0.84193,0.7679,-0.023951,-0.26398,0.7197,-0.52374,0.66655,-0.83547,-0.7777,-0.91148,-0.75339,-0.53077,-0.43999,0.94248,0.88987,0.72196,-0.30912,-0.56777,0.39518,-0.48853,-0.022818,-0.16797,0.75101,-0.52996,0.75734,-0.86922,0.19428,0.82524,0.06739,-0.33506,-0.63522,-0.26013,-0.42828,0.62233,0.15373
-0.059802,-0.5211,-0.64119,0.77276,-0.73964,0.90743,-0.34332,0.074263,0.062458,-0.78568,0.13625,0.90695,0.97684,0.34504,0.83199,0.64142,-0.14678,0.62816,-0.8372,0.24414,-0.12002,-0.7753,-0.72835,0.019954,-0.47412,0.13966,0.53821,0.55112,0.16553,-0.94032,-0.47207,-0.49998,-0.63515,0.0019446,-0.50708,-0.11511,-0.079177,0.95999,0.80213,-0.69813,-0.40609,0,0.79763,0.028634,-0.93638,0.79608,0.96296,0.28416,-0.13252,-0.015693,0.42643,-0.012625,-0.11449,0.45072,0.38107,-0.92969,-0.33707,-0.75721,-0.26715,0.5704,0.64143,0.89292,-0.29417,-0.40954,0.051305,-0.88239,-0.50193,0.28863,0.35389,0.26642,0.75142,0.19603,-0.37012,0.050607,0.47941,-0.3949,0.14047,0.6616,0.022426,0.7694,0.61542,0.23456,-0.38217,0.94705,0.86005,0.24751,0.095309,-0.70863,0.41758,0.58429,-0.35504,0.70913,0.77762,0.74508,-0.88497,-0.60658,-0.73977,0.94886,0.12599,0.75445,-0.015906,-0.48869,0.57706,-0.75905,-0.65793
0.043479,0.24982,0.099767,0.22161,-0.36723,0.26804,0.36645,0.32478,-0.17085,-0.30992,-0.083624,-0.95069,-0.93515,0.41845,0.74176,0.52964,0.85747,0.49755,-0.12397,0.42499,-0.69762,-0.6736,0.79432,-0.23534,0.4223,0.092792,0.25048,-0.7987,0.92096,-0.19637,-0.31466,0.10575,-0.057686,0.14837,-0.37548,-0.34627,-0.78557,0.86265,-0.9866,-0.1584,-0.68784,0.79763,0,0.22387,0.73459,-0.22977,-0.20652,-0.35543,-0.60109,0.093183,-0.53975,-0.5178,0.23399,-0.88854,-0.1532,0.44663,-0.35885,-0.65151,-0.87952,0.63713,-0.6623,0.4231,0.83096,0.31045,0.82046,-0.88344,-0.83964,-0.5123,-0.63406,0.61314,-0.31306,0.27832,-0.78769,-0.38391,-0.29786,0.29293,-0.47325,0.85259,-0.11158,-0.4546,-0.59263,-0.26064,0.16553,0.39738,0.7759,0.1934,0.94497,-0.16017,0.23949,0.16678,-0.75049,-0.437,0.29853,0.22678,0.51062,0.99157,0.35484,0.94629,0.5001,-0.71895,0.8273,0.11358,0.2034,0.25709,-0.17032
0.79076,0.47634,0.28323,0.45581,0.051517,0.47243,-0.3036,-0.76263,-0.49941,-0.19962,0.41366,0.1065,0.41287,-0.04843,0.025196,-0.58334,-0.69916,-0.84622,0.17584,0.65421,-0.54835,0.11405,-0.37438,-0.57625,0.75127,-0.044603,-0.82315,-0.94236,0.96988,0.62378,0.93776,-0.72009,-0.79982,0.14879,0.33543,0.96667,0.39068,-0.40747,-0.58869,0.4278,-0.058138,0.028634,0.22387,0,0.91673,0.34446,0.63336,-0.80452,0.60592,-0.22717,-0.21875,0.261,-0.47873,-0.032205,-0.2333,0.02164,-0.19716,0.058994,-0.5904,-0.75364,-0.51466,0.782,-0.34137,-0.055526,0.90688,-0.51918,-0.49617,0.34663,0.75703,-0.6556,0.8985,-0.70629,0.52183,-0.74439,0.60809,0.70048,0.44245,-0.58572,-0.97167,-0.68701,0.68317,-0.13982,0.28392,-0.68555,-0.98487,0.75272,0.50062,-0.87193,-0.004287,-0.43002,0.90861,0.69056,0.15286,0.5742,-0.23087,-0.39535,-0.096963,-0.22703,-0.219,0.68003,0.58198,-0.80495,-0.95218,0.21024,0.28694
0.78802,0.98271,0.91925,0.38888,0.22006,0.50241,0.8327,-0.67419,0.57151,0.99103,0.44117,-0.4779,-0.3489,-0.83782,0.14184,0.74514,0.99291,0.86241,-0.79919,-0.7929,0.25953,-0.86586,0.89168,0.39997,-0.99491,-0.60549,0.47859,-0.17041,0.87448,0.65128,-0.073991,-0.26785,-0.062257,0.79782,0.9623,0.8172,0.86623,0.73068,-0.012352,0.62317,0.23039,-0.93638,0.73459,0.91673,0,-0.72943,-0.20356,0.37935,0.7331,-0.72261,-0.88632,-0.41293,-0.99445,-0.76302,0.74276,0.81208,-0.95162,-0.25712,-0.7439,-0.44233,-0.70288,-0.13428,-0.50395,-0.17229,-0.86999,-0.11143,-0.66968,-0.10546,-0.52597,-0.77746,0.87952,0.46219,-0.75432,-0.28715,0.79682,0.47923,-0.34709,-0.64652,0.84602,-0.61673,-0.35636,0.29065,-0.17964,0.78707,0.075732,0.64045,-0.74647,-0.37579,-0.09126,0.081631,0.92299,-0.43985,0.22,0.93284,-0.77626,0.15235,-0.44783,-0.39361,0.26503,-0.40287,0.11807,0.28887,-0.14621,0.35579,-0.050571
