,,,,,,,,,,,,,,,,,,,,,,,,,,,,,,,,,,,,,,,,,,,,,,,,,,,,,,,,,,,,,,,,,,,,,,,,,,,,,,,,,,,,,,,,,,,,,,,,,,,,,,,,
0,0.06494,0.7568,-0.90094,0.77735,-0.5243,0.69861,0.8099,-0.4947,-0.89061,-0.24305,0.48539,-0.52198,0.99103,0.92272,-0.29979,0.5827,0.79949,-0.3632,-0.36954,-0.19818,0.68462,0.38629,-0.51569,0.93443,0.93655,-0.46884,-0.3727,-0.4644,0.80951,-0.91627,0.63443,0.011809,-0.45931,-0.63269,0.63679,-0.51432,-0.51474,0.32245,0.47721,0.49121,0.62399,0.58025,0.67652,-0.87023,-0.025896,0.062862,0.56208,-0.66121,0.19695,0.55614,0.024857,-0.68383,0.74357,0.87118,0.50456,0.57529,0.51554,0.36221,-0.00613,-0.52986,0.33486,0.85605,0.68883,-0.1493,-0.50523,0.12366,-0.059095,-0.67222,0.65761,0.56833,0.24317,0.99024,-0.34175,0.86928,0.76449,0.42288,0.16296,0.58326,0.7537,-0.93218,0.9749,0.21393,0.60876,0.15237,0.91245,0.2487,-0.92411,-0.30327,0.21999,0.53668,-0.28589,0.71695,0.74631,0.9692,0.89737,-0.81877,-0.62889,-0.68565,-0.52778,0.7826,-0.001101,0.52464,0.0078795,-0.85688
0.06494,0,-0.08372,0.73109,0.47745,-0.13252,-0.90553,-0.34142,0.73014,-0.62726,-0.79999,-0.72234,-0.095125,-0.3887,-0.22434,-0.74204,0.68112,0.94561,-0.2086,-0.0011773,0.9183,-0.82363,-0.58295,0.5378,-0.16,0.69201,-0.071897,-0.2948,0.15635,0.29931,-0.35961,-0.07313,-0.8352,-0.50975,0.28025,0.33368,-0.3619,-0.58591,-0.30621,0.75757,-0.50153,0.40298,0.64165,0.87052,0.081742,0.88676,0.649,0.051718,-0.52214,-0.17304,0.17214,0.48765,-0.18924,-0.35594,0.76093,0.1208,-0.82593,0.8498,0.74381,-0.93036,-0.064934,-0.085005,0.158,-0.091779,-0.80344,-0.33853,0.47209,-0.78218,-0.56997,0.06973,0.95087,0.48109,0.23079,0.60571,0.37316,0.97876,-0.43271,-0.81841,-0.71396,0.79335,-0.040418,-0.76476,0.84949,-0.6471,0.95334,-0.96125,0.056728,-0.68447,0.082544,0.35617,-0.60895,0.50912,0.45153,0.98236,0.98183,-0.65187,-0.8256,0.87746,-0.96965,-0.33701,-0.37156,0.84835,0.36829,0.81119,0.65206
0.7568,-0.08372,0,0.39169,-0.012622,-0.3017,-0.73311,-0.34459,-0.81643,0.24118,-0.45943,0.0027338,-0.13487,-0.076669,0.55725,0.99012,-0.58156,0.93913,0.019972,0.40963,0.88055,-0.16225,-0.24069,0.59443,0.56553,0.15472,-0.18538,0.41352,-0.10722,0.55892,0.9698,0.9926,-0.035692,0.57041,0.26368,-0.39005,-0.3634,-0.80929,-0.85354,-0.55188,-0.25214,0.97049,0.85739,-0.51998,-0.75329,0.32613,0.98653,-0.71493,-0.07204,0.65775,-0.65528,0.072092,0.64795,-0.16745,0.49962,-0.44475,0.50334,0.19577,-0.72106,-0.031355,-0.27366,0.98003,0.85123,-0.93903,-0.37301,0.71185,0.89546,0.055965,-0.99557,-0.69025,0.54664,0.98697,-0.44756,-0.92373,0.09115,0.50091,-0.20861,-0.15486,-0.6774,-0.9407,-0.86098,0.092859,-0.038637,-0.17453,-0.75883,0.852,0.98349,0.34584,-0.1799,0.72909,0.023171,-0.21398,0.24869,0.7434,-0.43235,0.98359,-0.83331,-0.34539,-0.76466,-0.83254,0.62151,-0.84862,0.53477,0.13516,0.80719
-0.90094,0.73109,0.39169,0,0.18464,0.57652,-0.13374,-0.93829,-0.43959,0.021741,-0.13758,-0.29323,0.6308,-0.17502,0.15392,-0.95452,0.23305,-0.04443,-0.032738,-0.60313,0.44697,0.63182,-0.56951,-0.55945,0.63034,0.32887,0.66842,0.8624,-0.88036,-0.73793,-0.55591,-0.21964,-0.91894,0.31731,0.59783,-0.63674,-0.083969,-0.82999,0.19405,0.16107,0.67049,0.14107,-0.013778,-0.58367,-0.44839,-0.8605,-0.6847,-0.49366,0.88571,0.48725,-0.80702,-0.092577,-0.88983,0.4275,-0.097425,-0.53524,0.14669,0.4076,0.86249,-0.77187,-0.19453,0.27054,0.85893,0.85821,0.53241,0.64076,-0.79149,0.6748,-0.57639,-0.43161,0.75403,0.096822,0.013353,0.97512,-0.53312,-0.59208,-0.53175,-0.324,-0.77778,-0.25328,-0.41826,0.89163,0.89339,-0.13424,-0.75378,0.69316,-0.048263,0.92618,0.78463,-0.095153,-0.18089,0.11963,0.53713,0.060027,-0.15147,-0.05806,-0.84141,0.10604,-0.63255,-0.84743,0.56651,0.28772,0.12705,-0.89027,-0.83553
0.77735,0.47745,-0.012622,0.18464,0,-0.074799,-0.78817,0.20353,-0.82172,0.89208,-0.57416,-0.44004,-0.6883,0.34241,0.53008,0.13247,0.55162,0.44116,0.59205,-0.69468,0.15576,0.6487,0.33642,0.58962,0.32731,-0.19851,-0.44825,-0.22218,-0.82823,-0.081864,0.15772,0.10125,-0.77856,-0.62564,-0.9682,0.24605,0.4661,0.89542,-0.31922,-0.65174,-0.68397,-0.72385,0.81333,-0.31841,0.72973,0.21874,-0.95486,0.75557,0.40331,-0.74369,-0.44743,-0.064058,0.41713,0.79816,-0.083556,-0.90301,-0.54592,0.3163,0.28741,0.32846,0.75146,0.75833,-0.36991,-0.069195,0.95543,-0.04848,-0.018822,-0.77612,-0.249,0.051095,-0.20101,-0.99746,0.93352,0.11819,-0.086006,0.11295,0.77052,0.42516,0.60398,-0.91737,0.69638,-0.87759,-0.21533,0.80782,-0.91621,-0.16914,-0.26378,-0.97974,-0.93491,0.3043,0.31883,0.15695,0.11188,-0.38045,-0.40205,-0.030517,-0.62737,0.59043,-0.11217,0.85066,0.59893,0.91541,0.80529,-0.2176,-0.19882
-0.5243,-0.13252,-0.3017,0.57652,-0.074799,0,-0.13699,0.19582,0.53786,0.36078,-0.48092,-0.30554,0.13287,0.94271,-0.24693,-0.90638,0.22954,0.15098,0.96687,0.30655,-0.81444,0.39353,0.14264,0.033842,-0.44146,-0.41892,0.46447,-0.88727,-0.48746,-0.93808,0.69426,0.67266,-0.22881,0.16993,0.27806,0.83497,-0.89292,-0.67071,-0.64657,0.053713,0.78873,0.19105,0.33144,0.33405,-0.92232,-0.40079,0.51487,0.81881,-0.18548,-0.12581,-0.606,-0.1416,-0.061461,-0.10551,-0.77759,-0.41146,-0.87502,0.36171,-0.73368,0.51516,-0.40314,-0.9465,-0.2155,-0.074984,0.3153,-0.48842,0.28268,0.36599,-0.80184,0.82637,-0.61644,0.63436,-0.17699,-0.58973,-0.25643,-0.10556,-0.099345,-0.39888,-0.023708,-0.48691,-0.48272,0.36517,-0.22446,0.28399,-0.65068,0.24339,0.78548,0.98683,-0.53654,-0.10743,0.037986,-0.76269,0.32403,0.33341,-0.82225,0.12684,-0.30855,0.74308,-0.91971,-0.026132,-0.92486,-0.35054,-0.46403,0.99126,0.22415
0.69861,-0.90553,-0.73311,-0.13374,-0.78817,-0.13699,0,0.89733,-0.59639,0.55047,0.94763,-0.34507,0.41485,0.11589,-0.49863,-0.7678,0.1815,-0.64866,-0.54688,-0.73755,0.086404,-0.45403,0.85043,-0.19551,0.29076,0.45933,-0.24771,0.083005,0.25926,-0.82127,-0.8743,-0.64516,-0.87444,-0.45698,-0.024695,0.86431,0.13181,0.80654,-0.88926,0.53907,-0.93483,0.77805,-0.90444,0.54821,0.93724,-0.011406,-0.27717,0.47515,-0.72054,0.49032,0.7506,0.10053,-0.63155,0.85473,0.90343,-0.25235,-0.065559,0.36767,-0.75199,-0.537,0.75036,-0.46266,0.94323,0.96793,-0.95993,-0.42825,-0.45555,0.87296,0.26925,0.059485,0.6607,0.52308,-0.71661,-0.96772,0.30402,-0.32636,-0.11797,-0.98759,0.88243,-0.756,0.2502,-0.69537,-0.9204,0.97609,-0.52399,-0.5277,-0.98561,0.033421,-0.85189,-0.06473,0.13331,-0.10989,0.65706,0.56818,-0.79387,0.17546,0.77342,-0.46802,0.41759,0.42457,0.293,-0.79541,0.35489,-0.8251,-0.8648
0.8099,-0.34142,-0.34459,-0.93829,0.20353,0.19582,0.89733,0,0.74351,-0.8716,0.66725,0.97553,-0.87313,0.083152,-0.51354,-0.92095,0.35772,0.1442,-0.61696,0.15197,0.79074,0.50854,0.53764,0.42001,-0.78378,0.27482,0.6197,0.066607,-0.83815,0.076829,0.4059,-0.0029399,-0.37769,0.28756,-0.95943,0.66899,0.10133,-0.41464,0.34376,-0.21152,-0.39404,0.69436,0.58687,0.14548,0.74208,-0.97082,0.079452,0.57247,-0.45867,-0.67075,-0.87572,0.41771,0.15939,-0.99443,0.45871,-0.95209,-0.72489,0.5614,0.47439,-0.56569,-0.51219,0.71574,0.073928,-0.58118,-0.24899,-0.49134,-0.4448,-0.30404,0.77365,-0.26941,-0.077426,-0.12615,-0.083405,-0.54571,0.64195,0.29129,-0.48999,-0.55959,-0.54464,-0.94023,0.7042,-0.86046,0.10391,0.030954,-0.26015,0.18536,0.98405,0.45684,-0.26804,-0.93859,-0.71653,0.23684,0.94043,-0.81434,0.40123,0.77669,-0.93911,0.32022,0.98736,-0.4884,0.17215,-0.47777,0.25691,0.0057014,0.044482
-0.4947,0.73014,-0.81643,-0.43959,-0.82172,0.53786,-0.59639,0.74351,0,0.87661,-0.030791,0.77008,-0.70648,-0.88722,0.37972,0.18973,0.2447,-0.19642,0.83579,0.10291,0.19158,0.051694,0.27417,-0.74783,0.2788,0.10397,0.16156,0.28815,0.3475,0.83023,-0.26137,0.3262,-0.6876,-0.91406,-0.51663,-0.46512,-0.0089901,-0.81731,0.57177,0.73089,-0.88175,0.87646,-0.4771,-0.19905,-0.66493,-0.91536,0.91613,0.67431,-0.5803,-0.2414,-0.54295,0.15605,0.95439,0.62983,0.4148,0.86064,0.12117,-0.40549,0.55666,-0.44551,-0.69772,-0.39515,-0.082621,0.38398,0.33575,0.95531,-0.16817,-0.20298,-0.23905,0.30107,-0.28177,0.42869,-0.14607,-0.60631,-0.69498,0.61159,0.27022,-0.79906,-0.29113,-0.44428,-0.61635,-0.81512,-0.09807,0.22798,-0.96612,-0.23667,-0.50668,-0.73844,0.66174,-0.88439,-0.61981,-0.80136,0.68309,0.91889,0.12742,-0.91732,-0.0053077,0.8011,0.053434,0.96197,0.30615,-0.36874,-0.67834,-0.051837,-0.55763
-0.89061,-0.62726,0.24118,0.021741,0.89208,0.36078,0.55047,-0.8716,0.87661,0,-0.07763,-0.64245,0.72198,0.16562,-0.19003,-0.58829,0.31601,-0.50894,-0.88397,-0.024514,-0.67569,0.12798,-0.81587,-0.36632,-0.5031,0.65773,-0.37176,0.74752,-0.085375,-0.30152,0.57077,0.72666,-0.32478,-0.41086,0.031924,0.058457,0.9884,-0.96354,-0.94919,0.65746,-0.98402,0.38306,-0.22741,-0.33278,0.013328,-0.2551,-0.86477,-0.58247,-0.33784,0.86109,0.90843,-0.27022,-0.37546,0.10493,0.45062,0.63403,0.8903,0.39502,0.67242,-0.68198,0.1065,-0.43508,0.83626,-0.16399,-0.67181,0.4098,-0.246,-0.075334,0.35745,-0.16666,-0.18021,0.95909,0.73333,-0.94288,0.78505,-0.33158,-0.086326,-0.10221,0.621,-0.14675,-0.4834,0.74827,-0.36477,0.38634,0.52781,-0.65166,-0.29302,-0.67703,-0.98055,-0.85795,-0.64018,-0.23538,-0.010498,-0.1407,-0.63254,0.27602,-0.96284,0.15653,-0.95512,0.99515,0.81753,-0.73929,0.92452,-0.4549,0.88553
-0.24305,-0.79999,-0.45943,-0.13758,-0.57416,-0.48092,0.94763,0.66725,-0.030791,-0.07763,0,-0.78101,-0.17351,-0.32642,-0.65454,0.67349,0.082753,0.47235,0.32905,-0.7352,-0.23908,-0.54789,-0.13901,-0.84739,0.73808,0.81014,0.96966,-0.9113,-0.24129,0.30563,-0.16344,-0.071105,-0.64049,-0.47856,-0.062446,0.34748,-0.21793,-0.10397,0.9143,-0.47018,-0.48429,0.44001,-0.64108,-0.35074,0.35012,-0.27892,0.40483,0.99417,0.12703,-0.72313,0.59929,0.40736,-0.37078,0.99345,-0.27136,0.89031,-0.11396,-0.37109,-0.024629,0.15778,0.89225,0.0081409,0.17828,-0.34099,-0.024017,0.70795,0.64385,0.23015,-0.71559,-0.19595,-0.3659,0.10869,0.2713,-0.18462,-0.42205,0.73544,0.035162,0.20844,-0.96904,-0.50213,-0.045537,0.34363,-0.84602,-0.61319,-0.24454,-0.04094,0.19869,0.2432,0.23074,0.30096,-0.10901,0.46001,0.23398,-0.18945,0.23898,0.053208,-0.763,-0.39682,-0.26069,0.65481,0.37297,-0.96274,0.51737,0.28555,0.82717
0.48539,-0.72234,0.0027338,-0.29323,-0.44004,-0.30554,-0.34507,0.97553,0.77008,-0.64245,-0.78101,0,-0.66298,-0.26154,0.81581,-0.66928,-0.70589,0.79992,0.21021,0.943,-0.43004,-0.65387,0.86292,0.091472,0.4574,0.20405,-0.73237,0.48592,0.75195,-0.59944,0.9178,0.84084,-0.69058,-0.54016,0.37009,-0.53201,0.22821,-0.73818,-0.78275,0.63162,0.10485,0.78269,-0.7573,-0.92488,0.75716,-0.44679,-0.49281,0.59492,-0.61754,-0.10791,-0.97045,0.16675,-0.2448,-0.13908,-0.20612,0.076166,0.62931,-0.84296,-0.46935,-0.57664,0.9662,-0.26791,-0.14786,-0.068456,-0.27363,-0.33421,-0.96044,0.99217,-0.35979,0.10525,0.81796,-0.2136,-0.4847,-0.42283,0.59792,-0.68082,0.97085,-0.36858,-0.0065733,0.71776,0.66849,-0.93765,0.87842,0.95493,0.30408,0.53275,-0.83265,-0.015222,-0.71351,0.7768,0.035685,-0.3451,-0.4223,0.24244,-0.6972,-0.43969,-0.68853,0.97956,-0.45886,0.37979,-0.051293,0.8225,-0.67375,-0.80158,0.8808
-0.52198,-0.095125,-0.13487,0.6308,-0.6883,0.13287,0.41485,-0.87313,-0.70648,0.72198,-0.17351,-0.66298,0,-0.78421,-0.64666,0.18676,0.63325,-0.8682,0.58815,0.75364,-0.40262,0.65662,-0.10535,-0.16979,0.077758,-0.5128,-0.14838,0.13923,-0.9894,-0.83517,-0.47322,-0.52397,0.60211,0.13112,-0.99801,-0.54562,0.97522,-0.74887,-0.69919,0.73237,0.24156,-0.9628,-0.021614,-0.56466,0.4431,-0.81685,-0.21943,0.27284,-0.9668,-0.29123,0.41147,-0.21348,0.73754,0.61991,-0.29821,-0.23948,0.81501,0.21768,0.73432,-0.10313,0.55675,0.090649,0.45312,-0.14768,0.50878,-0.91827,0.74335,0.76721,-0.77526,-0.64008,0.24359,0.56265,-0.74382,0.95629,0.65005,0.71474,0.32671,-0.16763,0.19432,-0.18115,-0.81549,0.93858,0.457,0.67076,-0.43126,0.69054,-0.10725,-0.072835,0.68396,0.027721,0.51135,0.64557,-0.17994,-0.81437,0.60558,-0.0024234,0.22764,-0.87639,-0.65982,0.35357,0.5085,0.5828,0.57724,-0.24274,-0.6892
0.99103,-0.3887,-0.076669,-0.17502,0.34241,0.94271,0.11589,0.083152,-0.88722,0.16562,-0.32642,-0.26154,-0.78421,0,0.26501,0.45772,0.12829,-0.99835,-0.18731,-0.53523,0.8089,-0.64914,0.26007,0.76659,-0.036508,0.34513,0.64492,-0.62683,-0.49413,0.71964,0.15301,0.0005163,0.30233,0.44609,0.47459,0.34899,-0.079761,-0.40551,0.9456,0.23393,0.32552,0.19545,-0.65286,0.30141,0.82097,-0.29231,0.37502,-0.56448,0.037316,0.3911,0.52893,-0.093104,0.62354,-0.25001,-0.29678,0.061957,-0.037665,0.16116,-0.93892,0.81743,-0.93837,-0.31837,0.23448,0.54249,0.67883,-0.60268,-0.75028,-0.55708,-0.91556,0.50942,0.77863,-0.30738,-0.47613,-0.48556,0.49732,0.4184,-0.56897,-0.29622,0.41074,0.87789,-0.52246,0.90957,-0.59354,0.56967,0.81999,0.8296,0.096815,-0.84355,-0.77962,0.41967,0.35284,0.87455,-0.33711,0.32711,0.69135,0.8085,-0.87636,-0.1094,0.26279,0.45572,0.97743,0.11455,0.53739,0.16383,-0.64773
0.92272,-0.22434,0.55725,0.15392,0.53008,-0.24693,-0.49863,-0.51354,0.37972,-0.19003,-0.65454,0.81581,-0.64666,0.26501,0,0.39264,0.72739,0.23528,-0.35741,0.6457,-0.93908,-0.9902,0.27034,-0.18675,-0.82304,-0.79648,-0.11083,-0.0019235,-0.5114,-0.60126,-0.79353,0.54586,-0.35598,0.9176,-0.6339,0.55581,-0.089825,-0.46771,-0.15043,0.69632,0.54099,0.79927,-0.93683,0.44453,-0.35922,-0.59663,-0.26504,-0.13693,0.10897,-0.26303,0.25149,-0.62183,0.71925,0.85159,0.1276,0.97985,0.85854,-0.90803,-0.25601,-0.078738,-0.45823,0.54552,-0.17256,-0.12216,-0.42371,-0.19733,-0.51974,0.35442,0.007837,0.75361,-0.99705,-0.21144,-0.99916,0.035131,0.088355,-0.0037922,0.33095,0.38603,0.27003,-0.54665,-0.33293,-0.67977,0.38125,0.22408,0.58721,-0.54507,0.02908,0.79885,0.085324,0.80422,0.88894,-0.4951,-0.34155,-0.082125,0.79311,-0.57957,-0.42569,-0.99309,-0.2073,0.42145,-0.53256,-0.41295,-0.78757,0.48188,0.015149
-0.29979,-0.74204,0.99012,-0.95452,0.13247,-0.90638,-0.7678,-0.92095,0.18973,-0.58829,0.67349,-0.66928,0.18676,0.45772,0.39264,0,0.87042,-0.7657,0.55842,-0.0093684,-0.40278,-0.95329,0.88468,0.26924,-0.23311,0.10447,-0.59157,-0.60424,0.48495,-0.57835,-0.13513,-0.18472,-0.62933,-0.25309,-0.85402,-0.41893,-0.066503,-0.2769,-0.39311,-0.33336,0.51604,0.65712,0.88641,-0.18775,0.86561,0.37883,0.7106,-0.7761,-0.68996,-0.18051,-0.94061,0.4851,0.26904,-0.66193,-0.087545,-0.65298,0.682,-0.82588,-0.1027,-0.034807,0.69287,-0.89209,0.24206,-0.46104,0.69281,0.21005,-0.99938,0.66729,0.53817,0.62447,-0.98016,0.96261,0.54071,0.58493,-0.75991,-0.62548,0.4385,0.17363,-0.45859,-0.23013,-0.93205,-0.98508,0.43511,-0.7346,-0.95606,0.43178,0.57442,-0.71901,0.10634,0.10657,-0.78657,0.78911,0.45024,0.49312,0.17039,-0.52463,-0.51227,0.94265,0.51793,-0.15748,-0.32216,0.38854,-0.27864,0.93707,0.84853
0.5827,0.68112,-0.58156,0.23305,0.55162,0.22954,0.1815,0.35772,0.2447,0.31601,0.082753,-0.70589,0.63325,0.12829,0.72739,0.87042,0,-0.49487,0.7262,0.34808,-0.22681,-0.18266,0.66391,0.13797,0.65633,-0.72627,-0.1441,-0.23752,0.45382,0.050269,-0.75366,-0.43236,-0.64099,-0.12496,-0.61759,-0.36708,-0.79878,-0.25859,0.56275,-0.4737,-0.99526,-0.76796,0.16705,-0.3714,-0.74848,0.97018,-0.087553,-0.79655,0.37303,-0.55573,-0.8352,0.63121,-0.28847,-0.70468,0.90605,0.24238,0.90974,-0.92575,-0.13621,-0.87668,-0.26247,-0.42259,-0.31633,-0.01592,-0.97698,0.24604,0.20234,0.12497,0.18623,0.97453,-0.96707,-0.81962,-0.61448,-0.68629,0.76596,0.37569,0.46363,0.14425,-0.42993,0.0051489,0.28764,-0.31488,-0.89702,0.94488,0.77286,-0.19354,-0.34177,0.34877,-0.46023,-0.32923,-0.49245,-0.14191,0.23004,-0.42056,-0.53449,0.24147,0.12016,0.20506,-0.70172,0.51728,-0.52313,-0.67625,-0.11242,-0.086601,-0.29078
0.79949,0.94561,0.93913,-0.04443,0.44116,0.15098,-0.64866,0.1442,-0.19642,-0.50894,0.47235,0.79992,-0.8682,-0.99835,0.23528,-0.7657,-0.49487,0,0.62438,0.44887,0.55381,-0.49191,-0.69045,0.065919,-0.46819,-0.87403,0.56644,0.38901,-0.079576,-0.15458,0.60294,0.34757,0.19846,0.70582,-0.43865,0.23902,-0.50798,-0.48511,0.38991,0.28848,-0.08885,-0.41016,0.28761,-0.347,-0.10777,0.50927,-0.84483,-0.68907,-0.80303,0.32646,0.19835,-0.39612,-0.8076,-0.20022,0.4802,-0.1995,-0.88164,-0.40526,-0.74356,0.52857,0.07453,0.71346,0.51807,0.76077,0.60341,0.57895,0.88933,0.61003,-0.16145,0.8564,0.50972,-0.26579,0.39885,0.98585,-0.99295,-0.17678,-0.6793,-0.59064,0.10307,-0.59834,0.36759,-0.20858,0.72204,0.52985,-0.58742,-0.78026,-0.53863,0.47578,-0.48833,0.58634,-0.7592,0.28025,-0.38468,-0.15884,-0.14909,-0.31877,0.93949,0.18129,-0.60954,-0.33462,0.84126,0.71377,-0.75506,0.94747,0.8476
-0.3632,-0.2086,0.019972,-0.032738,0.59205,0.96687,-0.54688,-0.61696,0.83579,-0.88397,0.32905,0.21021,0.58815,-0.18731,-0.35741,0.55842,0.7262,0.62438,0,-0.13121,0.77189,0.3749,-0.46025,-0.36443,-0.98062,0.71682,0.032123,0.35948,0.31513,0.27644,0.22242,-0.35168,0.48494,0.79616,0.9124,0.57356,-0.83944,0.68186,-0.37875,-0.5206,0.4143,0.64318,0.087,0.44566,0.23118,0.017216,0.23802,-0.51171,-0.42425,-0.10584,-0.48689,-0.39127,0.22351,-0.95568,0.42929,-0.32116,0.53355,0.23408,0.15053,0.68706,0.51093,0.51886,0.35931,-0.42049,-0.61121,0.0064799,0.30364,-0.17106,0.12501,-0.30604,-0.18071,-0.75466,-0.90347,0.82512,0.75776,-0.1526,0.12058,-0.35875,-0.38578,-0.47025,0.63995,0.42298,-0.99891,0.13532,0.9683,0.63165,-0.16056,0.55772,-0.88368,-0.43967,-0.64642,-0.30166,-0.11782,-0.095699,-0.5971,0.10363,-0.80733,-0.75165,0.057172,-0.82071,-0.18953,-0.55418,-0.635,0.98097,-0.92857
-0.36954,-0.0011773,0.40963,-0.60313,-0.69468,0.30655,-0.73755,0.15197,0.10291,-0.024514,-0.7352,0.943,0.75364,-0.53523,0.6457,-0.0093684,0.34808,0.44887,-0.13121,0,-0.97276,0.32625,0.3604,-0.44415,-0.52159,-0.22957,-0.32413,-0.25936,-0.65153,0.18412,-0.85618,-0.072246,0.31061,0.67362,0.74105,-0.38303,-0.088909,-0.05345,-0.28116,0.13892,-0.52055,-0.16293,-0.83536,0.52289,-0.64522,0.77626,0.6487,-0.64952,-0.88006,0.43488,0.2467,0.52533,0.79199,0.0035443,0.94974,-0.66308,-0.64233,-0.98123,0.7557,0.84575,-0.42901,0.23805,-0.51904,-0.92841,0.081386,0.69786,-0.92373,0.63378,0.020471,-0.26502,0.78872,0.73515,0.74234,-0.0074247,-0.88126,0.097012,0.28076,-0.32039,-0.33735,-0.1869,0.24042,-0.70301,-0.38938,0.13276,0.94614,-0.57018,-0.47052,-0.75936,-0.79309,0.13136,0.66776,-0.54135,-0.19155,0.17676,0.070083,0.48631,-0.21768,0.4045,-0.20041,-0.61839,-0.42695,0.57673,-0.54516,-0.36706,0.49971
-0.19818,0.9183,0.88055,0.44697,0.15576,-0.81444,0.086404,0.79074,0.19158,-0.67569,-0.23908,-0.43004,-0.40262,0.8089,-0.93908,-0.40278,-0.22681,0.55381,0.77189,-0.97276,0,-0.45884,-0.9638,0.052336,-0.53,-0.54527,-0.53844,-0.33685,-0.7398,0.43375,0.21429,0.063704,-0.23505,-0.78376,-0.41842,-0.92675,0.036837,0.93161,0.13403,0.80972,0.72652,-0.12005,0.29376,-0.27774,0.15391,-0.5506,-0.13188,-0.39955,0.50127,0.6755,0.04808,-0.79451,0.56921,-0.4187,-0.84155,-0.094229,0.5776,0.36259,-0.61696,-0.93439,0.7054,0.91566,-0.080851,-0.74051,-0.71833,0.33061,0.44766,0.91519,-0.11057,-0.7694,-0.7582,0.050479,0.90769,0.73714,0.80651,-0.2863,-0.13198,-0.6261,0.85717,-0.043182,0.7439,-0.10007,-0.44663,-0.20558,0.91664,-0.98711,-0.6137,0.40336,0.92926,-0.86013,-0.28667,0.66644,0.38778,0.18005,0.3664,-0.027983,-0.0003195,0.89722,-0.092795,-0.83538,0.85404,-0.064972,0.42722,-0.02734,0.59655
0.68462,-0.82363,-0.16225,0.63182,0.6487,0.39353,-0.45403,0.50854,0.051694,0.12798,-0.54789,-0.65387,0.65662,-0.64914,-0.9902,-0.95329,-0.18266,-0.49191,0.3749,0.32625,-0.45884,0,0.80817,0.36074,0.042777,0.86542,0.29376,0.75617,-0.68192,-0.44496,-0.39314,0.15569,-0.27962,0.48245,0.9912,-0.9393,0.4859,-0.46119,-0.73287,0.23846,0.10004,0.46227,0.29432,-0.067408,-0.19665,-0.4242,-0.7939,-0.96275,0.52464,0.35101,0.93782,-0.55402,0.57597,-0.61898,0.22853,-0.57229,0.74309,0.24655,-0.60968,-0.27087,0.52681,0.089306,-0.087747,-0.83544,-0.89006,0.017839,-0.26073,0.89374,0.29939,0.68068,-0.096337,0.65635,-0.46666,0.72298,0.66909,-0.093304,0.086219,0.31378,0.92505,-0.17857,0.66569,-0.23632,-0.94355,-0.14234,0.94591,0.25299,0.33889,0.26173,-0.85646,-0.83968,0.048023,-0.095835,-0.69394,-0.11389,-0.53993,0.9977,-0.73559,-0.96986,0.42522,0.95354,-0.67508,-0.58337,-0.30353,-0.77273,0.89223
0.38629,-0.58295,-0.24069,-0.56951,0.33642,0.14264,0.85043,0.53764,0.27417,-0.81587,-0.13901,0.86292,-0.10535,0.26007,0.27034,0.88468,0.66391,-0.69045,-0.46025,0.3604,-0.9638,0.80817,0,-0.11,0.20449,0.90071,0.91898,-0.46214,0.2739,0.29836,0.84,0.053903,-0.89144,0.93827,0.84133,0.082939,-0.61594,-0.67801,-0.43237,-0.41541,0.88044,0.66008,0.36216,0.98681,-0.53871,-0.7053,-0.37883,0.6635,-0.21687,-0.72777,-0.94645,0.78308,-0.88199,0.75807,-0.23982,-0.91517,-0.45009,-0.80085,0.7296,-0.13585,-0.28449,-0.96271,0.060533,-0.70345,-0.15486,-0.4349,-0.29223,0.68104,0.17482,0.097862,0.66547,-0.59276,-0.72056,0.89433,-0.77634,-0.092005,-0.73361,0.22485,-0.9976,-0.69257,0.75176,-0.15726,0.090299,-0.76788,-0.56191,0.13137,-0.1861,-0.59843,-0.0024183,-0.39289,0.79205,0.054859,-0.27276,0.47228,0.70036,0.9114,0.031262,-0.72807,0.6385,-0.91133,0.0096435,0.71489,-0.11115,-0.96185,0.20359
-0.51569,0.5378,0.59443,-0.55945,0.58962,0.033842,-0.19551,0.42001,-0.74783,-0.36632,-0.84739,0.091472,-0.16979,0.76659,-0.18675,0.26924,0.13797,0.065919,-0.36443,-0.44415,0.052336,0.36074,-0.11,0,0.24088,0.20887,0.012391,0.98883,-0.77695,-0.73743,0.39603,0.89587,-0.75846,-0.0050342,-0.064432,0.42662,-0.18733,0.076293,0.8499,0.76666,-0.51739,0.57913,-0.0087603,-0.38701,0.12559,0.89722,-0.83946,0.012427,0.60517,0.69089,-0.3867,0.14087,-0.98431,-0.74568,0.59973,-0.41436,0.60527,0.95821,0.37167,-0.9336,0.062247,-0.64019,-0.72364,-0.98432,0.90154,-0.089012,0.93972,-0.16078,-0.36704,-0.51022,0.19106,-0.79303,-0.7989,-0.40837,0.31926,-0.51258,0.85664,-0.32673,-0.99974,0.9446,-0.067427,0.61651,-0.10598,-0.96448,-0.15016,0.51503,0.84644,0.1711,-0.85033,-0.11507,-0.70608,-0.16497,-0.43858,0.094656,0.8395,-0.7241,0.69993,-0.83695,-0.65704,-0.15579,0.18979,0.35263,-0.23054,-0.040862,0.88588
0.93443,-0.16,0.56553,0.63034,0.32731,-0.44146,0.29076,-0.78378,0.2788,-0.5031,0.73808,0.4574,0.077758,-0.036508,-0.82304,-0.23311,0.65633,-0.46819,-0.98062,-0.52159,-0.53,0.042777,0.20449,0.24088,0,-0.53393,0.85718,-0.69972,0.40576,0.90062,0.92565,0.57005,0.95304,-0.26963,0.38233,0.0090152,-0.15092,0.752,0.58251,-0.20345,-0.89893,-0.6523,0.42443,-0.93929,0.96728,-0.60669,0.27507,0.33461,0.029289,0.6252,-0.26137,0.60338,-0.81692,0.82032,0.26295,-0.81258,0.66892,0.17865,-0.79462,0.90432,0.73042,0.21951,-0.45009,0.87776,-0.04972,-0.89205,0.21006,0.47066,0.27664,-0.39052,0.16478,-0.23738,0.59783,0.35448,-0.87988,0.46316,0.19959,-0.85989,-0.56895,0.064634,-0.65959,0.79726,-0.070918,0.48189,0.87708,0.058029,0.71651,-0.31031,0.71317,-0.75417,0.61927,0.58681,-0.8986,-0.14126,-0.23432,-0.26325,0.053921,-0.13756,0.168,0.19181,0.099297,-0.76016,0.69516,-0.99953,-0.0447
0.93655,0.69201,0.15472,0.32887,-0.19851,-0.41892,0.45933,0.27482,0.10397,0.65773,0.81014,0.20405,-0.5128,0.34513,-0.79648,0.10447,-0.72627,-0.87403,0.71682,-0.22957,-0.54527,0.86542,0.90071,0.20887,-0.53393,0,-0.215,0.17247,-0.17372,-0.8803,0.75399,-0.31911,-0.044071,-0.83312,0.90014,0.54689,0.24788,0.74656,-0.39958,0.65903,0.1106,-0.1174,0.98617,-0.27698,-0.21786,0.25367,-0.29797,0.4443,-0.63485,0.89909,-0.81842,0.71358,0.043569,-0.96178,0.17817,0.43099,0.35704,0.59541,0.44545,0.92269,-0.2608,-0.40716,-0.07904,-0.028328,0.23368,-0.95817,0.57164,-0.41692,0.2285,-0.53571,-0.90625,0.1126,0.10662,0.95585,-0.016064,-0.98118,0.15727,0.49933,0.19321,0.70075,0.44802,-0.079533,0.97158,0.56385,-0.02823,-0.66493,0.044572,-0.82756,0.6414,-0.58895,-0.45893,0.15648,0.02665,0.1557,0.45524,-0.13,-0.68415,-0.88581,-0.43208,0.76153,0.7255,0.17632,0.79608,-0.57687,-0.12548
-0.46884,-0.071897,-0.18538,0.66842,-0.44825,0.46447,-0.24771,0.6197,0.16156,-0.37176,0.96966,-0.73237,-0.14838,0.64492,-0.11083,-0.59157,-0.1441,0.56644,0.032123,-0.32413,-0.53844,0.29376,0.91898,0.012391,0.85718,-0.215,0,0.73412,0.81742,0.93362,0.75704,-0.58256,-0.75868,-0.17378,0.33743,0.40516,-0.18545,-0.43849,-0.10908,0.3906,-0.30117,-0.98872,0.47572,-0.72317,-0.92119,-0.41879,-0.25251,-0.15626,0.15956,-0.16998,-0.093606,0.91747,-0.50947,-0.35802,-0.67192,-0.94834,0.73153,0.85955,0.4001,0.040726,0.25312,-0.16991,-0.41609,0.16029,-0.38591,0.06511,0.12982,0.87501,-0.10854,0.57127,-0.25151,0.67111,0.7618,-0.6596,-0.9892,-0.0019584,0.34785,-0.38969,-0.077091,0.28232,-0.33788,0.070198,-0.60453,-0.89942,-0.16231,-0.4096,0.051131,-0.17719,-0.81498,-0.54892,0.92691,-0.62259,-0.35828,0.92194,0.050136,-0.4583,-0.12025,0.65418,-0.73495,-0.60489,0.85929,-0.032342,-0.43471,-0.75292,-0.23551
-0.3727,-0.2948,0.41352,0.8624,-0.22218,-0.88727,0.083005,0.066607,0.28815,0.74752,-0.9113,0.48592,0.13923,-0.62683,-0.0019235,-0.60424,-0.23752,0.38901,0.35948,-0.25936,-0.33685,0.75617,-0.46214,0.98883,-0.69972,0.17247,0.73412,0,0.85877,0.31569,-0.84755,-0.19215,0.15544,-0.75122,-0.92789,-0.72874,0.1258,-0.3258,-0.57467,-0.10559,0.82918,0.81999,-0.48399,0.27145,0.31758,-0.19749,0.72462,-0.075028,-0.29187,0.18993,-0.2347,-0.74999,-0.25416,-0.20082,-0.77201,0.78817,0.93663,0.44166,0.015435,-0.49924,0.4134,-0.78835,-0.54032,-0.40837,0.3712,-0.49449,0.6834,0.92004,-0.26687,-0.4996,0.78635,-0.56799,-0.11883,0.09715,-0.33086,-0.011137,-0.53129,0.65336,-0.95622,0.61347,-0.42105,0.23854,-0.084382,-0.85171,0.48786,-0.026547,-0.34964,0.4047,-0.056081,0.8914,0.077549,-0.12765,-0.69442,-0.50025,-0.072443,-0.84646,0.36286,0.14011,-0.87726,0.89977,-0.60539,0.21245,0.27561,0.95946,-0.19312
-0.4644,0.15635,-0.10722,-0.88036,-0.82823,-0.48746,0.25926,-0.83815,0.3475,-0.085375,-0.24129,0.75195,-0.9894,-0.49413,-0.5114,0.48495,0.45382,-0.079576,0.31513,-0.65153,-0.7398,-0.68192,0.2739,-0.77695,0.40576,-0.17372,0.81742,0.85877,0,0.38887,-0.59791,0.99308,0.66972,-0.78161,-0.63759,-0.16693,0.73285,-0.94335,-0.19996,-0.68285,0.67368,0.50612,0.08375,0.62828,-0.34472,0.6711,-0.57114,-0.46187,-0.15789,0.96613,-0.28019,0.58505,-0.64524,-0.86461,0.50593,-0.31649,-0.48079,0.20358,0.15119,-0.31994,0.21948,0.2955,-0.18014,0.83409,0.10016,-0.36692,0.24064,0.22792,0.7882,-0.60686,0.23466,0.49912,0.6888,-0.51276,-0.4343,0.055009,0.24039,0.11078,-0.71737,0.10904,-0.7076,0.11633,0.87263,-0.041264,0.703,-0.7878,-0.58608,-0.051508,0.37511,0.98736,0.035609,-0.65601,0.68409,-0.52271,-0.95551,0.1896,0.17657,-0.38279,0.19968,0.10971,0.51039,-0.44737,0.8175,-0.11831,-0.11313
0.80951,0.29931,0.55892,-0.73793,-0.081864,-0.93808,-0.82127,0.076829,0.83023,-0.30152,0.30563,-0.59944,-0.83517,0.71964,-0.60126,-0.57835,0.050269,-0.15458,0.27644,0.18412,0.43375,-0.44496,0.29836,-0.73743,0.90062,-0.8803,0.93362,0.31569,0.38887,0,0.79626,0.81648,0.35731,0.35769,0.80918,0.40888,-0.74946,-0.55687,0.71882,0.58408,-0.74313,-0.90355,0.87336,-0.26947,0.53844,0.66647,0.13518,0.49816,-0.068943,0.42879,-0.4664,-0.92447,0.97233,0.31914,0.37026,-0.70908,0.69533,0.59369,-0.70011,0.10498,-0.91144,-0.031491,-0.92443,-0.03416,-0.27188,0.48024,0.97901,-0.91354,0.26636,-0.68615,0.54448,0.19294,-0.48267,-0.65042,0.33278,0.62113,-0.89068,-0.87861,-0.93942,-0.43784,-0.235,-0.031206,0.077677,-0.26712,0.044131,-0.21975,0.92186,-0.041253,0.99924,0.35026,0.24977,0.41199,0.58904,0.026007,0.57706,0.56594,-0.86147,-0.29098,0.051048,0.57406,-0.99764,-0.14927,0.076164,0.29019,0.00043711
-0.91627,-0.35961,0.9698,-0.55591,0.15772,0.69426,-0.8743,0.4059,-0.26137,0.57077,-0.16344,0.9178,-0.47322,0.15301,-0.79353,-0.13513,-0.75366,0.60294,0.22242,-0.85618,0.21429,-0.39314,0.84,0.39603,0.92565,0.75399,0.75704,-0.84755,-0.59791,0.79626,0,0.72429,-0.80376,-0.58697,-0.90587,0.37242,0.80966,-0.15205,-0.054968,-0.6843,-0.74797,0.53576,-0.55902,0.3156,0.41064,0.44546,-0.54424,-0.94671,-0.30258,-0.01003,0.20469,0.99418,-0.019517,0.42194,-0.6761,0.51248,0.79649,-0.89554,-0.46777,0.18597,0.97286,-0.38403,-0.52637,-0.42078,0.45198,0.92491,-0.048345,0.78555,0.18945,-0.60923,-0.23541,-0.59879,-0.8248,0.066389,0.15544,-0.62488,0.069561,0.8507,-0.71365,-0.89347,0.82483,-0.32942,-0.63458,0.21073,0.066147,-0.32689,-0.81728,-0.35723,-0.12193,0.87267,-0.66142,0.50008,-0.29425,-0.35054,-0.44107,-0.48119,0.44224,-0.99698,-0.7196,0.40186,0.05078,-0.93043,-0.59261,0.97269,-0.73689
0.63443,-0.07313,0.9926,-0.21964,0.10125,0.67266,-0.64516,-0.0029399,0.3262,0.72666,-0.071105,0.84084,-0.52397,0.0005163,0.54586,-0.18472,-0.43236,0.34757,-0.35168,-0.072246,0.063704,0.15569,0.053903,0.89587,0.57005,-0.31911,-0.58256,-0.19215,0.99308,0.81648,0.72429,0,-0.17715,0.53074,-0.94267,0.98596,0.75665,-0.52121,-0.52534,-0.34969,-0.062347,0.862,0.1286,-0.068367,0.86663,0.79322,-0.096493,0.21523,-0.94895,0.1568,0.80844,-0.72516,0.55609,0.88155,-0.96246,-0.55272,-0.97977,-0.7442,0.7992,-0.51941,0.77891,0.3782,0.93387,0.37384,0.88535,0.60267,-0.92884,0.11384,0.68828,0.63554,0.38764,0.021129,-0.91553,0.85963,-0.01055,-0.996,-0.15107,-0.88512,0.9855,-0.0051805,-0.48704,-0.94241,0.75772,0.51826,-0.60707,-0.6357,-0.36262,-0.74043,0.34517,-0.16712,0.40393,-0.51883,0.12835,-0.58035,-0.06684,0.88754,-0.8037,-0.19819,-0.21137,-0.74065,0.9597,0.70076,-0.79652,0.29146,-0.88043
0.011809,-0.8352,-0.035692,-0.91894,-0.77856,-0.22881,-0.87444,-0.37769,-0.6876,-0.32478,-0.64049,-0.69058,0.60211,0.30233,-0.35598,-0.62933,-0.64099,0.19846,0.48494,0.31061,-0.23505,-0.27962,-0.89144,-0.75846,0.95304,-0.044071,-0.75868,0.15544,0.66972,0.35731,-0.80376,-0.17715,0,-0.6817,-0.81571,-0.40928,0.45133,0.96043,-0.10317,0.4644,0.86313,0.13263,-0.45763,-0.5016,0.57824,-0.15222,0.55325,0.25015,-0.61592,0.40326,0.97478,0.35762,-0.49353,-0.69662,-0.30995,0.60431,-0.67282,-0.034931,0.41605,-0.69891,-0.54457,0.011709,-0.78254,0.43169,0.38768,0.89193,-0.85158,-0.66436,-0.68557,-0.27916,0.67101,-0.31027,-0.58067,-0.43864,0.15907,0.90637,-0.54567,-0.088123,-0.49051,0.72112,-0.89316,-0.85039,-0.9857,0.74558,-0.16591,-0.60668,-0.46251,-0.63912,0.31525,-0.1792,0.84347,0.07304,0.23086,0.78064,-0.54521,0.5032,0.5421,0.032329,-0.69481,-0.84619,0.1981,0.54483,0.50241,-0.9449,-0.36003
-0.45931,-0.50975,0.57041,0.31731,-0.62564,0.16993,-0.45698,0.28756,-0.91406,-0.41086,-0.47856,-0.54016,0.13112,0.44609,0.9176,-0.25309,-0.12496,0.70582,0.79616,0.67362,-0.78376,0.48245,0.93827,-0.0050342,-0.26963,-0.83312,-0.17378,-0.75122,-0.78161,0.35769,-0.58697,0.53074,-0.6817,0,-0.4233,-0.53756,-0.63185,-0.91771,0.72671,0.79449,0.74681,-0.41531,-0.25563,0.82906,0.59799,-0.92198,0.47415,0.97694,-0.42326,-0.27414,0.66229,-0.23814,-0.92996,0.57343,-0.1539,0.86099,-0.51218,-0.21793,0.37909,0.98835,0.58466,0.33303,-0.24114,0.96947,0.068394,-0.7401,0.39235,0.812,-0.46991,0.55598,0.09615,0.0099053,0.86248,-0.31735,-0.83798,-0.35473,0.12806,-0.63514,-0.42079,0.98475,0.72435,0.69237,-0.82375,-0.31581,-0.2135,-0.32609,-0.14632,-0.034467,0.77949,0.75325,0.5091,0.11774,-0.95854,-0.0077223,0.92796,0.27908,-0.079501,0.093811,-0.97512,-0.65367,0.65226,0.73023,0.17055,-0.96252,-0.12484
-0.63269,0.28025,0.26368,0.59783,-0.9682,0.27806,-0.024695,-0.95943,-0.51663,0.031924,-0.062446,0.37009,-0.99801,0.47459,-0.6339,-0.85402,-0.61759,-0.43865,0.9124,0.74105,-0.41842,0.9912,0.84133,-0.064432,0.38233,0.90014,0.33743,-0.92789,-0.63759,0.80918,-0.90587,-0.94267,-0.81571,-0.4233,0,0.49688,0.66977,0.83682,-0.65011,0.54223,-0.083634,0.86445,-0.42088,0.57714,-0.12172,-0.11649,-0.87087,0.091378,-0.5226,-0.016726,-0.63823,0.7107,-0.0047914,-0.20469,0.23104,0.94176,0.27609,0.53361,-0.37982,-0.34521,-0.79132,0.57546,0.1373,0.60682,0.028782,-0.80142,0.084054,0.74783,0.42868,-0.30334,0.18054,0.86057,-0.19524,0.71098,-0.71593,-0.20619,-0.75221,0.49775,-0.17628,0.030595,-0.35325,0.48689,0.85932,-0.30463,0.21058,-0.054607,-0.038138,-0.53671,0.29549,0.52866,-0.8187,0.72793,0.078133,0.19231,-0.58849,-0.51245,0.58336,-0.10259,-0.19691,-0.94646,0.17596,-0.05215,0.83038,-0.70066,0.56989
0.63679,0.33368,-0.39005,-0.63674,0.24605,0.83497,0.86431,0.66899,-0.46512,0.058457,0.34748,-0.53201,-0.54562,0.34899,0.55581,-0.41893,-0.36708,0.23902,0.57356,-0.38303,-0.92675,-0.9393,0.082939,0.42662,0.0090152,0.54689,0.40516,-0.72874,-0.16693,0.40888,0.37242,0.98596,-0.40928,-0.53756,0.49688,0,0.49605,0.057009,0.61206,0.52089,-0.36313,-0.90812,0.99546,-0.99625,0.62272,0.0031688,-0.55353,0.68356,-0.26589,-0.71678,-0.3324,-0.099662,-0.12175,0.95155,-0.2853,-0.39644,-0.21143,0.98281,-0.35779,-0.64191,-0.045971,0.62813,0.83298,0.75757,0.73692,-0.0076867,0.79284,0.1561,-0.33723,0.95595,-0.75234,-0.028483,-0.67675,-0.61541,-0.54818,0.99101,-0.74321,0.26018,0.27024,-0.13915,-0.056636,-0.36416,0.55059,-0.86637,-0.95647,-0.16254,-0.31917,0.46069,0.31323,0.60209,0.77595,0.21877,-0.27854,0.079055,-0.11206,-0.87103,-0.95433,0.17032,0.93226,0.83118,0.56134,-0.47028,-0.10705,0.13053,-0.68384
-0.51432,-0.3619,-0.3634,-0.083969,0.4661,-0.89292,0.13181,0.10133,-0.0089901,0.9884,-0.21793,0.22821,0.97522,-0.079761,-0.089825,-0.066503,-0.79878,-0.50798,-0.83944,-0.088909,0.036837,0.4859,-0.61594,-0.18733,-0.15092,0.24788,-0.18545,0.1258,0.73285,-0.74946,0.80966,0.75665,0.45133,-0.63185,0.66977,0.49605,0,-0.20138,0.16638,-0.12411,0.20115,0.090244,-0.35151,0.17141,-0.1694,0.99078,0.18986,0.2426,-0.9091,0.84249,-0.24344,0.75514,-0.86646,0.46177,0.67908,-0.46702,-0.56755,-0.08298,-0.44321,-0.36017,0.29158,0.66439,-0.96282,0.51172,0.23898,0.57144,-0.35204,-0.19445,0.13751,-0.91419,0.81761,0.81168,-0.31799,-0.37497,-0.93381,0.43366,0.28263,-0.48572,0.52902,-0.76702,-0.39938,0.97484,-0.22703,-0.82943,-0.88744,-0.015333,-0.79979,0.27808,-0.43546,-0.26958,-0.37353,0.27079,-0.7199,0.20486,0.75595,-0.26633,-0.68659,0.65027,0.98623,-0.1905,0.84084,-0.20284,0.23248,0.94744,0.6785
-0.51474,-0.58591,-0.80929,-0.82999,0.89542,-0.67071,0.80654,-0.41464,-0.81731,-0.96354,-0.10397,-0.73818,-0.74887,-0.40551,-0.46771,-0.2769,-0.25859,-0.48511,0.68186,-0.05345,0.93161,-0.46119,-0.67801,0.076293,0.752,0.74656,-0.43849,-0.3258,-0.94335,-0.55687,-0.15205,-0.52121,0.96043,-0.91771,0.83682,0.057009,-0.20138,0,-0.010076,0.074918,0.078177,-0.7062,-0.55581,0.34828,-0.78976,0.28102,0.65722,0.46854,0.010559,-0.21138,0.21514,-0.29452,-0.067567,-0.33894,-0.88663,0.77201,0.54654,-0.89518,-0.50935,0.37224,-0.61758,0.36833,-0.41628,-0.82558,0.17554,0.026324,-0.80606,-0.63513,-0.31473,0.84124,-0.9162,0.44825,-0.77197,-0.0016535,-0.54454,0.5446,-0.63208,0.11723,0.1729,0.83079,0.58146,0.10402,0.45922,0.23033,-0.38554,-0.57996,0.48912,-0.95734,0.27823,-0.31384,0.067664,0.94802,-0.76943,0.16437,-0.062382,-0.56874,-0.8896,-0.88491,-0.38802,-0.66732,-0.18078,-0.70055,-0.063043,0.055205,-0.89348
0.32245,-0.30621,-0.85354,0.19405,-0.31922,-0.64657,-0.88926,0.34376,0.57177,-0.94919,0.9143,-0.78275,-0.69919,0.9456,-0.15043,-0.39311,0.56275,0.38991,-0.37875,-0.28116,0.13403,-0.73287,-0.43237,0.8499,0.58251,-0.39958,-0.10908,-0.57467,-0.19996,0.71882,-0.054968,-0.52534,-0.10317,0.72671,-0.65011,0.61206,0.16638,-0.010076,0,-0.21583,-0.48408,0.79797,-0.9851,-0.70622,0.35818,0.011563,0.78912,0.77295,0.02081,-0.76447,0.1341,0.12099,-0.042122,0.008785,-0.53646,0.50328,-0.11731,0.34391,-0.43363,-0.99604,0.77039,-0.045544,-0.88768,0.34923,-0.013352,-0.81669,-0.51427,0.81893,0.67461,0.88759,0.2227,0.82349,0.80155,-0.37613,-0.072881,-0.77437,0.45903,0.26833,0.1611,0.23054,-0.33632,-0.13495,-0.90605,0.18271,-0.37523,-0.59808,-0.8614,0.918,-0.69714,0.57739,0.48122,-0.12392,0.053564,-0.084069,-0.247,0.83983,-0.63417,0.97366,0.31904,-0.92454,0.64878,0.47885,-0.45383,0.99505,0.54545
0.47721,0.75757,-0.55188,0.16107,-0.65174,0.053713,0.53907,-0.21152,0.73089,0.65746,-0.47018,0.63162,0.73237,0.23393,0.69632,-0.33336,-0.4737,0.28848,-0.5206,0.13892,0.80972,0.23846,-0.41541,0.76666,-0.20345,0.65903,0.3906,-0.10559,-0.68285,0.58408,-0.6843,-0.34969,0.4644,0.79449,0.54223,0.52089,-0.12411,0.074918,-0.21583,0,0.59424,-0.61941,-0.39103,0.092857,-0.15311,-0.42143,-0.32271,-0.13909,0.54307,0.4723,0.31914,-0.32925,-0.43599,0.060323,0.20684,-0.86484,0.37532,0.99995,0.2626,-0.64604,-0.75654,-0.53336,-0.22269,-0.62405,0.086328,0.71621,-0.47472,-0.18215,0.6821,-0.95004,0.383,0.99252,-0.39563,0.13229,-0.56961,0.0022914,0.28415,0.40629,-0.25765,-0.87169,0.8601,-0.25073,-0.14505,0.077656,-0.87109,-0.50551,0.88457,0.63478,0.26352,0.69132,-0.87521,0.55735,-0.85504,0.020854,0.7165,-0.60283,-0.3509,0.78578,-0.7613,0.2378,0.73694,0.95279,-0.88206,-0.57356,-0.81556
0.49121,-0.50153,-0.25214,0.67049,-0.68397,0.78873,-0.93483,-0.39404,-0.88175,-0.98402,-0.48429,0.10485,0.24156,0.32552,0.54099,0.51604,-0.99526,-0.08885,0.4143,-0.52055,0.72652,0.10004,0.88044,-0.51739,-0.89893,0.1106,-0.30117,0.82918,0.67368,-0.74313,-0.74797,-0.062347,0.86313,0.74681,-0.083634,-0.36313,0.20115,0.078177,-0.48408,0.59424,0,-0.9652,0.51891,-0.78923,0.12522,0.016334,-0.72163,0.87409,0.75643,0.084951,-0.60551,0.6012,-0.66506,-0.85781,0.22224,0.028512,0.92596,0.36648,0.48441,-0.49286,0.68465,-0.82721,-0.47444,0.57864,0.015728,-0.93733,-0.343,-0.021507,0.56009,0.0051229,-0.38542,0.75637,0.80635,0.73345,0.60014,-0.45852,-0.21143,-0.44952,0.85882,-0.32755,-0.2412,-0.60792,0.20853,-0.12199,0.91969,-0.084745,0.8415,0.92417,-0.99153,-0.37405,-0.60939,-0.34998,0.32593,0.16759,0.78722,-0.72486,-0.47659,0.03386,0.89572,0.33951,0.59011,-0.26828,-0.87621,0.23173,-0.59234
0.62399,0.40298,0.97049,0.14107,-0.72385,0.19105,0.77805,0.69436,0.87646,0.38306,0.44001,0.78269,-0.9628,0.19545,0.79927,0.65712,-0.76796,-0.41016,0.64318,-0.16293,-0.12005,0.46227,0.66008,0.57913,-0.6523,-0.1174,-0.98872,0.81999,0.50612,-0.90355,0.53576,0.862,0.13263,-0.41531,0.86445,-0.90812,0.090244,-0.7062,0.79797,-0.61941,-0.9652,0,-0.0085912,0.050563,0.92854,0.4079,0.64693,0.4754,0.8204,0.52315,0.75929,-0.11082,-0.36202,0.21525,0.25362,-0.23119,-0.43596,-0.036542,0.36778,0.33786,0.89237,0.68225,-0.31251,0.39008,-0.73657,-0.64947,-0.57071,-0.62047,-0.55968,-0.66058,-0.33076,-0.43457,0.1794,-0.44541,0.10197,0.53576,0.25928,0.91746,0.49173,-0.43837,-0.95727,-0.28602,0.5842,-0.019097,-0.96257,-0.48137,-0.64716,-0.53333,0.93505,-0.83658,0.021099,0.74618,0.83273,0.61261,0.98824,-0.76991,-0.76025,0.88964,-0.88216,-0.26097,0.43903,0.00080083,-0.88279,0.016042,-0.82036
0.58025,0.64165,0.85739,-0.013778,0.81333,0.33144,-0.90444,0.58687,-0.4771,-0.22741,-0.64108,-0.7573,-0.021614,-0.65286,-0.93683,0.88641,0.16705,0.28761,0.087,-0.83536,0.29376,0.29432,0.36216,-0.0087603,0.42443,0.98617,0.47572,-0.48399,0.08375,0.87336,-0.55902,0.1286,-0.45763,-0.25563,-0.42088,0.99546,-0.35151,-0.55581,-0.9851,-0.39103,0.51891,-0.0085912,0,0.98255,-0.13324,-0.82419,-0.79971,0.73923,-0.37409,-0.22787,-0.56856,0.94203,-0.00098129,0.7393,0.5411,0.47797,0.2123,0.88811,0.56206,0.65747,-0.17361,0.087481,-0.33386,0.69592,-0.92488,-0.45525,-0.68466,-0.75251,-0.42286,-0.47381,0.060569,0.57952,-0.49425,-0.1599,0.94996,-0.84706,0.47099,-0.17101,-0.037118,0.79978,0.090709,-0.0029682,-0.96364,-0.30054,0.63322,-0.82337,0.27877,0.44037,-0.35717,-0.43127,0.54498,-0.68399,0.74443,-0.33827,0.6078,-0.033171,0.29968,-0.62521,0.17973,0.23415,0.50352,0.18257,-0.00042254,-0.48716,0.057586
0.67652,0.87052,-0.51998,-0.58367,-0.31841,0.33405,0.54821,0.14548,-0.19905,-0.33278,-0.35074,-0.92488,-0.56466,0.30141,0.44453,-0.18775,-0.3714,-0.347,0.44566,0.52289,-0.27774,-0.067408,0.98681,-0.38701,-0.93929,-0.27698,-0.72317,0.27145,0.62828,-0.26947,0.3156,-0.068367,-0.5016,0.82906,0.57714,-0.99625,0.17141,0.34828,-0.70622,0.092857,-0.78923,0.050563,0.98255,0,-0.049467,-0.91927,-0.50308,0.45252,-0.97527,0.23591,0.40819,0.84237,-0.036095,0.56362,-0.93732,-0.026579,0.1422,-0.45457,-0.88284,0.67588,0.10065,0.36281,-0.32775,-0.070857,-0.75827,-0.30903,0.34846,-0.45572,0.86408,0.42764,0.19936,-0.43654,0.17567,0.35975,-0.45998,0.7946,0.18577,0.48202,0.61397,0.65278,0.32255,-0.13699,0.97936,-0.71122,0.4384,0.93359,0.014911,0.11983,-0.67791,0.32783,0.068232,0.80389,0.14835,-0.60268,-0.28531,0.84419,-0.16207,-0.62332,0.91242,0.20449,0.8325,0.46036,-0.50231,0.46439,0.25591
-0.87023,0.081742,-0.75329,-0.44839,0.72973,-0.92232,0.93724,0.74208,-0.66493,0.013328,0.35012,0.75716,0.4431,0.82097,-0.35922,0.86561,-0.74848,-0.10777,0.23118,-0.64522,0.15391,-0.19665,-0.53871,0.12559,0.96728,-0.21786,-0.92119,0.31758,-0.34472,0.53844,0.41064,0.86663,0.57824,0.59799,-0.12172,0.62272,-0.1694,-0.78976,0.35818,-0.15311,0.12522,0.92854,-0.13324,-0.049467,0,0.65694,0.46796,0.088972,-0.13113,0.19096,0.79696,0.22458,0.22814,0.63939,-0.69675,-0.45122,-0.0084527,-0.83229,0.46609,0.083941,-0.76101,0.14571,-0.82884,0.75031,0.31625,-0.47022,-0.49601,-0.41245,-0.081803,0.41277,0.39861,0.47251,0.74765,-0.93895,-0.64379,-0.90426,-0.032037,0.49398,0.068406,-0.40944,0.32579,-0.66147,0.14144,0.35715,-0.94257,0.6846,0.56334,0.086381,-0.016284,-0.045313,-0.79955,0.34548,0.019102,0.29336,0.86158,0.55562,0.084991,0.90977,-0.74234,-0.62493,0.35667,-0.93785,-0.76796,-0.82924,-0.5767
