,,,,,,,,,,,,,,,,,,,,,,,,,,,,,,,,,,,,,,,,,,,,,,,,,,,,,,,,,,,,,,,,,,,,,,,,,,,,,,,,,,,,,,,,,,,,,,,,,,,,,,,,
0,-0.31008,0.5526,0.21317,-0.096242,0.25783,-0.94276,-0.8345,0.41379,0.91352,-0.46981,-0.35587,0.080343,0.59302,-0.78636,0.20611,0.25839,0.18413,-0.82327,-0.85905,-0.48299,0.86747,0.52069,0.80829,-0.0070804,-0.85622,0.28207,-0.25036,0.87468,0.17949,-0.49275,-0.84977,0.33622,-0.82321,-0.46831,-0.074773,0.76245,-0.4622,0.75479,0.49392,-0.29108,0.34386,-0.030446,-0.52286,0.71312,-0.32345,0.88619,0.44135,0.052825,0.817,0.097937,-0.58889,0.56654,-0.10937,0.50241,-0.415,-0.44612,0.69569,0.27027,0.94011,0.63832,-0.20038,-0.0045875,-0.85233,-0.5021,-0.02979,-0.30313,-0.71205,-0.10253,-0.90861,-0.84088,0.74286,-0.38676,-0.36538,0.87403,0.56043,0.657,0.88542,0.20231,-0.92456,0.017897,0.91977,0.93822,0.009756,0.52036,0.99812,-0.61601,-0.47547,-0.45376,-0.71778,0.29425,-0.65375,0.82936,-0.29314,0.41481,-0.37659,-0.95961,0.64523,0.20809,-0.9704,-0.67811,-0.72503,0.79752,-0.52449,-0.033761
-0.31008,0,0.79055,-0.071526,-0.40693,0.541,0.30631,0.82339,0.20272,-0.58564,0.047605,-0.43509,0.86976,-0.10469,-0.66989,0.24508,-0.81584,0.12787,-0.26945,-0.031186,0.35328,0.58673,0.96899,0.61772,0.90732,0.26503,0.50059,-0.34356,-0.63971,0.75084,0.85642,0.1682,-0.91408,-0.45595,0.8944,0.66248,-0.8132,-0.73051,-0.53688,-0.59003,-0.33022,-0.23135,-0.62487,0.33879,0.79297,0.59495,-0.64938,-0.4904,0.75261,0.15923,-0.1334,-0.81154,0.31868,-0.082287,0.57112,-0.152,0.31838,0.43912,-0.32357,-0.81483,-0.46651,-0.66998,-0.45891,-0.68609,-0.85586,-0.88396,0.53666,-0.43303,0.50537,0.85628,-0.50504,-0.74621,-0.14138,-0.51425,0.96475,0.9533,0.55366,-0.18378,0.4204,0.60623,-0.80379,-0.73479,0.32475,0.69335,0.13085,0.10527,-0.072855,-0.72687,-0.54861,0.31743,0.51786,-0.42152,0.33217,0.93542,0.18794,-0.44479,0.52029,-0.74914,-0.52769,0.71526,0.42133,-0.52282,0.27677,0.48691,-0.61648
0.5526,0.79055,0,-0.52411,0.030485,0.49675,0.77874,0.47636,0.95165,0.87412,0.014915,-0.60386,0.88824,-0.84093,0.89465,-0.50887,0.71903,0.79315,-0.24156,-0.34216,-0.48755,0.39408,-0.067633,-0.93241,-0.48136,-0.14399,0.77979,-0.60446,-0.66359,0.56211,-0.83299,-0.06963,-0.68373,-0.56961,-0.57171,-0.27211,-0.18298,-0.16841,-0.66006,0.11951,0.47076,0.30834,0.79143,0.6797,-0.9469,0.61647,-0.90838,0.8642,0.43933,-0.54427,-0.60524,-0.73284,0.33766,-0.49992,-0.068678,0.96619,-0.0096075,-0.40408,-0.45176,-0.40045,0.58311,0.4825,-0.16024,-0.79347,0.56955,-0.41054,0.84425,0.07735,0.62238,-0.51594,-0.68735,0.097167,-0.018931,0.5101,0.32771,-0.16894,-0.28567,-0.63167,0.03274,-0.99283,-0.65451,-0.31286,-0.89723,-0.7495,0.71467,0.89628,-0.73254,-0.33934,-0.79761,-0.39373,0.081732,-0.27977,0.30112,-0.099875,-0.17864,0.17753,-0.28107,0.52199,-0.29886,0.73437,-0.091616,0.70825,0.55272,0.67578,-0.76477
0.21317,-0.071526,-0.52411,0,0.82209,0.66396,0.26667,-0.45379,0.16911,0.70564,-0.59163,0.35439,-0.33838,-0.39838,0.9065,-0.11522,-0.94891,0.87003,-0.19587,-0.77927,0.78712,0.46343,-0.26127,0.98424,-0.89349,-0.069939,-0.10872,-0.21791,0.90572,0.2625,0.66385,-0.31837,0.38816,0.22672,0.093146,0.88022,-0.4355,-0.79555,-0.088798,-0.42967,-0.76891,-0.099657,-0.45438,0.39416,-0.54489,0.58006,0.91967,0.69277,-0.41995,0.782,0.39849,-0.12918,-0.31307,0.48066,0.89567,0.68567,-0.45113,0.96793,-0.51209,0.89875,-0.46091,-0.1229,-0.70432,0.95789,-0.86164,-0.34813,-0.6593,-0.6083,-0.38517,0.046389,0.043704,0.41907,0.46224,-0.70913,0.78537,-0.080506,0.84966,-0.090822,-0.44487,-0.26837,0.41008,0.19095,0.13893,-0.1053,0.70141,-0.43088,-0.5115,-0.046096,0.57821,-0.2397,-0.2062,0.67593,0.68281,-0.89099,0.068332,0.47741,0.95786,0.041406,-0.81978,-0.82145,-0.55468,-0.90258,-0.79694,0.84791,0.57187
-0.096242,-0.40693,0.030485,0.82209,0,-0.8247,-0.41277,-0.18079,0.5331,0.94365,0.88041,-0.87407,0.99551,0.96344,-0.79507,-0.60965,-0.52407,0.60523,-0.12438,-0.8327,-0.19694,-0.96113,0.65958,0.255,0.39615,-0.89356,0.31344,0.080345,-0.51077,-0.71801,-0.032294,0.89264,-0.19534,-0.098388,-0.81523,-0.083361,0.54011,0.55298,0.71328,0.45896,0.27121,0.71705,-0.0052537,-0.39609,0.98754,0.62349,0.57561,-0.94207,-0.025943,0.50645,0.64002,-0.90375,0.33443,0.79938,-0.18968,-0.88217,0.93879,-0.9711,0.26107,0.24735,0.24083,0.18089,-0.12994,0.64006,-0.23626,-0.82161,-0.33269,0.16599,-0.29997,0.34921,-0.75855,-0.33323,0.95289,0.15763,0.35164,0.010952,0.85453,-0.97592,0.36683,-0.63742,-0.11054,-0.8797,0.59908,-0.96007,0.17094,0.17726,-0.81152,-0.86978,0.21731,0.46827,-0.51842,0.43331,0.15334,0.35222,0.49139,0.20155,0.069385,0.13263,-0.79616,-0.60368,-0.33912,-0.99351,-0.30667,-0.77309,-0.67047
0.25783,0.541,0.49675,0.66396,-0.8247,0,0.41921,-0.13363,-0.12267,0.7297,-0.32398,-0.054257,0.45334,-0.030652,0.65696,-0.29815,0.17524,0.70426,-0.4837,-0.70995,-0.64743,0.13463,-0.47533,0.73052,0.8104,0.99328,0.4786,-0.17348,-0.27887,-0.83312,0.77857,0.79141,-0.25191,-0.68007,0.43012,0.27259,0.096243,0.77715,-0.7034,0.70741,-0.61998,0.32744,-0.18561,0.67806,0.093417,-0.39075,-0.12716,-0.073756,-0.18016,-0.6956,0.31835,-0.56453,-0.64965,0.87815,-0.15391,-0.7912,-0.71551,0.9234,-0.59856,-0.34808,-0.30867,0.36962,-0.52726,0.20982,0.7863,-0.62922,-0.0412,-0.10677,-0.35719,0.72537,0.34689,-0.36122,0.12043,0.40183,-0.56163,0.47199,-0.15673,-0.12836,-0.12741,0.56144,0.66927,0.75317,0.65526,-0.79958,-0.77564,0.45289,0.47459,-0.46035,-0.027285,0.31439,0.89427,0.61493,-0.33191,0.85112,-0.67078,-0.44202,0.54481,-0.23318,0.83759,-0.61392,0.39315,-0.56504,-0.65035,-0.6864,-0.72035
-0.94276,0.30631,0.77874,0.26667,-0.41277,0.41921,0,0.59189,0.22546,0.75085,-0.14725,-0.68509,0.17333,-0.51516,0.98258,-0.0022342,0.16277,-0.88441,0.11416,0.62805,0.10713,0.81337,-0.38461,0.51087,0.75048,-0.088013,0.61692,0.38205,-0.74209,0.57115,0.12417,0.97002,0.3518,0.62398,0.88995,-0.85297,-0.13718,-0.78184,0.37154,-0.74478,0.55846,0.64761,0.8141,0.3724,-0.47406,-0.77761,-0.26275,0.63316,-0.67985,0.44441,0.44602,0.90846,0.97701,0.75549,-0.85469,0.66006,0.30348,-0.19737,-0.60762,0.59774,-0.16757,0.8363,-0.33905,0.16878,0.35109,0.072956,0.96366,-0.57065,-0.82601,0.75823,0.35416,-0.79936,0.81461,-0.20705,-0.62706,-0.33774,0.10667,-0.634,0.52433,0.59798,0.7376,0.70111,0.4521,-0.44397,-0.32843,0.47769,0.23043,0.080276,-0.28721,0.48076,0.78453,0.75947,-0.51466,0.11597,-0.19291,0.071932,0.23512,0.13801,-0.9921,-0.36522,-0.88357,-0.7857,-0.77406,0.83565,0.2713
-0.8345,0.82339,0.47636,-0.45379,-0.18079,-0.13363,0.59189,0,0.27976,0.41391,-0.1042,0.10425,-0.37835,-0.25987,0.95441,-0.83073,-0.89585,0.16457,0.046995,0.69006,-0.32823,-0.49026,0.44526,0.75543,-0.83207,-0.93659,0.47666,0.44575,0.28931,0.28956,0.7116,-0.10826,0.80676,0.70689,-0.086628,0.95026,0.29967,-0.21643,0.79306,0.95889,-0.31192,0.5284,0.8014,-0.69158,0.20412,0.2016,-0.93938,0.61864,-0.19788,-0.94593,-0.86868,0.29938,0.08253,0.10697,-0.65295,0.76726,-0.95972,0.0043141,0.99652,0.18105,0.24177,0.30664,0.66359,0.54007,0.075409,-0.5773,-0.57099,-0.48748,-0.72543,-0.055105,-0.80987,-0.35751,0.49757,0.259,-0.46111,-0.81587,0.24235,-0.10786,0.79031,0.89639,-0.24393,0.066381,0.62125,0.26637,-0.41275,-0.81204,0.020345,0.037684,-0.67595,0.5358,-0.049989,0.30101,-0.91402,0.6923,-0.56791,-0.20303,-0.17451,0.96067,-0.19713,0.37638,-0.0076452,0.33795,0.17313,0.79842,-0.69853
0.41379,0.20272,0.95165,0.16911,0.5331,-0.12267,0.22546,0.27976,0,-0.06863,0.60034,0.91933,0.62883,-0.9403,-0.66027,-0.31286,-0.9389,-0.29324,0.93235,0.27834,0.83818,-0.8745,0.26203,-0.69417,0.91886,0.60909,0.028374,-0.93608,-0.8314,-0.92644,0.45683,0.62916,0.82933,0.20194,0.79687,0.5517,0.78123,0.43392,-0.21699,0.59474,-0.77001,0.26998,0.64453,-0.83271,-0.28408,0.092952,-0.23152,-0.94478,0.38392,0.16338,0.085927,0.66941,0.65318,-0.77221,0.60063,0.88808,-0.34832,0.34003,0.58067,-0.30638,0.41123,-0.17621,-0.99293,-0.63171,0.45841,0.61478,-0.94695,0.10416,-0.28742,-0.4685,0.48985,-0.43871,0.3955,0.80646,0.97716,-0.69802,0.54431,-0.49139,-0.18155,0.75054,-0.92703,-0.89976,-0.37058,-0.068239,-0.89814,0.53716,-0.89926,0.79614,-0.43735,0.23684,-0.21241,0.2226,0.079789,-0.54866,0.12927,-0.9934,-0.99796,0.98942,-0.7257,0.95049,0.81551,0.54213,-0.16945,-0.79892,-0.6109
0.91352,-0.58564,0.87412,0.70564,0.94365,0.7297,0.75085,0.41391,-0.06863,0,0.097347,0.61601,0.99096,0.90583,0.29152,0.92474,-0.41953,0.51677,-0.37668,-0.39407,0.19551,-0.58757,0.97468,0.23564,-0.99393,0.24222,-0.29811,0.58096,-0.93732,0.65589,0.35409,0.31854,-0.99649,0.0044286,-0.35228,0.27085,-0.63394,-0.81059,0.34845,0.36662,-0.84705,0.72622,0.13916,0.60746,-0.2751,0.054519,-0.64493,-0.63134,-0.10497,0.98579,-0.61921,0.5251,-0.34439,-0.90287,0.41257,0.35261,0.44704,-0.28842,0.76732,0.36781,0.27623,0.65795,-0.55137,-0.96291,0.68782,0.21601,-0.93073,0.49018,0.11404,-0.42477,0.16358,-0.75867,0.77658,0.63856,-0.90009,0.55732,0.19598,0.27251,-0.77724,-0.76716,0.30379,-0.22426,0.53935,0.46066,-0.63493,0.71858,0.12972,-0.49651,-0.93057,0.29344,-0.2699,-0.7798,0.054815,-0.29749,0.7547,-0.77321,-0.94844,-0.10879,0.45564,0.45568,-0.62611,0.55334,-0.31312,0.08929,0.64634
-0.46981,0.047605,0.014915,-0.59163,0.88041,-0.32398,-0.14725,-0.1042,0.60034,0.097347,0,0.93932,-0.83342,0.027495,-0.30714,0.75972,-0.5015,0.47375,0.46538,0.62358,-0.9084,-0.58742,-0.22965,0.13057,-0.2256,-0.71046,-0.62311,0.31724,0.94838,0.82252,0.55774,-0.45102,0.22416,0.93487,0.092097,0.7508,0.82525,-0.0037617,0.23249,0.27247,0.64532,0.23787,-0.85259,0.50837,-0.92446,0.56436,-0.60311,-0.23917,-0.63077,-0.73192,-0.76717,0.45078,-0.56292,0.80575,0.035803,-0.36587,-0.61274,0.49801,0.83557,-0.71533,0.64017,-0.27248,-0.41551,-0.32146,-0.92396,0.059056,-0.33355,-0.22045,-0.17055,-0.67623,0.2846,-0.95304,0.13591,-0.9293,0.19648,0.20361,0.34846,0.48714,-0.80869,-0.19279,-0.93668,-0.24546,-0.17404,0.83502,0.35412,0.14552,0.45505,0.19472,0.33665,-0.98153,-0.64461,-0.9259,0.84157,-0.70163,0.38844,0.054915,-0.62196,-0.2259,0.75969,0.1647,-0.70752,-0.71855,0.43404,0.956,0.408
-0.35587,-0.43509,-0.60386,0.35439,-0.87407,-0.054257,-0.68509,0.10425,0.91933,0.61601,0.93932,0,-0.97878,-0.011413,0.31222,-0.70602,-0.30847,-0.76809,-0.96987,0.49681,-0.031919,-0.13981,0.93221,-0.18852,0.50616,-0.82019,-0.39858,-0.68963,-0.51654,-0.54878,-0.14821,-0.17688,0.23523,0.090811,0.86339,-0.81477,0.69828,-0.88868,-0.74214,0.092641,0.62579,-0.86299,0.78083,0.17787,0.62957,0.37178,0.54751,-0.010824,0.43796,-0.22349,-0.82715,-0.82866,-0.90118,0.1149,-0.036804,0.95401,0.29933,0.90402,0.67071,0.081666,0.65319,-0.092216,-0.45381,-0.89092,-0.72166,-0.35924,-0.60825,0.888,0.45208,0.33655,-0.018204,-0.97878,0.11886,-0.29521,-0.1405,0.33138,0.71069,0.74787,-0.10826,-0.43572,0.85091,0.8572,-0.12684,0.87665,-0.98014,0.861,-0.84617,-0.52534,0.1806,-0.583,-0.25473,-0.81957,0.31241,0.41839,0.69105,0.52386,-0.57628,0.63191,-0.99458,-0.67049,-0.82782,0.30016,0.77542,-0.89817,-0.98635
0.080343,0.86976,0.88824,-0.33838,0.99551,0.45334,0.17333,-0.37835,0.62883,0.99096,-0.83342,-0.97878,0,-0.26627,-0.78254,-0.31707,0.2034,0.74758,0.76388,0.43687,-0.71922,0.30733,-0.3232,0.061012,0.19033,0.10782,0.46723,-0.010374,-0.33775,-0.30534,-0.77362,0.73625,-0.64242,-0.55296,0.14302,0.20171,-0.35798,0.88716,0.10061,0.24637,0.93304,0.22041,-0.66384,-0.37241,-0.57447,0.096284,0.65176,-0.68603,-0.87599,0.011753,-0.78857,0.72421,-0.70016,-0.5776,0.13983,0.2186,0.74452,0.45277,-0.28293,0.31756,0.92949,0.85403,0.019995,0.70424,0.79515,0.91591,-0.84476,-0.99345,-0.39247,-0.25737,-0.56133,0.29468,-0.17924,0.53235,0.73017,0.027181,-0.69088,0.9468,0.35422,-0.26325,-0.18725,-0.80875,-0.43178,-0.55312,0.11077,0.98403,-0.004828,0.069514,0.51661,0.54923,0.54965,0.32473,-0.56671,-0.90136,-0.1929,0.057426,-0.43088,0.80685,0.47375,0.82571,0.31726,0.9393,0.41341,-0.78245,-0.73915
0.59302,-0.10469,-0.84093,-0.39838,0.96344,-0.030652,-0.51516,-0.25987,-0.9403,0.90583,0.027495,-0.011413,-0.26627,0,-0.64766,-0.38378,0.027714,0.66253,-0.41338,-0.3855,-0.98328,0.53319,0.16139,0.22027,0.23681,-0.75389,0.37902,-0.23457,-0.22305,0.69093,0.90807,-0.13681,0.70991,-0.82935,-0.50828,0.84594,0.85101,0.37289,0.33863,0.85859,-0.98178,0.83165,0.13524,0.29225,0.94382,-0.5898,-0.43903,0.55668,-0.76281,-0.11863,0.098434,0.16777,0.029133,-0.97139,0.73581,0.69935,0.43057,0.18548,0.5953,0.76827,-0.035351,0.088509,0.79374,-0.43079,-0.096788,0.8218,-0.14554,-0.6585,-0.20543,-0.15265,-0.27948,0.96807,0.032846,0.25478,-0.31035,-0.28956,-0.84037,-0.68095,0.16631,0.28852,-0.41709,0.087438,0.57259,-0.40459,0.17467,0.87148,-0.30597,0.64357,-0.63219,-0.77612,-0.9238,-0.79698,0.81075,-0.60396,-0.47373,0.35056,-0.75534,-0.52351,-0.32699,0.0040654,0.63978,-0.45298,0.64568,0.88027,0.49793
-0.78636,-0.66989,0.89465,0.9065,-0.79507,0.65696,0.98258,0.95441,-0.66027,0.29152,-0.30714,0.31222,-0.78254,-0.64766,0,0.81958,0.32129,0.016282,0.67233,0.80902,0.12064,0.88292,0.69145,0.192,0.71868,-0.85917,0.68379,0.013105,-0.86566,0.7055,-0.83047,-0.18397,-0.18878,0.6707,-0.47648,-0.60156,-0.66985,0.49391,-0.44878,-0.92073,-0.12551,-0.27772,0.37126,0.39895,0.46217,0.99383,0.38237,-0.011028,-0.56835,0.85934,-0.94238,-0.62515,0.63644,-0.59585,0.87676,0.85546,0.93373,0.12796,-0.3029,-0.9076,-0.11643,-0.095914,-0.029661,-0.076583,-0.37458,0.50238,-0.25139,-0.23253,-0.78381,0.72849,0.8743,-0.42032,-0.20993,0.048958,-0.69835,0.92575,0.63204,0.14413,0.70344,0.88521,-0.30387,0.56155,0.95052,-0.14257,-0.5903,0.088728,0.82204,0.21868,-0.83558,0.47626,-0.44201,0.76347,-0.87923,0.8215,0.17131,0.19832,0.94177,-0.75563,0.71671,-0.051108,0.78951,0.93948,-0.9932,-0.4134,0.14112
0.20611,0.24508,-0.50887,-0.11522,-0.60965,-0.29815,-0.0022342,-0.83073,-0.31286,0.92474,0.75972,-0.70602,-0.31707,-0.38378,0.81958,0,0.92213,0.2357,-0.27105,-0.066869,-0.85816,-0.1697,0.45714,0.088675,0.068061,-0.46842,0.42525,0.23305,-0.94273,0.33075,0.48318,-0.50701,0.87298,0.48551,0.59929,0.95003,-0.090756,-0.075239,0.56122,-0.68452,0.33245,-0.57471,-0.068927,0.89944,-0.74187,-0.74642,0.36911,-0.49297,0.93635,0.46951,0.41599,-0.35962,-0.81739,0.37723,0.50151,0.65206,0.84351,-0.51125,-0.12076,0.46237,0.41097,0.16748,-0.9253,0.83559,-0.41382,0.19373,0.43917,0.75618,-0.81409,0.65371,0.39428,0.078125,-0.09428,0.60389,0.36439,0.37201,0.21667,0.21636,-0.62862,0.42976,0.46359,0.12797,0.54496,0.41297,0.27808,0.85167,-0.12469,-0.10993,-0.63865,0.67048,0.28171,-0.59573,0.12811,-0.4637,-0.34085,-0.7522,0.98046,0.023193,0.93901,0.73416,-0.28611,0.15076,0.58704,-0.10264,0.9582
0.25839,-0.81584,0.71903,-0.94891,-0.52407,0.17524,0.16277,-0.89585,-0.9389,-0.41953,-0.5015,-0.30847,0.2034,0.027714,0.32129,0.92213,0,0.37831,-0.82527,-0.022051,0.26291,0.50386,-0.78302,0.25447,-0.047119,0.73057,-0.029295,0.12481,0.16409,-0.1036,-0.91293,-0.5875,-0.1715,0.1805,0.057579,0.33003,-0.54465,-0.61001,-0.10764,-0.59457,-0.57175,-0.17153,0.17342,0.5888,-0.1808,0.60502,0.44147,0.32215,-0.72202,-0.32445,-0.073145,0.10267,-0.18193,0.33179,-0.6659,-0.46478,-0.8633,0.74261,-0.12886,0.25943,-0.34407,-0.5134,-0.075003,-0.94121,-0.36235,-0.84808,-0.61679,-0.65414,0.1432,-0.46828,0.86377,0.98606,-0.45736,-0.91125,-0.71045,0.46806,-0.55552,0.12777,0.090363,0.26193,0.39685,-0.79696,-0.30986,0.40953,-0.066855,0.51015,0.74905,-0.99534,0.13582,0.049764,0.88041,0.0065196,-0.2934,0.12047,-0.44381,0.10235,0.30958,-0.76358,0.6129,-0.26339,-0.085898,0.99573,0.95573,0.38402,-0.76802
0.18413,0.12787,0.79315,0.87003,0.60523,0.70426,-0.88441,0.16457,-0.29324,0.51677,0.47375,-0.76809,0.74758,0.66253,0.016282,0.2357,0.37831,0,0.70968,0.58949,0.25657,0.17217,-0.6423,0.8714,0.50439,0.093411,0.1026,0.17947,0.20842,-0.45547,0.23946,-0.99542,0.47837,-0.24431,0.21653,0.31134,-0.52495,0.50079,-0.50097,0.051631,0.36651,0.74095,0.034125,0.80912,0.40347,0.86473,-0.45511,0.98971,-0.73704,-0.54578,-0.59198,0.97559,-0.015488,0.37521,-0.047527,0.38189,0.5742,-0.80738,-0.10623,0.46914,0.5153,0.98994,0.074919,-0.088607,-0.1841,-0.2476,-0.2851,0.23161,0.9392,-0.49281,-0.32394,0.79813,0.43351,-0.37846,0.16495,-0.43649,0.79456,-0.017748,0.20284,-0.51017,-0.36549,-0.067115,0.80178,-0.66574,0.082061,0.6432,-0.19582,0.58503,-0.18492,-0.39703,-0.067274,-0.92186,0.060443,0.10536,-0.6169,-0.93906,-0.84466,-0.98311,0.23845,-0.11202,-0.30408,0.89091,-0.078622,-0.13214,0.55568
-0.82327,-0.26945,-0.24156,-0.19587,-0.12438,-0.4837,0.11416,0.046995,0.93235,-0.37668,0.46538,-0.96987,0.76388,-0.41338,0.67233,-0.27105,-0.82527,0.70968,0,-0.69126,0.22271,0.25498,-0.96195,0.63049,0.60372,0.25476,-0.058752,-0.10516,-0.65034,0.59045,-0.95033,-0.51956,-0.54258,0.81307,-0.79166,0.79175,-0.8142,0.86537,-0.19039,0.88442,0.41338,0.26395,-0.81823,0.46115,-0.95971,0.92602,-0.2933,0.54918,-0.54475,-0.12561,0.94284,0.32467,0.5488,0.057933,-0.45793,-0.85708,-0.82631,-0.64004,0.012521,-0.51794,-0.4195,0.1094,0.46057,0.79889,0.029485,0.7508,-0.82075,0.17001,-0.26673,0.2706,-0.90208,0.20279,-0.48601,-0.91417,-0.68087,-0.32085,-0.90841,0.46737,-0.19811,-0.52699,-0.066354,0.98263,0.43627,-0.40738,0.080602,0.78574,-0.93505,0.64464,-0.93153,0.133,0.28619,0.56373,-0.54919,0.7735,0.4661,0.88729,0.78547,-0.64105,-0.86452,0.87862,0.13011,0.97599,-0.20472,0.090993,0.58261
-0.85905,-0.031186,-0.34216,-0.77927,-0.8327,-0.70995,0.62805,0.69006,0.27834,-0.39407,0.62358,0.49681,0.43687,-0.3855,0.80902,-0.066869,-0.022051,0.58949,-0.69126,0,0.13983,-0.96977,-0.48015,0.52896,0.16527,-0.43494,0.42183,0.44336,-0.16784,0.36478,0.095665,0.89397,0.041642,0.0017638,0.21888,-0.41669,0.34614,-0.39179,-0.61611,-0.75636,0.3086,0.35175,0.94282,0.85326,-0.19571,0.49359,0.88851,0.77982,0.13928,-0.83608,-0.022414,0.16248,0.40208,-0.12889,0.56111,-0.55255,-0.58836,0.73481,-0.39164,-0.032785,0.89652,-0.057585,0.26784,0.89789,0.045137,0.24373,0.15738,0.13898,-0.21546,-0.97383,0.25312,-0.55183,0.37544,-0.39166,0.53236,-0.44217,-0.46613,-0.044175,-0.1276,0.98118,0.25478,-0.70155,0.9905,0.68086,0.29204,0.39027,0.047918,0.32223,-0.16562,-0.50053,0.70852,-0.90416,0.27941,0.95534,0.55069,-0.43865,0.98471,-0.19924,0.54821,-0.87169,-0.44694,-0.96624,0.11267,0.05807,0.12252
-0.48299,0.35328,-0.48755,0.78712,-0.19694,-0.64743,0.10713,-0.32823,0.83818,0.19551,-0.9084,-0.031919,-0.71922,-0.98328,0.12064,-0.85816,0.26291,0.25657,0.22271,0.13983,0,-0.26485,-0.95613,0.35136,0.66772,0.76951,-0.51378,0.69581,-0.027814,-0.81187,0.31495,-0.18286,-0.82306,0.20356,-0.32691,0.8844,-0.61112,0.89812,-0.48798,0.049177,-0.54882,0.048724,-0.417,-0.62289,-0.34471,-0.69635,-0.99534,0.96246,-0.96719,-0.22076,-0.83388,-0.61107,0.32332,0.5798,0.34559,-0.48713,-0.31987,-0.30042,0.63336,0.74196,0.87084,-0.86693,-0.16812,0.92748,-0.31052,0.038676,0.91421,-0.33438,-0.76167,0.054897,0.44831,0.10918,0.15782,0.13939,0.50867,0.965,-0.071901,0.7367,-0.35083,0.15121,0.64977,-0.15972,-0.76695,0.65254,0.81626,0.68838,0.85594,0.35793,-0.75759,0.7561,-0.09845,-0.43663,-0.80645,-0.50297,-0.47608,0.37226,-0.49869,0.74062,0.11805,-0.40234,0.6317,0.48217,-0.29842,-0.71829,-0.80009
0.86747,0.58673,0.39408,0.46343,-0.96113,0.13463,0.81337,-0.49026,-0.8745,-0.58757,-0.58742,-0.13981,0.30733,0.53319,0.88292,-0.1697,0.50386,0.17217,0.25498,-0.96977,-0.26485,0,0.12202,0.45271,0.82032,0.074912,-0.14826,0.55113,-0.72154,-0.12455,-0.082139,0.082168,0.23204,-0.75088,-0.14995,-0.86559,-0.21865,0.95096,0.13836,0.59776,0.73582,-0.79635,0.16551,0.8677,0.42333,-0.53925,-0.19811,-0.2524,0.46213,0.07804,-0.52226,0.3733,0.22067,0.11753,0.18421,0.086001,-0.32254,0.13456,0.27878,0.98219,0.68185,0.49917,-0.76719,-0.15035,0.68812,-0.91182,0.85781,-0.037908,-0.96558,-0.26639,-0.16104,0.9041,-0.67293,0.92682,0.19068,-0.54054,0.26268,0.75614,0.027442,-0.81331,0.1666,0.24602,-0.83442,0.94737,0.23664,0.44132,-0.86917,-0.72975,0.72769,-0.60425,-0.22284,0.96733,0.76723,0.43036,0.46037,0.32527,0.41787,-0.72069,0.89697,0.15275,0.56071,-0.28301,-0.21139,0.83822,-0.42336
0.52069,0.96899,-0.067633,-0.26127,0.65958,-0.47533,-0.38461,0.44526,0.26203,0.97468,-0.22965,0.93221,-0.3232,0.16139,0.69145,0.45714,-0.78302,-0.6423,-0.96195,-0.48015,-0.95613,0.12202,0,-0.01485,-0.58267,-0.74082,0.17339,0.90468,-0.027976,0.79125,0.060952,-0.17185,-0.073463,0.8168,-0.27733,0.76985,0.71368,0.4076,0.4745,-0.48413,0.27305,0.45976,-0.79551,-0.63028,0.276,0.77607,-0.8101,-0.91435,0.21683,-0.6746,-0.71939,0.049686,0.62317,-0.96973,-0.71856,0.10105,-0.10961,0.21116,-0.23696,0.78943,-0.77751,-0.49724,-0.4045,0.98857,-0.66671,0.47177,-0.82605,0.94679,0.88427,0.57328,-0.19203,0.53609,0.44201,-0.17436,0.28649,0.85627,0.7048,-0.41524,-0.72582,-0.40945,0.50932,-0.39397,0.7823,0.24343,-0.438,0.31919,-0.66068,-0.15312,-0.40493,-0.88811,0.27022,-0.29379,-0.98324,0.8794,-0.40191,0.56388,0.79915,0.4474,0.78728,0.36841,0.89132,0.39005,-0.91751,-0.26033,-0.62177
0.80829,0.61772,-0.93241,0.98424,0.255,0.73052,0.51087,0.75543,-0.69417,0.23564,0.13057,-0.18852,0.061012,0.22027,0.192,0.088675,0.25447,0.8714,0.63049,0.52896,0.35136,0.45271,-0.01485,0,-0.74538,-0.87371,0.64029,0.70882,0.61364,-0.40769,-0.94083,0.33939,0.28324,-0.69578,-0.84729,-0.77867,0.011759,0.91767,0.77826,-0.47508,0.62066,-0.9959,0.17764,-0.3389,0.26225,-0.8339,-0.33472,0.025156,0.67506,-0.28249,-0.63995,0.98751,0.46004,0.5773,-0.50497,-0.058931,0.68556,-0.5124,0.65707,-0.39381,-0.7784,0.15651,0.08134,-0.20595,0.28911,0.42261,-0.016917,-0.071623,-0.60213,0.67967,-0.55189,0.61429,-0.65054,-0.19754,-0.40058,0.18046,-0.68045,0.42373,0.54604,-0.48344,0.37516,-0.8512,0.67375,0.72684,0.6282,-0.77804,-0.93043,0.24725,-0.042813,-0.27039,0.81825,-0.97355,-0.2503,0.72562,-0.078653,0.82023,0.93388,0.94674,0.11118,0.75469,0.33598,0.59727,-0.61175,-0.47067,-0.52249
-0.0070804,0.90732,-0.48136,-0.89349,0.39615,0.8104,0.75048,-0.83207,0.91886,-0.99393,-0.2256,0.50616,0.19033,0.23681,0.71868,0.068061,-0.047119,0.50439,0.60372,0.16527,0.66772,0.82032,-0.58267,-0.74538,0,0.58214,0.54564,-0.79849,0.44486,0.8245,0.28696,0.27427,-0.25511,-0.37268,0.041488,-0.28242,0.26809,0.088254,-0.4375,-0.64332,0.70523,-0.92234,-0.37126,-0.15415,0.25471,-0.13821,0.20914,-0.034478,-0.46017,0.69823,-0.99374,-0.38838,0.65369,-0.39016,0.012444,0.63782,-0.24045,0.86725,-0.36345,-0.90281,-0.58828,0.057425,-0.94261,-0.14733,-0.31523,0.059725,-0.35276,0.31877,-0.16344,-0.76177,0.57648,0.45921,0.39517,0.28394,-0.90562,-0.19697,0.15417,-0.26878,-0.72682,-0.76764,0.47924,0.12542,0.68693,0.32647,-0.47832,0.68218,0.99018,-0.49518,-0.026365,0.60442,0.33019,-0.22843,-0.2127,0.7658,0.26955,0.59008,0.20184,0.9159,0.37068,0.021305,0.4099,-0.18187,0.45485,0.87427,-0.3513
-0.85622,0.26503,-0.14399,-0.069939,-0.89356,0.99328,-0.088013,-0.93659,0.60909,0.24222,-0.71046,-0.82019,0.10782,-0.75389,-0.85917,-0.46842,0.73057,0.093411,0.25476,-0.43494,0.76951,0.074912,-0.74082,-0.87371,0.58214,0,0.29394,-0.91826,0.89763,0.98772,-0.63024,0.89951,-0.36523,0.084859,0.85361,-0.046302,-0.61868,0.95963,-0.85977,-0.99474,0.31305,0.88652,-0.88903,-0.30301,-0.26298,-0.13917,0.50113,-0.92959,-0.58614,-0.18402,0.88757,0.30678,-0.75885,-0.80242,0.66464,0.14281,0.22967,0.031785,-0.35777,-0.32096,0.028737,-0.46465,0.86191,-0.26916,0.83005,-0.96051,-0.49602,0.97507,0.83628,0.43105,-0.38079,-0.24853,-0.12138,-0.22392,-0.92968,0.97568,-0.61124,-0.12364,-0.90518,-0.17893,0.44556,-0.38609,-0.50355,0.78013,0.29276,-0.76513,0.1566,0.32109,0.24275,-0.2938,-0.16135,0.87441,-0.88728,0.70673,0.03269,0.13603,0.20361,-0.58436,0.68174,-0.73514,0.077345,-0.1581,0.14743,0.95812,-0.90278
0.28207,0.50059,0.77979,-0.10872,0.31344,0.4786,0.61692,0.47666,0.028374,-0.29811,-0.62311,-0.39858,0.46723,0.37902,0.68379,0.42525,-0.029295,0.1026,-0.058752,0.42183,-0.51378,-0.14826,0.17339,0.64029,0.54564,0.29394,0,-0.9571,0.801,0.69229,0.069356,-0.070829,0.053791,-0.55188,-0.73538,0.52911,0.50293,-0.22074,0.35339,-0.74951,-0.66763,0.025656,-0.24019,0.76017,0.94232,0.57617,-0.08933,-0.76216,0.99877,-0.74564,-0.8907,0.53539,-0.533,-0.84495,0.0087845,-0.24906,0.77092,-0.59251,-0.40608,0.30234,-0.71838,0.65958,-0.93694,0.18494,-0.20111,0.24755,0.28409,-0.60261,0.047247,0.16897,-0.59743,-0.57816,-0.95719,-0.019748,0.1985,0.81849,0.27702,-0.70859,0.35437,-0.44505,-0.97454,0.81327,0.20448,0.71036,0.40919,-0.5749,-0.84009,0.27227,-0.59684,0.70847,0.2476,0.64812,-0.12129,-0.0010993,-0.27325,-0.69567,-0.0010997,-0.65919,-0.7947,0.89839,0.17661,0.79606,0.37455,0.12881,-0.97382
-0.25036,-0.34356,-0.60446,-0.21791,0.080345,-0.17348,0.38205,0.44575,-0.93608,0.58096,0.31724,-0.68963,-0.010374,-0.23457,0.013105,0.23305,0.12481,0.17947,-0.10516,0.44336,0.69581,0.55113,0.90468,0.70882,-0.79849,-0.91826,-0.9571,0,0.15026,0.58423,0.96963,-0.55811,0.47158,-0.60282,-0.12703,-0.26626,0.58735,-0.51287,0.28189,0.23126,0.59388,-0.76677,-0.40935,-0.85004,-0.76078,0.29613,-0.042295,-0.41345,-0.86525,-0.051994,-0.78218,0.33226,-0.52159,0.98615,0.15929,0.076453,0.0095375,0.49225,0.037406,-0.70271,-0.036062,-0.96486,0.46402,-0.78321,0.86169,0.93402,-0.81219,-0.2052,0.71487,0.14314,-0.46068,-0.48159,0.039592,0.036704,0.69893,0.2127,0.8499,-0.31007,0.049789,-0.31373,-0.81691,0.623,0.1355,0.644,-0.15005,-0.66518,-0.37025,0.16686,-0.85517,-0.237,0.5203,-0.70899,0.65766,0.81445,-0.32952,-0.59575,0.16423,0.14781,0.60908,0.98602,-0.22708,0.15819,0.18013,-0.62442,0.14333
0.87468,-0.63971,-0.66359,0.90572,-0.51077,-0.27887,-0.74209,0.28931,-0.8314,-0.93732,0.94838,-0.51654,-0.33775,-0.22305,-0.86566,-0.94273,0.16409,0.20842,-0.65034,-0.16784,-0.027814,-0.72154,-0.027976,0.61364,0.44486,0.89763,0.801,0.15026,0,0.86185,-0.81928,-0.01911,-0.70696,-0.52075,-0.43991,-0.81058,0.8222,0.34836,0.15472,0.38098,0.36478,0.45576,-0.81838,0.54739,-0.8898,-0.47788,-0.86764,0.96072,0.70775,-0.4057,0.056459,0.41237,-0.16464,0.80166,0.56847,0.57046,-0.72409,-0.060549,0.58198,0.27176,0.84978,-0.98701,-0.46335,-0.30384,-0.20544,-0.0202,0.34642,-0.10009,-0.73667,0.41725,0.73151,0.74138,-0.67672,-0.72782,-0.64593,0.44906,0.51024,-0.77654,0.19164,-0.52029,0.95115,0.60196,-0.99052,0.59938,0.84673,-0.41771,-0.96512,-0.75815,0.34632,0.77168,-0.75406,-0.10781,0.47934,-0.51263,-0.36258,-0.42283,0.70467,-0.77507,-0.62779,0.61957,-0.44929,-0.48907,0.24567,-0.84754,-0.95113
0.17949,0.75084,0.56211,0.2625,-0.71801,-0.83312,0.57115,0.28956,-0.92644,0.65589,0.82252,-0.54878,-0.30534,0.69093,0.7055,0.33075,-0.1036,-0.45547,0.59045,0.36478,-0.81187,-0.12455,0.79125,-0.40769,0.8245,0.98772,0.69229,0.58423,0.86185,0,0.66182,0.58561,-0.77442,-0.039573,-0.90199,-0.017134,-0.21652,0.82917,0.99141,0.33425,-0.65532,-0.83209,0.88915,-0.088619,0.086517,0.59061,-0.6646,-0.77733,0.18281,-0.14223,-0.90629,-0.095755,-0.80319,0.32045,-0.87303,0.72514,-0.7894,-0.8414,-0.25553,-0.09146,-0.98838,0.51647,-0.26322,-0.86862,-0.48786,0.81217,-0.16353,-0.017168,-0.033588,0.68318,-0.41976,-0.19578,-0.67144,-0.80536,0.93357,-0.23871,-0.98636,0.78732,0.83804,-0.69774,-0.70937,-0.082961,0.95239,-0.60859,-0.3638,-0.54047,-0.15658,0.35125,-0.15942,0.79408,0.46825,0.44523,-0.51092,-0.61894,0.46043,0.12843,-0.35335,-0.24203,-0.15206,0.84724,-0.099008,-0.7988,-0.34344,0.44595,-0.80081
-0.49275,0.85642,-0.83299,0.66385,-0.032294,0.77857,0.12417,0.7116,0.45683,0.35409,0.55774,-0.14821,-0.77362,0.90807,-0.83047,0.48318,-0.91293,0.23946,-0.95033,0.095665,0.31495,-0.082139,0.060952,-0.94083,0.28696,-0.63024,0.069356,0.96963,-0.81928,0.66182,0,-0.32808,0.79918,-0.86095,-0.53625,-0.84278,-0.41029,-0.099654,-0.58664,0.91973,0.26651,0.41146,0.63053,0.17004,0.52012,-0.92345,0.93491,-0.12435,-0.0050187,-0.57336,0.96217,-0.92598,0.72781,0.43033,-0.026455,0.31112,-0.46002,-0.59693,-0.1074,0.5175,-0.37993,0.37915,0.013227,0.58993,0.15522,0.9611,-0.44748,-0.84585,0.91666,-0.85246,0.93591,-0.10095,-0.71441,-0.24636,0.85597,0.30584,-0.99929,-0.56313,-0.95691,-0.68213,-0.34292,-0.45167,0.80439,-0.2609,-0.2983,-0.0080589,0.21692,-0.81224,0.20353,0.028384,0.73617,0.92111,0.069381,0.28605,-0.57291,-0.96276,-0.93299,-0.20097,-0.2074,-0.78813,0.6306,0.59336,0.17021,-0.83307,0.20962
-0.84977,0.1682,-0.06963,-0.31837,0.89264,0.79141,0.97002,-0.10826,0.62916,0.31854,-0.45102,-0.17688,0.73625,-0.13681,-0.18397,-0.50701,-0.5875,-0.99542,-0.51956,0.89397,-0.18286,0.082168,-0.17185,0.33939,0.27427,0.89951,-0.070829,-0.55811,-0.01911,0.58561,-0.32808,0,0.61831,-0.57122,0.39209,0.24435,-0.72832,-0.50153,0.59422,-0.25828,0.18546,0.81381,-0.092219,-0.014183,0.025313,-0.15693,0.12797,0.1878,-0.15877,0.14174,-0.98945,0.57654,-0.22117,-0.3279,-0.28391,0.79763,-0.64759,-0.064909,0.46712,-0.95792,0.55721,-0.28686,-0.39888,0.8493,-0.61883,0.25905,-0.15821,-0.33178,-0.79938,-0.93662,0.5066,0.32138,0.16434,-0.58905,0.15897,0.86237,0.50402,0.27137,-0.72946,-0.90065,-0.10385,-0.32493,0.67313,-0.65777,0.28015,0.36049,0.55124,-0.84723,0.48773,-0.54632,0.52679,-0.52873,0.83302,-0.73991,-0.53312,0.73384,0.77193,-0.28192,0.033932,-0.71294,-0.3877,0.40644,-0.2443,0.21541,0.84553
0.33622,-0.91408,-0.68373,0.38816,-0.19534,-0.25191,0.3518,0.80676,0.82933,-0.99649,0.22416,0.23523,-0.64242,0.70991,-0.18878,0.87298,-0.1715,0.47837,-0.54258,0.041642,-0.82306,0.23204,-0.073463,0.28324,-0.25511,-0.36523,0.053791,0.47158,-0.70696,-0.77442,0.79918,0.61831,0,0.6049,-0.72194,0.60167,0.080951,0.20701,-0.3499,0.25312,0.47486,0.19687,-0.96253,-0.14346,-0.17817,-0.44013,-0.31313,-0.084887,-0.9494,-0.73622,-0.36322,-0.66211,0.78972,0.27694,-0.98843,-0.70777,0.1929,0.86404,0.74461,-0.56921,-0.65437,0.40415,0.48233,0.24686,0.98365,-0.74282,-0.66949,-0.31624,-0.79023,-0.94498,0.054241,-0.3365,-0.71249,0.35067,-0.31485,-0.59995,0.45513,-0.12953,0.68518,-0.2588,0.33541,-0.34529,-0.5103,0.91425,0.4198,-0.12491,-0.0060889,0.22917,-0.97816,0.27036,-0.6157,-0.43682,-0.76926,0.96183,0.74214,-0.26548,-0.80681,0.39076,0.99218,0.33946,-0.010651,0.66659,0.10861,0.74761,0.46158
-0.82321,-0.45595,-0.56961,0.22672,-0.098388,-0.68007,0.62398,0.70689,0.20194,0.0044286,0.93487,0.090811,-0.55296,-0.82935,0.6707,0.48551,0.1805,-0.24431,0.81307,0.0017638,0.20356,-0.75088,0.8168,-0.69578,-0.37268,0.084859,-0.55188,-0.60282,-0.52075,-0.039573,-0.86095,-0.57122,0.6049,0,-0.12372,-0.51064,-0.61965,0.60623,-0.85317,0.39479,-0.31693,0.92278,-0.8732,-0.80447,-0.072682,0.26782,-0.77569,-0.2545,0.25666,-0.39075,0.22055,0.42868,-0.70575,-0.71187,0.43985,0.11422,-0.078554,-0.16431,0.37446,-0.76382,-0.93482,0.61193,0.51948,0.06532,0.72068,-0.37772,-0.25684,-0.16986,0.35972,-0.90527,0.062992,0.8338,0.65172,0.1115,-0.65559,-0.091597,0.88373,-0.1078,-0.87777,-0.4673,0.87429,0.34985,-0.78828,0.040572,0.2848,0.37878,0.27552,-0.54082,-0.66875,0.032705,-0.23689,0.48896,0.23508,-0.40505,0.93624,-0.7628,0.67262,0.21146,0.87626,0.86166,0.52536,-0.74616,-0.57171,-0.43602,-0.90163
-0.46831,0.8944,-0.57171,0.093146,-0.81523,0.43012,0.88995,-0.086628,0.79687,-0.35228,0.092097,0.86339,0.14302,-0.50828,-0.47648,0.59929,0.057579,0.21653,-0.79166,0.21888,-0.32691,-0.14995,-0.27733,-0.84729,0.041488,0.85361,-0.73538,-0.12703,-0.43991,-0.90199,-0.53625,0.39209,-0.72194,-0.12372,0,-0.33135,-0.083181,0.8369,0.9075,-0.5704,-0.52492,0.60356,0.26278,0.71179,0.032863,-0.97257,0.41354,-0.46045,-0.24701,0.32809,0.65083,-0.14764,0.89806,-0.89306,-0.52629,0.036597,0.6948,-0.89244,0.35807,-0.0013602,0.40178,-0.11066,-0.062119,-0.073997,0.41816,-0.079859,0.39457,0.25644,0.70462,-0.034469,0.72744,-0.38311,0.90154,0.36215,0.66265,0.43279,-0.73962,-0.74016,0.77516,0.4527,-0.64749,-0.70896,0.69443,-0.50344,0.95389,-0.27412,-0.84354,0.62686,-0.54973,-0.46078,0.95495,0.68281,0.060663,0.9341,-0.2269,0.67021,0.17817,0.77128,0.83841,0.29644,0.87353,0.94878,-0.64133,-0.47115,0.46853
-0.074773,0.66248,-0.27211,0.88022,-0.083361,0.27259,-0.85297,0.95026,0.5517,0.27085,0.7508,-0.81477,0.20171,0.84594,-0.60156,0.95003,0.33003,0.31134,0.79175,-0.41669,0.8844,-0.86559,0.76985,-0.77867,-0.28242,-0.046302,0.52911,-0.26626,-0.81058,-0.017134,-0.84278,0.24435,0.60167,-0.51064,-0.33135,0,-0.25885,-0.58395,-0.16261,0.34968,-0.37259,-0.83424,0.95163,-0.84373,0.13661,-0.34392,-0.19333,0.83914,0.59006,0.98768,-0.47168,0.70493,0.26592,0.37022,-0.43755,0.51375,-0.78994,-0.13232,0.4242,-0.18467,-0.34355,-0.23748,-0.56411,0.15545,-0.23108,-0.21635,-0.76682,-0.85437,0.058049,-0.97855,0.78937,-0.54577,-0.19364,0.87738,0.03366,-0.57238,0.21906,-0.29212,0.74469,0.54036,-0.72439,0.24635,-0.65287,-0.012309,0.77694,0.95461,-0.035707,0.585,0.038583,0.81449,0.70402,0.95547,0.55682,-0.021394,-0.76279,0.33091,0.17046,-0.86936,0.2313,0.81837,-0.099943,0.39006,0.74384,-0.83153,-0.84003
0.76245,-0.8132,-0.18298,-0.4355,0.54011,0.096243,-0.13718,0.29967,0.78123,-0.63394,0.82525,0.69828,-0.35798,0.85101,-0.66985,-0.090756,-0.54465,-0.52495,-0.8142,0.34614,-0.61112,-0.21865,0.71368,0.011759,0.26809,-0.61868,0.50293,0.58735,0.8222,-0.21652,-0.41029,-0.72832,0.080951,-0.61965,-0.083181,-0.25885,0,0.70755,0.93877,-0.62606,0.58445,0.99686,-0.7896,0.9904,0.53134,0.49275,0.50271,-0.62974,-0.90264,0.99361,0.56986,0.54473,-0.25007,-0.44261,-0.28547,0.076842,-0.35385,0.80665,-0.77325,0.086611,-0.44006,-0.3146,-0.67442,0.050373,-0.49048,-0.44724,-0.94734,0.67324,0.63603,-0.20851,0.30418,-0.10441,0.09181,-0.70996,0.43355,-0.22866,0.068949,-0.13605,-0.28078,0.50749,0.31629,-0.86369,-0.13981,0.27176,-0.088672,0.0055073,-0.017109,-0.45656,0.66407,0.65088,0.23586,-0.60586,-0.14729,-0.45339,-0.47288,-0.70975,0.66993,-0.75907,-0.32454,0.30017,-0.2892,0.51235,0.13535,0.21305,-0.73841
-0.4622,-0.73051,-0.16841,-0.79555,0.55298,0.77715,-0.78184,-0.21643,0.43392,-0.81059,-0.0037617,-0.88868,0.88716,0.37289,0.49391,-0.075239,-0.61001,0.50079,0.86537,-0.39179,0.89812,0.95096,0.4076,0.91767,0.088254,0.95963,-0.22074,-0.51287,0.34836,0.82917,-0.099654,-0.50153,0.20701,0.60623,0.8369,-0.58395,0.70755,0,-0.042132,0.83294,0.86727,-0.21153,-0.87078,0.34967,0.92924,-0.54039,-0.10858,0.16753,0.77786,0.94006,-0.3232,-0.40974,-0.18009,0.16273,0.2296,-0.52364,-0.65502,0.41042,0.16593,0.33051,0.17737,0.93141,0.79495,-0.47268,0.44339,-0.046382,0.22239,-0.86082,-0.69809,-0.12908,0.16504,0.25473,0.16254,-0.44369,0.27412,-0.39557,0.34211,0.67541,-0.71075,-0.37701,-0.87005,-0.93472,0.98014,0.61182,0.71979,0.90743,-0.28515,0.90017,0.18792,0.94431,0.25026,0.18553,0.97372,0.22121,-0.068726,0.19834,0.692,-0.73424,0.63576,0.58696,0.85927,-0.82555,-0.84067,-0.71371,0.2121
0.75479,-0.53688,-0.66006,-0.088798,0.71328,-0.7034,0.37154,0.79306,-0.21699,0.34845,0.23249,-0.74214,0.10061,0.33863,-0.44878,0.56122,-0.10764,-0.50097,-0.19039,-0.61611,-0.48798,0.13836,0.4745,0.77826,-0.4375,-0.85977,0.35339,0.28189,0.15472,0.99141,-0.58664,0.59422,-0.3499,-0.85317,0.9075,-0.16261,0.93877,-0.042132,0,-0.44297,-0.65451,0.47504,0.50409,-0.48177,-0.51478,-0.63337,0.79152,-0.87981,0.2161,-0.97776,-0.16421,-0.21389,0.27061,-0.32806,-0.72797,0.80775,0.45138,-0.12867,0.58229,-0.005208,0.15887,-0.30025,0.35573,0.3707,0.56047,-0.6374,0.42264,-0.1094,-0.12377,0.85652,-0.50084,-0.32605,-0.26129,0.99821,0.091303,-0.79113,0.6027,-0.66374,0.095328,-0.35136,0.75393,-0.98626,-0.23665,0.015785,0.042516,0.67562,0.75436,-0.15331,0.49998,-0.33946,0.069045,0.53628,-0.83158,0.15702,0.63217,-0.26057,-0.22194,0.29801,0.76585,-0.78141,-0.029648,-0.97797,-0.67197,0.85404,0.078838
0.49392,-0.59003,0.11951,-0.42967,0.45896,0.70741,-0.74478,0.95889,0.59474,0.36662,0.27247,0.092641,0.24637,0.85859,-0.92073,-0.68452,-0.59457,0.051631,0.88442,-0.75636,0.049177,0.59776,-0.48413,-0.47508,-0.64332,-0.99474,-0.74951,0.23126,0.38098,0.33425,0.91973,-0.25828,0.25312,0.39479,-0.5704,0.34968,-0.62606,0.83294,-0.44297,0,-0.75285,0.89803,0.91971,-0.96151,0.40242,-0.058291,-0.48694,-0.90331,0.15401,-0.4859,-0.55696,0.26088,-0.65771,0.88718,-0.37821,-0.27435,0.83113,0.81987,0.72546,-0.94333,-0.39759,0.31908,-0.85825,0.15062,0.75686,-0.99162,-0.72605,-0.10247,-0.12659,-0.7835,-0.49661,0.34661,-0.18815,0.71545,-0.36796,-0.92683,-0.68818,-0.93215,0.90452,0.89739,0.44649,0.28672,0.50452,-0.23802,-0.30779,-0.5501,0.83078,0.99007,-0.99878,0.86098,-0.68036,0.15744,-0.88845,0.29174,0.35968,0.83236,0.52809,-0.25299,0.36126,0.47309,-0.55314,0.64692,-0.37402,-0.96431,-0.91893
-0.29108,-0.33022,0.47076,-0.76891,0.27121,-0.61998,0.55846,-0.31192,-0.77001,-0.84705,0.64532,0.62579,0.93304,-0.98178,-0.12551,0.33245,-0.57175,0.36651,0.41338,0.3086,-0.54882,0.73582,0.27305,0.62066,0.70523,0.31305,-0.66763,0.59388,0.36478,-0.65532,0.26651,0.18546,0.47486,-0.31693,-0.52492,-0.37259,0.58445,0.86727,-0.65451,-0.75285,0,-0.23389,0.71674,0.094394,0.99141,0.12061,-0.98623,0.75504,0.84033,-0.44155,0.74784,0.68293,-0.76124,0.29751,-0.67001,-0.64773,0.21065,0.88895,0.12232,0.43378,-0.20003,0.018564,-0.55388,-0.49742,0.48083,-0.35148,0.86708,-0.10912,0.87905,0.7265,-0.20316,0.21085,0.030682,0.90324,-0.60792,0.7738,0.64043,0.77874,0.75791,0.474,-0.027695,-0.62389,-0.87989,-0.66384,-0.80662,-0.53884,-0.23054,0.0023431,-0.21873,-0.244,0.51684,-0.36053,-0.44107,0.65109,0.82583,-0.44921,-0.66407,0.52124,0.24737,0.047352,0.78948,0.43978,0.62592,-0.5563,0.18952
0.34386,-0.23135,0.30834,-0.099657,0.71705,0.32744,0.64761,0.5284,0.26998,0.72622,0.23787,-0.86299,0.22041,0.83165,-0.27772,-0.57471,-0.17153,0.74095,0.26395,0.35175,0.048724,-0.79635,0.45976,-0.9959,-0.92234,0.88652,0.025656,-0.76677,0.45576,-0.83209,0.41146,0.81381,0.19687,0.92278,0.60356,-0.83424,0.99686,-0.21153,0.47504,0.89803,-0.23389,0,-0.61943,0.42302,0.15734,0.86685,0.63046,-0.13563,-0.88952,-0.41779,0.16004,-0.083001,-0.35694,-0.075574,-0.40998,0.053398,0.034775,-0.9346,0.13278,-0.2851,0.78552,-0.12892,-0.23051,-0.56123,-0.30882,-0.37718,-0.49761,0.1141,-0.91449,0.91447,-0.92193,0.34684,0.54039,-0.25701,-0.96484,-0.41511,0.68161,-0.69909,-0.49275,-0.43094,-0.24717,0.11992,0.796,0.42799,0.60842,-0.68764,-0.87562,0.58247,0.041272,-0.89355,0.19957,-0.62494,0.5357,0.90272,0.056451,0.54924,-0.060658,0.29987,-0.8853,-0.93107,0.56155,0.2742,0.95581,0.046017,0.48781
-0.030446,-0.62487,0.79143,-0.45438,-0.0052537,-0.18561,0.8141,0.8014,0.64453,0.13916,-0.85259,0.78083,-0.66384,0.13524,0.37126,-0.068927,0.17342,0.034125,-0.81823,0.94282,-0.417,0.16551,-0.79551,0.17764,-0.37126,-0.88903,-0.24019,-0.40935,-0.81838,0.88915,0.63053,-0.092219,-0.96253,-0.8732,0.26278,0.95163,-0.7896,-0.87078,0.50409,0.91971,0.71674,-0.61943,0,-0.1556,0.018209,-0.61294,0.41747,0.55709,-0.2706,-0.2664,0.34893,-0.45871,0.43321,-0.86926,0.25761,0.33829,-0.085555,0.31463,-0.89234,0.037033,0.55111,0.37197,0.80703,-0.56646,0.6614,-0.66172,-0.44865,0.51245,0.13911,-0.55221,-0.52924,0.20471,0.50715,0.039991,0.53859,0.019042,-0.52302,0.057628,0.51347,-0.86194,0.76302,-0.27655,-0.14964,-0.72172,0.92759,0.42964,-0.75801,-0.30247,0.088724,-0.36835,-0.36861,0.11017,-0.48671,-0.025707,0.64378,-0.61963,0.59698,-0.32815,-0.50128,-0.74567,-0.28422,-0.59273,-0.093889,-0.083766,0.1258
-0.52286,0.33879,0.6797,0.39416,-0.39609,0.67806,0.3724,-0.69158,-0.83271,0.60746,0.50837,0.17787,-0.37241,0.29225,0.39895,0.89944,0.5888,0.80912,0.46115,0.85326,-0.62289,0.8677,-0.63028,-0.3389,-0.15415,-0.30301,0.76017,-0.85004,0.54739,-0.088619,0.17004,-0.014183,-0.14346,-0.80447,0.71179,-0.84373,0.9904,0.34967,-0.48177,-0.96151,0.094394,0.42302,-0.1556,0,0.27385,0.065107,-0.15468,-0.10562,0.3369,-0.72414,-0.83868,0.91198,0.70838,0.88943,0.65981,0.16553,-0.53535,-0.30199,-0.58981,-0.39173,-0.73166,0.55293,0.14849,-0.49016,-0.97203,-0.70461,0.76643,0.33645,-0.012683,0.86721,0.0084359,-0.25993,0.17612,-0.0089658,-0.58709,0.3662,0.39216,0.31341,-0.74532,-0.7212,-0.20424,0.30882,0.58538,-0.33048,-0.66281,0.12179,0.85216,-0.41133,0.27432,-0.54014,0.28166,0.47822,0.65489,0.78452,0.70676,-0.18587,-0.24309,-0.93727,-0.38827,0.61183,-0.46619,-0.63246,0.34052,0.52252,-0.15782
0.71312,0.79297,-0.9469,-0.54489,0.98754,0.093417,-0.47406,0.20412,-0.28408,-0.2751,-0.92446,0.62957,-0.57447,0.94382,0.46217,-0.74187,-0.1808,0.40347,-0.95971,-0.19571,-0.34471,0.42333,0.276,0.26225,0.25471,-0.26298,0.94232,-0.76078,-0.8898,0.086517,0.52012,0.025313,-0.17817,-0.072682,0.032863,0.13661,0.53134,0.92924,-0.51478,0.40242,0.99141,0.15734,0.018209,0.27385,0,0.23553,-0.3779,0.97713,-0.80037,-0.35177,0.87904,-0.26738,0.3627,-0.42333,0.13753,-0.73853,0.095595,-0.12823,0.86489,0.91544,-0.017004,-0.76789,0.10104,0.79541,-0.28467,-0.092239,-0.59786,0.93461,-0.43575,-0.20647,0.71602,-0.31251,0.06358,-0.19096,0.98516,-0.72274,0.18793,0.86043,0.25001,0.12773,-0.54534,-0.6575,-0.93558,0.048346,0.94025,0.30322,0.35168,0.73147,0.17996,0.91641,0.17615,-0.64305,-0.77476,-0.80314,-0.98835,-0.85205,0.29608,0.19719,0.5087,0.081163,-0.88053,0.18919,0.68278,-0.46518,0.053985
