,,,,,,,,,,,,,,,,,,,,,,,,,,,,,,,,,,,,,,,,,,,,,,,,,,,,,,,,,,,,,,,,,,,,,,,,,,,,,,,,,,,,,,,,,,,,,,,,,,,,,,,,
0,-0.51476,0.76973,0.54063,0.91417,-0.55624,-0.95317,0.15874,0.024787,0.66162,0.28345,-0.52605,0.4574,-0.5951,0.57844,0.097213,-0.54034,-0.064753,0.72381,0.89188,0.79844,-0.44919,-0.42672,-0.030293,-0.90015,0.48362,0.76123,-0.41378,0.21769,0.90559,-0.27031,-0.15816,0.31005,0.42075,-0.33277,-0.204,-0.046685,0.53198,0.52511,-0.7949,0.21326,-0.9797,-0.19339,-0.91749,-0.98227,-0.49922,0.45152,0.62448,0.48894,0.66828,-0.44605,0.51535,0.56962,0.031945,-0.69459,-0.44381,-0.43995,-0.4564,-0.81093,-0.035136,0.061304,-0.1477,0.5494,0.72298,-0.96367,0.89434,-0.32353,-0.45218,-0.15743,0.21455,0.90166,0.68745,-0.54551,-0.89265,-0.49713,-0.55535,-0.9245,0.63563,0.55069,0.87661,-0.18275,-0.55858,-0.59357,-0.42847,0.72841,0.41723,-0.24618,0.77489,0.70509,0.84719,-0.91147,0.52885,0.13472,-0.18755,0.22268,0.97282,-0.53391,-0.86534,0.36741,0.98411,-0.49937,0.77157,-0.88758,-0.71447,0.2509
-0.51476,0,-0.70091,0.14525,-0.49716,-0.20202,0.7698,-0.85775,0.42759,0.0084437,0.89108,0.074537,-0.4097,-0.15186,-0.33171,-0.58721,-0.96201,0.064095,0.25216,0.75071,0.34073,0.57823,-0.15148,-0.7914,-0.99827,-0.51846,-0.7739,-0.43361,0.56906,-0.73894,-0.2611,-0.49495,0.058293,0.72917,0.74939,-0.045336,-0.93796,-0.57569,-0.56813,-0.50552,0.39838,0.66086,0.97812,0.63003,-0.74133,-0.23451,0.28568,0.56991,0.70139,-0.11486,0.7661,-0.1169,-0.097186,0.95729,0.7817,-0.67961,0.45545,-0.75537,-0.31529,-0.48533,0.80358,0.95622,0.35529,0.26673,0.14961,-0.42912,0.48975,0.23235,0.52731,-0.72111,0.18481,-0.39949,-0.46439,-0.70799,0.62201,-0.3529,0.22469,-0.7637,0.56803,-0.38605,0.53015,-0.10908,0.13293,-0.37542,0.37837,0.55637,0.63055,0.97244,-0.48406,0.3162,-0.43494,-0.22233,-0.40143,-0.21177,0.79225,-0.54322,0.2093,0.45229,-0.23537,0.81303,-0.34743,-0.46798,-0.14624,0.52532,-0.83843
0.76973,-0.70091,0,0.6105,0.46136,-0.16374,0.62362,-0.3976,0.085053,0.19428,-0.53323,0.56586,0.64485,0.5875,-0.32723,-0.68293,-0.62439,0.74538,-0.0094455,0.62619,-0.10896,0.8508,-0.34739,0.25865,0.64164,-0.91358,-0.49839,0.47285,0.67672,0.15603,0.41766,-0.47663,0.3858,-0.71625,-0.32872,-0.36087,-0.93916,-0.88518,-0.15597,0.1377,-0.00075414,-0.99109,0.90228,0.52524,0.69237,-0.48595,0.28596,-0.93201,0.70047,0.029264,0.40975,-0.71751,0.2441,-0.84584,0.24421,-0.81954,0.16123,-0.15552,-0.68803,0.8508,-0.69756,-0.31645,-0.70325,-0.36506,-0.97122,0.95958,-0.3263,0.32081,0.74657,-0.90069,0.62181,0.089514,-0.89978,-0.04241,0.98762,-0.38101,-0.88068,0.14363,-0.53889,-0.10454,-0.94852,-0.81887,0.26059,-0.43927,-0.51028,-0.66045,0.34882,-0.72547,-0.91483,-0.069795,0.10734,-0.088338,-0.48414,-0.50731,-0.18981,-0.72663,-0.75487,0.89956,-0.16967,-0.22028,0.75753,-0.35968,0.87146,-0.82911,0.92981
0.54063,0.14525,0.6105,0,-0.27574,-0.97113,0.66506,0.89159,-0.056488,-0.56245,-0.1351,-0.40333,-0.97537,0.24426,0.21088,0.90684,-0.78289,0.83741,0.58187,-0.12596,-0.074655,0.52337,0.61894,0.75797,0.65928,-0.47545,-0.97703,0.53832,0.43145,-0.42078,-0.20634,0.013847,-0.49027,-0.74979,-0.62288,0.31487,0.37378,0.94194,-0.6701,-0.96937,-0.5015,-0.59523,-0.13841,-0.055927,-0.82546,0.76829,-0.51129,-0.94006,-0.80412,0.010386,0.65483,-0.87268,0.96844,-0.82837,0.71212,-0.21531,0.10199,-0.27089,0.22905,-0.90667,0.70738,0.18085,-0.47633,0.24823,0.30917,0.093994,-0.21966,-0.11191,0.090816,-0.46466,-0.81643,-0.59756,0.49168,-0.959,-0.68371,0.19548,-0.2738,-0.84873,0.09459,-0.66059,-0.15525,0.038122,-0.28447,0.82341,-0.21204,0.0054933,0.37254,0.82354,0.60133,0.19306,-0.59545,-0.78206,-0.28358,0.094407,-0.99785,-0.67463,-0.38964,0.19709,-0.14749,0.36969,-0.038313,-0.98993,-0.38147,0.10826,0.92338
0.91417,-0.49716,0.46136,-0.27574,0,0.69333,-0.46688,-0.66754,-0.37751,0.74149,0.18444,0.69149,0.36619,0.68107,0.97529,-0.72087,-0.8824,0.28339,0.69676,-0.76424,-0.31829,-0.80764,0.92521,-0.78312,0.9822,0.31125,-0.73511,-0.61036,-0.11731,-0.96049,0.063829,-0.52871,-0.85964,0.51019,0.93145,0.44395,-0.1014,-0.20061,-0.72623,-0.47432,0.98796,0.63361,-0.19296,-0.59158,-0.53643,0.28481,-0.48737,-0.14858,-0.41191,-0.78546,0.20021,0.79882,-0.922,-0.10288,-0.50959,-0.91593,0.9914,0.92005,-0.67808,0.32506,0.0043589,0.94623,0.73829,-0.41796,0.81779,0.78134,0.2012,0.22232,-0.73676,0.15587,-0.17224,0.14083,0.32862,0.50171,0.8383,-0.63097,-0.87454,0.69255,0.32826,0.9389,-0.99678,0.24223,0.56719,-0.85144,-0.047076,0.17011,0.99986,0.84592,-0.2558,0.7201,0.087454,0.62993,0.39171,-0.097461,-0.91806,0.24511,0.5479,-0.69745,0.49708,0.30855,0.19033,-0.7949,0.50021,0.14889,-0.80763
-0.55624,-0.20202,-0.16374,-0.97113,0.69333,0,-0.50046,0.75083,0.85277,0.26943,-0.85696,0.9033,0.33422,-0.98656,0.55049,0.28379,0.26164,0.56378,-0.71737,-0.90874,0.16358,-0.91632,-0.16504,0.26078,-0.33201,-0.12471,-0.1693,-0.57012,0.57759,0.60197,-0.68881,-0.88075,-0.70168,0.77489,-0.79394,-0.78185,-0.83399,0.21798,-0.54427,0.9588,-0.5437,-0.30746,-0.62504,-0.53412,-0.34905,0.79102,-0.77296,-0.86551,0.55754,-0.7943,0.19511,0.19691,-0.028203,-0.36606,-0.20201,-0.68759,0.88961,-0.49279,0.51744,0.24339,-0.34295,0.35895,-0.70642,-0.24386,-0.6945,0.0034542,0.98716,-0.21695,0.14112,0.37788,0.57611,0.14082,-0.17675,0.2158,0.091905,0.51507,0.28901,-0.9098,0.22732,-0.034775,0.092944,0.8007,0.96163,0.17648,0.67494,-0.94193,-0.12877,0.080829,0.30756,-0.32837,-0.69593,-0.23336,-0.10785,-0.19378,0.69071,-0.060279,0.60244,-0.1394,-0.22212,-0.0026287,0.55276,0.6624,0.51954,0.78773,-0.11721
-0.95317,0.7698,0.62362,0.66506,-0.46688,-0.50046,0,-0.57641,0.017252,-0.24885,-0.45572,0.08945,-0.22936,-0.040811,0.059268,-0.089598,0.94957,0.48556,0.077677,0.57175,-0.93865,-0.76736,-0.63267,-0.20503,0.069624,-0.67095,-0.007243,-0.52144,-0.27331,-0.80109,-0.95531,-0.10702,-0.36279,0.73279,0.45521,0.61386,0.83604,0.29569,0.12491,0.54187,-0.064823,0.28676,0.46931,-0.21485,0.92372,0.8716,-0.29812,0.15717,0.79548,0.24163,0.51398,-0.29922,-0.8069,0.8748,0.70522,0.48898,-0.36583,-0.24243,0.3778,-0.92733,0.50018,0.21241,0.19599,0.00081092,-0.53262,-0.34142,-0.26518,-0.34579,0.18542,0.61898,-0.5042,0.45269,-0.99577,0.73488,-0.81782,-0.68379,0.29741,0.17973,0.26559,0.64015,0.23875,-0.95602,0.58375,0.36775,0.53427,-0.40335,0.79845,-0.11752,0.67422,0.36802,0.96981,0.1759,0.15068,0.33201,0.7118,0.79153,0.9825,0.33895,-0.33697,0.21157,0.5116,0.25787,-0.78907,0.76255,-0.11675
0.15874,-0.85775,-0.3976,0.89159,-0.66754,0.75083,-0.57641,0,-0.86255,-0.70727,-0.95134,-0.20557,-0.69975,0.42265,0.82521,-0.12316,0.48422,-0.16515,0.89316,0.69471,0.21727,-0.80033,-0.96315,-0.064757,0.94437,0.67107,-0.20622,0.23822,0.83603,0.68157,0.74635,-0.43505,-0.831,-0.70297,-0.45596,-0.15411,0.30769,0.37208,-0.5881,-0.0456,-0.98052,-0.3283,0.18749,-0.27015,-0.27224,-0.88492,-0.36055,0.04427,-0.14928,0.12419,-0.0051746,-0.38838,0.72201,-0.43928,-0.18894,0.98355,-0.94519,-0.38822,-0.3632,-0.2751,-0.33625,-0.11507,-0.39276,-0.51279,-0.01311,-0.59295,0.21086,-0.39893,0.6971,0.64779,0.80847,-0.56849,0.99435,-0.9147,-0.2436,0.77538,-0.24687,-0.3096,-0.11107,0.8334,0.46655,-0.17353,0.35319,-0.1657,-0.69336,0.72951,-0.49078,-0.33001,0.20829,-0.11495,-0.27775,-0.16414,0.88045,0.83164,0.23988,-0.35765,-0.6324,0.8774,0.066041,0.82416,0.19288,0.19747,0.2641,0.18179,-0.32416
0.024787,0.42759,0.085053,-0.056488,-0.37751,0.85277,0.017252,-0.86255,0,-0.69755,-0.86137,-0.78511,-0.58692,-0.43363,-0.14926,-0.58669,0.69966,0.40137,0.85825,-0.68727,-0.8098,0.33702,-0.81713,0.27752,-0.97309,0.75876,0.0029549,0.83307,0.3855,0.42484,-0.4789,0.9787,-0.30123,0.38832,0.76978,0.13356,0.94748,-0.24619,0.25101,0.31235,-0.40038,-0.46395,-0.72512,0.5302,0.040677,0.42451,0.85512,-0.87942,-0.42343,-0.29333,0.55483,0.22152,-0.63102,0.036681,-0.94848,0.56226,0.65947,-0.7794,-0.31369,-0.3668,-0.18911,0.69775,-0.97395,0.33891,0.11464,0.31894,-0.90161,0.030781,0.68542,-0.74471,-0.80701,-0.026355,0.78855,-0.4473,-0.92819,0.23266,-0.40067,-0.77559,-0.9299,0.58832,0.31369,-0.030652,0.10066,-0.94216,-0.57442,0.73328,0.95489,-0.79558,0.47828,0.76795,-0.5942,-0.22669,0.39352,0.16789,-0.49157,-0.40065,0.71632,0.41165,-0.30992,-0.50752,0.16475,-0.55734,-0.15198,-0.22806,0.6695
0.66162,0.0084437,0.19428,-0.56245,0.74149,0.26943,-0.24885,-0.70727,-0.69755,0,0.62811,-0.78023,-0.44329,-0.24085,0.081565,0.45332,0.93847,-0.10075,0.13826,0.74215,-0.4075,0.14629,-0.95053,0.97005,0.76458,-0.45165,0.96604,0.15005,-0.66897,-0.80841,-0.93015,0.083165,-0.4819,-0.63745,-0.8338,0.87254,0.50233,0.80336,-0.46457,-0.052909,-0.8231,-0.26783,0.4054,0.85228,-0.22203,-0.42749,0.35765,-0.62168,-0.70745,0.36494,0.46296,0.14735,-0.38751,0.71657,-0.47849,-0.013226,-0.051896,0.091121,-0.16572,0.19945,-0.64364,-0.83966,0.1652,-0.52231,-0.21438,0.43985,-0.55876,-0.57209,-0.34839,-0.15074,0.17854,0.21883,0.53747,0.737,-0.73719,0.44559,0.0096988,0.93395,0.66613,0.65531,-0.079701,0.21133,-0.96024,-0.79951,-0.40418,-0.82981,0.98129,0.30175,-0.44476,-0.0044445,-0.5597,0.408,0.22724,0.0064453,-0.67272,0.089586,0.65685,0.6069,0.46849,-0.41803,-0.91283,-0.7774,-0.28247,-0.90597,0.73375
0.28345,0.89108,-0.53323,-0.1351,0.18444,-0.85696,-0.45572,-0.95134,-0.86137,0.62811,0,-0.14892,-0.39541,0.25193,0.06743,0.41881,0.52843,0.46982,0.44124,-0.63173,0.96327,0.79963,0.80585,-0.55277,-0.12517,-0.44711,0.30634,-0.018703,-0.050751,0.43459,-0.94939,-0.3703,0.16323,-0.96889,0.09322,0.53721,0.56706,-0.63264,0.69062,-0.096726,-0.70426,0.44924,0.20595,-0.63761,0.49901,-0.70904,-0.027252,0.48164,-0.32721,-0.30763,-0.35654,-0.15477,-0.077968,-0.24795,-0.71647,-0.23087,0.093653,-0.44198,-0.2777,0.081205,0.97821,0.97906,-0.28804,-0.13909,-0.62171,0.55635,-0.28626,-0.59004,-0.086296,0.89917,-0.83061,-0.64656,-0.48967,0.22235,-0.54525,-0.72087,-0.47512,0.038145,-0.88173,-0.066347,-0.78523,0.45572,-0.034654,-0.58976,-0.21841,-0.96693,-0.093534,0.47905,0.68075,0.78365,-0.93967,-0.15698,0.89399,0.14557,0.33472,-0.68747,-0.50172,-0.10318,-0.2615,0.0061379,0.56721,-0.80642,-0.19459,-0.46077,0.80631
-0.52605,0.074537,0.56586,-0.40333,0.69149,0.9033,0.08945,-0.20557,-0.78511,-0.78023,-0.14892,0,0.44155,0.47792,0.82479,0.28077,0.7494,-0.60713,0.94621,0.0046405,0.023113,0.25266,-0.62711,-0.54187,-0.04314,-0.11348,-0.70063,0.34758,-0.78105,0.45527,-0.53181,0.30956,0.5285,0.68061,-0.28375,0.0073885,-0.8724,0.049732,-0.88935,-0.92597,0.33897,-0.21302,-0.84831,0.38689,-0.45926,-0.49575,0.48133,0.39064,0.89108,0.42929,-0.49952,-0.79953,0.19299,0.21258,0.30491,0.33901,0.43215,-0.021461,-0.58695,0.32996,0.88561,0.63266,-0.90966,0.52656,-0.33489,0.36602,-0.32005,-0.4064,0.015202,-0.67901,0.33573,-0.47752,-0.86979,-0.524,0.59482,-0.43417,-0.929,-0.95545,0.35865,0.092959,-0.41907,0.94244,-0.12289,0.9199,0.32688,-0.87753,-0.52347,-0.16222,-0.45858,-0.34065,-0.99208,-0.00042768,-0.96755,0.34333,0.42093,-0.92608,-0.05042,-0.19358,0.55118,-0.35706,0.76061,-0.87889,-0.66,-0.57913,0.39699
0.4574,-0.4097,0.64485,-0.97537,0.36619,0.33422,-0.22936,-0.69975,-0.58692,-0.44329,-0.39541,0.44155,0,0.84565,0.61378,-0.28313,0.65532,0.73293,-0.60097,-0.26928,0.047909,0.27542,-0.55664,-0.86697,0.54872,-0.63029,-0.8588,0.84253,-0.043167,0.098628,-0.15865,-0.37811,-0.36771,-0.15802,-0.053365,0.9975,0.98258,-0.38839,0.92182,-0.59923,-0.36846,0.11538,-0.54105,-0.70679,-0.29535,-0.99227,-0.85048,0.5238,0.4625,-0.6634,0.29401,-0.48713,-0.061041,0.61752,0.87853,0.33787,-0.095869,0.77744,0.64423,-0.85342,0.61697,0.99062,-0.48949,0.14058,0.21667,0.21714,-0.88871,-0.25274,0.83554,0.48715,0.89855,-0.26603,-0.90813,0.65817,0.23767,-0.79465,0.17344,-0.96816,0.4644,0.51699,-0.83781,0.21997,0.029522,0.35822,0.54725,-0.20312,0.69352,-0.46897,-0.089574,-0.17933,0.96488,-0.90277,-0.25363,-0.84553,-0.78972,-0.96932,-0.94136,-0.18576,0.35036,0.4919,0.33939,0.037317,-0.66335,-0.63307,0.95653
-0.5951,-0.15186,0.5875,0.24426,0.68107,-0.98656,-0.040811,0.42265,-0.43363,-0.24085,0.25193,0.47792,0.84565,0,-0.63605,0.077875,-0.56625,-0.19692,-0.71778,0.005758,-0.11583,-0.89395,-0.5324,0.1181,-0.13168,-0.55115,-0.77948,0.417,-0.55244,0.54836,0.10326,0.88351,-0.72917,0.19333,-0.61169,0.28843,-0.40299,-0.83758,-0.35861,-0.033714,0.1862,0.97304,0.10793,0.92914,0.71121,0.1386,-0.55442,-0.24272,0.78942,-0.087396,-0.059476,-0.89642,-0.14574,-0.25688,-0.80876,0.94072,0.25728,0.55337,-0.087956,0.62834,0.010932,-0.41509,-0.31406,0.91016,-0.40762,0.99455,-0.47231,-0.97338,-0.38108,-0.39842,0.52005,0.20736,0.078868,0.9191,-0.61691,0.45528,0.41098,-0.96052,-0.83966,0.83059,0.43326,0.55782,-0.58067,-0.011205,-0.39798,0.045626,-0.84188,-0.33848,-0.81676,-0.73704,-0.27035,0.5004,-0.52929,0.10758,0.19052,-0.89773,0.66738,-0.61286,-0.27203,-0.93531,-0.79752,-0.11702,-0.57811,-0.99166,-0.40899
0.57844,-0.33171,-0.32723,0.21088,0.97529,0.55049,0.059268,0.82521,-0.14926,0.081565,0.06743,0.82479,0.61378,-0.63605,0,0.71975,-0.97043,0.16989,0.70972,-0.66565,-0.39084,0.81514,0.5464,0.90136,0.38681,-0.076291,0.82104,-0.74739,-0.16615,-0.47259,-0.224,0.56159,-0.31505,0.051931,0.34873,-0.97284,-0.72165,-0.71124,0.51352,0.77134,-0.2194,-0.15641,-0.82861,-0.65441,-0.93827,-0.79687,-0.98315,-0.78562,-0.41779,-0.87158,-0.76785,0.48243,-0.93349,0.49239,-0.84819,-0.51408,-0.91629,0.54717,0.99298,-0.9577,-0.84261,-0.90975,0.026309,0.40021,0.70732,0.57479,-0.6989,-0.27113,0.69696,0.86374,-0.44531,0.62007,0.7685,0.93063,-0.74266,0.72818,-0.87586,0.79783,-0.97407,-0.8834,-0.43604,0.84228,-0.58215,-0.64867,-0.9952,0.33397,-0.44481,0.57765,-0.70476,-0.06851,-0.67978,-0.22295,-0.91069,-0.54031,-0.54546,0.8432,0.26937,-0.21462,-0.88819,-0.56259,-0.20937,-0.8651,0.24638,0.49567,-0.07169
0.097213,-0.58721,-0.68293,0.90684,-0.72087,0.28379,-0.089598,-0.12316,-0.58669,0.45332,0.41881,0.28077,-0.28313,0.077875,0.71975,0,0.029567,-0.25248,0.80112,0.97553,-0.30281,0.97392,0.43594,-0.55874,0.55296,-0.34358,0.18714,0.3427,0.79973,0.76396,0.43349,0.18654,0.23695,0.77457,-0.95172,-0.7552,0.96496,-0.8837,-0.95088,0.84752,0.77183,0.3613,-0.73119,-0.29621,0.67258,-0.94841,0.59573,-0.20214,0.68245,0.046386,-0.072651,0.21522,0.2085,0.4046,0.25895,-0.65664,0.70433,-0.93086,0.99395,-0.56039,0.66753,-0.14147,0.31145,-0.48206,-0.30403,0.18494,0.85467,-0.94479,-0.19782,0.47203,-0.44181,0.42008,-0.79629,0.57898,0.085368,0.38325,-0.57231,0.36616,0.18834,0.17751,0.16463,-0.56014,-0.41098,0.32601,0.85975,0.25458,-0.3273,-0.95681,0.36039,0.19678,0.0010037,-0.24013,-0.013674,-0.098686,-0.0081549,-0.047325,0.70396,0.56263,0.35611,0.95955,0.11545,0.67524,0.039574,-0.57671,0.73446
-0.54034,-0.96201,-0.62439,-0.78289,-0.8824,0.26164,0.94957,0.48422,0.69966,0.93847,0.52843,0.7494,0.65532,-0.56625,-0.97043,0.029567,0,0.74901,-0.068164,0.9767,-0.15149,-0.86204,0.67593,0.48121,-0.14414,-0.12767,0.92621,-0.36469,-0.24682,-0.169,0.54305,0.63425,-0.96365,-0.52218,0.57228,0.23173,0.2352,0.72258,-0.12461,-0.47099,0.89523,0.4874,-0.11978,0.30549,0.86579,0.0088683,0.28543,-0.9504,-0.029372,-0.51452,0.38623,-0.9354,-0.38099,0.75149,-0.11804,-0.88536,0.13489,-0.37945,0.47346,-0.3202,-0.30384,-0.25174,-0.61556,0.7221,0.95239,0.40774,0.96465,0.83807,0.69809,0.92644,0.65044,-0.58432,0.47673,0.28516,0.55037,0.7145,-0.11031,-0.61369,0.53196,-0.46789,0.42752,0.10879,0.86341,0.72938,0.53554,0.13874,-0.30103,-0.91049,-0.44528,0.89977,0.9913,-0.59605,0.012738,-0.69962,0.89548,-0.027867,-0.77008,-0.33921,-0.74284,0.86167,0.81162,-0.60489,-0.9795,-0.29223,-0.3668
-0.064753,0.064095,0.74538,0.83741,0.28339,0.56378,0.48556,-0.16515,0.40137,-0.10075,0.46982,-0.60713,0.73293,-0.19692,0.16989,-0.25248,0.74901,0,-0.25195,0.84651,-0.34684,-0.047608,0.78465,0.20962,-0.45411,-0.16972,0.016294,0.011615,0.19393,-0.045838,0.70059,0.32886,0.13069,0.55992,0.22168,0.80587,0.16032,-0.048323,-0.62771,-0.40829,-0.78341,-0.86076,-0.39525,-0.79732,0.82966,0.53313,-0.93003,-0.85594,0.017754,-0.023468,-0.41417,-0.52841,0.58195,0.0062085,0.3936,0.60479,-0.21681,-0.043568,0.74298,-0.79062,0.75468,-0.96771,0.76497,0.73242,-0.82541,-0.36525,-0.12815,-0.89197,-0.44536,0.99327,-0.12867,-0.43747,0.18891,-0.87562,-0.77681,0.55913,0.29944,0.85742,0.98823,0.64247,0.10329,0.57324,0.61038,-0.3433,0.47803,0.26613,-0.048347,0.26291,-0.68948,-0.28545,-0.11034,0.31976,0.98403,0.25634,-0.2898,-0.11996,0.91419,-0.83443,0.64888,-0.68017,-0.20469,-0.53136,0.70109,-0.88549,0.12998
0.72381,0.25216,-0.0094455,0.58187,0.69676,-0.71737,0.077677,0.89316,0.85825,0.13826,0.44124,0.94621,-0.60097,-0.71778,0.70972,0.80112,-0.068164,-0.25195,0,-0.82523,0.54956,-0.37419,-0.42141,-0.98417,-0.38885,0.5266,0.48096,-0.7947,-0.95492,-0.60691,-0.69535,0.051238,0.33818,0.25296,0.058852,-0.76734,0.93568,0.97723,-0.027451,-0.39896,-0.97731,-0.90107,-0.61625,-0.59634,-0.71735,0.75333,-0.055962,0.5959,-0.12019,-0.52171,-0.5375,-0.27093,-0.72039,-0.97156,0.89217,0.86219,0.762,-0.32873,-0.80094,0.68027,-0.55585,0.31813,0.46677,-0.38256,0.96874,0.48586,-0.85318,0.7687,0.49471,-0.31174,0.1259,-0.44489,-0.48154,-0.88407,0.49774,-0.31141,-0.78029,-0.059267,0.26614,0.25888,0.9681,0.33364,0.24726,-0.12858,-0.28852,-0.76953,0.71285,-0.59844,-0.06119,0.057648,-0.89546,0.10537,0.97297,0.79769,0.054514,-0.91042,-0.43403,0.54767,0.36175,0.64804,0.49837,0.02657,-0.13514,-0.23356,0.11888
0.89188,0.75071,0.62619,-0.12596,-0.76424,-0.90874,0.57175,0.69471,-0.68727,0.74215,-0.63173,0.0046405,-0.26928,0.005758,-0.66565,0.97553,0.9767,0.84651,-0.82523,0,0.30019,-0.85454,0.5344,0.12065,-0.30067,-0.3016,-0.46071,-0.67088,-0.44222,-0.84784,-0.32445,0.020234,0.73042,-0.63007,-0.19177,0.67047,-0.78734,-0.65644,0.73211,0.25185,-0.32408,-0.092767,-0.60944,-0.36629,-0.73067,0.14059,-0.31337,0.38188,-0.50194,-0.95396,-0.45851,-0.55136,-0.43373,0.87204,-0.92498,-0.95576,0.18098,-0.48465,0.21289,0.93382,-0.77325,0.017481,-0.17222,-0.51067,0.98711,0.48883,0.0026409,0.82832,0.35243,-0.85808,-0.86187,0.42665,-0.57663,0.58142,0.36759,-0.93991,-0.045306,0.42379,-0.98508,-0.67196,-0.78782,-0.71651,0.046562,-0.81311,-0.1007,-0.37796,0.76897,-0.41235,-0.37839,0.050006,-0.78768,0.087404,-0.12568,-0.41209,0.91714,-0.49485,-0.56701,-0.85503,-0.13061,0.23377,-0.34116,0.31315,-0.83689,0.80587,0.47812
0.79844,0.34073,-0.10896,-0.074655,-0.31829,0.16358,-0.93865,0.21727,-0.8098,-0.4075,0.96327,0.023113,0.047909,-0.11583,-0.39084,-0.30281,-0.15149,-0.34684,0.54956,0.30019,0,0.41679,-0.18028,0.17241,0.015106,0.35146,0.16781,-0.97874,0.88169,0.75066,-0.36343,0.61385,0.028224,-0.43293,-0.16809,0.56447,0.49929,0.74237,-0.61539,-0.13206,0.10456,0.79276,-0.11433,0.98384,0.2774,-0.19489,-0.93742,0.50647,0.48725,-0.62167,-0.095477,0.62733,-0.15933,0.091553,-0.58848,0.1374,-0.4523,-0.29129,0.74066,0.62378,-0.23363,0.83577,-0.87128,0.07306,-0.79008,0.69175,-0.51181,-0.076678,-0.017124,0.83427,-0.68802,0.77705,0.85855,0.36148,0.88245,0.39472,0.15408,-0.56537,-0.83821,0.39745,-0.59156,0.26316,0.26882,0.33772,-0.047627,0.25791,-0.25146,-0.21103,0.93772,-0.036979,0.65195,-0.33842,0.12885,-0.30006,0.26773,0.65106,-0.53853,-0.76769,0.91609,0.39639,0.14164,0.65468,-0.071159,-0.033529,0.80508
-0.44919,0.57823,0.8508,0.52337,-0.80764,-0.91632,-0.76736,-0.80033,0.33702,0.14629,0.79963,0.25266,0.27542,-0.89395,0.81514,0.97392,-0.86204,-0.047608,-0.37419,-0.85454,0.41679,0,0.30375,-0.5108,-0.76457,0.69312,-0.9607,0.59196,-0.10618,0.54781,-0.5704,-0.76814,-0.51515,0.61521,-0.2884,0.017548,0.54527,0.96046,0.74572,-0.75356,0.84315,-0.81529,0.91263,-0.13201,-0.55504,-0.73644,0.74073,0.045126,0.36568,-0.39694,0.92729,-0.19084,0.73242,-0.78844,0.58924,0.59188,0.56819,-0.38177,-0.2845,-0.3951,0.73963,-0.92269,-0.18133,0.96243,-0.16159,0.39224,-0.36598,-0.14992,0.84464,-0.65241,-0.61984,0.94031,0.50743,0.92331,-0.36333,0.83257,0.40055,0.92513,0.69075,-0.90832,-0.4734,-0.29647,0.76213,-0.36098,-0.79582,-0.44759,-0.24865,0.58532,-0.44049,-0.12153,0.70342,-0.83148,0.29782,0.91633,-0.47417,-0.90861,0.70337,0.18929,-0.54548,0.12013,-0.42779,0.43785,0.32152,-0.42077,0.71506
-0.42672,-0.15148,-0.34739,0.61894,0.92521,-0.16504,-0.63267,-0.96315,-0.81713,-0.95053,0.80585,-0.62711,-0.55664,-0.5324,0.5464,0.43594,0.67593,0.78465,-0.42141,0.5344,-0.18028,0.30375,0,-0.84953,0.70825,0.50968,-0.55682,-0.93747,0.69515,-0.29969,-0.85011,-0.12361,0.45608,0.6095,-0.57305,0.53321,0.83639,-0.5239,-0.66651,0.69602,-0.65674,-0.47794,0.61995,-0.38213,0.13918,-0.66563,0.89545,-0.60598,0.16106,-0.83871,0.8909,0.74449,0.26213,0.18911,-0.24495,-0.15281,0.2659,-0.43165,0.20293,-0.79645,-0.80199,-0.60361,0.97795,0.34575,-0.39443,-0.72197,-0.25797,0.62797,-0.10085,0.15512,0.81477,-0.29404,0.61434,0.78248,-0.61095,-0.25597,0.49903,0.23102,0.0442,-0.45851,-0.18302,0.54111,-0.091883,-0.49172,0.58725,-0.63881,-0.74605,-0.56655,-0.34566,-0.10209,0.76538,-0.8465,0.63587,-0.78113,0.24389,-0.17419,0.042857,0.73791,0.53418,-0.38091,-0.32706,-0.30555,0.28634,-0.92259,0.75361
-0.030293,-0.7914,0.25865,0.75797,-0.78312,0.26078,-0.20503,-0.064757,0.27752,0.97005,-0.55277,-0.54187,-0.86697,0.1181,0.90136,-0.55874,0.48121,0.20962,-0.98417,0.12065,0.17241,-0.5108,-0.84953,0,-0.12621,-0.62059,-0.24487,0.068143,-0.059911,-0.38499,0.82266,-0.11296,-0.33111,-0.0046546,0.68028,-0.83456,0.90914,-0.18111,0.79307,0.75701,0.28517,0.07151,-0.36627,-0.93473,-0.49996,0.43941,-0.28243,0.54147,0.80567,-0.89662,-0.64422,-0.029037,0.97868,0.042444,0.79384,-0.95555,-0.42488,-0.23397,0.011695,-0.27402,0.18841,-0.67704,-0.70858,-0.19432,-0.56348,0.7902,-0.84161,-0.35605,0.44179,-0.036155,-0.55059,-0.29908,0.0029948,-0.25399,0.1656,-0.65591,-0.34879,-0.15371,-0.26692,0.45203,-0.92037,0.14366,0.04586,-0.14023,0.99562,-0.26461,0.23322,0.76887,0.98517,0.12598,0.59527,0.24955,0.44908,0.31979,0.54435,-0.28644,0.81203,-0.42868,0.094963,-0.32888,-0.51654,-0.80729,0.98505,0.022,-0.24005
-0.90015,-0.99827,0.64164,0.65928,0.9822,-0.33201,0.069624,0.94437,-0.97309,0.76458,-0.12517,-0.04314,0.54872,-0.13168,0.38681,0.55296,-0.14414,-0.45411,-0.38885,-0.30067,0.015106,-0.76457,0.70825,-0.12621,0,0.54636,-0.26521,-0.1461,-0.12797,-0.63378,-0.85507,0.67941,0.5209,0.47908,-0.56321,0.69779,0.15319,-0.6319,-0.66106,-0.90312,-0.87216,0.63263,-0.19057,0.3497,0.63715,-0.42759,0.20919,-0.23057,-0.11161,-0.99734,0.71161,-0.9736,0.20752,-0.38967,-0.013076,0.32655,-0.013039,0.92541,-0.43695,0.55568,-0.36499,0.27939,-0.87533,-0.47773,0.87743,-0.62021,-0.062582,-0.92145,0.36,0.95906,0.071458,-0.7393,-0.20029,0.60364,-0.2493,-0.32121,0.76264,0.49966,-0.44222,0.22233,-0.74062,0.62029,0.13025,0.60554,-0.068737,0.82038,-0.75922,0.87853,0.59456,-0.23136,0.29517,0.011533,0.95528,-0.73227,-0.13742,-0.9411,0.46343,-0.73467,-0.51034,-0.73997,0.39501,0.12757,0.79256,0.11162,-0.7893
0.48362,-0.51846,-0.91358,-0.47545,0.31125,-0.12471,-0.67095,0.67107,0.75876,-0.45165,-0.44711,-0.11348,-0.63029,-0.55115,-0.076291,-0.34358,-0.12767,-0.16972,0.5266,-0.3016,0.35146,0.69312,0.50968,-0.62059,0.54636,0,-0.54778,-0.79195,0.29224,0.94169,-0.091051,0.66312,0.25335,0.39798,-0.83995,-0.80944,-0.41869,0.4798,-0.76088,0.14284,-0.52281,0.088637,-0.45142,0.1021,0.98368,0.0011837,0.53558,-0.8269,0.98453,0.40703,-0.38749,0.97774,0.4526,0.56804,-0.42802,0.56038,0.82458,0.5898,0.71098,-0.38367,-0.76448,-0.80807,0.15957,0.22434,0.18325,-0.62865,0.3301,-0.25688,0.64756,-0.049022,0.22542,-0.82946,-0.4757,0.69037,0.37188,0.59101,-0.78219,-0.6442,-0.49828,-0.46546,-0.91142,0.86665,-0.81058,0.54685,-0.061248,-0.79346,-0.59717,0.89461,0.33367,-0.37528,0.53803,0.78776,0.54006,-0.40776,-0.94394,-0.8404,-0.97591,0.0010102,0.2915,-0.44836,-0.042718,0.98767,0.18103,0.23615,-0.25188
0.76123,-0.7739,-0.49839,-0.97703,-0.73511,-0.1693,-0.007243,-0.20622,0.0029549,0.96604,0.30634,-0.70063,-0.8588,-0.77948,0.82104,0.18714,0.92621,0.016294,0.48096,-0.46071,0.16781,-0.9607,-0.55682,-0.24487,-0.26521,-0.54778,0,-0.5646,0.35198,0.53461,-0.80393,-0.97216,0.0019895,0.88939,-0.73394,-0.32861,-0.94183,-0.60349,0.027571,0.049385,-0.91623,-0.32409,0.0064961,0.24738,-0.51188,0.2329,0.8464,-0.32231,0.63658,0.95032,-0.58266,-0.81151,-0.3116,-0.85949,0.92023,0.21471,-0.23985,0.59287,0.36468,-0.7819,-0.016777,-0.022706,-0.63248,0.18867,-0.66242,0.39935,-0.1479,0.9697,0.99208,0.49676,-0.17607,0.34722,0.31557,-0.91256,0.5972,0.88453,-0.3026,0.043044,0.18161,-0.95072,0.40501,0.12976,-0.56955,0.56294,0.13755,0.84377,-0.72772,0.083472,-0.36648,-0.26819,-0.16324,-0.17275,0.10198,-0.01585,0.11208,-0.27194,0.46781,-0.5721,-0.11805,0.20363,-0.76559,-0.21086,0.41327,-0.92995,-0.88362
-0.41378,-0.43361,0.47285,0.53832,-0.61036,-0.57012,-0.52144,0.23822,0.83307,0.15005,-0.018703,0.34758,0.84253,0.417,-0.74739,0.3427,-0.36469,0.011615,-0.7947,-0.67088,-0.97874,0.59196,-0.93747,0.068143,-0.1461,-0.79195,-0.5646,0,0.25874,-0.62728,-0.58778,-0.44206,-0.072121,0.046177,-0.21175,0.89472,-0.44738,-0.18051,0.29123,0.65467,-0.42589,0.60985,-0.54482,0.73966,0.54679,-0.62463,-0.62896,-0.39235,0.15108,0.71821,0.52225,0.26253,-0.28623,0.60529,-0.6956,-0.75752,0.57566,-0.9182,-0.31431,0.72341,-0.66533,0.88216,-0.063525,-0.73572,0.50995,-0.72156,0.53814,-0.74893,-0.95238,-0.71025,0.48566,0.96145,0.49774,0.21709,0.66386,-0.89057,0.43028,-0.93568,0.35054,-0.088282,0.2625,0.64357,-0.42705,0.12526,-0.22676,0.054572,-0.7088,0.92268,-0.3465,0.36375,0.24135,0.37588,-0.56388,0.32823,-0.43899,0.70367,-0.93279,-0.81527,0.95091,0.1598,0.48869,0.53249,-0.52626,0.40641,0.28012
0.21769,0.56906,0.67672,0.43145,-0.11731,0.57759,-0.27331,0.83603,0.3855,-0.66897,-0.050751,-0.78105,-0.043167,-0.55244,-0.16615,0.79973,-0.24682,0.19393,-0.95492,-0.44222,0.88169,-0.10618,0.69515,-0.059911,-0.12797,0.29224,0.35198,0.25874,0,0.30869,0.86279,-0.89921,0.50714,0.70338,-0.55437,-0.93757,0.462,-0.036448,-0.95464,-0.076441,0.62803,-0.71635,-0.30163,-0.97327,-0.91764,-0.64603,0.30276,-0.24434,-0.099038,0.090037,0.29437,0.70798,0.76547,0.98801,-0.18209,0.77424,0.48714,-0.7719,-0.19789,-0.83003,-0.14858,0.36614,0.33432,-0.32988,-0.72654,0.75489,0.44559,0.031263,0.48737,0.95911,-0.52677,-0.46835,-0.078949,-0.035686,0.3075,0.1302,0.66358,-0.11903,0.79134,0.78202,0.24482,-0.043285,-0.60942,-0.87135,-0.92226,0.62918,-0.0047858,-0.86636,0.54495,0.59423,-0.54291,0.51431,0.40303,-0.80573,-0.068138,0.1585,0.7555,-0.26467,-0.2449,0.12995,-0.041307,0.57566,0.67203,0.001947,0.14108
0.90559,-0.73894,0.15603,-0.42078,-0.96049,0.60197,-0.80109,0.68157,0.42484,-0.80841,0.43459,0.45527,0.098628,0.54836,-0.47259,0.76396,-0.169,-0.045838,-0.60691,-0.84784,0.75066,0.54781,-0.29969,-0.38499,-0.63378,0.94169,0.53461,-0.62728,0.30869,0,-0.94985,-0.19258,0.022195,-0.015581,-0.58715,0.40982,0.25229,0.79744,-0.5634,-0.90299,-0.27411,0.38885,-0.79619,-0.059651,-0.62356,-0.21246,-0.4201,0.61274,0.48854,-0.44636,0.60188,0.30178,0.26883,-0.68704,-0.55899,0.24311,-0.48573,-0.093485,0.22092,-0.18423,-0.69391,0.83722,-0.039944,-0.87396,0.57935,0.29691,0.78063,-0.77099,0.40493,-0.45724,-0.34444,-0.37037,0.34273,-0.55906,0.70575,-0.24283,-0.86611,0.485,-0.647,-0.059029,0.24886,0.30236,0.2579,-0.32317,-0.77953,0.83719,0.66565,-0.60555,0.36363,-0.56419,0.51664,0.40361,0.85215,0.30286,0.28165,-0.91091,0.1047,-0.13483,0.75234,0.019875,-0.90045,-0.86016,0.75238,-0.24533,-0.051148
-0.27031,-0.2611,0.41766,-0.20634,0.063829,-0.68881,-0.95531,0.74635,-0.4789,-0.93015,-0.94939,-0.53181,-0.15865,0.10326,-0.224,0.43349,0.54305,0.70059,-0.69535,-0.32445,-0.36343,-0.5704,-0.85011,0.82266,-0.85507,-0.091051,-0.80393,-0.58778,0.86279,-0.94985,0,-0.76252,0.80162,0.48409,0.15887,-0.88483,-0.89213,-0.59701,0.15195,-0.078697,-0.73585,-0.38198,-0.375,-0.11021,-0.81826,0.55441,0.88209,0.51672,0.87092,0.93443,-0.58229,-0.34837,0.85101,0.57384,0.3971,0.25635,0.59064,-0.78791,0.32685,0.91174,-0.404,0.73145,-0.87533,0.76001,-0.98756,0.62094,-0.30014,-0.92648,-0.0011464,0.46604,0.56518,0.56373,0.77201,-0.31678,0.28785,0.8551,0.63254,0.4374,-0.91893,0.36864,0.53903,0.20235,-0.55001,-4.4275e-05,-0.99272,0.096802,0.90618,-0.067908,0.092803,0.56725,-0.57781,-0.27018,0.0016381,-0.51919,-0.90824,0.98037,0.28855,0.95959,-0.42971,-0.77578,-0.47503,-0.23112,0.42804,-0.77671,-0.23153
-0.15816,-0.49495,-0.47663,0.013847,-0.52871,-0.88075,-0.10702,-0.43505,0.9787,0.083165,-0.3703,0.30956,-0.37811,0.88351,0.56159,0.18654,0.63425,0.32886,0.051238,0.020234,0.61385,-0.76814,-0.12361,-0.11296,0.67941,0.66312,-0.97216,-0.44206,-0.89921,-0.19258,-0.76252,0,-0.60068,-0.98687,0.2365,-0.88587,0.11884,0.04235,-0.085536,0.18526,0.67464,0.84655,-0.97143,0.99107,-0.094672,-0.089834,-0.76049,0.7508,-0.0086984,-0.53782,-0.20638,0.12986,0.50222,0.94956,0.71878,-0.14994,-0.59149,0.31904,-0.81642,0.77622,-0.13304,-0.39503,0.58637,-0.54787,-0.19446,0.94062,-0.84167,-0.7603,-0.29629,0.97403,-0.33314,-0.071768,0.62812,-0.9083,0.45506,0.6756,0.10694,-0.99578,-0.23965,-0.41574,0.42958,-0.28066,-0.93829,0.14187,-0.67954,-0.58903,0.98834,-0.80988,-0.92698,0.65925,0.027583,0.12269,-0.39668,0.1962,-0.77257,0.35735,0.96975,-0.33278,-0.97617,-0.32861,0.27428,0.60108,-0.73397,-0.79686,0.21536
0.31005,0.058293,0.3858,-0.49027,-0.85964,-0.70168,-0.36279,-0.831,-0.30123,-0.4819,0.16323,0.5285,-0.36771,-0.72917,-0.31505,0.23695,-0.96365,0.13069,0.33818,0.73042,0.028224,-0.51515,0.45608,-0.33111,0.5209,0.25335,0.0019895,-0.072121,0.50714,0.022195,0.80162,-0.60068,0,-0.055244,-0.35197,-0.66179,-0.97556,-0.55539,-0.6279,-0.23956,-0.24606,-0.51801,-0.57633,-0.82655,0.019694,-0.50611,0.44563,-0.86158,-0.34314,-0.78117,0.67425,0.984,-0.68011,0.33062,-0.81102,-0.8662,0.014408,0.51097,0.1947,0.18214,-0.89444,0.10333,0.69542,-0.22015,0.31011,-0.6429,0.76875,-0.60893,0.15064,0.55136,0.88765,-0.39072,-0.066249,-0.89495,0.071832,0.21095,0.4835,-0.075919,-0.96885,-0.036577,0.091523,-0.75246,0.16235,0.8682,-0.17221,0.37475,-0.57965,-0.33143,0.32323,0.37271,0.63753,0.64042,-0.50131,0.53429,0.79459,-0.85576,-0.18622,0.38445,-0.92018,-0.60114,0.20598,-0.36528,-0.10161,-0.50019,-0.014244
0.42075,0.72917,-0.71625,-0.74979,0.51019,0.77489,0.73279,-0.70297,0.38832,-0.63745,-0.96889,0.68061,-0.15802,0.19333,0.051931,0.77457,-0.52218,0.55992,0.25296,-0.63007,-0.43293,0.61521,0.6095,-0.0046546,0.47908,0.39798,0.88939,0.046177,0.70338,-0.015581,0.48409,-0.98687,-0.055244,0,0.53555,-0.77169,0.36948,0.76697,-0.47963,0.96342,-0.0054226,-0.37333,-0.98232,-0.20748,0.36512,-0.075066,-0.204,-0.43163,0.43868,0.69707,0.65978,-0.86484,-0.64382,0.54332,-0.67672,-0.67691,-0.51889,0.35537,-0.33011,0.0019939,-0.31435,-0.24453,-0.97832,0.233,-0.35228,-0.35531,0.73521,0.34306,0.06433,0.27386,-0.021322,0.9705,0.12978,0.62479,-0.21008,0.26292,0.30702,0.18624,-0.38446,-0.43422,0.073444,0.79419,-0.038394,-0.30756,-0.70529,-0.37112,-0.61706,-0.55436,-0.32361,-0.24425,-0.94865,0.095124,-0.12434,0.30509,-0.65055,-0.39994,-0.011912,0.64165,-0.57691,-0.71306,-0.19778,0.83161,-0.76001,-0.66196,-0.1069
-0.33277,0.74939,-0.32872,-0.62288,0.93145,-0.79394,0.45521,-0.45596,0.76978,-0.8338,0.09322,-0.28375,-0.053365,-0.61169,0.34873,-0.95172,0.57228,0.22168,0.058852,-0.19177,-0.16809,-0.2884,-0.57305,0.68028,-0.56321,-0.83995,-0.73394,-0.21175,-0.55437,-0.58715,0.15887,0.2365,-0.35197,0.53555,0,-0.49985,-0.38596,0.67894,-0.0056193,0.31469,-0.36046,0.56633,-0.79462,0.20392,0.57013,-0.54272,-0.70277,0.039672,0.32264,0.45397,0.47689,-0.69924,0.094413,0.023273,-0.48271,0.99497,0.79472,0.43352,0.39977,-0.45874,-0.34136,0.85993,0.82909,-0.34184,-0.89984,0.34438,-0.94754,-0.70148,0.60408,0.93414,0.99099,0.42867,-0.43541,0.78326,-0.94413,0.68527,0.58887,0.65206,-0.048725,-0.24358,-0.92853,0.61902,-0.44589,0.47247,-0.2037,0.3664,-0.99263,-0.48157,-0.45647,0.63634,0.60233,0.25939,0.48097,-0.15453,0.11008,-0.49786,-0.66457,-0.044551,-0.94869,0.10353,-0.50114,0.91362,-0.72358,-0.30422,-0.13385
-0.204,-0.045336,-0.36087,0.31487,0.44395,-0.78185,0.61386,-0.15411,0.13356,0.87254,0.53721,0.0073885,0.9975,0.28843,-0.97284,-0.7552,0.23173,0.80587,-0.76734,0.67047,0.56447,0.017548,0.53321,-0.83456,0.69779,-0.80944,-0.32861,0.89472,-0.93757,0.40982,-0.88483,-0.88587,-0.66179,-0.77169,-0.49985,0,0.63616,-0.56086,0.36708,-0.67131,0.27015,0.95287,0.7804,0.30286,0.083061,0.79677,0.28381,-0.65784,0.09617,0.82783,0.092207,0.83144,-0.54822,0.83928,-0.080057,-0.86151,-0.78865,-0.73122,-0.98905,-0.35312,0.3463,0.5452,-0.10633,0.4004,0.79295,0.12922,-0.88429,-0.064474,-0.50414,-0.5275,-0.93342,0.92501,-0.95939,0.048386,-0.12718,0.42826,0.8641,0.17128,-0.95017,0.39406,-0.64655,-0.82333,0.1445,-0.1237,-0.21937,0.37912,-0.51406,0.10944,-0.28801,-0.90564,0.94243,-0.43696,-0.5753,0.2551,0.23662,-0.18051,-0.17451,-0.78169,0.9731,-0.67077,-0.706,0.67832,0.44127,-0.051314,0.092801
-0.046685,-0.93796,-0.93916,0.37378,-0.1014,-0.83399,0.83604,0.30769,0.94748,0.50233,0.56706,-0.8724,0.98258,-0.40299,-0.72165,0.96496,0.2352,0.16032,0.93568,-0.78734,0.49929,0.54527,0.83639,0.90914,0.15319,-0.41869,-0.94183,-0.44738,0.462,0.25229,-0.89213,0.11884,-0.97556,0.36948,-0.38596,0.63616,0,-0.14745,0.59532,0.67906,-0.86335,-0.90482,0.92518,0.9689,-0.16952,-0.35933,-0.25679,0.30244,-0.74213,0.95,0.69422,-0.26099,-0.84847,0.46203,-0.56669,0.86128,0.30328,-0.5653,0.0037027,0.33718,-0.93246,-0.67617,0.2848,0.69636,0.1767,-0.54566,0.52956,-0.32125,0.9116,-0.15886,-0.07741,-0.22167,-0.30924,0.41653,0.5886,-0.12269,-0.26541,-0.038425,-0.37972,-0.046644,-0.22396,0.29744,-0.8156,0.95202,0.053074,-0.55314,0.87769,-0.34094,0.35901,0.42125,0.58274,-0.77118,-0.92091,-0.34823,0.22265,-0.80381,0.016323,-0.53228,-0.92491,0.011249,0.3411,-0.13688,0.71612,-0.71053,0.62574
0.53198,-0.57569,-0.88518,0.94194,-0.20061,0.21798,0.29569,0.37208,-0.24619,0.80336,-0.63264,0.049732,-0.38839,-0.83758,-0.71124,-0.8837,0.72258,-0.048323,0.97723,-0.65644,0.74237,0.96046,-0.5239,-0.18111,-0.6319,0.4798,-0.60349,-0.18051,-0.036448,0.79744,-0.59701,0.04235,-0.55539,0.76697,0.67894,-0.56086,-0.14745,0,0.57365,0.76632,-0.60577,-0.037646,-0.70689,0.84333,-0.064453,-0.72842,-0.49923,-0.1083,0.46181,0.94754,-0.832,-0.8031,-0.339,-0.46973,0.18954,0.35758,-0.31401,0.1258,-0.599,0.21571,-0.30254,-0.31,-0.30846,0.37477,0.06427,0.56873,-0.88671,0.61973,0.8191,-0.47085,-0.14593,0.16266,0.14759,-0.72237,0.89846,-0.57046,0.45334,-0.90696,-0.85434,-0.21605,0.56198,0.94857,0.73854,-0.88055,-0.59684,0.39429,0.59021,0.28422,-0.12623,-0.12345,0.75055,-0.27094,0.72189,0.66603,0.17137,-0.0070505,-0.22416,0.044878,0.25709,-0.3492,0.56185,0.93987,-0.13447,0.4052,0.97878
0.52511,-0.56813,-0.15597,-0.6701,-0.72623,-0.54427,0.12491,-0.5881,0.25101,-0.46457,0.69062,-0.88935,0.92182,-0.35861,0.51352,-0.95088,-0.12461,-0.62771,-0.027451,0.73211,-0.61539,0.74572,-0.66651,0.79307,-0.66106,-0.76088,0.027571,0.29123,-0.95464,-0.5634,0.15195,-0.085536,-0.6279,-0.47963,-0.0056193,0.36708,0.59532,0.57365,0,-0.45457,0.39306,0.721,-0.51614,-0.63764,-0.4244,0.52118,-0.84303,-0.31215,-0.34319,0.55544,-0.95479,0.51098,-0.57665,0.97967,-0.81045,-0.20478,-0.71389,0.33602,-0.25611,0.64918,0.76233,-0.090648,-0.99266,-0.87984,-0.74421,0.68888,0.17404,0.68488,0.43045,-0.25059,-0.50125,0.18894,-0.29228,-0.25818,0.11148,-0.1465,0.27637,0.46838,0.55749,0.38429,-0.40052,-0.90588,-0.040237,0.08609,0.055109,0.29894,0.070549,-0.7218,-0.19935,-0.41565,-0.37612,0.91364,0.96756,-0.12021,-0.29066,0.45053,-0.23782,0.99836,-0.67917,0.23781,0.73343,0.9728,-0.018136,-0.50513,0.71314
-0.7949,-0.50552,0.1377,-0.96937,-0.47432,0.9588,0.54187,-0.0456,0.31235,-0.052909,-0.096726,-0.92597,-0.59923,-0.033714,0.77134,0.84752,-0.47099,-0.40829,-0.39896,0.25185,-0.13206,-0.75356,0.69602,0.75701,-0.90312,0.14284,0.049385,0.65467,-0.076441,-0.90299,-0.078697,0.18526,-0.23956,0.96342,0.31469,-0.67131,0.67906,0.76632,-0.45457,0,-0.79678,0.090183,0.17894,0.34842,0.3156,-0.86887,-0.60613,-0.72376,-0.26689,0.53599,-0.67805,0.19691,0.63543,-0.21263,0.29517,0.37724,0.21882,0.2295,-0.88575,-0.33495,-0.8753,-0.75147,0.9059,0.04296,-0.060355,0.30325,-0.036045,0.17197,-0.27579,-0.021885,-0.83998,-0.92637,-0.76143,-0.77461,-0.86077,-0.38556,-0.026869,0.20948,0.37982,-0.49037,-0.74539,0.62979,-0.51671,0.72915,0.093059,-0.0033243,0.53711,0.17359,0.38357,0.20782,-0.022085,0.98696,-0.77307,-0.6239,-0.33054,-0.17244,-0.86207,0.59616,-0.34581,-0.88299,-0.68816,-0.50799,0.62738,0.77926,-0.32286
0.21326,0.39838,-0.00075414,-0.5015,0.98796,-0.5437,-0.064823,-0.98052,-0.40038,-0.8231,-0.70426,0.33897,-0.36846,0.1862,-0.2194,0.77183,0.89523,-0.78341,-0.97731,-0.32408,0.10456,0.84315,-0.65674,0.28517,-0.87216,-0.52281,-0.91623,-0.42589,0.62803,-0.27411,-0.73585,0.67464,-0.24606,-0.0054226,-0.36046,0.27015,-0.86335,-0.60577,0.39306,-0.79678,0,0.32275,0.87962,0.28927,-0.64665,0.78913,-0.27132,0.94124,0.30605,-0.59569,0.64229,0.9494,0.87762,0.80488,0.65649,-0.23133,-0.37913,0.77423,-0.66525,0.47076,-0.10155,-0.31023,0.13205,0.93967,0.82369,0.2973,-0.15555,-0.098526,-0.46998,-0.44063,-0.19087,0.39207,-0.1449,0.51052,-0.40799,-0.069608,0.45427,0.18595,0.6332,-0.5367,-0.8223,0.86196,-0.1194,0.87934,0.78204,-0.052428,0.11232,0.39309,0.7208,-0.41571,-0.65871,-0.2276,-0.62623,0.081279,-0.89554,0.33372,0.72469,0.54666,0.18346,0.34026,-0.72426,-0.90651,-0.39639,-0.23951,0.16076
-0.9797,0.66086,-0.99109,-0.59523,0.63361,-0.30746,0.28676,-0.3283,-0.46395,-0.26783,0.44924,-0.21302,0.11538,0.97304,-0.15641,0.3613,0.4874,-0.86076,-0.90107,-0.092767,0.79276,-0.81529,-0.47794,0.07151,0.63263,0.088637,-0.32409,0.60985,-0.71635,0.38885,-0.38198,0.84655,-0.51801,-0.37333,0.56633,0.95287,-0.90482,-0.037646,0.721,0.090183,0.32275,0,0.4044,0.78517,-0.661,0.27126,-0.41226,-0.53249,-0.17126,-0.27823,0.34167,0.6209,0.89231,0.90473,-0.88116,-0.54122,-0.11801,-0.18637,-0.35921,0.36654,0.19395,0.61291,0.63838,0.77228,0.79392,-0.36338,-0.86201,0.3512,0.87343,-0.41155,0.99523,0.74048,0.50741,0.98703,-0.57463,-0.73408,0.20677,0.88046,0.9131,-0.58091,-0.53856,-0.33364,-0.97014,-0.50922,-0.58103,0.47085,0.2355,0.299,0.68574,0.18084,-0.92098,0.27711,0.98201,0.17296,0.2193,-0.74202,-0.77495,0.4375,0.029846,-0.20408,0.71115,0.62795,0.77768,0.0018195,0.83438
-0.19339,0.97812,0.90228,-0.13841,-0.19296,-0.62504,0.46931,0.18749,-0.72512,0.4054,0.20595,-0.84831,-0.54105,0.10793,-0.82861,-0.73119,-0.11978,-0.39525,-0.61625,-0.60944,-0.11433,0.91263,0.61995,-0.36627,-0.19057,-0.45142,0.0064961,-0.54482,-0.30163,-0.79619,-0.375,-0.97143,-0.57633,-0.98232,-0.79462,0.7804,0.92518,-0.70689,-0.51614,0.17894,0.87962,0.4044,0,-0.18282,0.51191,0.77507,-0.97895,-0.11736,0.69666,0.79373,0.01511,-0.83757,0.58377,0.032479,0.1958,-0.74293,0.036219,0.10673,-0.088826,0.83152,-0.034132,0.43666,-0.25769,0.15439,-0.15774,-0.39544,0.016238,0.38112,-0.5207,0.87856,-0.48495,0.29801,-0.26178,0.21218,0.95839,0.82255,-0.81881,-0.45673,-0.50049,-0.1874,-0.2909,-0.15696,-0.6168,0.53317,0.11572,0.72276,-0.45836,0.58608,0.67843,-0.32473,-0.95703,-0.80808,-0.70952,0.057671,-0.078226,0.64104,0.92175,-0.6202,-0.53748,-0.070165,0.71749,-0.2046,0.96556,-0.8281,-0.059784
-0.91749,0.63003,0.52524,-0.055927,-0.59158,-0.53412,-0.21485,-0.27015,0.5302,0.85228,-0.63761,0.38689,-0.70679,0.92914,-0.65441,-0.29621,0.30549,-0.79732,-0.59634,-0.36629,0.98384,-0.13201,-0.38213,-0.93473,0.3497,0.1021,0.24738,0.73966,-0.97327,-0.059651,-0.11021,0.99107,-0.82655,-0.20748,0.20392,0.30286,0.9689,0.84333,-0.63764,0.34842,0.28927,0.78517,-0.18282,0,0.95861,0.11342,0.65414,-0.78203,0.39311,-0.75399,0.25457,0.70979,0.41456,-0.7921,0.91682,0.62645,-0.26688,0.70469,0.47407,-0.40135,-0.34686,-0.38623,-0.633,0.054058,-0.51875,-0.98964,0.76576,0.16133,-0.10353,0.30373,-0.85556,0.25111,0.75788,-0.34329,-0.5007,-0.72645,-0.76453,0.02284,-0.69238,0.5926,0.24853,0.40812,0.5748,0.24671,-0.80761,-0.51434,0.32402,-0.77901,0.3962,-0.63817,-0.020213,-0.4621,-0.7852,-0.67512,-0.27784,0.78961,-0.41414,-0.9989,-0.52758,0.18926,-0.80147,0.6213,-0.98029,-0.77155,0.44404
