,,,,,,,,,,,,,,,,,,,,,,,,,,,,,,,,,,,,,,,,,,,,,,,,,,,,,,,,,,,,,,,,,,,,,,,,,,,,,,,,,,,,,,,,,,,,,,,,,,,,,,,,
0,-0.70609,0.72536,0.17153,0.89539,0.47688,0.66624,-0.78857,-0.93433,0.085314,-0.82914,0.34711,0.65054,0.94977,-0.66739,0.81529,-0.23249,0.41503,-0.44983,0.66007,-0.34674,-0.88617,0.99064,0.50839,0.28358,0.58362,-0.27304,-0.7393,0.20616,0.93767,-0.49792,0.14283,-0.3944,0.38523,0.85119,-0.47462,0.26592,0.8669,-0.044069,-0.24085,-0.34209,-0.49458,0.8316,-0.53878,-0.35166,0.95421,-0.70726,-0.9622,0.81069,0.052371,0.66081,0.32574,-0.34531,-0.48935,0.23327,0.044317,-0.668,0.84578,0.8543,0.84753,0.74707,0.99785,-0.05326,0.19338,0.05082,-0.023637,-0.55022,0.74933,0.26753,-0.071749,-0.45399,-0.94783,0.98208,-0.59161,-0.27525,0.14254,0.44181,0.85308,-0.0025809,0.37497,0.47445,0.1229,0.69587,0.76055,-0.80168,0.041115,-0.2527,-0.17607,0.81942,-0.94878,-0.99935,-0.24665,0.58251,0.49332,-0.24294,0.68667,-0.77345,0.048963,-0.10719,0.01892,0.36154,0.96968,0.36635,-0.53592,0.15734
-0.70609,0,-0.76076,-0.63627,-0.74939,0.56878,0.4219,-0.71929,0.99508,0.39916,-0.96519,-0.52808,-0.26775,0.84862,-0.87142,-0.9557,-0.27816,0.10543,-0.14567,0.39352,-0.44176,-0.59037,0.33001,0.74958,0.10348,0.95794,-0.89213,0.31869,0.7799,-0.88862,0.053958,-0.098157,-0.68736,0.052552,-0.11918,0.5815,0.23075,0.82779,0.94584,0.34497,-0.79391,-0.50473,-0.36273,0.17185,0.87957,-0.36318,0.54933,-0.31362,0.54241,-0.62103,0.44534,0.56877,-0.52858,0.49959,-0.6254,-0.29439,-0.071477,-0.92695,-0.75355,-0.82202,-0.12284,-0.32854,0.47562,0.34861,-0.61459,0.82056,-0.28814,-0.67446,-0.67665,-0.98565,-0.69642,-0.84821,-0.44676,-0.29585,-0.57276,0.84601,0.81423,-0.78436,-0.42454,-0.90047,0.7912,-0.77673,-0.67356,0.58382,-0.056884,0.53275,0.95426,0.38582,0.16069,-0.68641,0.37026,-0.32211,-0.79727,0.60259,0.12655,-0.071554,0.54779,-0.24448,0.23829,-0.1754,0.53253,-0.7005,-0.42474,0.24038,-0.40909
0.72536,-0.76076,0,-0.55496,0.79672,-0.88465,0.72896,-0.56674,-0.075086,0.98702,-0.9547,0.59681,0.30192,0.28778,-0.38571,-0.17958,-0.067583,-0.82677,0.057377,-0.3343,0.48898,-0.37231,-0.38956,-0.65112,-0.81445,-0.88526,-0.15679,-0.82707,-0.79598,0.0086493,0.18289,-0.99242,0.40166,-0.80473,-0.17444,-0.86963,0.69421,0.23973,-0.58062,-0.80245,0.091305,-0.04187,0.78265,-0.70129,-0.79731,-0.86079,-0.23341,-0.43675,-0.34064,-0.85535,-0.042652,-0.23413,-0.52947,0.40179,-0.42143,-0.48547,0.93489,0.87623,-0.90202,-0.78151,0.26623,-0.089182,0.56247,0.80602,-0.20037,0.5511,-0.81434,0.49803,0.8726,-0.49534,-0.55735,-0.15431,-0.58334,-0.79677,0.74057,-0.48532,0.53935,-0.36373,0.86082,-0.70068,0.85354,-0.87481,-0.69585,-0.48198,0.095707,0.26717,-0.70498,0.18329,-0.85303,-0.62066,-0.34149,0.029149,0.88172,-0.03079,0.12041,-0.069225,0.76312,-0.36775,0.41677,0.67344,0.81359,-0.19745,0.39303,-0.065298,-0.99009
0.17153,-0.63627,-0.55496,0,-0.66451,0.30735,0.12893,0.75943,-0.9132,-0.59162,0.91347,-0.70992,-0.076737,-0.20307,-0.76244,0.34,0.88757,-0.31686,0.5293,-0.41369,0.25066,-0.9106,0.7078,-0.050515,-0.17522,-0.88815,0.51466,-0.68056,0.080415,0.71586,-0.88607,0.41258,-0.18575,0.87881,0.64776,-0.091005,0.86869,0.17552,0.61915,0.32004,-0.5884,-0.7371,-0.90954,-0.43233,0.88904,-0.70551,0.74695,-0.85068,0.04431,0.075546,-0.95205,0.32738,-0.14885,0.68812,0.58763,0.096067,-0.13305,0.36651,-0.93948,-0.80715,0.2037,0.97794,0.2224,-0.80664,0.85,-0.31916,-0.52867,0.13778,-0.22669,-0.16063,0.86963,0.44204,-0.72275,0.35763,-0.60986,0.18904,0.44655,0.69477,0.41423,0.66716,0.79754,-0.052801,0.62118,0.22698,-0.93015,-0.14356,-0.88502,0.087403,0.70874,-0.67684,0.80492,-0.35626,0.74733,0.85799,0.87546,-0.77655,0.11405,-0.88992,-0.2745,-0.10354,0.86274,0.14211,0.50049,-0.037981,-0.73634
0.89539,-0.74939,0.79672,-0.66451,0,0.94432,-0.45012,-0.71155,0.65734,-0.50969,-0.9895,-0.33342,0.95369,0.55105,-0.76818,0.5231,-0.38296,-0.70331,-0.51776,-0.97272,-0.91071,-0.78287,-0.76213,-0.92629,-0.25013,0.81016,0.29742,-0.9659,-0.8928,0.080864,-0.85155,-0.43065,-0.59179,-0.60917,-0.38561,-0.88977,0.49428,0.98807,0.052056,-0.48393,-0.89834,-0.27376,0.96853,0.15545,0.33647,-0.70412,0.053192,0.77248,0.035442,-0.93579,-0.34146,0.33291,-0.91011,0.27149,0.24634,-0.51777,0.93012,0.99331,-0.26313,-0.90001,-0.7234,-0.20189,-0.54895,0.72079,0.41543,-0.46556,-0.24349,0.82074,0.035115,-0.37394,0.86903,-0.23753,0.31078,0.90063,-0.035697,-0.80306,0.87216,0.14176,0.03087,0.017119,0.1724,-0.029143,0.68319,0.36448,-0.71861,-0.024677,0.00041978,-0.12947,-0.32213,-0.060358,-0.67506,-0.89648,0.10651,-0.33166,0.14582,-0.99568,0.98378,-0.41195,0.090064,-0.63249,-0.95877,-0.51997,-0.78831,0.90281,-0.81704
0.47688,0.56878,-0.88465,0.30735,0.94432,0,-0.38873,0.010511,-0.87322,0.58354,-0.40847,-0.25282,0.0070113,-0.68449,-0.42047,0.88512,0.72123,-0.42132,-0.53991,-0.52561,0.82752,0.14246,0.68947,0.34868,-0.87212,-0.46011,-0.32859,-0.66867,-0.54041,0.15984,-0.33028,0.81782,-0.061203,-0.534,0.86311,0.39223,-0.87452,0.25844,0.15956,-0.73347,-0.30514,0.69242,-0.12231,-0.78771,-0.36926,-0.22333,0.7552,0.47613,-0.24843,-0.8549,-0.79179,-0.97017,-0.98286,-0.25316,-0.20796,-0.28472,-0.67676,-0.45501,-0.60337,-0.77741,-0.45374,-0.9982,0.42193,0.67931,0.3399,0.68102,0.46378,0.72617,0.23703,0.9672,-0.5774,-0.93014,-0.41973,-0.27856,-0.23851,-0.29944,0.61802,0.27186,0.33637,-0.50837,-0.40715,-0.2418,0.42836,-0.40825,0.19754,-0.56013,-0.28451,0.76175,-0.031919,0.79035,0.4879,-0.60383,-0.26876,-0.83345,-0.3536,0.090218,-0.38739,-0.27867,-0.93869,-0.1896,0.90494,0.029807,0.88783,-0.98111,0.68134
0.66624,0.4219,0.72896,0.12893,-0.45012,-0.38873,0,-0.27112,-0.42318,0.72449,0.46571,-0.83576,-0.42626,0.15129,0.77178,-0.0105,0.92434,0.94243,-0.88893,-0.066688,-0.90588,0.68967,0.16823,0.92157,-0.74341,-0.38436,0.42678,-0.57585,0.52373,-0.90847,0.78917,-0.85441,0.02187,-0.78992,-0.81247,-0.47642,-0.45869,0.48425,-0.66962,0.23759,-0.61678,-0.57616,0.044643,-0.10754,0.18383,-0.5717,-0.95769,-0.070362,-0.82606,0.84905,0.50756,-0.31375,0.12483,0.96083,0.97106,0.9471,-0.25742,0.15813,-0.066096,0.41506,-0.48801,0.98678,-0.85638,-0.078037,-0.1025,-0.42162,-0.95967,0.23179,0.93269,-0.57139,-0.80285,-0.67815,0.35568,-0.01665,0.72379,-0.88492,0.79831,-0.40837,-0.83831,0.48955,0.82964,-0.061422,0.72373,0.38075,0.66859,-0.044545,-0.79166,0.30256,0.33278,0.097359,0.71355,0.27001,-0.44508,-0.42874,0.10262,-0.55059,-0.5862,0.29851,0.80015,0.96311,-0.36459,-0.6246,-0.82246,0.80658,0.81264
-0.78857,-0.71929,-0.56674,0.75943,-0.71155,0.010511,-0.27112,0,0.53198,-0.81418,0.1527,0.47221,-0.92826,0.36323,-0.12998,0.075386,-0.0030742,-0.6227,-0.9437,-0.72811,0.78133,0.40481,-0.53847,0.47301,0.22652,-0.45096,0.3373,-0.21668,-0.70952,0.91077,-0.18803,0.57076,0.57023,-0.46488,0.054902,-0.73425,0.040338,-0.5989,0.90312,0.23541,0.92703,-0.18434,0.28869,-0.16977,-0.77827,0.5664,0.48786,-0.96159,0.49,-0.35152,-0.91208,0.95338,0.46891,0.4094,-0.94622,-0.77124,0.18824,-0.27453,0.80519,0.88399,-0.12895,-0.48688,-0.52804,-0.60677,0.085594,0.96932,0.74947,0.32244,-0.16315,0.27614,0.41292,-0.82313,0.02458,-0.75705,0.44435,-0.83797,-0.5111,0.086462,-0.95153,-0.81586,0.49642,0.79935,-0.88361,0.68452,0.60975,0.10277,0.45066,-0.32353,-0.9463,0.52143,-0.69777,-0.25737,0.37002,-0.33743,0.96681,-0.34789,0.98513,-0.60334,0.71242,-0.11423,0.58242,-0.5106,0.8491,0.29172,0.049458
-0.93433,0.99508,-0.075086,-0.9132,0.65734,-0.87322,-0.42318,0.53198,0,-0.8609,0.032023,0.40605,-0.22461,0.81271,0.71575,0.35784,-0.58881,0.82688,-0.49629,-0.56614,-0.045595,0.66819,-0.78589,-0.45745,-0.42307,0.18286,0.99416,0.58365,-0.37879,-0.95564,-0.77112,0.67051,-0.065088,0.11294,-0.9792,-0.22595,-0.5332,0.33525,0.4345,0.66555,0.61786,0.17312,0.38057,0.27586,-0.91185,-0.092687,-0.07019,0.0074917,0.18234,-0.37166,0.6543,-0.92219,-0.58202,0.99976,-0.4747,0.44774,0.8087,0.19879,-0.55452,0.59282,0.46454,0.012735,0.10459,0.80068,0.066586,0.90451,-0.16584,-0.5071,-0.38503,0.60849,-0.27512,0.57225,-0.84621,0.49063,0.20569,0.092979,-0.79393,0.076227,0.53033,0.9275,-0.17649,0.050726,-0.87657,0.45287,0.63865,-0.32259,0.51638,0.96659,-0.84999,0.5201,0.3538,0.43193,0.72764,-0.70877,-0.16501,-0.58996,-0.61059,-0.82305,-0.6199,-0.76124,0.82865,0.27041,0.532,0.86029,-0.77922
0.085314,0.39916,0.98702,-0.59162,-0.50969,0.58354,0.72449,-0.81418,-0.8609,0,-0.71581,-0.69247,-0.030865,0.29633,-0.41273,0.033512,0.15273,0.43885,-0.86535,0.58441,-0.54014,0.83262,0.89628,-0.45572,-0.61705,-0.99121,0.15582,0.27135,0.81254,0.45607,-0.42045,-0.63875,0.9102,-0.32402,0.31929,-0.6038,-0.53844,0.04845,0.34922,0.26825,-0.13066,-0.33841,0.28709,0.44706,0.89269,-0.13771,0.45664,-0.27887,-0.94158,-0.58137,0.11325,-0.60616,-0.32742,0.73196,-0.75831,0.90959,0.81944,-0.26017,0.47274,-0.58196,0.42635,0.66366,0.9796,0.95406,0.45471,-0.65899,0.52348,-0.68245,0.88979,-0.88427,-0.95595,-0.24572,0.66407,0.071612,-0.48696,0.14511,-0.52376,-0.24528,-0.78273,0.56521,0.53646,-0.21013,-0.21464,0.47644,0.27056,0.39203,0.92204,-0.36613,0.34789,-0.34126,0.51939,0.40605,-0.33682,0.61531,-0.75291,-0.64566,-0.23253,0.93965,-0.14931,-0.93758,0.34922,-0.25932,0.78466,0.61172,0.30537
-0.82914,-0.96519,-0.9547,0.91347,-0.9895,-0.40847,0.46571,0.1527,0.032023,-0.71581,0,-0.41483,-0.04856,-0.35876,-0.22896,0.63585,0.19855,0.79822,-0.15888,-0.32146,0.9126,-0.36458,-0.22607,-0.48071,0.025258,-0.73716,-0.27584,0.96946,0.047057,0.58514,-0.22657,-0.21074,0.62262,-0.91046,0.071497,-0.05376,0.32209,0.30834,-0.69761,-0.13849,-0.21824,-0.59003,-0.93509,0.44593,0.91443,0.28135,-0.21382,0.57631,0.8766,-0.95751,0.5042,0.05215,0.035676,-0.68606,0.29916,0.48208,-0.22756,-0.42725,0.3046,0.97968,-0.9493,-0.73766,-0.78964,-0.4577,-0.10943,0.6413,0.40202,-0.72693,0.66344,-0.90468,-0.29617,0.155,0.26335,-0.69324,0.17023,-0.20731,0.31756,0.5981,-0.8242,0.040505,-0.33619,-0.50138,-0.43093,-0.71905,0.66453,-0.77335,-0.80573,-0.95418,0.36837,0.062222,0.87841,-0.89642,0.22264,-0.6094,-0.41158,0.5011,0.9534,0.91792,-0.46222,-0.41385,0.0033698,0.58892,-0.50791,-0.95681,0.82303
0.34711,-0.52808,0.59681,-0.70992,-0.33342,-0.25282,-0.83576,0.47221,0.40605,-0.69247,-0.41483,0,0.75337,-0.46261,-0.81902,0.32297,0.99399,0.45122,-0.7223,-0.49427,-0.26511,0.137,-0.96259,0.8047,0.49922,0.64698,0.95859,0.41088,-0.90766,-0.15372,0.30231,0.59645,-0.6775,-0.22691,0.72683,0.80917,-0.32807,0.50108,0.20575,-0.54741,0.98479,0.8931,-0.79247,-0.5496,0.087781,-0.87069,-0.16927,0.59289,-0.065078,0.23941,-0.45792,-0.13138,0.72781,-0.88755,0.67024,0.18547,-0.11322,0.84993,0.61761,-0.35666,0.75382,-0.4767,-0.16439,-0.72713,-0.22535,-0.28573,0.034878,-0.77576,-0.8606,-0.86586,0.95962,-0.60756,-0.4629,0.082524,-0.62074,-0.32847,-0.17219,0.33299,0.21176,0.81876,0.982,-0.080251,0.4133,-0.71772,-0.92537,-0.88454,0.38791,0.45048,0.45351,0.073857,-0.098683,-0.80779,0.85995,-0.23265,0.12573,-0.020853,0.48888,-0.94723,0.37252,0.064134,-0.19604,0.76058,-0.085625,-0.98581,0.46391
0.65054,-0.26775,0.30192,-0.076737,0.95369,0.0070113,-0.42626,-0.92826,-0.22461,-0.030865,-0.04856,0.75337,0,0.8686,-0.79937,-0.68252,-0.098457,0.78772,0.65904,0.87087,-0.29102,-0.02366,-0.84562,0.38598,0.38511,-0.81847,-0.1877,0.60837,0.87861,0.13746,0.82455,0.62121,0.74736,-0.22983,0.38507,-0.11065,-0.042095,0.74404,-0.17176,0.59827,-0.75745,0.79256,0.66715,0.11297,-0.20717,0.92849,0.18586,0.38525,0.45956,0.10823,0.042326,-0.6206,0.65467,-0.048584,-0.75946,0.67957,-0.78371,-0.95538,0.50687,0.30846,0.6368,-0.035698,0.85663,-0.73433,-0.0019254,-0.8314,-0.00099868,-0.63055,0.86949,0.87327,0.87006,0.82774,0.46426,-0.36041,0.73441,-0.40534,-0.88354,-0.69851,0.71148,-0.62832,-0.1207,0.49243,0.7026,0.091969,0.24638,0.14644,0.74687,0.08291,-0.87002,0.15029,-0.36241,0.66011,-0.35654,0.53817,-0.19322,-0.22839,0.37567,-0.16489,-0.025942,-0.36602,-0.8569,-0.48905,-0.21573,-0.4413,-0.57376
0.94977,0.84862,0.28778,-0.20307,0.55105,-0.68449,0.15129,0.36323,0.81271,0.29633,-0.35876,-0.46261,0.8686,0,-0.61305,0.42583,-0.56681,-0.38983,-0.62559,-0.66473,-0.84573,-0.77217,-0.3228,-0.56127,0.27581,0.8597,0.26515,0.085842,-0.058335,-0.69322,-0.65388,0.096059,0.11333,-0.72208,0.84548,0.3146,0.29349,-0.50396,-0.56008,0.37868,0.45791,-0.97457,-0.1328,-0.053723,0.56104,-0.87907,-0.76979,0.60439,0.052192,-0.085374,0.81201,0.36126,-0.13072,-0.32683,-0.32966,0.22353,0.262,-0.69927,-0.78689,-0.33319,-0.69356,-0.013744,0.71115,0.33683,-0.63897,-0.73822,-0.13144,0.96095,0.62439,0.65989,-0.38744,0.06484,0.16613,-0.4163,-0.36525,-0.40571,-0.28506,-0.35372,-0.74388,-0.25327,0.46894,0.64365,-0.22037,0.47385,-0.7727,0.2356,0.35769,-0.68571,-0.67721,0.23053,0.65625,0.19891,0.56761,-0.22958,0.71979,-0.18883,0.62915,0.019781,0.34017,-0.20979,-0.007391,-0.68109,0.76485,0.42068,-0.83195
-0.66739,-0.87142,-0.38571,-0.76244,-0.76818,-0.42047,0.77178,-0.12998,0.71575,-0.41273,-0.22896,-0.81902,-0.79937,-0.61305,0,-0.73269,-0.59668,-0.7785,-0.31437,-0.34038,-0.65244,-0.44807,-0.10541,0.45226,0.52718,-0.74439,0.15382,-0.66188,0.42209,0.29555,-0.7044,-0.87825,0.60592,0.58078,-0.078628,0.85232,0.5704,0.78631,0.11304,0.59855,-0.27079,0.77199,-0.4811,-0.54416,0.031486,0.8655,-0.96453,-0.24798,0.25945,-0.88428,-0.85598,-0.13313,0.79458,-0.74017,-0.64113,0.24457,-0.39238,-0.19515,-0.63064,-0.25722,-0.94864,-0.96929,-0.09689,0.22119,0.20575,-0.097189,0.4933,-0.98963,-0.26233,-0.50005,0.48952,0.67346,0.22858,0.59426,0.60937,-0.69011,-0.29951,-0.072831,-0.56904,0.88822,0.88784,0.97163,0.20421,-0.11892,-0.0085729,0.55742,0.38967,0.4697,-0.40665,0.8346,0.5735,-0.61611,-0.67804,-0.9011,0.66943,0.89685,-0.63879,0.040412,-0.51573,-0.64884,0.52249,-0.8657,0.031608,-0.59599,0.044192
0.81529,-0.9557,-0.17958,0.34,0.5231,0.88512,-0.0105,0.075386,0.35784,0.033512,0.63585,0.32297,-0.68252,0.42583,-0.73269,0,-0.60976,0.093434,0.66935,-0.60968,-0.0054028,-0.083493,0.24796,0.84822,0.28348,0.86005,-0.6843,-0.8738,-0.55241,0.56884,-0.060409,-0.96715,-0.0087278,0.13136,-0.37444,-0.84862,-0.27851,0.43468,-0.5843,0.47573,-0.25497,0.58665,0.61804,-0.39036,-0.55621,-0.97881,-0.83207,-0.71756,0.0089224,0.055832,0.091428,-0.96974,-0.3297,-0.60023,0.61061,0.84734,0.18108,-0.29261,0.24116,0.45661,-0.55311,0.53507,-0.92322,-0.48652,0.30326,-0.24731,-0.38108,0.60102,0.53585,-0.66798,-0.91942,-0.17195,0.20879,0.66417,-0.68461,0.75588,-0.40256,-0.75532,0.44894,-0.081189,-0.5006,-0.73726,0.84467,-0.90382,-0.5286,0.77893,-0.006305,-0.62426,0.50172,0.56953,0.86152,-0.39342,-0.94325,0.086356,-0.36391,-0.49805,0.035403,0.78507,0.26017,0.24668,-0.61175,0.48905,0.66471,-0.14926,0.35025
-0.23249,-0.27816,-0.067583,0.88757,-0.38296,0.72123,0.92434,-0.0030742,-0.58881,0.15273,0.19855,0.99399,-0.098457,-0.56681,-0.59668,-0.60976,0,-0.7563,-0.51882,-0.63274,0.76433,-0.98652,-0.20806,-0.35523,-0.72396,-0.22661,-0.7717,-0.28182,-0.52297,0.7264,0.25691,-0.9166,0.15845,-0.90355,-0.93129,-0.045141,0.10302,0.31632,-0.63392,-0.39583,-0.70397,0.75337,0.038355,-0.61685,-0.86941,0.66226,0.78815,0.50722,-0.26067,-0.11773,0.9754,0.71293,0.38557,-0.010842,-0.078984,0.049753,0.68912,0.15452,0.57715,0.88542,0.37174,-0.89152,0.11161,0.2947,0.50328,-0.6237,-0.27488,-0.52272,0.17788,-0.6943,-0.98053,0.45154,-0.69511,-0.80324,0.4054,-0.72347,0.31807,-0.22785,-0.75536,0.86648,-0.24812,0.89146,-0.30348,-0.23564,-0.70326,-0.70022,-0.89951,-0.80861,0.48116,0.85809,0.0089608,0.95183,0.32185,-0.66798,0.58795,-0.0012634,0.26482,-0.91876,-0.045678,-0.84273,0.97252,0.51872,0.97237,-0.26827,-0.72235
0.41503,0.10543,-0.82677,-0.31686,-0.70331,-0.42132,0.94243,-0.6227,0.82688,0.43885,0.79822,0.45122,0.78772,-0.38983,-0.7785,0.093434,-0.7563,0,0.54834,0.89707,0.17961,-0.74487,-0.47353,-0.98503,-0.078732,0.64496,0.45655,0.55424,0.63142,-0.85378,-0.0034817,0.022402,-0.66843,0.65937,0.62705,0.14,0.68819,0.98867,0.49769,0.49322,0.034843,0.41199,0.00077032,0.3296,-0.99281,0.0025707,0.217,-0.4458,0.57872,-0.29053,-0.88725,-0.059967,0.26259,0.77619,-0.66225,0.39007,-0.42029,-0.16751,-0.18962,0.58915,0.14529,-0.81608,-0.40783,-0.33848,-0.94602,0.47914,-0.81346,-0.33505,-0.88626,-0.53938,-0.79631,-0.73481,-0.023142,-0.68329,0.17244,-0.6045,-0.89912,0.69994,0.86773,0.50498,0.35946,0.53812,-0.67808,-0.12744,0.62031,0.41948,-0.79492,0.49946,0.41841,0.28755,0.29658,-0.61887,0.20006,-0.8173,-0.68509,0.54955,0.3484,-0.27844,-0.62637,0.58793,0.4162,-0.96787,-0.59242,0.86981,-0.20628
-0.44983,-0.14567,0.057377,0.5293,-0.51776,-0.53991,-0.88893,-0.9437,-0.49629,-0.86535,-0.15888,-0.7223,0.65904,-0.62559,-0.31437,0.66935,-0.51882,0.54834,0,0.60554,-0.58869,0.22822,-0.95951,-0.7853,0.4447,0.89891,0.37027,-0.32785,0.47579,-0.46288,-0.16898,0.73557,-0.11832,-0.11554,-0.05543,0.31179,-0.93689,0.13513,0.33031,0.41192,-0.25577,0.73697,-0.013742,-0.63881,0.79485,-0.12066,0.91763,0.71055,0.73329,0.89109,-0.36376,0.56927,-0.25106,-0.40402,-0.95603,0.57955,0.026311,-0.17275,0.13828,-0.33328,-0.36939,-0.73595,0.74491,0.89968,0.55438,-0.71918,-0.85341,0.83231,-0.95627,-0.27462,-0.41389,0.37658,0.67356,0.32364,-0.74152,0.14032,-0.49234,0.59519,0.35394,-0.10207,0.20499,-0.82959,-0.21383,-0.87359,-0.74264,-0.71013,0.51263,0.43917,-0.79081,0.18132,-0.088187,0.23489,0.2922,-0.68664,-0.97474,0.25285,0.34345,-0.82429,0.86528,-0.66471,0.07809,0.53652,-0.68227,-0.5927,-0.89548
0.66007,0.39352,-0.3343,-0.41369,-0.97272,-0.52561,-0.066688,-0.72811,-0.56614,0.58441,-0.32146,-0.49427,0.87087,-0.66473,-0.34038,-0.60968,-0.63274,0.89707,0.60554,0,0.34703,0.27831,-0.54839,0.8722,-0.5108,-0.1077,-0.97223,-0.48116,0.8299,-0.23585,-0.71801,-0.70421,0.6204,0.76358,-0.30601,0.5989,0.53128,-0.13274,0.8663,0.72891,-0.027649,0.30038,-0.69627,0.2039,0.76706,0.40746,0.97324,-0.076529,0.023691,-0.43489,0.86918,0.93644,-0.0044004,-0.68402,-0.010283,0.49165,0.72091,-0.54381,0.74494,-0.98253,-0.84044,0.85972,-0.049976,-0.79488,0.269,-0.4785,-0.74446,0.76064,0.090903,0.65364,0.21466,-0.99229,-0.52762,-0.31586,0.94461,0.85521,-0.085562,-0.98288,-0.77153,0.90732,0.58626,0.55859,-0.32301,-0.48676,0.14912,-0.55299,-0.72495,-0.60208,-0.46809,0.58041,0.60025,0.82785,0.76997,-0.2956,0.63634,0.76377,-0.64876,0.80913,-0.087233,0.944,0.20455,-0.62333,-0.56143,-0.21335,-0.23698
-0.34674,-0.44176,0.48898,0.25066,-0.91071,0.82752,-0.90588,0.78133,-0.045595,-0.54014,0.9126,-0.26511,-0.29102,-0.84573,-0.65244,-0.0054028,0.76433,0.17961,-0.58869,0.34703,0,0.34596,-0.78226,-0.079917,0.053161,0.77322,0.99802,0.6623,0.51459,-0.20681,-0.79739,-0.43008,-0.78845,-0.42199,0.243,0.21471,0.60703,-0.74301,0.014989,0.84129,0.14989,-0.49378,0.2099,-0.79835,0.98307,-0.065994,0.91284,0.67201,-0.99753,-0.93666,0.8345,0.54393,0.27723,0.034449,-0.39553,-0.0017081,0.52602,-0.70317,-0.79964,-0.61086,0.7396,0.64155,0.88232,0.45355,0.19365,-0.23923,0.32299,0.78317,0.66906,-0.98803,0.99967,0.26658,0.083337,-0.18799,-0.22725,0.11653,0.23081,0.2833,0.61818,-0.13575,-0.95275,0.30386,-0.39088,-0.097813,-0.47869,0.22963,-0.61425,0.13981,0.51395,0.69645,0.53033,-0.24484,0.88533,-0.31001,-0.96283,-0.62083,-0.31413,0.15835,-0.94446,-0.091714,-0.41013,0.69475,0.14325,-0.81451,-0.072637
-0.88617,-0.59037,-0.37231,-0.9106,-0.78287,0.14246,0.68967,0.40481,0.66819,0.83262,-0.36458,0.137,-0.02366,-0.77217,-0.44807,-0.083493,-0.98652,-0.74487,0.22822,0.27831,0.34596,0,0.15291,-0.41515,-0.8665,-0.966,-0.56046,-0.35891,0.59217,-0.34329,-0.79334,-0.70744,-0.97981,0.81014,-0.59904,0.93569,0.28506,0.55184,0.93462,-0.98429,0.97885,0.36819,0.41744,-0.4894,0.97051,-0.045923,0.38986,0.81888,-0.45379,-0.61398,0.78554,0.5108,-0.46211,0.73365,0.95992,-0.0091071,-0.78503,-0.032153,0.74443,-0.72682,-0.59498,0.7174,0.78839,-0.92321,-0.85682,0.98047,-0.57494,0.94171,-0.22579,0.62596,0.88694,0.14832,-0.75367,0.65779,-0.084976,-0.5289,0.57133,0.3384,0.77652,0.29134,-0.38279,0.80192,0.59554,0.58366,-0.48433,0.50677,-0.54627,0.26421,-0.067099,0.047971,0.53278,-0.020296,-0.35631,-0.53844,-0.95806,-0.92583,-0.66409,-0.8502,-0.26916,-0.5836,-0.56553,-0.40451,0.045711,0.45636,0.13022
0.99064,0.33001,-0.38956,0.7078,-0.76213,0.68947,0.16823,-0.53847,-0.78589,0.89628,-0.22607,-0.96259,-0.84562,-0.3228,-0.10541,0.24796,-0.20806,-0.47353,-0.95951,-0.54839,-0.78226,0.15291,0,-0.76102,-0.84547,-0.45284,-0.8157,-0.43011,-0.067049,0.68609,0.22092,0.86217,0.49752,-0.0053886,0.75426,-0.31955,-0.634,-0.76575,-0.17124,-0.57684,-0.44268,0.68823,0.48709,-0.0040197,-0.70109,0.75214,-0.31259,0.50309,-0.39279,0.3575,-0.8804,-0.45275,0.15337,0.30972,-0.70568,-0.94482,-0.69424,-0.45326,-0.51985,-0.43945,-0.94557,-0.034278,-0.26466,0.54632,-0.5429,0.08543,-0.032742,0.85248,0.99779,-0.98381,0.98669,-0.63296,0.63498,-0.14097,0.83581,0.47312,-0.12528,-0.91975,0.26555,-0.3496,-0.20135,0.22587,-0.14303,-0.70591,0.55765,-0.055091,-0.2336,-0.4027,0.21626,0.03812,0.14473,-0.87105,0.52311,0.95726,0.56535,0.43189,-0.587,0.06859,0.02705,-0.52879,-0.061469,-0.23491,-0.19542,0.029142,0.8786
0.50839,0.74958,-0.65112,-0.050515,-0.92629,0.34868,0.92157,0.47301,-0.45745,-0.45572,-0.48071,0.8047,0.38598,-0.56127,0.45226,0.84822,-0.35523,-0.98503,-0.7853,0.8722,-0.079917,-0.41515,-0.76102,0,0.64416,-0.2229,-0.40617,-0.71493,-0.64461,0.26251,0.10433,-0.074236,-0.70782,0.27806,-0.47486,0.3923,0.33797,-0.97497,0.37064,-0.040562,-0.80532,-0.93981,0.99678,-0.8583,0.68907,0.015445,-0.16601,-0.69807,0.49234,0.5908,-0.14212,-0.24823,-0.8934,0.52071,-0.42939,0.017171,0.71578,-0.34004,-0.0030086,-0.70571,0.17168,0.57422,-0.00086249,-0.88717,0.055496,0.65293,0.66102,-0.016359,-0.96777,-0.29089,-0.66253,-0.067332,0.53418,0.65636,-0.73961,-0.6333,0.16231,0.57928,-0.24854,0.71907,0.048259,-0.96393,-0.55462,-0.52152,0.9478,-0.51848,-0.87134,0.17307,-0.88657,0.52399,0.5738,0.98951,0.73919,0.12297,0.11648,0.21123,-0.27023,-0.6211,0.4426,0.46183,0.063543,-0.1072,0.11053,-0.38028,0.49791
0.28358,0.10348,-0.81445,-0.17522,-0.25013,-0.87212,-0.74341,0.22652,-0.42307,-0.61705,0.025258,0.49922,0.38511,0.27581,0.52718,0.28348,-0.72396,-0.078732,0.4447,-0.5108,0.053161,-0.8665,-0.84547,0.64416,0,-0.41932,0.14976,-0.99319,-0.16148,-0.43625,0.14159,0.21511,-0.46804,-0.5671,-0.63453,-0.57737,-0.82774,-0.69693,0.54662,0.099251,-0.94042,-0.9485,0.3445,0.59064,0.47894,0.38835,-0.77151,-0.04552,0.24091,-0.55652,-0.49124,-0.50011,0.78976,0.59663,0.48174,-0.86139,0.12876,-0.9663,-0.17659,-0.51069,0.21062,-0.65,-0.0016038,0.95618,0.86347,0.16507,0.40179,-0.20332,-0.64823,0.85216,-0.88276,-0.54647,-0.16648,-0.25837,-0.82892,-0.46176,-0.32084,0.59846,0.84835,-0.9956,0.60456,0.40981,-0.046545,-0.37524,-0.48375,-0.9497,0.39174,-0.89559,-0.77026,-0.82407,-0.42628,-0.35183,-0.88566,-0.17034,0.57382,0.37513,-0.084308,-0.99365,-0.48489,-0.80714,-0.27104,-0.79832,0.31706,0.049049,0.7726
0.58362,0.95794,-0.88526,-0.88815,0.81016,-0.46011,-0.38436,-0.45096,0.18286,-0.99121,-0.73716,0.64698,-0.81847,0.8597,-0.74439,0.86005,-0.22661,0.64496,0.89891,-0.1077,0.77322,-0.966,-0.45284,-0.2229,-0.41932,0,0.46106,0.29657,0.031316,0.4073,0.81567,-0.51092,0.70057,-0.11177,-0.67223,-0.18518,-0.088772,-0.72213,-0.96905,0.80801,0.66085,0.002122,-0.086085,-0.24531,-0.54057,-0.25261,0.29857,0.092063,0.2019,-0.036205,-0.16344,0.28801,-0.84192,-0.7076,0.52752,-0.44847,-0.80588,0.75257,-0.87261,-0.05842,0.87801,-0.84932,-0.023107,0.39963,-0.27692,-0.83418,0.53649,0.26555,0.62226,-0.45339,0.93935,0.58728,0.75916,-0.3688,-0.032917,-0.92019,0.57964,0.59948,0.59582,-0.17756,0.25781,-0.63459,-0.37071,-0.60071,-0.32086,-0.060544,-0.62242,-0.46996,0.27954,0.61369,0.29412,-0.91017,-0.88613,0.12535,0.85806,-0.58292,-0.70485,0.32948,-0.30526,0.63618,-0.5296,0.41155,0.31189,-0.34649,0.46943
-0.27304,-0.89213,-0.15679,0.51466,0.29742,-0.32859,0.42678,0.3373,0.99416,0.15582,-0.27584,0.95859,-0.1877,0.26515,0.15382,-0.6843,-0.7717,0.45655,0.37027,-0.97223,0.99802,-0.56046,-0.8157,-0.40617,0.14976,0.46106,0,-0.44059,-0.99191,-0.74446,0.38834,0.18302,0.49112,-0.35433,-0.39544,-0.79006,-0.55538,0.33603,-0.80874,-0.50925,0.5244,0.1115,0.78209,-0.43413,-0.14566,0.97231,-0.89705,-0.25532,0.8398,0.25218,-0.79501,0.18331,0.24204,0.45159,0.90391,0.29119,-0.045194,-0.9952,0.91568,-0.86261,0.60166,-0.74636,-0.21056,0.12436,0.076682,-0.8733,-0.58986,-0.077707,0.63595,-0.55855,-0.7144,-0.6087,-0.99188,0.90707,0.50734,-0.51037,0.30309,0.43949,-0.6395,-0.32403,-0.7763,0.35782,0.96836,0.67747,-0.97918,-0.48834,-0.40813,-0.40734,-0.77061,0.3489,-0.67598,-0.031445,0.77848,0.64587,-0.91525,-0.42759,-0.84099,0.16039,-0.39733,0.71386,-0.30026,-0.1209,-0.13363,0.28582,-0.7774
-0.7393,0.31869,-0.82707,-0.68056,-0.9659,-0.66867,-0.57585,-0.21668,0.58365,0.27135,0.96946,0.41088,0.60837,0.085842,-0.66188,-0.8738,-0.28182,0.55424,-0.32785,-0.48116,0.6623,-0.35891,-0.43011,-0.71493,-0.99319,0.29657,-0.44059,0,-0.30428,0.92742,0.22945,-0.086094,-0.88236,0.56297,0.91563,0.55788,-0.4716,-0.57275,0.21392,-0.72731,-0.54067,-0.62675,0.48061,-0.062135,-0.37735,0.12411,0.43073,0.48349,0.027103,0.78252,-0.11179,0.70841,0.81199,0.95873,-0.7598,-0.26421,-0.90983,0.014294,0.77758,-0.066164,-0.54441,-0.055512,-0.30234,0.73662,-0.18723,-0.66161,-0.39298,-0.41901,-0.2468,0.6886,0.906,0.55681,0.55659,-0.0301,0.68494,-0.27801,-0.71857,-0.024902,0.67657,0.017755,0.51273,0.58389,-0.87073,-0.51564,-0.77515,0.52879,0.79372,-0.41411,-0.072045,-0.46047,-0.84845,0.58477,-0.24447,0.59382,0.30198,0.02864,-0.8243,0.082367,0.96836,0.92712,0.81536,0.86106,0.18053,-0.18044,-0.62036
0.20616,0.7799,-0.79598,0.080415,-0.8928,-0.54041,0.52373,-0.70952,-0.37879,0.81254,0.047057,-0.90766,0.87861,-0.058335,0.42209,-0.55241,-0.52297,0.63142,0.47579,0.8299,0.51459,0.59217,-0.067049,-0.64461,-0.16148,0.031316,-0.99191,-0.30428,0,-0.92625,0.14946,0.23021,0.2543,-0.45499,0.97967,0.26053,-0.12478,-0.68975,0.1778,0.16567,0.16849,-0.22844,-0.95849,0.22799,0.55509,-0.95567,-0.52173,0.26839,0.92706,0.52937,-0.36224,0.3156,-0.22436,0.68691,0.2667,0.25982,-0.99897,0.50414,0.47089,-0.55889,-0.2561,0.39053,-0.78571,0.52112,0.89035,-0.035163,-0.74632,0.62999,-0.13421,0.93738,0.63007,0.042043,-0.039172,0.13138,-0.82647,0.86341,0.927,0.77824,-0.57711,0.60523,-0.858,-0.65037,0.1297,-0.64739,0.32887,-0.97659,-0.37561,-0.73948,0.55994,0.20633,0.73109,-0.37638,0.21626,0.75333,0.15716,0.28016,-0.63329,-0.20429,0.12615,-0.39911,-0.35759,0.92168,0.33,0.083349,0.57315
0.93767,-0.88862,0.0086493,0.71586,0.080864,0.15984,-0.90847,0.91077,-0.95564,0.45607,0.58514,-0.15372,0.13746,-0.69322,0.29555,0.56884,0.7264,-0.85378,-0.46288,-0.23585,-0.20681,-0.34329,0.68609,0.26251,-0.43625,0.4073,-0.74446,0.92742,-0.92625,0,-0.43132,-0.6332,-0.75495,0.3911,-0.66792,0.40874,-0.42293,-0.7405,0.26705,0.7874,0.089806,-0.25875,0.14977,-0.61045,0.13564,0.91904,0.78987,-0.59793,-0.58142,0.31929,-0.49708,-0.99821,0.78514,-0.84279,-0.62349,0.71793,-0.28882,0.81909,-0.11579,0.52683,-0.83666,-0.82289,0.66321,-0.52024,0.4648,0.79454,0.48313,-0.39386,0.34071,-0.027993,-0.065723,0.50224,-0.70877,0.66224,0.054143,0.69296,-0.53721,0.72363,0.772,-0.37038,-0.80671,-0.63571,-0.73033,0.093564,-0.67919,-0.82774,-0.54261,0.51372,-0.33736,0.81394,-0.3404,0.20326,0.048993,-0.47055,-0.27662,0.97141,-0.79685,-0.42388,0.34538,-0.086492,0.57833,0.07788,-0.42247,0.43913,0.63992
-0.49792,0.053958,0.18289,-0.88607,-0.85155,-0.33028,0.78917,-0.18803,-0.77112,-0.42045,-0.22657,0.30231,0.82455,-0.65388,-0.7044,-0.060409,0.25691,-0.0034817,-0.16898,-0.71801,-0.79739,-0.79334,0.22092,0.10433,0.14159,0.81567,0.38834,0.22945,0.14946,-0.43132,0,0.4658,-0.45907,-0.63129,-0.97276,-0.37907,-0.47926,0.13463,0.78223,0.011247,-0.10934,0.28432,-0.10655,-0.16123,0.91289,-0.91678,-0.94695,-0.71189,-0.23604,-0.23126,-0.061533,-0.068082,-0.64091,0.94258,-0.69852,-0.015216,-0.53798,0.46994,0.35192,0.26313,0.40755,-0.79808,0.040554,0.17431,-0.36759,-0.21021,-0.052722,0.045274,-0.28118,-0.80207,-0.68091,0.38366,0.55215,-0.65733,0.34371,-0.93188,0.34013,0.77316,0.906,-0.39327,0.62704,-0.17911,0.12034,-0.91183,0.54194,-0.19443,0.64465,-0.49086,-0.61103,-0.091938,-0.86295,-0.30445,0.0070699,0.83674,-0.034671,-0.5523,0.54812,0.11929,0.81904,-0.97293,-0.12994,-0.17199,-0.86664,0.92694,-0.37748
0.14283,-0.098157,-0.99242,0.41258,-0.43065,0.81782,-0.85441,0.57076,0.67051,-0.63875,-0.21074,0.59645,0.62121,0.096059,-0.87825,-0.96715,-0.9166,0.022402,0.73557,-0.70421,-0.43008,-0.70744,0.86217,-0.074236,0.21511,-0.51092,0.18302,-0.086094,0.23021,-0.6332,0.4658,0,0.35797,-0.73237,-0.63927,-0.86255,-0.31917,0.43793,-0.81625,0.17719,-0.13384,-0.71132,-0.4472,-0.56219,0.2806,0.11536,0.70048,-0.73065,0.090724,-0.035109,0.8489,-0.49422,-0.63293,0.33744,0.90096,0.49743,0.49366,0.96354,0.045863,0.43655,-0.43768,0.85527,-0.32611,0.46471,-0.040331,0.249,0.33616,-0.53846,-0.41679,0.024158,-0.11801,-0.17,0.024411,0.97307,-0.97304,0.10039,-0.93363,0.91067,-0.98406,0.1136,-0.037153,-0.17078,-0.80628,-0.60619,0.1071,0.53491,-0.16316,0.29669,0.57979,-0.94523,-0.9914,0.53375,-0.49823,-0.092412,0.29088,0.66819,0.92835,0.39558,-0.15943,0.39638,0.91725,0.30218,0.88898,0.0018931,0.2781
-0.3944,-0.68736,0.40166,-0.18575,-0.59179,-0.061203,0.02187,0.57023,-0.065088,0.9102,0.62262,-0.6775,0.74736,0.11333,0.60592,-0.0087278,0.15845,-0.66843,-0.11832,0.6204,-0.78845,-0.97981,0.49752,-0.70782,-0.46804,0.70057,0.49112,-0.88236,0.2543,-0.75495,-0.45907,0.35797,0,0.89137,0.5904,-0.51953,-0.18183,-0.10159,0.19971,-0.08491,-0.86279,0.36936,0.042996,0.30394,-0.081339,0.42713,-0.56976,0.62558,0.17088,0.30883,-0.090677,0.18048,0.18216,-0.68817,0.30958,-0.15181,-0.044087,0.67451,-0.8818,0.23586,0.96967,-0.67157,-0.4417,-0.14115,0.077694,-0.4217,0.86089,0.031795,0.86275,0.94227,-0.82187,-0.21989,-0.75859,-0.4161,-0.55637,-0.25081,0.49515,-0.372,-0.59118,-0.16792,-0.85861,-0.36575,0.45552,0.81904,-0.53624,0.25638,0.81824,0.51724,0.95338,0.54921,-0.20395,0.19767,-0.44798,0.50876,-0.85319,-0.025103,-0.9289,-0.67189,0.31164,0.55414,0.64667,0.65128,-0.090506,-0.66824,0.86304
0.38523,0.052552,-0.80473,0.87881,-0.60917,-0.534,-0.78992,-0.46488,0.11294,-0.32402,-0.91046,-0.22691,-0.22983,-0.72208,0.58078,0.13136,-0.90355,0.65937,-0.11554,0.76358,-0.42199,0.81014,-0.0053886,0.27806,-0.5671,-0.11177,-0.35433,0.56297,-0.45499,0.3911,-0.63129,-0.73237,0.89137,0,0.7895,-0.48201,-0.94602,0.77769,0.31773,-0.79321,0.84688,-0.90472,-0.99234,0.357,0.27975,-0.8176,0.7028,0.36141,-0.46443,0.067387,-0.18751,0.36744,-0.33224,-0.61626,-0.82565,0.82278,-0.045103,-0.98296,0.81408,0.35235,0.40418,0.86663,0.59907,-0.47016,0.64353,-0.6332,-0.80178,-0.049111,0.98997,-0.48336,-0.30664,0.70841,0.75753,-0.59503,0.22501,-0.14574,0.049369,-0.46292,-0.86775,0.45939,-0.6362,0.10575,-0.48056,-0.57916,0.75587,0.30068,-0.73713,-0.67533,-0.99732,-0.41137,-0.28105,-0.42373,-0.98699,0.32245,0.41797,0.81743,0.79981,0.62544,0.22722,0.73558,-0.72874,0.78775,0.54782,-0.57826,0.35654
0.85119,-0.11918,-0.17444,0.64776,-0.38561,0.86311,-0.81247,0.054902,-0.9792,0.31929,0.071497,0.72683,0.38507,0.84548,-0.078628,-0.37444,-0.93129,0.62705,-0.05543,-0.30601,0.243,-0.59904,0.75426,-0.47486,-0.63453,-0.67223,-0.39544,0.91563,0.97967,-0.66792,-0.97276,-0.63927,0.5904,0.7895,0,0.74478,-0.4637,-0.80758,0.3076,0.96437,0.53933,-0.11847,-0.15154,0.34449,0.65495,-0.98742,-0.77632,-0.26316,0.4926,-0.88528,0.78178,0.44312,-0.24604,-0.0067711,0.98835,0.54838,-0.90568,-0.79702,-0.96414,0.68983,0.78014,-0.0085813,-0.16647,0.12618,0.49774,0.1321,0.33894,0.21372,-0.59718,-0.22256,0.57391,-0.10033,0.018256,0.87742,-0.43488,0.50026,-0.042661,-0.81542,-0.17916,0.8954,-0.18045,-0.24394,0.10278,0.40182,0.79957,0.98721,-0.017466,0.65353,0.69671,0.27985,0.35189,0.39028,-0.00020839,0.75876,0.40455,0.76797,-0.14276,0.17489,0.85741,-0.91666,-0.65996,0.11456,-0.078531,-0.79574,-0.82752
-0.47462,0.5815,-0.86963,-0.091005,-0.88977,0.39223,-0.47642,-0.73425,-0.22595,-0.6038,-0.05376,0.80917,-0.11065,0.3146,0.85232,-0.84862,-0.045141,0.14,0.31179,0.5989,0.21471,0.93569,-0.31955,0.3923,-0.57737,-0.18518,-0.79006,0.55788,0.26053,0.40874,-0.37907,-0.86255,-0.51953,-0.48201,0.74478,0,-0.83943,0.0057333,0.62933,0.91946,0.027472,-0.088203,0.72673,-0.1399,0.23494,-0.83525,-0.48397,0.49755,0.277,-0.20243,-0.25262,-0.085807,0.26122,-0.7129,-0.51051,-0.83605,0.51978,-0.27671,-0.64137,0.10248,-0.048713,0.86705,-0.089621,0.33065,-0.081382,-0.98535,0.71764,-0.79942,-0.45321,0.92176,0.084068,0.0078618,-0.4249,-0.92717,-0.35031,-0.48521,-0.029887,-0.97196,-0.8163,-0.60131,0.025022,-0.2539,-0.82982,-0.78735,-0.51023,0.018034,-0.36033,0.076533,0.76612,0.072361,0.87079,0.97234,-0.32361,0.90056,0.23786,0.35217,0.022999,0.18753,0.21593,-0.33443,0.13409,-0.092894,0.81104,0.13743,0.66513
0.26592,0.23075,0.69421,0.86869,0.49428,-0.87452,-0.45869,0.040338,-0.5332,-0.53844,0.32209,-0.32807,-0.042095,0.29349,0.5704,-0.27851,0.10302,0.68819,-0.93689,0.53128,0.60703,0.28506,-0.634,0.33797,-0.82774,-0.088772,-0.55538,-0.4716,-0.12478,-0.42293,-0.47926,-0.31917,-0.18183,-0.94602,-0.4637,-0.83943,0,-0.42103,0.33525,-0.99733,0.18723,-0.39901,0.25283,-0.3894,-0.71433,-0.67288,0.781,0.087263,0.35105,0.052007,-0.43327,0.96338,-0.071911,-0.14428,-0.47816,0.36366,0.11562,-0.84153,0.79626,0.27439,-0.2282,0.416,-0.3379,-0.35922,0.55448,-0.0003313,-0.28251,0.62896,0.42136,0.93049,-0.74839,0.67044,0.62522,0.24656,-0.45501,-0.7202,0.0082621,0.76516,0.31635,0.4897,0.69911,-0.16746,-0.091054,0.31909,0.17909,0.52565,-0.023264,0.31741,0.31217,-0.77408,-0.12453,0.1015,-0.6166,-0.74959,0.71457,-0.98762,0.64545,0.20955,-0.31428,-0.64486,-0.53877,-0.73631,0.46447,-0.93422,0.66058
0.8669,0.82779,0.23973,0.17552,0.98807,0.25844,0.48425,-0.5989,0.33525,0.04845,0.30834,0.50108,0.74404,-0.50396,0.78631,0.43468,0.31632,0.98867,0.13513,-0.13274,-0.74301,0.55184,-0.76575,-0.97497,-0.69693,-0.72213,0.33603,-0.57275,-0.68975,-0.7405,0.13463,0.43793,-0.10159,0.77769,-0.80758,0.0057333,-0.42103,0,-0.31463,-0.018589,-0.17134,-0.80936,0.24405,-0.48546,-0.48433,0.40728,-0.089376,0.43359,0.50374,-0.58454,-0.63417,-0.16278,-0.084947,-0.22383,-0.60288,-0.61176,0.73704,0.61239,0.67818,-0.012094,-0.72101,0.13729,-0.85994,-0.50523,0.81399,0.064334,0.37801,0.29939,0.24126,-0.84593,-0.87076,-0.60327,0.52699,-0.30625,0.1989,0.55164,0.61944,0.93619,-0.18977,-0.92261,-0.7864,-0.57044,0.38554,-0.738,-0.8626,0.21553,-0.044645,0.74579,0.69923,-0.91635,0.95577,-0.40273,-0.46134,-0.74152,-0.060057,0.18424,-0.25684,-0.77904,0.75325,0.92433,0.90731,-0.93825,-0.17583,0.32194,-0.2669
-0.044069,0.94584,-0.58062,0.61915,0.052056,0.15956,-0.66962,0.90312,0.4345,0.34922,-0.69761,0.20575,-0.17176,-0.56008,0.11304,-0.5843,-0.63392,0.49769,0.33031,0.8663,0.014989,0.93462,-0.17124,0.37064,0.54662,-0.96905,-0.80874,0.21392,0.1778,0.26705,0.78223,-0.81625,0.19971,0.31773,0.3076,0.62933,0.33525,-0.31463,0,0.26376,0.77443,-0.41979,-0.31069,0.96283,0.16026,-0.34918,0.61916,0.73244,0.57456,0.26845,-0.58718,-0.64942,-0.93678,-0.8728,-0.79003,-0.33049,-0.22016,0.17751,-0.55913,-0.70211,-0.62831,-0.47558,0.5236,0.0020318,0.98753,-0.81339,0.50414,-0.31145,0.53911,-0.83377,0.097303,-0.50675,-0.67755,-0.62784,-0.76194,-0.36995,0.40904,0.21855,0.86817,0.46075,-0.069587,-0.89666,-0.8127,-0.40556,-0.19461,0.42331,0.077032,-0.79884,-0.070866,-0.092025,0.99468,-0.45519,0.18462,0.95681,0.21575,-0.43979,-0.85995,-0.85286,-0.73623,0.54237,0.056167,-0.22509,0.58162,-0.88802,0.025989
-0.24085,0.34497,-0.80245,0.32004,-0.48393,-0.73347,0.23759,0.23541,0.66555,0.26825,-0.13849,-0.54741,0.59827,0.37868,0.59855,0.47573,-0.39583,0.49322,0.41192,0.72891,0.84129,-0.98429,-0.57684,-0.040562,0.099251,0.80801,-0.50925,-0.72731,0.16567,0.7874,0.011247,0.17719,-0.08491,-0.79321,0.96437,0.91946,-0.99733,-0.018589,0.26376,0,-0.87801,-0.77834,-0.29709,-0.91282,-0.44708,-0.59741,-0.58402,-0.18409,-0.2733,0.65603,-0.14997,-0.029473,-0.67878,0.95368,-0.2565,-0.037028,-0.66754,0.57935,0.050933,0.62672,0.83453,-0.29339,0.7708,-0.57994,-0.62257,-0.062883,-0.20411,0.56362,0.80316,-0.59689,-0.17345,-0.26592,-0.69943,0.92565,-0.61124,0.37071,-0.77101,0.51501,0.70063,-0.86547,0.08384,0.63966,0.47777,0.41766,0.94535,0.61871,0.29716,0.098018,-0.75971,0.62002,0.15669,-0.3619,-0.33377,0.31846,-0.47461,-0.16988,0.43986,-0.37341,0.94696,-0.33076,0.37956,0.89636,0.47413,0.94712,-0.94377
-0.34209,-0.79391,0.091305,-0.5884,-0.89834,-0.30514,-0.61678,0.92703,0.61786,-0.13066,-0.21824,0.98479,-0.75745,0.45791,-0.27079,-0.25497,-0.70397,0.034843,-0.25577,-0.027649,0.14989,0.97885,-0.44268,-0.80532,-0.94042,0.66085,0.5244,-0.54067,0.16849,0.089806,-0.10934,-0.13384,-0.86279,0.84688,0.53933,0.027472,0.18723,-0.17134,0.77443,-0.87801,0,-0.55954,0.53522,-0.59118,-0.89837,-0.73874,-0.56127,0.055362,-0.32881,0.72443,0.24888,-0.51858,0.73433,-0.88036,0.55953,-0.42137,-0.67706,-0.3855,0.20223,-0.74738,0.53625,0.18218,0.69913,-0.26571,-0.1267,0.91056,0.53942,-0.85923,-0.1505,0.7941,0.39236,-0.18668,-0.45265,0.54026,-0.3282,0.52359,0.17111,0.73167,-0.055096,-0.77568,0.93846,-0.26246,-0.051342,0.15326,0.85841,-0.11754,0.50447,-0.59611,0.15093,0.42815,0.46018,0.70738,-0.44827,-0.79859,0.20294,-0.054258,0.44753,-0.099668,-0.62858,0.16896,-0.98763,0.46918,-0.94484,-0.36787,-0.67582
-0.49458,-0.50473,-0.04187,-0.7371,-0.27376,0.69242,-0.57616,-0.18434,0.17312,-0.33841,-0.59003,0.8931,0.79256,-0.97457,0.77199,0.58665,0.75337,0.41199,0.73697,0.30038,-0.49378,0.36819,0.68823,-0.93981,-0.9485,0.002122,0.1115,-0.62675,-0.22844,-0.25875,0.28432,-0.71132,0.36936,-0.90472,-0.11847,-0.088203,-0.39901,-0.80936,-0.41979,-0.77834,-0.55954,0,0.23526,0.64321,-0.24218,-0.57985,-0.093564,0.46509,0.56246,0.24966,-0.80805,0.66011,-0.15371,0.049279,-0.29309,0.22118,0.32785,-0.34826,0.93773,-0.81317,-0.73795,0.56197,0.64004,0.96034,-0.61446,-0.86336,0.92291,-0.031337,0.36471,-0.67159,0.12528,-0.52716,-0.52971,0.25342,0.47823,0.18786,-0.78425,-0.93204,-0.067287,-0.39844,-0.76382,-0.01459,-0.34198,-0.36556,-0.58085,-0.61682,-0.51545,0.48932,-0.83957,-0.26306,-0.030677,-0.69999,0.14769,0.81991,-0.062956,-0.37391,0.9588,0.21695,-0.033416,0.2421,-0.64976,-0.88894,-0.23992,-0.98593,0.78764
0.8316,-0.36273,0.78265,-0.90954,0.96853,-0.12231,0.044643,0.28869,0.38057,0.28709,-0.93509,-0.79247,0.66715,-0.1328,-0.4811,0.61804,0.038355,0.00077032,-0.013742,-0.69627,0.2099,0.41744,0.48709,0.99678,0.3445,-0.086085,0.78209,0.48061,-0.95849,0.14977,-0.10655,-0.4472,0.042996,-0.99234,-0.15154,0.72673,0.25283,0.24405,-0.31069,-0.29709,0.53522,0.23526,0,0.96194,0.78728,0.56981,-0.71957,0.44908,-0.23378,0.54277,0.50955,-0.74812,0.13104,0.85286,0.61762,0.81978,0.42728,0.69533,0.82962,0.18095,0.78426,-0.80202,0.45493,-0.45265,0.19117,-0.27375,-0.71683,0.91633,0.28261,-0.57654,0.20588,-0.7612,0.25844,0.3877,0.55618,-0.14086,0.59453,-0.42785,-0.28283,0.026533,0.41101,0.56621,-0.90999,0.47431,0.82295,0.75964,-0.25689,-0.47859,0.22996,0.74487,-0.33491,0.13569,-0.025549,0.71993,-0.20093,0.010167,0.32762,0.38977,0.27143,-0.36283,-0.2884,-0.047195,-0.69469,0.11393,0.047313
-0.53878,0.17185,-0.70129,-0.43233,0.15545,-0.78771,-0.10754,-0.16977,0.27586,0.44706,0.44593,-0.5496,0.11297,-0.053723,-0.54416,-0.39036,-0.61685,0.3296,-0.63881,0.2039,-0.79835,-0.4894,-0.0040197,-0.8583,0.59064,-0.24531,-0.43413,-0.062135,0.22799,-0.61045,-0.16123,-0.56219,0.30394,0.357,0.34449,-0.1399,-0.3894,-0.48546,0.96283,-0.91282,-0.59118,0.64321,0.96194,0,0.81346,-0.33653,0.32505,0.68806,0.83985,-0.085676,-0.42955,0.92853,-0.088761,-0.80961,0.23075,0.55489,-0.13776,0.92308,-0.2202,0.82755,-0.37652,0.70808,-0.53729,0.59171,-0.83711,-0.2471,0.19551,-0.76967,-0.98996,0.55746,0.42354,-0.61908,0.64247,0.62245,-0.97124,-0.8887,-0.97839,-0.47984,-0.94374,-0.73114,0.59666,-0.048612,0.74191,0.4796,-0.50721,0.39305,0.4913,-0.34056,-0.26105,0.11989,0.50801,-0.89987,-0.44196,-0.68165,-0.89463,0.020701,-0.052843,-0.46256,0.25615,-0.4173,0.30633,-0.59006,-0.47158,-0.24101,0.47503
