,,,,,,,,,,,,,,,,,,,,,,,,,,,,,,,,,,,,,,,,,,,,,,,,,,,,,,,,,,,,,,,,,,,,,,,,,,,,,,,,,,,,,,,,,,,,,,,,,,,,,,,,
0,-0.45631,-0.60598,-0.52484,0.93146,0.37942,0.03893,0.024954,-0.68572,-0.1881,0.37034,-0.81088,-0.44199,0.88463,0.85936,-0.61426,-0.26692,0.10222,0.023839,0.0063316,0.71978,0.12382,0.92343,0.38044,0.047135,0.39062,0.18522,-0.26336,0.042015,-0.34531,-0.51275,-0.38817,0.62512,0.71591,0.90145,-0.80895,0.42532,0.30117,0.14884,0.59706,-0.33111,0.33747,-0.26641,0.80596,0.88977,0.60962,0.95391,0.85649,-0.12163,0.26369,-0.85619,0.96534,0.86612,0.61643,0.46914,-0.71105,-0.083225,0.44801,0.61775,-0.56334,-0.17491,0.91932,-0.64318,-0.21324,-0.41714,-0.044587,-0.78727,0.71492,-0.69403,-0.38099,-0.89285,-0.64454,-0.62114,-0.54012,0.80485,-0.4269,-0.76773,0.62598,-0.5001,0.90574,-0.19657,-0.92638,-0.94171,0.025858,-0.71598,-0.33042,0.23893,0.6064,0.038156,-0.57717,-0.81272,-0.71498,0.22473,0.69558,-0.17193,-0.045341,-0.20281,0.78704,0.97999,0.33025,0.58383,-0.18675,-0.90621,-0.46961,-0.079078
-0.45631,0,0.36187,-0.86782,-0.77312,0.12863,-0.0024571,0.68123,-0.17696,-0.073094,-0.57624,0.92265,-0.3637,-0.57102,-0.65769,-0.5974,0.13126,0.98966,-0.14477,-0.089861,-0.060498,0.84266,-0.97443,-0.23122,0.89187,-0.96295,0.84222,0.61367,0.084211,0.65341,-0.19388,0.082489,-0.99519,0.47643,-0.8505,0.12622,-0.47598,-0.85886,-0.87969,0.92918,0.57216,-0.72537,-0.21024,-0.0056989,0.52828,0.43788,-0.71695,-0.45323,0.94577,-0.3477,0.28131,-0.3749,-0.74634,0.82845,0.65045,-0.70874,0.66874,-0.31237,-0.54152,-0.75513,0.35563,0.69037,-0.55094,-0.5154,-0.30573,0.40156,0.86952,0.12701,0.3538,0.31155,-0.56779,-0.53703,0.2135,-0.52374,-0.36508,-0.86873,0.19576,-0.18143,-0.97867,-0.05283,0.12183,0.18974,0.13585,0.30413,-0.60632,0.62075,-0.79558,-0.10599,-0.52665,-0.12528,-0.10332,-0.71711,0.072898,0.88568,-0.65148,-0.24464,-0.76998,-0.80977,-0.096491,-0.061488,0.30055,0.37394,0.47239,-0.28437,0.41969
-0.60598,0.36187,0,0.39556,-0.86514,-0.61515,0.36056,-0.56929,-0.95105,-0.23666,0.34135,0.82153,0.24524,-0.33792,0.81544,0.97594,0.37014,0.33209,-0.81081,0.42442,0.69998,-0.77295,0.98178,-0.64717,-0.59455,0.75817,0.60173,-0.15258,0.97018,-0.21883,0.28289,-0.12754,-0.38315,-0.73977,-0.71281,-0.52451,0.9508,-0.73915,-0.70012,-0.5302,-0.49859,-0.59417,0.68579,-0.72186,-0.8105,0.98418,-0.56865,0.71873,0.77201,0.11293,-0.60256,0.62404,-0.28113,0.51369,0.32715,0.41789,-0.26384,-0.6036,0.92061,-0.2621,0.87698,0.82796,0.18541,-0.71898,0.3981,0.30954,0.62284,0.88003,-0.76636,-0.52892,-0.3335,0.30326,-0.45969,0.17991,-0.90554,-0.79445,0.9275,-0.59692,-0.36136,-0.35944,0.44615,-0.6459,0.13272,-0.57317,0.98342,0.071136,-0.99745,-0.031591,0.2746,-0.88139,-0.27079,-0.1789,-0.39193,-0.34749,0.50872,0.87146,0.28853,-0.62176,-0.013131,-0.94937,0.93569,-0.7213,-0.76293,0.0019961,0.35492
-0.52484,-0.86782,0.39556,0,0.8032,0.22901,-0.1798,0.15635,0.58333,-0.066719,0.13407,-0.73815,0.71166,-0.95201,0.82115,0.14063,0.53642,-0.90178,0.89769,0.48023,-0.96685,0.74911,0.60711,-0.36905,-0.84569,0.891,-0.91678,-0.12152,0.22986,-0.90787,-0.043249,0.86537,-0.46568,0.34175,0.32367,0.72447,-0.38037,-0.77103,-0.92571,-0.82921,0.47897,-0.31246,-0.23601,0.90628,-0.73868,0.27617,-0.89618,-0.26029,0.18923,0.050883,0.20839,0.19361,0.18367,0.11077,0.44159,-0.86512,0.22959,-7.3856e-05,-0.64956,-0.027071,0.90608,0.43407,0.98609,-0.78316,-0.77126,-0.71482,0.18245,0.805,-0.30422,0.030037,-0.14883,-0.040922,0.57716,-0.050579,-0.40827,-0.25818,0.17481,-0.75268,-0.24182,-0.56121,-0.16986,-0.091544,0.99295,-0.82351,0.18214,0.010252,0.83499,0.747,-0.54686,0.28658,-0.14328,0.6458,0.88439,-0.84636,-0.60532,-0.035075,0.49145,0.19153,0.34653,0.091886,0.14741,0.32668,0.54534,0.2042,0.76175
0.93146,-0.77312,-0.86514,0.8032,0,-0.90323,0.72968,0.75521,-0.75582,0.9238,-0.94939,-0.12888,-0.85474,0.098169,-0.81955,-0.46557,-0.53623,-0.61154,0.20657,-0.18167,-0.41572,-0.10897,0.39673,0.83906,0.058969,0.47526,-0.7467,0.65138,-0.77816,0.48235,-0.89766,-0.76161,-0.0011602,-0.14366,-0.48489,-0.26964,0.2695,0.82573,0.84705,-0.43208,0.42909,0.99657,-0.88716,-0.97137,0.85939,-0.87001,0.86579,-0.6839,0.37255,-0.4115,0.996,0.28265,-0.079002,0.44467,0.040024,-0.86761,0.35945,0.76092,-0.78638,0.56501,-0.70604,-0.048515,-0.14602,0.074514,0.85773,-0.75339,0.72007,-0.92774,-0.65277,-0.88089,-0.38581,0.64824,0.61286,-0.82776,0.95564,0.046849,0.36375,0.22113,0.64355,-0.025032,0.22021,-0.73237,-0.27886,-0.5718,-0.7756,-0.47095,0.23449,0.28314,0.32356,-0.97952,0.93089,0.024551,0.84117,0.6973,-0.36106,-0.13309,-0.41806,-0.46649,0.37791,0.7387,0.83967,0.55102,-0.95018,-0.52887,0.10552
0.37942,0.12863,-0.61515,0.22901,-0.90323,0,0.20661,-0.26161,-0.12394,0.33342,-0.19632,-0.14321,-0.22155,0.7132,-0.81625,0.32308,0.29847,0.85818,0.50494,-0.3252,0.88979,-0.94695,-0.062505,0.78049,-0.38671,0.25637,-0.38594,0.011591,-0.76561,-0.20767,0.61622,-0.87048,-0.75251,-0.46046,0.080074,-0.33903,-0.85776,-0.37514,-0.19841,0.34515,-0.19019,-0.040591,0.86582,0.19306,0.96582,-0.46699,0.76632,0.18533,0.95984,0.84083,-0.35129,-0.56949,0.18673,-0.37824,0.33405,0.67052,0.98115,0.264,0.59674,0.82937,0.40435,0.075753,-0.21162,-0.53992,0.66982,0.41267,0.76011,-0.5,0.73759,-0.66895,0.66311,-0.60413,0.085835,-0.074494,-0.062121,0.13277,0.36309,-0.75271,0.39609,0.3921,0.70144,-0.52971,0.5545,0.961,-0.62765,0.49283,0.099675,-0.94301,0.73123,0.60905,-0.28649,0.66635,-0.45842,-0.017456,-0.59017,0.74369,0.22987,-0.18146,-0.62228,-0.00053409,-0.76985,-0.49877,0.28278,-0.8771,0.94115
0.03893,-0.0024571,0.36056,-0.1798,0.72968,0.20661,0,0.75622,0.0015152,-0.72134,-0.22948,-0.8318,0.38306,-0.77011,0.38678,0.84758,0.66601,-0.69752,0.62937,-0.20563,-0.39578,0.00034383,0.74514,-0.64296,0.27328,0.33399,-0.15079,0.26302,0.36046,-0.749,-0.46684,0.73696,-0.64314,0.209,0.11921,-0.67734,-0.035636,-0.45137,0.95622,-0.41488,0.26481,0.46674,-0.10468,0.0042274,-0.90839,-0.081533,0.76699,-0.027475,0.60103,0.70311,0.59682,0.25395,0.16431,0.76818,0.50939,0.21331,-0.057512,0.84285,-0.000536,0.076966,0.33265,0.30338,-0.19689,0.94901,0.058437,-0.33581,0.95101,0.075293,0.24247,-0.35218,-0.84712,-0.99414,-0.91332,0.78449,-0.32929,-0.064142,0.25602,0.59258,-0.88927,-0.92996,0.17402,-0.039515,-0.63205,-0.4166,-0.28773,0.29039,0.68257,0.62968,0.63509,0.56544,-0.70337,0.35055,0.68829,-0.97001,0.90333,-0.59293,0.16806,-0.50584,-0.95571,-0.58734,-0.54392,-0.6431,0.28201,-0.51369,0.06529
0.024954,0.68123,-0.56929,0.15635,0.75521,-0.26161,0.75622,0,0.99905,0.081452,0.61576,-0.64383,0.55928,-0.48822,0.97464,0.087076,-0.46328,0.30836,-0.87718,-0.22605,-0.048561,0.38404,-0.39265,-0.065407,-0.38037,0.90719,-0.96043,-0.17024,-0.42375,0.75788,-0.98608,0.83462,-0.15739,0.12418,-0.53336,-0.67372,0.37524,-0.50016,0.31914,0.71716,-0.079786,-0.71825,0.77938,-0.30598,-0.9347,-0.34062,0.1794,0.52998,0.8594,0.71582,-0.080139,-0.58342,-0.84366,0.84161,0.20942,-0.89652,0.082244,0.75107,0.33008,-0.97558,0.55113,-0.5006,0.76471,-0.91428,-0.82619,0.10125,0.71788,0.78531,0.90103,-0.58605,-0.18335,-0.082755,0.80243,-0.38924,-0.28382,-0.57262,0.54525,0.86243,0.82167,0.12911,0.79238,0.49453,0.58717,0.70602,0.45237,-0.45101,-0.85209,-0.12887,0.50829,0.33298,-0.12995,-0.46205,-0.26612,-0.63944,0.0072016,-0.3105,-0.16891,0.78901,-0.11659,-0.66064,0.20774,0.88093,0.27514,0.34301,0.20924
-0.68572,-0.17696,-0.95105,0.58333,-0.75582,-0.12394,0.0015152,0.99905,0,-0.20892,-0.2738,0.076267,0.13412,-0.39901,-0.32498,-0.72129,-0.27574,0.25248,-0.98442,-0.65422,0.29554,-0.29659,-0.33853,-0.9448,0.97971,0.43117,0.85063,-0.35748,0.96205,0.92508,0.92779,0.85577,-0.85422,0.13825,0.8749,-0.58487,0.95516,-0.48733,0.18285,0.25753,0.96679,0.85622,0.39888,-0.91978,-0.99121,-0.13157,-0.11703,-0.87757,0.065842,-0.70221,0.041291,-0.92865,-0.99775,-0.94015,0.81559,-0.39601,0.67712,0.91591,0.50008,-0.09617,-0.1603,0.68679,0.82761,-0.39643,-0.090441,0.9093,0.97964,-0.41642,-0.64093,-0.67784,-0.73682,0.79116,0.91327,0.45714,-0.80271,-0.82195,0.3894,-0.4934,0.36962,-0.86604,0.77275,-0.46296,-0.094419,0.23516,0.70605,-0.95026,-0.21002,-0.26839,-0.6756,0.96412,-0.27648,-0.83675,0.79393,-0.93801,-0.99856,0.63626,-0.85941,0.80123,0.20495,0.097398,-0.31957,-0.25495,-0.78295,0.011332,0.44153
-0.1881,-0.073094,-0.23666,-0.066719,0.9238,0.33342,-0.72134,0.081452,-0.20892,0,-0.21464,0.73151,-0.027593,0.69107,0.69167,-0.75805,0.50018,0.65986,-0.31969,-0.79204,-0.37958,0.14414,0.28668,-0.86963,0.44908,0.94264,-0.6069,-0.57948,-0.129,0.22712,0.22999,-0.87265,0.77652,-0.09919,-0.28953,0.31253,-0.31615,-0.79725,-0.21065,0.16814,0.95036,-0.04919,0.63507,-0.61209,-0.96375,0.11079,-0.773,-0.77423,0.8617,-4.7829e-05,-0.33418,-0.088266,0.63338,0.29171,0.73824,0.33308,0.44094,0.50195,0.63735,-0.38077,0.14462,-0.43497,0.76766,0.56666,0.041587,-0.46434,-0.36261,-0.1755,-0.67268,-0.14518,-0.90882,-0.50541,-0.63066,0.078482,-0.28011,0.13134,0.32623,0.75212,0.21224,0.88028,-0.7512,-0.92608,0.78568,-0.049124,-0.41653,-0.11848,0.24154,0.012109,0.28719,0.51183,-0.93037,0.77386,0.65806,0.80647,0.51357,-0.0016141,-0.61448,-0.18637,0.85838,0.26221,-0.5117,-0.48676,-0.018248,-0.39401,-0.048142
0.37034,-0.57624,0.34135,0.13407,-0.94939,-0.19632,-0.22948,0.61576,-0.2738,-0.21464,0,-0.20403,0.30961,-0.25993,0.21528,-0.13667,-0.41748,0.48468,0.3453,-0.285,0.46365,0.93851,-0.68099,0.9916,-0.81583,0.0438,0.35357,-0.63729,0.63791,0.035527,-0.34682,-0.46978,-0.66651,0.53655,0.50226,-0.20132,0.47059,-0.24336,-0.94936,0.65084,0.90225,0.24232,0.63133,-0.42706,-0.12471,-0.84656,0.39373,0.79727,0.52741,0.18628,-0.64277,-0.41821,0.16482,-0.30404,0.068698,-0.6346,0.55913,0.62194,-0.17321,0.45966,0.55765,0.91899,0.30465,0.99047,-0.71151,-0.40808,-0.88358,-0.26181,-0.60988,-0.070856,0.087673,0.64534,0.7123,0.35563,0.96626,-0.59607,0.40213,0.23536,-0.014347,-0.034055,0.6278,0.27793,0.59062,-0.42991,0.45942,-0.9751,0.31223,-0.27546,0.61627,0.1889,0.50311,-0.5604,0.41804,-0.89286,-0.050246,0.71391,0.91385,0.066601,0.020371,-0.066322,0.62074,-0.6777,0.32638,0.674,-0.27357
-0.81088,0.92265,0.82153,-0.73815,-0.12888,-0.14321,-0.8318,-0.64383,0.076267,0.73151,-0.20403,0,-0.81954,0.17397,-0.27921,-0.52992,-0.22911,0.23201,0.55952,-0.55356,0.7718,-0.78252,0.50899,-0.39956,-0.087508,-0.11209,-0.24924,0.46805,0.19504,-0.40263,0.97166,0.81461,-0.52707,0.0068549,0.031912,-0.93435,-0.26797,0.9768,0.55732,0.6562,0.80021,0.34645,-0.13649,-0.98543,0.92195,0.5959,0.59912,0.52607,0.58554,0.61329,-0.31558,-0.23877,0.50751,-0.86471,-0.47585,0.14942,-0.95869,0.55436,-0.55368,0.183,-0.065106,0.44387,0.91695,-0.13395,0.10271,0.40126,-0.51595,-0.95312,0.087437,0.39935,-0.56467,-0.84486,0.73647,-0.21298,0.022355,0.53249,-0.40267,0.31068,-0.94084,-0.11611,0.4559,-0.023742,-0.15705,-0.88674,-0.30696,0.058418,-0.75683,0.63312,-0.40108,0.1213,-0.55254,-0.0084433,-0.22458,0.36503,0.1323,0.24245,0.76309,0.8205,-0.58735,-0.40411,-0.92895,0.83257,0.59356,-0.18561,-0.54998
-0.44199,-0.3637,0.24524,0.71166,-0.85474,-0.22155,0.38306,0.55928,0.13412,-0.027593,0.30961,-0.81954,0,0.93665,1.0457e-05,0.71223,-0.75718,0.90179,-0.52963,0.16636,-0.85899,-0.33895,-0.57017,-0.40908,0.78467,-0.17757,0.064865,-0.3175,0.059703,0.59375,-0.28466,-0.080621,-0.37524,-0.46395,-0.79241,-0.50357,-0.96521,-0.13551,-0.17998,-0.90061,0.92075,-0.88993,0.89715,0.70403,-0.083265,-0.95083,-0.23234,0.26046,0.78656,0.046754,-0.94159,0.24126,-0.11632,0.92561,-0.14888,-0.34507,-0.20216,-0.31486,-0.16517,0.40992,-0.45229,0.25913,0.52932,0.8442,0.96106,0.78525,-0.71022,-0.52325,0.075473,0.45367,0.91224,0.04658,-0.81235,0.82963,0.90922,0.06255,-0.49857,-0.32109,0.5629,-0.35229,0.12698,0.79186,-0.97313,0.61715,-0.22219,0.32986,-0.080994,0.74291,-0.60097,0.72948,0.62442,0.25865,-0.28128,0.42993,-0.74508,-0.24132,-0.94965,0.84259,0.17445,0.47992,-0.30278,-0.012591,-0.51961,-0.18168,0.98667
0.88463,-0.57102,-0.33792,-0.95201,0.098169,0.7132,-0.77011,-0.48822,-0.39901,0.69107,-0.25993,0.17397,0.93665,0,0.15521,-0.57701,-0.21986,-0.47013,0.40426,0.66322,0.70779,-0.006297,-0.53283,-0.68314,-0.31471,0.25066,-0.8895,-0.42702,0.96316,-0.73085,-0.66072,-0.14797,-0.68507,0.18975,-0.74451,0.80803,0.31398,0.13795,-0.76388,-0.60588,-0.41219,-0.11676,-0.20153,-0.28341,-0.016822,-0.49795,0.85583,0.70509,0.82877,-0.73135,0.35705,0.74297,-0.93628,0.81595,-0.95449,0.58115,0.41228,-0.16706,-0.34845,0.79575,-0.24994,0.24671,-0.079274,-0.39978,-0.70504,-0.17202,0.82044,0.60145,0.58845,-0.56734,0.69697,0.12818,0.33156,0.51449,0.85946,0.9207,0.48735,0.59548,-0.33801,0.20343,0.50183,0.2408,-0.51809,0.71856,0.05398,0.58304,-0.9639,-0.31715,-0.81609,0.45134,0.87123,-0.60663,0.046147,0.10951,0.021662,0.33517,0.24576,-0.48695,-0.52375,-0.97523,0.36039,-0.70661,0.19447,-0.68915,0.99045
0.85936,-0.65769,0.81544,0.82115,-0.81955,-0.81625,0.38678,0.97464,-0.32498,0.69167,0.21528,-0.27921,1.0457e-05,0.15521,0,0.16465,-0.5296,-0.015436,-0.55536,-0.39174,-0.25754,0.20237,-0.87232,0.90364,0.25747,0.025363,-0.089923,0.011857,0.85165,-0.49143,0.077382,0.36308,0.26148,-0.15628,-0.58595,0.87573,0.21986,-0.4438,0.50781,0.38153,-0.70082,-0.50431,0.62204,-0.58028,0.30256,0.44932,-0.66014,-0.48612,-0.26319,-0.41567,-0.56877,-0.97258,0.17213,0.76272,0.39721,0.43859,0.12631,0.97244,0.59172,-0.7017,0.23664,0.15311,-0.27991,-0.24649,0.54871,-0.087278,-0.15192,-0.56624,0.88872,0.96258,0.97444,0.36235,-0.47168,-0.78222,0.54714,0.2523,0.92221,-0.20243,0.21558,-0.13101,-0.79916,-0.66165,-0.65299,-0.68749,-0.47998,-0.91889,-0.35369,-0.63696,0.38409,-0.26797,0.71333,-0.60351,-0.51051,0.22797,0.92241,0.00074585,-0.15419,-0.78734,-0.82465,-0.057189,-0.13797,-0.74115,-0.45834,-0.1734,-0.4065
-0.61426,-0.5974,0.97594,0.14063,-0.46557,0.32308,0.84758,0.087076,-0.72129,-0.75805,-0.13667,-0.52992,0.71223,-0.57701,0.16465,0,-0.50272,0.87984,0.56511,0.88075,-0.01733,0.49671,-0.28455,0.37345,0.39567,0.12561,-0.98589,-0.31148,-0.25765,-0.6008,-0.53221,0.084114,0.086111,0.25696,0.081821,-0.21538,0.26674,0.022655,0.52288,-0.63063,-0.20493,0.24333,0.65215,0.72335,0.95732,-0.58446,-0.40352,0.94876,-0.96051,0.65565,0.61532,-0.32038,0.036072,0.91863,0.37743,0.89849,0.59476,0.95411,-0.88664,0.44546,-0.39963,0.80463,-0.4724,-0.55352,-0.097289,-0.49842,-0.095787,-0.053727,0.891,0.79748,0.088493,-0.2824,-0.099114,-0.73824,0.88222,-0.73073,-0.81694,0.29817,0.31788,0.86734,0.26962,-0.36715,0.78033,0.084862,0.4442,0.29259,0.042568,-0.36216,0.89828,0.25749,-0.72052,-0.57189,0.80004,-0.077248,0.3776,0.90565,-0.48476,-0.27007,0.039776,-0.98718,-0.39587,-0.66626,0.64346,-0.65807,-0.96922
-0.26692,0.13126,0.37014,0.53642,-0.53623,0.29847,0.66601,-0.46328,-0.27574,0.50018,-0.41748,-0.22911,-0.75718,-0.21986,-0.5296,-0.50272,0,0.87211,0.14358,0.77332,0.77649,0.32288,0.10868,-0.43184,0.00064067,-0.27881,-0.53665,0.63936,-0.45973,0.66355,-0.25186,0.73389,-0.85761,-0.077943,0.77072,0.41683,-0.18514,-0.40905,-0.55302,0.46956,0.11289,0.13931,0.81872,0.22862,-0.54639,-0.60009,0.28251,-0.093951,0.1329,0.070919,-0.9774,0.22997,0.45437,0.92422,0.4656,0.8998,-0.49957,-0.73919,-0.66945,0.97504,-0.18095,0.18657,-0.75929,0.67131,0.37784,0.73336,-0.66624,0.60116,-0.13869,0.49263,0.28121,0.25729,-0.69847,0.64249,0.13031,0.066751,0.40041,0.29388,-0.039518,0.28751,-0.85863,0.45593,-0.90942,0.40835,-0.70094,0.59676,0.83351,-0.62393,-0.85972,-0.88996,-0.2732,0.41992,0.25409,0.36305,-0.07446,-0.36574,0.31689,-0.50285,0.13771,0.0047925,0.86254,-0.43825,0.45046,0.73235,0.26797
0.10222,0.98966,0.33209,-0.90178,-0.61154,0.85818,-0.69752,0.30836,0.25248,0.65986,0.48468,0.23201,0.90179,-0.47013,-0.015436,0.87984,0.87211,0,-0.71914,-0.94814,-0.024966,-0.34277,0.17471,-0.55498,-0.069636,0.17173,0.51292,0.17244,-0.578,-0.37275,-0.20295,0.38589,-0.81965,-0.011039,0.75543,-0.59599,0.63263,0.56006,-0.81044,0.18576,-0.79891,-0.95205,-0.55406,-0.083785,-0.5464,-0.91304,0.89014,0.073408,-0.44483,-0.96814,0.82124,-0.62385,-0.1295,0.78866,0.12528,-0.14144,0.11208,-0.64501,-0.22624,-0.80583,-0.85975,-0.45367,-0.81687,0.10706,0.36648,0.080263,0.6962,-0.45708,-0.74282,-0.98186,-0.35391,0.73878,0.65537,-0.59825,0.83522,0.63764,0.2597,0.6801,-0.51912,0.053967,-0.79248,-0.13409,0.43175,-0.79928,0.38873,-0.91112,0.36881,0.16465,-0.71048,0.59966,-0.092614,0.19159,-0.99552,0.71757,0.23164,0.69375,-0.093969,-0.62255,0.11236,0.1893,-0.29321,-0.77469,0.46373,-0.25781,-0.33404
0.023839,-0.14477,-0.81081,0.89769,0.20657,0.50494,0.62937,-0.87718,-0.98442,-0.31969,0.3453,0.55952,-0.52963,0.40426,-0.55536,0.56511,0.14358,-0.71914,0,-0.58435,0.070415,-0.88369,0.1257,-0.93826,0.12817,-0.69329,0.31209,-0.8638,0.44236,0.80103,-0.36193,-0.06793,-0.99738,0.016385,-0.031196,0.60525,-0.21212,-0.71286,0.37857,0.67025,0.37099,-0.25977,-0.41374,0.011023,-0.7012,0.42353,0.18383,-0.55437,0.66044,0.48629,0.92932,0.50601,-0.41863,0.23163,0.88503,0.29771,-0.21157,-0.42618,-0.46463,-0.53459,-0.18604,0.58111,-0.51454,0.63483,0.47694,0.67029,0.64883,0.048944,0.32169,0.76581,-0.75391,-0.12181,-0.35279,0.52382,-0.95784,-0.11715,-0.36675,-0.45654,-0.44478,-0.25967,-0.78854,0.049535,-0.058344,0.055707,0.64943,0.012752,0.80601,-0.94999,0.73015,-0.44805,-0.62221,0.57568,0.61418,-0.56273,-0.8749,0.75956,0.95319,0.37756,0.9453,-0.67787,-0.18266,0.34064,0.046281,0.052403,0.42249
0.0063316,-0.089861,0.42442,0.48023,-0.18167,-0.3252,-0.20563,-0.22605,-0.65422,-0.79204,-0.285,-0.55356,0.16636,0.66322,-0.39174,0.88075,0.77332,-0.94814,-0.58435,0,0.40773,-0.22469,-0.16759,0.55526,-0.32817,-0.012721,-0.32441,0.52289,0.10371,-0.98879,0.19431,0.48967,0.069196,0.7385,-0.543,-0.28502,-0.43657,0.25503,-0.38165,0.82376,-0.19202,0.26451,0.45181,0.094833,0.65735,0.42638,-0.34088,-0.31765,-0.28313,-0.6592,0.69174,0.68491,0.71696,0.48948,-0.26907,0.98793,0.42006,-0.84714,0.40038,0.30329,0.74262,0.77608,-0.67371,0.83086,-0.77581,0.31836,-0.32438,0.060387,-0.6953,-0.60509,-0.27173,-0.25284,0.96225,0.52242,0.76135,-0.61946,-0.51299,-0.84423,-0.50993,0.69034,0.26713,0.81007,0.58744,-0.34763,-0.75306,0.6019,0.44678,-0.18958,-0.88792,0.73271,-0.61238,-0.12569,0.77734,-0.39891,-0.16628,0.30152,-0.20971,-0.92738,-0.46991,-0.47974,0.53081,-0.16657,0.99221,-0.72143,-0.14796
0.71978,-0.060498,0.69998,-0.96685,-0.41572,0.88979,-0.39578,-0.048561,0.29554,-0.37958,0.46365,0.7718,-0.85899,0.70779,-0.25754,-0.01733,0.77649,-0.024966,0.070415,0.40773,0,0.89569,0.91048,-0.11861,-0.51343,0.23907,-0.43114,0.054996,-0.76295,-0.98952,-0.095505,0.46999,-0.22407,0.12324,0.69135,0.046314,-0.90107,-0.48568,-0.81327,-0.0096934,-0.62706,-0.27809,0.48317,-0.71639,-0.079829,0.53588,-0.45839,0.05965,-0.30553,-0.56131,0.67518,0.47497,0.34139,0.38858,-0.64874,-0.57309,-0.20466,0.057075,0.38127,-0.54191,0.22416,0.47596,0.34452,-0.32325,0.51625,0.32515,0.58111,0.42482,0.72015,0.94797,-0.82896,0.49877,0.072436,0.037376,-0.75857,-0.41011,-0.6778,-0.22329,-0.92305,-0.85165,0.68463,-0.97824,-0.69693,0.087231,0.71211,0.48485,-0.45632,0.4377,0.15369,-0.40134,0.6039,0.69658,0.43915,0.84122,-0.36919,0.37281,0.31756,0.90294,0.30339,0.69746,-0.77513,0.88949,-0.5111,0.46183,0.43804
0.12382,0.84266,-0.77295,0.74911,-0.10897,-0.94695,0.00034383,0.38404,-0.29659,0.14414,0.93851,-0.78252,-0.33895,-0.006297,0.20237,0.49671,0.32288,-0.34277,-0.88369,-0.22469,0.89569,0,0.96425,0.98879,0.37038,0.39638,0.81986,-0.66435,0.75334,0.6505,0.89611,0.77984,0.56037,-0.34569,0.60448,0.049703,-0.19379,-0.074714,0.94838,0.11379,-0.45565,0.84629,-0.87629,-0.83843,-0.68659,0.13596,0.33179,-0.22365,0.7842,-0.99368,-0.35624,0.7094,0.52166,-0.69357,0.25531,0.35231,0.29116,0.24198,-0.16869,0.30584,-0.37764,0.3629,-0.97863,0.55065,0.12136,0.90242,0.40508,0.7285,0.65656,-0.50582,0.59982,-0.50151,-0.73021,0.79501,0.011084,0.274,0.17601,0.49785,-0.3488,-0.025023,-0.73742,-0.98288,-0.30931,-0.40297,0.88626,-0.72471,-0.55699,-0.65545,0.21996,0.35687,-0.90422,-0.74745,-0.36099,-0.68545,0.31384,0.077118,0.47589,0.94535,-0.5848,0.67678,-0.77317,0.26365,0.11502,0.51645,0.37147
0.92343,-0.97443,0.98178,0.60711,0.39673,-0.062505,0.74514,-0.39265,-0.33853,0.28668,-0.68099,0.50899,-0.57017,-0.53283,-0.87232,-0.28455,0.10868,0.17471,0.1257,-0.16759,0.91048,0.96425,0,0.3235,0.44343,0.25181,0.87327,0.71835,0.92926,0.61827,0.94534,0.77683,0.97621,0.70904,-0.34979,-0.35121,0.70427,-0.66433,0.88874,0.23595,0.41468,-0.3965,-0.94923,0.29332,-0.65343,0.84071,0.95589,0.15355,0.56047,0.45556,-0.34925,0.31922,-0.99464,0.094091,0.31052,0.50747,0.60348,-0.24565,0.16768,0.33777,0.52072,0.44431,-0.027242,-0.59139,-0.39627,0.13077,0.33397,-0.25412,0.28233,0.77756,-0.19626,0.9162,-0.31766,-0.58182,-0.53368,-0.88182,-0.97691,-0.90467,-0.77251,0.28248,-0.53678,0.79521,-0.232,0.94846,0.45714,-0.025289,-0.77681,-0.95187,-0.16697,0.32539,-0.90298,-0.7909,0.28865,-0.010654,-0.028145,-0.6801,0.48617,0.13738,-0.52172,-0.35038,-0.25655,0.87226,-0.096541,-0.18649,-0.90701
0.38044,-0.23122,-0.64717,-0.36905,0.83906,0.78049,-0.64296,-0.065407,-0.9448,-0.86963,0.9916,-0.39956,-0.40908,-0.68314,0.90364,0.37345,-0.43184,-0.55498,-0.93826,0.55526,-0.11861,0.98879,0.3235,0,0.5884,-0.49539,0.9344,-0.69642,0.46512,-0.29626,-0.59174,0.5732,-0.60054,0.25832,0.63173,0.16025,-0.4175,0.67714,-0.015966,0.089683,-0.19845,-0.70548,0.38184,0.40726,0.27373,0.66321,-0.38811,-0.92015,0.94549,-0.2719,-0.64915,-0.58201,-0.06366,0.35009,-0.97067,-0.2356,0.80773,0.31655,0.91813,0.74464,0.86182,0.30475,0.88617,0.75449,0.27543,0.34645,0.64356,0.82838,0.35846,0.45101,-0.21879,-0.8682,0.62675,-0.90141,-0.71079,-0.07456,0.57175,0.14505,0.17058,-0.47523,-0.54958,0.66757,-0.0099052,-0.18152,-0.98068,-0.014138,0.11673,-0.40818,0.88019,0.94655,-0.15008,0.1425,0.77044,0.53639,0.45731,-0.76079,-0.60922,-0.18125,0.72379,0.61757,-0.54613,-0.79037,-0.55148,-0.21252,0.14334
0.047135,0.89187,-0.59455,-0.84569,0.058969,-0.38671,0.27328,-0.38037,0.97971,0.44908,-0.81583,-0.087508,0.78467,-0.31471,0.25747,0.39567,0.00064067,-0.069636,0.12817,-0.32817,-0.51343,0.37038,0.44343,0.5884,0,0.11367,0.96295,-0.99032,-0.17125,0.69336,-0.10095,0.86522,-0.47425,-0.48205,-0.93545,-0.50415,-0.63933,-0.33168,0.17765,0.86466,-0.19212,-0.88388,-0.45654,-0.84297,-0.36299,0.70914,0.77705,0.83542,0.52356,0.71361,-0.14003,0.28424,-0.60103,0.16181,0.80497,0.20348,-0.20075,-0.75581,-0.84461,0.54071,-0.37966,0.10115,0.015028,0.74369,0.76077,0.72715,-0.84587,0.56879,-0.93019,-0.68602,-0.64543,0.68061,-0.65972,0.23066,-0.42572,-0.78796,0.88012,0.3177,-0.63901,0.95478,-0.24931,0.65042,0.6334,0.76039,-0.84465,-0.97887,0.52537,-0.72887,-0.78249,-0.44866,0.36292,0.25107,-0.057069,0.78391,-0.77828,-0.61295,0.10694,-0.70613,0.012624,-0.033677,-0.62831,0.13523,0.07608,-0.59959,0.014198
0.39062,-0.96295,0.75817,0.891,0.47526,0.25637,0.33399,0.90719,0.43117,0.94264,0.0438,-0.11209,-0.17757,0.25066,0.025363,0.12561,-0.27881,0.17173,-0.69329,-0.012721,0.23907,0.39638,0.25181,-0.49539,0.11367,0,-0.68489,-0.45416,0.11574,0.029179,-0.11421,-0.77346,-0.48627,-0.042462,-0.59924,0.20855,-0.54254,-0.92448,0.1632,0.22827,-0.2041,0.059839,-0.17683,-0.55479,-0.28229,-0.0083484,-0.50161,-0.11707,0.25676,0.10233,-0.38572,-0.75041,0.28182,0.76779,0.57882,0.99949,-0.29539,-0.85269,0.78086,-0.7457,-0.80585,0.68484,-0.44599,0.53219,0.99199,-0.98802,-0.48325,-0.67636,0.053688,-0.47575,0.71703,-0.66578,0.54987,-0.29118,0.78947,0.9037,0.41196,-0.14531,-0.48355,-0.40882,0.73114,0.068042,-0.18242,-0.92806,0.93063,0.86848,-0.84185,0.55474,0.67708,-0.85949,-0.71415,-0.54289,-0.41395,-0.86715,-0.99603,0.32096,0.86699,0.9296,-0.0016102,-0.4272,-0.13691,-0.89023,0.21711,0.99124,0.45151
0.18522,0.84222,0.60173,-0.91678,-0.7467,-0.38594,-0.15079,-0.96043,0.85063,-0.6069,0.35357,-0.24924,0.064865,-0.8895,-0.089923,-0.98589,-0.53665,0.51292,0.31209,-0.32441,-0.43114,0.81986,0.87327,0.9344,0.96295,-0.68489,0,0.10252,-0.4738,-0.70113,0.5073,-0.29883,-0.51625,0.73799,0.55084,0.70302,0.2161,-0.31589,-0.97074,0.20893,-0.76418,0.30969,0.23017,0.67967,-0.46221,0.71791,0.51595,-0.41867,-0.38168,-0.83385,-0.65983,-0.79754,0.80702,0.014894,-0.39506,0.46006,-0.51394,0.56099,-0.23237,0.60052,0.06908,-0.80289,-0.88086,-0.93899,-0.24681,0.67813,-0.6208,-0.8151,0.95413,0.43758,0.72556,-0.79796,-0.63486,0.94777,-0.4955,0.094145,0.23854,0.095971,-0.73928,-0.63644,0.85754,0.89967,-0.14473,-0.036797,0.91513,-0.48005,0.78479,0.58763,-0.98779,0.33507,0.99956,0.23323,0.36647,-0.61376,-0.50239,-0.81886,-0.64049,-0.91919,0.95944,-0.71132,0.91151,-0.93399,-0.73429,-0.8417,-0.21968
-0.26336,0.61367,-0.15258,-0.12152,0.65138,0.011591,0.26302,-0.17024,-0.35748,-0.57948,-0.63729,0.46805,-0.3175,-0.42702,0.011857,-0.31148,0.63936,0.17244,-0.8638,0.52289,0.054996,-0.66435,0.71835,-0.69642,-0.99032,-0.45416,0.10252,0,-0.8937,-0.95138,-0.4195,-0.62515,0.62373,-0.97455,0.28878,0.64479,0.83485,0.27014,0.63597,0.39212,-0.95345,0.95409,0.58526,0.52066,0.59964,-0.073308,-0.54773,-0.97913,0.52986,-0.19651,0.95031,0.22121,0.43559,0.40908,-0.27794,0.057542,-0.70345,0.916,-0.52971,-0.18325,0.64076,-0.42765,0.55854,-0.77243,0.81593,-0.0030772,-0.034301,-0.56673,-0.29,0.50674,0.59512,-0.99734,0.65983,-0.98342,0.60383,-0.5615,0.47673,-0.23635,0.86351,0.18992,-0.35626,-0.079492,0.84981,-0.50042,-0.8375,0.40769,0.90487,0.89087,-0.82969,0.73697,0.88511,-0.45839,-0.78498,0.080786,0.43469,-0.80202,0.95808,-0.81041,-0.41114,0.60244,-0.17638,0.63226,0.19143,-0.59294,0.055447
0.042015,0.084211,0.97018,0.22986,-0.77816,-0.76561,0.36046,-0.42375,0.96205,-0.129,0.63791,0.19504,0.059703,0.96316,0.85165,-0.25765,-0.45973,-0.578,0.44236,0.10371,-0.76295,0.75334,0.92926,0.46512,-0.17125,0.11574,-0.4738,-0.8937,0,-0.50284,-0.1416,0.2433,0.12247,0.7281,-0.51664,0.036322,-0.95038,0.87518,0.034003,-0.75995,0.86981,-0.044426,0.0050702,-0.49663,0.9501,-0.082381,0.18145,0.38826,0.018655,-0.5803,-0.61937,-0.53147,0.22737,-0.35218,-0.66637,-0.45762,0.81775,-0.76374,0.7017,0.78617,0.03472,0.74218,-0.67341,0.98861,0.99027,0.79056,-0.85488,-0.66231,-0.28085,0.25277,-0.37066,0.43043,0.6973,0.73316,-0.99201,0.71693,0.57663,-0.10004,-0.36543,0.88435,-0.98444,-0.74274,0.63161,-0.95103,-0.94125,-0.93727,0.7317,0.81494,-0.76252,0.2807,0.97644,-0.1373,-0.83779,0.0092837,-0.80886,0.012522,-0.82456,0.32353,-0.24848,0.72146,-0.011492,-0.87768,-0.26567,0.67074,0.76991
-0.34531,0.65341,-0.21883,-0.90787,0.48235,-0.20767,-0.749,0.75788,0.92508,0.22712,0.035527,-0.40263,0.59375,-0.73085,-0.49143,-0.6008,0.66355,-0.37275,0.80103,-0.98879,-0.98952,0.6505,0.61827,-0.29626,0.69336,0.029179,-0.70113,-0.95138,-0.50284,0,0.28034,0.93883,-0.74855,-0.87746,-0.42483,-0.5033,-0.17544,-0.07752,0.039425,0.65462,0.83832,-0.59402,0.13325,0.58189,0.15637,-0.22188,0.71322,-0.34927,0.96704,-0.6944,0.95766,0.91886,0.31321,-0.48495,0.29188,-0.092987,0.80679,0.014979,0.27899,0.0069156,-0.0054092,-0.61837,-0.43937,0.0082409,-0.72612,-0.75101,0.36151,-0.33494,0.51996,-0.49638,0.23937,-0.051197,0.17798,0.92348,-0.33747,0.97692,-0.24343,-0.62313,-0.9464,0.026155,0.41049,-0.89114,0.73332,0.30474,0.28705,-0.093384,0.80299,-0.72768,0.22571,0.47778,-0.11841,-0.71451,0.26861,-0.20984,-0.43202,-0.3171,0.74904,0.98641,0.74446,0.86699,-0.22045,-0.78142,0.78215,0.52154,-0.65694
-0.51275,-0.19388,0.28289,-0.043249,-0.89766,0.61622,-0.46684,-0.98608,0.92779,0.22999,-0.34682,0.97166,-0.28466,-0.66072,0.077382,-0.53221,-0.25186,-0.20295,-0.36193,0.19431,-0.095505,0.89611,0.94534,-0.59174,-0.10095,-0.11421,0.5073,-0.4195,-0.1416,0.28034,0,0.49718,0.53227,-0.70277,0.03678,0.2035,0.14938,0.031566,-0.57523,-0.89739,-0.76014,0.94372,0.43114,0.002345,0.6457,0.54522,0.15642,0.38397,0.7455,0.64887,-0.68492,-0.45943,0.40331,0.4038,0.87434,0.11101,0.61028,0.12803,-0.43882,-0.76885,0.34682,-0.014441,0.95697,0.9045,-0.42935,-0.21938,-0.85945,-0.96851,0.0062571,0.34442,0.2492,0.468,-0.73402,0.066524,-0.85501,0.40624,0.075058,-0.13507,-0.18973,-0.56836,-0.50291,-0.24618,-0.61059,0.52871,0.49567,-0.31963,0.70337,0.057558,-0.64436,0.38926,0.56252,-0.35072,-0.5668,-0.87614,-0.37602,0.89316,-0.96863,-0.68614,0.5741,0.81863,0.57266,0.020291,0.30688,-0.78176,-0.53923
-0.38817,0.082489,-0.12754,0.86537,-0.76161,-0.87048,0.73696,0.83462,0.85577,-0.87265,-0.46978,0.81461,-0.080621,-0.14797,0.36308,0.084114,0.73389,0.38589,-0.06793,0.48967,0.46999,0.77984,0.77683,0.5732,0.86522,-0.77346,-0.29883,-0.62515,0.2433,0.93883,0.49718,0,-0.50927,0.44955,0.65787,-0.13319,0.26456,0.18797,-0.97068,-0.54264,-0.020158,-0.082827,-0.084497,-0.16484,-0.692,-0.84906,-0.33564,-0.36855,0.60463,0.98309,0.93781,0.94782,0.96157,0.78336,0.86126,-0.77183,0.044721,-0.68143,0.065162,0.56937,0.56326,-0.73083,-0.302,0.17433,0.15869,-0.34578,-0.45557,0.34381,-0.26808,-0.99406,0.78279,0.19205,0.5157,0.79758,0.72652,-0.96395,-0.72586,-0.76391,-0.12637,0.79064,-0.29619,-0.61956,0.10445,-0.28491,0.69889,0.5443,-0.25274,-0.39316,-0.44008,-0.56734,-0.4563,-0.43594,-0.36728,0.36322,-0.5849,-0.76571,-0.90971,0.57619,0.181,-0.648,-0.61706,-0.82776,0.73397,-0.18758,-0.44168
0.62512,-0.99519,-0.38315,-0.46568,-0.0011602,-0.75251,-0.64314,-0.15739,-0.85422,0.77652,-0.66651,-0.52707,-0.37524,-0.68507,0.26148,0.086111,-0.85761,-0.81965,-0.99738,0.069196,-0.22407,0.56037,0.97621,-0.60054,-0.47425,-0.48627,-0.51625,0.62373,0.12247,-0.74855,0.53227,-0.50927,0,0.79009,-0.04273,-0.74495,-0.88084,-0.3488,-0.92413,0.183,0.89364,0.42754,0.27895,-0.55705,0.58082,0.82413,0.76997,-0.51514,-0.9528,0.96868,-0.61917,0.64293,0.92614,0.48673,0.59035,0.88648,-0.36216,0.49246,0.93749,-0.14877,-0.37364,0.76944,-0.29745,-0.075054,0.36082,0.34117,0.046233,-0.27221,0.16682,-0.1955,-0.45079,0.27241,-0.41027,-0.34635,-0.0037231,0.11951,-0.16131,0.77135,0.76697,-0.046841,0.40273,0.27977,-0.1644,0.71578,0.66239,-0.25807,0.99091,-0.42333,-0.61726,0.10684,0.53425,-0.96978,0.63535,0.20687,0.62866,-0.52356,0.59135,-0.18738,-0.39189,-0.40514,0.70153,0.71211,0.055317,-0.75376,-0.1791
0.71591,0.47643,-0.73977,0.34175,-0.14366,-0.46046,0.209,0.12418,0.13825,-0.09919,0.53655,0.0068549,-0.46395,0.18975,-0.15628,0.25696,-0.077943,-0.011039,0.016385,0.7385,0.12324,-0.34569,0.70904,0.25832,-0.48205,-0.042462,0.73799,-0.97455,0.7281,-0.87746,-0.70277,0.44955,0.79009,0,0.79713,-0.79754,-0.014769,-0.15021,0.7826,0.44796,-0.77732,0.54429,0.72608,-0.052381,-0.33307,0.92574,-0.61748,-0.50058,0.5173,0.11678,-0.88515,-0.11769,0.54863,0.26198,-0.53355,0.80085,-0.013713,-0.49474,-0.29696,-0.15529,-0.71119,0.46372,0.14155,-0.46096,0.81545,-0.15748,-0.53484,0.36307,0.56651,0.098093,-0.38231,0.81495,-0.49532,-0.15537,0.21711,-0.35459,-0.76043,-0.5135,-0.22523,-0.35732,0.15731,0.84836,0.06884,-0.5587,0.026381,-0.45509,-0.25268,0.77878,-0.5825,-0.033718,-0.80334,0.95435,0.53173,-0.49422,-0.47642,-0.21227,0.31911,-0.042464,-0.74512,0.97514,-0.37465,-0.16973,0.29665,0.38534,0.88543
0.90145,-0.8505,-0.71281,0.32367,-0.48489,0.080074,0.11921,-0.53336,0.8749,-0.28953,0.50226,0.031912,-0.79241,-0.74451,-0.58595,0.081821,0.77072,0.75543,-0.031196,-0.543,0.69135,0.60448,-0.34979,0.63173,-0.93545,-0.59924,0.55084,0.28878,-0.51664,-0.42483,0.03678,0.65787,-0.04273,0.79713,0,-0.99174,-0.42594,0.41111,0.89196,0.98445,0.32472,0.2265,-0.19135,-0.11334,0.90745,-0.64485,0.54743,-0.55254,-0.38936,-0.56501,0.15942,0.078732,0.49622,-0.047814,-0.28903,0.38741,0.25274,-0.17851,-0.58415,-0.14634,0.069858,0.036567,0.073321,-0.69629,-0.62702,-0.24904,0.98203,0.57017,0.67925,-0.83637,-0.35482,0.15254,0.042531,-0.29328,0.34031,-0.27854,0.1067,0.36346,0.69818,0.21307,-0.97164,0.2467,-0.52119,0.72757,0.45162,0.66357,0.95898,-0.23312,0.6574,-0.8423,0.75299,0.18821,-0.53856,0.81749,0.5729,-0.38008,-0.73785,-0.87475,-0.34379,-0.29604,0.55715,0.61007,-0.54017,-0.48982,0.76029
-0.80895,0.12622,-0.52451,0.72447,-0.26964,-0.33903,-0.67734,-0.67372,-0.58487,0.31253,-0.20132,-0.93435,-0.50357,0.80803,0.87573,-0.21538,0.41683,-0.59599,0.60525,-0.28502,0.046314,0.049703,-0.35121,0.16025,-0.50415,0.20855,0.70302,0.64479,0.036322,-0.5033,0.2035,-0.13319,-0.74495,-0.79754,-0.99174,0,0.50021,0.18958,-0.20608,-0.82192,-0.040306,0.19905,0.95298,-0.43811,-0.11638,0.90581,-0.21857,-0.94135,0.3526,0.96282,-0.94564,0.016192,0.2201,0.79153,-0.37759,-0.36096,-0.078431,0.91503,-0.81192,-0.073142,0.013548,-0.70918,0.9678,-0.56418,-0.8515,0.2063,-0.35779,-0.64813,-0.20331,-0.32989,-0.97583,-0.089438,0.9188,0.45686,-0.78618,-0.84599,-0.70124,-0.30959,-0.59885,-0.70335,-0.74927,-0.19307,0.69116,0.16625,0.86846,0.12785,0.30909,0.66225,0.16034,-0.5072,0.84425,-0.29347,-0.042802,0.78746,-0.88832,0.12916,-0.84644,-0.16446,-0.94145,0.92803,0.47551,-0.99236,-0.49449,-0.88085,-0.35563
0.42532,-0.47598,0.9508,-0.38037,0.2695,-0.85776,-0.035636,0.37524,0.95516,-0.31615,0.47059,-0.26797,-0.96521,0.31398,0.21986,0.26674,-0.18514,0.63263,-0.21212,-0.43657,-0.90107,-0.19379,0.70427,-0.4175,-0.63933,-0.54254,0.2161,0.83485,-0.95038,-0.17544,0.14938,0.26456,-0.88084,-0.014769,-0.42594,0.50021,0,-0.26191,-0.67323,-0.58124,-0.38093,0.50117,0.31658,-0.39347,0.2479,-0.8639,0.31881,0.2682,-0.87905,-0.49075,-0.96164,-0.15226,0.15148,-0.57104,0.87922,0.73061,-0.11257,0.20966,-0.27963,-0.66787,-0.38587,0.585,-0.6263,-0.94915,0.10556,0.64698,-0.48568,0.71378,-0.66968,0.44431,-0.19046,-0.86291,-0.0013829,0.92616,0.97302,0.32228,0.73066,0.28969,0.089046,0.51452,-0.79672,0.85679,-0.036854,0.82418,-0.31955,-0.98038,-0.70414,-0.56529,0.087172,0.027185,0.27566,0.50263,-0.85582,0.11662,-0.60518,-0.53775,0.87257,0.83314,0.90272,0.080594,-0.099666,0.20454,0.11509,0.82833,0.51586
0.30117,-0.85886,-0.73915,-0.77103,0.82573,-0.37514,-0.45137,-0.50016,-0.48733,-0.79725,-0.24336,0.9768,-0.13551,0.13795,-0.4438,0.022655,-0.40905,0.56006,-0.71286,0.25503,-0.48568,-0.074714,-0.66433,0.67714,-0.33168,-0.92448,-0.31589,0.27014,0.87518,-0.07752,0.031566,0.18797,-0.3488,-0.15021,0.41111,0.18958,-0.26191,0,-0.17744,-0.45596,0.68198,-0.2985,0.62091,0.86419,0.72501,0.4656,-0.71972,-0.28589,0.58383,-0.33436,-0.60745,-0.19211,-0.5106,-0.95917,0.44471,-0.29262,-0.91433,0.055592,0.74666,-0.95756,-0.67238,0.099125,-0.077287,-0.46536,-0.02517,0.49786,-0.48656,-0.53681,-0.79871,-0.28987,-0.17676,0.25518,0.18413,0.29841,0.013669,-0.8677,-0.88579,0.61525,0.32724,-0.054379,0.95715,-0.25937,0.17179,-0.66369,0.78658,0.58521,0.70757,0.81339,0.21497,-0.80279,-0.47214,-0.81072,0.22488,-0.056967,0.86407,-0.51489,0.79799,0.9668,0.84832,-0.80923,0.48698,-0.1436,-0.66893,0.9346,-0.38818
0.14884,-0.87969,-0.70012,-0.92571,0.84705,-0.19841,0.95622,0.31914,0.18285,-0.21065,-0.94936,0.55732,-0.17998,-0.76388,0.50781,0.52288,-0.55302,-0.81044,0.37857,-0.38165,-0.81327,0.94838,0.88874,-0.015966,0.17765,0.1632,-0.97074,0.63597,0.034003,0.039425,-0.57523,-0.97068,-0.92413,0.7826,0.89196,-0.20608,-0.67323,-0.17744,0,0.65004,-0.028426,-0.80523,-0.87036,0.57923,0.017195,-0.17427,-0.70513,-0.33163,0.084033,-0.92655,0.62386,-0.84421,-0.91539,-0.15616,0.22646,0.77991,0.30656,0.50394,0.78664,-0.81042,0.32471,0.69199,0.52989,0.094833,-0.58862,0.22594,-0.94748,0.0897,-0.48798,-0.29772,-0.23713,-0.82416,-0.3112,0.13328,-0.26501,-0.65619,0.0023723,0.50915,0.36639,-0.067259,0.58493,-0.39944,0.27646,-0.47867,-0.59141,-0.47544,-0.84257,-0.40413,0.79507,0.87818,-0.80586,0.71155,0.3638,0.38895,-0.15634,-0.071854,-0.93511,0.44882,0.23818,0.094628,0.90181,-0.13901,-0.99198,-0.34884,0.53218
0.59706,0.92918,-0.5302,-0.82921,-0.43208,0.34515,-0.41488,0.71716,0.25753,0.16814,0.65084,0.6562,-0.90061,-0.60588,0.38153,-0.63063,0.46956,0.18576,0.67025,0.82376,-0.0096934,0.11379,0.23595,0.089683,0.86466,0.22827,0.20893,0.39212,-0.75995,0.65462,-0.89739,-0.54264,0.183,0.44796,0.98445,-0.82192,-0.58124,-0.45596,0.65004,0,-0.54913,-0.87267,0.22732,0.15549,-0.10746,0.72817,0.27457,0.066607,-0.67839,0.64262,-0.9351,-0.059803,-0.46064,-0.13422,0.83651,-0.38092,-0.050866,-0.62441,0.44846,0.05965,0.14519,0.53407,0.56234,-0.67425,0.14357,-0.28763,0.68697,-0.47282,-0.26551,-0.056644,-0.34932,0.71188,0.13925,0.48001,-0.41727,0.35206,-0.3314,0.64929,0.059446,0.52849,0.19311,0.26215,0.60966,-0.74164,-0.55259,-0.36918,0.30787,-0.40108,0.93979,-0.1612,0.87054,-0.7337,-0.063043,-0.86196,0.21411,-0.57229,0.45875,-0.072133,0.92328,0.77943,0.3819,0.41775,-0.64194,-0.21057,0.44116
-0.33111,0.57216,-0.49859,0.47897,0.42909,-0.19019,0.26481,-0.079786,0.96679,0.95036,0.90225,0.80021,0.92075,-0.41219,-0.70082,-0.20493,0.11289,-0.79891,0.37099,-0.19202,-0.62706,-0.45565,0.41468,-0.19845,-0.19212,-0.2041,-0.76418,-0.95345,0.86981,0.83832,-0.76014,-0.020158,0.89364,-0.77732,0.32472,-0.040306,-0.38093,0.68198,-0.028426,-0.54913,0,0.0015858,0.81788,0.49952,-0.37217,0.14737,0.37765,-0.7089,-0.20749,0.65311,0.65925,-0.25134,-0.87423,0.70487,0.70971,-0.67224,-0.019596,-0.20739,-0.26699,0.68644,0.019182,0.026144,0.89168,-0.080131,-0.82369,-0.73499,-0.75523,-0.75211,-0.85983,-0.76259,0.35401,0.60427,-0.46227,-0.23511,0.70934,0.6064,-0.83623,0.2489,0.17125,0.44591,-0.00083794,0.81829,-0.71889,-0.15072,-0.8281,-0.16858,-0.64511,0.078566,-0.2781,-0.53828,-0.72363,-0.27485,0.039559,0.31077,-0.44473,-0.38804,0.5627,-0.036673,0.59384,-0.069725,0.1039,-0.50265,-0.42679,0.8181,0.56549
0.33747,-0.72537,-0.59417,-0.31246,0.99657,-0.040591,0.46674,-0.71825,0.85622,-0.04919,0.24232,0.34645,-0.88993,-0.11676,-0.50431,0.24333,0.13931,-0.95205,-0.25977,0.26451,-0.27809,0.84629,-0.3965,-0.70548,-0.88388,0.059839,0.30969,0.95409,-0.044426,-0.59402,0.94372,-0.082827,0.42754,0.54429,0.2265,0.19905,0.50117,-0.2985,-0.80523,-0.87267,0.0015858,0,0.12215,0.44152,0.029963,0.3902,-0.23351,0.42622,0.71104,0.71018,0.3741,0.075626,-0.59366,0.49282,0.019217,0.018575,0.71121,-0.56982,0.75342,-0.030449,0.92568,0.36133,-0.20945,-0.40108,-0.59492,-0.60258,-0.77039,-0.25781,0.49697,0.59706,-0.7894,0.63439,0.94061,0.93566,0.97592,0.67818,0.9182,-0.56156,0.46652,0.68723,0.61404,0.34771,-0.86427,-0.64991,0.62943,0.75199,-0.49636,-0.33004,-0.063018,-0.86031,-0.2447,-0.72018,-0.28494,-0.5758,0.10152,-0.76627,0.1799,-0.30768,-0.24699,-0.83798,0.37815,0.23095,0.75974,0.22845,0.88737
-0.26641,-0.21024,0.68579,-0.23601,-0.88716,0.86582,-0.10468,0.77938,0.39888,0.63507,0.63133,-0.13649,0.89715,-0.20153,0.62204,0.65215,0.81872,-0.55406,-0.41374,0.45181,0.48317,-0.87629,-0.94923,0.38184,-0.45654,-0.17683,0.23017,0.58526,0.0050702,0.13325,0.43114,-0.084497,0.27895,0.72608,-0.19135,0.95298,0.31658,0.62091,-0.87036,0.22732,0.81788,0.12215,0,0.90519,-0.13388,0.78256,0.11619,0.82656,-0.88641,0.90206,0.84937,0.12902,-0.8365,-0.84636,0.27398,0.3707,0.55181,0.80773,0.41499,0.30146,-0.9706,0.42425,0.4018,0.72695,0.11405,-0.47866,-0.54055,0.18646,-0.50911,0.972,0.35143,0.73756,-0.56207,0.53914,0.24263,0.32131,0.0046365,-0.52206,-0.92981,-0.55618,-0.14162,-0.84351,-0.91135,0.049493,0.16558,0.83751,0.52432,-0.043445,0.48075,0.49853,0.17871,-0.22099,-0.96743,-0.7359,0.18546,0.8597,-0.72274,-0.60573,-0.56126,-0.84859,-0.41408,0.52781,0.94481,0.066713,0.98099
0.80596,-0.0056989,-0.72186,0.90628,-0.97137,0.19306,0.0042274,-0.30598,-0.91978,-0.61209,-0.42706,-0.98543,0.70403,-0.28341,-0.58028,0.72335,0.22862,-0.083785,0.011023,0.094833,-0.71639,-0.83843,0.29332,0.40726,-0.84297,-0.55479,0.67967,0.52066,-0.49663,0.58189,0.002345,-0.16484,-0.55705,-0.052381,-0.11334,-0.43811,-0.39347,0.86419,0.57923,0.15549,0.49952,0.44152,0.90519,0,-0.1819,0.85297,-0.13588,0.12486,-0.65271,-0.31358,-0.32083,-0.37976,-0.26984,-0.84365,0.4986,-0.28203,0.94984,-0.72663,0.67512,0.46729,-0.52422,-0.0095349,-0.37688,-0.64904,0.76234,0.57996,0.74294,0.46056,-0.77204,0.14709,-0.39711,-0.3483,0.47815,0.10676,-0.5643,-0.63711,-0.80022,-0.2162,0.41751,-0.31491,0.94756,0.87998,0.28502,0.72408,0.024275,-0.33645,-0.45218,-0.34549,-0.050412,0.30315,0.01226,-0.97212,0.13494,0.49609,-0.34999,0.20859,-0.10882,-0.44171,-0.22184,0.60151,-0.35003,0.39142,0.038723,-0.92421,-0.18471
