,,,,,,,,,,,,,,,,,,,,,,,,,,,,,,,,,,,,,,,,,,,,,,,,,,,,,,,,,,,,,,,,,,,,,,,,,,,,,,,,,,,,,,,,,,,,,,,,,,,,,,,,
0,0.43487,0.028508,-0.90965,0.70342,-0.18843,0.91398,0.3556,0.74728,-0.84876,0.99705,0.78951,0.43634,0.7734,-0.34438,-0.25923,0.22791,0.064781,-0.081843,-0.40367,-0.25732,-0.826,-0.014042,0.59464,-0.14408,0.78821,0.98555,-0.67969,-0.47816,-0.25145,0.47506,-0.5142,0.94741,-0.64705,-0.77246,0.90733,-0.87246,0.68118,-0.12592,-0.37607,-0.97297,-0.11308,-0.5766,0.45442,0.59244,0.74831,0.39315,-0.50655,-0.043831,0.57719,0.32413,0.50675,0.2409,-0.75839,-0.3787,-0.7794,-0.75783,-0.56535,0.79443,0.043996,0.78338,-0.74498,-0.089337,0.64959,0.85278,0.32623,0.41115,0.19384,-0.39216,-0.71174,-0.81442,0.27222,0.62501,0.53248,0.48727,-0.61283,0.86804,0.5699,-0.41194,-0.97828,-0.92897,0.35456,-0.89698,0.27544,-0.58377,0.25579,-0.28479,-0.62325,-0.12934,0.44067,-0.25392,-0.85179,0.40203,0.63501,0.86922,0.26438,0.78888,0.77745,-0.33019,0.83601,0.8762,-0.98979,-0.27524,-0.24902,-0.79427
0.43487,0,-0.72055,0.29618,0.9544,-0.6486,0.032777,-0.50024,-0.95362,0.90515,-0.78392,0.47311,0.38404,0.014068,0.99784,-0.47282,0.99125,-0.1443,-0.042019,-0.76763,-0.11257,-0.423,-0.18641,-0.19766,0.14985,-0.78923,0.91677,-0.2021,0.14809,0.85305,0.74227,-0.688,-0.90756,-0.64399,-0.53609,0.058215,-0.47157,-0.74574,-0.39261,-0.80079,-0.029806,0.34081,-0.4788,0.81687,-0.38156,0.7102,-0.66887,-0.79956,0.67326,-0.18767,0.39539,0.49662,0.98365,-0.089393,-0.6797,0.19609,-0.54135,0.096852,0.60759,-0.85101,-0.99285,-0.15389,0.69585,-0.37543,-0.71493,0.39888,0.53142,0.63198,0.26951,0.66724,0.31476,-0.086062,0.76057,0.25867,-0.029181,-0.32021,-0.10719,-0.39867,0.43649,-0.53069,-0.54306,-0.61269,-0.71857,0.37481,-0.68243,-0.9462,-0.35092,0.38527,-0.64902,0.6582,-0.47942,0.92405,-0.54341,0.039092,-0.7191,-0.41257,0.1325,0.48122,0.53833,-0.50483,0.93969,-0.38961,0.98031,0.24121,0.28888
0.028508,-0.72055,0,0.82757,-0.90953,-0.30209,0.80407,-0.42414,-0.77435,-0.56798,0.44484,0.094021,-0.1805,-0.92885,0.74048,0.57047,0.74703,0.77258,0.18822,-0.72327,-0.70137,-0.23046,0.9583,0.35334,-0.79587,0.63376,0.15434,-0.54914,-0.17941,0.51222,0.91377,-0.80422,-0.82623,0.46322,0.21574,0.41756,-0.77075,0.44363,0.72056,0.30742,-0.93797,-0.35803,0.50826,0.34205,-0.10874,-0.4857,0.59459,-0.92219,-0.081159,-0.73798,-0.11308,-0.40973,-0.93605,-0.058597,-0.025382,-0.38458,-0.22142,0.54953,-0.8458,0.75974,0.164,-0.44519,0.31581,-0.72107,0.038391,0.76704,0.27694,0.93055,-0.20781,0.47609,0.36671,0.94272,0.5455,-0.68265,0.37792,-0.55701,0.40858,0.9315,-0.37463,0.37405,0.43506,0.64326,0.39023,-0.58396,-0.80521,0.085563,-0.52105,-0.035869,0.036672,-0.82204,0.74592,-0.88117,-0.93575,-0.5919,0.45232,0.66961,0.1533,-0.68551,-0.05744,-0.28403,0.50393,0.040835,-0.33524,0.41781,0.80161
-0.90965,0.29618,0.82757,0,0.44666,-0.22224,-0.4309,0.33839,0.37328,0.050853,-0.29053,0.73507,0.96962,0.59389,-0.68348,0.32862,0.43736,0.30113,0.74758,-0.45238,0.66147,-0.81132,0.31338,0.90164,-0.90509,0.48068,-0.9779,0.6216,-0.59557,0.26759,-0.24856,0.81059,0.96513,0.44454,-0.76993,0.89806,0.090155,-0.51403,0.14946,0.37114,0.97113,-0.95493,0.58518,0.68343,-0.91685,-0.10374,0.38079,0.25674,-0.20007,0.87615,-0.35267,0.023899,-0.1378,-0.31038,0.28796,-0.52828,-0.83963,0.024199,-0.1677,0.83367,0.18169,0.39863,0.54283,0.33499,0.25862,0.84532,0.47894,0.60446,0.58957,0.42043,0.32214,0.8877,-0.50504,0.8794,-0.83366,0.11844,0.0039995,-0.11146,-0.48715,-0.89321,0.97664,0.72027,0.50319,0.87937,0.79729,-0.72606,-0.21845,0.39544,0.88028,0.74147,-0.28286,-0.90468,0.31381,-0.84977,-0.46039,0.93462,0.67516,-0.9006,0.8724,-0.53072,0.18203,-0.92701,0.12639,-0.12457,0.23667
0.70342,0.9544,-0.90953,0.44666,0,-0.73316,0.39232,0.54896,0.34489,-0.69636,-0.64879,0.87288,0.93516,0.11732,-0.32779,0.41715,0.61327,-0.21647,-0.98553,0.73482,0.012343,-0.71619,-0.11053,-0.87878,-0.83503,0.83283,0.14561,-0.50867,-0.0053256,-0.15371,0.74514,-0.16343,0.52766,0.89403,-0.017789,-0.5577,-0.61768,0.012985,-0.082645,-0.26151,-0.085708,0.6768,0.68481,0.014925,-0.84301,-0.52174,-0.96279,-0.89544,0.09269,0.67297,0.2993,-0.05089,-0.17385,0.63144,-0.67014,0.75765,0.86559,-0.44295,-0.85379,-0.27779,-0.64876,-0.32854,0.7081,0.032557,0.49246,-0.40339,0.49211,-0.81939,-0.18852,0.46404,-0.75797,-0.015661,-0.179,-0.95169,0.96612,-0.99125,0.84686,0.86293,0.60941,-0.60179,0.68825,0.31766,0.88281,0.80698,0.15284,0.9062,0.54805,-0.52789,0.53681,0.82261,0.76759,0.08928,0.37534,0.81939,0.4699,0.94551,-0.074742,-0.50243,-0.56932,-0.91382,-0.0039951,0.93063,-0.16991,-0.065027,0.52704
-0.18843,-0.6486,-0.30209,-0.22224,-0.73316,0,0.85182,-0.07982,0.30073,-0.56602,-0.29057,0.097153,-0.56719,0.85813,0.3319,0.98546,0.074461,0.55956,0.27975,-0.89863,0.10311,-0.040904,-0.46242,-0.085971,-0.8657,-0.65937,-0.9947,-0.97768,0.6874,-0.61158,0.40584,0.081828,-0.28261,-0.6968,-0.092745,0.36344,-0.46046,-0.70011,-0.15124,-0.26322,-0.46336,-0.65562,-0.62856,-0.0711,-0.080272,-0.23751,0.27831,0.85085,0.53242,-0.453,-0.9402,0.5044,-0.5355,-0.97338,-0.5008,-0.085828,-0.30802,-0.46928,0.01351,0.33585,0.79456,-0.51168,-0.61833,0.63933,0.45225,-0.9633,0.34849,-0.91962,0.54938,0.69904,0.49316,-0.36197,0.51137,-0.51157,0.18702,-0.25792,0.51922,0.50092,-0.13756,0.11527,0.3511,0.87914,-0.65378,0.60204,0.32433,0.20953,-0.56813,-0.0028343,-0.18168,-0.37369,0.22987,0.020112,-0.24694,0.91999,-0.46462,0.2286,-0.28309,-0.5552,0.015256,0.34391,0.9786,0.51322,-0.79159,0.306,-0.19149
0.91398,0.032777,0.80407,-0.4309,0.39232,0.85182,0,-0.46554,-0.88797,0.24565,0.72394,0.86062,-0.025201,0.23756,0.72396,-0.7977,-0.9621,0.73671,0.46756,-0.83818,-0.41124,0.4864,-0.82203,-0.87538,0.40197,0.48797,-0.99392,0.21097,0.014511,-0.25586,0.36051,0.21134,0.8653,0.6023,0.39737,-0.49184,0.05962,-0.47149,0.596,-0.71672,0.60722,-0.44738,0.49655,-0.8668,0.0018196,0.90829,-0.20674,-0.51802,0.64714,0.28424,-0.9547,0.4147,0.29441,-0.80513,0.84436,-0.72052,0.1877,0.51,-0.060316,0.41506,0.29733,-0.1317,-0.54254,-0.85301,-0.1435,-0.31248,-0.079364,-0.69454,0.78295,-0.11986,0.55678,0.54586,-0.22412,-0.33808,-0.25562,0.76823,-0.19507,-0.29372,0.11924,0.062773,-0.76244,0.96546,-0.7956,0.50156,0.085598,-0.38998,-0.18203,-0.81409,0.2197,-0.91235,-0.69361,-0.60919,-0.063122,0.89423,0.57527,0.20085,-0.33834,0.36623,-0.52317,-0.07671,-0.1517,0.91475,-0.88043,-0.14983,-0.75115
0.3556,-0.50024,-0.42414,0.33839,0.54896,-0.07982,-0.46554,0,-0.0018386,-0.0096097,-0.29678,-0.8982,0.72133,0.11306,0.50625,-0.52118,-0.92259,0.54034,-0.4771,-0.019178,0.021131,-0.85495,0.20542,-0.81201,0.84372,0.85136,-0.63066,-0.1097,-0.66476,-0.30997,-0.070923,-0.49133,-0.10005,-0.30787,-0.098103,-0.84493,-0.52431,-0.92559,0.50986,0.81269,0.32216,0.13757,-0.1603,-0.19239,0.78603,-0.97507,0.52262,-0.046889,0.0099718,-0.63563,-0.37714,-0.9874,0.96658,0.7986,-0.17663,0.20734,-0.71506,-0.20955,-0.3234,0.043439,-0.042379,-0.72213,0.37439,0.87316,0.1721,0.95431,0.41767,-0.56988,-0.13907,-0.42511,-0.87141,0.69046,0.20867,0.92172,0.10768,-0.60658,0.26752,-0.91014,-0.88944,0.19037,0.51114,0.12118,-0.71443,0.56965,-0.37624,-0.57039,0.74203,-0.44914,-0.43009,-0.084428,-0.74744,-0.62303,-0.47109,-0.88255,-0.9348,-0.47488,-0.51269,-0.40891,0.57509,-0.36099,0.92456,-0.097024,-0.82107,0.55136,0.76894
0.74728,-0.95362,-0.77435,0.37328,0.34489,0.30073,-0.88797,-0.0018386,0,0.71596,0.91835,0.78854,-0.15737,-0.076786,-0.59952,0.20212,-0.51369,-0.30643,0.90607,0.088232,0.15722,-0.1279,0.46474,-0.066654,0.92461,-0.76597,0.63495,-0.3816,-0.5765,0.59849,0.89351,0.30496,0.91945,0.43886,0.13295,-0.48992,0.30813,-0.89174,0.61142,-0.0051208,0.46857,-0.68024,0.81252,0.071161,0.66062,0.375,0.55462,0.57694,-0.90564,0.86298,-0.23826,-0.097918,0.17649,-0.29162,0.052938,0.61715,0.051873,0.27908,-0.14112,0.61458,0.81465,-0.64856,-0.90306,0.067424,-0.15855,-0.93649,0.24522,0.062578,-0.42749,0.91827,0.3128,0.24726,0.12886,-0.6372,-0.45433,0.015611,-0.098106,-0.9803,-0.1343,-0.56707,-0.93901,-0.37349,-0.71186,-0.57963,-0.11315,0.45943,-0.45108,-0.18258,0.68921,-0.71445,0.14485,-0.4621,0.20549,-0.30673,0.95861,-0.9372,0.086997,-0.32648,-0.53014,-0.70721,0.13208,-0.75119,0.82881,-0.67481,-0.38215
-0.84876,0.90515,-0.56798,0.050853,-0.69636,-0.56602,0.24565,-0.0096097,0.71596,0,-0.065189,-0.52,-0.67005,-0.4691,0.66704,-0.021796,0.057163,0.52105,0.052985,0.792,-0.49457,-0.69882,0.23052,-0.042743,-0.9686,-0.69886,0.85463,0.43685,0.64119,0.32987,0.77475,0.83958,0.93016,-0.77919,0.035822,0.88189,-0.94774,-0.26592,-0.94407,0.1631,-0.70555,0.29954,-0.48492,-0.43537,-0.091445,0.63094,-0.79164,-0.26846,0.56348,0.49204,0.94942,-0.17513,0.69714,-0.74384,0.85531,0.99419,-0.38514,-0.3423,0.063807,-0.50191,-0.22268,-0.5934,-0.80895,0.29583,-0.53755,0.68821,-0.47996,-0.59961,0.53324,0.92713,0.34309,0.040839,-0.48127,-0.50937,-0.41536,-0.58587,0.35348,-0.73292,-0.3367,-0.25132,0.72832,0.95174,-0.41835,-0.68798,-0.048763,-0.10311,-0.79171,-0.19812,-0.67375,-0.37679,-0.7844,-0.12377,-0.26884,-0.50625,0.39957,0.56182,0.93002,0.85427,-0.047999,0.85264,0.14799,-0.02702,-0.97942,0.41388,0.046429
0.99705,-0.78392,0.44484,-0.29053,-0.64879,-0.29057,0.72394,-0.29678,0.91835,-0.065189,0,-0.4724,0.8252,0.52903,0.88743,0.43509,-0.18448,-0.17518,-0.53184,0.67391,0.29821,0.91825,0.37304,0.048314,-0.026073,0.12573,-0.33261,-0.088826,-0.25236,-0.50527,-0.73205,-0.20789,-0.54303,0.60849,-0.49822,0.61793,-0.76648,0.70296,-0.26357,-0.57672,0.79066,0.72839,0.23502,-0.34466,0.81162,-0.95553,-0.87918,-0.26763,0.45871,-0.97813,0.62401,-0.9903,0.65854,0.89913,-0.38923,0.3268,-0.65259,0.49117,-0.43799,-0.82006,0.9388,-0.35663,0.41966,-0.12338,-0.11872,-0.82275,0.56225,-0.23081,0.6239,-0.74987,-0.095953,0.71959,0.10474,-0.92199,0.58485,-0.20855,0.56343,0.51572,-0.59959,0.39134,0.69086,0.88532,-0.6022,0.54009,-0.50546,0.55415,0.81382,-0.48693,0.48062,-0.66511,0.66699,0.37364,-0.25971,-0.4441,0.92975,-0.62484,-0.47314,0.041991,0.93194,0.62498,0.090101,0.17855,-0.21862,-0.14565,0.87976
0.78951,0.47311,0.094021,0.73507,0.87288,0.097153,0.86062,-0.8982,0.78854,-0.52,-0.4724,0,0.26553,-0.75245,-0.71631,-0.69632,0.55716,-0.88388,-0.90873,0.62129,-0.62329,0.1876,-0.63729,0.7486,0.74798,0.74605,0.55226,0.99366,-0.99519,-0.50171,-0.081428,0.30836,-0.47135,0.24802,0.97757,0.14781,-0.52498,0.035678,0.41639,0.079346,-0.84054,0.78392,-0.84112,-0.9082,-0.4507,-0.17632,0.19999,-0.8552,-0.67422,-0.55295,-0.61234,-0.81173,0.5051,0.079131,0.72242,-0.9248,0.16432,-0.23679,0.79722,-0.68022,0.74311,-0.33168,-0.10226,-0.70812,-0.19896,0.4441,0.19173,0.15694,0.52375,0.39674,0.62032,-0.99662,0.0015134,0.7778,0.75993,-0.099673,0.79984,-0.93084,0.89027,-0.35116,-0.913,0.70186,0.49564,0.066237,0.5698,0.86201,0.2554,-0.12318,-0.46571,0.78987,0.13011,0.21353,0.63095,0.35735,0.046095,0.73989,0.20629,-0.21918,-0.16036,-0.86854,0.44006,-0.84852,0.89935,0.23826,-0.97928
0.43634,0.38404,-0.1805,0.96962,0.93516,-0.56719,-0.025201,0.72133,-0.15737,-0.67005,0.8252,0.26553,0,-0.61998,-0.19916,-0.55496,-0.84829,-0.56337,-0.47491,0.94308,0.19344,-0.65103,-0.59993,-0.85303,-0.64254,0.37026,-0.47355,-0.26376,0.4233,-0.12094,-0.33284,-0.55479,-0.96299,-0.83424,-0.46738,0.45344,-0.22478,-0.62677,0.76257,0.39907,0.10388,0.62109,-0.67837,-0.64439,-0.41088,-0.38445,0.20715,0.5714,0.63886,0.66599,-0.74089,0.87849,-0.80863,0.53309,0.95956,-0.486,0.6492,0.41174,-0.47272,0.64182,0.44198,0.61727,-0.79259,0.036539,-0.78561,0.95516,0.23378,-0.75505,0.72967,0.42824,0.68578,-0.45794,-0.35281,-0.86688,0.87091,-0.20832,0.10375,0.21081,-0.66878,0.72975,0.55654,0.80262,0.53707,0.80864,0.4925,0.078554,-0.86459,-0.71953,0.75673,0.32416,0.81903,0.92082,0.44418,0.71131,0.90614,0.77004,0.49927,-0.75427,-0.22944,-0.26283,0.7817,-0.93721,-0.906,-0.087978,0.96955
0.7734,0.014068,-0.92885,0.59389,0.11732,0.85813,0.23756,0.11306,-0.076786,-0.4691,0.52903,-0.75245,-0.61998,0,0.47632,0.0681,-0.74874,-0.97012,0.28719,-0.064802,0.43391,0.18958,-0.25935,-0.77038,-0.065522,-0.8888,0.54557,-0.30743,-0.28882,0.7302,0.3393,0.23934,0.93471,-0.40403,-0.26514,0.16068,0.42782,-0.99726,-0.57346,-0.64674,-0.30786,0.090808,0.33694,-0.10644,0.49692,0.42019,0.16762,0.013527,-0.098658,0.82943,0.40706,0.0058466,0.12056,-0.45075,-0.53869,0.25602,-0.40468,0.43835,-0.63084,0.83336,0.84032,-0.46647,0.53634,0.54374,-0.76354,-0.9075,0.78541,-0.81708,-0.38971,-0.10878,-0.91193,-0.26491,-0.27223,0.92653,0.78363,-0.72673,0.78329,-0.86644,-0.43127,0.34508,-0.9843,-0.97368,-0.12676,0.38968,0.85411,-0.83444,0.022511,0.34447,-0.30889,0.90766,-0.43018,-0.34404,-0.33287,-0.16525,-0.0020074,0.28816,-0.7238,0.60629,-0.020921,0.47181,0.099709,-0.23197,-0.18731,-0.94298,0.17121
-0.34438,0.99784,0.74048,-0.68348,-0.32779,0.3319,0.72396,0.50625,-0.59952,0.66704,0.88743,-0.71631,-0.19916,0.47632,0,0.87776,-0.89553,-0.093854,0.52153,-0.87907,0.18041,0.24398,-0.85262,0.98871,0.94414,-0.45205,0.017857,0.35502,0.47987,-0.56417,0.60982,0.80417,0.3373,-0.33072,0.92934,-0.91043,0.48088,0.45684,0.20968,-0.52115,-0.22889,0.87397,0.75018,0.46307,-0.49797,-0.68482,-0.31154,-0.76136,-0.31718,0.93136,-0.12498,0.16042,0.72976,0.65872,0.79423,-0.86802,-0.42801,-0.16144,0.96309,-0.43905,0.79254,0.71163,0.0085933,0.82743,-0.078932,0.21917,-0.009307,-0.94432,0.36173,-0.10623,-0.64094,-0.71433,-0.60598,0.076948,0.36375,0.87096,0.50906,0.037248,0.78222,0.51809,-0.04613,0.43122,0.95218,0.33121,-0.19988,-0.76876,0.19919,-0.86223,-0.016147,0.96383,-0.17314,-0.43828,0.5805,-0.92186,0.55336,0.026389,0.44463,-0.77368,0.51305,-0.60375,-0.55838,0.12208,0.30925,0.070211,0.85442
-0.25923,-0.47282,0.57047,0.32862,0.41715,0.98546,-0.7977,-0.52118,0.20212,-0.021796,0.43509,-0.69632,-0.55496,0.0681,0.87776,0,0.8729,-0.86148,0.76374,0.47241,0.54893,0.4794,0.96471,0.5058,-0.18684,0.3622,0.53658,0.90334,0.28983,0.495,0.11069,-0.65202,0.22205,0.49764,-0.44921,-0.17824,0.8612,-0.51531,-0.80522,0.54191,0.0443,0.76864,0.18941,-0.17422,0.55919,-0.11845,-0.32521,0.97344,0.708,-0.58292,0.098658,-0.65474,0.44384,0.88402,0.32207,-0.027795,0.10494,0.49996,0.73521,0.4797,-0.070434,0.32979,-0.79441,0.54484,-0.54466,-0.064981,0.93666,0.3495,-0.1416,-0.12084,-0.011629,-0.22689,-0.67711,0.24808,-0.46722,0.40752,0.97815,-0.74358,-0.22557,0.83998,-0.27412,0.28192,-0.42998,-0.57874,0.61662,-0.96243,0.69097,-0.20811,-0.50808,0.18494,0.71487,0.19183,0.43717,0.69704,-0.5613,-0.30264,-0.23211,-0.45322,0.75948,0.80847,-0.38309,0.90655,-0.41639,-0.69677,0.40636
0.22791,0.99125,0.74703,0.43736,0.61327,0.074461,-0.9621,-0.92259,-0.51369,0.057163,-0.18448,0.55716,-0.84829,-0.74874,-0.89553,0.8729,0,0.85225,0.19339,-0.98113,0.51347,-0.56005,-0.19666,0.9023,-0.68852,-0.22452,-0.13454,-0.77236,-0.96556,-0.34534,0.35968,0.79994,-0.9909,0.64942,-0.95143,0.79729,0.4276,0.32939,0.81903,-0.40489,0.23072,0.2935,-0.37589,0.041192,-0.84956,0.50393,0.11034,0.06017,0.63688,0.23022,-0.36933,0.63183,0.41136,-0.92624,-0.23615,-0.491,0.65562,-0.10246,-0.39662,-0.75854,-0.16172,-0.27158,-0.71289,0.26013,0.16888,-0.17489,0.16526,-0.60554,-0.30423,0.87123,-0.40349,0.26329,0.54366,0.44497,0.81358,0.35205,-0.6698,-0.58053,-0.49645,-0.14751,0.48939,0.067905,-0.15889,0.57951,0.78328,-0.44676,-0.69014,-0.11148,0.43528,0.027346,0.41094,0.97584,0.89745,0.9604,-0.50688,0.91588,-0.31146,-0.73009,0.25994,0.4536,0.14334,0.86,-0.98663,0.66011,0.73881
0.064781,-0.1443,0.77258,0.30113,-0.21647,0.55956,0.73671,0.54034,-0.30643,0.52105,-0.17518,-0.88388,-0.56337,-0.97012,-0.093854,-0.86148,0.85225,0,-0.095409,0.7726,-0.31731,-0.7773,0.36269,0.88522,-0.52363,-0.47841,-0.66261,0.98233,0.60656,0.50103,0.24279,-0.1909,-0.66976,0.14247,0.67331,0.83791,-0.21103,0.33237,0.27581,0.28541,0.54894,0.087255,-0.62218,0.13843,0.073456,-0.32116,0.772,0.22243,-0.28662,0.55084,-0.089523,-0.4107,-0.57917,-0.57931,0.77312,0.54155,-0.095291,0.058413,0.019169,-0.7353,0.45572,0.25469,0.50827,0.39476,0.068547,-0.68072,-0.20859,0.81035,-0.64916,-0.1018,-0.85701,0.98878,-0.53278,0.63262,-0.57874,0.63213,-0.14759,-0.94326,-0.71744,0.45394,-0.44666,-0.25969,0.733,0.97658,-0.50604,0.26191,0.98007,0.2156,0.59553,0.67456,-0.85184,-0.39201,-0.80648,-0.79942,0.8111,0.70623,0.33294,-0.72693,0.644,0.89266,-0.050752,-0.57295,-0.59983,-0.73048,-0.45589
-0.081843,-0.042019,0.18822,0.74758,-0.98553,0.27975,0.46756,-0.4771,0.90607,0.052985,-0.53184,-0.90873,-0.47491,0.28719,0.52153,0.76374,0.19339,-0.095409,0,0.75535,0.30088,-0.45567,0.18802,0.69503,-0.032623,0.97983,0.32409,0.27211,0.59377,-0.033505,-0.80535,0.78773,-0.91271,-0.88822,0.77792,0.209,-0.57678,-0.70501,-0.34583,-0.48134,0.34156,0.4235,0.46265,0.85466,-0.3588,0.14719,0.28668,-0.17842,0.68818,0.7132,-0.090914,0.69051,-0.3723,-0.30709,-0.16239,-0.75222,0.012411,0.4623,-0.37571,0.1425,0.93518,0.60409,-0.083348,-0.91906,0.40423,-0.30957,-0.33816,0.97152,0.017429,0.25811,0.85994,-0.70627,0.44653,0.45345,0.035035,0.45332,0.47781,0.33782,0.31579,-0.33702,0.6682,0.32385,-0.81294,0.85439,-0.63087,0.56053,0.64714,0.40632,-0.80167,-0.43196,-0.62909,-0.28221,-0.76652,0.19123,0.78532,0.53361,0.99443,0.91171,-0.32259,-0.71145,0.86068,0.24049,0.80552,0.33778,-0.1169
-0.40367,-0.76763,-0.72327,-0.45238,0.73482,-0.89863,-0.83818,-0.019178,0.088232,0.792,0.67391,0.62129,0.94308,-0.064802,-0.87907,0.47241,-0.98113,0.7726,0.75535,0,-0.082997,-0.99196,0.39284,0.19001,0.93795,-0.44538,-0.91896,0.04674,-0.59184,0.090953,-0.64513,-0.97525,0.59144,-0.74065,-0.84024,-0.038367,0.81502,-0.76554,-0.75035,-0.21322,0.80347,0.68139,-0.82347,-0.041508,-0.5364,-0.19257,0.80394,0.20706,-0.37649,-0.53749,0.0075938,0.34912,-0.45779,0.42034,-0.38917,0.6366,0.57028,0.37321,-0.78067,0.86109,-0.65809,-0.18205,0.45313,0.47313,-0.64822,-0.38411,0.4502,0.36126,-0.47152,-0.79649,-0.952,-0.45788,0.42259,0.91055,0.70816,0.64703,-0.86981,-0.25773,0.1909,-0.92196,-0.92877,-0.92425,0.22767,0.33236,-0.99981,0.0049532,-0.28723,0.44401,0.0051237,-0.62811,-0.66168,-0.95,-0.96675,-0.86398,0.91099,-0.5192,0.46225,0.87398,0.064375,0.35764,0.93311,-0.74057,0.1767,0.18832,-0.45021
-0.25732,-0.11257,-0.70137,0.66147,0.012343,0.10311,-0.41124,0.021131,0.15722,-0.49457,0.29821,-0.62329,0.19344,0.43391,0.18041,0.54893,0.51347,-0.31731,0.30088,-0.082997,0,0.095582,0.40597,-0.90789,0.37877,-0.84808,-0.16799,-0.9824,0.84635,0.48341,0.31407,-0.70238,0.61118,0.34613,-0.19244,-0.99083,-0.52356,-0.85899,0.46496,-0.39307,-0.28995,-0.9519,-0.20097,0.041588,-0.59171,0.32656,-0.6301,0.33869,-0.17429,0.97789,0.0078308,0.56563,-0.19097,-0.52628,-0.42301,-0.28906,-0.15357,0.47629,0.26895,0.79904,0.3521,0.42094,0.58988,-0.85362,-0.83432,0.50381,0.12016,0.28787,-0.99439,0.95211,-0.68533,0.59101,-0.17854,-0.11175,-0.49756,-0.44886,-0.021087,-0.48192,-0.41448,0.52642,0.7399,-0.16526,-0.14317,0.43133,0.011191,0.52835,0.080047,0.88622,0.92711,-0.99372,-0.69914,-0.58244,-0.32824,0.099774,-0.30929,0.51803,0.57095,-0.67236,0.76286,0.33521,0.42268,0.48884,0.81441,-0.026257,0.81588
-0.826,-0.423,-0.23046,-0.81132,-0.71619,-0.040904,0.4864,-0.85495,-0.1279,-0.69882,0.91825,0.1876,-0.65103,0.18958,0.24398,0.4794,-0.56005,-0.7773,-0.45567,-0.99196,0.095582,0,0.27642,0.97414,-0.46361,0.92044,0.96219,-0.60052,0.59241,-0.64231,0.51931,-0.45604,-0.84269,0.87243,0.50397,-0.18682,-0.51385,0.21422,0.57295,0.052532,-0.18653,0.31629,-0.19019,-0.39319,0.89147,0.050908,-0.29691,0.91259,0.67845,0.31714,0.24741,-0.18305,0.16714,0.76794,-0.53614,-0.8819,0.71277,0.3799,-0.70854,0.90879,0.15098,0.90043,-0.50446,-0.37561,0.31379,-0.82636,-0.91407,0.41498,0.26503,0.14662,0.47406,-0.64151,0.77772,-0.241,-0.52053,0.56962,0.70277,-0.053504,-0.30381,-0.4808,-0.33469,-0.49222,-0.68086,-0.52028,-0.6995,-0.17113,0.90446,-0.98292,0.48222,-0.86017,0.98084,-0.69075,-0.89233,0.42523,0.67788,-0.64796,-0.94358,0.71621,-0.059106,-0.14548,-0.050558,-0.31874,0.17368,0.20299,-0.38463
-0.014042,-0.18641,0.9583,0.31338,-0.11053,-0.46242,-0.82203,0.20542,0.46474,0.23052,0.37304,-0.63729,-0.59993,-0.25935,-0.85262,0.96471,-0.19666,0.36269,0.18802,0.39284,0.40597,0.27642,0,-0.34171,0.98529,0.12785,0.86309,0.93599,0.15133,-0.7871,-0.3209,0.96245,-0.67395,-0.31207,-0.43659,-0.79746,-0.94742,-0.15776,0.65548,-0.52215,-0.36994,0.96804,-0.51469,0.99269,0.18959,0.44571,0.87436,-0.71704,0.4826,0.40124,0.50426,-0.37702,-0.93441,-0.034462,-0.82363,0.60096,0.1007,-0.8636,-0.22581,-0.97935,-0.98786,0.41323,-0.13134,-0.38712,-0.52922,-0.70386,0.36651,0.84668,-0.83962,0.41335,-0.54873,-0.935,-0.96225,0.10503,0.12123,0.79784,0.11373,0.25384,0.25952,-0.3238,-0.70302,0.89312,-0.51292,0.16768,-0.15079,-0.26903,0.183,-0.5739,0.46567,0.39419,0.13361,-0.54356,0.58184,0.12573,0.090866,-0.99941,0.3206,0.46109,0.359,0.22165,-0.18391,-0.42075,-0.63213,0.21876,0.13806
0.59464,-0.19766,0.35334,0.90164,-0.87878,-0.085971,-0.87538,-0.81201,-0.066654,-0.042743,0.048314,0.7486,-0.85303,-0.77038,0.98871,0.5058,0.9023,0.88522,0.69503,0.19001,-0.90789,0.97414,-0.34171,0,-0.93711,-0.25262,-0.22969,0.29023,0.87467,0.04178,-0.37718,0.81772,0.34464,-0.3262,0.8633,0.42572,-0.40542,-0.8714,-0.05811,-0.037984,0.79878,-0.97004,-0.093293,-0.24032,-0.09086,0.57908,0.27409,-0.88332,0.7164,-0.77848,-0.44204,0.18076,0.008385,-0.32044,0.4858,-0.17778,0.46258,0.34651,0.23576,-0.91141,-0.7574,-0.94222,0.73172,-0.13727,-0.4758,-0.47403,0.80949,0.13705,0.93669,-0.84974,-0.8473,0.39576,0.81891,0.10525,0.75304,-0.78134,-0.40454,0.37648,-0.019018,-0.6584,0.55377,0.6196,-0.10165,-0.86729,-0.77387,-0.68505,0.16707,-0.74214,0.30092,0.94095,-0.43813,-0.28479,0.92898,0.61,0.70098,-0.20212,-0.54049,0.3207,0.048434,-0.86369,-0.25496,-0.063537,-0.26438,0.80667,0.71747
-0.14408,0.14985,-0.79587,-0.90509,-0.83503,-0.8657,0.40197,0.84372,0.92461,-0.9686,-0.026073,0.74798,-0.64254,-0.065522,0.94414,-0.18684,-0.68852,-0.52363,-0.032623,0.93795,0.37877,-0.46361,0.98529,-0.93711,0,0.86683,0.64921,0.62502,-0.060861,0.13542,0.33518,-0.020651,0.46325,0.80398,-0.13606,0.33063,0.18613,0.85312,0.16703,0.29975,-0.20583,0.49826,-0.17139,-0.7027,-0.077021,-0.39601,0.29426,0.071695,-0.16088,0.07366,0.48582,0.45411,-0.18191,0.23085,-0.438,0.91578,-0.38965,0.2156,0.66693,0.13621,-0.16213,-0.87101,-0.65358,0.6005,0.97556,-0.26896,0.48469,0.23693,-0.81268,-0.27217,-0.93198,-0.82756,0.063897,-0.76041,-0.39645,0.40254,-0.32943,-0.80538,-0.74661,0.63332,-0.8697,-0.74023,0.87039,0.51361,-0.14718,0.32961,0.9357,0.055196,-0.78766,-0.60499,0.26221,-0.28794,0.36688,-0.34557,0.13483,-0.0062086,0.87414,-0.21397,-0.57135,-0.98394,0.11058,0.49527,0.28581,-0.036748,0.3245
0.78821,-0.78923,0.63376,0.48068,0.83283,-0.65937,0.48797,0.85136,-0.76597,-0.69886,0.12573,0.74605,0.37026,-0.8888,-0.45205,0.3622,-0.22452,-0.47841,0.97983,-0.44538,-0.84808,0.92044,0.12785,-0.25262,0.86683,0,-0.46713,-0.12495,0.34208,-0.69051,0.31502,0.29645,0.44675,-0.34622,-0.81186,0.98301,-0.1883,-0.091353,0.51031,0.033338,-0.44584,-0.44144,0.76166,0.57541,0.97407,0.094324,-0.37362,-0.38748,-0.50101,-0.92435,-0.73729,-0.083614,0.31027,0.74474,-0.94545,-0.57015,-0.17781,0.95849,-0.50986,-0.9601,0.69374,0.15713,0.9183,0.67832,-0.23793,0.77164,-0.36196,0.67482,0.64112,-0.31932,0.57095,0.14666,-0.71392,0.77132,0.9939,-0.85678,0.30837,0.91584,0.71462,-0.10343,-0.87774,0.18466,0.086551,-0.044321,0.91617,-0.8184,0.34397,0.59968,0.61537,-0.77046,0.028802,0.36537,0.67989,0.032427,0.84941,-0.37635,0.67985,0.47518,-0.76648,0.087329,0.27792,0.79311,0.82355,-0.65624,0.26826
0.98555,0.91677,0.15434,-0.9779,0.14561,-0.9947,-0.99392,-0.63066,0.63495,0.85463,-0.33261,0.55226,-0.47355,0.54557,0.017857,0.53658,-0.13454,-0.66261,0.32409,-0.91896,-0.16799,0.96219,0.86309,-0.22969,0.64921,-0.46713,0,-0.48445,-0.4503,0.78766,0.50191,0.69207,-0.86237,-0.44362,-0.60854,-0.92903,-0.45397,0.77103,0.5757,0.23468,0.44335,0.5122,0.26796,0.17769,0.13604,-0.22389,0.68165,-0.046676,0.63235,-0.50039,-0.50103,-0.79123,-0.78779,-0.093298,0.54435,-0.047927,-0.93534,-0.062632,-0.76312,0.49815,-0.16867,0.13492,-0.14818,0.65272,0.58935,0.24067,-0.20887,-0.04409,0.63426,0.42572,-0.64889,-0.1334,-0.65971,-0.55352,-0.30185,-0.092011,-0.79656,-0.37361,-0.13628,0.628,-0.52018,-0.43991,0.87732,-0.10892,-0.31043,-0.80044,-0.37998,-0.7708,0.34097,0.50023,0.74535,0.27289,-0.59918,0.71298,0.79468,-0.76796,0.39737,-0.010604,0.23803,0.10141,0.54423,-0.56759,-0.19898,-0.9627,0.71842
-0.67969,-0.2021,-0.54914,0.6216,-0.50867,-0.97768,0.21097,-0.1097,-0.3816,0.43685,-0.088826,0.99366,-0.26376,-0.30743,0.35502,0.90334,-0.77236,0.98233,0.27211,0.04674,-0.9824,-0.60052,0.93599,0.29023,0.62502,-0.12495,-0.48445,0,-0.89387,0.93615,-0.89197,0.34993,0.22713,0.68857,0.91222,-0.61352,0.9066,0.44406,-0.22199,-0.95841,0.75164,0.7992,0.79735,0.083145,0.015365,0.35442,-0.66639,-0.71997,-0.9134,0.21863,-0.054484,0.47864,-0.25329,0.3284,0.8918,0.10949,0.28367,-0.59746,0.57146,-0.35661,0.062309,-0.63663,-0.32074,-0.81943,0.27156,0.011977,-0.065593,0.45773,0.18277,0.29551,-0.0093513,0.53088,0.048011,0.4371,0.7074,0.25821,0.60284,0.3277,-0.75972,-0.93092,-0.39545,0.87097,0.034176,-0.012968,0.22755,0.195,0.23439,0.45746,-0.8435,0.76709,-0.032962,0.15888,-0.85795,-0.68473,-0.45672,0.24895,-0.38227,0.83132,-0.67379,0.0092259,-0.43672,0.98366,0.13386,-0.46963,-0.55832
-0.47816,0.14809,-0.17941,-0.59557,-0.0053256,0.6874,0.014511,-0.66476,-0.5765,0.64119,-0.25236,-0.99519,0.4233,-0.28882,0.47987,0.28983,-0.96556,0.60656,0.59377,-0.59184,0.84635,0.59241,0.15133,0.87467,-0.060861,0.34208,-0.4503,-0.89387,0,-0.39175,-0.28013,0.82393,0.009222,-0.18922,0.00080706,-0.6001,-0.47802,-0.69756,-0.58859,-0.92631,0.92053,0.20525,-0.68439,0.88849,0.27019,-0.35641,0.035582,-0.84415,-0.85885,0.45302,0.186,0.28571,0.26468,-0.66892,0.097635,0.61797,0.41679,-0.30528,-0.83921,-0.21432,0.43596,0.35533,-0.42986,-0.20375,0.094115,-0.28253,0.60572,-0.42049,-0.29529,0.86354,-0.038325,0.65855,0.88106,-0.59867,-0.083158,-0.76101,-0.36455,-0.78003,0.022215,-0.4706,0.38797,0.83482,-0.7823,-0.14022,0.55192,-0.33506,-0.66964,0.28173,0.68296,0.16607,0.028338,-0.81908,-0.58414,0.81815,0.35317,0.62213,-0.56708,0.29657,-0.3464,-0.65066,0.56006,-0.67837,0.965,-0.20668,0.59928
-0.25145,0.85305,0.51222,0.26759,-0.15371,-0.61158,-0.25586,-0.30997,0.59849,0.32987,-0.50527,-0.50171,-0.12094,0.7302,-0.56417,0.495,-0.34534,0.50103,-0.033505,0.090953,0.48341,-0.64231,-0.7871,0.04178,0.13542,-0.69051,0.78766,0.93615,-0.39175,0,-0.69659,-0.44993,0.53464,0.98107,-0.72898,0.22351,-0.56806,0.057501,0.71545,-0.24433,0.50351,0.61493,-0.89703,0.10721,-0.28845,0.65063,-0.17816,-0.22908,-0.11171,0.31198,-0.48381,-0.69953,0.41922,0.6134,0.94573,-0.3842,0.27766,0.89895,0.54648,-0.67161,-0.82778,-0.83938,0.61681,0.43002,-0.91894,-0.28534,-0.65904,-0.25961,-0.75098,0.23402,0.67788,-0.035596,-0.813,0.76359,-0.68449,0.60806,-0.87151,0.28683,0.0074502,0.88634,0.77922,0.1354,-0.81976,-0.45093,-0.61507,-0.086635,-0.69773,0.73631,0.89146,0.97849,0.26607,-0.83113,-0.2168,0.32898,0.83215,0.045571,-0.046787,0.20033,0.40264,-0.098529,0.46542,0.83213,-0.39795,-0.74446,0.11048
0.47506,0.74227,0.91377,-0.24856,0.74514,0.40584,0.36051,-0.070923,0.89351,0.77475,-0.73205,-0.081428,-0.33284,0.3393,0.60982,0.11069,0.35968,0.24279,-0.80535,-0.64513,0.31407,0.51931,-0.3209,-0.37718,0.33518,0.31502,0.50191,-0.89197,-0.28013,-0.69659,0,0.9126,0.99287,0.81704,0.70774,-0.10216,-0.29557,-0.80406,0.54073,0.52787,-0.84483,0.31828,0.18035,-0.35518,-0.57281,0.65097,-0.55049,0.60316,0.9818,0.69112,0.21245,0.71631,0.58525,0.16005,-0.47002,0.023049,0.95798,0.51051,0.70943,-0.80403,-0.45612,-0.59368,-0.52903,-0.49818,0.81465,0.19547,-0.9413,0.3957,0.35491,0.87977,0.84061,-0.8145,-0.43544,0.48596,0.37408,0.51881,-0.97297,-0.18628,0.42154,0.96668,-0.76705,-0.8279,0.091561,-0.7929,-0.28587,-0.58649,0.34415,-0.93971,-0.46858,-0.073291,0.89393,-0.042834,-0.43045,-0.42687,0.27345,-0.064012,0.88345,-0.055203,-0.61209,-0.3546,-0.95218,0.58498,-0.11505,0.65921,-0.13431
-0.5142,-0.688,-0.80422,0.81059,-0.16343,0.081828,0.21134,-0.49133,0.30496,0.83958,-0.20789,0.30836,-0.55479,0.23934,0.80417,-0.65202,0.79994,-0.1909,0.78773,-0.97525,-0.70238,-0.45604,0.96245,0.81772,-0.020651,0.29645,0.69207,0.34993,0.82393,-0.44993,0.9126,0,-0.70595,0.18126,-0.81033,0.60146,0.29735,-0.6855,-0.44216,-0.87643,-0.55846,0.21319,-0.018271,-0.074948,-0.65188,-0.92393,0.15525,-0.45584,-0.92301,-0.28393,-0.2959,0.31567,-0.77503,0.58307,-0.58462,0.068581,0.05487,-0.57584,-0.58813,0.36,0.9314,0.41175,-0.40565,-0.21029,-0.31177,0.44416,0.73241,-0.31201,-0.57977,0.81183,0.61014,-0.95009,-0.14955,0.6091,-0.14936,0.13849,0.49173,-0.77696,0.32761,-0.72878,-0.42064,-0.89676,0.83827,-0.99385,-0.40756,0.13848,0.47975,-0.31943,-0.73841,0.41474,-0.64162,0.64901,0.16986,0.25445,-0.072816,0.78818,0.10372,-0.91243,-0.61816,0.20216,-0.014972,0.37855,-0.17983,-0.99322,0.26582
0.94741,-0.90756,-0.82623,0.96513,0.52766,-0.28261,0.8653,-0.10005,0.91945,0.93016,-0.54303,-0.47135,-0.96299,0.93471,0.3373,0.22205,-0.9909,-0.66976,-0.91271,0.59144,0.61118,-0.84269,-0.67395,0.34464,0.46325,0.44675,-0.86237,0.22713,0.009222,0.53464,0.99287,-0.70595,0,0.093065,0.95233,-0.60547,0.28685,-0.48314,-0.80815,0.042798,-0.49569,0.48609,-0.74688,0.80322,0.52868,-0.95599,-0.12319,-0.5948,-0.98913,0.83605,-0.78168,0.98322,0.072869,0.7347,-0.92587,0.59362,-0.22206,-0.57677,-0.51488,0.99856,0.68223,-0.078469,0.063713,0.99605,-0.62823,0.1004,-0.88723,0.64229,-0.60645,0.45577,-0.39948,-0.27663,-0.12415,0.73404,0.023455,0.20274,-0.83947,-0.035418,-0.96907,0.98089,0.34107,0.53441,0.92583,0.18214,0.21559,-0.53577,-0.26717,0.26824,0.49711,0.060549,0.23559,0.88814,0.10309,0.5707,0.068331,0.77705,0.28437,-0.62194,0.98288,-0.34955,0.84816,0.18377,0.78459,0.49118,0.72701
-0.64705,-0.64399,0.46322,0.44454,0.89403,-0.6968,0.6023,-0.30787,0.43886,-0.77919,0.60849,0.24802,-0.83424,-0.40403,-0.33072,0.49764,0.64942,0.14247,-0.88822,-0.74065,0.34613,0.87243,-0.31207,-0.3262,0.80398,-0.34622,-0.44362,0.68857,-0.18922,0.98107,0.81704,0.18126,0.093065,0,-0.32332,-0.97619,-0.53775,-0.49164,-0.95489,0.60957,0.19944,-0.12678,0.02158,-0.57544,-0.1944,-0.97282,-0.83916,0.57494,0.0656,0.083604,0.48066,-0.86148,-0.28277,0.29859,-0.8412,0.77076,0.24118,0.12546,-0.15883,0.72787,0.64725,-0.96382,0.88335,0.19669,0.16567,0.27512,0.61974,-0.4845,-0.99615,0.081723,-0.52753,-0.89108,-0.13969,-0.94771,0.82184,0.85859,-0.28398,-0.46356,0.45943,0.099477,0.49242,-0.47285,-0.97309,0.74048,-0.25623,0.34666,0.54677,-0.63683,-0.59113,0.073083,0.80974,-0.54702,-0.78852,-0.30377,-0.92181,-0.88063,-0.24778,0.83388,-0.49162,-0.9907,-0.93024,0.11892,-0.99186,-0.26022,0.89432
-0.77246,-0.53609,0.21574,-0.76993,-0.017789,-0.092745,0.39737,-0.098103,0.13295,0.035822,-0.49822,0.97757,-0.46738,-0.26514,0.92934,-0.44921,-0.95143,0.67331,0.77792,-0.84024,-0.19244,0.50397,-0.43659,0.8633,-0.13606,-0.81186,-0.60854,0.91222,0.00080706,-0.72898,0.70774,-0.81033,0.95233,-0.32332,0,0.71279,0.99847,0.80509,-0.54402,0.50264,-0.45445,0.16778,0.7311,0.022556,-0.72868,0.28277,-0.99598,-0.79466,-0.94328,-0.48867,0.28943,0.56906,-0.029936,0.45068,0.32568,0.8777,-0.96548,-0.90571,0.42922,0.99821,0.9556,-0.77379,-0.11162,0.50433,0.27185,0.29511,0.29764,-0.13098,0.047938,-0.40688,-0.72662,0.50148,-0.094584,0.047811,0.38618,-0.69169,0.60427,-0.24951,-0.10811,-0.81523,-0.49793,-0.51965,-0.11168,0.31784,0.6205,0.32906,0.82994,0.095112,0.27218,-0.38204,-0.87264,0.38966,0.69089,0.36818,-0.39465,0.48382,-0.53561,0.29401,0.40149,0.26324,0.94095,0.95402,-0.47174,0.3193,0.23332
0.90733,0.058215,0.41756,0.89806,-0.5577,0.36344,-0.49184,-0.84493,-0.48992,0.88189,0.61793,0.14781,0.45344,0.16068,-0.91043,-0.17824,0.79729,0.83791,0.209,-0.038367,-0.99083,-0.18682,-0.79746,0.42572,0.33063,0.98301,-0.92903,-0.61352,-0.6001,0.22351,-0.10216,0.60146,-0.60547,-0.97619,0.71279,0,0.86558,0.65353,-0.25193,0.87413,-0.80359,0.036045,0.39238,-0.49371,0.090457,0.97035,0.90632,-0.64386,-0.35671,-0.03362,-0.034007,0.5605,-0.22257,-0.28559,-0.38237,-0.51957,-0.92101,0.7363,0.25811,0.84085,0.92259,-0.2428,-0.66825,0.64159,-0.45805,0.64647,-0.72978,0.32286,-0.38297,-0.37505,0.84485,-0.86312,-0.016799,0.71577,0.89999,-0.42309,0.8266,-0.56043,-0.81918,-0.69046,0.16372,-0.29549,-0.099075,0.2525,-0.79953,0.46642,-0.59754,0.64907,0.03667,0.32145,-0.40103,0.96063,0.8979,-0.71165,0.88607,-0.26276,0.99671,-0.46282,0.36736,0.45283,-0.64875,-0.093968,0.44077,0.37496,-0.64511
-0.87246,-0.47157,-0.77075,0.090155,-0.61768,-0.46046,0.05962,-0.52431,0.30813,-0.94774,-0.76648,-0.52498,-0.22478,0.42782,0.48088,0.8612,0.4276,-0.21103,-0.57678,0.81502,-0.52356,-0.51385,-0.94742,-0.40542,0.18613,-0.1883,-0.45397,0.9066,-0.47802,-0.56806,-0.29557,0.29735,0.28685,-0.53775,0.99847,0.86558,0,-0.43543,0.26155,-0.65444,0.2879,0.82552,0.51225,-0.09691,-0.62923,0.59519,0.11737,-0.39275,-0.52405,0.92493,-0.45743,-0.69592,0.5609,-0.84622,-0.59366,-0.87244,0.18973,0.81915,-0.49824,-0.87209,-0.18369,0.58317,-0.048176,0.056125,-0.64553,-0.67175,0.076483,0.32931,0.208,0.16067,-0.03466,-0.85787,0.66744,0.36835,-0.3849,0.5689,-0.43604,0.34197,-0.10946,0.21544,-0.31984,-0.064688,0.5108,0.52607,-0.70525,0.76008,0.31772,-0.69369,0.34032,0.18245,-0.85922,0.52621,0.29221,-0.30474,-0.468,0.461,0.98528,-0.89716,0.20413,0.56422,-0.95186,-0.26616,0.77317,-0.96059,0.24947
0.68118,-0.74574,0.44363,-0.51403,0.012985,-0.70011,-0.47149,-0.92559,-0.89174,-0.26592,0.70296,0.035678,-0.62677,-0.99726,0.45684,-0.51531,0.32939,0.33237,-0.70501,-0.76554,-0.85899,0.21422,-0.15776,-0.8714,0.85312,-0.091353,0.77103,0.44406,-0.69756,0.057501,-0.80406,-0.6855,-0.48314,-0.49164,0.80509,0.65353,-0.43543,0,0.76811,-0.054395,-0.72957,-0.79312,0.73628,-0.23324,-0.6221,-0.15766,0.05336,0.69118,0.095112,0.32199,0.88507,-0.5232,0.25635,0.59598,-0.47182,-0.093785,-0.41291,-0.61851,-0.20916,-0.93485,-0.54506,0.73193,-0.028718,0.92163,-0.2993,0.13778,0.69266,-0.30335,0.16117,0.33871,0.35879,-0.40705,-0.53947,0.82927,-0.62064,0.48506,-0.978,0.69552,-0.27493,-0.96921,-0.21751,-0.79976,0.7121,-0.73483,0.67936,0.91924,-0.97928,-0.65642,0.086965,-0.43411,0.93219,-0.69915,-0.1178,-0.11158,-0.69281,0.57882,0.90421,0.15775,0.53936,0.79165,0.18163,0.44592,-0.72571,-0.031896,-0.14396
-0.12592,-0.39261,0.72056,0.14946,-0.082645,-0.15124,0.596,0.50986,0.61142,-0.94407,-0.26357,0.41639,0.76257,-0.57346,0.20968,-0.80522,0.81903,0.27581,-0.34583,-0.75035,0.46496,0.57295,0.65548,-0.05811,0.16703,0.51031,0.5757,-0.22199,-0.58859,0.71545,0.54073,-0.44216,-0.80815,-0.95489,-0.54402,-0.25193,0.26155,0.76811,0,0.77249,-0.13472,-0.95827,0.052924,-0.28614,-0.2698,0.22794,0.39883,-0.70928,-0.68105,-0.46082,0.63184,0.17111,0.30754,0.024138,-0.76424,0.98246,0.94344,-0.08217,0.87153,-0.58033,0.14431,0.36474,0.38925,0.048025,0.80226,0.69871,0.13572,0.93101,0.44522,-0.62054,-0.68287,0.75826,0.32438,-0.017676,-0.31057,0.26008,0.38674,0.46824,-0.10208,0.65239,-0.70608,-0.74999,-0.70618,-0.50163,0.88306,-0.69388,0.47736,-0.10602,0.90079,0.25515,-0.41887,-0.27514,0.32117,0.80273,0.10057,-0.89149,-0.2264,0.65391,-0.24987,0.82009,0.57101,-0.9113,-0.94889,0.81513,0.9252
-0.37607,-0.80079,0.30742,0.37114,-0.26151,-0.26322,-0.71672,0.81269,-0.0051208,0.1631,-0.57672,0.079346,0.39907,-0.64674,-0.52115,0.54191,-0.40489,0.28541,-0.48134,-0.21322,-0.39307,0.052532,-0.52215,-0.037984,0.29975,0.033338,0.23468,-0.95841,-0.92631,-0.24433,0.52787,-0.87643,0.042798,0.60957,0.50264,0.87413,-0.65444,-0.054395,0.77249,0,-0.35306,0.52735,0.33249,0.9857,-0.78635,0.66178,0.47495,0.47265,-0.65093,0.7435,0.49057,-0.92567,0.83816,0.65518,-0.57458,0.16352,-0.95383,0.23462,-0.80887,-0.71716,-0.48233,0.83729,-0.71683,-0.48344,-0.24946,0.69657,-0.7897,-0.079591,0.50891,0.96193,0.45165,0.17533,-0.53239,-0.37745,-0.065875,-0.030511,-0.69098,0.67759,-0.30529,-0.59086,-0.44326,0.81309,-0.031219,-0.59064,-0.63154,0.12711,-0.19271,0.63441,-0.037902,-0.68016,-0.14752,0.32011,-0.61524,-0.54922,-0.15171,0.77537,0.60508,-0.43723,0.33302,-0.098109,0.10811,0.43694,0.75312,-0.32229,-0.13253
-0.97297,-0.029806,-0.93797,0.97113,-0.085708,-0.46336,0.60722,0.32216,0.46857,-0.70555,0.79066,-0.84054,0.10388,-0.30786,-0.22889,0.0443,0.23072,0.54894,0.34156,0.80347,-0.28995,-0.18653,-0.36994,0.79878,-0.20583,-0.44584,0.44335,0.75164,0.92053,0.50351,-0.84483,-0.55846,-0.49569,0.19944,-0.45445,-0.80359,0.2879,-0.72957,-0.13472,-0.35306,0,-0.43284,-0.70168,-0.53305,0.2863,0.41675,-0.86411,0.70013,0.43313,-0.36887,0.11693,0.1887,0.89359,-0.512,-0.59872,-0.12769,0.041046,0.98305,-0.84808,-0.22791,-0.11251,-0.72497,-0.206,-0.52568,-0.16008,-0.14575,-0.44956,-0.84115,0.81959,0.79762,-0.49873,0.4225,0.7297,0.9772,0.51012,-0.0003195,0.59099,0.47665,0.78638,0.33208,-0.16579,0.30462,-0.24922,-0.53549,0.29756,-0.8477,-0.55723,0.98785,-0.93187,-0.44266,-0.49064,-0.11976,0.063498,0.44723,0.38683,0.89086,0.80542,0.58302,0.22155,-0.37603,0.04,0.13704,0.71753,-0.25548,0.19541
-0.11308,0.34081,-0.35803,-0.95493,0.6768,-0.65562,-0.44738,0.13757,-0.68024,0.29954,0.72839,0.78392,0.62109,0.090808,0.87397,0.76864,0.2935,0.087255,0.4235,0.68139,-0.9519,0.31629,0.96804,-0.97004,0.49826,-0.44144,0.5122,0.7992,0.20525,0.61493,0.31828,0.21319,0.48609,-0.12678,0.16778,0.036045,0.82552,-0.79312,-0.95827,0.52735,-0.43284,0,0.96194,0.99624,0.7483,-0.99564,0.80597,-0.90011,-0.29076,0.011254,-0.16438,0.98203,0.75417,0.57441,0.90756,-0.95563,-0.67446,0.94102,-0.35611,-0.82184,-0.32516,0.039451,0.57459,-0.94787,0.545,-0.31045,0.22827,-0.71101,-0.72506,0.21146,-0.32709,-0.55981,-0.27762,0.18357,0.58389,0.6511,0.16036,-0.9612,0.30571,-0.64539,-0.90198,-0.63439,0.81185,0.025811,0.50749,-0.74915,0.633,-0.00092712,0.82641,0.22271,-0.56799,-0.24735,0.62459,-0.86878,0.65856,0.24652,-0.912,-0.41365,-0.10733,-0.055037,0.43325,0.23602,0.1637,0.93399,0.069801
-0.5766,-0.4788,0.50826,0.58518,0.68481,-0.62856,0.49655,-0.1603,0.81252,-0.48492,0.23502,-0.84112,-0.67837,0.33694,0.75018,0.18941,-0.37589,-0.62218,0.46265,-0.82347,-0.20097,-0.19019,-0.51469,-0.093293,-0.17139,0.76166,0.26796,0.79735,-0.68439,-0.89703,0.18035,-0.018271,-0.74688,0.02158,0.7311,0.39238,0.51225,0.73628,0.052924,0.33249,-0.70168,0.96194,0,-0.71248,0.95662,0.22914,0.30214,0.84392,0.16259,-0.993,-0.852,-0.42194,0.87818,-0.86218,-0.45798,-0.5432,-0.64461,0.40577,-0.80673,-0.17114,0.051696,-0.78705,-0.0072272,-0.99681,-0.77284,0.68405,0.70351,0.32257,0.61869,0.75829,0.18938,0.048693,0.75844,0.95119,-0.80685,-0.84189,-0.077646,0.28034,0.18775,-0.44469,0.14364,-0.28252,-0.97764,-0.51473,0.038445,-0.99764,-0.88287,-0.58584,-0.52296,-0.35902,-0.33194,0.66975,-0.44977,-0.60518,-0.52927,-0.23233,-0.7846,0.99995,0.18364,0.80272,0.86125,0.60254,-0.27539,-0.32261,0.98192
0.45442,0.81687,0.34205,0.68343,0.014925,-0.0711,-0.8668,-0.19239,0.071161,-0.43537,-0.34466,-0.9082,-0.64439,-0.10644,0.46307,-0.17422,0.041192,0.13843,0.85466,-0.041508,0.041588,-0.39319,0.99269,-0.24032,-0.7027,0.57541,0.17769,0.083145,0.88849,0.10721,-0.35518,-0.074948,0.80322,-0.57544,0.022556,-0.49371,-0.09691,-0.23324,-0.28614,0.9857,-0.53305,0.99624,-0.71248,0,-0.93106,0.026407,0.87455,0.43333,0.035605,0.95691,0.2156,0.44453,0.27245,-0.34023,-0.46363,-0.52566,0.39474,-0.77002,0.84923,-0.44576,-0.2855,-0.56576,-0.55052,-0.035419,0.50031,0.67635,-0.87695,0.32521,-0.65505,0.52302,-0.90346,0.22254,0.89824,-0.67463,-0.61476,-0.508,-0.39513,0.37051,-0.78569,-0.57723,0.49325,-0.12415,0.77907,-0.73563,0.048292,0.34822,0.81196,0.23667,-0.63504,0.76642,-0.64149,0.7462,0.14729,-0.9613,-0.31791,-0.80273,-0.58191,0.81056,0.53385,-0.47145,0.79198,0.11279,0.89797,0.7061,0.68544
0.59244,-0.38156,-0.10874,-0.91685,-0.84301,-0.080272,0.0018196,0.78603,0.66062,-0.091445,0.81162,-0.4507,-0.41088,0.49692,-0.49797,0.55919,-0.84956,0.073456,-0.3588,-0.5364,-0.59171,0.89147,0.18959,-0.09086,-0.077021,0.97407,0.13604,0.015365,0.27019,-0.28845,-0.57281,-0.65188,0.52868,-0.1944,-0.72868,0.090457,-0.62923,-0.6221,-0.2698,-0.78635,0.2863,0.7483,0.95662,-0.93106,0,-0.26317,-0.080386,0.18775,-0.12686,0.14105,0.9353,0.5165,-0.22844,-0.88539,0.56593,0.37231,-0.77839,0.29729,0.95194,0.47579,-0.27334,-0.29273,0.84828,-0.14206,-0.28335,0.45115,-0.71158,0.71659,-0.15337,-0.55057,0.31062,-0.5791,-0.79419,0.13021,-0.90208,-0.68135,0.84219,0.3215,-0.95681,0.46182,0.11295,-0.4532,-0.10601,-0.74441,-0.17583,0.057107,-0.89948,0.15999,-0.30163,0.84793,-0.25575,-0.12528,-0.26623,-0.68904,-0.11504,0.79738,-0.82079,-0.016206,0.67979,0.53251,0.50834,0.99178,-0.3481,0.83437,0.36219
