,,,,,,,,,,,,,,,,,,,,,,,,,,,,,,,,,,,,,,,,,,,,,,,,,,,,,,,,,,,,,,,,,,,,,,,,,,,,,,,,,,,,,,,,,,,,,,,,,,,,,,,,
0,0.38965,-0.26184,0.55817,-0.88507,-0.62245,-0.60069,-0.98889,-0.49836,0.51821,0.19195,-0.425,0.45251,0.20127,0.79385,0.30018,0.92427,-0.18022,-0.58206,0.96416,-0.25919,0.90645,0.60559,0.4377,0.31919,-0.91367,-0.18013,-0.36114,-0.93835,-0.30904,0.48054,-0.86232,-0.81791,-0.88431,0.16794,0.050729,-0.51478,0.89586,0.56198,0.35355,0.5212,-0.30402,0.66105,-0.24385,-0.18246,-0.17072,0.59747,0.43486,0.28305,-0.7782,-0.43764,0.095826,-0.63878,-0.35259,-0.027297,0.69758,-0.86562,-0.93557,0.72619,0.33899,-0.13965,0.63483,0.61296,-0.97785,-0.89336,-0.39764,0.68493,0.08934,-0.15837,-0.74223,-0.33429,0.60267,-0.52196,-0.9932,0.83083,-0.39671,0.70403,0.26874,-0.28483,-0.86445,0.51632,-0.71551,-0.76739,-0.046582,-0.3792,0.40269,-0.39915,0.62065,0.95924,0.82344,0.51826,-0.078542,0.56557,0.07469,0.63369,0.77557,-0.84973,-0.82897,-0.42353,-0.78321,0.6008,0.91667,0.77296,-0.35958,-0.68471
0.38965,0,-0.96242,-0.64844,-0.94827,-0.72193,-0.52013,0.19115,-0.61979,-0.95332,-0.68281,0.73566,0.043337,-0.87421,0.76683,0.50427,0.83693,-0.35806,-0.77807,0.94618,-0.81106,-0.24246,-0.42871,-0.010263,-0.5251,-0.37599,0.39603,-0.95386,0.49138,0.073098,-0.14984,-0.70372,0.54215,-0.83857,0.37575,-0.20132,-0.95712,-0.34826,0.67046,0.1905,-0.6921,0.45023,0.44842,-0.11032,-0.40442,-0.36939,0.17387,-0.3102,-0.78445,-0.56439,-0.2142,0.066989,0.26781,-0.11403,-0.71531,-0.15914,0.86116,-0.2715,-0.13469,-0.10111,-0.33058,-0.98043,-0.62552,0.20921,0.92043,-0.6755,-0.29919,-0.60114,0.56193,-0.89359,0.46766,-0.48181,0.25704,-0.38883,0.31214,-0.99064,0.91745,-0.89452,0.68708,0.22404,0.97608,-0.59372,-0.47971,0.15166,0.80218,0.32152,0.58552,0.42148,0.43938,0.31042,-0.31587,-0.40432,-0.61393,0.80012,-0.26733,0.98913,-0.96689,0.72973,-0.077049,-0.37588,-0.21168,0.63467,-0.047387,-0.48884,0.73769
-0.26184,-0.96242,0,0.35337,-0.54432,-0.59867,-0.72262,0.62283,-0.80597,-0.50672,-0.6141,0.7719,0.024789,0.50287,0.14337,0.067763,0.066108,0.0085122,-0.03836,0.82411,-0.47609,-0.91586,0.029741,0.97261,-0.38755,0.60055,-0.085794,-0.61808,-0.30902,0.73109,0.44736,0.63261,-0.075731,-0.56048,-0.51587,-0.63131,-0.90485,0.92965,-0.19206,0.84592,-0.65459,-0.85212,-0.70462,0.55496,0.87469,-0.27075,-0.26932,-0.27392,-0.43762,-0.35152,-0.24541,0.64278,0.15558,-0.74602,-0.73244,-0.43201,0.5968,-0.3517,0.6485,-0.47998,-0.43833,-0.48704,0.073792,0.26339,0.93438,0.79671,0.13949,-0.93967,0.97256,0.63985,0.41066,-0.63775,-0.93832,0.38066,0.62756,0.31943,0.26536,-0.13418,-0.95234,-0.65896,-0.85299,0.65995,0.52776,0.24204,-0.58136,-0.1989,0.064016,0.42272,-0.73729,0.3244,-0.15927,0.37467,0.041921,-0.31122,0.83909,0.33434,0.73789,0.48457,0.14166,-0.49485,0.57142,-0.23631,0.39414,0.67042,0.32343
0.55817,-0.64844,0.35337,0,0.038906,-0.33967,0.23877,0.20202,0.2047,0.8814,0.96926,0.24701,-0.9934,0.71237,-0.50429,-0.60943,-0.37231,-0.64433,0.2885,0.36319,-0.50159,-0.99714,0.45597,-0.45041,-0.85572,0.10337,0.82563,-0.97559,0.0082262,0.10525,-0.16682,-0.43983,0.38303,0.21995,0.33419,-0.63516,-0.18167,-0.35928,-0.91782,0.47194,-0.53699,-0.21533,-0.53615,0.98287,-0.014902,-0.76052,-0.45392,-0.49768,0.32437,-0.82403,0.40978,-0.49958,-0.4068,0.41636,-0.20066,-0.46809,-0.36793,-0.015537,0.88039,0.85064,0.20593,-0.42056,-0.21326,-0.52682,0.67499,-0.07548,0.97802,0.9644,0.11606,0.42332,0.26942,-0.35853,0.1297,-0.82418,-0.86971,0.31343,0.89614,0.33909,-0.85137,-0.74209,0.28214,0.93359,0.92965,0.1716,0.089475,0.42464,-0.08551,-0.086651,-0.6777,0.175,0.24761,-0.3355,0.80623,-0.4745,0.3631,-0.16474,0.57777,-0.12792,0.52112,0.58826,0.76888,0.69264,0.20963,0.2918,0.12438
-0.88507,-0.94827,-0.54432,0.038906,0,-0.024967,-0.85097,-0.11116,0.36733,-0.35185,-0.13057,0.84553,0.8158,0.24614,0.22659,-0.76863,0.74876,-0.84532,0.22668,-0.39183,0.35074,0.78715,0.097852,-0.54658,0.29957,-0.0038603,0.97563,-0.10856,-0.3523,0.18612,0.27987,0.38424,-0.069128,0.14836,0.73082,-0.68115,-0.45235,-0.01017,0.10794,-0.18746,-0.57357,-0.82604,-0.011773,0.97094,0.034974,-0.61239,0.88938,0.51674,0.1786,0.52509,0.4766,0.10436,0.93855,0.58051,0.56875,0.40488,0.68832,0.28304,-0.76866,-0.55679,0.035821,0.84056,-0.63296,-0.12698,-0.67169,0.69292,-0.39589,0.86916,0.057067,0.90984,0.41437,0.25945,-0.1544,-0.24773,-0.28676,-0.96448,-0.8459,-0.66501,0.86193,0.098552,-0.0028371,0.41113,0.96103,0.79459,0.13581,-0.20158,0.57836,0.98589,-0.27786,-0.77235,0.18018,-0.84388,-0.70834,0.98689,0.10266,0.32482,-0.6326,0.84587,0.49795,0.79852,-0.8407,0.2401,0.38703,0.36299,0.7774
-0.62245,-0.72193,-0.59867,-0.33967,-0.024967,0,0.36617,0.62525,0.82376,0.46082,-0.67158,-0.56896,-0.73338,0.7026,-0.41145,0.52951,0.022794,-0.85141,-0.096327,0.67145,0.49376,-0.61386,-0.17827,0.60249,-0.67712,0.63838,0.12912,0.56178,-0.63264,-0.075849,-0.25981,0.93229,-0.084129,0.01512,0.4361,-0.74609,-0.63904,-0.23155,-0.14484,0.29514,0.51134,-0.36721,0.38154,-0.27107,0.60884,-0.095634,0.20398,-0.5362,0.49594,0.61028,-0.34563,0.029443,0.82343,-0.22145,-0.65296,0.64609,-0.9578,-0.62655,0.47059,0.1909,-0.77407,0.84949,-0.79796,-0.3106,0.15562,0.23359,-0.39672,-0.063208,0.56048,-0.55387,0.85019,-0.085594,0.4828,-0.79228,-0.11561,-0.011021,-0.062384,-0.62095,-0.7852,0.02051,-0.17207,-0.2336,-0.26089,0.45333,0.73592,0.19623,0.93838,-0.10257,-0.31002,0.36297,0.82473,0.91118,-0.18542,-0.035555,-0.31644,-0.72206,-0.90094,0.73153,0.42572,0.97117,-0.65655,-0.97743,0.85402,0.71296,-0.79664
-0.60069,-0.52013,-0.72262,0.23877,-0.85097,0.36617,0,-0.26436,0.64126,-0.045177,-0.51998,-0.89446,0.88429,-0.020515,0.17521,-0.95109,-0.11655,0.69969,-0.092103,-0.19469,-0.45236,-0.67266,-0.70803,-0.14993,0.61958,0.63816,-0.37653,-0.92614,-0.21625,-0.21661,-0.055051,-0.45402,-0.57761,0.15911,0.13929,0.29253,0.86448,0.093251,-0.063952,0.76438,-0.18959,0.67916,0.80609,-0.54375,-0.78299,0.51244,-0.40577,-0.042222,-0.060829,-0.15935,-0.2496,-0.50715,-0.12011,0.93556,0.24373,0.66221,-0.58238,-0.96955,0.64165,-0.74169,-0.8179,-0.85679,0.4669,0.1497,-0.79676,0.79841,0.59292,-0.34779,0.42986,0.8875,0.83487,0.89351,0.21246,0.39257,0.4075,0.090019,-0.74302,-0.56601,0.77423,0.51982,-0.30201,0.18971,-0.64102,0.9687,0.46625,-0.81478,0.58646,0.50931,0.86452,-0.84426,0.29522,0.00080187,0.081852,-0.31302,-0.38405,-0.12271,-0.80782,-0.26373,0.78001,-0.059602,0.96513,0.34098,-0.3664,-0.24103,-0.67424
-0.98889,0.19115,0.62283,0.20202,-0.11116,0.62525,-0.26436,0,-0.62244,-0.18551,0.67122,0.68221,0.26518,0.51109,0.65285,-0.35605,0.34037,-0.33818,-0.075679,0.47579,-0.78962,0.40345,0.28637,0.93971,-0.47623,-0.13612,0.089497,0.01644,0.23985,0.50509,0.7364,-0.83547,-0.19467,0.28342,-0.52808,-0.25003,0.10467,-0.79479,-0.75428,0.50351,-0.063391,-0.61944,-0.25258,-0.92398,-0.0027867,0.84267,0.10763,-0.74252,-0.67261,0.38762,0.91237,-0.89206,-0.46382,0.29432,-0.50056,-0.71177,0.59155,0.80511,-0.49517,-0.45658,0.72468,0.98391,-0.52816,-0.30173,-0.97013,0.65969,-0.73012,0.12526,-0.95312,0.16295,-0.70331,-0.021606,0.31162,-0.41413,-0.94673,-0.34577,-0.23095,0.63527,0.080996,-0.84902,0.62482,0.33251,0.93726,0.97331,0.71731,0.49611,-0.16847,0.68064,0.036574,0.10071,-0.97238,-0.88855,-0.72527,-0.17371,0.39342,0.32086,0.11102,-0.96461,0.70651,0.094214,-0.19886,0.69867,0.56019,0.77592,-0.26348
-0.49836,-0.61979,-0.80597,0.2047,0.36733,0.82376,0.64126,-0.62244,0,-0.22648,-0.94311,0.78597,-0.85895,0.85904,0.51323,0.26072,0.14235,-0.94115,-0.38475,0.87582,-0.30593,-0.14202,-0.30424,-0.71614,-0.19654,0.82969,-0.16406,0.89863,0.90984,0.049403,-0.010566,-0.63087,-0.12951,0.26971,-0.84323,-0.82765,0.55673,-0.87994,0.67713,0.63826,0.56312,0.54264,-0.81118,-0.30962,-0.72211,-0.9905,0.61234,0.62945,-0.70959,0.71461,-0.58532,0.90831,-0.72895,0.017547,0.92345,0.27798,0.27926,-0.59028,0.84533,0.84406,-0.62377,-0.14276,-0.43011,-0.96399,-0.08927,0.21151,0.77816,0.42966,-0.99409,-0.093017,-0.75164,0.6727,-0.39245,-0.32328,-0.9337,-0.0034343,-0.45219,0.70106,0.76991,-0.6042,0.12172,-0.019731,0.35147,-0.7264,-0.082951,-0.5697,0.0048181,0.96631,0.73847,-0.80617,-0.14333,-0.40371,-0.40655,0.49262,-0.092998,0.56154,-0.157,0.6961,0.013639,-0.045928,0.36102,0.53378,0.55191,-0.18608,-0.44281
0.51821,-0.95332,-0.50672,0.8814,-0.35185,0.46082,-0.045177,-0.18551,-0.22648,0,0.57804,0.11803,-0.45092,-0.59839,-0.30544,0.019016,-0.16145,-0.48401,0.67901,-0.27666,0.83482,-0.73754,-0.46849,-0.95016,0.12722,-0.73746,-0.68882,-0.98822,0.8889,0.64076,-0.79284,-0.22431,-0.20243,-0.95563,-0.29756,0.89385,-0.81671,0.043243,-0.16626,-0.070362,0.75468,-0.86586,0.31847,-0.39046,-0.29729,-0.93659,-0.069439,0.78005,0.82384,0.96373,0.74034,0.099905,-0.76236,-0.53988,-0.31486,0.43686,0.92678,0.48495,-0.067567,0.87324,-0.70483,0.87056,0.62183,-0.75012,0.70564,0.27973,0.47017,0.27199,-0.97129,-0.91058,-0.82161,-0.014612,-0.81326,-0.47231,0.21626,0.77436,0.47072,0.53748,-0.59021,-0.64317,-0.099375,0.12642,0.89592,0.15694,0.066836,-0.44075,-0.1439,0.70595,-0.82818,-0.32831,0.0066252,-0.94278,0.97588,0.43195,-0.77213,0.18234,0.67125,0.69333,-0.69373,-0.98164,-0.35972,-0.025005,-0.64305,-0.71047,0.20534
0.19195,-0.68281,-0.6141,0.96926,-0.13057,-0.67158,-0.51998,0.67122,-0.94311,0.57804,0,0.09362,-0.75664,0.50444,-0.13962,-0.79211,-0.65252,0.19153,0.34474,0.55322,0.19398,0.68922,-0.40273,0.53999,-0.70807,-0.33097,0.034689,-0.37043,-0.12423,0.83587,0.33041,0.47259,-0.80965,-0.16011,-0.58721,-0.27364,-0.50571,0.47795,-0.61549,0.38699,0.12131,0.52466,0.85466,0.93925,-0.56071,-0.22187,0.48683,0.26882,-0.61337,-0.69707,-0.51827,0.043363,0.65813,0.36737,0.92664,0.30665,0.78631,-0.62211,-0.83306,-0.44579,0.92866,0.93332,0.69047,0.10138,0.47852,0.36868,0.2881,0.12135,-0.037951,0.25587,0.55454,0.74492,-0.68442,0.57428,0.24789,0.77372,0.25641,-0.10982,0.56031,-0.68346,0.029763,0.91523,0.996,-0.07886,-0.44981,0.0070094,-0.83405,0.7407,-0.7749,0.96446,0.54287,0.31309,0.2572,0.72536,0.22497,-0.73941,-0.62543,-0.33188,-0.86722,-0.14549,0.39146,0.017468,0.19517,-0.35201,-0.10468
-0.425,0.73566,0.7719,0.24701,0.84553,-0.56896,-0.89446,0.68221,0.78597,0.11803,0.09362,0,0.53068,-0.75167,0.4106,0.99605,0.050897,-0.14783,0.318,0.75209,0.51561,0.41991,0.094509,-0.76611,-0.97398,0.89935,-0.33714,-0.26697,-0.28941,-0.89822,0.14929,0.12418,-0.48272,0.93019,0.85953,-0.28071,-0.40842,0.16334,-0.13417,0.54803,0.0056186,0.6904,-0.94585,-0.15708,-0.34238,-0.69615,0.95139,-0.098278,0.21523,0.021672,0.71495,-0.59809,-0.56578,-0.61459,-0.96385,0.79041,-0.65857,-0.46229,0.7123,0.42398,0.65755,0.16459,-0.88381,-0.66097,0.80559,0.43901,0.19959,0.92501,-0.064412,0.42088,0.27174,-0.021587,-0.55052,-0.41478,-0.27295,0.94532,0.29489,0.48649,-0.64208,0.5412,0.317,-0.4529,0.67269,-0.8226,0.71332,0.64347,-0.96721,0.47497,-0.5912,-0.2065,0.30663,-0.30547,0.69032,0.21024,0.31282,0.67149,-0.7798,-0.42543,0.96026,-0.78109,0.91534,0.78247,-0.62915,-0.95217,0.53497
0.45251,0.043337,0.024789,-0.9934,0.8158,-0.73338,0.88429,0.26518,-0.85895,-0.45092,-0.75664,0.53068,0,-0.54919,-0.69698,-0.67497,-0.11976,0.065929,0.26189,0.73852,0.15082,0.36188,0.067582,-0.79285,0.13194,-0.52012,-0.081866,0.73423,0.48295,0.68802,0.028166,-0.54159,0.83617,0.89809,0.82128,0.59696,0.070208,0.81143,0.82085,-0.3379,0.60998,0.40354,0.52625,0.56817,0.74841,-0.50554,-0.35862,-0.095975,0.29647,0.5551,-0.43168,0.32049,-0.77206,0.84446,0.69024,-0.153,0.95512,-0.86139,-0.17346,0.98247,0.98962,0.077393,0.50875,-0.75013,-0.72116,0.76249,0.92914,0.74872,-0.31857,-0.13023,-0.10632,0.077526,-0.16647,0.60315,0.85125,-0.29258,-0.6885,0.98402,-0.62944,-0.66285,-0.58701,0.85423,0.60819,0.61839,0.8621,-0.30958,-0.56566,0.96587,-0.5715,0.033598,-0.65743,-0.6377,-0.97708,-0.77611,0.38315,0.76004,-0.65845,0.44738,0.45273,0.16211,-0.28021,-0.18618,-0.79215,-0.047086,0.55942
0.20127,-0.87421,0.50287,0.71237,0.24614,0.7026,-0.020515,0.51109,0.85904,-0.59839,0.50444,-0.75167,-0.54919,0,0.18918,-0.55955,0.039933,0.67252,-0.069422,0.88981,-0.35499,-0.10676,-0.96224,0.58663,0.4391,-0.52951,-0.21924,0.58789,0.24357,0.33227,0.021157,-0.17014,-0.42134,-0.91316,0.84561,0.20194,0.78349,0.51974,0.22278,0.17388,0.18677,-0.17083,0.83114,-0.29032,-0.20685,-0.96243,0.46962,0.83148,0.98296,0.83821,0.91118,-0.53974,-0.12428,-0.49828,0.01155,-0.20107,0.48714,-0.60865,-0.42529,0.91,-0.13167,0.91025,0.21724,-0.90645,0.41819,-0.25606,-0.93625,-0.42397,0.55246,-0.52352,-0.26715,0.82982,0.41326,0.93727,-0.83352,0.51137,0.35965,-0.45962,0.61893,0.85109,-0.85991,-0.69241,0.86191,-0.13086,0.8065,0.8244,0.35123,0.10894,-0.69658,-0.82797,-0.27382,-0.36155,-0.56025,0.56412,0.31999,-0.68728,-0.41816,-0.36666,-0.6019,0.1311,-0.51856,0.59523,0.96616,0.41904,-0.60047
0.79385,0.76683,0.14337,-0.50429,0.22659,-0.41145,0.17521,0.65285,0.51323,-0.30544,-0.13962,0.4106,-0.69698,0.18918,0,-0.69544,-0.9668,0.94497,-0.97087,-0.71609,0.63397,0.069987,0.67826,0.8824,-0.90393,0.82969,0.87102,0.21267,0.61114,0.69575,-0.48939,0.39574,-0.44474,0.31858,0.5014,0.58852,0.95277,0.92433,-0.70093,0.68616,-0.69351,0.23019,0.32217,0.083122,-0.79036,-0.94499,-0.36336,0.29096,-0.4626,0.49109,-0.2849,-0.79379,0.36689,-0.82764,-0.62299,0.29663,-0.77737,0.4549,0.31687,-0.014795,-0.0074387,-0.62376,-0.88071,0.046703,-0.72477,0.80127,-0.023311,0.80651,0.55801,0.28285,-0.59931,0.56201,0.088487,0.38857,0.0059392,-0.58347,-0.57085,-0.16954,-0.7134,-0.95191,0.78864,0.27842,0.89004,-0.47861,0.40472,0.084489,0.086897,-0.2064,0.42348,0.5882,0.85071,-0.34301,0.46241,0.16581,0.91768,0.89427,0.75993,0.064444,-0.8622,-0.14,-0.95364,0.80096,-0.59219,0.49307,0.86412
0.30018,0.50427,0.067763,-0.60943,-0.76863,0.52951,-0.95109,-0.35605,0.26072,0.019016,-0.79211,0.99605,-0.67497,-0.55955,-0.69544,0,-0.59106,0.85146,-0.3299,0.51944,-0.4549,0.29372,-0.67657,0.085442,0.16531,0.36609,0.26634,-0.60466,-0.31317,-0.29432,0.35758,0.69377,0.85289,-0.64515,-0.92201,-0.26315,-0.44911,0.72113,-0.022866,-0.81046,0.70455,0.48911,0.035367,-0.68707,-0.18494,-0.22854,-0.7259,-0.086868,-0.44441,-0.58199,0.062892,-0.53994,-0.88056,0.60551,-0.29246,0.56737,0.041779,0.62695,0.70359,0.61922,0.13755,-0.80366,0.092719,-0.6191,0.62255,-0.45248,-0.65401,-0.45769,-0.94939,-0.32903,0.73228,0.43975,-0.24459,0.10361,-0.30917,0.15365,0.44633,0.47553,-0.18984,-0.89838,-0.76811,0.76151,-0.054032,0.30725,-0.13317,0.10596,-0.85504,-0.89807,-0.5834,0.49123,0.20767,-0.060121,-0.082816,-0.11758,-0.66818,0.81234,-0.054702,0.21567,0.3131,0.71848,0.70597,0.91796,0.0027385,-0.87878,-0.98182
0.92427,0.83693,0.066108,-0.37231,0.74876,0.022794,-0.11655,0.34037,0.14235,-0.16145,-0.65252,0.050897,-0.11976,0.039933,-0.9668,-0.59106,0,0.72398,-0.95418,0.70062,-0.86838,0.52686,-0.9582,-0.92659,-0.37221,-0.24063,0.10338,-0.0041093,0.69104,0.34757,-0.25752,0.49475,0.56173,-0.90018,0.91595,0.50155,-0.26129,0.93156,-0.58899,-0.33401,0.024321,0.47946,0.0255,0.77887,0.10219,-0.17959,-0.37495,-0.62492,0.85004,0.42066,0.68377,-0.48394,0.048175,-0.015604,0.91342,0.20235,0.97379,0.43875,0.38541,-0.77988,-0.37454,-0.49692,0.93915,-0.44398,0.44525,-0.33839,-0.69479,-0.071997,-0.22528,0.59107,0.91367,-0.90173,-0.96742,0.33278,0.52215,0.55618,0.62536,0.81748,-0.89438,-0.12594,-0.97581,-0.60983,0.61528,-0.9203,-0.04765,0.80604,0.80505,0.38319,0.90082,-0.68657,0.11054,-0.81039,-0.29159,-0.10337,0.56024,0.05344,0.51275,0.34207,-0.39907,0.92896,-0.054595,0.4892,0.78888,-0.87689,-0.94424
-0.18022,-0.35806,0.0085122,-0.64433,-0.84532,-0.85141,0.69969,-0.33818,-0.94115,-0.48401,0.19153,-0.14783,0.065929,0.67252,0.94497,0.85146,0.72398,0,-0.3661,0.53066,-0.35341,0.057441,-0.8143,0.99155,-0.84051,0.70943,0.99856,0.1006,0.36072,0.31668,-0.40252,-0.8191,-0.91265,-0.67248,0.71197,0.30478,0.11968,0.99697,-0.074119,0.62539,-0.31132,0.85263,0.12967,0.95941,-0.85716,0.80388,0.94607,-0.14048,0.97313,-0.80743,-0.46351,-0.26521,-0.20821,-0.47974,0.68056,-0.33378,-0.8567,-0.81972,-0.49336,-0.13911,0.99819,0.72977,0.23206,0.26339,0.32783,0.85753,0.22557,-0.41479,-0.34378,-0.55368,0.18215,0.73145,0.80651,0.61783,-0.51394,0.73546,0.72622,-0.42887,-0.21193,0.017725,0.71907,-0.080754,0.92499,-0.45343,0.62028,0.28394,0.44594,0.5423,-0.84813,0.36196,-0.90139,0.52971,-0.90423,-0.12662,0.75478,0.09877,0.75184,0.46489,0.61064,0.2599,0.63959,0.51999,0.77195,0.80934,0.1701
-0.58206,-0.77807,-0.03836,0.2885,0.22668,-0.096327,-0.092103,-0.075679,-0.38475,0.67901,0.34474,0.318,0.26189,-0.069422,-0.97087,-0.3299,-0.95418,-0.3661,0,0.28017,0.82676,0.22826,0.87031,0.88357,-0.94201,0.91125,0.77948,-0.6493,0.061318,-0.08218,0.1044,-0.91923,-0.26673,0.45559,-0.079276,-0.23032,-0.99392,-0.22186,0.91505,0.20356,-0.029855,-0.42614,-0.84484,0.30081,-0.13934,-0.84967,0.6211,-0.60485,-0.39372,-0.9934,0.13295,0.29123,0.19931,-0.55357,-0.82372,-0.5362,0.13208,0.13086,0.82982,0.13175,-0.49537,0.5532,0.18653,-0.56564,0.65063,-0.40567,-0.50977,0.49798,-0.77885,0.074771,0.45812,0.88814,-0.82945,-0.60816,-0.76094,0.43021,0.063617,-0.80594,-0.11986,-0.53708,0.77482,-0.2553,0.53534,0.67849,0.74807,0.28102,-0.39581,-0.32799,-0.16136,0.25783,0.33467,0.78492,-0.80227,0.60005,0.56308,-0.95318,-0.05635,-0.47737,-0.34405,0.10627,0.68,-0.1442,0.56799,-0.51961,0.31471
0.96416,0.94618,0.82411,0.36319,-0.39183,0.67145,-0.19469,0.47579,0.87582,-0.27666,0.55322,0.75209,0.73852,0.88981,-0.71609,0.51944,0.70062,0.53066,0.28017,0,-0.54163,-0.38792,0.17716,0.12519,0.064167,0.090165,-0.6424,0.12271,0.39241,-0.22016,0.66102,-0.40471,0.97096,0.72269,0.51232,-0.15969,-0.82751,-0.58135,0.30261,-0.63628,-0.67621,0.6498,-0.62143,0.15938,0.32183,-0.2715,-0.55956,0.97394,0.64094,0.21048,-0.85908,0.3358,0.13049,-0.41501,0.24118,-0.47092,-0.045934,0.87336,-0.6988,-0.57447,0.19113,0.71351,0.72572,0.85811,0.23007,0.050291,-0.14836,0.93269,0.70942,-0.8671,-0.45606,-0.015009,-0.26766,0.93076,0.037443,-0.30681,-0.75551,-0.21992,-0.81316,-0.73968,-0.44118,-0.0093881,-0.14582,0.6419,-0.50675,-0.76446,0.17652,0.80582,-0.38354,-0.060851,0.70033,-0.17693,-0.44776,0.22298,-0.86562,0.59226,-0.68607,0.059476,-0.27277,0.31718,-0.83052,-0.28562,-0.95097,0.25675,0.12694
-0.25919,-0.81106,-0.47609,-0.50159,0.35074,0.49376,-0.45236,-0.78962,-0.30593,0.83482,0.19398,0.51561,0.15082,-0.35499,0.63397,-0.4549,-0.86838,-0.35341,0.82676,-0.54163,0,0.21584,-0.38436,0.82843,-0.31135,-0.35554,-0.029159,-0.38928,-0.15047,0.44919,-0.82719,-0.17272,-0.8459,0.46917,-0.65314,0.22295,-0.97064,-0.36382,-0.24647,-0.67966,-0.21222,-0.28177,-0.68791,-0.49771,0.71951,-0.53838,0.53781,0.36926,-0.092736,-0.93118,-0.90447,-0.1393,-0.22812,0.97882,-0.034281,0.051385,-0.032253,0.22623,0.99652,0.57513,0.8385,0.70273,0.36784,0.56036,0.35985,-0.18948,0.012752,0.65964,0.35541,0.78913,-0.36747,0.08424,0.71058,0.99849,-0.23119,-0.87057,0.58575,0.49963,-0.77332,-0.32814,0.81122,-0.4856,0.64683,0.2959,0.38705,0.17232,-0.014066,0.3297,0.22381,0.34283,-0.40892,0.1303,-0.97258,-0.89595,-0.11657,0.98742,-0.16683,-0.85531,0.35224,-0.63287,-0.05877,-0.89784,-0.91431,-0.79595,0.83353
0.90645,-0.24246,-0.91586,-0.99714,0.78715,-0.61386,-0.67266,0.40345,-0.14202,-0.73754,0.68922,0.41991,0.36188,-0.10676,0.069987,0.29372,0.52686,0.057441,0.22826,-0.38792,0.21584,0,-0.66331,0.64996,0.16227,0.4366,0.51059,-0.17755,-0.37013,-0.021773,-0.02554,-0.65315,-0.098894,0.88113,-0.69967,-0.70596,-0.67796,-0.82525,0.55493,0.88569,-0.7082,-0.90245,-0.86884,-0.054026,-0.49507,-0.98575,0.84479,-0.82427,-0.95857,-0.18851,0.66395,-0.98118,0.89881,-0.58387,0.94739,-0.067338,0.96906,-0.24674,-0.26075,-0.2119,-0.96111,-0.98784,0.4176,0.81326,0.18782,-0.955,0.056869,-0.39584,-0.37205,0.91682,0.1795,0.59363,0.38344,-0.12067,0.18438,-0.14964,0.59725,-0.89675,0.60696,0.59909,-0.65234,0.81072,0.2799,0.22008,0.32599,-0.12765,0.035123,0.075875,-0.61089,0.22505,0.64918,-0.37598,-0.97257,0.38679,0.55588,-0.097673,0.96965,0.7461,-0.80266,-0.55418,-0.99227,-0.93242,-0.022624,0.98572,0.57404
0.60559,-0.42871,0.029741,0.45597,0.097852,-0.17827,-0.70803,0.28637,-0.30424,-0.46849,-0.40273,0.094509,0.067582,-0.96224,0.67826,-0.67657,-0.9582,-0.8143,0.87031,0.17716,-0.38436,-0.66331,0,0.072144,-0.6748,-0.6254,0.67911,-0.19367,0.35855,-0.30186,-0.43715,-0.2427,-0.07387,0.74571,0.029298,-0.87884,0.3907,-0.83004,0.020648,-0.97446,-0.046946,-0.65707,0.38439,0.89646,0.39111,-0.82283,0.61272,-0.70811,-0.1337,0.82146,0.99548,-0.18528,0.17024,0.82543,-0.34617,0.23187,-0.65193,-0.89085,-0.075703,0.096516,0.43672,0.089835,-0.98865,-0.49121,0.52945,0.24581,0.87475,-0.96901,-0.67231,0.87504,-0.68436,-0.91303,-0.051546,0.97189,-0.62056,-0.4693,-0.0042207,-0.89018,-0.97687,-0.87639,0.54489,-0.98582,0.34704,0.19555,-0.44549,-0.38465,0.55319,-0.25209,0.48996,0.48976,0.33256,-0.34292,0.375,0.89922,-0.3814,-0.52998,0.26156,0.50994,0.46631,-0.51196,0.084259,-0.33553,-0.8733,-0.4051,0.22544
0.4377,-0.010263,0.97261,-0.45041,-0.54658,0.60249,-0.14993,0.93971,-0.71614,-0.95016,0.53999,-0.76611,-0.79285,0.58663,0.8824,0.085442,-0.92659,0.99155,0.88357,0.12519,0.82843,0.64996,0.072144,0,0.038913,-0.79328,-0.3665,-0.13198,0.71301,-0.73232,0.13218,0.22375,-0.14601,0.36383,0.97805,-0.336,0.62976,-0.9553,-0.026985,-0.46159,0.012781,-0.31667,0.93954,-0.80463,0.25713,0.6164,-0.98189,-0.33974,-0.17879,-0.25769,0.016263,0.79919,-0.80522,0.64253,-0.12501,0.98023,-0.78022,0.42191,0.15209,-0.024722,0.036486,0.0080425,0.79983,-0.35414,-0.8157,-0.44614,0.70962,0.31368,-0.72845,-0.19328,0.83765,-0.6882,0.35899,-0.77318,-0.62767,-0.86452,0.89995,-0.61729,-0.77548,0.72714,-0.6833,-0.96862,-0.50036,-0.96032,-0.32842,-0.60329,-0.99614,0.42543,0.48653,0.99927,0.99543,-0.32636,-0.92251,0.10823,-0.61171,-0.8206,-0.33112,-0.49795,-0.10535,0.30321,0.025116,-0.46423,-0.55865,0.71844,0.095454
0.31919,-0.5251,-0.38755,-0.85572,0.29957,-0.67712,0.61958,-0.47623,-0.19654,0.12722,-0.70807,-0.97398,0.13194,0.4391,-0.90393,0.16531,-0.37221,-0.84051,-0.94201,0.064167,-0.31135,0.16227,-0.6748,0.038913,0,0.5478,-0.98716,0.015388,-0.71614,-0.66198,0.92727,-0.08537,-0.7543,-0.76515,-0.20005,-0.28531,0.54091,0.33227,0.96371,0.1902,0.84794,-0.38992,-0.23994,-0.11031,0.44671,0.048551,-0.33708,0.18007,-0.52203,-0.59869,-0.8167,-0.29621,-0.76633,-0.25812,0.92444,0.69319,-0.38171,0.4825,-0.8504,0.67945,-0.54364,0.38096,-0.52221,-0.92837,0.98486,0.75778,-0.26444,0.95189,-0.95918,0.23554,0.057402,-0.44562,-0.64688,-0.31731,-0.80874,0.48774,-0.13315,0.33747,0.59513,-0.93922,-0.91154,-0.76661,-0.34595,-0.97234,0.87223,0.85994,0.061668,0.076174,-0.37456,0.58585,-0.82228,0.25199,0.11325,0.057249,0.74797,0.11984,0.81318,0.20036,0.41214,-0.95598,0.43496,0.25512,-0.45891,-0.44867,-0.52431
-0.91367,-0.37599,0.60055,0.10337,-0.0038603,0.63838,0.63816,-0.13612,0.82969,-0.73746,-0.33097,0.89935,-0.52012,-0.52951,0.82969,0.36609,-0.24063,0.70943,0.91125,0.090165,-0.35554,0.4366,-0.6254,-0.79328,0.5478,0,-0.83904,-0.8172,-0.10246,-0.49171,-0.076132,-0.84708,0.4077,-0.14068,-0.97548,0.97235,-0.067498,-0.1116,0.67926,-0.10746,-0.58988,-0.3119,-0.2961,0.065949,0.5065,-0.92029,-0.81451,-0.69746,-0.57103,-0.86331,0.33635,0.54296,-0.35403,0.76743,-0.79548,0.12248,-0.27413,0.75507,0.78331,-0.65242,-0.72575,-0.22089,-0.66094,0.065215,-0.7291,-0.46545,0.80938,-0.69938,-0.26629,-0.15639,0.70432,-0.65893,-0.25977,0.63051,0.82598,-0.57647,-0.33929,-0.15805,-0.90847,0.31346,0.086791,0.80997,0.60407,-0.14788,-0.9607,-0.30842,-0.95144,0.32282,0.61714,-0.24089,0.71861,0.66904,-0.90178,0.87446,-0.47735,0.1137,-0.82,0.25634,-0.29966,0.10816,0.038314,0.81429,0.50566,-0.96332,0.10841
-0.18013,0.39603,-0.085794,0.82563,0.97563,0.12912,-0.37653,0.089497,-0.16406,-0.68882,0.034689,-0.33714,-0.081866,-0.21924,0.87102,0.26634,0.10338,0.99856,0.77948,-0.6424,-0.029159,0.51059,0.67911,-0.3665,-0.98716,-0.83904,0,-0.98221,-0.22417,0.51422,0.38456,-0.17144,-0.32368,0.12711,-0.32853,0.35253,-0.60807,0.67791,0.17139,-0.93544,0.88739,0.96079,0.76776,0.62492,0.40777,0.14393,-0.28603,-0.56739,0.14629,0.33546,0.42834,0.3108,-0.71843,0.54606,0.2299,0.40243,-0.17312,0.15292,-0.46712,-0.19627,0.60507,0.49993,-0.28064,-0.13535,-0.6614,-0.46941,0.90373,0.68206,0.23915,-0.24675,0.15422,-0.86488,-0.71098,0.26115,-0.078699,0.73638,0.26963,-0.56738,0.43056,0.85339,0.59145,-0.87204,-0.11192,0.99208,-0.087356,-0.02255,-0.44475,0.88138,-0.35509,0.66219,-0.87328,0.20704,-0.46496,0.98902,0.90597,0.50723,0.32502,0.85566,-0.97759,0.56635,0.0020932,0.043883,-0.85958,0.85931,0.38552
-0.36114,-0.95386,-0.61808,-0.97559,-0.10856,0.56178,-0.92614,0.01644,0.89863,-0.98822,-0.37043,-0.26697,0.73423,0.58789,0.21267,-0.60466,-0.0041093,0.1006,-0.6493,0.12271,-0.38928,-0.17755,-0.19367,-0.13198,0.015388,-0.8172,-0.98221,0,-0.070962,-0.42161,0.82765,0.054378,0.77314,-0.13398,0.24532,0.13258,0.74847,-0.84881,0.10963,0.87283,-0.22339,0.011503,-0.93789,0.97025,0.35883,0.30078,0.90752,0.32837,0.27553,0.32124,0.90434,-0.12917,-0.73596,-0.53143,0.30438,0.46843,0.68635,-0.85015,-0.36836,-0.55658,-0.8635,0.37698,0.33469,0.13737,-0.22611,-0.21594,0.92613,0.23982,0.30643,0.42041,0.19804,-0.75678,0.68873,-0.7976,-0.50546,-0.052403,0.40743,0.26861,0.9487,-0.60876,0.010717,0.84188,0.29407,0.8952,-0.30805,0.13524,0.10755,0.51382,0.66561,-0.52855,-0.70926,-0.65478,0.62882,-0.075395,-0.13286,0.8447,0.58673,0.43222,-0.49402,-0.24701,-0.22467,0.59069,0.66979,-0.29732,0.71182
-0.93835,0.49138,-0.30902,0.0082262,-0.3523,-0.63264,-0.21625,0.23985,0.90984,0.8889,-0.12423,-0.28941,0.48295,0.24357,0.61114,-0.31317,0.69104,0.36072,0.061318,0.39241,-0.15047,-0.37013,0.35855,0.71301,-0.71614,-0.10246,-0.22417,-0.070962,0,0.37961,0.44593,0.12993,-0.1562,-0.57558,-0.5519,0.80018,-0.60155,0.52207,-0.38692,0.13009,0.6206,-0.36438,-0.60029,-0.51992,0.63041,0.28459,0.45357,0.10678,-0.26394,-0.65068,0.68123,-0.6547,-0.37444,0.89844,0.31624,-0.49168,-0.78462,0.10201,-0.10059,-0.26766,-0.099241,0.14041,0.73735,0.65295,0.87898,-0.070775,-0.075314,0.94713,0.4387,0.24793,-0.001825,-0.81056,-0.5513,-0.901,0.99284,0.60718,-0.79432,-0.39817,-0.077101,0.17818,-0.7085,-0.16375,-0.052967,-0.0062842,-0.38797,0.41863,-0.35241,0.93967,-0.0063902,-0.57694,0.76419,-0.19057,-0.36274,0.33273,-0.60057,0.72543,-0.34755,-0.19145,-0.41678,-0.46972,0.4606,0.95863,0.23082,-0.058571,0.19501
-0.30904,0.073098,0.73109,0.10525,0.18612,-0.075849,-0.21661,0.50509,0.049403,0.64076,0.83587,-0.89822,0.68802,0.33227,0.69575,-0.29432,0.34757,0.31668,-0.08218,-0.22016,0.44919,-0.021773,-0.30186,-0.73232,-0.66198,-0.49171,0.51422,-0.42161,0.37961,0,0.97443,0.13322,0.5864,0.47523,0.020562,0.8187,0.23567,0.55297,-0.51899,0.93747,-0.93532,-0.094047,0.79513,-0.55101,-0.54104,-0.51932,-0.96187,0.48818,-0.83299,0.2925,0.62195,-0.23729,0.23995,0.31419,-0.25815,-0.74676,-0.88219,0.65233,0.51374,0.59701,0.059939,0.58431,-0.38687,0.72502,0.53365,0.27328,-0.50571,0.3517,0.53076,-0.37058,-0.017415,0.90525,-0.81257,0.19206,0.85145,-0.60383,0.94294,-0.38486,0.84244,0.50389,0.57458,0.21461,-0.91092,-0.57153,-0.26657,0.43465,-0.94259,-0.73747,-0.33645,0.27633,-0.46298,0.46919,0.4035,0.34893,-0.83833,0.49889,-0.55105,-0.18586,-0.80927,-0.13175,-0.20859,-0.90673,0.89715,0.53322,0.27395
0.48054,-0.14984,0.44736,-0.16682,0.27987,-0.25981,-0.055051,0.7364,-0.010566,-0.79284,0.33041,0.14929,0.028166,0.021157,-0.48939,0.35758,-0.25752,-0.40252,0.1044,0.66102,-0.82719,-0.02554,-0.43715,0.13218,0.92727,-0.076132,0.38456,0.82765,0.44593,0.97443,0,0.099109,-0.88584,0.45625,0.27345,-0.88845,0.62762,0.86183,-0.94364,0.015312,0.50351,-0.24618,-0.22121,-0.52367,-0.68454,0.55671,0.45132,-0.55964,-0.89049,0.58105,0.95255,-0.91452,-0.91841,0.55259,0.57556,0.27653,0.18684,-0.23641,-0.31246,-0.46758,-0.62152,-0.38066,-0.65038,-0.58424,-0.28548,0.97117,-0.40456,0.66141,-0.61981,-0.79671,-0.69999,0.049869,0.60399,-0.27515,-0.90318,0.10983,-0.95423,0.19201,0.28818,-0.9428,-0.79559,-0.95723,0.85176,-0.80686,-0.76544,-0.18489,-0.24444,0.36552,0.78088,-0.18039,-0.24715,-0.99216,0.67176,-0.37851,-0.41256,0.33098,-0.62418,0.32072,-0.23938,0.77815,0.84055,-0.14248,-0.52767,-0.41701,-0.38025
-0.86232,-0.70372,0.63261,-0.43983,0.38424,0.93229,-0.45402,-0.83547,-0.63087,-0.22431,0.47259,0.12418,-0.54159,-0.17014,0.39574,0.69377,0.49475,-0.8191,-0.91923,-0.40471,-0.17272,-0.65315,-0.2427,0.22375,-0.08537,-0.84708,-0.17144,0.054378,0.12993,0.13322,0.099109,0,0.32816,0.97183,-0.12352,-0.66901,0.72584,0.82376,-0.48499,-0.6227,0.63032,0.23018,0.66045,-0.30288,-0.83204,-0.53448,-0.59053,0.20409,0.98435,-0.79482,-0.91421,-0.71525,0.0064944,-0.13484,0.077311,-0.92265,-0.87209,-0.080516,0.57923,0.17501,0.1555,-0.063729,0.79292,0.37885,0.46689,-0.9336,-0.24259,-0.88183,-0.91694,-0.54084,0.37826,-0.086095,-0.44607,0.4367,0.53909,0.27427,0.78368,-0.68223,0.19325,-0.45181,-0.33037,0.52148,-0.70362,-0.69826,0.34746,-0.6686,0.65385,-0.8963,-0.88915,-0.53983,0.48217,-0.62105,0.69389,0.62321,0.38793,0.31651,0.060286,0.54071,-0.82981,-0.14811,0.71935,0.42997,0.3372,-0.050377,0.16492
-0.81791,0.54215,-0.075731,0.38303,-0.069128,-0.084129,-0.57761,-0.19467,-0.12951,-0.20243,-0.80965,-0.48272,0.83617,-0.42134,-0.44474,0.85289,0.56173,-0.91265,-0.26673,0.97096,-0.8459,-0.098894,-0.07387,-0.14601,-0.7543,0.4077,-0.32368,0.77314,-0.1562,0.5864,-0.88584,0.32816,0,-0.71858,-0.071741,-0.70119,-0.8733,0.97626,0.54476,-0.8206,-0.40937,0.19421,0.30422,-0.82176,-0.19517,-0.053551,0.91823,-0.69109,0.062198,-0.29408,-0.94493,-0.63807,-0.076222,0.80134,-0.7417,0.17855,0.78118,0.64944,-0.94029,-0.063223,-0.4147,-0.039959,0.08977,0.42442,-0.50684,0.63588,-0.069661,0.11601,0.33093,0.18264,-0.17632,0.19462,0.32935,0.6559,0.1454,0.11365,0.6645,-0.34658,-0.84454,-0.56544,-0.62443,-0.13979,-0.15386,0.069152,0.37258,0.8527,0.44497,0.41535,0.0043543,-0.78358,0.8226,0.50823,-0.42234,-0.43663,-0.70279,-0.89308,-0.0068565,-0.46724,0.9905,0.86338,-0.076615,0.028967,-0.018308,-0.86201,-0.64541
-0.88431,-0.83857,-0.56048,0.21995,0.14836,0.01512,0.15911,0.28342,0.26971,-0.95563,-0.16011,0.93019,0.89809,-0.91316,0.31858,-0.64515,-0.90018,-0.67248,0.45559,0.72269,0.46917,0.88113,0.74571,0.36383,-0.76515,-0.14068,0.12711,-0.13398,-0.57558,0.47523,0.45625,0.97183,-0.71858,0,0.81126,-0.7476,0.39192,-0.85118,0.69592,-0.048119,0.94157,-0.19049,0.53635,-0.10574,0.25758,0.22415,-0.70083,0.89843,0.18514,-0.07127,0.31574,-0.12881,-0.65459,0.50891,-0.00045445,-0.22853,-0.76407,0.59109,-0.38852,0.63658,0.21976,-0.30814,0.92669,0.99742,-0.080649,-0.86012,0.56694,-0.62456,-0.32142,0.41888,0.77903,0.84399,0.55216,-0.84601,0.34617,0.75596,0.71756,0.51415,0.77945,0.3942,0.5181,0.57198,-0.37083,-0.38751,0.20358,-0.49077,0.64392,0.8492,0.61444,-0.27131,-0.04896,-0.89502,0.96438,0.17709,-0.20365,0.19223,0.083262,-0.72183,-0.114,0.00087391,0.36798,0.7769,-0.24271,0.2304,0.1537
0.16794,0.37575,-0.51587,0.33419,0.73082,0.4361,0.13929,-0.52808,-0.84323,-0.29756,-0.58721,0.85953,0.82128,0.84561,0.5014,-0.92201,0.91595,0.71197,-0.079276,0.51232,-0.65314,-0.69967,0.029298,0.97805,-0.20005,-0.97548,-0.32853,0.24532,-0.5519,0.020562,0.27345,-0.12352,-0.071741,0.81126,0,-0.036301,0.072967,-0.96452,-0.43828,0.95314,-0.33407,0.67038,0.13942,-0.28358,-0.66131,-0.85241,-0.68123,0.034964,-0.79688,0.78104,-0.46064,-0.83624,0.40166,-0.27949,-0.88127,-0.19468,-0.23766,0.73783,0.84804,-0.52285,-0.19909,-0.26417,0.31446,0.89988,0.33794,0.82577,0.63364,0.75209,-0.42759,-0.40493,-0.81512,0.016868,-0.91681,-0.93941,-0.44342,0.51675,-0.97452,0.4204,0.011356,-0.35392,0.92327,0.16332,0.23526,-0.59521,0.83669,0.61103,-0.80558,0.41251,-0.26274,-0.95536,0.31087,-0.93481,0.13596,0.74505,-0.37251,-0.099991,0.030017,-0.63059,0.20005,0.4364,-0.27544,-0.32414,-0.72243,-0.19867,-0.38499
0.050729,-0.20132,-0.63131,-0.63516,-0.68115,-0.74609,0.29253,-0.25003,-0.82765,0.89385,-0.27364,-0.28071,0.59696,0.20194,0.58852,-0.26315,0.50155,0.30478,-0.23032,-0.15969,0.22295,-0.70596,-0.87884,-0.336,-0.28531,0.97235,0.35253,0.13258,0.80018,0.8187,-0.88845,-0.66901,-0.70119,-0.7476,-0.036301,0,-0.62,0.24448,0.92762,-0.71357,-0.067055,0.81686,0.93828,-0.27147,-0.43243,0.70305,-0.27286,0.82236,-0.7124,-0.75875,-0.31408,0.2704,0.2969,-0.73546,0.94527,0.82948,-0.18928,-0.90996,0.65849,-0.89373,-0.33666,-0.80035,-0.27548,0.70687,-0.1107,0.79985,-0.68198,0.44529,-0.54751,0.93617,-0.90955,-0.43723,0.34796,-0.68737,-0.78101,0.75498,0.74126,0.71114,-0.63039,-0.77903,-0.054849,0.7148,0.051303,-0.21536,-0.30708,0.67951,-0.81008,-0.099463,-0.40673,0.30231,0.88865,0.22547,0.18576,0.80681,-0.23034,0.84698,0.25785,0.91112,-0.75652,-0.59648,-0.26495,-0.83896,0.50726,-0.31181,-0.61063
-0.51478,-0.95712,-0.90485,-0.18167,-0.45235,-0.63904,0.86448,0.10467,0.55673,-0.81671,-0.50571,-0.40842,0.070208,0.78349,0.95277,-0.44911,-0.26129,0.11968,-0.99392,-0.82751,-0.97064,-0.67796,0.3907,0.62976,0.54091,-0.067498,-0.60807,0.74847,-0.60155,0.23567,0.62762,0.72584,-0.8733,0.39192,0.072967,-0.62,0,0.54935,0.4011,0.3602,-0.15755,0.8096,-0.24125,0.5711,-0.54707,0.66257,0.66274,0.91204,-0.69724,0.53791,-0.40366,0.55656,0.91283,0.5508,0.99043,0.59696,-0.11325,0.056369,-0.18136,0.93245,-0.36178,-0.86077,-0.93838,0.48058,-0.82824,0.7641,-0.73771,-0.61402,-0.26613,0.28354,-0.93393,0.42812,0.81131,-0.70547,-0.25253,-0.50165,0.16201,-0.18921,-0.14125,-0.16135,-0.69777,-0.13538,-0.10443,0.14339,0.52509,-0.60615,0.027998,0.90506,-0.63157,-0.1292,0.061521,-0.78155,0.38812,-0.93186,0.074525,0.81853,0.54154,-0.74796,-0.041078,-0.99762,0.8633,0.32611,0.39596,0.54344,0.76367
0.89586,-0.34826,0.92965,-0.35928,-0.01017,-0.23155,0.093251,-0.79479,-0.87994,0.043243,0.47795,0.16334,0.81143,0.51974,0.92433,0.72113,0.93156,0.99697,-0.22186,-0.58135,-0.36382,-0.82525,-0.83004,-0.9553,0.33227,-0.1116,0.67791,-0.84881,0.52207,0.55297,0.86183,0.82376,0.97626,-0.85118,-0.96452,0.24448,0.54935,0,0.6125,0.58323,-0.54155,-0.96105,0.35504,-0.67227,-0.74716,-0.24838,0.59403,0.72513,-0.97096,0.27821,0.46414,0.3671,-0.12152,-0.63403,-0.072277,0.078664,0.20028,-0.66449,0.47882,0.7695,-0.97291,-0.45511,-0.71008,-0.67916,-0.6106,0.6811,0.61256,0.27466,0.83097,0.62351,-0.23249,-0.56704,0.29319,-0.64617,-0.0053702,-0.063379,0.43401,0.45806,-0.10359,0.099949,-0.98544,0.16904,0.29545,-0.57795,-0.82528,-0.41608,-0.74009,-0.75697,0.93279,-0.31515,-0.12905,0.0099961,0.97493,0.22832,0.83632,0.77775,-0.75893,0.56557,-0.232,-0.19883,-0.49407,-0.99409,0.49571,-0.53235,0.069077
0.56198,0.67046,-0.19206,-0.91782,0.10794,-0.14484,-0.063952,-0.75428,0.67713,-0.16626,-0.61549,-0.13417,0.82085,0.22278,-0.70093,-0.022866,-0.58899,-0.074119,0.91505,0.30261,-0.24647,0.55493,0.020648,-0.026985,0.96371,0.67926,0.17139,0.10963,-0.38692,-0.51899,-0.94364,-0.48499,0.54476,0.69592,-0.43828,0.92762,0.4011,0.6125,0,-0.072444,0.57773,-0.86036,-0.57394,0.21205,-0.9941,0.83602,-0.80082,0.75115,0.9004,0.91135,-0.74728,-0.86368,0.90299,0.5456,0.8655,0.35999,0.60745,0.84557,0.14616,-0.1882,0.52828,-0.053124,0.63557,-0.84922,-0.7659,-0.45915,-0.37708,-0.85714,0.13639,-0.2876,0.15105,-0.34009,0.15299,-0.60154,-0.58339,0.3153,0.39803,-0.11527,0.10878,0.67565,-0.092735,0.81611,0.10474,0.0011096,0.99509,-0.16391,-0.12473,-0.32671,-0.45182,-0.86773,-0.39563,-0.91394,-0.4208,0.83397,-0.41588,-0.88344,0.37111,-0.73967,-0.82121,0.048067,0.38878,0.87162,0.037065,-0.92184,-0.80944
0.35355,0.1905,0.84592,0.47194,-0.18746,0.29514,0.76438,0.50351,0.63826,-0.070362,0.38699,0.54803,-0.3379,0.17388,0.68616,-0.81046,-0.33401,0.62539,0.20356,-0.63628,-0.67966,0.88569,-0.97446,-0.46159,0.1902,-0.10746,-0.93544,0.87283,0.13009,0.93747,0.015312,-0.6227,-0.8206,-0.048119,0.95314,-0.71357,0.3602,0.58323,-0.072444,0,0.58792,0.98985,-0.92641,0.03474,-0.17858,-0.35999,0.60189,0.68875,-0.53504,-0.91876,0.37498,-0.4632,-0.58926,-0.096397,-0.78641,0.057639,-0.045524,0.089587,0.24937,0.70685,-0.44309,-0.53804,-0.67673,-0.7774,0.2323,-0.24786,0.2628,0.1317,-0.82999,0.73311,-0.67316,0.73021,0.91666,-0.54688,-0.78691,0.44631,0.5056,-0.72634,0.74852,-0.28084,-0.36235,0.10293,-0.82715,-0.51801,-0.87349,0.4084,-0.304,0.40275,0.57072,0.24339,-0.47671,-0.86854,-0.51149,-0.14813,-0.036954,-0.13104,0.47122,-0.52435,0.23676,-0.42998,-0.81581,-0.81727,-0.10064,-0.21329,0.074163
0.5212,-0.6921,-0.65459,-0.53699,-0.57357,0.51134,-0.18959,-0.063391,0.56312,0.75468,0.12131,0.0056186,0.60998,0.18677,-0.69351,0.70455,0.024321,-0.31132,-0.029855,-0.67621,-0.21222,-0.7082,-0.046946,0.012781,0.84794,-0.58988,0.88739,-0.22339,0.6206,-0.93532,0.50351,0.63032,-0.40937,0.94157,-0.33407,-0.067055,-0.15755,-0.54155,0.57773,0.58792,0,-0.94117,-0.50045,0.65766,0.0095786,0.54044,0.73276,-0.49833,-0.81467,-0.98804,0.60993,0.61924,-0.80559,-0.81175,-0.90769,0.175,-0.57846,0.80205,0.71153,-0.87686,0.63187,0.57297,0.73179,0.83704,0.91601,0.70405,0.38209,-0.68185,0.49497,-0.41866,-0.71601,-0.19363,-0.8,0.22237,0.038095,-0.74113,-0.22524,0.63994,0.14993,0.71743,-0.67942,0.58595,0.36136,-0.16262,0.7268,0.4934,-0.59513,-0.64998,-0.14915,0.077805,-0.95754,0.60017,0.68026,0.11446,-0.20517,0.89374,0.93433,-0.39925,0.9417,-0.13999,-0.12542,-0.90574,0.14416,-0.013189,0.067626
-0.30402,0.45023,-0.85212,-0.21533,-0.82604,-0.36721,0.67916,-0.61944,0.54264,-0.86586,0.52466,0.6904,0.40354,-0.17083,0.23019,0.48911,0.47946,0.85263,-0.42614,0.6498,-0.28177,-0.90245,-0.65707,-0.31667,-0.38992,-0.3119,0.96079,0.011503,-0.36438,-0.094047,-0.24618,0.23018,0.19421,-0.19049,0.67038,0.81686,0.8096,-0.96105,-0.86036,0.98985,-0.94117,0,0.54025,0.6707,-0.005507,0.51816,0.7245,0.93586,-0.043664,0.56337,0.58282,-0.95166,0.22896,0.41261,-0.58161,-0.23457,0.039577,0.76603,0.90352,-0.084285,-0.527,0.79239,-0.041948,-0.93289,0.48561,-0.089646,0.088724,-0.3223,0.61865,0.057715,-0.85634,0.78893,-0.1752,-0.19226,-0.54729,0.60223,-0.74803,-0.6685,-0.30035,0.94075,-0.46853,-0.60715,0.72216,-0.68935,0.38204,-0.26475,-0.33741,-0.87657,0.73155,0.68071,0.61894,-0.46421,0.27701,0.71837,-0.030779,-0.31044,0.39086,-0.073615,0.19094,-0.59459,0.55811,0.11861,-0.048991,0.48558,-0.41172
0.66105,0.44842,-0.70462,-0.53615,-0.011773,0.38154,0.80609,-0.25258,-0.81118,0.31847,0.85466,-0.94585,0.52625,0.83114,0.32217,0.035367,0.0255,0.12967,-0.84484,-0.62143,-0.68791,-0.86884,0.38439,0.93954,-0.23994,-0.2961,0.76776,-0.93789,-0.60029,0.79513,-0.22121,0.66045,0.30422,0.53635,0.13942,0.93828,-0.24125,0.35504,-0.57394,-0.92641,-0.50045,0.54025,0,-0.81205,-0.7647,0.55315,0.058441,0.42254,-0.092295,0.50137,-0.05457,0.40829,0.69081,0.35702,0.025003,-0.93718,-0.036569,0.71044,-0.71476,-0.068096,0.21602,-0.31822,-0.68418,0.26532,0.78633,-0.16052,-0.37121,0.35918,0.52961,0.021493,-0.051872,0.73461,-0.8,0.80487,-0.41757,-0.65486,0.77168,-0.30916,0.070472,0.21038,-0.77369,0.83996,-0.94305,0.39774,-0.10043,-0.85172,-0.28146,-0.68437,-0.7061,0.73197,0.64791,0.23756,-0.48191,0.16534,0.48448,-0.15502,-0.80094,0.41148,-0.54581,-0.27315,0.41956,-0.16387,-0.5401,0.56583,-0.73119
-0.24385,-0.11032,0.55496,0.98287,0.97094,-0.27107,-0.54375,-0.92398,-0.30962,-0.39046,0.93925,-0.15708,0.56817,-0.29032,0.083122,-0.68707,0.77887,0.95941,0.30081,0.15938,-0.49771,-0.054026,0.89646,-0.80463,-0.11031,0.065949,0.62492,0.97025,-0.51992,-0.55101,-0.52367,-0.30288,-0.82176,-0.10574,-0.28358,-0.27147,0.5711,-0.67227,0.21205,0.03474,0.65766,0.6707,-0.81205,0,0.16449,0.92833,-0.1424,0.17508,-0.75977,-0.92133,-0.44421,0.20429,-0.055325,0.23237,-0.07666,-0.28208,-0.8649,0.8777,-0.4732,-0.93358,0.75458,0.15142,-0.49626,-0.30414,0.37016,0.16092,-0.37537,-0.59815,0.31477,-0.58028,-0.17322,-0.41936,0.13778,0.32588,0.61373,-0.95153,-0.87262,-0.37055,0.85734,-0.76452,-0.91854,0.52562,-0.88559,0.19158,-0.43529,0.68741,-0.63259,-0.92067,0.37937,-0.43945,-0.33467,-0.57088,0.33323,0.25734,0.83033,0.23065,-0.19396,-0.25295,0.32048,0.58619,-0.48962,0.47231,-0.37855,0.65799,-0.47289
