,,,,,,,,,,,,,,,,,,,,,,,,,,,,,,,,,,,,,,,,,,,,,,,,,,,,,,,,,,,,,,,,,,,,,,,,,,,,,,,,,,,,,,,,,,,,,,,,,,,,,,,,
0,0.94299,0.50221,0.51221,0.7195,0.4149,1.1238,0.46612,0.53291,0.40345,-0.10119,-0.041287,0.28222,0.10546,0.26985,0.17349,0.26614,0.48938,0.37284,0.48686,0.27405,0.22596,0.51781,0.29583,0.50103,0.53424,0.49955,0.14508,0.10462,0.084374,0.36927,0.1618,0.12907,-0.16364,0.18653,-0.10193,0.23153,0.066041,0.64676,0.78111,0.7291,0.52394,0.57356,0.27399,0.23222,0.41706,-0.21822,-0.040272,0.19781,0.22622,0.11607,-0.071678,0.78231,0.29047,0.53623,0.58553,0.8004,0.12015,0.44705,0.61981,0.26522,0.44963,0.34256,0.11828,0.27397,-0.1463,-0.14124,0.18396,0.085254,0.49678,0.2464,0.12022,0.12092,-0.12329,-0.30415,0.51206,0.48398,0.57668,0.1386,0.44982,0.046473,0.5022,0.50526,0.51668,0.67405,0.36162,0.37553,-0.20084,0.44652,0.21496,0.20699,0.69985,0.3017,0.54157,0.40443,0.88222,0.66024,0.33673,0.096965,-0.12838,0.033184,0.066488,-0.46811,0.49555,0.33247
0.94299,0,0.24882,0.22041,0.80574,0.79956,0.81398,0.87219,0.35216,0.79973,-0.013735,0.040953,0.062958,0.033053,0.31074,0.23685,0.44781,0.37707,0.37737,0.34647,0.43962,0.27608,0.2713,0.43004,0.31843,0.57116,0.39759,0.30856,0.14933,0.14626,0.42644,0.21367,0.22893,-0.11649,0.21658,-0.10604,0.063409,-0.14367,0.18821,0.62711,0.42659,0.74493,0.86821,0.63235,0.48143,0.50462,-0.26873,-0.13581,0.41117,0.13218,0.14147,-0.1284,0.64964,0.60691,0.35275,0.58143,0.70962,-0.035724,0.31022,0.51752,0.33295,0.22462,0.36249,0.13667,0.56283,-0.22432,-0.051128,0.13616,-0.0025301,0.2717,0.24517,0.28084,0.14216,0.23906,-0.047262,0.17585,0.32972,0.26896,0.18265,0.33468,0.025962,0.36548,0.16762,0.56269,0.66488,0.54351,0.31478,-0.26856,0.1535,0.41979,0.46325,0.66335,0.59508,0.49755,0.58432,0.73009,0.67991,0.26422,0.09155,-0.085827,0.28533,-0.017693,-0.42616,0.17448,0.12817
0.50221,0.24882,0,2.2688,0.91823,0.42126,0.63839,0.5461,1.2952,0.62104,0.69866,0.48007,0.46289,0.19993,0.7712,0.7476,0.91564,1.2409,0.7902,0.89763,0.23927,0.3361,0.69876,0.54999,1.0815,1.0061,0.46707,0.16861,-0.097486,-0.18376,0.31811,0.14577,0.45896,0.23138,0.30572,0.2503,0.93243,0.96641,1.0718,0.76545,0.41858,0.096921,0.026772,0.055642,0.64506,0.68097,0.023,0.29538,0.092897,0.66411,0.41084,0.12821,0.92924,0.49053,1.2966,0.092061,0.27306,0.24752,0.418,1.329,1.0676,0.51809,0.079709,-0.21329,-0.26816,0.25312,0.27916,0.90185,0.42847,0.095669,0.17161,0.17122,0.18652,0.025327,-0.2781,1.9658,1.3915,0.74894,0.59186,0.78882,0.74686,1.2107,0.63983,0.91447,0.51098,0.46462,0.86861,0.11597,0.50965,0.079086,-0.047476,0.45189,0.43702,0.72787,0.662,1.1109,0.91995,0.74934,0.71715,-0.096367,-0.026141,0.45462,-0.075512,0.64596,0.67436
0.51221,0.22041,2.2688,0,0.77403,0.32192,0.61376,0.42953,1.2388,0.50621,0.67972,0.47187,0.42108,0.14484,0.6875,0.67768,0.81349,1.4419,0.78305,0.99713,0.1578,0.31602,0.65808,0.45542,1.0505,0.88645,0.44696,0.10944,-0.090124,-0.19154,0.30444,0.16175,0.38515,0.16536,0.2203,0.18449,0.85046,0.97062,1.2074,0.78209,0.49891,0.098202,-0.027637,-0.0030302,0.48341,0.51085,0.065362,0.35368,0.073026,0.62051,0.30431,0.074086,0.87728,0.42838,1.2923,0.095844,0.24384,0.2984,0.42135,1.1754,0.94462,0.51399,0.041944,-0.22084,-0.29054,0.23393,0.27146,0.87624,0.41312,0.11362,0.1173,0.11092,0.09253,-0.06502,-0.30724,1.7849,1.2401,0.77697,0.62679,0.85129,0.80048,1.2473,0.72875,0.90661,0.56336,0.46311,0.97302,0.18154,0.57764,0.034718,-0.055686,0.37495,0.33975,0.77892,0.62047,1.0385,0.8595,0.70901,0.61338,-0.077447,-0.043942,0.42144,-0.054951,0.6693,0.70367
0.7195,0.80574,0.91823,0.77403,0,1.0018,1.2077,1.2022,1.1381,1.1579,0.38117,0.19205,0.40682,0.27861,0.79095,0.77754,1.1102,0.70045,0.92256,0.79274,0.69168,0.71902,0.84505,0.89158,1.1562,1.362,0.57167,0.15775,-0.065536,-0.25174,0.36168,0.052319,0.49594,0.20867,0.39451,0.17673,0.55403,0.38086,0.62294,0.99875,0.53409,0.61971,0.57426,0.57307,1.1851,1.1436,-0.19156,0.054837,0.43471,0.54501,0.5141,-0.030968,1.2439,0.97436,1.001,0.45647,0.80316,0.04689,0.44082,1.1531,1.1583,0.37777,0.36281,-0.15544,0.14554,-0.036694,0.058948,0.50836,0.096907,0.033532,0.16203,0.3565,0.25254,0.19496,-0.19052,0.88403,1.3016,0.41703,0.42115,0.62188,0.46783,0.81494,0.27241,0.76435,0.69435,0.66562,0.68709,-0.16864,0.27752,0.11828,0.053951,0.71389,0.77946,0.68068,0.93768,1.1574,0.9502,0.67219,0.59322,-0.27833,0.092877,0.1419,-0.33663,0.37133,0.39079
0.4149,0.79956,0.42126,0.32192,1.0018,0,0.66698,1.2009,0.55555,1.0574,0.23703,0.20702,0.4431,0.40261,0.53658,0.44376,0.75747,0.40062,0.74254,0.42445,0.71561,0.44884,0.36039,0.69663,0.36928,0.86665,0.63216,0.39492,0.13596,0.091297,0.25327,0.29855,0.65219,0.20518,0.5564,-0.002389,0.37986,0.063691,0.30892,0.71965,0.1763,0.89085,0.89907,0.85971,0.76551,0.74562,-0.18117,-0.0077612,0.51765,0.61178,0.85004,-0.047226,0.97008,1.198,0.69602,0.65269,0.70633,-0.37958,0.26272,0.60746,0.60165,0.28292,0.47252,-0.04624,0.38621,-0.060629,0.060878,0.28435,0.047168,-0.056264,0.26029,0.45957,0.25623,0.42589,-0.095323,0.38997,0.54696,0.38126,0.49348,0.50213,0.37925,0.55947,0.075712,0.40771,0.70449,0.98835,0.52645,-0.40716,-0.032976,0.12068,0.14765,0.3957,0.55439,0.18757,0.58952,0.58912,0.7711,0.19243,0.42855,-0.3073,0.16088,0.032158,-0.33316,0.12942,-0.044578
1.1238,0.81398,0.63839,0.61376,1.2077,0.66698,0,0.77241,0.90687,0.63915,0.1318,0.06305,0.31685,0.26588,0.6133,0.56023,0.56194,0.57252,0.6061,0.69988,0.55453,0.56548,0.8308,0.52761,0.8154,0.79374,0.70227,0.073558,0.021583,-0.14747,0.37666,0.0075999,0.18865,0.036746,0.14704,-0.03266,0.24887,0.16053,0.729,1.0478,1.0246,0.75623,0.56643,0.42505,0.59283,0.66148,-0.31949,-0.038829,0.29797,0.29846,0.30869,-0.04896,1.1839,0.64872,0.75364,0.5845,0.84697,0.074252,0.3327,0.77967,0.65195,0.58429,0.61142,0.12128,0.39548,-0.2507,-0.16629,0.374,0.1281,0.18867,0.33046,0.34601,0.24948,-0.0080464,-0.24402,0.69563,0.89814,0.4917,0.32934,0.44047,0.17087,0.6118,0.40821,0.50691,0.8255,0.44945,0.57021,-0.25451,0.34221,0.039615,0.011671,0.80876,0.67829,0.70979,0.73572,1.1654,0.84593,0.5432,0.3789,-0.11231,0.16311,0.15473,-0.2598,0.40422,0.3261
0.46612,0.87219,0.5461,0.42953,1.2022,1.2009,0.77241,0,0.60724,1.3609,0.42334,0.32059,0.38766,0.42063,0.79749,0.7165,0.85972,0.49199,0.70887,0.50443,0.65733,0.46875,0.41504,0.99663,0.51129,1.0133,0.58871,0.44172,0.15525,8.4898e-05,0.33151,0.17988,0.72638,0.30704,0.59115,0.13821,0.5099,0.11623,0.30306,0.71909,0.21969,0.7075,0.77733,0.77986,1.1386,1.1704,-0.075252,0.09437,0.47876,0.41074,0.65164,-0.037948,0.91997,1.1496,0.65198,0.41761,0.57052,-0.14276,0.39162,0.78184,0.81634,0.45628,0.49808,0.034496,0.40371,0.12209,0.25634,0.30254,0.071359,-0.13506,0.24728,0.47954,0.40462,0.62928,0.18174,0.44387,0.71117,0.44771,0.56807,0.4278,0.31563,0.57415,0.18976,0.59491,0.74186,0.84047,0.64983,-0.17957,0.099915,0.399,0.42396,0.56666,0.79807,0.43291,1.0258,0.91205,1.0497,0.43835,0.46938,-0.065625,0.4456,0.21238,-0.17954,0.11651,0.099649
0.53291,0.35216,1.2952,1.2388,1.1381,0.55555,0.90687,0.60724,0,0.77424,0.71438,0.49115,0.43999,0.30362,0.93202,0.89756,0.97534,0.93963,0.93409,0.92288,0.50677,0.51584,0.9862,0.62978,1.1522,0.9701,0.71506,0.14854,-0.064431,-0.25554,0.32224,0.075303,0.35925,0.33829,0.12291,0.15842,0.54225,0.75133,0.87623,0.80475,0.71507,0.37122,0.15111,0.2516,0.81059,0.69399,-0.2442,0.053857,0.24309,0.54585,0.47118,0.2091,1.2052,0.74687,1.1326,0.2183,0.34876,0.053071,0.13028,1.1387,1.2531,0.49736,0.37291,-0.087443,0.012589,-0.055077,0.010725,0.98449,0.47193,0.060501,0.30367,0.44506,0.30597,0.062921,-0.28952,1.3227,1.6741,0.59428,0.67543,0.62369,0.61784,1.0567,0.53808,0.62362,0.60214,0.45271,0.8098,-0.11686,0.26185,-0.11782,-0.21116,0.39997,0.67884,0.75798,0.80635,1.065,0.92062,0.65319,0.68918,-0.11423,0.055769,0.35374,0.023501,0.41761,0.40739
0.40345,0.79973,0.62104,0.50621,1.1579,1.0574,0.63915,1.3609,0.77424,0,0.57211,0.4075,0.26497,0.24102,0.76871,0.6453,0.93558,0.5228,0.62134,0.49797,0.60339,0.48155,0.49434,0.94872,0.54458,0.94827,0.70133,0.50411,0.23894,0.10694,0.50896,0.29177,0.4637,0.25077,0.46381,0.20378,0.32257,0.19526,0.37372,0.75395,0.25169,0.57301,0.56568,0.65095,1.1857,0.94701,-0.053594,0.13006,0.36996,0.31256,0.43132,0.22402,0.83336,1.0094,0.57319,0.17649,0.33463,-0.034604,0.24648,0.80687,0.9162,0.3431,0.4967,0.0043792,0.36421,0.14942,0.29197,0.43527,0.1869,0.077748,0.33371,0.68837,0.47266,0.65364,0.13209,0.50768,0.82574,0.3561,0.43756,0.29479,0.25993,0.63417,0.28826,0.57728,0.6198,0.60725,0.48969,-0.064722,0.19622,0.34514,0.28197,0.57888,0.8515,0.5244,0.8851,0.77012,0.8278,0.46775,0.55337,-0.16237,0.29111,0.14479,-0.077435,0.20378,0.22009
-0.10119,-0.013735,0.69866,0.67972,0.38117,0.23703,0.1318,0.42334,0.71438,0.57211,0,1.4283,0.099711,0.16172,0.59994,0.55346,0.67778,0.527,0.58216,0.48421,0.049808,0.022963,0.24026,0.30079,0.41141,0.37194,0.39642,0.17482,0.29601,0.076756,0.52845,0.41161,0.51415,0.71697,0.20736,0.55807,0.52406,0.95034,0.33365,0.14188,0.034411,-0.085457,-0.090285,0.2731,0.68146,0.42341,0.13773,0.29825,0.19583,0.29517,0.29031,0.48414,0.4058,0.47227,0.40878,-0.36652,-0.27837,0.13936,-0.11524,0.52979,0.67403,0.27441,0.19753,-0.10449,-0.14016,0.44739,0.37676,0.96548,0.48762,-0.021176,0.27288,0.61294,0.48098,0.40027,0.16682,0.59544,0.58877,0.26367,0.6645,0.20705,0.51655,0.57239,0.29655,0.44022,0.15414,0.16759,0.53714,0.32548,0.20335,0.00022512,0.038228,-0.020572,0.49884,0.44408,0.52146,0.49624,0.58441,0.52892,0.74377,0.27368,0.33768,0.55045,0.47614,0.32384,0.36237
-0.041287,0.040953,0.48007,0.47187,0.19205,0.20702,0.06305,0.32059,0.49115,0.4075,1.4283,0,0.16612,0.29174,0.51846,0.36938,0.47075,0.34074,0.44981,0.31277,0.030809,-0.33661,0.14987,0.13188,0.14686,0.22384,0.36224,0.25683,0.48091,0.36307,0.55316,0.67881,0.5801,0.82998,0.086273,0.39663,0.42266,0.69808,0.17603,-0.02522,-0.072445,-0.12191,-0.11656,0.23518,0.43326,0.26669,-0.007655,0.10114,0.014517,0.30379,0.34368,0.54882,0.29398,0.29759,0.24091,-0.2853,-0.33509,-0.088037,-0.31312,0.33016,0.34317,0.36909,0.33657,0.091688,0.045141,0.31625,0.21314,0.9229,0.75084,0.05574,0.54254,0.59784,0.51759,0.34815,0.12519,0.41418,0.31902,0.28225,0.68557,0.15236,0.3274,0.52056,0.37853,0.22085,0.057933,0.11248,0.3513,0.079156,-0.00093733,0.022412,0.096911,-0.12139,0.41709,0.21078,0.29347,0.41756,0.50641,0.39256,0.62077,0.37569,0.39469,0.50673,0.48787,0.24811,0.16921
0.28222,0.062958,0.46289,0.42108,0.40682,0.4431,0.31685,0.38766,0.43999,0.26497,0.099711,0.16612,0,1.3529,0.70114,0.45158,0.43153,0.26765,0.71702,0.54659,0.61685,0.081232,0.70593,0.78999,0.38333,0.82465,0.35968,0.25348,0.10222,0.025612,-0.28998,0.1639,0.81918,0.49951,0.31174,-0.20436,0.62362,0.086373,0.41278,0.40117,0.014968,0.33538,0.0914,0.086882,0.26425,0.52648,0.036104,0.16492,-0.20114,0.9964,1.0068,-0.086287,0.52874,0.34179,0.66992,0.56508,0.44968,-0.60022,0.27268,0.3545,0.37399,0.50944,0.34099,-0.088513,0.049611,0.12891,0.17623,0.13709,0.33397,-0.37584,0.15089,-0.089837,-0.0066198,0.066203,-0.11927,0.59626,0.53754,0.62728,0.73266,0.75204,0.45545,0.77719,0.61472,-0.044973,0.41457,0.78007,0.5252,-0.44588,-0.17608,-0.0078982,0.0046067,-0.033715,-0.042039,-0.20431,0.17914,0.30442,0.2708,0.2638,0.37233,-0.4586,-0.14188,-0.19287,-0.2904,0.002211,-0.1383
0.10546,0.033053,0.19993,0.14484,0.27861,0.40261,0.26588,0.42063,0.30362,0.24102,0.16172,0.29174,1.3529,0,0.79956,0.49251,0.30999,0.041906,0.5575,0.35654,0.71326,-0.014705,0.58007,0.73996,0.1441,0.54967,0.4352,0.3046,0.26321,0.13519,-0.25443,0.13031,0.75156,0.81553,0.22436,-0.16138,0.3208,-0.093361,0.1166,0.14958,-0.03797,0.3653,0.13317,0.2462,0.34963,0.56062,-0.077334,0.033871,-0.15404,0.61455,1.0435,0.10342,0.42369,0.39865,0.33954,0.46319,0.28763,-0.87961,-0.04624,0.16946,0.29613,0.543,0.6732,0.17873,0.31822,0.066568,0.13663,0.11656,0.43973,-0.50842,0.37905,0.145,0.23958,0.28939,0.17202,0.31593,0.35499,0.4451,0.79269,0.34749,0.16181,0.47192,0.4181,-0.26661,0.32431,0.55376,0.34994,-0.56115,-0.43552,-0.0052029,0.075293,-0.10949,0.15052,-0.31808,0.18182,0.23097,0.23052,0.25589,0.44132,-0.14279,0.18118,-0.088507,0.0074869,-0.19848,-0.3461
0.26985,0.31074,0.7712,0.6875,0.79095,0.53658,0.6133,0.79749,0.93202,0.76871,0.59994,0.51846,0.70114,0.79956,0,1.5594,0.98514,0.64984,0.77169,0.7317,0.88726,0.37769,0.91031,1.0854,0.60059,0.93891,0.72824,0.52307,0.074704,-0.073885,0.043836,0.042117,0.53912,0.57059,0.11742,-0.063997,0.41818,0.25771,0.41238,0.52177,0.41496,0.4249,0.12214,0.2215,0.84984,0.85512,-0.16868,0.11838,0.067334,0.47361,0.74147,0.28661,0.9102,0.82641,0.75126,0.28779,0.24614,-0.24097,0.09769,0.91459,1.1583,0.82285,0.65749,0.26135,0.34209,0.053899,0.33036,0.66547,0.76058,-0.37739,0.53125,0.44516,0.42886,0.44256,0.21009,0.741,0.97726,0.57037,0.97902,0.45473,0.34363,0.92898,0.66988,0.2419,0.56938,0.54315,0.7138,-0.25949,-0.06996,0.26466,0.19496,0.26136,0.69643,0.3588,0.79156,0.86605,0.74704,0.68154,0.60543,0.11047,0.43075,0.3491,0.23753,-0.06386,-0.0023245
0.17349,0.23685,0.7476,0.67768,0.77754,0.44376,0.56023,0.7165,0.89756,0.6453,0.55346,0.36938,0.45158,0.49251,1.5594,0,1.042,0.75955,0.68553,0.66333,0.82304,0.64831,0.76901,0.86662,0.68811,0.77604,0.54972,0.3555,-0.20616,-0.3973,-0.012162,-0.12037,0.42104,0.39943,0.039535,-0.053616,0.4449,0.34175,0.36747,0.51334,0.50268,0.40847,0.089691,0.17813,0.83563,0.74325,-0.2291,0.060146,0.22385,0.36947,0.62001,0.095114,0.82921,0.85637,0.78986,0.27595,0.26891,-0.10649,0.13614,0.96045,1.3981,0.657,0.43076,0.17988,0.20017,-0.0478,0.25053,0.67807,0.53466,-0.52751,0.29986,0.3658,0.35607,0.32182,0.17333,0.64228,0.92354,0.4235,0.80741,0.42097,0.42912,0.72993,0.41814,0.3394,0.51922,0.45134,0.77797,-0.19291,-0.070742,0.17859,0.10194,0.23872,0.68259,0.42006,0.84609,0.81543,0.74865,0.60787,0.44353,0.1903,0.41232,0.48748,0.3006,-0.17204,-0.011186
0.26614,0.44781,0.91564,0.81349,1.1102,0.75747,0.56194,0.85972,0.97534,0.93558,0.67778,0.47075,0.43153,0.30999,0.98514,1.042,0,0.79831,1.193,0.98081,0.78626,0.52808,0.80424,0.82908,0.97989,1.1295,0.43093,0.18971,-0.070775,-0.2456,0.18814,0.17917,0.6646,0.33665,0.15577,0.039848,0.68121,0.57572,0.39911,0.5857,0.27709,0.40864,0.18929,0.38331,0.93464,0.71965,0.0013902,0.2356,0.33294,0.78323,0.60047,0.037373,0.91086,0.95063,1.0312,0.34439,0.45835,0.017426,0.37327,1.0839,1.2264,0.29246,0.20173,-0.25021,0.0013135,0.12824,0.29584,0.84101,0.34703,-0.28795,0.10406,0.29612,0.092281,0.1923,-0.11643,0.83249,1.015,0.21503,0.65546,0.738,0.79306,1.1618,0.38112,0.54778,0.39706,0.62518,0.78592,-0.044458,0.12305,0.18436,0.13863,0.19547,0.50287,0.44002,0.6543,0.87768,0.7428,0.82475,0.62674,-0.15698,0.066279,0.19715,-0.11076,0.12154,0.23366
0.48938,0.37707,1.2409,1.4419,0.70045,0.40062,0.57252,0.49199,0.93963,0.5228,0.527,0.34074,0.26765,0.041906,0.64984,0.75955,0.79831,0,0.72915,0.88314,0.20638,0.49145,0.44071,0.4295,0.7731,0.73467,0.44952,0.19492,-0.20286,-0.26896,0.22157,0.092965,0.30546,-0.015444,0.197,0.0092356,0.62294,0.63322,0.90056,0.79348,0.58145,0.28723,0.15054,0.10578,0.4172,0.42245,-0.0069983,0.30193,0.31641,0.45702,0.25591,-0.035774,0.92946,0.61794,1.2049,0.26472,0.33572,0.21357,0.42733,1.2019,0.98286,0.53345,0.043629,-0.057965,-0.13143,0.10141,0.29519,0.72635,0.32126,0.0044784,0.0513,0.10222,0.02917,-0.0021974,-0.17367,0.95289,0.86397,0.76998,0.68143,0.83177,0.73985,1.0091,0.5531,0.95133,0.79963,0.60766,1.1354,0.13413,0.44461,0.11902,0.105,0.3116,0.35691,0.7948,0.72104,1.0079,1.0002,0.54062,0.37007,0.088371,0.16652,0.50654,0.027253,0.39474,0.45192
0.37284,0.37737,0.7902,0.78305,0.92256,0.74254,0.6061,0.70887,0.93409,0.62134,0.58216,0.44981,0.71702,0.5575,0.77169,0.68553,1.193,0.72915,0,1.342,0.64889,0.41807,0.80031,0.78156,0.91236,1.116,0.48289,0.017631,0.079639,-0.18859,0.11303,0.26682,0.9562,0.50532,0.31172,0.040779,0.77841,0.5497,0.51873,0.57122,0.26482,0.54435,0.3231,0.58321,0.68328,0.67642,0.094735,0.31896,0.41374,1.1472,0.75918,-0.075531,1.0322,0.93658,1.1508,0.58715,0.67627,-0.19132,0.37599,0.77884,0.85177,0.25299,0.21767,-0.37542,-0.094708,0.17727,0.22918,0.63931,0.20169,-0.28971,-0.043277,0.17235,-0.022627,0.053828,-0.18511,0.86789,0.88056,0.38041,0.94137,1.0703,0.9868,1.2188,0.38837,0.46549,0.59181,0.93822,1.0726,-0.088273,0.1032,-0.080113,0.056076,-0.017243,0.24187,0.27061,0.50992,0.72682,0.68684,0.70223,0.66836,-0.27686,-0.0075888,0.039092,-0.26164,0.25303,0.19069
0.48686,0.34647,0.89763,0.99713,0.79274,0.42445,0.69988,0.50443,0.92288,0.49797,0.48421,0.31277,0.54659,0.35654,0.7317,0.66333,0.98081,0.88314,1.342,0,0.51224,0.45627,0.98045,0.73316,1.0287,1.0255,0.54842,-0.010928,0.12709,-0.15646,0.14135,0.20534,0.51326,0.24042,0.12985,-0.085721,0.57438,0.49555,0.77057,0.77725,0.52772,0.50362,0.1226,0.29272,0.45838,0.47169,0.29403,0.58412,0.19722,0.81156,0.38762,-0.098178,0.95127,0.65117,1.1407,0.4617,0.55917,0.13096,0.57788,0.76893,0.76443,0.25702,0.15178,-0.38081,-0.13033,0.2678,0.3805,0.61595,0.21327,-0.20154,-0.075055,0.10522,-0.10593,-0.04878,-0.1521,1.0228,0.96378,0.39215,0.78542,0.94422,0.79262,1.3286,0.70744,0.5502,0.67705,0.69565,1.1657,0.16462,0.4315,0.048407,0.11942,0.10956,0.16029,0.44997,0.46328,0.80135,0.59273,0.92481,0.60705,-0.25103,-0.099133,0.032436,-0.24115,0.35828,0.39043
0.27405,0.43962,0.23927,0.1578,0.69168,0.71561,0.55453,0.65733,0.50677,0.60339,0.049808,0.030809,0.61685,0.71326,0.88726,0.82304,0.78626,0.20638,0.64889,0.51224,0,0.52446,0.91607,0.94968,0.40065,0.71958,0.56164,0.32515,-0.055302,-0.1689,-0.22637,-0.089328,0.37941,0.24373,-0.054086,-0.46521,0.11852,-0.13924,0.027903,0.40386,0.32564,0.85756,0.32076,0.39648,0.56715,0.55328,-0.2576,-0.10897,0.20987,0.51755,0.79161,0.013893,0.71651,0.83848,0.51994,0.81212,0.64073,-0.51289,0.13081,0.45916,0.60609,0.26978,0.57628,0.10089,0.48788,-0.2286,0.0215,0.31004,0.32978,-0.54848,0.25897,0.31186,0.12559,0.24055,0.012284,0.28973,0.52238,0.094313,0.50299,0.34136,0.19042,0.54968,0.2704,-0.064478,0.37062,0.52478,0.34536,-0.62452,-0.36717,0.16286,0.11146,0.083995,0.38324,-0.039004,0.33327,0.45789,0.38262,0.4056,0.31174,-0.2071,0.086579,-0.050289,-0.1198,-0.40508,-0.38375
0.22596,0.27608,0.3361,0.31602,0.71902,0.44884,0.56548,0.46875,0.51584,0.48155,0.022963,-0.33661,0.081232,-0.014705,0.37769,0.64831,0.52808,0.49145,0.41807,0.45627,0.52446,0,0.45643,0.57325,0.63678,0.48944,0.39159,0.0013143,-0.369,-0.67209,-0.02462,-0.32901,0.0050399,-0.15151,0.2255,-0.024809,0.11039,0.049582,0.40955,0.74859,0.63228,0.6815,0.45855,0.35786,0.54085,0.47417,-0.056952,0.1659,0.63632,0.096959,0.19408,-0.22986,0.62922,0.75071,0.55697,0.39603,0.6201,0.14287,0.42335,0.57416,0.82033,0.11463,0.13566,-0.12059,0.041114,-0.13043,0.11221,0.066749,-0.29751,-0.26458,-0.24522,0.1919,0.068643,0.10351,0.045112,0.29275,0.58867,0.118,0.13942,0.23942,0.27034,0.22738,-0.050772,0.37258,0.62389,0.39907,0.52589,0.036684,0.21438,-0.052763,-0.070397,0.35597,0.32305,0.39962,0.58514,0.35274,0.34817,0.22994,0.088997,-0.19383,0.053179,0.05891,-0.082878,-0.064639,0.077723
0.51781,0.2713,0.69876,0.65808,0.84505,0.36039,0.8308,0.41504,0.9862,0.49434,0.24026,0.14987,0.70593,0.58007,0.91031,0.76901,0.80424,0.44071,0.80031,0.98045,0.91607,0.45643,0,0.81054,1.0108,0.95258,0.53927,-0.0051288,-0.010963,-0.23258,0.03927,-0.01136,0.28501,0.29841,-0.097917,-0.15696,0.30417,0.27312,0.54638,0.62857,0.58771,0.43729,7.2904e-05,0.1295,0.54681,0.57161,-0.109,0.10764,-0.080931,0.62208,0.44101,0.094656,0.77941,0.44804,0.75444,0.43833,0.55143,-0.08237,0.23382,0.62276,0.74671,0.37387,0.44846,-0.11923,0.097258,-0.066005,0.01539,0.54431,0.40945,-0.17461,0.21056,0.18015,0.069982,-0.11743,-0.26059,0.90958,1.0906,0.24742,0.4511,0.50432,0.324,0.93825,0.67903,0.14988,0.36976,0.32913,0.47148,-0.24715,0.10314,-0.071119,-0.16823,0.24809,0.32267,0.26548,0.32176,0.68078,0.36293,0.89707,0.62759,-0.35208,-0.19204,-0.070965,-0.17746,0.15854,0.21509
0.29583,0.43004,0.54999,0.45542,0.89158,0.69663,0.52761,0.99663,0.62978,0.94872,0.30079,0.13188,0.78999,0.73996,1.0854,0.86662,0.82908,0.4295,0.78156,0.73316,0.94968,0.57325,0.81054,0,0.59536,1.2545,0.61148,0.4585,0.12694,-0.081771,-0.065456,-0.0029142,0.62079,0.38077,0.43866,-0.070236,0.41319,0.012881,0.34198,0.67575,0.20903,0.64022,0.36197,0.41832,0.87455,1.0594,0.1401,0.31566,0.16548,0.53841,0.69974,0.0095034,0.77118,0.88633,0.68702,0.42754,0.48801,-0.24273,0.4516,0.66688,0.9012,0.34729,0.40004,-0.087461,0.21567,0.25027,0.51183,0.20537,0.17111,-0.42766,0.09355,0.26176,0.21676,0.55049,0.26967,0.55693,0.85933,0.43928,0.69149,0.49904,0.34799,0.71968,0.44398,0.30555,0.68125,0.85332,0.67094,-0.14162,0.02944,0.35659,0.32229,0.29501,0.41194,0.19849,0.68836,0.57223,0.53154,0.54258,0.5122,-0.31096,0.15531,-0.046639,-0.18196,-0.06702,-0.0038222
0.50103,0.31843,1.0815,1.0505,1.1562,0.36928,0.8154,0.51129,1.1522,0.54458,0.41141,0.14686,0.38333,0.1441,0.60059,0.68811,0.97989,0.7731,0.91236,1.0287,0.40065,0.63678,1.0108,0.59536,0,1.0803,0.21928,-0.23792,-0.28308,-0.5808,0.2041,-0.081785,0.34671,0.16556,0.11559,0.20001,0.67436,0.70763,0.75672,0.75391,0.52697,0.22475,0.062594,0.15051,0.70497,0.66203,-0.030391,0.19568,0.16724,0.60476,0.23358,-0.16771,0.74569,0.46168,1.0251,0.24416,0.57927,0.29556,0.47995,0.90596,1.0262,0.22943,0.026977,-0.45742,-0.27252,0.010024,0.025143,0.56474,0.065066,-0.030662,-0.13581,-0.0081756,-0.081618,-0.22526,-0.42315,1.1834,1.4579,0.26648,0.33369,0.77908,0.73186,0.90302,0.36138,0.69959,0.39293,0.40297,0.69832,0.072482,0.4133,-0.12489,-0.20483,0.41921,0.37964,0.70281,0.60928,0.84874,0.53864,0.87508,0.56615,-0.3818,-0.22352,0.031708,-0.33542,0.48477,0.68943
0.53424,0.57116,1.0061,0.88645,1.362,0.86665,0.79374,1.0133,0.9701,0.94827,0.37194,0.22384,0.82465,0.54967,0.93891,0.77604,1.1295,0.73467,1.116,1.0255,0.71958,0.48944,0.95258,1.2545,1.0803,0,0.46461,0.20734,-0.02257,-0.17752,0.10463,0.099544,0.73046,0.2918,0.40191,0.013752,0.75072,0.34164,0.65111,0.94821,0.2986,0.51705,0.30494,0.34371,0.85765,1.012,0.032111,0.2465,0.1187,0.92415,0.67551,-0.14569,1.0041,0.78944,1.2157,0.49758,0.68159,-0.10412,0.56599,0.93405,1.0219,0.3777,0.24036,-0.30416,0.020728,0.12944,0.2617,0.44052,0.18727,-0.18294,0.063363,0.096957,0.030477,0.17228,-0.18825,1.0564,1.3341,0.55455,0.68321,0.98464,0.69607,1.2105,0.51302,0.63209,0.70091,0.99855,0.85927,-0.16834,0.20047,0.16462,0.099728,0.45223,0.44237,0.41707,0.72103,0.90122,0.74224,0.70861,0.67998,-0.48965,-0.071279,-0.038249,-0.44576,0.30353,0.33038
0.49955,0.39759,0.46707,0.44696,0.57167,0.63216,0.70227,0.58871,0.71506,0.70133,0.39642,0.36224,0.35968,0.4352,0.72824,0.54972,0.43093,0.44952,0.48289,0.54842,0.56164,0.39159,0.53927,0.61148,0.21928,0.46461,0,0.6703,0.52597,0.35013,0.33955,0.33618,0.22927,0.25857,0.29083,-0.075115,0.084654,0.07133,0.60513,0.73059,0.65563,0.81815,0.50664,0.49337,0.47527,0.47779,-0.02375,0.23784,0.3262,0.20665,0.54081,0.44642,1.0763,0.84675,0.53113,0.31966,0.2511,-0.1362,0.097083,0.59668,0.5278,0.5717,0.88901,0.3273,0.51684,0.13914,0.29147,0.43672,0.42003,0.069891,0.6227,1.0215,0.7138,0.55954,0.24954,0.46665,0.54848,0.62985,0.63678,0.14232,0.056354,0.52779,0.58878,0.21277,0.87588,0.44132,0.58776,-0.10301,0.23502,0.19846,0.21134,0.32407,0.49712,0.30722,0.5347,0.61412,0.72797,0.25648,0.39214,0.11118,0.37383,0.35422,0.2233,0.12734,-0.069256
0.14508,0.30856,0.16861,0.10944,0.15775,0.39492,0.073558,0.44172,0.14854,0.50411,0.17482,0.25683,0.25348,0.3046,0.52307,0.3555,0.18971,0.19492,0.017631,-0.010928,0.32515,0.0013143,-0.0051288,0.4585,-0.23792,0.20734,0.6703,0,0.34318,0.53967,-0.015196,0.18726,0.18955,0.10819,0.27757,-0.20876,0.039203,-0.20042,0.089024,0.25248,0.098394,0.31997,0.3097,0.082095,0.22064,0.28368,-0.054758,0.058707,0.071846,-0.024655,0.43674,0.39965,0.37101,0.44084,0.16257,0.085082,-0.13957,-0.22098,0.049951,0.4075,0.2434,0.48811,0.41488,0.57028,0.58124,0.14934,0.48189,0.11198,0.52499,-0.034414,0.65398,0.5335,0.57279,1.0263,0.53294,0.047482,0.10112,0.57899,0.42529,0.022597,-0.09226,0.21335,0.41512,0.080401,0.41609,0.35539,0.22229,-0.18473,-0.065997,0.84249,0.64429,0.2479,0.34472,0.11041,0.45129,0.258,0.44585,-0.18118,-0.080383,0.2583,0.55446,0.35421,0.25742,-0.27866,-0.40243
0.10462,0.14933,-0.097486,-0.090124,-0.065536,0.13596,0.021583,0.15525,-0.064431,0.23894,0.29601,0.48091,0.10222,0.26321,0.074704,-0.20616,-0.070775,-0.20286,0.079639,0.12709,-0.055302,-0.369,-0.010963,0.12694,-0.28308,-0.02257,0.52597,0.34318,0,1.3143,0.55534,0.95546,0.25008,0.4154,0.31845,0.2042,-0.11688,-0.13202,0.096495,0.048646,-0.1148,0.16952,0.22681,0.4091,0.066416,0.073607,0.45055,0.44861,-0.071726,-0.021226,0.07606,0.47755,0.069453,0.075097,-0.19537,-0.15265,-0.177,-0.049297,-0.042572,-0.13949,-0.22438,0.1101,0.491,0.13813,0.32787,0.58029,0.44173,-0.017554,0.14082,0.2829,0.40665,0.59558,0.47857,0.53273,0.49364,-0.053592,-0.12001,0.095614,0.18756,-0.2195,-0.26573,0.077602,0.36323,-0.12632,0.16924,0.06456,0.028443,0.26049,0.24237,0.2447,0.43755,-0.026788,0.0064495,-0.13585,-0.063599,-0.025805,0.010972,0.086644,0.24,0.067116,0.2402,-0.11384,0.12087,0.21614,-0.00035779
0.084374,0.14626,-0.18376,-0.19154,-0.25174,0.091297,-0.14747,8.4898e-05,-0.25554,0.10694,0.076756,0.36307,0.025612,0.13519,-0.073885,-0.3973,-0.2456,-0.26896,-0.18859,-0.15646,-0.1689,-0.67209,-0.23258,-0.081771,-0.5808,-0.17752,0.35013,0.53967,1.3143,0,0.408,0.84943,0.083742,0.1648,0.21729,0.041257,-0.21998,-0.26151,-0.033171,-0.090657,-0.25301,-0.0020254,0.144,0.14516,-0.16306,-0.11058,0.26699,0.22056,-0.24762,-0.099169,0.016684,0.52981,-0.076076,-0.11867,-0.31542,-0.17505,-0.30843,-0.12126,-0.13286,-0.20624,-0.43164,0.1131,0.35588,0.31016,0.38179,0.39485,0.32294,-0.076777,0.27532,0.44453,0.58006,0.41146,0.38747,0.46334,0.34574,-0.17326,-0.32846,0.13628,0.025636,-0.27661,-0.41745,-0.028602,0.3153,-0.19653,0.017629,-0.033091,-0.20946,0.083142,0.12239,0.38538,0.45731,0.015461,-0.056074,-0.22944,-0.22396,-0.11811,-0.05622,-0.14139,0.057065,0.11727,0.19085,-0.063356,0.088575,0.16698,-0.098938
0.36927,0.42644,0.31811,0.30444,0.36168,0.25327,0.37666,0.33151,0.32224,0.50896,0.52845,0.55316,-0.28998,-0.25443,0.043836,-0.012162,0.18814,0.22157,0.11303,0.14135,-0.22637,-0.02462,0.03927,-0.065456,0.2041,0.10463,0.33955,-0.015196,0.55534,0.408,0,0.76668,0.10043,0.20145,0.30574,0.75764,0.077856,0.37398,0.37998,0.28893,0.1817,0.011031,0.29666,0.4672,0.43765,0.28625,-0.0021751,0.11364,0.17933,-0.11738,-0.17484,0.3775,0.24461,0.14009,0.029197,-0.32357,-0.023746,0.37927,-0.05715,0.25275,0.17005,0.18445,0.33001,0.049141,0.10311,0.21929,0.037036,0.35843,0.040732,0.78998,0.3734,0.65319,0.60273,0.18223,0.039367,0.24607,0.23154,0.092911,-0.057328,-0.16165,-0.12214,0.14277,0.10905,0.48171,0.18738,-0.1017,0.075197,0.32504,0.55539,-0.014424,0.058535,0.49277,0.50183,0.47104,0.24816,0.3937,0.36044,0.34696,0.42774,0.1659,0.23871,0.23835,0.11793,0.77073,0.65532
0.1618,0.21367,0.14577,0.16175,0.052319,0.29855,0.0075999,0.17988,0.075303,0.29177,0.41161,0.67881,0.1639,0.13031,0.042117,-0.12037,0.17917,0.092965,0.26682,0.20534,-0.089328,-0.32901,-0.01136,-0.0029142,-0.081785,0.099544,0.33618,0.18726,0.95546,0.84943,0.76668,0,0.50527,0.37896,0.33244,0.28587,0.2378,0.21602,0.24741,0.14445,-0.17973,0.086677,0.17973,0.38045,0.088019,0.053795,0.28414,0.33839,-0.030447,0.28366,0.18726,0.2253,0.14647,0.098279,0.06709,-0.057788,-0.046206,-0.060216,0.018263,0.039065,-0.094517,0.14469,0.27477,-0.069833,0.075067,0.43546,0.26962,0.22917,0.17055,0.32759,0.30465,0.4017,0.31178,0.20824,0.07664,0.12304,-0.034837,0.14889,0.23848,0.09027,0.091816,0.31924,0.34479,0.1017,0.15064,0.19915,0.17994,0.16635,0.23006,0.052968,0.23502,-0.06639,-0.04756,-0.13327,-0.10019,0.074615,0.13959,0.11603,0.27039,-0.046994,0.034567,-0.054203,-0.0057961,0.3603,0.13338
0.12907,0.22893,0.45896,0.38515,0.49594,0.65219,0.18865,0.72638,0.35925,0.4637,0.51415,0.5801,0.81918,0.75156,0.53912,0.42104,0.6646,0.30546,0.9562,0.51326,0.37941,0.0050399,0.28501,0.62079,0.34671,0.73046,0.22927,0.18955,0.25008,0.083742,0.10043,0.50527,0,0.82965,0.63772,0.23402,1.0536,0.38279,0.19323,0.21748,-0.2632,0.24925,0.32089,0.55467,0.58067,0.71346,0.15923,0.2341,0.21723,0.9915,1.0246,-0.1241,0.489,0.57632,0.58521,0.35424,0.37301,-0.41253,0.28182,0.41185,0.41748,0.25327,0.15854,-0.29349,-0.098167,0.38988,0.32997,0.314,0.14161,-0.3666,0.018581,0.1038,0.15113,0.31265,0.065405,0.44588,0.38785,0.39021,0.8187,0.70554,0.68231,0.65295,0.19819,0.2993,0.32186,0.85358,0.66531,-0.15366,-0.11731,0.081926,0.25628,-0.10478,0.12067,-0.10407,0.33216,0.38626,0.50406,0.33477,0.50582,-0.17573,0.12317,0.04959,-0.23313,0.10608,-0.017951
-0.16364,-0.11649,0.23138,0.16536,0.20867,0.20518,0.036746,0.30704,0.33829,0.25077,0.71697,0.82998,0.49951,0.81553,0.57059,0.39943,0.33665,-0.015444,0.50532,0.24042,0.24373,-0.15151,0.29841,0.38077,0.16556,0.2918,0.25857,0.10819,0.4154,0.1648,0.20145,0.37896,0.82965,0,0.29955,0.51794,0.38091,0.35419,0.018141,-0.14367,-0.21679,-0.046577,0.011206,0.40202,0.61278,0.58966,-0.041017,0.05038,0.0027893,0.36175,0.62991,0.3749,0.20875,0.306,0.11241,-0.10851,-0.092099,-0.43666,-0.3426,0.14576,0.33781,0.25359,0.43482,0.019145,0.00016925,0.26049,0.18383,0.37285,0.4163,-0.26955,0.35585,0.40486,0.56426,0.40188,0.31914,0.28406,0.29358,0.17162,0.61968,0.094829,0.18836,0.2777,0.10987,-0.061656,0.02383,0.17963,0.24773,-0.13524,-0.30221,-0.16996,-0.019241,-0.1883,0.33059,-0.14951,0.21148,0.14075,0.17415,0.33924,0.65878,0.12092,0.32244,0.13249,0.2989,0.026421,-0.042492
0.18653,0.21658,0.30572,0.2203,0.39451,0.5564,0.14704,0.59115,0.12291,0.46381,0.20736,0.086273,0.31174,0.22436,0.11742,0.039535,0.15577,0.197,0.31172,0.12985,-0.054086,0.2255,-0.097917,0.43866,0.11559,0.40191,0.29083,0.27757,0.31845,0.21729,0.30574,0.33244,0.63772,0.29955,0,0.60061,0.52477,0.11309,0.36334,0.36051,-0.22999,0.19211,0.73227,0.61841,0.50677,0.74403,0.34087,0.41764,0.41518,0.26076,0.42197,0.011357,0.3516,0.4207,0.28029,0.064734,0.29622,-0.058823,0.44615,0.32931,0.27373,0.14551,0.066194,-0.18153,-0.14651,0.61883,0.51668,-0.1553,-0.33464,0.11531,-0.085809,0.18826,0.37074,0.55305,0.31079,0.24052,0.22432,0.48916,0.19586,0.21449,0.17999,0.12679,-0.079165,0.46687,0.48322,0.57519,0.36549,0.20441,0.32254,0.16742,0.30298,0.31169,0.12449,0.050803,0.36276,0.18122,0.36567,0.025564,0.29908,-0.17908,0.18382,0.064899,-0.24864,0.40581,0.21799
-0.10193,-0.10604,0.2503,0.18449,0.17673,-0.002389,-0.03266,0.13821,0.15842,0.20378,0.55807,0.39663,-0.20436,-0.16138,-0.063997,-0.053616,0.039848,0.0092356,0.040779,-0.085721,-0.46521,-0.024809,-0.15696,-0.070236,0.20001,0.013752,-0.075115,-0.20876,0.2042,0.041257,0.75764,0.28587,0.23402,0.51794,0.60061,0,0.29517,0.55258,0.17691,-0.083794,-0.24657,-0.44577,0.096946,0.30314,0.52706,0.44088,0.096656,0.12935,0.1722,-0.1134,-0.096554,0.30773,-0.056021,-0.024071,-0.099467,-0.67726,-0.21221,0.31144,-0.1239,0.12531,0.20399,-0.035275,-0.045745,-0.19546,-0.40068,0.40738,0.12939,0.12706,-0.17434,0.39889,0.0098255,0.27192,0.52048,0.21002,0.16916,0.19775,0.18221,0.0087038,-0.1381,-0.19582,0.0085354,-0.11813,-0.29159,0.38046,-0.12209,-0.1971,-0.029824,0.45005,0.32628,-0.21222,-0.13741,0.24567,0.31974,0.24421,0.20079,0.055717,0.081056,0.196,0.43726,0.10513,0.15925,0.21043,0.15364,0.62816,0.65264
0.23153,0.063409,0.93243,0.85046,0.55403,0.37986,0.24887,0.5099,0.54225,0.32257,0.52406,0.42266,0.62362,0.3208,0.41818,0.4449,0.68121,0.62294,0.77841,0.57438,0.11852,0.11039,0.30417,0.41319,0.67436,0.75072,0.084654,0.039203,-0.11688,-0.21998,0.077856,0.2378,1.0536,0.38091,0.52477,0.29517,0,0.86133,0.53861,0.37614,-0.079733,-0.015562,0.067262,0.11148,0.43553,0.56607,0.19762,0.3072,0.13511,0.95238,0.63603,-0.24177,0.50181,0.34189,0.9262,0.17031,0.30525,0.059018,0.56153,0.68658,0.54254,0.29225,-0.17029,-0.48428,-0.47672,0.41036,0.28046,0.45054,0.098494,-0.18029,-0.15327,-0.12522,-0.015196,0.00022338,-0.2438,0.84702,0.62959,0.53191,0.56411,0.95059,1.0552,0.78068,0.2969,0.64208,0.25474,0.60851,0.78568,0.083286,0.25023,0.065888,0.070931,0.090574,0.051131,0.22382,0.41243,0.57477,0.62252,0.38183,0.41231,-0.19836,-0.11019,0.25446,-0.29401,0.38511,0.34819
0.066041,-0.14367,0.96641,0.97062,0.38086,0.063691,0.16053,0.11623,0.75133,0.19526,0.95034,0.69808,0.086373,-0.093361,0.25771,0.34175,0.57572,0.63322,0.5497,0.49555,-0.13924,0.049582,0.27312,0.012881,0.70763,0.34164,0.07133,-0.20042,-0.13202,-0.26151,0.37398,0.21602,0.38279,0.35419,0.11309,0.55258,0.86133,0,0.54015,0.16531,0.10524,-0.30766,-0.24975,-0.012358,0.37729,0.24174,0.054356,0.18027,0.14137,0.48744,0.18115,0.15499,0.35107,0.16713,0.61845,-0.26211,-0.073659,0.36925,0.085634,0.59749,0.54195,0.097091,-0.23788,-0.45194,-0.67965,0.27515,0.074119,0.99413,0.2854,0.12261,-0.043805,0.11613,0.095211,-0.1851,-0.38629,0.89578,0.62581,0.2321,0.33539,0.4683,0.82962,0.59525,0.2016,0.63781,-0.015634,0.054071,0.48837,0.31371,0.37169,-0.25971,-0.30783,0.0042552,0.18218,0.4832,0.27541,0.48367,0.46012,0.47987,0.55204,0.044501,-0.14592,0.49588,0.093122,0.61954,0.65175
0.64676,0.18821,1.0718,1.2074,0.62294,0.30892,0.729,0.30306,0.87623,0.37372,0.33365,0.17603,0.41278,0.1166,0.41238,0.36747,0.39911,0.90056,0.51873,0.77057,0.027903,0.40955,0.54638,0.34198,0.75672,0.65111,0.60513,0.089024,0.096495,-0.033171,0.37998,0.24741,0.19323,0.018141,0.36334,0.17691,0.53861,0.54015,0,1.1491,0.67433,0.25572,0.14539,0.019028,0.26908,0.37133,0.13753,0.45707,0.033873,0.4,0.19956,0.0027961,0.8039,0.30651,0.93782,0.13485,0.31736,0.33515,0.49675,0.75728,0.57782,0.56421,0.1839,-0.14365,-0.15306,0.20322,0.20962,0.37447,0.13275,0.31304,0.122,0.14824,0.14968,-0.08702,-0.26661,1.1181,0.89942,0.86922,0.3853,0.59528,0.4684,0.77261,0.725,0.6484,0.79051,0.43942,0.81443,0.22104,0.83731,-0.0719,-0.12414,0.53441,0.18218,0.63871,0.49368,0.67083,0.57933,0.36951,0.37427,-0.23751,-0.12142,0.17809,-0.14613,0.79588,0.64747
0.78111,0.62711,0.76545,0.78209,0.99875,0.71965,1.0478,0.71909,0.80475,0.75395,0.14188,-0.02522,0.40117,0.14958,0.52177,0.51334,0.5857,0.79348,0.57122,0.77725,0.40386,0.74859,0.62857,0.67575,0.75391,0.94821,0.73059,0.25248,0.048646,-0.090657,0.28893,0.14445,0.21748,-0.14367,0.36051,-0.083794,0.37614,0.16531,1.1491,0,0.7885,0.78767,0.46801,0.26025,0.44721,0.51802,0.038518,0.30613,0.21125,0.38809,0.31128,-0.21528,1.036,0.6575,0.99741,0.46062,0.64046,0.18008,0.67396,0.78932,0.68502,0.4693,0.31154,-0.11248,0.18754,0.01498,0.16997,0.2216,-0.027615,0.1172,0.088776,0.24169,0.1114,0.1141,-0.18166,0.74303,0.91713,0.66748,0.38772,0.60337,0.40078,0.73234,0.56422,0.67313,1.1818,0.75616,0.84885,-0.0011232,0.57754,0.13786,0.062775,0.74523,0.35845,0.62441,0.71898,0.76655,0.71628,0.31583,0.25692,-0.39121,-0.046149,0.019643,-0.34365,0.38755,0.34182
0.7291,0.42659,0.41858,0.49891,0.53409,0.1763,1.0246,0.21969,0.71507,0.25169,0.034411,-0.072445,0.014968,-0.03797,0.41496,0.50268,0.27709,0.58145,0.26482,0.52772,0.32564,0.63228,0.58771,0.20903,0.52697,0.2986,0.65563,0.098394,-0.1148,-0.25301,0.1817,-0.17973,-0.2632,-0.21679,-0.22999,-0.24657,-0.079733,0.10524,0.67433,0.7885,0,0.59625,0.23212,0.054724,0.1752,0.14794,-0.35135,-0.053007,0.24392,-0.062012,-0.01647,-0.0017592,0.7535,0.39568,0.5097,0.36368,0.38954,0.26242,0.14578,0.57605,0.48081,0.46356,0.40742,0.28149,0.34667,-0.42169,-0.18484,0.34238,0.20305,0.16274,0.2652,0.31579,0.17236,-0.12493,-0.15913,0.4306,0.56092,0.39494,0.23406,0.21926,0.062508,0.35964,0.44487,0.33767,0.70706,0.147,0.48988,-0.09802,0.35325,-0.017819,-0.083821,0.5127,0.43758,0.78405,0.56193,0.6669,0.51464,0.24525,-0.0020508,0.12108,0.17268,0.26938,0.073774,0.14894,0.15667
0.52394,0.74493,0.096921,0.098202,0.61971,0.89085,0.75623,0.7075,0.37122,0.57301,-0.085457,-0.12191,0.33538,0.3653,0.4249,0.40847,0.40864,0.28723,0.54435,0.50362,0.85756,0.6815,0.43729,0.64022,0.22475,0.51705,0.81815,0.31997,0.16952,-0.0020254,0.011031,0.086677,0.24925,-0.046577,0.19211,-0.44577,-0.015562,-0.30766,0.25572,0.78767,0.59625,0,0.87674,0.72363,0.33016,0.35335,-0.11298,0.043947,0.55884,0.28041,0.51188,-0.21799,0.86024,1.0042,0.49898,1.0394,0.83915,-0.33634,0.30578,0.3377,0.35462,0.2324,0.57292,0.10828,0.63742,-0.21199,0.018572,0.032395,-0.086504,-0.22917,0.10428,0.40746,0.11705,0.28548,0.071237,0.11228,0.3149,0.27982,0.46304,0.32597,0.14315,0.34756,0.19008,0.14481,0.99877,0.80482,0.56717,-0.36666,-0.03098,0.11624,0.22998,0.21548,0.27972,0.12084,0.44767,0.40805,0.51253,0.075688,0.049969,-0.19686,0.19719,-0.087724,-0.23464,-0.18919,-0.33261
0.57356,0.86821,0.026772,-0.027637,0.57426,0.89907,0.56643,0.77733,0.15111,0.56568,-0.090285,-0.11656,0.0914,0.13317,0.12214,0.089691,0.18929,0.15054,0.3231,0.1226,0.32076,0.45855,7.2904e-05,0.36197,0.062594,0.30494,0.50664,0.3097,0.22681,0.144,0.29666,0.17973,0.32089,0.011206,0.73227,0.096946,0.067262,-0.24975,0.14539,0.46801,0.23212,0.87674,0,1.1351,0.45644,0.56588,-0.13217,-0.015435,0.93051,0.061403,0.34669,-0.077249,0.61853,0.76699,0.22702,0.60957,0.77211,-0.20569,0.2908,0.34632,0.22593,0.17531,0.41514,0.16257,0.4566,-0.045229,0.03998,-0.16084,-0.33318,0.16343,0.095611,0.40066,0.33828,0.44205,0.20117,-0.030204,0.10927,0.29398,0.12864,0.14117,-0.049731,0.038911,-0.18356,0.32483,0.72318,0.59186,0.2893,-0.20222,0.094843,0.21014,0.40714,0.41802,0.36945,0.18015,0.4874,0.35527,0.53273,-0.063905,-0.0056833,-0.033486,0.41525,0.030058,-0.30118,0.097431,-0.11037
0.27399,0.63235,0.055642,-0.0030302,0.57307,0.85971,0.42505,0.77986,0.2516,0.65095,0.2731,0.23518,0.086882,0.2462,0.2215,0.17813,0.38331,0.10578,0.58321,0.29272,0.39648,0.35786,0.1295,0.41832,0.15051,0.34371,0.49337,0.082095,0.4091,0.14516,0.4672,0.38045,0.55467,0.40202,0.61841,0.30314,0.11148,-0.012358,0.019028,0.26025,0.054724,0.72363,1.1351,0,0.71338,0.63493,-0.016295,0.059048,0.93064,0.22543,0.43195,0.078977,0.55188,0.89521,0.19543,0.41134,0.57828,-0.30076,0.065939,0.24062,0.31175,-0.0097239,0.43868,-0.050964,0.2757,0.12371,0.097109,0.11812,-0.22141,-0.012364,0.053709,0.60228,0.39905,0.46187,0.24743,0.035998,0.17523,0.045514,0.29995,0.092764,0.07904,0.13734,-0.2369,0.26909,0.48496,0.49994,0.31769,-0.10115,-0.029871,-0.033466,0.24178,0.099285,0.41384,0.050255,0.34796,0.30474,0.45661,0.22985,0.39595,-0.010196,0.37599,0.03302,-0.12517,0.11721,-0.046647
0.23222,0.48143,0.64506,0.48341,1.1851,0.76551,0.59283,1.1386,0.81059,1.1857,0.68146,0.43326,0.26425,0.34963,0.84984,0.83563,0.93464,0.4172,0.68328,0.45838,0.56715,0.54085,0.54681,0.87455,0.70497,0.85765,0.47527,0.22064,0.066416,-0.16306,0.43765,0.088019,0.58067,0.61278,0.50677,0.52706,0.43553,0.37729,0.26908,0.44721,0.1752,0.33016,0.45644,0.71338,0,1.5412,-0.15648,0.038497,0.44285,0.31017,0.52188,0.24734,0.72412,0.9269,0.50422,0.076,0.34211,-0.058471,0.099635,0.79963,1.1658,0.29781,0.43165,-0.044934,0.1284,0.13944,0.21469,0.49384,0.16207,-0.095731,0.25831,0.60399,0.60778,0.56189,0.19931,0.56724,0.91447,0.23376,0.41883,0.22456,0.26993,0.47076,0.041296,0.54034,0.39754,0.40582,0.44785,-0.070507,0.060211,0.11352,0.095472,0.4916,1.0492,0.45529,0.87824,0.72854,0.70895,0.65448,0.79231,-0.022939,0.37077,0.27305,0.040035,0.19807,0.28789
0.41706,0.50462,0.68097,0.51085,1.1436,0.74562,0.66148,1.1704,0.69399,0.94701,0.42341,0.26669,0.52648,0.56062,0.85512,0.74325,0.71965,0.42245,0.67642,0.47169,0.55328,0.47417,0.57161,1.0594,0.66203,1.012,0.47779,0.28368,0.073607,-0.11058,0.28625,0.053795,0.71346,0.58966,0.74403,0.44088,0.56607,0.24174,0.37133,0.51802,0.14794,0.35335,0.56588,0.63493,1.5412,0,-0.10034,0.09864,0.3358,0.39979,0.64189,0.13303,0.78381,0.79007,0.57311,0.23692,0.51762,-0.15101,0.27573,0.81806,0.9782,0.4371,0.43695,-0.007451,0.11056,0.2047,0.28145,0.28743,0.11848,-0.09556,0.23297,0.36532,0.54518,0.51979,0.21637,0.63252,0.8868,0.48496,0.4585,0.35354,0.22785,0.5009,0.14315,0.53623,0.54185,0.56585,0.50587,-0.14499,0.094251,0.20595,0.20821,0.58018,0.78405,0.3525,0.83443,0.77295,0.72903,0.60669,0.70646,-0.092684,0.34181,0.20621,-0.12905,0.25171,0.27153
