,,,,,,,,,,,,,,,,,,,,,,,,,,,,,,,,,,,,,,,,,,,,,,,,,,,,,,,,,,,,,,,,,,,,,,,,,,,,,,,,,,,,,,,,,,,,,,,,,,,,,,,,
0,1.2087,0.43284,0.25723,0.7262,0.44286,1.0341,0.48286,0.60112,0.72338,-0.083092,-0.31943,0.025602,-0.076957,0.34555,0.49757,0.57321,0.50694,0.09433,0.2059,0.52351,0.5827,0.49564,0.58758,0.28489,0.49438,0.49419,0.62671,0.39635,0.22884,0.24569,0.061923,-0.04317,-0.40737,0.43514,-0.27684,0.03469,-0.29541,0.020795,0.25891,0.54384,0.85445,0.99236,0.75068,0.40023,0.42476,-0.33514,-0.084813,0.5767,0.31279,0.21182,0.050263,0.90513,0.75758,0.49659,0.86309,0.68457,-0.37848,0.3354,0.75762,0.55063,0.11041,0.078002,0.22785,0.44397,-0.16414,0.14659,0.1794,0.098656,0.072974,0.0010232,0.2064,-0.075148,0.18889,-0.10334,0.29646,0.19565,0.11071,0.090684,0.16234,-0.18721,0.43381,0.3561,0.63885,0.42051,0.35773,0.061453,-0.40296,-0.093492,0.32939,0.44555,0.56234,0.39895,0.59657,0.43834,0.71623,0.62634,0.51223,0.41204,-0.10702,0.10488,0.11065,-0.52144,0.18715,0.322
1.2087,0,0.30418,0.19773,0.81436,0.69401,1.0086,0.87142,0.44591,1.0351,-0.25093,-0.22934,0.26342,0.048085,0.33638,0.46939,0.5496,0.392,0.18163,0.1998,0.50614,0.60546,0.61104,0.72623,0.36901,0.70023,0.29939,0.42884,0.082907,0.06188,0.195,0.082187,0.1344,-0.24898,0.54303,-0.23762,-0.055826,-0.33431,-0.074051,0.4551,0.41765,1.161,0.92715,0.81131,0.40477,0.53514,-0.38755,-0.24811,0.38554,0.43377,0.35156,-0.21891,0.68982,0.74393,0.42284,1.0045,0.96713,-0.31217,0.54479,0.57349,0.53899,0.021903,-0.099269,0.010767,0.30542,-0.37612,-0.05307,0.053339,0.010092,-0.11861,-0.13221,-0.034673,-0.21462,-0.00017244,-0.25369,0.19881,0.24853,0.19158,0.14596,0.22198,-0.16383,0.31517,0.09236,0.58533,0.49843,0.57863,0.052435,-0.46347,-0.11232,0.32789,0.39629,0.37333,0.304,0.37441,0.46457,0.60831,0.48741,0.49465,0.27565,-0.48466,-0.097894,-0.18905,-0.72721,0.10111,0.13064
0.43284,0.30418,0,1.8959,0.73902,0.34387,0.55528,0.62777,1.281,0.69522,0.95066,0.3966,0.27444,0.16914,0.94128,0.87134,0.95993,1.3138,0.71078,1.035,0.33203,0.42514,0.48038,0.49059,0.80422,0.7664,0.70087,0.61921,-0.0040381,-0.026084,0.22489,-0.06905,0.18285,-0.1242,0.39446,-0.17524,0.70249,0.4143,1.1877,0.93983,0.78034,0.27803,0.22053,-0.022373,0.61472,0.67742,0.096494,0.28546,0.33885,0.27362,0.29551,0.4239,0.95277,0.77351,1.3715,0.087523,0.11792,0.072679,0.29781,1.1751,0.96981,0.75252,0.29127,0.48714,0.46174,0.32621,0.38591,0.46281,0.32073,-0.032031,0.54945,0.59399,0.32279,0.63482,0.10764,1.9912,1.3807,1.0029,0.86407,0.63088,0.50799,1.3392,1.0692,1.2544,1.0891,0.71896,1.0832,0.16018,0.44698,0.52158,0.34585,0.74835,0.86949,0.95259,1.0678,1.1907,1.2769,0.58067,0.57106,0.29109,0.52233,0.615,0.16711,0.27914,0.61948
0.25723,0.19773,1.8959,0,0.54337,0.28043,0.34531,0.52453,1.0176,0.55471,0.96043,0.55868,0.32718,0.18093,0.6961,0.6628,0.69571,1.1417,0.73232,0.97519,0.13256,0.23802,0.31701,0.3478,0.76615,0.5974,0.64004,0.55471,0.0021907,0.0089475,0.31873,0.046312,0.29995,0.0055865,0.43734,-0.040427,0.79226,0.56764,1.3705,0.91612,0.6452,0.13438,0.086904,-0.14002,0.4778,0.51263,0.20358,0.31914,0.16408,0.27102,0.25173,0.32716,0.69457,0.57708,1.301,-0.036707,0.050043,0.23661,0.31547,0.81374,0.70263,0.74291,0.27881,0.34751,0.30967,0.3474,0.28804,0.4313,0.30067,0.069815,0.56915,0.49059,0.31818,0.4754,0.001388,1.5512,1.2173,1.351,1.0295,0.76622,0.62251,1.0864,0.89985,1.2405,0.92309,0.67313,1.1888,0.28466,0.66395,0.40492,0.23023,0.48874,0.568,0.7406,0.85544,0.94974,1.0378,0.51832,0.51445,0.22938,0.40821,0.56776,0.18599,0.35723,0.6078
0.7262,0.81436,0.73902,0.54337,0,1.0286,1.3917,1.153,0.88093,0.93331,0.18074,-0.13598,0.70207,0.55678,1.0666,0.90218,1.306,0.65433,0.81762,0.85954,1.0357,0.9475,1.317,1.1919,1.0356,1.6789,0.716,0.72657,-0.068054,-0.22595,-0.097565,-0.2934,0.38556,-0.0073639,0.70071,-0.28951,0.34129,-0.060214,0.45225,0.96926,0.97985,1.0587,0.71671,0.36194,1.2274,1.4086,-0.37496,-0.078295,0.80346,0.81237,0.81806,-0.047969,1.4218,1.3828,1.0012,0.81006,0.82656,-0.27224,0.45545,1.1825,1.1425,0.56752,0.40414,0.28745,0.62471,-0.054018,0.17969,0.19291,0.099365,-0.30569,0.33868,0.24794,0.05501,0.52247,0.012389,0.78341,0.88966,0.43856,0.53922,0.66649,0.2972,0.90726,0.35064,0.65745,0.83216,1.0203,0.55552,-0.42149,-0.040064,0.38114,0.3149,0.71151,0.83393,0.76572,1.2405,0.98307,0.77488,0.65163,0.41688,-0.072649,0.54005,0.21647,-0.24379,-0.11867,0.0896
0.44286,0.69401,0.34387,0.28043,1.0286,0,0.78068,0.99421,0.42241,0.58364,-0.061875,0.090956,0.9998,0.82074,0.53259,0.31001,0.69806,0.36583,0.79896,0.46189,0.58249,0.29139,0.60203,0.48353,0.58977,0.96326,0.47105,0.23218,-0.1534,-0.12632,0.10256,0.042204,0.85619,0.33741,0.93033,0.01182,0.37343,0.040489,0.28197,0.68725,0.36076,0.80221,0.55702,0.36186,0.65938,0.80295,-0.54617,-0.35287,0.63319,1.3959,1.219,-0.38268,0.76747,0.79725,0.65327,0.76715,0.79561,-0.28978,0.28819,0.45349,0.44801,0.5273,0.40803,-0.068073,0.2727,-0.35274,-0.2663,0.34154,0.15055,-0.11193,0.29983,0.047171,-0.028554,0.0577,-0.40391,0.43703,0.4984,0.47566,0.50845,0.62913,0.33607,0.50228,-0.10556,0.33034,0.56546,1.0347,0.39554,-0.65986,-0.10061,-0.011495,-0.048711,0.22847,0.41078,0.18319,0.6123,0.59429,0.51469,0.18082,0.35557,-0.3613,0.19579,-0.0092903,-0.436,0.025983,-0.28536
1.0341,1.0086,0.55528,0.34531,1.3917,0.78068,0,0.93281,0.83335,0.96815,-0.046322,-0.34455,0.38947,0.41336,0.88761,0.93944,0.87055,0.56387,0.39304,0.49466,1.0836,1.0931,1.1541,1.1564,0.61781,1.0189,0.73583,0.67489,0.10076,-0.16775,-0.10332,-0.3109,0.057441,-0.22174,0.4966,-0.43443,0.066343,-0.3309,0.17374,0.60464,0.99381,1.4743,0.88418,0.58821,0.8118,0.92411,-0.47646,-0.16737,0.74348,0.47992,0.59356,0.024666,1.4242,1.4932,0.75218,1.0469,0.85016,-0.493,0.3104,0.97093,1.0511,0.41803,0.3843,0.44716,0.83834,-0.23954,0.11394,0.10253,0.088094,-0.41816,0.20643,0.26354,-0.064508,0.37116,-0.029352,0.52845,0.6116,0.28454,0.39151,0.31014,-0.014999,0.61228,0.35417,0.56159,0.80059,0.73772,0.30595,-0.56819,-0.21404,0.32202,0.30792,0.7521,0.82304,0.7259,0.95136,1.0018,0.81582,0.70933,0.6551,-0.095699,0.40764,0.14606,-0.34683,-0.11374,0.12958
0.48286,0.87142,0.62777,0.52453,1.153,0.99421,0.93281,0,0.62019,1.1284,0.14084,0.18447,0.73815,0.44326,0.80732,0.70367,0.89145,0.518,0.69246,0.67286,0.69779,0.6216,0.90657,0.84733,0.82144,1.3639,0.41526,0.38587,-0.35845,-0.26987,-0.034622,-0.13165,0.41044,0.0030702,0.53307,-0.26525,0.37106,0.10784,0.34328,1.1793,0.51895,0.94137,0.53138,0.38612,0.76111,1.1151,-0.16402,-0.12624,0.42458,0.71359,0.81037,-0.063133,0.86087,0.98548,0.85471,0.60296,0.70041,-0.12287,0.5989,0.72952,0.81137,0.4306,0.11468,0.11429,0.37321,-0.042271,0.065121,0.1579,0.070385,-0.33972,0.2133,0.14616,0.045577,0.32425,-0.061895,0.65276,0.83865,0.56249,0.62011,0.57123,0.3602,0.6898,0.21183,0.59257,0.83355,1.1731,0.55513,-0.24515,0.037799,0.47566,0.34638,0.37822,0.56148,0.43357,0.98953,0.92946,0.81263,0.61444,0.33317,-0.28331,0.18024,0.099346,-0.22371,-0.12623,-0.0015828
0.60112,0.44591,1.281,1.0176,0.88093,0.42241,0.83335,0.62019,0,0.90694,0.67618,0.18789,0.35819,0.35733,1.0819,1.3143,0.8947,0.93584,0.54827,0.62352,0.58775,0.70546,0.76842,0.75962,0.72355,0.7154,1.0141,0.85262,0.17123,-0.13577,0.17371,-0.078348,0.16351,0.017678,0.51789,-0.099505,0.38483,0.14766,0.61168,0.59023,0.95939,0.58252,0.48845,0.33205,0.85597,0.81144,-0.28953,-0.021365,0.44845,0.28738,0.4743,0.42007,1.2954,1.2361,1.1312,0.33981,0.29334,-0.32367,0.065681,1.1491,1.3155,0.6441,0.48862,0.55307,0.61027,-0.0091247,0.19167,0.45207,0.4665,-0.24388,0.51755,0.74365,0.38419,0.60865,0.031984,1.0804,1.0556,0.77696,0.8297,0.42641,0.20306,0.85874,0.73108,0.85699,0.88193,0.60029,0.64117,-0.23301,0.029854,0.20016,0.12749,0.6103,0.94429,0.81621,1.0703,1.0148,1.0931,0.59121,0.86593,0.13352,0.48368,0.46308,0.075424,0.16313,0.42158
0.72338,1.0351,0.69522,0.55471,0.93331,0.58364,0.96815,1.1284,0.90694,0,0.22847,0.045129,0.46403,0.22129,0.71838,0.93566,0.70959,0.58509,0.32993,0.34828,0.49672,0.79998,0.76772,1.1327,0.46879,0.88104,0.42549,0.64065,0.05453,-0.0061858,0.072761,-0.015313,0.11752,-0.1676,0.47791,-0.23976,0.099647,-0.14377,0.17088,0.65714,0.56496,0.85674,0.49765,0.46673,0.55357,0.68025,-0.42185,-0.28227,0.33437,0.37121,0.45223,0.11735,0.89949,1.0168,0.65506,0.53602,0.46192,-0.25418,0.40656,0.89296,1.1325,0.3105,0.036828,0.20281,0.33894,-0.30616,-0.0712,0.20784,0.29196,-0.37909,-0.040321,0.12847,-0.041537,0.16199,-0.20991,0.54917,0.70205,0.52259,0.45374,0.31402,-0.0027041,0.57851,0.35883,0.6985,0.6861,0.69508,0.26411,-0.36539,-0.09298,0.35578,0.24101,0.45648,0.61184,0.69184,0.88864,0.97958,0.83586,0.66678,0.4964,-0.24305,0.10652,0.15215,-0.18293,0.085282,0.32366
-0.083092,-0.25093,0.95066,0.96043,0.18074,-0.061875,-0.046322,0.14084,0.67618,0.22847,0,0.6337,0.059175,0.012846,0.49162,0.50304,0.46672,0.65298,0.45363,0.53298,-0.014862,0.1046,0.066597,0.091257,0.34036,0.20874,0.32136,0.2808,-0.099084,-0.065043,0.20302,0.027961,0.16335,0.077046,0.14252,0.11209,0.599,0.5938,0.85185,0.34468,0.2414,-0.21516,-0.10816,-0.20738,0.3489,0.31191,0.20802,0.35136,0.093993,-0.0077195,0.058949,0.55297,0.33563,0.24004,0.53059,-0.34984,-0.3059,0.1556,0.0055889,0.54719,0.49395,0.47994,0.19886,0.29098,0.053299,0.49333,0.35718,0.53129,0.38944,-0.024891,0.41484,0.59105,0.64126,0.56418,0.28911,0.88521,0.69805,0.58923,0.48632,0.29589,0.40344,0.62368,0.63491,0.50996,0.36896,0.16018,0.64368,0.35288,0.35965,0.21379,0.12788,0.31215,0.51335,0.4412,0.43816,0.39264,0.50042,0.20275,0.22974,0.57536,0.46881,0.73669,0.66037,0.33641,0.5451
-0.31943,-0.22934,0.3966,0.55868,-0.13598,0.090956,-0.34455,0.18447,0.18789,0.045129,0.6337,0,0.27411,0.10756,0.065374,-0.012869,0.074723,0.19626,0.36417,0.21851,-0.30769,-0.44294,-0.20966,-0.3638,0.16431,-0.014068,0.07638,-0.13884,-0.18792,0.10905,0.5831,0.61575,0.49038,0.53063,0.080687,0.49544,0.79718,1.3904,0.55115,0.32063,-0.18798,-0.37419,-0.32091,-0.18615,0.01886,0.078077,0.28284,0.070549,-0.20753,0.17856,0.26439,0.27897,-0.024706,-0.046215,0.34048,-0.5215,-0.36054,0.36218,-0.10226,-0.035188,-0.042653,0.31673,0.07404,-0.11605,-0.3168,0.30477,-0.06402,0.48311,0.34009,0.37286,0.49954,0.35853,0.59768,0.056407,-0.084945,0.40772,0.3203,0.6795,0.64316,0.34651,0.70021,0.26371,0.12814,0.23729,0.16499,0.23702,0.57299,0.38368,0.41676,-0.040106,-0.16733,-0.30493,-0.017374,-0.16258,0.11792,0.18558,0.33937,-0.048355,0.13143,0.040762,-0.1323,0.3193,0.42891,0.17631,0.02586
0.025602,0.26342,0.27444,0.32718,0.70207,0.9998,0.38947,0.73815,0.35819,0.46403,0.059175,0.27411,0,1.2387,0.39894,0.23063,0.38716,0.082561,0.89836,0.45226,0.36261,0.18187,0.52946,0.51222,0.62052,0.72578,0.35277,0.29972,-0.056046,-0.10903,-0.078584,0.051372,1.0296,0.65208,0.68258,0.12952,0.54448,0.27031,0.3624,0.68458,0.27677,0.38831,0.11527,0.00075074,0.57609,0.62201,-0.39234,-0.42453,0.31314,1.3018,1.2443,-0.29111,0.46796,0.55269,0.62665,0.32375,0.38524,-0.060302,0.17057,0.23806,0.35903,0.52369,0.49726,-0.15434,0.12674,-0.23483,-0.42591,0.073722,0.074612,-0.12867,0.30096,-0.069451,-0.012421,0.0069183,-0.47876,0.38893,0.57765,0.63729,0.78417,0.9971,0.66996,0.43917,-0.097161,0.18825,0.32955,0.93124,0.49212,-0.43112,-0.020875,-0.15395,-0.33572,-0.041433,0.18019,0.13681,0.61099,0.44909,0.38622,0.17628,0.25872,-0.38759,0.13667,0.055928,-0.14064,-0.19785,-0.26865
-0.076957,0.048085,0.16914,0.18093,0.55678,0.82074,0.41336,0.44326,0.35733,0.22129,0.012846,0.10756,1.2387,0,0.4794,0.26163,0.29502,0.048934,0.79375,0.37414,0.5317,0.20311,0.51374,0.39424,0.43906,0.50712,0.4796,0.16674,-0.00561,-0.26973,-0.2257,-0.15783,0.67741,0.63062,0.45987,0.011229,0.33483,0.088816,0.28728,0.40109,0.33902,0.413,0.11375,0.0097007,0.54165,0.52699,-0.54783,-0.51067,0.45398,0.82973,1.1257,-0.14709,0.47005,0.60038,0.49742,0.37054,0.33732,-0.39176,-0.21134,0.14073,0.3328,0.62291,0.97239,0.15995,0.4341,-0.32132,-0.45056,0.058125,0.079301,-0.37199,0.46447,0.12675,0.014415,0.056947,-0.35938,0.32159,0.51989,0.48072,0.75947,0.60457,0.47357,0.33467,-0.077137,-0.020776,0.38357,0.70732,0.44369,-0.64835,-0.29034,-0.40085,-0.54877,0.012716,0.34291,0.02617,0.46712,0.34143,0.34087,0.089144,0.51696,-0.14106,0.3723,0.086036,-0.017084,-0.30456,-0.38808
0.34555,0.33638,0.94128,0.6961,1.0666,0.53259,0.88761,0.80732,1.0819,0.71838,0.49162,0.065374,0.39894,0.4794,0,1.3115,1.2832,0.93905,0.67472,0.90316,0.98269,0.87545,1.1677,0.8205,0.93533,1.0618,0.78887,0.55921,-0.25411,-0.51574,-0.15406,-0.48302,0.076382,-0.066127,0.2608,-0.3549,0.27803,0.076821,0.58715,0.81991,1.0427,0.64784,0.3498,0.1621,1.0973,1.1203,-0.18561,0.083798,0.60501,0.29339,0.51402,0.40878,1.095,1.1673,0.92632,0.321,0.32536,-0.27841,0.11462,1.1472,1.4824,0.91914,0.51797,0.75956,0.81383,0.13687,0.41953,0.37969,0.37762,-0.47927,0.57452,0.63021,0.26337,0.86273,0.33554,1.0034,1.1822,0.47683,0.66107,0.34558,0.29562,0.98464,0.64958,0.47649,1.0243,0.71898,0.69092,-0.16589,-0.062177,0.38291,0.25946,0.65341,1.1536,0.75805,1.2268,0.90557,0.83487,0.70689,0.61215,0.26503,0.869,0.42176,0.22698,-0.22827,0.081851
0.49757,0.46939,0.87134,0.6628,0.90218,0.31001,0.93944,0.70367,1.3143,0.93566,0.50304,-0.012869,0.23063,0.26163,1.3115,0,0.96396,0.78407,0.39179,0.58969,0.82432,1.3326,1.109,1.0251,0.72287,0.73135,0.82074,0.77761,-0.03587,-0.39198,-0.015036,-0.28949,-0.0384,-0.095067,0.31356,-0.22451,0.12325,-0.041883,0.37082,0.56018,1.1176,0.73833,0.54768,0.43656,1.0314,1.0012,-0.23154,0.095492,0.46774,0.10086,0.36922,0.41927,1.1207,1.266,0.77283,0.40247,0.38827,-0.30663,0.16209,1.1744,1.8459,0.53247,0.40844,0.67631,0.67094,0.039077,0.38827,0.25445,0.33817,-0.55876,0.39613,0.63815,0.38409,0.73256,0.34083,0.73577,0.86468,0.41124,0.54895,0.20809,0.028835,0.64558,0.58059,0.59958,0.76325,0.44923,0.46054,-0.15513,-0.072291,0.3537,0.33655,0.63062,1.0076,0.7983,1.0778,0.85143,0.77881,0.95643,0.65492,0.21807,0.6175,0.40709,0.20828,-0.10203,0.34639
0.57321,0.5496,0.95993,0.69571,1.306,0.69806,0.87055,0.89145,0.8947,0.70959,0.46672,0.074723,0.38716,0.29502,1.2832,0.96396,0,0.9484,0.85568,1.0691,0.89227,0.80128,0.9731,0.68834,1.0728,1.2303,0.57251,0.47928,-0.26713,-0.32593,0.020812,-0.22188,0.26959,-0.074449,0.43745,-0.24112,0.47736,0.15215,0.6514,0.90552,0.79696,0.64146,0.60853,0.28902,1.0901,1.2864,-0.10517,0.24578,0.76136,0.49953,0.51495,0.2008,1.1513,1.0372,0.96713,0.4878,0.55129,-0.15838,0.40055,1.4513,1.1599,0.66926,0.33655,0.4298,0.58326,0.21228,0.50504,0.34472,0.16905,-0.21213,0.46822,0.44776,0.24846,0.72899,0.30963,1.0069,0.9579,0.38548,0.47573,0.52597,0.37574,1.173,0.57118,0.6568,0.92086,0.82925,0.72623,-0.10217,0.086705,0.56928,0.56395,0.78785,0.98563,0.75324,1.1535,0.89316,0.77128,0.6044,0.2894,0.14616,0.64262,0.27584,-0.020303,-0.045981,0.20377
0.50694,0.392,1.3138,1.1417,0.65433,0.36583,0.56387,0.518,0.93584,0.58509,0.65298,0.19626,0.082561,0.048934,0.93905,0.78407,0.9484,0,0.50774,0.8219,0.32932,0.41436,0.41002,0.39074,0.66299,0.67605,0.65749,0.47468,-0.10611,-0.17723,0.2962,-0.13067,0.078419,-0.26476,0.39504,-0.218,0.36246,0.16936,0.82243,0.69653,0.73103,0.35307,0.29728,0.071201,0.54498,0.54389,0.044824,0.34062,0.36791,0.16414,0.10955,0.29569,0.82488,0.69103,0.94386,0.17304,0.20854,-0.018166,0.27875,1.0143,0.86262,0.86861,0.26816,0.54162,0.48573,0.21785,0.45851,0.62825,0.43753,-0.027489,0.4111,0.50358,0.1779,0.54342,0.15164,1.0861,0.87248,0.69076,0.54827,0.36712,0.23245,1.0107,0.8329,0.92803,1.0228,0.55434,0.7106,0.10051,0.36806,0.43087,0.3785,0.66052,0.73377,0.81222,0.75036,0.9075,0.8856,0.6179,0.58071,0.335,0.63897,0.48001,0.09816,0.35521,0.45504
0.09433,0.18163,0.71078,0.73232,0.81762,0.79896,0.39304,0.69246,0.54827,0.32993,0.45363,0.36417,0.89836,0.79375,0.67472,0.39179,0.85568,0.50774,0,1.2556,0.54207,0.24498,0.52552,0.36572,0.98079,0.87196,0.45551,0.24522,-0.24926,-0.22957,-0.047166,-0.1232,0.83221,0.31776,0.55761,-0.12434,0.89637,0.46157,0.92284,0.95489,0.44129,0.33908,0.26533,-0.054633,0.72531,0.85481,-0.026015,0.02497,0.62259,0.883,0.80431,0.016426,0.66829,0.67102,1.0373,0.33396,0.46093,-0.050413,0.24519,0.58471,0.50643,0.71217,0.54523,0.23492,0.45201,0.22222,0.07348,0.1592,-0.03403,-0.11014,0.62744,0.28211,0.16452,0.38876,-0.045806,0.92292,1.0009,0.74902,0.91588,1.2153,0.97796,0.99105,0.3332,0.47193,0.77963,1.1603,1.1661,-0.10411,0.20201,0.19436,0.10608,0.3116,0.50089,0.27493,0.71111,0.62517,0.63137,0.2813,0.2326,0.077571,0.54923,0.23885,-0.015297,-0.074982,-0.012533
0.2059,0.1998,1.035,0.97519,0.85954,0.46189,0.49466,0.67286,0.62352,0.34828,0.53298,0.21851,0.45226,0.37414,0.90316,0.58969,1.0691,0.8219,1.2556,0,0.57863,0.43588,0.63964,0.45974,1.2945,1.0049,0.49405,0.37711,-0.30402,-0.29924,-0.090041,-0.3421,0.33558,-0.050272,0.2959,-0.34721,0.80824,0.42611,1.2462,1.3056,0.75059,0.31013,0.21343,-0.16246,0.77118,0.90545,0.27622,0.40706,0.498,0.46789,0.40025,0.18328,0.72897,0.64908,1.2159,0.20084,0.34368,0.14335,0.42384,0.85802,0.68676,0.74809,0.3874,0.46058,0.61191,0.56838,0.54166,0.098097,-0.093821,-0.093068,0.64886,0.36671,0.16742,0.73632,0.29987,1.2731,1.2389,0.6438,0.78328,0.97045,0.90446,1.3995,0.75443,0.74059,1.0283,0.98457,1.4899,0.22175,0.43618,0.61224,0.46217,0.65435,0.67696,0.64216,0.96045,0.81795,0.76566,0.58928,0.23853,0.28397,0.7431,0.38102,0.097266,-0.12485,0.24632
0.52351,0.50614,0.33203,0.13256,1.0357,0.58249,1.0836,0.69779,0.58775,0.49672,-0.014862,-0.30769,0.36261,0.5317,0.98269,0.82432,0.89227,0.32932,0.54207,0.57863,0,1.0277,1.3742,0.82685,0.69167,0.82618,0.5967,0.42672,-0.15494,-0.51399,-0.37898,-0.56885,0.051663,-0.10113,0.19756,-0.54489,0.066691,-0.20813,0.10568,0.4622,0.76765,1.1145,0.78585,0.53467,1.0354,1.1079,-0.32277,-0.136,0.9912,0.38127,0.63429,0.22305,0.95708,1.1601,0.5609,0.87231,0.814,-0.6624,0.066876,0.73975,0.83151,0.38846,0.51348,0.67015,1.0716,0.02543,0.30332,-0.022044,-0.011642,-0.55963,0.39589,0.47871,0.1156,0.68712,0.34654,0.39562,0.53286,0.025154,0.32367,0.22493,0.11047,0.53452,0.2825,0.14423,0.60846,0.5914,0.32579,-0.49354,-0.46065,0.27817,0.31717,0.49038,0.75302,0.34801,0.67146,0.5699,0.50572,0.59826,0.38899,0.10783,0.65892,0.12126,-0.088463,-0.59101,-0.20156
0.5827,0.60546,0.42514,0.23802,0.9475,0.29139,1.0931,0.6216,0.70546,0.79998,0.1046,-0.44294,0.18187,0.20311,0.87545,1.3326,0.80128,0.41436,0.24498,0.43588,1.0277,0,1.2622,1.3378,0.57868,0.71903,0.49852,0.66885,-0.020283,-0.38727,-0.27059,-0.45632,-0.15442,-0.2407,0.22601,-0.39249,-0.11196,-0.38626,0.065452,0.405,0.96717,0.93111,0.69321,0.51938,0.89286,0.90939,-0.31713,0.039945,0.56623,0.10546,0.29092,0.17288,0.89071,1.0341,0.44482,0.67512,0.60827,-0.3757,0.27897,0.9554,1.2818,0.23459,0.26939,0.52548,0.67597,-0.071933,0.35704,-0.09028,0.017175,-0.69668,0.095417,0.25575,0.087952,0.53493,0.3637,0.35918,0.50959,0.032228,0.1872,0.11679,-0.14975,0.42143,0.34166,0.36724,0.50504,0.35855,0.17774,-0.28652,-0.25692,0.40379,0.46122,0.69129,0.79336,0.72457,0.83748,0.60671,0.44458,0.90663,0.34356,0.09926,0.52834,0.15625,-0.011077,-0.29916,0.25329
0.49564,0.61104,0.48038,0.31701,1.317,0.60203,1.1541,0.90657,0.76842,0.76772,0.066597,-0.20966,0.52946,0.51374,1.1677,1.109,0.9731,0.41002,0.52552,0.63964,1.3742,1.2622,0,1.2678,0.94608,1.08,0.71209,0.72539,-0.14367,-0.46305,-0.27421,-0.46981,0.11877,0.018871,0.32874,-0.32176,0.096649,-0.11659,0.21845,0.70587,1.1135,1.059,0.62516,0.43355,1.3122,1.3452,-0.3196,-0.076563,0.62017,0.42551,0.68443,0.14364,1.0112,1.2171,0.684,0.65337,0.69602,-0.33507,0.25869,0.88731,1.1328,0.41395,0.40018,0.45266,0.71842,-0.0059577,0.30966,0.04612,0.10871,-0.5157,0.39979,0.37743,0.16878,0.68699,0.27906,0.51123,0.70151,0.21792,0.46709,0.35523,0.16159,0.58379,0.29778,0.35793,0.63179,0.65088,0.38845,-0.34933,-0.21744,0.34942,0.29731,0.48583,0.72567,0.59561,1.0531,0.65929,0.52702,0.76069,0.38412,-0.050536,0.52046,0.14177,-0.054951,-0.50129,-0.082746
0.58758,0.72623,0.49059,0.3478,1.1919,0.48353,1.1564,0.84733,0.75962,1.1327,0.091257,-0.3638,0.51222,0.39424,0.8205,1.0251,0.68834,0.39074,0.36572,0.45974,0.82685,1.3378,1.2678,0,0.60804,0.96959,0.53525,0.90298,0.06781,-0.20547,-0.33904,-0.45451,0.036211,-0.17828,0.40904,-0.42356,-0.032911,-0.36205,0.1247,0.59802,0.92943,0.99597,0.52293,0.34016,0.82165,0.83923,-0.43253,-0.2031,0.4916,0.37474,0.47054,0.043333,0.92946,1.077,0.58116,0.67683,0.59545,-0.30028,0.40254,0.89672,1.2096,0.29205,0.22683,0.32328,0.56694,-0.1923,0.083059,-0.056955,0.071959,-0.62175,0.0043334,0.075204,-0.10706,0.36677,0.0084598,0.44013,0.65463,0.27569,0.35089,0.35535,-0.015429,0.51634,0.31506,0.47383,0.53783,0.57529,0.21654,-0.42226,-0.19027,0.33823,0.24146,0.55808,0.63114,0.83393,0.96192,0.74442,0.54761,0.79578,0.38863,-0.091527,0.40628,0.17726,-0.13235,-0.22768,0.1992
0.28489,0.36901,0.80422,0.76615,1.0356,0.58977,0.61781,0.82144,0.72355,0.46879,0.34036,0.16431,0.62052,0.43906,0.93533,0.72287,1.0728,0.66299,0.98079,1.2945,0.69167,0.57868,0.94608,0.60804,0,1.1564,0.59688,0.51513,-0.31816,-0.51883,-0.0099468,-0.24336,0.47322,0.15907,0.50804,-0.11438,0.65914,0.38167,0.82772,1.2051,0.82051,0.5047,0.39262,0.090343,1.1778,1.2676,0.14342,0.31406,0.33977,0.56508,0.56325,-0.0085467,0.76126,0.76628,1.1723,0.30855,0.53992,0.076035,0.45713,0.7766,0.75021,0.64709,0.36981,0.24447,0.48362,0.36445,0.48723,0.088507,-0.00062395,-0.090726,0.64627,0.37665,0.27432,0.80731,0.27312,0.91493,1.0254,0.56085,0.75852,0.89566,0.70594,0.90109,0.45365,0.63292,0.77888,0.93525,0.98827,0.079928,0.32282,0.44759,0.36046,0.45936,0.52606,0.52265,1.0708,0.64998,0.57515,0.61365,0.23495,-0.052286,0.49139,0.14503,-0.077132,-0.19645,0.077267
0.49438,0.70023,0.7664,0.5974,1.6789,0.96326,1.0189,1.3639,0.7154,0.88104,0.20874,-0.014068,0.72578,0.50712,1.0618,0.73135,1.2303,0.67605,0.87196,1.0049,0.82618,0.71903,1.08,0.96959,1.1564,0,0.44386,0.45118,-0.32367,-0.35189,-0.16967,-0.35032,0.36806,-0.065366,0.51895,-0.35708,0.42594,0.039534,0.5626,1.3679,0.72569,0.81492,0.45325,0.16487,0.96086,1.2674,-0.17532,-0.0040545,0.51389,0.75038,0.67793,-0.09672,0.95528,0.97408,0.97492,0.55803,0.6288,-0.14101,0.53912,0.94704,0.97764,0.5705,0.23174,0.20603,0.54332,0.038429,0.21714,0.12194,-0.0010319,-0.32368,0.25967,0.12747,-0.048572,0.4985,0.035605,0.88381,1.0935,0.49902,0.56987,0.7178,0.45715,1.0154,0.40321,0.66009,0.99796,1.3315,0.69599,-0.24761,0.051434,0.49254,0.3395,0.71331,0.80133,0.70998,1.3106,0.90722,0.74377,0.53729,0.30613,-0.1679,0.42152,0.10191,-0.23972,-0.13483,0.086581
0.49419,0.29939,0.70087,0.64004,0.716,0.47105,0.73583,0.41526,1.0141,0.42549,0.32136,0.07638,0.35277,0.4796,0.78887,0.82074,0.57251,0.65749,0.45551,0.49405,0.5967,0.49852,0.71209,0.53525,0.59688,0.44386,0,1.0523,0.27204,-0.083543,0.19304,-0.13554,0.25552,0.20592,0.6128,-0.0052917,0.25471,0.1496,0.45407,0.40888,1.1983,0.59172,0.50264,0.31905,0.87266,0.67002,-0.29201,-0.028337,0.59946,0.37463,0.63767,0.30837,1.1131,1.013,0.90153,0.3907,0.39979,-0.21786,0.0031589,0.72638,0.70211,0.7211,0.77493,0.5475,0.5581,0.039306,0.18353,0.57935,0.58842,-0.052784,0.91529,0.87428,0.50324,0.621,0.042414,0.64499,0.56306,0.61428,0.75474,0.37001,0.16489,0.50436,0.35489,0.5144,0.51556,0.35451,0.47196,-0.25723,0.095764,0.037932,0.0023703,0.25856,0.50089,0.49338,0.63752,0.71649,0.7217,0.61178,0.86113,0.28341,0.66102,0.64652,0.12336,-0.0036681,0.0030079
0.62671,0.42884,0.61921,0.55471,0.72657,0.23218,0.67489,0.38587,0.85262,0.64065,0.2808,-0.13884,0.29972,0.16674,0.55921,0.77761,0.47928,0.47468,0.24522,0.37711,0.42672,0.66885,0.72539,0.90298,0.51513,0.45118,1.0523,0,0.44553,0.13336,0.035773,-0.17603,0.086462,-0.03368,0.52594,-0.10245,0.10971,-0.022482,0.27652,0.37475,1.0963,0.50728,0.41663,0.22608,0.70796,0.5196,-0.22786,-0.0027815,0.42289,0.28273,0.35962,0.26463,0.88206,0.76775,0.66979,0.33195,0.33033,0.0016725,0.30768,0.85845,0.76291,0.36304,0.29677,0.31762,0.318,0.064408,0.22202,0.28779,0.44027,-0.014063,0.33275,0.40245,0.24461,0.51709,0.023318,0.48099,0.44274,0.41418,0.41038,0.37676,0.032503,0.44366,0.39916,0.58851,0.25998,0.21367,0.22117,-0.13489,0.17488,0.27885,0.18845,0.29315,0.30487,0.81412,0.63571,0.65609,0.53085,0.7493,0.41054,0.17258,0.44438,0.58004,0.048263,-0.010234,0.24049
0.39635,0.082907,-0.0040381,0.0021907,-0.068054,-0.1534,0.10076,-0.35845,0.17123,0.05453,-0.099084,-0.18792,-0.056046,-0.00561,-0.25411,-0.03587,-0.26713,-0.10611,-0.24926,-0.30402,-0.15494,-0.020283,-0.14367,0.06781,-0.31816,-0.32367,0.27204,0.44553,0,0.88952,0.31931,0.37135,-0.10853,0.0017113,0.1086,0.13423,-0.072308,-0.17618,-0.12425,-0.3509,0.14563,-0.042088,0.027566,0.07073,-0.15781,-0.33161,-0.41325,-0.35663,0.11036,-0.004598,-0.048576,0.15634,0.15386,0.068628,0.0078775,0.069091,-0.11453,-0.15478,-0.32985,0.01765,-0.023364,-0.03551,0.28891,0.104,0.055468,-0.31603,-0.3861,0.0086395,0.17095,0.3286,-0.035524,0.044968,-0.079247,-0.2896,-0.47022,-0.12745,-0.22019,0.040742,0.020613,0.018529,-0.21735,-0.064833,0.13341,0.11298,-0.2137,-0.22767,-0.21828,-0.2952,-0.10314,-0.35622,-0.35765,-0.011105,-0.10833,0.18305,-0.13204,0.14432,0.13674,0.078369,0.38363,0.093231,-0.048413,0.25994,-0.060698,0.18302,0.30868
0.22884,0.06188,-0.026084,0.0089475,-0.22595,-0.12632,-0.16775,-0.26987,-0.13577,-0.0061858,-0.065043,0.10905,-0.10903,-0.26973,-0.51574,-0.39198,-0.32593,-0.17723,-0.22957,-0.29924,-0.51399,-0.38727,-0.46305,-0.20547,-0.51883,-0.35189,-0.083543,0.13336,0.88952,0,0.39718,0.5875,-0.025039,-0.066055,0.0049726,0.16851,0.073552,0.062691,-0.062366,-0.21545,-0.18753,-0.31022,-0.19165,-0.15591,-0.50615,-0.51646,-0.13412,-0.23658,-0.0056073,0.055535,-0.10655,0.084227,-0.083489,-0.23958,-0.12584,-0.14594,-0.28918,0.25652,-0.018806,-0.07655,-0.28786,-0.24209,-0.18508,-0.22283,-0.3513,-0.15528,-0.40103,0.10732,0.087293,0.62794,-0.18121,-0.20658,-0.15667,-0.53429,-0.5685,-0.11099,-0.29302,0.072968,-0.11649,0.042783,-0.05203,-0.056809,0.029321,0.181,-0.26674,-0.19444,-0.18505,0.0080832,0.19443,-0.045426,-0.1247,-0.079687,-0.26175,0.077275,-0.25542,0.091073,0.088014,-0.17753,-0.036292,0.028822,-0.34477,0.23147,-0.083817,0.36165,0.29239
0.24569,0.195,0.22489,0.31873,-0.097565,0.10256,-0.10332,-0.034622,0.17371,0.072761,0.20302,0.5831,-0.078584,-0.2257,-0.15406,-0.015036,0.020812,0.2962,-0.047166,-0.090041,-0.37898,-0.27059,-0.27421,-0.33904,-0.0099468,-0.16967,0.19304,0.035773,0.31931,0.39718,0,1.2334,0.33187,0.34083,0.35488,0.7884,0.31513,0.47014,0.21285,0.0026897,-0.052091,-0.14727,0.090003,0.25106,-0.0022465,-0.05963,-0.041117,0.068931,-0.15682,0.091817,0.019546,-0.046216,0.067804,-0.024609,0.16391,-0.15048,-0.071402,0.18302,-0.078109,-0.0016924,-0.079376,0.12314,0.063505,-0.23081,-0.36398,-0.050924,-0.090221,0.58834,0.38492,0.73534,0.26422,0.24641,0.46213,-0.1569,-0.22695,0.08621,-0.10149,0.31545,0.20225,0.08985,0.062679,0.027473,-0.021474,0.3949,0.0023735,-0.039683,0.11784,0.11814,0.34339,-0.22591,-0.11429,-0.15114,-0.10123,-0.068132,-0.064584,0.12093,0.18291,0.054831,0.26253,-0.065798,-0.23549,0.15709,0.0029446,0.56973,0.2321
0.061923,0.082187,-0.06905,0.046312,-0.2934,0.042204,-0.3109,-0.13165,-0.078348,-0.015313,0.027961,0.61575,0.051372,-0.15783,-0.48302,-0.28949,-0.22188,-0.13067,-0.1232,-0.3421,-0.56885,-0.45632,-0.46981,-0.45451,-0.24336,-0.35032,-0.13554,-0.17603,0.37135,0.5875,1.2334,0,0.40517,0.50422,0.22665,0.97716,0.31382,0.45759,-0.016665,-0.17952,-0.40646,-0.31246,-0.044169,0.19293,-0.25591,-0.25836,-0.098223,-0.11682,-0.27116,0.15535,0.052676,-0.16379,-0.16611,-0.22576,-0.067336,-0.19575,-0.16793,0.20541,-0.12212,-0.26798,-0.31568,-0.13414,-0.049922,-0.55012,-0.64441,-0.21104,-0.41567,0.26004,0.15411,0.71666,0.0034261,-0.07818,0.26354,-0.53792,-0.46989,-0.16969,-0.30764,0.17004,0.078838,0.096672,0.086896,-0.17466,-0.26462,0.1244,-0.27384,-0.10037,-0.058967,0.04497,0.1931,-0.38162,-0.27156,-0.39513,-0.34735,-0.28384,-0.22291,-0.067367,-0.0069403,-0.19994,0.016399,-0.31766,-0.62139,-0.060832,-0.076992,0.45729,0.15064
-0.04317,0.1344,0.18285,0.29995,0.38556,0.85619,0.057441,0.41044,0.16351,0.11752,0.16335,0.49038,1.0296,0.67741,0.076382,-0.0384,0.26959,0.078419,0.83221,0.33558,0.051663,-0.15442,0.11877,0.036211,0.47322,0.36806,0.25552,0.086462,-0.10853,-0.025039,0.33187,0.40517,0,0.95815,0.99853,0.53669,0.69844,0.51956,0.40648,0.41947,0.0021999,0.13284,0.19362,0.076277,0.42557,0.43499,-0.20095,-0.1781,0.21045,1.1964,0.89567,-0.50013,0.24454,0.24036,0.45494,0.21593,0.38611,0.090084,0.19669,0.057122,0.015675,0.34624,0.35577,-0.45433,-0.20334,-0.092754,-0.34549,0.28901,0.083324,0.2409,0.37827,-0.0060589,0.25282,-0.047261,-0.43277,0.26811,0.26853,0.55192,0.53452,0.87352,0.62677,0.23313,-0.32709,0.19001,0.10871,0.5537,0.42451,-0.23195,0.21398,-0.27689,-0.27966,-0.21511,-0.055318,-0.16506,0.2257,0.14591,0.14737,-0.080464,0.030753,-0.32083,0.015742,0.014085,-0.20038,0.17593,-0.26561
-0.40737,-0.24898,-0.1242,0.0055865,-0.0073639,0.33741,-0.22174,0.0030702,0.017678,-0.1676,0.077046,0.53063,0.65208,0.63062,-0.066127,-0.095067,-0.074449,-0.26476,0.31776,-0.050272,-0.10113,-0.2407,0.018871,-0.17828,0.15907,-0.065366,0.20592,-0.03368,0.0017113,-0.066055,0.34083,0.50422,0.95815,0,0.43996,1.0618,0.36269,0.54085,0.13408,0.0098022,-0.076426,-0.14455,-0.089444,0.027974,0.26527,0.18056,-0.28567,-0.24245,-0.058506,0.49211,0.67092,-0.27939,-0.045093,0.0011316,0.07021,-0.12833,-0.0088559,0.0719,-0.28701,-0.26369,-0.14484,0.16786,0.45682,-0.41411,-0.37737,-0.18863,-0.41533,0.25946,0.23208,0.18608,0.48963,0.11147,0.53747,-0.10904,-0.26071,-0.043705,-0.012067,0.27293,0.39924,0.32698,0.37358,-0.15973,-0.54938,-0.17343,-0.22019,0.074406,0.14991,-0.18036,0.0022762,-0.68732,-0.67268,-0.52793,-0.1725,-0.40403,0.01729,-0.1978,-0.15429,-0.2461,0.053091,-0.24819,-0.10211,-0.0070965,0.14667,-0.053038,-0.44182
0.43514,0.54303,0.39446,0.43734,0.70071,0.93033,0.4966,0.53307,0.51789,0.47791,0.14252,0.080687,0.68258,0.45987,0.2608,0.31356,0.43745,0.39504,0.55761,0.2959,0.19756,0.22601,0.32874,0.40904,0.50804,0.51895,0.6128,0.52594,0.1086,0.0049726,0.35488,0.22665,0.99853,0.43996,0,0.32945,0.31845,0.066834,0.30427,0.38939,0.37316,0.53246,0.6159,0.38077,0.58019,0.54646,-0.42326,-0.14818,0.34666,0.89343,0.71874,-0.49401,0.63576,0.59398,0.59804,0.58849,0.70249,-0.078435,0.40845,0.42083,0.35272,0.35048,0.2983,-0.2587,-0.0041935,-0.32112,-0.24033,0.4183,0.27741,0.073731,0.23372,0.073008,0.15924,0.045113,-0.46812,0.36637,0.33708,0.59828,0.42097,0.6184,0.1322,0.25955,-0.17014,0.50582,0.26841,0.49299,0.25194,-0.42487,0.20294,-0.11596,-0.068287,0.11136,0.15225,0.19925,0.4123,0.38386,0.32088,0.16337,0.27269,-0.30041,0.12307,0.073685,-0.44046,0.47587,0.011039
-0.27684,-0.23762,-0.17524,-0.040427,-0.28951,0.01182,-0.43443,-0.26525,-0.099505,-0.23976,0.11209,0.49544,0.12952,0.011229,-0.3549,-0.22451,-0.24112,-0.218,-0.12434,-0.34721,-0.54489,-0.39249,-0.32176,-0.42356,-0.11438,-0.35708,-0.0052917,-0.10245,0.13423,0.16851,0.7884,0.97716,0.53669,1.0618,0.32945,0,0.21094,0.47587,0.015045,-0.2447,-0.26282,-0.42102,-0.1514,0.060621,-0.025645,-0.12999,-0.1341,0.025038,-0.38731,0.13735,0.14133,-0.32054,-0.25338,-0.30281,-0.16898,-0.36224,-0.25138,0.29769,-0.1905,-0.34516,-0.30525,-0.074377,0.084478,-0.70574,-0.86611,-0.16488,-0.26884,0.3805,0.29418,0.50542,0.18034,-0.01734,0.55592,-0.26656,-0.21577,-0.20538,-0.31263,0.093487,0.040299,0.029472,0.060653,-0.3576,-0.53872,-0.0703,-0.4754,-0.29033,-0.11305,0.072074,0.20528,-0.59915,-0.4659,-0.49186,-0.34251,-0.32139,-0.17368,-0.35606,-0.31786,-0.33984,-0.093345,-0.25023,-0.38705,-0.040811,0.12016,0.34999,-0.079646
0.03469,-0.055826,0.70249,0.79226,0.34129,0.37343,0.066343,0.37106,0.38483,0.099647,0.599,0.79718,0.54448,0.33483,0.27803,0.12325,0.47736,0.36246,0.89637,0.80824,0.066691,-0.11196,0.096649,-0.032911,0.65914,0.42594,0.25471,0.10971,-0.072308,0.073552,0.31513,0.31382,0.69844,0.36269,0.31845,0.21094,0,1.1718,1.1488,0.73243,0.16196,-0.12471,-0.022631,-0.22172,0.36513,0.44712,0.30849,0.28838,0.17595,0.64444,0.47952,0.091314,0.37538,0.2447,0.88569,-0.12181,-0.0082845,0.3204,0.18141,0.3271,0.18145,0.55242,0.37271,-0.021879,0.054499,0.52826,0.1659,0.2116,-0.057314,0.40247,0.64176,0.27749,0.38586,0.311,-0.017778,0.84227,0.64722,0.72053,0.82142,1.1114,1.5024,0.83009,0.41987,0.55251,0.42212,0.69051,1.1867,0.28398,0.54461,0.18878,0.078533,0.19933,0.25141,0.25752,0.54375,0.54686,0.6339,0.15301,0.16329,0.087268,0.18381,0.39623,0.13712,0.098751,0.23628
-0.29541,-0.33431,0.4143,0.56764,-0.060214,0.040489,-0.3309,0.10784,0.14766,-0.14377,0.5938,1.3904,0.27031,0.088816,0.076821,-0.041883,0.15215,0.16936,0.46157,0.42611,-0.20813,-0.38626,-0.11659,-0.36205,0.38167,0.039534,0.1496,-0.022482,-0.17618,0.062691,0.47014,0.45759,0.51956,0.54085,0.066834,0.47587,1.1718,0,0.76693,0.40861,-0.034722,-0.44298,-0.29217,-0.3027,0.16005,0.1823,0.51734,0.34421,-0.13355,0.25095,0.26527,0.2491,0.012852,-0.074178,0.44761,-0.54258,-0.3127,0.56653,0.0002892,0.025988,-0.078807,0.34588,0.16008,-0.10347,-0.26029,0.67646,0.21858,0.34083,0.15657,0.58888,0.73919,0.39981,0.7083,0.29242,0.13811,0.47744,0.32262,0.54596,0.6258,0.54761,1.0795,0.36575,0.2115,0.26875,0.10916,0.23482,0.75511,0.59736,0.62979,0.09664,-0.015476,-0.20372,-0.047817,-0.055279,0.19329,0.17301,0.28794,0.022743,-0.0036082,0.15032,0.01162,0.39947,0.43305,0.017558,0.023095
0.020795,-0.074051,1.1877,1.3705,0.45225,0.28197,0.17374,0.34328,0.61168,0.17088,0.85185,0.55115,0.3624,0.28728,0.58715,0.37082,0.6514,0.82243,0.92284,1.2462,0.10568,0.065452,0.21845,0.1247,0.82772,0.5626,0.45407,0.27652,-0.12425,-0.062366,0.21285,-0.016665,0.40648,0.13408,0.30427,0.015045,1.1488,0.76693,0,0.93527,0.50835,-0.07788,-0.091771,-0.41446,0.44784,0.48133,0.33618,0.4771,0.16451,0.36117,0.26665,0.19416,0.48288,0.34102,1.0699,-0.17595,-0.055531,0.35657,0.22419,0.57478,0.43646,0.8102,0.4037,0.26703,0.2737,0.54993,0.36746,0.31869,0.082369,0.17508,0.744,0.39069,0.31375,0.50917,0.1112,1.4348,1.0724,0.95789,0.90309,0.93178,1.046,1.1255,0.77357,0.83476,0.77785,0.67913,1.6501,0.39194,0.73327,0.33399,0.16117,0.50927,0.53123,0.58026,0.74673,0.66472,0.7191,0.29056,0.31503,0.31122,0.50935,0.51252,0.24429,0.21168,0.43198
0.25891,0.4551,0.93983,0.91612,0.96926,0.68725,0.60464,1.1793,0.59023,0.65714,0.34468,0.32063,0.68458,0.40109,0.81991,0.56018,0.90552,0.69653,0.95489,1.3056,0.4622,0.405,0.70587,0.59802,1.2051,1.3679,0.40888,0.37475,-0.3509,-0.21545,0.0026897,-0.17952,0.41947,0.0098022,0.38939,-0.2447,0.73243,0.40861,0.93527,0,0.64364,0.43834,0.16679,-0.087433,0.70271,0.94163,0.16029,0.1841,0.26302,0.63454,0.56489,-0.0098337,0.68546,0.65854,1.1663,0.20939,0.3612,0.21894,0.60355,0.72197,0.6868,0.62791,0.18642,0.173,0.38175,0.30501,0.28028,0.11812,-0.039364,-0.098729,0.4502,0.17055,0.07219,0.47711,0.052975,1.089,1.246,0.80073,0.85813,0.97056,0.84226,1.1124,0.52561,0.85499,1.0364,1.3259,1.1528,0.12645,0.43172,0.60677,0.35173,0.53353,0.58377,0.6219,1.1548,0.94773,0.84502,0.58909,0.27676,-0.081412,0.33677,0.23835,-0.0529,-0.10461,0.18072
0.54384,0.41765,0.78034,0.6452,0.97985,0.36076,0.99381,0.51895,0.95939,0.56496,0.2414,-0.18798,0.27677,0.33902,1.0427,1.1176,0.79696,0.73103,0.44129,0.75059,0.76765,0.96717,1.1135,0.92943,0.82051,0.72569,1.1983,1.0963,0.14563,-0.18753,-0.052091,-0.40646,0.0021999,-0.076426,0.37316,-0.26282,0.16196,-0.034722,0.50835,0.64364,0,0.67025,0.45393,0.18716,0.9563,0.82859,-0.17366,0.16139,0.5526,0.23999,0.40179,0.2746,1.1278,1.045,0.87918,0.41607,0.42846,-0.10431,0.22598,1.0351,1.067,0.60125,0.5439,0.6651,0.75036,0.12074,0.42963,0.21728,0.24758,-0.24851,0.61064,0.52918,0.23244,0.71095,0.24619,0.73476,0.74561,0.44798,0.59591,0.40312,0.16325,0.69406,0.5879,0.68055,0.72041,0.46802,0.54442,-0.10646,0.13983,0.36093,0.28554,0.64811,0.73747,0.95735,1.0131,0.83904,0.69634,0.90994,0.62724,0.26631,0.75888,0.4794,0.083197,-0.16958,0.22043
0.85445,1.161,0.27803,0.13438,1.0587,0.80221,1.4743,0.94137,0.58252,0.85674,-0.21516,-0.37419,0.38831,0.413,0.64784,0.73833,0.64146,0.35307,0.33908,0.31013,1.1145,0.93111,1.059,0.99597,0.5047,0.81492,0.59172,0.50728,-0.042088,-0.31022,-0.14727,-0.31246,0.13284,-0.14455,0.53246,-0.42102,-0.12471,-0.44298,-0.07788,0.43834,0.67025,0,1.1567,0.89499,0.73776,0.85061,-0.51089,-0.32426,0.66907,0.4558,0.61689,-0.10468,0.94905,1.2194,0.50986,1.478,1.314,-0.6609,0.31056,0.62134,0.7305,0.19853,0.2504,0.31103,0.71746,-0.34594,0.0018937,0.02027,0.031991,-0.5324,0.10239,0.21269,-0.08104,0.27099,-0.058919,0.2495,0.39013,0.16604,0.27899,0.18501,-0.15817,0.31315,0.067917,0.33493,0.60036,0.61716,0.11916,-0.7192,-0.37093,0.19841,0.26734,0.3895,0.5123,0.31105,0.56877,0.5982,0.50795,0.57681,0.47589,-0.26024,0.2491,-0.076884,-0.48959,-0.17932,-0.1155
0.99236,0.92715,0.22053,0.086904,0.71671,0.55702,0.88418,0.53138,0.48845,0.49765,-0.10816,-0.32091,0.11527,0.11375,0.3498,0.54768,0.60853,0.29728,0.26533,0.21343,0.78585,0.69321,0.62516,0.52293,0.39262,0.45325,0.50264,0.41663,0.027566,-0.19165,0.090003,-0.044169,0.19362,-0.089444,0.6159,-0.1514,-0.022631,-0.29217,-0.091771,0.16679,0.45393,1.1567,0,1.3272,0.6186,0.68585,-0.32977,-0.043226,0.69297,0.35915,0.41657,-0.11093,0.79591,0.83598,0.39362,1.4107,1.3852,-0.56364,0.343,0.57651,0.46736,-0.0039423,0.16539,0.15897,0.4516,-0.17114,0.16944,0.080961,-0.040495,-0.21438,0.12398,0.30024,0.14841,0.28281,0.073618,0.15949,0.13881,0.011995,0.079511,0.12363,-0.22583,0.19609,-0.00018843,0.34805,0.33413,0.32027,0.043726,-0.49622,-0.22554,0.18962,0.47192,0.33943,0.34125,0.18485,0.33125,0.36557,0.33098,0.37656,0.22474,-0.16902,0.14583,-0.10089,-0.55695,0.07716,0.021299
0.75068,0.81131,-0.022373,-0.14002,0.36194,0.36186,0.58821,0.38612,0.33205,0.46673,-0.20738,-0.18615,0.00075074,0.0097007,0.1621,0.43656,0.28902,0.071201,-0.054633,-0.16246,0.53467,0.51938,0.43355,0.34016,0.090343,0.16487,0.31905,0.22608,0.07073,-0.15591,0.25106,0.19293,0.076277,0.027974,0.38077,0.060621,-0.22172,-0.3027,-0.41446,-0.087433,0.18716,0.89499,1.3272,0,0.40445,0.43355,-0.46646,-0.25745,0.38418,0.1555,0.32571,-0.054822,0.47422,0.57948,0.10067,0.91061,0.8344,-0.68943,0.066049,0.25778,0.30358,-0.17876,0.067768,0.043387,0.20666,-0.35714,-0.017873,0.1246,0.09426,-0.21332,-0.006844,0.28756,0.24909,0.087412,0.029547,-0.13038,-0.11376,-0.13712,-0.031593,-0.18358,-0.45243,-0.10412,-0.21575,0.11073,0.092674,0.074547,-0.22814,-0.57578,-0.47677,-0.060718,0.22104,0.035136,0.17245,-0.062261,0.10779,0.1596,0.17003,0.2764,0.26078,-0.28414,-0.11388,-0.17896,-0.39062,0.016281,-0.095008
0.40023,0.40477,0.61472,0.4778,1.2274,0.65938,0.8118,0.76111,0.85597,0.55357,0.3489,0.01886,0.57609,0.54165,1.0973,1.0314,1.0901,0.54498,0.72531,0.77118,1.0354,0.89286,1.3122,0.82165,1.1778,0.96086,0.87266,0.70796,-0.15781,-0.50615,-0.0022465,-0.25591,0.42557,0.26527,0.58019,-0.025645,0.36513,0.16005,0.44784,0.70271,0.9563,0.73776,0.6186,0.40445,0,1.7584,-0.25133,0.054445,0.64512,0.57358,0.79712,0.083092,1.0394,1.0849,0.8423,0.48878,0.61899,-0.2495,0.1944,0.87943,0.98387,0.60493,0.59172,0.32998,0.49786,0.16422,0.38138,0.29147,0.23172,-0.26418,0.65784,0.5864,0.52489,0.93185,0.3471,0.64633,0.72456,0.3186,0.56739,0.50407,0.32978,0.64443,0.24327,0.41137,0.53332,0.59126,0.54511,-0.25744,-0.066345,0.19843,0.20921,0.41029,0.70474,0.48482,0.95024,0.60213,0.52125,0.69437,0.39452,0.1134,0.70978,0.34648,0.094565,-0.28997,-0.055475
0.42476,0.53514,0.67742,0.51263,1.4086,0.80295,0.92411,1.1151,0.81144,0.68025,0.31191,0.078077,0.62201,0.52699,1.1203,1.0012,1.2864,0.54389,0.85481,0.90545,1.1079,0.90939,1.3452,0.83923,1.2676,1.2674,0.67002,0.5196,-0.33161,-0.51646,-0.05963,-0.25836,0.43499,0.18056,0.54646,-0.12999,0.44712,0.1823,0.48133,0.94163,0.82859,0.85061,0.68585,0.43355,1.7584,0,-0.17637,0.068387,0.64905,0.63499,0.87741,0.041591,1.0759,1.1624,0.9221,0.58263,0.72738,-0.22842,0.34635,0.93836,1.0114,0.50802,0.41703,0.28587,0.5202,0.15851,0.36569,0.19413,0.077804,-0.34749,0.56677,0.47789,0.41587,0.81383,0.31372,0.75567,0.87923,0.37455,0.60536,0.56476,0.40735,0.74188,0.26267,0.51118,0.73412,0.8502,0.67035,-0.22542,-0.036323,0.37334,0.36307,0.52812,0.82664,0.47896,1.1367,0.72617,0.64758,0.64552,0.32846,-0.0031493,0.54169,0.22754,-0.025125,-0.27245,-0.017088
