,,,,,,,,,,,,,,,,,,,,,,,,,,,,,,,,,,,,,,,,,,,,,,,,,,,,,,,,,,,,,,,,,,,,,,,,,,,,,,,,,,,,,,,,,,,,,,,,,,,,,,,,
0,1.071,0.067118,-0.11663,0.56889,0.35784,1.1208,0.49948,0.27028,0.53527,-0.53907,-0.63807,-0.25732,-0.029701,0.23704,0.34942,0.43107,0.17591,-0.01624,0.18805,0.46883,0.46054,0.61451,0.56748,0.16201,0.35312,0.51192,0.64057,0.21991,0.10454,-0.19304,-0.28673,-0.50178,-0.56208,-0.171,-0.57398,-0.39099,-0.61849,-0.072971,0.30651,0.60807,1.0206,0.70577,0.66122,0.10941,0.15747,-0.18829,-0.079011,0.31098,0.051917,0.13273,-0.12278,0.89393,0.56611,0.26422,0.85497,0.71218,-0.27669,0.40429,0.56013,0.27082,-0.21408,-0.0049028,0.20737,0.40836,-0.11897,0.11444,-0.23573,-0.17037,-0.15597,-0.008803,-0.012257,-0.26962,0.021339,0.023527,0.084069,-0.069551,-0.17935,-0.025467,-0.088084,-0.2863,0.25541,0.16276,0.27007,0.35506,0.18964,-0.096279,-0.36179,-0.13222,0.39467,0.59009,0.2158,0.031691,0.52123,0.21861,0.21764,0.19177,0.22542,0.050193,-0.1888,-0.067042,-0.21748,-0.579,-0.12604,0.022771
1.071,0,0.07379,-0.048651,0.5708,0.70567,0.83361,0.8947,0.20465,0.88917,-0.60492,-0.54202,-0.0042614,0.011125,0.20545,0.40461,0.44938,0.25278,0.073198,0.10618,0.46745,0.57695,0.50416,0.70046,0.17459,0.49832,0.3224,0.41832,0.084795,0.057038,-0.11875,-0.17534,-0.13889,-0.43607,0.18377,-0.40837,-0.31165,-0.69333,-0.18481,0.39915,0.34331,1.123,0.89199,0.77978,0.13497,0.31458,-0.26142,-0.13651,0.25433,0.24488,0.19018,-0.21245,0.63886,0.66096,0.29043,1.0647,0.94055,-0.23524,0.72384,0.46938,0.37155,-0.19882,-0.13648,0.015122,0.34965,-0.344,-0.055608,-0.25991,-0.30151,-0.38236,-0.20165,-0.24113,-0.45438,-0.17556,-0.19311,0.02582,0.043152,0.086033,-0.023907,0.050407,-0.32162,0.19823,0.011402,0.45089,0.44313,0.45657,-0.10287,-0.4377,-0.045529,0.3988,0.49992,0.18108,0.073114,0.33462,0.35559,0.31265,0.19103,0.36589,-0.037246,-0.57022,-0.15445,-0.45194,-0.90866,0.010857,0.030649
0.067118,0.07379,0,1.5569,0.39999,-0.016552,0.2682,0.34053,0.94217,0.36447,0.58967,0.05225,0.11944,0.14432,0.69883,0.71872,0.58816,1.0226,0.54055,0.77638,0.37185,0.46145,0.24232,0.42218,0.49772,0.50553,0.35299,0.25366,-0.11574,-0.20894,-0.20126,-0.42276,-0.095128,-0.37399,0.060227,-0.55512,0.34609,0.10804,0.79105,0.57176,0.43081,0.18296,0.11247,-0.15376,0.37137,0.4594,0.26273,0.25485,0.26395,-0.030902,0.013727,0.41705,0.51086,0.57319,1.0639,0.11339,0.10628,-0.093195,0.088194,0.83742,0.78284,0.53263,0.27208,0.81189,0.75602,0.37713,0.38508,-0.11579,-0.21592,-0.38364,0.32965,0.44918,0.035952,0.49577,0.24697,1.4671,1.2654,0.7518,0.65894,0.46149,0.35118,1.0517,1.1097,0.94128,1.0421,0.58761,0.96478,0.22018,0.24617,0.42439,0.25785,0.72871,0.79774,0.6295,0.79444,0.88061,0.93722,0.68843,0.43227,0.42919,0.58615,0.44269,0.19281,-0.026586,0.51293
-0.11663,-0.048651,1.5569,0,0.23389,-0.089689,0.068669,0.22895,0.69985,0.21715,0.59144,0.27291,0.22418,0.15634,0.4369,0.44272,0.31388,0.79463,0.51939,0.6727,0.088796,0.1718,0.1012,0.24289,0.44741,0.33881,0.31019,0.21396,-0.12452,-0.12185,-0.014552,-0.21354,0.088717,-0.13631,0.14959,-0.27599,0.41515,0.31372,0.86543,0.53414,0.34349,0.0153,-0.034013,-0.27354,0.24462,0.28097,0.40192,0.31547,0.01928,0.023455,0.0054106,0.26054,0.26698,0.32122,0.96461,-0.039543,0.027951,0.15302,0.11103,0.44077,0.43017,0.47711,0.22594,0.48663,0.46545,0.40211,0.28434,-0.04757,-0.18903,-0.17863,0.37602,0.33496,0.07634,0.33057,0.092077,1.1046,1.0045,1.1284,0.84141,0.61817,0.4609,0.74042,0.79747,1.0065,0.76735,0.48246,1.026,0.40585,0.52738,0.27105,0.12198,0.41424,0.42021,0.45521,0.59059,0.66498,0.74381,0.55955,0.42224,0.27421,0.35131,0.39537,0.20849,0.11841,0.48327
0.56889,0.5708,0.39999,0.23389,0,0.67297,1.2909,0.98125,0.59912,0.53512,-0.32516,-0.50201,0.54825,0.67185,0.99803,0.64985,1.274,0.23321,0.72681,0.90902,1.1233,0.82845,1.2091,1.1563,1.0111,1.671,0.60989,0.58598,-0.39861,-0.50524,-0.73906,-0.82731,0.046192,-0.11709,0.14518,-0.71663,-0.1263,-0.31191,0.27168,0.92398,1.045,1.1344,0.61377,0.32283,1.02,1.1074,-0.15205,-0.051375,0.65604,0.63936,0.82275,-0.31552,1.234,1.0246,0.8094,1.0005,1.0336,-0.28339,0.30411,1.0238,0.71718,0.23921,0.30786,0.39117,0.77229,0.12145,0.33138,-0.33375,-0.34745,-0.50093,0.46606,0.16316,-0.074576,0.55637,0.25421,0.61304,0.68502,0.093938,0.47693,0.49927,0.22385,0.63745,0.1505,0.34037,0.75145,0.77594,0.48797,-0.31057,-0.14327,0.43229,0.45599,0.58362,0.51205,0.63448,1.0177,0.54626,0.45434,0.4754,0.26567,-0.12674,0.3676,-0.06189,-0.29461,-0.57228,-0.25794
0.35784,0.70567,-0.016552,-0.089689,0.67297,0,0.60467,0.86429,0.084939,0.40267,-0.4971,-0.23158,0.50862,0.72461,0.32967,0.17657,0.50942,0.12818,0.64963,0.29959,0.58689,0.303,0.45623,0.4407,0.33216,0.66041,0.36133,0.12664,-0.1142,-0.16099,-0.21285,-0.19482,0.42574,0.16636,0.38566,-0.19257,0.07484,-0.27375,0.076718,0.50505,0.24125,0.80136,0.51057,0.35405,0.36194,0.53466,-0.51025,-0.41246,0.56574,0.89883,0.80104,-0.39683,0.59848,0.68125,0.41076,0.84705,0.79787,-0.33509,0.30699,0.23971,0.25574,0.29021,0.35262,-0.032216,0.31102,-0.40538,-0.31333,-0.033503,-0.16462,-0.35682,0.10773,-0.17242,-0.28365,-0.13399,-0.32325,0.15858,0.2309,0.24236,0.25632,0.39765,0.16367,0.29811,-0.28411,0.077555,0.45828,0.86297,0.18322,-0.75502,-0.21515,-0.014893,0.0020708,0.039281,0.18173,-0.011346,0.37444,0.25479,0.16259,0.085676,0.036079,-0.40398,0.15524,-0.28522,-0.56224,-0.20784,-0.47145
1.1208,0.83361,0.2682,0.068669,1.2909,0.60467,0,0.92224,0.56412,0.66953,-0.46035,-0.56195,0.13446,0.45304,0.83015,0.67888,0.91335,0.22956,0.38188,0.60414,0.91966,0.74686,1.3787,1.0237,0.63377,0.94142,0.77298,0.74957,-0.13459,-0.31096,-0.5872,-0.70778,-0.3424,-0.29479,-0.15697,-0.77946,-0.35444,-0.49128,0.18196,0.76732,1.1859,1.6257,0.6038,0.47575,0.54754,0.60401,-0.2491,-0.15205,0.43489,0.26399,0.5631,-0.19906,1.5381,0.98063,0.57694,0.95533,0.90767,-0.34175,0.30675,0.88177,0.62954,0.1015,0.23641,0.4271,0.70733,-0.053803,0.19901,-0.29658,-0.14711,-0.48845,0.34196,0.15207,-0.14175,0.32038,0.17806,0.4476,0.39076,-0.007837,0.34229,0.1362,-0.0018044,0.5091,0.1861,0.23229,0.73435,0.53616,0.24509,-0.41869,-0.22717,0.42434,0.50586,0.37287,0.32929,0.6704,0.68883,0.36,0.33274,0.31147,0.20579,-0.1812,0.17384,-0.19373,-0.37106,-0.51539,-0.22979
0.49948,0.8947,0.34053,0.22895,0.98125,0.86429,0.92224,0,0.3602,0.91406,-0.27141,-0.11812,0.38844,0.43633,0.70388,0.58863,0.86401,0.2524,0.60139,0.62192,0.7287,0.59936,0.90729,0.88728,0.65571,1.1305,0.40973,0.39376,-0.41427,-0.35727,-0.46827,-0.47113,0.02627,-0.14455,0.031025,-0.56615,-0.028492,-0.16235,0.21174,1.1205,0.57138,1.1054,0.48067,0.38776,0.51537,0.79125,-0.068636,-0.14376,0.30152,0.46571,0.65796,-0.18172,0.81286,0.84528,0.65851,0.71354,0.81817,-0.11249,0.56256,0.62675,0.58927,0.12388,0.015817,0.16324,0.43374,-0.001597,0.099148,-0.25596,-0.24896,-0.59223,0.19005,-0.0088581,-0.13656,0.20641,0.081718,0.48102,0.57054,0.29717,0.45849,0.35899,0.2366,0.54584,0.067185,0.35249,0.78056,0.94063,0.40246,-0.23349,-0.038635,0.54646,0.48253,0.18188,0.27247,0.35422,0.78628,0.46054,0.39751,0.44378,0.048765,-0.37002,0.064921,-0.20779,-0.32007,-0.46439,-0.25602
0.27028,0.20465,0.94217,0.69985,0.59912,0.084939,0.56412,0.3602,0,0.59764,0.30882,-0.13176,0.24625,0.42956,0.93099,1.2558,0.58213,0.56591,0.33687,0.42269,0.6636,0.77798,0.52787,0.73923,0.4532,0.48063,0.70388,0.5221,0.013367,-0.35973,-0.24869,-0.40853,-0.12375,-0.10186,0.14436,-0.39297,-0.058357,-0.17185,0.25343,0.29953,0.65308,0.51634,0.38339,0.31547,0.6724,0.61022,-0.2277,-0.11803,0.40411,0.02144,0.32129,0.33679,0.8855,1.1007,0.82608,0.401,0.29336,-0.5808,-0.16871,0.86814,1.1506,0.40814,0.5414,0.85404,0.85403,-0.00049059,0.19246,-0.0071126,0.092315,-0.68824,0.40508,0.69235,0.21754,0.52841,0.1839,0.74482,0.86187,0.47209,0.7041,0.18918,-0.0089431,0.51474,0.57209,0.51289,0.74381,0.38406,0.47213,-0.25101,-0.24665,0.061296,0.041176,0.52899,0.84114,0.54991,0.82569,0.73501,0.82591,0.6617,0.79468,0.21241,0.47086,0.3239,0.14515,-0.18131,0.21899
0.53527,0.88917,0.36447,0.21715,0.53512,0.40267,0.66953,0.91406,0.59764,0,-0.095249,-0.19977,0.21192,0.19813,0.45406,0.74274,0.37765,0.27239,0.08013,0.096191,0.38992,0.69422,0.4718,1.0192,0.12148,0.54079,0.22903,0.42677,0.064824,-0.024917,-0.26799,-0.18733,-0.19699,-0.32394,0.072158,-0.42746,-0.27168,-0.51239,-0.14398,0.39258,0.30667,0.74264,0.33332,0.44161,0.19821,0.33471,-0.40799,-0.43045,0.16493,0.11507,0.25402,0.044421,0.6411,0.81524,0.35307,0.51387,0.36012,-0.33426,0.28992,0.58895,0.86723,0.014169,-0.06054,0.17008,0.30003,-0.42311,-0.22064,-0.16718,0.03766,-0.81888,-0.2745,-0.12845,-0.33113,-0.091141,-0.22843,0.23433,0.40928,0.30474,0.2602,0.046271,-0.2243,0.29741,0.17462,0.39563,0.50275,0.49719,0.0086874,-0.44117,-0.28255,0.25365,0.16581,0.21767,0.35198,0.48899,0.61072,0.611,0.51509,0.53997,0.2888,-0.33121,-0.055361,-0.0596,-0.22003,-0.096804,0.19143
-0.53907,-0.60492,0.58967,0.59144,-0.32516,-0.4971,-0.46035,-0.27141,0.30882,-0.095249,0,0.45599,-0.18482,-0.14334,0.1099,0.26766,-0.041883,0.36695,0.11236,0.092604,-0.18068,-0.0087317,-0.27958,-0.14387,-0.11673,-0.24523,-0.053345,-0.092139,0.015451,-0.053846,0.069085,0.0065923,-0.02597,0.0082799,-0.082032,0.10526,0.36283,0.38149,0.4063,-0.11358,-0.1744,-0.47792,-0.34447,-0.35732,-9.3502e-05,-0.031509,0.21881,0.21451,-0.077425,-0.4231,-0.31398,0.64877,-0.1586,-0.077545,0.089765,-0.56288,-0.55809,0.040602,-0.23352,0.10611,0.24518,0.23273,0.12617,0.27906,-0.02427,0.3309,0.14153,0.26378,0.1832,-0.23171,0.028485,0.38459,0.446,0.24889,0.27678,0.4141,0.3516,0.34003,0.16149,-0.018093,0.1547,0.22126,0.43839,0.1751,0.060665,-0.15785,0.2939,0.35311,0.11801,-0.05008,-0.13906,0.087735,0.3395,0.046512,0.035538,0.067646,0.16686,0.12347,0.075035,0.80857,0.42302,0.68607,0.88351,0.20732,0.50428
-0.63807,-0.54202,0.05225,0.27291,-0.50201,-0.23158,-0.56195,-0.11812,-0.13176,-0.19977,0.45599,0,0.14981,0.070949,-0.2276,-0.30714,-0.42542,-0.18427,0.063706,-0.088808,-0.50753,-0.70637,-0.40141,-0.60915,-0.18715,-0.351,-0.23795,-0.46152,-0.17232,0.075986,0.48214,0.58449,0.28619,0.54841,-0.1639,0.45844,0.51754,1.2021,0.18938,-0.04014,-0.38494,-0.54679,-0.62124,-0.27767,-0.2617,-0.23606,0.28552,-0.10235,-0.39675,-0.049323,0.092702,0.17478,-0.41752,-0.35318,-0.018149,-0.70037,-0.57434,0.27808,-0.3935,-0.5996,-0.37531,0.087451,-0.012786,-0.19907,-0.45253,0.17183,-0.23483,0.35053,0.29215,0.28453,0.17596,0.1813,0.46563,-0.1343,-0.11918,0.043034,0.043289,0.41205,0.471,0.094505,0.51157,-0.11479,-0.1152,-0.10899,-0.1123,-0.024563,0.30661,0.38358,0.1508,-0.29472,-0.38803,-0.53214,-0.21158,-0.51354,-0.23748,-0.034047,0.16481,-0.18069,0.17881,0.072751,-0.3021,0.28938,0.60505,0.04396,-0.07254
-0.25732,-0.0042614,0.11944,0.22418,0.54825,0.50862,0.13446,0.38844,0.24625,0.21192,-0.18482,0.14981,0,1.039,0.28673,0.056798,0.2255,-0.1774,0.64107,0.31671,0.30358,0.1247,0.19872,0.34904,0.45534,0.58244,0.078823,0.0043926,-0.26909,-0.22656,-0.19533,-0.025776,0.90104,0.60187,0.57722,0.029742,0.29687,0.19625,0.059701,0.33451,0.1309,0.15437,0.037823,-0.039022,0.58845,0.56816,-0.25205,-0.38903,0.38021,1.2229,1.0074,-0.37534,0.22078,0.39164,0.49282,0.28917,0.27991,-0.12925,-0.14769,0.082156,0.21819,0.3989,0.41057,-0.048534,0.16373,-0.10921,-0.22592,-0.10939,-0.13467,-0.12654,0.2942,-0.037503,-0.030381,0.10968,-0.28655,0.20473,0.50782,0.40121,0.68688,0.88929,0.51418,0.18868,-0.228,0.084898,0.18103,0.67332,0.43443,-0.27383,-0.1447,-0.22558,-0.34821,0.10236,0.22159,-0.027611,0.50402,0.52235,0.44765,0.287,0.47065,-0.28005,0.11308,0.10623,-0.034573,-0.32836,-0.33321
-0.029701,0.011125,0.14432,0.15634,0.67185,0.72461,0.45304,0.43633,0.42956,0.19813,-0.14334,0.070949,1.039,0,0.58944,0.24828,0.39423,-0.065991,0.85772,0.45668,0.53673,0.18594,0.5133,0.40893,0.49619,0.58731,0.48484,0.19054,-0.14445,-0.33351,-0.35876,-0.25416,0.46228,0.59116,0.20755,-0.1215,0.15994,0.077369,0.27643,0.43639,0.4323,0.41486,0.059685,0.0089378,0.60704,0.54034,-0.48558,-0.55438,0.49062,0.8257,1.2851,-0.22588,0.57696,0.63806,0.56473,0.36816,0.33718,-0.38604,-0.27814,0.18748,0.33558,0.62445,0.89386,0.23385,0.40165,-0.20503,-0.28649,-0.010951,0.079097,-0.35091,0.55442,0.19386,0.056011,0.15642,-0.19943,0.38337,0.55788,0.37257,0.86686,0.57893,0.49464,0.3495,-0.12594,-0.10718,0.40744,0.68292,0.49713,-0.56382,-0.36837,-0.32513,-0.3857,0.032484,0.31742,0.043419,0.49873,0.33199,0.36192,0.076572,0.49862,-0.10394,0.3097,0.073173,0.042622,-0.51661,-0.53961
0.23704,0.20545,0.69883,0.4369,0.99803,0.32967,0.83015,0.70388,0.93099,0.45406,0.1099,-0.2276,0.28673,0.58944,0,1.0545,1.1965,0.54007,0.58533,0.84889,1.0759,0.78347,1.058,0.8496,0.84095,1.0353,0.69987,0.46657,-0.44779,-0.76354,-0.75329,-1.0698,-0.21938,-0.16888,-0.13831,-0.73429,-0.12861,-0.15826,0.43752,0.77839,0.95839,0.7182,0.27469,0.12026,0.91867,0.91907,-0.073508,0.010466,0.44032,0.1429,0.49498,0.18891,0.9393,0.94371,0.77163,0.40339,0.42138,-0.37525,0.020981,0.99144,1.0486,0.57805,0.44967,0.89368,0.99837,0.23396,0.46777,-0.045581,0.00773,-0.79391,0.62197,0.57129,0.1418,0.83759,0.52208,0.94163,1.0287,0.21696,0.59665,0.18158,0.21564,0.79282,0.49329,0.2304,0.98164,0.57605,0.60517,-0.16083,-0.22509,0.35847,0.27844,0.53586,0.826,0.62984,1.0727,0.5017,0.51651,0.49104,0.40157,0.20192,0.64725,0.15504,0.16666,-0.66169,-0.21223
0.34942,0.40461,0.71872,0.44272,0.64985,0.17657,0.67888,0.58863,1.2558,0.74274,0.26766,-0.30714,0.056798,0.24828,1.0545,0,0.78855,0.57895,0.27049,0.41907,0.84679,1.36,0.77994,1.027,0.52079,0.57081,0.69135,0.63913,-0.062556,-0.49353,-0.37723,-0.58433,-0.27023,-0.21912,0.030817,-0.41718,-0.16157,-0.31443,0.21291,0.42924,0.70135,0.71219,0.50679,0.42339,0.76079,0.7886,-0.19831,0.020557,0.31534,-0.098224,0.22113,0.35082,0.8835,1.1128,0.61837,0.44032,0.40703,-0.44224,0.13546,1.0468,1.5931,0.28519,0.36037,0.71951,0.75972,0.032712,0.32977,-0.11635,0.0082018,-1.0044,0.26714,0.51613,0.22897,0.56482,0.41719,0.60517,0.7026,0.25449,0.37307,0.032592,-0.11799,0.4894,0.48661,0.4293,0.67998,0.33598,0.30183,-0.22113,-0.21722,0.28054,0.27458,0.46585,0.77137,0.61617,0.93328,0.47048,0.43577,0.76178,0.31099,0.15871,0.52402,0.16351,0.11346,-0.32276,0.17759
0.43107,0.44938,0.58816,0.31388,1.274,0.50942,0.91335,0.86401,0.58213,0.37765,-0.041883,-0.42542,0.2255,0.39423,1.1965,0.78855,0,0.46178,0.75956,1.0589,1.2605,0.88559,1.0262,0.8211,0.96855,1.3357,0.49042,0.36207,-0.52522,-0.63796,-0.76165,-0.97311,-0.096343,-0.28881,-0.017001,-0.78224,0.014288,-0.21965,0.44806,0.91044,0.82011,0.86303,0.62816,0.27264,0.90528,1.1793,0.062051,0.2452,0.61741,0.32346,0.46332,-0.021467,0.96728,0.87566,0.76895,0.73768,0.80419,-0.27555,0.36657,1.2011,0.79758,0.24451,0.25145,0.56625,0.94616,0.33685,0.62914,-0.3028,-0.49238,-0.65226,0.47217,0.31223,0.027917,0.73842,0.58417,0.85962,0.80405,0.060197,0.33547,0.33954,0.25144,0.89643,0.40928,0.4086,0.97574,0.73036,0.62559,-0.10823,-0.067359,0.65737,0.69504,0.76984,0.76612,0.62584,1.07,0.45024,0.39966,0.42991,0.088684,0.056775,0.5183,-0.078751,-0.18396,-0.50947,-0.10275
0.17591,0.25278,1.0226,0.79463,0.23321,0.12818,0.22956,0.2524,0.56591,0.27239,0.36695,-0.18427,-0.1774,-0.065991,0.54007,0.57895,0.46178,0,0.24066,0.43022,0.29518,0.39292,0.10971,0.27168,0.26635,0.34565,0.3468,0.14418,-0.04978,-0.24155,-0.005999,-0.40457,-0.16953,-0.56994,0.15142,-0.45538,0.086422,-0.20416,0.50566,0.35013,0.27064,0.24461,0.2243,-0.025203,0.21223,0.27402,0.12206,0.2844,0.19498,-0.15475,-0.24524,0.30691,0.36765,0.45011,0.61899,0.17229,0.15414,-0.18968,0.18693,0.57923,0.5975,0.60815,0.21324,0.6487,0.65631,0.14813,0.32813,0.15734,-0.056816,-0.35606,0.095873,0.29352,-0.14236,0.29584,0.17031,0.73511,0.61955,0.52732,0.22952,0.11772,-0.015858,0.68494,0.77231,0.74146,0.86269,0.39359,0.44446,0.050587,0.21417,0.28009,0.20661,0.57066,0.61163,0.4583,0.44155,0.53346,0.50111,0.56876,0.29958,0.37403,0.64714,0.25498,-0.010715,0.21723,0.40869
-0.01624,0.073198,0.54055,0.51939,0.72681,0.64963,0.38188,0.60139,0.33687,0.08013,0.11236,0.063706,0.64107,0.85772,0.58533,0.27049,0.75956,0.24066,0,1.1653,0.63245,0.25995,0.47868,0.35179,0.86713,0.8025,0.38728,0.14717,-0.35194,-0.37537,-0.46419,-0.47318,0.46843,0.19087,0.2024,-0.40887,0.55701,0.25713,0.82819,0.87062,0.42729,0.38764,0.21928,-0.12645,0.62252,0.77724,0.088978,-0.0007571,0.57595,0.70069,0.74094,-0.11369,0.5644,0.57312,0.98429,0.40809,0.53077,-0.088654,0.16543,0.4691,0.32948,0.51714,0.51794,0.34528,0.58372,0.29139,0.12501,-0.29969,-0.44053,-0.28625,0.61345,0.23091,0.053841,0.39647,0.11322,0.90629,0.90939,0.50174,0.74404,1.0116,0.89283,0.8349,0.20685,0.26826,0.74422,1.0509,1.1053,-0.087355,0.10396,0.23162,0.15415,0.29897,0.39937,0.12264,0.59069,0.39337,0.40571,0.20228,0.089478,0.10655,0.53178,0.070319,-0.072113,-0.41217,-0.23081
0.18805,0.10618,0.77638,0.6727,0.90902,0.29959,0.60414,0.62192,0.42269,0.096191,0.092604,-0.088808,0.31671,0.45668,0.84889,0.41907,1.0589,0.43022,1.1653,0,0.65843,0.39044,0.73788,0.47559,1.3404,1.0567,0.45643,0.33814,-0.53115,-0.53264,-0.61747,-0.83229,0.018064,-0.15403,-0.10849,-0.73619,0.33951,0.2142,1.1178,1.354,0.83667,0.45137,0.1799,-0.18864,0.6794,0.78618,0.43276,0.36157,0.34742,0.33728,0.42709,-0.088864,0.67603,0.49217,1.1062,0.32097,0.50434,0.11064,0.2984,0.76449,0.42463,0.43205,0.28706,0.52789,0.72021,0.69002,0.61832,-0.42344,-0.52072,-0.20708,0.74203,0.30561,0.070123,0.76199,0.5089,1.3191,1.024,0.31094,0.67215,0.76029,0.82252,1.1264,0.52106,0.43946,0.95396,0.81122,1.3111,0.24928,0.30065,0.65974,0.56047,0.55082,0.4279,0.53003,0.80932,0.42629,0.43933,0.3628,0.081617,0.20859,0.52899,0.090248,-0.0045734,-0.54162,-0.086395
0.46883,0.46745,0.37185,0.088796,1.1233,0.58689,0.91966,0.7287,0.6636,0.38992,-0.18068,-0.50753,0.30358,0.53673,1.0759,0.84679,1.2605,0.29518,0.63245,0.65843,0,1.0447,0.96825,0.83328,0.79192,0.94498,0.63557,0.42774,-0.23865,-0.58234,-0.66277,-0.81913,-0.024147,-0.16902,0.09765,-0.70963,-0.035566,-0.29992,0.15046,0.54173,0.68882,0.99542,0.78413,0.47065,1.0849,1.2453,-0.21954,-0.093676,0.96351,0.37886,0.63539,0.12225,1.1074,1.2654,0.70727,0.91524,0.86052,-0.64093,0.11013,1.0243,0.85773,0.353,0.49015,0.7504,1.1372,0.13305,0.38251,-0.268,-0.24924,-0.60658,0.48855,0.51529,0.093769,0.7315,0.44431,0.52447,0.6049,-0.037063,0.29671,0.23934,0.12059,0.61252,0.27926,0.13541,0.68388,0.63587,0.37724,-0.44598,-0.41287,0.35097,0.37343,0.53437,0.71474,0.33987,0.77886,0.48387,0.42163,0.5345,0.20814,0.10491,0.66126,0.017097,-0.17563,-0.75183,-0.31096
0.46054,0.57695,0.46145,0.1718,0.82845,0.303,0.74686,0.59936,0.77798,0.69422,-0.0087317,-0.70637,0.1247,0.18594,0.78347,1.36,0.88559,0.39292,0.25995,0.39044,1.0447,0,0.74648,1.2244,0.56673,0.71914,0.44312,0.56106,-0.038162,-0.4331,-0.49418,-0.61533,-0.16578,-0.31411,0.18782,-0.47854,-0.15764,-0.54075,0.049738,0.38701,0.5827,0.7812,0.71912,0.4678,0.84071,0.95259,-0.26552,0.030462,0.50899,0.086417,0.22894,0.12587,0.84423,1.0612,0.49912,0.69547,0.61362,-0.44803,0.28265,1.2159,1.4225,0.14968,0.24636,0.51981,0.72979,-0.028028,0.33513,-0.3987,-0.26845,-0.82259,0.084104,0.22699,0.010662,0.5004,0.37848,0.39809,0.53603,-0.013913,0.08391,0.1181,-0.17308,0.43144,0.33492,0.37392,0.50893,0.39847,0.1529,-0.33362,-0.27303,0.38809,0.39538,0.68363,0.75937,0.614,0.92874,0.47578,0.31151,0.78081,0.11363,0.044359,0.53271,0.011631,-0.15778,-0.36886,0.17298
0.61451,0.50416,0.24232,0.1012,1.2091,0.45623,1.3787,0.90729,0.52787,0.4718,-0.27958,-0.40141,0.19872,0.5133,1.058,0.77994,1.0262,0.10971,0.47868,0.73788,0.96825,0.74648,0,1.0385,0.87279,0.94469,0.89038,0.88318,-0.3381,-0.52,-0.82426,-0.94712,-0.29693,-0.093701,-0.25175,-0.61745,-0.31795,-0.25077,0.29364,0.91379,1.4782,1.2033,0.47388,0.34316,0.75777,0.76352,-0.063824,0.035081,0.28986,0.21804,0.63761,-0.10167,1.0975,0.79013,0.54571,0.64648,0.79317,-0.13189,0.36357,0.80251,0.60555,0.10215,0.24748,0.41505,0.63618,0.18788,0.415,-0.2779,-0.13065,-0.56344,0.59094,0.27907,0.11587,0.56282,0.46044,0.50109,0.45872,0.00060448,0.4157,0.16064,0.13831,0.47877,0.16154,0.12941,0.60187,0.4092,0.33377,-0.17593,-0.095516,0.49455,0.55078,0.22157,0.25435,0.63236,0.79944,0.15457,0.13932,0.28758,0.040797,-0.14024,0.22611,-0.17241,-0.1282,-0.79786,-0.39324
0.56748,0.70046,0.42218,0.24289,1.1563,0.4407,1.0237,0.88728,0.73923,1.0192,-0.14387,-0.60915,0.34904,0.40893,0.8496,1.027,0.8211,0.27168,0.35179,0.47559,0.83328,1.2244,1.0385,0,0.57199,0.95619,0.58499,0.91446,-0.057695,-0.27202,-0.73018,-0.71854,-0.15999,-0.26582,0.1156,-0.61184,-0.30095,-0.577,0.087322,0.6352,0.84444,1.009,0.52339,0.3403,0.69798,0.73285,-0.30056,-0.13066,0.4055,0.29047,0.435,-0.04265,1.0117,1.0523,0.57519,0.75133,0.68081,-0.25896,0.42272,1.0943,1.1215,0.14519,0.19166,0.36563,0.62796,-0.085474,0.16864,-0.33667,-0.16564,-0.84674,0.09771,0.024113,-0.19147,0.32626,0.12686,0.43543,0.57781,0.16718,0.29879,0.26924,-0.076308,0.50384,0.25859,0.398,0.55093,0.50162,0.17775,-0.35933,-0.16381,0.40977,0.35674,0.44211,0.45093,0.8751,1.0279,0.5129,0.35301,0.6673,0.17772,-0.1508,0.31258,-0.0096606,-0.20238,-0.40054,0.027055
0.16201,0.17459,0.49772,0.44741,1.0111,0.33216,0.63377,0.65571,0.4532,0.12148,-0.11673,-0.18715,0.45534,0.49619,0.84095,0.52079,0.96855,0.26635,0.86713,1.3404,0.79192,0.56673,0.87279,0.57199,0,1.1159,0.48861,0.38762,-0.6255,-0.90076,-0.55127,-0.75509,0.1402,0.039948,0.079167,-0.47988,0.20957,0.16741,0.64977,1.0723,0.85246,0.56109,0.33341,0.025325,1.0626,1.1232,0.34936,0.3403,0.25968,0.39043,0.55098,-0.26185,0.63068,0.56705,0.97544,0.41991,0.68558,0.061148,0.28103,0.65172,0.46698,0.35137,0.27514,0.37257,0.6166,0.53752,0.64762,-0.50609,-0.45231,-0.20871,0.75972,0.32894,0.19008,0.91312,0.56719,0.77788,0.82768,0.17883,0.60033,0.68699,0.61393,0.60478,0.24005,0.30515,0.67073,0.70305,0.89108,0.17041,0.20479,0.51657,0.485,0.43482,0.3327,0.36437,0.86213,0.32168,0.28698,0.4643,0.093034,-0.035376,0.41659,-0.086402,-0.11902,-0.68826,-0.25096
0.35312,0.49832,0.50553,0.33881,1.671,0.66041,0.94142,1.1305,0.48063,0.54079,-0.24523,-0.351,0.58244,0.58731,1.0353,0.57081,1.3357,0.34565,0.8025,1.0567,0.94498,0.71914,0.94469,0.95619,1.1159,0,0.35363,0.33077,-0.61162,-0.62516,-0.76654,-0.83075,0.077616,-0.18131,0.11257,-0.76895,0.014791,-0.19316,0.38322,1.1852,0.76455,0.8452,0.40659,0.12671,0.87054,1.1131,0.010722,0.038394,0.48623,0.59698,0.65862,-0.30786,0.85193,0.81737,0.84589,0.70827,0.78656,-0.15443,0.35765,0.90966,0.72028,0.33145,0.1697,0.34663,0.70078,0.18583,0.36523,-0.38744,-0.43273,-0.5213,0.36183,0.058005,-0.18202,0.53977,0.26907,0.75426,0.91645,0.17643,0.48605,0.57687,0.37464,0.7862,0.22842,0.38473,0.91796,1.057,0.64454,-0.14854,-0.043008,0.56456,0.47509,0.65496,0.57712,0.58889,1.1699,0.61349,0.49779,0.48714,0.20416,-0.16407,0.35374,-0.11324,-0.26678,-0.55827,-0.20337
0.51192,0.3224,0.35299,0.31019,0.60989,0.36133,0.77298,0.40973,0.70388,0.22903,-0.053345,-0.23795,0.078823,0.48484,0.69987,0.69135,0.49042,0.3468,0.38728,0.45643,0.63557,0.44312,0.89038,0.58499,0.48861,0.35363,0,1.0953,0.084576,-0.21363,-0.25306,-0.54803,-0.14488,0.049987,-0.0026516,-0.29952,-0.20559,-0.14148,0.35318,0.44874,1.126,0.80304,0.48609,0.35003,0.56682,0.43113,-0.17739,-0.030228,0.34799,0.14302,0.48367,0.15324,0.98645,0.77577,0.64406,0.51004,0.5804,-0.22516,0.14373,0.53747,0.42337,0.34866,0.643,0.57254,0.65735,0.10674,0.22785,0.16533,0.1941,-0.29748,0.78293,0.61156,0.30021,0.42179,0.20906,0.44967,0.30115,0.34242,0.55737,0.14346,0.03496,0.35911,0.21955,0.2381,0.47897,0.18749,0.29962,-0.25157,0.020943,0.07837,0.15816,0.00061571,0.143,0.41455,0.4294,0.15936,0.20476,0.32422,0.26419,0.141,0.41869,0.1754,0.00036911,-0.33672,-0.29852
0.64057,0.41832,0.25366,0.21396,0.58598,0.12664,0.74957,0.39376,0.5221,0.42677,-0.092139,-0.46152,0.0043926,0.19054,0.46657,0.63913,0.36207,0.14418,0.14717,0.33814,0.42774,0.56106,0.88318,0.91446,0.38762,0.33077,1.0953,0,0.21347,-0.01079,-0.458,-0.58428,-0.33976,-0.17783,-0.089548,-0.38152,-0.36177,-0.32223,0.18584,0.41835,1.0552,0.70371,0.37579,0.23998,0.39283,0.26709,-0.079664,0.044885,0.15349,0.032131,0.24247,0.089739,0.78751,0.55177,0.41999,0.42342,0.48244,0.0471,0.43097,0.64026,0.44455,0.028925,0.21089,0.31564,0.39048,0.1275,0.24984,-0.12219,0.082991,-0.2815,0.3132,0.19445,0.063114,0.31081,0.1835,0.27411,0.17061,0.15412,0.26168,0.12254,-0.09844,0.2704,0.23575,0.27118,0.2142,0.02554,0.054172,-0.099213,0.14318,0.32827,0.3543,0.0073362,-0.05585,0.74038,0.42547,0.10772,0.054681,0.40157,0.0094451,0.032212,0.21794,0.13151,-0.059109,-0.3092,-0.058745
0.21991,0.084795,-0.11574,-0.12452,-0.39861,-0.1142,-0.13459,-0.41427,0.013367,0.064824,0.015451,-0.17232,-0.26909,-0.14445,-0.44779,-0.062556,-0.52522,-0.04978,-0.35194,-0.53115,-0.23865,-0.038162,-0.3381,-0.057695,-0.6255,-0.61162,0.084576,0.21347,0,0.91519,0.3598,0.43071,-0.13718,-0.098813,0.065321,0.20061,0.040525,-0.26947,-0.20973,-0.5289,-0.22903,-0.15493,-0.03634,0.017053,-0.46231,-0.55219,-0.44541,-0.34035,0.04588,-0.18733,-0.32486,0.36667,-0.014964,0.0082132,-0.14779,-0.054439,-0.25627,-0.16669,-0.13445,-0.14276,-0.039051,0.026248,0.28151,0.029127,-0.04636,-0.48153,-0.57458,0.0010056,0.18914,0.14704,-0.4039,-0.16648,-0.27893,-0.59525,-0.58607,-0.32625,-0.38252,0.083804,-0.19941,-0.11436,-0.31745,-0.11223,0.13828,-0.0078188,-0.29646,-0.25653,-0.40527,-0.35716,-0.11991,-0.40258,-0.41616,-0.20967,-0.18963,0.023475,-0.30076,0.031139,-0.022759,0.046981,0.04194,0.12516,0.0057013,0.20525,-0.057803,0.31859,0.41914
0.10454,0.057038,-0.20894,-0.12185,-0.50524,-0.16099,-0.31096,-0.35727,-0.35973,-0.024917,-0.053846,0.075986,-0.22656,-0.33351,-0.76354,-0.49353,-0.63796,-0.24155,-0.37537,-0.53264,-0.58234,-0.4331,-0.52,-0.27202,-0.90076,-0.62516,-0.21363,-0.01079,0.91519,0,0.38493,0.5823,-0.078124,-0.14957,-0.036609,0.19846,0.052917,-0.082285,-0.22507,-0.41116,-0.38595,-0.33971,-0.18871,-0.13695,-0.8985,-0.83952,-0.15421,-0.20543,-0.081495,-0.066509,-0.33539,0.2209,-0.27856,-0.3496,-0.33233,-0.1647,-0.33089,0.20899,0.071405,-0.31585,-0.42356,-0.29786,-0.16362,-0.258,-0.3136,-0.28601,-0.52561,0.09424,0.019276,0.394,-0.4573,-0.43959,-0.39884,-0.90189,-0.70301,-0.36781,-0.51397,0.10594,-0.26476,-0.07123,-0.19563,-0.14597,0.029007,0.098245,-0.36466,-0.28382,-0.37741,-0.037965,0.17325,-0.15058,-0.19465,-0.26203,-0.39972,-0.010549,-0.44257,-0.013179,-0.042485,-0.19873,-0.14176,-0.0194,-0.3684,0.13734,-0.10249,0.50279,0.38057
-0.19304,-0.11875,-0.20126,-0.014552,-0.73906,-0.21285,-0.5872,-0.46827,-0.24869,-0.26799,0.069085,0.48214,-0.19533,-0.35876,-0.75329,-0.37723,-0.76165,-0.005999,-0.46419,-0.61747,-0.66277,-0.49418,-0.82426,-0.73018,-0.55127,-0.76654,-0.25306,-0.458,0.3598,0.38493,0,1.2871,0.29272,0.2962,0.29395,0.86126,0.24136,0.31713,-0.23858,-0.57102,-0.60096,-0.47642,-0.10048,0.15282,-0.41713,-0.45137,-0.015483,-0.020414,-0.32272,-0.1344,-0.31058,-0.018831,-0.48463,-0.37226,-0.25389,-0.30409,-0.33549,0.062017,-0.27999,-0.72642,-0.48819,-0.089501,0.0046228,-0.37006,-0.48937,-0.21766,-0.34093,0.4031,0.17469,0.58012,-0.19991,-0.034762,0.21156,-0.49401,-0.38058,-0.48446,-0.51547,0.15704,-0.076454,-0.13961,-0.16393,-0.51052,-0.26647,0.092809,-0.37535,-0.32502,-0.20975,0.090355,0.14729,-0.60367,-0.4427,-0.3647,-0.30146,-0.54891,-0.54048,-0.076878,-0.012107,-0.022659,0.19736,-0.040903,-0.33933,0.12917,0.055742,0.65475,0.27624
-0.28673,-0.17534,-0.42276,-0.21354,-0.82731,-0.19482,-0.70778,-0.47113,-0.40853,-0.18733,0.0065923,0.58449,-0.025776,-0.25416,-1.0698,-0.58433,-0.97311,-0.40457,-0.47318,-0.83229,-0.81913,-0.61533,-0.94712,-0.71854,-0.75509,-0.83075,-0.54803,-0.58428,0.43071,0.5823,1.2871,0,0.3766,0.44565,0.22824,1.0314,0.31088,0.34612,-0.41409,-0.68606,-0.90385,-0.61553,-0.25927,0.073303,-0.59326,-0.57937,-0.13237,-0.23039,-0.35519,-0.012236,-0.20026,-0.086326,-0.62891,-0.48305,-0.43615,-0.37801,-0.47829,0.09613,-0.32175,-0.95161,-0.58651,-0.28408,-0.10575,-0.68194,-0.79089,-0.39062,-0.65965,0.22013,0.12587,0.53431,-0.43563,-0.30781,0.068827,-0.80656,-0.62964,-0.68732,-0.6115,0.05613,-0.13098,-0.086434,-0.089965,-0.62278,-0.4437,-0.098892,-0.61319,-0.30143,-0.33144,-0.0030576,-0.0018774,-0.68795,-0.58299,-0.49654,-0.41098,-0.64386,-0.58118,-0.12806,-0.076943,-0.21763,0.086154,-0.24437,-0.63662,0.018124,0.030855,0.55676,0.25023
-0.50178,-0.13889,-0.095128,0.088717,0.046192,0.42574,-0.3424,0.02627,-0.12375,-0.19699,-0.02597,0.28619,0.90104,0.46228,-0.21938,-0.27023,-0.096343,-0.16953,0.46843,0.018064,-0.024147,-0.16578,-0.29693,-0.15999,0.1402,0.077616,-0.14488,-0.33976,-0.13718,-0.078124,0.29272,0.3766,0,0.81311,1.075,0.49458,0.56619,0.35929,-0.0182,-0.049713,-0.34771,-0.16601,0.10646,0.0087948,0.29323,0.30363,-0.13726,-0.17644,0.27334,0.94577,0.50153,-0.41645,-0.17415,0.040811,0.19372,0.13847,0.18059,-0.027967,-0.094954,-0.29356,-0.18048,0.21358,0.29042,-0.37814,-0.16862,-0.11892,-0.31439,0.078244,-0.18907,0.17448,0.095037,-0.10267,0.12155,-0.10103,-0.36846,-0.10013,0.089239,0.34396,0.25985,0.70876,0.36958,-0.13721,-0.51565,0.044117,-0.14367,0.33471,0.22071,-0.16792,0.054275,-0.45838,-0.4496,-0.12331,-0.024626,-0.54996,-0.0037175,0.1434,0.091365,0.065678,0.13517,-0.19248,0.070594,0.064456,-0.12272,0.13038,-0.21031
-0.56208,-0.43607,-0.37399,-0.13631,-0.11709,0.16636,-0.29479,-0.14455,-0.10186,-0.32394,0.0082799,0.54841,0.60187,0.59116,-0.16888,-0.21912,-0.28881,-0.56994,0.19087,-0.15403,-0.16902,-0.31411,-0.093701,-0.26582,0.039948,-0.18131,0.049987,-0.17783,-0.098813,-0.14957,0.2962,0.44565,0.81311,0,0.31365,0.91052,0.27076,0.56213,-0.042106,-0.15564,-0.14174,-0.22727,-0.18771,0.0046573,0.20776,0.092263,-0.23853,-0.26665,-0.094282,0.43763,0.59944,-0.32364,-0.19834,-0.11277,-0.076614,-0.18169,-0.099448,0.043116,-0.4072,-0.57176,-0.29314,0.093522,0.41618,-0.42603,-0.41185,-0.16766,-0.37417,0.2545,0.24339,0.17063,0.337,0.078153,0.56152,-0.10015,-0.20539,-0.25058,-0.12093,0.15491,0.36498,0.24571,0.31482,-0.42863,-0.75332,-0.37267,-0.3738,-0.058926,0.070272,-0.13073,-0.10296,-0.80826,-0.69092,-0.54906,-0.22879,-0.58185,-0.11004,-0.2668,-0.19201,-0.26637,0.14563,-0.20884,-0.15883,0.031318,0.25633,-0.10712,-0.47333
-0.171,0.18377,0.060227,0.14959,0.14518,0.38566,-0.15697,0.031025,0.14436,0.072158,-0.082032,-0.1639,0.57722,0.20755,-0.13831,0.030817,-0.017001,0.15142,0.2024,-0.10849,0.09765,0.18782,-0.25175,0.1156,0.079167,0.11257,-0.0026516,-0.089548,0.065321,-0.036609,0.29395,0.22824,1.075,0.31365,0,0.31293,0.18556,-0.14611,-0.21903,-0.17594,-0.22705,0.049489,0.46848,0.27137,0.34049,0.33872,-0.31345,-0.12986,0.37748,0.635,0.23375,-0.32397,-0.0030994,0.27093,0.21936,0.42811,0.37086,-0.24342,0.059979,0.015682,0.11687,0.14744,0.20687,-0.19556,0.046367,-0.3229,-0.22842,0.085103,-0.16655,-0.027628,-0.11173,-0.091561,-0.068902,-0.088196,-0.40134,-0.11957,0.088539,0.33597,0.046249,0.45143,-0.12234,-0.16275,-0.31219,0.33245,-0.044949,0.24667,-0.009023,-0.34145,0.017574,-0.3416,-0.29552,0.15883,0.15566,-0.23905,0.10088,0.30452,0.16423,0.32367,0.22935,-0.20198,0.17682,0.030546,-0.38442,0.40178,0.075975
-0.57398,-0.40837,-0.55512,-0.27599,-0.71663,-0.19257,-0.77946,-0.56615,-0.39297,-0.42746,0.10526,0.45844,0.029742,-0.1215,-0.73429,-0.41718,-0.78224,-0.45538,-0.40887,-0.73619,-0.70963,-0.47854,-0.61745,-0.61184,-0.47988,-0.76895,-0.29952,-0.38152,0.20061,0.19846,0.86126,1.0314,0.49458,0.91052,0.31293,0,0.16995,0.37159,-0.31523,-0.66249,-0.59932,-0.62804,-0.25473,0.020446,-0.26156,-0.3652,-0.14006,-0.010053,-0.46779,-0.018222,-0.10806,-0.19099,-0.69814,-0.54427,-0.53821,-0.46946,-0.43333,0.22467,-0.26465,-0.97468,-0.53312,-0.22308,0.025575,-0.79991,-0.91113,-0.28357,-0.39726,0.38706,0.25133,0.38008,-0.18075,-0.19895,0.38369,-0.46579,-0.30114,-0.70475,-0.61494,-0.0030239,-0.16125,-0.13123,-0.11914,-0.86178,-0.7091,-0.24799,-0.82515,-0.5255,-0.36497,0.064051,0.088067,-0.85057,-0.64917,-0.61861,-0.43844,-0.62312,-0.4607,-0.49478,-0.46881,-0.32769,-0.079878,-0.21657,-0.41526,-0.023102,0.18794,0.43747,0.020015
-0.39099,-0.31165,0.34609,0.41515,-0.1263,0.07484,-0.35444,-0.028492,-0.058357,-0.27168,0.36283,0.51754,0.29687,0.15994,-0.12861,-0.16157,0.014288,0.086422,0.55701,0.33951,-0.035566,-0.15764,-0.31795,-0.30095,0.20957,0.014791,-0.20559,-0.36177,0.040525,0.052917,0.24136,0.31088,0.56619,0.27076,0.18556,0.16995,0,0.86729,0.57956,0.18133,-0.29801,-0.39644,-0.20705,-0.38716,0.067762,0.17656,0.33462,0.15847,0.15277,0.327,0.099771,0.13051,-0.10472,-0.025044,0.46285,-0.24566,-0.19175,0.19558,-0.095167,-0.089378,-0.067944,0.39189,0.32086,-0.0037714,-0.0038112,0.34528,-0.024382,-0.22494,-0.41216,0.31651,0.14684,0.048183,0.14033,0.054554,-0.02897,0.35824,0.33026,0.39454,0.37093,0.80591,1.0394,0.43096,0.21769,0.21121,0.12183,0.47781,0.72082,0.27057,0.2687,-0.025782,-0.15,0.070255,0.13388,-0.20625,0.1431,0.3298,0.3428,0.1928,0.0084115,0.24501,0.24498,0.33013,0.18864,-0.078133,0.21182
-0.61849,-0.69333,0.10804,0.31372,-0.31191,-0.27375,-0.49128,-0.16235,-0.17185,-0.51239,0.38149,1.2021,0.19625,0.077369,-0.15826,-0.31443,-0.21965,-0.20416,0.25713,0.2142,-0.29992,-0.54075,-0.25077,-0.577,0.16741,-0.19316,-0.14148,-0.32223,-0.26947,-0.082285,0.31713,0.34612,0.35929,0.56213,-0.14611,0.37159,0.86729,0,0.45613,0.12185,-0.18485,-0.56249,-0.50824,-0.41233,0.0010275,-0.0078649,0.62251,0.23303,-0.26385,0.070365,0.14162,0.098583,-0.33106,-0.36022,0.17517,-0.64141,-0.40475,0.4863,-0.27328,-0.41057,-0.40138,0.16021,0.094896,-0.12152,-0.30884,0.61391,0.13134,0.077655,-0.0062648,0.55407,0.46183,0.28302,0.63354,0.19953,0.19872,0.18415,0.11545,0.25944,0.47892,0.37286,0.95965,0.04407,-0.015439,-0.067991,-0.11994,0.031748,0.56791,0.66852,0.36615,-0.082177,-0.1561,-0.33397,-0.21071,-0.38474,-0.098493,-0.040295,0.1098,-0.061548,0.026083,0.21417,-0.075552,0.34366,0.57501,-0.2027,-0.12449
-0.072971,-0.18481,0.79105,0.86543,0.27168,0.076718,0.18196,0.21174,0.25343,-0.14398,0.4063,0.18938,0.059701,0.27643,0.43752,0.21291,0.44806,0.50566,0.82819,1.1178,0.15046,0.049738,0.29364,0.087322,0.64977,0.38322,0.35318,0.18584,-0.20973,-0.22507,-0.23858,-0.41409,-0.0182,-0.042106,-0.21903,-0.31523,0.57956,0.45613,0,0.83054,0.48842,0.027669,-0.18656,-0.55675,0.20553,0.25678,0.51674,0.46674,0.0038032,0.043331,0.081856,0.088357,0.29246,0.13795,0.76758,-0.1265,0.040874,0.35923,0.19373,0.33877,0.18349,0.52368,0.34249,0.38954,0.38224,0.60166,0.36774,-0.22575,-0.32397,-0.027725,0.59171,0.21536,0.10173,0.36505,0.30172,1.1813,0.74982,0.56264,0.6337,0.63758,0.91807,0.93072,0.61293,0.42933,0.69798,0.50183,1.2542,0.45361,0.58211,0.36642,0.24505,0.28076,0.24017,0.39493,0.46705,0.19672,0.25327,0.12728,-0.020528,0.35812,0.45722,0.19149,0.20768,-0.1928,0.14746
0.30651,0.39915,0.57176,0.53414,0.92398,0.50505,0.76732,1.1205,0.29953,0.39258,-0.11358,-0.04014,0.33451,0.43639,0.77839,0.42924,0.91044,0.35013,0.87062,1.354,0.54173,0.38701,0.91379,0.6352,1.0723,1.1852,0.44874,0.41835,-0.5289,-0.41116,-0.57102,-0.68606,-0.049713,-0.15564,-0.17594,-0.66249,0.18133,0.12185,0.83054,0,0.84829,0.64822,0.15567,-0.090357,0.48872,0.66933,0.32588,0.21779,0.13229,0.35965,0.484,-0.19191,0.66995,0.50148,0.90558,0.35294,0.56088,0.24416,0.55332,0.62171,0.41742,0.30368,0.096955,0.28382,0.49944,0.40771,0.3837,-0.40125,-0.41839,-0.29398,0.5059,0.043569,-0.087229,0.40563,0.28967,0.93306,0.823,0.39647,0.66373,0.63808,0.67702,0.91397,0.33714,0.4512,0.95925,0.9306,0.91153,0.18299,0.34245,0.74223,0.5852,0.30329,0.23305,0.56639,0.88341,0.38663,0.358,0.35963,-0.012011,-0.12323,0.21191,-0.10145,-0.12974,-0.54832,-0.16641
0.60807,0.34331,0.43081,0.34349,1.045,0.24125,1.1859,0.57138,0.65308,0.30667,-0.1744,-0.38494,0.1309,0.4323,0.95839,0.70135,0.82011,0.27064,0.42729,0.83667,0.68882,0.5827,1.4782,0.84444,0.85246,0.76455,1.126,1.0552,-0.22903,-0.38595,-0.60096,-0.90385,-0.34771,-0.14174,-0.22705,-0.59932,-0.29801,-0.18485,0.48842,0.84829,0,0.88069,0.36996,0.18234,0.66484,0.56575,0.047734,0.17498,0.22641,0.13448,0.46483,-0.083774,1.067,0.6553,0.67108,0.51144,0.63829,-0.027012,0.27952,0.81512,0.51665,0.19144,0.32867,0.53817,0.698,0.30622,0.51774,-0.18443,-0.097948,-0.33057,0.77973,0.37638,0.14358,0.60992,0.43892,0.65818,0.49609,0.14219,0.54039,0.22968,0.15952,0.54014,0.33506,0.32473,0.65327,0.30041,0.46004,-0.014143,0.10966,0.44188,0.50158,0.32275,0.24779,0.85396,0.75001,0.22451,0.23788,0.32553,0.20079,0.032108,0.29489,0.0061796,-0.050053,-0.53477,-0.20412
1.0206,1.123,0.18296,0.0153,1.1344,0.80136,1.6257,1.1054,0.51634,0.74264,-0.47792,-0.54679,0.15437,0.41486,0.7182,0.71219,0.86303,0.24461,0.38764,0.45137,0.99542,0.7812,1.2033,1.009,0.56109,0.8452,0.80304,0.70371,-0.15493,-0.33971,-0.47642,-0.61553,-0.16601,-0.22727,0.049489,-0.62804,-0.39644,-0.56249,0.027669,0.64822,0.88069,0,0.92822,0.76192,0.58256,0.68638,-0.30795,-0.19263,0.47876,0.32453,0.59613,-0.19259,1.2794,1.1068,0.52388,1.2992,1.2944,-0.42725,0.43529,0.75815,0.59157,0.029852,0.18421,0.32821,0.666,-0.14453,0.13547,-0.19694,-0.13384,-0.60324,0.2695,0.16537,-0.10452,0.25899,0.11606,0.3,0.30336,0.052179,0.26639,0.096515,-0.13333,0.34907,0.036202,0.24108,0.65707,0.52685,0.13028,-0.53359,-0.23402,0.36731,0.49362,0.22514,0.25495,0.41069,0.56369,0.28201,0.24224,0.34047,0.12243,-0.30175,0.1438,-0.29344,-0.518,-0.38959,-0.31537
0.70577,0.89199,0.11247,-0.034013,0.61377,0.51057,0.6038,0.48067,0.38339,0.33332,-0.34447,-0.62124,0.037823,0.059685,0.27469,0.50679,0.62816,0.2243,0.21928,0.1799,0.78413,0.71912,0.47388,0.52339,0.33341,0.40659,0.48609,0.37579,-0.03634,-0.18871,-0.10048,-0.25927,0.10646,-0.18771,0.46848,-0.25473,-0.20705,-0.50824,-0.18656,0.15567,0.36996,0.92822,0,1.1746,0.54756,0.65794,-0.20347,0.077106,0.63428,0.30672,0.29904,-0.10734,0.66116,0.75943,0.34957,1.4376,1.322,-0.48906,0.43166,0.58617,0.36648,-0.20546,0.11565,0.19948,0.5563,-0.066343,0.2665,-0.14933,-0.40095,-0.33688,0.15304,0.23878,0.050956,0.24909,0.16288,0.06467,0.060742,-0.050444,-0.040648,0.079883,-0.33549,0.10653,-0.018591,0.41031,0.32345,0.25517,-0.01169,-0.4055,-0.12208,0.25575,0.51508,0.3448,0.27494,0.1413,0.31178,0.21862,0.15129,0.37515,0.023936,-0.21991,0.14991,-0.2674,-0.69138,-0.0060467,-0.048715
0.66122,0.77978,-0.15376,-0.27354,0.32283,0.35405,0.47575,0.38776,0.31547,0.44161,-0.35732,-0.27767,-0.039022,0.0089378,0.12026,0.42339,0.27264,-0.025203,-0.12645,-0.18864,0.47065,0.4678,0.34316,0.3403,0.025325,0.12671,0.35003,0.23998,0.017053,-0.13695,0.15282,0.073303,0.0087948,0.0046573,0.27137,0.020446,-0.38716,-0.41233,-0.55675,-0.090357,0.18234,0.76192,1.1746,0,0.34297,0.38144,-0.39413,-0.19392,0.33422,0.13779,0.3104,-0.093558,0.47876,0.57696,0.04661,0.86602,0.73429,-0.60888,0.13164,0.22784,0.23662,-0.37589,0.035275,0.0049254,0.19159,-0.29054,0.018475,0.093892,-0.015728,-0.30606,0.014356,0.24476,0.22968,0.056718,0.054023,-0.25695,-0.20912,-0.18392,-0.056797,-0.25769,-0.54829,-0.23504,-0.28264,0.12284,0.064831,0.0028842,-0.29114,-0.52349,-0.40587,-0.037799,0.24213,-0.0025151,0.10352,-0.069084,0.086409,0.081624,0.098678,0.23938,0.17376,-0.34634,-0.17527,-0.24702,-0.41874,0.0040867,-0.1408
0.10941,0.13497,0.37137,0.24462,1.02,0.36194,0.54754,0.51537,0.6724,0.19821,-9.3502e-05,-0.2617,0.58845,0.60704,0.91867,0.76079,0.90528,0.21223,0.62252,0.6794,1.0849,0.84071,0.75777,0.69798,1.0626,0.87054,0.56682,0.39283,-0.46231,-0.8985,-0.41713,-0.59326,0.29323,0.20776,0.34049,-0.26156,0.067762,0.0010275,0.20553,0.48872,0.66484,0.58256,0.54756,0.34297,0,1.688,-0.083267,0.064871,0.62915,0.50918,0.75014,-0.12007,0.72878,0.84567,0.71286,0.5657,0.65979,-0.35377,-0.0028391,0.70785,0.71265,0.3976,0.53753,0.43321,0.61736,0.30162,0.4995,-0.12955,-0.1763,-0.39558,0.66428,0.5535,0.44265,1.0311,0.55915,0.4661,0.62749,0.042767,0.46919,0.43182,0.25459,0.3662,0.056914,0.17547,0.40321,0.44891,0.48675,-0.18217,-0.21207,0.13824,0.19211,0.4358,0.58912,0.2634,0.81424,0.41617,0.36074,0.66001,0.3436,0.13935,0.65306,0.20988,0.081342,-0.64307,-0.3004
