,,,,,,,,,,,,,,,,,,,,,,,,,,,,,,,,,,,,,,,,,,,,,,,,,,,,,,,,,,,,,,,,,,,,,,,,,,,,,,,,,,,,,,,,,,,,,,,,,,,,,,,,
0,0.79203,-0.12516,-0.11174,0.32629,0.54022,1.2147,0.90829,0.044857,0.44897,-0.70452,0.047939,-0.54382,0.22748,0.34274,0.40104,0.24691,-0.18584,0.10546,0.29407,0.14165,-0.025136,0.98189,0.55999,0.22182,0.18645,0.81353,1.0292,-0.028365,-0.010709,-0.35768,-0.32083,-1.2778,-0.16636,-1.1446,-0.32993,-0.47098,-0.015728,0.40196,0.69089,0.83328,1.2525,0.040923,0.25991,-0.14145,-0.13094,0.25577,0.047566,-0.50538,-0.46386,0.31596,-0.072032,0.87667,0.26795,0.11952,0.27647,0.39869,0.55253,0.48895,0.13027,-0.14645,-0.31674,-0.12711,0.041783,0.05335,0.12721,0.094738,-0.22161,0.17044,-0.21699,0.33953,0.048679,0.11008,-0.021616,0.1978,0.17987,-0.1053,-0.020819,0.33256,-0.2903,0.12717,0.16313,0.046024,-0.14597,0.29147,-0.0019134,0.090489,0.16446,0.28118,0.46249,0.6037,-0.48231,-0.53862,0.45499,0.083556,-0.44928,-0.26839,-0.31906,-0.3107,-0.34357,-0.35568,-0.61755,-0.163,-0.38266,-0.58125
0.79203,0,-0.065087,0.03242,-0.11142,0.5331,0.34524,0.65086,0.044346,0.64507,-0.37009,0.056182,-0.68866,-0.43545,0.0050719,0.63121,0.041236,0.10233,-0.20031,-0.10805,-0.025274,0.13385,0.395,0.36014,-0.094738,-0.17499,0.57583,0.63766,0.2643,0.32325,0.11886,0.034359,-0.60322,-0.1973,-0.33743,0.070801,-0.33423,-0.19293,0.057332,0.25758,0.28297,0.70222,0.48657,0.71552,-0.32407,-0.19569,0.14086,0.25394,-0.63767,-0.64826,-0.20919,0.29853,0.2349,0.23878,0.0039237,0.33023,0.35742,0.50035,0.88788,-0.040074,-0.051946,-0.47262,-0.32251,-0.085146,0.025937,-0.11672,-0.0018744,0.052593,0.0043257,-0.42193,0.028828,-0.067236,0.0023493,-0.3289,-0.046627,-0.060822,-0.25667,0.42315,0.056193,-0.40431,-0.28543,-0.014187,0.093081,0.40906,0.18828,-0.11024,-0.14636,0.16721,0.65245,0.31883,0.43443,-0.5094,-0.46096,0.22434,0.084555,-0.35605,-0.3016,-0.04223,-0.42107,-0.68586,-0.45573,-0.84337,-0.60112,0.085796,0.029159
-0.12516,-0.065087,0,1.514,0.48436,0.19871,0.26068,0.37798,1.0592,0.0040636,0.42898,-0.066209,0.27624,0.51396,0.9909,0.70111,0.75504,0.89902,1.0185,0.79906,0.8774,0.46798,0.22974,0.3261,0.51298,0.72074,0.20638,-0.081327,-0.2769,-0.21857,-0.4883,-0.61901,-0.092735,-0.80749,-0.075595,-1.0428,0.42752,0.15138,0.84178,0.58816,0.31035,0.18922,0.1521,-0.50507,0.31459,0.52241,0.55334,0.22675,0.8088,0.12746,0.14807,0.68038,0.49436,1.1549,1.1102,0.42315,0.25579,-0.37519,-0.0483,0.93926,1.1243,0.83826,0.61498,1.6566,1.6548,0.49147,0.451,-0.51952,-0.67159,-0.40178,0.5693,0.78238,-0.22188,0.50903,0.31521,1.4425,1.8852,0.63332,0.57821,0.71403,0.5967,1.1636,1.5528,0.67848,1.4314,1.5319,1.3064,0.34824,0.16095,0.64275,0.32688,0.93496,1.0473,0.38325,0.8119,0.88016,0.86757,0.4389,0.28299,0.56464,0.66682,0.26148,0.052696,-0.30594,0.14693
-0.11174,0.03242,1.514,0,0.40219,0.020448,0.20424,0.30194,1.6162,-0.0062678,0.13393,0.090081,0.38773,0.506,0.80049,0.60945,0.52372,0.81533,0.69436,0.59191,0.63374,0.22786,0.20524,0.22176,0.49043,0.53206,0.36555,0.013177,-0.28985,-0.23016,-0.21553,-0.42895,0.038173,-0.44061,0.087004,-0.67006,0.21302,0.20277,0.56094,0.45085,0.35101,0.24376,0.32512,-0.16477,0.3158,0.42293,0.64459,0.2657,0.46969,0.16555,0.20043,0.52262,0.37827,1.0204,1.1414,0.56361,0.38903,-0.32058,-0.058832,0.56467,0.58293,0.64254,0.55909,1.1625,1.3677,0.42883,0.44468,-0.2249,-0.45728,-0.21958,0.7112,1.0066,-0.083536,0.45838,0.19325,0.94956,1.1646,0.98995,0.83159,0.65908,0.39822,0.68924,1.0425,0.9141,1.1387,0.9315,1.0659,0.45696,0.35532,0.41317,0.23514,0.59498,0.61562,0.24756,0.64096,0.77626,0.85681,0.47773,0.51247,0.21074,0.36613,0.097808,-0.14625,-0.15284,0.034835
0.32629,-0.11142,0.48436,0.40219,0,0.19689,0.98617,0.76284,0.40825,-0.27264,-0.22054,-0.33803,0.38448,0.82517,1.4154,0.55665,1.4518,0.018369,1.0621,1.5825,1.0688,0.56214,1.1888,1.087,1.2736,2.0262,0.53852,0.55829,-1.1738,-0.74367,-1.1825,-1.1925,-0.21635,-0.18087,-0.39005,-0.85713,-0.026194,0.30985,0.87919,1.3016,1.3204,0.70237,0.2634,-0.21899,0.98815,0.98959,1.0635,0.6478,0.54497,0.58643,1.0947,-0.19711,1.1202,0.57992,0.71502,0.79579,0.81019,0.3995,0.25076,1.1307,0.41359,0.13922,0.25049,0.53888,0.63383,1.4083,1.3228,-0.60643,-0.7466,-0.060039,1.2453,0.60003,0.46148,1.2395,1.3203,0.91109,0.71413,-0.22043,0.53308,0.71543,0.80339,0.6888,0.34509,0.21298,0.58395,0.49185,0.99944,0.98461,0.35236,1.0836,1.1228,0.57151,0.33762,0.86836,0.97971,0.18034,0.20891,0.20301,-0.028869,0.38384,0.40104,0.1625,0.29278,-0.85951,-0.68246
0.54022,0.5331,0.19871,0.020448,0.19689,0,0.49091,0.46224,-0.14544,-0.08893,0.21654,-0.7721,-0.98346,-0.11668,0.3712,0.66114,0.5184,0.55302,0.48261,0.41181,0.44269,0.51019,0.51907,0.43674,0.22131,0.19062,0.61856,0.56861,0.088313,-0.067032,-0.55319,-0.70824,-0.61398,-0.7081,-0.39179,-0.44846,-0.069755,-0.43246,0.81215,0.52314,0.4265,0.67465,0.35202,-0.17119,-0.045812,0.095612,0.18726,0.46332,0.10918,-0.54194,-0.26834,0.28275,0.53004,0.35465,0.15033,0.42329,0.46617,0.29675,0.91995,0.5214,0.32286,0.10518,0.15652,0.31543,0.36893,0.17176,0.24949,-0.28953,-0.27312,-0.68374,0.15567,0.02327,-0.16205,0.073292,0.35275,0.42001,0.11548,0.057271,-0.24871,-0.13766,0.03469,0.45453,0.33711,0.067152,0.44501,0.17743,0.13918,0.0062838,0.50779,0.65818,0.66088,0.014156,0.0047184,0.36094,0.12303,-0.48178,-0.5249,-0.23156,-1.0697,0.28869,0.4392,-0.41375,-0.37341,-0.12381,-0.11768
1.2147,0.34524,0.26068,0.20424,0.98617,0.49091,0,1.1711,0.33297,0.1507,-0.50642,-0.11634,-0.14902,0.68642,0.98624,0.59147,0.79279,-0.030955,0.64088,0.94648,0.6198,0.23922,1.6999,0.905,0.73443,0.81943,0.86759,0.91827,-0.50173,-0.40272,-0.89438,-0.85835,-0.93938,-0.30209,-1.0691,-0.84744,-0.27548,0.15458,0.89397,1.4317,1.5941,1.4424,0.091731,-0.048461,0.29088,0.3176,0.66418,0.26549,0.00037127,-0.067311,0.73668,-0.11394,1.8792,0.58411,0.51256,0.56357,0.65789,0.44304,0.36003,0.63747,0.18214,-0.02672,0.10633,0.41959,0.43771,0.60455,0.53724,-0.54198,-0.20202,-0.21476,0.84523,0.39909,0.23648,0.48836,0.64802,0.69838,0.3812,-0.085925,0.59267,0.15344,0.54336,0.54865,0.30206,-0.014172,0.65816,0.37062,0.61429,0.48813,0.2919,0.91392,1.0081,0.040158,-0.07201,0.75695,0.48978,-0.12529,0.017547,-0.13424,-0.16009,0.049012,0.031018,-0.27872,0.049019,-0.75068,-0.79215
0.90829,0.65086,0.37798,0.30194,0.76284,0.46224,1.1711,0,0.33956,0.42362,-0.36288,0.03161,-0.080347,0.30806,0.822,1.1241,0.8083,-0.030273,0.53522,0.77052,0.73638,0.60197,1.3284,1.2686,0.66007,0.73692,0.691,0.853,-0.32091,-0.16618,-0.60575,-0.55205,-0.73231,-0.32787,-0.84834,-0.61993,0.051711,0.35519,0.72711,1.4626,1.015,1.0799,0.25613,0.12018,0.32195,0.48612,0.82842,0.40879,0.026266,-0.0086136,0.59423,0.23355,1.2299,0.81695,0.63125,0.49453,0.58606,0.65171,0.58814,0.7067,0.47282,-0.074228,0.066146,0.4075,0.45894,0.69575,0.60556,-0.77511,-0.529,-0.24007,0.68857,0.35773,0.30861,0.4182,0.69341,0.62908,0.40183,0.078092,0.56628,0.31686,0.63144,0.66304,0.46872,0.31507,0.61533,0.52774,0.65898,0.78694,0.46035,1.2933,1.1771,0.055192,0.01543,0.82121,0.90069,0.10963,0.15794,0.27533,-0.25451,-0.036257,0.0042294,-0.14051,0.12271,-0.84711,-0.36137
0.044857,0.044346,1.0592,1.6162,0.40825,-0.14544,0.33297,0.33956,0,0.11,-0.14772,0.31638,0.42558,0.64619,0.73898,0.47954,0.37293,0.52695,0.52388,0.52672,0.49293,0.037264,0.2516,0.13762,0.51244,0.49297,0.38377,0.028603,-0.3581,-0.33212,-0.1279,-0.31426,-0.048283,-0.26292,-0.023362,-0.62192,0.072924,0.32291,0.42771,0.44118,0.41448,0.33608,0.21096,-0.022192,0.27576,0.328,0.6313,0.073272,0.23339,0.095417,0.3737,0.30454,0.44788,0.95835,1.0685,0.49545,0.36796,-0.37103,-0.23408,0.38165,0.37062,0.48961,0.41084,0.94673,0.99102,0.3441,0.33751,-0.21899,-0.19861,-0.061254,0.77284,1.1452,0.022383,0.44132,0.12889,0.78501,0.97455,0.84752,1.204,0.50281,0.3905,0.47449,0.74178,0.62549,1.0194,0.8087,0.97166,0.41287,0.19405,0.29767,0.17364,0.40024,0.40853,0.13459,0.48316,0.71452,0.9524,0.36452,0.76729,0.025155,0.12287,-0.012205,-0.15077,-0.2077,-0.14415
0.44897,0.64507,0.0040636,-0.0062678,-0.27264,-0.08893,0.1507,0.42362,0.11,0,-0.15083,0.76213,-0.20748,-0.15429,-0.12306,0.11606,-0.21973,-0.23503,-0.38915,-0.29164,-0.30919,-0.21483,0.013008,0.1073,-0.45696,-0.2144,-0.14716,-0.026011,0.40989,0.77683,0.19233,0.43583,-0.66809,-0.23893,-0.60384,0.00030018,-0.04969,0.033559,-0.19021,0.053787,-0.10341,0.084204,-0.36286,0.21584,-0.69279,-0.48381,-0.25778,-0.49973,-0.51704,-0.46007,-0.10541,0.41334,0.05984,0.07586,-0.11685,-0.35267,-0.41995,0.02796,-0.0019264,-0.19119,0.096963,-0.32435,-0.38417,-0.086661,-0.14424,-0.39404,-0.49346,-0.048426,0.18532,-0.31254,-0.31838,-0.32589,-0.378,-0.64293,-0.46283,-0.073137,-0.088307,0.30925,0.24115,-0.35866,-0.057177,0.083196,0.20881,0.14258,0.14155,0.13854,-0.10734,-0.14076,-0.21956,0.036923,-0.063058,-0.28619,-0.11223,0.22126,0.10813,0.22423,0.31608,-0.049934,0.15472,-0.54744,-0.73253,-0.21831,0.067753,0.01365,0.42314
-0.70452,-0.37009,0.42898,0.13393,-0.22054,0.21654,-0.50642,-0.36288,-0.14772,-0.15083,0,-0.38716,-0.081668,-0.21268,-0.020188,-0.038921,0.1223,0.59004,0.23948,-0.0083488,0.096608,0.29367,-0.52131,-0.17995,-0.28228,-0.010885,-0.59064,-0.71064,0.23254,0.27066,-0.17298,-0.098098,0.18047,-0.68565,0.24835,-0.20042,0.52323,-0.38392,0.16238,-0.21824,-0.54912,-0.6243,-0.20035,-0.85369,-0.16956,0.0096314,-0.36823,-0.042337,0.74327,-0.029633,-0.64897,0.53399,-0.31818,-0.015487,-0.074654,-0.25391,-0.44249,-0.5185,-0.094075,0.31365,0.69043,0.49189,0.20695,0.29703,0.24057,-0.15166,-0.14995,-0.089665,-0.38229,-0.51972,-0.44543,-0.25055,-0.71884,-0.13473,-0.1312,0.25803,0.35071,0.070468,-0.51901,0.1132,-0.0022974,0.41581,0.45715,0.13981,0.17617,0.36091,0.063068,-0.38598,-0.27298,0.031885,-0.21121,0.71725,0.94643,0.034032,0.10019,0.33863,0.15449,0.02769,-0.18417,0.78125,0.70963,0.42394,0.14932,0.25068,0.91496
0.047939,0.056182,-0.066209,0.090081,-0.33803,-0.7721,-0.11634,0.03161,0.31638,0.76213,-0.38716,0,0.35446,0.13301,-0.28364,-0.21985,-0.58666,-0.44373,-0.45429,-0.36661,-0.39219,-0.52119,-0.25035,-0.31274,-0.25224,-0.30859,-0.25016,-0.23521,0.30903,0.32953,0.61452,0.80663,-0.017261,0.36285,-0.14475,0.23565,0.18,0.61599,-0.43897,-0.19364,-0.26004,-0.22442,-0.50292,0.25506,-0.31027,-0.33286,-0.12599,-0.80156,-0.48048,-0.045496,0.19913,0.13403,-0.14223,0.033952,0.067333,-0.58483,-0.51724,-0.19706,-0.64328,-0.54855,-0.18571,-0.043406,-0.059706,-0.11904,-0.24101,-0.30538,-0.52285,-0.0098228,0.47104,0.46179,-0.13694,0.038117,0.012139,-0.32707,-0.53668,-0.25189,-0.07281,0.30279,0.59869,-0.0086458,0.12853,-0.21037,-0.028146,-0.071826,-0.11497,0.1074,-0.019337,-0.07607,-0.43677,-0.40801,-0.52593,-0.39129,-0.23202,-0.2984,-0.096785,0.47929,0.64506,0.23467,0.82381,-0.51241,-0.70892,0.13238,0.26567,-0.076856,0.12341
-0.54382,-0.68866,0.27624,0.38773,0.38448,-0.98346,-0.14902,-0.080347,0.42558,-0.20748,-0.081668,0.35446,0,0.51741,0.22803,-0.12435,0.14168,-0.26279,0.19307,0.239,0.23523,0.045932,-0.054662,0.080286,0.36746,0.42598,-0.24146,-0.24457,-0.48924,-0.27888,-0.00012836,0.047998,0.64858,0.3996,0.30869,-0.047197,0.36223,0.74962,-0.1108,0.050593,0.034979,-0.34084,-0.08668,-0.11225,0.67534,0.54034,0.38997,0.037385,0.46041,1.3687,0.71253,-0.11208,-0.039562,0.13221,0.40798,0.0037129,-0.023438,-0.091066,-0.55342,0.1382,0.14141,0.25688,0.27932,0.17847,0.17733,0.51081,0.37447,-0.15488,-0.32478,0.59898,0.39546,0.4214,0.38993,0.56452,0.24741,0.15081,0.41618,-0.036903,0.53728,0.92181,0.52231,0.11507,0.090727,0.2052,-0.028395,0.27549,0.47615,0.54309,-0.14441,-0.023601,-0.10415,0.44218,0.36369,0.055583,0.46911,0.86012,0.80326,0.6778,0.82867,0.17467,0.1104,0.83774,0.6395,-0.34208,-0.10031
0.22748,-0.43545,0.51396,0.506,0.82517,-0.11668,0.68642,0.30806,0.64619,-0.15429,-0.21268,0.13301,0.51741,0,0.91165,0.083222,0.50292,0.020064,0.77745,0.88494,0.54524,-0.069923,0.53008,0.31815,0.67733,0.80034,0.33936,0.21662,-0.48271,-0.44653,-0.65013,-0.60367,-0.23444,-0.13977,-0.46272,-0.91299,0.060825,0.42209,0.66502,0.67229,0.69403,0.32707,-0.30351,-0.52895,0.42686,0.32828,0.50641,-0.089618,0.42112,0.39814,0.91367,-0.067026,0.81623,0.51349,0.74466,0.19865,0.2057,-0.13056,-0.39803,0.48253,0.19835,0.56969,0.63849,0.72253,0.61272,0.599,0.36934,-0.42568,-0.093385,0.16909,0.85453,0.67662,0.086919,0.66466,0.36522,0.78889,0.76742,0.018896,0.97412,0.6114,0.88177,0.61115,0.4543,-0.11546,0.59186,0.61787,0.93869,0.30964,-0.13807,0.32834,0.21478,0.34912,0.26524,0.39143,0.39279,0.43365,0.6026,0.093184,0.5339,0.42714,0.28859,0.34985,0.45583,-0.70037,-0.62196
0.34274,0.0050719,0.9909,0.80049,1.4154,0.3712,0.98624,0.822,0.73898,-0.12306,-0.020188,-0.28364,0.22803,0.91165,0,0.80269,1.5644,0.40241,1.5394,1.9254,1.3347,0.54982,0.99841,0.91578,1.0689,1.5996,0.6303,0.45829,-0.7072,-0.53166,-1.1846,-1.3914,-0.38119,-0.5788,-0.46101,-1.5455,0.082102,0.20116,1.375,1.4616,1.1424,0.74487,0.2289,-0.38856,0.63966,0.7652,0.98076,0.48961,0.65982,0.28023,0.66872,0.18706,1.3248,1.0462,1.0929,0.7934,0.70199,0.11024,0.21109,1.4507,0.70548,0.4546,0.49538,1.1355,1.264,1.047,0.95797,-0.6791,-0.72011,-0.30397,1.2113,0.81264,0.12062,0.95104,0.87443,1.736,1.2108,0.15107,0.69236,0.70694,0.83958,1.1887,0.85936,0.37505,1.2207,0.92941,1.5154,0.70106,0.343,1.2187,0.94517,0.68566,0.54245,0.84916,1.0176,0.37179,0.42445,0.23762,0.048584,0.50636,0.562,0.12074,0.15389,-0.74168,-0.43273
0.40104,0.63121,0.70111,0.60945,0.55665,0.66114,0.59147,1.1241,0.47954,0.11606,-0.038921,-0.21985,-0.12435,0.083222,0.80269,0,0.87498,0.47465,0.72223,0.76041,1.0726,1.0338,0.7822,0.85701,0.74261,0.61944,0.74396,0.61921,-0.2285,-0.26975,-0.43549,-0.63932,-0.30955,-0.48219,-0.25904,-0.5801,0.26649,0.2383,0.83033,0.99454,0.67654,0.81211,0.69374,0.10593,0.45148,0.71392,0.99828,0.73037,0.2785,-0.047638,0.22631,0.53069,0.78582,1.2482,0.8979,0.75117,0.80132,0.37969,0.72927,0.8675,0.75322,0.2125,0.29793,0.68838,0.83333,0.7271,0.77488,-0.71739,-0.79978,-0.32052,0.70171,0.6316,0.26805,0.53797,0.73374,0.7482,0.58074,0.36579,0.37381,0.47286,0.48563,0.72925,0.70977,0.65368,0.77309,0.68005,0.75696,0.77299,0.7682,1.2632,1.0294,0.24034,0.22881,0.4782,0.87912,0.1898,0.14986,0.54157,-0.34502,0.15668,0.37699,-0.11295,-0.15438,-0.54794,-0.16138
0.24691,0.041236,0.75504,0.52372,1.4518,0.5184,0.79279,0.8083,0.37293,-0.21973,0.1223,-0.58666,0.14168,0.50292,1.5644,0.87498,0,0.35067,1.3582,1.5902,1.3724,0.91061,0.98601,1.2122,0.98009,1.6697,0.5038,0.4697,-0.79723,-0.50601,-1.4101,-1.5529,-0.28552,-0.57312,-0.34579,-1.058,0.095886,0.074582,1.1968,1.3139,0.99093,0.65681,0.38847,-0.34655,0.74817,0.96928,0.90791,0.83248,0.76301,0.36021,0.52475,0.12469,1.0038,0.74164,0.73125,0.88177,0.77729,0.31966,0.48749,2.1031,0.7938,0.25,0.294,0.753,0.91613,1.1761,1.2654,-0.66314,-1.1647,-0.41672,0.89881,0.50218,0.18596,0.95059,1.2209,1.2346,0.88924,-0.050471,0.30048,0.65612,0.67481,1.0605,0.65043,0.43427,0.83785,0.67741,1.0272,0.80726,0.47604,1.6782,1.3483,0.79942,0.59138,1.0334,1.1988,0.21182,0.16959,0.23162,-0.2608,0.56039,0.66194,0.12473,0.15404,-0.65333,-0.30563
-0.18584,0.10233,0.89902,0.81533,0.018369,0.55302,-0.030955,-0.030273,0.52695,-0.23503,0.59004,-0.44373,-0.26279,0.020064,0.40241,0.47465,0.35067,0,0.54647,0.30375,0.41196,0.26749,-0.058088,-0.060014,0.14474,0.14042,0.27225,-0.11348,0.036673,-0.12043,-0.18745,-0.48157,-0.013271,-0.82589,0.23788,-0.50155,0.11048,-0.40717,0.55629,0.12928,0.042643,0.1357,0.4063,-0.30848,-0.016389,0.12543,0.15935,0.28535,0.45325,-0.32489,-0.46489,0.57988,0.11155,0.56751,0.45455,0.47166,0.28898,-0.50891,0.17012,0.45227,0.5256,0.64352,0.43863,0.84128,0.94101,0.034523,0.16522,-0.023681,-0.28476,-0.62808,0.19264,0.45837,-0.44176,0.12884,0.016647,0.64746,0.62729,0.76656,0.023382,0.1303,-0.053481,0.48955,0.77512,0.55629,0.83858,0.52251,0.40525,-0.082764,0.33425,0.25254,0.11918,0.50154,0.57346,0.0099872,0.13235,0.17882,0.15434,0.043455,-0.054812,0.4028,0.6654,-0.17241,-0.56863,0.25014,0.2576
0.10546,-0.20031,1.0185,0.69436,1.0621,0.48261,0.64088,0.53522,0.52388,-0.38915,0.23948,-0.45429,0.19307,0.77745,1.5394,0.72223,1.3582,0.54647,0,1.9003,1.6342,0.72601,0.68645,0.65233,1.109,1.2796,0.48607,0.30475,-0.55482,-0.6289,-1.1194,-1.446,-0.17187,-0.58509,-0.2683,-1.3531,0.35206,0.22232,1.7061,1.0797,0.75956,0.47455,0.19495,-0.64747,0.73887,0.90172,0.86691,0.49953,1.0104,0.30446,0.47673,0.24792,0.98177,0.99017,1.0931,0.59432,0.57881,0.015376,0.15651,1.5442,0.86355,0.76284,0.76536,1.2423,1.246,1.0587,0.90362,-0.83611,-0.78838,-0.21161,0.95557,0.7997,0.11421,1.0843,0.93962,1.6385,1.268,0.063622,0.4302,0.88043,0.95808,1.2422,0.85093,0.22905,0.97423,1.0237,1.4398,0.5365,0.26762,1.0311,0.72658,0.79559,0.67327,0.55888,0.82031,0.36054,0.33513,0.30873,-0.089962,0.95126,1.0775,0.31466,0.22276,-0.74686,-0.35966
0.29407,-0.10805,0.79906,0.59191,1.5825,0.41181,0.94648,0.77052,0.52672,-0.29164,-0.0083488,-0.36661,0.239,0.88494,1.9254,0.76041,1.5902,0.30375,1.9003,0,1.5993,0.69405,1.0309,0.89517,1.403,1.761,0.6026,0.4867,-0.76815,-0.72678,-1.2574,-1.5015,-0.27185,-0.42605,-0.41531,-1.2826,0.2021,0.31723,1.5216,1.5112,1.1193,0.69009,0.22097,-0.43994,0.85763,0.98914,1.0894,0.55279,0.741,0.3679,0.76766,0.078124,1.3398,0.94519,1.0611,0.70215,0.73075,0.20184,0.21643,1.4974,0.68715,0.4805,0.55314,0.95714,1.002,1.3162,1.1028,-0.87555,-0.76658,-0.14298,1.2374,0.79813,0.28647,1.2487,1.1872,1.4345,1.0617,-0.041056,0.56171,0.83554,1.0356,1.061,0.65752,0.2062,0.89359,0.85869,1.4474,0.74948,0.31883,1.2378,0.98432,0.6503,0.48794,0.71003,0.94884,0.28267,0.29918,0.27606,-0.077293,0.66062,0.7162,0.22191,0.2568,-0.94706,-0.56161
0.14165,-0.025274,0.8774,0.63374,1.0688,0.44269,0.6198,0.73638,0.49293,-0.30919,0.096608,-0.39219,0.23523,0.54524,1.3347,1.0726,1.3724,0.41196,1.6342,1.5993,0,1.1015,0.7984,0.84899,1.3598,1.2324,0.56381,0.44629,-0.53416,-0.63821,-0.86783,-1.1308,-0.098367,-0.42907,-0.21045,-0.97141,0.45229,0.39791,1.2393,1.1719,0.78722,0.55175,0.39841,-0.34249,0.97697,1.2787,1.2286,0.68146,0.88297,0.37309,0.55496,0.31112,0.96829,1.2083,1.2407,0.68203,0.73748,0.20533,0.309,1.4875,0.92051,0.60244,0.69039,1.038,1.1133,1.4239,1.1899,-1.0335,-0.99826,-0.09285,1.0598,0.89664,0.34565,1.2774,1.2592,1.1703,1.0169,0.044741,0.43793,1.0243,1.0132,1.0574,0.76002,0.32618,0.77221,0.93331,1.3309,0.82188,0.41831,1.281,0.91579,0.62764,0.5246,0.52523,1.0308,0.37611,0.30771,0.60101,-0.17102,0.72842,0.92912,0.32876,0.2289,-0.94921,-0.39244
-0.025136,0.13385,0.46798,0.22786,0.56214,0.51019,0.23922,0.60197,0.037264,-0.21483,0.29367,-0.52119,0.045932,-0.069923,0.54982,1.0338,0.91061,0.26749,0.72601,0.69405,1.1015,0,0.47291,0.76391,0.70593,0.68167,0.22617,0.2869,-0.33961,-0.37035,-0.53183,-0.60699,0.051502,-0.33105,-0.014866,-0.38136,0.575,0.25679,0.62281,0.65485,0.34119,0.28478,0.54174,-0.13663,0.75132,1.1516,0.73024,0.86583,0.68413,0.29281,0.19743,0.32467,0.4305,0.62935,0.53001,0.46424,0.5239,0.40762,0.60498,1.0081,0.9519,0.21532,0.24511,0.41683,0.48917,0.88362,0.91235,-0.8754,-1.3513,-0.16986,0.40809,0.32294,0.37919,0.71686,1.0877,0.53212,0.47755,-0.14185,-0.061798,0.65386,0.55482,0.62401,0.41459,0.3719,0.31373,0.52088,0.55961,0.70432,0.45279,1.0842,0.86347,0.51497,0.46233,0.39979,0.89261,0.19203,0.013938,0.63385,-0.59049,0.54461,0.74702,0.28482,0.18145,-0.59991,-0.032507
0.98189,0.395,0.22974,0.20524,1.1888,0.51907,1.6999,1.3284,0.2516,0.013008,-0.52131,-0.25035,-0.054662,0.53008,0.99841,0.7822,0.98601,-0.058088,0.68645,1.0309,0.7984,0.47291,0,1.3284,0.93498,0.92294,1.0389,1.2834,-0.58089,-0.44892,-0.88113,-0.92905,-0.62708,-0.18321,-0.74889,-0.6663,-0.19763,0.23181,0.86274,1.6322,2.0439,1.491,0.34253,0.071224,0.53662,0.55647,0.95833,0.59764,0.082148,0.1365,0.81617,-0.10287,1.5823,0.60181,0.5712,0.76937,0.95026,0.76925,0.61956,0.74189,0.20404,-0.075164,0.14325,0.35865,0.45089,0.92533,0.88064,-0.55825,-0.43847,-0.13303,1.0347,0.43837,0.46008,0.66861,0.97892,0.62449,0.32656,-0.12031,0.50669,0.32235,0.57593,0.53708,0.26001,0.13766,0.51516,0.29346,0.62466,0.8351,0.58351,1.1584,1.4603,0.05041,-0.1042,0.86224,0.67758,-0.14694,-0.074458,0.078587,-0.30253,0.056125,0.11365,-0.19233,0.064491,-0.8439,-0.84054
0.55999,0.36014,0.3261,0.22176,1.087,0.43674,0.905,1.2686,0.13762,0.1073,-0.17995,-0.31274,0.080286,0.31815,0.91578,0.85701,1.2122,-0.060014,0.65233,0.89517,0.84899,0.76391,1.3284,0,0.68144,0.99372,0.57562,0.8579,-0.50112,-0.16534,-0.94388,-0.79684,-0.46741,-0.32059,-0.59919,-0.60266,0.0055933,0.18644,0.71028,1.3074,1.0575,0.78882,0.33763,-0.031278,0.54389,0.67126,0.80821,0.73951,0.31229,0.34499,0.62245,0.12728,0.97329,0.53256,0.48251,0.64055,0.66267,0.85261,0.75067,0.97677,0.4828,-0.086997,0.10056,0.3436,0.46889,1.0208,0.96716,-0.58327,-0.90761,-0.29123,0.70585,0.22399,0.30582,0.57726,1.0037,0.61988,0.38428,-0.12953,0.31125,0.46775,0.59415,0.74631,0.41378,0.37691,0.45028,0.36352,0.60715,0.9781,0.57672,1.5095,1.5077,0.27903,0.15115,1.388,1.1693,0.077588,0.036941,0.28974,-0.37495,0.16584,0.20686,0.061547,0.26467,-0.77719,-0.33618
0.22182,-0.094738,0.51298,0.49043,1.2736,0.22131,0.73443,0.66007,0.51244,-0.45696,-0.28228,-0.25224,0.36746,0.67733,1.0689,0.74261,0.98009,0.14474,1.109,1.403,1.3598,0.70593,0.93498,0.68144,0,1.1752,0.70556,0.57302,-0.86537,-1.1777,-0.64744,-0.93009,0.019671,-0.0052748,-0.14014,-0.64359,0.22352,0.6075,0.87995,1.0691,1.0303,0.68493,0.45847,-0.079999,1.3985,1.3643,1.7188,0.68235,0.50381,0.48762,0.97955,-0.11284,0.97436,0.86638,1.1008,0.77622,1.0096,0.32382,0.20006,0.86612,0.39952,0.35213,0.50082,0.62894,0.69152,1.5496,1.354,-0.79978,-0.62305,0.2321,1.6049,1.109,0.79571,1.9278,1.4354,0.78224,0.69751,-0.088718,0.6021,0.93685,0.91621,0.52236,0.30734,0.17036,0.51032,0.56324,1.0947,1.0447,0.45147,0.86676,0.86658,0.37643,0.20802,0.32427,0.73006,0.18274,0.19785,0.47658,-0.033937,0.40985,0.55437,0.18415,0.15972,-0.97674,-0.86553
0.18645,-0.17499,0.72074,0.53206,2.0262,0.19062,0.81943,0.73692,0.49297,-0.2144,-0.010885,-0.30859,0.42598,0.80034,1.5996,0.61944,1.6697,0.14042,1.2796,1.761,1.2324,0.68167,0.92294,0.99372,1.1752,0,0.36739,0.34229,-1.0821,-0.67424,-1.2422,-1.1758,-0.19072,-0.34049,-0.35953,-1.0436,0.14366,0.31916,0.9795,1.2635,0.98711,0.53444,0.19246,-0.3752,0.92599,1.081,0.97973,0.56922,0.75464,0.56901,0.9044,-0.036739,1.0281,0.70226,0.81825,0.67938,0.63058,0.23017,0.16578,1.4765,0.68716,0.273,0.2994,0.71498,0.78403,1.3198,1.1922,-0.75484,-0.93265,-0.15373,1.0524,0.61446,0.31767,1.2108,1.2065,1.1861,1.0136,-0.14779,0.52119,0.83645,0.93009,0.91535,0.5335,0.28954,0.74202,0.74632,1.2626,0.88444,0.24192,1.1913,1.001,0.84044,0.60726,0.86482,1.2123,0.37666,0.37937,0.27894,0.014024,0.5404,0.53659,0.27762,0.3614,-0.85133,-0.43301
0.81353,0.57583,0.20638,0.36555,0.53852,0.61856,0.86759,0.691,0.38377,-0.14716,-0.59064,-0.25016,-0.24146,0.33936,0.6303,0.74396,0.5038,0.27225,0.48607,0.6026,0.56381,0.22617,1.0389,0.57562,0.70556,0.36739,0,1.4162,-0.22271,-0.3966,-0.34318,-0.66517,-0.39306,-0.092882,-0.31261,-0.39493,-0.29849,0.086787,0.67187,0.78408,1.1584,1.4409,0.65736,0.29415,0.34429,0.29368,0.83925,0.59492,-0.11063,-0.12134,0.36343,0.025668,0.86788,0.63569,0.61154,0.92131,1.2011,0.50573,0.6499,0.34565,-0.057753,0.077318,0.34915,0.39269,0.53442,0.54436,0.60727,-0.18173,-0.12432,-0.053724,0.9766,0.66746,0.38263,0.4491,0.51417,0.40989,0.16474,0.30445,0.49384,0.17476,0.21733,0.26875,0.2355,0.24115,0.48135,0.12577,0.4167,0.55378,0.98667,0.57159,0.75806,-0.23204,-0.3636,0.31753,0.23712,-0.31233,-0.20993,0.084191,-0.2342,-0.10744,0.10594,-0.45762,-0.41359,-0.36972,-0.84936
1.0292,0.63766,-0.081327,0.013177,0.55829,0.56861,0.91827,0.853,0.028603,-0.026011,-0.71064,-0.23521,-0.24457,0.21662,0.45829,0.61921,0.4697,-0.11348,0.30475,0.4867,0.44629,0.2869,1.2834,0.8579,0.57302,0.34229,1.4162,0,-0.18124,-0.22026,-0.39097,-0.51894,-0.47945,0.04464,-0.50162,-0.2265,-0.29312,0.14755,0.48862,0.80491,1.1329,1.277,0.49393,0.35648,0.33527,0.27364,0.69941,0.59479,-0.20251,-0.00084673,0.47206,-0.075166,0.83096,0.36632,0.33847,0.6373,0.91596,1.0577,0.85899,0.287,-0.13189,-0.18301,0.15773,0.093958,0.21025,0.58914,0.5874,-0.23269,-0.16956,0.017414,0.71441,0.29132,0.50461,0.35434,0.60758,0.19034,-0.077342,-0.024334,0.31161,0.11942,0.24844,0.19497,0.036562,0.080798,0.17413,-0.060535,0.21931,0.63075,0.86837,0.62611,0.89207,-0.38603,-0.5563,0.49752,0.28581,-0.4432,-0.38366,0.082482,-0.45364,-0.17868,-0.041082,-0.34042,-0.13978,-0.52366,-0.85449
-0.028365,0.2643,-0.2769,-0.28985,-1.1738,0.088313,-0.50173,-0.32091,-0.3581,0.40989,0.23254,0.30903,-0.48924,-0.48271,-0.7072,-0.2285,-0.79723,0.036673,-0.55482,-0.76815,-0.53416,-0.33961,-0.58089,-0.50112,-0.86537,-1.0821,-0.22271,-0.18124,0,1.0132,0.61475,0.68804,-0.10752,-0.090925,-0.0075076,0.38585,0.22182,-0.18189,-0.36322,-0.56351,-0.71971,-0.39262,-0.36024,-0.0021015,-0.92203,-0.84513,-0.70679,-0.61505,-0.35464,-0.61521,-0.8374,0.61279,-0.47344,-0.20728,-0.35423,-0.7794,-0.71436,-0.20773,-0.077256,-0.62667,-0.15702,0.12779,0.12695,-0.18909,-0.29488,-0.77466,-1.0013,0.22819,0.53946,-0.027917,-0.79153,-0.45575,-0.56813,-0.97707,-0.88144,-0.49607,-0.47517,0.2974,-0.31284,-0.44655,-0.33427,-0.1889,0.026897,-0.23927,-0.31232,-0.18522,-0.57063,-0.7747,-0.24986,-0.52662,-0.69946,-0.62778,-0.34084,-0.42388,-0.58693,-0.07719,-0.12186,-0.025595,-0.11891,-0.14411,-0.18475,0.0023793,-0.065009,0.34012,0.5253
-0.010709,0.32325,-0.21857,-0.23016,-0.74367,-0.067032,-0.40272,-0.16618,-0.33212,0.77683,0.27066,0.32953,-0.27888,-0.44653,-0.53166,-0.26975,-0.50601,-0.12043,-0.6289,-0.72678,-0.63821,-0.37035,-0.44892,-0.16534,-1.1777,-0.67424,-0.3966,-0.22026,1.0132,0,0.36202,0.63423,-0.24884,-0.21358,-0.15386,0.31148,-0.0083927,-0.35146,-0.45313,-0.44181,-0.57333,-0.40781,-0.42089,-0.0010365,-1.0473,-0.87971,-0.79029,-0.4892,-0.32245,-0.3428,-0.65238,0.54179,-0.46306,-0.3631,-0.51771,-0.6312,-0.79859,-0.055984,0.024754,-0.43653,-0.0837,-0.18621,-0.2008,-0.28574,-0.31286,-0.7015,-0.80589,0.39045,0.25447,-0.34066,-0.84657,-0.81156,-0.80529,-1.2152,-0.8649,-0.4033,-0.40033,0.26983,-0.27349,-0.46775,-0.39697,-0.062709,0.093534,0.064776,-0.22899,-0.20778,-0.53847,-0.51838,-0.21715,-0.33932,-0.45818,-0.32622,-0.1341,0.077584,-0.21264,0.065386,0.017672,-0.11734,-0.020962,-0.30325,-0.42893,0.00099876,0.067704,0.4306,0.86186
-0.35768,0.11886,-0.4883,-0.21553,-1.1825,-0.55319,-0.89438,-0.60575,-0.1279,0.19233,-0.17298,0.61452,-0.00012836,-0.65013,-1.1846,-0.43549,-1.4101,-0.18745,-1.1194,-1.2574,-0.86783,-0.53183,-0.88113,-0.94388,-0.64744,-1.2422,-0.34318,-0.39097,0.61475,0.36202,0,1.4938,0.5232,0.65672,0.63723,1.2005,0.012427,0.082278,-1.1566,-1.0742,-0.86235,-0.545,0.001486,0.65571,-0.43791,-0.53167,-0.45862,-0.419,-0.68445,-0.23457,-0.4671,-0.0025318,-1.0169,-0.42498,-0.41104,-0.48699,-0.42441,-0.22713,-0.30486,-1.3476,-0.59413,-0.24068,-0.25758,-0.5965,-0.61779,-0.76633,-0.70494,0.5887,0.66479,0.46965,-0.58246,-0.21273,0.034649,-0.64307,-0.84675,-1.0312,-0.67659,0.29378,-0.16277,-0.38341,-0.62954,-1.0031,-0.5119,-0.035082,-0.6707,-0.52985,-0.71806,-0.37242,-0.13624,-1.089,-0.92559,-0.6713,-0.5053,-1.0989,-0.71567,-0.065361,-0.058159,0.097707,0.30206,-0.70081,-0.60391,-0.14977,-0.31395,0.63063,0.33727
-0.32083,0.034359,-0.61901,-0.42895,-1.1925,-0.70824,-0.85835,-0.55205,-0.31426,0.43583,-0.098098,0.80663,0.047998,-0.60367,-1.3914,-0.63932,-1.5529,-0.48157,-1.446,-1.5015,-1.1308,-0.60699,-0.92905,-0.79684,-0.93009,-1.1758,-0.66517,-0.51894,0.68804,0.63423,1.4938,0,0.34499,0.5916,0.34569,1.1454,0.062292,0.099614,-1.4404,-1.0765,-1.0409,-0.7477,-0.34152,0.44254,-0.60915,-0.68387,-0.7166,-0.69418,-0.67576,-0.17242,-0.40285,-0.0066613,-1.038,-0.62689,-0.62981,-0.90207,-0.83346,-0.18407,-0.4206,-1.37,-0.52123,-0.35457,-0.40398,-0.77792,-0.90229,-0.88515,-0.97287,0.49398,0.66295,0.41058,-0.88776,-0.53358,-0.10074,-0.87576,-0.98782,-1.1573,-0.74895,0.073354,-0.2222,-0.44522,-0.51622,-0.86567,-0.53649,-0.19093,-0.82944,-0.52173,-0.8332,-0.47947,-0.43022,-1.0822,-1.0368,-0.62506,-0.43051,-0.74088,-0.62389,0.019743,0.015974,0.018624,0.30723,-0.65128,-0.77645,0.014767,0.0086117,0.51215,0.49734
-1.2778,-0.60322,-0.092735,0.038173,-0.21635,-0.61398,-0.93938,-0.73231,-0.048283,-0.66809,0.18047,-0.017261,0.64858,-0.23444,-0.38119,-0.30955,-0.28552,-0.013271,-0.17187,-0.27185,-0.098367,0.051502,-0.62708,-0.46741,0.019671,-0.19072,-0.39306,-0.47945,-0.10752,-0.24884,0.5232,0.34499,0,0.64129,1.5835,0.58072,0.33997,0.2581,-0.49188,-0.59569,-0.51565,-0.73774,0.25401,0.12937,0.42661,0.30173,0.026806,0.17171,0.26197,0.63402,-0.058007,-0.1849,-0.74823,-0.25251,-0.041042,-0.072565,-0.057045,-0.18903,-0.31791,-0.26101,-0.13688,0.1395,0.11847,-0.21061,-0.16525,0.058385,0.11602,0.24445,-0.10851,0.64084,-0.079539,0.14257,0.37737,0.2198,-0.00088185,-0.36531,-0.09162,-0.049731,-0.20204,0.37048,-0.11975,-0.43143,-0.33132,0.12074,-0.51032,-0.21844,-0.1274,0.11804,0.0080971,-0.47334,-0.43501,0.1644,0.1226,-0.61995,-0.12792,0.2124,0.074076,0.47686,0.26888,0.099496,0.20935,0.45603,0.051043,0.24567,0.13768
-0.16636,-0.1973,-0.80749,-0.44061,-0.18087,-0.7081,-0.30209,-0.32787,-0.26292,-0.23893,-0.68565,0.36285,0.3996,-0.13977,-0.5788,-0.48219,-0.57312,-0.82589,-0.58509,-0.42605,-0.42907,-0.33105,-0.18321,-0.32059,-0.0052748,-0.34049,-0.092882,0.04464,-0.090925,-0.21358,0.65672,0.5916,0.64129,0,0.43301,0.94509,-0.11267,0.47413,-0.74426,-0.41786,-0.15805,-0.22001,0.068824,0.66002,0.23739,0.0018576,0.017457,-0.047926,-0.48593,0.39349,0.31922,-0.74359,-0.40591,-0.50824,-0.27801,-0.19051,0.00081537,0.30583,-0.22553,-0.74245,-0.88945,-0.43408,-0.23645,-0.8054,-0.76411,-0.041567,-0.050732,0.30639,0.3899,1.2774,-0.027108,-0.048197,0.8295,0.033909,-0.054691,-0.85811,-0.66935,-0.34059,0.007996,-0.0080855,-0.1629,-1.0144,-1.0906,-0.30443,-0.99089,-0.71748,-0.4237,0.16259,-0.0061157,-0.58843,-0.31977,-0.58292,-0.72745,-0.56085,-0.37919,-0.24964,-0.22712,0.13356,0.22142,-0.51657,-0.49927,0.049555,0.075096,0.043086,-0.38529
-1.1446,-0.33743,-0.075595,0.087004,-0.39005,-0.39179,-1.0691,-0.84834,-0.023362,-0.60384,0.24835,-0.14475,0.30869,-0.46272,-0.46101,-0.25904,-0.34579,0.23788,-0.2683,-0.41531,-0.21045,-0.014866,-0.74889,-0.59919,-0.14014,-0.35953,-0.31261,-0.50162,-0.0075076,-0.15386,0.63723,0.34569,1.5835,0.43301,0,0.63529,0.121,-0.065549,-0.53196,-0.75914,-0.59283,-0.62997,0.44255,0.24889,0.19591,0.11727,-0.096439,0.22233,0.12962,0.28207,-0.36459,-0.11658,-0.92319,-0.28347,-0.14868,0.055544,0.0055686,-0.29728,-0.15978,-0.32651,-0.19055,0.057716,-0.0090522,-0.21856,-0.1282,-0.15222,0.016762,0.4944,-0.026599,0.31377,-0.18962,0.086137,0.17348,0.027949,-0.16108,-0.39944,-0.16301,0.15303,-0.34838,0.10092,-0.44721,-0.52481,-0.30799,0.27108,-0.40201,-0.31997,-0.27059,-0.035708,0.14056,-0.53681,-0.44585,0.12281,0.097158,-0.70058,-0.27395,0.047903,-0.071062,0.26609,0.17257,-0.034428,0.1517,0.11858,-0.32249,0.59807,0.27683
-0.32993,0.070801,-1.0428,-0.67006,-0.85713,-0.44846,-0.84744,-0.61993,-0.62192,0.00030018,-0.20042,0.23565,-0.047197,-0.91299,-1.5455,-0.5801,-1.058,-0.50155,-1.3531,-1.2826,-0.97141,-0.38136,-0.6663,-0.60266,-0.64359,-1.0436,-0.39493,-0.2265,0.38585,0.31148,1.2005,1.1454,0.58072,0.94509,0.63529,0,-0.15279,-0.050534,-1.4418,-1.0546,-0.7248,-0.53026,0.082242,0.73347,-0.285,-0.42027,-0.50741,-0.14386,-0.68722,-0.0336,-0.38499,-0.34383,-1.1289,-0.92181,-0.83675,-0.41468,-0.31737,0.15468,-0.031052,-1.2104,-0.82882,-0.64578,-0.55077,-1.3394,-1.1774,-0.5964,-0.47598,0.70221,0.47581,0.46939,-0.68468,-0.56764,0.21588,-0.57509,-0.50933,-1.8825,-1.2668,-0.1564,-0.53812,-0.47213,-0.77723,-1.462,-1.0824,-0.15982,-1.3943,-1.13,-1.1858,-0.25729,-0.0301,-0.91177,-0.59066,-0.69742,-0.67304,-0.71934,-0.69067,-0.40929,-0.47859,-0.054006,-0.053173,-0.69559,-0.6252,-0.15661,-0.21165,0.61869,0.22903
-0.47098,-0.33423,0.42752,0.21302,-0.026194,-0.069755,-0.27548,0.051711,0.072924,-0.04969,0.52323,0.18,0.36223,0.060825,0.082102,0.26649,0.095886,0.11048,0.35206,0.2021,0.45229,0.575,-0.19763,0.0055933,0.22352,0.14366,-0.29849,-0.29312,0.22182,-0.0083927,0.012427,0.062292,0.33997,-0.11267,0.121,-0.15279,0,0.69002,0.2127,0.089979,-0.29381,-0.41394,-0.19501,-0.46806,0.31209,0.46591,0.20704,-0.081367,0.64804,0.30545,0.049165,0.64319,-0.0050636,0.44763,0.47584,-0.38221,-0.2861,-0.1564,-0.2508,0.28095,0.77951,0.759,0.65336,0.40903,0.26347,0.31734,0.083205,-0.81443,-0.43206,0.29176,0.0028957,0.24363,0.079555,0.29186,0.20186,0.24253,0.44254,0.021745,0.087069,0.77936,0.74299,0.45294,0.45427,-0.0016084,0.060197,0.70009,0.42786,0.1336,-0.24071,0.17319,-0.13035,0.31284,0.48251,-0.14636,0.36891,0.7606,0.52359,0.94103,0.025012,0.68848,0.62818,1.0558,0.67004,-0.51584,0.27803
-0.015728,-0.19293,0.15138,0.20277,0.30985,-0.43246,0.15458,0.35519,0.32291,0.033559,-0.38392,0.61599,0.74962,0.42209,0.20116,0.2383,0.074582,-0.40717,0.22232,0.31723,0.39791,0.25679,0.23181,0.18644,0.6075,0.31916,0.086787,0.14755,-0.18189,-0.35146,0.082278,0.099614,0.2581,0.47413,-0.065549,-0.050534,0.69002,0,0.095534,0.33505,0.19433,0.030757,-0.081996,0.077079,0.6353,0.58922,0.65318,-0.037639,0.1302,0.56219,0.86818,0.042367,0.29354,0.46376,0.65227,-0.12552,0.075561,0.21168,-0.3054,0.088416,0.17996,0.27212,0.40896,0.18303,0.097969,0.59149,0.30676,-0.71697,-0.17842,0.94222,0.49096,0.56429,0.77698,0.5734,0.39035,0.12129,0.27279,-0.067067,0.71777,0.85144,0.94317,0.1377,0.076793,-0.066286,-0.031803,0.41229,0.52628,0.61976,-0.065406,0.16581,0.060526,-0.051874,-0.042532,-0.10079,0.40917,0.55444,0.55773,0.92768,0.36526,0.081529,0.042848,0.61035,0.64927,-0.92529,-0.38432
0.40196,0.057332,0.84178,0.56094,0.87919,0.81215,0.89397,0.72711,0.42771,-0.19021,0.16238,-0.43897,-0.1108,0.66502,1.375,0.83033,1.1968,0.55629,1.7061,1.5216,1.2393,0.62281,0.86274,0.71028,0.87995,0.9795,0.67187,0.48862,-0.36322,-0.45313,-1.1566,-1.4404,-0.49188,-0.74426,-0.53196,-1.4418,0.2127,0.095534,0,1.2877,0.88483,0.72648,0.15977,-0.56173,0.43523,0.58466,0.72394,0.42288,0.61938,0.008096,0.35322,0.30037,1.275,0.98913,0.90892,0.56098,0.5796,0.111,0.32233,1.2787,0.74042,0.59704,0.63617,1.0918,1.0766,0.78139,0.67306,-0.80965,-0.58258,-0.37553,0.81568,0.6154,0.0069262,0.71149,0.76421,1.4967,0.94038,0.11615,0.3971,0.53267,0.79207,1.2416,0.85244,0.16348,1.0937,0.90905,1.0924,0.39966,0.32401,1.1356,0.83038,0.49684,0.43818,0.63324,0.66301,0.15291,0.1706,0.11637,-0.25995,0.71203,0.79397,0.072163,0.089471,-0.69679,-0.37704
0.69089,0.25758,0.58816,0.45085,1.3016,0.52314,1.4317,1.4626,0.44118,0.053787,-0.21824,-0.19364,0.050593,0.67229,1.4616,0.99454,1.3139,0.12928,1.0797,1.5112,1.1719,0.65485,1.6322,1.3074,1.0691,1.2635,0.78408,0.80491,-0.56351,-0.44181,-1.0742,-1.0765,-0.59569,-0.41786,-0.75914,-1.0546,0.089979,0.33505,1.2877,0,1.4397,1.0662,0.2259,-0.18687,0.578,0.71918,1.0601,0.51113,0.34711,0.17191,0.77647,0.14014,1.994,0.9549,0.89235,0.65427,0.73822,0.47792,0.44173,1.1399,0.57595,0.19914,0.33311,0.7003,0.75393,1.0743,0.89873,-0.89685,-0.65797,-0.21906,1.0758,0.58144,0.30189,0.79243,1.0175,1.0738,0.71309,0.0039668,0.63109,0.56505,0.91665,0.9682,0.6036,0.23854,0.84012,0.71763,1.0678,0.82863,0.4305,1.6051,1.3158,0.31799,0.21681,0.92849,1.0052,0.16012,0.20725,0.23638,-0.19792,0.30488,0.33849,0.020637,0.20781,-1.044,-0.5578
0.83328,0.28297,0.31035,0.35101,1.3204,0.4265,1.5941,1.015,0.41448,-0.10341,-0.54912,-0.26004,0.034979,0.69403,1.1424,0.67654,0.99093,0.042643,0.75956,1.1193,0.78722,0.34119,2.0439,1.0575,1.0303,0.98711,1.1584,1.1329,-0.71971,-0.57333,-0.86235,-1.0409,-0.51565,-0.15805,-0.59283,-0.7248,-0.29381,0.19433,0.88483,1.4397,0,1.4678,0.38492,0.054829,0.58774,0.55332,1.0278,0.60858,0.11396,0.18377,0.86847,-0.17502,1.4913,0.61518,0.65534,0.95006,1.0994,0.57985,0.48691,0.72219,0.13553,-0.0040215,0.20268,0.44212,0.56212,0.92734,0.94145,-0.41598,-0.38112,-0.11172,1.3256,0.59573,0.44179,0.7616,0.90656,0.70825,0.41467,-0.019898,0.63142,0.35928,0.52679,0.50818,0.27609,0.19455,0.61307,0.29971,0.71495,0.83329,0.61707,0.96872,1.2341,0.11804,-0.06268,0.78067,0.61989,-0.1152,-0.01097,0.035641,-0.13584,0.057048,0.13629,-0.22504,-0.025342,-0.6991,-0.95673
1.2525,0.70222,0.18922,0.24376,0.70237,0.67465,1.4424,1.0799,0.33608,0.084204,-0.6243,-0.22442,-0.34084,0.32707,0.74487,0.81211,0.65681,0.1357,0.47455,0.69009,0.55175,0.28478,1.491,0.78882,0.68493,0.53444,1.4409,1.277,-0.39262,-0.40781,-0.545,-0.7477,-0.73774,-0.22001,-0.62997,-0.53026,-0.41394,0.030757,0.72648,1.0662,1.4678,0,0.50023,0.28193,0.26739,0.29059,0.75332,0.51688,-0.17641,-0.22375,0.45679,-0.079204,1.1932,0.59869,0.47885,0.89338,1.0757,0.56141,0.69469,0.47612,0.046186,-0.14202,0.041702,0.32176,0.4298,0.50781,0.5905,-0.31392,-0.17479,-0.24456,0.84954,0.4677,0.33844,0.40458,0.5949,0.49675,0.19887,0.11675,0.46008,0.031744,0.23828,0.3255,0.2086,0.18715,0.58283,0.17759,0.42544,0.54732,0.71067,0.81835,1.1056,-0.13797,-0.26669,0.52915,0.35497,-0.33906,-0.20161,-0.094626,-0.30926,-0.16734,-0.030284,-0.60795,-0.34267,-0.45041,-0.78046
0.040923,0.48657,0.1521,0.32512,0.2634,0.35202,0.091731,0.25613,0.21096,-0.36286,-0.20035,-0.50292,-0.08668,-0.30351,0.2289,0.69374,0.38847,0.4063,0.19495,0.22097,0.39841,0.54174,0.34253,0.33763,0.45847,0.19246,0.65736,0.49393,-0.36024,-0.42089,0.001486,-0.34152,0.25401,0.068824,0.44255,0.082242,-0.19501,-0.081996,0.15977,0.2259,0.38492,0.50023,0,0.62856,0.50835,0.53091,0.66197,1.317,0.019329,0.080523,0.0037589,-0.030193,0.10681,0.31067,0.28927,1.1696,1.1894,0.41794,0.84271,0.26548,0.029552,-0.17309,-0.038368,0.084081,0.3156,0.41411,0.7653,0.082499,-0.47048,-0.10073,0.48791,0.44018,0.52098,0.40676,0.50865,0.10087,0.0313,0.27596,-0.020125,0.167,-0.18621,-0.054459,-0.00089126,0.74102,0.1546,-0.1044,0.13305,0.66408,1.4259,0.38522,0.615,0.048412,-0.089637,0.060908,0.27021,-0.25808,-0.32264,0.29491,-0.34094,-0.19615,0.1575,-0.42322,-0.71334,0.086612,-0.22312
0.25991,0.71552,-0.50507,-0.16477,-0.21899,-0.17119,-0.048461,0.12018,-0.022192,0.21584,-0.85369,0.25506,-0.11225,-0.52895,-0.38856,0.10593,-0.34655,-0.30848,-0.64747,-0.43994,-0.34249,-0.13663,0.071224,-0.031278,-0.079999,-0.3752,0.29415,0.35648,-0.0021015,-0.0010365,0.65571,0.44254,0.12937,0.66002,0.24889,0.73347,-0.46806,0.077079,-0.56173,-0.18687,0.054829,0.28193,0.62856,0,-0.027984,-0.10215,0.13377,0.24073,-0.94203,-0.14481,0.01568,-0.30071,-0.21171,-0.16865,-0.20484,0.26464,0.35974,0.46923,0.37058,-0.53013,-0.62744,-0.84066,-0.57675,-0.6002,-0.41767,-0.15426,0.019254,0.41057,0.2403,0.26163,0.01935,-0.0093596,0.54984,-0.18821,-0.093592,-0.61901,-0.644,0.15443,0.033895,-0.34324,-0.52136,-0.77598,-0.58427,0.25475,-0.38031,-0.63337,-0.43305,0.27704,0.52174,-0.19085,0.080672,-0.71401,-0.82211,-0.26838,-0.19635,-0.41992,-0.35321,0.061247,-0.034721,-1.3518,-0.83352,-0.67042,-0.58905,0.26636,-0.18324
-0.14145,-0.32407,0.31459,0.3158,0.98815,-0.045812,0.29088,0.32195,0.27576,-0.69279,-0.16956,-0.31027,0.67534,0.42686,0.63966,0.45148,0.74817,-0.016389,0.73887,0.85763,0.97697,0.75132,0.53662,0.54389,1.3985,0.92599,0.34429,0.33527,-0.92203,-1.0473,-0.43791,-0.60915,0.42661,0.23739,0.19591,-0.285,0.31209,0.6353,0.43523,0.578,0.58774,0.26739,0.50835,-0.027984,0,1.8097,1.2034,0.80497,0.63947,0.97969,0.88036,-0.22634,0.4445,0.46572,0.70615,0.6199,0.77465,0.35882,0.13515,0.66207,0.31152,0.24695,0.39027,0.3369,0.42095,1.5197,1.4576,-0.55751,-0.7666,0.42406,0.99902,0.76969,1.0024,1.9085,1.3865,0.43003,0.48081,-0.26699,0.32539,1.1228,0.71141,0.29199,0.088252,0.19399,0.14531,0.31079,0.72078,1.1317,0.39992,0.57598,0.61571,0.45737,0.25157,0.21304,0.6882,0.23032,0.15215,0.66369,-0.010251,0.42473,0.57152,0.42923,0.29484,-0.73528,-0.62287
-0.13094,-0.19569,0.52241,0.42293,0.98959,0.095612,0.3176,0.48612,0.328,-0.48381,0.0096314,-0.33286,0.54034,0.32828,0.7652,0.71392,0.96928,0.12543,0.90172,0.98914,1.2787,1.1516,0.55647,0.67126,1.3643,1.081,0.29368,0.27364,-0.84513,-0.87971,-0.53167,-0.68387,0.30173,0.0018576,0.11727,-0.42027,0.46591,0.58922,0.58466,0.71918,0.55332,0.29059,0.53091,-0.10215,1.8097,0,1.2571,0.86377,0.77525,0.767,0.70465,-0.013554,0.5156,0.66182,0.82419,0.62956,0.72827,0.32321,0.23164,0.94373,0.63118,0.29332,0.36514,0.48144,0.56591,1.5525,1.5115,-0.79004,-1.1251,0.19507,0.89594,0.74073,0.77036,1.6497,1.5345,0.61699,0.67167,-0.17575,0.29494,1.181,0.80655,0.49933,0.28836,0.33991,0.31844,0.53858,0.89215,1.162,0.40843,0.84523,0.76863,0.63456,0.45727,0.31759,0.97403,0.35017,0.23853,0.75524,-0.10867,0.51488,0.68651,0.42692,0.29117,-0.78348,-0.38357
