,,,,,,,,,,,,,,,,,,,,,,,,,,,,,,,,,,,,,,,,,,,,,,,,,,,,,,,,,,,,,,,,,,,,,,,,,,,,,,,,,,,,,,,,,,,,,,,,,,,,,,,,
0,0.77148,-1.1778,-0.7407,0.50321,0.74234,1.7239,2.3279,-0.32664,1.1799,-0.89216,-0.21253,-0.71506,0.38733,0.7086,0.48701,0.74837,-0.50014,0.80791,0.82247,0.85807,-0.33657,1.6586,1.0302,0.34559,0.31637,1.5998,1.7751,-0.012917,-0.023219,-1.5372,-1.613,-2.4345,-0.41436,-2.3283,-1.3039,-0.9389,-0.30336,1.9108,1.7121,1.1972,2.269,-0.32707,0.18011,-0.47326,-0.73202,0.23149,-0.14857,-2.327,-0.67572,0.31928,-0.287,1.802,0.94829,-0.24244,0.29054,0.71775,1.2862,0.567,0.8455,-0.82087,-0.97921,-0.68306,-0.18117,-0.19968,0.13209,-0.022455,-0.43883,0.8724,-0.45968,0.41163,-0.36072,0.0034774,-0.15935,0.55746,0.81124,-0.64054,-0.46551,0.26331,-1.0771,0.27814,0.74246,-0.14921,-0.59784,1.0052,-0.56532,-0.02693,-0.062063,0.17659,1.61,1.4141,-1.2975,-2.2902,0.80135,-0.18842,-1.2801,-0.77792,-1.8743,-0.51305,-0.60339,-0.83422,-1.5631,-0.18684,-0.87062,-0.94939
0.77148,0,-0.44012,-0.3905,-0.1779,1.3551,0.39779,0.79452,-0.64068,1.194,-0.06451,-1.2239,-1.1794,-0.39947,0.082679,1.9306,0.34669,0.36864,-0.1073,-0.047031,0.30124,0.3286,0.50874,0.71638,-0.43907,-0.36664,1.0648,1.0279,0.67236,0.82145,-0.37224,-0.53951,-0.89751,-1.3671,-0.57499,-0.28881,-0.41666,-1.4783,0.74096,0.45255,0.3291,0.76306,0.40426,0.48992,-1.1386,-1.1776,-0.22773,0.41301,-0.83415,-0.98927,-0.45969,0.53178,0.40446,1.4969,-0.7858,0.33456,0.49001,1.0158,2.1743,0.50753,-0.035644,-0.48032,-0.13497,0.036601,0.21354,-0.36976,-0.22351,0.043335,0.10732,-1.8046,-0.17772,-1.0617,-0.7011,-0.98934,-0.11423,0.052149,-1.3267,0.30828,-0.37761,-1.2663,-0.61822,1.0816,0.53329,0.049475,0.64569,-1.0115,-0.76268,-0.26705,0.91321,1.089,0.79374,-1.1087,-0.92538,0.56458,-0.19347,-1.0141,-1.1774,-0.48981,-1.0864,-0.47239,-0.17295,-1.3526,-1.2861,0.076614,0.0034059
-1.1778,-0.44012,0,1.6332,-0.23597,-0.80404,-0.99313,-0.96934,0.70373,-0.51717,0.51701,0.18334,0.83618,-0.20067,-0.24143,-0.31796,-0.23515,0.48448,-0.81196,-0.61453,-0.5626,0.034998,-0.82806,-0.35327,-0.41051,-0.12206,-0.69827,-0.78061,-0.059442,0.30986,0.8183,0.7801,1.117,0.2061,1.2333,0.68584,0.31421,0.010641,-1.7668,-0.93706,-0.60877,-0.96813,0.57327,0.18911,0.39169,0.46895,-0.0094742,0.42131,1.4267,0.85419,-0.20334,0.38334,-1.0787,-0.48132,0.46319,0.18129,-0.28465,-0.7302,-0.3224,-0.2881,0.467,0.54369,0.60103,0.69027,0.87416,0.088619,0.31171,1.1739,-1.1942,0.12396,-0.10508,0.45658,-0.21719,0.097063,-0.59386,-0.36629,0.73307,0.94903,0.018369,0.98138,-0.48497,-0.17885,0.57456,1.2212,-0.27906,0.18066,0.15521,0.37229,0.17778,-0.78513,-0.71681,1.2366,1.3445,-0.16404,0.65626,1.4558,0.96348,1.6406,0.70469,0.067819,0.33139,0.92762,0.036789,1.0149,0.80919
-0.7407,-0.3905,1.6332,0,0.12247,-0.94456,-0.53309,-0.54967,1.1381,-0.39039,0.13457,0.28064,1.0532,0.079178,0.11939,-0.33081,0.14077,0.1939,-0.43537,-0.23265,-0.17499,-0.21695,-0.39612,-0.020927,-0.11718,0.21367,-0.37639,-0.43957,-0.35621,0.16627,0.40161,0.35983,0.79268,0.33213,0.79841,0.36339,-0.044059,0.059351,-1.1674,-0.47709,-0.2054,-0.54088,0.59537,0.47388,0.59241,0.56242,0.36411,0.57954,0.91257,1.1671,0.097749,0.11831,-0.60116,-0.43002,0.79279,0.55162,0.075314,-0.38836,-0.284,0.074584,0.085826,0.15102,0.21731,0.63951,1.0756,0.45725,0.73327,1.5294,-1.127,0.13254,0.26204,0.71003,-0.016834,0.31563,-0.22953,-0.021938,0.87913,0.78269,0.34021,1.0318,-0.33173,-0.089511,0.44629,1.3234,-0.00049511,-0.050425,0.4335,0.81263,0.30673,-0.44587,-0.33119,1.1707,0.90014,0.15929,1.2221,1.2124,1.0562,1.0126,0.93147,-0.28292,-0.037315,0.64475,0.090119,0.66116,0.40733
0.50321,-0.1779,-0.23597,0.12247,0,-0.38377,0.92991,0.61898,0.72812,0.14665,-1.8424,0.64417,0.42598,1.6584,1.7897,-0.37406,1.2149,-1.4245,1.2213,1.721,1.0553,-1.2444,0.95702,0.77188,1.355,2.3748,0.49235,0.50072,-1.3568,-0.69322,-1.0516,-0.9472,-0.34115,0.56696,-0.54473,-0.93002,-1.1423,0.46231,0.29261,0.95173,1.3089,0.64841,-0.32088,0.3496,0.61929,0.30258,1.6016,-0.033731,-0.38416,0.46358,1.8916,-1.2408,0.86198,-0.063032,0.92506,0.70256,0.88613,0.46814,-0.24834,0.98517,-2.0394,-0.97366,-1.0516,-0.075941,0.043853,1.6052,0.979,0.017544,0.28526,0.33178,2.5854,0.7828,0.81154,0.94904,1.2335,1.6888,0.44238,-0.51105,1.7859,0.17337,0.77955,0.069227,-0.49977,-0.17009,0.6947,-0.25831,1.2668,0.96816,-0.065937,0.4585,0.69127,0.041914,-0.33132,0.82472,0.65998,-0.035187,0.28958,-0.50306,0.55894,-0.85803,-1.6355,-0.231,0.54262,-0.85973,-1.3145
0.74234,1.3551,-0.80404,-0.94456,-0.38377,0,0.3474,0.64267,-1.3795,0.83436,0.080476,-1.1303,-2.8584,-0.52201,-0.19054,1.3173,0.00045734,0.3324,-0.041923,-0.10599,0.1398,0.5409,0.35868,0.30438,-0.40084,-0.57649,0.70101,0.72335,0.891,0.52188,-0.26435,-0.36149,-0.89076,-1.1634,-0.61756,-0.19498,-0.082144,-0.88404,0.96606,0.36033,0.13972,0.61558,0.086995,0.052229,-1.3911,-1.1762,-0.51851,0.047553,-0.91047,-2.0534,-0.57248,0.45491,0.38524,1.077,-1.4067,-0.12606,0.14666,0.71109,1.202,0.13847,0.12413,-0.2401,-0.057735,-0.25908,-0.25175,-0.70012,-0.64402,-0.42142,0.39858,-0.97473,-0.45461,-1.6903,-0.558,-1.0487,-0.11671,-0.14572,-2.8925,-0.016973,-0.66693,-1.9047,-0.36393,0.60135,0.20663,-0.34392,0.25621,-0.49134,-1.0589,-0.7217,0.38858,0.7707,0.52461,-1.6181,-0.98965,0.13325,-0.73112,-1.4755,-2.2889,-0.64058,-2.206,-0.035703,0.086383,-1.1203,-0.90917,-0.079375,-0.0094512
1.7239,0.39779,-0.99313,-0.53309,0.92991,0.3474,0,1.7564,-0.028495,0.78818,-1.4975,0.10395,-0.32825,0.78744,1.1089,0.15743,0.98467,-0.92889,1.314,1.4128,1.1159,-0.66278,2.2976,1.0547,0.72212,0.70865,1.2179,1.3104,-0.36709,-0.3143,-2.7979,-2.0703,-1.3543,-0.069503,-1.846,-1.7772,-1.1887,0.0025247,1.2725,2.8839,1.8185,1.8174,-0.47407,0.18007,-0.11653,-0.36743,0.5489,-0.21474,-1.4199,-0.30632,0.72272,-0.65322,3.4851,0.55856,0.089118,0.38698,0.83621,1.0468,0.24565,0.99609,-1.3757,-1.1687,-0.95398,-0.20301,-0.21516,0.46313,0.22539,-0.40886,0.87911,-0.14609,0.78904,-0.0076416,0.30252,0.18873,0.90714,1.2995,-0.26824,-0.66869,0.62431,-0.60221,0.58108,0.49698,-0.36722,-0.61982,1.013,-0.43616,0.32748,0.19279,0.018892,1.1961,1.3343,-0.76937,-1.3222,0.88164,0.015878,-0.81307,-0.40715,-1.6602,-0.16585,-0.70862,-1.2605,-0.9916,0.11123,-1.2612,-1.5854
2.3279,0.79452,-0.96934,-0.54967,0.61898,0.64267,1.7564,0,-0.20483,1.119,-1.013,-0.22829,-0.58947,0.42203,0.8566,0.5159,0.99629,-0.50864,0.80211,0.89274,1.0635,-0.36487,2.0506,1.3437,0.39285,0.41348,2.0406,2.3091,-0.10583,-0.018622,-1.66,-2.0655,-1.7909,-0.3588,-1.719,-1.2542,-1.1859,-0.32574,1.4836,1.9407,1.4411,4.2283,-0.18251,0.37293,-0.36503,-0.60785,0.38475,0.018512,-1.9139,-0.52409,0.3797,-0.31797,1.7381,0.89121,-0.13985,0.49261,0.98485,1.6322,0.62114,1.1302,-0.95096,-1.2869,-0.83918,-0.17612,-0.084226,0.26752,0.15244,-0.2772,0.6483,-0.48512,0.54382,-0.27104,0.052216,-0.093546,0.65215,0.90893,-0.56353,-0.37241,0.34639,-0.89883,0.22103,0.75134,-0.12374,-0.4182,1.1684,-0.76199,0.04493,0.10945,0.31718,2.0532,1.9337,-1.0682,-1.8744,1.0255,-0.013073,-1.1246,-0.693,-1.471,-0.42842,-0.8346,-1.0086,-1.6407,-0.23272,-0.7753,-0.96423
-0.32664,-0.64068,0.70373,1.1381,0.72812,-1.3795,-0.028495,-0.20483,0,-0.31858,-0.40344,0.86779,1.5276,0.75648,0.62696,-0.75276,0.45503,-0.4342,0.17511,0.3434,0.17516,-0.87126,0.020594,0.17478,0.45681,0.88694,-0.1894,-0.21975,-1.0394,-0.32112,-0.078286,-0.032781,0.43171,0.74573,0.28556,-0.12535,-0.3791,0.48318,-0.60778,-0.014418,0.236,-0.18643,0.052028,0.30958,1.0301,0.71466,0.88253,0.17129,0.48802,1.6217,0.76861,-0.46503,-0.078824,-0.50112,1.9749,0.60009,0.26671,-0.23903,-0.62349,0.31797,-0.45301,-0.13685,-0.15757,0.45721,0.59931,1.1089,1.0943,0.70258,-0.3922,0.48392,0.87669,1.5488,0.42825,0.90859,0.25072,0.51686,1.4449,0.14159,1.1008,1.0375,0.26117,-0.14055,-0.011697,0.49627,0.21997,0.063563,1.2706,1.233,-0.040924,-0.2601,-0.083456,0.95112,0.5213,0.36083,1.353,0.93271,1.374,0.38233,1.787,-0.4484,-0.50546,0.51381,0.60065,0.0013752,-0.18571
1.1799,1.194,-0.51717,-0.39039,0.14665,0.83436,0.78818,1.119,-0.31858,0,-0.42142,-0.44358,-0.80324,0.077538,0.45881,0.76266,0.53709,-0.029147,0.21092,0.28658,0.36767,-0.2032,0.84746,0.94446,-0.17473,-0.02597,1.2914,1.277,0.35816,0.55178,-0.79536,-0.86687,-1.4312,-0.99936,-1.0543,-0.86105,-0.75367,-0.84799,0.93333,0.79362,0.66422,1.0796,-0.042009,0.24046,-0.93117,-1.428,-0.080463,0.010963,-1.0291,-0.76118,-0.065442,0.2238,0.79368,1.7445,-0.39895,0.32579,0.48236,0.89611,0.85597,0.65714,-0.37354,-0.54566,-0.16685,0.30498,0.24238,-0.15117,-0.18386,-0.042042,0.47485,-1.0458,0.12376,-0.60226,-0.58009,-0.6132,-0.0077997,0.49603,-0.72123,0.077915,0.048234,-1.1711,-0.1817,1.8003,0.44598,-0.17853,1.2138,-0.62231,-0.30613,-0.19658,0.4461,1.1643,0.88776,-1.0999,-1.1158,0.86444,-0.13132,-0.84659,-0.68793,-0.81529,-0.56593,-0.58876,-0.5406,-1.2356,-0.50578,-0.27607,-0.33565
-0.89216,-0.06451,0.51701,0.13457,-1.8424,0.080476,-1.4975,-1.013,-0.40344,-0.42142,0,-0.42722,-0.11045,-1.3683,-1.9055,0.15315,-1.31,1.37,-1.5114,-2.3143,-1.2548,1.0953,-1.4934,-0.99996,-1.1372,-1.3984,-0.80182,-0.82827,0.86305,0.54439,1.7015,1.4555,0.69553,-0.28506,0.94835,1.4116,1.4086,-0.26699,-0.62978,-1.5124,-2.0292,-1.0517,0.41388,-0.29724,-0.29125,-0.013203,-1.0857,0.11929,0.73233,-0.13823,-1.3385,1.0306,-1.3888,-0.20605,-0.54818,-0.61538,-0.96736,-0.72373,0.04249,-1.1416,3.3971,1.1925,1.1119,0.11005,0.048391,-1.0147,-0.64264,0.15287,-0.53674,-0.12585,-1.5479,-0.43121,-0.59528,-0.60042,-1.2087,-2.1839,-0.14638,0.60865,-1.2334,0.13711,-0.75126,-0.27471,0.45506,0.36057,-0.93313,0.35482,-0.81855,-0.61954,0.029458,-0.76113,-1.0021,0.27071,0.6743,-0.97118,-0.39121,0.32829,-0.0092332,0.87502,-0.25335,0.89063,1.9948,0.52411,-0.37405,1.1337,1.8231
-0.21253,-1.2239,0.18334,0.28064,0.64417,-1.1303,0.10395,-0.22829,0.86779,-0.44358,-0.42722,0,1.0051,1.0674,0.41952,-1.9152,0.066077,-0.88753,0.53018,0.51238,0.019052,-1.0182,0.001553,-0.19442,0.77035,0.83953,-0.40631,-0.384,-1.0054,-0.90838,-0.14887,0.025363,0.2956,1.0848,0.053683,-0.27276,-0.081028,1.3033,-0.29825,0.043502,0.16209,-0.20764,-0.75405,-0.41921,0.93714,0.66498,0.49182,-0.61815,0.32913,0.8466,1.0026,-0.8859,0.091318,-0.69713,1.1053,-0.098061,-0.16164,-0.50521,-1.5796,-0.078714,-0.44383,0.10573,-0.10168,0.14062,-0.12136,0.67293,0.35204,-0.094669,0.23704,1.2143,0.61601,1.2745,0.72666,1.1855,0.355,0.49532,1.29,-0.5111,0.9563,0.75208,1.0615,-0.44696,-0.53374,-0.24371,-0.067227,0.72907,1.3344,0.4059,-0.92528,-0.46004,-0.29155,0.62602,0.38601,-0.070793,0.30254,0.6434,1.0598,0.048594,1.2633,0.089283,-0.32473,0.64344,2.1744,-0.49255,-0.45778
-0.71506,-1.1794,0.83618,1.0532,0.42598,-2.8584,-0.32825,-0.58947,1.5276,-0.80324,-0.11045,1.0051,0,0.5163,0.23556,-1.1324,0.077258,-0.32032,0.038486,0.12377,-0.073205,-0.52932,-0.31559,-0.22516,0.41138,0.61653,-0.61771,-0.64517,-0.94298,-0.49152,0.24027,0.31303,0.87529,1.1419,0.62114,0.19551,0.020651,0.80021,-0.96577,-0.32721,-0.095388,-0.56328,0.001972,0.06125,1.4744,1.2227,0.60655,0.05839,0.87396,2.651,0.58517,-0.45274,-0.37137,-1.0256,1.5143,0.2311,-0.052034,-0.60552,-1.0249,-0.055821,-0.15874,0.16119,-0.0014424,0.2487,0.31445,0.78865,0.77479,0.50643,-0.47681,0.87637,0.51218,1.758,0.56935,1.0619,0.15481,0.16974,2.3435,0.064262,0.69679,1.9535,0.3091,-0.56495,-0.18205,0.42638,-0.20658,0.36939,1.0807,0.85892,-0.27804,-0.67813,-0.44223,1.6346,0.94699,-0.061303,0.8709,1.4138,2.0291,0.65295,2.1446,-0.053923,-0.13273,1.005,0.79306,0.10785,0.0048298
0.38733,-0.39947,-0.20067,0.079178,1.6584,-0.52201,0.78744,0.42203,0.75648,0.077538,-1.3683,1.0674,0.5163,0,1.2911,-0.68042,0.72982,-1.7597,1.2273,1.431,0.64837,-1.8588,0.70373,0.45587,1.2765,1.7783,0.26078,0.27926,-1.2621,-0.81061,-0.87774,-0.67694,-0.26524,0.65201,-0.50686,-0.96173,-0.77905,0.68588,0.21599,0.73691,0.93504,0.44617,-0.66598,-0.0029698,0.62382,0.29471,1.0033,-0.37511,-0.25043,0.48992,2.1193,-1.2954,0.74926,-0.15108,0.99525,0.34746,0.44639,0.1712,-0.54438,0.57033,-1.3896,-0.54256,-0.63954,0.054052,-0.048312,1.1455,0.62787,-0.11681,0.47137,0.53952,1.4705,0.90064,0.76303,1.0243,0.88312,1.48,0.61908,-0.65151,1.9474,0.24204,1.1328,0.0021151,-0.53912,-0.343,0.52967,0.088467,1.4845,0.65192,-0.40036,0.2132,0.38035,0.115,-0.20071,0.53573,0.44809,0.097216,0.45783,-0.46644,0.72481,-0.48199,-1.1509,-0.02779,0.9403,-1.0038,-1.2396
0.7086,0.082679,-0.24143,0.11939,1.7897,-0.19054,1.1089,0.8566,0.62696,0.45881,-1.9055,0.41952,0.23556,1.2911,0,-0.13828,1.6234,-1.01,0.98327,1.4181,1.0774,-1.2585,1.2226,1.1661,0.84684,1.3882,0.77664,0.77052,-0.85451,-0.33689,-1.3173,-1.2381,-0.56238,0.22937,-0.72398,-1.2313,-1.7829,0.14746,0.41151,1.1521,1.6835,0.88424,-0.22225,0.46243,0.30904,0.012267,1.1801,0.038573,-0.53312,0.27805,1.1898,-0.76669,1.0177,0.23236,0.70151,0.88606,1.0593,0.65543,-0.014265,1.3457,-1.9664,-1.1055,-0.86623,0.13523,0.24514,1.1462,0.83032,0.12894,0.29954,0.027265,1.8118,0.5185,0.42036,0.5493,0.86836,2.3179,0.25731,-0.30158,1.4548,-0.028976,0.50761,0.40869,-0.19499,-0.091193,1.1717,-0.44117,0.87605,0.82684,0.12541,0.69777,0.91866,-0.12919,-0.49972,1.2998,0.65835,-0.15164,0.15495,-0.5959,0.3918,-1.1885,-2.6779,-0.43694,0.29778,-0.73686,-1.1573
0.48701,1.9306,-0.31796,-0.33081,-0.37406,1.3173,0.15743,0.5159,-0.75276,0.76266,0.15315,-1.9152,-1.1324,-0.68042,-0.13828,0,0.175,0.60062,-0.2998,-0.25249,0.18335,0.62788,0.26906,0.47898,-0.58394,-0.56354,0.73637,0.70611,0.81637,0.89018,-0.12419,-0.29906,-0.57686,-1.2609,-0.30817,-0.013488,-0.19109,-1.5371,0.52073,0.21879,0.10638,0.49206,0.62142,0.52374,-1.0424,-0.88629,-0.32352,0.57728,-0.58439,-0.93136,-0.68859,0.69472,0.1652,1.0444,-0.9362,0.26248,0.3752,0.80268,2.7093,0.32878,0.17411,-0.33113,-0.049443,-0.066278,0.1855,-0.48737,-0.25336,0.088511,-0.083055,-1.6196,-0.359,-1.1927,-0.71082,-1.0994,-0.2063,-0.19461,-1.4181,0.42364,-0.62024,-0.99911,-0.85206,0.73448,0.54391,0.1681,0.35888,-0.97809,-1.0072,-0.30507,1.0396,0.785,0.57102,-0.86418,-0.65572,0.33938,-0.22223,-0.85567,-1.1999,-0.26801,-1.2376,-0.31808,0.049534,-0.99447,-1.9018,0.27861,0.21005
0.74837,0.34669,-0.23515,0.14077,1.2149,0.00045734,0.98467,0.99629,0.45503,0.53709,-1.31,0.066077,0.077258,0.72982,1.6234,0.175,0,-0.61972,0.6945,1.0178,1.3256,-0.68969,1.2699,1.7633,0.61069,0.9584,1.0583,1.0183,-0.62305,-0.13337,-1.1349,-1.3425,-0.59566,0.057554,-0.64796,-0.88462,-2.1776,-0.11119,0.44673,1.1215,1.5799,1.0207,0.11334,0.9045,0.18604,-0.050267,1.1551,0.3925,-0.62321,0.16525,0.75829,-0.51033,0.89736,0.3589,0.47041,1.3857,1.9106,1.0343,0.30504,2.5892,-1.3613,-1.6668,-1.037,0.030498,0.3505,0.9842,0.95188,0.27246,0.082358,-0.22379,1.3014,0.29653,0.29894,0.33524,0.82905,1.2704,0.033717,-0.097995,0.89541,-0.13892,0.18521,0.50097,-0.064778,0.10519,1.2586,-0.91188,0.54505,0.90509,0.5008,0.99275,1.3135,-0.22323,-0.6003,1.7701,0.74867,-0.29231,-0.050489,-0.5329,0.16447,-2.0194,-1.7605,-0.66707,-0.050603,-0.46558,-0.84166
-0.50014,0.36864,0.48448,0.1939,-1.4245,0.3324,-0.92889,-0.50864,-0.4342,-0.029147,1.37,-0.88753,-0.32032,-1.7597,-1.01,0.60062,-0.61972,0,-1.885,-1.7629,-0.74319,1.1224,-0.78122,-0.37849,-1.8351,-1.4631,-0.28457,-0.32236,1.1526,1.153,0.95211,0.73526,0.35385,-0.69684,0.63365,0.92642,0.64349,-0.80806,-0.40732,-0.86173,-0.9479,-0.53531,0.83239,0.096542,-0.5737,-0.30169,-0.89813,0.47608,0.41439,-0.29535,-1.896,1.8971,-0.90986,0.17972,-0.68332,-0.18497,-0.426,-0.25471,0.49686,-0.49254,1.3715,0.60754,0.85918,0.26909,0.37421,-0.94387,-0.47318,0.41563,-0.67844,-0.62341,-1.1604,-0.67939,-1.0335,-1.0248,-1.2422,-1.2062,-0.40337,1.0959,-1.2108,-0.10811,-1.5897,0.14258,0.92729,0.62763,-0.37205,-0.10556,-1.1251,-0.46808,0.51323,-0.27465,-0.44339,0.040717,0.34678,-0.37407,-0.20522,0.10856,-0.22616,0.67855,-0.45937,0.34188,0.97405,0.1283,-0.92058,1.4841,1.69
0.80791,-0.1073,-0.81196,-0.43537,1.2213,-0.041923,1.314,0.80211,0.17511,0.21092,-1.5114,0.53018,0.038486,1.2273,0.98327,-0.2998,0.6945,-1.885,0,2.0632,0.98863,-0.83084,1.0873,0.52398,1.5115,1.1041,0.52493,0.57643,-0.80613,-0.93776,-1.2681,-1.022,-0.62645,0.43402,-0.94747,-1.1167,-0.73725,0.54507,0.7318,1.2212,1.1779,0.83446,-0.77873,-0.041664,0.32117,0.096575,0.76949,-0.43044,-0.73346,0.029432,1.2861,-1.4232,1.312,0.046101,0.39606,0.18962,0.55387,0.50558,-0.22353,0.60946,-1.4517,-0.79925,-1.0271,-0.39971,-0.48033,0.73204,0.34769,-0.57792,0.87361,0.38206,0.98249,0.37718,0.86033,0.69417,1.4203,1.1901,0.10483,-1.2313,0.88098,-0.15728,1.2776,-0.010943,-0.91442,-0.79937,0.47159,-0.058961,0.73182,0.32016,-0.37166,0.53196,0.69348,-0.32052,-0.65854,0.44806,0.050694,-0.40716,-0.065231,-1.0369,0.15984,-0.3941,-1.0068,-0.40097,0.59214,-2.0409,-2.6521
0.82247,-0.047031,-0.61453,-0.23265,1.721,-0.10599,1.4128,0.89274,0.3434,0.28658,-2.3143,0.51238,0.12377,1.431,1.4181,-0.25249,1.0178,-1.7629,2.0632,0,1.1713,-1.0151,1.2899,0.75843,1.4499,1.4236,0.64833,0.68645,-0.94259,-0.76209,-1.486,-1.2336,-0.62639,0.40858,-0.91305,-1.2462,-1.0559,0.42888,0.64123,1.3783,1.5726,0.92934,-0.55399,0.16339,0.36512,0.10213,1.0352,-0.23528,-0.70641,0.13785,1.4991,-1.3225,1.3471,0.087803,0.53425,0.43804,0.79233,0.6154,-0.15179,0.88671,-2.2506,-1.0386,-1.1777,-0.25697,-0.23127,0.97726,0.56495,-0.31155,0.64028,0.27618,1.3766,0.46262,0.78357,0.71941,1.4553,1.6513,0.16905,-0.84769,1.1519,-0.10289,0.98958,0.10878,-0.6793,-0.51468,0.68555,-0.22075,0.86237,0.53888,-0.18135,0.63534,0.85185,-0.25208,-0.6358,0.70811,0.27652,-0.33279,0.010388,-0.91613,0.25413,-0.66269,-1.4547,-0.44226,0.502,-1.4181,-2.4413
0.85807,0.30124,-0.5626,-0.17499,1.0553,0.1398,1.1159,1.0635,0.17516,0.36767,-1.2548,0.019052,-0.073205,0.64837,1.0774,0.18335,1.3256,-0.74319,0.98863,1.1713,0,-0.45297,1.3158,1.1027,0.84568,0.85083,0.98611,0.99299,-0.59104,-0.37859,-1.1459,-1.3554,-0.65424,0.14926,-0.75713,-0.8049,-1.1514,0.048822,0.67153,1.2577,1.4116,1.1061,-0.033273,0.62836,0.20169,0.019156,1.0268,0.23534,-0.80316,0.0037191,0.75423,-0.69158,1.0605,0.32002,0.31246,0.79088,1.4468,1.1001,0.27447,1.3217,-1.2607,-1.5241,-1.2607,-0.32071,-0.040345,0.82716,0.69709,-0.095199,0.27617,-0.066349,1.0192,0.21507,0.53908,0.39958,1.2701,0.97415,-0.11526,-0.41854,0.6549,-0.23716,0.37627,0.23853,-0.39392,-0.19288,0.74798,-0.73743,0.44619,0.61967,0.29807,1.0031,1.3215,-0.38138,-0.78274,0.90233,0.36868,-0.52148,-0.25329,-0.7308,-0.021807,-0.9756,-1.123,-0.73783,2.9771e-05,-0.72377,-1.0857
-0.33657,0.3286,0.034998,-0.21695,-1.2444,0.5409,-0.66278,-0.36487,-0.87126,-0.2032,1.0953,-1.0182,-0.52932,-1.8588,-1.2585,0.62788,-0.68969,1.1224,-0.83084,-1.0151,-0.45297,0,-0.60554,-0.47977,-0.79078,-1.2721,-0.2534,-0.25946,0.93205,0.47779,0.77553,0.58982,0.25734,-0.44168,0.45435,0.97573,0.80224,-0.47028,-0.12381,-0.61209,-0.81352,-0.38226,0.58131,0.002981,-0.46148,-0.14478,-0.77906,0.35898,0.16626,-0.49272,-1.3169,0.81206,-0.62394,0.040041,-0.97829,-0.38181,-0.36518,-0.098418,0.49356,-0.544,1.0976,0.4136,0.38765,-0.35604,-0.18307,-0.92736,-0.54826,-0.059389,-0.3903,-0.36369,-1.2177,-0.82125,-0.4266,-0.73481,-0.52698,-1.4088,-0.65689,0.37646,-1.8011,-0.23249,-0.79393,-0.19682,0.22792,0.19221,-0.67136,-0.09788,-1.2353,-0.59636,0.31953,-0.17636,-0.30502,-0.14683,0.13236,-0.6287,-0.51402,-0.19686,-0.55246,0.35556,-0.79294,0.5172,1.0992,-0.0074894,-0.81102,0.72319,0.88795
1.6586,0.50874,-0.82806,-0.39612,0.95702,0.35868,2.2976,2.0506,0.020594,0.84746,-1.4934,0.001553,-0.31559,0.70373,1.2226,0.26906,1.2699,-0.78122,1.0873,1.2899,1.3158,-0.60554,0,1.4056,0.64686,0.71048,1.5171,1.6035,-0.36397,-0.20868,-2.4384,-3.6222,-1.2979,-0.11801,-1.5181,-1.5158,-1.4994,-0.11151,1.1422,2.977,2.2183,2.1525,-0.26379,0.38623,-0.11568,-0.36364,0.64213,-0.016006,-1.3787,-0.2659,0.66752,-0.56068,2.0803,0.62048,0.1078,0.59412,1.1222,1.3213,0.3746,1.3283,-1.4038,-1.5079,-1.0464,-0.16535,-0.067781,0.52748,0.35042,-0.2325,0.63028,-0.25987,0.85496,-0.013614,0.2536,0.15293,0.8982,1.2989,-0.2906,-0.47539,0.62348,-0.58315,0.40721,0.58516,-0.25309,-0.40705,1.2107,-0.65513,0.30486,0.31126,0.21036,1.4738,1.7723,-0.73184,-1.309,1.1394,0.15101,-0.79595,-0.41876,-1.3302,-0.17247,-0.96037,-1.4236,-1.1231,-0.020615,-0.95971,-1.3199
1.0302,0.71638,-0.35327,-0.020927,0.77188,0.30438,1.0547,1.3437,0.17478,0.94446,-0.99996,-0.19442,-0.22516,0.45587,1.1661,0.47898,1.7633,-0.37849,0.52398,0.75843,1.1027,-0.47977,1.4056,0,0.31607,0.55927,1.6581,1.5454,-0.25766,0.13327,-1.1776,-1.5175,-0.91098,-0.28106,-0.84745,-0.94858,-1.9794,-0.42275,0.66393,1.205,1.4153,1.3509,0.16542,0.8715,-0.15428,-0.3884,0.66744,0.39783,-0.87777,-0.13567,0.42585,-0.22752,0.98076,0.73663,0.14999,1.1583,1.6142,1.4184,0.62504,2.2172,-0.99165,-1.5102,-0.78856,0.1015,0.38257,0.54285,0.55896,0.22623,0.16051,-0.56261,0.80131,-0.026294,0.0024318,-0.0006622,0.55038,1.0081,-0.26071,0.0096294,0.54886,-0.45421,-0.0067302,0.87328,0.13748,0.070904,1.7357,-1.1642,0.21113,0.52345,0.67762,1.4853,1.7204,-0.51495,-0.88497,2.1954,0.47701,-0.54162,-0.31676,-0.67515,-0.11927,-1.7966,-1.3118,-1.0528,-0.30836,-0.3847,-0.67937
0.34559,-0.43907,-0.41051,-0.11718,1.355,-0.40084,0.72212,0.39285,0.45681,-0.17473,-1.1372,0.77035,0.41138,1.2765,0.84684,-0.58394,0.61069,-1.8351,1.5115,1.4499,0.84568,-0.79078,0.64686,0.31607,0,1.484,0.20052,0.23233,-1.4252,-1.476,-0.73136,-0.61498,-0.18115,0.94155,-0.42197,-0.60757,-0.53881,0.92827,0.2859,0.70679,0.80912,0.42125,-0.5608,0.041053,0.81499,0.5509,1.1296,-0.25982,-0.30719,0.41481,1.7411,-2.7824,0.70018,-0.3488,0.7435,0.25275,0.50225,0.25598,-0.49012,0.48358,-1.1825,-0.65149,-1.061,-0.4793,-0.4165,1.1315,0.65657,-0.35276,0.42669,0.74349,1.1555,0.78054,1.5863,1.3184,1.7032,0.91076,0.43851,-1.0314,1.0502,0.24391,1.3148,-0.35361,-1.1833,-0.47553,0.20627,0.029846,1.1544,0.62972,-0.40597,0.21548,0.41529,0.077767,-0.23898,0.28704,0.29771,-0.056306,0.24168,-0.49883,0.47642,-0.34042,-0.81618,-0.062762,0.81882,-1.1121,-1.3242
0.31637,-0.36664,-0.12206,0.21367,2.3748,-0.57649,0.70865,0.41348,0.88694,-0.02597,-1.3984,0.83953,0.61653,1.7783,1.3882,-0.56354,0.9584,-1.4631,1.1041,1.4236,0.85083,-1.2721,0.71048,0.55927,1.484,0,0.29266,0.30048,-1.7967,-0.84127,-0.80243,-0.69901,-0.16399,0.78344,-0.3716,-0.73235,-0.87587,0.64636,0.13526,0.71587,0.98997,0.44038,-0.34771,0.26988,0.84036,0.48111,1.6569,-0.071632,-0.21041,0.64628,2.3767,-1.4056,0.65567,-0.24208,1.1644,0.60267,0.69844,0.28271,-0.42798,0.75823,-1.5122,-0.75301,-0.91627,-0.078241,0.02329,1.8633,1.0415,0.037428,0.21456,0.51468,2.2085,1.032,0.97187,1.2404,1.1608,1.3364,0.63743,-0.52222,2.0099,0.35093,0.86953,-0.085663,-0.57412,-0.13838,0.50294,-0.1175,1.6683,1.0491,-0.17307,0.26358,0.48128,0.20951,-0.15554,0.6279,0.71032,0.12299,0.45968,-0.34968,0.75386,-0.6841,-1.251,-0.048268,0.71681,-0.77923,-1.1218
1.5998,1.0648,-0.69827,-0.37639,0.49235,0.70101,1.2179,2.0406,-0.1894,1.2914,-0.80182,-0.40631,-0.61771,0.26078,0.77664,0.73637,1.0583,-0.28457,0.52493,0.64833,0.98611,-0.2534,1.5171,1.6581,0.20052,0.29266,0,3.3968,0.0050602,0.19715,-1.2248,-1.6028,-1.4807,-0.52335,-1.2201,-0.97802,-1.2239,-0.56379,1.1386,1.3597,1.1997,1.9892,0.05383,0.5848,-0.45638,-0.69517,0.34313,0.23291,-1.4436,-0.52125,0.21991,-0.11633,1.1877,1.1024,-0.18163,0.66894,1.1204,1.948,0.8779,1.2772,-0.76204,-1.2553,-0.69336,-0.047671,0.12695,0.21781,0.19516,-0.060967,0.39542,-0.73872,0.465,-0.34696,-0.1157,-0.23381,0.47062,0.75304,-0.6343,-0.11264,0.2541,-0.90363,-0.020255,0.97704,0.09723,-0.17497,1.341,-1.0699,-0.064355,0.1519,0.58735,2.8238,2.0449,-1.0019,-1.5115,1.2302,0.089976,-1.022,-0.71689,-1.0205,-0.47677,-1.0186,-0.90739,-1.8425,-0.45372,-0.47569,-0.6677
1.7751,1.0279,-0.78061,-0.43957,0.50072,0.72335,1.3104,2.3091,-0.21975,1.277,-0.82827,-0.384,-0.64517,0.27926,0.77052,0.70611,1.0183,-0.32236,0.57643,0.68645,0.99299,-0.25946,1.6035,1.5454,0.23233,0.30048,3.3968,0,-0.0011699,0.15406,-1.295,-1.6791,-1.6077,-0.5034,-1.3334,-1.025,-1.1871,-0.51902,1.252,1.4555,1.2295,2.2304,-0.0016937,0.52288,-0.45854,-0.69845,0.33303,0.17808,-1.5985,-0.55323,0.23863,-0.15095,1.286,1.077,-0.19765,0.60632,1.0708,1.9377,0.83748,1.2155,-0.78377,-1.2546,-0.72095,-0.08935,0.063461,0.20815,0.16471,-0.12561,0.46075,-0.69139,0.46106,-0.35561,-0.086452,-0.21978,0.5029,0.76619,-0.65136,-0.17442,0.25342,-0.94558,0.02841,0.92551,0.045664,-0.24105,1.277,-0.99122,-0.060737,0.12062,0.52078,2.9401,2.0643,-1.0656,-1.6652,1.1513,0.043955,-1.0958,-0.74889,-1.1276,-0.49594,-0.94924,-0.90622,-1.9273,-0.41591,-0.53762,-0.72022
-0.012917,0.67236,-0.059442,-0.35621,-1.3568,0.891,-0.36709,-0.10583,-1.0394,0.35816,0.86305,-1.0054,-0.94298,-1.2621,-0.85451,0.81637,-0.62305,1.1526,-0.80613,-0.94259,-0.59104,0.93205,-0.36397,-0.25766,-1.4252,-1.7967,0.0050602,-0.0011699,0,1.066,0.42959,0.35393,-0.1441,-1.2709,0.068038,0.36577,0.50442,-0.94658,0.12408,-0.3748,-0.58111,-0.13139,0.27512,-0.20505,-1.3819,-0.88713,-1.5115,0.036969,-0.061693,-0.97794,-1.7078,1.4278,-0.32746,0.58957,-1.4548,-0.46099,-0.4698,-0.037536,0.67234,-0.45907,0.93759,0.4845,0.74935,0.16527,0.029565,-1.8294,-1.1233,-0.081075,-0.025643,-0.82654,-1.3762,-1.47,-1.3033,-1.994,-1.0138,-0.80508,-0.9268,0.48116,-1.4202,-0.67685,-0.84816,0.39689,0.69719,0.038939,-0.17683,-0.043495,-2.0493,-1.1451,0.27152,0.017923,-0.2004,-0.50095,-0.12382,-0.3247,-0.76146,-0.36005,-0.69303,0.084002,-1.0132,0.43508,0.76358,-0.22752,-0.88129,0.55071,0.75737
-0.023219,0.82145,0.30986,0.16627,-0.69322,0.52188,-0.3143,-0.018622,-0.32112,0.55178,0.54439,-0.90838,-0.49152,-0.81061,-0.33689,0.89018,-0.13337,1.153,-0.93776,-0.76209,-0.37859,0.47779,-0.20868,0.13327,-1.476,-0.84127,0.19715,0.15406,1.066,0,0.29181,0.17361,-0.11272,-1.3317,0.12663,0.23064,0.068029,-1.6218,-0.068141,-0.27925,-0.30651,-0.042249,0.69952,0.28433,-0.94939,-0.80839,-0.63458,0.46533,0.030113,-0.44915,-1.0356,1.6556,-0.31602,0.72384,-0.60238,0.1325,-0.070831,0.11035,0.84649,-0.02396,0.56598,0.20651,0.61316,0.64121,0.72741,-0.68192,-0.35729,0.54228,-0.38648,-1.3325,-0.58718,-0.76589,-1.927,-1.364,-1.0008,-0.40937,-0.53826,1.204,-0.61968,-0.42124,-1.4731,0.82403,1.8146,0.5814,0.22867,-0.40524,-0.90858,-0.34499,0.79345,0.16138,-0.0073859,-0.25623,-0.039343,0.16397,-0.058965,-0.11263,-0.34082,0.25224,-0.49711,-0.097169,0.3066,-0.25635,-1.1205,0.83755,0.76218
-1.5372,-0.37224,0.8183,0.40161,-1.0516,-0.26435,-2.7979,-1.66,-0.078286,-0.79536,1.7015,-0.14887,0.24027,-0.87774,-1.3173,-0.12419,-1.1349,0.95211,-1.2681,-1.486,-1.1459,0.77553,-2.4384,-1.1776,-0.73136,-0.80243,-1.2248,-1.295,0.42959,0.29181,0,2.2276,1.237,0.046441,1.6093,1.9534,1.399,0.00037536,-1.0838,-2.6529,-2.1648,-1.7167,0.42717,-0.24158,0.067607,0.33478,-0.63438,0.16678,1.2362,0.21472,-0.79342,0.65957,-2.4157,-0.54324,-0.17925,-0.48643,-0.914,-1.021,-0.22248,-1.1257,1.5561,1.2259,0.94723,0.11336,0.10744,-0.55348,-0.31432,0.29249,-0.76819,0.14779,-0.91526,-0.06638,-0.29574,-0.22796,-0.89301,-1.5315,0.18633,0.57831,-0.73996,0.51557,-0.55716,-0.54022,0.30654,0.50671,-1.161,0.46462,-0.40379,-0.28681,-0.056756,-1.1681,-1.3458,0.66073,1.1651,-1.0282,-0.12432,0.68713,0.31121,1.3887,0.076607,0.82818,1.4998,0.92085,-0.12933,1.1577,1.5616
-1.613,-0.53951,0.7801,0.35983,-0.9472,-0.36149,-2.0703,-2.0655,-0.032781,-0.86687,1.4555,0.025363,0.31303,-0.67694,-1.2381,-0.29906,-1.3425,0.73526,-1.022,-1.2336,-1.3554,0.58982,-3.6222,-1.5175,-0.61498,-0.69901,-1.6028,-1.6791,0.35393,0.17361,2.2276,0,1.2753,0.13716,1.4398,1.4537,1.583,0.14567,-1.1001,-2.5644,-2.2231,-2.1671,0.21371,-0.43736,0.12121,0.36891,-0.65492,-0.03081,1.3431,0.25739,-0.64346,0.52547,-1.8969,-0.64577,-0.11127,-0.648,-1.1955,-1.3844,-0.40865,-1.4238,1.3763,1.5699,1.0341,0.14229,0.023674,-0.53519,-0.37609,0.18648,-0.57553,0.29362,-0.85998,0.016952,-0.23031,-0.13701,-0.87271,-1.2805,0.29571,0.42234,-0.6174,0.57834,-0.36063,-0.61681,0.21391,0.35521,-1.2707,0.71163,-0.29404,-0.33567,-0.26015,-1.5416,-1.8899,0.72077,1.289,-1.2152,-0.18301,0.78338,0.41851,1.2481,0.1738,1.0281,1.4401,1.1475,0.055575,0.88887,1.2413
-2.4345,-0.89751,1.117,0.79268,-0.34115,-0.89076,-1.3543,-1.7909,0.43171,-1.4312,0.69553,0.2956,0.87529,-0.26524,-0.56238,-0.57686,-0.59566,0.35385,-0.62645,-0.62639,-0.65424,0.25734,-1.2979,-0.91098,-0.18115,-0.16399,-1.4807,-1.6077,-0.1441,-0.11272,1.237,1.2753,0,0.58743,2.0496,1.1713,0.79315,0.42546,-1.8806,-1.3206,-0.95434,-1.7311,0.31618,-0.11087,0.66495,0.96956,-0.069361,0.18344,2.0343,0.8454,-0.1721,0.1326,-1.4172,-1.1589,0.37214,-0.20173,-0.56661,-1.1351,-0.64656,-0.69792,0.62948,0.77306,0.48865,0.092757,0.1671,0.022245,0.16561,0.43681,-0.89024,0.58551,-0.25974,0.50634,0.15812,0.31885,-0.36629,-0.66258,0.76437,0.36881,-0.14205,1.3269,-0.17627,-0.88756,0.02575,0.58821,-0.9712,0.519,0.16039,0.20134,-0.18657,-1.4606,-1.1774,1.5436,2.1834,-0.71943,0.28988,1.3485,0.87382,1.6511,0.62599,0.50175,0.67163,1.5915,0.2671,0.72862,0.74628
-0.41436,-1.3671,0.2061,0.33213,0.56696,-1.1634,-0.069503,-0.3588,0.74573,-0.99936,-0.28506,1.0848,1.1419,0.65201,0.22937,-1.2609,0.057554,-0.69684,0.43402,0.40858,0.14926,-0.44168,-0.11801,-0.28106,0.94155,0.78344,-0.52335,-0.5034,-1.2709,-1.3317,0.046441,0.13716,0.58743,0,0.31879,0.085876,0.060118,1.691,-0.43515,-0.081449,0.047468,-0.33106,-0.30757,-0.12046,2.0014,1.6503,0.70743,-0.1755,0.43706,1.0861,0.85807,-1.025,-0.088033,-1.3192,1.0334,0.010127,-0.013588,-0.40699,-1.1774,-0.076316,-0.3292,-0.004673,-0.34813,-0.32181,-0.27111,0.83204,0.62351,-0.056625,-0.089102,1.6932,0.55983,1.3649,1.4345,1.8904,0.60643,0.224,1.1211,-0.49846,0.65311,1.0855,0.80228,-1.0703,-0.89171,-0.071213,-0.37566,0.45055,1.1442,0.64158,-0.58904,-0.50575,-0.27423,0.84572,0.51599,-0.22412,0.4153,0.62958,0.86471,0.22826,1.019,0.088508,-0.16106,0.69706,1.1187,-0.30176,-0.3297
-2.3283,-0.57499,1.2333,0.79841,-0.54473,-0.61756,-1.846,-1.719,0.28556,-1.0543,0.94835,0.053683,0.62114,-0.50686,-0.72398,-0.30817,-0.64796,0.63365,-0.94747,-0.91305,-0.75713,0.45435,-1.5181,-0.84745,-0.42197,-0.3716,-1.2201,-1.3334,0.068038,0.12663,1.6093,1.4398,2.0496,0.31879,0,1.5385,0.85362,0.16158,-1.7966,-1.6565,-1.1586,-1.7126,0.53513,-0.014631,0.41291,0.68112,-0.21263,0.33916,1.8157,0.6211,-0.40896,0.38028,-2.0054,-0.80971,0.18102,-0.16858,-0.56078,-0.97058,-0.37324,-0.70218,0.8636,0.81834,0.62016,0.15596,0.2835,-0.13969,0.077096,0.55801,-1.1404,0.30862,-0.43226,0.27698,-0.059611,0.078655,-0.56462,-0.8861,0.5116,0.61185,-0.33446,0.9625,-0.44191,-0.65084,0.23209,0.77646,-0.9141,0.35854,-0.057531,0.10776,0.0085405,-1.2025,-1.1122,1.1649,1.7441,-0.68472,0.24884,1.0984,0.64058,2.2655,0.40793,0.47709,0.83259,1.1769,0.017065,1.0899,1.0889
-1.3039,-0.28881,0.68584,0.36339,-0.93002,-0.19498,-1.7772,-1.2542,-0.12535,-0.86105,1.4116,-0.27276,0.19551,-0.96173,-1.2313,-0.013488,-0.88462,0.92642,-1.1167,-1.2462,-0.8049,0.97573,-1.5158,-0.94858,-0.60757,-0.73235,-0.97802,-1.025,0.36577,0.23064,1.9534,1.4537,1.1713,0.085876,1.5385,0,1.1832,-0.018594,-0.93592,-1.5759,-1.4861,-1.275,0.59573,-0.060633,0.12014,0.42159,-0.47715,0.35355,0.99764,0.20263,-0.76138,0.56914,-1.7372,-0.57421,-0.20811,-0.34654,-0.62593,-0.71051,-0.10272,-0.85669,1.2861,0.81927,0.60849,-0.0976,0.047344,-0.45349,-0.18648,0.28904,-0.90607,0.12101,-0.81447,-0.09192,-0.17269,-0.1875,-0.62777,-1.5523,0.09921,0.53788,-0.78097,0.48596,-0.60237,-0.63363,0.19804,0.55157,-1.1854,0.26048,-0.4221,-0.18004,0.080225,-0.8867,-0.94398,0.60145,0.96587,-0.91732,-0.069152,0.53773,0.19319,1.2347,-0.0066437,0.65763,1.3048,0.722,-0.24045,1.1395,1.3322
-0.9389,-0.41666,0.31421,-0.044059,-1.1423,-0.082144,-1.1887,-1.1859,-0.3791,-0.75367,1.4086,-0.081028,0.020651,-0.77905,-1.7829,-0.19109,-2.1776,0.64349,-0.73725,-1.0559,-1.1514,0.80224,-1.4994,-1.9794,-0.53881,-0.87587,-1.2239,-1.1871,0.50442,0.068029,1.399,1.583,0.79315,0.060118,0.85362,1.1832,0,0.16756,-0.57407,-1.3142,-1.8279,-1.2088,0.017192,-0.69002,-0.04298,0.2231,-0.89783,-0.22915,0.7518,-0.046177,-0.72447,0.45576,-1.0888,-0.51171,-0.38437,-1.1003,-1.4347,-1.0394,-0.32109,-2.0786,1.4085,1.4448,0.86865,-0.1345,-0.34002,-0.79532,-0.697,-0.19235,-0.23958,0.29444,-1.1722,-0.20674,-0.17747,-0.2307,-0.70238,-1.4998,0.027332,0.12933,-0.88888,0.26975,-0.21893,-0.68981,0.0023693,0.0038871,-1.7042,0.79567,-0.48383,-0.67456,-0.41543,-1.1025,-1.3639,0.34867,0.73336,-2.0895,-0.58169,0.36907,0.10143,0.68238,-0.10928,1.6904,2.0305,0.76443,0.033168,0.55674,0.91527
-0.30336,-1.4783,0.010641,0.059351,0.46231,-0.88404,0.0025247,-0.32574,0.48318,-0.84799,-0.26699,1.3033,0.80021,0.68588,0.14746,-1.5371,-0.11119,-0.80806,0.54507,0.42888,0.048822,-0.47028,-0.11151,-0.42275,0.92827,0.64636,-0.56379,-0.51902,-0.94658,-1.6218,0.00037536,0.14567,0.42546,1.691,0.16158,-0.018594,0.16756,0,-0.26111,-0.045993,0.013883,-0.30086,-0.68781,-0.47419,1.1433,1.0316,0.43662,-0.55944,0.32334,0.69479,0.81129,-1.0631,0.0031633,-1.0879,0.74437,-0.28626,-0.22263,-0.50501,-1.5212,-0.24722,-0.28873,0.12974,-0.22883,-0.34044,-0.5327,0.54872,0.27484,-0.36142,0.21397,2.5964,0.40544,0.99653,1.2476,1.3786,0.53164,0.2125,0.90344,-0.79658,0.55371,0.75507,1.182,-1.0402,-1.0968,-0.39295,-0.43785,0.77138,0.94808,0.29229,-1.0727,-0.54708,-0.35308,0.58663,0.39376,-0.38132,0.090899,0.47284,0.69685,0.058966,0.79612,0.31539,-0.084384,0.67094,1.6368,-0.50521,-0.41206
1.9108,0.74096,-1.7668,-1.1674,0.29261,0.96606,1.2725,1.4836,-0.60778,0.93333,-0.62978,-0.29825,-0.96577,0.21599,0.41151,0.52073,0.44673,-0.40732,0.7318,0.64123,0.67153,-0.12381,1.1422,0.66393,0.2859,0.13526,1.1386,1.252,0.12408,-0.068141,-1.0838,-1.1001,-1.8806,-0.43515,-1.7966,-0.93592,-0.57407,-0.26111,0,1.2302,0.8257,1.4616,-0.40555,0.0044897,-0.57222,-0.74801,0.045159,-0.26116,-2.4225,-0.94383,0.1737,-0.24044,1.3693,0.84617,-0.46,0.042378,0.47726,1.0555,0.55828,0.53219,-0.56932,-0.72694,-0.5883,-0.3829,-0.46235,-0.061289,-0.23515,-0.72947,1.0458,-0.3991,0.18522,-0.53735,0.011722,-0.24109,0.4979,0.52095,-0.85295,-0.60595,0.046354,-1.3162,0.29559,0.52959,-0.26693,-0.84151,0.6174,-0.41209,-0.19077,-0.28762,0.055709,1.2237,1.0453,-1.6925,-2.3402,0.45905,-0.46621,-1.7868,-1.0581,-2.0584,-0.74905,-0.31525,-0.51721,-1.4292,-0.20636,-0.87379,-0.80623
1.7121,0.45255,-0.93706,-0.47709,0.95173,0.36033,2.8839,1.9407,-0.014418,0.79362,-1.5124,0.043502,-0.32721,0.73691,1.1521,0.21879,1.1215,-0.86173,1.2212,1.3783,1.2577,-0.61209,2.977,1.205,0.70679,0.71587,1.3597,1.4555,-0.3748,-0.27925,-2.6529,-2.5644,-1.3206,-0.081449,-1.6565,-1.5759,-1.3142,-0.045993,1.2302,0,2.0335,2.0302,-0.35764,0.29101,-0.10582,-0.34873,0.60954,-0.10295,-1.4392,-0.28848,0.70034,-0.6252,2.5393,0.5736,0.093257,0.48851,0.99107,1.2091,0.31496,1.1529,-1.4081,-1.3736,-1.0568,-0.22083,-0.16224,0.50314,0.29595,-0.33202,0.74066,-0.19446,0.82528,-0.012626,0.30171,0.18061,0.94912,1.2806,-0.28906,-0.58716,0.61544,-0.59363,0.49701,0.51407,-0.33582,-0.51602,1.0713,-0.55408,0.31488,0.25749,0.11778,1.346,1.5689,-0.75686,-1.3433,0.98404,0.080383,-0.82784,-0.42883,-1.5033,-0.17992,-0.82535,-1.331,-1.0737,0.040303,-1.1096,-1.4743
1.1972,0.3291,-0.60877,-0.2054,1.3089,0.13972,1.8185,1.4411,0.236,0.66422,-2.0292,0.16209,-0.095388,0.93504,1.6835,0.10638,1.5799,-0.9479,1.1779,1.5726,1.4116,-0.81352,2.2183,1.4153,0.80912,0.98997,1.1997,1.2295,-0.58111,-0.30651,-2.1648,-2.2231,-0.95434,0.047468,-1.1586,-1.4861,-1.8279,0.013883,0.8257,2.0335,0,1.4941,-0.2535,0.44477,0.075269,-0.18466,0.89679,0.016599,-0.99591,-0.047261,0.90588,-0.71173,1.6429,0.43908,0.32683,0.73374,1.2317,1.0763,0.21924,1.5046,-1.9285,-1.5667,-1.1347,-0.10243,0.020759,0.78099,0.55723,-0.11184,0.5062,-0.12647,1.1919,0.1955,0.37663,0.33631,1.0261,1.7162,-0.078047,-0.45414,0.89157,-0.34717,0.48495,0.48574,-0.28534,-0.30007,1.2236,-0.60238,0.52482,0.5228,0.1802,1.1418,1.4661,-0.47528,-0.94081,1.2603,0.34145,-0.53476,-0.19925,-1.0231,0.039177,-1.1129,-1.993,-0.82718,0.10995,-0.94404,-1.4416
2.269,0.76306,-0.96813,-0.54088,0.64841,0.61558,1.8174,4.2283,-0.18643,1.0796,-1.0517,-0.20764,-0.56328,0.44617,0.88424,0.49206,1.0207,-0.53531,0.83446,0.92934,1.1061,-0.38226,2.1525,1.3509,0.42125,0.44038,1.9892,2.2304,-0.13139,-0.042249,-1.7167,-2.1671,-1.7311,-0.33106,-1.7126,-1.275,-1.2088,-0.30086,1.4616,2.0302,1.4941,0,-0.19055,0.3755,-0.33704,-0.57757,0.41081,0.015931,-1.8695,-0.49934,0.40655,-0.34417,1.7914,0.86147,-0.11643,0.50152,1.0048,1.6186,0.59635,1.1509,-0.98774,-1.3171,-0.86526,-0.18328,-0.08896,0.29277,0.1721,-0.27919,0.64988,-0.45838,0.57112,-0.24509,0.077575,-0.066766,0.6836,0.93723,-0.53841,-0.38882,0.36928,-0.86502,0.24174,0.72662,-0.14314,-0.42244,1.1642,-0.75433,0.069109,0.12857,0.30618,1.9984,1.9576,-1.0355,-1.8237,1.0311,-0.00015716,-1.0983,-0.6698,-1.4723,-0.40602,-0.84419,-1.0375,-1.5819,-0.21196,-0.79907,-1.0008
-0.32707,0.40426,0.57327,0.59537,-0.32088,0.086995,-0.47407,-0.18251,0.052028,-0.042009,0.41388,-0.75405,0.001972,-0.66598,-0.22225,0.62142,0.11334,0.83239,-0.77873,-0.55399,-0.033273,0.58131,-0.26379,0.16542,-0.5608,-0.34771,0.05383,-0.0016937,0.27512,0.69952,0.42717,0.21371,0.31618,-0.30757,0.53513,0.59573,0.017192,-0.68781,-0.40555,-0.35764,-0.2535,-0.19055,0,1.0125,-0.082958,0.044984,0.01258,1.8919,0.27955,0.11387,-0.54167,0.64977,-0.51344,0.096349,-0.12079,0.59239,0.3019,0.17307,0.62666,0.18148,0.3739,-0.074777,0.094495,0.13607,0.73927,-0.056749,0.32871,0.98477,-1.331,-0.58185,-0.19495,-0.18966,-0.38522,-0.36099,-0.31281,-0.41887,-0.16788,1.1712,-0.36124,0.11872,-1.2969,0.15253,0.67189,1.3403,0.00040201,-0.74447,-0.37529,0.31007,1.3412,0.065385,0.050586,0.20372,0.24016,0.17643,0.49203,0.14569,-0.072972,0.61002,-0.14669,-0.34202,0.20975,-0.051565,-0.9581,1.0807,0.68983
0.18011,0.48992,0.18911,0.47388,0.3496,0.052229,0.18007,0.37293,0.30958,0.24046,-0.29724,-0.41921,0.06125,-0.0029698,0.46243,0.52374,0.9045,0.096542,-0.041664,0.16339,0.62836,0.002981,0.38623,0.8715,0.041053,0.26988,0.5848,0.52288,-0.20505,0.28433,-0.24158,-0.43736,-0.11087,-0.12046,-0.014631,-0.060633,-0.69002,-0.47419,0.0044897,0.29101,0.44477,0.3755,1.0125,0,0.10399,0.052311,0.63738,1.5472,-0.16974,0.19991,0.088345,0.05061,0.13188,0.24314,0.20571,1.6506,1.1879,0.73113,0.63378,0.98495,-0.33542,-0.8088,-0.52535,0.033674,0.68947,0.50745,0.9028,0.79843,-0.62641,-0.49996,0.4585,0.070577,-0.0037579,0.0083927,0.28505,0.26823,-0.091244,0.50584,0.21826,0.012901,-0.48699,0.35062,0.30675,0.782,0.55556,-1.4904,0.084836,0.84357,1.4171,0.58451,0.68423,0.0097691,-0.18023,0.86627,0.90788,-0.091457,-0.091419,0.061094,0.0011016,-1.2107,-0.49052,-0.42815,-0.59591,0.25914,-0.043752
-0.47326,-1.1386,0.39169,0.59241,0.61929,-1.3911,-0.11653,-0.36503,1.0301,-0.93117,-0.29125,0.93714,1.4744,0.62382,0.30904,-1.0424,0.18604,-0.5737,0.32117,0.36512,0.20169,-0.46148,-0.11568,-0.15428,0.81499,0.84036,-0.45638,-0.45854,-1.3819,-0.94939,0.067607,0.12121,0.66495,2.0014,0.41291,0.12014,-0.04298,1.1433,-0.57222,-0.10582,0.075269,-0.33704,-0.082958,0.10399,0,1.8583,0.88402,0.051393,0.52239,1.5139,0.82961,-0.84844,-0.14922,-1.1808,1.3304,0.23345,0.12092,-0.34592,-0.94517,0.053752,-0.34578,-0.072161,-0.34845,-0.17487,-0.01866,1.0372,0.9151,0.1993,-0.30145,1.1717,0.66687,1.6997,1.1673,1.7616,0.55568,0.25182,1.2971,-0.25666,0.73678,1.3384,0.55497,-0.85093,-0.60842,0.17302,-0.25882,0.26357,1.2369,0.94709,-0.32857,-0.45617,-0.21955,1.042,0.59499,-0.072897,0.71084,0.77273,1.0275,0.3597,1.2337,-0.086219,-0.22826,0.69035,0.85545,-0.14527,-0.24763
-0.73202,-1.1776,0.46895,0.56242,0.30258,-1.1762,-0.36743,-0.60785,0.71466,-1.428,-0.013203,0.66498,1.2227,0.29471,0.012267,-0.88629,-0.050267,-0.30169,0.096575,0.10213,0.019156,-0.14478,-0.36364,-0.3884,0.5509,0.48111,-0.69517,-0.69845,-0.88713,-0.80839,0.33478,0.36891,0.96956,1.6503,0.68112,0.42159,0.2231,1.0316,-0.74801,-0.34873,-0.18466,-0.57757,0.044984,0.052311,1.8583,0,0.57592,0.11978,0.71737,1.2514,0.47984,-0.58321,-0.39566,-1.6002,0.86761,0.074231,-0.048478,-0.49257,-0.87126,-0.16459,-0.066026,0.10918,-0.20002,-0.29256,-0.097869,0.66042,0.67172,0.17961,-0.4591,1.153,0.34133,1.1147,0.99121,1.1695,0.37147,-0.049034,1.0356,-0.16498,0.37769,1.4582,0.36447,-1.2365,-0.57848,0.2364,-0.56081,0.32632,0.76463,0.6855,-0.30836,-0.66006,-0.4136,1.1801,0.80065,-0.32297,0.52587,0.8255,0.88403,0.56505,0.91463,0.11925,0.056053,0.8658,0.654,0.053189,-0.0075873
