,,,,,,,,,,,,,,,,,,,,,,,,,,,,,,,,,,,,,,,,,,,,,,,,,,,,,,,,,,,,,,,,,,,,,,,,,,,,,,,,,,,,,,,,,,,,,,,,,,,,,,,,
0,1.2126,0.30027,0.39346,0.9288,0.53208,0.18554,0.11316,0.52667,0.56333,-0.0020957,-0.28131,-0.20909,-0.22981,0.22267,0.71384,0.089715,0.36511,-0.09406,-0.28965,0.47595,0.66603,0.78573,0.78343,-0.062413,0.54491,0.7189,0.817,0.36187,0.0062923,0.12283,-0.013812,-0.010293,-0.13831,0.17801,0.2038,-0.018999,-0.11563,0.24371,0.35623,0.568,0.58806,0.62799,0.69704,0.24389,0.3727,-0.33897,-0.18556,0.30714,-0.0073189,-0.19845,0.074836,1.5518,0.79601,0.77239,0.54957,0.43859,-0.24864,-0.019622,0.68546,0.86616,0.18035,0.15447,0.42805,0.3787,-0.032309,0.12782,-0.047318,0.097815,0.48802,0.053557,0.19707,0.19492,0.28108,0.25862,0.091742,0.26206,0.0098933,0.12682,0.22646,-0.084095,0.165,0.19868,0.48882,0.36671,0.1126,0.13615,-0.37388,-0.18997,0.18672,0.23466,0.43366,0.51119,0.14963,0.16702,0.13647,0.072046,0.10936,-0.079148,0.49873,0.56919,0.52551,0.045703,-0.23887,0.17614
1.2126,0,0.086016,0.24637,0.40754,0.42986,0.010961,0.07651,0.31209,0.60292,-0.30147,-0.44917,-0.23669,-0.25777,0.080093,0.61608,-0.066788,0.26167,-0.20661,-0.31618,0.58194,0.85614,0.9366,0.86921,-0.085279,0.44637,0.73172,0.5831,0.16113,-0.054597,-0.03633,-0.11312,-0.32801,-0.48369,-0.10597,-0.089998,-0.36556,-0.39509,-0.033869,0.21216,0.65238,0.73711,0.36941,0.44701,0.033012,0.20179,-0.35507,-0.073164,0.33781,-0.21328,-0.37601,-0.12627,0.96474,0.7932,0.55886,0.64638,0.52598,-0.11111,0.053046,0.40235,0.76564,0.15152,0.11847,0.498,0.34356,-0.079156,0.11958,-0.094915,-0.01552,0.39964,-0.027122,-0.083998,0.0041607,0.11334,0.26064,-0.090666,0.068234,-0.16219,-0.019496,0.019042,-0.35487,0.18134,0.1163,0.6317,0.1918,-0.10605,-0.049319,-0.21658,0.011669,0.27488,0.37801,0.54332,0.67553,0.10143,0.14383,-0.023295,-0.010412,-0.019721,-0.29535,0.53276,0.56486,0.4236,0.05474,-0.29818,0.0012062
0.30027,0.086016,0,1.7401,0.75467,0.2124,0.61575,0.57435,0.67085,0.48606,0.9553,0.30884,0.27446,0.12867,0.53976,0.34672,0.81915,0.6833,0.77261,0.38932,-0.35636,0.16338,0.053802,-0.0072759,0.89099,0.67218,-0.13331,0.26968,0.0028791,-0.1453,0.45259,0.055465,0.69623,0.34059,0.61418,0.50802,0.82316,0.75279,0.92665,0.90883,-0.2658,-0.28107,0.11494,0.056288,1.101,0.90653,-0.24636,-0.19586,-0.27577,0.52415,0.052362,-0.37811,0.37161,0.0065459,0.75515,-0.46809,-0.37354,-0.36983,-0.38159,1.0027,0.69009,-0.064749,-0.17403,-0.19312,-0.25954,-0.11646,-0.026873,0.20875,0.31717,0.77964,0.65067,0.74079,0.75823,0.37485,0.21619,1.3044,1.3707,0.69976,0.43139,0.66401,0.52166,0.47212,-0.0055734,0.51821,0.81034,0.71587,0.61304,-0.32883,-0.2769,-0.047694,0.15077,0.5348,0.32633,0.44799,0.46162,0.67722,0.46123,0.48773,0.54547,0.10456,0.042473,0.47197,0.20687,0.53399,0.8255
0.39346,0.24637,1.7401,0,0.66238,0.27521,0.62585,0.59071,0.68152,0.61671,0.80628,0.39194,0.22265,0.11428,0.57731,0.36357,0.62616,0.79498,0.65567,0.35907,-0.21414,0.19976,0.13005,0.044916,0.80829,0.82086,-0.084685,0.28369,0.046037,0.013605,0.5305,0.17739,0.5431,0.27329,0.50862,0.44005,0.68626,0.6583,0.97139,1.1261,-0.068627,-0.082198,0.17934,0.1371,0.88327,0.77917,-0.36666,-0.27536,-0.2342,0.38391,0.028156,-0.40046,0.43725,0.13495,0.79085,-0.2805,-0.23085,-0.45506,-0.44346,0.83876,0.71962,0.029472,-0.050632,-0.013823,-0.12747,-0.18016,-0.066533,0.19424,0.3588,0.94412,0.62593,0.59562,0.61158,0.25769,0.16042,0.98443,1.371,0.73044,0.53787,0.71641,0.43068,0.57328,0.067355,0.71597,0.8599,0.66781,0.60836,-0.43249,-0.30775,-0.071299,0.15498,0.62909,0.47617,0.41735,0.58325,0.65792,0.55503,0.36509,0.45839,0.23638,0.16868,0.51524,0.24273,0.38907,0.64833
0.9288,0.40754,0.75467,0.66238,0,0.52685,0.52746,0.3588,0.60514,0.33299,0.51965,-0.014245,0.10344,0.089719,0.53014,0.78701,0.51636,0.65002,0.27324,0.097987,0.10556,0.44479,0.3954,0.39565,0.38783,0.56583,0.30813,0.43537,0.45203,-0.1206,0.38068,0.03956,0.45829,0.26242,0.50556,0.47792,0.53294,0.35572,0.65344,0.56668,0.20976,0.24478,0.55235,0.65297,0.6465,0.6099,-0.22884,-0.1786,0.18637,0.50195,0.095924,-0.021759,1.0959,0.45129,0.80823,0.18962,0.20429,-0.23485,-0.04587,0.90215,0.72443,0.16054,0.10708,0.089902,0.10992,-0.026521,0.034971,0.29142,0.35644,0.50096,0.16046,0.48731,0.37772,0.32752,0.13909,0.52235,0.64836,0.32156,0.31425,0.46095,0.25639,0.195,0.090516,0.3656,0.56196,0.57084,0.46998,-0.31751,-0.25576,0.035715,0.074551,0.45346,0.29289,0.24525,0.24777,0.52641,0.38455,0.42908,0.31326,0.32709,0.33915,0.53408,0.13183,0.15224,0.45949
0.53208,0.42986,0.2124,0.27521,0.52685,0,0.15048,0.52015,0.15878,0.43956,0.12821,0.058953,0.31326,0.41371,0.45303,0.65513,0.3214,0.41802,0.18276,0.07751,0.42173,0.27884,0.17979,0.35374,-0.063103,0.36535,0.43282,0.55192,0.017594,-0.12771,0.16226,0.22899,0.35509,0.2036,0.41945,0.24879,0.24493,0.22471,0.28687,0.40918,0.17134,0.47561,0.57527,0.56564,0.3619,0.50949,0.07558,0.051226,0.050814,0.33362,0.23588,-0.048501,0.47729,0.65597,0.80527,0.19768,0.22791,-0.2174,-0.0063828,0.20864,0.34609,0.28728,0.54339,0.33103,0.45365,0.29577,0.30258,0.53621,0.71995,0.28996,0.08484,0.25247,0.32102,0.40893,0.37218,-0.022219,0.22923,0.22374,0.085233,0.2952,0.06711,0.52003,0.27415,0.22624,0.34401,0.39005,0.2075,-0.17559,-0.12419,0.15532,0.21845,0.53423,0.61283,0.0040526,0.18916,0.25154,0.34402,0.18879,0.33001,0.46734,0.48212,0.42538,0.20872,0.12004,0.052611
0.18554,0.010961,0.61575,0.62585,0.52746,0.15048,0,0.94446,0.33642,0.0098131,0.8206,0.40238,-0.25975,-0.28915,0.10076,-0.049652,0.12807,0.1315,0.21377,-0.068993,-0.74374,-0.21537,-0.13997,-0.39771,0.57165,0.19098,-0.52665,-0.18447,0.37884,0.50425,0.65239,0.29458,0.33568,0.15869,0.63279,1.008,0.75759,0.84018,0.84686,1.0551,0.0044558,-0.076569,0.56316,0.54875,0.73601,0.64752,-0.23387,-0.4454,-0.39314,0.13278,-0.12021,-0.53842,0.25929,-0.13493,0.22254,-0.32092,-0.0074502,-0.59031,-0.55014,0.38025,0.28525,-0.29856,-0.04302,-0.22878,-0.00019808,-0.12007,-0.14824,0.11743,0.0067101,0.59661,0.62368,0.445,0.44962,0.077311,0.03613,0.79954,0.47333,0.064992,-0.076299,0.40459,0.23803,-0.14808,-0.1783,0.094061,0.18506,0.16671,-0.023732,-0.43472,-0.56734,-0.42934,-0.15893,0.096609,-0.16842,0.068576,-0.05447,0.29712,0.144,0.34791,0.39874,-0.31875,-0.15741,-0.17459,-0.54797,-0.097789,0.18343
0.11316,0.07651,0.57435,0.59071,0.3588,0.52015,0.94446,0,0.30645,0.32023,0.69691,0.33642,0.090473,0.043853,0.23928,0.059734,0.36694,0.1663,0.36977,0.084777,-0.39263,-0.16239,-0.17377,-0.085303,0.47817,0.27384,-0.3207,0.079608,-0.049504,0.18679,0.23866,0.14553,0.46343,0.11201,0.57494,0.54649,0.61407,0.62917,0.49846,0.91439,-0.34277,-0.041917,0.32429,0.28638,0.81222,0.84682,0.10163,0.020225,-0.42526,0.21979,0.096328,-0.52905,0.22397,0.14221,0.36305,-0.48731,-0.23127,-0.3133,-0.29359,0.33454,0.41831,-0.29975,-0.033977,-0.21346,-0.054524,0.23481,0.24436,0.23358,0.19501,0.38612,0.42465,0.50801,0.60624,0.40107,0.42941,0.55228,0.52365,0.17724,-0.12137,0.33397,0.21217,0.12941,-0.11817,0.0055729,0.07855,0.14661,-0.024701,-0.17331,-0.21035,-0.015569,0.25006,0.13595,0.10422,0.094896,0.19202,0.25874,0.19381,0.42082,0.56971,-0.15906,-0.075068,0.010451,-0.34787,0.20699,0.23574
0.52667,0.31209,0.67085,0.68152,0.60514,0.15878,0.33642,0.30645,0,1.084,0.49404,0.10099,0.11274,-0.025611,0.19933,0.12381,0.70142,0.4049,0.74,0.34264,0.0076377,0.054858,0.46048,0.36986,0.60689,1.0975,0.319,0.60093,0.1395,0.053102,0.011095,0.074262,0.32205,0.0079601,0.22962,0.11323,0.16316,0.1305,0.30393,0.56925,0.0087202,0.0053705,0.038889,0.062327,0.47484,0.40663,-0.22774,-0.088811,0.065867,0.39329,-0.028097,-0.24614,0.65512,0.30889,0.5825,-0.12841,-0.37718,-0.43259,-0.42109,0.82493,0.75171,-0.25018,-0.36675,-0.29904,-0.27063,-0.24077,0.027482,0.14312,0.15693,0.40842,0.17368,0.37105,0.35866,0.32411,0.23576,0.70106,0.8947,0.38764,0.40512,0.81369,0.50006,0.31711,-0.43979,0.54029,0.65521,0.46327,0.57575,-0.33979,-0.3082,0.17084,0.25351,0.32743,0.4323,0.47453,0.54418,0.57594,0.35913,0.35763,0.25547,0.14345,-0.068789,0.62442,-0.04371,0.22357,0.35938
0.56333,0.60292,0.48606,0.61671,0.33299,0.43956,0.0098131,0.32023,1.084,0,0.20158,0.040609,0.26432,0.14778,0.19362,0.26102,0.59769,0.43446,0.66408,0.3466,0.3241,0.22356,0.61053,0.6824,0.33427,1.2499,0.56519,0.85631,-0.1358,-0.052142,-0.15668,0.071088,0.16682,-0.15793,0.02015,-0.18994,-0.064173,-0.092644,0.12475,0.48687,0.020159,0.24691,-0.084579,-0.056867,0.28161,0.33354,-0.20249,0.033648,0.068418,0.25238,0.022845,-0.251,0.60763,0.57186,0.68282,-0.012077,-0.33115,-0.34402,-0.3165,0.60313,0.8471,-0.1092,-0.17726,-0.081681,-0.14184,-0.12634,0.1613,0.12476,0.2505,0.35363,0.055187,0.18081,0.28916,0.32159,0.35443,0.32671,0.70489,0.39714,0.37705,0.61185,0.31705,0.63696,-0.19038,0.60846,0.60832,0.35308,0.49955,-0.31186,-0.15606,0.31225,0.42239,0.52284,0.85214,0.49639,0.78275,0.46966,0.42504,0.14989,0.15763,0.3548,0.12612,0.81015,0.19754,0.26475,0.25191
-0.0020957,-0.30147,0.9553,0.80628,0.51965,0.12821,0.8206,0.69691,0.49404,0.20158,0,0.80635,0.20749,0.14829,0.24518,-0.076771,0.47379,0.42777,0.76514,0.52882,-0.56745,-0.3058,-0.30814,-0.33766,0.70469,0.53205,-0.56193,-0.039309,0.14161,0.16534,0.61665,0.28802,0.8913,0.54899,0.64878,0.61455,1.2015,1.0059,1.1023,0.98745,-0.29574,-0.20585,0.13916,0.16754,0.86875,0.66462,-0.23535,-0.31595,-0.48732,0.61552,0.24926,-0.31884,0.051588,-0.072902,0.32085,-0.58175,-0.43799,-0.55854,-0.62232,0.37693,0.22048,-0.33566,-0.23865,-0.46834,-0.42532,-0.18958,-0.1906,0.12496,0.16954,0.35295,0.40778,0.65659,0.54756,0.21055,0.044216,1.0183,0.93572,0.59199,0.46168,0.89077,0.87146,0.0741,-0.30825,0.13976,0.57608,0.68417,0.58292,-0.46874,-0.5394,-0.44571,-0.2273,0.1829,0.025449,0.12196,0.29193,0.52026,0.42523,0.51922,0.88905,-0.20017,-0.26395,0.1001,-0.014984,0.46892,0.52106
-0.28131,-0.44917,0.30884,0.39194,-0.014245,0.058953,0.40238,0.33642,0.10099,0.040609,0.80635,0,0.31331,0.35387,0.069026,-0.36753,0.069633,0.19073,0.46338,0.37289,-0.39269,-0.658,-0.40024,-0.6119,0.41979,0.28402,-0.60537,-0.26169,0.024696,0.52907,0.68017,1.0032,0.54527,0.69128,0.21572,0.28158,0.75978,0.81049,0.75026,0.65263,-0.072456,-0.096253,-0.039136,-0.037666,0.25204,0.12097,-0.33531,-0.53073,-0.47512,0.50882,0.63558,-0.12561,-0.27051,-0.19865,0.037469,-0.32956,-0.32763,-0.63304,-0.76111,-0.1392,-0.15315,-0.15699,0.041285,-0.2414,-0.18773,-0.30421,-0.36294,0.031159,0.21516,0.20195,0.22966,0.17609,0.15849,-0.26912,-0.26661,0.35378,0.49392,0.63638,0.59797,0.73407,0.88669,0.15713,-0.044593,0.034669,0.33144,0.51342,0.42001,-0.58409,-0.66399,-0.76716,-0.50667,0.099004,0.0083277,-0.117,0.24939,0.4208,0.56001,0.0041595,0.44709,-0.19366,-0.24669,-0.1184,0.050308,0.13869,0.083489
-0.20909,-0.23669,0.27446,0.22265,0.10344,0.31326,-0.25975,0.090473,0.11274,0.26432,0.20749,0.31331,0,1.6194,0.46938,0.24456,0.65413,0.58685,0.63827,0.65258,0.21979,0.10428,-0.11421,0.12294,0.32146,0.27846,0.15958,0.21783,-0.43241,-0.50221,0.014451,0.19593,0.70422,0.59396,0.14746,-0.23834,0.24228,0.15613,0.087866,0.030515,-0.35279,-0.1686,-0.38069,-0.44402,0.23943,0.13213,0.27696,0.36451,0.25219,0.88564,0.88162,0.19107,-0.10428,0.13844,0.28807,-0.19658,-0.40046,0.15162,0.11848,0.15362,0.11323,0.34767,0.20845,0.00058598,-0.09223,0.25073,0.3143,0.40802,0.68147,0.038787,-0.0010268,0.25894,0.28047,0.18839,0.19117,0.0053577,0.39103,0.90067,0.54308,0.27771,0.31141,0.67768,0.14977,0.20923,0.36349,0.62936,0.62356,0.17788,0.19492,0.19965,0.23423,0.43945,0.51796,0.22678,0.62682,0.61898,0.61762,0.054484,0.16054,0.37708,0.20703,0.49255,0.79985,0.80856,0.40122
-0.22981,-0.25777,0.12867,0.11428,0.089719,0.41371,-0.28915,0.043853,-0.025611,0.14778,0.14829,0.35387,1.6194,0,0.56396,0.32707,0.50284,0.58729,0.48516,0.71562,0.35579,0.06968,-0.097397,0.10573,0.25505,0.21878,0.18655,0.053214,-0.21797,-0.40366,0.083385,0.23145,0.52005,0.55932,0.039544,-0.27737,0.21959,0.13765,0.095731,-0.009412,-0.16284,0.046194,-0.27753,-0.24621,0.06266,-0.022728,0.23237,0.30226,0.26435,0.81275,0.8867,0.25075,-0.11981,0.18651,0.24981,0.023054,-0.1327,0.20063,0.21156,-0.063326,-0.093794,0.50523,0.38618,0.11396,0.022258,0.18611,0.14359,0.55239,0.78604,-0.076059,-0.18102,0.083536,0.030337,0.017352,-0.027223,-0.104,0.29684,0.75833,0.59056,0.21238,0.27125,0.61348,0.2391,0.12348,0.32427,0.64436,0.62609,0.18905,0.21723,0.099962,0.042279,0.43451,0.45502,0.097234,0.51181,0.55873,0.75526,0.05631,0.21204,0.44036,0.26432,0.41798,0.82675,0.72002,0.23399
0.22267,0.080093,0.53976,0.57731,0.53014,0.45303,0.10076,0.23928,0.19933,0.19362,0.24518,0.069026,0.46938,0.56396,0,0.87339,0.67394,0.77524,0.26476,0.37522,0.33445,0.4082,-0.065862,0.20636,0.33422,0.25288,0.25349,0.28289,0.099529,-0.37698,0.24162,-0.06142,0.50405,0.50184,0.45727,0.22938,0.45176,0.40515,0.31444,0.17886,-0.050539,-0.0071444,0.28236,0.24404,0.51619,0.44698,0.13021,0.23255,0.23219,0.43013,0.23919,0.072937,0.34008,0.44808,0.80614,0.097295,0.17298,0.17047,0.29264,0.33235,0.21727,0.777,0.40574,0.43348,0.16477,0.23389,0.20514,0.77608,1.0077,0.31833,0.1458,0.38551,0.22525,0.38899,0.19505,0.216,0.53886,0.56931,0.52656,0.25034,0.089288,0.74107,0.36081,0.45142,0.41943,0.6741,0.53059,0.18072,0.25656,0.39827,0.41929,0.39147,0.4528,0.037426,0.28768,0.41637,0.50692,0.5249,0.4581,0.82998,0.6002,0.6584,0.53233,0.39544,0.39101
0.71384,0.61608,0.34672,0.36357,0.78701,0.65513,-0.049652,0.059734,0.12381,0.26102,-0.076771,-0.36753,0.24456,0.32707,0.87339,0,0.45184,0.71753,0.029928,0.069454,0.65758,1.185,0.51184,0.70873,0.081253,0.24608,0.701,0.44016,0.27597,-0.51386,0.18596,-0.22565,0.17384,0.10706,0.24783,0.098738,0.080053,-0.0099184,0.14263,0.082695,0.28342,0.38912,0.45303,0.48159,0.30796,0.38673,-0.051381,0.17392,0.48106,0.21377,-0.023981,0.15915,0.77572,0.69596,0.89366,0.50013,0.55071,0.18594,0.43834,0.52452,0.49693,0.79213,0.4791,0.67289,0.45774,0.21151,0.25076,0.51663,0.50278,0.39243,0.017726,0.24609,0.1479,0.34143,0.22564,0.0076334,0.27549,0.24683,0.24047,-0.00010328,-0.23656,0.4705,0.49555,0.49094,0.39213,0.3789,0.29609,0.084515,0.26634,0.40573,0.37128,0.66353,0.60946,0.13997,0.2542,0.30672,0.36817,0.22653,0.040092,0.99863,0.9632,0.80921,0.6034,0.17493,0.2811
0.089715,-0.066788,0.81915,0.62616,0.51636,0.3214,0.12807,0.36694,0.70142,0.59769,0.47379,0.069633,0.65413,0.50284,0.67394,0.45184,0,0.53639,1.0841,0.61649,-0.013475,0.16082,0.13881,0.25127,0.69586,0.50947,0.24038,0.4299,-0.070293,-0.40153,0.027665,-0.034732,0.74644,0.376,0.45078,0.14073,0.41822,0.39282,0.23084,0.28046,-0.46654,-0.341,-0.078525,-0.16275,0.73623,0.59471,0.13214,0.23607,0.032491,0.79823,0.27134,-0.20013,0.30447,0.14887,0.68013,-0.39427,-0.51608,-0.095047,-0.079315,0.7499,0.49146,0.11046,-0.12583,-0.25547,-0.23525,0.12088,0.28406,0.74997,0.60433,0.3455,0.26614,0.58193,0.56484,0.5725,0.37139,0.64253,0.86134,0.66479,0.36147,0.51799,0.44855,0.72873,-0.10015,0.32541,0.56617,0.77077,0.65247,0.02536,-0.0038964,0.36953,0.42761,0.37133,0.38644,0.43564,0.54832,0.77608,0.58684,0.42141,0.4434,0.28909,0.046827,0.80728,0.35015,0.63092,0.44856
0.36511,0.26167,0.6833,0.79498,0.65002,0.41802,0.1315,0.1663,0.4049,0.43446,0.42777,0.19073,0.58685,0.58729,0.77524,0.71753,0.53639,0,0.46557,0.62657,0.32858,0.58657,0.231,0.33817,0.447,0.7381,0.22471,0.27369,0.037289,-0.42587,0.46751,0.11683,0.55962,0.42039,0.36342,0.11036,0.42256,0.23983,0.65004,0.52582,0.24817,0.29673,0.15211,0.18157,0.427,0.38071,-0.29996,-0.071917,0.15842,0.52379,0.21032,-0.090253,0.3933,0.40153,0.69483,0.18535,0.11854,-0.14952,-0.035997,0.42209,0.31924,0.48015,0.14656,0.26245,2.757e-05,-0.15763,-0.035983,0.40708,0.59423,0.49785,0.11175,0.38954,0.26444,0.16243,0.01825,0.29744,0.70991,0.87506,0.78978,0.49733,0.14376,0.50562,0.089972,0.77712,0.95918,0.83189,0.94922,-0.23492,-0.029345,0.017082,0.087757,0.8184,0.70353,0.15148,0.65037,0.5288,0.64627,0.13425,0.17109,0.65798,0.42124,0.73076,0.819,0.56021,0.39258
-0.09406,-0.20661,0.77261,0.65567,0.27324,0.18276,0.21377,0.36977,0.74,0.66408,0.76514,0.46338,0.63827,0.48516,0.26476,0.029928,1.0841,0.46557,0,1.0265,-0.23296,-0.13908,0.015269,-0.0075411,0.76874,0.7963,-0.028885,0.23245,-0.11846,-0.072026,0.13363,0.20378,0.73934,0.37222,0.3241,0.063591,0.45315,0.42497,0.41007,0.51468,-0.42336,-0.27326,-0.27335,-0.27607,0.5763,0.41532,-0.13767,-0.071289,-0.14878,0.77611,0.32375,-0.30562,0.044773,0.0025387,0.45151,-0.54375,-0.78262,-0.45365,-0.55104,0.49111,0.33506,-0.11688,-0.19617,-0.51879,-0.46917,-0.21423,-0.059405,0.4043,0.3925,0.25552,0.27603,0.36351,0.42245,0.22236,0.11244,0.7675,1.0344,0.84672,0.5775,0.96399,0.82972,0.54478,-0.3966,0.337,0.87349,0.937,0.90623,-0.29447,-0.33285,-0.049456,0.05674,0.40615,0.34817,0.56286,0.74473,1.047,0.82119,0.35522,0.58499,0.069268,-0.19293,0.61784,0.30307,0.7462,0.44777
-0.28965,-0.31618,0.38932,0.35907,0.097987,0.07751,-0.068993,0.084777,0.34264,0.3466,0.52882,0.37289,0.65258,0.71562,0.37522,0.069454,0.61649,0.62657,1.0265,0,0.05248,-0.061645,-0.099673,0.032979,0.51527,0.6497,-0.048459,-0.045939,-0.10128,-0.24321,0.043224,0.0104,0.44057,0.30965,0.037667,-0.24738,0.28146,0.15888,0.2793,0.21665,-0.22262,-0.0021167,-0.43629,-0.27049,0.14239,0.012973,-0.12255,0.04465,-0.022107,0.59499,0.34074,-0.13692,-0.15768,0.077332,0.1903,-0.17981,-0.37782,-0.081329,-0.16458,0.022722,-0.072235,0.10532,-0.10362,-0.32066,-0.56674,-0.32125,-0.29159,0.40873,0.45013,-0.14088,-0.17153,0.016272,-0.075008,-0.04197,-0.22349,0.36065,0.65194,0.76586,0.83508,0.6377,0.57261,0.38345,-0.40476,0.26982,0.73227,0.93823,1.2,-0.071485,-0.014236,-0.030968,-0.10061,0.30166,0.27851,0.322,0.70076,0.63664,0.82657,0.35845,0.60229,0.22171,-0.13129,0.52086,0.59889,1.0256,0.29701
0.47595,0.58194,-0.35636,-0.21414,0.10556,0.42173,-0.74374,-0.39263,0.0076377,0.3241,-0.56745,-0.39269,0.21979,0.35579,0.33445,0.65758,-0.013475,0.32858,-0.23296,0.05248,0,0.668,0.51104,1.0005,-0.43218,0.20675,1.1157,0.51369,0.058666,-0.36129,-0.28875,-0.173,-0.21691,-0.13194,-0.31391,-0.56481,-0.53793,-0.68655,-0.40278,-0.3695,0.48322,0.75871,0.075047,0.18201,-0.38518,-0.25863,0.062147,0.35987,0.76058,-0.044698,0.086621,0.50865,0.4123,1.0104,0.30008,0.97589,0.52897,0.37429,0.58241,-0.085688,0.11217,0.65032,0.41021,0.73827,0.39312,0.16344,0.24355,0.16226,0.30509,-0.18581,-0.61458,-0.25101,-0.36126,0.081016,0.093669,-0.71774,-0.17013,0.036085,0.28702,-0.13611,-0.32502,0.31264,0.30241,0.29356,0.082042,0.047279,0.19443,0.21019,0.44821,0.53148,0.31936,0.27379,0.64707,-0.073677,0.25362,-0.071259,0.14165,-0.09969,-0.24035,1.0124,0.75239,0.57586,0.59752,-0.0050482,-0.12036
0.66603,0.85614,0.16338,0.19976,0.44479,0.27884,-0.21537,-0.16239,0.054858,0.22356,-0.3058,-0.658,0.10428,0.06968,0.4082,1.185,0.16082,0.58657,-0.13908,-0.061645,0.668,0,0.59708,0.80749,-0.069362,0.17548,0.67102,0.41927,0.096852,-0.64838,0.034815,-0.44564,-0.045934,-0.14672,0.078149,-0.089736,-0.24637,-0.36057,-0.081594,-0.079162,0.36336,0.38617,0.26678,0.27443,0.14619,0.25111,-0.12567,0.22543,0.61985,-0.079091,-0.29324,0.15134,0.59733,0.63638,0.57094,0.53284,0.55101,0.2684,0.46282,0.47253,0.52649,0.60381,0.26482,0.71129,0.35729,0.1334,0.27315,0.11165,0.10549,0.33094,0.005695,0.12721,0.084935,0.27285,0.29159,-0.15085,0.059062,0.083768,0.109,-0.17739,-0.54411,0.20954,0.28339,0.63872,0.29191,0.09028,0.12507,0.14471,0.40591,0.45653,0.48419,0.62764,0.64102,0.14489,0.21963,0.073848,0.064383,0.059028,-0.28983,0.90338,0.90543,0.67417,0.58364,0.099598,0.26784
0.78573,0.9366,0.053802,0.13005,0.3954,0.17979,-0.13997,-0.17377,0.46048,0.61053,-0.30814,-0.40024,-0.11421,-0.097397,-0.065862,0.51184,0.13881,0.231,0.015269,-0.099673,0.51104,0.59708,0,0.934,0.14878,0.47228,0.88217,0.34391,0.28799,-0.061461,-0.10269,-0.039216,-0.39244,-0.49796,-0.40758,-0.34488,-0.44246,-0.50882,-0.1043,0.089937,0.59088,0.60759,0.02557,0.15382,-0.20599,-0.12472,-0.44982,-0.14806,0.39016,-0.034346,-0.20942,-0.034558,0.89738,0.39338,0.30232,0.64625,0.31548,-0.081819,0.040084,0.44612,0.58255,0.066895,-0.066908,0.15547,0.17149,-0.31478,-0.099551,-0.022176,-0.13715,0.2336,-0.26428,-0.2236,-0.19713,-0.16495,-0.10549,0.012818,0.16746,-0.04829,0.081417,0.022359,-0.13469,0.099623,0.047743,0.37726,0.23519,-0.011086,0.11782,-0.24735,-0.046393,0.15379,0.065334,0.44523,0.40331,0.34503,0.33196,0.22424,0.24293,-0.25579,-0.49222,0.29606,0.23647,0.48292,0.12658,-0.18364,-0.084402
0.78343,0.86921,-0.0072759,0.044916,0.39565,0.35374,-0.39771,-0.085303,0.36986,0.6824,-0.33766,-0.6119,0.12294,0.10573,0.20636,0.70873,0.25127,0.33817,-0.0075411,0.032979,1.0005,0.80749,0.934,0,-0.12839,0.45097,1.2241,0.76364,-0.0090402,-0.4092,-0.46537,-0.36302,-0.16471,-0.34202,-0.24903,-0.48714,-0.4331,-0.69234,-0.29988,-0.12037,0.23298,0.59,-0.015332,0.094882,-0.11773,-0.008977,-0.028665,0.32939,0.57695,-0.030642,-0.030076,0.20173,0.90296,0.95292,0.40374,0.58143,0.22551,0.25377,0.42479,0.39856,0.60756,0.26731,0.0009599,0.29904,0.10419,0.094421,0.30944,0.029391,0.087576,-0.048988,-0.48136,-0.092258,-0.10835,0.24789,0.25279,-0.23565,0.11014,0.038947,0.12303,-0.052147,-0.25047,0.21364,0.074728,0.25687,0.13265,0.0032518,0.18537,0.066761,0.32776,0.70105,0.52749,0.23902,0.5286,0.26863,0.47862,0.083891,0.13264,-0.025812,-0.24259,0.62076,0.45873,0.76232,0.33002,0.091851,0.056625
-0.062413,-0.085279,0.89099,0.80829,0.38783,-0.063103,0.57165,0.47817,0.60689,0.33427,0.70469,0.41979,0.32146,0.25505,0.33422,0.081253,0.69586,0.447,0.76874,0.51527,-0.43218,-0.069362,0.14878,-0.12839,0,0.5117,-0.22815,-0.19539,0.066355,-0.0090015,0.34949,0.19732,0.35744,0.18369,0.13777,0.15397,0.51927,0.54091,0.54681,0.65092,-0.17127,-0.2403,-0.21225,-0.15968,0.52112,0.32402,-0.29658,-0.20029,-0.18234,0.63676,0.18646,-0.52888,0.17595,-0.1922,0.29783,-0.34924,-0.34282,-0.23758,-0.34904,0.49183,0.35167,-0.20669,-0.33079,-0.44839,-0.46213,-0.37005,-0.28445,0.28016,0.18116,0.40862,0.26444,0.2396,0.22642,-0.10499,-0.13745,1.118,1.0539,0.5507,0.41568,0.54363,0.56625,0.24952,-0.28091,0.36656,0.44782,0.57292,0.51328,-0.20229,-0.20766,-0.16033,-0.018749,0.40498,0.13785,0.34356,0.41387,0.76645,0.64234,0.3448,0.30762,-0.1001,-0.25678,0.22642,0.019859,0.43124,0.41186
0.54491,0.44637,0.67218,0.82086,0.56583,0.36535,0.19098,0.27384,1.0975,1.2499,0.53205,0.28402,0.27846,0.21878,0.25288,0.24608,0.50947,0.7381,0.7963,0.6497,0.20675,0.17548,0.47228,0.45097,0.5117,0,0.3159,0.5253,0.046257,0.018395,0.12746,0.2078,0.29332,0.045141,0.074385,-0.081126,0.20591,0.09252,0.50976,0.73201,0.19421,0.36561,-0.054036,0.087329,0.31215,0.28278,-0.51079,-0.26021,0.016132,0.46912,0.13122,-0.28651,0.57477,0.49222,0.65105,0.075962,-0.21729,-0.51308,-0.48473,0.52003,0.64242,-0.086676,-0.18041,-0.16173,-0.31924,-0.4623,-0.21626,0.11391,0.32561,0.33131,-0.0039802,0.13091,0.1538,0.078808,0.014532,0.52514,0.9818,0.60379,0.78214,1.0622,0.58988,0.49043,-0.32912,0.73451,1.045,0.73644,1.0015,-0.57484,-0.37856,-0.02383,0.053196,0.62392,0.71069,0.43469,0.81193,0.6508,0.6725,0.27322,0.36064,0.32791,0.055235,0.75072,0.30812,0.38422,0.34254
0.7189,0.73172,-0.13331,-0.084685,0.30813,0.43282,-0.52665,-0.3207,0.319,0.56519,-0.56193,-0.60537,0.15958,0.18655,0.25349,0.701,0.24038,0.22471,-0.028885,-0.048459,1.1157,0.67102,0.88217,1.2241,-0.22815,0.3159,0,0.83618,0.04695,-0.34827,-0.43993,-0.18635,-0.20876,-0.24688,-0.23858,-0.43968,-0.53436,-0.62754,-0.39511,-0.28571,0.3618,0.48345,0.064058,0.11584,-0.20873,-0.11745,0.037084,0.25366,0.77724,0.019316,-0.013543,0.30662,0.75929,0.76779,0.48625,0.69789,0.29885,0.18806,0.37479,0.31073,0.41504,0.48101,0.25813,0.40664,0.33543,0.10038,0.27112,0.22218,0.29907,-0.019129,-0.37184,-0.18631,-0.15739,0.17545,0.17391,-0.33723,-0.015098,-0.0075964,0.11275,-0.050532,-0.22673,0.4003,0.20619,0.31365,0.19013,0.071783,0.17402,0.10134,0.24226,0.64407,0.42626,0.32403,0.57165,0.26219,0.26095,0.16678,0.16535,-0.068458,-0.31175,0.72191,0.54935,0.75106,0.33022,-0.059615,-0.032553
0.817,0.5831,0.26968,0.28369,0.43537,0.55192,-0.18447,0.079608,0.60093,0.85631,-0.039309,-0.26169,0.21783,0.053214,0.28289,0.44016,0.4299,0.27369,0.23245,-0.045939,0.51369,0.41927,0.34391,0.76364,-0.19539,0.5253,0.83618,0,-0.20664,-0.27862,-0.27963,-0.083785,0.30595,0.075057,0.30645,0.020263,-0.059931,-0.13673,-0.040611,0.092953,-0.030499,0.098854,0.21263,0.095724,0.3522,0.45955,0.096745,0.21418,0.27474,0.1482,0.055997,0.1681,0.68426,0.75059,0.80956,0.065848,-0.16235,-0.14094,-0.0047133,0.65111,0.76293,0.16919,0.057788,0.2226,0.15528,0.27802,0.56989,0.070756,0.34743,0.26112,0.11252,0.37033,0.48469,0.78568,0.74943,-0.0018815,0.26962,0.23781,0.15661,0.31661,0.068177,0.54113,0.090836,0.38625,0.37817,0.21592,0.25756,-0.11424,-0.01891,0.61539,0.70025,0.26318,0.66787,0.24761,0.34234,0.17049,0.025362,0.15161,0.064791,0.55169,0.42602,0.79527,0.22301,0.078888,0.27683
0.36187,0.16113,0.0028791,0.046037,0.45203,0.017594,0.37884,-0.049504,0.1395,-0.1358,0.14161,0.024696,-0.43241,-0.21797,0.099529,0.27597,-0.070293,0.037289,-0.11846,-0.10128,0.058666,0.096852,0.28799,-0.0090402,0.066355,0.046257,0.04695,-0.20664,0,0.50345,0.53573,0.066478,-0.13594,-0.064188,0.073259,0.33581,0.034736,0.098529,0.18649,0.14477,0.5461,0.37191,0.63227,0.88668,0.0098451,0.0057636,-0.26725,-0.2825,0.25456,-0.024823,-0.31183,0.12904,0.36233,0.1747,0.096754,0.46836,0.61363,-0.19698,-0.058512,0.092633,0.030767,0.16861,0.29489,0.2398,0.41308,-0.15055,-0.23105,0.22726,-0.1014,0.2601,0.035927,0.049464,-0.18325,-0.14597,-0.26709,0.080416,0.015292,-0.23456,0.095813,0.071872,-0.039812,-0.18357,0.088242,0.12886,0.1135,0.05286,-0.0013352,-0.16905,-0.23425,-0.33963,-0.40145,0.13718,-0.046503,-0.034709,-0.1658,0.1674,0.19604,0.18065,0.08579,0.15844,0.27899,0.03171,-0.11855,-0.37177,-0.075334
0.0062923,-0.054597,-0.1453,0.013605,-0.1206,-0.12771,0.50425,0.18679,0.053102,-0.052142,0.16534,0.52907,-0.50221,-0.40366,-0.37698,-0.51386,-0.40153,-0.42587,-0.072026,-0.24321,-0.36129,-0.64838,-0.061461,-0.4092,-0.0090015,0.018395,-0.34827,-0.27862,0.50345,0,0.30147,0.59053,-0.20755,-0.084762,-0.086853,0.23993,0.071645,0.20955,0.19719,0.34662,0.23247,0.13886,0.23217,0.3004,-0.13311,-0.15934,-0.31008,-0.59306,-0.22567,-0.2276,-0.038961,-0.11553,-0.0074069,-0.14041,-0.26418,0.029369,0.04946,-0.6037,-0.63383,-0.19199,-0.079658,-0.25976,0.12531,-0.10147,0.16405,-0.27621,-0.33444,-0.17799,-0.23421,0.12957,0.14573,-0.19515,-0.16711,-0.42371,-0.32585,0.053349,-0.025515,-0.20828,-0.040226,0.22595,0.21418,-0.2023,-0.049909,-0.15692,-0.12742,-0.17854,-0.23636,-0.50936,-0.6699,-0.59927,-0.48474,-0.25642,-0.3055,-0.009711,-0.09229,0.077768,0.1095,-0.14185,0.072781,-0.34818,-0.19238,-0.36477,-0.58512,-0.62718,-0.33602
0.12283,-0.03633,0.45259,0.5305,0.38068,0.16226,0.65239,0.23866,0.011095,-0.15668,0.61665,0.68017,0.014451,0.083385,0.24162,0.18596,0.027665,0.46751,0.13363,0.043224,-0.28875,0.034815,-0.10269,-0.46537,0.34949,0.12746,-0.43993,-0.27963,0.53573,0.30147,0,0.59314,0.45173,0.55557,0.54961,0.80416,0.72568,0.83984,1.0042,0.71216,0.35611,0.081016,0.60013,0.53121,0.48452,0.43448,-0.51014,-0.62913,-0.25374,0.31495,0.045981,-0.1588,0.0333,-0.10817,0.30101,-0.0044746,0.26464,-0.60208,-0.49272,0.13219,0.0074431,0.14275,0.25889,0.20505,0.27619,-0.22669,-0.27556,0.19664,0.12834,0.81553,0.59425,0.46796,0.33589,-0.099706,-0.15289,0.37877,0.33515,0.35068,0.34727,0.3975,0.22589,0.054056,0.20758,0.37225,0.45824,0.4142,0.22811,-0.54293,-0.56001,-0.8294,-0.48719,0.48532,0.14071,-0.23548,-0.034856,0.28506,0.34235,0.0067637,0.17735,0.078738,0.19234,-0.045072,0.14797,-0.089899,0.12499
-0.013812,-0.11312,0.055465,0.17739,0.03956,0.22899,0.29458,0.14553,0.074262,0.071088,0.28802,1.0032,0.19593,0.23145,-0.06142,-0.22565,-0.034732,0.11683,0.20378,0.0104,-0.173,-0.44564,-0.039216,-0.36302,0.19732,0.2078,-0.18635,-0.083785,0.066478,0.59053,0.59314,0,0.30257,0.54934,0.11613,0.25002,0.45717,0.53656,0.54349,0.49073,0.31519,0.12719,0.13874,0.085223,0.062697,-0.011459,-0.47522,-0.79525,-0.30486,0.45335,0.62269,-0.20814,-0.0090353,-0.13223,0.059279,0.02864,-0.065917,-0.85963,-0.79687,-0.14415,-0.10833,-0.032833,0.13757,-0.11151,0.079779,-0.38904,-0.32863,0.14807,0.31272,0.30785,0.15916,-0.020554,0.077077,-0.39225,-0.3023,0.10089,0.18194,0.35968,0.32485,0.58389,0.54106,0.2045,0.054002,0.079005,0.21906,0.34871,0.21808,-0.84206,-0.98408,-0.72823,-0.5042,0.13177,0.034423,-0.25409,0.055546,0.30534,0.42862,-0.41486,-0.022423,-0.13887,-0.17935,-0.12834,-0.056522,-0.33715,-0.35548
-0.010293,-0.32801,0.69623,0.5431,0.45829,0.35509,0.33568,0.46343,0.32205,0.16682,0.8913,0.54527,0.70422,0.52005,0.50405,0.17384,0.74644,0.55962,0.73934,0.44057,-0.21691,-0.045934,-0.39244,-0.16471,0.35744,0.29332,-0.20876,0.30595,-0.13594,-0.20755,0.45173,0.30257,0,1.2512,1.0958,0.59242,1.0408,0.84608,0.63594,0.47651,-0.43157,-0.38979,0.1971,0.02159,1.0538,0.84018,0.074307,0.0045735,-0.18169,0.85774,0.57227,0.011185,0.02824,0.073677,0.55012,-0.54913,-0.45837,-0.34604,-0.29743,0.43864,0.21054,0.11239,0.037553,-0.12157,-0.10881,0.20424,0.28336,0.37369,0.52471,0.38664,0.49366,0.99985,0.90371,0.5978,0.41993,0.47251,0.65165,0.94003,0.44709,0.68543,0.55133,0.35442,-0.038763,0.16396,0.55775,0.81877,0.57804,-0.21733,-0.27561,-0.04667,0.14814,0.22982,0.23103,0.017721,0.35126,0.53481,0.39963,0.31831,0.56527,0.16982,0.076044,0.39299,0.31789,0.54126,0.48148
-0.13831,-0.48369,0.34059,0.27329,0.26242,0.2036,0.15869,0.11201,0.0079601,-0.15793,0.54899,0.69128,0.59396,0.55932,0.50184,0.10706,0.376,0.42039,0.37222,0.30965,-0.13194,-0.14672,-0.49796,-0.34202,0.18369,0.045141,-0.24688,0.075057,-0.064188,-0.084762,0.55557,0.54934,1.2512,0,0.72215,0.50247,0.98144,0.82202,0.57816,0.2278,-0.18059,-0.33173,0.18557,0.017241,0.52824,0.37354,-0.055815,-0.19583,-0.15869,0.77329,0.82408,0.1884,-0.11405,-0.050293,0.3322,-0.25257,-0.19163,-0.29266,-0.22702,0.085728,-0.13668,0.33702,0.18918,0.044165,-0.0060441,0.042884,0.028337,0.34072,0.58718,0.21528,0.28686,0.51799,0.41146,0.19641,0.056359,0.21215,0.36892,0.87687,0.56342,0.54269,0.52734,0.26879,0.13161,0.046973,0.39063,0.78913,0.52443,-0.26134,-0.31973,-0.20372,-0.097692,0.064864,0.035439,-0.26509,0.1448,0.37079,0.40214,0.088642,0.3716,0.19675,0.089486,0.21089,0.36475,0.258,0.17676
0.17801,-0.10597,0.61418,0.50862,0.50556,0.41945,0.63279,0.57494,0.22962,0.02015,0.64878,0.21572,0.14746,0.039544,0.45727,0.24783,0.45078,0.36342,0.3241,0.037667,-0.31391,0.078149,-0.40758,-0.24903,0.13777,0.074385,-0.23858,0.30645,0.073259,-0.086853,0.54961,0.11613,1.0958,0.72215,0,1.3188,0.85449,0.87021,0.60715,0.5149,-0.24262,-0.34275,0.75185,0.42236,1.3301,1.3087,0.11494,-0.034445,-0.2339,0.31261,0.021097,-0.11926,0.11936,0.069545,0.6176,-0.46501,-0.1292,-0.40059,-0.26823,0.47708,0.2267,0.12761,0.15622,0.087671,0.19594,0.33379,0.37636,0.38054,0.36722,0.64196,0.89861,1.2222,1.1175,0.84283,0.60904,0.45062,0.36467,0.36258,0.029843,0.40192,0.13291,0.1816,0.023578,0.19667,0.39539,0.41326,0.15038,-0.17134,-0.27169,-0.015988,0.22974,0.18327,0.1326,-0.091485,-0.022167,0.21371,0.033873,0.3941,0.48344,0.14593,0.20702,0.21127,0.00019756,0.17225,0.34688
0.2038,-0.089998,0.50802,0.44005,0.47792,0.24879,1.008,0.54649,0.11323,-0.18994,0.61455,0.28158,-0.23834,-0.27737,0.22938,0.098738,0.14073,0.11036,0.063591,-0.24738,-0.56481,-0.089736,-0.34488,-0.48714,0.15397,-0.081126,-0.43968,0.020263,0.33581,0.23993,0.80416,0.25002,0.59242,0.50247,1.3188,0,0.87502,1.0479,0.74754,0.60998,-0.033136,-0.27482,1.0018,0.64427,0.93965,0.94066,-0.085954,-0.35159,-0.4248,0.1282,-0.14107,-0.23039,0.12844,-0.14556,0.38604,-0.35463,0.06055,-0.54623,-0.4057,0.34692,0.12132,-0.042753,0.11197,0.042866,0.26145,0.1309,0.086919,0.21086,0.11772,0.71278,0.94659,0.83579,0.76852,0.42522,0.28819,0.53065,0.23467,0.080925,-0.1367,0.28722,0.12028,-0.065191,0.075964,0.06372,0.20165,0.19296,-0.088046,-0.33714,-0.49865,-0.32404,-0.076052,0.059818,-0.13852,-0.22058,-0.31353,0.065269,-0.088798,0.2747,0.36396,-0.12314,0.053174,-0.12357,-0.3228,-0.17318,0.15405
-0.018999,-0.36556,0.82316,0.68626,0.53294,0.24493,0.75759,0.61407,0.16316,-0.064173,1.2015,0.75978,0.24228,0.21959,0.45176,0.080053,0.41822,0.42256,0.45315,0.28146,-0.53793,-0.24637,-0.44246,-0.4331,0.51927,0.20591,-0.53436,-0.059931,0.034736,0.071645,0.72568,0.45717,1.0408,0.98144,0.85449,0.87502,0,1.5906,1.273,0.77007,-0.24994,-0.28483,0.29823,0.21193,0.88206,0.67858,-0.20878,-0.41794,-0.57261,0.64043,0.45831,-0.26526,0.053094,-0.1649,0.37047,-0.4715,-0.23927,-0.4922,-0.45064,0.28485,0.062868,-0.036606,-0.04324,-0.24975,-0.21712,-0.10245,-0.16521,0.27203,0.4143,0.38774,0.45641,0.62483,0.56266,0.18242,-0.0044362,0.77114,0.67985,0.63596,0.34937,0.64654,0.67128,0.13931,0.0059225,0.0035019,0.41519,0.70512,0.43938,-0.47439,-0.54847,-0.40779,-0.21275,0.075187,-0.1275,-0.11598,0.090328,0.39332,0.37052,0.30643,0.67926,-0.13954,-0.16322,0.029194,0.014967,0.27606,0.30303
-0.11563,-0.39509,0.75279,0.6583,0.35572,0.22471,0.84018,0.62917,0.1305,-0.092644,1.0059,0.81049,0.15613,0.13765,0.40515,-0.0099184,0.39282,0.23983,0.42497,0.15888,-0.68655,-0.36057,-0.50882,-0.69234,0.54091,0.09252,-0.62754,-0.13673,0.098529,0.20955,0.83984,0.53656,0.84608,0.82202,0.87021,1.0479,1.5906,0,1.0333,0.73843,-0.25613,-0.41906,0.36418,0.21649,0.91624,0.71946,-0.13381,-0.41063,-0.62647,0.56117,0.29753,-0.36813,-0.075783,-0.28903,0.35253,-0.58421,-0.2571,-0.55426,-0.55733,0.22786,0.030745,-0.091253,0.033174,-0.22668,-0.089806,-0.040805,-0.12161,0.37263,0.413,0.54359,0.72976,0.64393,0.63387,0.18724,0.057796,0.78865,0.56748,0.45666,0.21896,0.57969,0.62684,0.2403,0.054963,0.073174,0.33419,0.5782,0.262,-0.38847,-0.57368,-0.45718,-0.19828,0.13135,-0.092032,-0.13764,-0.069238,0.35948,0.30069,0.32534,0.67087,-0.18779,-0.16456,-0.083882,-0.097508,0.12257,0.2456
0.24371,-0.033869,0.92665,0.97139,0.65344,0.28687,0.84686,0.49846,0.30393,0.12475,1.1023,0.75026,0.087866,0.095731,0.31444,0.14263,0.23084,0.65004,0.41007,0.2793,-0.40278,-0.081594,-0.1043,-0.29988,0.54681,0.50976,-0.39511,-0.040611,0.18649,0.19719,1.0042,0.54349,0.63594,0.57816,0.60715,0.74754,1.273,1.0333,0,1.267,0.14058,0.0511,0.37413,0.37651,0.65599,0.55449,-0.58811,-0.75799,-0.51366,0.45944,0.20879,-0.36129,0.22204,-0.08621,0.44289,-0.18673,-0.039284,-0.752,-0.66077,0.34474,0.18618,-0.045835,-0.0095394,-0.12403,-0.12094,-0.39436,-0.41622,0.11767,0.29069,0.62715,0.45749,0.45714,0.4185,-0.029275,-0.18825,0.81159,0.78446,0.60792,0.47741,0.77443,0.58192,0.13901,0.012306,0.29228,0.72708,0.70128,0.55276,-0.82935,-0.75454,-0.65187,-0.4139,0.37221,0.074858,0.010225,0.20393,0.43821,0.45845,0.16645,0.47056,-0.064785,-0.067081,0.087681,0.083345,0.19179,0.29735
0.35623,0.21216,0.90883,1.1261,0.56668,0.40918,1.0551,0.91439,0.56925,0.48687,0.98745,0.65263,0.030515,-0.009412,0.17886,0.082695,0.28046,0.52582,0.51468,0.21665,-0.3695,-0.079162,0.089937,-0.12037,0.65092,0.73201,-0.28571,0.092953,0.14477,0.34662,0.71216,0.49073,0.47651,0.2278,0.5149,0.60998,0.77007,0.73843,1.267,0,0.10243,0.15086,0.36691,0.37575,0.71595,0.69153,-0.50973,-0.5577,-0.47511,0.30299,0.058229,-0.5487,0.36216,0.077824,0.50831,-0.24816,-0.13617,-0.86622,-0.79586,0.47685,0.47915,-0.24679,-0.066764,-0.15879,-0.07225,-0.29294,-0.20895,0.074894,0.1572,0.77463,0.52136,0.46546,0.51723,0.074948,0.044375,0.83843,0.9084,0.47941,0.30671,0.80076,0.47398,0.17848,-0.11737,0.38914,0.63231,0.46307,0.36615,-0.80201,-0.69621,-0.44681,-0.15512,0.46007,0.26298,0.18331,0.38286,0.48475,0.4567,0.19009,0.4197,-0.07664,-0.058588,0.15642,-0.10181,0.14777,0.28098
0.568,0.65238,-0.2658,-0.068627,0.20976,0.17134,0.0044558,-0.34277,0.0087202,0.020159,-0.29574,-0.072456,-0.35279,-0.16284,-0.050539,0.28342,-0.46654,0.24817,-0.42336,-0.22262,0.48322,0.36336,0.59088,0.23298,-0.17127,0.19421,0.3618,-0.030499,0.5461,0.23247,0.35611,0.31519,-0.43157,-0.18059,-0.24262,-0.033136,-0.24994,-0.25613,0.14058,0.10243,0,1.0122,0.44199,0.62567,-0.38081,-0.29179,-0.67387,-0.54041,0.26203,-0.15228,-0.21681,-0.0053579,0.40931,0.31469,0.1104,1.2474,1.0445,-0.26109,-0.082408,-0.17521,-0.055174,0.28345,0.25814,0.48997,0.41456,-0.50955,-0.45273,-0.015145,-0.0028841,0.18971,-0.24255,-0.39097,-0.46976,-0.49901,-0.44588,-0.27206,-0.19679,-0.18918,0.1648,0.04767,-0.24227,-0.11438,0.08456,0.41205,0.18288,-0.0082408,0.048779,-0.42155,-0.26768,-0.33103,-0.38648,0.34702,0.23659,-0.30588,-0.15763,-0.12082,0.067631,-0.33213,-0.43437,0.31821,0.31181,0.019378,0.056365,-0.58076,-0.44287
0.58806,0.73711,-0.28107,-0.082198,0.24478,0.47561,-0.076569,-0.041917,0.0053705,0.24691,-0.20585,-0.096253,-0.1686,0.046194,-0.0071444,0.38912,-0.341,0.29673,-0.27326,-0.0021167,0.75871,0.38617,0.60759,0.59,-0.2403,0.36561,0.48345,0.098854,0.37191,0.13886,0.081016,0.12719,-0.38979,-0.33173,-0.34275,-0.27482,-0.28483,-0.41906,0.0511,0.15086,1.0122,0,0.29945,0.62557,-0.39414,-0.25402,-0.41229,-0.21665,0.29639,-0.15192,-0.071491,0.03047,0.50703,0.73753,0.13599,1.1446,0.8281,-0.10217,0.076861,-0.19566,0.070924,0.22309,0.31073,0.3998,0.29902,-0.26769,-0.24831,0.005609,0.049387,-0.073366,-0.56862,-0.43779,-0.50543,-0.33082,-0.28655,-0.39026,-0.11696,-0.15838,0.1622,0.033465,-0.21256,-0.068257,0.058038,0.21128,0.12707,-0.017012,0.10387,-0.3052,-0.089752,-0.13647,-0.22351,0.31052,0.34724,-0.1259,0.12574,-0.053892,0.21243,-0.17169,-0.16686,0.36987,0.35347,0.15679,0.13936,-0.24302,-0.32856
0.62799,0.36941,0.11494,0.17934,0.55235,0.57527,0.56316,0.32429,0.038889,-0.084579,0.13916,-0.039136,-0.38069,-0.27753,0.28236,0.45303,-0.078525,0.15211,-0.27335,-0.43629,0.075047,0.26678,0.02557,-0.015332,-0.21225,-0.054036,0.064058,0.21263,0.63227,0.23217,0.60013,0.13874,0.1971,0.18557,0.75185,1.0018,0.29823,0.36418,0.37413,0.36691,0.44199,0.29945,0,1.5309,0.44915,0.59922,-0.081602,-0.21021,0.012558,-0.10971,-0.29741,0.012432,0.45123,0.35852,0.49953,0.25798,0.64659,-0.34544,-0.082558,0.20845,0.16984,0.26366,0.48434,0.543,0.78897,0.23106,0.19482,0.27089,0.15769,0.57291,0.43305,0.46093,0.35386,0.37969,0.29663,0.02349,-0.040075,-0.1644,-0.17199,0.077901,-0.24358,-0.05075,0.26746,0.18253,0.11935,0.022001,-0.20013,-0.23558,-0.2695,-0.11551,0.018766,0.18848,0.12524,-0.31091,-0.32857,-0.08626,-0.1103,0.17388,0.12986,0.27541,0.51051,0.039562,-0.20027,-0.43839,-0.067634
0.69704,0.44701,0.056288,0.1371,0.65297,0.56564,0.54875,0.28638,0.062327,-0.056867,0.16754,-0.037666,-0.44402,-0.24621,0.24404,0.48159,-0.16275,0.18157,-0.27607,-0.27049,0.18201,0.27443,0.15382,0.094882,-0.15968,0.087329,0.11584,0.095724,0.88668,0.3004,0.53121,0.085223,0.02159,0.017241,0.42236,0.64427,0.21193,0.21649,0.37651,0.37575,0.62567,0.62557,1.5309,0,0.25038,0.36091,-0.20094,-0.26539,0.1172,-0.10672,-0.29777,0.015399,0.55637,0.50373,0.41101,0.48846,0.86467,-0.28591,-0.038096,0.11709,0.15547,0.2198,0.48603,0.46277,0.60819,0.05178,-0.030724,0.22763,0.11654,0.33677,0.12455,0.18978,0.054531,0.14295,0.051273,0.0061887,-0.011071,-0.23103,-0.053468,0.11472,-0.16904,-0.14355,0.1552,0.17455,0.14729,0.06482,-0.082639,-0.26786,-0.26226,-0.19955,-0.14461,0.21599,0.11579,-0.22754,-0.25883,-0.021192,0.02523,0.2803,0.21541,0.27694,0.46949,0.046655,-0.18418,-0.38354,-0.066754
0.24389,0.033012,1.101,0.88327,0.6465,0.3619,0.73601,0.81222,0.47484,0.28161,0.86875,0.25204,0.23943,0.06266,0.51619,0.30796,0.73623,0.427,0.5763,0.14239,-0.38518,0.14619,-0.20599,-0.11773,0.52112,0.31215,-0.20873,0.3522,0.0098451,-0.13311,0.48452,0.062697,1.0538,0.52824,1.3301,0.93965,0.88206,0.91624,0.65599,0.71595,-0.38081,-0.39414,0.44915,0.25038,0,1.9442,0.013223,-0.015479,-0.23023,0.47712,0.044005,-0.30319,0.27343,0.12764,0.81565,-0.60874,-0.31153,-0.38933,-0.33742,0.83717,0.60535,-0.050583,-0.035438,-0.084281,-0.042122,0.229,0.33753,0.32127,0.32112,0.77514,0.92562,1.2192,1.2872,0.81063,0.68087,0.82934,0.74782,0.47535,0.14597,0.55082,0.3275,0.3254,-0.062644,0.3765,0.48818,0.51779,0.26925,-0.19271,-0.25237,0.04815,0.37986,0.36409,0.28862,0.13217,0.1704,0.44688,0.19733,0.60805,0.59418,0.13212,0.14445,0.35249,0.014307,0.31668,0.64159
