,,,,,,,,,,,,,,,,,,,,,,,,,,,,,,,,,,,,,,,,,,,,,,,,,,,,,,,,,,,,,,,,,,,,,,,,,,,,,,,,,,,,,,,,,,,,,,,,,,,,,,,,
0,1.0799,0.15584,0.2581,0.67479,0.51902,0.24455,0.17232,0.53802,0.74796,-0.039699,-0.40738,-0.13356,-0.12518,-0.12456,0.19882,-0.22538,0.3999,-0.32839,-0.34951,0.28664,0.57883,0.35462,0.6646,-0.21074,0.3864,0.69063,0.68485,0.072282,-0.15241,0.16908,-0.28202,0.037771,-0.13502,0.18288,0.0391,-0.33148,-0.42062,-0.0038544,0.12533,0.29586,0.37882,0.40319,0.30577,0.15846,0.36078,-0.25026,-0.042814,0.34226,0.17672,0.051195,0.0043143,0.92955,0.66778,0.47283,0.4142,0.41079,-0.16654,-0.0050298,0.35421,0.53457,0.026699,-0.017759,0.41537,0.43618,-0.017589,0.093149,-0.1082,0.09359,0.42251,0.39478,0.26113,0.23569,0.19798,0.27215,0.04341,0.097338,-0.092625,0.18862,-0.074222,-0.35493,-0.22035,-0.16897,0.60526,0.43794,-0.1616,0.0039049,-0.14811,0.080469,0.20828,0.33989,0.74813,0.74022,0.26858,0.2675,0.31762,0.21409,0.33661,0.091734,0.30711,0.48609,0.1173,0.1806,0.27031,0.39444
1.0799,0,-0.13362,-0.012879,0.17198,0.50782,0.046435,0.20336,0.10206,0.7112,-0.40391,-0.47235,-0.20031,-0.16703,-0.37397,-0.0053257,-0.44717,0.19691,-0.48714,-0.45861,0.34524,0.69156,0.13417,0.63159,-0.49755,-0.020935,0.42478,0.4589,-0.044849,0.079655,0.07363,-0.10861,-0.14902,-0.084867,0.017133,0.035986,-0.64902,-0.63089,-0.39237,-0.15152,0.12337,0.34496,0.18936,0.23118,-0.079076,0.20057,-0.1815,0.034119,0.31564,-0.043157,0.021174,-0.16758,0.36146,0.53613,0.14949,0.52803,0.47494,0.018486,0.14654,-0.019097,0.21703,-0.054195,-0.064228,0.49302,0.40244,0.058464,0.1625,-0.19859,-0.066626,0.68176,0.47327,0.046203,0.15559,0.090836,0.29825,-0.23569,-0.19333,-0.26269,0.019687,-0.41137,-0.72646,-0.37898,-0.28235,0.44637,0.16154,-0.38622,-0.31329,0.038836,0.22318,0.39696,0.54119,0.53166,0.60218,0.2158,0.21853,0.075508,0.081753,0.06261,-0.13859,0.33257,0.45993,-0.05026,0.25064,-0.028361,0.025904
0.15584,-0.13362,0,1.8091,0.6468,-0.19124,0.46018,0.45544,0.47684,0.205,0.95797,0.26191,0.20429,0.053415,0.76572,0.59454,0.88229,0.5201,0.94671,0.60829,-0.34755,0.14805,0.07028,-0.015039,1.0181,0.65808,-0.34997,0.088028,-0.11239,-0.25866,0.30485,-0.2077,0.55443,0.13395,0.58473,0.4512,0.89502,0.90728,0.90169,0.96627,-0.088588,-0.34164,0.14488,-0.072661,1.299,0.97682,-0.17125,-0.073408,-0.21095,0.31384,-0.14446,-0.13898,0.49751,-0.035421,0.80396,-0.4901,-0.2564,-0.30744,-0.30018,1.1481,0.76078,0.09643,-0.067834,-0.13848,-0.29281,-0.12038,0.013715,0.083433,0.14258,0.27338,0.3455,0.65909,0.63837,0.38065,0.24727,1.4048,1.343,0.73167,0.39453,0.76814,0.54487,0.64979,0.26817,0.56996,0.75563,0.781,0.78427,-0.16707,-0.13013,-0.047786,0.15758,0.47477,0.33698,0.41167,0.40284,0.59334,0.44406,0.37197,0.51678,0.17728,0.13441,0.60908,0.063344,0.39359,0.70272
0.2581,-0.012879,1.8091,0,0.60225,-0.16811,0.48801,0.46248,0.48762,0.27363,0.76191,0.26451,0.091835,0.0049927,0.81456,0.65213,0.71889,0.63823,0.79354,0.63074,-0.18648,0.20451,0.14871,0.093644,0.92895,0.76466,-0.31725,0.070188,-0.092494,-0.17478,0.35209,-0.18192,0.39438,0.053799,0.46262,0.32612,0.71858,0.73985,0.93192,1.1675,0.11404,-0.1123,0.24262,0.02125,0.96953,0.79374,-0.31098,-0.14461,-0.13464,0.20541,-0.1612,-0.14499,0.62619,0.11876,0.85759,-0.25148,-0.05693,-0.40444,-0.34438,0.93817,0.74576,0.16934,0.018484,-0.0031281,-0.17289,-0.22957,-0.051622,0.076788,0.15544,0.26996,0.28661,0.49667,0.44077,0.26296,0.17859,1.1755,1.4725,0.72038,0.48936,0.79542,0.42706,0.64397,0.27116,0.76099,0.85532,0.72711,0.83052,-0.26242,-0.14134,-0.077694,0.1647,0.58163,0.49312,0.43588,0.54357,0.63819,0.60546,0.31696,0.49164,0.28686,0.23646,0.63765,0.10928,0.25973,0.5666
0.67479,0.17198,0.6468,0.60225,0,0.36555,0.6822,0.35188,0.63254,0.20626,0.70282,-0.12813,0.14043,0.1333,0.28,0.44422,0.2231,0.71417,0.060312,0.17415,-0.10968,0.3421,0.23674,0.19359,0.34895,0.49966,0.26537,0.16363,0.19533,-0.45578,0.46921,-0.38471,0.4551,0.047644,0.52053,0.29483,0.3259,0.17881,0.55784,0.493,0.16734,0.12767,0.42112,0.3221,0.60651,0.55575,-0.14859,-0.061378,0.19088,0.58769,0.15189,-0.019119,0.87248,0.26027,0.54014,0.0046207,0.20014,-0.085168,0.0037105,0.67882,0.54751,0.053896,0.035898,0.065015,0.15272,-0.06118,-0.085575,0.24632,0.33383,0.22359,0.30579,0.57016,0.31639,0.19193,0.037406,0.55288,0.52648,0.23774,0.3381,0.22929,0.093601,-0.076721,-0.089324,0.46641,0.64206,0.34782,0.46108,-0.090378,0.033048,-0.036155,0.05006,0.71215,0.41586,0.38767,0.33152,0.69628,0.48527,0.67062,0.51918,0.10829,0.25281,0.19159,0.17754,0.82195,0.77559
0.51902,0.50782,-0.19124,-0.16811,0.36555,0,0.12296,0.38468,0.028881,0.4204,-0.18131,-0.39593,0.1702,0.3385,0.0035584,0.17468,-0.10341,0.31731,-0.54029,-0.30458,0.38419,0.30452,0.028055,0.35872,-0.45815,-0.11179,0.68184,0.42897,-0.065193,-0.31078,0.045015,-4.7789e-05,0.13874,0.022458,0.26416,0.091825,-0.15837,-0.27883,-0.14621,-0.1342,-0.03235,0.3867,0.45595,0.47463,0.0033363,0.20254,0.20584,0.19058,0.045397,0.12105,0.27666,-0.18303,0.20943,0.39609,0.057107,0.25475,0.35004,0.2666,0.45401,-0.12889,-0.051035,0.14976,0.23234,0.29706,0.46981,0.37144,0.20965,0.53752,0.73233,0.15873,0.12769,0.13264,0.14298,0.19615,0.13042,-0.35989,-0.32646,-0.23622,-0.21965,-0.48423,-0.56912,-0.17632,0.027671,-0.074135,-0.08388,-0.23544,-0.253,0.14423,0.31466,0.39099,0.27257,0.16627,0.18278,-0.058874,-0.056874,0.010378,0.047244,0.18407,0.12851,0.15443,0.21857,-0.093991,0.31169,0.36313,-0.072044
0.24455,0.046435,0.46018,0.48801,0.6822,0.12296,0,0.75861,0.56475,0.10122,0.84177,0.14543,-0.37596,-0.29925,0.056324,-0.098223,0.048413,0.20653,0.0010263,-0.017212,-0.71243,-0.19857,0.0090388,-0.32646,0.42941,0.26094,-0.17482,-0.24693,0.36092,0.25987,0.4727,-0.014111,0.11012,-0.13344,0.35811,0.55002,0.38975,0.342,0.55833,0.69837,0.055304,0.027832,0.40278,0.43508,0.45696,0.35099,-0.25874,-0.37197,-0.21923,0.11835,-0.045685,-0.514,0.39484,-0.12192,0.073826,-0.22875,0.06768,-0.44396,-0.46241,0.3432,0.25414,-0.28737,-0.15607,-0.33599,-0.11335,-0.27924,-0.37803,0.21279,0.14407,0.20745,0.37677,0.2147,0.13991,-0.14802,-0.23425,0.63451,0.333,-0.087973,-0.039356,0.19284,0.058095,-0.26056,-0.32552,0.12045,0.17547,0.0050176,0.010149,-0.31841,-0.37344,-0.30989,-0.13237,0.13422,-0.11362,0.30416,0.04193,0.49124,0.29975,0.50422,0.47198,-0.39043,-0.2165,-0.27728,-0.35083,0.19325,0.26135
0.17232,0.20336,0.45544,0.46248,0.35188,0.38468,0.75861,0,0.30996,0.4633,0.50959,0.09226,0.082388,0.095592,0.24468,0.056517,0.27332,0.11739,0.17847,0.076601,-0.31871,-0.092674,-0.19252,0.077967,0.31335,0.15372,-0.11916,0.099928,-0.13338,0.12596,-0.039376,-0.12187,0.27604,-0.029341,0.37147,0.34246,0.31565,0.29084,0.16051,0.46386,-0.42828,-0.10728,0.11312,0.12023,0.60159,0.65886,0.24935,0.22398,-0.21249,0.14551,0.13389,-0.4178,0.33285,0.17891,0.24474,-0.38842,-0.15314,0.049864,0.032828,0.29286,0.37377,-0.15337,-0.066072,-0.16346,-0.11469,0.28775,0.23756,0.22158,0.27944,0.24134,0.33614,0.31603,0.41297,0.29787,0.3169,0.41435,0.35589,0.047095,-0.12467,0.01949,-0.024461,0.061788,-0.082069,-0.043194,-0.035858,-0.038666,-0.11634,0.16344,0.16526,0.31774,0.46584,0.10202,0.10087,0.30901,0.24515,0.36783,0.27195,0.50218,0.57397,-0.082667,0.0092976,-0.024365,-0.24175,0.3806,0.28233
0.53802,0.10206,0.47684,0.48762,0.63254,0.028881,0.56475,0.30996,0,0.70086,0.55814,-0.12422,-0.20569,-0.29082,0.11599,0.016668,0.33679,0.28479,0.18087,0.048241,-0.18995,-0.086626,0.38059,0.23682,0.39647,0.808,0.2854,0.39639,0.16277,-0.12123,0.017555,-0.24895,0.17235,-0.23816,0.27296,0.12167,0.12355,0.042506,0.31825,0.48849,0.097072,-0.018453,0.20486,0.063964,0.43395,0.39088,-0.1464,-0.046076,-0.11895,0.19638,-0.13391,-0.23957,0.76489,0.14396,0.30989,-0.22473,-0.23519,-0.37738,-0.36652,0.66225,0.56323,-0.3132,-0.56807,-0.33405,-0.23038,-0.19321,-0.014532,0.13776,0.087667,0.064369,0.14976,0.46104,0.30164,0.29481,0.15284,0.5747,0.42,0.038986,0.080127,0.40275,0.16516,0.0033435,-0.37726,0.32297,0.29611,0.024306,0.24105,-0.2549,-0.1723,0.069647,0.11693,0.14397,0.1681,0.17408,0.16952,0.26732,0.082746,0.40597,0.2539,-0.15601,-0.19309,0.15662,-0.26721,0.32525,0.32036
0.74796,0.7112,0.205,0.27363,0.20626,0.4204,0.10122,0.4633,0.70086,0,-0.042328,-0.31795,-0.017178,-0.087847,0.0097331,0.063538,0.19562,0.25475,-0.03266,-0.19937,0.22213,0.24883,0.30331,0.76394,-0.059943,0.40001,0.4973,0.85841,-0.22505,-0.1053,-0.20057,-0.10007,0.075208,-0.17496,0.13272,-0.026041,-0.21819,-0.27012,-0.13425,0.15402,-0.1305,0.083541,0.031403,-0.076516,0.22485,0.42859,-0.012522,0.18076,-0.12343,-0.016443,-0.023728,-0.33922,0.55247,0.37675,0.24973,-0.045973,-0.1593,-0.090657,-0.019478,0.35697,0.47065,-0.14922,-0.4446,0.035123,-0.010027,0.127,0.35739,0.077102,0.15793,0.393,0.27213,0.35993,0.46545,0.44269,0.47532,0.083032,0.10683,-0.035317,-0.084929,-0.085962,-0.29769,0.069553,-0.13582,0.24229,0.080383,-0.28003,-0.10875,-0.063772,0.14993,0.56913,0.62308,0.16708,0.38059,0.15263,0.28979,0.04369,-0.0031792,0.053692,-0.043231,0.13941,0.071087,0.21986,0.067344,0.16502,0.035973
-0.039699,-0.40391,0.95797,0.76191,0.70282,-0.18131,0.84177,0.50959,0.55814,-0.042328,0,0.51764,0.1566,0.076361,0.496,0.12287,0.49554,0.31077,0.47555,0.37676,-0.67581,-0.26901,-0.12948,-0.40542,0.9494,0.47835,-0.3523,-0.16275,0.17364,-0.056588,0.40627,-0.042703,0.57994,0.20179,0.5095,0.53771,1.1068,0.91654,0.883,0.73168,-0.17813,-0.37209,0.10067,0.047306,0.92097,0.56463,-0.065733,-0.14047,-0.29817,0.47331,0.080445,-0.17839,0.29901,-0.18967,0.31366,-0.58969,-0.32858,-0.20921,-0.30916,0.60508,0.3642,-0.10325,-0.20712,-0.3849,-0.45937,-0.1289,-0.1863,0.16639,0.21859,0.066385,0.20497,0.53687,0.36578,0.12911,-0.048182,1.0101,0.72645,0.42209,0.32276,0.63075,0.64996,0.20124,-0.0093261,0.1512,0.2878,0.49749,0.49656,-0.15277,-0.23407,-0.24685,-0.11327,0.077906,-0.10459,0.09249,0.073316,0.43865,0.24062,0.57704,0.6233,-0.1963,-0.19326,0.079804,-0.23034,0.49671,0.62189
-0.40738,-0.47235,0.26191,0.26451,-0.12813,-0.39593,0.14543,0.09226,-0.12422,-0.31795,0.51764,0,0.26702,0.33,0.29727,-0.15898,0.094094,-0.05376,0.34494,0.25619,-0.35766,-0.61838,-0.3608,-0.64586,0.49099,0.049113,-0.58393,-0.40656,0.059178,0.52386,0.35314,0.72524,0.30551,0.58514,-0.025844,0.25634,0.80243,0.80494,0.47157,0.29278,-0.089115,-0.32974,-0.23831,-0.21402,0.11098,-0.086441,-0.21448,-0.39701,-0.36932,0.32813,0.42529,0.10332,-0.19015,-0.34194,0.053004,-0.16024,-0.18739,-0.28417,-0.35944,-0.12734,-0.2499,0.1487,0.038013,-0.11093,-0.30246,-0.27613,-0.3842,-0.13117,0.082872,0.0182,-0.042025,-0.093411,-0.10805,-0.38288,-0.37907,0.32002,0.36487,0.57754,0.55263,0.53873,0.77592,0.26312,0.29931,-0.16116,0.025501,0.4374,0.34283,-0.30906,-0.46363,-0.45344,-0.34133,-0.18478,-0.2643,-0.27837,8.1173e-05,0.18172,0.27403,-0.081592,0.15566,-0.079931,-0.16305,-0.07808,-0.18119,-0.12291,0.015819
-0.13356,-0.20031,0.20429,0.091835,0.14043,0.1702,-0.37596,0.082388,-0.20569,-0.017178,0.1566,0.26702,0,1.46,0.41719,0.30578,0.32626,0.33692,0.31994,0.42014,0.24472,0.13312,-0.34205,0.2064,0.061886,-0.008271,0.082907,0.27321,-0.4175,-0.41396,-0.12403,-0.0022757,0.86999,0.71897,0.28589,-0.032104,0.37582,0.19779,0.016979,-0.16476,-0.47369,-0.31361,-0.36332,-0.43365,0.24534,0.20515,0.52144,0.51281,0.18295,0.60644,0.67276,0.47854,-0.03391,0.14719,0.27703,-0.13118,-0.25357,0.59653,0.63512,0.088095,-0.023823,0.57112,0.27633,0.26554,0.02421,0.55566,0.48757,0.089379,0.42341,0.039313,-0.023288,0.356,0.33253,0.36323,0.28183,-0.069212,0.1985,0.73814,0.43642,0.039299,0.18461,0.36261,0.44451,-0.13894,0.1205,0.42759,0.40813,0.44748,0.49914,0.40558,0.28963,0.10017,0.16607,-0.020864,0.35152,0.21042,0.20775,0.036555,0.12606,0.4221,0.34996,0.39854,0.42514,0.78984,0.37581
-0.12518,-0.16703,0.053415,0.0049927,0.1333,0.3385,-0.29925,0.095592,-0.29082,-0.087847,0.076361,0.33,1.46,0,0.47886,0.35671,0.23988,0.36636,0.17499,0.4366,0.38131,0.062194,-0.29898,0.15914,0.018053,-0.077055,0.14973,0.091805,-0.11477,-0.25038,0.034083,0.13293,0.61272,0.64788,0.15792,-0.071096,0.32046,0.17256,0.020014,-0.18585,-0.23531,-0.044638,-0.14687,-0.13077,0.053516,0.029783,0.4148,0.38383,0.20636,0.61567,0.72175,0.41296,-0.041043,0.22026,0.23633,0.15089,0.070561,0.5357,0.67468,-0.16101,-0.26624,0.7617,0.48359,0.3479,0.19586,0.42814,0.27193,0.34426,0.63889,-0.020733,-0.13273,0.13788,0.045589,0.13375,0.038461,-0.17545,0.093049,0.52663,0.44163,-0.037936,0.08787,0.32902,0.49885,-0.18011,0.071503,0.3774,0.36342,0.39347,0.43367,0.22693,0.10126,0.14309,0.16263,-0.14989,0.21633,0.25338,0.37523,0.046931,0.18197,0.46015,0.38671,0.25919,0.44348,0.60047,0.16135
-0.12456,-0.37397,0.76572,0.81456,0.28,0.0035584,0.056324,0.24468,0.11599,0.0097331,0.496,0.29727,0.41719,0.47886,0,1.0188,1.0117,0.61173,0.7172,0.98193,0.22335,0.12599,0.0035842,0.06841,0.67659,0.50233,-0.19319,0.03088,-0.002689,-0.40908,0.20199,-0.1304,0.43258,0.14306,0.39529,0.099732,0.8082,0.77107,0.68217,0.57221,0.0744,0.0041438,0.34375,0.1691,0.66199,0.50934,0.029141,0.17357,-0.088812,0.14282,-0.11139,0.064575,0.22942,0.26144,0.66929,-0.1457,0.03705,0.026398,0.11016,0.39326,0.25999,0.63827,0.39136,0.16012,-0.088441,0.064426,0.10434,0.53249,0.57817,-0.15671,-0.16647,0.33483,0.16883,0.35783,0.1511,0.45422,0.73792,0.69011,0.4241,0.61072,0.37785,1.2004,0.65822,0.38944,0.4187,0.83277,0.88117,0.039276,0.18007,0.028853,0.07992,0.22547,0.3034,-0.045913,0.21918,0.26849,0.41639,0.28204,0.53355,0.56183,0.31282,0.84751,0.31312,0.30827,0.28335
0.19882,-0.0053257,0.59454,0.65213,0.44422,0.17468,-0.098223,0.056517,0.016668,0.063538,0.12287,-0.15898,0.30578,0.35671,1.0188,0,0.68742,0.73575,0.44544,0.64093,0.49963,0.69463,0.40954,0.46204,0.43192,0.46547,0.081542,0.092308,0.031167,-0.75035,0.22487,-0.4107,0.16753,-0.099226,0.22889,-0.085291,0.29996,0.28181,0.47005,0.45234,0.31763,0.30147,0.46631,0.29646,0.44917,0.46965,-0.094159,0.20316,0.18589,0.046198,-0.27321,0.16637,0.46953,0.43362,0.76381,0.16274,0.35845,0.13687,0.30719,0.52412,0.49419,0.63187,0.53018,0.43396,0.26242,0.07477,0.15518,0.36925,0.28611,-0.051882,-0.15218,0.27941,0.12387,0.33116,0.20753,0.28205,0.57717,0.48748,0.28986,0.28214,0.06146,0.78015,0.69372,0.61447,0.57088,0.62742,0.67068,0.069741,0.36489,0.073934,0.10559,0.63831,0.61332,0.152,0.34821,0.27161,0.42776,0.1711,0.24443,0.74787,0.61823,1.0403,0.55547,0.33671,0.34625
-0.22538,-0.44717,0.88229,0.71889,0.2231,-0.10341,0.048413,0.27332,0.33679,0.19562,0.49554,0.094094,0.32626,0.23988,1.0117,0.68742,0,0.3759,1.0383,0.79242,-0.03828,0.023318,0.12896,0.079167,0.77309,0.38751,-0.24413,0.096821,-0.10193,-0.44112,3.2916e-05,-0.13919,0.44703,0.040351,0.40547,0.1695,0.69835,0.72838,0.48154,0.4975,-0.22096,-0.32278,0.096305,-0.097142,0.76645,0.60317,0.13762,0.24689,-0.28814,0.080628,-0.2516,-0.10965,0.13924,-0.096245,0.42509,-0.55975,-0.40616,0.011358,0.023773,0.71285,0.38914,0.16308,-0.05673,-0.27875,-0.34969,0.11464,0.24353,0.49901,0.29279,-0.065694,-0.052948,0.56047,0.48201,0.54435,0.27695,0.64989,0.69265,0.55501,0.078855,0.47591,0.40108,0.98341,0.45313,0.16768,0.27976,0.60552,0.60954,0.07398,0.11588,0.15734,0.14807,0.025153,0.081914,0.15578,0.20434,0.22758,0.21979,0.108,0.31486,0.17618,-0.043739,0.79034,0.18971,0.27264,0.19937
0.3999,0.19691,0.5201,0.63823,0.71417,0.31731,0.20653,0.11739,0.28479,0.25475,0.31077,-0.05376,0.33692,0.36636,0.61173,0.73575,0.3759,0,0.1017,0.48445,0.36702,0.66918,0.22854,0.34407,0.25206,0.45303,0.1041,0.10946,0.025299,-0.56734,0.59342,-0.043596,0.4001,0.15726,0.41281,0.14023,0.32431,0.16545,0.57539,0.46534,0.34618,0.3353,0.42375,0.33821,0.3523,0.33592,-0.25294,-0.019414,0.16084,0.17764,0.0039533,-0.085438,0.40301,0.27643,0.34419,0.2723,0.37039,0.043814,0.20413,0.37443,0.23285,0.43605,0.16637,0.33952,0.14038,-0.10117,-0.020841,0.41426,0.51413,0.30107,0.092682,0.47028,0.23015,0.12535,-0.045324,0.19232,0.38834,0.51133,0.47783,0.16022,-0.17561,0.25538,0.26054,0.72056,0.63463,0.44733,0.71354,-0.10443,0.20538,0.041066,0.084695,0.53982,0.47673,0.1511,0.45025,0.32996,0.44033,0.043587,0.071716,0.50748,0.38196,0.48813,0.81073,0.42851,0.21535
-0.32839,-0.48714,0.94671,0.79354,0.060312,-0.54029,0.0010263,0.17847,0.18087,-0.03266,0.47555,0.34494,0.31994,0.17499,0.7172,0.44544,1.0383,0.1017,0,1.0187,-0.25765,-0.11319,-0.065469,-0.086707,0.92308,0.39645,-0.52541,-0.042298,-0.19341,-0.10295,-0.097514,-0.18052,0.4208,0.19638,0.32029,0.19486,0.66321,0.82845,0.43728,0.4925,-0.21091,-0.56682,-0.15206,-0.39456,0.68155,0.49196,0.081241,0.12611,-0.16484,0.22852,-0.16122,0.10962,0.11088,-0.17254,0.63654,-0.52913,-0.44914,-0.18614,-0.20814,0.602,0.34232,0.20201,0.017194,-0.19874,-0.34878,-0.034534,0.12918,0.026143,-0.033271,-0.004298,0.068633,0.31581,0.34473,0.37784,0.27456,0.93163,1.06,0.80774,0.32687,0.86475,0.75645,0.92975,0.28765,0.23562,0.51807,0.9017,0.75773,0.059282,-0.052055,0.044089,0.12747,0.18863,0.18158,0.29326,0.35941,0.39519,0.35495,0.14123,0.37914,0.21717,0.061723,0.76212,-0.083478,0.19074,0.3672
-0.34951,-0.45861,0.60829,0.63074,0.17415,-0.30458,-0.017212,0.076601,0.048241,-0.19937,0.37676,0.25619,0.42014,0.4366,0.98193,0.64093,0.79242,0.48445,1.0187,0,0.09226,0.067359,-0.098664,0.0035862,0.68734,0.35772,-0.41534,-0.22964,-0.067243,-0.28405,0.082219,-0.198,0.39415,0.24668,0.2815,0.032227,0.55538,0.60037,0.45528,0.39437,0.090998,-0.1216,0.022213,-0.10038,0.39648,0.22568,0.052346,0.16764,0.095304,0.30105,-0.03704,0.13604,0.074356,0.056385,0.51303,-0.06984,0.0027111,0.025354,0.074952,0.22621,0.043075,0.47475,0.25329,0.029095,-0.18374,-0.099704,0.00059158,0.33681,0.27634,-0.11608,-0.14488,0.1707,0.0025446,0.19176,0.032481,0.53349,0.81758,0.77721,0.55513,0.69071,0.4491,0.73645,0.21145,0.3803,0.59803,1.1131,1.165,0.1662,0.15577,0.026051,0.047933,0.30472,0.3149,0.17626,0.43591,0.40668,0.58529,0.17459,0.44851,0.46231,0.21998,0.71292,0.23661,0.27712,0.20184
0.28664,0.34524,-0.34755,-0.18648,-0.10968,0.38419,-0.71243,-0.31871,-0.18995,0.22213,-0.67581,-0.35766,0.24472,0.38131,0.22335,0.49963,-0.03828,0.36702,-0.25765,0.09226,0,0.59453,0.25511,0.84663,-0.41522,0.034436,0.48777,0.3497,-0.081958,-0.43087,-0.13331,-0.14388,-0.14642,-0.08511,-0.21603,-0.5948,-0.48062,-0.52601,-0.31797,-0.28954,0.38731,0.67096,0.21743,0.21943,-0.3579,-0.18443,0.10573,0.42599,0.53268,-0.15159,0.0060058,0.39832,0.10778,0.81294,0.14093,0.79586,0.56638,0.48348,0.72377,-0.2502,-0.053823,0.48625,0.42785,0.75853,0.51117,0.26038,0.35547,0.14205,0.20836,-0.14604,-0.40316,-0.092367,-0.23804,0.16641,0.2092,-0.66157,-0.1955,0.026557,0.17648,-0.25268,-0.44037,0.1929,0.32799,0.28184,0.035677,-0.042732,0.1167,0.28647,0.67279,0.37701,0.25219,0.25193,0.59236,-0.17922,0.19088,-0.20472,0.069428,-0.17593,-0.20665,0.80606,0.62024,0.40037,0.69343,-0.014209,-0.17641
0.57883,0.69156,0.14805,0.20451,0.3421,0.30452,-0.19857,-0.092674,-0.086626,0.24883,-0.26901,-0.61838,0.13312,0.062194,0.12599,0.69463,0.023318,0.66918,-0.11319,0.067359,0.59453,0,0.274,0.70162,-0.19885,0.074501,0.25108,0.29311,-0.070594,-0.5898,0.23367,-0.43969,0.083731,-0.026375,0.24228,0.0024522,-0.29105,-0.32104,-0.076367,-0.018974,0.20655,0.30724,0.33606,0.27159,0.18544,0.37422,-0.11246,0.24994,0.53675,-0.10731,-0.23134,0.13209,0.29525,0.50995,0.32713,0.4011,0.49934,0.31993,0.48958,0.31895,0.40749,0.34065,0.28126,0.78258,0.47321,0.18506,0.31627,-0.025695,-0.032407,0.44985,0.24684,0.33947,0.2684,0.32291,0.37447,-0.14042,0.062948,0.16227,0.18547,-0.23782,-0.56619,0.01474,0.15382,0.7737,0.4627,0.11141,0.16157,0.21744,0.58883,0.3947,0.45234,0.70683,0.73302,0.30527,0.42592,0.097163,0.14006,0.017662,-0.14691,0.79561,0.83411,0.55876,0.86979,0.23797,0.26863
0.35462,0.13417,0.07028,0.14871,0.23674,0.028055,0.0090388,-0.19252,0.38059,0.30331,-0.12948,-0.3608,-0.34205,-0.29898,0.0035842,0.40954,0.12896,0.22854,-0.065469,-0.098664,0.25511,0.274,0,0.51229,0.29479,0.61399,0.40706,-0.019719,0.22724,-0.36032,0.069338,-0.16885,-0.59527,-0.84112,-0.48686,-0.51515,-0.1975,-0.26821,0.28082,0.42331,0.71151,0.67823,0.17067,0.18158,-0.19471,-0.15793,-0.5727,-0.26535,-0.12534,-0.29277,-0.46824,-0.1646,0.62239,0.068583,0.052843,0.27043,0.22265,-0.24918,-0.17592,0.34754,0.45548,-0.13545,-0.19419,-0.053576,0.080611,-0.44622,-0.28143,0.032372,-0.24797,-0.23332,-0.45936,-0.16706,-0.27425,-0.2316,-0.25417,0.094639,0.1094,-0.12935,-0.20972,0.03787,-0.072991,0.06367,0.13962,0.21218,0.068592,-0.13409,0.048778,-0.52087,-0.14258,-0.30774,-0.36551,0.17924,0.088699,-0.027756,0.069145,-0.13837,-0.045693,-0.27662,-0.43452,-0.10803,-0.1246,0.21694,-0.00723,-0.088699,-0.12508
0.6646,0.63159,-0.015039,0.093644,0.19359,0.35872,-0.32646,0.077967,0.23682,0.76394,-0.40542,-0.64586,0.2064,0.15914,0.06841,0.46204,0.079167,0.34407,-0.086707,0.0035862,0.84663,0.70162,0.51229,0,-0.18446,0.33791,0.71615,0.66594,-0.26008,-0.49786,-0.37897,-0.52814,-0.089525,-0.3091,-0.15515,-0.62723,-0.52993,-0.66578,-0.30703,-0.066001,0.13274,0.45952,-0.030693,-0.084367,-0.057639,0.13219,0.10846,0.50534,0.46182,-0.018338,0.012614,0.17697,0.66709,0.90027,0.34515,0.37788,0.2002,0.34313,0.49186,0.24013,0.51801,0.18092,0.036276,0.4192,0.31283,0.27814,0.53057,-0.023989,0.023525,0.019472,-0.13253,0.11083,0.077101,0.38027,0.48845,-0.2243,0.077005,0.021424,0.052247,-0.22197,-0.41849,0.096988,0.063857,0.32539,0.13903,-0.17307,0.034148,0.22922,0.65519,0.62432,0.57639,0.43796,0.7528,0.2371,0.55199,0.076508,0.15428,0.023334,-0.11736,0.51082,0.51379,0.48052,0.35351,0.31183,0.16184
-0.21074,-0.49755,1.0181,0.92895,0.34895,-0.45815,0.42941,0.31335,0.39647,-0.059943,0.9494,0.49099,0.061886,0.018053,0.67659,0.43192,0.77309,0.25206,0.92308,0.68734,-0.41522,-0.19885,0.29479,-0.18446,0,0.76726,-0.47236,-0.37403,0.12884,-0.10446,0.23641,-0.056627,0.13981,-0.1057,0.065458,0.12001,0.92742,0.91453,1.026,1.1117,0.11442,-0.14367,-0.011172,-0.063007,0.59133,0.33879,-0.30388,-0.21583,-0.42439,0.19669,-0.22691,-0.19298,0.36572,-0.23155,0.40846,-0.39919,-0.24047,-0.32711,-0.39926,0.62561,0.46794,-0.036851,-0.17681,-0.3909,-0.52361,-0.39608,-0.31361,0.094115,-0.044862,-0.15007,-0.17845,0.1581,0.060893,-0.037016,-0.15122,1.1913,1.045,0.54274,0.25496,0.90779,0.84098,0.58856,0.22302,0.23026,0.32095,0.66268,0.6637,-0.31913,-0.28232,-0.39966,-0.27944,0.12985,-0.037941,0.044823,0.16821,0.28174,0.2904,0.18349,0.30665,-0.10598,-0.21913,0.37782,-0.27079,0.18471,0.31822
0.3864,-0.020935,0.65808,0.76466,0.49966,-0.11179,0.26094,0.15372,0.808,0.40001,0.47835,0.049113,-0.008271,-0.077055,0.50233,0.46547,0.38751,0.45303,0.39645,0.35772,0.034436,0.074501,0.61399,0.33791,0.76726,0,0.20804,0.22982,-0.018475,-0.3758,-0.00035009,-0.29689,-0.0045832,-0.34257,0.014783,-0.20021,0.34054,0.21104,0.73708,0.8645,0.44414,0.25208,0.13117,0.0034899,0.37978,0.30426,-0.39075,-0.16364,-0.20828,0.1634,-0.22941,-0.16101,0.97079,0.27667,0.63928,-0.030374,-0.042847,-0.41225,-0.3688,0.60009,0.69185,0.06837,-0.22715,-0.080834,-0.27699,-0.41824,-0.2057,0.033558,0.12478,-0.21544,-0.24708,0.089176,-0.002835,0.10862,0.023037,0.62755,0.69498,0.32171,0.27826,0.81073,0.41194,0.48662,0.026811,0.55365,0.45973,0.36743,0.62275,-0.45991,-0.18571,-0.16255,-0.08489,0.33579,0.31684,-0.078813,0.1966,0.1122,0.12201,0.26768,0.19374,0.11006,-0.01467,0.47004,-0.2138,0.32533,0.35733
0.69063,0.42478,-0.34997,-0.31725,0.26537,0.68184,-0.17482,-0.11916,0.2854,0.4973,-0.3523,-0.58393,0.082907,0.14973,-0.19319,0.081542,-0.24413,0.1041,-0.52541,-0.41534,0.48777,0.25108,0.40706,0.71615,-0.47236,0.20804,0,0.71555,0.078059,-0.35187,-0.25652,-0.2875,-0.093031,-0.21733,-0.09402,-0.40975,-0.49831,-0.75949,-0.31011,-0.34076,0.1464,0.42754,0.12506,0.087677,-0.24766,-0.083841,0.077504,0.15875,0.22386,0.15515,0.2038,0.088793,0.5333,0.55569,0.12568,0.37493,0.19986,0.10477,0.24997,-0.034395,0.091971,0.21082,0.020923,0.28664,0.42138,0.16774,0.16759,0.23133,0.33352,-0.12331,-0.1087,-0.044836,-0.09938,0.14969,0.10158,-0.43251,-0.36317,-0.32626,-0.11864,-0.33392,-0.41266,-0.19879,-0.11889,-0.046021,-0.059593,-0.38784,-0.21239,-0.015231,0.19838,0.28425,0.11791,0.13854,0.19879,-0.16937,-0.043322,-0.068498,-0.10545,0.13958,-0.1018,0.13537,0.19185,0.022437,0.066848,0.39523,0.032312
0.68485,0.4589,0.088028,0.070188,0.16363,0.42897,-0.24693,0.099928,0.39639,0.85841,-0.16275,-0.40656,0.27321,0.091805,0.03088,0.092308,0.096821,0.10946,-0.042298,-0.22964,0.3497,0.29311,-0.019719,0.66594,-0.37403,0.22982,0.71555,0,-0.45349,-0.34675,-0.4532,-0.31479,0.36176,0.087437,0.37017,-0.036894,-0.22468,-0.31592,-0.2887,-0.21246,-0.2907,-0.1407,0.027305,-0.21105,0.28382,0.4847,0.32577,0.43367,0.17057,0.13719,0.14768,0.16513,0.38527,0.56692,0.43656,-0.10334,-0.24827,0.10211,0.18692,0.33204,0.41625,0.13372,-0.086323,0.25705,0.15176,0.48006,0.70283,-0.048137,0.27992,0.17004,0.29045,0.44515,0.5984,0.85773,0.86068,-0.12069,-0.01095,0.059021,0.033345,-0.041937,-0.18787,0.15823,-0.016622,0.19124,0.16146,-0.12352,-0.019151,0.18046,0.31097,0.80944,0.78104,0.16794,0.46587,0.10058,0.17367,0.023136,-0.13419,0.24343,0.11193,0.36266,0.34229,0.36012,0.16056,0.39325,0.33608
0.072282,-0.044849,-0.11239,-0.092494,0.19533,-0.065193,0.36092,-0.13338,0.16277,-0.22505,0.17364,0.059178,-0.4175,-0.11477,-0.002689,0.031167,-0.10193,0.025299,-0.19341,-0.067243,-0.081958,-0.070594,0.22724,-0.26008,0.12884,-0.018475,0.078059,-0.45349,0,0.3178,0.61494,0.042688,-0.25074,-0.1758,-0.083941,0.16751,-0.053159,-0.0091488,0.10412,0.017895,0.3853,0.26997,0.52897,0.72689,-0.1169,-0.16806,-0.27574,-0.25615,0.12041,-0.02737,-0.26378,-0.041891,0.070863,-0.035121,-0.10805,0.33364,0.51626,-0.16385,-0.10347,-0.097338,-0.21661,0.10034,0.12406,0.044206,0.25469,-0.26245,-0.42265,0.34062,-0.05456,0.0072855,-0.019779,-0.070215,-0.36404,-0.34328,-0.46607,0.028101,-0.13828,-0.33468,0.017268,-0.077449,-0.1253,-0.24141,-0.064478,0.059086,-0.024148,-0.12591,-0.093991,-0.1169,-0.17269,-0.51486,-0.52315,0.054286,-0.16749,-0.19741,-0.34926,0.11415,0.10539,0.18866,0.03148,-0.060028,0.0055397,-0.19728,-0.1138,-0.13173,-0.075966
-0.15241,0.079655,-0.25866,-0.17478,-0.45578,-0.31078,0.25987,0.12596,-0.12123,-0.1053,-0.056588,0.52386,-0.41396,-0.25038,-0.40908,-0.75035,-0.44112,-0.56734,-0.10295,-0.28405,-0.43087,-0.5898,-0.36032,-0.49786,-0.10446,-0.3758,-0.35187,-0.34675,0.3178,0,0.11697,0.53963,-0.2192,0.14888,-0.21766,0.2343,-0.11183,0.027921,-0.21742,-0.11207,-0.091119,-0.17785,-0.13109,-0.023799,-0.28578,-0.30426,-0.17531,-0.38448,-0.11159,-0.10602,0.1443,-0.099053,-0.2812,-0.26073,-0.28325,0.07181,0.036829,-0.41589,-0.46686,-0.42645,-0.41996,-0.16437,-0.066937,-0.12205,-0.00078959,-0.24,-0.30889,-0.26773,-0.2946,0.22866,0.26587,-0.37401,-0.24831,-0.49374,-0.29914,-0.020217,-0.15124,-0.21334,0.01022,-0.043857,0.017658,-0.33049,-0.23928,-0.27633,-0.23111,-0.30272,-0.40517,-0.19046,-0.47838,-0.2828,-0.14902,-0.24651,-0.29278,-0.0085543,-0.13398,0.12807,0.12136,-0.11392,-0.037464,-0.28058,-0.18082,-0.53769,-0.47368,-0.60074,-0.31053
0.16908,0.07363,0.30485,0.35209,0.46921,0.045015,0.4727,-0.039376,0.017555,-0.20057,0.40627,0.35314,-0.12403,0.034083,0.20199,0.22487,3.2916e-05,0.59342,-0.097514,0.082219,-0.13331,0.23367,0.069338,-0.37897,0.23641,-0.00035009,-0.25652,-0.4532,0.61494,0.11697,0,0.38538,0.16951,0.28427,0.26362,0.60195,0.38969,0.40044,0.60256,0.37288,0.38658,0.14433,0.54057,0.58717,0.17917,0.1048,-0.64293,-0.61027,-0.048748,0.11317,-0.035722,-0.14166,0.033628,-0.22065,0.025274,0.25455,0.50513,-0.30009,-0.20887,0.10299,-0.11289,0.18306,0.16393,0.2211,0.20702,-0.42669,-0.56399,0.21254,0.13445,0.51843,0.31978,0.23136,0.01904,-0.38681,-0.51989,0.24965,0.18077,0.23072,0.40556,0.095104,-0.018166,-0.11228,0.18912,0.40709,0.40667,0.30368,0.30191,-0.38724,-0.31979,-0.55306,-0.39976,0.32611,0.02739,0.011438,0.017232,0.30496,0.36856,-0.028222,0.0057466,0.11426,0.13986,-0.03652,0.41267,-0.081538,0.038779
-0.28202,-0.10861,-0.2077,-0.18192,-0.38471,-4.7789e-05,-0.014111,-0.12187,-0.24895,-0.10007,-0.042703,0.72524,-0.0022757,0.13293,-0.1304,-0.4107,-0.13919,-0.043596,-0.18052,-0.198,-0.14388,-0.43969,-0.16885,-0.52814,-0.056627,-0.29689,-0.2875,-0.31479,0.042688,0.53963,0.38538,0,-0.020811,0.38289,-0.2162,0.19985,0.26844,0.25281,0.14483,-0.024729,0.024054,-0.055576,-0.14781,-0.022465,-0.35063,-0.41923,-0.38775,-0.63647,-0.56506,-0.067911,0.28592,-0.27025,-0.52157,-0.59553,-0.50941,0.090106,-0.030749,-0.30513,-0.31112,-0.46816,-0.65583,-0.056465,-0.17104,-0.19754,-0.22018,-0.37933,-0.50449,0.041308,0.14876,0.15817,-0.054932,-0.29364,-0.17735,-0.66199,-0.66043,-0.17692,-0.27677,0.081529,0.041433,-0.041231,0.082552,-0.055026,0.19567,-0.35161,-0.28781,-0.066052,-0.097393,-0.52023,-0.59855,-0.42833,-0.45372,-0.47354,-0.54878,-0.44908,-0.30864,-0.20285,-0.053324,-0.68882,-0.42058,-0.29825,-0.4539,-0.40584,0.073292,-0.54732,-0.70953
0.037771,-0.14902,0.55443,0.39438,0.4551,0.13874,0.11012,0.27604,0.17235,0.075208,0.57994,0.30551,0.86999,0.61272,0.43258,0.16753,0.44703,0.4001,0.4208,0.39415,-0.14642,0.083731,-0.59527,-0.089525,0.13981,-0.0045832,-0.093031,0.36176,-0.25074,-0.2192,0.16951,-0.020811,0,1.0896,1.1002,0.62904,0.62368,0.50274,0.18949,0.018987,-0.61749,-0.733,-0.023154,-0.23786,0.8135,0.68757,0.36519,0.28584,0.11355,0.71747,0.55447,0.28799,0.037966,0.036394,0.43947,-0.42245,-0.36124,0.18387,0.20928,0.40286,0.11574,0.35304,0.11456,0.14133,-0.026717,0.41714,0.39006,0.1637,0.48634,0.40162,0.55016,0.92463,0.80245,0.59544,0.39911,0.32887,0.43887,0.83166,0.58503,0.2824,0.2784,0.21626,0.11917,0.11576,0.44538,0.61894,0.52266,0.30238,0.2141,0.44,0.46447,0.17194,0.19249,0.24311,0.39654,0.55123,0.35215,0.39071,0.51272,0.36037,0.31212,0.40623,0.35458,0.78501,0.62372
-0.13502,-0.084867,0.13395,0.053799,0.047644,0.022458,-0.13344,-0.029341,-0.23816,-0.17496,0.20179,0.58514,0.71897,0.64788,0.14306,-0.099226,0.040351,0.15726,0.19638,0.24668,-0.08511,-0.026375,-0.84112,-0.3091,-0.1057,-0.34257,-0.21733,0.087437,-0.1758,0.14888,0.28427,0.38289,1.0896,0,0.5601,0.56712,0.40181,0.38262,-0.020309,-0.2755,-0.45651,-0.66099,-0.18292,-0.29736,0.2474,0.18947,0.15704,0.016742,0.1059,0.68103,0.8022,0.35296,-0.30967,-0.12087,0.17877,-0.083862,-0.14635,0.099985,0.13268,-0.11338,-0.35888,0.41684,0.18423,0.2902,0.056917,0.18554,0.10291,-0.0071743,0.33248,0.50085,0.49307,0.34077,0.32879,0.12497,0.078,0.039169,0.14625,0.71612,0.75325,0.17011,0.24886,0.036907,0.079068,-0.0052794,0.31021,0.5392,0.36562,0.18863,0.021157,0.23214,0.24097,0.076747,0.068243,0.0087604,0.24099,0.36152,0.34339,0.060573,0.22846,0.36993,0.28637,0.13678,0.38011,0.27083,0.19334
0.18288,0.017133,0.58473,0.46262,0.52053,0.26416,0.35811,0.37147,0.27296,0.13272,0.5095,-0.025844,0.28589,0.15792,0.39529,0.22889,0.40547,0.41281,0.32029,0.2815,-0.21603,0.24228,-0.48686,-0.15515,0.065458,0.014783,-0.09402,0.37017,-0.083941,-0.21766,0.26362,-0.2162,1.1002,0.5601,0,1.0652,0.44537,0.45133,0.22243,0.15339,-0.41019,-0.54929,0.45592,0.1598,1.0563,1.0569,0.28402,0.21903,0.081802,0.29921,0.050817,0.028324,0.064441,0.055186,0.47627,-0.42974,-0.16117,-0.0023181,0.065075,0.5045,0.20136,0.26429,0.18029,0.18836,0.13458,0.36612,0.35152,0.30193,0.44683,0.5279,0.85055,1.0465,0.93943,0.76356,0.49816,0.39667,0.35404,0.42875,0.25231,0.22904,0.013204,0.15666,-0.025702,0.34716,0.56644,0.47157,0.33422,0.25925,0.16758,0.42966,0.51018,0.26705,0.24475,0.35206,0.22739,0.44444,0.21063,0.54859,0.59287,0.35723,0.34879,0.39619,0.2703,0.56729,0.55001
0.0391,0.035986,0.4512,0.32612,0.29483,0.091825,0.55002,0.34246,0.12167,-0.026041,0.53771,0.25634,-0.032104,-0.071096,0.099732,-0.085291,0.1695,0.14023,0.19486,0.032227,-0.5948,0.0024522,-0.51515,-0.62723,0.12001,-0.20021,-0.40975,-0.036894,0.16751,0.2343,0.60195,0.19985,0.62904,0.56712,1.0652,0,0.48148,0.61901,0.25892,0.18504,-0.35416,-0.62975,0.39985,0.25033,0.71167,0.68792,-0.014001,-0.18422,-0.21127,0.19107,-0.024788,-0.22037,-0.18948,-0.36447,0.15439,-0.41472,-0.11768,-0.25358,-0.24477,0.2674,-0.03257,-0.020469,-0.0057456,-0.0034555,0.0163,0.054745,-0.03916,0.14874,0.16093,0.79833,1.048,0.63837,0.68195,0.23758,0.12362,0.45509,0.19468,0.22766,0.13307,0.16228,0.074545,-0.056422,-0.095263,0.19024,0.34599,0.30526,0.080978,0.0022006,-0.21737,0.029996,0.15305,0.11151,-0.069212,0.19506,-0.058809,0.30406,0.10487,0.28962,0.34219,0.020572,0.045472,-0.0069923,0.055663,0.1069,0.23959
-0.33148,-0.64902,0.89502,0.71858,0.3259,-0.15837,0.38975,0.31565,0.12355,-0.21819,1.1068,0.80243,0.37582,0.32046,0.8082,0.29996,0.69835,0.32431,0.66321,0.55538,-0.48062,-0.29105,-0.1975,-0.52993,0.92742,0.34054,-0.49831,-0.22468,-0.053159,-0.11183,0.38969,0.26844,0.62368,0.40181,0.44537,0.48148,0,1.653,1.0974,0.68358,-0.17624,-0.41021,0.043038,-0.058059,0.75399,0.43704,-0.13031,-0.25334,-0.55043,0.35412,0.13206,-0.15179,0.029472,-0.35225,0.31067,-0.56722,-0.34246,-0.24237,-0.29195,0.4079,0.14041,0.18975,0.018664,-0.29042,-0.48047,-0.16848,-0.24958,0.27549,0.42003,-0.034546,0.030994,0.31035,0.27927,0.032474,-0.1652,0.77062,0.67435,0.73839,0.34658,0.74213,0.80937,0.60839,0.4058,0.037717,0.26193,0.81474,0.66577,-0.28245,-0.33279,-0.31155,-0.22718,-0.061337,-0.22087,-0.10367,0.0061759,0.28135,0.25098,0.1889,0.43912,-0.059651,-0.1914,0.25892,-0.026837,0.29506,0.29704
-0.42062,-0.63089,0.90728,0.73985,0.17881,-0.27883,0.342,0.29084,0.042506,-0.27012,0.91654,0.80494,0.19779,0.17256,0.77107,0.28181,0.72838,0.16545,0.82845,0.60037,-0.52601,-0.32104,-0.26821,-0.66578,0.91453,0.21104,-0.75949,-0.31592,-0.0091488,0.027921,0.40044,0.25281,0.50274,0.38262,0.45133,0.61901,1.653,0,0.89946,0.65669,-0.17338,-0.51277,0.10232,-0.030693,0.76126,0.47645,-0.11917,-0.25206,-0.55228,0.26424,-0.022943,-0.155,-0.09348,-0.42626,0.3499,-0.59186,-0.3135,-0.31451,-0.37259,0.35691,0.089876,0.11287,0.047311,-0.2826,-0.4242,-0.179,-0.23504,0.22448,0.25733,0.059452,0.13476,0.30161,0.29695,0.072501,-0.088959,0.90073,0.73543,0.65509,0.31195,0.78853,0.87553,0.67289,0.38583,0.10439,0.31609,0.88184,0.61281,-0.20463,-0.36477,-0.31282,-0.18535,-0.0036415,-0.14684,-0.024521,-0.024511,0.27239,0.27035,0.18112,0.49862,-0.026835,-0.15899,0.25929,-0.069887,0.070885,0.23115
-0.0038544,-0.39237,0.90169,0.93192,0.55784,-0.14621,0.55833,0.16051,0.31825,-0.13425,0.883,0.47157,0.016979,0.020014,0.68217,0.47005,0.48154,0.57539,0.43728,0.45528,-0.31797,-0.076367,0.28082,-0.30703,1.026,0.73708,-0.31011,-0.2887,0.10412,-0.21742,0.60256,0.14483,0.18949,-0.020309,0.22243,0.25892,1.0974,0.89946,0,1.3075,0.39013,0.080974,0.30739,0.20629,0.50574,0.27681,-0.56723,-0.56785,-0.44653,0.13782,-0.15464,-0.24438,0.36062,-0.23836,0.34983,-0.19314,0.012786,-0.54351,-0.51847,0.52338,0.32074,0.12138,0.024817,-0.19952,-0.27852,-0.56389,-0.56499,0.20129,0.26026,-0.084603,-0.094051,0.15388,0.050978,-0.19863,-0.39338,0.82571,0.74325,0.52209,0.30183,0.792,0.57348,0.47503,0.349,0.3562,0.4837,0.66963,0.7532,-0.68079,-0.51487,-0.66379,-0.4934,0.20398,-0.032704,-0.016736,0.064528,0.27058,0.29479,0.096595,0.24048,-0.083144,-0.1542,0.25203,-0.0096267,0.15319,0.25333
0.12533,-0.15152,0.96627,1.1675,0.493,-0.1342,0.69837,0.46386,0.48849,0.15402,0.73168,0.29278,-0.16476,-0.18585,0.57221,0.45234,0.4975,0.46534,0.4925,0.39437,-0.28954,-0.018974,0.42331,-0.066001,1.1117,0.8645,-0.34076,-0.21246,0.017895,-0.11207,0.37288,-0.024729,0.018987,-0.2755,0.15339,0.18504,0.68358,0.65669,1.3075,0,0.35923,0.15922,0.3166,0.20708,0.54721,0.40228,-0.49607,-0.38002,-0.40452,-0.056513,-0.32645,-0.33891,0.55459,-0.089748,0.40516,-0.22788,-0.0040867,-0.53447,-0.52119,0.67089,0.60748,-0.078006,-0.065848,-0.19825,-0.22404,-0.45855,-0.34652,0.066205,0.034385,-0.001167,-0.036563,0.17897,0.12024,-0.075672,-0.15072,0.95228,0.93226,0.40597,0.13978,0.69426,0.40926,0.42242,0.22393,0.43062,0.43554,0.43591,0.50703,-0.55341,-0.34902,-0.40012,-0.20706,0.27885,0.13132,0.20899,0.27538,0.29112,0.32058,0.12378,0.24068,-0.0818,-0.10783,0.30283,-0.14917,0.07591,0.25424
0.29586,0.12337,-0.088588,0.11404,0.16734,-0.03235,0.055304,-0.42828,0.097072,-0.1305,-0.17813,-0.089115,-0.47369,-0.23531,0.0744,0.31763,-0.22096,0.34618,-0.21091,0.090998,0.38731,0.20655,0.71151,0.13274,0.11442,0.44414,0.1464,-0.2907,0.3853,-0.091119,0.38658,0.024054,-0.61749,-0.45651,-0.41019,-0.35416,-0.17624,-0.17338,0.39013,0.35923,0,1.0686,0.48476,0.53983,-0.41039,-0.41741,-0.80687,-0.5409,0.12355,-0.19953,-0.33751,-0.019964,0.34348,0.18456,0.089731,0.87941,0.88966,-0.42044,-0.26458,-0.12727,-0.023705,0.1197,0.19087,0.22716,0.26194,-0.78925,-0.6871,0.034611,-0.054825,-0.24322,-0.43589,-0.46824,-0.73704,-0.57607,-0.58049,-0.018188,0.066667,-0.10355,0.17548,0.22457,-0.054152,0.0011675,0.036275,0.51507,0.32506,0.10688,0.29938,-0.56646,-0.29912,-0.64507,-0.59813,0.38193,0.26629,-0.15568,-0.03396,-0.054439,0.18378,-0.16515,-0.19307,0.12284,0.092612,0.032405,0.097767,-0.34162,-0.23125
0.37882,0.34496,-0.34164,-0.1123,0.12767,0.3867,0.027832,-0.10728,-0.018453,0.083541,-0.37209,-0.32974,-0.31361,-0.044638,0.0041438,0.30147,-0.32278,0.3353,-0.56682,-0.1216,0.67096,0.30724,0.67823,0.45952,-0.14367,0.25208,0.42754,-0.1407,0.26997,-0.17785,0.14433,-0.055576,-0.733,-0.66099,-0.54929,-0.62975,-0.41021,-0.51277,0.080974,0.15922,1.0686,0,0.41957,0.64558,-0.55656,-0.44245,-0.37659,-0.15778,0.21269,-0.31642,-0.18542,-0.10232,0.36028,0.47743,-0.094174,0.99294,0.99978,0.014928,0.15588,-0.28502,-0.019942,0.1138,0.26324,0.29726,0.38418,-0.28609,-0.30483,0.18496,0.10856,-0.31979,-0.56842,-0.51062,-0.72664,-0.45409,-0.39822,-0.38902,-0.2205,-0.37793,-0.11168,-0.24486,-0.4665,-0.13594,0.078277,0.20841,-0.069887,-0.28882,-0.073606,-0.24202,0.091878,-0.27589,-0.3104,0.23908,0.23752,-0.17711,-0.03221,-0.16404,0.093022,-0.13683,-0.22899,0.10885,0.14829,-0.10889,0.17112,-0.17596,-0.31585
0.40319,0.18936,0.14488,0.24262,0.42112,0.45595,0.40278,0.11312,0.20486,0.031403,0.10067,-0.23831,-0.36332,-0.14687,0.34375,0.46631,0.096305,0.42375,-0.15206,0.022213,0.21743,0.33606,0.17067,-0.030693,-0.011172,0.13117,0.12506,0.027305,0.52897,-0.13109,0.54057,-0.14781,-0.023154,-0.18292,0.45592,0.39985,0.043038,0.10232,0.30739,0.3166,0.48476,0.41957,0,1.4617,0.26048,0.34138,-0.16611,-0.082562,0.14487,-0.22863,-0.44549,-0.074331,0.22945,0.30122,0.28029,0.27893,0.69338,-0.16821,0.01541,0.16189,0.10546,0.24872,0.48021,0.37235,0.5507,-0.013935,-0.082777,0.48617,0.31279,0.10946,0.16503,0.23518,0.040679,0.14287,0.008818,0.068604,0.052726,-0.12403,-0.022412,0.046516,-0.30294,0.06315,0.13537,0.49726,0.33076,0.10716,0.094142,-0.070204,0.043559,-0.097906,-0.050111,0.34676,0.27957,0.030262,-0.13072,0.12496,0.154,0.3385,0.2827,0.32028,0.36117,0.18653,0.2207,-0.012189,0.066773
0.30577,0.23118,-0.072661,0.02125,0.3221,0.47463,0.43508,0.12023,0.063964,-0.076516,0.047306,-0.21402,-0.43365,-0.13077,0.1691,0.29646,-0.097142,0.33821,-0.39456,-0.10038,0.21943,0.27159,0.18158,-0.084367,-0.063007,0.0034899,0.087677,-0.21105,0.72689,-0.023799,0.58717,-0.022465,-0.23786,-0.29736,0.1598,0.25033,-0.058059,-0.030693,0.20629,0.20708,0.53983,0.64558,1.4617,0,0.024569,0.092707,-0.19446,-0.11207,0.14393,-0.28887,-0.4095,-0.1854,0.098499,0.25448,-0.011308,0.4419,0.91562,-0.011584,0.12464,-0.079566,-0.055055,0.10656,0.3923,0.26576,0.43013,-0.062631,-0.21889,0.46219,0.23267,0.018018,-0.012829,0.0075903,-0.19145,-0.11644,-0.19916,-0.11072,-0.1786,-0.36445,-0.14457,-0.1685,-0.43766,-0.14397,0.054563,0.30246,0.040455,-0.10684,-0.10164,-0.041353,0.073905,-0.23501,-0.20926,0.20324,0.094929,-0.12958,-0.31806,-0.022041,0.047494,0.25804,0.1409,0.14233,0.20537,-0.099303,0.16339,-0.10837,-0.093966
0.15846,-0.079076,1.299,0.96953,0.60651,0.0033363,0.45696,0.60159,0.43395,0.22485,0.92097,0.11098,0.24534,0.053516,0.66199,0.44917,0.76645,0.3523,0.68155,0.39648,-0.3579,0.18544,-0.19471,-0.057639,0.59133,0.37978,-0.24766,0.28382,-0.1169,-0.28578,0.17917,-0.35063,0.8135,0.2474,1.0563,0.71167,0.75399,0.76126,0.50574,0.54721,-0.41039,-0.55656,0.26048,0.024569,0,1.7652,0.13876,0.19964,-0.12598,0.28869,-0.11347,-0.082672,0.33724,0.081395,0.72952,-0.70585,-0.34898,-0.059256,-0.075359,1.0357,0.72444,0.092301,-0.016156,-0.041309,-0.20821,0.23425,0.29776,0.14584,0.22631,0.32305,0.5394,0.9819,0.96389,0.77521,0.57703,0.90849,0.81097,0.54239,0.25116,0.51726,0.35568,0.46591,0.13406,0.42606,0.51277,0.58184,0.45688,0.12368,0.11063,0.27605,0.45621,0.29915,0.26188,0.33986,0.26002,0.45393,0.21844,0.67635,0.71636,0.24567,0.22143,0.5716,0.044827,0.57347,0.85341
