,,,,,,,,,,,,,,,,,,,,,,,,,,,,,,,,,,,,,,,,,,,,,,,,,,,,,,,,,,,,,,,,,,,,,,,,,,,,,,,,,,,,,,,,,,,,,,,,,,,,,,,,
0,0.77279,0.30652,0.36573,0.91441,0.38357,0.73067,0.27475,0.96145,0.61357,0.31922,0.070925,-0.09149,-0.23528,-0.091561,-0.0026712,-0.20655,0.18577,-0.41269,-0.25585,-0.11431,0.17999,0.57638,0.6682,0.071738,0.52012,0.65252,0.7838,0.57763,0.52295,0.59462,0.21997,0.045131,-0.18674,0.13533,0.011804,-0.15434,-0.15914,0.42653,0.46718,0.83407,0.53299,0.44117,0.24822,0.12989,0.21879,-0.50136,-0.18948,0.26228,0.28504,0.20211,-0.20484,0.74088,0.38216,0.3275,0.50478,0.35034,-0.092146,-0.14009,0.35077,0.44743,0.28337,0.16079,0.073475,0.30872,-0.2411,-0.23174,0.25111,0.31299,0.4171,0.5257,0.32707,0.070039,0.012053,-0.11562,0.20705,0.2155,-0.044557,0.2467,-0.017477,-0.29382,-0.026636,0.063917,0.46749,0.32103,-0.18814,-0.025165,-0.11081,0.34301,-0.14772,0.0041333,0.66657,0.61312,0.31079,0.2191,0.56737,0.5262,0.26729,0.2916,0.0024465,0.18826,-0.15014,-0.0068099,0.05965,0.39545
0.77279,0,-0.18082,-0.12547,0.32122,0.59783,0.19445,0.30862,0.33917,0.62518,-0.072215,0.038117,0.18152,0.061232,-0.2485,-0.16534,-0.4434,0.023777,-0.4817,-0.46344,0.28472,0.4682,-0.0075757,0.43424,-0.46754,-0.057911,0.25038,0.5722,0.21994,0.47143,0.32825,0.38053,0.38394,0.33481,0.32354,0.24579,-0.46069,-0.4697,-0.23803,-0.02704,0.10984,0.12727,0.18592,0.13737,0.063009,0.29139,-0.059087,0.18986,0.40447,0.071356,0.43655,-0.22757,0.12787,0.47249,0.0097713,0.62914,0.17218,0.24091,0.35748,-0.21583,0.13016,0.12072,0.11915,0.086344,0.25217,0.16753,0.28502,0.038631,0.11596,0.79345,0.78573,0.3853,0.59548,0.31539,0.38117,-0.30652,-0.12455,0.012445,0.24047,-0.35888,-0.67645,-0.3961,-0.33615,0.10564,0.090335,-0.184,-0.37128,0.22111,0.46446,0.58655,0.68229,0.30745,0.37215,0.049554,0.17044,0.33666,0.30696,0.035423,-0.08698,0.058219,0.21167,-0.23027,0.18554,-0.28439,-0.12285
0.30652,-0.18082,0,1.9189,0.43653,-0.24725,0.48871,0.2711,0.5465,0.18677,0.73592,0.38859,-0.023593,-0.037873,0.61429,0.63662,0.84588,0.53516,0.67381,0.77283,-0.27064,0.13041,0.33743,0.36863,1.0432,0.64526,-0.010164,0.0084236,0.32508,0.21013,0.41634,0.003074,0.13611,-0.1687,0.30977,0.1954,0.83216,0.95182,0.8736,0.68231,0.45148,0.1412,0.49696,0.30583,0.73217,0.6092,-0.33461,-0.020424,-0.032412,0.24502,-0.36808,-0.063419,0.62194,0.14831,0.92145,-0.00093998,0.29196,-0.24168,-0.29107,1.1051,0.63767,0.34153,0.46547,-0.0049282,0.00086488,-0.26288,-0.19961,0.32648,0.17971,0.12401,0.19417,0.39657,0.029829,0.1227,-0.15364,1.4921,1.0852,0.59511,0.54039,0.8176,0.44414,0.97909,0.72131,0.92526,0.7353,0.58195,0.88945,0.0041491,0.29589,-0.35885,-0.1164,0.71424,0.64636,0.55147,0.44263,0.7486,0.88646,0.35468,0.68737,0.2748,0.22024,0.57666,0.049983,0.34211,0.64203
0.36573,-0.12547,1.9189,0,0.39055,-0.21286,0.45143,0.20121,0.55058,0.22419,0.59451,0.2579,-0.14663,-0.17687,0.44652,0.5554,0.73446,0.63671,0.50558,0.80993,-0.24206,0.19225,0.36254,0.49234,0.80436,0.59912,0.10751,0.076941,0.23451,0.17475,0.35251,-0.024341,0.029268,-0.21043,0.1966,0.089411,0.54281,0.683,0.73004,0.56795,0.44971,0.22307,0.47189,0.28365,0.50824,0.46141,-0.40851,-0.10704,-0.0029871,0.18944,-0.30023,-0.030723,0.76143,0.1798,0.87143,0.090996,0.37109,-0.33207,-0.37071,1.1502,0.69257,0.2137,0.38257,0.02577,0.10577,-0.30545,-0.21096,0.23822,0.11708,0.1143,0.17573,0.31117,-0.055966,-0.0068237,-0.24738,1.2126,1.0993,0.56631,0.55783,0.72772,0.3656,0.9053,0.78676,1.1188,0.79904,0.42638,0.93855,-0.09102,0.25451,-0.35079,-0.09257,0.69993,0.68496,0.78142,0.62093,0.80874,0.98562,0.25882,0.6296,0.22743,0.20044,0.51882,0.09992,0.4293,0.65087
0.91441,0.32122,0.43653,0.39055,0,0.41084,1.2038,0.65455,1.0212,0.56191,0.8922,0.20486,0.099171,-0.071889,0.24679,0.24052,-0.023128,0.065585,-0.1941,-0.012048,-0.25762,0.10239,0.54539,0.50045,0.41172,0.72194,0.42223,0.24612,0.82537,0.37153,0.8766,0.076663,0.2337,-0.2329,0.38713,0.18801,0.19893,0.17833,0.6989,0.80322,0.75412,0.57549,0.5081,0.37368,0.53815,0.52746,-0.45351,-0.17019,0.12266,0.43219,0.082762,-0.4463,0.78264,0.28765,0.37885,0.048342,0.18489,-0.082914,-0.23554,0.3083,0.54044,0.32081,0.35206,-0.076042,0.22202,-0.41495,-0.58901,0.44942,0.35266,0.32984,0.41379,0.45487,0.074888,0.054545,-0.23553,0.56827,0.4864,0.0022438,0.14084,0.11072,-0.065679,-0.12107,-0.17174,0.3325,0.29855,0.03371,0.039524,-0.017355,0.36214,-0.27507,-0.17458,0.62349,0.4355,0.29654,0.31298,0.63078,0.58851,0.5726,0.62642,-0.080069,0.10668,-0.063708,-0.038637,0.15827,0.51586
0.38357,0.59783,-0.24725,-0.21286,0.41084,0,0.44689,0.51847,0.2545,0.37634,0.0036338,-0.24806,0.036003,0.31064,-0.1068,-0.13273,-0.26196,0.035669,-0.60918,-0.40383,0.13187,0.067438,0.044199,0.089275,-0.30788,-0.077129,0.34826,0.16581,0.2475,0.16954,0.18315,0.18394,0.07741,-0.11918,0.20359,0.11692,-0.19369,-0.39711,-0.0098728,0.083773,0.056521,0.56828,0.38276,0.48931,-0.036916,0.12476,0.024314,0.034238,-0.097996,-0.027726,0.29015,-0.40197,0.15481,0.20498,-0.27573,0.28528,0.22173,0.1836,0.33049,-0.27083,-0.083241,-0.097732,0.20187,-0.18612,0.21821,0.052806,-0.11224,0.37902,0.59059,0.21199,0.25557,0.14458,0.22049,-0.075277,-0.18467,-0.26526,-0.3289,-0.37424,-0.34698,-0.55761,-0.79229,-0.35863,-0.2513,-0.27097,-0.24235,-0.48951,-0.53435,-0.077422,0.16743,0.13999,-0.0066146,0.034761,-0.087086,-0.078092,-0.11845,0.14058,0.065787,0.13425,0.028613,-0.30302,-0.13213,-0.47728,0.10802,0.10124,-0.22243
0.73067,0.19445,0.48871,0.45143,1.2038,0.44689,0,0.84141,0.80356,0.37798,0.79386,0.1856,-0.095907,-0.06242,0.21165,0.06934,0.10436,0.096098,-0.17727,-0.0064215,-0.59585,-0.17275,0.48791,0.24762,0.47864,0.47189,0.28821,0.053994,0.98684,0.56112,0.85471,0.15682,0.043157,-0.38816,0.30339,0.25428,0.30234,0.31557,0.82948,0.85547,0.6594,0.54377,0.55681,0.48441,0.39437,0.33769,-0.35824,-0.13608,-0.047554,0.37051,0.043579,-0.54912,0.58679,0.046298,0.18562,-0.054077,0.2877,0.022637,-0.20593,0.31866,0.24446,0.3828,0.2178,-0.12974,0.099035,-0.22557,-0.54089,0.76825,0.5512,0.27908,0.37792,0.28203,-0.085084,-0.14304,-0.42283,0.57728,0.28376,-0.245,-0.12601,-0.042838,-0.21891,0.00272,0.0060612,0.18964,0.056101,-0.19954,-0.092692,0.031592,0.42571,-0.5051,-0.31885,0.44412,0.24087,0.33415,0.10335,0.57615,0.52212,0.52702,0.72262,-0.12252,0.020929,-0.15501,-0.10542,0.21715,0.36247
0.27475,0.30862,0.2711,0.20121,0.65455,0.51847,0.84141,0,0.49843,0.68302,0.65507,0.43174,0.37016,0.40959,0.36175,0.21779,0.18604,-0.098648,0.04509,0.056751,-0.19321,-0.11442,0.15327,0.37098,0.35818,0.3276,0.092674,0.018758,0.58149,0.53833,0.49618,0.30828,0.32079,-0.047576,0.31786,0.28955,0.35731,0.30171,0.31162,0.58858,0.11683,0.25787,0.23753,0.27502,0.55395,0.63562,0.053483,0.24164,-0.18698,0.14803,0.14608,-0.86658,0.24729,0.16263,0.10472,-0.22462,-0.083341,0.16303,0.055692,-0.11195,0.24242,0.26783,0.33973,-0.35697,-0.085031,0.037231,-0.14957,0.60107,0.42198,0.34135,0.33872,0.23831,0.31301,0.16782,-0.011562,0.34053,0.30849,-0.029385,-0.10584,-0.16904,-0.24961,-0.091323,-0.21057,-0.051922,-0.1105,-0.08462,-0.25463,0.2856,0.45187,0.059851,0.13763,0.19169,0.080559,0.13041,0.21945,0.49851,0.52366,0.32148,0.4776,-0.2314,-0.098883,-0.18211,-0.13376,-0.082676,-0.010189
0.96145,0.33917,0.5465,0.55058,1.0212,0.2545,0.80356,0.49843,0,0.91613,0.88938,0.42889,-0.0038398,-0.2769,0.16827,0.25233,0.15202,0.090406,-0.093832,-0.069463,-0.16139,0.049686,0.77912,0.88185,0.52994,1.0632,0.60309,0.54344,0.88709,0.58878,0.6508,0.38794,0.042817,-0.3369,0.061947,0.016944,0.28036,0.23677,0.67331,0.74534,0.79092,0.51917,0.48566,0.38668,0.46619,0.50159,-0.45468,-0.034099,-0.071517,0.18811,-0.19179,-0.652,0.77748,0.41714,0.3944,0.11366,-0.014611,-0.097122,-0.23768,0.36376,0.99848,0.1013,0.23619,-0.5024,-0.21104,-0.42418,-0.40819,0.52038,0.27432,0.18696,0.22414,0.29622,0.094286,0.092867,-0.21416,0.4986,0.46052,0.06469,0.23271,0.25536,0.05839,0.20468,0.066041,0.56627,0.15311,-0.028666,0.03588,-0.089839,0.30087,-0.28504,-0.21117,0.38893,0.30032,0.12837,0.18485,0.52799,0.56456,0.30226,0.38473,-0.32554,-0.21496,-0.12019,-0.21821,-0.034007,0.3608
0.61357,0.62518,0.18677,0.22419,0.56191,0.37634,0.37798,0.68302,0.91613,0,0.48381,0.59306,0.28337,0.0024016,0.080803,0.14159,-0.0068933,-0.1529,-0.18184,-0.2284,0.078135,0.13756,0.50997,1.099,0.14586,0.57182,0.50459,0.64832,0.55956,0.67009,0.54562,0.6748,0.21698,0.028322,0.0093188,0.063139,0.084283,0.052958,0.22016,0.45644,0.30442,0.29945,0.11158,0.072366,0.29917,0.48345,-0.36607,-0.073914,-0.28723,-0.03322,0.098265,-0.84155,0.34114,0.27366,0.082202,-0.06715,-0.35548,-0.14497,-0.20893,-0.083673,0.63987,0.059936,0.22005,-0.44495,-0.13689,-0.33715,-0.22797,0.25222,0.15181,0.49361,0.38285,0.29492,0.45257,0.12788,-0.026804,0.11308,0.30387,0.16548,0.17114,-0.10859,-0.17759,0.0023392,-0.077731,0.21967,-0.040093,-0.19197,-0.24899,-0.11234,0.16807,0.13735,0.16304,0.17033,0.18145,0.07156,0.3874,0.39129,0.49185,-0.036997,0.039023,-0.34379,-0.24426,-0.1618,0.049205,-0.33139,-0.089874
0.31922,-0.072215,0.73592,0.59451,0.8922,0.0036338,0.79386,0.65507,0.88938,0.48381,0,0.75897,0.28721,-0.041076,0.43758,0.26795,0.36652,0.031656,0.18164,0.2624,-0.46535,-0.085713,0.29658,0.37249,0.7626,0.7045,0.085137,-0.041186,0.82703,0.44001,0.83891,0.31927,0.36682,-0.07197,0.42046,0.45233,0.77347,0.84301,0.67392,0.63234,0.32645,0.058937,0.37089,0.36195,0.93325,0.76618,-0.18542,0.038262,-0.16171,0.4907,-0.12807,-0.6318,0.48819,0.078467,0.45436,-0.34177,-0.12345,0.048543,-0.28681,0.34176,0.62371,0.27915,0.15619,-0.37965,-0.27569,-0.20148,-0.41367,0.48462,0.11006,0.25263,0.29169,0.53093,0.23517,0.23531,-0.14555,0.87507,0.65082,0.16025,0.23024,0.46329,0.39773,0.21067,0.011591,0.41801,0.14318,0.26939,0.20758,0.22468,0.29251,-0.33336,-0.22402,0.32767,0.15276,0.18046,0.24255,0.55389,0.53593,0.56877,0.63268,-0.19527,-0.20089,0.083336,-0.23729,0.099166,0.42268
0.070925,0.038117,0.38859,0.2579,0.20486,-0.24806,0.1856,0.43174,0.42889,0.59306,0.75897,0,0.6301,0.16852,0.22716,-0.0086082,0.18254,-0.40161,0.349,0.01483,-0.36519,-0.21332,0.12436,0.25837,0.43609,0.36969,-0.15595,0.056956,0.62426,0.86113,0.59631,0.81699,0.44526,0.32062,0.15181,0.44778,0.62464,0.80115,0.32725,0.38759,0.067769,-0.40713,-0.10001,-0.096193,0.53991,0.51571,-0.090477,0.13036,-0.40461,0.3099,0.039779,-0.53107,-0.028234,-0.18184,0.20827,-0.54609,-0.65368,0.063841,-0.26306,-0.058999,0.30664,0.33916,0.056828,-0.38943,-0.57832,-0.11677,-0.10217,0.058298,-0.196,0.47367,0.37429,0.33745,0.52606,0.30618,0.18955,0.42976,0.36082,0.34427,0.25208,0.3083,0.41797,0.25244,-0.001139,0.09425,-0.11219,0.21776,-0.061046,0.27291,0.16336,-0.12421,-0.020935,0.10356,0.043644,-0.090694,0.12234,0.24045,0.26214,0.10354,0.13837,-0.1464,-0.24094,0.14,-0.1866,-0.33572,-0.0037657
-0.09149,0.18152,-0.023593,-0.14663,0.099171,0.036003,-0.095907,0.37016,-0.0038398,0.28337,0.28721,0.6301,0,0.63667,0.25715,0.029177,0.017446,-0.32345,0.25832,0.017823,0.038713,-0.021255,-0.28042,0.091697,0.084193,0.11239,-0.18142,0.067009,-0.017939,0.18449,0.13981,0.39027,0.69794,0.5357,0.28182,0.3021,0.24312,0.25317,-0.13217,0.010823,-0.31697,-0.47882,-0.35517,-0.33665,0.42504,0.49734,0.20466,0.21174,-0.089478,0.37504,0.33026,-0.29077,-0.033565,0.037462,0.26297,-0.23487,-0.52534,0.19977,0.056512,-0.27921,0.10285,0.41614,0.050803,-0.029042,-0.11703,0.2523,0.12027,-0.065393,-0.10504,0.40841,0.28534,0.24205,0.64568,0.46209,0.39737,0.042953,0.19987,0.41808,0.086861,0.20198,0.27926,-0.14716,-0.30046,-0.13881,-0.052765,0.335,-0.12039,0.30857,0.078518,0.37307,0.28916,-0.042724,-0.091411,-0.22191,0.14772,0.055831,0.032872,-0.06423,-0.13392,0.05273,-0.017164,0.1137,-0.19401,-0.18406,-0.022036
-0.23528,0.061232,-0.037873,-0.17687,-0.071889,0.31064,-0.06242,0.40959,-0.2769,0.0024016,-0.041076,0.16852,0.63667,0,0.28109,0.13435,0.053816,-0.14908,0.34786,0.075497,0.12184,-0.090266,-0.43298,-0.2672,0.03778,-0.14079,-0.14828,-0.036253,-0.04376,0.0081557,-0.16082,-0.067896,0.60162,0.47305,0.36971,0.28934,0.31417,0.11232,-0.11953,-0.062271,-0.45232,-0.21416,-0.082174,-0.0099255,0.28723,0.39374,0.34443,0.2961,-0.12248,0.10947,0.27709,0.045984,-0.23685,0.054695,0.060824,-0.13759,-0.096874,0.061833,0.30844,-0.31731,-0.31417,0.23115,0.4814,0.097307,0.044943,0.26062,0.12002,0.009084,0.38346,0.11446,0.11534,-0.016814,0.29356,0.15861,0.22195,-0.0099665,-0.076391,0.21111,0.0055553,-0.12427,-0.10928,0.01697,-0.10761,-0.37588,-0.058982,0.1083,-0.10955,0.15639,0.049186,0.29607,0.23037,-0.019375,-0.061531,-0.2981,-0.12702,-0.0049764,-0.047418,0.14388,0.11849,0.27892,0.32353,0.07886,0.11026,0.17445,-0.0043434
-0.091561,-0.2485,0.61429,0.44652,0.24679,-0.1068,0.21165,0.36175,0.16827,0.080803,0.43758,0.22716,0.25715,0.28109,0,1.0055,1.0306,0.20493,0.68837,0.56357,0.24609,0.10085,0.0016716,0.046048,0.63984,0.38624,-0.34234,-0.17158,0.14591,-0.06247,0.21371,-0.043473,0.23978,-0.17824,0.37069,0.059156,0.82245,0.6322,0.45715,0.49364,0.14463,0.17522,0.4475,0.31284,1.0019,0.75864,-0.17044,0.071336,-0.051715,-0.13148,-0.48015,-0.15824,0.28914,0.34713,0.5518,-0.061808,0.12479,-0.25244,-0.072564,0.47687,0.38832,0.59826,0.5494,-0.027196,-0.077658,-0.22101,-0.072142,0.35947,0.29177,-0.1281,-0.075613,0.36195,0.25402,0.46767,0.14216,0.57976,0.62624,0.44675,0.13348,0.60037,0.24509,0.43307,0.21391,0.17447,0.27588,0.61537,0.44358,-0.10954,0.015233,-0.043266,0.01435,0.15355,0.19399,-0.0063228,0.14906,0.33674,0.37898,0.26333,0.35925,0.36333,0.2017,0.7623,0.1142,-0.091535,0.084583
-0.0026712,-0.16534,0.63662,0.5554,0.24052,-0.13273,0.06934,0.21779,0.25233,0.14159,0.26795,-0.0086082,0.029177,0.13435,1.0055,0,0.83817,0.5637,0.64696,0.72668,0.51436,0.52978,0.24062,0.37735,0.6804,0.61947,-0.028311,0.046343,-0.033805,-0.34076,0.024374,-0.30671,0.14439,-0.18206,0.24829,-0.14459,0.54393,0.32644,0.41956,0.51004,0.28806,0.38157,0.48821,0.31639,0.73555,0.70377,-0.18057,0.18596,0.074994,-0.41547,-0.76011,-0.035645,0.33413,0.5575,0.56169,0.12665,0.2314,-0.21219,0.089907,0.5589,0.69346,0.11998,0.63712,-0.019081,-0.010282,-0.29324,0.011867,0.20507,0.18243,-0.26045,-0.30612,0.16587,0.078523,0.35499,0.13743,0.48055,0.77143,0.72378,0.41272,0.49056,0.13447,0.42444,0.2493,0.53011,0.58999,0.7055,0.72848,-0.14074,0.23565,0.10903,0.15622,0.23773,0.34517,0.072237,0.34181,0.22458,0.37968,0.082349,0.25702,0.29641,0.25536,0.62392,0.18874,0.026893,0.24378
-0.20655,-0.4434,0.84588,0.73446,-0.023128,-0.26196,0.10436,0.18604,0.15202,-0.0068933,0.36652,0.18254,0.017446,0.053816,1.0306,0.83817,0,0.46105,0.84589,0.74396,0.084643,0.020529,0.063696,0.10707,0.80536,0.30524,-0.30455,-0.18049,-0.036287,-0.13422,0.031439,0.056801,-0.0022894,-0.27276,0.13203,0.042616,0.91892,0.85472,0.41018,0.33365,0.042563,0.06868,0.35576,0.30752,0.62664,0.48054,-0.091675,0.066746,-0.17044,-0.22084,-0.82184,-0.16693,0.19011,0.12622,0.44244,-0.084111,0.12589,-0.16907,-0.085996,0.68728,0.41464,0.18888,0.29457,-0.22791,-0.26515,-0.034898,-0.0049449,0.48398,0.23834,-0.23999,-0.25106,0.17078,0.081027,0.19415,-0.099054,0.59449,0.56237,0.39214,0.066054,0.64015,0.37519,0.90647,0.68701,0.43985,0.22327,0.48243,0.61633,-0.087666,-0.02645,-0.15901,-0.094442,0.0053389,0.052642,0.1524,0.11053,0.2457,0.35972,-0.02963,0.20438,0.19988,-0.022391,0.58153,0.099665,0.013357,0.089755
0.18577,0.023777,0.53516,0.63671,0.065585,0.035669,0.096098,-0.098648,0.090406,-0.1529,0.031656,-0.40161,-0.32345,-0.14908,0.20493,0.5637,0.46105,0,0.10438,0.67326,0.24342,0.69982,0.043745,0.19581,0.18019,0.15271,0.077428,0.040228,-0.26033,-0.46441,0.0041149,-0.32689,0.012197,-0.08935,0.35553,0.069821,0.12789,0.064877,0.20379,0.087748,0.17426,0.26406,0.62074,0.48609,0.21557,0.24871,-0.0021624,0.15822,0.26914,-0.22521,-0.42568,0.20434,0.29538,0.30275,0.35469,0.52322,0.86943,0.12926,0.29681,0.69959,0.26013,-0.11294,0.053943,0.29746,0.26692,0.18333,0.27699,0.16801,0.16346,-0.061413,-0.085276,0.23434,-0.018922,0.13383,-0.015419,0.21161,0.33708,0.36011,0.42186,0.22351,-0.1528,0.32161,0.49142,0.85875,0.72604,0.36718,0.8305,0.048399,0.45052,0.083978,0.205,0.30889,0.3673,0.3847,0.2644,0.18624,0.26358,0.023168,0.17411,0.2684,0.2273,0.24216,0.21637,0.43621,0.3262
-0.41269,-0.4817,0.67381,0.50558,-0.1941,-0.60918,-0.17727,0.04509,-0.093832,-0.18184,0.18164,0.349,0.25832,0.34786,0.68837,0.64696,0.84589,0.10438,0,0.78507,0.029945,-0.018388,-0.11997,-0.064404,0.78827,0.2413,-0.42941,-0.22443,-0.1352,-0.074184,-0.19246,-0.17488,0.20955,0.1075,0.10732,0.027775,0.7347,0.79907,0.23866,0.22256,-0.10194,-0.30479,-0.057734,-0.12593,0.54632,0.43453,0.061446,0.26143,-0.015222,0.027155,-0.44845,0.17408,0.014359,0.10523,0.64412,-0.19798,-0.10701,-0.21648,-0.079966,0.36318,0.25381,0.21953,0.50967,-0.043912,-0.26192,-0.066202,0.082178,0.02722,-0.016724,-0.16396,-0.17549,-0.047057,0.011714,0.22212,0.18323,0.69263,0.6364,0.76418,0.36633,0.78667,0.69766,0.78834,0.37077,0.28645,0.39193,0.8463,0.65255,0.10365,0.025956,-0.034757,0.067198,0.14527,0.21598,0.05214,0.14638,0.16793,0.27297,0.035317,0.27817,0.43597,0.2881,0.71555,0.00099809,0.078453,0.30502
-0.25585,-0.46344,0.77283,0.80993,-0.012048,-0.40383,-0.0064215,0.056751,-0.069463,-0.2284,0.2624,0.01483,0.017823,0.075497,0.56357,0.72668,0.74396,0.67326,0.78507,0,0.040043,0.26648,-0.17625,0.071874,0.51711,0.23917,-0.24937,-0.29996,-0.26396,-0.36462,-0.074218,-0.42623,0.15137,0.033371,0.25814,0.030954,0.3946,0.52455,0.24433,0.17887,-0.02441,-0.050527,0.21647,0.1307,0.44473,0.39011,0.088222,0.20624,0.12528,0.0052459,-0.31801,0.21483,0.30011,0.17384,0.7095,-0.024445,0.34123,-0.16783,-0.1026,0.53216,0.31642,0.0059439,0.21813,0.1513,0.07326,-0.021631,0.10324,-0.078346,-0.11671,-0.19114,-0.20097,0.050506,-0.073681,0.15601,0.061546,0.7308,0.95749,0.69145,0.51172,0.65891,0.43637,0.44649,0.34244,0.63652,0.79793,0.75571,1.3203,0.14437,0.20498,-0.090996,0.11299,0.29038,0.37129,0.54756,0.55733,0.33371,0.42371,0.15446,0.53905,0.29089,0.23491,0.54206,0.048432,0.45678,0.49919
-0.11431,0.28472,-0.27064,-0.24206,-0.25762,0.13187,-0.59585,-0.19321,-0.16139,0.078135,-0.46535,-0.36519,0.038713,0.12184,0.24609,0.51436,0.084643,0.24342,0.029945,0.040043,0,0.6741,-0.1878,0.18989,-0.34916,-0.068471,-0.071874,0.19725,-0.50196,-0.4871,-0.41644,-0.17096,0.054773,0.06977,0.016719,-0.32105,-0.25882,-0.50976,-0.4392,-0.25476,-0.14002,0.2134,0.17637,0.13773,0.051194,0.16982,0.18202,0.32896,0.29958,-0.72509,-0.25499,0.20921,-0.086144,0.71219,0.026362,0.59316,0.15125,0.0029623,0.53481,-0.094997,0.21427,-0.22507,0.26156,0.029262,0.10386,0.055644,0.55575,-0.26663,-0.091466,-0.23262,-0.26071,0.083489,0.3534,0.52893,0.58484,-0.44593,-0.024964,0.30467,0.22522,0.0045206,-0.24571,-0.098662,-0.12312,0.017077,0.18029,0.27845,0.12056,-0.087785,-0.021026,0.79591,0.56976,-0.095522,0.11598,-0.26831,0.064912,-0.12274,-0.066118,-0.19826,-0.37583,0.12819,0.10905,0.20042,0.24234,-0.35841,-0.36019
0.17999,0.4682,0.13041,0.19225,0.10239,0.067438,-0.17275,-0.11442,0.049686,0.13756,-0.085713,-0.21332,-0.021255,-0.090266,0.10085,0.52978,0.020529,0.69982,-0.018388,0.26648,0.6741,0,-0.025158,0.34488,-0.13889,0.05333,-0.0090242,0.11149,-0.18791,-0.30469,0.14003,-0.1762,0.3903,0.342,0.53955,0.19446,-0.14172,-0.21692,-0.1061,-0.021094,0.078237,0.12623,0.40463,0.28126,0.30102,0.45376,-0.12616,0.21623,0.47113,-0.31499,-0.19711,0.1837,0.10353,0.50388,0.22224,0.55757,0.42189,0.15019,0.42745,0.23921,0.36708,-0.075708,0.26019,0.39429,0.34616,-0.01391,0.35996,-0.21913,-0.20741,0.31509,0.20038,0.47325,0.40687,0.41119,0.40513,-0.066002,0.27648,0.68527,0.73059,0.090263,-0.28886,-0.0919,-0.050405,0.56901,0.68291,0.48362,0.42626,0.096534,0.55137,0.63621,0.70604,0.3244,0.47149,0.16285,0.50385,0.15378,0.24391,-0.038338,-0.11838,0.39975,0.41155,0.39762,0.51886,0.011436,0.077439
0.57638,-0.0075757,0.33743,0.36254,0.54539,0.044199,0.48791,0.15327,0.77912,0.50997,0.29658,0.12436,-0.28042,-0.43298,0.0016716,0.24062,0.063696,0.043745,-0.11997,-0.17625,-0.1878,-0.025158,0,0.67488,0.56849,0.92444,0.64661,0.40626,0.47152,0.24655,0.35173,0.12855,-0.50037,-0.70429,-0.41186,-0.41084,0.1599,0.074237,0.85993,0.93655,1.1079,0.75433,0.16991,0.019164,-0.037411,-0.077283,-0.757,-0.42569,-0.37002,-0.18052,-0.37711,-0.32801,0.45226,-0.053423,0.019431,-0.11637,-0.11639,-0.26132,-0.40398,0.4038,0.55524,0.041443,0.16504,-0.20226,-0.025305,-0.7177,-0.60497,0.32618,0.19195,-0.070586,-0.1502,-0.058583,-0.36814,-0.36773,-0.54502,0.28193,0.26547,0.020983,-0.07881,0.00835,-0.030164,0.26403,0.31326,0.27945,0.044834,-0.18257,-0.023687,-0.53151,0.094111,-0.48598,-0.51321,0.22366,0.14652,0.093406,0.12981,0.055357,0.18528,-0.13699,-0.0074643,-0.28294,-0.20111,-0.047652,-0.081902,-0.044437,0.1602
0.6682,0.43424,0.36863,0.49234,0.50045,0.089275,0.24762,0.37098,0.88185,1.099,0.37249,0.25837,0.091697,-0.2672,0.046048,0.37735,0.10707,0.19581,-0.064404,0.071874,0.18989,0.34488,0.67488,0,0.27158,0.80198,0.64139,0.70329,0.18251,0.24419,0.24327,0.2407,-0.024764,-0.17057,-0.15325,-0.24814,-0.032433,-0.048115,0.21001,0.41216,0.4344,0.41676,0.10902,-0.011969,0.19661,0.33966,-0.34336,-0.05759,-0.0097194,-0.07447,-0.061919,-0.41012,0.67039,0.46375,0.36869,0.17998,-0.097334,-0.18984,-0.21169,0.28013,1.1258,-0.070904,0.19564,-0.25006,0.072541,-0.2894,-0.10847,0.11075,-0.029237,0.19782,0.13328,0.17753,0.14137,0.098858,-0.039793,0.23051,0.61392,0.35207,0.38347,0.14847,0.019306,0.15886,0.15253,0.6528,0.32836,0.031667,0.1618,-0.13231,0.22429,0.17099,0.22135,0.35295,0.41467,0.35782,0.7076,0.47654,0.66137,-0.081116,0.052716,-0.24687,-0.12939,-0.022121,-0.064467,-0.10886,0.19161
0.071738,-0.46754,1.0432,0.80436,0.41172,-0.30788,0.47864,0.35818,0.52994,0.14586,0.7626,0.43609,0.084193,0.03778,0.63984,0.6804,0.80536,0.18019,0.78827,0.51711,-0.34916,-0.13889,0.56849,0.27158,0,0.94603,0.08054,-0.027282,0.39413,0.13051,0.25968,-0.036254,-0.0045641,-0.34949,0.042964,-0.013776,1.0683,0.97594,1.014,0.91194,0.45633,0.17339,0.20352,0.10356,0.65243,0.46568,-0.32433,-0.028155,-0.27239,0.10875,-0.63451,-0.27072,0.40817,0.025498,0.5555,-0.36174,-0.10169,-0.20362,-0.33197,0.6539,0.59301,0.29136,0.40902,-0.23985,-0.29717,-0.36164,-0.44445,0.53287,0.27377,-0.15586,-0.19222,0.016384,-0.23686,-0.048458,-0.32025,1.0745,0.75945,0.40848,0.14784,0.62363,0.52553,0.73361,0.43104,0.46825,0.26355,0.41878,0.46609,-0.10735,0.184,-0.4966,-0.39539,0.22742,0.13625,0.10394,0.13208,0.23964,0.36342,0.15559,0.44988,0.074867,0.017551,0.37321,-0.1848,0.20382,0.53503
0.52012,-0.057911,0.64526,0.59912,0.72194,-0.077129,0.47189,0.3276,1.0632,0.57182,0.7045,0.36969,0.11239,-0.14079,0.38624,0.61947,0.30524,0.15271,0.2413,0.23917,-0.068471,0.05333,0.92444,0.80198,0.94603,0,0.6082,0.50387,0.47136,0.18391,0.32486,0.029073,-0.045875,-0.38811,-0.10735,-0.29541,0.43035,0.32149,0.86823,0.95887,0.81441,0.46986,0.22788,0.056943,0.46857,0.43554,-0.47409,-0.078425,-0.20561,0.039708,-0.39046,-0.39149,0.76447,0.3618,0.58594,-0.095085,-0.14668,-0.29426,-0.37816,0.4556,1.0575,0.17397,0.27881,-0.2892,-0.20319,-0.59594,-0.45582,0.32949,0.21532,-0.12074,-0.16838,0.0093356,-0.16278,0.047371,-0.20768,0.6354,0.7599,0.38061,0.30542,0.45282,0.30671,0.32843,0.14813,0.57739,0.33229,0.23934,0.32284,-0.26733,0.1939,-0.34898,-0.29329,0.29837,0.25665,0.038468,0.25814,0.23939,0.34979,0.12301,0.34369,-0.17761,-0.11,0.10411,-0.32081,0.084567,0.54063
0.65252,0.25038,-0.010164,0.10751,0.42223,0.34826,0.28821,0.092674,0.60309,0.50459,0.085137,-0.15595,-0.18142,-0.14828,-0.34234,-0.028311,-0.30455,0.077428,-0.42941,-0.24937,-0.071874,-0.0090242,0.64661,0.64139,0.08054,0.6082,0,0.9978,0.1938,0.046222,-0.014897,-0.10473,-0.18973,-0.23949,-0.3216,-0.40747,-0.25684,-0.39728,0.1733,0.1695,0.34828,0.49203,-0.054765,-0.10671,-0.21666,-0.081001,-0.39995,-0.36275,-0.15704,0.046963,0.11453,-0.2208,0.53514,0.26684,0.053524,0.08803,-0.076696,-0.36984,-0.33068,0.027561,0.33997,-0.21167,-0.01263,-0.11618,0.12687,-0.36429,-0.49873,0.21704,0.43181,-0.063728,-0.091539,-0.33528,-0.42882,-0.46436,-0.53603,-0.050355,0.016167,-0.14004,0.039181,-0.22531,-0.18287,-0.063848,0.012177,0.26355,0.046633,-0.50617,-0.11611,-0.51343,-0.090545,-0.15912,-0.20619,0.027187,-0.0020709,0.017566,0.097317,-0.010974,0.034085,-0.076,0.065244,-0.29525,-0.088071,-0.47039,-0.14133,0.34982,0.40184
0.7838,0.5722,0.0084236,0.076941,0.24612,0.16581,0.053994,0.018758,0.54344,0.64832,-0.041186,0.056956,0.067009,-0.036253,-0.17158,0.046343,-0.18049,0.040228,-0.22443,-0.29996,0.19725,0.11149,0.40626,0.70329,-0.027282,0.50387,0.9978,0,0.12106,0.20149,0.021007,0.17378,0.062461,0.0521,-0.20388,-0.28335,-0.25,-0.32983,0.029713,0.089391,0.29829,0.20908,-0.089102,-0.21181,-0.070908,0.10562,-0.37015,-0.20619,0.041074,-0.02,0.098568,-0.17728,0.33435,0.43526,0.19153,0.30134,-0.12314,-0.34025,-0.20191,-0.001788,0.35886,0.013355,0.0045027,-0.05773,0.016685,-0.20358,-0.13518,0.10791,0.3503,0.1505,0.087795,-0.16391,-0.0042891,-0.063728,-0.060629,-0.15322,0.033536,0.075701,0.233,-0.11838,-0.17866,0.0068722,0.034404,0.34563,0.12721,-0.28185,-0.079838,-0.35543,-0.07609,0.088499,0.13439,0.055703,0.17504,-0.092345,0.054986,0.025999,0.081739,-0.24783,-0.10022,-0.023641,0.089053,-0.26074,-0.0020603,-0.074445,0.24419
0.57763,0.21994,0.32508,0.23451,0.82537,0.2475,0.98684,0.58149,0.88709,0.55956,0.82703,0.62426,-0.017939,-0.04376,0.14591,-0.033805,-0.036287,-0.26033,-0.1352,-0.26396,-0.50196,-0.18791,0.47152,0.18251,0.39413,0.47136,0.1938,0.12106,0,1.0007,1.0643,0.4671,0.20671,-0.11819,0.26906,0.39263,0.411,0.38681,0.74241,0.74073,0.60143,0.26725,0.47594,0.45829,0.46064,0.41483,-0.43104,-0.056212,-0.21821,0.24809,-0.025505,-0.59412,0.24203,-0.0083539,0.028555,-0.22322,-0.074034,0.012509,-0.21369,0.07654,0.25757,0.33796,0.22685,-0.33796,-0.29326,-0.42642,-0.51338,0.43776,0.26804,0.34835,0.399,0.31937,0.1322,-0.0032282,-0.19041,0.41367,0.11842,-0.15301,0.021969,-0.019553,-0.12284,0.015428,-0.13568,0.051475,-0.16327,-0.19628,-0.27363,0.016487,0.32665,-0.49492,-0.34841,0.25839,0.11182,-0.066333,-0.10066,0.34033,0.2787,0.49278,0.46978,-0.1766,-0.090924,-0.088618,-0.061788,-0.10111,0.15235
0.52295,0.47143,0.21013,0.17475,0.37153,0.16954,0.56112,0.53833,0.58878,0.67009,0.44001,0.86113,0.18449,0.0081557,-0.06247,-0.34076,-0.13422,-0.46441,-0.074184,-0.36462,-0.4871,-0.30469,0.24655,0.24419,0.13051,0.18391,0.046222,0.20149,1.0007,0,0.71097,0.86402,0.16238,0.063249,0.054006,0.32867,0.15437,0.29052,0.32913,0.43128,0.3174,-0.027844,0.095998,0.081105,0.19151,0.22833,-0.24013,0.032818,-0.20197,0.33943,0.29542,-0.52696,0.13161,-0.082678,0.040153,-0.12806,-0.23441,0.05027,-0.2021,-0.092877,0.14045,0.37899,0.11319,-0.32374,-0.27342,-0.1577,-0.15771,0.19896,0.052851,0.63157,0.69119,0.25585,0.3261,0.051705,0.031061,0.2567,0.064907,-0.086739,0.027872,-0.048925,-0.086647,0.072347,-0.057781,-0.0408,-0.22613,-0.24683,-0.43175,0.16706,0.26699,-0.22433,-0.060961,0.27568,0.1933,0.064935,0.012182,0.4488,0.39438,0.21429,0.23714,-0.18438,-0.1252,-0.1211,-0.13815,-0.30392,-0.068022
0.59462,0.32825,0.41634,0.35251,0.8766,0.18315,0.85471,0.49618,0.6508,0.54562,0.83891,0.59631,0.13981,-0.16082,0.21371,0.024374,0.031439,0.0041149,-0.19246,-0.074218,-0.41644,0.14003,0.35173,0.24327,0.25968,0.32486,-0.014897,0.021007,1.0643,0.71097,0,0.56884,0.38672,0.07332,0.56157,0.66696,0.33998,0.46845,0.67447,0.69387,0.55893,0.14837,0.48342,0.38474,0.54617,0.50669,-0.5232,-0.18826,-0.097662,0.28288,0.038538,-0.549,0.23024,-0.13688,0.085387,-0.17393,0.046515,0.10063,-0.22663,0.20608,0.24539,0.48226,0.069344,-0.010942,-0.013376,-0.30671,-0.37054,0.30943,0.067068,0.78104,0.69714,0.77553,0.43173,0.14107,-0.08497,0.41813,0.299,0.075623,0.14119,0.025575,-0.14535,-0.07973,-0.082324,0.2433,0.094262,0.025157,-0.058293,0.10943,0.44949,-0.3021,-0.1081,0.40693,0.28709,0.22594,0.23077,0.4375,0.40956,0.30596,0.31883,0.0077328,0.0097953,0.10376,0.20467,-0.14999,0.10557
0.21997,0.38053,0.003074,-0.024341,0.076663,0.18394,0.15682,0.30828,0.38794,0.6748,0.31927,0.81699,0.39027,-0.067896,-0.043473,-0.30671,0.056801,-0.32689,-0.17488,-0.42623,-0.17096,-0.1762,0.12855,0.2407,-0.036254,0.029073,-0.10473,0.17378,0.4671,0.86402,0.56884,0,0.14759,0.1238,-0.01048,0.37071,0.18514,0.28691,0.085335,0.1589,0.057602,-0.16602,0.009401,0.081751,0.11635,0.17647,-0.11133,0.0126,-0.40934,0.026612,0.047099,-0.7725,-0.15286,-0.2417,-0.22923,-0.17076,-0.45813,0.27292,-0.040075,-0.19283,0.13235,0.14174,-0.23568,-0.52613,-0.50467,0.075967,0.027551,0.20521,-0.097999,0.53767,0.38591,0.34651,0.68676,0.18057,0.069861,-0.10618,-0.12757,-0.071275,-0.1936,-0.086854,-0.066345,0.030947,0.014041,-0.072544,-0.49794,-0.23461,-0.48431,0.12933,0.07122,-0.026563,-0.042625,-0.16594,-0.20629,-0.15556,-0.10478,0.070647,0.064127,-0.26289,-0.3297,-0.38591,-0.5503,-0.16394,-0.04303,-0.64879,-0.50291
0.045131,0.38394,0.13611,0.029268,0.2337,0.07741,0.043157,0.32079,0.042817,0.21698,0.36682,0.44526,0.69794,0.60162,0.23978,0.14439,-0.0022894,0.012197,0.20955,0.15137,0.054773,0.3903,-0.50037,-0.024764,-0.0045641,-0.045875,-0.18973,0.062461,0.20671,0.16238,0.38672,0.14759,0,1.1776,1.1749,1.0063,0.2642,0.28292,-0.1392,-0.099551,-0.34366,-0.51163,0.075528,0.10488,0.77723,0.99553,0.094778,0.27787,0.27271,0.38524,0.25942,-0.11961,-0.11498,0.22833,0.29295,-0.042533,-0.059234,0.16378,0.19629,-0.17283,0.02458,0.29466,0.24121,0.17839,-0.004165,0.1988,0.11514,-0.015286,0.050944,0.71992,0.62721,0.51349,0.76944,0.50266,0.44493,0.13843,0.18721,0.45809,0.54697,0.10001,0.0069787,-0.18178,-0.37037,0.16984,0.25479,0.37906,0.10776,0.45339,0.33221,0.4373,0.58692,0.16012,0.18006,-0.080861,0.19051,0.23896,0.19444,0.28582,0.22998,0.4531,0.44701,0.2093,0.31682,0.031761,0.23968
-0.18674,0.33481,-0.1687,-0.21043,-0.2329,-0.11918,-0.38816,-0.047576,-0.3369,0.028322,-0.07197,0.32062,0.5357,0.47305,-0.17824,-0.18206,-0.27276,-0.08935,0.1075,0.033371,0.06977,0.342,-0.70429,-0.17057,-0.34949,-0.38811,-0.23949,0.0521,-0.11819,0.063249,0.07332,0.1238,1.1776,0,0.60495,0.7582,-0.068154,0.039098,-0.51091,-0.48294,-0.64148,-0.94222,-0.3031,-0.23204,0.19606,0.3579,0.24394,0.24715,0.21836,0.24974,0.42318,0.12974,-0.48171,-0.037011,0.01037,-0.088227,-0.20173,0.19339,0.2099,-0.44652,-0.28707,0.03438,-0.059126,0.30284,-0.0071313,0.34594,0.33302,-0.39872,-0.24139,0.67936,0.50136,0.21291,0.60427,0.30177,0.52328,-0.19224,-0.083484,0.38865,0.50595,-0.11113,-0.025568,-0.26927,-0.35465,0.017219,0.13325,0.21188,0.01006,0.46092,0.1758,0.56253,0.71439,-0.038027,0.049197,-0.11203,0.12919,-0.067819,-0.090807,-0.042425,-0.088267,0.39784,0.37144,0.074316,0.34269,-0.02667,0.038201
0.13533,0.32354,0.30977,0.1966,0.38713,0.20359,0.30339,0.31786,0.061947,0.0093188,0.42046,0.15181,0.28182,0.36971,0.37069,0.24829,0.13203,0.35553,0.10732,0.25814,0.016719,0.53955,-0.41186,-0.15325,0.042964,-0.10735,-0.3216,-0.20388,0.26906,0.054006,0.56157,-0.01048,1.1749,0.60495,0,1.1796,0.34216,0.32271,0.074988,0.042977,-0.12421,-0.20456,0.52926,0.51911,0.89098,0.93678,0.061721,0.27218,0.39914,0.32082,0.083579,-0.03057,0.0053074,0.22643,0.29263,0.14957,0.40147,0.30106,0.35296,0.13909,-0.011067,0.37025,0.29649,0.33074,0.18956,0.22751,0.13747,0.17901,0.17088,0.62811,0.67291,0.86116,0.6438,0.52564,0.33403,0.26799,0.19837,0.30851,0.46385,0.12355,-0.15694,-0.1107,-0.19467,0.25594,0.39967,0.45697,0.24605,0.48227,0.55649,0.28932,0.45271,0.37781,0.32776,0.089078,0.15223,0.38939,0.31227,0.55207,0.41048,0.5416,0.51983,0.3103,0.39739,0.16819,0.25241
0.011804,0.24579,0.1954,0.089411,0.18801,0.11692,0.25428,0.28955,0.016944,0.063139,0.45233,0.44778,0.3021,0.28934,0.059156,-0.14459,0.042616,0.069821,0.027775,0.030954,-0.32105,0.19446,-0.41084,-0.24814,-0.013776,-0.29541,-0.40747,-0.28335,0.39263,0.32867,0.66696,0.37071,1.0063,0.7582,1.1796,0,0.37876,0.49191,0.0092639,-0.065601,-0.27465,-0.50657,0.24938,0.36295,0.55659,0.58501,0.10452,0.18744,0.10525,0.4105,0.16818,-0.19207,-0.29175,-0.20904,-0.025311,-0.15709,0.071009,0.44027,0.22852,-0.061545,-0.20461,0.22211,0.02241,0.10084,-0.074891,0.33361,0.076965,0.16574,0.020457,0.8478,0.77852,0.72308,0.68448,0.28229,0.17883,0.15934,-0.034814,0.10261,0.22824,-0.037403,-0.09048,-0.080728,-0.13277,0.093917,0.021973,0.16394,-0.02136,0.58749,0.41755,0.13132,0.2647,0.14289,0.050194,0.038945,-0.0008964,0.22959,0.15413,0.32194,0.20053,0.27092,0.19452,0.093413,0.35366,0.034575,0.049088
-0.15434,-0.46069,0.83216,0.54281,0.19893,-0.19369,0.30234,0.35731,0.28036,0.084283,0.77347,0.62464,0.24312,0.31417,0.82245,0.54393,0.91892,0.12789,0.7347,0.3946,-0.25882,-0.14172,0.1599,-0.032433,1.0683,0.43035,-0.25684,-0.25,0.411,0.15437,0.33998,0.18514,0.2642,-0.068154,0.34216,0.37876,0,1.3847,0.70297,0.53465,0.099563,-0.090832,0.32872,0.31829,0.90179,0.65203,-0.090707,0.096084,-0.43785,0.079271,-0.53872,-0.29302,0.055677,-0.11513,0.32829,-0.45379,-0.13731,-0.0020415,-0.084328,0.45185,0.27594,0.37184,0.35911,-0.25991,-0.44282,-0.10948,-0.20577,0.49961,0.27223,-0.032411,-0.034231,0.32168,0.17785,0.21697,-0.099965,0.74286,0.41445,0.35231,0.10772,0.54012,0.44318,0.75367,0.43243,0.20163,0.052592,0.4685,0.33369,0.045969,0.1087,-0.30641,-0.28502,0.090862,-0.03143,-0.13931,-0.090812,0.17125,0.21698,0.26544,0.32097,0.1212,-0.059059,0.46337,-0.034448,0.070028,0.16557
-0.15914,-0.4697,0.95182,0.683,0.17833,-0.39711,0.31557,0.30171,0.23677,0.052958,0.84301,0.80115,0.25317,0.11232,0.6322,0.32644,0.85472,0.064877,0.79907,0.52455,-0.50976,-0.21692,0.074237,-0.048115,0.97594,0.32149,-0.39728,-0.32983,0.38681,0.29052,0.46845,0.28691,0.28292,0.039098,0.32271,0.49191,1.3847,0,0.65483,0.49539,0.090208,-0.2906,0.15758,0.13561,0.76709,0.53551,-0.12742,0.015987,-0.33578,0.28647,-0.37727,-0.29409,0.04991,-0.2845,0.39627,-0.56169,-0.18203,-0.040819,-0.3019,0.4323,0.22965,0.36951,0.17001,-0.22259,-0.43098,-0.10668,-0.23186,0.37682,0.064948,0.15534,0.12652,0.32975,0.18372,0.14895,-0.10987,0.97336,0.57184,0.36868,0.15827,0.62304,0.62907,0.6842,0.3969,0.3107,0.14062,0.49965,0.41292,0.17629,0.10367,-0.42543,-0.25868,0.16192,0.070452,0.1391,0.079006,0.28468,0.3366,0.19799,0.41253,0.12895,-0.057675,0.44353,-0.019776,0.039651,0.24461
0.42653,-0.23803,0.8736,0.73004,0.6989,-0.0098728,0.82948,0.31162,0.67331,0.22016,0.67392,0.32725,-0.13217,-0.11953,0.45715,0.41956,0.41018,0.20379,0.23866,0.24433,-0.4392,-0.1061,0.85993,0.21001,1.014,0.86823,0.1733,0.029713,0.74241,0.32913,0.67447,0.085335,-0.1392,-0.51091,0.074988,0.0092639,0.70297,0.65483,0,1.5301,1.0907,0.51948,0.525,0.32335,0.41451,0.26934,-0.62717,-0.24615,-0.35842,0.073444,-0.42886,-0.27529,0.48029,-0.11787,0.32399,-0.21993,0.12984,-0.21,-0.38641,0.65361,0.39803,0.39405,0.3179,-0.093889,-0.10341,-0.63876,-0.60903,0.44999,0.33382,-0.003096,-0.0089665,0.17173,-0.20444,-0.15115,-0.42955,0.87365,0.52923,0.18621,0.053718,0.3258,0.13727,0.47097,0.38858,0.34714,0.25117,0.16462,0.29107,-0.27613,0.26064,-0.88603,-0.65976,0.43937,0.2898,0.17645,0.071002,0.26988,0.32555,0.23725,0.48497,-0.0095838,-0.0049051,0.25163,-0.050552,0.1773,0.39237
0.46718,-0.02704,0.68231,0.56795,0.80322,0.083773,0.85547,0.58858,0.74534,0.45644,0.63234,0.38759,0.010823,-0.062271,0.49364,0.51004,0.33365,0.087748,0.22256,0.17887,-0.25476,-0.021094,0.93655,0.41216,0.91194,0.95887,0.1695,0.089391,0.74073,0.43128,0.69387,0.1589,-0.099551,-0.48294,0.042977,-0.065601,0.53465,0.49539,1.5301,0,1.1273,0.61904,0.43275,0.2346,0.45323,0.36137,-0.54372,-0.10103,-0.30291,-0.036023,-0.36403,-0.46405,0.46193,0.016632,0.28596,-0.2002,0.019098,-0.13404,-0.27396,0.41812,0.50852,0.39919,0.40954,-0.17497,-0.1003,-0.61458,-0.47312,0.45206,0.28764,0.091291,0.037575,0.17075,-0.06674,-0.021356,-0.23388,0.72596,0.6073,0.23301,0.036076,0.18836,-0.0018307,0.26981,0.16129,0.25494,0.21075,0.1668,0.12992,-0.16756,0.41483,-0.52671,-0.37349,0.44451,0.33921,0.16447,0.19634,0.31833,0.42335,0.16131,0.42126,-0.090827,-0.027394,0.1783,-0.084136,-0.060873,0.22679
0.83407,0.10984,0.45148,0.44971,0.75412,0.056521,0.6594,0.11683,0.79092,0.30442,0.32645,0.067769,-0.31697,-0.45232,0.14463,0.28806,0.042563,0.17426,-0.10194,-0.02441,-0.14002,0.078237,1.1079,0.4344,0.45633,0.81441,0.34828,0.29829,0.60143,0.3174,0.55893,0.057602,-0.34366,-0.64148,-0.12421,-0.27465,0.099563,0.090208,1.0907,1.1273,0,0.83345,0.52832,0.26784,0.10588,0.03953,-0.66525,-0.21771,-0.0097007,-0.054201,-0.31157,-0.14922,0.57622,0.11831,0.24148,0.18291,0.26227,-0.16215,-0.25739,0.52457,0.5038,0.21808,0.21068,-0.043489,0.062571,-0.67565,-0.40159,0.20339,0.13658,-0.019877,-0.0023806,0.12082,-0.22817,-0.093703,-0.23081,0.43407,0.38027,0.051951,0.096125,0.15825,-0.079905,0.15064,0.1722,0.37388,0.30633,0.03364,0.15507,-0.28751,0.31619,-0.6044,-0.4412,0.55004,0.49301,0.21267,0.11179,0.2584,0.30353,0.14594,0.2805,-0.10257,0.012144,0.06441,-0.083649,-0.051784,0.29517
0.53299,0.12727,0.1412,0.22307,0.57549,0.56828,0.54377,0.25787,0.51917,0.29945,0.058937,-0.40713,-0.47882,-0.21416,0.17522,0.38157,0.06868,0.26406,-0.30479,-0.050527,0.2134,0.12623,0.75433,0.41676,0.17339,0.46986,0.49203,0.20908,0.26725,-0.027844,0.14837,-0.16602,-0.51163,-0.94222,-0.20456,-0.50657,-0.090832,-0.2906,0.51948,0.61904,0.83345,0,0.63939,0.50203,-0.05921,-0.040387,-0.43482,-0.21562,-0.05443,-0.37522,-0.26401,-0.15931,0.59362,0.32539,-0.0056152,0.33617,0.43602,-0.23809,-0.048293,0.32832,0.38411,-0.079775,0.3934,-0.1318,0.29529,-0.54413,-0.37472,0.3018,0.4036,-0.29791,-0.22734,-0.028321,-0.31394,-0.24925,-0.4154,0.10957,0.14844,-0.17406,-0.20352,-0.13516,-0.42626,0.023069,0.13674,0.10435,0.10885,-0.25777,-0.0091732,-0.52564,0.10102,-0.28538,-0.34556,0.266,0.23127,0.19272,0.12563,0.22424,0.26308,0.11359,0.17722,-0.22934,-0.055752,-0.077716,0.074387,0.10571,0.037944
0.44117,0.18592,0.49696,0.47189,0.5081,0.38276,0.55681,0.23753,0.48566,0.11158,0.37089,-0.10001,-0.35517,-0.082174,0.4475,0.48821,0.35576,0.62074,-0.057734,0.21647,0.17637,0.40463,0.16991,0.10902,0.20352,0.22788,-0.054765,-0.089102,0.47594,0.095998,0.48342,0.009401,0.075528,-0.3031,0.52926,0.24938,0.32872,0.15758,0.525,0.43275,0.52832,0.63939,0,1.7281,0.51576,0.4892,-0.15474,0.21767,0.19242,-0.17534,-0.39208,-0.072882,0.37051,0.40958,0.22452,0.5036,0.86555,0.15587,0.32458,0.56455,0.34693,0.10443,0.40883,-0.061533,0.073209,-0.13364,0.034118,0.31745,0.26582,-0.011426,0.12614,0.57656,0.21779,0.30358,0.036229,0.32951,0.2178,0.052097,0.22063,0.18879,-0.30487,0.20969,0.20603,0.38043,0.31494,0.1915,0.3026,0.040661,0.49128,-0.16145,-0.072359,0.46639,0.4107,0.15246,0.013185,0.47356,0.41181,0.55806,0.4377,0.082635,0.11013,0.23694,0.19874,0.11217,0.10882
0.24822,0.13737,0.30583,0.28365,0.37368,0.48931,0.48441,0.27502,0.38668,0.072366,0.36195,-0.096193,-0.33665,-0.0099255,0.31284,0.31639,0.30752,0.48609,-0.12593,0.1307,0.13773,0.28126,0.019164,-0.011969,0.10356,0.056943,-0.10671,-0.21181,0.45829,0.081105,0.38474,0.081751,0.10488,-0.23204,0.51911,0.36295,0.31829,0.13561,0.32335,0.2346,0.26784,0.50203,1.7281,0,0.43605,0.43156,0.031252,0.31907,0.12445,-0.18393,-0.36176,-0.15351,0.17941,0.30881,0.021326,0.38631,0.69541,0.30788,0.4474,0.32655,0.21226,-0.085216,0.30333,-0.23585,-0.061722,0.020952,0.063604,0.34963,0.24662,-0.055695,0.067605,0.48921,0.24383,0.24796,-0.0018547,0.17989,0.023433,-0.11368,0.065936,0.057929,-0.33765,0.11732,0.10726,0.21426,0.071778,0.048806,0.13306,0.14535,0.43024,-0.11861,-0.10003,0.22642,0.14859,0.038427,-0.12574,0.34139,0.25751,0.53362,0.35009,-0.071602,-0.05212,0.060413,0.16419,0.10767,-0.017446
0.12989,0.063009,0.73217,0.50824,0.53815,-0.036916,0.39437,0.55395,0.46619,0.29917,0.93325,0.53991,0.42504,0.28723,1.0019,0.73555,0.62664,0.21557,0.54632,0.44473,0.051194,0.30102,-0.037411,0.19661,0.65243,0.46857,-0.21666,-0.070908,0.46064,0.19151,0.54617,0.11635,0.77723,0.19606,0.89098,0.55659,0.90179,0.76709,0.41451,0.45323,0.10588,-0.05921,0.51576,0.43605,0,1.7849,-0.079549,0.3053,0.11617,0.2098,-0.29595,-0.33236,0.29434,0.44291,0.67505,-0.05343,0.063088,0.051459,0.077125,0.37242,0.55264,0.50282,0.5146,-0.10388,-0.18723,-0.066296,-0.030412,0.41725,0.20833,0.27883,0.31666,0.69872,0.54484,0.69881,0.28629,0.7083,0.6762,0.54265,0.49182,0.58895,0.25398,0.27758,-0.018732,0.42309,0.37528,0.7304,0.38998,0.28716,0.40325,0.11022,0.22621,0.34016,0.3031,-0.0087501,0.21213,0.52259,0.53706,0.54054,0.5377,0.30934,0.22745,0.51184,0.057083,-0.025033,0.319
