,,,,,,,,,,,,,,,,,,,,,,,,,,,,,,,,,,,,,,,,,,,,,,,,,,,,,,,,,,,,,,,,,,,,,,,,,,,,,,,,,,,,,,,,,,,,,,,,,,,,,,,,
0,0.7909,0.31019,0.35323,1.1128,0.42296,1.3201,0.64269,0.97731,0.62133,0.26217,-0.084326,-0.11312,-0.20475,0.0053099,0.067952,-0.11444,0.15277,-0.37598,-0.12345,0.0093501,0.18855,0.64709,0.66388,0.19328,0.47715,0.67626,0.53619,0.47524,0.38789,0.5325,0.12679,-0.22222,-0.38172,-0.094248,-0.1227,-0.25654,-0.21143,0.42412,0.58212,0.88338,0.6292,0.43016,0.2502,0.18175,0.28599,-0.4656,-0.19279,0.088472,0.094768,0.089137,-0.28771,0.8252,0.33444,0.25514,0.4607,0.43031,0.024716,-0.094168,0.37309,0.43588,0.26255,0.2738,-0.037802,0.313,-0.25605,-0.30497,0.43599,0.40311,0.37993,0.52185,0.2905,0.065613,-0.089175,-0.20096,0.27916,0.29451,-0.23436,0.0047153,-0.12805,-0.38852,0.015949,0.13933,0.33305,0.26233,-0.38947,-0.1664,-0.12833,0.43206,-0.078134,-0.020208,0.67026,0.54448,0.42199,0.23263,0.75333,0.60322,0.47401,0.41468,-0.25239,-0.015328,-0.40556,-0.20714,0.085724,0.32938
0.7909,0,-0.26117,-0.21473,0.40268,0.69936,0.39971,0.62781,0.34268,0.60427,-0.065159,-0.060842,0.005679,-0.006646,-0.25903,-0.22128,-0.48521,-0.10127,-0.54162,-0.43395,0.23748,0.43216,-0.016162,0.33458,-0.42748,-0.12074,0.32811,0.5545,0.29095,0.48141,0.36312,0.30765,0.20917,0.17495,0.40226,0.20489,-0.67715,-0.58893,-0.26419,0.0052422,0.15782,0.22982,0.30938,0.26421,0.11655,0.36475,0.021844,0.17571,0.37808,-0.091599,0.2636,-0.24406,0.16232,0.47695,-0.11389,0.52803,0.17946,0.30922,0.34058,-0.2926,0.030427,0.027019,0.25168,0.02876,0.34796,0.13272,0.18769,0.095764,0.19997,0.77485,0.92008,0.52136,0.66529,0.35815,0.34131,-0.2786,-0.13485,-0.19148,0.065269,-0.49006,-0.74655,-0.42154,-0.31543,0.0049114,0.11829,-0.30123,-0.52509,0.27378,0.46231,0.56214,0.60772,0.38509,0.40007,0.12536,0.13977,0.4148,0.34999,0.14451,0.015758,-0.10079,0.14082,-0.55361,0.085136,-0.2407,-0.13405
0.31019,-0.26117,0,2.0633,0.43339,-0.37224,0.36262,0.038892,0.64997,0.15922,0.50326,0.24844,0.098316,-0.13836,0.40409,0.47254,0.8684,0.48598,0.66986,0.75256,-0.090906,0.091494,0.67369,0.4874,1.1879,0.81326,-0.0042842,-0.19966,0.067551,0.02359,0.17413,0.025145,-0.14107,-0.2724,-0.27354,-0.074213,0.63874,0.91943,0.79208,0.60418,0.48531,0.067715,0.082296,0.014059,0.46768,0.3389,-0.27774,-0.0017781,-0.16788,0.41983,-0.21348,-0.01695,0.60102,-0.0054481,0.96082,0.070449,0.28447,-0.15556,-0.26343,1.1686,0.87154,0.070023,0.13156,-0.37652,-0.30389,-0.24852,-0.20563,0.32467,-0.017146,-0.05566,-0.096459,-0.062483,-0.26246,-0.27696,-0.37004,1.6162,1.1438,0.42052,0.3176,0.83748,0.62438,1.0657,0.71186,0.85605,0.38289,0.32138,0.70436,-0.047808,0.27117,-0.54725,-0.41371,0.46914,0.4307,0.54522,0.29822,0.66836,0.6442,0.4803,0.6969,-0.17144,-0.25652,0.32338,-0.28545,0.2981,0.65387
0.35323,-0.21473,2.0633,0,0.42687,-0.26641,0.39163,0.0033121,0.66463,0.15533,0.48652,0.18364,0.062465,-0.12584,0.34315,0.44558,0.79296,0.65905,0.54224,0.87025,-0.06712,0.13052,0.65357,0.53211,0.92839,0.75848,0.10577,-0.14271,0.048724,0.0012015,0.14978,0.0012375,-0.13649,-0.25519,-0.29905,-0.13408,0.46769,0.7329,0.7084,0.51287,0.47388,0.15626,0.10682,0.06114,0.30288,0.23953,-0.28384,-0.035404,-0.15333,0.4709,-0.11138,-0.013748,0.72578,0.050822,0.97787,0.1714,0.38184,-0.23595,-0.3021,1.1125,0.81779,-0.028588,0.10778,-0.32579,-0.195,-0.25434,-0.22085,0.34093,0.062414,-0.066211,-0.060498,-0.066186,-0.32134,-0.35586,-0.45321,1.4348,1.0953,0.38038,0.40697,0.8015,0.57098,1.0189,0.76569,0.92814,0.48101,0.26429,0.82144,-0.099519,0.22654,-0.5397,-0.38002,0.44094,0.42873,0.68077,0.37902,0.72351,0.69924,0.47576,0.75111,-0.19967,-0.25309,0.22429,-0.20651,0.39326,0.66525
1.1128,0.40268,0.43339,0.42687,0,0.34886,1.1749,0.72826,1.1134,0.7544,0.52797,0.021589,0.043736,-0.28661,0.12259,0.13446,0.0032814,-0.037069,-0.22186,-0.018816,-0.042578,0.20217,0.83949,0.73017,0.47609,0.80196,0.53608,0.18826,0.47821,0.23552,0.69334,0.097364,-0.13501,-0.37765,-0.031692,-0.021375,-0.039331,0.068099,0.61094,0.79053,0.77161,0.51121,0.22801,0.12745,0.46343,0.46153,-0.54876,-0.26913,-0.031459,0.23873,0.059855,-0.37332,0.85373,0.22345,0.33129,0.057388,0.18869,-0.04985,-0.28549,0.37214,0.72951,0.21145,0.20719,-0.27252,0.059895,-0.43581,-0.57695,0.42817,0.14984,0.33776,0.25654,0.20569,-0.014622,-0.20414,-0.36942,0.54326,0.58715,-0.19141,-0.13386,-0.0070164,-0.10875,0.0010857,-0.04851,0.31264,0.10721,-0.32045,-0.17224,-0.15646,0.41507,-0.27437,-0.2778,0.55398,0.39311,0.38797,0.33009,0.66773,0.52491,0.64477,0.61293,-0.48477,-0.23312,-0.29836,-0.29288,0.1727,0.49763
0.42296,0.69936,-0.37224,-0.26641,0.34886,0,0.40884,0.30365,0.29902,0.44636,-0.031469,-0.21747,-0.289,-0.10053,-0.28605,-0.45954,-0.41156,-0.083641,-0.72014,-0.4567,0.10472,0.10167,0.027797,0.054849,-0.4592,-0.090326,0.54699,0.31737,0.46232,0.39177,0.3386,0.27129,-0.11218,-0.14135,0.28013,0.096729,-0.62345,-0.60265,-0.034488,0.025768,0.10497,0.56436,0.51103,0.67755,-0.12925,-0.017393,-0.10253,-0.01779,0.035448,-0.079403,0.15088,-0.13959,0.22725,0.41295,-0.33851,0.28661,0.1872,-0.0041175,0.094239,-0.33787,-0.1083,-0.19621,0.19141,-0.14152,0.24234,-0.064502,-0.1227,0.30278,0.39139,0.3596,0.37165,0.35841,0.1876,-0.013699,-0.16588,-0.31171,-0.35377,-0.62675,-0.28607,-0.55895,-0.72966,-0.3407,-0.27335,-0.23196,-0.16246,-0.62726,-0.65154,-0.15397,0.17315,0.034656,-0.04387,0.022389,-0.022218,-0.088223,-0.19897,0.04542,-0.028051,0.13603,0.13205,-0.4093,-0.1332,-0.76561,0.13482,0.15667,-0.13161
1.3201,0.39971,0.36262,0.39163,1.1749,0.40884,0,0.60219,0.91723,0.51109,0.4222,0.039666,-0.14646,-0.26337,0.083403,-0.040786,-0.035705,0.0049105,-0.33329,-0.11852,-0.27819,-0.15225,0.74275,0.40033,0.31239,0.50809,0.53727,0.29378,0.7567,0.50981,0.86328,0.24577,-0.31459,-0.52645,-0.1455,-0.070012,-0.07016,0.030348,0.83247,0.89537,1.0873,0.67388,0.41275,0.26538,0.12288,0.10591,-0.8008,-0.43543,-0.15845,0.16709,0.059199,-0.38482,0.74081,0.028296,0.14974,0.13389,0.30667,-0.14017,-0.41341,0.37524,0.30053,0.43779,0.17479,-0.087803,0.18548,-0.48421,-0.65984,0.56939,0.42867,0.33335,0.39361,0.20332,-0.11556,-0.33865,-0.50228,0.4058,0.26337,-0.37821,-0.21796,-0.10355,-0.28399,0.05355,0.15584,0.17034,0.064525,-0.51375,-0.22033,-0.31567,0.2838,-0.52388,-0.41555,0.46757,0.32145,0.38549,0.10888,0.55145,0.4292,0.39942,0.49951,-0.29158,-0.11026,-0.31796,-0.1376,0.12555,0.30348
0.64269,0.62781,0.038892,0.0033121,0.72826,0.30365,0.60219,0,0.65015,1.3132,0.60717,0.42852,0.15402,-0.0088494,0.16253,0.12242,-0.081445,-0.38751,-0.25472,-0.29457,0.028748,0.081674,0.24522,0.73003,0.065356,0.33271,0.32134,0.55898,0.70494,0.56842,0.79697,0.52783,0.29416,0.018611,0.27089,0.21006,0.032449,-0.025413,0.18196,0.48409,0.32596,0.30617,0.30039,0.24834,0.66562,0.80004,-0.26741,-0.018263,0.022759,-0.15386,0.048436,-0.69614,0.21619,0.29372,-0.069438,-0.1344,-0.23424,0.014686,-0.14146,-0.13561,0.38047,0.2374,0.27112,-0.34942,0.022301,-0.18175,-0.18587,0.16006,0.030687,0.4412,0.36982,0.43232,0.56484,0.30439,0.16688,0.012534,0.208,-0.055118,-0.024145,-0.3058,-0.32606,-0.26071,-0.25134,0.091969,-0.073459,-0.28284,-0.36071,0.10035,0.28303,0.15993,0.25221,0.24575,0.26613,0.10529,0.3666,0.43298,0.50461,0.12585,0.16227,-0.24241,-0.019525,-0.21022,0.076411,-0.42004,-0.062927
0.97731,0.34268,0.64997,0.66463,1.1134,0.29902,0.91723,0.65015,0,0.93216,0.80766,0.30558,0.15814,-0.14697,0.23,0.29726,0.27948,0.1794,-0.015107,0.10262,0.044046,0.13187,1.0041,1.0388,0.62883,1.1676,0.64076,0.3869,0.60326,0.37465,0.55303,0.37795,-0.087277,-0.37518,-0.24801,-0.14683,0.22903,0.23917,0.72509,0.84616,0.79451,0.53309,0.29705,0.26582,0.49995,0.52434,-0.43246,-0.01331,-0.26387,0.26089,-0.099722,-0.61978,0.87463,0.37128,0.46888,0.17001,0.046068,-0.056482,-0.18644,0.43706,1.0507,0.04574,0.20167,-0.71761,-0.20235,-0.37303,-0.38458,0.71269,0.30998,0.15858,0.1397,0.16168,0.00090434,-0.10856,-0.34604,0.5988,0.58801,0.020165,0.14306,0.24401,0.078224,0.35447,0.22293,0.50732,0.093774,-0.13399,0.011285,-0.15856,0.38535,-0.2862,-0.29174,0.32033,0.23033,0.17291,0.17349,0.57776,0.5408,0.44224,0.46109,-0.70288,-0.4973,-0.31331,-0.38285,0.0375,0.35037
0.62133,0.60427,0.15922,0.15533,0.7544,0.44636,0.51109,1.3132,0.93216,0,0.73273,0.45537,0.12671,-0.10628,0.055927,0.091766,-0.001538,-0.20218,-0.21654,-0.18891,0.099259,0.25346,0.41112,1.0401,0.15212,0.50638,0.55127,0.57454,0.67374,0.55376,0.73858,0.60909,0.18519,-0.0092089,0.1657,0.18406,0.025089,0.0020602,0.22577,0.48681,0.30306,0.35283,0.28912,0.31471,0.65638,0.80506,-0.25124,0.028577,-0.15182,-0.10675,-0.069046,-0.6565,0.3355,0.35859,-0.017032,-0.1308,-0.30248,0.012221,-0.15243,-0.067546,0.59994,-0.095141,0.30817,-0.57839,-0.037419,-0.21682,-0.20973,0.25095,0.037139,0.49998,0.34906,0.52948,0.53152,0.22699,0.0063259,0.11011,0.31587,0.058774,0.075376,-0.21387,-0.22932,-0.064905,-0.10239,0.26898,-0.0067117,-0.2283,-0.28816,0.047294,0.35776,0.14582,0.14699,0.23837,0.22465,0.11145,0.38886,0.40386,0.49699,0.12147,0.16762,-0.57202,-0.28843,-0.36911,0.003374,-0.21099,0.024401
0.26217,-0.065159,0.50326,0.48652,0.52797,-0.031469,0.4222,0.60717,0.80766,0.73273,0,0.98157,0.34838,-0.12464,0.17019,0.070875,0.26955,-0.14933,0.12963,0.11342,-0.35913,-0.24262,0.39785,0.70574,0.4533,0.68286,0.24245,0.16196,0.70465,0.514,0.71738,0.68241,0.24496,-0.038707,0.020409,0.15637,0.53414,0.60606,0.53407,0.52364,0.26747,0.085874,0.046073,0.11507,0.56663,0.41696,-0.20708,0.022267,-0.2413,0.36484,0.079037,-0.59401,0.42202,0.071394,0.31532,-0.37054,-0.42696,-0.11623,-0.48915,0.20598,0.65974,0.15198,-0.025994,-0.66598,-0.33242,-0.15466,-0.27451,0.27735,-0.16264,0.14403,0.07317,0.27897,0.098059,0.065967,-0.16906,0.49839,0.4965,0.1602,0.24091,0.36989,0.49319,0.26306,0.11027,0.38195,-0.024493,0.11019,0.14391,0.11379,0.15478,-0.3498,-0.23857,0.087811,0.042791,0.15464,0.33908,0.35671,0.47282,0.19782,0.34033,-0.49378,-0.41244,-0.0091641,-0.23658,-0.06693,0.22371
-0.084326,-0.060842,0.24844,0.18364,0.021589,-0.21747,0.039666,0.42852,0.30558,0.45537,0.98157,0,0.62492,0.30504,0.17047,-0.03332,0.19132,-0.40039,0.39173,0.093918,-0.29214,-0.38685,0.096776,0.27816,0.24251,0.26576,-0.076064,0.061601,0.66762,0.7526,0.51404,0.95198,0.57804,0.41849,0.088456,0.29607,0.5737,0.65504,0.25157,0.28894,-0.0050092,-0.26041,-0.19034,-0.061998,0.43756,0.32328,0.082013,0.31386,-0.31267,0.30666,0.14634,-0.40813,-0.064601,-0.10285,0.1345,-0.46813,-0.75909,0.015461,-0.23803,-0.16156,0.18997,0.23809,0.055655,-0.48288,-0.39785,0.035373,0.04406,0.045469,-0.19702,0.25048,0.2132,0.28838,0.33158,0.25975,0.19292,0.27155,0.21259,0.38198,0.41859,0.30252,0.4806,0.27973,0.085712,0.013471,-0.1061,0.32373,0.065346,0.36092,0.13909,-0.12204,0.02137,-0.10582,-0.079935,-0.13852,0.096755,0.10052,0.20459,0.0020056,0.079538,-0.1932,-0.223,0.084794,-0.069107,-0.3601,-0.10595
-0.11312,0.005679,0.098316,0.062465,0.043736,-0.289,-0.14646,0.15402,0.15814,0.12671,0.34838,0.62492,0,0.67432,0.39939,0.2199,0.22635,-0.23245,0.40561,0.27187,0.21534,-0.11821,0.11602,0.2079,0.24372,0.28246,-0.15368,-0.10231,-0.027737,0.060673,-0.036817,0.33518,0.73642,0.51242,-0.14663,-0.028606,0.29462,0.3705,-0.15,-0.054386,-0.20605,-0.41683,-0.75593,-0.57155,0.30669,0.30904,0.25459,0.28111,-0.19779,0.63793,0.41812,-0.34971,0.052142,0.045994,0.45269,-0.059952,-0.47508,0.082,0.044514,-0.16239,0.26996,0.30788,-0.10064,-0.30155,-0.32429,0.16268,0.10549,0.16038,0.025893,0.058542,0.10902,-0.056421,0.19941,0.15601,0.19757,0.23656,0.28088,0.31285,0.33805,0.49833,0.5958,0.17923,-0.05355,-0.1712,-0.1664,0.35988,0.057915,0.24243,-0.088083,0.19937,0.15615,-0.30396,-0.28757,-0.25852,0.0099743,0.11141,0.011198,0.21038,-0.052573,-0.14508,-0.30171,0.016682,-0.31839,-0.34783,-0.08073
-0.20475,-0.006646,-0.13836,-0.12584,-0.28661,-0.10053,-0.26337,-0.0088494,-0.14697,-0.10628,-0.12464,0.30504,0.67432,0,0.38189,0.26523,0.10745,-0.16583,0.38405,0.21168,0.40158,-0.23323,-0.0056423,-0.065516,-0.038653,-0.033759,-0.0059319,0.060615,0.027788,0.044762,-0.37316,0.039858,0.57967,0.5191,-0.23681,-0.23753,0.1307,-0.011214,-0.2521,-0.20768,-0.24316,-0.086438,-0.40684,-0.24036,-0.11457,-0.024316,0.26518,0.26662,-0.17984,0.29939,0.41091,0.073532,-0.13059,0.14197,0.14045,0.14123,-0.1702,-0.23855,0.17847,-0.30324,-0.18781,0.18091,0.31981,0.02153,0.01252,0.069967,0.14188,0.051089,0.44956,-0.2157,0.043919,-0.18688,-0.018303,-0.017088,0.17511,-0.042265,-0.11683,0.16266,0.42527,0.1532,0.17112,0.2654,0.17009,-0.52814,-0.073646,0.14247,0.088295,-0.05117,-0.31093,0.24744,0.24972,-0.37494,-0.25055,-0.39726,-0.22009,-0.037685,-0.11611,0.18277,-0.054328,0.25435,0.18499,0.034067,0.19727,-0.22275,-0.25256
0.0053099,-0.25903,0.40409,0.34315,0.12259,-0.28605,0.083403,0.16253,0.23,0.055927,0.17019,0.17047,0.39939,0.38189,0,0.9736,0.92813,0.074959,0.61492,0.53518,0.57406,-0.098184,0.37365,0.23562,0.51996,0.44262,-0.15041,-0.088564,-0.011307,-0.10176,-0.099153,0.030204,-0.12069,-0.36668,-0.54287,-0.58455,0.4638,0.32071,0.33249,0.44862,0.35028,0.34496,0.098678,0.016274,0.45732,0.28986,-0.18841,-0.0038534,-0.26992,-0.027933,-0.32498,-0.11714,0.34664,0.24444,0.47301,0.15396,0.047411,-0.3587,-0.11756,0.43232,0.42425,0.4394,0.44802,-0.21801,-0.029341,-0.35527,-0.10067,0.26847,0.28917,-0.45231,-0.248,0.03432,0.021868,0.14327,0.0304,0.42595,0.52745,0.36182,0.081155,0.59964,0.32212,0.55197,0.46621,-0.057177,0.13646,0.4213,0.39278,-0.35878,-0.28295,-0.066268,-0.11341,-0.039314,0.046084,-0.024143,0.074367,0.2986,0.25937,0.18665,0.076646,0.059729,-0.11022,0.5224,-0.049842,-0.3623,-0.14965
0.067952,-0.22128,0.47254,0.44558,0.13446,-0.45954,-0.040786,0.12242,0.29726,0.091766,0.070875,-0.03332,0.2199,0.26523,0.9736,0,0.76333,0.4041,0.5186,0.57315,0.74433,0.32431,0.48044,0.54607,0.601,0.6056,0.0069805,0.082616,-0.26956,-0.4723,-0.35519,-0.30129,-0.065685,-0.29281,-0.62172,-0.68913,0.45351,0.20107,0.2013,0.32805,0.33401,0.31975,0.042378,-0.076722,0.35573,0.38332,-0.12869,0.066311,-0.14927,-0.11764,-0.38491,-0.17595,0.28161,0.33141,0.51037,0.2448,0.11996,-0.26285,0.085735,0.49308,0.69485,-0.037365,0.29917,-0.28781,-0.12812,-0.33862,-0.031536,0.18236,0.20632,-0.66297,-0.5012,-0.27475,-0.13542,0.046591,0.033685,0.3653,0.60786,0.50481,0.33154,0.49901,0.29317,0.48249,0.38822,0.29993,0.27006,0.39512,0.61634,-0.3012,-0.15928,0.11981,0.071923,0.01915,0.13608,0.033536,0.25341,0.26083,0.31302,0.13194,0.034007,0.015252,-0.080894,0.40975,-0.041361,-0.29535,0.0078989
-0.11444,-0.48521,0.8684,0.79296,0.0032814,-0.41156,-0.035705,-0.081445,0.27948,-0.001538,0.26955,0.19132,0.22635,0.10745,0.92813,0.76333,0,0.48832,0.85524,0.78235,0.2932,0.0032931,0.40008,0.2786,0.8455,0.50511,-0.2001,-0.23191,-0.15865,-0.226,-0.13568,0.1154,-0.11867,-0.26714,-0.39855,-0.22553,0.79723,0.78939,0.39526,0.29845,0.14817,0.062755,0.050141,0.093295,0.45011,0.27986,-0.060178,0.092747,-0.26903,0.1117,-0.52373,-0.073338,0.23754,0.058913,0.54687,0.057874,0.12153,-0.15978,-0.058738,0.75875,0.58774,0.023362,0.10808,-0.4878,-0.39088,-0.048816,0.0026468,0.44742,0.11879,-0.41705,-0.46184,-0.10156,-0.13555,-0.082711,-0.22011,0.6335,0.61799,0.36437,0.097694,0.76724,0.56987,1.0606,0.79993,0.41081,0.085107,0.39022,0.65899,-0.16507,-0.088611,-0.2774,-0.28464,-0.1282,-0.05298,0.1026,0.0096008,0.20574,0.2236,0.071438,0.1326,-0.076815,-0.33994,0.43977,-0.076583,-0.05312,0.10402
0.15277,-0.10127,0.48598,0.65905,-0.037069,-0.083641,0.0049105,-0.38751,0.1794,-0.20218,-0.14933,-0.40039,-0.23245,-0.16583,0.074959,0.4041,0.48832,0,0.11294,0.66739,0.31623,0.44239,0.27939,0.26469,0.20984,0.23532,0.13382,-0.045101,-0.45399,-0.48752,-0.35663,-0.29484,-0.32315,-0.25891,-0.3519,-0.35949,-0.019743,0.043642,0.096821,-0.032825,0.17901,0.23231,0.18621,0.18774,-0.25853,-0.17575,0.14532,0.15724,0.054586,0.11603,-0.16978,0.12905,0.32534,0.1948,0.40163,0.62362,0.76134,0.041926,0.2453,0.59003,0.3124,-0.4964,-0.20995,-0.084611,-0.04366,0.15837,0.24566,0.29546,0.20552,-0.37374,-0.31328,-0.24113,-0.37882,-0.22463,-0.23355,0.26549,0.30023,0.054972,0.30865,0.30892,0.10574,0.4784,0.56969,0.65433,0.40221,0.12538,0.72559,-0.047835,0.15736,-0.099125,-0.043603,0.060766,0.13887,0.37192,0.076284,0.17529,0.16892,0.1122,0.20339,-0.18668,-0.24629,-0.11183,-0.1114,0.28975,0.21087
-0.37598,-0.54162,0.66986,0.54224,-0.22186,-0.72014,-0.33329,-0.25472,-0.015107,-0.21654,0.12963,0.39173,0.40561,0.38405,0.61492,0.5186,0.85524,0.11294,0,0.8385,0.13426,-0.080928,0.12418,0.0091732,0.71697,0.32973,-0.34668,-0.30265,-0.1725,-0.085908,-0.30534,-0.060032,0.17573,0.15509,-0.24382,-0.1463,0.65538,0.79951,0.24566,0.18879,-0.023142,-0.28748,-0.31651,-0.30611,0.40683,0.23576,0.11856,0.32409,-0.075556,0.25658,-0.27397,0.26721,0.041511,0.042672,0.70259,-0.088263,-0.13077,-0.22554,-0.081122,0.36521,0.30851,0.10631,0.29713,-0.20269,-0.34985,-0.061419,0.10843,0.0098116,-0.078175,-0.27014,-0.29296,-0.21197,-0.15924,0.014512,0.076821,0.70423,0.61029,0.89384,0.45161,0.91373,0.88073,0.88718,0.45651,0.24992,0.32473,0.90835,0.75077,0.083602,-0.010449,-0.17396,-0.094517,-9.5397e-05,0.10848,0.0095134,0.037148,0.10375,0.15144,0.082359,0.25036,0.26,0.056651,0.63477,-0.095483,0.022671,0.28941
-0.12345,-0.43395,0.75256,0.87025,-0.018816,-0.4567,-0.11852,-0.29457,0.10262,-0.18891,0.11342,0.093918,0.27187,0.21168,0.53518,0.57315,0.78235,0.66739,0.8385,0,0.2761,0.18953,0.27847,0.21702,0.54152,0.43064,-0.061846,-0.31369,-0.30793,-0.29254,-0.25595,-0.21914,-0.0087071,0.035155,-0.38774,-0.35087,0.22038,0.46349,0.25461,0.17179,0.13017,0.011781,-0.1699,-0.15607,0.10972,0.051566,0.12538,0.21917,-0.088778,0.34223,-0.079327,0.28723,0.4061,0.11946,0.84821,0.16228,0.29219,-0.25112,-0.13992,0.51293,0.40597,-0.13508,0.09814,-0.071761,-0.082969,-0.077718,0.087891,0.0083695,-0.015593,-0.31396,-0.28465,-0.1881,-0.30292,-0.16442,-0.11487,0.79368,0.90968,0.63111,0.56843,0.79769,0.62643,0.73517,0.57581,0.45359,0.62822,0.61698,1.2702,-0.00022808,0.083589,-0.24413,-0.11071,0.082078,0.20215,0.43617,0.332,0.29777,0.26513,0.27575,0.51062,-0.044815,-0.14386,0.26582,-0.14327,0.30406,0.40347
0.0093501,0.23748,-0.090906,-0.06712,-0.042578,0.10472,-0.27819,0.028748,0.044046,0.099259,-0.35913,-0.29214,0.21534,0.40158,0.57406,0.74433,0.2932,0.31623,0.13426,0.2761,0,0.65745,0.1314,0.28973,-0.039128,0.11678,0.038066,0.08564,-0.40028,-0.41182,-0.49675,-0.21468,-0.018356,-0.058511,-0.27845,-0.52553,-0.16071,-0.36318,-0.32543,-0.09365,-0.0010536,0.32173,0.11695,0.12129,0.1526,0.27515,0.29749,0.35874,0.033698,-0.25025,-0.20273,0.039696,0.10266,0.64245,0.15575,0.59909,0.21941,0.041835,0.59784,-0.0047756,0.27531,-0.24536,0.37518,-0.12847,0.1254,0.018967,0.37922,0.062842,0.26502,-0.31642,-0.16264,0.06441,0.25838,0.36629,0.35847,-0.12609,0.15167,0.21852,0.20289,0.077453,-0.16169,0.10992,0.095753,-0.1052,0.17024,0.25901,0.13938,-0.09084,-0.039372,0.67464,0.44161,-0.081054,0.048536,-0.18823,0.020921,0.104,0.046127,0.14383,-0.1798,-0.10034,-0.11316,-0.013573,0.024476,-0.34157,-0.35147
0.18855,0.43216,0.091494,0.13052,0.20217,0.10167,-0.15225,0.081674,0.13187,0.25346,-0.24262,-0.38685,-0.11821,-0.23323,-0.098184,0.32431,0.0032931,0.44239,-0.080928,0.18953,0.65745,0,0.067375,0.4312,-0.025454,0.070861,0.023811,-0.035102,-0.44094,-0.3881,-0.13883,-0.25667,0.031762,0.1081,0.21476,0.067052,-0.31449,-0.25176,-0.30121,-0.11307,-0.021157,0.055504,0.17687,0.14731,0.24448,0.47711,0.24783,0.31711,0.3454,-0.22362,-0.17051,0.055299,0.080374,0.38248,0.11955,0.3901,0.34492,0.38465,0.56125,0.084896,0.4394,-0.67516,0.10189,-0.12103,0.047122,0.11085,0.35314,-0.19329,-0.28464,0.17284,0.032624,0.14796,0.35589,0.24394,0.28574,0.0070825,0.33068,0.25583,0.21406,-0.10301,-0.23778,-0.12075,-0.14938,0.45572,0.35032,0.13011,0.12825,0.28813,0.50635,0.57897,0.49107,0.35457,0.41477,0.29795,0.43097,0.29317,0.28308,0.17276,0.035522,-0.21938,-0.10375,-0.12072,0.014021,0.010257,0.071453
0.64709,-0.016162,0.67369,0.65357,0.83949,0.027797,0.74275,0.24522,1.0041,0.41112,0.39785,0.096776,0.11602,-0.0056423,0.37365,0.48044,0.40008,0.27939,0.12418,0.27847,0.1314,0.067375,0,0.65887,0.93634,1.2089,0.5401,0.083946,0.3299,0.032786,0.29274,0.043864,-0.36414,-0.5091,-0.71527,-0.40464,0.31078,0.28772,0.94565,0.97501,0.95881,0.56973,0.046124,-0.0051436,0.18307,0.11631,-0.50451,-0.21856,-0.55979,0.25405,-0.21051,-0.30012,0.64861,0.00085154,0.36601,0.044588,0.12289,-0.1199,-0.20438,0.59441,0.68808,0.093306,0.20491,-0.36223,-0.11357,-0.50131,-0.53546,0.75785,0.46038,-0.081443,-0.092416,-0.050785,-0.35097,-0.451,-0.60002,0.69387,0.56955,-0.036771,0.013202,0.22704,0.11941,0.56012,0.50283,0.23737,0.065104,-0.13095,0.1139,-0.40765,0.22993,-0.43798,-0.52934,0.19538,0.081148,0.1042,0.0049226,0.29722,0.21014,0.46819,0.34249,-0.54969,-0.48489,-0.23338,-0.32462,0.10033,0.30494
0.66388,0.33458,0.4874,0.53211,0.73017,0.054849,0.40033,0.73003,1.0388,1.0401,0.70574,0.27816,0.2079,-0.065516,0.23562,0.54607,0.2786,0.26469,0.0091732,0.21702,0.28973,0.4312,0.65887,0,0.41054,0.86316,0.59811,0.54427,0.2329,0.10205,0.281,0.19316,0.10561,-0.12336,-0.16377,-0.1801,0.14035,0.081991,0.2385,0.43659,0.39698,0.38858,0.13912,0.098265,0.53718,0.66435,-0.15959,0.062699,-0.038954,0.085312,-0.055601,-0.47151,0.6347,0.49838,0.4115,0.13153,-0.046763,-0.076256,-0.10492,0.33856,1.0912,-0.16559,0.22403,-0.47358,-0.0028557,-0.15736,-0.11232,0.31005,0.089015,0.086656,0.087901,0.25459,0.16668,0.13513,-0.047456,0.3623,0.69345,0.25762,0.41437,0.16674,0.10081,0.2309,0.2065,0.6632,0.31623,0.059062,0.24269,0.012512,0.27024,0.17398,0.19732,0.31833,0.35312,0.32068,0.61589,0.60103,0.73332,0.27158,0.26738,-0.46805,-0.26906,-0.19874,-0.15511,-0.10355,0.2558
0.19328,-0.42748,1.1879,0.92839,0.47609,-0.4592,0.31239,0.065356,0.62883,0.15212,0.4533,0.24251,0.24372,-0.038653,0.51996,0.601,0.8455,0.20984,0.71697,0.54152,-0.039128,-0.025454,0.93634,0.41054,0,1.1578,0.071356,-0.18557,0.07309,-0.12188,0.095074,-0.030295,-0.17152,-0.32419,-0.49908,-0.17829,0.84939,0.93052,0.89532,0.7506,0.50233,0.045086,-0.14655,-0.20047,0.54892,0.36218,-0.35424,-0.081968,-0.39826,0.29907,-0.41581,-0.16469,0.42364,-0.10473,0.68307,-0.19572,-0.019985,-0.11058,-0.26142,0.82644,0.86668,0.14365,0.096995,-0.49883,-0.50734,-0.35577,-0.41147,0.47136,0.061748,-0.21189,-0.38736,-0.29168,-0.37748,-0.37472,-0.45945,1.1427,0.89578,0.32798,0.037402,0.66102,0.61696,0.8341,0.49042,0.49534,0.064123,0.20366,0.39876,-0.2077,0.17905,-0.57916,-0.61474,0.13842,0.057841,0.10524,0.036685,0.24367,0.20334,0.33283,0.39744,-0.25225,-0.37978,0.24342,-0.44125,0.1804,0.58477
0.47715,-0.12074,0.81326,0.75848,0.80196,-0.090326,0.50809,0.33271,1.1676,0.50638,0.68286,0.26576,0.28246,-0.033759,0.44262,0.6056,0.50511,0.23532,0.32973,0.43064,0.11678,0.070861,1.2089,0.86316,1.1578,0,0.51131,0.17841,0.27871,0.011289,0.19491,0.034303,-0.15262,-0.39602,-0.56653,-0.40572,0.44829,0.43062,0.84421,0.90256,0.70396,0.37442,-0.01872,-0.069022,0.49691,0.40745,-0.3212,0.015865,-0.38925,0.30474,-0.23106,-0.38004,0.76433,0.2619,0.68504,-0.037577,-0.059492,-0.17489,-0.26127,0.53684,1.1873,0.018492,0.12947,-0.64521,-0.35667,-0.43609,-0.40618,0.56716,0.22077,-0.20536,-0.28965,-0.177,-0.31832,-0.21245,-0.38246,0.85083,0.89395,0.22636,0.19544,0.48743,0.40449,0.52185,0.27784,0.48845,0.14591,0.11843,0.29117,-0.23277,0.25413,-0.41222,-0.44897,0.15881,0.098962,0.058724,0.13496,0.30249,0.28475,0.42461,0.51571,-0.63285,-0.53204,-0.12949,-0.60401,0.12828,0.53618
0.67626,0.32811,-0.0042842,0.10577,0.53608,0.54699,0.53727,0.32134,0.64076,0.55127,0.24245,-0.076064,-0.15368,-0.0059319,-0.15041,0.0069805,-0.2001,0.13382,-0.34668,-0.061846,0.038066,0.023811,0.5401,0.59811,0.071356,0.51131,0,0.86963,0.413,0.19038,0.13615,-0.017939,-0.22181,-0.25248,-0.33534,-0.3783,-0.33815,-0.4326,0.25373,0.30774,0.42155,0.71771,0.13812,0.13549,-0.12081,-0.012041,-0.32443,-0.2065,-0.16231,-0.0038032,0.020978,-0.15419,0.6486,0.43118,0.028503,0.12604,0.01049,-0.31163,-0.29269,0.025972,0.24577,-0.18474,0.2772,-0.069871,0.32763,-0.29415,-0.43994,0.38421,0.57228,0.033636,0.086378,0.04564,-0.26053,-0.27353,-0.4241,0.012366,0.07258,-0.1815,0.082593,-0.2483,-0.28258,-0.0030996,0.12229,0.18097,0.2116,-0.42731,-0.087714,-0.40683,0.090394,-0.077408,-0.10974,0.077827,0.039641,0.061122,0.10917,0.087456,0.10536,0.099419,0.22663,-0.38678,-0.069732,-0.71829,-0.10778,0.3691,0.35965
0.53619,0.5545,-0.19966,-0.14271,0.18826,0.31737,0.29378,0.55898,0.3869,0.57454,0.16196,0.061601,-0.10231,0.060615,-0.088564,0.082616,-0.23191,-0.045101,-0.30265,-0.31369,0.08564,-0.035102,0.083946,0.54427,-0.18557,0.17841,0.86963,0,0.34877,0.34434,0.062672,0.12599,0.029587,-0.09183,-0.12049,-0.28778,-0.29611,-0.52219,-0.061159,0.12941,0.22682,0.43789,0.19505,0.089641,0.017866,0.19086,-0.22256,-0.064387,0.10568,-0.2915,-0.035567,-0.32919,0.25043,0.56315,-0.084631,0.20174,-0.1723,-0.26531,-0.1457,-0.17616,0.097304,-0.023797,0.2869,-0.015388,0.3268,-0.12002,-0.1131,0.19783,0.48344,0.073711,0.21329,0.10086,0.10215,0.1833,0.074732,-0.3087,-0.12257,0.0044541,0.18409,-0.32033,-0.39519,-0.19845,-0.043444,0.17408,0.19627,-0.23571,-0.15136,-0.18493,-0.050755,0.30806,0.37009,0.050055,0.13932,-0.048277,0.15215,0.069,0.2269,-0.30682,-0.091399,0.015202,0.25793,-0.3941,0.087787,-0.17394,0.029905
0.47524,0.29095,0.067551,0.048724,0.47821,0.46232,0.7567,0.70494,0.60326,0.67374,0.70465,0.66762,-0.027737,0.027788,-0.011307,-0.26956,-0.15865,-0.45399,-0.1725,-0.30793,-0.40028,-0.44094,0.3299,0.2329,0.07309,0.27871,0.413,0.34877,0,1.3113,1.0372,0.77422,0.046184,-0.098254,0.099353,0.17825,0.10969,0.10641,0.62249,0.68502,0.51921,0.4207,0.39999,0.44947,0.21155,0.13859,-0.37271,-0.024384,-0.27567,0.051552,0.064279,-0.38582,0.22408,0.045696,-0.16035,-0.22941,-0.25208,-0.115,-0.34513,-0.13209,0.050398,0.31589,0.31918,-0.31054,-0.019889,-0.31919,-0.35284,0.27677,0.19942,0.36439,0.39133,0.41597,0.16037,0.010457,-0.12925,0.12569,-0.039572,-0.1975,-0.021882,-0.19175,-0.19434,0.016311,0.00072046,-0.13179,-0.13236,-0.28794,-0.36207,-0.048042,0.27062,-0.3972,-0.26185,0.14228,0.079965,-0.06894,-0.076477,0.16676,0.19936,0.15033,0.29289,-0.30052,-0.084573,-0.28351,0.03534,-0.1109,-0.027632
0.38789,0.48141,0.02359,0.0012015,0.23552,0.39177,0.50981,0.56842,0.37465,0.55376,0.514,0.7526,0.060673,0.044762,-0.10176,-0.4723,-0.226,-0.48752,-0.085908,-0.29254,-0.41182,-0.3881,0.032786,0.10205,-0.12188,0.011289,0.19038,0.34434,1.3113,0,0.92145,0.9383,0.16834,0.12212,0.28626,0.32867,-0.051139,0.075945,0.32603,0.4185,0.29996,0.14141,0.30336,0.31475,0.20805,0.15903,-0.19448,0.10765,-0.084524,0.075194,0.1618,-0.22456,0.11824,0.054337,-0.101,-0.10366,-0.25766,-0.020938,-0.26544,-0.22197,-0.099181,0.3862,0.33373,-0.12263,0.093651,-0.11205,-0.081895,0.088459,0.087464,0.70343,0.81238,0.6415,0.42868,0.2378,0.1293,0.073466,-0.062749,-0.0033959,0.11751,-0.13981,-0.18551,-0.0071965,-0.015537,-0.10399,0.030867,-0.075236,-0.34034,0.19117,0.31697,-0.16358,0.012306,0.27136,0.24872,0.039941,-0.0030048,0.25657,0.2982,0.038232,0.22375,-0.095381,0.066129,-0.20028,0.067706,-0.17655,-0.080162
0.5325,0.36312,0.17413,0.14978,0.69334,0.3386,0.86328,0.79697,0.55303,0.73858,0.71738,0.51404,-0.036817,-0.37316,-0.099153,-0.35519,-0.13568,-0.35663,-0.30534,-0.25595,-0.49675,-0.13883,0.29274,0.281,0.095074,0.19491,0.13615,0.062672,1.0372,0.92145,0,0.81741,0.021411,-0.074066,0.33594,0.50212,0.030871,0.2424,0.5466,0.65841,0.46977,0.19941,0.33878,0.33147,0.3474,0.26644,-0.41096,-0.17155,-0.15649,0.053616,0.058445,-0.48297,0.18707,-0.20825,-0.17292,-0.33573,-0.14279,0.14178,-0.37149,-0.015341,0.14276,0.2966,0.03531,-0.24019,-0.023617,-0.21184,-0.33255,0.17751,-0.14511,0.78413,0.55286,0.60997,0.37719,0.022123,-0.13134,0.2153,0.15971,-0.21947,-0.2135,-0.24661,-0.22584,-0.15398,-0.11639,0.067714,-0.12287,-0.32102,-0.39245,0.15108,0.47022,-0.35578,-0.20605,0.32862,0.22064,0.29471,0.20931,0.33876,0.34044,0.14226,0.28329,-0.39083,-0.22321,-0.24167,0.023289,-0.12822,0.0096131
0.12679,0.30765,0.025145,0.0012375,0.097364,0.27129,0.24577,0.52783,0.37795,0.60909,0.68241,0.95198,0.33518,0.039858,0.030204,-0.30129,0.1154,-0.29484,-0.060032,-0.21914,-0.21468,-0.25667,0.043864,0.19316,-0.030295,0.034303,-0.017939,0.12599,0.77422,0.9383,0.81741,0,0.33382,0.22901,0.27577,0.50513,0.24252,0.33087,0.15004,0.20229,0.013607,-0.073092,0.1586,0.35029,0.34079,0.28938,0.032258,0.22914,-0.27659,0.089577,0.021853,-0.62252,-0.091886,-0.073892,-0.19664,-0.2143,-0.44355,0.29272,-0.026306,-0.22811,0.06136,0.17013,-0.049002,-0.55639,-0.30153,0.1973,0.094145,0.31607,-0.036124,0.52849,0.41896,0.59503,0.64441,0.29748,0.1114,-0.037884,-0.099933,-0.071994,-0.02728,-0.051795,-0.02341,0.066746,0.030501,-0.068695,-0.3699,-0.087569,-0.34463,0.31841,0.2473,-0.048669,0.012972,-0.19139,-0.21061,-0.16918,-0.12388,0.062941,0.095633,-0.12812,-0.14132,-0.38512,-0.41837,-0.23041,0.031152,-0.44026,-0.38535
-0.22222,0.20917,-0.14107,-0.13649,-0.13501,-0.11218,-0.31459,0.29416,-0.087277,0.18519,0.24496,0.57804,0.73642,0.57967,-0.12069,-0.065685,-0.11867,-0.32315,0.17573,-0.0087071,-0.018356,0.031762,-0.36414,0.10561,-0.17152,-0.15262,-0.22181,0.029587,0.046184,0.16834,0.021411,0.33382,0,1.3309,0.52771,0.50017,0.1203,0.19476,-0.51717,-0.42078,-0.62984,-0.62579,-0.49761,-0.25792,0.20991,0.39343,0.4242,0.4202,0.24809,0.4264,0.65214,-0.25679,-0.32605,0.08642,0.089294,-0.13598,-0.42821,0.12103,0.18007,-0.53558,-0.0073279,-0.056459,-0.12584,-0.23379,-0.30067,0.39938,0.28472,-0.1573,-0.21927,0.27021,0.22401,-0.055733,0.35153,0.19623,0.37874,-0.091907,-0.040543,0.19885,0.45514,0.046332,0.26543,-0.15901,-0.38786,-0.061917,-0.16719,0.1289,-0.038103,0.59397,0.033408,0.38448,0.53904,-0.25098,-0.13359,-0.1305,0.15599,0.072844,0.10951,0.033933,-0.0075117,0.12864,0.12797,-0.027681,0.20534,-0.27104,-0.077787
-0.38172,0.17495,-0.2724,-0.25519,-0.37765,-0.14135,-0.52645,0.018611,-0.37518,-0.0092089,-0.038707,0.41849,0.51242,0.5191,-0.36668,-0.29281,-0.26714,-0.25891,0.15509,0.035155,-0.058511,0.1081,-0.5091,-0.12336,-0.32419,-0.39602,-0.25248,-0.09183,-0.098254,0.12212,-0.074066,0.22901,1.3309,0,0.5613,0.6168,-0.091317,0.074058,-0.67768,-0.61283,-0.82413,-0.85078,-0.60499,-0.3298,-0.019125,0.15074,0.63343,0.47565,0.23483,0.29057,0.57089,0.060716,-0.54887,-0.10366,-0.093456,-0.19696,-0.37071,0.27858,0.26536,-0.68272,-0.29115,-0.20621,-0.16154,0.032945,-0.16181,0.57606,0.44852,-0.38899,-0.33869,0.40312,0.27975,-0.0067142,0.35964,0.16208,0.43766,-0.21516,-0.16592,0.2215,0.4174,-0.129,0.12411,-0.20628,-0.3373,-0.13485,-0.079131,0.12975,-0.050242,0.74918,0.15727,0.43979,0.60536,-0.24515,-0.13866,-0.10295,0.08765,-0.12279,-0.10918,-0.081022,-0.096309,0.18,0.18254,-0.12692,0.23826,-0.098649,-0.084446
-0.094248,0.40226,-0.27354,-0.29905,-0.031692,0.28013,-0.1455,0.27089,-0.24801,0.1657,0.020409,0.088456,-0.14663,-0.23681,-0.54287,-0.62172,-0.39855,-0.3519,-0.24382,-0.38774,-0.27845,0.21476,-0.71527,-0.16377,-0.49908,-0.56653,-0.33534,-0.12049,0.099353,0.28626,0.33594,0.27577,0.52771,0.5613,0,1.2208,-0.24729,-0.058675,-0.45007,-0.39514,-0.52904,-0.42989,0.15858,0.28067,0.25384,0.32501,0.36004,0.28853,0.72545,-0.045715,0.26471,0.082893,-0.37355,0.050399,-0.29624,-0.13411,-0.021796,0.40132,0.23576,-0.40934,-0.21497,-0.12906,-0.10442,0.0094719,-0.041043,0.51004,0.3693,-0.40617,-0.64516,0.66651,0.39598,0.38957,0.61048,0.37586,0.42805,-0.28504,-0.22673,-0.15862,-0.10047,-0.40001,-0.24785,-0.543,-0.62416,0.037428,-0.10898,-0.11295,-0.34897,0.78573,0.38681,0.27915,0.42959,0.18447,0.21909,0.16096,0.16506,0.10324,0.14633,-0.010527,0.087083,0.1454,0.27462,-0.046398,0.28407,-0.0035678,-0.015218
-0.1227,0.20489,-0.074213,-0.13408,-0.021375,0.096729,-0.070012,0.21006,-0.14683,0.18406,0.15637,0.29607,-0.028606,-0.23753,-0.58455,-0.68913,-0.22553,-0.35949,-0.1463,-0.35087,-0.52553,0.067052,-0.40464,-0.1801,-0.17829,-0.40572,-0.3783,-0.28778,0.17825,0.32867,0.50212,0.50513,0.50017,0.6168,1.2208,0,0.066341,0.28916,-0.21567,-0.27161,-0.48834,-0.67973,-0.023664,0.15506,0.26215,0.29645,0.22812,0.15297,0.23533,0.064131,0.166,-0.068449,-0.4956,-0.38063,-0.35304,-0.42776,-0.18188,0.569,0.14042,-0.27982,-0.17403,-0.10204,-0.28557,-0.14653,-0.30679,0.49119,0.18603,-0.22763,-0.668,0.79235,0.3409,0.29057,0.51701,0.090241,0.14533,-0.12348,-0.19676,-0.17605,-0.22891,-0.33866,-0.10689,-0.27944,-0.35538,0.06076,-0.37583,-0.25435,-0.41128,0.70562,0.42568,0.030239,0.12282,0.039641,-0.021904,0.0905,0.020654,0.0007831,-0.0030751,-0.043209,-0.01751,-0.014565,-0.010749,-0.071184,0.18963,0.037656,0.0039373
-0.25654,-0.67715,0.63874,0.46769,-0.039331,-0.62345,-0.07016,0.032449,0.22903,0.025089,0.53414,0.5737,0.29462,0.1307,0.4638,0.45351,0.79723,-0.019743,0.65538,0.22038,-0.16071,-0.31449,0.31078,0.14035,0.84939,0.44829,-0.33815,-0.29611,0.10969,-0.051139,0.030871,0.24252,0.1203,-0.091317,-0.24729,0.066341,0,1.2125,0.45903,0.28819,0.038677,-0.23878,-0.11544,-0.049404,0.46379,0.27437,-0.097474,0.04568,-0.46939,0.18274,-0.3014,-0.30614,-0.093226,-0.30091,0.26853,-0.41218,-0.32302,-0.035761,-0.10623,0.43319,0.43981,0.15064,-0.092991,-0.64942,-0.82877,-0.093889,-0.12792,0.25046,-0.1406,-0.38973,-0.49553,-0.25216,-0.14791,-0.11652,-0.17993,0.48597,0.29748,0.26705,0.054215,0.61639,0.76268,0.71512,0.40331,0.18839,-0.33393,0.24788,0.29794,-0.053529,-0.14104,-0.39854,-0.42951,-0.21044,-0.25452,-0.22011,-0.13374,0.00088512,0.057393,0.067296,-0.011447,-0.082699,-0.34783,0.55264,-0.15715,-0.18244,0.01961
-0.21143,-0.58893,0.91943,0.7329,0.068099,-0.60265,0.030348,-0.025413,0.23917,0.0020602,0.60606,0.65504,0.3705,-0.011214,0.32071,0.20107,0.78939,0.043642,0.79951,0.46349,-0.36318,-0.25176,0.28772,0.081991,0.93052,0.43062,-0.4326,-0.52219,0.10641,0.075945,0.2424,0.33087,0.19476,0.074058,-0.058675,0.28916,1.2125,0,0.54982,0.34478,0.047163,-0.41734,-0.24983,-0.16555,0.47212,0.25483,-0.088909,0.067072,-0.32974,0.46696,-0.15253,-0.19534,-0.0032483,-0.42647,0.45119,-0.44842,-0.22137,0.020205,-0.25201,0.4593,0.42058,0.16138,-0.1954,-0.53457,-0.79846,-0.030865,-0.1345,0.23242,-0.27999,-0.029874,-0.235,-0.15973,-0.13509,-0.21848,-0.25102,0.85245,0.55029,0.3357,0.10189,0.72037,0.92151,0.71865,0.35684,0.3527,-0.13821,0.3329,0.38563,0.15569,0.10621,-0.60379,-0.4836,-0.047679,-0.086186,0.098393,0.010792,0.14078,0.15904,0.14167,0.27068,-0.12016,-0.37356,0.43509,-0.19425,0.019126,0.26564
0.42412,-0.26419,0.79208,0.7084,0.61094,-0.034488,0.83247,0.18196,0.72509,0.22577,0.53407,0.25157,-0.15,-0.2521,0.33249,0.2013,0.39526,0.096821,0.24566,0.25461,-0.32543,-0.30121,0.94565,0.2385,0.89532,0.84421,0.25373,-0.061159,0.62249,0.32603,0.5466,0.15004,-0.51717,-0.67768,-0.45007,-0.21567,0.45903,0.54982,0,1.5107,1.1348,0.49245,0.29385,0.17781,0.22901,0.02019,-0.6816,-0.24599,-0.50855,0.14578,-0.3567,-0.18666,0.53715,-0.15894,0.30865,-0.1853,0.096255,-0.249,-0.51869,0.61939,0.42735,0.28946,0.18542,-0.31553,-0.20644,-0.6765,-0.62593,0.48288,0.21461,-0.070318,-0.12636,-0.034041,-0.40676,-0.40259,-0.5815,0.85331,0.51708,0.01849,-0.093862,0.30599,0.19334,0.53742,0.43215,0.25803,0.09882,-0.031813,0.16768,-0.37343,0.2431,-1.1279,-0.94591,0.29537,0.17976,0.18494,-0.043896,0.22949,0.21314,0.29467,0.56461,-0.34618,-0.31085,0.048533,-0.2948,0.1946,0.38472
0.58212,0.0052422,0.60418,0.51287,0.79053,0.025768,0.89537,0.48409,0.84616,0.48681,0.52364,0.28894,-0.054386,-0.20768,0.44862,0.32805,0.29845,-0.032825,0.18879,0.17179,-0.09365,-0.11307,0.97501,0.43659,0.7506,0.90256,0.30774,0.12941,0.68502,0.4185,0.65841,0.20229,-0.42078,-0.61283,-0.39514,-0.27161,0.28819,0.34478,1.5107,0,1.4321,0.61745,0.32481,0.14048,0.41255,0.23749,-0.68221,-0.1726,-0.40222,-0.019032,-0.39504,-0.31705,0.53998,0.023951,0.26607,-0.13337,-0.0017004,-0.20783,-0.42992,0.42496,0.51105,0.33982,0.3634,-0.30834,-0.085486,-0.76517,-0.53635,0.42127,0.22308,0.06973,0.019792,0.1319,-0.12328,-0.13207,-0.29011,0.68219,0.59769,0.12345,-0.046911,0.16757,0.018465,0.32331,0.24571,0.20817,0.18626,0.027852,0.050038,-0.29654,0.33879,-0.5972,-0.50501,0.39965,0.3299,0.16969,0.098794,0.31266,0.32827,0.2456,0.47422,-0.35205,-0.23823,-0.0098996,-0.25283,-0.074231,0.24388
0.88338,0.15782,0.48531,0.47388,0.77161,0.10497,1.0873,0.32596,0.79451,0.30306,0.26747,-0.0050092,-0.20605,-0.24316,0.35028,0.33401,0.14817,0.17901,-0.023142,0.13017,-0.0010536,-0.021157,0.95881,0.39698,0.50233,0.70396,0.42155,0.22682,0.51921,0.29996,0.46977,0.013607,-0.62984,-0.82413,-0.52904,-0.48834,0.038677,0.047163,1.1348,1.4321,0,0.89044,0.47236,0.20228,0.12566,0.03913,-0.70296,-0.2372,-0.25393,-0.044471,-0.29151,-0.21514,0.71895,0.11646,0.28127,0.22216,0.31387,-0.18292,-0.28826,0.534,0.40559,0.3479,0.35178,-0.073905,0.15959,-0.72958,-0.46654,0.42247,0.40006,-0.010059,0.10454,0.10733,-0.2162,-0.16892,-0.29179,0.51989,0.44176,-0.0061312,-0.007391,0.12005,-0.14978,0.25695,0.321,0.21364,0.32826,-0.054354,0.08603,-0.39211,0.29816,-0.47627,-0.40325,0.52851,0.43995,0.26911,0.088931,0.41032,0.3684,0.31055,0.41428,-0.25207,-0.1194,-0.080252,-0.25788,-0.019553,0.21958
0.6292,0.22982,0.067715,0.15626,0.51121,0.56436,0.67388,0.30617,0.53309,0.35283,0.085874,-0.26041,-0.41683,-0.086438,0.34496,0.31975,0.062755,0.23231,-0.28748,0.011781,0.32173,0.055504,0.56973,0.38858,0.045086,0.37442,0.71771,0.43789,0.4207,0.14141,0.19941,-0.073092,-0.62579,-0.85078,-0.42989,-0.67973,-0.23878,-0.41734,0.49245,0.61745,0.89044,0,0.74988,0.57135,-0.075948,-0.082165,-0.52804,-0.26971,-0.15731,-0.27474,-0.23948,-0.10651,0.68027,0.47545,-0.00044077,0.38788,0.38026,-0.4506,-0.20092,0.26024,0.21445,0.035557,0.55718,-0.02653,0.46916,-0.63456,-0.39054,0.39398,0.66483,-0.21163,0.010653,0.21771,-0.17733,-0.10532,-0.30307,0.070032,0.11157,-0.21741,-0.057987,-0.13446,-0.42653,0.094235,0.27632,0.00081336,0.28413,-0.24086,0.019563,-0.68005,-0.035527,-0.17195,-0.20047,0.23761,0.25306,0.15083,0.084641,0.26565,0.27893,0.18564,0.23549,-0.22335,-0.010145,-0.2093,0.12262,0.030245,-0.036594
0.43016,0.30938,0.082296,0.10682,0.22801,0.51103,0.41275,0.30039,0.29705,0.28912,0.046073,-0.19034,-0.75593,-0.40684,0.098678,0.042378,0.050141,0.18621,-0.31651,-0.1699,0.11695,0.17687,0.046124,0.13912,-0.14655,-0.01872,0.13812,0.19505,0.39999,0.30336,0.33878,0.1586,-0.49761,-0.60499,0.15858,-0.023664,-0.11544,-0.24983,0.29385,0.32481,0.47236,0.74988,0,1.5207,0.1726,0.16469,-0.1951,0.04977,0.12211,-0.55304,-0.40477,-0.012595,0.2668,0.37067,-0.16565,0.36986,0.522,0.026395,0.12143,0.25876,0.12747,-0.049885,0.3611,-0.13517,0.19967,-0.19079,0.058722,0.025111,0.048561,-0.011594,0.087504,0.45972,0.25808,0.26856,0.075496,-0.069474,-0.041817,-0.19218,-0.15651,-0.19863,-0.54911,-0.0049803,0.14383,0.16901,0.1483,-0.18977,-0.067567,-0.12894,0.25186,-0.093381,-0.052994,0.40719,0.41279,0.20195,0.043935,0.32101,0.34917,0.11196,0.16827,-0.13112,0.020428,0.031446,0.13779,-0.030012,-0.15542
0.2502,0.26421,0.014059,0.06114,0.12745,0.67755,0.26538,0.24834,0.26582,0.31471,0.11507,-0.061998,-0.57155,-0.24036,0.016274,-0.076722,0.093295,0.18774,-0.30611,-0.15607,0.12129,0.14731,-0.0051436,0.098265,-0.20047,-0.069022,0.13549,0.089641,0.44947,0.31475,0.33147,0.35029,-0.25792,-0.3298,0.28067,0.15506,-0.049404,-0.16555,0.17781,0.14048,0.20228,0.57135,1.5207,0,0.13702,0.14449,0.010221,0.20631,0.052382,-0.37597,-0.28597,-0.046475,0.13472,0.34535,-0.25819,0.28238,0.40475,0.12284,0.2389,0.099492,0.078872,-0.22747,0.24046,-0.33198,0.018602,0.016859,0.15241,0.11301,0.036949,-0.00035653,0.029203,0.45261,0.28485,0.21141,0.025172,-0.14061,-0.16626,-0.31326,-0.15128,-0.22923,-0.46763,0.039478,0.13055,0.078775,-0.059609,-0.27084,-0.12568,-0.016817,0.26945,-0.098866,-0.080495,0.12404,0.1352,0.042341,-0.10847,0.17645,0.18215,0.13108,0.1322,-0.28273,-0.14634,-0.12084,0.19693,0.0186,-0.23403
0.18175,0.11655,0.46768,0.30288,0.46343,-0.12925,0.12288,0.66562,0.49995,0.65638,0.56663,0.43756,0.30669,-0.11457,0.45732,0.35573,0.45011,-0.25853,0.40683,0.10972,0.1526,0.24448,0.18307,0.53718,0.54892,0.49691,-0.12081,0.017866,0.21155,0.20805,0.3474,0.34079,0.20991,-0.019125,0.25384,0.26215,0.46379,0.47212,0.22901,0.41255,0.12566,-0.075948,0.1726,0.13702,0,1.5404,-0.031152,0.25838,0.086032,-0.083523,-0.36689,-0.27684,0.2213,0.31836,0.36333,-0.1829,-0.23227,0.15651,-0.0025406,0.25961,0.85123,0.16584,0.31486,-0.61171,-0.35547,-0.062798,0.020445,0.023112,-0.38649,0.20421,0.002377,0.32918,0.54591,0.46248,0.27,0.42371,0.6665,0.42847,0.0069043,0.2946,0.23458,0.17555,-0.061015,0.38396,0.030207,0.2896,0.020456,0.26077,0.35968,0.088984,0.071489,0.301,0.29568,0.071289,0.31543,0.44573,0.47605,0.22843,0.21941,-0.19111,-0.17993,0.30703,-0.25537,-0.21726,0.20417
