,,,,,,,,,,,,,,,,,,,,,,,,,,,,,,,,,,,,,,,,,,,,,,,,,,,,,,,,,,,,,,,,,,,,,,,,,,,,,,,,,,,,,,,,,,,,,,,,,,,,,,,,
0,0.8485,0.58838,0.5902,0.89911,0.15769,1.1206,0.53616,0.96626,0.58708,0.35011,0.33183,0.3741,0.059452,0.37733,0.29699,0.11765,0.31011,0.14397,0.2873,0.06481,0.22672,0.78786,0.45081,0.64385,0.66893,0.57259,0.23558,0.4003,0.30193,0.63114,0.45263,0.10404,0.044537,0.054986,0.13292,0.21809,0.27987,0.8933,0.98674,1.0497,0.34875,0.32138,0.11049,0.4288,0.56297,-0.33865,0.095047,-0.12702,0.046332,-0.025173,-0.30525,0.69998,0.15191,0.39845,0.064126,0.095087,0.42069,0.089283,0.43561,0.51723,0.42871,0.34065,-0.17473,-0.041719,-0.25585,-0.17702,0.30273,0.16347,0.69155,0.44735,0.34953,0.55639,0.07155,-0.011257,0.62617,0.71519,0.55577,0.21249,0.21495,-0.034332,0.27637,0.29775,0.37742,0.45964,0.10693,0.15391,0.090819,0.77061,-0.0043976,0.011953,0.78017,0.43295,0.42251,0.46562,0.79582,0.6122,0.33188,0.18419,-0.33861,-0.21571,-0.032593,-0.36153,0.071516,0.29506
0.8485,0,0.25446,0.22399,0.80152,0.54772,0.5977,0.83148,0.7122,0.89252,0.38223,0.41004,0.0032879,-0.10646,0.47489,0.42775,0.23877,0.21184,0.0735,0.15393,0.34671,0.29396,0.38431,0.45378,0.27269,0.5395,0.54376,0.52562,0.42375,0.36958,0.57304,0.4267,0.099803,0.054914,0.026863,0.041401,-0.057054,0.032007,0.34205,0.69797,0.72749,0.58359,0.70149,0.58872,0.72316,0.62849,-0.25846,0.15528,0.10312,-0.24725,-0.11603,-0.15738,0.53827,0.59261,0.17724,0.053411,-0.056566,0.3146,0.083641,0.30788,0.56645,0.14005,0.4377,-0.15932,0.17051,-0.31332,0.080642,0.30457,0.22094,0.412,0.42136,0.70523,0.86029,0.58322,0.41067,0.19186,0.46353,0.29616,0.25178,-0.020541,-0.20714,0.072697,-0.046229,0.34441,0.37417,0.18457,0.037291,0.076772,0.45516,0.33353,0.33473,0.68029,0.92241,0.27086,0.52917,0.57666,0.55377,0.26375,0.17505,-0.20881,0.028366,0.022097,-0.15381,-0.18083,-0.0023976
0.58838,0.25446,0,2.2046,1.0451,0.41082,0.49548,0.51245,1.0381,0.53164,0.6836,0.55779,0.51553,0.13791,0.61477,0.6247,0.86478,0.95978,0.85371,0.75177,0.081763,0.23805,0.70073,0.54109,1.251,1.2147,0.44238,0.14231,0.042347,-0.031785,0.33644,0.36301,0.60936,0.43395,0.25095,0.36212,0.94678,1.0937,0.76484,0.55945,0.28023,-0.021197,-0.049645,0.039074,0.68255,0.69095,-0.071125,0.20911,0.013209,0.75855,0.47127,-0.082628,0.98779,0.38342,1.1781,-0.026323,0.14422,0.32046,0.18712,1.1725,1.1415,0.23877,0.0065469,-0.38537,-0.39985,0.15388,0.06563,0.94417,0.33238,0.26384,0.17664,0.18878,0.21867,-0.071888,-0.35225,1.8116,1.3287,0.62475,0.5511,0.86933,0.76747,1.0571,0.5112,0.93575,0.39993,0.44209,0.70028,0.17153,0.5834,-0.019953,-0.073691,0.39634,0.37097,0.64758,0.64931,1.0677,0.95617,0.57029,0.61657,-0.27425,-0.24091,0.34911,-0.25049,0.50257,0.80058
0.5902,0.22399,2.2046,0,0.89046,0.35097,0.46491,0.39935,1.036,0.457,0.65516,0.51647,0.50913,0.11718,0.56721,0.5873,0.82957,1.1259,0.95959,0.91859,0.075322,0.2659,0.65465,0.49912,1.1911,1.076,0.48161,0.10365,0.0015328,-0.075986,0.27217,0.33601,0.54724,0.37909,0.17684,0.26229,0.82339,1.0377,0.75392,0.52267,0.317,0.03715,-0.05427,0.033549,0.54132,0.56498,-0.062301,0.21893,0.061042,0.75106,0.40302,-0.10355,1.1116,0.41187,1.3378,0.077338,0.18309,0.26904,0.14709,1.1134,1.0737,0.20176,0.0015217,-0.38067,-0.36817,0.11222,0.03297,0.89937,0.31048,0.24163,0.12358,0.15151,0.13504,-0.13316,-0.40144,1.6996,1.3151,0.70353,0.64729,1.0585,0.87757,1.1271,0.57247,0.96851,0.52564,0.52106,0.87045,0.15853,0.55929,-0.064971,-0.082355,0.28903,0.28957,0.73566,0.69001,1.0609,0.98207,0.49742,0.52774,-0.26127,-0.24968,0.32307,-0.23421,0.54592,0.80239
0.89911,0.80152,1.0451,0.89046,0,0.5721,0.9338,1.0241,1.3205,0.98109,0.78395,0.59591,0.27025,-0.10235,0.58724,0.59981,0.70611,0.4999,0.46262,0.49262,0.16907,0.41993,0.78888,0.63385,1.1214,1.1728,0.49572,0.17808,0.31876,0.16756,0.78466,0.56859,0.42362,0.25466,0.24025,0.43457,0.54958,0.75028,0.78383,0.9774,0.63371,0.24992,0.29641,0.37826,1.1971,0.92274,-0.11852,0.2654,0.12703,0.33161,0.21908,-0.25777,0.91692,0.5225,0.70589,-0.12438,0.080815,0.74353,0.22307,0.80334,1.1969,0.24486,0.11916,-0.4829,-0.28015,0.01396,0.05469,0.75486,0.10034,0.4672,0.28475,0.59293,0.63232,0.22862,-0.016194,0.95138,1.217,0.30438,0.2753,0.35673,0.32507,0.48131,0.13683,0.75391,0.2975,0.23689,0.31978,0.38897,0.90563,0.039346,0.0096945,0.73301,0.68333,0.57932,0.68431,1.0905,0.88804,0.65585,0.58541,-0.41058,-0.27618,0.17897,-0.37975,0.16105,0.52362
0.15769,0.54772,0.41082,0.35097,0.5721,0,0.19166,0.58828,0.40696,0.56553,0.27865,0.31371,0.1338,0.095549,0.47246,0.35834,0.49497,0.40453,0.41845,0.30586,0.36635,0.30355,0.13846,0.25956,0.1695,0.56367,0.57606,0.47239,0.25321,0.28093,0.24108,0.37133,0.32531,0.14394,0.39997,0.068962,0.16387,0.15256,0.41831,0.6051,0.18397,0.55996,0.6198,0.6518,0.52801,0.38598,0.15688,0.45566,0.16569,0.22934,0.45644,0.19322,0.63638,0.89648,0.49354,0.15243,0.14078,0.063976,0.35951,0.42575,0.4942,0.10276,0.40457,-0.15343,0.10776,0.066099,0.37608,0.35602,0.24856,0.099869,0.24436,0.62015,0.44807,0.49179,0.16047,0.36117,0.40573,0.33169,0.34579,0.20865,0.15207,0.39064,0.092515,0.27285,0.4827,0.61033,0.30511,0.045453,0.42752,0.1856,0.10499,0.39283,0.48843,0.068928,0.27785,0.28499,0.3811,0.14647,0.44036,-0.2944,0.00013249,0.081243,-0.12288,0.20984,0.078433
1.1206,0.5977,0.49548,0.46491,0.9338,0.19166,0,0.54441,0.86874,0.47216,0.53129,0.51989,0.21215,-0.093677,0.23436,0.1054,0.097208,0.085122,0.074086,0.18008,-0.21825,0.056238,0.6931,0.18151,0.63506,0.48795,0.34766,-0.037325,0.66146,0.50586,1.1441,0.67535,0.098836,0.082836,0.020831,0.34634,0.22814,0.50732,1.0708,1.0713,1.1952,0.20644,0.17789,0.12555,0.39409,0.32042,-0.36984,0.087333,-0.11536,0.19792,0.078902,-0.38925,0.53904,0.022956,0.29689,-0.18301,-0.036047,0.74105,-0.071698,0.29304,0.37435,0.55563,0.16767,-0.22003,-0.15038,-0.25086,-0.30832,0.46267,0.068872,0.81731,0.60782,0.44887,0.44942,-0.041443,-0.11047,0.6392,0.53153,0.13605,0.049383,0.1021,0.033002,0.1594,0.071973,0.22141,0.13988,-0.10612,-0.013297,0.32421,0.88846,-0.34912,-0.27258,0.66255,0.37261,0.39707,0.25974,0.67856,0.44566,0.44342,0.3838,-0.28151,-0.24877,0.0066128,-0.30556,0.039626,0.30451
0.53616,0.83148,0.51245,0.39935,1.0241,0.58828,0.54441,0,0.80854,1.3353,0.94097,0.84363,0.29175,0.11067,0.62743,0.62949,0.4906,0.18812,0.23168,0.19933,0.22309,0.23473,0.40497,0.86177,0.42383,0.86193,0.5192,0.59501,0.55973,0.40491,0.73586,0.74341,0.73836,0.47372,0.40722,0.37381,0.5566,0.38625,0.40303,0.6991,0.32168,0.305,0.48011,0.56439,1.2773,1.1094,0.084469,0.43163,0.10073,0.10768,0.3519,-0.35009,0.53694,0.63258,0.33594,-0.26092,-0.28347,0.41009,0.22427,0.41674,0.82021,0.24315,0.26126,-0.41888,-0.097892,0.16743,0.34257,0.38961,0.062377,0.22606,0.33086,0.79291,1.1339,0.79698,0.49708,0.37753,0.65735,0.33419,0.46176,0.09746,0.13476,0.20073,-0.0085228,0.48792,0.22137,0.32964,0.23003,0.46054,0.56918,0.42189,0.48971,0.49978,0.68022,0.23023,0.78082,0.72817,0.90705,0.36123,0.37454,-0.25698,-0.0061299,0.2121,-0.092429,-0.22533,0.062122
0.96626,0.7122,1.0381,1.036,1.3205,0.40696,0.86874,0.80854,0,1.0875,0.94268,0.75211,0.37251,-0.044053,0.43785,0.51276,0.53158,0.51818,0.47733,0.52835,0.11625,0.31605,0.90151,0.73429,1.0514,1.2845,0.64687,0.26865,0.38797,0.2516,0.70745,0.64081,0.41962,0.23874,0.029055,0.21674,0.54099,0.75065,0.85973,0.99067,0.7252,0.26531,0.14336,0.20171,0.75385,0.72057,-0.23237,0.24735,-0.076294,0.37919,0.15717,-0.49255,0.88711,0.44013,0.75342,-0.095943,-0.16463,0.40204,0.013614,0.55361,1.077,0.098861,0.11558,-0.71604,-0.37621,-0.20925,-0.12196,0.76184,0.17815,0.50087,0.28038,0.39189,0.43857,0.10018,-0.15831,1.0082,1.3089,0.52988,0.57561,0.50354,0.44321,0.55787,0.19425,0.77055,0.34897,0.30686,0.37948,0.24552,0.73982,-0.062615,-0.049982,0.48634,0.50966,0.51945,0.71133,0.97461,0.99259,0.43408,0.52023,-0.60174,-0.47538,0.012574,-0.37355,0.10347,0.47133
0.58708,0.89252,0.53164,0.457,0.98109,0.56553,0.47216,1.3353,1.0875,0,0.93485,0.75706,0.21968,-0.036613,0.41031,0.50738,0.46853,0.20984,0.22378,0.21842,0.2562,0.3331,0.55991,1.0883,0.49088,0.98264,0.73734,0.68674,0.53136,0.42351,0.70253,0.74431,0.47908,0.29966,0.2104,0.24679,0.36191,0.33363,0.40052,0.72874,0.35499,0.34627,0.36956,0.46532,1.0706,0.95673,-0.050499,0.3339,-0.01234,0.06783,0.1176,-0.37958,0.53393,0.59752,0.31748,-0.28608,-0.42338,0.24081,0.019453,0.33441,0.90461,-0.047037,0.26949,-0.6198,-0.14189,-0.037471,0.15107,0.40596,0.068503,0.37967,0.29621,0.72669,0.83566,0.57844,0.25016,0.40339,0.7869,0.37287,0.4755,0.089251,0.13487,0.26473,0.02527,0.58793,0.24709,0.27915,0.16591,0.31467,0.51852,0.31907,0.33755,0.48444,0.65614,0.25955,0.75076,0.60014,0.82228,0.24744,0.38287,-0.53941,-0.25466,-0.069482,-0.15999,-0.16035,0.17434
0.35011,0.38223,0.6836,0.65516,0.78395,0.27865,0.53129,0.94097,0.94268,0.93485,0,1.525,0.31963,-0.032859,0.37089,0.2977,0.55759,0.24794,0.39542,0.34777,-0.17673,-0.060703,0.36677,0.63616,0.56736,0.74619,0.31947,0.24378,0.54275,0.43331,0.90717,1.0407,0.80361,0.65672,0.23068,0.56382,0.66176,0.93037,0.40422,0.41471,0.17523,-0.082251,-0.011525,0.27794,0.85866,0.62722,-0.01118,0.24519,0.06175,0.4698,0.32891,-0.43637,0.49871,0.33904,0.42688,-0.5113,-0.55292,0.32879,-0.26295,0.38094,0.75017,0.16155,-0.10122,-0.59341,-0.34144,0.20222,0.072625,0.71235,0.063518,0.40454,0.34567,0.58283,0.51571,0.32163,0.038378,0.60903,0.73564,0.23529,0.56615,0.40221,0.6088,0.3697,0.061561,0.65608,0.068559,0.28243,0.32899,0.61099,0.41037,-0.010951,0.14224,0.12056,0.38786,0.51005,0.75372,0.7476,0.94041,0.36118,0.54428,-0.27807,-0.19838,0.15719,-0.086532,-0.015141,0.36393
0.33183,0.41004,0.55779,0.51647,0.59591,0.31371,0.51989,0.84363,0.75211,0.75706,1.525,0,0.36101,0.21074,0.43209,0.23913,0.41562,0.14016,0.36327,0.21743,-0.19029,-0.35866,0.37124,0.45192,0.3927,0.64389,0.30523,0.32858,0.74562,0.67238,0.86569,1.0928,0.86134,0.89641,0.14306,0.47553,0.61253,0.75116,0.40848,0.37434,0.17163,-0.096481,-0.054137,0.22911,0.62486,0.46647,-0.12564,0.15502,-0.16317,0.47418,0.4329,-0.25165,0.34514,0.20736,0.26294,-0.52515,-0.63755,0.10539,-0.33433,0.27286,0.47724,0.31059,0.10538,-0.34431,-0.16618,0.099801,0.017809,0.7511,0.36826,0.39839,0.59544,0.52463,0.46107,0.27518,0.037149,0.52954,0.48213,0.24025,0.64506,0.29548,0.41221,0.42664,0.17548,0.36261,-0.0073829,0.21632,0.19643,0.32219,0.25724,-0.017528,0.132,0.095746,0.42205,0.29376,0.4924,0.60852,0.71772,0.3654,0.57726,-0.14441,-0.018565,0.12733,0.065686,-0.035838,0.21441
0.3741,0.0032879,0.51553,0.50913,0.27025,0.1338,0.21215,0.29175,0.37251,0.21968,0.31963,0.36101,0,0.86168,0.62663,0.27206,0.27812,0.23477,0.35219,0.43218,0.18523,-0.16478,0.43717,0.56709,0.23448,0.67314,0.22161,0.27492,0.22087,0.26874,0.10949,0.53641,0.75436,0.42893,0.28264,-0.078253,0.58586,0.24777,0.40661,0.32056,-0.012699,0.019455,-0.14519,-0.18677,0.15861,0.39116,0.26974,0.36203,-0.44654,0.85467,0.91966,-0.23717,0.44505,0.058159,0.61222,0.25464,0.051358,-0.29003,0.20377,0.25803,0.27207,0.49222,0.039251,-0.21245,-0.17073,0.37637,0.32238,0.17665,0.29512,-0.016875,0.23055,-0.0048285,0.22376,0.17796,0.046299,0.60149,0.49651,0.6015,0.52985,0.71726,0.39983,0.53007,0.5741,0.043715,0.24633,0.64573,0.37209,-0.01174,0.10763,0.10653,0.1327,-0.085443,-0.28429,-0.10223,0.12809,0.37094,0.31581,0.22896,0.27877,-0.46182,-0.4001,-0.154,-0.47168,-0.046833,-0.037813
0.059452,-0.10646,0.13791,0.11718,-0.10235,0.095549,-0.093677,0.11067,-0.044053,-0.036613,-0.032859,0.21074,0.86168,0,0.57472,0.2497,0.078193,0.026961,0.33628,0.26449,0.34541,-0.36293,0.30231,0.30201,-0.079747,0.313,0.26061,0.31922,0.26032,0.27408,-0.21706,0.14565,0.57227,0.64224,0.14769,-0.24078,0.30718,-0.14113,0.10943,0.016487,-0.18966,0.10475,-0.092485,-0.037279,-0.067238,0.18324,0.41554,0.42008,-0.5723,0.41195,0.68243,0.23632,0.087443,0.010682,0.13669,0.27579,0.090296,-0.58082,0.33409,0.0083306,-0.091112,0.3255,0.50937,0.1345,0.1569,0.37048,0.46656,0.013727,0.59878,-0.34473,0.19608,-0.10482,0.063029,0.14472,0.22742,0.20942,0.038488,0.39642,0.54787,0.19935,-0.034437,0.46726,0.68272,-0.32218,0.15131,0.35935,0.2103,-0.23271,-0.082066,0.31965,0.347,-0.18742,-0.19805,-0.47725,-0.17701,0.05657,-0.012567,0.28927,0.2844,-0.0087867,0.12881,-0.1169,0.054013,0.0098558,-0.1989
0.37733,0.47489,0.61477,0.56721,0.58724,0.47246,0.23436,0.62743,0.43785,0.41031,0.37089,0.43209,0.62663,0.57472,0,1.093,0.93477,0.61502,0.61243,0.71107,0.74344,0.13734,0.4833,0.59834,0.35856,0.74054,0.40101,0.44224,0.041353,0.041258,0.064226,0.27261,0.58393,0.44062,0.071391,-0.14798,0.37091,0.21102,0.16563,0.25492,0.14629,0.28397,0.13815,0.20291,0.62959,0.63463,0.20835,0.37849,0.0050433,0.40106,0.60366,0.16831,0.82452,0.66935,0.69107,0.40717,0.27866,0.049027,0.39726,0.80501,0.73588,0.50151,0.40249,0.0759,0.23514,0.31725,0.60489,0.61577,0.70947,-0.20103,0.3523,0.42373,0.5075,0.47367,0.33714,0.53114,0.6543,0.40845,0.59651,0.52629,0.24088,0.72064,0.59698,0.22881,0.37213,0.55991,0.53687,-0.0014057,0.15158,0.66191,0.58734,0.1673,0.41294,0.23155,0.48179,0.91986,0.65696,0.70718,0.3572,0.065768,0.15327,0.40477,0.012786,-0.034305,0.009566
0.29699,0.42775,0.6247,0.5873,0.59981,0.35834,0.1054,0.62949,0.51276,0.50738,0.2977,0.23913,0.27206,0.2497,1.093,0,1.0126,0.78454,0.62251,0.6371,0.90138,0.58553,0.52391,0.72148,0.55124,0.74889,0.45994,0.45986,-0.18553,-0.31167,-0.10701,-0.012994,0.45312,0.20639,-0.072105,-0.23646,0.48008,0.23032,0.099003,0.28097,0.21783,0.39579,0.15071,0.17123,0.62784,0.64694,0.1093,0.32026,0.17336,0.17948,0.32451,-0.045548,0.69116,0.83334,0.70379,0.39816,0.25408,0.16975,0.57252,0.84439,1.0314,0.090404,0.28517,-0.1399,0.046694,0.078833,0.43391,0.54824,0.42338,-0.41679,-0.035866,0.21328,0.31223,0.29985,0.23309,0.41019,0.6737,0.39052,0.64126,0.4278,0.30889,0.64741,0.39782,0.46717,0.38543,0.44571,0.66531,-0.018228,0.16227,0.73947,0.5962,0.18019,0.45402,0.25858,0.65867,0.78946,0.75412,0.50491,0.12101,0.063136,0.1245,0.51486,0.13205,-0.12664,0.0276
0.11765,0.23877,0.86478,0.82957,0.70611,0.49497,0.097208,0.4906,0.53158,0.46853,0.55759,0.41562,0.27812,0.078193,0.93477,1.0126,0,0.89951,0.98893,0.90572,0.53329,0.38972,0.46278,0.56415,0.73158,0.77266,0.32127,0.17406,-0.18868,-0.26459,0.054032,0.20206,0.53279,0.34097,0.021598,0.051866,0.5233,0.60985,0.10989,0.16916,-0.0019262,0.1423,-0.076148,0.20072,0.74686,0.48102,0.1957,0.24842,0.3115,0.58585,0.42964,0.13187,0.80368,0.77553,0.90954,0.18214,0.24875,0.22775,0.26397,1.087,1.1176,0.082032,0.037071,-0.19822,-0.036078,0.35388,0.38661,0.97671,0.36466,-0.20209,0.011458,0.39222,0.15928,0.16619,-0.070755,0.65527,0.8421,0.15435,0.49342,0.6852,0.74428,0.97489,0.48081,0.6082,0.27713,0.50386,0.7514,0.17777,0.15787,0.34316,0.2679,0.019576,0.35573,0.52632,0.60209,0.81098,0.7133,0.64154,0.39231,-0.029816,-0.023824,0.40424,0.024237,0.1729,0.34918
0.31011,0.21184,0.95978,1.1259,0.4999,0.40453,0.085122,0.18812,0.51818,0.20984,0.24794,0.14016,0.23477,0.026961,0.61502,0.78454,0.89951,0,1.0221,0.93558,0.34204,0.53873,0.28709,0.29858,0.66513,0.58407,0.40979,0.16286,-0.36274,-0.42154,-0.13999,-0.042508,0.29732,0.087979,0.10279,-0.058677,0.45983,0.50626,0.3567,0.25828,0.20928,0.2462,0.14688,0.12803,0.33238,0.33292,0.057293,0.24272,0.45325,0.39436,0.24454,0.14589,1.0489,0.74355,1.2076,0.47595,0.49949,0.15709,0.38764,1.3249,0.94405,0.12043,0.058883,-0.065497,-0.091197,0.1112,0.2577,0.6347,0.32873,-0.099612,-0.12277,0.073952,-0.0082081,-0.047883,-0.19689,0.71875,0.73235,0.65099,0.60043,0.98994,0.72593,0.96022,0.53423,0.77665,0.79569,0.722,1.1681,0.030536,0.31139,0.20139,0.16755,0.103,0.24725,0.65857,0.65459,0.74484,0.77075,0.30482,0.13102,0.064822,0.082736,0.54162,0.025752,0.44083,0.44295
0.14397,0.0735,0.85371,0.95959,0.46262,0.41845,0.074086,0.23168,0.47733,0.22378,0.39542,0.36327,0.35219,0.33628,0.61243,0.62251,0.98893,1.0221,0,1.3165,0.32541,0.28565,0.50104,0.39485,0.75567,0.73687,0.45036,0.006292,-0.029983,-0.19747,-0.058673,0.14172,0.62212,0.5324,0.13788,0.056997,0.59659,0.60276,0.37015,0.23399,0.065942,0.25712,-0.0022248,0.33661,0.35684,0.30517,0.38729,0.52194,0.25422,0.74148,0.40991,0.20569,0.75613,0.65103,0.93185,0.30662,0.40266,0.06062,0.41603,0.76407,0.68599,-0.016589,0.12987,-0.27266,-0.21092,0.3626,0.38198,0.75026,0.33646,-0.22368,-0.19896,0.093497,-0.14182,-0.10046,-0.18948,0.79757,0.6405,0.3619,0.8172,0.86339,0.8131,1.3927,0.65833,0.5266,0.54991,0.69858,1.1094,0.20553,0.34175,0.046119,0.11541,-0.16672,0.066642,0.33089,0.34166,0.52039,0.48644,0.62528,0.52157,-0.06321,0.011784,0.17666,-0.0088507,0.50445,0.48184
0.2873,0.15393,0.75177,0.91859,0.49262,0.30586,0.18008,0.19933,0.52835,0.21842,0.34777,0.21743,0.43218,0.26449,0.71107,0.6371,0.90572,0.93558,1.3165,0,0.46871,0.42472,0.53197,0.49584,0.68063,0.71026,0.51634,-0.022217,-0.084911,-0.21792,-0.051113,0.14206,0.4099,0.32515,0.034245,-0.10835,0.31667,0.41534,0.31793,0.25769,0.19613,0.38447,0.042297,0.30753,0.36741,0.36099,0.42227,0.55957,0.23247,0.60229,0.30825,0.070113,1.0828,0.69875,1.1021,0.54014,0.52635,0.14138,0.37269,0.69189,0.7162,-0.0088207,0.11815,-0.29269,-0.1118,0.32414,0.39477,0.57394,0.21416,-0.20036,-0.14648,0.18965,0.013835,0.0027202,-0.083569,0.78942,0.85482,0.40506,0.71522,0.94587,0.68057,0.978,0.63332,0.54623,0.70703,0.70727,1.1715,0.23248,0.38862,0.1114,0.16419,-0.081704,0.064056,0.47411,0.45442,0.70271,0.54164,0.64949,0.47416,-0.16596,-0.16477,0.13185,-0.19746,0.42672,0.44919
0.06481,0.34671,0.081763,0.075322,0.16907,0.36635,-0.21825,0.22309,0.11625,0.2562,-0.17673,-0.19029,0.18523,0.34541,0.74344,0.90138,0.53329,0.34204,0.32541,0.46871,0,0.55587,0.33893,0.50556,0.081552,0.37541,0.39873,0.39198,-0.29491,-0.32863,-0.47191,-0.26634,0.040161,-0.10251,-0.24864,-0.76367,-0.10882,-0.36423,-0.22911,0.064369,0.038352,0.65813,0.21112,0.20181,0.25393,0.3027,0.32105,0.34586,0.011862,-0.058548,0.099777,0.18592,0.36903,0.71881,0.33292,0.79741,0.41403,-0.17171,0.63122,0.25005,0.38743,-0.16651,0.48385,-0.01474,0.34435,0.028195,0.50903,0.11059,0.35445,-0.62953,-0.16039,0.14761,0.17069,0.38238,0.36068,0.013243,0.31387,0.16987,0.3286,0.12952,-0.083928,0.33166,0.3083,-0.010739,0.31191,0.37557,0.2964,-0.29409,-0.087049,0.83915,0.56074,0.021906,0.22643,-0.14565,0.1617,0.229,0.15406,0.29608,0.014981,-0.10705,-0.014074,0.0021043,-0.018694,-0.20593,-0.26752
0.22672,0.29396,0.23805,0.2659,0.41993,0.30355,0.056238,0.23473,0.31605,0.3331,-0.060703,-0.35866,-0.16478,-0.36293,0.13734,0.58553,0.38972,0.53873,0.28565,0.42472,0.55587,0,0.232,0.39937,0.40895,0.31557,0.42998,0.10351,-0.30934,-0.5171,-0.14713,-0.24093,-0.12886,-0.45583,0.077824,-0.20249,0.019257,-0.031078,0.16009,0.40318,0.35714,0.69259,0.52475,0.37449,0.3265,0.33377,0.22665,0.40983,0.6078,-0.18965,-0.20417,-0.16993,0.5204,0.75788,0.46351,0.46389,0.51589,0.45022,0.71002,0.41562,0.64107,-0.33548,0.052992,-0.32709,-0.12586,-0.053425,0.25533,-0.017688,-0.37147,-0.21126,-0.54042,0.12168,0.10827,0.12592,0.13562,0.11881,0.42423,0.17689,0.082413,0.13451,0.1182,0.11567,-0.060747,0.46669,0.56064,0.29113,0.44727,0.23846,0.48243,0.27002,0.20482,0.25064,0.14805,0.24031,0.40984,0.23915,0.29781,0.088388,-0.12846,-0.22369,-0.15842,0.097948,-0.15763,0.014516,0.11962
0.78786,0.38431,0.70073,0.65465,0.78888,0.13846,0.6931,0.40497,0.90151,0.55991,0.36677,0.37124,0.43717,0.30231,0.4833,0.52391,0.46278,0.28709,0.50104,0.53197,0.33893,0.232,0,0.66136,0.9962,0.969,0.61038,0.11369,0.3408,0.16229,0.34619,0.33244,0.23495,0.23648,-0.22494,-0.037307,0.37598,0.38754,0.65535,0.71448,0.62754,0.29828,-0.15471,-0.019725,0.38174,0.41593,-0.099404,0.22859,-0.37579,0.42493,0.1488,-0.17389,0.51039,0.13861,0.45075,0.058702,0.08014,0.23044,0.18084,0.38899,0.57167,0.097137,0.3337,-0.39424,-0.19508,-0.11699,-0.087739,0.64495,0.38532,0.2031,0.22252,0.16068,0.10459,-0.19388,-0.24197,0.80742,0.75219,0.19437,0.36451,0.23763,0.15068,0.72844,0.54951,0.22687,0.14987,0.026228,0.18808,0.031295,0.5032,-0.032963,-0.079572,0.3101,0.21382,0.12582,0.14442,0.56979,0.3461,0.75493,0.51599,-0.45192,-0.40791,-0.23226,-0.2486,0.063377,0.33155
0.45081,0.45378,0.54109,0.49912,0.63385,0.25956,0.18151,0.86177,0.73429,1.0883,0.63616,0.45192,0.56709,0.30201,0.59834,0.72148,0.56415,0.29858,0.39485,0.49584,0.50556,0.39937,0.66136,0,0.46163,1.0718,0.74555,0.69546,0.27934,0.17075,0.23814,0.48851,0.65162,0.40479,0.23264,0.011415,0.46585,0.19079,0.21688,0.44127,0.10871,0.34198,0.15417,0.26803,0.78715,1.0152,0.30877,0.53191,-0.075358,0.23517,0.29475,-0.35151,0.55207,0.56549,0.45629,0.013456,-0.19227,0.015079,0.25539,0.36483,0.83978,-0.11567,0.18912,-0.59454,-0.17267,0.2932,0.47775,0.25595,0.0697,-0.034667,0.028633,0.4027,0.58939,0.54026,0.33862,0.41496,0.80278,0.4988,0.68482,0.28953,0.24734,0.43062,0.32028,0.5392,0.37684,0.50049,0.4403,0.28386,0.3258,0.58021,0.61188,0.17037,0.23273,0.11821,0.65859,0.53708,0.69392,0.31453,0.28964,-0.49198,-0.29493,-0.098237,-0.21093,-0.19086,0.094204
0.64385,0.27269,1.251,1.1911,1.1214,0.1695,0.63506,0.42383,1.0514,0.49088,0.56736,0.3927,0.23448,-0.079747,0.35856,0.55124,0.73158,0.66513,0.75567,0.68063,0.081552,0.40895,0.9962,0.46163,0,0.97314,0.32518,-0.16331,0.034659,-0.18541,0.38207,0.22236,0.34672,0.24939,0.0022445,0.3498,0.72758,1.0397,0.69978,0.59306,0.48229,0.043716,-0.11011,0.068379,0.62223,0.53034,-0.12595,0.13788,0.07525,0.52969,0.10433,-0.21872,0.67929,0.25392,0.79377,-0.070174,0.21086,0.61913,0.2092,0.79299,0.97229,0.040752,-0.056772,-0.54819,-0.51983,-0.010661,-0.14945,0.8749,0.097693,0.25788,-0.044461,0.099728,0.041756,-0.29646,-0.44822,1.1954,1.1084,0.22732,0.30204,0.5479,0.60054,0.77099,0.3216,0.77981,0.19978,0.11994,0.47205,0.27808,0.67764,-0.20026,-0.22933,0.35036,0.31177,0.60184,0.46488,0.8466,0.6403,0.73253,0.53039,-0.33001,-0.36015,0.13904,-0.31098,0.38231,0.83796
0.66893,0.5395,1.2147,1.076,1.1728,0.56367,0.48795,0.86193,1.2845,0.98264,0.74619,0.64389,0.67314,0.313,0.74054,0.74889,0.77266,0.58407,0.73687,0.71026,0.37541,0.31557,0.969,1.0718,0.97314,0,0.66449,0.38826,0.30177,0.17912,0.39947,0.55076,0.77341,0.50035,0.24263,0.1767,0.76926,0.62929,0.68212,0.78399,0.3348,0.26746,0.12418,0.26429,0.89912,1.0144,0.097079,0.47758,-0.15684,0.6195,0.48774,-0.26905,0.87319,0.56488,0.90871,0.037653,0.0062333,0.17252,0.31711,0.66237,1.1499,0.062528,0.16577,-0.69782,-0.39252,0.12005,0.24673,0.70192,0.29387,0.15327,0.14586,0.30597,0.43454,0.23614,-0.017231,1.1231,1.3428,0.60722,0.74346,0.6167,0.48634,0.82911,0.37973,0.69847,0.3895,0.56023,0.5299,0.18573,0.58964,0.16928,0.13438,0.36503,0.38013,0.25071,0.56617,0.82917,0.81449,0.6027,0.71082,-0.63014,-0.42543,-0.0089405,-0.43435,0.15192,0.40947
0.57259,0.54376,0.44238,0.48161,0.49572,0.57606,0.34766,0.5192,0.64687,0.73734,0.31947,0.30523,0.22161,0.26061,0.40101,0.45994,0.32127,0.40979,0.45036,0.51634,0.39873,0.42998,0.61038,0.74555,0.32518,0.66449,0,0.74288,0.42287,0.3343,0.21174,0.37447,0.20077,0.1753,0.11708,-0.14125,0.10877,0.012083,0.53601,0.7244,0.48461,0.87776,0.41716,0.40889,0.33897,0.43036,0.13209,0.5126,-0.013298,0.040449,0.14082,0.015514,0.77459,0.67008,0.4009,0.17847,-0.012733,0.00065321,0.22367,0.35234,0.49421,-0.029978,0.79449,-0.19082,0.22211,-0.0039864,0.23808,0.25193,0.25422,0.17034,0.26253,0.60786,0.42807,0.27418,0.11633,0.39374,0.54112,0.64953,0.67859,0.12073,0.031255,0.54407,0.5646,0.38066,0.91483,0.44462,0.50239,0.072231,0.5936,0.33453,0.35464,0.39845,0.37835,0.19948,0.49302,0.42308,0.58074,0.13893,0.23895,-0.26653,-0.0024826,-0.078706,0.089561,0.16331,0.17031
0.23558,0.52562,0.14231,0.10365,0.17808,0.47239,-0.037325,0.59501,0.26865,0.68674,0.24378,0.32858,0.27492,0.31922,0.44224,0.45986,0.17406,0.16286,0.006292,-0.022217,0.39198,0.10351,0.11369,0.69546,-0.16331,0.38826,0.74288,0,0.29475,0.41752,0.07553,0.35509,0.33656,0.18701,0.19896,-0.21174,0.11482,-0.21835,0.057187,0.29359,0.048545,0.423,0.36141,0.16975,0.31111,0.44982,-0.0088554,0.2045,-0.1182,-0.12279,0.32768,-0.038646,0.28918,0.49511,0.099335,0.042699,-0.3773,-0.37703,0.067983,0.20713,0.3241,0.078865,0.49629,0.028179,0.33902,0.010556,0.39799,0.031998,0.3896,-0.011133,0.39387,0.47046,0.64974,0.7459,0.47732,-0.02588,0.1649,0.61842,0.56812,-0.017259,-0.11618,0.17971,0.27016,0.18288,0.43344,0.45284,0.18724,-0.17896,-0.017077,0.84209,0.76859,0.25059,0.37145,-0.086998,0.45506,0.19204,0.48009,-0.21948,-0.10772,-0.06604,0.20224,0.10146,0.24564,-0.33806,-0.34029
0.4003,0.42375,0.042347,0.0015328,0.31876,0.25321,0.66146,0.55973,0.38797,0.53136,0.54275,0.74562,0.22087,0.26032,0.041353,-0.18553,-0.18868,-0.36274,-0.029983,-0.084911,-0.29491,-0.30934,0.3408,0.27934,0.034659,0.30177,0.42287,0.29475,0,1.601,0.9808,1.0521,0.36424,0.48658,0.27169,0.35529,0.11284,0.11787,0.57696,0.62802,0.40348,0.22488,0.2741,0.4292,0.24351,0.24299,0.020212,0.38919,-0.30576,0.11441,0.20943,-0.25397,0.061043,-0.012321,-0.17817,-0.45657,-0.5095,0.081825,-0.17639,-0.222,-0.01627,0.23233,0.31493,-0.26921,-0.098732,-0.0016661,0.041824,0.079686,0.056661,0.52813,0.56157,0.46736,0.44929,0.27562,0.27545,0.15402,0.034214,0.054579,0.24975,-0.23276,-0.19592,-0.017823,-0.03382,-0.11058,0.0099761,-0.020988,-0.20836,0.39764,0.48968,-0.18498,0.034908,0.18841,0.12849,-0.20321,-0.036164,0.061013,0.093551,0.19314,0.46133,-0.30294,-0.0631,-0.38387,-0.053293,-0.16962,-0.057161
0.30193,0.36958,-0.031785,-0.075986,0.16756,0.28093,0.50586,0.40491,0.2516,0.42351,0.43331,0.67238,0.26874,0.27408,0.041258,-0.31167,-0.26459,-0.42154,-0.19747,-0.21792,-0.32863,-0.5171,0.16229,0.17075,-0.18541,0.17912,0.3343,0.41752,1.601,0,0.84881,1.0616,0.25903,0.39817,0.25209,0.26945,-0.033109,-0.00095363,0.42789,0.4471,0.24816,0.094002,0.19733,0.24342,0.13365,0.14504,-0.093123,0.20815,-0.44448,0.10172,0.26567,-0.13575,0.014103,-0.10482,-0.23611,-0.43739,-0.61168,-0.12701,-0.37591,-0.25843,-0.12622,0.33213,0.30756,-0.076656,0.060799,-0.029614,0.01766,0.02941,0.19449,0.61035,0.86622,0.47617,0.48858,0.33642,0.24829,0.080983,-0.051083,0.097562,0.16247,-0.23208,-0.26691,-0.078158,-0.015217,-0.20538,-0.033115,-0.012955,-0.32897,0.17618,0.25298,-0.13754,0.017959,0.19988,0.12717,-0.22495,-0.09279,-0.0042285,0.030582,0.026374,0.38085,-0.26074,-0.048813,-0.36382,-0.037724,-0.17043,-0.1368
0.63114,0.57304,0.33644,0.27217,0.78466,0.24108,1.1441,0.73586,0.70745,0.70253,0.90717,0.86569,0.10949,-0.21706,0.064226,-0.10701,0.054032,-0.13999,-0.058673,-0.051113,-0.47191,-0.14713,0.34619,0.23814,0.38207,0.39947,0.21174,0.07553,0.9808,0.84881,0,1.1734,0.28357,0.30773,0.26366,0.75928,0.24422,0.55454,0.67709,0.71359,0.54284,-0.028008,0.20192,0.30373,0.5929,0.40874,-0.29265,0.066386,-0.058791,0.15283,0.078696,-0.40854,0.26807,-0.0077074,0.043638,-0.67722,-0.44815,0.57696,-0.35164,0.12056,0.31746,0.37553,0.0022343,-0.33494,-0.22735,-0.069796,-0.2103,0.35902,-0.091051,1.0506,0.65012,0.64673,0.62926,0.19994,0.03778,0.39726,0.37036,0.00082348,0.0092096,-0.05076,0.042802,-0.027771,-0.17476,0.26959,-0.064521,-0.1239,-0.17796,0.55947,0.65496,-0.32235,-0.16537,0.50174,0.40576,0.33791,0.30742,0.44852,0.40955,0.27615,0.45624,-0.31843,-0.20313,-0.080407,-0.22913,-0.040814,0.28218
0.45263,0.4267,0.36301,0.33601,0.56859,0.37133,0.67535,0.74341,0.64081,0.74431,1.0407,1.0928,0.53641,0.14565,0.27261,-0.012994,0.20206,-0.042508,0.14172,0.14206,-0.26634,-0.24093,0.33244,0.48851,0.22236,0.55076,0.37447,0.35509,1.0521,1.0616,1.1734,0,0.64607,0.52243,0.35118,0.43336,0.35774,0.45395,0.57591,0.62437,0.26459,0.086076,0.11397,0.26488,0.48036,0.38868,-0.015958,0.26366,-0.17031,0.46479,0.47835,-0.39522,0.3784,0.13693,0.21867,-0.39338,-0.49816,0.095728,-0.30339,0.12029,0.31369,0.40923,0.053567,-0.352,-0.12791,0.17172,0.075157,0.34265,0.065205,0.60427,0.64983,0.66977,0.58951,0.37291,0.12477,0.41246,0.38837,0.21109,0.36502,0.21893,0.26248,0.21058,0.11857,0.20098,0.12196,0.29847,0.080297,0.43763,0.38707,-0.1371,0.047366,0.14285,0.12697,0.15359,0.31574,0.37674,0.45457,0.15883,0.42166,-0.4424,-0.25713,-0.21405,-0.23269,-0.13484,0.063711
0.10404,0.099803,0.60936,0.54724,0.42362,0.32531,0.098836,0.73836,0.41962,0.47908,0.80361,0.86134,0.75436,0.57227,0.58393,0.45312,0.53279,0.29732,0.62212,0.4099,0.040161,-0.12886,0.23495,0.65162,0.34672,0.77341,0.20077,0.33656,0.36424,0.25903,0.28357,0.64607,0,1.1549,0.56732,0.38303,1.1481,0.59637,0.28664,0.23534,-0.1857,-0.05951,0.030068,0.28019,0.59178,0.67486,0.3703,0.48788,-0.054338,0.7295,0.93418,-0.22435,0.3428,0.34525,0.49759,-0.1616,-0.19225,-0.078445,0.22247,0.36978,0.50852,0.21199,-0.050886,-0.4248,-0.36806,0.55115,0.50623,0.37682,0.17003,-0.13137,0.051802,0.16743,0.33697,0.3789,0.22363,0.51657,0.45595,0.44088,0.84222,0.57381,0.62321,0.53611,0.26561,0.39898,0.17119,0.67601,0.55708,0.34047,0.17857,0.20101,0.35023,-0.12573,0.033813,0.028139,0.42774,0.41992,0.57246,0.33038,0.46667,-0.18552,-0.021637,0.16896,-0.11073,-0.00054009,0.10165
0.044537,0.054914,0.43395,0.37909,0.25466,0.14394,0.082836,0.47372,0.23874,0.29966,0.65672,0.89641,0.42893,0.64224,0.44062,0.20639,0.34097,0.087979,0.5324,0.32515,-0.10251,-0.45583,0.23648,0.40479,0.24939,0.50035,0.1753,0.18701,0.48658,0.39817,0.30773,0.52243,1.1549,0,0.39459,0.53831,0.65526,0.47009,0.15322,-0.0011275,-0.25839,-0.23887,-0.10035,0.30258,0.47776,0.51429,0.26009,0.29748,-0.21454,0.50299,0.53177,0.11203,0.13692,0.094124,0.14,-0.38392,-0.2652,-0.12862,-0.044275,0.20858,0.23309,0.14423,0.14018,-0.18106,-0.17485,0.51702,0.34457,0.3976,0.34503,0.0034092,0.23313,0.18965,0.26177,0.20582,0.14212,0.4259,0.26668,0.24157,0.62628,0.25376,0.29018,0.4883,0.34603,0.26492,0.018491,0.25445,0.30308,0.25461,0.10785,0.12391,0.28378,-0.070332,0.17895,0.058873,0.2419,0.32983,0.33787,0.50656,0.70603,0.056479,0.20333,0.12392,0.1097,0.24181,0.30162
0.054986,0.026863,0.25095,0.17684,0.24025,0.39997,0.020831,0.40722,0.029055,0.2104,0.23068,0.14306,0.28264,0.14769,0.071391,-0.072105,0.021598,0.10279,0.13788,0.034245,-0.24864,0.077824,-0.22494,0.23264,0.0022445,0.24263,0.11708,0.19896,0.27169,0.25209,0.26366,0.35118,0.56732,0.39459,0,0.71091,0.43039,0.18072,0.32312,0.23088,-0.23381,-0.037926,0.56742,0.5196,0.41875,0.55793,0.52393,0.54393,0.29832,0.16971,0.41944,0.039362,0.19934,0.23658,0.16544,-0.21813,0.076506,0.14573,0.38329,0.22866,0.18599,0.18366,-0.087167,-0.14431,-0.28785,0.72849,0.62002,-0.21272,-0.35939,0.16367,-0.065744,0.21811,0.46636,0.48447,0.38516,0.1942,0.12865,0.36353,0.076409,0.11288,0.11787,-0.019495,-0.098989,0.30919,0.32795,0.46305,0.23044,0.58347,0.49414,0.10069,0.22756,0.22202,-0.017539,0.0085806,0.22412,0.054226,0.20158,-0.0077991,0.25687,-0.12828,0.10791,0.11969,-0.2245,0.27533,0.20671
0.13292,0.041401,0.36212,0.26229,0.43457,0.068962,0.34634,0.37381,0.21674,0.24679,0.56382,0.47553,-0.078253,-0.24078,-0.14798,-0.23646,0.051866,-0.058677,0.056997,-0.10835,-0.76367,-0.20249,-0.037307,0.011415,0.3498,0.1767,-0.14125,-0.21174,0.35529,0.26945,0.75928,0.43336,0.38303,0.53831,0.71091,0,0.47238,0.70126,0.33088,0.13285,-0.083733,-0.52929,0.091184,0.29425,0.55302,0.42107,-0.047392,-0.0092783,0.17911,0.16132,0.048913,-0.027,0.002893,-0.1522,-0.041893,-1.0041,-0.227,0.54106,-0.1881,0.21553,0.20162,0.15043,-0.27024,-0.20991,-0.44665,0.33662,-0.058113,0.18869,-0.29969,0.62139,0.14623,0.23743,0.30594,0.026049,-0.07905,0.33789,0.19537,-0.05444,-0.16914,-0.041481,0.16824,-0.037223,-0.22963,0.45299,-0.17192,-0.16882,-0.06956,0.65583,0.47399,-0.32095,-0.18723,0.35502,0.26925,0.38816,0.24513,0.22774,0.23601,0.24275,0.47712,-0.0025971,0.067751,0.19214,-0.10062,0.42049,0.69519
0.21809,-0.057054,0.94678,0.82339,0.54958,0.16387,0.22814,0.5566,0.54099,0.36191,0.66176,0.61253,0.58586,0.30718,0.37091,0.48008,0.5233,0.45983,0.59659,0.31667,-0.10882,0.019257,0.37598,0.46585,0.72758,0.76926,0.10877,0.11482,0.11284,-0.033109,0.24422,0.35774,1.1481,0.65526,0.43039,0.47238,0,1.007,0.49925,0.33935,-0.028361,-0.21364,-0.15544,-0.042571,0.47655,0.54855,0.10257,0.22586,-0.021585,0.77399,0.72709,-0.30837,0.33594,0.15008,0.64174,-0.24062,-0.09337,0.1754,0.27484,0.57883,0.60881,0.23894,-0.20471,-0.44687,-0.60871,0.34116,0.14363,0.5103,0.098799,-0.02159,-0.058454,-0.05122,0.10853,-0.019064,-0.16556,0.76712,0.57197,0.42928,0.55312,0.61866,0.80736,0.6188,0.27764,0.55456,0.088104,0.39963,0.54323,0.27537,0.30774,-0.013996,0.027438,0.044584,0.030229,0.1941,0.4287,0.50244,0.64258,0.29986,0.33834,-0.17063,-0.12127,0.33627,-0.12967,0.13338,0.33384
0.27987,0.032007,1.0937,1.0377,0.75028,0.15256,0.50732,0.38625,0.75065,0.33363,0.93037,0.75116,0.24777,-0.14113,0.21102,0.23032,0.60985,0.50626,0.60276,0.41534,-0.36423,-0.031078,0.38754,0.19079,1.0397,0.62929,0.012083,-0.21835,0.11787,-0.00095363,0.55454,0.45395,0.59637,0.47009,0.18072,0.70126,1.007,0,0.5852,0.34139,0.17003,-0.34296,-0.27637,-0.022841,0.51841,0.33404,-0.16444,-0.0029173,0.11676,0.81442,0.36181,-0.26319,0.45589,0.090875,0.67465,-0.40038,-0.10978,0.49384,-0.11863,0.6516,0.67271,0.20008,-0.39109,-0.47639,-0.64689,0.13897,-0.18537,0.96743,0.068259,0.34874,0.096525,0.10996,0.013994,-0.24173,-0.5072,1.036,0.72362,0.15489,0.30966,0.68096,1.0215,0.59594,0.14649,0.75151,-0.0082757,0.16554,0.42578,0.4061,0.41753,-0.40627,-0.34495,0.11835,0.19837,0.65849,0.45471,0.68477,0.66431,0.44196,0.54348,-0.17331,-0.25264,0.33544,-0.19977,0.36802,0.74761
0.8933,0.34205,0.76484,0.75392,0.78383,0.41831,1.0708,0.40303,0.85973,0.40052,0.40422,0.40848,0.40661,0.10943,0.16563,0.099003,0.10989,0.3567,0.37015,0.31793,-0.22911,0.16009,0.65535,0.21688,0.69978,0.68212,0.53601,0.057187,0.57696,0.42789,0.67709,0.57591,0.28664,0.15322,0.32312,0.33088,0.49925,0.5852,0,1.37,0.84869,0.28385,0.26169,0.16048,0.24508,0.31827,-0.14528,0.34267,-0.10911,0.45832,0.31967,-0.27567,0.65318,0.13132,0.56423,-0.043796,0.10613,0.39695,0.19613,0.40253,0.41215,0.40102,0.16737,-0.34638,-0.3824,-0.12795,-0.13983,0.38409,0.078571,0.62233,0.30907,0.18006,0.20165,-0.16113,-0.26314,0.93717,0.56148,0.49827,0.29341,0.3516,0.25308,0.44415,0.23782,0.33092,0.43712,0.24195,0.26465,0.25675,1.1187,-0.43744,-0.35398,0.51476,0.12667,0.22333,0.18169,0.46453,0.41808,0.28771,0.4603,-0.45439,-0.30572,-0.064645,-0.37264,0.32426,0.41946
0.98674,0.69797,0.55945,0.52267,0.9774,0.6051,1.0713,0.6991,0.99067,0.72874,0.41471,0.37434,0.32056,0.016487,0.25492,0.28097,0.16916,0.25828,0.23399,0.25769,0.064369,0.40318,0.71448,0.44127,0.59306,0.78399,0.7244,0.29359,0.62802,0.4471,0.71359,0.62437,0.23534,-0.0011275,0.23088,0.13285,0.33935,0.34139,1.37,0,1.0747,0.64635,0.47648,0.3205,0.41754,0.44272,-0.11887,0.40479,-0.047362,0.22977,0.25824,-0.44493,0.69148,0.37465,0.50167,0.042762,0.041647,0.442,0.3015,0.32322,0.52415,0.26358,0.26886,-0.45727,-0.23268,-0.22549,-0.044006,0.31013,0.0053089,0.48938,0.29004,0.42078,0.4494,0.13876,0.00034426,0.61609,0.59683,0.41538,0.29987,0.18373,0.10732,0.28311,0.099391,0.31563,0.47234,0.28722,0.19945,0.24626,1.0523,-0.1573,-0.13059,0.62802,0.28222,0.13136,0.28939,0.46103,0.48389,0.21367,0.31043,-0.61413,-0.36696,-0.14584,-0.41817,-0.011779,0.13497
1.0497,0.72749,0.28023,0.317,0.63371,0.18397,1.1952,0.32168,0.7252,0.35499,0.17523,0.17163,-0.012699,-0.18966,0.14629,0.21783,-0.0019262,0.20928,0.065942,0.19613,0.038352,0.35714,0.62754,0.10871,0.48229,0.3348,0.48461,0.048545,0.40348,0.24816,0.54284,0.26459,-0.1857,-0.25839,-0.23381,-0.083733,-0.028361,0.17003,0.84869,1.0747,0,0.61024,0.35123,0.15557,0.13933,0.1235,-0.42271,0.10039,0.011346,-0.081831,-0.16138,-0.37678,0.52452,0.19202,0.27099,0.17716,0.12915,0.56695,0.10102,0.21549,0.31676,0.26743,0.28572,-0.1618,-0.03222,-0.61082,-0.32734,0.3019,0.084053,0.47482,0.31001,0.26465,0.23464,-0.1057,-0.065459,0.36055,0.35578,0.19567,0.12047,0.043141,-0.099393,0.10627,0.036075,0.16025,0.35679,-0.048674,0.057731,0.090741,0.73237,-0.22925,-0.1892,0.55249,0.33636,0.27065,0.19996,0.45906,0.32887,0.23487,0.070438,-0.21158,-0.16948,-0.026322,-0.18843,-0.079767,0.073012
0.34875,0.58359,-0.021197,0.03715,0.24992,0.55996,0.20644,0.305,0.26531,0.34627,-0.082251,-0.096481,0.019455,0.10475,0.28397,0.39579,0.1423,0.2462,0.25712,0.38447,0.65813,0.69259,0.29828,0.34198,0.043716,0.26746,0.87776,0.423,0.22488,0.094002,-0.028008,0.086076,-0.05951,-0.23887,-0.037926,-0.52929,-0.21364,-0.34296,0.28385,0.64635,0.61024,0,0.71114,0.56732,0.082757,0.10136,0.26215,0.56166,0.23738,-0.18074,0.01868,-0.068064,0.51622,0.80534,0.26379,0.65451,0.32193,0.058734,0.55515,0.08214,0.20989,-0.089929,0.59564,-0.10251,0.31748,-0.14898,0.3093,-0.04142,0.0077411,-0.16443,-0.065835,0.42452,0.24217,0.34217,0.36375,-0.02857,0.16047,0.26027,0.37591,-0.0017119,-0.13552,0.1561,0.18122,0.020523,0.81599,0.46403,0.36111,0.026812,0.40294,0.30089,0.33031,0.15465,0.13824,-0.091535,0.17022,0.098115,0.18021,-0.00279,-0.1001,-0.21767,0.011232,-0.18618,-0.035683,-0.1805,-0.31365
0.32138,0.70149,-0.049645,-0.05427,0.29641,0.6198,0.17789,0.48011,0.14336,0.36956,-0.011525,-0.054137,-0.14519,-0.092485,0.13815,0.15071,-0.076148,0.14688,-0.0022248,0.042297,0.21112,0.52475,-0.15471,0.15417,-0.11011,0.12418,0.41716,0.36141,0.2741,0.19733,0.20192,0.11397,0.030068,-0.10035,0.56742,0.091184,-0.15544,-0.27637,0.26169,0.47648,0.35123,0.71114,0,1.0677,0.36457,0.44196,0.22664,0.56272,0.48091,-0.46786,-0.11418,0.023832,0.34801,0.68042,0.051709,0.20881,0.24672,0.26986,0.51994,0.11496,0.22897,0.046311,0.40305,-0.028123,0.13241,-0.013356,0.43603,-0.30164,-0.2524,0.13233,-0.030882,0.42026,0.64132,0.66961,0.72777,-0.11052,0.071607,0.34385,0.08506,-0.16486,-0.34126,-0.223,-0.283,0.16153,0.61942,0.33938,0.12162,0.29633,0.60382,0.30856,0.41171,0.46268,0.37542,0.018707,0.31119,0.11415,0.21527,-0.040463,-0.0059108,-0.060703,0.26262,0.070368,-0.064364,0.0068747,-0.10126
0.11049,0.58872,0.039074,0.033549,0.37826,0.6518,0.12555,0.56439,0.20171,0.46532,0.27794,0.22911,-0.18677,-0.037279,0.20291,0.17123,0.20072,0.12803,0.33661,0.30753,0.20181,0.37449,-0.019725,0.26803,0.068379,0.26429,0.40889,0.16975,0.4292,0.24342,0.30373,0.26488,0.28019,0.30258,0.5196,0.29425,-0.042571,-0.022841,0.16048,0.3205,0.15557,0.56732,1.0677,0,0.59952,0.48729,0.48346,0.76237,0.52301,-0.17969,-0.053746,0.11954,0.32451,0.80815,0.065188,0.008073,0.14732,0.30153,0.39132,0.10565,0.31228,-0.18053,0.30925,-0.25443,-0.010337,0.23494,0.56939,-0.0081522,-0.2166,0.032138,-0.12128,0.55685,0.48061,0.61103,0.6321,0.011792,0.16028,0.07602,0.25048,-0.09275,-0.096662,-0.003743,-0.2186,0.26375,0.42688,0.33949,0.23205,0.58842,0.58235,0.20806,0.39663,0.18038,0.38955,0.06759,0.29041,0.14428,0.20692,0.29831,0.38912,-0.079362,0.22969,-0.024924,-0.020072,0.13803,0.10767
0.4288,0.72316,0.68255,0.54132,1.1971,0.52801,0.39409,1.2773,0.75385,1.0706,0.85866,0.62486,0.15861,-0.067238,0.62959,0.62784,0.74686,0.33238,0.35684,0.36741,0.25393,0.3265,0.38174,0.78715,0.62223,0.89912,0.33897,0.31111,0.24351,0.13365,0.5929,0.48036,0.59178,0.47776,0.41875,0.55302,0.47655,0.51841,0.24508,0.41754,0.13933,0.082757,0.36457,0.59952,0,1.4173,0.11945,0.34113,0.23439,0.14583,0.18215,-0.13106,0.59163,0.64656,0.41937,-0.27636,-0.080488,0.55159,0.19912,0.63037,1.1095,0.058967,0.079078,-0.45151,-0.21012,0.28856,0.36875,0.51403,0.021598,0.23149,0.17535,0.68711,0.90612,0.63234,0.33488,0.52175,0.89542,0.2091,0.27408,0.19198,0.22172,0.27036,-0.035913,0.7724,0.15416,0.24945,0.25923,0.51716,0.54634,0.39019,0.38029,0.54746,0.82839,0.46991,0.82405,0.86519,0.8372,0.61768,0.59408,-0.23242,-0.064688,0.27906,-0.206,0.068478,0.42599
0.56297,0.62849,0.69095,0.56498,0.92274,0.38598,0.32042,1.1094,0.72057,0.95673,0.62722,0.46647,0.39116,0.18324,0.63463,0.64694,0.48102,0.33292,0.30517,0.36099,0.3027,0.33377,0.41593,1.0152,0.53034,1.0144,0.43036,0.44982,0.24299,0.14504,0.40874,0.38868,0.67486,0.51429,0.55793,0.42107,0.54855,0.33404,0.31827,0.44272,0.1235,0.10136,0.44196,0.48729,1.4173,0,0.18747,0.47941,0.038775,0.10729,0.22278,-0.20171,0.57697,0.53478,0.43499,-0.1373,-0.038777,0.32107,0.35193,0.53709,0.97452,0.065839,0.1658,-0.47426,-0.28157,0.28302,0.46052,0.24706,0.025738,0.16403,0.10804,0.38967,0.95318,0.63898,0.43501,0.54697,0.89654,0.55085,0.40202,0.23473,0.11235,0.25461,0.045836,0.71673,0.294,0.35038,0.30435,0.38126,0.57763,0.50073,0.49825,0.58439,0.60571,0.28421,0.78109,0.78297,0.79272,0.51213,0.52338,-0.31579,-0.10532,0.2013,-0.29636,0.081452,0.37285
