,,,,,,,,,,,,,,,,,,,,,,,,,,,,,,,,,,,,,,,,,,,,,,,,,,,,,,,,,,,,,,,,,,,,,,,,,,,,,,,,,,,,,,,,,,,,,,,,,,,,,,,,
0,0.95907,-0.7518,-0.74972,-0.30264,0.73223,0.65505,-0.81215,0.71857,-0.64938,-0.91025,-0.29653,0.97034,-0.93432,-0.84857,-0.48172,-0.084831,0.50899,0.8135,-0.96874,-0.0068047,0.67118,-0.57477,-0.65519,-0.36643,-0.58007,0.34187,-0.78609,0.038612,-0.10472,-0.21233,0.8752,-0.64398,0.28826,-0.36281,0.494,-0.08964,0.60927,0.51115,-0.78554,0.067345,-0.44579,0.94435,0.61625,0.82127,0.29508,0.49778,-0.27035,0.82777,0.14094,-0.54293,-0.43854,-0.39791,0.3852,0.58048,-0.90952,0.76109,0.61944,0.5115,-0.75329,-0.28029,0.93468,0.36672,0.48671,0.14519,-0.76932,0.41759,0.50212,0.33081,0.31295,0.24413,0.58796,-0.6514,-0.28171,0.8994,-0.0097873,0.74457,0.53576,-0.93736,-0.15695,-0.3442,-0.32789,0.045635,-0.20539,-0.51196,-0.34269,0.80331,-0.7394,-0.53421,0.57341,-0.9993,-0.66035,-0.56239,-0.72522,-0.15763,-0.062273,0.16396,0.50025,-0.92544,-0.56254,-0.26269,0.081446,0.98899,-0.11742,0.30022
0.95907,0,-0.1946,-0.53164,0.88213,0.096957,0.82943,-0.22311,-0.44287,-0.12147,-0.13033,0.35629,-0.43234,-0.24588,-0.51707,0.75664,0.35751,-0.42679,-0.81335,-0.17127,-0.8856,0.075591,0.37603,-0.24043,0.18382,0.1387,0.44664,0.075367,0.053152,0.83407,-0.86333,0.30994,0.89234,-0.34515,-0.7141,-0.51082,0.028836,-0.3985,0.81695,0.54524,0.75892,0.73268,0.53233,0.42897,0.13788,-0.48542,-0.27611,-0.24464,0.88661,-0.10218,-0.538,-0.43377,0.2098,-0.95343,-0.2919,0.97974,-0.23865,0.72653,-0.73071,-0.51219,-0.7435,0.51045,-0.29266,0.49485,-0.86757,0.90485,0.79349,0.75185,-0.79716,-0.46077,0.011807,-0.28529,-0.35241,0.1619,-0.57187,-0.97554,0.71789,0.69793,-0.093611,0.081074,-0.35596,0.6846,-0.079082,0.55317,-0.0068528,0.15538,0.94262,0.80728,-0.43058,0.3929,0.20393,0.1603,-0.088525,0.0059868,-0.027045,0.65074,0.99759,-0.4275,-0.99118,-0.24812,0.67454,-0.2024,0.92852,0.035986,0.32613
-0.7518,-0.1946,0,-0.68001,0.7571,-0.95967,-0.065484,-0.271,-0.70723,-0.96576,0.9576,0.49361,0.52433,0.026425,0.3735,0.11327,-0.29776,0.50874,0.47856,-0.39294,-0.40614,0.69149,-0.17248,0.42765,-0.37318,0.14911,-0.74315,-0.14788,-0.25028,-0.15394,0.58269,-0.087359,0.14258,0.54531,-0.92611,-0.052694,-0.80115,0.2941,-0.45517,-0.58959,0.56986,0.056596,-0.11389,-0.48484,0.8547,0.065316,-0.80465,-0.0029049,-0.41421,-0.63491,-0.37496,0.56543,0.6078,-0.89074,-0.71176,0.039717,-0.056791,-0.27087,-0.29234,0.64579,-0.40615,0.50484,-0.73628,-0.49557,0.83062,0.045917,-0.84947,0.087513,-0.061355,-0.90611,0.15502,0.49698,0.65612,-0.6367,0.91189,-0.09935,0.60645,-0.10353,-0.70869,-0.51353,-0.5989,-0.35675,-0.59372,-0.44188,-0.49518,-0.96684,0.77873,-0.81432,0.15337,0.70569,0.82105,0.44227,0.78158,-0.36152,-0.34119,0.83579,-0.63323,-0.16874,0.88228,0.61594,-0.56204,0.02282,-0.51146,-0.86419,0.34514
-0.74972,-0.53164,-0.68001,0,-0.22598,0.46194,0.054514,-0.88945,0.75698,0.026751,-0.92472,-0.43553,-0.12579,-0.79516,-0.96386,0.33536,0.90232,0.14543,-0.57516,0.38209,-0.77636,-0.68463,-0.69135,-0.44422,-0.3383,-0.77145,-0.53025,0.33618,-0.40101,0.45584,0.12913,0.70857,0.82327,-0.8055,0.34372,0.55926,-0.20145,0.69041,-0.17261,-0.24734,0.84956,0.23964,0.59847,-0.4492,-0.7685,0.27889,-0.9933,0.39724,0.77976,-0.2035,-0.94425,0.43064,0.26774,-0.18362,0.17513,-0.28342,0.61743,-0.18679,0.22467,-0.14267,-0.64835,-0.94662,-0.55101,0.52349,-0.72794,0.21031,0.76516,0.013643,0.34135,-0.0011053,0.69463,-0.28424,0.7216,0.51687,-0.99877,0.23733,0.82152,-0.93563,0.79132,-0.7986,-0.38824,-0.71559,0.014454,0.073953,0.05516,-0.68627,-0.31559,-0.36526,-0.86502,-0.94173,-0.39601,-0.6448,0.2118,-0.3948,-0.4472,-0.52956,-0.86919,-0.7557,-0.55747,0.67396,0.015062,-0.16739,-0.46095,0.25188,-0.3596
-0.30264,0.88213,0.7571,-0.22598,0,0.17509,-0.68665,-0.11009,-0.073454,-0.83348,0.39544,0.66511,-0.80372,0.48808,0.43466,-0.19636,0.72654,-0.56461,-0.052158,0.50513,-0.83531,0.32451,-0.47708,0.35198,0.1855,-0.90019,0.90379,-0.57402,0.3892,0.03431,-0.65868,-0.53052,0.97636,0.97146,0.16984,0.71286,-0.25076,0.99677,0.95436,-0.90409,-0.25374,-0.61127,0.3517,0.39005,-0.40559,-0.9085,-0.76809,-0.27941,-0.1888,-0.7067,0.72407,0.8668,-0.61027,-0.67292,0.99055,-0.93022,-0.18347,-0.083904,-0.56873,-0.8266,-0.48755,-0.0070931,-0.53255,-0.92185,-0.31995,0.8781,-0.33353,0.39973,-0.22225,-0.92881,-0.96884,0.09783,0.69869,-0.61235,-0.70555,-0.76233,-0.15603,0.81216,-0.6006,0.50099,-0.51052,-0.23251,0.86375,0.27751,0.9954,0.036003,0.025176,0.45222,0.039138,-0.72498,0.90474,0.34032,-0.92502,0.25553,0.10434,-0.12394,-0.82332,0.082991,-0.11213,-0.30439,0.87628,0.10151,-0.26789,0.71502,0.68466
0.73223,0.096957,-0.95967,0.46194,0.17509,0,-0.036476,-0.29767,-0.13261,0.22552,-0.36344,-0.9176,-0.52586,0.053647,-0.7993,-0.58874,-0.80029,-0.8704,-0.080788,-0.94103,0.64716,-0.14824,0.35117,0.06093,-0.76303,-0.85051,-0.85818,-0.37209,0.55947,-0.95175,-0.33445,0.98809,0.7935,-0.254,-0.46553,0.96043,0.51828,-0.23059,-0.39302,0.10914,-0.07003,0.39911,0.90117,-0.43636,0.51696,-0.24314,0.6182,0.60563,0.14446,-0.6851,0.96569,0.40433,0.41664,-0.5851,-0.59197,0.45118,-0.87583,-0.18754,-0.23307,0.66572,-0.098387,-0.1382,0.92491,-0.99297,0.85489,0.90132,-0.47682,0.83297,-0.0069308,-0.36378,0.80611,-0.20403,0.039243,-0.5048,-0.31383,-0.15608,-0.22116,-0.64301,-0.10447,-0.2437,0.63744,-0.63373,0.41146,0.90512,-0.51563,-0.34729,-0.51968,-0.58864,-0.94202,0.56142,0.94007,-0.51103,0.48197,0.1487,-0.40103,-0.48051,-0.38721,-0.85944,-0.49952,0.80021,0.17302,0.89412,-0.89956,0.34573,0.83649
0.65505,0.82943,-0.065484,0.054514,-0.68665,-0.036476,0,-0.9161,0.85098,0.080492,0.49924,-0.13541,0.87063,-0.11999,-0.091258,0.6002,-0.92353,-0.59952,-0.8324,-0.95615,-0.82715,0.79503,-0.44448,0.92224,-0.26154,-0.28421,-0.25746,-0.80866,0.54157,0.06426,0.87095,0.21468,0.9915,0.79218,-0.26006,0.10236,-0.17823,-0.075296,0.31639,-0.18429,0.62781,-0.032435,0.68918,0.86482,-0.29102,0.37754,0.27906,0.95243,0.56121,0.57228,-0.58311,0.45862,0.21319,0.11331,0.86836,-0.099717,0.8709,-0.45241,-0.88784,-0.51528,-0.035041,0.0033527,-0.52699,-0.56746,0.47483,-0.29779,0.47894,-0.47944,0.51116,-0.36514,0.8559,-0.020978,0.16965,-0.82134,0.044502,-0.69749,0.37279,0.26411,0.70138,0.36483,0.030313,-0.86435,0.64957,-0.84721,-0.60983,0.18486,-0.9279,-0.96507,-0.78732,0.62804,-0.058378,-0.33313,-0.6848,-0.75311,-0.7617,0.61568,-0.66648,0.78445,0.15191,0.68559,0.063966,0.30592,-0.46174,0.95809,0.25215
-0.81215,-0.22311,-0.271,-0.88945,-0.11009,-0.29767,-0.9161,0,0.057897,-0.58204,0.49239,-0.42952,-0.048702,0.34795,-0.62519,0.60787,-0.046462,0.38078,0.98788,0.9607,-0.69815,0.24069,0.7809,0.033381,-0.088034,0.58854,-0.38151,-0.11517,-0.55242,-0.90309,0.63261,0.74769,0.76224,-0.90687,-0.1376,-0.82701,-0.26973,0.087561,0.845,0.27281,-0.89827,-0.99491,0.47906,-0.44605,0.99818,0.12576,-0.22694,0.36688,0.88715,-0.27207,0.097548,-0.15001,0.5917,0.0065384,-0.55438,0.89965,0.50219,-0.41701,0.69612,0.11123,0.25046,-0.63081,-0.66772,-0.77427,-0.80549,0.80941,-0.24984,-0.61001,-0.19137,0.86989,0.92757,0.26795,-0.016252,-0.071812,-0.2664,0.40235,0.24986,0.15668,0.79669,0.22465,0.66657,0.00097406,0.39941,0.98875,0.6227,0.18243,-0.41246,-0.27586,-0.54226,-0.40051,0.87508,-0.15439,-0.62741,-0.63836,0.37432,-0.17387,-0.78158,-0.65248,0.83861,-0.76768,-0.93217,-0.66058,-0.37818,-0.46848,0.060495
0.71857,-0.44287,-0.70723,0.75698,-0.073454,-0.13261,0.85098,0.057897,0,0.49214,-0.40547,-0.40112,0.91713,-0.31873,-0.36178,-0.79656,-0.10723,0.36409,-0.017018,-0.91922,-0.79286,0.82473,0.47714,0.86019,0.52903,0.44118,-0.26526,-0.25995,-0.63254,0.14006,-0.46321,0.55394,0.20456,0.89396,-0.26972,-0.099313,0.62035,-0.98899,-0.88756,0.69277,0.43584,0.74328,-0.42278,-0.15938,0.99519,-0.16863,0.42477,0.24103,0.87496,0.64208,0.43554,-0.89707,-0.19831,0.88305,-0.31068,-0.82284,-0.68812,0.82152,0.76231,0.21694,-0.34344,0.13638,0.47148,0.92091,-0.18526,0.70099,-0.20755,0.31274,-0.37816,0.55468,0.53264,-0.70179,-0.73749,0.99239,0.46965,0.2004,-0.69274,-0.39957,-0.67162,0.83885,-0.90263,0.98115,0.80439,-0.056921,-0.90053,0.82177,0.7074,-0.20836,0.83515,0.13222,-0.57379,0.22021,-0.50977,-0.48766,0.005537,0.99799,0.013506,-0.48382,0.60191,-0.57459,-0.46466,0.53318,-0.56464,0.83904,0.12886
-0.64938,-0.12147,-0.96576,0.026751,-0.83348,0.22552,0.080492,-0.58204,0.49214,0,-0.46688,-0.83243,0.64056,0.26645,0.9531,0.19093,0.12139,-0.12042,-0.42444,0.15066,0.28219,-0.24992,0.87872,0.1415,0.53363,-0.17322,-0.63047,-0.60013,-0.34256,-0.44961,0.54532,-0.29352,-0.6258,0.61662,0.72158,0.79892,0.97871,0.25606,0.18697,0.3794,0.59012,0.09898,0.49583,0.25733,-0.098705,0.59569,0.64752,0.4569,0.32859,-0.96097,-0.58746,0.66008,0.020295,-0.59788,0.12756,-0.17694,-0.12316,0.96561,-0.89913,0.77548,-0.32693,0.57224,-0.88865,0.49784,-0.48059,-0.40527,-0.64171,-0.33917,0.036466,0.0096859,0.86605,-0.56281,-0.2646,0.60072,0.34298,0.87472,0.48039,-0.89505,0.0025841,0.38584,0.22268,0.41673,0.27123,-0.35059,-0.78501,-0.0712,0.13389,-0.90625,-0.82737,-0.52821,-0.90216,-0.70228,0.051595,0.37913,-0.65936,0.47631,-0.57678,0.19918,0.85779,-0.92888,-0.86588,0.85627,0.37723,0.38438,0.72401
-0.91025,-0.13033,0.9576,-0.92472,0.39544,-0.36344,0.49924,0.49239,-0.40547,-0.46688,0,-0.82837,0.024959,0.55821,0.3452,-0.6148,0.95831,-0.99769,-0.94487,0.33249,0.5251,-0.060768,-0.82316,-0.53286,0.14908,-0.013835,-0.44995,0.20884,0.82185,-0.00012829,0.44468,0.618,-0.040116,0.43119,0.62217,-0.14576,-0.2054,-0.67938,0.87692,-0.9917,0.05943,-0.59163,-0.92517,-0.97503,-0.47498,0.053457,-0.47351,0.086095,0.5254,0.56551,0.16543,0.22556,-0.74218,-0.67679,0.5727,0.55547,-0.54699,0.76527,-0.92229,0.84625,0.88687,-0.7588,0.19962,0.32137,-0.5782,-0.43549,-0.3855,-0.088546,-0.80291,-0.8967,0.34254,0.31259,0.69986,-0.86543,-0.47207,0.55182,-0.72137,-0.53421,0.31294,0.95098,0.11715,-0.81414,-0.74711,-0.25742,-0.58027,0.28691,0.11454,0.28041,0.96094,-0.2338,-0.043297,-0.99238,0.12024,0.38231,0.74422,-0.70625,0.74949,-0.12336,-0.45176,-0.9229,0.62395,-0.21104,0.97387,0.21026,0.55193
-0.29653,0.35629,0.49361,-0.43553,0.66511,-0.9176,-0.13541,-0.42952,-0.40112,-0.83243,-0.82837,0,0.88985,0.16971,0.66564,0.061159,-0.88158,0.2326,-0.71684,0.98334,0.60173,0.33233,-0.79594,0.77164,-0.2718,-0.077867,-0.71648,-0.10328,0.57848,0.64449,0.22042,-0.98206,0.78138,-0.0255,0.5335,0.55471,-0.56241,-0.087547,0.88613,-0.082431,-0.045789,-0.70735,-0.51226,-0.94107,0.22628,0.84491,-0.75339,-0.29334,-0.21054,0.34681,0.69179,-0.67139,0.66008,0.67208,-0.68429,-0.73572,-0.74291,-0.9481,0.84214,-0.74078,0.13047,0.70267,-0.70307,0.061473,0.96313,-0.88072,0.4707,-0.012865,-0.9152,0.28782,0.89009,-0.51333,0.27592,-0.077871,0.97828,0.71963,-0.49704,-0.33524,0.79907,-0.83986,0.22938,0.21541,0.13006,-0.11648,0.23864,0.27771,0.68719,0.82645,0.74266,-0.29583,0.042202,-0.86656,0.41931,-0.56029,0.89024,0.15462,0.40163,0.62314,0.87535,-0.97492,0.69165,0.22422,0.023558,-0.38764,0.58804
0.97034,-0.43234,0.52433,-0.12579,-0.80372,-0.52586,0.87063,-0.048702,0.91713,0.64056,0.024959,0.88985,0,0.81251,0.22935,0.62017,-0.86473,-0.17422,0.12733,-0.89136,0.11876,-0.84578,-0.45898,0.83224,-0.95249,0.24622,-0.33787,0.061256,-0.36966,-0.46356,0.88675,0.054198,0.34735,-0.58827,-0.61794,-0.52439,-0.08115,0.89704,0.73669,0.49026,0.31407,-0.41641,0.44204,-0.71496,-0.55474,0.37032,0.30797,-0.40528,-0.98097,-0.51962,0.83345,-0.017402,-0.25647,-0.64918,-0.2615,0.28944,0.67128,0.83819,-0.92104,0.5725,-0.67144,0.79983,-0.40413,0.5723,-0.019405,-0.34052,-0.11978,-0.67616,0.63379,-0.47882,0.24575,0.8395,0.47574,0.81668,0.63201,0.92265,0.039338,-0.40188,-0.89583,-0.28751,-0.66638,-0.47561,0.45715,0.043237,0.58008,0.71079,-0.62982,0.79234,-0.23745,0.58756,0.38367,0.88161,-0.18937,-0.85206,-0.83737,0.71756,0.22789,0.57014,0.58267,-0.48442,0.49613,0.21376,0.13758,-0.065386,0.53092
-0.93432,-0.24588,0.026425,-0.79516,0.48808,0.053647,-0.11999,0.34795,-0.31873,0.26645,0.55821,0.16971,0.81251,0,-0.61518,0.54465,-0.87593,-0.14113,0.59936,0.08182,0.41608,-0.32228,0.97739,-0.12647,-0.81202,-0.56966,0.27213,0.57609,-0.31866,0.79067,-0.85853,-0.095964,0.6717,-0.34769,-0.95189,0.98093,-0.049692,0.30701,-0.85605,-0.50726,-0.085005,-0.17668,-0.60748,0.72053,-0.059663,0.95552,-0.04556,-0.93524,-0.68581,0.63439,-0.090001,-0.1025,-0.019474,-0.028758,0.23583,-0.61389,-0.14487,0.62086,-0.31307,0.41902,-0.21248,-0.9871,-0.79313,-0.38803,0.68147,-0.60361,-0.16736,0.27902,-0.88462,0.61001,0.56354,0.811,-0.79,-0.62688,0.73111,-0.21583,0.9188,0.056569,0.86585,-0.40433,-0.042021,0.10421,0.014856,0.10006,-0.6397,-0.80178,0.69769,-0.92019,-0.90943,-0.7149,-0.82868,-0.18661,0.094401,-0.86643,0.4977,-0.69475,0.61261,-0.69816,-0.49656,-0.82845,-0.1449,-0.45727,-0.3199,-0.74433,-0.13604
-0.84857,-0.51707,0.3735,-0.96386,0.43466,-0.7993,-0.091258,-0.62519,-0.36178,0.9531,0.3452,0.66564,0.22935,-0.61518,0,0.95792,0.16093,0.10461,-0.43989,-0.085571,0.47673,-0.070206,-0.62917,-0.92645,0.3344,0.40145,-0.42569,0.10861,0.044874,-0.63017,-0.74577,0.70888,-0.056721,0.26357,-0.67503,-0.61767,-0.0042193,0.33856,0.71688,0.10444,0.020358,-0.49865,0.095602,0.81615,-0.97195,-0.35995,0.76788,-0.83098,-0.16032,-0.40007,0.30044,0.55602,-0.044493,-0.078335,0.44731,-0.99769,0.73694,-0.73201,-0.58472,-0.97078,0.92486,0.72781,0.47618,0.19409,-0.77172,-0.17733,0.62575,0.52425,-0.48953,0.36344,-0.30477,0.96761,-0.70685,0.91341,-0.22893,0.53642,0.65568,0.5346,-0.56271,0.016139,-0.83912,0.92184,0.56637,0.2411,-0.54178,-0.537,-0.13479,-0.72437,-0.38049,-0.52357,-0.93283,-0.34731,-0.69786,-0.75408,0.38952,-0.61367,-0.31714,0.79599,0.72362,-0.54678,-0.43891,-0.2943,0.19283,-0.38359,0.13674
-0.48172,0.75664,0.11327,0.33536,-0.19636,-0.58874,0.6002,0.60787,-0.79656,0.19093,-0.6148,0.061159,0.62017,0.54465,0.95792,0,0.46758,-0.84373,-0.59092,0.2693,0.85515,-0.97317,0.10166,-0.28582,0.085438,-0.13088,0.95991,0.90323,-0.16837,0.26413,-0.44268,0.31971,0.12125,0.41552,0.83662,0.61545,-0.97672,0.74629,0.78126,0.64405,0.5508,0.18725,0.43575,-0.39765,-0.8276,0.63843,0.851,-0.65596,-0.88585,-0.77766,0.59531,-0.31531,-0.59134,-0.66014,0.99838,-0.1156,0.79438,0.62921,-0.11675,-0.19745,0.68032,-0.64995,0.63799,-0.93153,-0.89362,0.56449,0.73169,0.37183,0.51161,-0.10149,0.56771,-0.82593,0.75569,0.1294,0.23016,-0.9453,0.41721,-0.19388,0.76485,0.26447,0.1665,-0.55357,0.725,0.12032,0.036427,0.11112,0.56716,-0.21529,-0.75297,-0.14546,-0.69831,0.21105,0.71492,0.59415,0.96826,-0.55763,-0.089117,-0.61973,0.54275,-0.78056,-0.025996,0.15606,0.19736,-0.8575,0.77868
-0.084831,0.35751,-0.29776,0.90232,0.72654,-0.80029,-0.92353,-0.046462,-0.10723,0.12139,0.95831,-0.88158,-0.86473,-0.87593,0.16093,0.46758,0,-0.43476,-0.6632,-0.69019,0.21657,-0.095247,-0.62722,0.29027,-0.062834,-0.35713,-0.83143,0.40853,0.39106,-0.19118,0.81146,-0.54397,0.84726,-0.83758,-0.48868,-0.58872,0.24905,0.35531,-0.92741,-0.47983,-0.61053,-0.52076,0.433,0.88461,-0.56219,-0.385,-0.98252,-0.32646,0.040565,0.91103,-0.028218,-0.77948,0.97579,-0.75089,0.52498,-0.90149,0.96997,-0.055309,0.72362,0.73814,0.89255,-0.30002,-0.41531,-0.87022,0.82691,0.58435,0.41082,-0.80617,0.50972,0.97261,0.068346,-0.32343,0.42371,0.2672,-0.58799,0.12463,-0.94135,0.15391,-0.64964,-0.67672,0.69352,-0.87103,0.61077,-0.53942,-0.080346,0.41755,-0.19639,0.032817,0.8668,0.50071,-0.79328,-0.37953,0.82753,-0.95747,-0.13811,-0.71586,0.26444,0.10086,0.57188,0.31199,0.01052,0.60177,-0.68908,-0.59265,-0.22764
0.50899,-0.42679,0.50874,0.14543,-0.56461,-0.8704,-0.59952,0.38078,0.36409,-0.12042,-0.99769,0.2326,-0.17422,-0.14113,0.10461,-0.84373,-0.43476,0,-0.64173,0.71789,-0.85687,0.025516,0.8806,-0.36885,-0.90085,0.17401,-0.88767,0.78781,-0.44499,-0.29295,-0.40352,0.5615,-0.69316,-0.54032,0.66616,-0.69282,-0.4606,0.42781,-0.88134,-0.6693,-0.17095,-0.0068529,-0.65154,-0.42339,-0.11002,-0.2539,-0.37627,0.96106,0.52063,-0.26575,-0.93554,0.93427,-0.32884,0.10901,-0.52573,0.043119,-0.027651,0.1365,0.88831,0.11011,0.48468,-0.26088,-0.90822,0.098558,-0.14038,-0.78741,-0.053699,-0.53405,0.44912,-0.018486,0.81763,-0.51226,0.89025,0.73854,-0.64812,-0.15428,-0.097204,-0.73556,-0.7647,-0.94892,-0.38908,0.22401,0.71212,0.49823,0.76136,-0.07815,0.84805,0.57826,0.013967,-0.72177,-0.53129,-0.19492,-0.074248,-0.18203,0.92759,-0.0083755,-0.5552,0.89535,-0.63418,-0.25097,-0.38169,-0.97624,0.47759,0.61939,-0.84395
0.8135,-0.81335,0.47856,-0.57516,-0.052158,-0.080788,-0.8324,0.98788,-0.017018,-0.42444,-0.94487,-0.71684,0.12733,0.59936,-0.43989,-0.59092,-0.6632,-0.64173,0,0.61113,-0.8965,-0.57585,0.95286,0.93286,0.65147,-0.54805,0.34655,0.5055,0.48801,-0.49212,-0.90278,-0.40375,0.96511,0.54565,-0.52646,0.91152,-0.47003,0.56513,0.80814,0.34872,-0.47564,-0.66605,0.32753,0.3996,0.5358,0.46958,0.61016,0.65576,-0.51656,-0.32371,0.4815,0.67481,-0.63141,0.64573,0.69925,-0.23974,-0.13785,0.34191,0.4719,-0.63328,-0.70623,-0.5682,-0.082459,-0.35102,0.25536,0.64953,-0.59102,-0.58554,0.24461,-0.50086,0.83388,0.31017,-0.8549,-0.012275,0.63673,-0.99476,0.88002,-0.0964,-0.30901,-0.33658,-0.69191,-0.69984,-0.87498,-0.18893,-0.48033,0.66051,0.73652,-0.17077,0.47275,0.66785,-0.82044,0.91882,0.76742,0.24806,0.098605,0.75049,0.13777,0.58593,-0.21484,-0.71558,-0.7504,-0.90262,0.35857,0.667,0.44381
-0.96874,-0.17127,-0.39294,0.38209,0.50513,-0.94103,-0.95615,0.9607,-0.91922,0.15066,0.33249,0.98334,-0.89136,0.08182,-0.085571,0.2693,-0.69019,0.71789,0.61113,0,0.6045,0.063023,0.75287,-0.42116,0.37152,0.73546,0.20608,0.86332,-0.42838,0.33604,-0.28731,0.73975,0.069755,0.45572,0.55904,-0.88539,0.073092,-0.55688,0.21613,-0.01511,0.56342,0.55612,0.60999,-0.53491,-0.71982,0.82069,-0.65607,0.58586,-0.04967,-0.83873,0.9906,-0.96013,0.29221,-0.30777,-0.021658,-0.76117,-0.26307,-0.40815,0.23597,0.41248,-0.079195,-0.011988,-0.45206,-0.4997,-0.11277,0.26893,0.69245,-0.53323,-0.73757,0.18283,0.65052,0.55661,0.7878,0.30256,0.96293,0.24107,-0.95766,-0.6939,0.19726,0.72889,-0.58626,-0.67491,-0.36638,-0.70023,0.27947,0.067835,-0.56891,0.65527,-0.88814,0.71406,-0.35938,-0.94133,0.70783,0.019223,0.031829,-0.21368,0.037115,-0.45708,0.029211,0.035107,-0.75403,-0.49438,-0.4738,0.043593,0.17355
-0.0068047,-0.8856,-0.40614,-0.77636,-0.83531,0.64716,-0.82715,-0.69815,-0.79286,0.28219,0.5251,0.60173,0.11876,0.41608,0.47673,0.85515,0.21657,-0.85687,-0.8965,0.6045,0,-0.65359,0.59551,-0.21098,0.53712,-0.15574,0.82846,-0.21511,0.076693,-0.73965,0.16346,-0.95425,-0.67516,0.025951,0.62832,0.82446,-0.38249,-0.97647,-0.48515,0.15739,-0.84957,-0.23972,-0.54389,0.35893,-0.65214,0.547,0.78147,0.20189,0.90471,-0.84899,0.98629,0.40222,-0.52332,0.74662,0.83425,0.44708,-0.38609,0.3542,0.041827,-0.078003,0.92856,0.96878,0.69426,0.57228,0.25462,-0.018084,0.8835,0.88605,-0.639,-0.11861,-0.4821,0.45391,0.84296,-0.77923,0.3585,-0.53565,0.87796,0.66839,-0.47353,0.58527,0.73437,-0.16361,0.084373,-0.74759,-0.19856,-0.5569,0.78506,0.94975,0.82057,-0.24166,-0.66933,-0.11595,0.98345,0.26528,-0.7533,0.74459,0.92892,0.73276,-0.86337,-0.18907,0.24499,-0.2312,-0.75477,0.86552,0.7205
0.67118,0.075591,0.69149,-0.68463,0.32451,-0.14824,0.79503,0.24069,0.82473,-0.24992,-0.060768,0.33233,-0.84578,-0.32228,-0.070206,-0.97317,-0.095247,0.025516,-0.57585,0.063023,-0.65359,0,-0.7545,0.94838,0.2256,0.045756,-0.66577,0.66445,-0.57755,0.46307,0.59131,0.0073279,0.81733,0.10235,0.69406,-0.48254,-0.75359,0.73234,0.097835,-0.15127,-0.29679,-0.2963,-0.398,0.43081,-0.45097,-0.21884,-0.19099,0.62333,0.98628,-0.967,0.67656,0.96523,0.73993,-0.80453,-0.10979,-0.26198,0.3008,0.32023,-0.81142,-0.68814,0.30364,-0.53214,-0.42413,-0.3797,0.31645,0.041681,-0.27764,-0.66347,-0.33533,0.26966,-0.71374,-0.5821,0.30709,-0.95397,-0.91412,0.45486,0.70735,-0.12654,0.73891,-0.10363,-0.42733,-0.95128,0.16707,0.65909,0.37726,0.17927,-0.11685,-0.71906,0.62767,-0.072303,-0.55652,-0.21703,0.36683,0.91339,-0.60187,0.27905,0.9335,0.21756,-0.87208,-0.46088,-0.5977,0.39074,0.67393,0.17954,-0.93721
-0.57477,0.37603,-0.17248,-0.69135,-0.47708,0.35117,-0.44448,0.7809,0.47714,0.87872,-0.82316,-0.79594,-0.45898,0.97739,-0.62917,0.10166,-0.62722,0.8806,0.95286,0.75287,0.59551,-0.7545,0,0.27533,-0.96276,0.38144,-0.33458,-0.23375,0.55229,0.022766,0.97459,-0.51068,-0.93699,-0.086855,-0.26037,-0.060716,0.36782,0.03869,0.016966,0.62396,-0.80119,-0.64829,0.13506,0.70773,-0.6583,0.96102,0.47545,-0.94186,0.4923,0.069644,0.30364,-0.20363,0.84553,0.19119,-0.85761,0.4524,-0.94866,-0.93065,-0.34103,0.83487,0.00089818,0.37069,0.059114,-0.079093,-0.064809,-0.97918,-0.8047,0.45432,0.24066,-0.91276,-0.617,-0.97736,-0.66263,0.0074701,0.71432,-0.20652,-0.95135,0.60632,0.53405,0.89123,0.088791,-0.15804,0.8993,0.71419,0.54172,-0.65564,0.98949,-0.83244,-0.21979,-0.27202,-0.50982,-0.7604,-0.34926,-0.99566,-0.012214,-0.33011,-0.28451,0.70697,0.28155,-0.71355,0.48196,0.72438,0.99243,-0.97284,-0.30944
-0.65519,-0.24043,0.42765,-0.44422,0.35198,0.06093,0.92224,0.033381,0.86019,0.1415,-0.53286,0.77164,0.83224,-0.12647,-0.92645,-0.28582,0.29027,-0.36885,0.93286,-0.42116,-0.21098,0.94838,0.27533,0,0.12965,-0.20042,0.86708,0.77286,0.43839,0.5984,-0.93871,0.19128,0.90548,-0.099853,-0.55181,0.62658,-0.33586,-0.95901,-0.53378,0.95451,0.55526,0.4882,0.59249,0.37039,-0.96664,0.66399,-0.96496,-0.58118,-0.49341,-0.035099,-0.96029,0.84399,0.44114,0.34621,-0.42825,-0.25003,-0.085796,0.10287,0.15198,0.45259,0.71719,0.74061,-0.12336,-0.91229,0.20557,-0.55638,0.86531,-0.95015,0.77056,0.97227,-0.25243,0.9921,-0.68081,0.85388,0.30511,-0.83741,-0.29465,0.7329,0.90714,0.69309,0.55766,-0.20506,0.79589,-0.73886,-0.84521,-0.36389,0.45943,-0.54408,0.87364,0.74543,-0.49172,-0.18551,-0.66095,0.6066,0.8971,0.61904,-0.72358,0.54998,0.39214,-0.62242,-0.77896,0.63815,0.30986,0.36106,0.51266
-0.36643,0.18382,-0.37318,-0.3383,0.1855,-0.76303,-0.26154,-0.088034,0.52903,0.53363,0.14908,-0.2718,-0.95249,-0.81202,0.3344,0.085438,-0.062834,-0.90085,0.65147,0.37152,0.53712,0.2256,-0.96276,0.12965,0,-0.26193,-0.1326,-0.32854,-0.42114,0.37763,-0.37481,-0.36258,0.59848,-0.26535,-0.98194,-0.35267,0.0054805,-0.34202,0.38033,-0.45229,-0.8725,0.26649,0.13882,-0.11125,0.35867,0.76069,-0.043889,0.81429,0.2419,-0.43665,-0.0036578,-0.060795,-0.23914,0.89093,0.15215,-0.97677,-0.98907,0.056661,-0.59861,-0.19437,-0.85718,0.68123,0.90615,-0.61554,-0.50213,0.0091478,-0.50558,0.20623,-0.22805,-0.56665,-0.69455,0.34955,0.32936,-0.74945,0.25778,0.55653,-0.97488,0.83777,-0.42651,0.71116,0.27164,-0.0050906,0.41285,0.50219,0.17002,-0.52944,-0.43664,0.13271,0.058526,0.37264,-0.65444,0.033644,-0.60736,0.99538,-0.92005,0.86117,-0.91968,0.67996,-0.044776,-0.44354,0.47332,-0.62904,0.44483,0.42174,-0.36546
-0.58007,0.1387,0.14911,-0.77145,-0.90019,-0.85051,-0.28421,0.58854,0.44118,-0.17322,-0.013835,-0.077867,0.24622,-0.56966,0.40145,-0.13088,-0.35713,0.17401,-0.54805,0.73546,-0.15574,0.045756,0.38144,-0.20042,-0.26193,0,-0.87589,0.93103,-0.21663,0.3887,-0.25924,0.66373,0.54892,0.25071,-0.51291,-0.48791,-0.19528,0.77308,0.80098,0.12712,0.59087,-0.88278,0.21909,-0.10038,-0.29078,-0.89364,0.72786,0.64756,-0.21469,0.50662,-0.65998,-0.29944,0.53219,-0.98845,-0.371,0.054397,0.24735,-0.45389,0.49092,-0.87695,-0.28224,-0.6376,-0.89835,0.0040924,0.041665,0.38999,-0.56021,0.35595,0.24099,0.34371,0.0022694,0.22358,0.27518,0.17267,-0.4473,-0.50285,-0.80234,-0.5569,0.029893,-0.93818,-0.58471,0.92065,-0.99715,0.11574,0.67675,-0.2105,0.83682,-0.11745,0.64161,-0.54548,-0.65363,-0.93696,-0.79978,0.36854,0.70818,-0.13651,0.74246,-0.048952,0.21874,-0.33794,-0.29287,0.90901,0.016952,0.96993,-0.060977
0.34187,0.44664,-0.74315,-0.53025,0.90379,-0.85818,-0.25746,-0.38151,-0.26526,-0.63047,-0.44995,-0.71648,-0.33787,0.27213,-0.42569,0.95991,-0.83143,-0.88767,0.34655,0.20608,0.82846,-0.66577,-0.33458,0.86708,-0.1326,-0.87589,0,0.93296,-0.22112,0.48599,0.040696,0.80134,0.3317,0.12722,-0.53905,0.7426,0.19966,-0.27584,-0.53511,-0.79174,0.73718,0.026745,0.22756,0.2762,0.76724,-0.2182,0.55571,0.0049758,0.3889,0.16161,-0.43098,-0.76539,-0.29828,-0.26311,0.36108,0.11269,-0.70326,-0.15147,0.48758,0.32259,0.86251,-0.93164,-0.15839,-0.33859,0.40145,0.6857,0.034835,-0.59886,-0.27525,-0.72606,-0.6053,-0.93664,-0.6427,-0.78673,-0.12961,0.83385,-0.81508,0.19283,0.69218,-0.94245,0.38043,0.13282,-0.40037,0.97785,-0.02836,0.17062,-0.36496,0.47307,-0.63386,0.99866,-0.1131,-0.092671,-0.54908,0.64054,0.60781,-0.23452,0.20728,0.40898,-0.47229,0.50637,0.77952,-0.15523,-0.56319,-0.28118,-0.16089
-0.78609,0.075367,-0.14788,0.33618,-0.57402,-0.37209,-0.80866,-0.11517,-0.25995,-0.60013,0.20884,-0.10328,0.061256,0.57609,0.10861,0.90323,0.40853,0.78781,0.5055,0.86332,-0.21511,0.66445,-0.23375,0.77286,-0.32854,0.93103,0.93296,0,0.3285,-0.88265,-0.16499,-0.55668,-0.71703,0.076833,-0.53058,0.74777,-0.69749,0.34071,-0.51723,-0.31305,-0.15919,0.35159,0.31581,-0.47647,0.042711,0.64542,0.97747,-0.20102,-0.70756,-0.83612,0.62973,-0.30091,-0.39419,-0.98817,0.22272,0.47957,0.45889,0.23932,-0.059742,-0.65988,0.61712,-0.74828,-0.14376,0.09231,0.50259,-0.83606,0.10382,0.96482,0.99265,0.83741,-0.42148,0.91031,0.39825,-0.20002,0.51995,0.1033,0.21168,-0.78845,0.62289,0.59239,0.81258,-0.22136,0.12824,-0.90242,-0.97962,0.49783,0.73677,-0.16252,0.71367,-0.62079,-0.9766,-0.092973,-0.27373,-0.1532,0.94639,-0.91665,0.263,0.96123,0.95857,0.28415,-0.35118,-0.48778,-0.68844,-0.96813,-0.36661
0.038612,0.053152,-0.25028,-0.40101,0.3892,0.55947,0.54157,-0.55242,-0.63254,-0.34256,0.82185,0.57848,-0.36966,-0.31866,0.044874,-0.16837,0.39106,-0.44499,0.48801,-0.42838,0.076693,-0.57755,0.55229,0.43839,-0.42114,-0.21663,-0.22112,0.3285,0,-0.69771,0.11997,0.6986,0.033821,-0.63624,0.70931,0.89585,-0.77434,0.11952,0.81013,0.3221,0.71978,-0.74735,0.91203,-0.038026,-0.4667,-0.63341,0.97324,-0.61146,-0.65925,-0.29331,0.97986,0.88249,0.026929,-0.93598,-0.88616,-0.90081,0.90014,0.49522,0.31925,-0.93872,-0.38646,0.066273,0.4701,0.62026,0.12764,0.46917,0.97365,0.48825,-0.71668,-0.73369,-0.44181,0.71579,-0.70931,-0.94086,0.56424,-0.67185,0.98929,0.19473,0.29652,0.4438,0.48947,0.70252,0.24562,0.15171,-0.70185,0.73588,-0.87889,-0.020618,0.41567,0.67901,-0.66733,0.18847,0.082777,-0.93396,-0.65362,-0.67332,0.20172,0.39549,0.76237,0.54687,-0.79982,0.65878,-0.33189,-0.73476,0.066019
-0.10472,0.83407,-0.15394,0.45584,0.03431,-0.95175,0.06426,-0.90309,0.14006,-0.44961,-0.00012829,0.64449,-0.46356,0.79067,-0.63017,0.26413,-0.19118,-0.29295,-0.49212,0.33604,-0.73965,0.46307,0.022766,0.5984,0.37763,0.3887,0.48599,-0.88265,-0.69771,0,-0.33609,-0.46729,-0.060914,-0.63366,-0.35525,-0.08108,-0.44101,-0.075163,-0.072451,-0.87,0.20314,0.84639,-0.98587,0.64885,0.012319,-0.74012,-0.80151,0.67136,-0.37779,0.15899,-0.43022,-0.87114,-0.97099,0.97879,0.31344,-0.070219,-0.70479,-0.6842,0.33659,-0.91271,-0.031957,0.09406,0.66514,0.45053,0.68151,0.16805,0.41136,0.25795,0.43444,-0.28786,0.18135,-0.64164,0.56834,-0.17116,-0.26213,-0.74986,-0.39622,-0.88601,0.48121,0.82211,-0.1794,0.27588,-0.10929,0.80097,-0.42028,-0.39833,0.052938,0.16652,-0.52796,0.29614,-0.73055,-0.14072,-0.12575,0.34779,0.17428,-0.94908,-0.72737,0.54546,0.33816,0.045254,-0.51989,0.7412,-0.96382,-0.63623,0.37577
-0.21233,-0.86333,0.58269,0.12913,-0.65868,-0.33445,0.87095,0.63261,-0.46321,0.54532,0.44468,0.22042,0.88675,-0.85853,-0.74577,-0.44268,0.81146,-0.40352,-0.90278,-0.28731,0.16346,0.59131,0.97459,-0.93871,-0.37481,-0.25924,0.040696,-0.16499,0.11997,-0.33609,0,0.30929,0.63529,-0.77738,-0.6357,-0.10015,0.83102,0.29099,0.21994,-0.50267,0.32484,-0.88989,0.0030567,0.034069,-0.98344,-0.26819,0.89519,-0.8246,-0.37441,0.49331,0.31412,0.61961,0.82178,-0.28346,-0.5911,0.11278,0.14339,0.70395,-0.50305,-0.42476,0.10086,0.27446,-0.030638,0.087595,-0.88914,-0.8619,-0.20139,-0.70006,-0.58747,0.87449,-0.94405,0.64173,0.26555,-0.45047,-0.050118,0.57012,-0.5413,-0.16212,0.91664,-0.43017,0.0016465,0.63178,-0.85556,0.042042,0.67731,0.46264,0.034315,0.11039,-0.071186,0.24304,-0.16338,0.95671,0.26434,-0.63424,-0.40369,-0.80388,-0.47844,0.69118,-0.59633,0.50803,-0.63164,-0.72289,-0.65433,-0.75721,-0.23767
0.8752,0.30994,-0.087359,0.70857,-0.53052,0.98809,0.21468,0.74769,0.55394,-0.29352,0.618,-0.98206,0.054198,-0.095964,0.70888,0.31971,-0.54397,0.5615,-0.40375,0.73975,-0.95425,0.0073279,-0.51068,0.19128,-0.36258,0.66373,0.80134,-0.55668,0.6986,-0.46729,0.30929,0,-0.49091,-0.076145,-0.41757,-0.62997,-0.20893,-0.9013,0.33735,0.44963,-0.96018,0.9623,-0.59239,-0.96996,0.3794,-0.64313,0.64451,-0.51775,0.48407,0.14227,-0.71496,0.59166,0.74381,-0.24816,0.24565,-0.087856,-0.11125,0.15304,-0.2185,-0.24089,0.52156,0.16621,0.66975,-0.52482,-0.51309,-0.82533,0.2051,0.37757,0.053527,0.40216,0.62768,0.50021,0.32717,0.45906,0.85467,0.82283,-0.25349,0.36144,-0.67179,-0.1016,-0.79597,-0.35283,0.97956,-0.79859,0.12272,0.23768,0.19635,0.79374,-0.89197,-0.68465,-0.79521,0.15251,-0.089233,0.79535,-0.43572,-0.94239,0.46124,0.77606,-0.061489,0.90734,0.46189,-0.75197,-0.0055404,0.8038,-0.9754
-0.64398,0.89234,0.14258,0.82327,0.97636,0.7935,0.9915,0.76224,0.20456,-0.6258,-0.040116,0.78138,0.34735,0.6717,-0.056721,0.12125,0.84726,-0.69316,0.96511,0.069755,-0.67516,0.81733,-0.93699,0.90548,0.59848,0.54892,0.3317,-0.71703,0.033821,-0.060914,0.63529,-0.49091,0,-0.93149,-0.40563,-0.26181,-0.045788,0.96694,0.19844,0.73427,0.65396,-0.68398,-0.72147,0.25733,0.48448,0.81274,0.64424,-0.79142,-0.2201,-0.70494,0.81337,0.054366,0.12564,-0.48352,0.3439,0.6289,0.90997,0.90397,0.43742,0.69735,0.66157,-0.086992,0.23053,0.9217,-0.33419,0.85414,-0.51715,0.94911,0.23428,0.23994,-0.24032,-0.061363,0.12652,0.53499,0.89506,-0.72376,0.48136,0.73586,0.53327,0.15446,0.65862,0.19008,0.26005,-0.31113,0.97677,-0.95618,-0.037355,0.052008,-0.045914,0.52278,-0.90705,-0.82113,0.97884,-0.91005,0.55232,-0.36783,0.13299,-0.91591,-0.24753,0.40886,-0.4517,0.19936,-0.9179,-0.28283,0.87264
0.28826,-0.34515,0.54531,-0.8055,0.97146,-0.254,0.79218,-0.90687,0.89396,0.61662,0.43119,-0.0255,-0.58827,-0.34769,0.26357,0.41552,-0.83758,-0.54032,0.54565,0.45572,0.025951,0.10235,-0.086855,-0.099853,-0.26535,0.25071,0.12722,0.076833,-0.63624,-0.63366,-0.77738,-0.076145,-0.93149,0,0.51649,-0.54951,0.020077,-0.28752,-0.52295,0.57049,-0.71272,0.23428,0.14981,-0.84177,0.92358,-0.91633,-0.91528,-0.52666,-0.63216,0.5559,-0.49474,0.24357,0.543,-0.59934,-0.38872,-0.50896,-0.26866,0.20154,-0.74952,-0.32366,-0.78811,0.62866,-0.66882,0.69773,-0.35767,0.46682,0.064107,-0.31283,-0.75626,-0.70236,-0.017865,-0.73229,0.54625,0.69163,0.064052,0.10975,-0.46699,-0.88023,-0.7416,-0.8396,-0.58955,-0.59156,0.12745,0.66731,-0.72779,-0.15373,-0.68305,0.24043,0.064138,-0.046846,-0.063521,-0.54305,0.661,0.3348,-0.028121,-0.6651,0.66365,0.76689,0.80462,0.98646,-0.024795,0.26254,0.35874,-0.31931,-0.92116
-0.36281,-0.7141,-0.92611,0.34372,0.16984,-0.46553,-0.26006,-0.1376,-0.26972,0.72158,0.62217,0.5335,-0.61794,-0.95189,-0.67503,0.83662,-0.48868,0.66616,-0.52646,0.55904,0.62832,0.69406,-0.26037,-0.55181,-0.98194,-0.51291,-0.53905,-0.53058,0.70931,-0.35525,-0.6357,-0.41757,-0.40563,0.51649,0,-0.54939,0.58782,0.66448,-0.6965,0.084857,-0.62737,-0.70213,0.52713,-0.31822,0.95037,-0.63904,0.37746,0.067199,-0.03901,0.48616,0.83038,0.57197,0.083817,0.23722,0.59312,0.29473,-0.78431,-0.42469,-0.81458,0.068931,0.58305,0.44765,0.71733,-0.48948,-0.095055,0.0054269,0.89006,-0.58031,0.20292,-0.22527,-0.22009,0.5072,0.1488,-0.90039,0.0087889,-0.31447,-0.35604,0.70238,-0.94907,0.27269,0.17175,0.86829,-0.70832,0.66839,-0.86139,-0.89438,-0.95726,0.050931,0.16125,-0.73509,0.48083,-0.89253,-0.12539,0.60887,-0.33459,-0.15429,0.1287,0.2066,-0.46633,0.68529,0.002906,-0.73843,0.94582,-0.96781,-0.13806
0.494,-0.51082,-0.052694,0.55926,0.71286,0.96043,0.10236,-0.82701,-0.099313,0.79892,-0.14576,0.55471,-0.52439,0.98093,-0.61767,0.61545,-0.58872,-0.69282,0.91152,-0.88539,0.82446,-0.48254,-0.060716,0.62658,-0.35267,-0.48791,0.7426,0.74777,0.89585,-0.08108,-0.10015,-0.62997,-0.26181,-0.54951,-0.54939,0,0.23527,0.53205,-0.16976,0.8082,0.080971,0.11751,-0.86806,0.64939,0.34398,0.5406,-0.25362,-0.72128,-0.036758,0.63528,0.66379,0.59739,0.072269,-0.24348,-0.75509,-0.36809,0.15579,0.45507,-0.6229,0.62687,-0.42794,-0.0082358,0.99153,-0.68701,0.80715,0.79001,-0.61289,0.66678,-0.58266,-0.019705,-0.62708,-0.2257,-0.21602,-0.83442,0.37131,-0.35401,-0.32645,0.6976,-0.85358,0.97481,0.7174,-0.97918,-0.96919,-0.67433,0.91688,-0.15451,-0.75108,-0.62949,-0.78478,-0.64597,-0.61699,-0.52241,0.45274,0.56377,-0.25643,-0.93017,0.94947,0.30843,-0.36723,0.79742,-0.74357,-0.63696,0.35267,0.54864,-0.98048
-0.08964,0.028836,-0.80115,-0.20145,-0.25076,0.51828,-0.17823,-0.26973,0.62035,0.97871,-0.2054,-0.56241,-0.08115,-0.049692,-0.0042193,-0.97672,0.24905,-0.4606,-0.47003,0.073092,-0.38249,-0.75359,0.36782,-0.33586,0.0054805,-0.19528,0.19966,-0.69749,-0.77434,-0.44101,0.83102,-0.20893,-0.045788,0.020077,0.58782,0.23527,0,0.076929,0.33471,0.82092,-0.51503,0.93701,-0.68952,0.95436,0.90631,0.43046,-0.38407,-0.3492,0.80911,0.4594,0.81358,0.87788,0.15984,-0.48947,-0.58519,0.65744,-0.17316,-0.13089,-0.88475,0.92538,-0.022424,-0.92163,0.99825,0.49725,0.11674,0.79162,-0.83491,-0.41645,-0.079033,-0.096201,-0.64351,0.79179,0.084554,-0.74239,0.79763,0.49109,-0.40952,-0.6745,0.87973,-0.50038,0.24299,-0.74314,0.5574,0.54459,-0.3914,-0.92169,-0.29161,0.72249,0.037326,0.076183,0.95029,-0.18058,0.064979,0.095771,0.61339,-0.50643,0.99039,0.97057,-0.83788,0.018607,-0.72756,0.8947,-0.35672,0.81261,-0.88721
0.60927,-0.3985,0.2941,0.69041,0.99677,-0.23059,-0.075296,0.087561,-0.98899,0.25606,-0.67938,-0.087547,0.89704,0.30701,0.33856,0.74629,0.35531,0.42781,0.56513,-0.55688,-0.97647,0.73234,0.03869,-0.95901,-0.34202,0.77308,-0.27584,0.34071,0.11952,-0.075163,0.29099,-0.9013,0.96694,-0.28752,0.66448,0.53205,0.076929,0,-0.83463,0.49228,0.38228,-0.94071,-0.77439,-0.92502,0.224,-0.96624,0.27431,0.67721,-0.75859,-0.68742,-0.96197,-0.34056,-0.92081,0.93189,0.93235,0.55662,-0.78333,-0.95014,0.15805,-0.33512,-0.32456,0.78162,-0.38275,-0.42985,-0.23563,0.64612,0.71365,0.37941,0.85232,-0.067955,-0.47893,-0.68277,0.50775,0.85899,-0.0029376,-0.075624,-0.51242,-0.26748,0.35,-0.18581,0.74358,0.37999,-0.7124,-0.30645,-0.99359,-0.57121,0.27356,0.66885,0.2307,-0.52474,0.041525,-0.61881,-0.0038857,0.64082,-0.90425,0.021265,0.73127,-0.064955,-0.07921,-0.21477,-0.33686,-0.28451,0.15555,-0.81211,0.22804
0.51115,0.81695,-0.45517,-0.17261,0.95436,-0.39302,0.31639,0.845,-0.88756,0.18697,0.87692,0.88613,0.73669,-0.85605,0.71688,0.78126,-0.92741,-0.88134,0.80814,0.21613,-0.48515,0.097835,0.016966,-0.53378,0.38033,0.80098,-0.53511,-0.51723,0.81013,-0.072451,0.21994,0.33735,0.19844,-0.52295,-0.6965,-0.16976,0.33471,-0.83463,0,-0.21757,-0.29645,0.66677,0.60489,0.81079,0.78002,-0.024491,0.25862,-0.21354,0.97691,0.95854,0.7639,0.82176,-0.97118,-0.97429,-0.91308,0.88155,0.29965,0.79765,0.0095705,0.95838,-0.21211,-0.40158,-0.88668,-0.45124,0.61236,-0.64418,0.9154,0.85554,-0.72589,-0.44783,-0.32839,0.28472,0.85114,-0.56421,0.32008,-0.81547,0.67802,0.71498,-0.97345,0.43811,0.55692,0.11624,0.14285,0.59202,0.84308,0.039088,0.40115,-0.37887,0.66938,0.95443,-0.29878,0.2216,-0.22937,-0.81042,-0.36669,0.887,0.67243,-0.81539,0.4735,-0.78227,0.3804,0.051271,-0.72352,0.096517,0.40901
-0.78554,0.54524,-0.58959,-0.24734,-0.90409,0.10914,-0.18429,0.27281,0.69277,0.3794,-0.9917,-0.082431,0.49026,-0.50726,0.10444,0.64405,-0.47983,-0.6693,0.34872,-0.01511,0.15739,-0.15127,0.62396,0.95451,-0.45229,0.12712,-0.79174,-0.31305,0.3221,-0.87,-0.50267,0.44963,0.73427,0.57049,0.084857,0.8082,0.82092,0.49228,-0.21757,0,-0.30743,0.3372,0.66728,0.38602,0.24977,0.32744,-0.53375,-0.57082,0.35099,0.069607,0.5562,0.13639,0.91786,0.86048,0.64092,0.53059,-0.98578,-0.889,0.38781,0.85623,-0.13294,-0.64741,0.89545,0.63834,0.65763,0.25274,-0.34909,-0.12429,0.61913,0.23674,0.0074859,-0.26832,0.15394,0.24944,0.0053442,0.27924,0.61439,0.67196,0.53302,-0.27892,0.66619,-0.89232,-0.87564,0.34343,0.45814,-0.014876,-0.94168,0.56335,-0.49596,0.44129,0.9827,-0.022523,-0.47032,-0.024804,0.26972,-0.54004,-0.80642,0.24468,0.91081,0.43635,-0.62605,0.90998,-0.88225,-0.23215,-0.040564
0.067345,0.75892,0.56986,0.84956,-0.25374,-0.07003,0.62781,-0.89827,0.43584,0.59012,0.05943,-0.045789,0.31407,-0.085005,0.020358,0.5508,-0.61053,-0.17095,-0.47564,0.56342,-0.84957,-0.29679,-0.80119,0.55526,-0.8725,0.59087,0.73718,-0.15919,0.71978,0.20314,0.32484,-0.96018,0.65396,-0.71272,-0.62737,0.080971,-0.51503,0.38228,-0.29645,-0.30743,0,-0.91761,-0.15042,0.85701,0.82897,0.00043023,0.31465,-0.46254,0.39738,0.39524,0.81585,0.27702,0.35,0.078298,0.52425,0.99142,-0.76902,0.34315,0.82747,-0.83438,-0.98468,0.67981,0.7621,0.14838,-0.61519,0.58447,0.73268,-0.47568,-0.14629,0.1645,0.50341,0.033614,0.33928,0.29278,0.11106,-0.57055,0.52538,0.1118,0.64849,-0.48039,-0.068198,0.5824,0.28733,-0.43878,-0.23631,0.43648,-0.59349,-0.064178,0.54651,-0.06779,0.257,-0.65737,0.094273,-0.94777,0.083546,-0.078734,0.55233,0.7663,-0.42957,-0.3441,-0.28929,-0.90361,0.27349,0.42537,-0.93955
-0.44579,0.73268,0.056596,0.23964,-0.61127,0.39911,-0.032435,-0.99491,0.74328,0.09898,-0.59163,-0.70735,-0.41641,-0.17668,-0.49865,0.18725,-0.52076,-0.0068529,-0.66605,0.55612,-0.23972,-0.2963,-0.64829,0.4882,0.26649,-0.88278,0.026745,0.35159,-0.74735,0.84639,-0.88989,0.9623,-0.68398,0.23428,-0.70213,0.11751,0.93701,-0.94071,0.66677,0.3372,-0.91761,0,0.79678,-0.095083,-0.63955,-0.75383,-0.65018,-0.62838,0.82161,-0.50556,0.23879,0.43507,0.92056,-0.53766,-0.39201,-0.20596,-0.70904,-0.2499,0.75057,-0.52582,-0.11307,-0.68423,0.95541,0.29859,-0.70947,-0.73543,-0.22406,-0.35024,-0.77504,-0.40494,0.88651,-0.32875,0.53014,-0.13956,0.33762,0.93463,-0.078313,0.8872,0.67167,0.21,-0.26964,0.92102,-0.14835,0.2644,-0.0033946,0.7108,0.55229,-0.24443,-0.16541,0.86333,-0.89879,-0.51084,-0.11997,0.1874,-0.21726,-0.31409,0.99501,0.29069,-0.59952,0.06304,0.37742,-0.86838,-0.61661,0.3611,-0.56069
0.94435,0.53233,-0.11389,0.59847,0.3517,0.90117,0.68918,0.47906,-0.42278,0.49583,-0.92517,-0.51226,0.44204,-0.60748,0.095602,0.43575,0.433,-0.65154,0.32753,0.60999,-0.54389,-0.398,0.13506,0.59249,0.13882,0.21909,0.22756,0.31581,0.91203,-0.98587,0.0030567,-0.59239,-0.72147,0.14981,0.52713,-0.86806,-0.68952,-0.77439,0.60489,0.66728,-0.15042,0.79678,0,0.55024,-0.3036,-0.047028,-0.75993,-0.10245,0.88638,0.13734,0.57723,-0.71104,0.14146,0.072054,-0.21404,0.52738,0.085774,-0.60648,-0.96789,-0.85515,-0.85904,0.32503,-0.22897,0.12905,0.96066,-0.36792,-0.019238,0.17242,-0.91502,-0.040896,0.38205,0.27633,-0.097888,0.3147,0.24542,-0.37386,-0.233,0.30921,-0.56466,-0.68724,-0.86311,-0.72071,0.20714,-0.64759,0.77438,0.16352,-0.20302,-0.4602,-0.9578,-0.16561,-0.65691,-0.82864,0.32092,0.33758,-0.54603,0.65284,0.35332,-0.023084,-0.95118,0.46279,0.13298,0.8846,0.087541,0.83729,0.33718
0.61625,0.42897,-0.48484,-0.4492,0.39005,-0.43636,0.86482,-0.44605,-0.15938,0.25733,-0.97503,-0.94107,-0.71496,0.72053,0.81615,-0.39765,0.88461,-0.42339,0.3996,-0.53491,0.35893,0.43081,0.70773,0.37039,-0.11125,-0.10038,0.2762,-0.47647,-0.038026,0.64885,0.034069,-0.96996,0.25733,-0.84177,-0.31822,0.64939,0.95436,-0.92502,0.81079,0.38602,0.85701,-0.095083,0.55024,0,-0.7671,0.98784,-0.35257,-0.44243,0.95766,0.14206,-0.96864,-0.41223,0.97937,-0.45075,-0.63536,0.90519,0.21661,-0.13279,-0.31961,-0.61606,0.3454,-0.79738,0.49508,0.53412,0.71471,0.89889,0.12756,0.67643,0.5775,-0.654,-0.61333,-0.52593,0.29156,0.094774,0.59302,0.48402,0.61105,0.93643,0.076128,0.1842,0.79528,0.40866,-0.42988,-0.43575,0.92666,0.55018,-0.070716,0.96865,0.4161,0.70965,0.60417,-0.98382,0.7369,-0.20238,-0.39585,0.89262,-0.21724,0.63826,-0.99474,0.36202,0.77607,-0.51984,0.39337,0.2636,0.4943
0.82127,0.13788,0.8547,-0.7685,-0.40559,0.51696,-0.29102,0.99818,0.99519,-0.098705,-0.47498,0.22628,-0.55474,-0.059663,-0.97195,-0.8276,-0.56219,-0.11002,0.5358,-0.71982,-0.65214,-0.45097,-0.6583,-0.96664,0.35867,-0.29078,0.76724,0.042711,-0.4667,0.012319,-0.98344,0.3794,0.48448,0.92358,0.95037,0.34398,0.90631,0.224,0.78002,0.24977,0.82897,-0.63955,-0.3036,-0.7671,0,0.28411,0.96499,0.91263,0.13897,-0.61158,-0.22138,0.73375,-0.24895,-0.1645,0.71158,-0.44946,-0.78963,-0.50404,-0.64171,-0.4787,0.29583,0.5441,0.94826,-0.94852,0.40059,-0.63306,-0.63173,-0.97704,-0.64942,-0.39807,0.030573,-0.31493,0.99954,0.54519,-0.71479,-0.14252,0.55409,-0.4546,-0.8259,0.2445,0.99725,-0.028408,-0.3187,-0.78701,-0.99286,-0.13883,-0.6398,0.56165,-0.78761,-0.77954,0.05028,-0.11684,-0.59363,0.77678,0.271,-0.33305,-0.29236,0.27195,0.92586,-0.93422,-0.50128,-0.96006,0.9677,-0.97946,0.019026
