,,,,,,,,,,,,,,,,,,,,,,,,,,,,,,,,,,,,,,,,,,,,,,,,,,,,,,,,,,,,,,,,,,,,,,,,,,,,,,,,,,,,,,,,,,,,,,,,,,,,,,,,
0,0.60453,-0.26493,-0.99059,-0.10135,-0.82005,-0.69285,-0.83859,0.61292,-0.4709,-0.75547,-0.83979,0.229,0.098024,0.075607,-0.75823,-0.98661,-0.31429,-0.71867,0.39201,0.69208,-0.052229,0.51391,-0.66164,0.16749,-0.8456,0.49709,0.16445,-0.17388,-0.73649,-0.76882,0.81891,-0.83062,0.4529,0.052582,-0.94541,-0.83832,-0.20668,0.23186,0.63964,0.32621,0.89307,0.62071,-0.14017,-0.064962,-0.61274,-0.52708,-0.094001,-0.16073,-0.56286,0.68865,-0.59614,0.28632,-0.5671,-0.73179,0.93971,-0.56736,0.4162,0.48664,0.61875,0.02355,-0.015971,0.27643,0.11497,0.18586,-0.76572,0.089618,0.47964,0.60014,-0.3104,-0.48278,-0.90199,0.99571,0.28461,0.83103,0.88441,0.1778,-0.924,-0.97311,-0.11537,0.60892,0.11971,0.74727,-0.28809,-0.63737,0.5375,0.2745,-0.89825,0.26161,0.4856,0.45407,0.84443,0.059761,-0.31845,0.22417,0.45948,0.80132,-0.29153,-0.3368,-0.69624,0.30017,-0.42404,-0.86899,0.61391,-0.65217
0.60453,0,0.040978,0.067486,0.546,-0.85979,-0.75286,-0.8592,0.81442,-0.016256,-0.36169,0.60747,0.67859,0.93177,0.86453,-0.66164,0.18901,-0.85335,0.92027,0.67981,0.8867,0.1305,-0.22151,-0.29126,-0.5386,-0.10685,-0.82919,-0.53867,-0.39661,-0.35712,0.23202,0.51408,0.024817,-0.18577,0.45215,-0.64975,0.39066,-0.17619,0.26854,0.70593,0.98578,0.50076,0.89459,0.19443,-0.46468,-0.59921,-0.4861,-0.002933,0.15282,0.12204,-0.58929,0.73143,0.15435,0.50431,-0.96848,0.53762,0.092011,-0.71789,0.15352,0.47641,-0.63717,-0.31391,0.74064,-0.29828,0.89679,0.7487,0.24425,-0.045964,-0.3526,-0.26619,-0.72383,-0.28203,-0.16123,-0.39782,0.65842,-0.67866,0.070401,-0.34632,0.1392,-0.24311,-0.92678,-0.5892,0.40254,0.18192,0.38032,0.67534,0.69497,0.31093,0.94426,-0.015851,0.16847,-0.80256,0.45397,-0.36267,-0.73694,0.11258,0.67477,0.49144,0.35356,-0.66038,-0.51399,0.74348,0.44289,-0.72765,-0.047606
-0.26493,0.040978,0,0.65812,-0.010339,-0.42462,-0.063007,0.20379,-0.96118,0.83186,-0.39334,-0.42534,-0.28579,-0.95128,-0.20671,-0.043779,-0.60418,0.52343,-0.5857,-0.91957,0.1327,0.95851,-0.65047,0.85373,-0.22836,0.36272,-0.77325,-0.98916,0.21132,-0.035746,-0.72409,-0.2676,0.62235,0.19991,-0.09322,0.60579,0.95426,0.46496,-0.23035,0.95641,-0.97244,-0.58426,0.98613,0.21145,0.58355,0.22682,-0.98734,0.34221,0.8263,-0.41036,0.3245,0.59728,0.023241,-0.19778,-0.20972,-0.16999,0.099276,0.87686,-0.94097,0.9612,0.34577,-0.050841,-0.066004,0.365,0.57288,-0.59324,-0.52195,0.69475,-0.95506,0.31594,0.26912,-0.82402,0.35804,0.97631,0.14874,-0.54856,0.15598,-0.954,0.83109,0.35664,-0.43631,-0.50955,-0.0054512,-0.31571,-0.52146,0.15701,0.68122,0.57033,-0.56616,0.45162,0.33362,-0.14057,0.1017,0.15778,-0.41114,0.077225,0.94512,-0.48466,0.87645,-0.98806,0.6705,0.95229,0.63681,-0.35611,0.0097465
-0.99059,0.067486,0.65812,0,0.14528,-0.33046,0.78936,0.11371,0.20536,0.35118,-0.55043,-0.44653,-0.84478,0.62409,0.94009,0.76098,0.63145,-0.46611,0.2909,-0.030294,0.70935,0.015168,0.66696,0.73412,-0.73464,0.53472,0.5269,0.36241,0.11762,0.01902,0.4846,-0.33824,0.62857,0.25716,-0.97626,-0.43148,-0.051619,0.22474,-0.41396,-0.90472,-0.63336,0.52949,0.20339,-0.189,-0.82462,0.58185,0.62066,-0.94511,-0.27656,0.80228,-0.14694,0.83639,-0.4821,-0.50317,-0.47126,-0.68243,0.69545,-0.89237,-0.17258,0.071182,0.41424,0.33546,-0.71596,-0.6908,-0.51312,0.61116,-0.67556,-0.83136,-0.33575,0.017422,-0.74799,0.76901,-0.073986,-0.76922,-0.50121,-0.73028,-0.79588,-0.25451,-0.38605,0.46259,-0.95481,-0.0089579,-0.4767,-0.54743,0.98038,0.91021,0.45357,0.65178,0.94612,0.32325,-0.016744,0.45421,0.22415,0.455,0.12703,-0.91366,0.991,0.58003,-0.065281,0.20822,-0.57954,-0.99583,-0.86575,0.25688,-0.80264
-0.10135,0.546,-0.010339,0.14528,0,0.23907,-0.81301,0.44493,-0.8362,0.57156,-0.87844,0.28328,0.024117,-0.87426,-0.27268,0.71071,-0.43085,0.40939,0.22118,-0.20044,-0.13188,0.48143,-0.62401,-0.48464,0.11088,0.16062,-0.73034,-0.4534,0.015171,-0.79723,0.87511,-0.35104,0.7253,0.58511,0.26141,0.63747,-0.83108,0.07561,0.68416,0.11861,0.55503,-0.46625,0.1885,-0.6692,0.96958,0.022372,-0.56034,-0.4439,-0.82915,0.13368,0.51363,-0.68591,-0.54305,0.99676,0.97767,-0.67061,0.69117,-0.75174,0.45553,0.41948,0.77227,0.84472,0.41963,0.22943,0.33141,0.030443,-0.72334,-0.079809,-0.13817,-0.12971,-0.54515,-0.27067,-0.027113,-0.74708,-0.40459,0.1958,-0.29447,-0.095732,-0.40068,-0.58928,0.26137,0.63227,-0.71574,-0.45521,-0.10674,-0.32129,-0.87121,0.49662,-0.30291,0.38084,0.094984,-0.77938,0.93948,0.30497,-0.063063,-0.32585,0.26028,-0.84074,0.89936,-0.077895,0.53547,0.83143,0.84086,0.50505,-0.71034
-0.82005,-0.85979,-0.42462,-0.33046,0.23907,0,-0.11218,0.32563,-0.68143,0.94401,0.95921,0.42181,0.73764,0.81195,0.39831,-0.93801,-0.25775,0.34493,0.56308,0.042817,-0.042718,0.2925,0.27217,-0.27456,0.5256,-0.97237,-0.51207,-0.98698,-0.57382,-0.078962,-0.56276,0.95941,-0.078161,0.89659,-0.38016,0.4158,-0.19445,-0.65407,-0.47084,-0.13583,0.13707,-0.69878,-0.62911,-0.031739,0.88814,-0.37484,0.47887,-0.30668,-0.67622,0.44518,-0.74423,-0.54553,0.36165,-0.91263,0.051509,0.0063298,0.018128,0.55642,-0.45032,0.39098,0.020286,-0.38465,-0.33192,-0.20761,-0.11143,-0.13483,-0.76403,-0.13717,-0.036796,0.10799,0.21405,-0.0020689,0.99311,-0.31686,0.42368,0.14878,0.50641,-0.079814,0.036912,-0.67499,0.60163,-0.28428,-0.84422,-0.98901,0.91443,0.34529,0.17284,0.99696,-0.68406,0.8635,0.88116,-0.17305,0.72283,-0.23313,-0.38808,0.0027619,0.16273,-0.36868,0.26771,0.51189,-0.60743,0.59714,0.68994,0.79532,-0.13806
-0.69285,-0.75286,-0.063007,0.78936,-0.81301,-0.11218,0,0.53644,-0.59467,-0.67862,-0.10361,-0.11062,0.86593,-0.28534,-0.12264,0.75844,0.25187,-0.42134,-0.44484,-0.32993,0.81182,-0.24323,-0.065062,-0.31322,0.85714,-0.23425,-0.22438,0.73778,-0.19668,-0.30754,-0.6886,0.26753,0.48704,0.80939,-0.97696,0.10855,0.06536,0.10752,0.18501,-0.022501,0.20423,-0.051962,0.061132,0.48751,0.43673,-0.64045,-0.36124,0.29275,-0.38917,-0.83556,0.1174,-0.34703,0.15544,-0.33373,0.94508,0.28157,0.36198,0.48731,-0.13302,-0.0058797,0.91956,0.72436,-0.70379,0.2658,0.24732,0.04997,-0.068285,0.13753,-0.61425,-0.52742,0.28655,0.77334,-0.75192,0.3465,0.98945,-0.55206,0.80811,0.16538,0.39875,-0.95448,-0.40578,-0.41358,0.52834,0.56779,-0.48745,-0.20816,-0.53303,-0.48821,0.39168,0.37526,0.02052,-0.81179,0.45507,-0.4403,-0.47571,-0.78261,-0.23464,-0.42571,0.37231,-0.70349,0.021599,0.063414,0.94335,-0.91332,0.30177
-0.83859,-0.8592,0.20379,0.11371,0.44493,0.32563,0.53644,0,-0.81131,0.64207,0.97818,-0.70633,-0.21915,-0.86139,0.4166,-0.75251,0.75747,0.69189,0.56655,0.67628,0.7848,-0.33747,-0.36401,-0.10892,-0.94553,0.70954,0.87962,-0.76644,0.83299,-0.51758,-0.59165,-0.82427,-0.76053,0.10834,-0.63512,-0.1687,0.037209,-0.11649,0.78142,0.91196,-0.34015,0.84082,0.7785,-0.88967,0.44297,-0.97185,0.39134,0.6642,-0.61405,-0.11727,-0.78262,-0.58907,-0.41253,-0.17131,0.29596,0.34364,-0.021445,-0.61757,0.11054,-0.52777,-0.34546,0.84451,0.76542,0.37665,0.34561,-0.62741,-0.45849,-0.58781,0.21463,-0.72351,0.27643,0.80335,0.62137,0.91582,-0.95335,0.37134,0.38229,-0.83215,-0.0033518,0.37543,0.72532,0.078193,-0.54953,-0.2102,-0.36257,0.20694,0.12188,-0.62279,-0.17092,0.91361,0.17334,0.90591,0.55473,-0.726,0.94646,0.14745,-0.93764,-0.12667,0.77729,-0.38252,0.39628,-0.47106,-0.2755,-0.73441,-0.3484
0.61292,0.81442,-0.96118,0.20536,-0.8362,-0.68143,-0.59467,-0.81131,0,-0.089441,-0.1714,0.62531,0.097382,-0.36588,0.91249,-0.3329,0.1753,-0.27978,-0.20147,-0.83447,-0.33686,0.61028,0.050544,0.78042,-0.9483,-0.50214,0.71937,-0.053177,-0.91071,0.42301,-0.67179,-0.5197,0.049773,0.99835,0.62593,0.88333,0.6394,-0.98202,0.13667,-0.72385,0.93243,-0.31212,-0.027758,-0.97128,-0.75127,0.59486,-0.47852,0.83174,0.079526,-0.055871,0.83469,0.38456,-0.89685,-0.91922,0.72926,-0.49484,0.3264,-0.26555,0.57665,0.91694,0.028698,0.26271,-0.59099,-0.77662,0.76818,-0.94896,0.099233,-0.43503,-0.4067,-0.24221,-0.64472,-0.061087,-0.87842,0.80834,0.16509,0.85582,-0.14098,0.99169,0.3551,-0.13584,-0.36148,-0.097749,-0.44148,0.32833,0.39032,0.75588,-0.11311,0.9533,0.95303,-0.57296,0.74005,0.084886,0.66535,-0.29344,0.59971,0.97586,-0.57894,0.96226,-0.13845,-0.59175,-0.54321,0.4092,0.90083,-0.63203,-0.85293
-0.4709,-0.016256,0.83186,0.35118,0.57156,0.94401,-0.67862,0.64207,-0.089441,0,0.95241,0.58379,0.16081,-0.4403,0.79999,0.71402,-0.13678,-0.68314,-0.12676,-0.0041265,0.84999,-0.60076,-0.073173,0.0014465,-0.87247,0.0038153,-0.6146,0.20771,0.026346,0.21965,-0.70073,-0.40895,-0.42399,0.99594,-0.67812,-0.46833,-0.36041,-0.18311,-0.77918,0.23054,0.89551,0.091719,-0.72913,0.67823,-0.62668,-0.014821,0.40924,0.46728,0.91243,0.39246,-0.11,-0.16321,0.9558,-0.72041,0.94173,0.7221,0.94828,-0.45749,-0.20797,-0.81541,0.063124,-0.38511,0.44016,0.066074,-0.72668,0.43641,0.9894,0.88431,0.8418,0.74002,-0.25497,-0.61453,-0.39339,-0.64005,0.66371,-0.87866,-0.922,0.74147,-0.42741,0.47989,0.10543,-0.57565,-0.28381,-0.54542,0.55556,0.077754,0.62956,0.82532,0.3413,0.29935,-0.76346,0.41971,-0.64888,-0.11926,-0.87069,0.076284,0.44979,-0.55152,0.13368,0.44074,0.89124,-0.91949,-0.56472,0.15286,0.66232
-0.75547,-0.36169,-0.39334,-0.55043,-0.87844,0.95921,-0.10361,0.97818,-0.1714,0.95241,0,0.78201,-0.50028,-0.24774,0.55048,-0.70103,0.31903,-0.36064,-0.74858,-0.83463,0.92775,0.90233,0.68018,0.78065,0.044369,-0.47429,-0.94639,0.57128,0.59703,-0.43928,-0.55445,0.26566,-0.1999,0.61768,0.15726,0.20008,-0.69987,0.45272,-0.84204,0.43209,0.75958,0.82795,-0.61011,0.98626,0.96741,-0.72936,-0.31057,0.28199,0.405,0.24607,0.019295,0.30151,-0.22524,0.27763,-0.10334,-0.94437,-0.88113,0.83894,-0.56869,0.82294,-0.26286,0.06062,0.20668,-0.40724,-0.4946,0.38715,0.99872,0.62664,-0.69506,-0.29724,0.83291,0.52858,-0.54746,-0.63548,-0.21687,0.34801,-0.5826,0.70518,-0.6299,-0.97214,-0.32276,-0.88607,0.27575,-0.82398,-0.63128,-0.98772,0.51652,0.96638,0.48929,0.82076,-0.096931,-0.27601,-0.15702,0.86688,-0.00099124,-0.40727,-0.49616,-0.44781,0.067125,-0.16237,0.33497,-0.99979,-0.60804,0.31419,0.15522
-0.83979,0.60747,-0.42534,-0.44653,0.28328,0.42181,-0.11062,-0.70633,0.62531,0.58379,0.78201,0,0.94262,0.59021,0.6496,0.16305,-0.72088,-0.088991,0.021836,0.61583,0.39911,-0.68666,-0.83847,0.39886,0.47984,-0.075729,-0.74104,0.1538,-0.10564,0.82705,-0.91985,-0.61855,-0.81259,-0.90378,-0.75435,0.089731,-0.87288,0.87185,0.52772,0.69946,0.27253,0.53865,0.34248,-0.40218,-0.97171,-0.7858,-0.32403,0.53446,0.81951,-0.038259,0.91336,-0.043573,-0.027755,-0.050526,0.05182,-0.95936,-0.96496,0.11983,-0.55881,0.72479,0.76971,-0.79074,-0.73751,-0.46038,-0.19572,0.45189,0.079426,0.6775,0.64199,0.23209,-0.59334,0.75094,0.56994,-0.19893,-0.51446,0.62802,0.42929,-0.7622,-0.42891,0.3892,0.36427,0.88324,0.70393,-0.61335,0.41215,-0.12059,0.056923,0.39517,-0.90632,-0.72923,-0.89219,-0.63318,-0.16177,-0.017067,0.59636,-0.96892,0.8144,0.19649,0.98047,0.75836,-0.27805,-0.63636,0.75754,-0.25623,0.34874
0.229,0.67859,-0.28579,-0.84478,0.024117,0.73764,0.86593,-0.21915,0.097382,0.16081,-0.50028,0.94262,0,-0.22762,0.71272,0.4634,0.62113,0.42748,-0.34437,0.18282,-0.68296,-0.21846,-0.065048,0.76112,0.66931,-0.045059,0.64473,0.44241,-0.72967,0.88681,0.37345,0.0065081,-0.83846,0.68287,-0.57824,-0.25877,-0.95919,0.98767,0.6662,-0.37479,-0.35555,0.45246,-0.074242,-0.73296,-0.99598,-0.59272,-0.13717,-0.19696,-0.39051,0.030331,-0.18002,-0.60773,-0.13566,-0.89111,-0.85957,-0.86022,0.29156,-0.35433,-0.34811,-0.1673,0.93656,0.8301,-0.90005,0.95382,0.72759,-0.79978,0.29634,-0.011876,0.69405,-0.22335,-0.19639,-0.15506,-0.6881,0.43882,0.68939,-0.56614,0.61036,-0.058102,-0.20024,0.20305,-0.87835,-0.41335,-0.55364,-0.68565,-0.65462,0.80147,0.30919,0.38803,0.18142,-0.10488,0.35623,0.56903,0.45261,0.90278,-0.19504,-0.22438,0.85637,0.35317,0.7873,0.28822,0.58667,0.21365,-0.26358,-0.080497,0.90734
0.098024,0.93177,-0.95128,0.62409,-0.87426,0.81195,-0.28534,-0.86139,-0.36588,-0.4403,-0.24774,0.59021,-0.22762,0,0.00066179,0.82117,0.0097308,-0.071196,0.41404,-0.35097,-0.30553,-0.63166,0.01237,0.99319,0.31716,0.93375,0.63528,0.23611,-0.0093905,-0.26182,-0.47235,0.41155,-0.30421,0.55205,-0.93429,-0.46294,0.049014,-0.37057,0.039576,0.67211,-0.56905,-0.71877,0.45741,0.23611,0.26034,0.3681,-0.49089,-0.42505,0.65117,0.88093,0.80512,-0.60892,-0.11734,-0.10587,0.29306,0.22102,-0.13104,-0.15457,0.50622,0.17667,-0.89602,0.94314,0.47395,-0.58382,-0.47414,0.57336,-0.2014,0.84399,-0.88167,-0.7273,0.89844,0.34038,-0.67603,-0.35206,0.43172,-0.76927,0.11124,-0.49226,-0.26588,-0.40329,-0.0016722,0.65634,-0.59173,0.25295,-0.67669,0.58194,-0.099975,-0.16457,0.23752,0.62608,0.80252,-0.31194,-0.60274,-0.46785,0.29015,0.43503,-0.78088,-0.8092,0.55585,-0.085806,0.92737,0.42145,-0.93058,-0.55825,0.84181
0.075607,0.86453,-0.20671,0.94009,-0.27268,0.39831,-0.12264,0.4166,0.91249,0.79999,0.55048,0.6496,0.71272,0.00066179,0,-0.32768,-0.13378,0.091571,-0.98838,-0.13721,-0.43556,-0.77844,0.79983,-0.62856,0.30507,0.20243,-0.48761,-0.14315,0.37348,0.24189,-0.26784,-0.56079,-0.4169,-0.017984,0.78297,0.1615,0.66981,-0.74541,0.29249,0.53558,-0.45436,0.085594,-0.78026,0.8592,0.031225,-0.47724,-0.50109,-0.79165,0.027733,0.67214,-0.59822,0.36855,0.63766,-0.79432,-0.084154,0.24318,-0.59151,0.55367,-0.92985,-0.92941,0.94018,-0.39938,0.1735,-0.19003,0.77273,0.068759,-0.42208,0.52622,-0.093099,0.99933,-0.085285,0.1801,-0.53502,-0.22504,0.72214,0.8411,0.68837,-0.09097,-0.38294,-0.21822,-0.73673,0.89869,0.44589,-0.29068,0.63156,0.5751,0.45615,0.43393,-0.58673,-0.29527,-0.089519,-0.10254,0.20519,0.82589,-0.70058,0.42439,-0.049542,0.55415,-0.30018,0.0041444,0.45949,-0.95876,-0.28101,-0.38304,0.9505
-0.75823,-0.66164,-0.043779,0.76098,0.71071,-0.93801,0.75844,-0.75251,-0.3329,0.71402,-0.70103,0.16305,0.4634,0.82117,-0.32768,0,-0.11249,0.42763,-0.89546,-0.26768,0.64358,0.62445,-0.86959,-0.93906,-0.67882,0.52775,0.55106,0.60896,-0.82302,0.38362,0.4052,-0.35266,0.9705,-0.43023,-0.37447,-0.56046,0.67266,0.27653,0.76704,-0.61487,-0.92171,-0.44216,-0.53223,-0.3208,0.49249,-0.38706,-0.22951,-0.45842,-0.43872,-0.75766,-0.033074,0.94683,-0.54083,-0.1851,-0.24829,-0.87523,-0.19334,-0.18109,0.51133,0.9206,0.97839,-0.72508,0.70793,0.18637,-0.8816,-0.68582,-0.78793,0.026476,0.6126,0.15032,-0.22163,-0.38911,-0.12997,-0.8745,-0.24965,-0.57539,-0.059564,-0.0127,0.84107,-0.51736,0.85349,-0.090263,0.95897,0.30171,-0.70438,-0.58063,0.44108,0.50484,-0.23817,-0.85107,-0.33652,-0.2991,-0.11525,-0.46316,0.50494,-0.11341,-0.90621,-0.74048,-0.12395,0.97445,0.21334,0.11968,-0.98971,-0.1131,0.49571
-0.98661,0.18901,-0.60418,0.63145,-0.43085,-0.25775,0.25187,0.75747,0.1753,-0.13678,0.31903,-0.72088,0.62113,0.0097308,-0.13378,-0.11249,0,-0.90091,0.80742,0.46983,-0.86837,-0.053741,-0.16202,-0.3006,0.060918,0.39572,-0.43548,0.064689,0.0092741,0.032581,0.88538,0.27028,0.13747,0.26688,-0.79533,-0.14883,-0.3312,0.12474,0.18412,-0.57895,-0.68586,0.99315,0.47432,0.20213,-0.41926,0.83129,0.6143,0.55635,-0.94897,-0.0040383,0.11148,0.52136,-0.4727,-0.85935,-0.55046,-0.19941,0.656,0.62399,0.95311,-0.94915,-0.039584,-0.40043,-0.021255,0.14876,-0.64142,-0.60405,0.27729,0.81002,0.10811,-0.2511,0.42081,-0.12721,-0.3845,-0.55672,0.061826,-0.62413,0.3265,0.74668,-0.4378,0.43194,0.37438,-0.61208,-0.66058,0.6129,-0.15488,-0.79265,-0.048774,0.3754,0.040144,-0.44434,0.89357,-0.29127,0.83644,0.30544,-0.43967,-0.63495,0.19121,0.73179,0.75086,0.4153,-0.28225,-0.52148,0.013889,0.99309,0.19061
-0.31429,-0.85335,0.52343,-0.46611,0.40939,0.34493,-0.42134,0.69189,-0.27978,-0.68314,-0.36064,-0.088991,0.42748,-0.071196,0.091571,0.42763,-0.90091,0,0.41314,-0.29951,0.12666,-0.39071,-0.53621,-0.35769,-0.071853,-0.35299,0.24462,0.60342,-0.35797,-0.37192,-0.52853,-0.86733,-0.78488,0.83219,0.74317,0.53319,0.7822,0.10775,0.49567,0.66639,-0.1972,0.79453,-0.0090512,-0.3034,0.16623,-0.31821,0.0917,-0.87349,-0.82308,-0.003589,0.19604,-0.35678,0.83631,0.092826,0.20626,0.29421,0.39773,0.93542,0.49649,-0.99081,-0.36892,0.80248,0.31772,0.61993,0.39944,0.81452,0.066476,0.33763,0.34062,-0.5399,-0.28679,0.76066,-0.47684,0.75906,0.62665,0.66382,0.27516,-0.79241,0.1259,-0.97844,-0.9464,-0.016598,-0.32121,-0.73198,0.14287,-0.50404,0.65571,0.38735,0.56459,0.67023,-0.084359,-0.78097,0.20511,0.16752,0.32879,0.18861,-0.54125,-0.51679,-0.64896,-0.031352,-0.84055,0.70755,0.63843,0.34237,0.45952
-0.71867,0.92027,-0.5857,0.2909,0.22118,0.56308,-0.44484,0.56655,-0.20147,-0.12676,-0.74858,0.021836,-0.34437,0.41404,-0.98838,-0.89546,0.80742,0.41314,0,-0.65588,0.025825,0.73674,0.71354,0.60017,-0.39429,-0.095749,0.90057,-0.53929,-0.35379,-0.59778,0.22366,0.87554,0.44767,-0.97765,-0.59834,0.28481,0.065139,0.58328,-0.13866,-0.12112,0.37238,-0.39055,-0.6724,0.099266,0.1845,0.65114,0.41007,-0.47912,-0.48561,0.80638,-0.3148,-0.77743,-0.83011,0.61754,0.27182,0.97789,-0.87748,-0.25252,0.22587,0.11212,-0.27658,0.28294,0.39547,-0.79124,-0.12525,0.61775,-0.57719,-0.4017,-0.88981,-0.61233,0.89426,0.99123,0.21097,0.8675,-0.83288,0.63602,0.2604,-0.41188,-0.41714,-0.82667,-0.03915,0.19853,0.73524,-0.36782,-0.66877,0.024483,0.81504,0.97378,-0.802,0.5226,0.44028,-0.72813,0.82231,-0.43676,-0.41626,-0.31545,-0.23064,0.50094,-0.42379,-0.84037,0.46093,0.11235,-0.3426,0.28655,-0.35986
0.39201,0.67981,-0.91957,-0.030294,-0.20044,0.042817,-0.32993,0.67628,-0.83447,-0.0041265,-0.83463,0.61583,0.18282,-0.35097,-0.13721,-0.26768,0.46983,-0.29951,-0.65588,0,0.30338,-0.19809,-0.38214,-0.94931,0.98889,-0.16701,-0.0064159,0.33205,0.62121,0.7639,-0.3584,0.0033991,0.073306,-0.23876,0.66965,0.089605,0.69857,-0.55,-0.62483,-0.13001,0.23587,0.92865,-0.35069,-0.21324,-0.71843,0.1356,-0.40671,0.68534,-0.36437,0.28421,0.099165,0.41315,-0.74939,-0.36767,-0.57739,0.41408,-0.70034,0.087824,-0.48955,0.46736,-0.69561,-0.027682,-0.84364,0.65726,-0.20577,0.041187,-0.97856,0.76148,0.34644,0.92336,0.36218,-0.97876,0.39203,-0.54842,0.34003,-0.86532,-0.13801,-0.96272,-0.69383,0.23553,-0.92033,0.13957,-0.87654,0.46966,0.69276,0.34878,-0.82633,0.76203,0.74105,-0.74808,0.87957,0.39241,0.33717,0.26253,-0.32745,-0.98974,-0.25274,0.95483,-0.4911,-0.76561,0.85148,0.04442,-0.79347,-0.28146,0.73744
0.69208,0.8867,0.1327,0.70935,-0.13188,-0.042718,0.81182,0.7848,-0.33686,0.84999,0.92775,0.39911,-0.68296,-0.30553,-0.43556,0.64358,-0.86837,0.12666,0.025825,0.30338,0,-0.44575,-0.4748,-0.56305,0.20713,-0.25045,-0.21119,-0.99613,0.71241,0.93181,0.73907,0.49881,0.75712,0.81774,-0.29923,-0.81889,0.53988,0.58063,-0.8555,0.18693,0.54203,0.56246,-0.44669,-0.29201,0.32714,0.86805,0.60352,-0.34495,-0.5276,-0.90879,0.19316,-0.24441,-0.41659,-0.34492,0.11058,0.18104,-0.60207,-0.29456,-0.017952,0.59066,-0.687,0.90438,-0.27518,0.47125,-0.90305,0.82255,-0.78533,-0.76728,-0.62879,0.63839,-0.48146,0.89395,0.56158,0.45703,-0.10417,-0.43943,0.26513,0.88439,-0.31458,-0.56365,0.68087,-0.77316,0.32486,-0.023459,-0.28672,0.12054,0.2678,-0.78528,0.2268,0.57711,-0.6347,0.75097,-0.10769,0.16459,0.18054,0.97102,0.58986,0.43388,0.90608,0.73066,0.98258,-0.19415,-0.52285,0.17843,0.79388
-0.052229,0.1305,0.95851,0.015168,0.48143,0.2925,-0.24323,-0.33747,0.61028,-0.60076,0.90233,-0.68666,-0.21846,-0.63166,-0.77844,0.62445,-0.053741,-0.39071,0.73674,-0.19809,-0.44575,0,0.47148,0.10433,0.75201,0.3047,-0.0085554,0.69166,-0.88116,0.52837,0.57216,0.84876,0.84442,-0.68731,0.72714,0.68573,0.8426,-0.33253,0.38253,-0.18191,0.13822,-0.39136,0.076169,0.32306,0.2461,-0.20086,-0.20896,0.34224,-0.092778,0.36819,-0.92725,0.89916,-0.74074,0.32403,-0.50968,-0.30034,-0.56189,-0.42252,-0.3401,-0.083456,0.25421,0.91602,0.79732,-0.26414,0.19788,-0.62579,0.021413,0.072047,-0.63695,0.7964,0.37957,0.64378,-0.86359,-0.30495,0.87878,0.20759,0.58179,0.43087,0.57721,0.27707,0.47183,0.68868,0.045277,-0.96626,-0.026415,-0.83411,0.98593,0.31924,-0.77279,-0.93717,0.61183,0.38563,0.63072,-0.21329,0.72533,-0.38645,-0.79102,-0.23325,0.67895,0.93959,-0.34739,0.21166,0.89906,-0.49137,-0.63039
0.51391,-0.22151,-0.65047,0.66696,-0.62401,0.27217,-0.065062,-0.36401,0.050544,-0.073173,0.68018,-0.83847,-0.065048,0.01237,0.79983,-0.86959,-0.16202,-0.53621,0.71354,-0.38214,-0.4748,0.47148,0,0.74534,0.20479,0.77068,-0.1371,-0.20125,0.31717,0.064199,-0.14959,-0.537,0.16668,-0.39143,0.9254,0.070894,0.65396,-0.23371,0.81215,-0.99871,-0.52878,0.81842,-0.41404,-0.68733,-0.94742,0.77597,0.73145,0.65991,-0.16539,0.054827,-0.33895,-0.59167,-0.39527,-0.71604,-0.14516,-0.23327,0.13697,0.79277,-0.18934,0.91881,-0.1512,0.33758,0.2597,-0.39584,0.055709,-0.41594,0.014046,0.55261,-0.58792,0.3363,-0.13148,0.61785,0.86435,-0.57362,0.15097,-0.39589,0.21953,-0.43263,-0.18286,-0.21005,0.27237,-0.44858,0.41694,-0.92618,-0.33685,-0.42078,0.35189,-0.15165,-0.26924,0.61593,0.36034,0.17389,0.96115,0.74158,0.88919,0.39653,-0.23629,-0.71744,-0.97588,-0.010556,-0.79432,-0.24816,-0.95602,0.59408,0.0047522
-0.66164,-0.29126,0.85373,0.73412,-0.48464,-0.27456,-0.31322,-0.10892,0.78042,0.0014465,0.78065,0.39886,0.76112,0.99319,-0.62856,-0.93906,-0.3006,-0.35769,0.60017,-0.94931,-0.56305,0.10433,0.74534,0,-0.21046,-0.7369,-0.37367,-0.34427,-0.69315,-0.68611,-0.71142,0.93762,0.32831,0.44846,-0.60609,-0.48375,0.84665,0.87098,-0.15919,0.78282,0.67027,0.89663,0.30991,0.54114,0.0099548,-0.064188,-0.87239,-0.28405,-0.91613,-0.4436,0.30259,-0.74873,0.085143,-0.36532,0.82854,-0.062324,-0.48068,-0.58391,0.89389,-0.40545,0.47798,0.46999,-0.94125,0.53408,0.013918,-0.84525,-0.0087137,0.2469,0.36791,0.73585,-0.11668,0.69435,-0.5396,-0.084487,-0.73418,0.72597,0.6635,-0.51809,0.79206,-0.086488,0.20178,0.88116,-0.92755,-0.011235,0.55144,0.37132,-0.58137,-0.92181,0.35556,0.087794,0.32779,-0.42293,0.0061768,0.46024,-0.10847,-0.14751,-0.13822,0.60611,0.32659,-0.32268,0.38798,0.14522,0.5493,-0.56074,-0.31014
0.16749,-0.5386,-0.22836,-0.73464,0.11088,0.5256,0.85714,-0.94553,-0.9483,-0.87247,0.044369,0.47984,0.66931,0.31716,0.30507,-0.67882,0.060918,-0.071853,-0.39429,0.98889,0.20713,0.75201,0.20479,-0.21046,0,-0.88883,-0.028105,-0.024153,-0.57345,0.79213,0.52459,-0.3724,-0.61734,0.70942,-0.20382,0.53546,-0.72122,0.12826,-0.80464,-0.50362,-0.87208,-0.80294,0.85555,-0.32181,0.77123,-0.39118,-0.98219,-0.91758,0.91174,-0.94206,0.35692,0.18277,0.299,0.10721,0.31473,-0.1057,-0.17778,0.044313,0.53807,0.25941,0.39208,0.026943,-0.36284,-0.38866,-0.24243,0.60427,0.018985,0.9357,-0.73047,0.92551,0.28721,-0.68226,-0.050054,0.66628,-0.85599,0.22876,0.62956,-0.98816,-0.53181,0.030485,-0.15747,-0.1012,-0.027306,0.95317,0.14599,0.66607,0.76098,0.29234,-0.42604,-0.43549,0.19221,-0.98578,-0.75174,-0.054878,0.69936,0.50371,0.39535,-0.93657,0.53649,0.79301,0.54455,0.47984,-0.78211,-0.031612,0.74862
-0.8456,-0.10685,0.36272,0.53472,0.16062,-0.97237,-0.23425,0.70954,-0.50214,0.0038153,-0.47429,-0.075729,-0.045059,0.93375,0.20243,0.52775,0.39572,-0.35299,-0.095749,-0.16701,-0.25045,0.3047,0.77068,-0.7369,-0.88883,0,-0.60899,-0.62157,-0.85974,0.97096,0.076669,0.41044,0.94052,0.37551,-0.78102,0.78005,0.18913,-0.62261,0.34471,-0.84089,-0.04069,-0.36946,0.39633,0.4218,-0.15575,0.21719,0.56457,0.75283,0.51013,-0.16683,-0.51361,-0.28198,0.72849,-0.5689,-0.44289,-0.68251,0.77636,0.33422,-0.68158,-0.28157,-0.17945,0.67392,-0.5676,-0.60727,-0.81633,-0.28367,-0.82934,0.24832,0.029191,0.53274,0.95715,0.062889,-0.61137,0.085853,0.92034,0.94436,-0.95177,0.31841,0.82171,0.23241,0.2157,-0.799,-0.98254,0.62647,-0.32975,-0.38741,0.028248,-0.50827,0.060849,-0.81719,0.31862,-0.97772,0.19761,-0.62263,-0.20639,-0.50522,0.74647,-0.71258,-0.19019,0.015562,-0.61575,0.46518,0.15304,0.44808,0.51748
0.49709,-0.82919,-0.77325,0.5269,-0.73034,-0.51207,-0.22438,0.87962,0.71937,-0.6146,-0.94639,-0.74104,0.64473,0.63528,-0.48761,0.55106,-0.43548,0.24462,0.90057,-0.0064159,-0.21119,-0.0085554,-0.1371,-0.37367,-0.028105,-0.60899,0,-0.0002805,-0.87663,0.0024447,-0.81745,0.40409,-0.0040136,-0.088927,0.22772,0.093536,-0.22155,-0.84971,-0.79917,-0.68508,0.61137,-0.39899,-0.38075,0.46446,0.98411,-0.36701,0.24942,0.96252,0.052181,-0.80206,0.96284,-0.96918,-0.59644,0.49805,-0.24104,-0.084449,0.80184,0.53036,-0.91579,0.52961,0.43657,0.50104,-0.90785,-0.3524,0.69244,-0.19853,-0.66654,-0.54642,0.94391,-0.054885,0.14505,0.43748,0.12813,0.86248,-0.67359,-0.3873,-0.47212,0.32281,0.70593,-0.37118,0.036594,0.47723,0.33295,0.54553,0.85098,0.20279,0.81864,0.11796,-0.31389,0.61567,-0.67349,-0.0045135,0.53509,-0.36294,0.69843,0.047547,-0.89312,0.94766,-0.12687,0.96661,0.60137,-0.92616,-0.016956,0.6045,-0.67613
0.16445,-0.53867,-0.98916,0.36241,-0.4534,-0.98698,0.73778,-0.76644,-0.053177,0.20771,0.57128,0.1538,0.44241,0.23611,-0.14315,0.60896,0.064689,0.60342,-0.53929,0.33205,-0.99613,0.69166,-0.20125,-0.34427,-0.024153,-0.62157,-0.0002805,0,-0.18373,-0.82772,-0.65642,0.26646,0.71755,-0.055453,-0.69434,-0.71956,0.62149,0.65157,-0.73938,-0.42998,0.5727,0.47402,0.54421,0.99015,0.70484,-0.99353,0.44245,-0.34326,-0.66842,0.055277,-0.26476,-0.85018,-0.66457,-0.56394,0.3084,-0.26982,-0.54702,0.16336,-0.89464,-0.87121,0.70728,-0.21733,-0.49039,-0.4586,-0.1489,-0.64091,0.074085,0.64538,0.085573,-0.0061865,-0.48848,-0.033115,0.51763,-0.98659,0.096478,0.91745,-0.83937,-0.29077,-0.91879,-0.27081,-0.27053,0.55752,0.55974,-0.33846,-0.53544,0.69491,0.95215,0.15399,-0.57202,-0.028912,0.38476,-0.067538,-0.69685,0.29443,-0.51968,0.39126,0.77495,0.33704,-0.10129,-0.99415,0.28781,-0.32836,-0.15509,-0.7992,0.43881
-0.17388,-0.39661,0.21132,0.11762,0.015171,-0.57382,-0.19668,0.83299,-0.91071,0.026346,0.59703,-0.10564,-0.72967,-0.0093905,0.37348,-0.82302,0.0092741,-0.35797,-0.35379,0.62121,0.71241,-0.88116,0.31717,-0.69315,-0.57345,-0.85974,-0.87663,-0.18373,0,-0.68655,-0.22277,0.43555,-0.79233,0.83944,-0.8401,-0.37522,-0.40356,-0.010279,-0.88715,0.58497,-0.31965,-0.92059,-0.90189,0.75354,0.71862,-0.81626,0.39729,-0.78699,0.97903,0.80574,0.94365,0.012009,-0.63015,-0.99399,0.4559,0.45581,-0.52754,0.094808,-0.099433,-0.53964,0.61981,0.02286,0.74767,0.99864,-0.57003,0.77671,0.77563,-0.49932,-0.43044,0.36779,0.61241,-0.24102,-0.8553,-0.38469,0.97338,-0.7739,-0.50073,0.93489,0.5641,0.015462,0.49942,0.80442,-0.50215,0.30303,-0.99706,0.5956,-0.26356,0.2921,-0.68088,0.42838,0.28052,-0.78474,0.45616,-0.22118,-0.035381,0.21397,0.7516,-0.2624,-0.29085,-0.90662,0.54953,0.28173,0.8078,0.32278,-0.57515
-0.73649,-0.35712,-0.035746,0.01902,-0.79723,-0.078962,-0.30754,-0.51758,0.42301,0.21965,-0.43928,0.82705,0.88681,-0.26182,0.24189,0.38362,0.032581,-0.37192,-0.59778,0.7639,0.93181,0.52837,0.064199,-0.68611,0.79213,0.97096,0.0024447,-0.82772,-0.68655,0,-0.19799,0.18191,-0.48091,0.43479,-0.028485,-0.076851,0.86292,-0.67965,-0.50706,0.57283,0.27549,0.76287,0.92902,-0.85287,0.35271,-0.48808,0.74182,0.62656,0.22352,-0.056053,-0.065546,-0.69601,0.28377,-0.80344,0.72717,0.21389,-0.40011,-0.68795,-0.96675,-0.54595,-0.74393,-0.033652,-0.12345,0.9607,-0.28612,0.15871,0.55738,0.28875,0.87986,-0.066008,0.92855,-0.76904,-0.63735,-0.51666,-0.79545,0.81814,-0.79484,-0.43425,-0.57592,-0.68457,-0.0784,-0.43122,-0.29381,0.54562,-0.43755,0.9213,0.33373,0.9566,-0.7728,0.74012,-0.29456,-0.6222,-0.4235,0.88323,0.063917,0.91778,-0.73914,-0.823,-0.30733,-0.0089179,-0.48889,0.62223,0.36996,0.55024,-0.53849
-0.76882,0.23202,-0.72409,0.4846,0.87511,-0.56276,-0.6886,-0.59165,-0.67179,-0.70073,-0.55445,-0.91985,0.37345,-0.47235,-0.26784,0.4052,0.88538,-0.52853,0.22366,-0.3584,0.73907,0.57216,-0.14959,-0.71142,0.52459,0.076669,-0.81745,-0.65642,-0.22277,-0.19799,0,-0.035828,0.18935,-0.3363,0.72096,-0.80477,-0.54759,0.54253,0.84611,-0.64437,0.25501,0.16415,0.19053,0.66439,0.15906,0.18855,0.14547,-0.97147,0.33034,-0.62478,-0.74493,0.037453,-0.28141,0.83449,-0.70488,0.85593,-0.055929,-0.66492,-0.85535,-0.89919,0.6297,0.03493,-0.78064,0.76331,0.81139,-0.51806,0.28031,0.98684,0.7812,-0.58895,-0.6592,-0.67068,0.75088,0.20569,-0.29655,0.8772,-0.44855,0.13563,-0.024762,0.086528,0.10906,-0.95615,-0.80536,-0.38314,-0.81388,0.050717,-0.41998,-0.62202,0.29076,-0.40526,0.65606,0.082483,-0.84824,0.57285,0.35043,0.59662,0.071956,-0.45841,0.27534,-0.31009,-0.35613,0.55122,-0.27908,0.44062,0.80504
0.81891,0.51408,-0.2676,-0.33824,-0.35104,0.95941,0.26753,-0.82427,-0.5197,-0.40895,0.26566,-0.61855,0.0065081,0.41155,-0.56079,-0.35266,0.27028,-0.86733,0.87554,0.0033991,0.49881,0.84876,-0.537,0.93762,-0.3724,0.41044,0.40409,0.26646,0.43555,0.18191,-0.035828,0,-0.72933,0.6892,-0.18347,-0.73833,-0.80223,-0.085446,0.30741,-0.55846,-0.36213,-0.36396,0.53308,-0.3768,0.27134,0.47225,-0.82208,0.28744,0.48397,-0.6307,0.5957,-0.37289,0.62173,0.61785,-0.073447,-0.037942,-0.48413,0.99485,-0.27303,0.34386,-0.85789,-0.37675,-0.9691,-0.091603,0.578,-0.24684,-0.25677,0.28733,-0.13405,0.66071,0.24738,-0.68899,0.44183,0.29393,0.69269,-0.98969,-0.08699,0.64129,-0.61826,0.37517,-0.50266,0.22436,0.093717,0.97378,0.7439,-0.43001,-0.28918,-0.51289,0.93321,-0.77818,-0.84308,0.33641,0.4359,-0.50455,-0.49908,-0.42842,-0.25376,0.948,0.10967,-0.55091,0.58834,-0.99131,-0.86075,0.93995,0.26802
-0.83062,0.024817,0.62235,0.62857,0.7253,-0.078161,0.48704,-0.76053,0.049773,-0.42399,-0.1999,-0.81259,-0.83846,-0.30421,-0.4169,0.9705,0.13747,-0.78488,0.44767,0.073306,0.75712,0.84442,0.16668,0.32831,-0.61734,0.94052,-0.0040136,0.71755,-0.79233,-0.48091,0.18935,-0.72933,0,0.91774,0.69546,0.54699,0.11607,-0.28965,0.027089,-0.2223,0.28131,-0.36239,0.45383,0.32683,-0.99403,-0.23965,-0.39552,-0.20463,-0.44687,0.47407,0.26704,-0.23912,0.017163,0.47432,0.60705,0.87702,-0.5711,-0.93106,-0.22079,0.18678,0.1183,0.88024,0.87673,0.98975,-0.53179,0.57236,-0.058201,-0.13684,0.30015,-0.82172,0.50216,-0.37958,-0.56725,0.38155,0.1575,-0.3923,-0.36027,0.51212,-0.50729,0.66592,-0.78617,0.60721,0.092107,0.87324,-0.52919,-0.1348,0.46915,-0.40625,-0.24495,0.5844,0.5956,-0.60496,0.7364,0.5684,-0.028767,0.36966,0.96118,0.52067,-0.63476,-0.57768,0.073733,-0.91312,-0.71829,-0.11929,-0.63373
0.4529,-0.18577,0.19991,0.25716,0.58511,0.89659,0.80939,0.10834,0.99835,0.99594,0.61768,-0.90378,0.68287,0.55205,-0.017984,-0.43023,0.26688,0.83219,-0.97765,-0.23876,0.81774,-0.68731,-0.39143,0.44846,0.70942,0.37551,-0.088927,-0.055453,0.83944,0.43479,-0.3363,0.6892,0.91774,0,0.63133,0.20857,0.019186,-0.29706,-0.33612,-0.1762,-0.35906,-0.78247,0.062047,0.4999,0.038581,0.22833,0.69691,-0.63299,-0.75552,-0.094949,0.82586,-0.59824,-0.89657,0.47122,0.021137,-0.3096,-0.23147,-0.88678,0.25618,0.92267,-0.92672,-0.45532,0.83139,-0.16914,-0.44049,-0.69456,0.71197,-0.45641,-0.45787,-0.18951,0.15639,-0.57324,-0.43652,0.15594,-0.16516,-0.7202,-0.40133,0.6739,-0.30585,-0.6301,-0.49587,0.59776,-0.99409,-0.9462,0.052882,0.6273,0.53264,-0.001327,0.28814,-0.85496,-0.73203,0.57655,-0.73468,0.42788,0.95766,0.79072,0.90825,-0.3613,0.48212,0.80577,-0.044252,0.11576,-0.44565,0.88721,-0.76775
0.052582,0.45215,-0.09322,-0.97626,0.26141,-0.38016,-0.97696,-0.63512,0.62593,-0.67812,0.15726,-0.75435,-0.57824,-0.93429,0.78297,-0.37447,-0.79533,0.74317,-0.59834,0.66965,-0.29923,0.72714,0.9254,-0.60609,-0.20382,-0.78102,0.22772,-0.69434,-0.8401,-0.028485,0.72096,-0.18347,0.69546,0.63133,0,-0.59688,-0.091352,0.043817,-0.32893,0.25616,-0.7264,-0.63541,-0.27657,-0.34463,-0.52267,0.10233,-0.76504,0.58225,0.79002,0.028477,0.59319,-0.73402,-0.45905,-0.44324,0.14651,0.1377,0.35204,-0.83699,0.73754,0.5121,-0.61715,0.77592,-0.31485,0.43553,-0.6206,0.39376,-0.98249,0.28123,0.98577,0.31841,0.32694,0.047333,0.95265,-0.50336,0.50919,-0.25948,0.22072,0.64128,-0.32704,-0.49897,-0.7073,0.082273,-0.70332,0.41843,-0.98532,0.11002,0.48639,0.30619,-0.51811,-0.7029,0.3765,0.79649,-0.048701,-0.074175,0.30154,-0.14191,0.53176,-0.83137,0.82849,0.35647,-0.25581,-0.322,0.034491,0.71341,0.3297
-0.94541,-0.64975,0.60579,-0.43148,0.63747,0.4158,0.10855,-0.1687,0.88333,-0.46833,0.20008,0.089731,-0.25877,-0.46294,0.1615,-0.56046,-0.14883,0.53319,0.28481,0.089605,-0.81889,0.68573,0.070894,-0.48375,0.53546,0.78005,0.093536,-0.71956,-0.37522,-0.076851,-0.80477,-0.73833,0.54699,0.20857,-0.59688,0,0.39704,-0.80427,-0.26993,0.94743,0.23472,0.19839,0.53863,0.16779,0.1679,0.59621,-0.93588,0.2884,-0.45062,-0.11359,-0.39034,-0.9702,0.30414,-0.57082,-0.35476,-0.5904,-0.36909,-0.21011,0.25087,0.75692,-0.53063,-0.07586,-0.43642,0.29877,0.36952,0.085775,0.2258,-0.7857,-0.40025,0.74257,-0.88943,0.22983,0.3656,0.9476,-0.071364,-0.91687,0.90087,0.088851,-0.33541,-0.72693,0.98893,0.94553,0.005127,-0.36163,0.53689,0.45312,-0.75733,-0.54718,0.76096,0.43833,0.43403,-0.4815,-0.73601,-0.64907,-0.5724,0.43612,-0.10704,0.48812,0.80579,-0.55475,0.74793,-0.97662,0.39384,-0.79764,0.47136
-0.83832,0.39066,0.95426,-0.051619,-0.83108,-0.19445,0.06536,0.037209,0.6394,-0.36041,-0.69987,-0.87288,-0.95919,0.049014,0.66981,0.67266,-0.3312,0.7822,0.065139,0.69857,0.53988,0.8426,0.65396,0.84665,-0.72122,0.18913,-0.22155,0.62149,-0.40356,0.86292,-0.54759,-0.80223,0.11607,0.019186,-0.091352,0.39704,0,0.72807,-0.3347,-0.89158,-0.35796,0.91608,0.59639,0.7009,-0.8723,0.6451,-0.0025462,0.59162,-0.63297,0.44849,0.21365,-0.6029,0.90511,0.057241,0.36648,-0.35376,0.98241,-0.11289,-0.35431,-0.66828,0.012112,0.078198,0.87288,0.087079,-0.60775,0.81861,-0.78833,0.86325,0.41978,0.42638,-0.68101,-0.044674,0.39124,0.85733,-0.40368,-0.57677,0.88728,-0.21695,0.56309,-0.96461,-0.44809,-0.23184,0.36359,-0.93093,0.16001,0.63276,-0.00586,-0.41197,0.1506,0.34333,0.031612,0.2396,-0.1908,0.027979,0.24542,0.76528,-0.48035,-0.30128,0.36871,0.99464,-0.56059,-0.057513,0.65135,0.95555,0.10231
-0.20668,-0.17619,0.46496,0.22474,0.07561,-0.65407,0.10752,-0.11649,-0.98202,-0.18311,0.45272,0.87185,0.98767,-0.37057,-0.74541,0.27653,0.12474,0.10775,0.58328,-0.55,0.58063,-0.33253,-0.23371,0.87098,0.12826,-0.62261,-0.84971,0.65157,-0.010279,-0.67965,0.54253,-0.085446,-0.28965,-0.29706,0.043817,-0.80427,0.72807,0,-0.99125,0.48066,0.60458,-0.78186,-0.56813,-0.81764,-0.65663,-0.31581,-0.99867,-0.49551,-0.21977,-0.8737,0.021936,0.58804,-0.9296,-0.01766,0.33895,-0.91223,-0.51578,-0.67907,-0.31229,-0.4621,-0.89977,0.81278,0.23993,0.5967,0.82505,-0.55139,-0.71648,0.63441,-0.72184,0.058376,0.78509,-0.88879,0.56944,0.46853,0.64032,0.23122,-0.99997,0.057133,0.90007,-0.67802,0.76997,0.10432,0.65497,0.66812,0.64644,0.46397,-0.019869,-0.30845,-0.12226,0.49749,0.50408,-0.11893,0.7105,-0.99948,0.60747,-0.83998,-0.45974,0.063,-0.6809,-0.84955,-0.94508,-0.14135,-0.74124,-0.22233,0.24676
0.23186,0.26854,-0.23035,-0.41396,0.68416,-0.47084,0.18501,0.78142,0.13667,-0.77918,-0.84204,0.52772,0.6662,0.039576,0.29249,0.76704,0.18412,0.49567,-0.13866,-0.62483,-0.8555,0.38253,0.81215,-0.15919,-0.80464,0.34471,-0.79917,-0.73938,-0.88715,-0.50706,0.84611,0.30741,0.027089,-0.33612,-0.32893,-0.26993,-0.3347,-0.99125,0,0.59884,0.92152,-0.42408,0.6005,0.14808,-0.98063,-0.79999,-0.35948,0.84624,0.69493,-0.65285,-0.55999,0.32896,0.96444,-0.81201,0.29059,0.61251,-0.18661,0.98257,0.96482,0.51904,0.28004,-0.59402,-0.82034,0.027339,-0.4704,-0.11853,-0.77998,0.31639,0.51897,0.59535,-0.97683,-0.30216,-0.19395,0.91318,-0.067159,-0.17685,0.79482,0.36935,0.50296,0.48265,-0.096702,0.51166,-0.25278,0.29644,-0.15452,0.31348,0.72082,-0.47713,0.7357,0.34777,0.72821,0.81632,0.1582,0.10036,-0.57313,0.29676,0.97507,-0.75452,-0.056051,-0.66314,-0.81185,-0.50636,0.86446,-0.96025,0.48477
0.63964,0.70593,0.95641,-0.90472,0.11861,-0.13583,-0.022501,0.91196,-0.72385,0.23054,0.43209,0.69946,-0.37479,0.67211,0.53558,-0.61487,-0.57895,0.66639,-0.12112,-0.13001,0.18693,-0.18191,-0.99871,0.78282,-0.50362,-0.84089,-0.68508,-0.42998,0.58497,0.57283,-0.64437,-0.55846,-0.2223,-0.1762,0.25616,0.94743,-0.89158,0.48066,0.59884,0,0.29472,-0.90095,0.4198,-0.85849,0.37298,0.78785,0.226,-0.98847,0.88136,0.39879,0.94922,0.70128,-0.62867,-0.8987,0.6345,-0.62286,-0.55994,0.94345,0.31356,-0.98859,-0.25514,-0.90509,0.97851,-0.61017,-0.66667,-0.8447,-0.32236,-0.15276,0.53854,0.16108,0.08271,-0.11842,0.99709,0.91887,-0.57192,0.84419,-0.64539,-0.38466,-0.055752,-0.5775,-0.87665,-0.19389,0.71494,0.036827,-0.29942,-0.78005,-0.62705,-0.71048,0.31519,0.3866,0.33301,-0.0031586,0.19969,-0.7038,0.66168,-0.88379,-0.55735,0.88399,-0.33724,0.078095,0.81813,-0.21124,-0.056794,-0.66318,-0.4498
0.32621,0.98578,-0.97244,-0.63336,0.55503,0.13707,0.20423,-0.34015,0.93243,0.89551,0.75958,0.27253,-0.35555,-0.56905,-0.45436,-0.92171,-0.68586,-0.1972,0.37238,0.23587,0.54203,0.13822,-0.52878,0.67027,-0.87208,-0.04069,0.61137,0.5727,-0.31965,0.27549,0.25501,-0.36213,0.28131,-0.35906,-0.7264,0.23472,-0.35796,0.60458,0.92152,0.29472,0,-0.70571,-0.96887,-0.37322,-0.87749,0.1613,0.47241,-0.23774,0.561,0.5262,0.097706,0.7508,-0.1259,-0.16279,-0.076256,0.47539,0.12493,-0.81936,-0.41844,-0.6039,-0.35439,-0.19798,-0.63166,0.494,-0.26354,0.44417,-0.64211,0.79867,0.90132,-0.59924,0.34505,0.35033,-0.6728,-0.76187,0.43217,0.78895,-0.098504,-0.80426,-0.28551,0.53536,-0.072222,0.97249,0.30619,-0.14225,0.71771,-0.27401,0.99825,0.040054,-0.39103,-0.28781,0.26705,0.041578,0.072177,0.89668,0.45201,0.70855,0.96353,-0.73848,0.10911,0.8723,-0.87574,-0.40834,0.43695,0.6611,0.74979
0.89307,0.50076,-0.58426,0.52949,-0.46625,-0.69878,-0.051962,0.84082,-0.31212,0.091719,0.82795,0.53865,0.45246,-0.71877,0.085594,-0.44216,0.99315,0.79453,-0.39055,0.92865,0.56246,-0.39136,0.81842,0.89663,-0.80294,-0.36946,-0.39899,0.47402,-0.92059,0.76287,0.16415,-0.36396,-0.36239,-0.78247,-0.63541,0.19839,0.91608,-0.78186,-0.42408,-0.90095,-0.70571,0,0.49456,0.99501,-0.57691,-0.078428,0.94775,-0.0015351,0.47243,0.58005,0.67724,-0.12431,0.32246,-0.084237,-0.51587,0.39498,-0.56893,0.5214,0.6746,0.19214,-0.61815,0.014051,0.13008,-0.51499,-0.48252,-0.73015,0.92557,0.36251,0.33216,-0.61066,-0.95994,0.054639,-0.59334,-0.91914,0.22363,0.33445,0.55813,-0.19864,-0.31727,-0.32899,0.40749,-0.10096,-0.63864,-0.67994,0.199,-0.086649,0.068219,0.8912,-0.88259,-0.20232,-0.53336,-0.43057,-0.52276,-0.070327,0.74868,0.048915,0.074069,0.63018,0.77579,-0.61625,-0.27805,0.051182,-0.75099,0.1913,-0.099862
0.62071,0.89459,0.98613,0.20339,0.1885,-0.62911,0.061132,0.7785,-0.027758,-0.72913,-0.61011,0.34248,-0.074242,0.45741,-0.78026,-0.53223,0.47432,-0.0090512,-0.6724,-0.35069,-0.44669,0.076169,-0.41404,0.30991,0.85555,0.39633,-0.38075,0.54421,-0.90189,0.92902,0.19053,0.53308,0.45383,0.062047,-0.27657,0.53863,0.59639,-0.56813,0.6005,0.4198,-0.96887,0.49456,0,0.87576,0.09616,0.6995,0.40254,0.11856,-0.93184,-0.06626,0.04253,-0.26571,-0.78854,0.87241,0.89245,-0.86326,-0.18144,0.59482,-0.38492,-0.95702,0.79874,0.96371,0.24851,-0.65185,-0.58365,-0.25454,-0.29039,-0.38774,0.038544,-0.326,0.22984,-0.76456,0.64909,-0.46612,-0.33665,-0.1681,0.14563,0.6524,-0.58854,0.10007,0.61904,0.085003,0.070414,-0.1782,0.21928,0.32856,-0.49144,-0.70197,0.63785,0.80051,0.6349,-0.18458,-0.72553,0.47593,0.43735,-0.72713,-0.83793,-0.89149,-0.30728,-0.81775,0.36155,-0.8053,-0.73346,0.35007,-0.56412
-0.14017,0.19443,0.21145,-0.189,-0.6692,-0.031739,0.48751,-0.88967,-0.97128,0.67823,0.98626,-0.40218,-0.73296,0.23611,0.8592,-0.3208,0.20213,-0.3034,0.099266,-0.21324,-0.29201,0.32306,-0.68733,0.54114,-0.32181,0.4218,0.46446,0.99015,0.75354,-0.85287,0.66439,-0.3768,0.32683,0.4999,-0.34463,0.16779,0.7009,-0.81764,0.14808,-0.85849,-0.37322,0.99501,0.87576,0,0.29167,0.7773,-0.10559,0.81225,0.74298,-0.9083,-0.72003,-0.41027,-0.15965,-0.28155,-0.73314,0.29656,-0.72031,-0.51352,-0.19808,-0.69564,0.73145,0.045155,0.52924,-0.99115,0.58878,0.59033,-0.1425,-0.67195,0.052315,-0.057689,0.11661,-0.40929,0.24596,-0.93945,0.34531,0.50205,0.46555,0.29251,0.52042,-0.050349,-0.6135,-0.93577,-0.13112,0.10033,-0.98099,0.68332,0.5907,-0.3063,0.1665,-0.91322,0.9563,0.62462,-0.50936,-0.8479,0.66881,-0.46331,-0.67986,-0.0027019,0.25553,0.78057,0.82914,0.88951,0.67533,-0.29368,0.52574
