,,,,,,,,,,,,,,,,,,,,,,,,,,,,,,,,,,,,,,,,,,,,,,,,,,,,,,,,,,,,,,,,,,,,,,,,,,,,,,,,,,,,,,,,,,,,,,,,,,,,,,,,
0,0.97974,0.55517,-0.70477,-0.37565,0.49622,-0.36344,-0.223,-0.27107,-0.80143,0.45051,0.84354,0.74421,0.047473,0.048205,0.59712,-0.77055,-0.83125,0.79957,-0.33294,0.73057,0.20318,-0.40968,0.10472,-0.28395,-0.28928,-0.30045,0.071497,0.55426,0.58985,-0.56672,-0.66577,-0.82783,-0.46731,0.71639,0.9009,0.20251,0.14963,0.31587,0.87617,0.53532,0.65782,-0.11959,-0.27276,0.43072,0.51222,-0.89729,0.99397,-0.57193,0.36304,-0.002793,0.84824,-0.24524,-0.14444,0.052023,-0.74546,0.079139,0.26659,-0.0042705,0.57893,0.19932,0.69606,-0.24422,-0.86515,0.71132,0.087225,-0.44576,0.67476,-0.7311,0.66356,0.1283,-0.74037,-0.62932,-0.96254,-0.7582,-0.85423,0.67212,-0.017552,0.75905,-0.46447,0.94591,-0.080331,0.72373,0.43399,-0.93637,-0.58547,-0.87115,-0.55337,-0.75858,-0.15866,0.22871,0.64455,0.90102,0.9263,0.0077438,-0.14276,-0.29334,-0.52757,0.11754,0.34095,-0.31159,0.61092,0.11722,0.7583,-0.59937
0.97974,0,-0.74449,-0.79449,0.023751,0.46623,0.66104,-0.034715,0.72531,-0.32469,0.72074,0.6707,0.90415,-0.29359,-0.84998,0.081544,-0.045168,-0.81957,-0.70602,-0.14771,0.070284,-0.85111,-0.751,-0.56415,0.045569,-0.87164,-0.035705,-0.94671,0.26407,0.24367,0.35777,-0.93984,0.53799,-0.51424,0.94119,0.69409,-0.57489,-0.4587,-0.91397,0.52082,0.66686,0.52547,0.93771,-0.81138,0.43618,-0.38417,0.38201,-0.0098396,-0.87931,0.8729,0.45907,-0.75857,-0.21821,0.35859,-0.82391,-0.23514,-0.55221,0.18803,-0.055393,0.93712,0.61785,-0.33167,-0.49037,0.01138,-0.45192,0.69417,-0.0067675,0.032663,0.062416,0.73862,0.71697,-0.36881,-0.94321,0.23416,0.39722,0.28244,0.6945,-0.20575,-0.26932,-0.3224,-0.52522,0.19917,-0.84991,0.41429,0.22747,-0.4954,0.4648,0.54918,0.17592,0.56419,-0.4549,0.89493,-0.41289,0.33873,0.66515,0.19672,0.15862,0.74103,0.68402,-0.33961,-0.19009,0.07918,0.51096,0.66603,-0.41538
0.55517,-0.74449,0,0.11626,-0.42002,-0.35219,0.68049,0.97605,0.73713,-0.76906,0.075168,0.43466,0.43065,0.25219,0.82089,0.19333,-0.61531,0.8725,-0.011867,-0.15172,0.30341,0.91234,0.46808,0.92129,-0.94617,-0.5241,0.81564,0.98687,-0.68189,0.17974,0.77946,0.26844,0.76847,-0.96486,-0.44379,0.9306,-0.55046,0.96241,-0.79325,-0.5704,-0.64575,-0.29117,-0.28701,0.68942,-0.10628,-0.99525,0.41877,-0.7597,0.2128,-0.72419,0.72597,0.59258,-0.92743,-0.67038,0.016933,-0.050078,-0.13644,0.69277,0.78315,0.94771,0.55968,0.49452,-0.48077,-0.12297,0.2657,-0.60144,0.35349,-0.60174,0.42839,0.55991,-0.35607,0.17765,-0.70037,0.72915,0.98773,-0.88501,-0.72145,0.53177,0.38903,0.72614,0.64579,-0.99303,0.50436,0.16599,-0.70732,-0.48242,-0.15747,0.62786,-0.83017,-0.2972,-0.43716,0.99665,0.11403,0.74104,0.48022,0.96516,0.70606,-0.039354,-0.30127,0.42877,-0.99933,-0.27453,0.063059,-0.7634,0.068474
-0.70477,-0.79449,0.11626,0,0.6121,0.93351,0.84844,0.56825,0.19019,0.14321,0.8978,0.24398,0.27043,-0.637,0.14539,0.6733,-0.10254,-0.098751,0.5339,0.32888,-0.95017,-0.11701,-0.86218,0.90493,-0.77173,0.59578,-0.86189,0.29205,0.11624,0.059345,-0.54784,0.89696,0.039402,0.13426,-0.97367,-0.015037,0.0045501,0.99261,-0.61253,0.45991,-0.79243,-0.80072,0.53535,-0.93128,0.088256,-0.59898,0.10827,0.91447,0.7874,0.12569,0.091801,-0.51593,-0.41998,0.88373,-0.12422,0.83939,-0.66012,-0.032162,0.58933,0.49682,-0.48275,-0.4435,0.033739,-0.65163,-0.38164,-0.70018,0.18042,0.23274,-0.50506,-0.83053,-0.95331,0.84848,0.81454,-0.50553,-0.42067,-0.40638,-0.14092,-0.50033,0.91141,-0.57343,-0.16445,-0.062427,-0.19204,-0.58058,-0.20024,-0.24785,0.092646,-0.93337,0.12334,-0.54926,0.36556,-0.46117,0.63267,-0.44533,0.068113,-0.047855,0.050657,0.40596,-0.4173,-0.78351,0.52143,-0.45583,-0.33014,0.6835,-0.056548
-0.37565,0.023751,-0.42002,0.6121,0,-0.43107,-0.70399,0.7105,-0.49668,0.87324,-0.63417,-0.78072,0.52087,0.32601,0.53695,0.88594,-0.18512,0.3515,-0.40196,-0.80769,0.31682,-0.18793,0.0019499,-0.43482,-0.54206,0.57461,0.92285,-0.71681,-0.84747,0.24488,-0.35066,0.0103,-0.18579,0.17798,0.4022,-0.57943,0.756,-0.95467,0.77078,-0.7683,-0.74531,-0.013551,-0.76604,-0.35834,-0.73262,-0.069028,-0.79382,-0.94047,-0.52444,-0.078487,0.71525,0.2203,0.98162,-0.58819,-0.77411,-0.80491,-0.31331,0.18782,0.15883,0.30258,-0.14579,-0.46191,0.90921,0.59213,-0.44132,0.46011,-0.37224,-0.060891,-0.97381,0.67905,0.41995,0.1695,-0.75038,-0.21553,-0.35229,0.023965,-0.7725,-0.21087,0.68265,0.28827,0.16354,-0.06603,-0.7706,-0.49338,-0.73907,0.27163,-0.95707,0.54409,0.6848,-0.56413,-0.70384,0.45909,0.14563,0.85818,0.038813,-0.10889,-0.098271,0.13844,-0.36615,-0.61312,-0.51767,-0.84651,0.29746,-0.030249,0.90742
0.49622,0.46623,-0.35219,0.93351,-0.43107,0,0.9476,-0.22112,0.57172,-0.47905,-0.77918,-0.12387,0.27147,-0.52157,0.57397,0.80615,0.80955,-0.64074,-0.9659,0.87153,0.14661,-0.94523,0.49194,-0.80993,-0.11844,-0.92947,0.77569,0.096326,0.45025,0.58146,-0.41026,0.92902,0.89459,-0.82447,0.20875,0.50724,-0.1519,-0.13159,-0.22318,-0.86857,0.7218,-0.74679,-0.58509,0.081434,-0.50881,-0.17848,-0.14003,-0.57039,-0.13771,0.43977,0.9759,0.3712,-0.84276,-0.66114,-0.83171,0.18081,0.55037,0.59692,0.67802,-0.19087,0.72411,-0.081557,-0.66123,0.47666,0.04568,0.1856,0.29146,-0.83493,0.64057,-0.14194,0.45832,-0.48477,-0.53907,0.8862,-0.53814,-0.23915,0.89317,0.56838,0.58297,0.75406,-0.92989,-0.95582,-0.46007,0.95828,0.069041,0.73637,0.26614,-0.55933,-0.29473,-0.14385,-0.97074,0.82318,0.23698,0.10451,0.39159,0.18124,-0.29862,-0.24142,-0.83187,-0.78564,0.26265,-0.90588,-0.29404,-0.31177,0.50635
-0.36344,0.66104,0.68049,0.84844,-0.70399,0.9476,0,-0.15428,0.58376,0.62834,0.80052,-0.14832,-0.75729,0.27831,-0.099753,-0.4659,0.40389,0.23201,0.97914,0.11106,0.65176,0.012628,0.42124,-0.032039,-0.81651,0.55727,0.73735,-0.84853,-0.95529,0.32272,-0.26257,-0.62223,-0.91641,-0.45528,-0.36489,0.24395,0.45595,-0.28814,-0.75046,0.40951,-0.56274,0.52541,-0.90299,-0.064907,0.89558,-0.093117,0.015524,0.41062,-0.48831,-0.81435,0.40651,0.16313,0.64913,-0.25965,-0.43725,-0.59462,-0.079315,-0.82897,0.43613,-0.99081,-0.85588,0.83814,-0.61876,-0.12582,-0.36376,0.8823,0.15755,0.18503,0.70984,-0.159,-0.3828,0.45665,0.28745,0.32701,0.52731,0.86125,-0.075918,0.86714,-0.56039,0.063591,-0.19057,-0.67005,-0.87112,-0.93382,-0.77342,-0.42434,-0.53222,-0.79404,-0.28569,-0.091013,-0.30189,0.0075241,-0.52821,0.50782,-0.49443,0.86488,-0.49644,-0.2883,-0.42979,-0.25486,0.01669,0.62862,-0.58167,-0.90858,0.4537
-0.223,-0.034715,0.97605,0.56825,0.7105,-0.22112,-0.15428,0,-0.39119,-0.61197,0.18208,-0.51871,-0.97777,0.07272,-0.67956,0.48593,-0.58893,-0.45338,-0.63504,0.33162,0.22687,0.19249,-0.69528,0.19226,-0.2518,0.9593,-0.0011618,0.37034,-0.23598,-0.86726,-0.28768,0.16992,0.27608,0.52858,-0.73599,0.34103,0.66986,-0.5913,-0.51222,0.49796,0.26029,0.85698,-0.28944,0.018091,0.95171,-0.38374,0.013051,0.70378,-0.11507,-0.79392,-0.20715,-0.3869,0.7765,-0.77123,-0.45453,0.27234,0.30368,0.70831,0.64151,-0.92032,-0.72741,-0.7018,-0.22923,-0.36744,-0.0010469,0.96452,0.71512,-0.27838,-0.2571,-0.078885,0.67065,-0.53361,-0.70826,0.099362,-0.86915,-0.70945,0.89609,-0.12048,0.43533,0.56809,0.98421,0.091287,-0.21013,-0.013981,0.6395,0.026229,-0.043654,-0.095101,-0.37571,-0.023275,0.23039,0.081891,-0.64112,0.14659,0.79377,0.90638,0.3201,0.19543,0.44407,0.068854,0.94266,-0.78259,-0.39199,-0.073093,-0.68978
-0.27107,0.72531,0.73713,0.19019,-0.49668,0.57172,0.58376,-0.39119,0,-0.26536,-0.44861,-0.080109,-0.97384,-0.8568,0.076304,0.013684,-0.62458,-0.32664,-0.2746,-0.8888,-0.69896,0.19091,-0.28464,0.13869,0.34602,0.47772,-0.80331,-0.25462,-0.11725,0.5021,0.12587,0.024022,-0.68566,-0.6139,0.92366,0.15749,0.44468,0.86042,0.036037,-0.53852,-0.41206,-0.72843,-0.8202,0.10495,-0.23913,-0.03873,-0.43915,0.19516,-0.99276,0.25627,-0.87469,0.94513,-0.2847,-0.90503,0.74404,-0.3226,0.60711,0.22401,-0.38668,0.45365,0.55968,0.49161,-0.53797,0.47305,0.0032959,0.44493,0.57801,-0.80533,-0.039316,0.12603,0.83911,-0.63091,0.79671,-0.040733,0.5052,-0.42826,-0.41951,-0.79191,0.42459,0.29741,-0.7974,-0.017619,0.36741,-0.75797,-0.53063,0.5203,-0.46981,-0.85775,-0.80221,0.035581,-0.092894,-0.93529,-0.37683,0.70217,-0.79098,-0.021109,-0.13512,0.63037,0.79004,0.25539,0.55543,0.04947,0.31159,0.19397,0.22938
-0.80143,-0.32469,-0.76906,0.14321,0.87324,-0.47905,0.62834,-0.61197,-0.26536,0,-0.1099,0.27742,0.59938,-0.96757,0.39608,-0.33247,0.9408,-0.86058,0.83455,0.66762,0.23238,-0.39618,-0.89385,0.52768,-0.15441,-0.40275,0.41542,-0.72046,0.10452,-0.36645,-0.38057,0.61875,0.87891,-0.23227,0.59666,0.31863,0.72249,-0.1425,0.36854,0.12726,0.0089103,0.51127,-0.99652,0.31999,0.98184,0.0051281,0.15063,0.74775,-0.59471,-0.8381,0.97127,-0.62909,-0.16329,0.15948,-0.33381,0.58052,0.98776,-0.9698,-0.18275,0.68346,0.93054,0.19563,-0.15017,0.10639,-0.73332,-0.14044,-0.97656,-0.95827,-0.84063,-0.90427,-0.55407,-0.91525,-0.83515,-0.16809,0.20953,-0.65175,-0.080972,-0.073578,0.057115,-0.6761,0.82661,0.72763,0.40694,-0.76172,0.78176,0.61677,0.50263,0.79883,-0.38656,-0.71447,0.069301,-0.26533,0.44626,-0.83926,-0.86643,0.027965,0.83471,0.12182,-0.76157,-0.027288,0.53137,0.18542,-0.0080713,0.43953,0.12942
0.45051,0.72074,0.075168,0.8978,-0.63417,-0.77918,0.80052,0.18208,-0.44861,-0.1099,0,-0.88907,0.37621,-0.74871,0.27835,0.88035,-0.61551,-0.099275,-0.84421,-0.026393,-0.86226,0.43577,0.42075,0.89589,-0.45217,0.83027,0.6032,0.40411,-0.15868,-0.4682,0.95294,-0.65663,-0.3708,0.96288,-0.10109,0.33726,0.34101,0.7723,-0.47376,-0.46101,0.66912,-0.16861,-0.26565,-0.039813,0.2378,-0.46831,-0.94521,-0.38778,0.61694,-0.014631,-0.70785,-0.50283,-0.31032,-0.4336,-0.77651,0.88454,-0.76909,-0.49346,-0.78521,0.40549,-0.79182,-0.24418,-0.1707,0.084016,-0.69255,0.99574,-0.72513,-0.4503,-0.26852,-0.37783,0.12973,0.38381,0.40491,-0.60246,-0.77529,0.2986,0.78001,-0.37928,-0.091935,-0.57625,-0.48188,-0.56049,-0.82515,0.62365,-0.23528,0.079238,-0.22384,-0.81529,-0.30107,0.20734,-0.97533,0.46939,0.29481,0.60687,0.41191,-0.99658,-0.6502,0.32059,0.71582,0.42799,-0.41132,0.48749,0.24192,0.28937,0.46339
0.84354,0.6707,0.43466,0.24398,-0.78072,-0.12387,-0.14832,-0.51871,-0.080109,0.27742,-0.88907,0,0.677,0.018023,0.74008,0.57556,0.70942,0.47525,0.63347,0.47507,0.55513,-0.25789,-0.53783,0.23484,-0.60578,0.23772,0.40648,-0.94424,0.53089,-0.50048,-0.99097,0.016301,-0.17474,-0.57732,0.1912,-0.1761,-0.46049,-0.31958,-0.3385,0.24826,-0.41021,-0.055718,0.35287,-0.93817,0.81647,-0.37069,-0.74047,0.53191,-0.9977,-0.037444,0.86469,-0.49665,0.47051,-0.73318,-0.56334,0.80422,0.10004,-0.79386,-0.69804,0.87134,-0.49054,0.12297,-0.18915,0.4568,0.51744,0.090328,-0.04967,-0.95077,-0.86257,-0.81512,0.56069,0.9462,0.15129,0.51945,0.32223,0.49904,-0.71457,-0.257,0.56998,0.78166,0.61958,-0.44012,0.81015,0.056839,-0.59376,0.59129,-0.81698,-0.57178,0.69498,-0.23894,0.36402,-0.47372,0.18614,-0.12541,-0.28297,0.58283,0.833,-0.83506,0.059209,-0.37175,-0.58463,0.39402,0.25714,-0.89011,0.57546
0.74421,0.90415,0.43065,0.27043,0.52087,0.27147,-0.75729,-0.97777,-0.97384,0.59938,0.37621,0.677,0,0.13799,0.11481,-0.53163,0.34236,-0.021094,-0.13944,-0.56946,0.92956,-0.79509,-0.17104,-0.0029726,0.85158,0.51701,0.74068,0.43351,-0.19666,0.23811,0.23726,0.012379,0.8554,-0.266,0.88729,0.65321,0.30556,0.8173,0.41893,-0.8762,-0.79532,0.5524,0.7548,0.14827,-0.54534,0.19605,0.30716,-0.26721,0.37903,0.68971,-0.78818,-0.66844,-0.71945,-0.47141,0.79892,-0.22439,-0.58592,-0.1133,-0.69867,0.95166,-0.036445,0.98474,0.27134,0.3837,-0.6135,-0.71871,0.63632,0.82011,0.28116,-0.85683,0.36825,-0.23458,-0.84997,0.12422,-0.35266,-0.74489,0.95901,0.088539,-0.10116,0.38985,0.30263,0.33718,-0.59202,-0.32574,-0.063023,0.7886,-0.34415,0.56377,-0.4139,-0.089535,0.52573,0.72998,0.030386,0.82856,-0.79139,0.56983,-0.002632,0.51116,0.21836,0.44463,-0.31296,-0.96218,-0.88595,-0.53374,-0.94117
0.047473,-0.29359,0.25219,-0.637,0.32601,-0.52157,0.27831,0.07272,-0.8568,-0.96757,-0.74871,0.018023,0.13799,0,-0.41979,-0.27679,0.2414,-0.45005,0.44026,0.028528,-0.49118,-0.013937,0.94845,0.56744,0.75551,-0.11728,0.2217,0.93885,0.31427,-0.45029,-0.25684,0.55672,-0.50392,0.20392,0.54618,-0.47602,0.50085,-0.94293,-0.38142,-0.36569,0.6986,0.81932,0.77522,0.5954,-0.99527,0.81267,0.68646,0.15008,-0.83141,0.10748,-0.011667,-0.61951,0.39294,0.059417,-0.67391,0.24737,0.63533,0.13336,-0.011278,0.1989,0.59413,-0.96064,-0.097933,-0.86735,0.13597,-0.1935,0.53383,0.74806,-0.10849,-0.63083,0.40339,0.23558,-0.99186,0.91735,-0.0090155,0.89584,-0.56748,0.084944,-0.75366,-0.18852,0.78693,0.024962,-0.16489,0.89323,0.5357,-0.55844,-0.57828,0.98599,-0.63494,0.98754,-0.3912,0.52207,0.49992,0.10996,0.21132,-0.89276,-0.81188,0.089726,0.84722,-0.12399,-0.92545,-0.29581,-0.9823,0.96115,0.84782
0.048205,-0.84998,0.82089,0.14539,0.53695,0.57397,-0.099753,-0.67956,0.076304,0.39608,0.27835,0.74008,0.11481,-0.41979,0,-0.52385,-0.32585,-0.65773,0.18037,0.65513,-0.42142,-0.028306,-0.87181,0.68565,0.34537,0.30373,0.31362,-0.71453,0.20259,-0.12759,-0.90517,0.37155,0.20607,0.65961,0.40599,-0.65383,-0.76337,-0.60832,-0.011374,0.80177,-0.53972,0.14126,-0.83904,0.23179,-0.5055,-0.8334,0.21861,0.40589,0.83266,0.90896,0.13898,0.15812,0.38528,0.14438,-0.41632,0.6757,0.85489,-0.3483,-0.77798,-0.33553,-0.98232,0.88672,0.20065,-0.75182,-0.30977,-0.26023,0.83599,0.74204,-0.096388,0.35532,-0.84988,-0.98205,0.18605,-0.21515,-0.19713,0.14169,-0.082433,0.20124,-0.78757,-0.56635,-0.63777,0.86328,0.53948,0.85561,-0.14163,-0.91264,-0.50833,-0.64771,-0.30774,0.70897,-0.66089,0.71333,0.18844,0.71148,-0.08329,-0.70057,-0.83127,-0.8814,-0.16061,0.92906,0.8149,0.39747,-0.87019,0.28235,0.13237
0.59712,0.081544,0.19333,0.6733,0.88594,0.80615,-0.4659,0.48593,0.013684,-0.33247,0.88035,0.57556,-0.53163,-0.27679,-0.52385,0,-0.54529,-0.1305,0.43077,-0.48841,0.76038,-0.66818,0.50838,-0.086908,0.54827,-0.65507,0.67407,0.18117,0.24779,-0.038552,0.3808,0.20563,0.78007,-0.78677,0.90555,-0.10282,0.35784,-0.92332,-0.84499,-0.98575,0.79415,0.82735,0.95492,0.17538,0.68819,0.42415,0.76051,0.81203,0.22515,-0.41545,-0.84849,-0.64017,-0.8872,0.91185,0.72001,0.056493,-0.69472,-0.38589,-0.11064,0.29994,0.89353,-0.15477,0.4829,0.85681,-0.52697,0.45619,0.21142,-0.86782,0.026995,-0.5945,0.90672,0.5896,0.81604,0.71377,-0.71794,0.082705,-0.4939,0.71949,0.98938,0.45286,-0.094852,-0.44465,0.25395,-0.12729,0.69216,-0.25526,-0.19232,-0.93994,-0.84339,0.9914,-0.44701,0.66747,0.84792,-0.47202,-0.44518,0.82224,0.34688,0.45324,0.47641,0.7014,-0.85832,-0.73058,0.79455,-0.042875,0.80491
-0.77055,-0.045168,-0.61531,-0.10254,-0.18512,0.80955,0.40389,-0.58893,-0.62458,0.9408,-0.61551,0.70942,0.34236,0.2414,-0.32585,-0.54529,0,-0.92143,0.92306,-0.58664,0.99571,-0.26237,-0.54297,-0.1894,-0.090786,-0.085389,-0.33225,0.45115,-0.19028,-0.8134,0.40619,-0.36731,-0.32402,0.77936,0.88306,-0.41186,-0.18703,0.50034,0.20796,-0.24987,0.28288,0.33011,-0.90439,-0.62136,0.66354,-0.11752,-0.57159,-0.51365,-0.72601,0.61077,-0.38705,0.25996,0.42478,-0.98528,-0.10709,-0.97822,-0.22458,0.36943,-0.74526,0.052281,-0.20399,0.94422,0.79514,0.1548,-0.867,0.097976,-0.86825,0.49748,-0.87435,-0.79363,-0.99377,-0.42425,0.99376,0.98144,-0.49984,0.41204,0.58212,0.2388,-0.77318,-0.15353,-0.90929,0.8729,0.48042,0.35965,-0.59406,0.83094,-0.74324,-0.86313,0.6952,0.96462,0.92891,-0.16187,0.16726,-0.1389,-0.018643,0.45876,-0.58446,-0.20663,-0.17435,-0.19944,0.50412,0.84379,-0.16168,0.81092,0.10194
-0.83125,-0.81957,0.8725,-0.098751,0.3515,-0.64074,0.23201,-0.45338,-0.32664,-0.86058,-0.099275,0.47525,-0.021094,-0.45005,-0.65773,-0.1305,-0.92143,0,-0.87292,0.28381,-0.13637,-0.10645,0.11735,0.52767,0.070278,-0.20338,0.46777,0.56629,0.45559,0.25797,0.25622,0.88863,0.81967,-0.24154,-0.0091116,-0.35229,0.91608,-0.96086,0.91385,0.25112,-0.63987,0.90622,-0.69387,-0.023167,-0.39858,0.40309,0.37599,-0.27593,0.07593,-0.37046,-0.5685,0.049206,0.64229,-0.80061,-0.36556,-0.58399,0.30118,-0.20184,-0.31181,0.52627,-0.53808,-0.2853,-0.92146,-0.71251,-0.93052,-0.97124,0.73055,0.76263,0.044075,-0.50362,-0.25912,0.15419,0.8933,-0.29189,-0.99949,-0.35346,0.48329,0.59368,0.86262,0.56514,-0.98244,0.9223,0.50847,0.03703,0.72764,-0.75281,-0.54627,-0.026344,-0.72058,0.55947,-0.502,0.80461,-0.67341,-0.35748,-0.94606,0.99637,-0.44387,-0.2315,0.39504,-0.14709,-0.87974,0.97658,-0.24585,0.19765,-0.72472
0.79957,-0.70602,-0.011867,0.5339,-0.40196,-0.9659,0.97914,-0.63504,-0.2746,0.83455,-0.84421,0.63347,-0.13944,0.44026,0.18037,0.43077,0.92306,-0.87292,0,-0.77654,0.31997,0.6467,-0.20379,0.59728,0.32197,0.24449,0.50722,-0.91171,-0.96733,-0.15204,-0.59085,0.62274,-0.10145,-0.24186,-0.60966,0.51057,0.61198,0.78252,-0.15578,0.1893,-0.98198,0.62946,0.95439,0.09578,-0.19446,0.66297,-0.049877,-0.099282,0.64365,0.60109,0.62861,-0.62711,0.88447,-0.31141,-0.56934,0.93178,0.24759,-0.55693,0.66055,-0.77023,0.97182,-0.69933,-0.58094,0.85421,-0.52309,0.42532,0.74866,0.91943,-0.060341,0.51602,0.99391,-0.30026,0.81237,-0.26608,0.6952,-0.41698,-0.99627,-0.48474,-0.071109,0.30879,0.55708,0.51082,-0.94033,-0.78623,-0.4123,-0.16346,0.48419,-0.046181,-0.98074,0.24481,-0.020771,0.078193,0.85039,0.71952,-0.62662,-0.62608,0.67305,-0.71959,-0.48331,-0.55848,-0.40154,-0.16908,-0.59363,-0.97668,-0.40971
-0.33294,-0.14771,-0.15172,0.32888,-0.80769,0.87153,0.11106,0.33162,-0.8888,0.66762,-0.026393,0.47507,-0.56946,0.028528,0.65513,-0.48841,-0.58664,0.28381,-0.77654,0,-0.23945,-0.24794,0.62762,0.87248,0.53332,0.13036,-0.3585,-0.29665,0.75743,-0.41397,0.49174,0.97564,-0.95732,0.68638,-0.20905,0.64991,0.28077,0.13711,-0.57478,-0.5348,-0.8734,-0.60004,0.2635,-0.63128,-0.62134,-0.14621,0.27768,0.9115,-0.10451,0.46381,-0.44203,-0.47437,-0.99382,-0.42204,-0.97262,0.65944,-0.77463,-0.26313,-0.99714,0.18138,-0.43274,0.13313,0.41298,-0.52265,0.75321,0.41408,0.97835,-0.32236,-0.93927,0.20508,0.33227,0.95322,0.42885,0.72418,-0.26227,-0.41461,0.098046,0.0097957,0.61696,0.65924,-0.71591,0.28854,0.072746,-0.21039,0.097961,-0.94785,-0.21099,0.65827,-0.25402,0.9758,0.36683,0.97739,-0.92747,0.4258,-0.39257,0.37617,-0.93945,0.32295,-0.88145,-0.36961,-0.48494,0.18407,-0.85043,-0.6166,-0.25609
0.73057,0.070284,0.30341,-0.95017,0.31682,0.14661,0.65176,0.22687,-0.69896,0.23238,-0.86226,0.55513,0.92956,-0.49118,-0.42142,0.76038,0.99571,-0.13637,0.31997,-0.23945,0,-0.34101,0.79944,0.052367,0.055777,0.63512,0.69676,0.90234,-0.48418,-0.055917,-0.4292,-0.41955,0.90855,0.29118,-0.41784,0.70594,0.98326,-0.84896,0.42497,0.31173,-0.77319,-0.39297,-0.83132,-0.96001,-0.6013,0.050269,-0.10711,-0.49071,-0.77407,-0.30918,0.41383,-0.36856,-0.089238,-0.62947,-0.42537,-0.86859,0.72661,0.99788,0.03524,0.80955,-0.65858,0.72972,-0.43555,0.082244,0.26013,-0.81462,-0.82573,-0.37106,-0.4265,0.8118,-0.32087,-0.051909,0.87488,-0.065789,-0.18199,0.1149,-0.90979,-0.95119,-0.77031,0.75115,-0.20711,0.28777,-0.94248,0.99298,-0.95383,-0.63371,0.83895,-0.24653,0.064789,0.27972,0.21179,0.47861,-0.1513,-0.37943,-0.041733,0.59852,-0.48914,0.11148,0.77841,-0.079467,0.80995,0.68079,-0.51815,-0.05118,0.64241
0.20318,-0.85111,0.91234,-0.11701,-0.18793,-0.94523,0.012628,0.19249,0.19091,-0.39618,0.43577,-0.25789,-0.79509,-0.013937,-0.028306,-0.66818,-0.26237,-0.10645,0.6467,-0.24794,-0.34101,0,-0.010517,-0.6694,-0.62602,-0.7284,-0.12871,-0.38138,-0.71304,0.99331,-0.45096,0.48519,0.86985,0.2044,0.97271,0.099395,0.27039,-0.53237,-0.51297,-0.88012,0.67854,-0.045637,0.92352,-0.43923,-0.49954,0.34007,0.49255,0.90237,0.9299,-0.0072474,-0.63427,0.099948,0.41014,0.072745,0.56425,0.87106,0.16002,0.99322,-0.2335,0.78941,0.82,-0.91943,-0.79766,0.43375,0.0224,0.37603,0.90513,0.14342,-0.79755,0.71677,0.23776,0.9289,0.40952,-0.73416,0.72008,-0.85693,0.71873,-0.23805,-0.072111,-0.10834,0.9473,0.62118,-0.58122,0.090413,0.30254,-0.68009,0.16962,0.10633,-0.85554,-0.15264,-0.70137,-0.44461,-0.49599,0.37563,0.089684,-0.23732,-0.11036,0.34037,0.56645,0.19802,0.13406,0.67203,0.062854,0.98017,0.35575
-0.40968,-0.751,0.46808,-0.86218,0.0019499,0.49194,0.42124,-0.69528,-0.28464,-0.89385,0.42075,-0.53783,-0.17104,0.94845,-0.87181,0.50838,-0.54297,0.11735,-0.20379,0.62762,0.79944,-0.010517,0,-0.18022,-0.77634,0.79974,-0.085834,0.4294,0.52556,0.31573,0.98446,-0.71655,-0.86589,-0.85793,0.26382,0.49407,0.89746,0.45036,0.60365,0.2605,0.72714,0.53288,-0.84928,0.69313,0.081669,0.51397,-0.88715,-0.68822,-0.95303,-0.93024,-0.77999,0.071974,0.40348,0.82783,0.59825,-0.41873,-0.69721,-0.31861,-0.26126,-0.81483,-0.53777,0.95494,-0.65736,-0.19663,-0.43842,-0.28315,0.37729,-0.33669,0.52583,-0.87592,-0.11884,0.88485,0.19308,0.34829,0.41644,0.94241,0.7325,0.53345,-0.73697,0.52858,-0.0086216,0.46843,-0.55623,-0.16683,-0.18066,0.41584,0.68949,-0.5708,0.60032,0.46929,-0.16978,-0.55796,-0.63787,0.97842,-0.3847,-0.60761,0.83938,0.40388,0.024744,0.32543,0.44831,-0.40951,-0.97964,0.011396,-0.73322
0.10472,-0.56415,0.92129,0.90493,-0.43482,-0.80993,-0.032039,0.19226,0.13869,0.52768,0.89589,0.23484,-0.0029726,0.56744,0.68565,-0.086908,-0.1894,0.52767,0.59728,0.87248,0.052367,-0.6694,-0.18022,0,0.016822,0.5496,0.22211,0.78398,0.90818,0.18335,-0.69271,-0.27499,0.33547,-0.24527,0.21211,0.78151,-0.37522,-0.15984,-0.53959,-0.40079,-0.14979,0.78226,-0.7576,0.064487,0.71242,-0.55042,-0.29388,0.75728,0.23747,0.84472,0.34477,-0.4421,-0.057556,0.09487,-0.35882,-0.66665,0.09855,0.9925,-0.1163,-0.56058,-0.51547,0.7108,0.99733,-0.47347,0.26011,0.22752,-0.66389,-0.10783,-0.88439,0.22746,-0.24182,-0.80146,-0.62697,-0.8904,0.051022,0.77746,0.68396,0.15097,-0.54215,-0.45157,-0.13188,-0.50398,-0.81631,0.58626,-0.060703,0.21955,-0.29385,-0.10186,-0.56748,0.24399,0.40675,-0.92744,0.11336,0.41169,-0.85384,0.22846,-0.92205,0.46492,-0.84085,0.57806,0.32923,0.5619,0.36456,0.9238,0.88917
-0.28395,0.045569,-0.94617,-0.77173,-0.54206,-0.11844,-0.81651,-0.2518,0.34602,-0.15441,-0.45217,-0.60578,0.85158,0.75551,0.34537,0.54827,-0.090786,0.070278,0.32197,0.53332,0.055777,-0.62602,-0.77634,0.016822,0,-0.41708,-0.30675,-0.26949,-0.90903,0.21942,0.7167,-0.19129,-0.8339,0.54258,-0.50571,0.37388,-0.87388,0.12247,0.48963,-0.56987,0.65475,-0.97488,-0.11125,-0.038934,0.4929,0.16211,-0.34431,-0.61174,-0.34764,-0.94408,0.20438,0.3745,0.95788,0.12859,-0.012586,-0.76171,0.54569,-0.27862,0.71217,0.18765,-0.25634,0.059523,-0.53565,0.24408,0.0059355,0.348,0.86825,0.081622,-0.70759,-0.91768,0.56005,0.67559,-0.55202,0.44943,0.77172,-0.76846,-0.21018,0.10742,0.18025,0.39202,-0.5994,-0.67587,-0.62511,-0.87856,-0.64004,0.3292,-0.29251,0.89377,0.84809,0.61853,-0.10849,0.27465,0.44695,0.97157,-0.90511,-0.27869,-0.25439,-0.59001,-0.81255,0.53239,-0.96066,-0.37658,-0.18544,0.11914,0.17487
-0.28928,-0.87164,-0.5241,0.59578,0.57461,-0.92947,0.55727,0.9593,0.47772,-0.40275,0.83027,0.23772,0.51701,-0.11728,0.30373,-0.65507,-0.085389,-0.20338,0.24449,0.13036,0.63512,-0.7284,0.79974,0.5496,-0.41708,0,-0.68036,-0.011744,-0.45284,0.14404,0.14225,0.54472,0.81811,0.075813,0.96963,-0.6336,0.54215,-0.50871,0.1549,-0.9435,0.36398,-0.84393,0.69423,0.53211,-0.15807,-0.94498,0.60223,0.57674,-0.30013,0.98748,0.22731,0.69009,0.12251,0.77614,-0.77563,0.65983,0.13057,0.59688,-0.95538,0.074971,0.56598,0.68367,-0.8896,0.55916,-0.51421,0.38607,0.66557,-0.927,-0.87174,0.95083,-0.75712,-0.56336,0.2909,0.20341,-0.073509,-0.67988,0.87262,-0.98484,-0.71532,-0.44064,0.70331,0.44348,0.86535,0.53023,0.18175,-0.15775,0.53194,0.54332,-0.45742,0.61466,0.54653,-0.54966,-0.91358,-0.65316,0.53452,-0.27228,-0.86771,-0.29878,-0.66093,0.17701,-0.0047798,-0.92516,-0.84442,0.13918,0.72361
-0.30045,-0.035705,0.81564,-0.86189,0.92285,0.77569,0.73735,-0.0011618,-0.80331,0.41542,0.6032,0.40648,0.74068,0.2217,0.31362,0.67407,-0.33225,0.46777,0.50722,-0.3585,0.69676,-0.12871,-0.085834,0.22211,-0.30675,-0.68036,0,-0.75256,-0.87719,-0.32659,-0.3257,0.29004,-0.24811,0.75741,0.41199,0.62285,-0.20487,0.095214,-0.41732,-0.72271,-0.35239,0.82334,0.19469,0.25506,-0.77478,0.041854,0.29305,-0.47035,0.99283,0.55038,0.62332,-0.93633,0.66809,-0.93923,0.44016,0.39985,0.96835,0.82186,0.96666,-0.36871,-0.25095,0.49438,0.73349,-0.39847,-0.76851,0.85623,-0.81887,-0.10611,-0.75266,0.32231,0.088381,-0.37212,-0.47942,-0.042983,0.8967,0.24964,0.413,0.97519,0.84119,-0.18393,-0.95804,-0.88651,0.13682,-0.9774,-0.1081,-0.26034,0.6357,-0.96087,-0.53277,-0.93799,-0.39704,-0.024845,-0.84588,-0.73726,0.421,-0.45793,0.36523,-0.58924,0.62375,-0.14984,0.76421,-0.3338,0.37062,-0.077904,0.73016
0.071497,-0.94671,0.98687,0.29205,-0.71681,0.096326,-0.84853,0.37034,-0.25462,-0.72046,0.40411,-0.94424,0.43351,0.93885,-0.71453,0.18117,0.45115,0.56629,-0.91171,-0.29665,0.90234,-0.38138,0.4294,0.78398,-0.26949,-0.011744,-0.75256,0,-0.67712,0.07712,-0.11466,0.32773,0.96687,0.34585,0.54856,0.045738,0.88627,0.67913,0.23339,-0.5395,-0.22987,0.17651,-0.174,0.42688,0.87784,0.58504,-0.47986,-0.62329,0.39192,-0.99753,0.23627,0.06139,-0.21743,0.62062,0.34944,0.3649,-0.84699,0.24759,0.84721,-0.56501,-0.63165,-0.38149,-0.81265,0.36426,0.71169,-0.59525,-0.079371,0.31133,0.80365,-0.66005,0.63944,-0.51302,-0.14517,0.20904,-0.70921,0.705,0.93459,0.44919,0.098528,-0.0067997,0.60884,0.90137,0.42174,0.897,0.28936,-0.55337,0.66015,-0.76396,0.52433,0.89458,-0.33449,0.44363,0.48296,0.13531,-0.76137,-0.30619,-0.37525,-0.29758,-0.83387,-0.14425,0.63526,0.23727,-0.95339,0.25816,0.55665
0.55426,0.26407,-0.68189,0.11624,-0.84747,0.45025,-0.95529,-0.23598,-0.11725,0.10452,-0.15868,0.53089,-0.19666,0.31427,0.20259,0.24779,-0.19028,0.45559,-0.96733,0.75743,-0.48418,-0.71304,0.52556,0.90818,-0.90903,-0.45284,-0.87719,-0.67712,0,0.62875,-0.49031,0.37465,0.12109,0.17265,0.96076,0.23879,0.58652,-0.62502,0.049372,-0.73608,-0.85163,0.12942,0.49258,0.31511,0.671,0.61961,-0.27972,-0.12932,0.27581,0.28311,-0.31143,0.96095,0.30723,0.85833,0.33022,0.26728,-0.03262,0.71796,-0.6815,-0.15849,-0.70838,0.71556,0.056586,0.62457,-0.37696,-0.46774,0.018218,-0.53224,0.36043,-0.20188,-0.30961,-0.0038608,0.019331,0.69639,-0.24474,0.85792,-0.62784,0.63084,-0.0041838,-0.19073,0.75337,0.093885,0.070981,-0.95933,0.4507,0.9569,-0.41341,-0.49451,-0.84337,-0.12784,-0.75363,-0.86596,-0.51215,-0.14323,0.69682,0.69416,0.85011,-0.7653,-0.44775,0.16191,0.83174,0.051107,-0.80616,-0.64153,0.39631
0.58985,0.24367,0.17974,0.059345,0.24488,0.58146,0.32272,-0.86726,0.5021,-0.36645,-0.4682,-0.50048,0.23811,-0.45029,-0.12759,-0.038552,-0.8134,0.25797,-0.15204,-0.41397,-0.055917,0.99331,0.31573,0.18335,0.21942,0.14404,-0.32659,0.07712,0.62875,0,-0.23778,0.2566,-0.33822,-0.4677,-0.33409,0.62906,0.84064,-0.3078,0.31685,-0.23581,0.049376,0.82585,0.74304,-0.4548,0.88872,0.40138,0.96524,-0.13145,-0.8764,0.76487,-0.42295,-0.51379,0.63277,-0.82475,-0.037356,0.79496,0.4452,0.99947,-0.40143,-0.35134,0.34032,0.11755,0.74167,0.94965,-0.53145,-0.49568,-0.6862,-0.68488,0.23868,-0.13983,0.27833,-0.34962,0.80066,-0.21774,0.92089,-0.42333,0.2575,0.8658,-0.19604,-0.34628,0.87021,-0.6468,-0.6405,0.85627,-0.39098,0.63699,-0.076951,-0.43706,0.89161,0.6344,-0.075655,-0.34469,0.90666,0.56348,0.89329,-0.35989,-0.96561,0.24802,-0.47611,-0.44904,-0.28539,-0.21841,-0.013686,-0.056267,-0.16695
-0.56672,0.35777,0.77946,-0.54784,-0.35066,-0.41026,-0.26257,-0.28768,0.12587,-0.38057,0.95294,-0.99097,0.23726,-0.25684,-0.90517,0.3808,0.40619,0.25622,-0.59085,0.49174,-0.4292,-0.45096,0.98446,-0.69271,0.7167,0.14225,-0.3257,-0.11466,-0.49031,-0.23778,0,0.46884,0.86607,0.21337,-0.44718,-0.9688,0.14987,-0.014622,-0.21032,0.0094996,-0.60112,-0.66853,-0.88123,0.095735,0.099346,0.55721,0.27805,-0.20466,0.13381,0.15726,-0.60944,-0.13698,0.74694,-0.90639,-0.88698,-0.77344,0.1589,-0.57683,-0.30717,-0.12295,0.033811,0.25077,0.8878,-0.98176,-0.44733,0.63763,-0.7322,-0.085548,-0.7728,-0.82414,-0.078329,0.44507,-0.99601,0.98952,-0.10996,-0.59607,0.35533,-0.52494,0.87724,-0.93901,0.74463,0.20897,-0.94851,-0.40676,-0.78484,0.085469,0.454,0.64057,-0.82422,-0.31935,0.94338,0.26179,0.0086007,-0.94737,0.93857,-0.21394,0.42524,-0.89774,0.27711,-0.4471,-0.26277,-0.2232,-0.07897,0.49524,0.64056
-0.66577,-0.93984,0.26844,0.89696,0.0103,0.92902,-0.62223,0.16992,0.024022,0.61875,-0.65663,0.016301,0.012379,0.55672,0.37155,0.20563,-0.36731,0.88863,0.62274,0.97564,-0.41955,0.48519,-0.71655,-0.27499,-0.19129,0.54472,0.29004,0.32773,0.37465,0.2566,0.46884,0,0.010449,-0.23346,0.42904,-0.076804,-0.58849,-0.63299,-0.85912,0.7616,-0.39693,-0.48451,-0.95244,-0.79209,0.90865,0.24346,-0.012788,-0.59094,-0.58998,-0.42279,0.14589,-0.22443,0.66455,0.71767,0.49207,0.44148,-0.61476,0.57261,-0.77412,0.53459,0.78888,0.68202,-0.14559,0.95009,0.74876,-0.16746,-0.17525,-0.59724,0.9328,-0.098446,0.71234,0.9288,-0.94358,0.4483,-0.18874,-0.96586,-0.30264,-0.75351,-0.23358,0.89731,0.069088,0.45388,0.15174,-0.41909,-0.83586,-0.15166,-0.88281,0.010394,0.14072,-0.4559,0.27715,-0.039117,0.2579,-0.63447,-0.3263,-0.50928,-0.98581,0.16736,-0.86031,0.10496,0.8063,0.80866,0.027145,-0.77926,-0.32743
-0.82783,0.53799,0.76847,0.039402,-0.18579,0.89459,-0.91641,0.27608,-0.68566,0.87891,-0.3708,-0.17474,0.8554,-0.50392,0.20607,0.78007,-0.32402,0.81967,-0.10145,-0.95732,0.90855,0.86985,-0.86589,0.33547,-0.8339,0.81811,-0.24811,0.96687,0.12109,-0.33822,0.86607,0.010449,0,0.10918,0.38994,0.43467,-0.59011,-0.60038,-0.64221,0.42209,0.046678,0.39165,0.59401,0.88135,0.7387,0.061255,-0.0049754,-0.62173,0.31734,0.20795,0.43381,-0.29727,0.2637,-0.54378,-0.69714,0.51539,0.26536,-0.41417,0.23117,-0.64756,-0.5732,0.076767,0.69156,-0.17253,0.07376,0.65641,0.0033446,-0.18858,-0.25506,-0.18682,-0.97139,0.062672,-0.33355,-0.27845,0.67721,-0.76995,-0.84546,0.84459,0.37048,0.45666,-0.51637,-0.61855,0.16933,0.2132,-0.63859,-0.73439,-0.95108,-0.27779,0.96009,0.047706,-0.093433,-0.27733,-0.61659,-0.5251,0.28723,-0.18214,-0.70152,-0.82317,-0.99129,-0.42814,0.76294,-0.28825,-0.11693,0.60905,0.72012
-0.46731,-0.51424,-0.96486,0.13426,0.17798,-0.82447,-0.45528,0.52858,-0.6139,-0.23227,0.96288,-0.57732,-0.266,0.20392,0.65961,-0.78677,0.77936,-0.24154,-0.24186,0.68638,0.29118,0.2044,-0.85793,-0.24527,0.54258,0.075813,0.75741,0.34585,0.17265,-0.4677,0.21337,-0.23346,0.10918,0,0.33573,-0.56372,0.48009,-0.034863,-0.71136,0.42476,0.82622,-0.832,0.56125,0.40928,0.35349,-0.48316,0.17857,-0.29515,0.14664,-0.44426,0.5477,-0.16314,0.43798,0.87153,-0.69813,-0.7787,0.63703,-0.51947,0.15513,0.56285,-0.81804,-0.57439,-0.13205,0.739,0.65446,-0.31538,-0.26243,-0.87218,0.79183,0.065345,-0.6639,-0.41545,-0.16909,0.27658,0.27004,-0.68699,-0.093074,-0.20009,-0.72976,-0.52485,-0.41501,-0.94607,0.72901,0.91361,0.50038,0.23185,-0.017902,-0.73677,0.071984,0.46706,0.49692,0.07366,-0.75215,0.58676,-0.93389,0.2863,-0.25483,-0.17951,0.041192,-0.43056,-0.86371,-0.25144,-0.43713,0.41916,-0.86158
0.71639,0.94119,-0.44379,-0.97367,0.4022,0.20875,-0.36489,-0.73599,0.92366,0.59666,-0.10109,0.1912,0.88729,0.54618,0.40599,0.90555,0.88306,-0.0091116,-0.60966,-0.20905,-0.41784,0.97271,0.26382,0.21211,-0.50571,0.96963,0.41199,0.54856,0.96076,-0.33409,-0.44718,0.42904,0.38994,0.33573,0,0.21998,-0.486,0.27708,0.76295,0.60345,-0.085091,-0.21341,-0.25125,0.75958,-0.29516,0.17855,-0.44509,0.87282,-0.22438,-0.81196,-0.65532,0.88875,0.93007,-0.6804,-0.68849,0.89502,0.092128,0.59927,-0.62364,-0.69659,0.52716,0.43075,0.34639,0.039442,-0.94953,-0.071908,0.56764,-0.14228,0.58201,-0.45521,0.44187,0.80439,0.3768,0.87834,0.0805,0.47245,0.093232,-0.82867,-0.76129,0.77468,-0.53652,0.87111,0.16844,-0.94608,-0.83488,0.24998,0.74551,0.45556,-0.76363,0.68957,-0.61939,-0.86259,0.29424,-0.79327,0.89853,0.042108,0.93158,-0.52758,0.51525,-0.30001,-0.38487,-0.12932,0.040915,0.45035,-0.40569
0.9009,0.69409,0.9306,-0.015037,-0.57943,0.50724,0.24395,0.34103,0.15749,0.31863,0.33726,-0.1761,0.65321,-0.47602,-0.65383,-0.10282,-0.41186,-0.35229,0.51057,0.64991,0.70594,0.099395,0.49407,0.78151,0.37388,-0.6336,0.62285,0.045738,0.23879,0.62906,-0.9688,-0.076804,0.43467,-0.56372,0.21998,0,0.26438,0.73267,0.8904,0.35415,0.75195,-0.42262,0.35901,0.06299,-0.63185,0.86022,-0.95067,-0.27475,-0.58162,0.92052,-0.25635,-0.32898,-0.29075,0.39076,0.49826,-0.11177,-0.76897,-0.48818,0.033991,-0.27455,-0.92972,0.37808,0.10771,-0.34714,0.42152,0.40665,0.77127,0.76861,-0.02356,0.82411,-0.080674,-0.37906,0.17794,-0.652,-0.78383,-0.70435,0.76737,0.3545,-0.63573,-0.87348,-0.72304,0.088022,-0.29173,-0.39436,0.93492,0.55762,0.010643,0.11081,-0.70557,-0.34875,-0.67653,-0.61497,-0.53443,0.23427,-0.69531,0.56635,0.40467,0.35102,0.40551,-0.10189,-0.5999,-0.17912,-0.94692,-0.30755,-0.51128
0.20251,-0.57489,-0.55046,0.0045501,0.756,-0.1519,0.45595,0.66986,0.44468,0.72249,0.34101,-0.46049,0.30556,0.50085,-0.76337,0.35784,-0.18703,0.91608,0.61198,0.28077,0.98326,0.27039,0.89746,-0.37522,-0.87388,0.54215,-0.20487,0.88627,0.58652,0.84064,0.14987,-0.58849,-0.59011,0.48009,-0.486,0.26438,0,0.79118,0.86053,0.87184,0.4085,0.40508,-0.55593,-0.66972,-0.80134,0.38177,0.42289,-0.93355,0.070165,0.027742,-0.31482,0.35964,0.69462,-0.20522,-0.44839,0.36636,-0.55387,0.051363,-0.55181,0.92684,0.73104,0.61103,-0.84489,-0.75836,0.34486,0.53267,0.15879,-0.19223,0.74607,-0.10743,-0.25264,0.62997,0.98306,-0.46809,0.36065,0.70487,-0.43116,-0.13395,-0.50673,0.077837,-0.29621,-0.38815,0.84094,-0.87758,0.70686,0.14559,-0.34864,-0.86903,0.80325,-0.70103,-0.76996,-0.48055,0.94216,0.20499,-0.39838,-0.69055,0.35734,-0.76286,-0.098861,0.18602,-0.52896,-0.35317,-0.18344,-0.53291,-0.68857
0.14963,-0.4587,0.96241,0.99261,-0.95467,-0.13159,-0.28814,-0.5913,0.86042,-0.1425,0.7723,-0.31958,0.8173,-0.94293,-0.60832,-0.92332,0.50034,-0.96086,0.78252,0.13711,-0.84896,-0.53237,0.45036,-0.15984,0.12247,-0.50871,0.095214,0.67913,-0.62502,-0.3078,-0.014622,-0.63299,-0.60038,-0.034863,0.27708,0.73267,0.79118,0,-0.74204,0.84348,-0.39262,0.89063,0.95605,0.48859,-0.98395,0.2555,0.47766,-0.18971,0.21562,0.88362,-0.050565,-0.69554,0.5241,-0.23753,0.55602,-0.040237,0.80871,0.8669,-0.88947,0.50901,0.1225,0.39891,0.34146,0.87348,-0.41877,-0.13797,0.028977,-0.43086,-0.93411,-0.64811,-0.48406,-0.64722,-0.65167,0.54897,0.48642,-0.68895,0.5184,-0.30667,0.14058,-0.10458,-0.66964,-0.40458,0.70941,0.25082,0.97391,0.26385,0.0062057,-0.41088,0.84621,0.79797,0.81032,0.054788,0.46049,0.11604,0.1637,0.21561,0.30638,0.74075,-0.7279,-0.20423,-0.48833,-0.31237,-0.13388,-0.28908,-0.54331
0.31587,-0.91397,-0.79325,-0.61253,0.77078,-0.22318,-0.75046,-0.51222,0.036037,0.36854,-0.47376,-0.3385,0.41893,-0.38142,-0.011374,-0.84499,0.20796,0.91385,-0.15578,-0.57478,0.42497,-0.51297,0.60365,-0.53959,0.48963,0.1549,-0.41732,0.23339,0.049372,0.31685,-0.21032,-0.85912,-0.64221,-0.71136,0.76295,0.8904,0.86053,-0.74204,0,0.59102,-0.24034,-0.30163,-0.62205,-0.76084,0.64407,-0.55946,-0.028868,-0.60475,0.86215,-0.94803,0.15977,0.61349,-0.77052,0.012067,0.092388,0.56694,0.22099,0.09806,0.82617,0.42412,0.51431,0.52798,-0.63642,0.0072343,-0.20607,0.047512,0.18194,0.93471,0.70341,0.50857,-0.24734,0.7974,0.16759,-0.31429,-0.85711,0.1301,0.026763,-0.31344,0.10201,-0.036648,-0.64674,-0.823,0.9243,0.03605,-0.16071,0.68356,0.78718,-0.38178,0.30776,0.89861,-0.88843,0.41908,-0.23755,-0.41535,0.45054,-0.75431,-0.86273,0.80896,-0.7613,-0.27339,-0.16561,0.77631,0.85589,0.9924,-0.33341
0.87617,0.52082,-0.5704,0.45991,-0.7683,-0.86857,0.40951,0.49796,-0.53852,0.12726,-0.46101,0.24826,-0.8762,-0.36569,0.80177,-0.98575,-0.24987,0.25112,0.1893,-0.5348,0.31173,-0.88012,0.2605,-0.40079,-0.56987,-0.9435,-0.72271,-0.5395,-0.73608,-0.23581,0.0094996,0.7616,0.42209,0.42476,0.60345,0.35415,0.87184,0.84348,0.59102,0,-0.86361,0.67326,0.94757,-0.66441,-0.99587,0.1299,-0.4195,0.64652,-0.31354,-0.45103,0.14546,-0.73201,0.25051,0.58622,-0.65437,-0.47988,0.50989,-0.74259,-0.10426,0.37969,-0.18007,0.50927,0.3555,-0.99921,-0.7212,0.49591,-0.89763,0.5151,-0.44528,-0.40047,-0.68805,-0.76368,0.94357,-0.90657,-0.84959,-0.71476,-0.19595,0.61299,0.28683,-0.70272,0.70079,0.069953,-0.085055,0.77139,0.70322,-0.3151,0.75188,-0.53256,0.88859,-0.40492,0.96756,0.10004,-0.32626,-0.70983,-0.86803,0.49272,-0.91285,-0.74184,-0.30177,-0.2439,0.95381,-0.42477,-0.098389,-0.37347,0.20478
0.53532,0.66686,-0.64575,-0.79243,-0.74531,0.7218,-0.56274,0.26029,-0.41206,0.0089103,0.66912,-0.41021,-0.79532,0.6986,-0.53972,0.79415,0.28288,-0.63987,-0.98198,-0.8734,-0.77319,0.67854,0.72714,-0.14979,0.65475,0.36398,-0.35239,-0.22987,-0.85163,0.049376,-0.60112,-0.39693,0.046678,0.82622,-0.085091,0.75195,0.4085,-0.39262,-0.24034,-0.86361,0,-0.18011,-0.55029,0.36729,0.13566,-0.72162,0.79433,0.8502,0.89476,0.71282,-0.90094,0.33725,0.95082,0.21369,-0.59677,0.72194,0.13629,-0.76678,-0.77515,0.79018,-0.71108,0.12055,0.7332,0.8811,0.65891,0.39258,-0.27405,0.69812,-0.044734,-0.85314,0.44928,0.93299,-0.84128,-0.85105,0.073874,0.61154,0.065394,0.96601,0.20291,0.078331,-0.56435,0.93413,-0.54006,0.88856,-0.31061,-0.15521,0.11804,-0.67801,-0.82162,-0.85809,0.94382,-0.026863,0.25336,-0.72322,0.084045,0.39176,-0.50955,0.98586,0.51057,0.71265,0.080281,-0.36718,-0.98201,-0.89513,0.77719
0.65782,0.52547,-0.29117,-0.80072,-0.013551,-0.74679,0.52541,0.85698,-0.72843,0.51127,-0.16861,-0.055718,0.5524,0.81932,0.14126,0.82735,0.33011,0.90622,0.62946,-0.60004,-0.39297,-0.045637,0.53288,0.78226,-0.97488,-0.84393,0.82334,0.17651,0.12942,0.82585,-0.66853,-0.48451,0.39165,-0.832,-0.21341,-0.42262,0.40508,0.89063,-0.30163,0.67326,-0.18011,0,0.14861,-0.028093,-0.9645,-0.50504,-0.22225,0.42489,-0.33573,0.035023,-0.45772,-0.03044,0.65203,-0.58734,0.99911,0.96911,0.83106,0.57547,-0.88936,-0.99774,-0.32292,-0.68145,0.97729,0.50033,0.83887,0.62582,0.79592,-0.050077,0.72553,-0.0090462,0.66285,0.72087,-0.0036503,0.60961,0.98719,0.98897,0.79107,0.066441,-0.57668,0.8489,0.59975,-0.49267,0.40622,0.63171,-0.17197,-0.90739,0.097358,-0.14002,-0.52173,-0.055846,0.3273,0.8682,0.87575,0.9964,0.31543,-0.66311,0.093084,-0.81479,-0.76612,0.38647,0.20706,-0.58022,-0.89043,-0.74153,-0.59084
-0.11959,0.93771,-0.28701,0.53535,-0.76604,-0.58509,-0.90299,-0.28944,-0.8202,-0.99652,-0.26565,0.35287,0.7548,0.77522,-0.83904,0.95492,-0.90439,-0.69387,0.95439,0.2635,-0.83132,0.92352,-0.84928,-0.7576,-0.11125,0.69423,0.19469,-0.174,0.49258,0.74304,-0.88123,-0.95244,0.59401,0.56125,-0.25125,0.35901,-0.55593,0.95605,-0.62205,0.94757,-0.55029,0.14861,0,-0.00043045,-0.10528,0.21267,-0.91183,0.59553,0.58663,-0.90783,-0.56197,0.60365,0.96756,0.74547,0.68475,0.26339,-0.88272,-0.29824,-0.7271,0.55159,0.02181,-0.51817,-0.32379,0.52289,0.803,-0.39736,-0.48307,0.41865,-0.45653,-0.10645,-0.51281,-0.89789,0.53202,0.030275,-0.59954,-0.63208,-0.1877,-0.117,-0.97846,-0.91855,-0.11134,-0.5088,0.25219,-0.56176,0.038413,0.078905,0.20319,-0.031888,0.84222,-0.4394,-0.042358,0.29103,0.13549,0.85848,-0.12415,-0.035838,0.21818,0.46183,0.98896,-0.88346,-0.48522,0.34902,0.89946,0.036893,0.51342
-0.27276,-0.81138,0.68942,-0.93128,-0.35834,0.081434,-0.064907,0.018091,0.10495,0.31999,-0.039813,-0.93817,0.14827,0.5954,0.23179,0.17538,-0.62136,-0.023167,0.09578,-0.63128,-0.96001,-0.43923,0.69313,0.064487,-0.038934,0.53211,0.25506,0.42688,0.31511,-0.4548,0.095735,-0.79209,0.88135,0.40928,0.75958,0.06299,-0.66972,0.48859,-0.76084,-0.66441,0.36729,-0.028093,-0.00043045,0,0.067881,0.95696,-0.68915,0.48664,0.80396,-0.064314,-0.48745,-0.16169,0.17743,-0.92287,0.89881,0.88522,0.39129,0.80799,0.61276,-0.38199,-0.1007,-0.35856,0.71306,-0.4687,0.80895,0.89129,0.49498,0.72783,0.96631,0.70161,-0.34244,-0.10172,-0.92584,0.61746,0.62336,-0.97091,-0.43683,0.80458,0.99642,0.39809,0.72651,-0.30685,0.61938,-0.28671,0.59735,-0.97212,0.24791,-0.94537,-0.84766,0.26836,0.49069,0.08016,0.89253,-0.32401,0.015065,0.33887,-0.19055,0.94782,0.95983,0.040609,0.086862,-0.67861,0.30059,-0.49852,0.36244
0.43072,0.43618,-0.10628,0.088256,-0.73262,-0.50881,0.89558,0.95171,-0.23913,0.98184,0.2378,0.81647,-0.54534,-0.99527,-0.5055,0.68819,0.66354,-0.39858,-0.19446,-0.62134,-0.6013,-0.49954,0.081669,0.71242,0.4929,-0.15807,-0.77478,0.87784,0.671,0.88872,0.099346,0.90865,0.7387,0.35349,-0.29516,-0.63185,-0.80134,-0.98395,0.64407,-0.99587,0.13566,-0.9645,-0.10528,0.067881,0,-0.42817,0.67772,-0.43051,-0.079078,-0.53077,0.44755,0.34676,0.23698,0.068964,0.89302,0.27271,0.72385,-0.34878,0.56021,-0.043591,0.4776,-0.1458,0.2706,-0.53001,0.86381,-0.64896,-0.9419,0.67602,-0.13591,0.1017,0.26397,-0.45332,-0.40799,0.14769,0.72178,-0.81556,-0.76188,-0.32664,-0.83004,-0.92069,0.66197,0.67382,-0.23586,0.88076,0.13148,0.58993,0.70122,0.30048,0.040154,-0.54413,0.73263,0.1627,0.81913,0.13302,-0.63908,0.54308,0.092733,0.10097,-0.73369,0.59395,-0.12179,-0.41788,0.75482,0.32085,0.42106
