,,,,,,,,,,,,,,,,,,,,,,,,,,,,,,,,,,,,,,,,,,,,,,,,,,,,,,,,,,,,,,,,,,,,,,,,,,,,,,,,,,,,,,,,,,,,,,,,,,,,,,,,
0,-0.59693,-0.31598,-0.21738,0.86586,-0.48749,-0.52118,-0.21582,-0.20556,0.00025969,-0.7319,-0.45047,0.76343,-0.085689,-0.12001,-0.38852,0.8786,0.96971,-0.29799,-0.27407,0.98263,-0.218,-0.72864,-0.5562,0.31968,-0.22933,-0.66595,-0.55811,-0.7927,0.47319,0.98811,-0.16948,-0.059913,0.19648,0.86398,-0.42325,0.0038091,-0.48476,0.13181,0.0098001,-0.78277,-0.85118,-0.46433,0.022427,0.73408,-0.53786,0.26333,-0.027327,-0.81868,-0.60563,-0.97751,-0.89151,-0.44494,0.082887,-0.82783,0.99278,-0.7289,-0.794,0.45563,0.79241,0.39172,0.74388,-0.027821,0.48168,0.51791,0.93742,0.3964,0.49195,-0.61625,0.65977,0.051946,-0.045011,-0.91642,-0.25461,-0.49612,0.97171,0.72838,-0.23112,0.76174,0.94156,-0.97761,0.54302,0.92401,0.59962,-0.021701,0.86938,0.50867,0.50051,-0.9748,-0.4567,0.14245,-0.45635,-0.22259,0.43997,-0.77329,0.16774,-0.088526,-0.3824,0.34112,-0.77298,-0.87616,-0.75004,-0.63748,-0.63439,-0.76358
-0.59693,0,0.51963,0.96598,0.86097,0.48481,-0.45679,-0.54197,0.8102,-0.11039,0.21317,-0.20289,0.57921,0.69598,0.32197,0.68189,-0.63444,-0.045989,-0.38399,0.28036,-0.97008,0.57162,0.72463,0.83168,0.97113,0.34924,0.74832,0.22073,-0.69747,-0.36304,-0.10188,0.87179,0.44322,0.38433,-0.91303,-0.71049,0.32495,0.79511,-0.26173,-0.36393,-0.90232,0.98653,-0.62603,-0.65267,-0.26413,0.65491,-0.68938,0.98208,0.57051,0.31304,0.050806,-0.49858,0.48308,0.7961,0.27065,-0.49582,0.31316,0.63659,-0.79397,-0.27781,-0.82503,-0.35618,-0.14336,-0.13167,0.77352,0.42988,0.73917,0.71335,0.41982,-0.66545,-0.051518,-0.38186,-0.44821,0.9534,-0.48597,0.79409,-0.95479,-0.49696,-0.6798,-0.13196,-0.79802,0.46839,0.32677,-0.84789,0.24746,0.746,-0.78417,0.098149,0.45659,0.84742,0.031147,0.17176,-0.56559,-0.022799,-0.87652,0.89303,-0.91933,-0.52285,0.57861,0.97763,-0.85654,0.42063,-0.3042,-0.10955,0.2868
-0.31598,0.51963,0,-0.53708,0.29387,0.1455,-0.90675,0.94603,0.10022,-0.20016,0.63553,0.84554,-0.097153,0.091282,-0.64841,0.50143,0.47437,0.6437,-0.97613,0.34461,0.92072,0.95225,-0.073745,-0.35312,0.66496,0.50523,-0.64063,0.94532,0.94492,-0.7301,-0.92925,0.41487,0.62832,0.76502,-0.13569,0.34645,0.72673,0.33423,-0.65444,0.54603,-0.43271,0.56005,0.15702,-0.16063,-0.79035,0.090086,-0.29994,0.2528,0.3121,0.41069,0.935,-0.69368,-0.27089,0.9577,-0.41239,0.86475,0.76797,0.088481,0.76009,0.14543,0.30372,0.40188,0.81837,0.42402,0.84488,0.58911,0.057997,-0.00087713,-0.32372,-0.9758,-0.12729,0.83624,-0.59973,0.018185,0.68965,-0.3524,0.80088,-0.54518,0.99359,0.30384,-0.25459,-0.65878,-0.75375,0.5088,-0.40232,-0.36452,-0.79505,0.43947,0.69941,-0.59416,0.77852,-0.099267,0.076698,0.51833,0.98764,0.4771,0.872,0.55846,-0.50679,-0.80114,-0.78104,-0.11004,0.1592,0.4065,-0.10974
-0.21738,0.96598,-0.53708,0,-0.059892,0.40147,0.67052,-0.84853,-0.46016,0.18299,0.2973,-0.63779,0.77438,0.2031,-0.80863,0.58521,0.79489,0.75538,0.56296,0.5511,-0.76976,-0.98892,-0.59079,-0.10102,-0.36422,0.068905,-0.82615,0.15219,-0.88365,-0.42119,0.63569,0.083872,-0.51946,-0.60631,0.20233,-0.062278,0.10028,-0.64332,0.99322,-0.35871,-0.38096,0.78743,-0.95799,0.49405,-0.059632,-0.99558,0.73687,-0.48472,0.75601,0.06848,0.64483,-0.01328,0.17378,0.094816,0.57946,-0.24791,-0.23866,-0.21869,-0.22483,0.77076,0.38755,0.83804,-0.068065,-0.95823,-0.74307,-0.0087607,-0.14228,0.25877,-0.59315,-0.20841,-0.72855,-0.46111,-0.42265,0.98564,0.007132,0.026198,0.79083,-0.99868,-0.13115,-0.64105,0.046314,0.70303,-0.27027,0.4233,-0.76155,0.70906,0.038253,0.18199,0.41932,0.16814,0.33406,0.83535,0.37136,0.18593,-0.66726,0.35985,-0.15595,0.75992,0.93284,0.60507,0.4675,-0.39729,0.43803,0.032768,-0.88828
0.86586,0.86097,0.29387,-0.059892,0,-0.69518,0.11809,0.94047,0.074334,0.32608,-0.60295,-0.89772,0.036992,0.92814,-0.97102,0.20145,-0.25634,0.77591,-0.71297,0.67456,0.33722,-0.30327,-0.83706,0.71818,0.19256,0.91621,0.76558,0.71931,0.20861,0.81192,0.089109,-0.51276,0.081224,-0.35105,0.63089,-0.87311,0.76111,-0.04194,0.20659,-0.043227,-0.38982,-0.50216,-0.41835,0.78347,0.81245,0.7946,0.3006,-0.82179,-0.040212,0.5152,-0.56876,-0.075288,0.40565,0.31022,0.72465,-0.95959,0.55509,0.83521,0.25859,0.18518,0.25832,0.76452,0.98962,0.29005,-0.57491,-0.80116,0.4922,0.039452,0.22565,0.55075,0.0075401,-0.97143,0.040293,-0.24148,0.1355,-0.9124,-0.57847,-0.72545,0.34381,0.044686,-0.3659,0.54763,-0.642,-0.95064,0.57669,-0.58199,0.79697,-0.98507,0.49653,0.45173,-0.27046,0.89705,0.18203,0.49267,-0.90299,-0.45609,0.55814,-0.72561,0.43942,-0.24815,-0.70049,0.7806,-0.081314,-0.088472,-0.97275
-0.48749,0.48481,0.1455,0.40147,-0.69518,0,-0.32518,0.17515,-0.88247,-0.90424,0.28614,0.52021,-0.7679,-0.38828,-0.61544,0.36971,-0.72761,0.52671,-0.020293,0.73302,-0.47229,-0.41432,-0.022875,-0.85979,-0.86014,0.16052,-0.89081,-0.12556,0.78791,-0.31747,0.89542,0.95108,-0.14975,0.029939,-0.44095,-0.98459,-0.89743,-0.35501,-0.83178,-0.82425,0.5154,0.91076,-0.39708,-0.23638,0.23887,-0.67273,0.99622,-0.98397,0.29033,0.79934,-0.10539,0.034738,0.91693,-0.26494,0.65713,-0.059722,0.60322,-0.32935,0.80692,0.76927,0.44667,0.39245,0.074456,-0.67475,-0.42167,0.67735,-0.78452,0.41002,-0.010693,-0.89439,-0.16884,0.33466,-0.84009,-0.38284,-0.1938,-0.97047,0.066854,-0.92876,0.45211,-0.26131,0.19071,0.053878,-0.02086,0.63837,-0.0017192,-0.79294,-0.92137,-0.72132,0.90483,-0.90551,-0.4462,-0.65291,-0.80136,0.89621,0.093777,0.27277,0.82784,0.96037,-0.78829,0.41183,-0.46327,-0.96562,0.62026,0.049555,-0.80681
-0.52118,-0.45679,-0.90675,0.67052,0.11809,-0.32518,0,0.16216,0.64671,0.16779,0.71507,0.99701,0.49146,-0.77245,0.25337,0.23094,0.56688,0.75671,-0.17572,-0.10856,-0.74215,-0.099592,0.95977,-0.58334,-0.12596,-0.64808,0.45941,0.12504,-0.85908,-0.0083273,0.42955,-0.70175,-0.14241,-0.82577,-0.16792,-0.97393,0.019489,0.48361,-0.20345,0.74226,-0.90288,0.15069,0.45291,0.23777,-0.47044,-0.13787,-0.13911,0.84222,0.85119,0.92749,0.97976,0.81661,0.98179,0.61786,0.011432,0.14057,-0.062425,0.84305,-0.29103,-0.26381,0.69861,-0.71052,0.45574,-0.57199,-0.42477,0.44878,0.36066,-0.27315,-0.90995,-0.76801,0.60107,-0.59057,-0.35533,0.17796,-0.56082,0.98149,0.81979,-0.050797,-0.44671,0.50521,0.58773,0.19624,-0.046669,0.29193,0.89299,0.11809,-0.65654,0.4827,0.17042,-0.96465,0.12404,-0.98828,0.67517,-0.69701,-0.69076,-0.20033,-0.53858,-0.87848,-0.6925,0.12776,-0.84293,0.83333,-0.45609,0.97302,0.16568
-0.21582,-0.54197,0.94603,-0.84853,0.94047,0.17515,0.16216,0,0.49938,0.086047,-0.12579,-0.98943,-0.30133,-0.10656,-0.54754,-0.5759,-0.091129,0.62758,-0.58693,0.36591,0.7514,0.72532,-0.83908,0.92655,0.11302,0.45498,0.87908,0.0092368,-0.92082,-0.38534,0.27303,0.015779,0.11768,0.32886,0.97203,-0.45399,-0.1768,0.21346,0.7205,-0.31252,-0.16623,0.68358,-0.02659,0.39516,0.10527,0.67366,-0.61661,0.83502,-0.47446,-0.21168,0.065877,-0.26117,-0.26786,0.012438,0.2341,0.2824,-0.47392,0.2211,-0.15047,0.39914,0.02648,0.019937,0.16097,0.89479,-0.28275,-0.23426,-0.45776,0.76183,0.73182,-0.45887,0.5246,-0.79915,-0.218,-0.80074,0.43572,-0.82325,-0.95321,0.72946,0.9475,0.47968,0.014588,-0.14595,0.074404,0.62215,-0.99803,-0.3338,0.61197,-0.2427,-0.023313,0.088847,0.57003,0.84257,-0.84243,0.52041,-0.06778,-0.56143,-0.59425,0.098339,-0.90549,-0.16968,-0.64525,-0.95144,-0.17695,0.1682,-0.13608
-0.20556,0.8102,0.10022,-0.46016,0.074334,-0.88247,0.64671,0.49938,0,-0.95117,-0.12376,-0.46338,0.20238,-0.39269,0.11269,-0.21905,0.42049,-0.69459,-0.082471,-0.70635,-0.36365,-0.14513,-0.51866,-0.556,-0.33049,-0.72451,-0.62069,-0.93803,-0.66818,-0.82154,0.49919,0.4153,0.23281,0.93955,0.49711,0.34062,0.18172,0.44643,-0.14506,-0.85146,0.57377,0.40097,0.28012,0.64314,0.069314,-0.11622,-0.47427,0.70152,-0.10059,0.30728,-0.11493,0.67051,-0.78108,0.33812,0.58514,0.70213,0.64277,0.66022,-0.97395,0.39609,0.96487,-0.10911,0.08738,-0.25233,0.23776,0.76015,-0.22475,0.26904,-0.46093,-0.081559,-0.76757,-0.43079,0.45642,0.17732,0.38376,0.64225,-0.6359,-0.25843,0.63108,0.77045,0.17071,-0.56903,0.17501,0.18645,-0.25052,0.92117,-0.38916,-0.60313,0.33025,-0.14599,-0.20169,0.4187,0.92749,0.67452,-0.40944,-0.20718,-0.58376,-0.82611,-0.43237,-0.43529,0.37624,-0.054625,-0.3504,-0.4163,-0.75669
0.00025969,-0.11039,-0.20016,0.18299,0.32608,-0.90424,0.16779,0.086047,-0.95117,0,-0.14486,-0.1433,0.76191,0.1296,-0.27744,-0.2863,-0.86026,-0.98077,-0.60956,0.86334,0.7564,0.65767,0.98671,-0.0023304,0.9903,0.85365,-0.43349,-0.30152,0.72877,-0.069982,-0.21859,-0.21408,-0.28191,-0.73976,-0.53624,-0.076149,-0.076298,-0.32195,-0.62374,0.63581,-0.19387,-0.18982,0.86,-0.65274,-0.6267,0.3051,-0.98572,0.26737,-0.55636,-0.71564,0.2172,0.36405,-0.64804,0.4264,0.07105,0.95753,0.9792,-0.24304,0.32983,0.70504,-0.58468,0.074838,-0.15173,0.76053,-0.73121,-0.75113,0.891,0.88218,-0.5304,-0.41515,-0.18151,0.85795,0.5237,-0.11271,-0.16968,-0.33658,0.53198,-0.050819,0.87033,-0.3517,-0.38955,0.82943,-0.96084,-0.70444,0.94478,0.11619,-0.86729,-0.6583,-0.17809,-0.49395,0.49028,0.19154,0.29436,-0.5034,0.4653,-0.21582,-0.25849,-0.11783,0.50949,0.90615,-0.58745,-0.069332,-0.28254,-0.76388,0.39699
-0.7319,0.21317,0.63553,0.2973,-0.60295,0.28614,0.71507,-0.12579,-0.12376,-0.14486,0,0.60406,-0.38297,0.99376,0.13872,-0.32869,-0.5056,0.79785,-0.12835,-0.60885,-0.20892,0.96078,0.054659,0.11428,-0.61252,-0.68244,-0.78699,0.59635,-0.53929,0.64366,-0.3382,-0.53122,-0.16755,-0.16357,0.85287,-0.0076964,-0.932,-0.46433,-0.98482,0.032979,-0.83277,0.046175,0.44663,0.0029734,0.58847,-0.66926,-0.3569,0.892,-0.12238,-0.93601,-0.20125,0.78003,0.67974,0.94901,-0.99254,0.058269,0.78842,0.42031,0.066336,0.89205,-0.52371,-0.87953,-0.76841,0.69615,-0.77357,0.44952,0.76343,-0.31077,-0.7984,0.35613,0.29404,-0.80393,-0.69023,-0.87264,-0.77073,-0.38492,0.74641,-0.22062,0.26308,-0.8688,0.40575,-0.80795,-0.4438,0.34455,0.63446,-0.35855,0.99826,-0.20675,-0.34399,-0.83732,0.75536,0.40068,-0.42534,-0.68708,0.5126,-0.84144,-0.17174,-0.03045,-0.36023,0.15752,-0.41928,-0.32822,-0.23895,-0.98012,0.39078
-0.45047,-0.20289,0.84554,-0.63779,-0.89772,0.52021,0.99701,-0.98943,-0.46338,-0.1433,0.60406,0,0.60364,0.9534,-0.54717,-0.19649,0.16899,0.89132,-0.40463,0.92955,-0.068204,-0.93988,-0.67584,0.31838,0.86171,0.86976,0.39266,-0.59205,0.018625,0.45935,-0.44237,0.78962,0.3159,-0.50695,-0.18373,0.86012,0.91893,-0.74845,-0.47728,0.31774,0.20996,0.45358,0.57341,0.13502,0.50797,0.82326,0.48583,-0.094117,0.97267,0.71945,0.65368,-0.80394,0.35213,0.21099,0.39017,0.9971,0.81381,-0.29708,-0.79566,-0.41646,0.71349,-0.54804,0.56225,0.52308,0.64435,0.70108,0.18885,0.21488,0.70548,0.46464,0.85184,-0.77229,-0.85064,-0.59344,0.3127,0.75774,0.049785,-0.58323,0.22277,-0.78055,0.18393,-0.34677,-0.64776,-0.39584,0.57092,-0.81286,-0.57725,-0.24032,0.62539,-0.23717,0.83737,-0.18166,0.79909,-0.97987,0.066846,-0.57593,0.62167,-0.94196,0.9793,-0.5739,-0.61035,0.089756,-0.095057,0.50914,0.77201
0.76343,0.57921,-0.097153,0.77438,0.036992,-0.7679,0.49146,-0.30133,0.20238,0.76191,-0.38297,0.60364,0,0.10188,-0.79895,0.78989,0.89984,-0.87601,-0.36584,0.1455,-0.94119,0.64413,-0.31439,0.15077,-0.49834,0.54534,0.38982,-0.19062,-0.90217,0.76926,0.88216,0.94017,-0.74378,0.5345,0.35729,-0.37567,-0.48467,0.40074,-0.35468,-0.71221,0.8221,-0.34526,-0.44074,-0.75178,-0.71869,0.29671,-0.81431,0.43382,0.57138,0.96727,-0.18614,0.87384,-0.31697,-0.0096951,-0.85126,-0.46912,-0.83998,-0.9779,0.25773,0.79665,0.82137,-0.27182,-0.99158,-0.55328,0.50041,0.9981,0.26317,-0.59814,0.23005,-0.38188,0.84671,0.51611,-0.51791,-0.96954,0.92734,0.18726,-0.44614,-0.97307,0.81584,0.25527,-0.013576,-0.44641,0.10482,-0.64603,0.72988,-0.97923,-0.17976,-0.87152,-0.13548,0.01199,-0.6955,0.29853,-0.84852,0.86514,0.29116,-0.36215,0.60049,-0.26039,0.62415,-0.41236,0.83001,-0.32382,0.39994,-0.50048,0.4462
-0.085689,0.69598,0.091282,0.2031,0.92814,-0.38828,-0.77245,-0.10656,-0.39269,0.1296,0.99376,0.9534,0.10188,0,-0.87407,-0.80605,-0.70162,0.56127,-0.41116,0.46231,-0.58145,0.70576,0.98749,0.32215,0.51927,-0.33804,0.44153,0.65532,-0.92168,0.96968,0.24344,-0.39517,-0.27798,0.50246,0.29039,-0.66221,-0.39758,0.80359,-0.48839,-0.92061,-0.93683,0.28821,0.7513,-0.77805,-0.37101,-0.50559,-0.6842,-0.3656,0.077925,0.53777,-0.48622,0.21083,0.88369,-0.22884,-0.55144,0.76833,0.58653,-0.24831,0.6663,0.48894,-0.41123,0.92106,0.66541,0.96471,-0.73203,0.55558,0.61128,-0.27538,0.66273,-0.0048292,-0.77682,-0.31331,-0.22306,0.44819,-0.69071,-0.68814,0.31859,0.86013,0.37403,0.83943,-0.48581,-0.17347,0.14664,0.39461,-0.75222,-0.82545,-0.46756,0.74819,0.64688,-0.14227,-0.57721,-0.84929,0.25807,-0.28942,-0.92711,0.074651,-0.48559,-0.38407,-0.36488,-0.27153,-0.20022,-0.93372,-0.33451,0.56364,0.025419
-0.12001,0.32197,-0.64841,-0.80863,-0.97102,-0.61544,0.25337,-0.54754,0.11269,-0.27744,0.13872,-0.54717,-0.79895,-0.87407,0,-0.83795,-0.95939,-0.99386,-0.35063,0.62259,-0.31886,-0.83821,-0.26397,-0.28402,-0.69181,-0.3548,-0.38225,0.55737,-0.26829,-0.73144,0.25842,-0.84632,0.91778,0.20329,-0.48802,-0.59583,0.78498,0.41046,-0.27049,-0.14878,0.69042,-0.14359,0.28755,-0.29928,-0.9022,0.73277,-0.81686,-0.34187,0.67429,-0.89504,-0.0065913,0.42756,-0.77172,0.15347,0.33202,-0.34513,0.40714,0.037289,0.20598,-0.81875,-0.46937,0.16469,0.48504,-0.095416,-0.74556,0.55856,-0.96628,-0.10122,0.10079,-0.37749,0.60961,0.01159,0.82479,0.66017,-0.76946,-0.43544,-0.3487,0.92626,0.31728,0.60218,-0.79421,0.57438,-0.94799,-0.10667,-0.79818,0.29953,0.57185,0.39902,-0.18115,0.028028,0.065705,-0.41748,0.14161,-0.98888,-0.20447,-0.68689,0.30895,0.13451,-0.9039,0.6506,0.16287,0.3187,0.77995,0.099636,-0.93431
-0.38852,0.68189,0.50143,0.58521,0.20145,0.36971,0.23094,-0.5759,-0.21905,-0.2863,-0.32869,-0.19649,0.78989,-0.80605,-0.83795,0,-0.62799,0.63248,-0.23594,-0.61047,-0.90586,0.66145,0.55327,-0.75627,0.99224,-0.31642,-0.016438,-0.97029,0.45452,0.95033,0.77098,0.14996,-0.23817,0.61626,-0.33886,0.58323,-0.76447,-0.50707,0.076227,0.64291,-0.6231,0.020083,0.39187,0.42875,0.57815,-0.51305,-0.81736,0.79518,0.14958,-0.327,-0.87408,-0.87178,0.080869,-0.021928,-0.29146,-0.21633,-0.23779,-0.48284,-0.8487,-0.81915,0.65305,-0.82317,-0.75317,-0.98112,-0.2913,0.8748,0.24358,-0.52254,-0.19999,-0.33226,0.87977,0.3034,-0.17386,-0.35886,0.34257,-0.46197,0.59189,-0.44687,0.81946,-0.70542,0.36888,0.35114,0.22484,0.703,0.16609,0.56603,-0.74857,-0.94777,-0.062249,-0.47568,-0.7884,0.55409,0.62456,0.12971,0.82279,0.66748,-0.45103,0.2453,-0.95254,-0.68909,0.96142,-0.21189,0.26134,0.56807,0.76121
0.8786,-0.63444,0.47437,0.79489,-0.25634,-0.72761,0.56688,-0.091129,0.42049,-0.86026,-0.5056,0.16899,0.89984,-0.70162,-0.95939,-0.62799,0,-0.62793,0.46394,-0.42961,-0.24595,-0.94931,0.68697,0.68391,0.70485,-0.45531,-0.61914,0.79554,-0.30439,-0.47167,-0.27994,0.31706,-0.75457,-0.2909,-0.58765,-0.057375,0.62002,-0.46538,0.040705,-0.25346,-0.089381,0.97546,-0.91147,-0.46139,-0.69205,-0.014896,0.22676,0.93603,0.26996,0.9558,0.28214,-0.23366,-0.71786,0.80469,-0.013823,0.72202,-0.12569,-0.12018,0.48284,-0.62078,-0.57601,-0.20193,-0.89419,-0.43431,0.012565,0.65124,0.36258,0.11152,0.84279,-0.86105,0.84839,0.3779,0.18311,0.50152,-0.7649,0.63399,-0.15998,0.071861,-0.87478,0.85719,-0.76166,0.87636,0.26811,-0.12395,0.98451,-0.4648,-0.26144,0.86244,-0.64761,-0.69528,0.15475,0.95972,0.4129,0.48609,-0.43322,-0.901,-0.4068,-0.39434,-0.93704,-0.6486,0.49996,-0.625,-0.88976,-0.50595,0.54527
0.96971,-0.045989,0.6437,0.75538,0.77591,0.52671,0.75671,0.62758,-0.69459,-0.98077,0.79785,0.89132,-0.87601,0.56127,-0.99386,0.63248,-0.62793,0,0.38285,0.10477,-0.5101,-0.62913,0.61217,-0.35904,0.019137,-0.31663,-0.043763,0.12802,0.99631,0.48256,0.43193,0.98404,-0.41992,0.97515,-0.047681,-0.084025,-0.60933,0.061336,0.65525,0.33459,0.91605,-0.89304,0.24069,0.32695,-0.28376,0.71844,-0.31752,0.37797,-0.39811,-0.95372,0.036039,0.54484,-0.7892,-0.35028,-0.30676,-0.57901,-0.45311,0.43674,0.27815,-0.27706,-0.16244,-0.29688,-0.013667,0.35183,-0.10773,-0.68285,0.25386,0.94507,-0.038801,-0.78489,0.75811,0.97276,-0.97536,0.77015,-0.098511,0.65349,0.84874,-0.33546,0.9053,-0.022116,0.43012,-0.80419,0.2174,0.83477,0.84411,-0.75602,0.24582,0.35374,0.019162,-0.68705,-0.60439,-0.98288,0.98779,0.4988,-0.044638,0.40339,-0.85633,0.42073,-0.13558,-0.60114,-0.0056384,0.93439,-0.95318,-0.52587,-0.49503
-0.29799,-0.38399,-0.97613,0.56296,-0.71297,-0.020293,-0.17572,-0.58693,-0.082471,-0.60956,-0.12835,-0.40463,-0.36584,-0.41116,-0.35063,-0.23594,0.46394,0.38285,0,0.16979,-0.226,-0.27395,0.42728,0.6967,0.34504,-0.21643,0.73384,-0.95789,0.097447,-0.46558,0.38673,-0.31783,-0.40164,-0.98482,0.50144,-0.49837,-0.31949,0.87314,0.40605,0.53099,-0.15693,0.51493,-0.16333,-0.9206,0.52947,0.83017,-0.24111,0.40836,0.89805,0.71923,-0.54561,-0.81132,-0.40703,0.098193,0.88353,0.41111,0.62782,-0.83694,0.83628,-0.92684,0.074913,-0.32334,-0.84987,0.77189,-0.30998,-0.82614,0.19591,-0.074022,0.70501,-0.68751,0.23605,-0.67332,0.53543,0.19373,0.72709,0.14166,-0.2252,0.97681,0.68322,-0.052136,0.99584,0.51851,-0.6591,-0.012316,-0.81368,0.54321,0.90081,0.84646,-0.32783,-0.6709,-0.36372,0.59803,0.57505,0.27723,-0.91734,0.89045,0.72145,-0.53263,0.43391,-0.93857,0.83983,0.057399,0.84807,-0.46706,-0.13596
-0.27407,0.28036,0.34461,0.5511,0.67456,0.73302,-0.10856,0.36591,-0.70635,0.86334,-0.60885,0.92955,0.1455,0.46231,0.62259,-0.61047,-0.42961,0.10477,0.16979,0,-0.95467,0.66021,0.30472,0.74964,0.88849,0.14352,0.53752,0.73121,0.34602,0.24017,0.808,0.24703,0.5195,0.13153,-0.017195,0.79483,-0.46851,-0.14144,-0.19927,-0.83997,0.32336,-0.17129,-0.41342,-0.89638,0.54051,-0.82681,0.58663,0.69174,-0.152,0.079074,0.90577,-0.61645,-0.49481,-0.89282,-0.26551,-0.13886,-0.52167,-0.8797,-0.71656,-0.14747,-0.40193,0.53672,0.065266,0.52821,-0.04447,-0.73069,-0.44819,0.89654,-0.64192,0.55989,0.94396,0.68235,0.071456,-0.077435,-0.44661,-0.20872,0.55552,-0.15971,0.3292,0.28598,-0.58096,0.66752,0.39492,-0.17883,0.78919,0.96494,-0.16212,0.94305,-0.38453,-0.44088,-0.87578,-0.52196,0.68654,0.9744,-0.44391,0.81164,0.36039,0.93392,-0.092721,-0.85883,-0.91197,-0.12021,-0.67012,0.50399,-0.48838
0.98263,-0.97008,0.92072,-0.76976,0.33722,-0.47229,-0.74215,0.7514,-0.36365,0.7564,-0.20892,-0.068204,-0.94119,-0.58145,-0.31886,-0.90586,-0.24595,-0.5101,-0.226,-0.95467,0,-0.84593,0.88621,-0.87235,-0.17559,-0.68996,-0.11776,-0.014347,-0.49246,-0.83879,-0.5542,-0.81433,-0.21748,0.17788,0.59528,0.83714,-0.29413,0.75726,0.80553,-0.045929,0.83674,0.97484,-0.61855,-0.83276,0.12353,-0.81432,0.96927,-0.34957,0.049691,0.98108,0.70482,0.64932,0.21318,-0.097631,0.24035,-0.053456,-0.50434,0.51124,0.7163,-0.21375,-0.94007,-0.76631,0.47691,0.90738,-0.46843,0.84498,-0.57274,0.15069,-0.68843,-0.78586,-0.95886,-0.7036,-0.70316,0.2821,-0.57228,0.16744,-0.94713,0.9394,0.19756,-0.61108,0.87823,0.54339,-0.6295,0.30228,-0.50488,-0.6182,-0.6459,-0.25504,-0.89548,0.42974,0.39586,-0.92329,-0.4074,0.57993,0.82778,-0.43157,0.82373,-0.63763,-0.41358,0.11116,-0.80306,-0.16702,0.0059497,0.24288,-0.28877
-0.218,0.57162,0.95225,-0.98892,-0.30327,-0.41432,-0.099592,0.72532,-0.14513,0.65767,0.96078,-0.93988,0.64413,0.70576,-0.83821,0.66145,-0.94931,-0.62913,-0.27395,0.66021,-0.84593,0,-0.45666,0.98845,0.78866,0.31897,0.58593,0.7875,-0.23178,-0.59909,0.79034,0.74324,-0.737,-0.33187,0.27968,0.6119,0.27487,-0.36892,-0.91695,0.86717,-0.13928,0.8151,0.16917,-0.10883,0.44249,-0.7713,-0.55527,0.91579,0.62353,-0.0074262,0.045051,0.75428,0.97111,-0.18442,0.53985,-0.88772,0.65977,-0.685,0.49013,-0.83827,0.45458,0.60928,0.045138,-0.35013,0.92824,0.0094087,-0.23991,0.17953,-0.51565,-0.67999,-0.53276,-0.44925,0.99655,0.66274,-0.63219,0.55897,0.64112,-0.17304,-0.40237,0.034881,-0.22277,0.69143,0.82302,-0.4361,-0.46068,-0.086928,0.95215,-0.60687,0.76669,-0.35764,-0.028435,0.40656,0.46823,-0.89605,0.6656,0.79288,-0.68078,-0.46482,-0.51617,0.3733,0.87502,-0.17133,-0.35693,0.41379,0.81324
-0.72864,0.72463,-0.073745,-0.59079,-0.83706,-0.022875,0.95977,-0.83908,-0.51866,0.98671,0.054659,-0.67584,-0.31439,0.98749,-0.26397,0.55327,0.68697,0.61217,0.42728,0.30472,0.88621,-0.45666,0,-0.98843,-0.79742,0.36292,-0.028887,-0.37769,-0.32478,0.43551,-0.76342,-0.22516,-0.54394,-0.82212,-0.83605,-0.21097,0.065494,0.16762,-0.50267,0.80073,0.8201,0.37904,0.54849,-0.68082,0.62916,-0.79738,0.49643,-0.72656,0.65557,0.77941,-0.60353,0.6032,0.075535,-0.93119,-0.085063,0.65184,-0.21122,-0.01153,-0.2579,-0.084795,-0.034131,0.46978,-0.96574,0.30544,0.52533,-0.095224,0.87303,0.65974,0.53836,0.21348,0.63652,-0.96528,-0.28414,-0.30589,-0.47942,-0.17442,0.76009,0.25361,0.765,0.3548,0.22774,0.55109,0.15869,0.41069,0.16298,0.65992,-0.0021358,-0.33955,-0.13232,0.24202,0.98168,-0.50415,-0.38589,0.63464,-0.63031,-0.44477,0.64063,-0.11495,0.80581,0.51106,-0.85955,-0.95964,-0.14986,0.15095,-0.957
-0.5562,0.83168,-0.35312,-0.10102,0.71818,-0.85979,-0.58334,0.92655,-0.556,-0.0023304,0.11428,0.31838,0.15077,0.32215,-0.28402,-0.75627,0.68391,-0.35904,0.6967,0.74964,-0.87235,0.98845,-0.98843,0,0.90788,0.43611,-0.69483,-0.85708,-0.24934,0.62778,-0.55207,-0.93031,0.26543,-0.92401,0.20265,-0.30205,0.79531,-0.92741,-0.88052,0.15114,-0.26948,-0.56075,-0.46133,0.78498,-0.36669,-0.86543,0.3306,-0.15796,0.21042,0.82152,0.27328,-0.047193,0.50175,0.67558,0.35325,0.47963,-0.66227,-0.60723,-0.97792,0.9462,-0.31234,0.63933,0.3439,-0.95959,-0.11913,-0.98868,0.60555,-0.55408,-0.080178,-0.017818,-0.60721,-0.91164,-0.81083,-0.8781,-0.4963,0.53207,0.15149,-0.31919,0.98771,-0.15361,0.73041,-0.76523,0.39825,0.19866,-0.85217,-0.61888,0.77012,0.26683,-0.060974,0.90864,0.84232,0.90597,-0.25091,0.48111,0.25744,-0.36135,-0.85975,-0.31458,-0.10224,-0.64664,-0.30818,0.52885,0.685,0.028932,0.29792
0.31968,0.97113,0.66496,-0.36422,0.19256,-0.86014,-0.12596,0.11302,-0.33049,0.9903,-0.61252,0.86171,-0.49834,0.51927,-0.69181,0.99224,0.70485,0.019137,0.34504,0.88849,-0.17559,0.78866,-0.79742,0.90788,0,-0.25743,-0.55355,0.84846,0.85011,-0.75628,0.68333,-0.11972,-0.94457,-0.67943,-0.16491,-0.42436,-0.89922,0.67744,-0.33462,0.84457,-0.57237,-0.2409,0.72137,0.44115,0.59688,-0.80825,0.011888,0.3575,-0.41589,0.13706,0.063265,-0.41687,0.54464,0.41977,0.70456,-0.89815,0.46318,0.97437,-0.678,-0.16972,-0.014455,-0.1465,0.21906,-0.13704,-0.69165,0.55675,0.17196,-0.11784,-0.78303,0.37077,-0.901,0.9241,0.7418,-0.12331,0.018813,0.85122,0.26354,-0.34979,0.30846,-0.039667,-0.45362,0.12911,0.1268,-0.27656,0.75251,-0.61362,-0.89899,-0.60992,-0.070576,0.62468,-0.15534,-0.76993,0.8025,0.32997,-0.76846,-0.78474,0.97918,-0.46074,-0.50782,0.33522,-0.79192,0.35255,-0.78072,-0.051204,0.025817
-0.22933,0.34924,0.50523,0.068905,0.91621,0.16052,-0.64808,0.45498,-0.72451,0.85365,-0.68244,0.86976,0.54534,-0.33804,-0.3548,-0.31642,-0.45531,-0.31663,-0.21643,0.14352,-0.68996,0.31897,0.36292,0.43611,-0.25743,0,-0.72606,0.94367,0.095689,-0.92892,0.19054,-0.12909,-0.68816,0.43175,0.47549,0.05598,-0.22489,-0.31989,-0.93997,0.39932,0.54756,-0.6235,-0.50788,0.27247,-0.38193,-0.10083,-0.17939,-0.86243,0.98926,-0.11181,-0.10369,-0.13266,0.32719,0.26006,-0.99931,-0.22907,-0.099478,-0.40312,-0.58893,-0.61442,-0.8993,-0.27956,0.20624,0.74893,0.28051,0.69372,0.81782,0.81996,-0.96226,0.28136,0.096651,0.8477,0.94519,-0.87263,-0.2777,0.32083,0.97491,-0.70457,-0.15529,0.44708,0.97826,0.22926,0.80581,-0.52536,-0.63982,0.8387,-0.12437,0.55492,-0.54743,0.9769,-0.58803,-0.48425,-0.33341,0.44497,0.93,0.63407,0.56835,0.58969,0.33432,0.76142,-0.58003,-0.77382,-0.12967,0.52178,-0.69283
-0.66595,0.74832,-0.64063,-0.82615,0.76558,-0.89081,0.45941,0.87908,-0.62069,-0.43349,-0.78699,0.39266,0.38982,0.44153,-0.38225,-0.016438,-0.61914,-0.043763,0.73384,0.53752,-0.11776,0.58593,-0.028887,-0.69483,-0.55355,-0.72606,0,-0.45622,0.42582,0.42716,0.47675,0.26949,0.19775,-0.88332,-0.059718,-0.75542,-0.38423,0.97658,-0.68542,-0.98467,0.069769,-0.27491,0.28691,-0.51565,-0.91955,-0.468,-0.2843,-0.65571,0.90185,-0.99308,-0.25968,-0.23437,0.21758,0.10705,0.77223,-0.48987,0.072324,0.5775,0.6689,0.77948,0.45743,0.47359,0.11405,-0.035607,0.46244,-0.25302,0.3754,-0.7505,-0.99889,0.29941,-0.35119,-0.081009,-0.23848,0.45312,-0.10401,-0.19031,-0.23245,0.75779,0.92137,0.9359,0.96865,0.75327,-0.044517,-0.76557,0.15,0.4531,-0.78374,-0.30575,-0.48932,-0.17871,-0.44832,-0.86857,-0.76068,-0.39366,-0.33699,-0.090829,-0.52187,-0.30996,0.36223,0.68002,0.86957,0.07134,-0.72173,-0.45136,-0.033503
-0.55811,0.22073,0.94532,0.15219,0.71931,-0.12556,0.12504,0.0092368,-0.93803,-0.30152,0.59635,-0.59205,-0.19062,0.65532,0.55737,-0.97029,0.79554,0.12802,-0.95789,0.73121,-0.014347,0.7875,-0.37769,-0.85708,0.84846,0.94367,-0.45622,0,0.80637,0.81124,-0.016505,0.40648,-0.019729,-0.67647,0.43171,-0.96294,-0.57657,0.016115,-0.12864,0.54598,-0.83808,0.98877,-0.21931,0.80491,-0.29181,-0.86242,0.89431,-0.54388,-0.75855,-0.32457,-0.14368,-0.18635,-0.40932,-0.7504,0.47253,-0.068322,0.70593,-0.19681,-0.82809,-0.78505,-0.19219,0.9924,-0.73314,-0.93259,0.78376,-0.48122,0.15541,0.066916,-0.44279,-0.6148,0.10015,0.37239,-0.9262,0.53201,-0.37434,0.53199,-0.68742,-0.19747,-0.34496,-0.013064,-0.14826,0.95854,0.84657,0.64972,0.064432,-0.42881,-0.66244,-0.092435,-0.61665,0.87197,0.91925,0.17194,-0.79645,0.63917,0.52897,-0.4773,-0.90885,0.90138,-0.53401,-0.8952,0.38344,-0.9289,0.048754,-0.43668,0.69258
-0.7927,-0.69747,0.94492,-0.88365,0.20861,0.78791,-0.85908,-0.92082,-0.66818,0.72877,-0.53929,0.018625,-0.90217,-0.92168,-0.26829,0.45452,-0.30439,0.99631,0.097447,0.34602,-0.49246,-0.23178,-0.32478,-0.24934,0.85011,0.095689,0.42582,0.80637,0,-0.011528,0.19944,0.92324,0.97392,0.80745,0.7686,0.5518,-0.39397,-0.07248,0.84257,0.38589,-0.84878,-0.49341,0.1318,-0.54692,0.73661,-0.5259,-0.30745,0.24145,0.38312,-0.063289,0.58801,0.13951,0.17438,0.16485,-0.86567,0.424,-0.56076,0.84675,-0.80928,0.81523,0.063412,-0.074453,0.29658,-0.80032,-0.41058,0.69461,0.68503,-0.098316,0.16043,-0.04583,0.54163,-0.89815,0.92408,0.76084,0.60739,-0.25837,0.042945,0.18179,0.17024,0.54472,0.30125,0.48279,0.10729,0.3814,0.46598,-0.78975,0.69512,-0.38902,-0.55292,0.139,0.44705,-0.15714,0.67464,0.59237,-0.48056,0.75545,0.18154,-0.70543,0.40884,-0.13359,-0.11072,0.22576,-0.4025,0.97195,0.58604
0.47319,-0.36304,-0.7301,-0.42119,0.81192,-0.31747,-0.0083273,-0.38534,-0.82154,-0.069982,0.64366,0.45935,0.76926,0.96968,-0.73144,0.95033,-0.47167,0.48256,-0.46558,0.24017,-0.83879,-0.59909,0.43551,0.62778,-0.75628,-0.92892,0.42716,0.81124,-0.011528,0,-0.53904,-0.48601,-0.76774,-0.59285,0.10338,0.47114,0.1833,0.37356,0.90976,0.16868,-0.53788,0.56712,-0.1688,-0.77209,-0.72079,0.85202,0.83159,-0.98162,-0.90955,0.082664,0.66196,0.82543,-0.4865,-0.19381,-0.55584,0.52908,-0.18259,-0.78048,-0.9776,-0.62274,-0.2294,0.59188,0.69049,-0.69688,-0.93515,0.041327,-0.88846,-0.77243,-0.10856,0.47588,-0.24176,0.44491,0.81702,-0.74202,0.35326,-0.53319,-0.40279,0.30441,0.94691,-0.8464,-0.05234,0.30661,-0.75532,0.031896,-0.86646,-0.79283,0.057448,0.50215,-0.095049,0.57435,0.88538,0.010879,0.10056,0.83403,0.29889,0.84572,-0.531,0.34738,-0.022527,0.05082,-0.83531,0.11404,-0.89969,-0.67473,-0.40057
0.98811,-0.10188,-0.92925,0.63569,0.089109,0.89542,0.42955,0.27303,0.49919,-0.21859,-0.3382,-0.44237,0.88216,0.24344,0.25842,0.77098,-0.27994,0.43193,0.38673,0.808,-0.5542,0.79034,-0.76342,-0.55207,0.68333,0.19054,0.47675,-0.016505,0.19944,-0.53904,0,0.041512,0.65651,0.017849,0.57369,0.33878,-0.45819,-0.73413,0.84743,0.12083,-0.46017,0.27829,0.30212,0.5772,-0.073541,-0.083744,-0.28952,0.1859,0.90498,-0.53567,0.49906,0.89,0.17884,-0.72694,-0.64483,0.88141,-0.41825,0.077693,-0.30797,0.98733,0.059944,-0.26895,-0.34477,0.8416,0.99929,0.76194,0.31266,0.68104,-0.5823,-0.65565,-0.4851,-0.5115,-0.87769,0.2182,0.27993,-0.50621,-0.70755,0.9643,0.82148,0.99392,-0.64661,0.57507,0.60871,-0.036004,0.48771,-0.085786,0.05218,-0.68647,-0.66343,0.3391,0.56586,-0.37375,-0.70152,0.4005,0.53241,-0.28481,-0.53046,0.13586,-0.22905,-0.12762,0.72843,-0.86053,-0.51169,0.53332,-0.87188
-0.16948,0.87179,0.41487,0.083872,-0.51276,0.95108,-0.70175,0.015779,0.4153,-0.21408,-0.53122,0.78962,0.94017,-0.39517,-0.84632,0.14996,0.31706,0.98404,-0.31783,0.24703,-0.81433,0.74324,-0.22516,-0.93031,-0.11972,-0.12909,0.26949,0.40648,0.92324,-0.48601,0.041512,0,0.053877,0.51772,-0.65836,-0.099052,-0.39551,-0.63172,-0.61082,0.12458,0.23056,0.17749,-0.4799,-0.63746,-0.41488,-0.57665,-0.37431,0.96574,0.42085,0.14021,-0.021594,0.22565,0.85806,-0.32356,0.79028,-0.099395,0.27557,-0.83922,0.74955,-0.80109,0.34402,0.69643,-0.62567,0.10852,0.15194,0.5442,0.68209,-0.73849,-0.11488,0.25867,0.80838,-0.42887,0.59117,0.86094,0.42308,-0.59054,0.020122,0.12078,-0.97673,0.67322,-0.54782,-0.36945,0.84859,-0.35016,0.32292,-0.28736,-0.54464,0.61036,-0.71607,0.0080621,-0.17456,-0.075175,0.2153,0.40191,0.88924,-0.88023,-0.74781,0.81624,-0.26804,-0.49781,0.10403,0.81877,-0.28181,-0.16043,0.16947
-0.059913,0.44322,0.62832,-0.51946,0.081224,-0.14975,-0.14241,0.11768,0.23281,-0.28191,-0.16755,0.3159,-0.74378,-0.27798,0.91778,-0.23817,-0.75457,-0.41992,-0.40164,0.5195,-0.21748,-0.737,-0.54394,0.26543,-0.94457,-0.68816,0.19775,-0.019729,0.97392,-0.76774,0.65651,0.053877,0,0.71973,0.18742,-0.20244,0.14205,-0.6252,0.76794,-0.49818,0.87892,0.63849,-0.8971,-0.98917,-0.91026,-0.4405,-0.50425,-0.62692,-0.36049,-0.17919,0.47389,0.82298,0.9079,-0.00081798,0.59803,-0.12158,0.19254,-0.31998,0.2603,-0.59799,0.73107,-0.25478,0.51279,0.5835,-0.4995,0.93913,0.94694,-0.42711,-0.17894,-0.19492,0.21702,-0.79805,-0.75183,0.48155,-0.3868,-0.60826,0.79924,-0.67481,0.59448,0.38188,-0.32978,-0.36119,-0.21107,-0.74039,-0.93508,-0.29575,0.75328,0.30162,0.88155,-0.65012,0.17223,-0.19864,0.87489,-0.024371,0.80824,-0.638,-0.065804,0.81872,-0.15544,-0.96333,0.93561,0.01158,-0.035227,0.041331,-0.61216
0.19648,0.38433,0.76502,-0.60631,-0.35105,0.029939,-0.82577,0.32886,0.93955,-0.73976,-0.16357,-0.50695,0.5345,0.50246,0.20329,0.61626,-0.2909,0.97515,-0.98482,0.13153,0.17788,-0.33187,-0.82212,-0.92401,-0.67943,0.43175,-0.88332,-0.67647,0.80745,-0.59285,0.017849,0.51772,0.71973,0,0.25473,-0.12842,0.42582,0.76318,0.84044,-0.51858,-0.62459,0.62125,-0.54065,-0.52884,0.57174,-0.49181,-0.082921,-0.94055,0.57849,-0.7216,0.88118,0.83382,0.91174,0.58557,-0.17499,-0.92062,0.057047,0.04985,0.65568,-0.076213,0.073149,-0.53901,0.65715,0.27263,-0.38038,-0.96777,0.62009,0.17375,-0.81946,0.89717,0.71707,0.75918,-0.21454,0.65437,0.9773,-0.52024,0.094769,-0.35701,-0.13861,-0.14868,0.67906,-0.42052,0.0024424,0.49015,-0.036867,-0.0012837,-0.88719,-0.21932,0.34887,-0.51916,-0.11248,0.42267,0.795,-0.48065,-0.86673,-0.27458,-0.12887,0.38908,0.51353,0.703,0.080312,0.19845,0.73044,-0.57373,0.94692
0.86398,-0.91303,-0.13569,0.20233,0.63089,-0.44095,-0.16792,0.97203,0.49711,-0.53624,0.85287,-0.18373,0.35729,0.29039,-0.48802,-0.33886,-0.58765,-0.047681,0.50144,-0.017195,0.59528,0.27968,-0.83605,0.20265,-0.16491,0.47549,-0.059718,0.43171,0.7686,0.10338,0.57369,-0.65836,0.18742,0.25473,0,0.53674,0.00060964,0.5511,-0.26533,0.30463,-0.56031,0.25738,-0.41113,0.77342,-0.074038,-0.56069,-0.7131,-0.2442,0.11186,0.17556,-0.016358,0.2901,-0.98499,0.40698,0.22963,-0.095788,-0.43782,-0.2983,-0.36039,0.63035,-0.32601,-0.11968,0.63511,-0.29592,-0.034602,0.39477,-0.78077,-0.11694,0.40353,-0.070677,-0.74618,-0.11762,0.58408,0.014372,0.88566,0.10382,-0.46843,-0.80849,-0.63185,0.2345,0.96468,-0.71561,0.23317,-0.78612,0.42751,0.42111,0.29204,-0.23361,-0.89488,-0.079575,0.22193,-0.82814,-0.31098,0.33512,-0.22408,0.094323,0.80885,0.41454,-0.093535,-0.81661,0.3186,0.5038,-0.20748,-0.70528,0.86376
-0.42325,-0.71049,0.34645,-0.062278,-0.87311,-0.98459,-0.97393,-0.45399,0.34062,-0.076149,-0.0076964,0.86012,-0.37567,-0.66221,-0.59583,0.58323,-0.057375,-0.084025,-0.49837,0.79483,0.83714,0.6119,-0.21097,-0.30205,-0.42436,0.05598,-0.75542,-0.96294,0.5518,0.47114,0.33878,-0.099052,-0.20244,-0.12842,0.53674,0,-0.44907,-0.136,0.70437,-0.01143,-0.58966,-0.94575,-0.60968,-0.69028,0.66537,-0.0012619,-0.10597,0.96968,0.7577,0.76385,0.36058,0.57637,-0.41221,0.59874,0.36084,0.91383,0.34425,-0.1897,0.37688,-0.93617,-0.2435,-0.33788,-0.17071,0.68124,-0.331,0.3225,-0.045797,-0.1795,0.35768,-0.20047,0.65669,0.9505,-0.2455,-0.45096,0.96727,-0.59151,0.14385,-0.32649,0.28774,0.27966,-0.49123,0.42063,0.36531,-0.23403,0.022434,0.31559,-0.90738,0.62952,-0.21832,0.64498,0.038095,0.28487,-0.18185,-0.0092064,-0.20703,0.30367,-0.65716,-0.65794,0.19597,-0.35164,0.92195,-0.40213,-0.34555,0.78189,0.65695
0.0038091,0.32495,0.72673,0.10028,0.76111,-0.89743,0.019489,-0.1768,0.18172,-0.076298,-0.932,0.91893,-0.48467,-0.39758,0.78498,-0.76447,0.62002,-0.60933,-0.31949,-0.46851,-0.29413,0.27487,0.065494,0.79531,-0.89922,-0.22489,-0.38423,-0.57657,-0.39397,0.1833,-0.45819,-0.39551,0.14205,0.42582,0.00060964,-0.44907,0,-0.57741,0.012711,0.565,-0.82301,0.13466,0.080467,-0.92082,-0.45166,-0.38206,-0.8856,-0.081073,0.085218,-0.2886,-0.23617,0.42364,-0.40703,0.48967,-0.64683,-0.25588,-0.32539,0.072557,0.67229,-0.74915,-0.61468,-0.94104,0.94482,0.56506,0.62414,-0.80256,0.91448,-0.27582,-0.31927,0.44917,-0.54427,-0.75513,-0.33487,-0.18089,-0.80251,-0.64203,-0.5272,0.7443,0.58541,-0.32841,-0.76934,0.50848,-0.026566,0.18886,-0.32127,0.10185,0.83357,-0.87665,0.51467,-0.56032,0.43639,-0.86195,0.50082,0.42087,0.54956,-0.2591,-0.97696,0.28399,-0.08386,0.04501,-0.99585,-0.6753,0.66849,0.65863,0.14635
-0.48476,0.79511,0.33423,-0.64332,-0.04194,-0.35501,0.48361,0.21346,0.44643,-0.32195,-0.46433,-0.74845,0.40074,0.80359,0.41046,-0.50707,-0.46538,0.061336,0.87314,-0.14144,0.75726,-0.36892,0.16762,-0.92741,0.67744,-0.31989,0.97658,0.016115,-0.07248,0.37356,-0.73413,-0.63172,-0.6252,0.76318,0.5511,-0.136,-0.57741,0,0.87347,-0.5637,0.10174,0.83766,0.20927,0.67129,0.44915,0.98361,0.10913,0.87176,0.49327,-0.76725,-0.5361,-0.72232,-0.4727,-0.89292,-0.43798,0.15629,0.47386,-0.88026,0.42124,-0.25099,0.28803,0.25875,0.46335,-0.67339,0.2569,0.13357,0.32331,-0.56388,0.72035,0.52762,0.2653,-0.18536,-0.48505,-0.86059,-0.091155,-0.77097,0.023573,0.055331,0.44147,-0.27175,-0.30404,0.24118,0.048466,-0.81067,-0.59989,-0.62373,-0.75455,-0.42146,-0.43701,-0.53742,-0.98073,-0.15995,0.91363,-0.71826,0.61824,-0.69926,-0.83886,0.19041,-0.93166,0.08426,-0.17161,0.94017,-0.40216,0.9684,0.036056
0.13181,-0.26173,-0.65444,0.99322,0.20659,-0.83178,-0.20345,0.7205,-0.14506,-0.62374,-0.98482,-0.47728,-0.35468,-0.48839,-0.27049,0.076227,0.040705,0.65525,0.40605,-0.19927,0.80553,-0.91695,-0.50267,-0.88052,-0.33462,-0.93997,-0.68542,-0.12864,0.84257,0.90976,0.84743,-0.61082,0.76794,0.84044,-0.26533,0.70437,0.012711,0.87347,0,-0.58478,0.16793,0.81198,-0.37701,0.10974,0.0039153,-0.27744,0.90419,-0.91671,-0.9341,0.15638,-0.33157,0.64381,0.86956,0.2352,-0.51246,-0.3942,0.82675,-0.35949,0.84983,-0.3767,-0.11937,0.22136,0.89955,-0.10164,0.62567,-0.58877,-0.81988,-0.63762,-0.43683,0.19492,-0.89165,-0.55716,-0.95741,-0.99096,-0.10041,0.45817,-0.9871,-0.12477,-0.42651,0.97185,0.84159,-0.34698,0.26491,-0.63964,0.91393,-0.58973,0.043898,-0.6189,0.83239,0.67041,-0.65009,-0.39017,0.22916,0.9938,0.29109,0.28998,0.16056,0.27207,0.13627,0.41738,-0.11917,0.93731,-0.61493,-0.75002,-0.75236
0.0098001,-0.36393,0.54603,-0.35871,-0.043227,-0.82425,0.74226,-0.31252,-0.85146,0.63581,0.032979,0.31774,-0.71221,-0.92061,-0.14878,0.64291,-0.25346,0.33459,0.53099,-0.83997,-0.045929,0.86717,0.80073,0.15114,0.84457,0.39932,-0.98467,0.54598,0.38589,0.16868,0.12083,0.12458,-0.49818,-0.51858,0.30463,-0.01143,0.565,-0.5637,-0.58478,0,-0.057243,-0.093493,0.96238,0.061975,-0.53884,-0.75872,-0.27121,-0.55346,-0.13838,0.94797,-0.15852,-0.80721,-0.77165,0.20069,0.92057,-0.096488,0.99273,-0.81092,-0.025721,0.065168,-0.80699,0.19428,0.99831,-0.34834,-0.70026,0.38144,-0.3733,-0.79918,0.087876,0.86822,0.16989,-0.08543,0.41163,-0.32976,-0.20477,-0.15982,-0.55296,0.76751,-0.37786,0.2982,0.067114,0.79591,0.87571,0.30427,-0.13979,-0.99918,-0.96547,-0.72513,0.43461,0.3823,0.28048,0.18197,-0.34529,0.73918,0.29385,0.47233,-0.60664,-0.48266,0.83412,0.10873,0.10945,-0.26669,0.82173,0.61196,-0.15209
-0.78277,-0.90232,-0.43271,-0.38096,-0.38982,0.5154,-0.90288,-0.16623,0.57377,-0.19387,-0.83277,0.20996,0.8221,-0.93683,0.69042,-0.6231,-0.089381,0.91605,-0.15693,0.32336,0.83674,-0.13928,0.8201,-0.26948,-0.57237,0.54756,0.069769,-0.83808,-0.84878,-0.53788,-0.46017,0.23056,0.87892,-0.62459,-0.56031,-0.58966,-0.82301,0.10174,0.16793,-0.057243,0,-0.10161,-0.27949,0.55666,-0.85879,-0.92582,-0.36748,-0.10406,-0.079986,0.035525,-0.4401,-0.54481,0.78732,0.60612,0.33448,0.41665,-0.74988,0.044142,0.70196,-0.17524,0.38308,-0.85784,0.15876,0.0050393,-0.78845,0.0084419,0.57617,0.45862,-0.6071,-0.79663,0.4466,-0.76556,-0.4247,0.54653,-0.31181,-0.57372,-0.92808,-0.46124,0.22297,0.75,0.75014,-0.81874,-0.45556,0.070442,-0.17148,-0.54295,-0.79449,-0.61875,0.89061,-0.99541,0.19882,-0.70067,0.01774,-0.040194,-0.29465,0.7751,-0.93475,-0.062038,0.052101,0.035182,-0.77867,-0.019797,0.5621,0.088808,0.48337
-0.85118,0.98653,0.56005,0.78743,-0.50216,0.91076,0.15069,0.68358,0.40097,-0.18982,0.046175,0.45358,-0.34526,0.28821,-0.14359,0.020083,0.97546,-0.89304,0.51493,-0.17129,0.97484,0.8151,0.37904,-0.56075,-0.2409,-0.6235,-0.27491,0.98877,-0.49341,0.56712,0.27829,0.17749,0.63849,0.62125,0.25738,-0.94575,0.13466,0.83766,0.81198,-0.093493,-0.10161,0,0.79698,-0.6517,0.72847,-0.88605,0.8987,-0.77225,0.83123,0.43272,0.43117,0.22102,0.78076,-0.76083,-0.19642,0.76423,0.5012,-0.45759,0.48871,-0.73265,0.56854,0.73605,0.77902,-0.097927,0.16808,-0.80062,0.44494,-0.96643,-0.58348,0.074591,-0.48305,-0.20156,-0.56031,0.84529,0.097289,-0.047826,-0.84134,0.37487,0.34153,0.12227,-0.18926,0.90579,0.74001,-0.2792,0.68244,-0.26341,0.58287,0.52358,0.11146,-0.41299,-0.16971,-0.27685,-0.81811,-0.89393,-0.76688,-0.6168,0.12593,-0.89488,-0.44335,-0.48592,-0.56774,0.65343,-0.13227,-0.49196,-0.9457
-0.46433,-0.62603,0.15702,-0.95799,-0.41835,-0.39708,0.45291,-0.02659,0.28012,0.86,0.44663,0.57341,-0.44074,0.7513,0.28755,0.39187,-0.91147,0.24069,-0.16333,-0.41342,-0.61855,0.16917,0.54849,-0.46133,0.72137,-0.50788,0.28691,-0.21931,0.1318,-0.1688,0.30212,-0.4799,-0.8971,-0.54065,-0.41113,-0.60968,0.080467,0.20927,-0.37701,0.96238,-0.27949,0.79698,0,-0.77715,0.19561,0.12731,0.95207,-0.9291,-0.91647,-0.039112,-0.12594,0.69132,-0.8292,0.67687,0.54796,-0.4448,-0.73937,0.57762,-0.71012,0.37632,-0.089369,-0.084138,0.38977,0.33712,0.15887,0.67482,0.35769,0.73502,-0.58806,-0.10525,0.22217,-0.53821,-0.68676,0.77244,-0.43703,0.81464,-0.51644,-0.52378,0.084969,0.60825,0.95649,-0.59158,-0.4754,-0.31154,0.23016,-0.38918,0.89437,0.98587,-0.40248,-0.95128,-0.54747,0.55948,-0.93192,-0.66706,-0.9626,-0.9149,0.74688,-0.48567,0.57754,0.35736,0.39369,0.76401,-0.4418,-0.56849,0.72091
0.022427,-0.65267,-0.16063,0.49405,0.78347,-0.23638,0.23777,0.39516,0.64314,-0.65274,0.0029734,0.13502,-0.75178,-0.77805,-0.29928,0.42875,-0.46139,0.32695,-0.9206,-0.89638,-0.83276,-0.10883,-0.68082,0.78498,0.44115,0.27247,-0.51565,0.80491,-0.54692,-0.77209,0.5772,-0.63746,-0.98917,-0.52884,0.77342,-0.69028,-0.92082,0.67129,0.10974,0.061975,0.55666,-0.6517,-0.77715,0,-0.72315,0.86868,0.17592,0.53224,0.026665,-0.91882,-0.40836,0.99722,-0.87329,-0.84407,0.80598,0.075989,-0.36711,-0.094014,0.8365,0.11465,0.83488,0.9513,-0.27626,-0.75477,-0.90242,0.075664,-0.3657,-0.074286,-0.31207,-0.52705,0.016531,0.28323,0.51552,-0.91845,-0.95699,-0.85759,-0.83133,0.16759,-0.47785,-0.66072,-0.94117,0.73797,0.56818,0.27333,-0.33496,0.39146,0.059959,-0.24633,-0.67544,-0.4312,0.40408,0.95904,-0.016568,-0.80965,-0.30514,0.048704,0.19639,-0.6714,0.88363,0.49009,0.048854,0.7262,0.33244,0.17755,0.066382
