,,,,,,,,,,,,,,,,,,,,,,,,,,,,,,,,,,,,,,,,,,,,,,,,,,,,,,,,,,,,,,,,,,,,,,,,,,,,,,,,,,,,,,,,,,,,,,,,,,,,,,,,
0,-0.5274,0.68246,-0.53173,-0.44769,0.53446,-0.022741,-0.80124,-0.39909,0.0079971,0.71976,-0.66493,-0.10387,-0.021691,0.99858,-0.69853,-0.98455,0.33853,-0.85126,-0.47402,-0.49529,-0.56353,0.82842,0.94551,-0.29795,-0.38974,-0.10048,0.38684,0.81757,0.32361,0.39704,0.58531,-0.19285,-0.65566,-0.64825,0.32731,0.54172,0.071968,-0.45832,0.72119,0.50053,-0.077414,-0.3199,-0.41303,-0.63213,-0.82153,0.90929,0.71964,-0.65212,0.99579,-0.14903,0.34213,0.9425,0.12767,-0.7623,0.37745,0.68501,-0.6406,0.99526,0.027073,0.60895,-0.98514,0.85172,-0.31246,-0.39683,-0.72548,0.6072,-0.43736,-0.43885,0.74568,-0.7192,-0.51276,0.42409,0.31615,-0.48064,-0.16976,-0.94453,-0.63552,-0.97095,0.98276,-0.54046,-0.7199,-0.064839,-0.75167,-0.0018034,0.23557,-0.97586,0.22938,0.56385,0.69547,-0.73703,0.4031,0.4062,-0.27302,-0.403,0.47206,-0.53769,-0.70942,-0.94718,0.5031,-0.34367,0.96666,0.34404,0.79184,0.79282
-0.5274,0,-0.25206,0.45763,-0.86779,-0.78191,-0.66205,-0.53754,0.44285,-0.5733,-0.94917,0.82216,0.17806,-0.84599,-0.46527,0.00070387,0.83335,-0.52836,0.7161,0.014449,0.037147,-0.49927,0.86922,0.41827,-0.33745,-0.83612,-0.96055,0.10612,-0.5047,-0.36045,-0.052533,0.5152,0.73154,-0.17995,0.11382,0.16325,0.28403,0.17582,0.46946,0.37601,0.26937,0.31502,-0.66495,-0.21408,-0.85903,-0.34443,0.65911,-0.692,-0.1091,-0.066347,0.62243,0.56841,0.16334,0.45365,-0.90903,-0.34944,0.90399,0.33901,-0.58951,0.03042,-0.52292,-0.10685,-0.86815,0.60485,0.86779,-0.15015,-0.32483,-0.050246,0.64925,0.10617,-0.31315,-0.033145,0.024236,0.39399,-0.5298,0.69832,0.75791,0.72492,0.89874,-0.26791,0.76296,0.0095999,-0.83854,-0.69385,-0.20347,0.48085,-0.46979,0.62969,0.091945,-0.62359,0.74429,-0.15901,0.22863,0.23757,0.11989,0.14737,-0.26598,-0.5353,-0.29111,-0.15689,0.32189,0.28273,0.52265,-0.71357,-0.56799
0.68246,-0.25206,0,0.9379,-0.39495,-0.093249,-0.15084,0.3943,-0.24604,0.96956,-0.97365,0.68544,-0.88226,0.63522,0.65239,-0.5821,-0.79056,-0.42027,-0.50473,0.033418,0.35893,-0.95083,-0.74513,-0.76396,-0.73114,0.1126,0.89982,0.68932,0.54235,0.057016,0.42261,0.96286,-0.11497,0.51346,-0.53315,-0.61811,0.95018,-0.038092,-0.71881,0.054561,-0.51946,0.096403,0.74691,0.053567,0.56941,-0.90826,0.029792,-0.13719,0.48391,0.83552,0.61073,0.96573,0.75939,-0.095102,-0.20264,-0.018921,0.79558,-0.047007,-0.55838,0.52272,0.0068879,0.18203,-0.48791,-0.14606,0.9492,-0.87362,-0.33209,0.13877,0.39686,0.46412,-0.22978,0.32147,0.42557,0.2015,-0.41748,-0.84797,-0.9286,-0.80122,-0.53295,-0.57131,0.67006,0.55857,0.26644,-0.49354,0.63686,-0.56108,0.094556,0.69681,-0.72222,0.27056,0.80564,-0.090615,-0.9473,0.35413,-0.49984,-0.6585,0.95941,-0.17315,-0.63575,0.5711,-0.38841,-0.37698,-0.26444,0.9093,-0.51316
-0.53173,0.45763,0.9379,0,-0.6337,-0.32145,-0.072281,-0.22021,0.31356,0.64797,0.60661,-0.045554,-0.28899,0.69237,0.89483,-0.77731,0.89597,-0.7196,0.029688,0.24363,0.12076,-0.39538,-0.25333,-0.81884,0.75978,-0.61585,0.92157,-0.79317,-0.96445,-0.023096,-0.95192,0.61735,0.45367,-0.024929,-0.88984,-0.478,0.28441,0.59203,0.77289,0.17379,-0.85246,-0.89671,0.94143,0.84636,-0.32215,0.59297,-0.2508,-0.60351,0.86159,-0.51079,-0.34946,-0.28857,0.8988,-0.20702,-0.022296,-0.66949,-0.99143,0.2945,0.10753,-0.14912,0.48939,0.79683,-0.021807,-0.65258,0.75803,0.049486,0.84616,-0.054114,0.95325,0.49067,0.078955,-0.057106,-0.12872,0.64876,0.8505,-0.73818,0.099541,-0.75064,0.57609,-0.70833,0.44943,-0.5884,0.2362,-0.86753,-0.17684,-0.66979,-0.18441,-0.65435,-0.87276,-0.38943,-0.047502,-0.58635,-0.38244,0.82013,0.84356,0.50359,-0.98436,0.49554,-0.20654,0.80602,0.62003,-0.42566,0.91929,0.6998,0.73267
-0.44769,-0.86779,-0.39495,-0.6337,0,-0.6318,-0.64492,-0.15882,-0.52249,0.040201,-0.40882,-0.38427,0.081207,0.18363,0.60745,-0.88129,-0.53337,0.71641,-0.99685,0.89434,-0.81613,-0.28161,0.81697,-0.69329,-0.29579,-0.46657,0.64024,-0.89964,-0.22935,-0.0079578,0.39806,-0.8357,0.38175,0.45554,0.92241,-0.079362,-0.86424,-0.04502,0.094659,0.54429,0.22039,0.49189,-0.088872,-0.43704,0.091566,-0.68001,0.80358,-0.90691,-0.095434,0.4604,-0.51142,-0.50212,0.054542,0.8958,0.56729,-0.51455,-0.31105,-0.56604,0.0022565,-0.61208,0.9593,-0.71858,-0.62943,-0.83604,0.21632,-0.95162,-0.80314,-0.16267,0.86765,0.2264,-0.73675,-0.96004,0.14397,0.10331,-0.61192,0.83095,-0.4731,0.21067,-0.24702,-0.63495,0.78582,-0.88596,0.83556,-0.30012,0.98071,0.36239,0.53125,0.77017,-0.90193,0.99683,-0.81012,-0.5258,0.066559,0.91689,0.9593,0.1775,0.13712,0.88627,-0.7636,0.19319,0.43881,-0.78028,-0.50622,0.85594,0.45931
0.53446,-0.78191,-0.093249,-0.32145,-0.6318,0,0.03091,0.85147,0.1793,-0.30834,-0.65698,0.65433,-0.80117,0.10118,-0.077944,0.4309,-0.68231,-0.30605,-0.15071,-0.045416,-0.49091,0.23637,-0.025377,-0.30527,-0.43381,0.95842,0.74874,0.19717,-0.45338,0.4309,0.031332,0.22757,-0.57843,-0.73558,-0.70797,-0.90909,-0.67081,-0.10416,0.13813,-0.77821,0.43937,-0.71748,0.14182,-0.44512,0.73102,-0.98581,0.92577,-0.64752,0.42552,-0.78706,-0.8947,-0.35846,-0.96531,-0.42796,0.34954,0.35276,0.78429,0.63803,-0.2419,0.42263,0.52731,0.039363,0.51041,-0.95674,-0.80121,0.40745,-0.43418,-0.010233,-0.61389,-0.63109,0.54958,0.11949,0.75667,-0.89797,0.89196,0.9072,0.020344,0.025928,0.50134,-0.44386,0.17371,0.12325,0.79965,0.21273,-0.13991,0.65295,-0.7553,0.51952,-0.13123,-0.57287,-0.94821,-0.60123,-0.69488,0.71328,0.77723,0.87521,-0.60261,0.5177,0.2924,-0.68177,0.94545,0.54135,0.57589,0.14111,-0.39542
-0.022741,-0.66205,-0.15084,-0.072281,-0.64492,0.03091,0,-0.61592,-0.43867,0.78801,-0.51911,0.78632,-0.2091,-0.80226,-0.10712,0.11697,0.44989,0.42011,0.35896,-0.88586,0.95343,0.14925,-0.4755,-0.9967,0.14495,-0.47219,-0.26976,0.9318,-0.52136,0.38898,0.57551,-0.59292,0.071136,-0.9528,0.034486,0.71521,-0.87544,0.87897,-0.7799,0.35982,0.48224,0.66111,0.17723,-0.79622,-0.37176,0.54582,-0.88624,0.54496,-0.60155,-0.64573,0.53644,0.6985,0.45721,0.25994,0.76184,0.19442,0.096471,-0.10226,0.71246,0.1368,0.30363,0.83314,-0.43809,-0.16412,-0.43195,0.56412,-0.18963,0.88235,0.1947,-0.23764,-0.49037,0.31845,0.54262,0.35679,0.99166,-0.56993,-0.57304,0.75639,-0.020762,0.95067,-0.77988,-0.84748,0.4001,-0.63528,-0.89318,-0.33847,-0.77334,0.45818,-0.53294,-0.94381,-0.26984,-0.3787,0.91695,0.28409,0.36483,0.97307,0.8494,-0.13854,0.93924,-0.85572,0.79329,-0.14676,-0.56474,0.34683,0.99259
-0.80124,-0.53754,0.3943,-0.22021,-0.15882,0.85147,-0.61592,0,-0.49267,-0.8173,-0.97449,-0.25415,-0.13916,-0.8675,0.086975,0.34104,-0.66792,-0.98776,0.24209,-0.82183,0.167,0.5501,-0.30934,0.082258,0.80958,0.57747,0.89012,-0.28361,0.36409,0.076834,-0.90431,0.77741,-0.9676,0.57059,0.81407,0.99803,0.59991,-0.96211,-0.52039,-0.9627,0.18144,-0.79495,-0.41846,-0.48231,0.17728,0.38178,-0.97314,-0.60941,-0.042921,-0.41462,-0.84625,-0.20418,0.35995,-0.86889,-0.77494,-0.46906,0.1962,0.89763,-0.62075,0.44652,0.86978,0.4114,0.88619,-0.59285,-0.62623,-0.90182,0.17107,-0.41974,0.074804,-0.82914,0.83731,-0.51492,0.044344,-0.37062,0.6944,-0.32226,0.18884,0.61813,0.32661,-0.71218,0.81882,0.76484,-0.4976,0.0083114,-0.61117,0.058414,0.025176,0.024789,-0.47128,0.15152,0.41222,-0.028455,-0.23053,-0.37515,0.99448,-0.54886,0.31334,-0.030129,-0.059043,0.20699,0.88513,0.56959,0.19636,0.41994,0.8525
-0.39909,0.44285,-0.24604,0.31356,-0.52249,0.1793,-0.43867,-0.49267,0,-0.29915,0.88197,-0.70547,-0.76008,0.79041,0.035922,-0.83581,-0.30694,0.015398,0.41825,-0.93961,0.15422,-0.32101,-0.045035,0.88877,-0.22092,0.69999,0.78816,-0.14136,0.22197,-0.53419,-0.62239,-0.051205,-0.59709,-0.75238,-0.96555,0.7616,-0.4076,-0.59863,0.33663,-0.92215,-0.12987,-0.78574,0.55827,0.24896,0.80686,0.30381,-0.37223,-0.24318,-0.73768,0.048509,0.15531,-0.3081,0.093605,-0.51874,0.96587,-0.7578,0.29765,-0.9889,0.84866,-0.68187,0.89728,0.47604,0.83011,-0.65456,-0.19012,0.27054,-0.66536,-0.61324,0.27359,-0.68624,0.31756,-0.57858,-0.1402,-0.5006,-0.61627,-0.32526,-0.054021,0.077831,0.76268,0.57403,0.19279,0.74313,-0.82661,-0.62804,-0.32853,0.70688,0.49289,-0.88704,0.65594,-0.24007,0.73576,0.1733,0.30432,0.93824,-0.13736,0.51029,-0.47627,-0.66344,0.56407,-0.59941,0.93226,-0.80379,0.10508,0.65047,0.98657
0.0079971,-0.5733,0.96956,0.64797,0.040201,-0.30834,0.78801,-0.8173,-0.29915,0,0.13691,0.092127,-0.068338,-0.82388,0.83573,0.074641,0.042237,0.50274,0.0027549,-0.64074,-0.49394,-0.20516,0.19826,0.48429,-0.83371,0.72209,0.86485,-0.56449,-0.20681,0.013261,0.1885,-0.81932,-0.4717,-0.93347,0.89284,0.75023,-0.935,-0.79791,-0.96372,0.57538,-0.34334,-0.1026,-0.61142,0.7536,-0.42071,-0.45742,-0.57383,0.30842,0.56795,-0.28572,0.1301,0.70215,0.93395,-0.59583,0.80739,-0.52171,-0.51443,-0.78945,-0.99807,-0.11583,-0.81316,-0.29596,-0.62537,-0.95596,-0.96893,-0.45885,0.24773,0.58505,-0.68954,-0.86443,-0.83087,-0.32419,0.9616,0.54123,-0.14823,-0.11067,-0.15405,0.49709,0.32248,-0.70353,0.06223,-0.68112,0.11246,-0.019178,-0.94577,-0.92606,-0.33456,-0.96922,-0.24238,-0.057509,0.4866,-0.61192,-0.50261,0.51551,0.86636,-0.59298,-0.98241,0.87281,-0.19731,0.65358,-0.62438,0.57623,0.12259,0.37633,-0.63644
0.71976,-0.94917,-0.97365,0.60661,-0.40882,-0.65698,-0.51911,-0.97449,0.88197,0.13691,0,-0.37184,-0.56471,-0.94113,-0.022658,0.54223,-0.033968,0.4548,-0.22894,0.73496,0.52592,-0.026868,0.76378,0.94463,0.51108,-0.14857,-0.37608,-0.2168,-0.32229,0.11662,-0.61551,0.67095,0.45705,-0.89945,0.26721,-0.46829,0.78083,-0.80958,-0.53581,0.89763,-0.77409,0.039169,-0.054964,0.67077,0.64783,-0.51494,0.050939,-0.10416,0.075955,0.27863,-0.48148,0.9624,-0.82851,-0.43611,0.21586,0.2104,0.72029,0.73045,-0.63582,-0.72235,0.030565,-0.51723,0.24474,0.64031,0.27993,0.18335,-0.56454,0.62589,-0.40866,0.63722,0.39387,-0.74408,-0.29261,-0.40374,-0.034088,-0.65017,0.29969,-0.42351,0.048661,-0.97916,0.85595,-0.89916,-0.74924,0.85208,-0.90213,-0.88902,0.28529,0.69993,0.96114,0.26879,-0.088354,-0.41955,0.1211,-0.060714,0.56788,0.1763,-0.95923,-0.36882,-0.6313,0.73172,0.1063,-0.15688,-0.30434,-0.44067,0.60244
-0.66493,0.82216,0.68544,-0.045554,-0.38427,0.65433,0.78632,-0.25415,-0.70547,0.092127,-0.37184,0,0.95102,0.46363,-0.92921,0.69758,-0.54457,-0.85437,-0.083166,0.31406,0.79476,0.82054,-0.0047971,0.074507,-0.13352,0.54192,-0.92053,-0.79127,0.62604,0.196,0.72062,0.56513,0.48249,-0.7441,0.66658,0.48222,0.97926,-0.92986,0.054581,0.42687,0.54939,0.81955,-0.088077,-0.84923,0.34375,-0.46218,0.099086,0.88118,0.72286,-0.095451,-0.27919,0.74214,-0.33664,-0.98496,-0.053813,-0.57609,0.47502,-0.33931,-0.44295,0.061659,0.39787,0.017262,-0.61908,-0.27404,-0.51611,0.88965,-0.84241,0.45804,0.70428,0.84899,0.45312,0.90593,0.07095,0.35337,0.17468,-0.18223,-0.64211,0.028332,-0.67406,0.57294,-0.2091,0.767,-0.29321,-0.46731,0.46589,0.89365,0.54094,0.33154,-0.71291,0.1856,-0.69417,0.2581,0.55499,0.81279,-0.43015,0.81251,-0.94529,-0.17389,-0.3131,0.34521,0.7203,-0.27886,-0.34603,0.89281,-0.68102
-0.10387,0.17806,-0.88226,-0.28899,0.081207,-0.80117,-0.2091,-0.13916,-0.76008,-0.068338,-0.56471,0.95102,0,0.26601,0.094344,0.16072,0.32704,0.97711,0.19885,-0.1192,0.38109,0.25338,-0.8991,0.74814,0.46288,-0.84717,0.74696,0.80825,0.10352,-0.49994,-0.25479,-0.23429,-0.82455,0.70905,-0.65546,0.11923,-0.098509,0.15678,-0.95203,-0.99211,-0.3068,-0.60678,0.64743,-0.89144,-0.53457,-0.63552,0.64794,0.23013,-0.59806,-0.99317,0.24358,0.87151,-0.71957,0.21591,0.82007,0.89492,-0.85018,0.84781,-0.62019,0.31948,-0.92273,0.59127,-0.61401,0.91756,0.56242,0.86977,0.48519,-0.9184,-0.99127,-0.17879,0.8495,0.55681,-0.045402,-0.36057,-0.31344,0.19781,-0.037577,-0.21388,0.28296,-0.10176,0.6321,0.58427,-0.003246,0.52723,-0.59904,-0.68181,0.6449,-0.12598,-0.3543,0.73742,-0.26997,0.45973,0.081485,0.90854,0.86469,0.78574,0.84895,-0.75554,0.86445,0.44318,0.005391,-0.62406,-0.83481,0.31981,-0.79114
-0.021691,-0.84599,0.63522,0.69237,0.18363,0.10118,-0.80226,-0.8675,0.79041,-0.82388,-0.94113,0.46363,0.26601,0,-0.27932,-0.57397,0.98547,0.60478,0.26989,0.23217,0.17196,-0.75618,-0.22362,0.8904,0.49571,-0.4407,-0.82298,0.12925,-0.68434,-0.40042,-0.18333,0.98923,-0.75364,0.044216,0.91577,-0.88143,-0.38559,-0.66004,0.21866,0.62037,-0.12478,-0.022013,0.57869,-0.9278,-0.61158,0.62065,-0.1659,0.095517,0.48397,-0.27897,0.55613,0.050431,-0.16916,0.78954,-0.72839,0.5694,-0.26278,-0.01766,0.54062,0.33565,-0.27515,-0.0021021,0.50081,-0.53111,0.76936,0.92448,-0.64522,-0.93576,0.17455,-0.26322,0.55236,-0.90694,0.92116,-0.38523,-0.59607,0.81932,0.9895,0.51535,0.39448,-0.53024,0.9415,-0.50236,-0.26697,-0.89126,-0.14198,0.45113,-0.13883,-0.61079,-0.23777,-0.023216,-0.3675,-0.76024,0.57887,-0.24692,0.97841,0.8513,0.86469,-0.99183,0.5964,0.38646,0.49491,-0.67783,-0.41386,0.1074,-0.89257
0.99858,-0.46527,0.65239,0.89483,0.60745,-0.077944,-0.10712,0.086975,0.035922,0.83573,-0.022658,-0.92921,0.094344,-0.27932,0,0.71511,-0.86785,-0.35196,-0.66081,0.88988,0.78726,-0.68539,-0.58962,-0.70503,0.74943,-0.67324,0.62107,-0.50452,0.8377,0.55829,0.43093,-0.83549,0.59417,0.97155,0.26488,0.17245,0.92353,-0.6169,-0.74168,-0.35465,0.050781,-0.13159,0.52131,0.14553,0.27956,0.88889,0.98093,0.30895,-0.27999,-0.58283,0.039132,-0.11632,0.16309,-0.91374,0.50887,-0.67086,-0.73102,-0.85076,0.12915,-0.77509,-0.60198,-0.25035,-0.45111,0.40266,-0.17472,-0.98846,0.8059,-0.36104,-0.63777,0.66518,0.67717,0.35328,0.75575,0.02424,0.14698,-0.23962,0.74464,0.12176,0.65075,-0.1332,0.086971,0.91742,-0.88635,0.52842,-0.86052,-0.8928,-0.58992,0.17051,0.85146,-0.28196,0.78437,-0.14376,0.38878,0.59844,-0.29479,0.67341,0.65626,-0.22637,-0.04173,-0.86552,-0.16351,-0.31806,-0.81437,0.21503,0.32857
-0.69853,0.00070387,-0.5821,-0.77731,-0.88129,0.4309,0.11697,0.34104,-0.83581,0.074641,0.54223,0.69758,0.16072,-0.57397,0.71511,0,-0.10791,0.079965,0.46769,-0.46102,-0.84194,0.36845,-0.12748,-0.69376,0.9318,-0.69431,-0.31945,0.2892,-0.60054,-0.00077861,-0.67324,0.78439,0.047361,-0.18732,0.37631,-0.047413,-0.10728,0.86967,0.35626,-0.40563,0.63993,0.67136,0.11367,-0.10003,-0.89561,-0.86513,0.82667,-0.78963,0.16699,0.68547,0.46375,-0.67778,-0.44999,-0.3042,-0.27817,0.80869,0.86502,-0.11323,0.25031,0.34562,0.70633,-0.63134,0.55124,0.10967,-0.85124,0.25879,0.16564,0.96253,-0.30804,-0.40264,0.66312,0.7581,-0.91346,0.80726,0.40231,0.41258,-0.57607,0.066852,-0.56323,0.8646,-0.063243,-0.701,-0.56158,0.99585,0.39807,-0.22771,-0.5171,0.66728,0.45018,0.42932,0.95248,-0.19637,-0.63688,-0.86604,-0.26618,0.39096,-0.38173,0.91706,-0.16344,0.027496,0.46647,-0.50753,0.34391,-0.78577,-0.86366
-0.98455,0.83335,-0.79056,0.89597,-0.53337,-0.68231,0.44989,-0.66792,-0.30694,0.042237,-0.033968,-0.54457,0.32704,0.98547,-0.86785,-0.10791,0,0.026435,-0.92206,0.29369,-0.73256,-0.47709,-0.27768,0.65648,-0.58877,0.48965,-0.30769,0.41485,-0.69607,0.18717,-0.82083,0.85537,-0.8259,-0.73387,0.19502,-0.87716,0.62071,0.041164,0.16114,-0.45334,0.099623,0.77476,0.55836,0.024722,-0.023303,0.76412,-0.85482,0.56529,-0.67641,-0.42416,-0.43748,-0.991,0.82467,0.80085,0.86842,0.28092,0.98491,-0.93627,0.67408,0.044647,0.89177,0.79581,-0.43383,-0.038464,0.52909,0.77394,-0.65725,0.74381,-0.7412,0.59157,0.60308,0.42485,0.9452,-0.90748,-0.24888,0.89612,-0.32247,-0.42432,-0.50222,0.86124,-0.41615,-0.96625,-0.82176,0.94971,-0.75544,-0.15175,0.0058747,0.48841,-0.3779,-0.38408,0.91896,0.87859,0.78993,-0.83776,-0.01619,-0.058765,-0.55106,0.26249,-0.72757,-0.7251,0.9354,0.31495,-0.81447,-0.067685,-0.66432
0.33853,-0.52836,-0.42027,-0.7196,0.71641,-0.30605,0.42011,-0.98776,0.015398,0.50274,0.4548,-0.85437,0.97711,0.60478,-0.35196,0.079965,0.026435,0,0.24963,0.21052,-0.32776,0.43801,0.055992,-0.72513,-0.66846,-0.26401,0.72119,-0.69765,-0.9345,-0.95846,0.6985,0.15414,-0.71199,-0.52689,0.83549,0.4591,0.15256,-0.068542,-0.85717,0.38414,-0.055262,0.39242,0.29066,-0.23176,-0.86123,-0.5133,-0.18004,-0.077581,-0.55514,0.24344,-0.54237,0.51433,-0.83268,-0.85732,-0.12827,-0.30939,-0.38448,-0.48976,-0.088226,-0.85073,-0.86622,0.62877,0.12726,0.95433,-0.24213,0.92896,-0.37578,0.062186,-0.24083,-0.48825,-0.61912,0.58604,-0.95555,0.56644,-0.78682,-0.5007,0.82187,-0.91029,0.63218,0.41036,-0.82878,-0.61419,0.48984,0.045524,-0.50079,-0.023122,-0.40144,-0.82735,-0.62373,-0.94902,0.93047,0.86693,0.73138,0.18753,0.91171,-0.24018,-0.93946,0.227,-0.60174,0.34719,0.51728,-0.51776,0.93318,-0.79714,-0.64648
-0.85126,0.7161,-0.50473,0.029688,-0.99685,-0.15071,0.35896,0.24209,0.41825,0.0027549,-0.22894,-0.083166,0.19885,0.26989,-0.66081,0.46769,-0.92206,0.24963,0,-0.88851,0.35411,0.92994,0.97014,-0.68938,0.40584,-0.63467,-0.12818,0.52327,0.047892,-0.12484,0.65339,0.59424,-0.22592,-0.1447,0.81325,0.16992,0.28474,0.29263,-0.033387,-0.61034,0.95521,0.82824,-0.30683,0.33707,0.047598,0.53073,0.79491,-0.5965,0.44628,-0.20876,-0.13846,0.46698,0.51118,0.92713,-0.59092,0.54475,-0.83533,-0.052984,0.3409,0.08608,0.085458,0.87647,-0.96275,0.36591,0.4067,-0.16616,0.18908,0.71614,0.48325,-0.69207,-0.69351,0.55119,0.79699,0.94827,0.69657,0.59356,-0.86283,-0.51507,0.096101,-0.24939,-0.18715,-0.34811,-0.41189,0.37084,0.48055,0.37136,-0.073338,0.78666,-0.069215,-0.59407,-0.093187,0.046856,-0.27715,0.29721,0.73876,0.24696,0.0067854,-0.89474,-0.74051,-0.77092,-0.63411,0.67297,0.92259,-0.3191,0.20815
-0.47402,0.014449,0.033418,0.24363,0.89434,-0.045416,-0.88586,-0.82183,-0.93961,-0.64074,0.73496,0.31406,-0.1192,0.23217,0.88988,-0.46102,0.29369,0.21052,-0.88851,0,0.98998,0.55977,-0.17982,0.788,0.84567,-0.75065,-0.3744,-0.045581,-0.18337,-0.53013,0.16999,0.26569,0.039211,0.23393,-0.53748,0.64121,-0.49791,-0.56394,-0.02608,0.24015,0.22232,0.067043,0.56801,0.30641,-0.83175,-0.77654,-0.72212,0.96392,0.55952,-0.7927,0.2565,0.67849,-0.10176,0.532,0.058347,-0.30297,0.6356,-0.23939,0.12574,0.54698,-0.71012,0.66177,0.30163,0.017854,-0.93275,-0.22326,-0.60739,0.88225,0.22175,0.50085,-0.92457,0.71753,-0.52564,0.93656,-0.54079,-0.21979,-0.028513,-0.71688,-0.41087,-0.38284,0.48538,-0.51541,-0.16149,0.74605,0.97845,-0.42294,0.40218,0.37691,0.48299,0.18452,0.11615,0.15338,-0.68089,0.066626,-0.38007,0.5869,0.41473,-0.56734,-0.071691,0.26976,-0.3688,-0.5926,-0.78375,0.50714,-0.74046
-0.49529,0.037147,0.35893,0.12076,-0.81613,-0.49091,0.95343,0.167,0.15422,-0.49394,0.52592,0.79476,0.38109,0.17196,0.78726,-0.84194,-0.73256,-0.32776,0.35411,0.98998,0,-0.33705,-0.31043,-0.69935,-0.92375,-0.67274,0.84224,0.713,-0.78322,0.16423,-0.94096,-0.69694,-0.28037,-0.6523,0.11797,-0.042397,0.51971,-0.12053,0.4907,-0.13741,0.40238,-0.93368,-0.82831,-0.47087,0.78418,-0.60535,-0.53164,0.25545,0.0052388,-0.68298,-0.93097,0.66697,0.21961,0.92666,-0.028681,0.072567,0.4526,0.81281,0.99954,0.28696,-0.063334,-0.80355,-0.50066,0.15946,0.68725,0.19471,0.88261,-0.30261,0.48866,0.12418,0.28972,0.093826,-0.58464,0.38278,-0.63382,0.37277,0.90628,-0.16681,-0.78827,-0.05546,0.81944,-0.74632,-0.040568,0.50681,0.79823,0.88817,0.25847,0.68599,-0.54264,0.95091,-0.01863,-0.29195,0.64865,0.91617,0.1938,0.22564,0.50126,0.21548,0.25574,0.12791,-0.20457,-0.0019034,-0.55206,-0.44135,-0.25392
-0.56353,-0.49927,-0.95083,-0.39538,-0.28161,0.23637,0.14925,0.5501,-0.32101,-0.20516,-0.026868,0.82054,0.25338,-0.75618,-0.68539,0.36845,-0.47709,0.43801,0.92994,0.55977,-0.33705,0,-0.4346,-0.30313,-0.52282,0.69731,-0.90294,-0.45739,-0.090872,-0.60469,-0.34582,0.72622,-0.73085,0.19659,0.93249,0.62965,0.63177,0.53293,-0.7974,0.85123,-0.21723,0.20473,0.21605,0.72106,-0.40471,0.65089,0.99195,-0.19966,0.088468,0.46072,0.041373,-0.81192,0.22097,-0.9605,-0.01378,-0.022893,-0.82213,0.48428,0.31104,-0.77444,-0.8678,0.079176,0.89551,0.69291,-0.04127,0.45966,-0.51545,-0.54067,-0.3027,0.2745,0.78661,0.68395,-0.44955,0.6167,-0.17063,-0.6465,0.30626,-0.0981,-0.36522,-0.53666,-0.45418,-0.31044,0.25194,0.74717,-0.49009,0.87388,0.27947,0.21817,0.82697,-0.57612,-0.25894,-0.51004,-0.83272,-0.11818,-0.54554,0.71171,-0.066581,0.69066,-0.7837,-0.68817,-0.40255,0.67682,0.15334,0.63487,0.8797
0.82842,0.86922,-0.74513,-0.25333,0.81697,-0.025377,-0.4755,-0.30934,-0.045035,0.19826,0.76378,-0.0047971,-0.8991,-0.22362,-0.58962,-0.12748,-0.27768,0.055992,0.97014,-0.17982,-0.31043,-0.4346,0,-0.53779,0.98562,0.43209,-0.14826,-0.053951,0.69456,-0.65136,-0.57938,0.44448,0.50945,0.99992,-0.32205,-0.024657,-0.95263,0.66469,-0.75711,0.40544,-0.5514,0.43549,-0.49055,-0.1801,-0.055574,0.19508,-0.98889,0.34141,0.58997,0.71912,0.69467,-0.089034,-0.53493,-0.28779,0.30865,-0.22822,-0.37916,-0.52201,-0.49411,0.68849,0.8699,-0.14175,-0.22544,0.62299,0.82744,-0.072361,-0.76106,-0.87304,0.11442,-0.24887,0.26857,-0.11504,0.34329,-0.90499,0.18011,0.22928,-0.48265,-0.72241,0.67039,0.72205,0.35329,-0.4962,0.31842,0.090441,-0.28412,0.23786,0.65799,-0.64005,0.070752,0.74365,0.62306,-0.36093,0.13988,0.028483,0.14744,-0.3157,-0.65515,-0.48726,0.04737,-0.16446,0.1161,0.39817,0.57343,-0.036925,0.72567
0.94551,0.41827,-0.76396,-0.81884,-0.69329,-0.30527,-0.9967,0.082258,0.88877,0.48429,0.94463,0.074507,0.74814,0.8904,-0.70503,-0.69376,0.65648,-0.72513,-0.68938,0.788,-0.69935,-0.30313,-0.53779,0,0.23954,-0.65001,0.65817,-0.40457,0.98829,-0.44095,-0.21925,0.10382,0.50802,0.087588,0.44559,-0.15281,-0.49632,-0.84558,0.50753,0.51178,-0.78253,-0.073353,-0.63552,0.99295,0.26453,0.13657,0.20726,0.14382,-0.66798,0.66461,0.91611,-0.17068,-0.41095,0.24368,0.84246,0.73803,0.77395,-0.43003,-0.20092,0.58101,-0.34863,-0.49858,0.53852,-0.15322,0.46409,-0.94174,0.17757,0.14432,-0.95578,0.033708,0.93033,-0.56487,0.88244,0.0016039,0.040054,-0.59592,0.47548,-0.59941,0.2111,0.69085,-0.48319,0.82567,0.38178,0.32143,-0.48762,-0.47349,0.51117,0.67805,-0.8841,0.38893,-0.47838,-0.84704,-0.35463,-0.53109,-0.82188,0.64655,0.031642,-0.1238,-0.92269,0.6408,-0.89216,0.79981,0.3867,0.53246,-0.26552
-0.29795,-0.33745,-0.73114,0.75978,-0.29579,-0.43381,0.14495,0.80958,-0.22092,-0.83371,0.51108,-0.13352,0.46288,0.49571,0.74943,0.9318,-0.58877,-0.66846,0.40584,0.84567,-0.92375,-0.52282,0.98562,0.23954,0,-0.45569,-0.90639,-0.92895,0.9582,0.95116,-0.69302,0.02189,0.82982,0.73464,0.66407,-0.35809,-0.87946,-0.86801,-0.25899,0.63855,0.0049912,0.20416,-0.75801,0.78872,-0.5783,-0.63688,-0.21081,-0.21628,0.38284,0.5097,-0.89525,0.47849,0.84149,0.72911,-0.96982,-0.45316,0.58267,-0.52067,-0.55755,-0.58423,0.83805,-0.068616,-0.98765,-0.56528,-0.096386,0.90579,0.24759,0.93686,0.83526,0.97821,-0.71881,0.7829,0.40041,-0.21557,-0.69089,-0.58759,-0.86509,0.53995,0.15374,-0.86175,-0.0048397,0.0068352,0.78724,-0.7965,-0.33228,0.78064,0.087314,-0.35572,-0.90823,-0.7252,0.066517,-0.99696,-0.94622,-0.63014,-0.10699,0.69486,0.47169,0.58763,-0.75908,0.72007,0.16799,-0.43274,0.45771,0.05201,0.56279
-0.38974,-0.83612,0.1126,-0.61585,-0.46657,0.95842,-0.47219,0.57747,0.69999,0.72209,-0.14857,0.54192,-0.84717,-0.4407,-0.67324,-0.69431,0.48965,-0.26401,-0.63467,-0.75065,-0.67274,0.69731,0.43209,-0.65001,-0.45569,0,0.68088,-0.52232,0.29139,-0.13679,0.96241,0.954,0.29675,-0.85716,0.7572,-0.1483,-0.15698,0.99167,0.11708,-0.15093,0.27167,-0.80496,0.76736,0.61822,-0.60752,-0.11951,-0.66501,0.89709,-0.54582,0.86534,-0.40477,0.67085,0.74898,0.084017,0.010142,-0.20857,0.075033,-0.16453,0.031393,-0.037163,0.62465,-0.46602,0.19936,0.081261,-0.29447,0.51019,0.72194,0.24042,0.64416,0.69361,-0.62077,0.43783,-0.56598,-0.8853,-0.59533,0.31693,0.47306,0.77506,0.49523,0.22289,0.55189,0.6688,-0.70797,-0.46018,0.62578,-0.15735,-0.44559,-0.21296,0.19958,0.90389,0.79485,0.49701,-0.56168,0.072194,-0.87376,-0.64099,-0.56329,0.35334,-0.069401,-0.75371,-0.65603,0.90558,0.92501,0.1537,0.84391
-0.10048,-0.96055,0.89982,0.92157,0.64024,0.74874,-0.26976,0.89012,0.78816,0.86485,-0.37608,-0.92053,0.74696,-0.82298,0.62107,-0.31945,-0.30769,0.72119,-0.12818,-0.3744,0.84224,-0.90294,-0.14826,0.65817,-0.90639,0.68088,0,-0.79857,-0.44282,-0.42234,-0.06768,-0.091177,0.94445,0.52199,-0.61425,0.84721,-0.72257,0.86967,0.59858,-0.72607,-0.35691,-0.62189,0.15048,-0.094033,-0.62454,-0.62645,-0.30324,-0.7246,0.12221,0.27958,0.18143,0.31724,-0.30819,0.11819,0.71549,-0.015404,0.90587,0.17547,0.19615,0.75143,0.21888,0.56519,0.094355,0.99317,-0.20256,-0.035945,-0.65305,-0.55198,0.53246,-0.49461,0.27991,-0.45865,0.68481,0.64731,0.6901,0.73402,0.04973,-0.19549,-0.52802,-0.56036,0.25015,0.73056,-0.82601,-0.1914,0.59544,-0.3666,-0.018466,-0.16014,-0.65303,-0.33602,0.91101,-0.9797,0.62803,0.22238,-0.39561,0.2171,-0.49786,-0.4922,0.071239,-0.87589,-0.84537,0.095808,-0.46767,0.79389,-0.54333
0.38684,0.10612,0.68932,-0.79317,-0.89964,0.19717,0.9318,-0.28361,-0.14136,-0.56449,-0.2168,-0.79127,0.80825,0.12925,-0.50452,0.2892,0.41485,-0.69765,0.52327,-0.045581,0.713,-0.45739,-0.053951,-0.40457,-0.92895,-0.52232,-0.79857,0,-0.37948,-0.74751,0.10045,0.1622,-0.70617,0.67152,-0.91068,0.75183,0.91002,-0.21466,-0.39922,-0.93538,-0.35255,0.70927,-0.22386,0.61927,-0.05207,-0.52554,-0.34006,0.96346,0.5322,-0.16309,0.68523,0.11515,-0.18296,-0.31872,0.31187,0.0095179,-0.9576,-0.11998,-0.6312,0.49088,-0.037341,0.60362,-0.28098,0.87788,0.03075,-0.49674,0.6855,0.75452,0.34382,-0.76419,0.031665,0.47602,-0.96143,0.66792,0.91667,0.1856,-0.30078,-0.66658,0.72074,0.91159,0.34255,0.43494,-0.75609,-0.96667,-0.39235,-0.87858,0.44331,-0.19355,0.093259,0.45649,-0.90321,-0.090396,0.83065,0.19828,-0.4418,0.96636,0.0066733,-0.027595,0.61276,0.63631,-0.64872,-0.34247,-0.75334,-0.06175,-0.838
0.81757,-0.5047,0.54235,-0.96445,-0.22935,-0.45338,-0.52136,0.36409,0.22197,-0.20681,-0.32229,0.62604,0.10352,-0.68434,0.8377,-0.60054,-0.69607,-0.9345,0.047892,-0.18337,-0.78322,-0.090872,0.69456,0.98829,0.9582,0.29139,-0.44282,-0.37948,0,-0.33669,-0.95346,-0.86695,0.88862,-0.86834,-0.036912,0.22777,-0.18728,0.4132,-0.064543,0.025809,-0.96727,-0.65124,0.47347,-0.70755,-0.96319,-0.6363,-0.91526,0.1132,-0.06513,-0.44546,0.17597,0.29784,-0.39442,-0.88345,-0.46956,-0.1296,-0.065393,0.076685,0.39532,0.76788,-0.73906,0.23224,0.99457,-0.53288,-0.60613,0.70254,0.74341,0.015146,0.80457,-0.34884,-0.14797,-0.66593,-0.17639,-0.7107,-0.6698,-0.6427,-0.82403,0.46861,0.094008,0.59039,-0.08044,0.15402,0.78462,0.96496,0.4886,-0.28986,0.82884,-0.61815,0.15377,-0.52415,0.694,0.54874,-0.7033,0.4091,0.97477,0.74943,-0.72191,-0.38646,-0.018635,0.85577,-0.30045,-0.63161,-0.81353,0.57243,-0.68652
0.32361,-0.36045,0.057016,-0.023096,-0.0079578,0.4309,0.38898,0.076834,-0.53419,0.013261,0.11662,0.196,-0.49994,-0.40042,0.55829,-0.00077861,0.18717,-0.95846,-0.12484,-0.53013,0.16423,-0.60469,-0.65136,-0.44095,0.95116,-0.13679,-0.42234,-0.74751,-0.33669,0,-0.24412,-0.86925,0.97667,0.55827,-0.10791,-0.97983,-0.56114,-0.497,0.41443,0.22551,-0.45537,-0.15132,-0.44916,0.81613,0.083714,0.57247,0.94492,0.16683,-0.65177,0.6637,0.6778,-0.7708,0.56314,-0.22644,-0.85367,0.33841,-0.69396,0.55111,-0.38319,0.4448,-0.37088,-0.45042,0.081536,-0.81018,0.024767,0.7126,0.93478,0.57212,0.98827,-0.15467,0.35177,0.80241,-0.21091,-0.82091,-0.45684,0.49656,-0.89328,-0.65416,-0.39288,0.14907,-0.23877,-0.17449,0.39208,0.56057,0.76008,-0.87006,-0.4193,0.010188,0.26854,0.5828,0.18452,-0.81169,0.59822,-0.80985,0.047507,0.397,0.080277,-0.091802,0.93385,0.29122,0.0057311,-0.58805,-0.82241,-0.76613,0.91449
0.39704,-0.052533,0.42261,-0.95192,0.39806,0.031332,0.57551,-0.90431,-0.62239,0.1885,-0.61551,0.72062,-0.25479,-0.18333,0.43093,-0.67324,-0.82083,0.6985,0.65339,0.16999,-0.94096,-0.34582,-0.57938,-0.21925,-0.69302,0.96241,-0.06768,0.10045,-0.95346,-0.24412,0,0.39565,0.34911,-0.33121,-0.17858,-0.46566,0.94221,-0.19294,0.42136,-0.61496,0.81318,-0.11575,-0.59298,-0.55343,-0.40428,0.4078,0.86493,-0.10376,-0.24241,-0.96971,0.46808,0.46416,0.2497,0.057533,0.089246,0.22363,0.36064,-0.30806,-0.21968,0.34331,-0.052085,0.81145,0.84879,0.61287,0.20443,-0.4857,0.069605,0.20004,0.35784,0.74463,-0.19386,0.033652,0.95833,0.0079904,0.64899,0.50366,0.20884,0.89346,-0.82881,0.85289,0.33145,0.032961,-0.73065,-0.59944,-0.044135,0.18651,0.2769,0.17209,-0.54884,-0.0093924,0.24142,0.8001,-0.54297,0.30396,0.26031,0.35941,-0.20369,-0.40565,0.66966,-0.3822,-0.80211,0.98145,-0.39922,-0.73899,-0.10273
0.58531,0.5152,0.96286,0.61735,-0.8357,0.22757,-0.59292,0.77741,-0.051205,-0.81932,0.67095,0.56513,-0.23429,0.98923,-0.83549,0.78439,0.85537,0.15414,0.59424,0.26569,-0.69694,0.72622,0.44448,0.10382,0.02189,0.954,-0.091177,0.1622,-0.86695,-0.86925,0.39565,0,0.81858,0.54614,-0.6128,-0.2442,0.87809,0.93471,0.72338,-0.98422,-0.7329,0.53727,-0.11436,0.68097,-0.79434,-0.10477,0.63102,0.96168,-0.65356,0.38904,-0.05243,0.98848,-0.56678,-0.037006,0.99629,0.55034,-0.1937,-0.83513,-0.34346,-0.92421,0.1298,0.73263,-0.14568,0.27407,-0.23859,0.2204,-0.21085,0.11612,0.8418,-0.97882,-0.58174,0.85853,0.95733,0.30638,-0.97963,-0.28236,0.90771,0.30754,0.4862,0.96315,-0.58045,0.63275,0.80265,-0.88754,-0.00094723,-0.37766,-0.25808,-0.36516,0.26925,0.19881,0.65066,0.15045,-0.48873,0.72482,-0.49562,-0.26848,-0.81323,0.84733,-0.93112,0.1925,-0.5131,-0.22144,-0.8318,-0.85962,-0.62915
-0.19285,0.73154,-0.11497,0.45367,0.38175,-0.57843,0.071136,-0.9676,-0.59709,-0.4717,0.45705,0.48249,-0.82455,-0.75364,0.59417,0.047361,-0.8259,-0.71199,-0.22592,0.039211,-0.28037,-0.73085,0.50945,0.50802,0.82982,0.29675,0.94445,-0.70617,0.88862,0.97667,0.34911,0.81858,0,0.46519,-0.41353,-0.97136,0.078757,-0.96051,-0.94586,-0.59147,0.80138,0.38437,0.18662,-0.28352,-0.69655,-0.37917,0.66362,0.95057,0.16455,-0.25745,0.31485,0.27619,0.85575,0.1256,-0.6228,-0.55071,0.65172,0.023262,-0.94103,-0.81278,-0.51487,-0.7204,0.97072,-0.67298,0.070422,0.13773,-0.73904,0.025046,-0.67362,0.89558,0.56891,0.2289,-0.50085,-0.71737,-0.090246,-0.74892,-0.10576,0.3251,0.64572,-0.31184,0.053245,-0.14281,0.26577,0.87337,-0.41946,0.59428,-0.057938,0.60221,0.8514,0.69141,0.44414,-0.17679,0.45765,0.76718,0.88709,0.55444,0.77478,0.6701,0.38059,0.63633,-0.098833,0.76805,0.98894,0.34869,-0.82087
-0.65566,-0.17995,0.51346,-0.024929,0.45554,-0.73558,-0.9528,0.57059,-0.75238,-0.93347,-0.89945,-0.7441,0.70905,0.044216,0.97155,-0.18732,-0.73387,-0.52689,-0.1447,0.23393,-0.6523,0.19659,0.99992,0.087588,0.73464,-0.85716,0.52199,0.67152,-0.86834,0.55827,-0.33121,0.54614,0.46519,0,0.96068,-0.10729,-0.49778,-0.35283,-0.67943,-0.67813,-0.46314,-0.1175,-0.66306,-0.24156,-0.090737,0.94147,0.26578,0.66764,-0.95243,0.53878,-0.78218,0.8269,-0.62929,-0.42613,-0.43573,0.74711,-0.28391,0.29278,-0.56302,-0.64883,-0.88856,-0.29,-0.32573,-0.75244,-0.87542,0.40062,0.24767,-0.61921,-0.94198,0.68799,-0.42946,-0.98745,-0.30846,-0.48492,0.96915,-0.30246,0.32908,-0.8321,0.38505,0.22937,0.16773,-0.52352,-0.010591,-0.95928,-0.80347,-0.90077,0.32368,0.087581,-0.66749,-0.25366,0.87428,0.57071,-0.40248,0.83914,-0.15861,-0.53512,0.99006,0.68453,0.20689,0.70575,0.84919,0.10336,0.84907,-0.07821,0.88758
-0.64825,0.11382,-0.53315,-0.88984,0.92241,-0.70797,0.034486,0.81407,-0.96555,0.89284,0.26721,0.66658,-0.65546,0.91577,0.26488,0.37631,0.19502,0.83549,0.81325,-0.53748,0.11797,0.93249,-0.32205,0.44559,0.66407,0.7572,-0.61425,-0.91068,-0.036912,-0.10791,-0.17858,-0.6128,-0.41353,0.96068,0,-0.60301,0.1424,-0.54483,-0.31159,-0.13081,-0.090674,0.027931,0.83931,-0.66126,-0.68137,-0.3258,0.86114,-0.43506,-0.72898,-0.3468,0.32359,-0.18455,-0.78072,-0.27066,0.67662,-0.0087491,0.33563,-0.41614,0.016678,0.8215,0.073256,-0.47389,0.10322,0.6466,-0.87429,0.57505,0.15624,-0.65511,0.69332,0.72684,0.068236,0.090923,0.02044,0.76528,-0.11508,-0.33093,0.97147,0.3412,-0.79448,-0.59113,-0.70527,-0.13724,0.93132,-0.72563,0.071272,0.13719,0.9344,0.54512,-0.94923,-0.83278,0.36116,0.46611,0.043015,-0.034354,-0.88744,0.75632,0.026148,0.76302,-0.75642,-0.48269,-0.42139,-0.94276,0.17432,-0.31918,-0.66973
0.32731,0.16325,-0.61811,-0.478,-0.079362,-0.90909,0.71521,0.99803,0.7616,0.75023,-0.46829,0.48222,0.11923,-0.88143,0.17245,-0.047413,-0.87716,0.4591,0.16992,0.64121,-0.042397,0.62965,-0.024657,-0.15281,-0.35809,-0.1483,0.84721,0.75183,0.22777,-0.97983,-0.46566,-0.2442,-0.97136,-0.10729,-0.60301,0,0.4628,-0.72534,-0.84217,0.39762,-0.42739,-0.50689,-0.53523,0.31073,-0.5916,-0.61035,0.062344,-0.7381,0.026577,-0.65786,-0.3688,0.02238,-0.39445,-0.18719,0.12828,-0.78581,0.42978,0.55095,0.56585,0.62662,-0.18075,-0.36961,0.87178,-0.27894,0.014533,-0.77102,-0.17984,-0.60625,-0.69685,0.21524,-0.15809,0.75948,-0.89594,0.60657,-0.065917,0.25944,-0.081636,-0.037948,-0.71527,-0.11854,0.85427,-0.27191,0.3155,0.12569,-0.14598,0.40604,0.94523,-0.15461,-0.5564,0.60988,-0.73896,-0.83458,0.13666,0.86064,0.93083,-0.32624,0.38601,0.69798,0.66937,-0.71207,0.9706,0.25061,-0.7042,-0.18786,-0.9199
0.54172,0.28403,0.95018,0.28441,-0.86424,-0.67081,-0.87544,0.59991,-0.4076,-0.935,0.78083,0.97926,-0.098509,-0.38559,0.92353,-0.10728,0.62071,0.15256,0.28474,-0.49791,0.51971,0.63177,-0.95263,-0.49632,-0.87946,-0.15698,-0.72257,0.91002,-0.18728,-0.56114,0.94221,0.87809,0.078757,-0.49778,0.1424,0.4628,0,0.42742,-0.12984,0.59965,0.50705,0.74286,-0.4038,0.85679,-0.7182,0.27888,0.28079,-0.020494,-0.61652,-0.69785,-0.48466,0.73714,-0.91091,0.24922,0.49767,0.032003,-0.79003,-0.77057,0.23746,-0.13043,-0.5231,-0.25134,0.20412,0.65604,-0.36119,0.77658,-0.40461,0.55968,0.07504,0.088438,-0.033428,-0.65832,-0.42186,0.66617,0.90329,-0.87872,-0.75829,-0.60875,0.59418,-0.0041792,-0.67718,0.67001,-0.52404,-0.85248,-0.6554,0.37726,0.51903,0.53044,0.11194,-0.24299,0.17318,-0.34978,0.26382,0.92955,-0.75246,0.41384,-0.77313,0.57973,0.10028,-0.3839,-0.14319,0.58897,0.14875,0.4953,0.76129
0.071968,0.17582,-0.038092,0.59203,-0.04502,-0.10416,0.87897,-0.96211,-0.59863,-0.79791,-0.80958,-0.92986,0.15678,-0.66004,-0.6169,0.86967,0.041164,-0.068542,0.29263,-0.56394,-0.12053,0.53293,0.66469,-0.84558,-0.86801,0.99167,0.86967,-0.21466,0.4132,-0.497,-0.19294,0.93471,-0.96051,-0.35283,-0.54483,-0.72534,0.42742,0,-0.71436,0.98153,0.46327,0.91769,0.68301,-0.97089,0.25166,0.52684,0.22104,-0.4745,0.36496,0.70693,0.85318,-0.094132,0.089207,-0.93237,0.94162,-0.054282,-0.8965,0.094608,-0.46014,-0.82605,0.54178,0.33329,-0.25394,-0.27175,0.46184,0.4842,0.14994,0.39355,-0.015169,0.75034,0.31266,0.44519,-0.68944,0.73011,0.6209,-0.97977,-0.33461,-0.4144,-0.85782,-0.88679,0.41471,-0.88127,0.55733,-0.42661,-0.4987,0.25261,-0.93139,-0.81932,0.94898,0.96166,-0.78774,0.16284,-0.78321,-0.9621,-0.97729,0.69283,-0.56639,0.52748,-0.88366,-0.494,-0.52327,-0.72137,0.76364,0.31916,-0.6954
-0.45832,0.46946,-0.71881,0.77289,0.094659,0.13813,-0.7799,-0.52039,0.33663,-0.96372,-0.53581,0.054581,-0.95203,0.21866,-0.74168,0.35626,0.16114,-0.85717,-0.033387,-0.02608,0.4907,-0.7974,-0.75711,0.50753,-0.25899,0.11708,0.59858,-0.39922,-0.064543,0.41443,0.42136,0.72338,-0.94586,-0.67943,-0.31159,-0.84217,-0.12984,-0.71436,0,-0.51368,-0.35216,-0.78952,0.26937,0.24462,-0.4986,0.41782,-0.12721,0.20926,-0.596,-0.28242,0.40039,0.11216,0.13225,-0.74794,-0.016868,0.037333,-0.0714,-0.12141,-0.68363,0.13615,-0.079555,-0.66292,0.90195,-0.62689,-0.43853,-0.14541,-0.5108,-0.063605,0.08811,-0.51103,0.44726,-0.32736,-0.88312,-0.50084,-0.68287,-0.19943,-0.49614,0.80374,-0.83839,0.82506,-0.23664,-0.77582,-0.25171,0.49369,-0.83548,0.32396,0.90665,0.48425,0.10296,0.33908,0.99423,-0.061926,-0.34652,0.42788,-0.065983,-0.15483,0.58079,-0.18355,0.70957,-0.2606,-0.063512,-0.49707,0.068326,0.68649,0.40802
0.72119,0.37601,0.054561,0.17379,0.54429,-0.77821,0.35982,-0.9627,-0.92215,0.57538,0.89763,0.42687,-0.99211,0.62037,-0.35465,-0.40563,-0.45334,0.38414,-0.61034,0.24015,-0.13741,0.85123,0.40544,0.51178,0.63855,-0.15093,-0.72607,-0.93538,0.025809,0.22551,-0.61496,-0.98422,-0.59147,-0.67813,-0.13081,0.39762,0.59965,0.98153,-0.51368,0,-0.19692,-0.11678,0.097252,-0.45115,0.70095,-0.36625,0.48827,0.47285,0.60266,-0.25047,-0.18811,0.96729,0.24057,0.79269,0.53462,-0.30909,-0.86472,0.58667,0.37052,0.81145,0.093812,-0.28975,-0.9291,-0.3416,0.22072,0.41936,-0.078682,-0.90283,-0.17266,0.33689,0.167,0.082145,-0.88991,0.89269,-0.2402,0.88282,0.24387,-0.60036,-0.7449,-0.79746,0.84403,0.32521,-0.22094,-0.61219,-0.8678,-0.71909,-0.53554,-0.36412,0.62359,0.40428,-0.15133,0.74807,0.089938,-0.091436,0.79366,-0.76545,-0.8299,-0.49152,-0.10479,-0.59461,0.67844,-0.97337,0.41415,-0.67091,-0.58294
0.50053,0.26937,-0.51946,-0.85246,0.22039,0.43937,0.48224,0.18144,-0.12987,-0.34334,-0.77409,0.54939,-0.3068,-0.12478,0.050781,0.63993,0.099623,-0.055262,0.95521,0.22232,0.40238,-0.21723,-0.5514,-0.78253,0.0049912,0.27167,-0.35691,-0.35255,-0.96727,-0.45537,0.81318,-0.7329,0.80138,-0.46314,-0.090674,-0.42739,0.50705,0.46327,-0.35216,-0.19692,0,0.77557,0.21286,-0.58184,-0.31934,0.6521,-0.61975,-0.83345,-0.14821,0.42431,0.61454,0.51606,-0.95343,-0.24807,0.48029,-0.47731,0.61618,0.83099,-0.33892,-0.41162,0.78496,0.18507,0.65283,-0.84924,0.89747,0.39249,0.9855,-0.92449,0.38685,0.93523,-0.34069,0.20439,-0.058815,-0.11271,0.38668,-0.87421,0.25137,-0.93774,0.18782,0.58911,-0.43193,-0.86472,0.88625,-0.79451,-0.43488,0.79123,0.19219,0.5126,0.97154,0.41888,-0.54867,-0.62336,-0.42407,0.84355,0.25876,-0.89706,0.67246,-0.10095,-0.96523,0.076851,-0.069841,-0.56841,-0.93424,-0.68237,0.56607
-0.077414,0.31502,0.096403,-0.89671,0.49189,-0.71748,0.66111,-0.79495,-0.78574,-0.1026,0.039169,0.81955,-0.60678,-0.022013,-0.13159,0.67136,0.77476,0.39242,0.82824,0.067043,-0.93368,0.20473,0.43549,-0.073353,0.20416,-0.80496,-0.62189,0.70927,-0.65124,-0.15132,-0.11575,0.53727,0.38437,-0.1175,0.027931,-0.50689,0.74286,0.91769,-0.78952,-0.11678,0.77557,0,0.90462,-0.46614,0.47249,-0.48049,-0.33443,0.9762,-0.55879,-0.51618,-0.43096,0.97977,0.92707,0.48037,0.22683,0.015313,-0.68909,0.35303,0.30435,0.93297,-0.65542,-0.055719,0.31613,-0.42619,0.054116,0.35092,0.41344,0.20449,-0.12089,0.35371,-0.038671,0.70687,-0.19202,-0.13109,0.80566,0.37518,0.40813,-0.19169,0.61635,0.34434,0.15898,-0.1422,0.91784,0.49753,-0.80698,-0.54991,-0.52069,0.54369,-0.60269,0.49193,0.50867,0.22366,0.58818,0.19362,-0.12048,-0.09286,-0.8599,0.17015,-0.90247,-0.74563,-0.15916,-0.12675,0.041112,0.80034,0.66994
-0.3199,-0.66495,0.74691,0.94143,-0.088872,0.14182,0.17723,-0.41846,0.55827,-0.61142,-0.054964,-0.088077,0.64743,0.57869,0.52131,0.11367,0.55836,0.29066,-0.30683,0.56801,-0.82831,0.21605,-0.49055,-0.63552,-0.75801,0.76736,0.15048,-0.22386,0.47347,-0.44916,-0.59298,-0.11436,0.18662,-0.66306,0.83931,-0.53523,-0.4038,0.68301,0.26937,0.097252,0.21286,0.90462,0,0.36626,-0.94044,0.83867,-0.39817,-0.77603,0.70223,-0.67602,0.41786,0.42194,0.20897,0.44263,0.86036,-0.95156,0.56327,-0.84691,-0.1593,-0.50767,-0.77659,-0.83574,-0.27202,-0.87383,0.2929,-0.11004,-0.6319,0.39656,-0.057231,-0.42956,0.25581,0.36045,0.76748,0.2839,0.44622,0.99422,-0.4129,-0.83699,0.37215,-0.24873,0.49714,0.81462,-0.32555,0.42694,-0.31787,-0.18178,-0.97998,-0.91606,0.2893,-0.23604,-0.13477,-0.90132,0.79733,-0.18234,-0.62538,-0.071108,0.97351,-0.1998,-0.49421,-0.39912,0.81579,0.4968,0.37769,-0.27325,0.31622
-0.41303,-0.21408,0.053567,0.84636,-0.43704,-0.44512,-0.79622,-0.48231,0.24896,0.7536,0.67077,-0.84923,-0.89144,-0.9278,0.14553,-0.10003,0.024722,-0.23176,0.33707,0.30641,-0.47087,0.72106,-0.1801,0.99295,0.78872,0.61822,-0.094033,0.61927,-0.70755,0.81613,-0.55343,0.68097,-0.28352,-0.24156,-0.66126,0.31073,0.85679,-0.97089,0.24462,-0.45115,-0.58184,-0.46614,0.36626,0,-0.8669,0.42585,-0.42647,0.12661,0.94341,-0.45196,-0.96949,0.53518,-0.33548,0.087309,-0.89225,-0.82277,-0.30914,0.6936,0.3362,-0.95774,-0.46022,0.15647,-0.94788,0.012145,0.44266,-0.61467,0.66471,0.037135,-0.093831,0.98951,-0.53892,-0.42026,-0.0072136,0.95369,0.29965,-0.94072,0.65261,-0.70536,0.052446,-0.95558,0.10998,0.57789,-0.73142,0.84062,-0.40902,0.14591,0.72021,-0.015378,0.41543,0.047216,0.42316,0.05878,-0.53401,0.51576,-0.49941,0.864,-0.80358,-0.6074,0.72359,-0.92217,0.16385,0.75583,0.98436,-0.71872,-0.0010698
