,,,,,,,,,,,,,,,,,,,,,,,,,,,,,,,,,,,,,,,,,,,,,,,,,,,,,,,,,,,,,,,,,,,,,,,,,,,,,,,,,,,,,,,,,,,,,,,,,,,,,,,,
0,0.10635,-0.25484,0.61261,0.74345,-0.40502,-0.72822,-0.66812,-0.52485,-0.83463,0.68619,0.24462,0.3317,0.83323,-0.59797,0.20585,0.75882,0.069003,0.43575,0.24036,-0.67847,-0.23669,0.47298,-0.039387,0.3501,-0.71862,0.71821,-0.88007,-0.68914,-0.070167,-0.90124,-0.3059,0.57654,0.24449,0.94321,0.55757,0.03311,0.88687,0.79621,-0.20104,0.32811,0.27168,0.82762,-0.82009,0.22634,-0.35742,-0.73052,0.24593,-0.63252,-0.87343,-0.88178,0.27101,-0.16668,-0.20763,0.9842,-0.49054,0.55611,-0.21891,0.25698,-0.53163,0.58271,0.60832,-0.65683,-0.90453,0.69735,-0.95442,0.96105,0.93157,0.52452,-0.14841,0.93938,-0.92117,-0.94196,0.1293,0.098656,-0.53434,-0.21896,0.2933,0.91541,-0.41903,0.68339,-0.41526,0.75075,0.63096,0.32959,0.60123,-0.77998,-0.72026,0.57581,0.74726,0.85857,-0.99858,0.48291,0.59982,0.25896,0.60857,0.65067,0.29645,-0.59967,0.61511,-0.50029,-0.90047,-0.77467,-0.62611,-0.65758
0.10635,0,0.41274,0.66506,0.15112,-0.021405,-0.41363,-0.35435,0.84073,-0.30109,0.22791,-0.32015,-0.90032,0.93924,0.49766,0.37714,-0.98799,-0.88286,-0.77475,0.50619,0.90321,0.71123,-0.2104,-0.66189,-0.47658,0.51492,0.29064,-0.80503,0.36783,0.27959,0.22341,-0.37835,0.15523,0.12094,-0.86878,0.98741,0.12806,-0.53765,0.69038,-0.75422,-0.99076,0.24137,0.58953,0.93663,0.048441,-0.76046,0.31478,-0.26087,-0.18085,0.20189,-0.28141,-0.087417,-0.36644,0.19776,0.27215,-0.16156,-0.055377,0.5022,-0.58932,0.2512,0.97912,-0.71478,0.060572,0.75298,-0.85915,0.10206,-0.80516,-0.18977,0.63596,-0.1135,0.32982,0.58073,-0.015655,0.65325,0.10372,-0.07902,0.10764,0.15102,-0.75529,0.84684,0.086657,-0.90334,-0.33888,-0.52649,-0.27086,0.27038,-0.34735,-0.57832,-0.036726,0.49859,0.1601,-0.22706,0.58348,0.16907,-0.59315,-0.51329,-0.81333,0.88567,0.70909,-0.51045,0.46915,-0.21206,0.16405,-0.018493,-0.021782
-0.25484,0.41274,0,-0.19212,-0.18981,-0.33428,0.83995,0.68596,-0.9163,0.41,0.022271,-0.39422,-0.62875,-0.55503,-0.66458,0.14753,-0.72407,-0.17371,0.89106,-0.77267,-0.34163,0.99744,0.28596,0.62225,-0.046699,-0.75395,-0.093999,-0.32942,-0.10081,-0.80667,0.64649,-0.02889,0.097503,0.35367,0.7169,0.14043,-0.30465,0.62277,-0.3055,0.89608,0.97198,-0.13284,-0.59436,-0.21721,-0.86277,-0.50209,-0.083498,-0.57002,-0.33955,0.86747,0.13568,0.96614,-0.33766,-0.89557,-0.65756,-0.98454,0.74163,-0.009832,-0.093507,-0.51408,-0.84752,0.49993,0.30369,0.36574,0.61832,0.66068,0.031353,0.28037,0.62486,0.19637,-0.14421,-0.70655,-0.81757,0.88911,-0.86821,0.55772,0.25562,0.41355,0.45775,0.26967,0.063361,-0.71301,0.1745,0.79028,-0.85277,0.53106,-0.6486,-0.50667,0.13385,-0.9304,0.0025079,0.57387,0.51466,0.37328,-0.20826,-0.65237,0.11626,0.67346,0.93591,-0.24314,-0.095466,-0.39005,0.29305,0.18313,0.12922
0.61261,0.66506,-0.19212,0,-0.29587,-0.075635,-0.95798,0.87236,-0.98526,-0.27913,0.96151,0.015511,-0.57303,0.14849,0.43495,0.15834,-0.912,0.24118,0.6527,-0.15768,0.96526,-0.097189,-0.60115,0.28127,-0.22592,-0.21281,-0.81566,-0.0051461,-0.44199,-0.69348,0.084603,0.0026021,0.78652,-0.69221,0.048607,0.98013,-0.042588,-0.34023,-0.56156,-0.5638,-0.60673,0.12208,0.98839,-0.6244,-0.89999,0.5371,-0.24461,0.51567,0.52218,0.36634,-0.40519,-0.74779,0.65546,-0.9979,0.92949,-0.11269,0.73971,0.24331,-0.07478,-0.34442,0.52791,-0.13311,0.18042,-0.9768,-0.19233,-0.39339,0.42634,0.60198,-0.39613,0.92709,-0.11412,0.74248,-0.014731,0.17474,-0.69847,0.65438,-0.75222,0.40407,-0.79665,-0.76475,-0.19921,-0.8032,-0.19702,-0.73591,-0.11036,-0.64264,0.65303,-0.86294,0.038972,0.62708,-0.85472,-0.45407,-0.35684,-0.26963,0.45168,0.98082,0.93126,-0.77743,0.53175,-0.17219,0.19954,-0.29435,-0.89345,-0.98268,-0.0035465
0.74345,0.15112,-0.18981,-0.29587,0,0.022394,-0.38791,0.82303,-0.34113,0.65149,0.63766,-0.025451,-0.92695,0.60889,-0.71334,-0.37792,-0.29514,-0.76159,0.024629,0.60281,0.85572,0.17694,-0.23759,-0.52698,-0.54379,-0.8313,-0.25223,-0.96751,0.87867,-0.89914,-0.50837,0.70281,-0.27769,0.80679,-0.35761,-0.9475,0.39664,-0.87679,-0.49479,-0.94057,0.69442,-0.11486,-0.27341,0.19908,0.68805,-0.86748,0.16316,-0.57616,0.64127,-0.3803,0.06304,0.68091,-0.53965,0.73485,0.6586,-0.19931,0.72242,-0.92285,0.26869,-0.7617,-0.9408,0.67775,0.31526,-0.46857,-0.057015,-0.024856,-0.65997,-0.064896,-0.79089,0.61479,0.55532,-0.6319,-0.073118,0.60711,0.50808,-0.29008,0.11307,0.36482,0.4463,-0.7488,-0.28389,0.41184,-0.83282,0.49581,-0.49877,0.68479,-0.409,-0.2031,0.52726,-0.15612,0.13611,-0.14865,0.87579,0.63759,-0.94518,-0.16682,0.91134,-0.8755,-0.79452,0.67067,-0.047311,0.090699,0.93512,-0.77728,0.058658
-0.40502,-0.021405,-0.33428,-0.075635,0.022394,0,0.46438,-0.72074,-0.78054,-0.63167,-0.7362,-0.89135,0.30839,-0.21818,-0.94732,0.14951,-0.71749,0.14835,0.55914,0.49681,-0.63826,0.97544,-0.1385,-0.75386,0.91742,0.51521,0.13223,0.61569,-0.083803,-0.26383,0.59168,0.24276,0.29913,-0.44554,0.011508,-0.25547,0.59608,-0.71413,-0.74993,0.62851,0.53238,-0.144,-0.20284,-0.93152,0.35338,0.40056,0.68293,0.50926,-0.30692,0.16616,0.83734,0.16989,0.61727,-0.65406,0.072936,0.063622,0.76062,-0.20404,0.38738,0.20063,0.45234,-0.60732,0.80238,-0.83534,0.20825,-0.29235,0.77793,0.067792,0.29256,0.93491,-0.7597,-0.25126,-0.32279,0.077758,0.36157,0.95211,0.042216,-0.4528,0.79082,-0.31172,-0.76703,0.83747,-0.53804,-0.43922,-0.7102,-0.78069,-0.68442,0.43816,0.23238,0.47278,0.26325,0.043732,-0.19104,-0.36717,0.49347,0.66375,0.22947,0.68212,0.55874,0.66875,-0.48273,-0.24819,-0.25983,0.26099,0.081914
-0.72822,-0.41363,0.83995,-0.95798,-0.38791,0.46438,0,-0.77665,-0.95817,-0.54247,-0.015172,-0.20675,0.34959,-0.15502,-0.37688,0.31989,-0.3896,0.81953,-0.39804,-0.99871,-0.88129,-0.91262,0.80957,-0.23748,-0.58365,0.37115,-0.80712,-0.080969,0.4799,-0.8011,0.54877,0.36007,0.13558,0.018593,0.86782,0.52042,0.42868,-0.86875,0.80215,-0.85261,0.23019,0.24449,-0.77451,0.45033,0.84772,0.69119,0.46053,-0.32744,-0.42146,0.82808,0.53063,-0.95385,-0.21848,0.34274,-0.86602,-0.30389,-0.18559,0.64051,0.90078,0.76681,-0.98342,0.94714,0.45368,0.081823,0.48873,0.69916,0.6484,-0.43845,-0.49139,0.13746,0.55391,-0.27948,0.72937,-0.48782,0.070296,0.76755,-0.51869,0.73813,0.44381,-0.55253,0.49389,0.58434,-0.88467,-0.94984,-0.90823,-0.71549,-0.23461,-0.029976,-0.84101,0.19797,0.020355,0.37047,-0.65353,-0.275,-0.010765,-0.98974,-0.92274,-0.47987,0.84261,-0.48322,0.52931,-0.27935,-0.37511,0.15027,0.074755
-0.66812,-0.35435,0.68596,0.87236,0.82303,-0.72074,-0.77665,0,-0.74704,-0.58807,0.12227,0.79255,0.042022,-0.47184,-0.86804,-0.4894,0.079727,0.53565,-0.73578,-0.72816,-0.80747,-0.70345,0.42676,0.13768,0.23078,0.49103,-0.75759,0.092099,-0.86239,0.84212,0.50059,-0.95391,0.71072,-0.49634,-0.59009,-0.6354,-0.66394,-0.18395,-0.37964,-0.18783,-0.11648,-0.89962,0.23596,-0.12914,-0.021148,-0.90377,0.78427,0.2155,-0.51728,0.35317,0.93218,0.70677,0.28091,0.023849,0.73632,-0.98299,-0.3957,-0.20636,0.20051,-0.37665,0.85659,0.4513,-0.83634,0.26285,0.74198,0.1819,-0.82262,0.71583,0.82094,-0.32285,0.57386,-0.18488,0.056877,0.69503,0.73274,0.17981,0.59647,0.48799,-0.47392,-0.31527,0.60423,0.26926,0.46456,0.75366,-0.42144,-0.92588,-0.31287,0.77175,-0.27123,0.29477,-0.11857,-0.31907,-0.26154,-0.053256,0.6286,-0.099527,-0.84186,-0.43666,0.90671,-0.67307,-0.72874,-0.45206,-0.66229,0.37061,-0.44685
-0.52485,0.84073,-0.9163,-0.98526,-0.34113,-0.78054,-0.95817,-0.74704,0,0.53633,-0.68761,0.88755,-0.21999,0.086111,0.8288,-0.96948,-0.85229,-0.76709,0.3379,0.48044,-0.092378,0.34424,-0.36145,-0.53035,-0.82736,0.54777,-0.46334,0.43246,-0.9138,-0.83342,0.77057,0.35973,-0.25698,0.41443,0.7873,-0.90216,0.65073,0.70442,0.72571,-0.70929,0.51911,-0.64422,0.14766,0.07306,0.40547,0.82826,-0.92794,0.81769,0.65184,-0.76961,-0.9064,0.6728,0.26721,0.80212,-0.033526,-0.95803,0.17556,0.21814,0.57047,0.67635,0.16922,-0.69252,-0.36867,0.064015,0.46239,-0.56582,0.31502,0.61467,0.18921,-0.77982,0.82376,-0.22727,-0.78515,-0.65995,0.71144,0.84288,-0.84462,-0.22206,0.2235,-0.52931,0.22896,-0.84369,-0.48499,-0.78527,0.12226,0.42873,0.77766,-0.57671,0.72422,-0.0043709,0.047434,0.70639,-0.31504,-0.22102,-0.5561,0.36935,-0.14797,-0.3325,0.1886,0.7928,0.21344,-0.56394,0.060232,-0.26666,0.48908
-0.83463,-0.30109,0.41,-0.27913,0.65149,-0.63167,-0.54247,-0.58807,0.53633,0,-0.64001,-0.20695,-0.27351,-0.079051,0.26378,0.67829,0.82602,0.84642,0.20023,0.44043,0.25296,-0.95916,0.8952,-0.22313,0.42309,-0.61215,-0.47334,-0.22025,-0.97616,0.028547,0.77917,0.90809,0.84994,0.75735,-0.9478,0.36824,-0.68966,0.65851,-0.80474,0.13963,-0.98687,-0.34659,0.5932,-0.99618,-0.45786,0.30353,-0.21047,-0.39689,0.86073,0.6902,0.36174,0.52927,0.69765,0.1387,0.6183,0.87774,0.32487,-0.062553,-0.23738,0.87526,0.85875,-0.91222,0.84384,0.22221,-0.6499,0.60213,0.75367,0.37473,-0.28013,0.34246,-0.34995,0.47578,0.66533,-0.42752,-0.77187,-0.86285,-0.54658,-0.42509,-0.9744,-0.2295,0.6321,0.08805,-0.11004,-0.44083,-0.70653,0.89237,-0.51191,0.98314,-0.64313,0.13169,0.52874,-0.26849,0.22975,-0.079924,0.26381,-0.11862,-0.4309,0.45412,0.0095772,0.01987,0.8274,-0.25461,-0.75331,-0.9392,0.08103
0.68619,0.22791,0.022271,0.96151,0.63766,-0.7362,-0.015172,0.12227,-0.68761,-0.64001,0,0.058287,-0.93155,0.8951,0.18059,0.58247,-0.95449,0.25856,-0.97738,-0.86373,0.12858,0.33625,-0.39985,-0.24656,-0.11485,-0.85593,-0.82856,-0.96637,0.89389,-0.77012,0.70247,0.27068,0.097956,-0.68164,0.84135,0.98333,-0.073184,-0.2133,0.75618,0.76219,0.13623,-0.33955,-0.63122,-0.00064242,0.81426,-0.60652,-0.78525,0.80467,-0.27713,0.87858,0.6995,0.76008,0.18494,0.46086,-0.60094,-0.77563,-0.41041,0.014559,-0.061282,-0.33818,0.50251,0.62835,0.40408,-0.85316,-0.32799,-0.063545,-0.92087,0.43723,-0.10712,-0.55825,-0.68949,-0.98017,0.39571,-0.91147,0.19564,-0.64256,-0.034277,-0.21809,-0.044835,-0.5919,-0.48102,0.96033,-0.60671,-0.2428,-0.46337,0.17454,-0.83993,-0.62488,-0.23209,0.97796,-0.20951,-0.97225,0.93254,-0.71748,-0.86119,-0.058133,0.94903,0.83753,-0.5872,0.98228,-0.71896,-0.79223,0.44898,-0.01655,0.732
0.24462,-0.32015,-0.39422,0.015511,-0.025451,-0.89135,-0.20675,0.79255,0.88755,-0.20695,0.058287,0,0.73262,-0.12233,0.16894,-0.2147,0.37888,0.79962,-0.036032,-0.8878,0.4133,0.32569,0.24731,-0.54016,0.0010246,0.92833,-0.82044,0.68777,-0.041555,0.23468,0.14528,0.70232,-0.29803,-0.48113,-0.71271,-0.1491,-0.91028,0.26171,-0.90499,0.45565,-0.96297,0.112,-0.25813,-0.75146,-0.84968,0.77527,-0.13791,-0.85267,0.77631,0.82299,-0.45908,0.078148,0.916,-0.046592,0.23507,0.60114,-0.32616,0.46383,-0.37365,0.97069,0.36901,0.060825,0.2255,-0.62113,-0.31537,0.73876,0.48044,0.10367,-0.63712,-0.52055,0.74221,-0.55458,-0.63368,0.58719,-0.38877,-0.016965,0.45374,0.80755,-0.20912,-0.63009,0.61029,0.7954,-0.41805,-0.75965,-0.93943,-0.12908,-0.46041,0.85674,0.021741,0.66001,0.69508,0.97692,-0.63051,-0.45295,-0.58868,0.84496,-0.024524,-0.81795,-0.4914,0.0030756,0.8038,-0.15905,-0.93896,-0.78329,0.55804
0.3317,-0.90032,-0.62875,-0.57303,-0.92695,0.30839,0.34959,0.042022,-0.21999,-0.27351,-0.93155,0.73262,0,0.033033,-0.5429,-0.66849,0.56889,-0.26057,-0.67366,-0.075394,0.74156,0.37865,0.16049,-0.9064,-0.069686,0.26477,-0.7629,0.79356,0.96514,-0.62648,0.28337,0.39989,-0.77042,-0.77466,-0.2675,-0.2389,0.86601,0.76329,0.75366,-0.099792,-0.19955,0.97762,0.24135,0.14785,-0.018312,0.97642,0.39839,0.98939,-0.87713,0.045484,-0.2019,0.93164,0.62794,0.21621,0.93488,0.77015,0.12187,0.74608,0.71892,0.86729,0.26516,0.85111,-0.83844,-0.69141,-0.096042,0.0061468,0.16855,-0.4147,-0.56614,-0.50394,0.99794,0.57355,0.98017,-0.80776,-0.44166,-0.54541,-0.79322,-0.61662,-0.17205,-0.33664,0.9225,-0.53236,0.05074,0.40012,-0.94289,0.31763,0.75729,0.3835,0.78209,-0.19554,0.24841,0.37535,0.0022192,0.32266,-0.080027,0.25363,0.80972,-0.64519,0.68147,0.0015441,-0.31583,0.44852,0.023814,0.69006,-0.48823
0.83323,0.93924,-0.55503,0.14849,0.60889,-0.21818,-0.15502,-0.47184,0.086111,-0.079051,0.8951,-0.12233,0.033033,0,0.22051,0.94621,-0.47918,0.80954,0.90129,0.26493,-0.47319,-0.63852,-0.22165,0.471,-0.96332,0.44882,-0.2042,-0.52319,0.20351,0.70975,0.86274,0.26653,0.14905,0.67901,0.50561,-0.44322,0.46554,0.61807,0.17261,-0.71703,0.49618,-0.72605,0.22397,-0.95309,-0.754,0.46495,-0.58197,-0.80087,-0.38333,0.72197,0.82109,-0.045617,0.27839,-0.36752,0.73327,-0.2076,-0.6478,-0.58889,-0.98736,-0.13307,-0.18109,-0.90787,-0.42521,-0.71976,-0.77719,-0.8158,0.52038,0.97529,0.65682,-0.32768,-0.65837,0.48007,-0.45453,-0.49319,0.16619,0.14554,0.97125,-0.025875,-0.64093,0.12732,-0.79858,0.80908,0.057157,0.14392,0.29565,-0.010857,-0.50927,0.21095,0.49562,0.12212,0.33701,0.44668,0.0046627,-0.56244,0.15603,-0.2245,-0.26361,0.095251,0.77199,0.27704,-0.64394,-0.95929,0.96311,0.91233,0.47011
-0.59797,0.49766,-0.66458,0.43495,-0.71334,-0.94732,-0.37688,-0.86804,0.8288,0.26378,0.18059,0.16894,-0.5429,0.22051,0,0.95538,0.36614,-0.061095,0.013401,0.61703,-0.16319,-0.57596,0.4262,-0.53843,0.20691,-0.98804,0.79404,-0.95282,-0.18967,0.33895,0.13695,-0.79498,0.70516,-0.83285,0.0032277,-0.48478,0.44683,0.45733,0.71309,-0.54414,-0.21196,-0.48116,-0.58283,0.87487,-0.4494,0.91796,0.24124,0.94652,0.5298,-0.76983,0.1737,0.19616,-0.21767,-0.46207,-0.081477,0.10066,0.71078,-0.33972,0.39248,0.23998,0.50763,-0.19978,-0.26226,0.82453,-0.62311,-0.63899,-0.42577,-0.47345,0.63231,-0.68547,0.70106,0.048174,-0.79651,0.22945,0.33744,-0.58258,0.29774,-0.13056,0.36153,0.46607,0.20028,-0.31204,0.3225,-0.73863,-0.28901,0.90216,0.99457,0.17316,-0.054985,-0.73496,-0.29197,0.33157,0.084186,0.29682,-0.11224,0.2404,0.16094,-0.19177,-0.25458,-0.0093118,0.053552,0.2072,0.77012,0.51384,0.65373
0.20585,0.37714,0.14753,0.15834,-0.37792,0.14951,0.31989,-0.4894,-0.96948,0.67829,0.58247,-0.2147,-0.66849,0.94621,0.95538,0,0.17738,-0.70337,-0.0067932,-0.84192,-0.93856,0.16146,0.41127,0.36872,-0.3446,-0.51031,0.39752,-0.41281,-0.144,-0.54904,-0.70794,-0.50721,0.37001,-0.96288,-0.063428,-0.13202,-0.59475,-0.75462,-0.76504,-0.66592,-0.65586,-0.19849,0.59419,-0.32704,0.96167,-0.80624,0.042169,-0.73571,0.49244,0.26846,0.57599,0.65135,0.73646,-0.45965,0.37793,-0.89233,0.69992,-0.32288,-0.7912,0.44549,-0.26336,-0.87204,0.89797,0.74482,0.64265,0.76447,-0.25155,0.54604,0.5288,-0.77169,0.41078,-0.83524,0.95271,0.38815,0.10119,0.32042,0.23085,-0.43414,0.79744,0.14627,0.94839,0.17831,-0.01262,-0.11646,0.6634,0.9032,0.87656,0.029773,-0.68109,0.61381,-0.1694,-0.035256,0.14497,-0.43376,0.78109,0.8232,0.47073,-0.3874,0.93905,-0.49507,-0.43268,0.68558,-0.80181,-0.0083951,0.65039
0.75882,-0.98799,-0.72407,-0.912,-0.29514,-0.71749,-0.3896,0.079727,-0.85229,0.82602,-0.95449,0.37888,0.56889,-0.47918,0.36614,0.17738,0,-0.95854,0.75167,0.60895,0.90061,-0.92111,-0.81182,-0.72518,-0.73783,-0.015196,0.74802,0.29952,-0.58444,0.6743,-0.73124,-0.94008,-0.87201,0.28404,-0.78288,-0.93684,-0.41207,-0.2439,0.78365,-0.61766,-0.84669,0.9122,-0.096211,0.80623,-0.88024,-0.67196,0.41129,0.50698,-0.78415,0.91923,-0.68386,0.098508,-0.58159,-0.98456,-0.12157,0.31709,-0.57091,-0.32665,-0.38357,0.90251,0.29816,0.46064,0.88562,0.031271,-0.45426,0.012337,-0.55879,-0.38222,0.75003,-0.10168,0.22688,-0.083176,-0.21223,-0.40492,0.33034,-0.73993,0.94908,0.52551,-0.6415,0.9349,0.33082,-0.89544,0.014523,-0.73874,-0.59789,0.44646,0.92983,-0.57127,-0.79088,0.42713,-0.13069,-0.022254,-0.59318,-0.48079,0.52838,-0.79706,-0.52007,0.12258,0.70202,-0.59374,0.27333,-0.14234,-0.80143,-0.072629,-0.40726
0.069003,-0.88286,-0.17371,0.24118,-0.76159,0.14835,0.81953,0.53565,-0.76709,0.84642,0.25856,0.79962,-0.26057,0.80954,-0.061095,-0.70337,-0.95854,0,-0.27923,-0.55674,0.20677,0.64186,-0.42353,-0.12482,-0.81232,-0.29765,0.6337,-0.45617,0.836,0.38638,0.52838,0.45891,0.22677,0.23226,-0.20543,0.12463,-0.73793,-0.077487,-0.13854,-0.85228,0.049323,-0.81089,0.96207,-0.56659,0.62702,-0.57107,-0.39522,0.47932,0.28966,-0.073155,0.78301,-0.24019,0.531,0.54938,-0.37171,-0.30058,0.83771,0.47304,-0.90488,0.18846,0.8649,-0.62025,0.50858,0.17682,-0.31961,-0.97514,0.025942,0.21803,0.1954,0.17963,0.18729,0.77686,0.62245,0.92794,-0.55385,-0.008981,0.83773,-0.3736,-0.28314,0.90948,0.19504,0.33637,-0.10039,0.79799,0.64985,0.40381,-0.39342,0.33009,0.077611,-0.25795,-0.74597,-0.72618,0.50889,0.088697,0.82786,-0.36208,-0.4418,0.17919,-0.23315,0.56641,0.77613,0.74182,-0.56114,0.54554,-0.45611
0.43575,-0.77475,0.89106,0.6527,0.024629,0.55914,-0.39804,-0.73578,0.3379,0.20023,-0.97738,-0.036032,-0.67366,0.90129,0.013401,-0.0067932,0.75167,-0.27923,0,-0.93841,-0.80742,-0.77844,-0.01172,-0.74027,0.2246,-0.46876,0.52592,-0.89204,0.91145,-0.32529,-0.37727,-0.19957,0.86629,0.089358,0.7054,-0.79647,0.73844,-0.96203,0.12259,0.24972,0.0032385,0.032313,0.25933,0.65547,0.7306,0.72746,-0.6044,0.034682,0.72431,-0.5771,-0.095051,0.86541,0.35421,0.40702,-0.3128,0.041521,0.1503,0.81122,-0.33547,0.072374,-0.079681,-0.38425,0.63199,0.29703,-0.46477,0.91654,0.91718,0.0077981,0.83866,-0.85397,0.77949,-0.84405,-0.64365,-0.98221,0.87554,0.69303,0.62809,-0.1827,-0.86708,0.85548,0.58245,0.80234,0.92246,-0.35194,0.12122,-0.3997,0.76677,0.56593,-0.70775,0.10821,0.84664,0.27289,-0.46935,-0.70616,0.42551,0.88394,0.13948,-0.40007,0.85718,-0.17272,0.30166,-0.61139,-0.01809,-0.49226,0.51174
0.24036,0.50619,-0.77267,-0.15768,0.60281,0.49681,-0.99871,-0.72816,0.48044,0.44043,-0.86373,-0.8878,-0.075394,0.26493,0.61703,-0.84192,0.60895,-0.55674,-0.93841,0,0.87923,-0.27742,-0.084523,-0.1077,0.15735,-0.1361,0.74042,0.22772,-0.21,0.13674,0.032553,-0.86791,-0.51134,0.80438,0.4046,-0.34629,-0.69773,-0.89043,0.71316,-0.13321,0.76833,-0.29305,0.61327,0.79089,-0.71833,0.49356,0.80972,0.80216,-0.51754,0.37427,-0.92181,0.050213,-0.41998,-0.25024,0.0072046,-0.36167,0.7681,-0.43944,0.54892,-0.64019,0.92596,-0.55858,0.39151,-0.45074,-0.8981,-0.013119,-0.94707,-0.011152,-0.044516,-0.98757,-0.60663,-0.88874,0.50967,-0.41854,0.1632,0.35271,0.0096671,0.56129,-0.15377,-0.85941,0.93027,-0.74972,-0.7543,-0.45406,0.6552,0.69735,-0.33664,0.24793,0.82921,-0.85283,0.88684,0.24921,-0.43582,-0.60405,-0.64577,-0.42978,0.10093,-0.037501,-0.60582,0.60363,0.61655,0.52924,-0.029714,-0.59591,-0.23104
-0.67847,0.90321,-0.34163,0.96526,0.85572,-0.63826,-0.88129,-0.80747,-0.092378,0.25296,0.12858,0.4133,0.74156,-0.47319,-0.16319,-0.93856,0.90061,0.20677,-0.80742,0.87923,0,0.30974,-0.96716,0.52595,0.97336,0.86168,-0.20378,0.60566,-0.64216,0.13174,0.2024,0.054721,-0.92598,0.55109,-0.64127,-0.23039,0.23327,0.63642,0.79055,-0.97595,-0.024491,0.87126,0.17743,-0.17198,0.7273,-0.80573,-0.58309,0.043886,-0.4158,-0.45909,-0.024881,-0.36535,0.089557,0.71689,0.4729,0.76924,0.91942,0.88702,0.64536,-0.21372,-0.27773,0.14824,0.95152,0.69219,0.54979,0.70895,-0.68232,-0.17076,0.34646,-0.09956,-0.64829,-0.38667,-0.19473,0.21529,-0.63043,-0.24363,-0.34256,0.37823,-0.78081,0.39564,-0.92619,-0.16743,-0.33884,0.32211,0.22812,-0.284,0.54441,-0.10867,0.1848,-0.18253,0.74042,-0.85429,0.53131,-0.38246,-0.58868,-0.16996,0.64328,0.41892,-0.26118,0.70354,-0.64311,-0.74705,-0.12064,0.23613,-0.75627
-0.23669,0.71123,0.99744,-0.097189,0.17694,0.97544,-0.91262,-0.70345,0.34424,-0.95916,0.33625,0.32569,0.37865,-0.63852,-0.57596,0.16146,-0.92111,0.64186,-0.77844,-0.27742,0.30974,0,-0.37824,0.070924,0.7355,0.062565,-0.44788,0.86162,0.22576,-0.74414,-0.32257,0.74745,-0.51649,0.12538,-0.91725,0.84163,0.87196,0.21126,0.56591,0.22483,-0.045606,0.44986,0.12932,-0.068119,0.92816,-0.66031,-0.18286,0.46349,0.058865,0.77982,0.0052733,0.026026,0.027366,-0.82387,-0.27101,0.90363,0.20175,-0.27568,-0.87671,0.47311,0.40914,0.16361,-0.98654,0.26694,-0.95987,-0.46765,0.55215,0.050223,-0.96602,-0.20693,-0.15607,-0.51746,-0.75303,-0.33867,-0.39271,0.46852,0.67427,0.67147,-0.77387,0.14283,0.5199,0.47337,0.90903,0.96874,0.14685,0.87673,-0.74586,0.21882,0.9267,0.2316,-0.28039,-0.23665,-0.055881,0.66023,-0.5003,-0.05335,-0.13426,0.7174,-0.19832,0.42648,0.33928,0.7337,0.43276,-0.56331,0.57498
0.47298,-0.2104,0.28596,-0.60115,-0.23759,-0.1385,0.80957,0.42676,-0.36145,0.8952,-0.39985,0.24731,0.16049,-0.22165,0.4262,0.41127,-0.81182,-0.42353,-0.01172,-0.084523,-0.96716,-0.37824,0,-0.34266,0.99174,-0.48706,0.49181,0.61369,-0.81398,-0.67543,0.66687,0.58153,0.82766,-0.67471,-0.14765,-0.64271,0.27835,-0.87373,-0.8336,-0.67973,-0.31789,-0.66744,-0.080521,0.67181,-0.51913,0.55589,0.41391,0.77108,-0.10051,-0.58744,0.76672,-0.45178,-0.46472,-0.64086,0.54169,-0.72469,0.11871,0.16353,0.48791,0.40131,-0.41037,0.98909,0.57931,-0.9688,0.28944,-0.91019,0.8449,-0.55231,-0.013899,0.67909,-0.50399,-0.16474,0.49919,0.79728,0.51459,-0.67328,-0.078031,-0.29303,-0.028054,-0.42741,0.56234,-0.3486,-0.39023,0.38034,0.90529,-0.49123,0.15093,-0.022259,0.19485,0.35732,-0.89645,0.13962,-0.84029,-0.12414,-0.18923,-0.53282,0.61442,0.8914,-0.6976,0.8379,0.74488,-0.8989,-0.95614,-0.045523,0.32081
-0.039387,-0.66189,0.62225,0.28127,-0.52698,-0.75386,-0.23748,0.13768,-0.53035,-0.22313,-0.24656,-0.54016,-0.9064,0.471,-0.53843,0.36872,-0.72518,-0.12482,-0.74027,-0.1077,0.52595,0.070924,-0.34266,0,0.033262,-0.5427,0.50026,0.70681,-0.92956,0.59752,0.81004,-0.64984,-0.93555,-0.19731,-0.013436,-0.99956,-0.15681,0.77299,-0.30101,-0.66653,0.66021,0.33862,0.081039,-0.36416,0.58365,0.1503,-0.82562,-0.066336,0.20182,-0.84424,-0.51812,0.76141,0.70801,-0.017928,-0.0062155,-0.82669,-0.20696,-0.81209,0.051635,0.98325,0.35354,-0.92189,-0.77815,-0.10096,0.96611,-0.31086,-0.27358,0.51731,0.83894,0.35194,0.17178,0.564,0.52247,-0.95982,-0.060726,0.89157,-0.39839,-0.62612,0.035393,0.44158,-0.89084,-0.22035,-0.1326,0.047132,-0.99406,-0.88687,0.9324,-0.64552,-0.35243,-0.51057,0.084688,-0.79318,-0.60649,-0.19145,0.23793,-0.66743,0.44518,0.92976,0.015823,-0.12687,-0.07095,0.75908,-0.91148,0.58575,-0.70139
0.3501,-0.47658,-0.046699,-0.22592,-0.54379,0.91742,-0.58365,0.23078,-0.82736,0.42309,-0.11485,0.0010246,-0.069686,-0.96332,0.20691,-0.3446,-0.73783,-0.81232,0.2246,0.15735,0.97336,0.7355,0.99174,0.033262,0,0.18257,0.13059,0.73514,-0.27103,0.82128,0.045195,0.13987,0.17756,0.64819,0.48642,0.095734,-0.0015099,-0.57738,-0.15053,-0.78256,-0.044692,0.68013,-0.28825,0.5534,0.23277,-0.20636,0.14813,0.14449,0.7904,0.82461,0.5397,-0.49139,-0.19546,0.38485,-0.36486,-0.63184,-0.14276,0.026333,-0.75966,0.084155,-0.28862,-0.42928,-0.48497,-0.83792,0.8527,0.087616,-0.074951,0.19578,0.13083,-0.89148,0.35819,0.20636,0.21207,0.61444,-0.81804,0.83154,-0.51048,-0.99639,-0.51629,0.28856,-0.13568,-0.01743,-0.872,0.60806,-0.77085,0.75414,0.43143,0.51504,0.81761,-0.19613,0.37584,0.96344,-0.30022,0.85104,0.1948,0.64462,0.90924,0.49483,-0.52348,-0.89533,-0.33752,-0.083591,-0.057215,0.31002,-0.2936
-0.71862,0.51492,-0.75395,-0.21281,-0.8313,0.51521,0.37115,0.49103,0.54777,-0.61215,-0.85593,0.92833,0.26477,0.44882,-0.98804,-0.51031,-0.015196,-0.29765,-0.46876,-0.1361,0.86168,0.062565,-0.48706,-0.5427,0.18257,0,0.87119,-0.78958,0.053576,-0.56848,0.76088,0.18513,0.69762,0.38369,-0.41603,0.11745,0.32015,-0.22086,0.25361,-0.78564,0.32664,0.070306,-0.65873,-0.27874,0.87651,0.90992,0.05368,0.76445,-0.97787,-0.57069,0.56761,0.94387,-0.64044,0.26516,-0.60259,-0.41988,-0.39426,0.22747,0.53784,0.85934,-0.25662,0.90501,0.029425,-0.41758,0.50289,-0.78923,-0.48038,-0.82278,-0.63084,0.84825,-0.22967,-0.30253,-0.24905,0.19588,-0.1951,-0.48045,-0.23151,-0.72313,0.71897,-0.49855,0.67746,-0.55927,0.14143,-0.12452,0.35627,0.075283,-0.13532,-0.59955,-0.4027,-0.45054,0.23715,0.50919,0.08132,-0.29265,0.52043,0.62403,0.0012908,0.094826,0.40448,-0.3113,-0.062732,0.94607,-0.72889,0.45091,-0.33964
0.71821,0.29064,-0.093999,-0.81566,-0.25223,0.13223,-0.80712,-0.75759,-0.46334,-0.47334,-0.82856,-0.82044,-0.7629,-0.2042,0.79404,0.39752,0.74802,0.6337,0.52592,0.74042,-0.20378,-0.44788,0.49181,0.50026,0.13059,0.87119,0,-0.97,-0.75129,-0.60572,-0.79575,-0.3832,0.67859,0.082325,-0.9757,-0.6885,0.39527,0.34661,-0.84708,0.65022,0.79425,0.012144,-0.72346,0.28257,0.4251,0.27137,-0.078345,0.88662,0.60563,-0.74749,-0.55013,0.80646,0.94186,0.38173,0.52009,-0.64876,0.92867,0.0081068,-0.86911,0.22234,0.33976,0.32134,-0.52869,0.43831,-0.7208,0.30231,-0.80438,0.499,0.81764,0.47053,-0.48471,0.97796,-0.68312,-0.70766,-0.028833,-0.87846,0.59528,0.99067,0.19895,0.75237,-0.51449,0.93247,0.95397,0.15701,0.56056,-0.87473,0.98045,0.69917,0.74527,0.33663,0.51287,-0.88603,-0.80253,0.59694,-0.55433,-0.22997,-0.44432,-0.23491,0.61074,-0.066146,0.20528,0.39386,-0.10366,-0.26453,0.71845
-0.88007,-0.80503,-0.32942,-0.0051461,-0.96751,0.61569,-0.080969,0.092099,0.43246,-0.22025,-0.96637,0.68777,0.79356,-0.52319,-0.95282,-0.41281,0.29952,-0.45617,-0.89204,0.22772,0.60566,0.86162,0.61369,0.70681,0.73514,-0.78958,-0.97,0,-0.52635,-0.26599,-0.030402,-0.66254,-0.99406,-0.98111,-0.26273,-0.41254,0.55815,0.81757,-0.18506,-0.713,0.23924,-0.45025,0.11915,0.26318,0.26627,0.14498,-0.070966,0.83023,0.94138,-0.18266,0.99624,0.33589,0.036837,-0.53126,-0.44679,-0.16429,-0.99944,-0.9394,0.16261,-0.24966,-0.53063,0.091025,-0.11109,0.99022,0.61154,-0.062918,0.78325,-0.91336,0.32944,0.55476,-0.068086,-0.29683,0.94922,0.99664,-0.18996,0.24232,-0.38523,0.69867,-0.25104,0.43503,-0.1415,-0.051329,0.80709,0.49764,-0.39396,0.095944,-0.070896,0.27533,0.42465,-0.47848,0.91242,-0.45259,-0.028713,0.25968,0.55994,-0.84056,0.75324,-0.43013,-0.72473,0.39109,-0.78584,-0.079327,-0.37626,0.44696,-0.038603
-0.68914,0.36783,-0.10081,-0.44199,0.87867,-0.083803,0.4799,-0.86239,-0.9138,-0.97616,0.89389,-0.041555,0.96514,0.20351,-0.18967,-0.144,-0.58444,0.836,0.91145,-0.21,-0.64216,0.22576,-0.81398,-0.92956,-0.27103,0.053576,-0.75129,-0.52635,0,-0.90354,0.93457,0.74971,0.30661,-0.32759,-0.07987,-0.69557,-0.13851,-0.77876,0.95925,0.028857,-0.49117,0.27199,-0.81043,0.3528,-0.014006,0.30162,0.11366,0.55193,0.52657,0.35312,0.71693,-0.056349,-0.090635,0.62319,0.85365,-0.43668,0.66883,-0.43206,0.67406,0.74414,0.7011,-0.91329,-0.99873,0.8188,0.097352,-0.63283,0.49253,-0.76527,0.69729,0.065348,-0.37129,-0.68847,0.22523,0.15354,0.28223,-0.89439,0.18489,0.45808,-0.88949,0.28731,-0.33989,-0.72861,0.73675,-0.72574,0.28748,-0.86878,-0.75707,0.54726,0.36868,-0.87654,0.16016,0.43562,0.92937,-0.76073,0.24972,-0.33507,-0.82627,0.66226,0.30282,0.6031,0.17609,-0.36624,0.90028,-0.52503,-0.51711
-0.070167,0.27959,-0.80667,-0.69348,-0.89914,-0.26383,-0.8011,0.84212,-0.83342,0.028547,-0.77012,0.23468,-0.62648,0.70975,0.33895,-0.54904,0.6743,0.38638,-0.32529,0.13674,0.13174,-0.74414,-0.67543,0.59752,0.82128,-0.56848,-0.60572,-0.26599,-0.90354,0,0.93512,0.93899,0.77206,-0.025994,-0.93894,0.25125,-0.68617,-0.51311,0.91913,-0.53112,0.49281,0.77315,0.58283,-0.47856,0.1128,-0.40638,-0.013037,-0.22988,0.74956,0.55345,-0.80764,0.3893,0.75481,0.38,-0.23887,-0.041729,-0.86863,0.9587,-0.079704,-0.63523,-0.76843,-0.048597,0.7618,0.34103,-0.70623,0.31282,-0.80466,-0.82187,-0.20561,-0.36733,0.45343,-0.83554,-0.18236,-0.73421,-0.81899,0.044834,0.85578,0.57323,0.32595,0.42631,-0.36318,-0.0052881,-0.59453,0.67522,-0.23241,-0.86244,-0.35693,0.12246,-0.95443,0.47122,-0.44718,-0.8256,-0.12359,-0.16948,0.6806,-0.65943,0.50526,0.57082,0.58172,-0.053269,0.20247,-0.82027,0.87327,-0.19481,0.6613
-0.90124,0.22341,0.64649,0.084603,-0.50837,0.59168,0.54877,0.50059,0.77057,0.77917,0.70247,0.14528,0.28337,0.86274,0.13695,-0.70794,-0.73124,0.52838,-0.37727,0.032553,0.2024,-0.32257,0.66687,0.81004,0.045195,0.76088,-0.79575,-0.030402,0.93457,0.93512,0,-0.87701,0.38334,-0.17601,0.51089,-0.54961,-0.35767,0.49896,0.0035729,0.51242,-0.29753,0.58674,-0.75662,0.44513,0.1394,-0.58197,-0.59347,0.72051,0.735,0.50306,-0.49686,-0.50463,0.46437,0.35165,-0.14186,0.17531,0.71192,0.4687,0.31148,-0.96121,0.78414,0.49023,-0.81095,-0.015906,-0.86254,-0.73958,0.19535,0.15546,-0.91301,0.32972,-0.61984,0.34164,0.51337,0.37878,-0.5848,-0.58205,-0.5167,-0.19259,0.26883,0.51719,-0.17134,0.10032,0.90519,0.21891,0.44192,-0.36066,-0.89575,0.1205,0.065254,-0.50895,-0.43124,-0.60442,0.25385,-0.35265,-0.36747,-0.78689,-0.41828,0.68837,-0.17755,0.26061,-0.93629,0.5778,0.48037,0.18615,-0.46571
-0.3059,-0.37835,-0.02889,0.0026021,0.70281,0.24276,0.36007,-0.95391,0.35973,0.90809,0.27068,0.70232,0.39989,0.26653,-0.79498,-0.50721,-0.94008,0.45891,-0.19957,-0.86791,0.054721,0.74745,0.58153,-0.64984,0.13987,0.18513,-0.3832,-0.66254,0.74971,0.93899,-0.87701,0,0.41433,-0.36893,0.74824,-0.63614,0.77441,-0.50683,-0.58412,0.43008,-0.80142,-0.05269,0.5286,0.9336,-0.9905,0.42098,-0.31031,-0.39244,-0.61572,-0.99813,0.15236,-0.51157,0.34719,-0.45869,0.013143,0.66391,0.78725,0.010254,-0.76938,-0.83674,-0.25779,0.25185,0.06376,-0.41087,0.61509,0.92338,0.85674,-0.20105,-0.91348,0.87683,0.58171,-0.58335,0.41087,0.20416,-0.88183,-0.54887,0.09555,0.87335,-0.2844,0.81062,-0.4023,0.61821,-0.8754,-0.48372,-0.2563,-0.69065,-0.66269,-0.60522,-0.84886,0.30456,0.49588,-0.9521,0.77562,0.38019,-0.27512,-0.95185,-0.97173,-0.91747,0.37069,0.045721,-0.54125,-0.236,0.73816,-0.28064,0.67736
0.57654,0.15523,0.097503,0.78652,-0.27769,0.29913,0.13558,0.71072,-0.25698,0.84994,0.097956,-0.29803,-0.77042,0.14905,0.70516,0.37001,-0.87201,0.22677,0.86629,-0.51134,-0.92598,-0.51649,0.82766,-0.93555,0.17756,0.69762,0.67859,-0.99406,0.30661,0.77206,0.38334,0.41433,0,0.73261,0.69577,0.39293,0.59926,-0.23823,0.8255,-0.52584,0.84061,-0.28458,0.47655,-0.46437,-0.62576,0.21276,-0.69022,0.56396,0.11919,0.2763,0.85055,0.28623,0.7134,-0.19055,-0.30896,0.17164,0.029285,0.17392,-0.094518,-0.93007,-0.73037,-0.63518,0.38442,-0.53491,-0.59205,0.53945,0.35057,0.68811,0.791,-0.22417,0.81552,-0.98868,0.83694,0.79347,-0.58055,0.8249,-0.36068,-0.46838,0.021814,-0.53227,-0.99102,0.70972,-0.83442,0.82005,0.043627,-0.78445,-0.40141,0.65001,-0.12297,0.23451,-0.45817,0.62862,0.88557,0.10212,0.087768,-0.51846,-0.060141,0.75348,-0.12896,0.13044,0.45707,-0.90005,0.91423,-0.61634,0.88679
0.24449,0.12094,0.35367,-0.69221,0.80679,-0.44554,0.018593,-0.49634,0.41443,0.75735,-0.68164,-0.48113,-0.77466,0.67901,-0.83285,-0.96288,0.28404,0.23226,0.089358,0.80438,0.55109,0.12538,-0.67471,-0.19731,0.64819,0.38369,0.082325,-0.98111,-0.32759,-0.025994,-0.17601,-0.36893,0.73261,0,0.080622,0.83678,0.20011,0.22802,0.46068,0.20143,0.87817,-0.75169,0.77055,0.76451,-0.1791,-0.64418,0.66835,-0.91294,-0.81628,-0.84887,-0.34478,-0.11733,0.070876,0.26694,-0.073358,-0.049134,0.49975,0.059046,0.22626,-0.54159,0.77867,0.23918,-0.94115,-0.8325,-0.79135,0.87899,0.67247,-0.12255,0.36562,0.0036326,-0.26638,-0.23456,0.78808,0.17125,-0.068593,-0.98141,-0.96011,-0.43788,-0.97143,0.28587,-0.20205,0.86932,-0.071814,0.13647,-0.11892,0.49056,-0.101,0.72513,0.69312,0.93414,0.60674,-0.53219,0.78891,-0.10539,0.69135,-0.89316,0.52808,0.16209,0.71017,-0.66972,-0.73692,0.91845,-0.91352,-0.28089,0.59083
0.94321,-0.86878,0.7169,0.048607,-0.35761,0.011508,0.86782,-0.59009,0.7873,-0.9478,0.84135,-0.71271,-0.2675,0.50561,0.0032277,-0.063428,-0.78288,-0.20543,0.7054,0.4046,-0.64127,-0.91725,-0.14765,-0.013436,0.48642,-0.41603,-0.9757,-0.26273,-0.07987,-0.93894,0.51089,0.74824,0.69577,0.080622,0,0.87697,-0.069481,-0.4868,-0.69448,-0.0020448,0.18024,0.15669,0.65784,-0.23092,-0.83002,0.33244,-0.39434,-0.92763,-0.99789,0.12441,0.54321,0.095849,-0.19542,-0.56696,0.78951,-0.42044,0.85932,-0.94915,-0.28822,0.85064,0.50622,0.81628,-0.92329,-0.51229,-0.87292,0.15737,-0.87744,-0.38074,0.56531,-0.71209,-0.65933,-0.28312,0.71079,-0.54258,-0.28202,0.22899,-0.30462,0.32737,0.45721,-0.088333,-0.62639,-0.81736,-0.7505,0.034436,-0.7737,-0.40332,-0.41543,-0.59562,0.75254,-0.92246,0.18502,-0.50043,0.95242,0.070523,-0.28151,0.86849,-0.52158,-0.82865,-0.23482,-0.98771,-0.90299,0.53273,-0.72984,0.86429,-0.84573
0.55757,0.98741,0.14043,0.98013,-0.9475,-0.25547,0.52042,-0.6354,-0.90216,0.36824,0.98333,-0.1491,-0.2389,-0.44322,-0.48478,-0.13202,-0.93684,0.12463,-0.79647,-0.34629,-0.23039,0.84163,-0.64271,-0.99956,0.095734,0.11745,-0.6885,-0.41254,-0.69557,0.25125,-0.54961,-0.63614,0.39293,0.83678,0.87697,0,-0.92083,0.77716,-0.41352,0.81707,0.040487,-0.5254,0.0024654,0.39137,-0.86161,-0.10606,-0.059132,-0.26611,-0.77648,-0.70512,-0.72116,-0.97756,0.21102,0.20615,0.71018,0.15512,-0.3143,0.77645,0.19651,-0.2297,0.37482,0.71785,-0.60359,0.83217,0.7907,0.21523,-0.50332,0.43352,-0.56393,-0.37622,0.19189,-0.56073,0.3466,0.8597,-0.97106,-0.043327,0.94777,0.95946,-0.35166,0.86898,0.70958,-0.75249,-0.11646,-0.39181,0.052061,-0.55833,-0.18873,0.034328,0.3366,-0.077654,0.79723,0.47741,-0.26018,-0.47171,0.93252,-0.53592,0.28729,-0.80084,0.24385,0.53382,-0.059268,-0.32626,0.88983,0.88614,-0.90291
0.03311,0.12806,-0.30465,-0.042588,0.39664,0.59608,0.42868,-0.66394,0.65073,-0.68966,-0.073184,-0.91028,0.86601,0.46554,0.44683,-0.59475,-0.41207,-0.73793,0.73844,-0.69773,0.23327,0.87196,0.27835,-0.15681,-0.0015099,0.32015,0.39527,0.55815,-0.13851,-0.68617,-0.35767,0.77441,0.59926,0.20011,-0.069481,-0.92083,0,-0.44474,0.47374,0.17172,0.9475,0.84742,0.82631,-0.96071,0.037966,0.5579,-0.11969,-0.015415,0.23292,0.736,0.94258,0.75901,-0.38476,0.12607,0.71559,-0.77442,-0.055651,0.28785,-0.54164,-0.88592,-0.92954,0.62373,-0.18451,-0.93519,-0.69892,-0.84644,0.80012,0.27871,-0.79599,0.7875,-0.32549,-0.73975,-0.25825,-0.45527,0.10696,-0.35591,0.78871,-0.76562,-0.68021,0.6956,-0.7145,-0.47551,-0.63942,0.96548,0.47059,-0.86925,-0.55412,-0.17503,0.75518,-0.047457,0.031553,-0.70421,0.21594,0.64824,-0.48463,0.46093,0.13626,-0.98733,0.24745,-0.24687,-0.0017625,0.28829,-0.51693,0.74248,0.52991
0.88687,-0.53765,0.62277,-0.34023,-0.87679,-0.71413,-0.86875,-0.18395,0.70442,0.65851,-0.2133,0.26171,0.76329,0.61807,0.45733,-0.75462,-0.2439,-0.077487,-0.96203,-0.89043,0.63642,0.21126,-0.87373,0.77299,-0.57738,-0.22086,0.34661,0.81757,-0.77876,-0.51311,0.49896,-0.50683,-0.23823,0.22802,-0.4868,0.77716,-0.44474,0,0.55592,0.032612,-0.43081,-0.52229,0.10024,-0.95443,-0.17429,0.15296,0.17415,0.71584,-0.25486,-0.84139,0.35221,0.70439,0.34982,-0.8327,0.22166,0.68195,-0.81938,0.779,0.36637,0.026613,0.084717,0.37831,0.044364,0.64017,0.80262,-0.77768,0.38448,-0.71902,0.75855,0.61324,0.2493,-0.081881,0.132,-0.011618,-0.26861,0.010143,-0.92616,-0.69189,0.29376,0.99343,-0.67169,-0.17216,0.52302,0.95135,0.84312,0.83746,0.17499,-0.3317,-0.49516,0.1246,0.47857,0.1558,-0.9904,0.33801,0.62599,-0.66879,-0.28501,0.69886,-0.1704,-0.24469,0.72655,-0.04713,-0.54272,0.31861,0.32868
0.79621,0.69038,-0.3055,-0.56156,-0.49479,-0.74993,0.80215,-0.37964,0.72571,-0.80474,0.75618,-0.90499,0.75366,0.17261,0.71309,-0.76504,0.78365,-0.13854,0.12259,0.71316,0.79055,0.56591,-0.8336,-0.30101,-0.15053,0.25361,-0.84708,-0.18506,0.95925,0.91913,0.0035729,-0.58412,0.8255,0.46068,-0.69448,-0.41352,0.47374,0.55592,0,-0.80858,-0.33937,0.24917,0.14601,0.53555,0.86914,-0.17078,-0.51836,0.56972,-0.47887,-0.42194,-0.13694,0.56514,-0.15347,-0.82256,-0.8059,0.91462,-0.90651,0.26052,0.4069,0.53318,0.63428,0.5092,0.89973,-0.71742,0.67189,0.23928,0.86949,-0.55865,-0.49887,-0.4216,0.70589,-0.13586,-0.049901,-0.1986,0.55157,0.055354,-0.5598,0.21008,-0.6819,0.090884,0.050981,-0.2043,-0.4434,0.75118,0.11112,0.1346,-0.13838,-0.95329,-0.84318,0.32608,0.87745,0.34233,-0.71382,-0.40409,-0.017368,-0.064018,-0.11521,-0.64424,0.19481,-0.9119,0.77307,0.45371,-0.25194,-0.20689,0.63447
-0.20104,-0.75422,0.89608,-0.5638,-0.94057,0.62851,-0.85261,-0.18783,-0.70929,0.13963,0.76219,0.45565,-0.099792,-0.71703,-0.54414,-0.66592,-0.61766,-0.85228,0.24972,-0.13321,-0.97595,0.22483,-0.67973,-0.66653,-0.78256,-0.78564,0.65022,-0.713,0.028857,-0.53112,0.51242,0.43008,-0.52584,0.20143,-0.0020448,0.81707,0.17172,0.032612,-0.80858,0,-0.99033,0.14649,0.42974,-0.47199,-0.026873,-0.23156,-0.44328,-0.77947,0.31077,-0.23686,0.29496,-0.5367,0.086012,0.61054,-0.93962,0.40594,0.19683,-0.085711,-0.98096,-0.80019,0.60404,-0.57642,-0.80942,-0.98727,0.76192,-0.5463,0.082831,-0.98976,-0.69057,-0.9538,0.44175,-0.23779,-0.16874,-0.60901,0.95388,-0.19941,-0.77636,0.36404,-0.33184,-0.1537,-0.88171,0.64122,-0.23652,-0.21139,0.98008,0.88757,0.82911,0.07411,-0.26578,0.97773,0.18544,0.97776,0.37633,-0.26268,-0.62673,0.29276,0.74015,-0.10045,0.10211,0.13198,-0.12782,0.53359,0.59426,-0.2567,0.54862
0.32811,-0.99076,0.97198,-0.60673,0.69442,0.53238,0.23019,-0.11648,0.51911,-0.98687,0.13623,-0.96297,-0.19955,0.49618,-0.21196,-0.65586,-0.84669,0.049323,0.0032385,0.76833,-0.024491,-0.045606,-0.31789,0.66021,-0.044692,0.32664,0.79425,0.23924,-0.49117,0.49281,-0.29753,-0.80142,0.84061,0.87817,0.18024,0.040487,0.9475,-0.43081,-0.33937,-0.99033,0,0.32105,-0.75137,-0.5981,-0.3916,0.40872,0.092712,-0.38871,-0.5778,0.35947,-0.52607,0.61414,0.51758,0.00048752,0.29732,-0.85767,0.64108,-0.70939,-0.62345,-0.87011,0.5164,-0.43228,-0.24465,0.46544,0.91981,-0.39723,-0.26992,-0.7336,0.013868,0.95811,0.70805,-0.67492,0.12759,0.92306,-0.22097,-0.15657,-0.27084,-0.94952,0.35721,0.50541,-0.35875,0.8471,-0.96034,0.95826,0.62937,0.95999,-0.3787,0.36342,0.36475,0.04438,0.81077,-0.52935,-0.75292,-0.51681,-0.97324,-0.85759,0.26424,0.52483,0.55783,-0.83476,0.030674,-0.7283,-0.037996,0.62667,0.18224
0.27168,0.24137,-0.13284,0.12208,-0.11486,-0.144,0.24449,-0.89962,-0.64422,-0.34659,-0.33955,0.112,0.97762,-0.72605,-0.48116,-0.19849,0.9122,-0.81089,0.032313,-0.29305,0.87126,0.44986,-0.66744,0.33862,0.68013,0.070306,0.012144,-0.45025,0.27199,0.77315,0.58674,-0.05269,-0.28458,-0.75169,0.15669,-0.5254,0.84742,-0.52229,0.24917,0.14649,0.32105,0,-0.11643,-0.018554,0.44639,0.34084,0.5947,-0.26546,0.89373,-0.25887,0.70282,0.83502,-0.81708,0.54306,-0.078655,0.23919,-0.92489,0.54607,0.82112,-0.45523,0.10351,0.34083,-0.084267,-0.40392,-0.52448,0.61182,0.35658,0.62442,-0.46476,-0.23978,-0.72805,-0.10819,0.80929,0.81087,0.93599,0.5102,0.86184,-0.61074,-0.43357,0.92927,-0.48047,0.33586,-0.35302,0.20601,-0.51758,0.68299,-0.12052,0.37716,-0.92418,-0.16896,-0.94372,0.68315,0.58872,-0.20716,-0.24183,-0.052452,0.075235,0.2982,0.2402,-0.43378,-0.37068,0.73314,0.62027,0.45255,-0.88526
0.82762,0.58953,-0.59436,0.98839,-0.27341,-0.20284,-0.77451,0.23596,0.14766,0.5932,-0.63122,-0.25813,0.24135,0.22397,-0.58283,0.59419,-0.096211,0.96207,0.25933,0.61327,0.17743,0.12932,-0.080521,0.081039,-0.28825,-0.65873,-0.72346,0.11915,-0.81043,0.58283,-0.75662,0.5286,0.47655,0.77055,0.65784,0.0024654,0.82631,0.10024,0.14601,0.42974,-0.75137,-0.11643,0,0.69967,0.48424,0.95578,-0.41914,0.72736,-0.66518,-0.45381,0.34895,0.43666,-0.96255,0.036972,-0.84773,-0.40659,-0.61301,-0.10651,0.31857,0.32564,0.61652,-0.96348,-0.2013,0.97144,0.81287,0.90137,-0.40584,0.53635,-0.70283,0.531,0.41091,0.96191,0.29154,-0.87191,-0.98597,0.55666,-0.95145,0.87015,-0.66498,9.8404e-05,0.70131,0.65231,0.027327,0.5622,-0.27289,0.6043,0.57514,-0.055698,-0.23265,-0.95945,0.81833,0.20693,-0.01205,0.20945,0.9994,0.65962,-0.55456,-0.65542,0.72158,0.63524,-0.72241,0.34087,0.80519,-0.08379,-0.074233
-0.82009,0.93663,-0.21721,-0.6244,0.19908,-0.93152,0.45033,-0.12914,0.07306,-0.99618,-0.00064242,-0.75146,0.14785,-0.95309,0.87487,-0.32704,0.80623,-0.56659,0.65547,0.79089,-0.17198,-0.068119,0.67181,-0.36416,0.5534,-0.27874,0.28257,0.26318,0.3528,-0.47856,0.44513,0.9336,-0.46437,0.76451,-0.23092,0.39137,-0.96071,-0.95443,0.53555,-0.47199,-0.5981,-0.018554,0.69967,0,-0.26418,0.47337,0.0057379,-0.99312,-0.46448,0.53164,-0.57193,-0.28586,-0.85259,-0.95897,-0.61301,0.41425,0.78699,2.3182e-05,-0.52677,-0.28214,0.42711,0.17499,-0.33531,0.090969,-0.26891,0.99104,0.99965,-0.62522,0.93616,-0.28577,-0.1275,0.011554,0.65084,-0.80782,-0.37997,-0.20812,0.10206,-0.37374,0.64997,0.87386,-0.54563,0.35183,0.73152,-0.74349,-0.63444,-0.48277,-0.23954,-0.87082,0.31821,0.64187,0.42371,-0.56197,-0.75921,0.13352,0.51636,0.27089,-0.6916,0.21849,-0.65362,0.38799,-0.14372,-0.58363,-0.51964,-0.53479,-0.61587
0.22634,0.048441,-0.86277,-0.89999,0.68805,0.35338,0.84772,-0.021148,0.40547,-0.45786,0.81426,-0.84968,-0.018312,-0.754,-0.4494,0.96167,-0.88024,0.62702,0.7306,-0.71833,0.7273,0.92816,-0.51913,0.58365,0.23277,0.87651,0.4251,0.26627,-0.014006,0.1128,0.1394,-0.9905,-0.62576,-0.1791,-0.83002,-0.86161,0.037966,-0.17429,0.86914,-0.026873,-0.3916,0.44639,0.48424,-0.26418,0,0.115,-0.10797,0.8576,-0.98734,0.35476,0.16205,-0.32152,-0.057335,0.67987,-0.23074,0.51393,0.53842,-0.96059,0.11405,0.047396,0.0041823,-0.21773,0.11563,-0.68665,-0.7365,-0.76099,-0.58669,-0.98878,-0.53872,-0.2369,0.88331,-0.29847,0.44014,-0.11558,0.63364,0.20169,-0.5265,-0.54053,-0.58174,0.096118,-0.45826,-0.69896,-0.66494,0.89064,-0.012313,-0.82147,0.62684,-0.69306,0.034699,-0.39574,0.84198,0.10947,-0.61717,0.25692,-0.87753,-0.61476,0.70022,-0.57973,-0.94149,-0.036127,-0.63092,0.85712,0.69277,0.78015,0.68303
