,,,,,,,,,,,,,,,,,,,,,,,,,,,,,,,,,,,,,,,,,,,,,,,,,,,,,,,,,,,,,,,,,,,,,,,,,,,,,,,,,,,,,,,,,,,,,,,,,,,,,,,,
0,0.80328,-0.13347,-0.33546,-0.179,0.22843,-0.32419,-0.81576,-0.47398,0.043857,0.22784,-0.73927,0.32864,-0.90406,-0.24203,-0.97181,0.29595,0.32652,0.56489,0.011622,-0.67934,-0.78362,-0.0019449,-0.30555,-0.42892,0.57174,-0.66001,-0.6554,0.87975,0.67271,0.069938,0.52872,0.63684,-0.74545,-0.901,-0.50823,-0.78052,0.61193,-0.80709,-0.43181,-0.25116,0.68723,-0.3034,-0.4935,-0.59948,-0.88423,0.034218,-0.07833,0.77845,0.26354,0.0066183,-0.9703,0.20239,0.040695,-0.71559,0.34857,0.88587,-0.10441,-0.22779,-0.36182,-0.23762,0.53824,0.78867,-0.49154,-0.95478,-0.49721,-0.4226,-0.85285,0.59064,-0.17314,0.67916,0.14151,-0.77138,0.14096,-0.41767,-0.044665,0.96532,-0.046004,0.96764,0.9446,0.69754,0.020673,-0.123,-0.19058,0.97132,-0.49421,-0.52542,-0.14638,0.91182,-0.8609,0.29077,0.59785,0.87222,-0.033546,0.96617,0.14198,0.78438,0.98764,0.35694,-0.26372,-0.043562,0.87357,0.47636,-0.5342,-0.040417
0.80328,0,-0.27996,-0.32272,0.077954,0.17878,0.19167,0.45207,0.11678,-0.94335,-0.078076,0.82199,-0.48447,0.27131,0.73407,0.57888,0.53891,0.64869,-0.20652,0.01092,0.78824,-0.37231,0.63913,-0.4017,0.97051,-0.65289,0.36749,-0.21492,-0.9156,-0.39713,-0.36968,-0.097213,0.4843,-0.35654,0.54046,0.057075,0.36983,-0.63803,0.81751,-0.24054,-0.40856,0.82722,0.99919,-0.097283,-0.97644,0.94866,-0.90868,0.70029,-0.49628,-0.82617,-0.97134,0.28524,-0.73033,-0.98346,0.72204,-0.68329,0.88048,0.41667,0.1494,0.32476,0.89155,0.16102,0.30375,0.28836,-0.13339,-0.15443,-0.63233,-0.75653,0.79467,-0.086694,0.84823,0.23915,-0.024778,-0.26141,-0.33722,-0.37407,-0.015716,-0.14997,0.30478,0.91549,0.049748,0.29968,-0.20202,0.058565,0.5492,-0.8574,-0.15491,0.56887,0.88062,0.52508,-0.1405,-0.78114,-0.044548,-0.73739,0.66115,0.91945,-0.021087,0.26717,0.05897,-0.065222,-0.12505,0.066217,0.92062,-0.90874,0.96223
-0.13347,-0.27996,0,-0.51231,0.019456,0.2265,-0.33917,0.69499,-0.9001,0.73496,-0.15776,0.11085,-0.81573,0.92058,-0.52532,-0.79517,-0.084086,0.55334,0.89681,0.12216,-0.86642,-0.66297,-0.61752,0.52415,0.32658,0.77478,0.084952,-0.85878,-0.4669,0.66487,0.90481,-0.04969,0.84897,0.65029,0.24503,0.63273,-0.051656,0.42463,0.95728,0.1095,-0.66732,0.56227,-0.97723,-0.076052,-0.98329,0.83873,-0.89105,-0.022386,0.64991,0.60963,-0.73077,-0.028682,0.72074,0.21518,-0.75089,0.65953,-0.9031,0.23449,-0.090351,0.72482,0.30174,-0.44786,-0.4462,0.21046,0.45317,0.92613,-0.2816,0.94,-0.65494,-0.50432,-0.88137,-0.31267,0.41893,0.027484,-0.92804,0.19252,0.39493,0.35906,-0.71359,-0.22115,-0.8424,0.75585,-0.78473,-0.11336,0.81077,-0.53969,-0.45781,0.53515,0.045211,-0.42402,0.25171,-0.72359,-0.77421,0.96119,0.48584,-0.57135,-0.8368,0.89733,-0.42379,-0.027749,-0.82929,-0.87036,0.14815,0.10254,-0.042424
-0.33546,-0.32272,-0.51231,0,0.14252,0.036577,-0.025854,-0.85127,0.44381,-0.79041,-0.8146,0.95518,-0.27686,0.51847,-0.24429,-0.60032,0.2558,-0.55607,-0.24854,-0.37125,0.45902,-0.16369,-0.71189,0.79554,-0.44094,0.4453,-0.12281,0.88747,-0.98012,0.49564,-0.025942,-0.48105,0.72273,0.64522,0.062954,-0.71712,-0.65178,-0.84605,-0.7088,0.31871,0.51095,-0.55439,-0.45861,0.69567,-0.34738,0.59238,0.76613,0.51694,-0.95744,-0.72762,0.29184,-0.6064,-0.62034,-0.73157,0.22783,-0.68807,0.65167,0.45939,-0.39337,0.68196,0.11179,0.91408,-0.76786,-0.61485,0.17231,-0.34506,-0.87066,-0.89083,-0.080847,0.6518,0.59076,-0.30453,0.80526,-0.48225,0.37807,-0.12128,-0.022766,0.87157,-0.49156,0.64774,0.90057,0.93888,-0.65096,0.13267,0.70175,-0.63933,0.86115,0.59201,0.35607,0.84815,0.31383,0.75233,0.70724,-0.82419,-0.26867,-0.061622,-0.72417,-0.49858,-0.12614,-0.89858,0.89916,-0.14012,0.79588,-0.29053,0.83251
-0.179,0.077954,0.019456,0.14252,0,-0.55495,-0.37433,-0.17601,0.31674,0.14827,-0.98162,-0.82337,0.4178,0.97072,-0.58753,0.095025,-0.39384,0.0099327,-0.25248,-0.88517,-0.26917,-0.68214,0.61359,0.33746,-0.17706,0.58012,0.87304,0.43351,-0.17668,-0.59277,-0.433,0.66337,-0.16663,-0.25399,-0.15332,-0.58727,0.63439,-0.64934,-0.94247,0.90911,0.88728,0.80498,0.51058,-0.57217,-0.18915,-0.58944,-0.24192,-0.19825,-0.5656,-0.67491,0.36212,-0.97457,-0.56009,-0.14463,0.68633,0.33578,-0.60019,0.094531,0.48134,0.10643,-0.4943,0.56828,0.26332,0.2099,0.89436,0.2977,-0.27821,-0.13394,-0.89322,-0.10587,-0.65922,0.29552,0.15918,-0.12733,-0.97745,0.45265,-0.22072,-0.15224,-0.62716,-0.24333,0.6219,-0.87363,-0.062514,-0.87911,0.69737,0.93738,-0.38185,-0.26376,0.23541,0.79263,-0.64648,0.14251,-0.24882,0.91646,-0.85906,0.92179,0.50026,-0.77198,0.16869,-0.0077414,-0.078349,0.74416,0.35508,0.09439,-0.59064
0.22843,0.17878,0.2265,0.036577,-0.55495,0,0.23675,-0.65778,-0.98012,-0.94516,-0.23738,0.69845,-0.81305,-0.76161,-0.071544,0.94426,0.22546,0.18019,0.057857,0.389,0.22724,-0.87801,-0.52928,-0.91757,0.50315,-0.17534,0.43639,0.037679,-0.62766,0.63176,-0.55825,0.9594,-0.38351,0.77319,-0.98775,-0.098849,0.87714,-0.34412,0.46137,0.57528,0.77965,-0.5481,0.70158,0.6178,-0.56729,-0.66909,0.09237,0.15402,-0.52378,-0.89207,-0.22926,0.52911,-0.6981,-0.43922,0.28595,-0.94906,0.24966,0.97968,-0.27552,0.71745,-0.32542,0.69706,0.013787,0.23794,0.22022,-0.61399,-0.48741,-0.73918,-0.88989,0.33687,0.29638,0.63998,-0.099061,0.75081,0.33935,-0.67728,-0.58169,-0.6356,0.81048,0.53604,0.056515,0.54296,0.18209,0.30108,-0.71105,0.69774,-0.32844,0.16316,0.23231,0.91733,0.72344,0.65685,0.75204,-0.99427,0.1583,-0.01475,-0.35565,0.45411,-0.36869,0.59144,-0.63279,0.15313,-0.86709,-0.45037,-0.58842
-0.32419,0.19167,-0.33917,-0.025854,-0.37433,0.23675,0,-0.70488,0.69314,0.63316,0.6662,0.90267,-0.58638,-0.99544,0.70812,0.52159,-0.57152,-0.87631,-0.12298,0.77151,0.55817,-0.49883,0.61835,0.34974,-0.6322,0.19243,0.28156,-0.67338,-0.75209,0.93983,0.19325,-0.36871,0.0029871,-0.083435,-0.50503,-0.38422,0.36276,-0.61426,-0.59325,-0.52327,-0.85135,0.28259,-0.81107,0.26744,-0.87118,-0.61317,0.89912,-0.3847,-0.96478,-0.20125,0.53177,0.9002,0.45161,-0.37264,-0.98946,0.76884,0.91437,0.3804,-0.23424,-0.21138,-0.26208,0.22837,0.68025,-0.61161,-0.3923,0.041812,-0.60505,-0.97184,0.37401,0.64908,0.11816,-0.50535,-0.51289,-0.86917,0.73382,-0.54858,-0.045251,0.65405,-0.50915,0.97633,0.79649,0.22436,-0.065704,-0.54945,-0.58971,-0.042173,0.89165,-0.5314,-0.30329,-0.22793,0.35761,-0.59806,0.76491,-0.019572,-0.052125,-0.30366,0.80364,-0.26462,-0.98241,-0.089045,0.42156,0.4882,0.38972,0.024294,0.66429
-0.81576,0.45207,0.69499,-0.85127,-0.17601,-0.65778,-0.70488,0,-0.14505,-0.28459,0.44572,0.63238,-0.011118,0.25214,-0.46009,0.96387,0.84506,0.20842,-0.95775,0.10405,-0.65715,0.93652,0.18142,0.91828,-0.78361,-0.39005,0.56542,-0.54916,0.99701,-0.95316,-0.57146,-0.85442,-0.76224,0.61317,0.0095174,0.84252,0.0017045,0.98087,-0.00195,0.69446,-0.10622,-0.49904,-0.52389,0.16531,-0.50037,0.43403,-0.67105,0.96873,-0.71885,-0.58922,-0.88651,0.9055,-0.011701,-0.35452,0.86947,0.44228,0.71049,0.99655,0.37495,-0.40116,-0.68402,-0.37465,0.30192,0.22014,-0.23976,0.44089,-0.57179,0.98345,-0.9374,-0.82496,-0.093063,-0.17582,-0.71348,0.39553,-0.73651,0.53654,0.11746,0.8155,-0.25445,0.13945,0.30239,-0.87466,0.0099852,-0.25802,0.60615,0.62005,0.89771,-0.90387,0.53328,-0.0064172,-0.38422,0.24916,-0.029549,0.64027,0.15805,-0.99033,0.53192,-0.27472,-0.75219,-0.24502,-0.80361,0.75131,-0.97924,-0.32243,0.53704
-0.47398,0.11678,-0.9001,0.44381,0.31674,-0.98012,0.69314,-0.14505,0,0.10761,-0.51585,0.13401,0.52534,-0.89251,0.31674,0.14506,-0.63873,-0.17325,-0.25009,0.64533,0.8092,0.61179,0.31836,0.68611,-0.45373,-0.58953,0.015277,0.90733,-0.066773,0.44091,-0.69886,0.53001,-0.60726,-0.080778,0.27865,-0.089248,-0.95197,-0.28837,-0.49723,-0.94695,0.9589,0.55973,0.23868,0.055732,-0.97008,0.32154,-0.99295,-0.88482,-0.5189,0.10343,0.51625,-0.0099877,-0.16929,-0.50839,-0.32595,0.060624,0.22995,0.43286,-0.17698,-0.098906,-0.74145,0.36576,-0.20351,-0.80725,-0.52549,-0.0074186,-0.28578,0.1575,-0.032985,-0.36068,0.42561,-0.68992,0.81424,-0.10165,-0.82066,-0.80015,-0.81921,0.074139,-0.17507,-0.69435,-0.051353,0.4048,-0.24629,0.28983,-0.68213,-0.78539,0.14457,0.52238,-0.92386,0.5295,-0.7098,-0.8278,-0.14104,0.76376,-0.21013,-0.71506,0.1632,-0.47728,0.26548,0.12635,-0.18571,0.084419,0.64372,0.44985,0.61339
0.043857,-0.94335,0.73496,-0.79041,0.14827,-0.94516,0.63316,-0.28459,0.10761,0,0.44212,0.54787,0.017787,-0.14596,-0.54469,0.78677,-0.85872,-0.30864,-0.84376,0.64346,0.35144,0.72419,-0.087011,0.50549,-0.45363,0.40424,0.82635,0.72712,-0.069161,-0.62843,-0.30138,0.24489,0.067374,-0.058016,-0.072515,0.50895,0.29471,-0.64683,-0.70893,-0.70112,0.56656,-0.41644,0.80404,0.26979,0.31757,-0.79047,-0.95536,-0.41993,0.7018,-0.13137,0.78899,-0.48054,0.64557,-0.51587,0.019483,0.6213,0.50062,0.11623,0.6737,-0.86812,0.26125,-0.81311,0.89478,-0.26293,-0.65546,-0.43145,0.78912,-0.12416,-0.47884,-0.28194,0.56639,0.74444,-0.39238,-0.075787,0.56671,-0.010315,-0.50547,0.25589,-0.67088,0.69731,0.48738,0.88305,-0.62726,-0.45397,0.99966,0.73374,0.94046,0.77594,0.57453,-0.092223,-0.49381,0.82674,0.83394,0.01785,0.95795,0.27301,-0.94886,-0.31813,-0.66954,-0.19508,-0.37457,0.50689,-0.6553,0.28031,0.17403
0.22784,-0.078076,-0.15776,-0.8146,-0.98162,-0.23738,0.6662,0.44572,-0.51585,0.44212,0,0.38874,-0.57205,0.80334,0.55335,0.64002,0.17462,-0.70774,-0.23537,0.82707,0.35317,0.007158,-0.90575,-0.73879,-0.63882,-0.81936,-0.034241,0.36986,-0.50756,-0.66634,0.2218,0.91285,-0.6649,0.62845,-0.3899,0.93673,-0.39078,0.97328,-0.44274,0.19987,-0.10569,-0.95812,-0.88235,-0.30497,-0.2214,0.32696,0.31225,0.3217,-0.38675,-0.71554,-0.30086,-0.46205,0.022627,0.92858,-0.56995,-0.72373,0.91411,-0.24222,-0.94817,0.40817,-0.62047,0.52005,-0.71655,-0.11965,0.2629,0.50939,-0.79212,0.13087,0.58416,0.089858,0.20387,0.90944,-0.87594,-0.88998,-0.32264,0.43256,-0.63823,0.16535,-0.39545,0.93971,-0.056559,0.56632,-0.65737,-0.72948,-0.82709,0.68057,0.024932,0.78764,-0.044541,-0.26241,-0.77971,0.54141,0.94894,0.085943,-0.76709,0.68047,0.6157,0.35727,-0.89917,0.81094,-0.17089,0.18857,-0.034146,-0.06994,-0.1371
-0.73927,0.82199,0.11085,0.95518,-0.82337,0.69845,0.90267,0.63238,0.13401,0.54787,0.38874,0,0.95776,0.8587,-0.91873,-0.48125,0.8745,0.44014,-0.033988,-0.23334,0.73514,-0.96221,0.18694,0.36508,0.070677,-0.22046,0.1037,0.63289,-0.58353,-0.3156,0.52604,0.584,0.91107,0.64151,0.10798,0.89598,0.19772,0.2534,0.30198,0.98063,0.33242,-0.33866,0.75213,0.27206,0.45573,-0.30437,0.88991,0.67596,0.2661,0.97052,0.21816,-0.86866,0.12421,0.51585,-0.32908,-0.48324,0.89483,-0.26479,0.72313,-0.49764,0.558,0.46124,-0.32981,0.62512,0.8275,0.33029,0.41452,0.31784,-0.065991,-0.65772,-0.32887,0.13386,0.36644,-0.26693,-0.92285,0.69283,-0.89476,0.11375,-0.43323,0.85564,0.87343,0.87845,-0.36675,0.51713,-0.48863,0.59343,-0.59214,-0.50445,0.85679,-0.30203,-0.051262,-0.096687,-0.015151,-0.63285,0.93188,-0.66558,0.4728,-0.83871,0.086992,0.78869,-0.25661,0.075064,0.37085,0.96287,-0.0050067
0.32864,-0.48447,-0.81573,-0.27686,0.4178,-0.81305,-0.58638,-0.011118,0.52534,0.017787,-0.57205,0.95776,0,-0.61625,0.47604,-0.70771,-0.96566,-0.27462,-0.15107,-0.041749,0.2987,-0.60051,0.33041,-0.57349,0.67775,0.013067,0.12747,-0.36837,-0.96851,0.2726,0.39562,-0.34238,-0.75778,-0.04732,-0.10475,-0.23098,-0.96796,0.50239,0.39327,0.21304,0.073713,-0.77138,-0.76721,-0.028227,-0.67469,0.90943,-0.72347,-0.10807,-0.49661,-0.024728,-0.25134,-0.26715,0.58866,0.28629,-0.86633,-0.50325,-0.32137,0.75589,0.12858,-0.63538,0.85828,-0.092556,0.80174,-0.71682,-0.18707,0.29743,-0.17174,0.22897,0.14163,-0.28969,-0.41104,-0.56368,-0.67953,-0.39298,0.2451,-0.77494,0.66274,0.25619,-0.62158,0.35555,-0.11386,0.43294,-0.52395,-0.094079,0.43052,0.10852,-0.8011,-0.62062,-0.57014,-0.54687,-0.57954,0.34275,0.26574,0.015817,0.39013,-0.87883,0.78695,0.95393,-0.80846,0.52431,0.036796,0.50014,0.86251,0.80571,-0.015071
-0.90406,0.27131,0.92058,0.51847,0.97072,-0.76161,-0.99544,0.25214,-0.89251,-0.14596,0.80334,0.8587,-0.61625,0,-0.46582,-0.19768,0.3388,0.48488,0.065917,0.14701,-0.7951,0.38715,-0.92473,0.77051,0.13966,0.43903,0.60439,0.89171,-0.39525,0.51358,-0.045347,-0.89671,-0.26832,0.12816,-0.44704,-0.021354,-0.54359,0.10519,-0.94944,-0.60102,0.02306,0.37214,-0.78858,0.15684,-0.37224,0.98306,-0.12174,0.50859,0.046932,-0.1314,-0.48896,-0.30966,0.080215,0.74406,-0.22784,0.54995,0.94393,-0.99969,-0.096188,0.30249,-0.36575,-0.83273,-0.56597,0.22294,-0.093002,-0.86602,-0.096136,0.35977,-0.60812,-0.51428,0.14833,0.55099,-0.61442,-0.88,-0.98894,-0.71527,-0.11316,-0.37434,-0.98205,0.71778,0.39479,0.61956,-0.43753,-0.47242,0.0027405,-0.084033,0.74085,-0.69622,0.68028,0.037924,0.4708,-0.86058,0.66887,-0.68274,0.31958,-0.43909,0.3906,-0.067329,0.63086,0.52497,-0.2605,0.99631,0.79623,0.8733,0.99468
-0.24203,0.73407,-0.52532,-0.24429,-0.58753,-0.071544,0.70812,-0.46009,0.31674,-0.54469,0.55335,-0.91873,0.47604,-0.46582,0,-0.98456,0.49977,0.37178,0.28111,0.28271,0.91104,-0.32918,0.35818,-0.60416,-0.788,-0.95745,-0.78221,-0.8496,0.44322,0.63285,0.94047,0.27091,0.65837,0.57819,-0.73663,-0.52239,0.83963,-0.33239,0.32859,-0.42479,-0.70449,-0.46185,-0.056199,0.66135,0.5518,0.43491,0.017949,0.098702,0.73745,-0.35651,0.092653,-0.95809,0.55965,-0.13611,0.52871,0.72095,-0.80312,-0.42776,0.018879,0.87515,-0.89099,-0.21812,0.26985,0.7976,0.4396,-0.87837,0.84547,-0.43808,-0.86313,-0.79062,-0.060386,0.45422,0.72289,-0.68112,-0.7197,0.83293,0.52707,0.71738,-0.4141,0.77931,0.87988,0.43599,-0.14976,0.84229,0.63081,-0.2851,0.66289,0.80342,0.57746,0.19949,-0.54148,0.21882,-0.68275,0.045695,-0.087381,-0.80586,-0.057244,-0.16029,-0.46562,0.53596,-0.6895,0.87988,0.41879,0.9667,-0.97802
-0.97181,0.57888,-0.79517,-0.60032,0.095025,0.94426,0.52159,0.96387,0.14506,0.78677,0.64002,-0.48125,-0.70771,-0.19768,-0.98456,0,-0.26955,0.94312,0.37572,-0.0019055,-0.8418,0.90771,0.68138,-0.98065,-0.32394,0.081634,0.84103,0.75422,-0.52692,-0.10787,0.83168,0.5133,-0.88727,-0.094579,-0.25124,0.011654,0.88311,0.67281,-0.4353,0.76639,0.19558,-0.4515,0.85423,-0.63527,0.91096,0.10732,0.86433,0.75159,0.55406,-0.38164,-0.60168,-0.95422,-0.51931,0.40697,0.032956,-0.11204,-0.46244,0.40274,-0.56834,-0.64488,-0.016985,0.78178,-0.84998,-0.18229,0.61473,-0.15366,0.47225,0.55705,-0.12222,0.9981,0.26426,-0.97839,-0.54464,-0.39699,-0.59717,-0.47626,-0.50618,0.60315,-0.98126,-0.62973,-0.44112,-0.03696,0.093918,-0.057439,-0.92195,0.18062,-0.83191,0.56913,0.40265,0.818,-0.80653,0.76118,-0.3709,-0.052383,0.81514,-0.94954,0.63572,-0.93461,0.71194,0.91137,0.72182,0.58923,-0.13158,-0.082019,-0.62063
0.29595,0.53891,-0.084086,0.2558,-0.39384,0.22546,-0.57152,0.84506,-0.63873,-0.85872,0.17462,0.8745,-0.96566,0.3388,0.49977,-0.26955,0,-0.99955,0.82535,-0.84558,-0.20449,0.13384,-0.51452,0.7987,0.72408,0.87081,-0.36812,0.73282,-0.45941,0.66351,0.034194,-0.44087,-0.71282,0.35753,0.66465,-0.12897,-0.046474,0.29192,-0.38087,-0.89347,-0.97783,0.7072,-0.44548,-0.98153,0.47072,0.20865,-0.27708,0.20237,0.63644,0.48795,0.60369,-0.50144,0.90239,0.15267,-0.36079,-0.22526,-0.26824,-0.77575,0.16517,0.31454,0.56771,0.21726,0.59157,0.85042,0.59692,-0.029078,-0.81926,0.78266,-0.68125,-0.67443,-0.45321,-0.89197,-0.019128,-0.80206,-0.93525,0.18367,-0.46929,0.091072,-0.55712,0.56433,-0.76326,-0.19903,-0.085982,-0.16885,-0.69057,-0.88799,0.15005,-0.47503,-0.21562,-0.42356,-0.15227,-0.22364,-0.95738,0.078414,0.19058,-0.86747,-0.42846,0.66427,-0.15042,0.45331,0.057977,0.91614,-0.35362,0.88213,0.42441
0.32652,0.64869,0.55334,-0.55607,0.0099327,0.18019,-0.87631,0.20842,-0.17325,-0.30864,-0.70774,0.44014,-0.27462,0.48488,0.37178,0.94312,-0.99955,0,-0.46752,-0.40998,0.14593,-0.90019,-0.76484,0.69883,-0.07785,-0.76368,0.45503,-0.10089,0.54668,0.97104,0.94248,0.53854,-0.36338,0.81961,-0.82912,0.61353,-0.25869,0.13877,-0.6939,0.39325,-0.93052,-0.50792,-0.35917,0.028496,0.67753,0.024803,-0.31284,-0.14007,-0.35334,0.34381,-0.72773,-0.22627,-0.081419,0.75425,0.29312,-0.25307,-0.20311,0.88939,-0.83016,0.94567,0.021021,0.065163,0.38602,0.61025,-0.41626,0.86871,0.63108,0.81304,0.45442,0.55171,0.63602,0.89898,-0.40242,-0.28205,0.80263,0.38759,-0.54638,0.47066,0.36726,-0.12466,-0.14373,0.51149,0.41076,-0.80863,-0.41262,0.023693,-0.52979,-0.026194,-0.7995,0.38567,-0.041087,0.45114,0.29898,0.44696,0.54282,0.42624,0.96919,-0.29045,-0.51822,0.017573,0.77962,-0.76284,-0.60779,0.39281,-0.51631
0.56489,-0.20652,0.89681,-0.24854,-0.25248,0.057857,-0.12298,-0.95775,-0.25009,-0.84376,-0.23537,-0.033988,-0.15107,0.065917,0.28111,0.37572,0.82535,-0.46752,0,0.23213,0.30862,0.48665,0.61596,0.912,0.58432,-0.51056,0.97721,0.66229,0.46871,0.76483,0.0037154,-0.90587,-0.1889,0.18486,-0.18244,0.85118,-0.053714,-0.85458,-0.86586,0.99161,0.49141,-0.71273,0.47002,0.03197,-0.79933,-0.67793,0.69396,0.93874,0.026861,-0.45938,-0.18175,-0.70802,-0.86701,0.69312,-0.040701,0.65851,-0.62424,0.20628,0.47212,0.60494,0.28793,-0.54189,-0.51609,0.77151,-0.31908,0.064,-0.37782,-0.07498,0.33638,0.88869,-0.059585,-0.23611,-0.92008,-0.44464,0.97867,-0.16068,0.35103,-0.96892,-0.53128,0.50297,-0.84348,-0.63078,-0.36968,-0.22066,0.52897,-0.024658,-0.93514,-0.39037,-0.26601,-0.15429,-0.44806,-0.39822,-0.38553,0.17803,-0.51469,-0.84982,-0.41686,-0.15857,-0.89532,-0.72115,-0.80666,0.055113,0.32872,0.92792,0.99813
0.011622,0.01092,0.12216,-0.37125,-0.88517,0.389,0.77151,0.10405,0.64533,0.64346,0.82707,-0.23334,-0.041749,0.14701,0.28271,-0.0019055,-0.84558,-0.40998,0.23213,0,-0.53625,0.36321,-0.28529,0.82336,0.39601,0.73145,-0.51034,0.95347,0.59757,-0.041411,-0.74,-0.0659,0.45951,-0.9951,-0.012359,-0.65855,0.27507,0.54024,-0.99157,0.81195,-0.90132,-0.43219,-0.80881,-0.026675,-0.76717,-0.41462,0.76353,0.12329,0.73237,0.26173,-0.8904,0.81431,-0.13875,0.294,0.14233,0.28751,0.16237,0.88525,0.89054,0.88536,0.60023,0.73187,0.57003,-0.21751,0.57935,-0.56378,-0.057722,-0.55974,-0.45909,0.27964,0.055915,-0.18414,-0.53152,-0.78147,0.62251,0.31866,0.37712,0.19999,-0.62326,0.74762,0.4909,0.64014,0.45678,-0.64349,-0.84089,0.82668,-0.54111,0.7809,0.022846,-0.22785,0.52845,0.2793,0.2362,-0.85066,0.33126,-0.64973,0.065509,-0.75022,0.1531,0.84841,-0.58418,0.88138,-0.41753,-0.87819,-0.28101
-0.67934,0.78824,-0.86642,0.45902,-0.26917,0.22724,0.55817,-0.65715,0.8092,0.35144,0.35317,0.73514,0.2987,-0.7951,0.91104,-0.8418,-0.20449,0.14593,0.30862,-0.53625,0,-0.56533,0.89788,0.79011,0.89428,-0.63709,-0.38298,0.49522,0.95954,0.83521,-0.7253,-0.67888,0.71439,0.60194,0.38813,0.80129,-0.82541,0.053339,-0.079582,0.64289,-0.8077,0.22199,-0.92685,-0.48535,0.20414,0.32269,0.13267,-0.046111,-0.33196,0.36726,-0.33054,-0.759,0.52808,0.1085,-0.6022,-0.097288,-0.8605,-0.60185,0.94646,0.7269,0.79068,0.18632,0.41418,0.17007,-0.3312,-0.48491,0.91777,-0.73637,0.6539,-0.84343,-0.54107,-0.53689,-0.23596,0.0029841,-0.21186,0.55141,-0.85208,-0.50312,-0.56022,0.60061,0.60163,0.069017,0.014104,0.85164,-0.68687,0.99195,-0.67436,0.29364,0.9826,0.039954,-0.96045,-0.72031,-0.28623,0.21878,0.46772,-0.088482,-0.54476,-0.056346,0.57075,-0.59232,-0.71126,0.2598,-0.31459,0.80957,0.39677
-0.78362,-0.37231,-0.66297,-0.16369,-0.68214,-0.87801,-0.49883,0.93652,0.61179,0.72419,0.007158,-0.96221,-0.60051,0.38715,-0.32918,0.90771,0.13384,-0.90019,0.48665,0.36321,-0.56533,0,0.59437,0.31852,0.6851,0.86128,-0.90393,0.70742,-0.062972,-0.79831,0.35451,0.31823,-0.59896,0.060419,0.050015,-0.94546,0.14819,0.75715,0.83182,-0.79664,0.64883,0.83293,-0.67524,0.14479,-0.59928,-0.65043,0.43593,0.55852,-0.051581,0.72473,0.60245,-0.57233,0.11109,0.96659,0.079107,0.61741,0.14188,0.82385,0.47272,0.71005,-0.2264,0.83071,-0.38949,0.0011261,0.3499,-0.2986,-0.40213,-0.18052,0.94738,-0.56508,0.42201,0.23636,0.64311,0.52031,0.49173,-0.5426,-0.88033,0.35239,0.84157,-0.98684,0.17017,0.0059835,0.78041,0.67853,-0.21599,-0.70575,-0.61989,-0.32766,0.81378,-0.78014,0.34586,0.94919,-0.59454,0.24335,0.1297,-0.11399,-0.73199,0.83616,-0.15703,0.65362,0.71613,-0.042118,-0.41638,-0.1738,0.43163
-0.0019449,0.63913,-0.61752,-0.71189,0.61359,-0.52928,0.61835,0.18142,0.31836,-0.087011,-0.90575,0.18694,0.33041,-0.92473,0.35818,0.68138,-0.51452,-0.76484,0.61596,-0.28529,0.89788,0.59437,0,-0.048333,-0.33203,-0.44376,-0.46363,0.11474,-0.89227,-0.10564,0.93312,0.23897,0.60495,0.49489,-0.25856,-0.62137,-0.11804,-0.68273,-0.17165,-0.18861,0.99866,0.075664,-0.9451,-0.26986,0.60696,-0.50408,-0.90612,0.027056,0.6955,-0.19875,-0.75152,-0.7488,0.74749,-0.51032,-0.11518,-0.89942,-0.65192,-0.69091,0.36304,-0.11805,0.73998,-0.46767,0.91339,-0.19068,0.60667,-0.018897,0.48193,0.088605,-0.64247,0.63933,-0.82959,-0.27357,-0.63227,-0.59227,-0.89152,0.54311,-0.83157,0.34501,-0.83016,-0.93384,0.90859,-0.089934,0.43552,0.9995,-0.4523,-0.12788,0.41214,-0.036611,0.79886,0.58001,-0.68101,-0.82192,0.49136,0.7164,0.9269,0.90127,0.86621,-0.67423,0.1247,-0.68642,-0.96971,-0.31889,-0.40728,-0.741,-0.87293
-0.30555,-0.4017,0.52415,0.79554,0.33746,-0.91757,0.34974,0.91828,0.68611,0.50549,-0.73879,0.36508,-0.57349,0.77051,-0.60416,-0.98065,0.7987,0.69883,0.912,0.82336,0.79011,0.31852,-0.048333,0,0.62526,0.62884,-0.83167,0.046385,0.7747,0.87897,0.34974,0.25885,0.47642,0.87162,0.39547,0.45833,0.24549,0.11087,-0.24938,0.33806,-0.95077,-0.34751,-0.54787,0.013428,-0.40963,0.35811,-0.1375,0.92447,-0.7889,0.93017,0.68293,-0.48831,-0.17817,0.61433,0.20384,0.52942,0.26163,-0.1243,-0.84323,-0.77507,0.22074,-0.070627,0.4759,-0.16765,-0.54318,0.60002,-0.1535,0.19849,0.67434,-0.51314,-0.75799,-0.36025,0.54853,0.24983,0.95027,0.045743,-0.67283,0.19752,-0.5519,-0.074265,0.72938,-0.45409,-0.30551,0.15117,-0.21547,0.94848,0.54539,-0.06499,-0.71175,0.62041,0.084711,0.054971,0.15401,0.93262,0.7591,-0.37293,-0.40247,-0.47437,-0.679,-0.30739,-0.40003,-0.64124,0.49538,0.13124,0.16985
-0.42892,0.97051,0.32658,-0.44094,-0.17706,0.50315,-0.6322,-0.78361,-0.45373,-0.45363,-0.63882,0.070677,0.67775,0.13966,-0.788,-0.32394,0.72408,-0.07785,0.58432,0.39601,0.89428,0.6851,-0.33203,0.62526,0,-0.057233,0.34449,0.82244,-0.55617,-0.76199,0.651,0.24469,0.71513,-0.071199,0.37039,-0.30901,0.19725,-0.026449,-0.86483,-0.66727,0.46535,0.58502,0.61403,0.21753,0.25321,-0.21321,-0.86136,0.0051558,-0.5104,0.96613,-0.96191,-0.69094,0.42629,-0.027843,-0.48524,0.025127,-0.56463,-0.80645,-0.68997,-0.72485,0.19077,0.27786,0.027697,-0.37232,0.037317,-0.5878,0.67023,0.2049,0.60091,-0.21546,-0.56321,0.8014,0.58348,0.60489,0.59015,0.56718,-0.47728,-0.80392,-0.67707,-0.020794,0.31016,-0.79302,0.36599,-0.79932,-0.54381,-0.94105,-0.21018,-0.50985,0.12363,-0.47591,-0.94301,0.17996,-0.64128,0.0055951,0.55058,-0.91237,0.60985,0.20682,0.86429,0.042499,0.65727,0.59199,-0.14381,0.98726,-0.54461
0.57174,-0.65289,0.77478,0.4453,0.58012,-0.17534,0.19243,-0.39005,-0.58953,0.40424,-0.81936,-0.22046,0.013067,0.43903,-0.95745,0.081634,0.87081,-0.76368,-0.51056,0.73145,-0.63709,0.86128,-0.44376,0.62884,-0.057233,0,0.98599,-0.9416,0.35691,-0.52403,0.59188,0.95511,-0.75689,0.45827,-0.30155,0.39299,-0.14119,0.54197,-0.76031,0.65635,-0.89862,-0.98372,-0.70038,-0.80552,-0.14774,0.75044,-0.9895,-0.26452,0.44659,0.37212,0.22188,-0.49019,-0.99939,-0.25839,0.67349,-0.23658,-0.026115,0.77833,0.092586,-0.77318,-0.26268,0.0099236,-0.81314,0.79401,0.49597,0.62521,-0.40204,0.87082,-0.62515,-0.85432,0.59179,0.73614,-0.93443,0.30512,-0.33079,-0.61436,0.89165,-0.14652,-0.66002,0.99984,-0.53713,-0.016208,-0.64488,0.47605,0.85585,-0.31824,-0.47694,0.46216,0.97657,-0.44178,-0.54327,0.35248,0.51446,-0.91402,-0.92324,0.19534,-0.34595,0.53412,-0.34741,-0.17584,0.06885,0.0015521,-0.33412,0.35645,-0.43029
-0.66001,0.36749,0.084952,-0.12281,0.87304,0.43639,0.28156,0.56542,0.015277,0.82635,-0.034241,0.1037,0.12747,0.60439,-0.78221,0.84103,-0.36812,0.45503,0.97721,-0.51034,-0.38298,-0.90393,-0.46363,-0.83167,0.34449,0.98599,0,-0.70339,-0.88242,-0.5898,0.87293,0.35519,-0.30088,0.44601,-0.7894,-0.83195,0.15277,-0.59756,-0.52085,0.40382,0.89137,-0.13531,-0.29088,0.48809,-0.26851,-0.62798,0.84965,-0.45821,0.73129,-0.6287,0.87336,0.033405,-0.80777,-0.37789,-0.87584,-0.76266,0.75564,0.74325,0.38622,0.94261,0.98338,0.69332,-0.56818,0.23361,-0.071047,0.97771,0.80596,-0.09041,0.23071,-0.5009,0.6683,0.81674,0.43528,0.22906,-0.28233,-0.82407,-0.88623,-0.79607,0.66536,0.28916,-0.75244,-0.40133,0.53636,0.6808,-0.75923,0.99397,-0.61356,-0.53489,-0.97458,0.44083,0.54792,-0.53695,0.47055,0.38933,0.0034051,-0.076094,-0.9214,0.26765,-0.38003,-0.87371,-0.5917,0.62489,0.12354,0.14235,0.24639
-0.6554,-0.21492,-0.85878,0.88747,0.43351,0.037679,-0.67338,-0.54916,0.90733,0.72712,0.36986,0.63289,-0.36837,0.89171,-0.8496,0.75422,0.73282,-0.10089,0.66229,0.95347,0.49522,0.70742,0.11474,0.046385,0.82244,-0.9416,-0.70339,0,-0.6584,0.64651,0.2377,-0.91051,0.90794,0.88448,0.66723,-0.99098,-0.27396,0.77706,0.96328,-0.90643,0.33696,0.065829,-0.11768,0.82628,0.65156,-0.11242,0.17505,0.47758,0.45399,0.82651,0.74201,-0.73191,0.77925,0.2161,-0.28873,0.25718,0.2736,0.23413,-0.10042,0.1097,0.49464,-0.91212,-0.21423,0.080523,-0.41082,-0.10908,-0.25172,-0.056122,-0.10545,0.95001,0.076618,-0.06062,0.8476,0.12816,0.60338,-0.45556,-0.77237,-0.25523,0.78926,-0.19742,0.49037,0.63256,0.99871,-0.80965,-0.045474,-0.46012,-0.73836,-0.22802,-0.7117,-0.84538,-0.14947,0.9521,0.94296,-0.41958,-0.079943,0.044845,-0.93595,-0.74508,-0.0083032,0.038531,0.68423,0.2791,0.32622,0.49745,-0.18118
0.87975,-0.9156,-0.4669,-0.98012,-0.17668,-0.62766,-0.75209,0.99701,-0.066773,-0.069161,-0.50756,-0.58353,-0.96851,-0.39525,0.44322,-0.52692,-0.45941,0.54668,0.46871,0.59757,0.95954,-0.062972,-0.89227,0.7747,-0.55617,0.35691,-0.88242,-0.6584,0,0.83163,-0.99951,0.29906,-0.57155,-0.36198,0.35382,0.8999,-0.54099,0.58885,0.37278,-0.40421,-0.37415,-0.63866,-0.20795,-0.93551,0.84368,0.4227,-0.39774,0.12988,-0.27249,0.2912,0.75221,0.09069,-0.026068,-0.20285,0.099279,0.74639,-0.88615,-0.96944,0.61083,-0.013641,-0.25121,0.1017,0.72144,-0.89645,0.3859,-0.98158,-0.078232,0.53495,0.31705,-0.53543,-0.96966,-0.36261,0.34366,-0.16053,-0.81394,-0.68247,0.10164,0.30383,-0.9811,0.56783,0.82801,0.89582,0.4096,-0.66779,-0.85329,0.88028,0.30165,-0.4248,-0.23967,-0.98537,-0.89789,0.55661,0.35145,0.31756,0.11696,0.31468,-0.1733,0.14744,0.86348,-0.57219,0.79515,-0.87593,-0.20755,0.042855,0.41074
0.67271,-0.39713,0.66487,0.49564,-0.59277,0.63176,0.93983,-0.95316,0.44091,-0.62843,-0.66634,-0.3156,0.2726,0.51358,0.63285,-0.10787,0.66351,0.97104,0.76483,-0.041411,0.83521,-0.79831,-0.10564,0.87897,-0.76199,-0.52403,-0.5898,0.64651,0.83163,0,-0.22851,0.78378,-0.24994,0.049935,0.78804,0.63971,-0.44508,0.084509,-0.2283,-0.94601,-0.1381,-0.66991,-0.22221,-0.56919,0.41653,-0.81641,0.83244,0.61103,0.71597,0.084003,-0.28054,0.34226,0.1024,0.38073,0.1463,0.019545,0.83649,0.80519,-0.53049,-0.25791,0.10562,0.084769,-0.79751,0.25953,-0.81109,0.65731,-0.30354,-0.22778,0.14973,0.3781,-0.16847,-0.87194,0.33059,0.82472,0.99652,-0.46355,-0.37928,0.1981,-0.63272,-0.14,0.33447,0.86078,0.32974,0.069375,0.68021,0.01735,0.3689,-0.63459,0.15307,0.54671,0.099207,-0.81404,0.37122,-0.49474,0.60831,-0.44137,-0.74877,0.94909,-0.32686,-0.66965,-0.067613,0.48104,-0.40316,-0.98311,-0.55692
0.069938,-0.36968,0.90481,-0.025942,-0.433,-0.55825,0.19325,-0.57146,-0.69886,-0.30138,0.2218,0.52604,0.39562,-0.045347,0.94047,0.83168,0.034194,0.94248,0.0037154,-0.74,-0.7253,0.35451,0.93312,0.34974,0.651,0.59188,0.87293,0.2377,-0.99951,-0.22851,0,-0.81176,-0.82454,-0.9578,0.31029,-0.2149,0.54998,-0.69207,-0.51396,-0.21371,0.18763,0.2722,0.70731,0.91683,0.14105,-0.80947,-0.58793,0.5454,-0.54446,-0.98499,0.20753,0.87967,-0.74104,0.15316,0.939,-0.45552,-0.6716,-0.67598,-0.53633,0.63004,-0.24644,-0.48432,0.82287,0.79158,0.045917,-0.69277,0.76927,0.088723,0.31902,-0.34417,-0.86269,0.021947,-0.34503,0.18237,-0.9093,-0.46157,0.5897,-0.10949,0.29259,-0.76162,0.0080058,0.096606,-0.87417,0.89381,0.96113,0.25814,0.59,-0.022594,-0.4285,0.12611,0.69522,0.84433,-0.050478,-0.90418,0.34123,0.045414,0.10703,0.50494,-0.0034537,0.0779,0.80928,0.8755,0.43467,0.97437,-0.45921
0.52872,-0.097213,-0.04969,-0.48105,0.66337,0.9594,-0.36871,-0.85442,0.53001,0.24489,0.91285,0.584,-0.34238,-0.89671,0.27091,0.5133,-0.44087,0.53854,-0.90587,-0.0659,-0.67888,0.31823,0.23897,0.25885,0.24469,0.95511,0.35519,-0.91051,0.29906,0.78378,-0.81176,0,0.82447,-0.53386,0.46836,-0.89328,0.68055,-0.59431,0.53428,-0.51985,0.76328,0.14782,0.86573,-0.72055,-0.62102,-0.10752,-0.44086,-0.22999,-0.2284,-0.38619,0.67594,-0.036793,0.22959,-0.92507,0.34801,0.1847,-0.29263,0.85394,0.55809,-0.16651,-0.26504,-0.12091,0.84173,0.41596,0.82847,-0.21632,0.71632,-0.24811,-0.105,0.085717,0.76668,0.092936,-0.52089,-0.59851,-0.31628,0.28771,0.88082,-0.77961,-0.03842,-0.37499,-0.63652,-0.30464,0.052969,-0.30965,0.018525,0.40401,-0.69602,0.20782,0.90238,-0.15882,-0.40864,-0.54885,0.15938,-0.67446,-0.40026,0.79693,0.82679,0.74624,-0.55028,0.74295,0.085431,0.48974,-0.59682,0.42523,-0.87618
0.63684,0.4843,0.84897,0.72273,-0.16663,-0.38351,0.0029871,-0.76224,-0.60726,0.067374,-0.6649,0.91107,-0.75778,-0.26832,0.65837,-0.88727,-0.71282,-0.36338,-0.1889,0.45951,0.71439,-0.59896,0.60495,0.47642,0.71513,-0.75689,-0.30088,0.90794,-0.57155,-0.24994,-0.82454,0.82447,0,-0.92847,0.4742,0.3378,0.79729,0.78375,-0.24037,-0.32738,0.0075113,0.15267,-0.70296,-0.097409,-0.60469,0.16815,0.082599,0.94518,0.8103,-0.47002,-0.6258,0.66847,-0.077176,0.37273,0.88407,-0.22887,-0.73076,-0.80143,0.44334,0.33071,0.89791,-0.098491,-0.15933,0.17968,-0.20618,0.45002,0.60161,-0.20854,-0.79698,0.063555,-0.20405,-0.4758,-0.62281,-0.49141,0.20514,0.61475,-0.059441,-0.3265,0.028979,0.42806,-0.84137,0.2547,-0.5375,-0.25691,0.15068,-0.83268,0.37404,0.35945,0.062264,-0.6948,-0.95137,0.59128,0.063845,0.082142,-0.5164,0.9834,-0.69956,0.61671,-0.010292,-0.24969,-0.27982,-0.28979,-0.34717,-0.8933,-0.69932
-0.74545,-0.35654,0.65029,0.64522,-0.25399,0.77319,-0.083435,0.61317,-0.080778,-0.058016,0.62845,0.64151,-0.04732,0.12816,0.57819,-0.094579,0.35753,0.81961,0.18486,-0.9951,0.60194,0.060419,0.49489,0.87162,-0.071199,0.45827,0.44601,0.88448,-0.36198,0.049935,-0.9578,-0.53386,-0.92847,0,0.947,-0.1879,0.042105,-0.46541,0.33724,0.71016,-0.36019,0.38438,0.33607,-0.6247,-0.14799,-0.55111,0.43275,-0.99384,0.99645,-0.57837,0.04956,0.21313,0.4371,0.19353,-0.54246,-0.77012,-0.67864,0.98088,0.5158,0.27355,0.0074181,0.86489,0.43437,-0.25857,0.92795,0.56587,0.92129,0.45936,-0.12339,0.58842,-0.7741,-0.72249,0.93384,-0.36865,-0.2754,0.19595,0.95042,0.081912,-0.80406,0.51621,-0.66221,-0.44854,0.90866,-0.46896,0.41388,-0.43947,0.5473,0.28116,0.50072,0.15119,0.91079,0.47405,-0.98561,-0.48009,-0.042251,0.015134,0.70146,0.44416,0.27538,-0.25095,-0.7126,-0.30115,-0.076394,-0.39652,0.48609
-0.901,0.54046,0.24503,0.062954,-0.15332,-0.98775,-0.50503,0.0095174,0.27865,-0.072515,-0.3899,0.10798,-0.10475,-0.44704,-0.73663,-0.25124,0.66465,-0.82912,-0.18244,-0.012359,0.38813,0.050015,-0.25856,0.39547,0.37039,-0.30155,-0.7894,0.66723,0.35382,0.78804,0.31029,0.46836,0.4742,0.947,0,-0.71489,0.27377,0.51088,-0.57966,0.47897,0.66383,-0.11893,0.94031,0.58501,0.6496,0.41659,-0.030424,0.70714,0.33897,-0.53689,-0.34261,0.32935,-0.92329,-0.34261,0.53914,-0.66555,-0.8635,0.14708,0.99145,-0.36772,-0.73322,0.27948,0.61573,0.61854,0.536,0.36494,-0.42856,-0.75862,-0.56719,-0.23492,-0.90779,-0.69772,0.47143,-0.038813,-0.44448,0.51399,0.95322,0.1371,-0.56574,-0.50087,-0.11366,0.71499,0.3138,0.87996,0.86566,0.91156,-0.38644,-0.029432,0.0015805,-0.84192,0.92125,-0.060703,0.05267,0.0099691,0.6929,0.40541,-0.47796,-0.88078,-0.3406,-0.572,0.64679,0.57206,-0.043819,0.16552,0.6845
-0.50823,0.057075,0.63273,-0.71712,-0.58727,-0.098849,-0.38422,0.84252,-0.089248,0.50895,0.93673,0.89598,-0.23098,-0.021354,-0.52239,0.011654,-0.12897,0.61353,0.85118,-0.65855,0.80129,-0.94546,-0.62137,0.45833,-0.30901,0.39299,-0.83195,-0.99098,0.8999,0.63971,-0.2149,-0.89328,0.3378,-0.1879,-0.71489,0,0.4085,0.42623,0.57195,-0.98912,0.54324,-0.95885,0.23481,-0.96733,-0.358,-0.27403,0.18721,-0.88167,-0.62698,0.77934,0.62419,0.58661,0.9806,0.931,0.43628,0.95325,-0.27365,0.66416,0.12856,-0.028536,0.7171,0.72024,0.1933,-0.58914,0.68721,-0.37123,0.5956,0.080382,0.73048,0.81143,0.11862,-0.65114,0.15707,0.55564,-0.64158,-0.57216,0.89094,-0.9068,0.73055,-0.55976,0.1146,-0.021678,-0.4541,0.05137,-0.093657,0.75284,0.19033,0.61136,-0.63555,-0.61057,-0.30681,0.014207,-0.8379,0.10503,-0.63645,0.74832,0.26657,-0.13486,-0.71718,0.33378,-0.049464,0.99036,0.26918,-0.9288,-0.81359
-0.78052,0.36983,-0.051656,-0.65178,0.63439,0.87714,0.36276,0.0017045,-0.95197,0.29471,-0.39078,0.19772,-0.96796,-0.54359,0.83963,0.88311,-0.046474,-0.25869,-0.053714,0.27507,-0.82541,0.14819,-0.11804,0.24549,0.19725,-0.14119,0.15277,-0.27396,-0.54099,-0.44508,0.54998,0.68055,0.79729,0.042105,0.27377,0.4085,0,-0.57665,-0.35877,-0.40273,0.58896,-0.26201,-0.0090508,0.26391,0.62073,-0.11529,-0.39465,0.019251,-0.7148,-0.96825,0.49326,0.33876,-0.68771,-0.81714,0.65278,-0.52376,0.29467,-0.074113,-0.81728,-0.51419,0.23293,-0.40736,-0.72392,-0.12409,0.94609,-0.19522,-0.19141,-0.70385,-0.95063,-0.30187,-0.80556,0.40169,0.042742,0.65789,0.84997,-0.79339,-0.88236,-0.57874,-0.88418,-0.94149,-0.13243,0.072764,-0.66044,0.88349,-0.49553,0.90488,-0.3772,-0.79957,-0.26264,0.017049,0.68322,0.81381,0.38315,0.42362,-0.76722,-0.56612,0.043833,0.10496,-0.097947,-0.9036,-0.31092,0.45467,0.63941,-0.23645,-0.51009
0.61193,-0.63803,0.42463,-0.84605,-0.64934,-0.34412,-0.61426,0.98087,-0.28837,-0.64683,0.97328,0.2534,0.50239,0.10519,-0.33239,0.67281,0.29192,0.13877,-0.85458,0.54024,0.053339,0.75715,-0.68273,0.11087,-0.026449,0.54197,-0.59756,0.77706,0.58885,0.084509,-0.69207,-0.59431,0.78375,-0.46541,0.51088,0.42623,-0.57665,0,-0.19436,0.19372,0.14094,-0.88882,0.36406,-0.11442,0.15534,0.73482,0.61782,-0.038314,0.28636,-0.20779,-0.27555,0.24205,-0.40243,-0.91546,-0.31738,-0.66453,0.17197,-0.052608,0.16616,0.50933,-0.82288,-0.97479,-0.53395,-0.27881,-0.014292,-0.55825,-0.45389,-0.66216,-0.69012,0.70292,-0.30097,-0.48946,-0.1307,0.59642,0.74907,-0.59411,-0.20674,-0.59219,0.51048,-0.84959,-0.41466,-0.11589,-0.66248,-0.35522,0.37976,0.42257,0.22054,-0.82156,-0.96114,-0.55043,0.95276,-0.28854,-0.42324,0.55143,-0.22396,-0.30014,-0.024479,0.91343,-0.19814,0.11054,0.57199,0.765,0.23034,0.51286,0.9909
-0.80709,0.81751,0.95728,-0.7088,-0.94247,0.46137,-0.59325,-0.00195,-0.49723,-0.70893,-0.44274,0.30198,0.39327,-0.94944,0.32859,-0.4353,-0.38087,-0.6939,-0.86586,-0.99157,-0.079582,0.83182,-0.17165,-0.24938,-0.86483,-0.76031,-0.52085,0.96328,0.37278,-0.2283,-0.51396,0.53428,-0.24037,0.33724,-0.57966,0.57195,-0.35877,-0.19436,0,0.83621,0.28345,0.15612,-0.93643,0.43265,0.96071,-0.42226,-0.69399,-0.1842,0.90248,0.22948,0.89946,-0.81533,0.54168,0.87226,0.72452,-0.33283,0.68823,0.15147,-0.24177,-0.52361,0.93581,0.25661,0.70348,-0.29993,0.50764,-0.99011,0.27753,0.82528,-0.57849,0.27462,-0.70831,0.21739,0.31818,-0.96444,0.78783,0.49083,-0.44516,0.069252,0.35683,-0.15799,0.81085,-0.026791,0.99291,0.016113,0.3424,0.92336,0.024033,0.04646,-0.50279,-0.21524,0.29597,-0.57606,-0.62286,-0.92521,0.97959,-0.88784,0.15566,-0.53175,-0.045766,0.047234,-0.023273,0.25495,-0.2657,-0.78314,-0.78999
-0.43181,-0.24054,0.1095,0.31871,0.90911,0.57528,-0.52327,0.69446,-0.94695,-0.70112,0.19987,0.98063,0.21304,-0.60102,-0.42479,0.76639,-0.89347,0.39325,0.99161,0.81195,0.64289,-0.79664,-0.18861,0.33806,-0.66727,0.65635,0.40382,-0.90643,-0.40421,-0.94601,-0.21371,-0.51985,-0.32738,0.71016,0.47897,-0.98912,-0.40273,0.19372,0.83621,0,0.95247,-0.28971,-0.47136,0.56346,0.97332,0.028855,-0.96953,0.92827,0.32866,-0.81361,0.64662,0.33107,-0.49569,0.53738,-0.27461,0.07616,-0.2953,-0.48685,-0.47029,-0.61302,0.62927,0.54967,0.50305,0.40556,0.89015,-0.97899,-0.57255,-0.64655,-0.78244,0.48551,-0.99278,-0.63149,0.85595,0.19058,0.74444,0.06442,-0.46653,-0.54202,-0.52584,-0.66559,-0.23765,0.64323,0.95864,0.99965,-0.5618,0.35546,0.51307,-0.23268,-0.030342,-0.10524,-0.67942,-0.060142,-0.82269,0.57469,-0.92053,0.86543,0.85481,0.064645,0.63949,-0.30102,-0.61972,0.63717,0.65704,0.53164,-0.57491
-0.25116,-0.40856,-0.66732,0.51095,0.88728,0.77965,-0.85135,-0.10622,0.9589,0.56656,-0.10569,0.33242,0.073713,0.02306,-0.70449,0.19558,-0.97783,-0.93052,0.49141,-0.90132,-0.8077,0.64883,0.99866,-0.95077,0.46535,-0.89862,0.89137,0.33696,-0.37415,-0.1381,0.18763,0.76328,0.0075113,-0.36019,0.66383,0.54324,0.58896,0.14094,0.28345,0.95247,0,-0.32702,-0.86317,0.62479,0.056108,0.35729,-0.9736,-0.74532,-0.35971,0.39473,0.56135,-0.082118,-0.61074,-0.38142,0.42281,-0.64548,0.19016,-0.80999,0.22128,-0.096591,-0.71126,0.031982,-0.68856,-0.31643,-0.9653,0.89975,-0.17539,-0.57682,-0.19193,-0.49702,0.68704,-0.39977,0.14097,0.046893,0.21307,-0.05982,-0.70364,-0.019988,0.22797,-0.93438,-0.22649,0.84423,-0.42586,-0.31029,-0.24,-0.46105,0.60315,0.91556,-0.0064787,-0.1018,-0.32662,-0.21075,-0.81181,0.49607,-0.99431,0.36792,0.25345,-0.35923,-0.55391,-0.22673,0.42113,-0.31177,-0.82259,0.071307,-0.84165
0.68723,0.82722,0.56227,-0.55439,0.80498,-0.5481,0.28259,-0.49904,0.55973,-0.41644,-0.95812,-0.33866,-0.77138,0.37214,-0.46185,-0.4515,0.7072,-0.50792,-0.71273,-0.43219,0.22199,0.83293,0.075664,-0.34751,0.58502,-0.98372,-0.13531,0.065829,-0.63866,-0.66991,0.2722,0.14782,0.15267,0.38438,-0.11893,-0.95885,-0.26201,-0.88882,0.15612,-0.28971,-0.32702,0,-0.90232,-0.0023675,-0.32053,-0.37918,0.9564,0.014366,-0.22197,0.80002,0.48266,-0.018335,0.43326,-0.51705,-0.21242,0.47808,-0.21648,0.35379,0.94534,0.59519,0.83429,-0.73487,0.22018,-0.81389,-0.47776,0.72208,0.63412,0.51831,0.84867,0.38535,0.029692,-0.52481,-0.21096,0.41149,-0.4971,0.96965,-0.6607,-0.62936,0.64453,0.21631,-0.33142,-0.7588,-0.25827,-0.40639,-0.11388,-0.2012,-0.21177,0.19927,0.71804,-0.32042,-0.37144,0.75181,0.92936,-0.8621,-0.56796,0.28537,-0.21062,0.024687,-0.86646,0.53172,0.21783,0.10367,-0.98323,-0.23574,0.94767
-0.3034,0.99919,-0.97723,-0.45861,0.51058,0.70158,-0.81107,-0.52389,0.23868,0.80404,-0.88235,0.75213,-0.76721,-0.78858,-0.056199,0.85423,-0.44548,-0.35917,0.47002,-0.80881,-0.92685,-0.67524,-0.9451,-0.54787,0.61403,-0.70038,-0.29088,-0.11768,-0.20795,-0.22221,0.70731,0.86573,-0.70296,0.33607,0.94031,0.23481,-0.0090508,0.36406,-0.93643,-0.47136,-0.86317,-0.90232,0,0.45727,0.013841,-0.5679,-0.089149,0.42828,0.90873,-0.64225,0.26903,-0.93819,-0.78017,-0.1333,0.047223,0.34705,-0.58575,0.088674,0.41675,-0.73534,0.24002,-0.66585,-0.46756,-0.63476,-0.76713,-0.019222,-0.553,-0.68564,0.75497,-0.51718,0.26658,-0.46745,-0.93954,-0.57843,0.43211,0.5946,-0.9246,-0.75645,0.62613,-0.51799,-0.024117,0.86663,0.036527,0.60425,-0.77671,-0.27922,0.98129,-0.55741,0.23683,-0.66618,-0.5416,0.35119,0.59897,0.20649,0.50794,0.16378,0.37963,-0.87006,-0.21675,-0.69733,0.41381,0.52473,-0.41437,0.462,0.14547
-0.4935,-0.097283,-0.076052,0.69567,-0.57217,0.6178,0.26744,0.16531,0.055732,0.26979,-0.30497,0.27206,-0.028227,0.15684,0.66135,-0.63527,-0.98153,0.028496,0.03197,-0.026675,-0.48535,0.14479,-0.26986,0.013428,0.21753,-0.80552,0.48809,0.82628,-0.93551,-0.56919,0.91683,-0.72055,-0.097409,-0.6247,0.58501,-0.96733,0.26391,-0.11442,0.43265,0.56346,0.62479,-0.0023675,0.45727,0,0.35235,-0.37008,0.14945,-0.7741,-0.8604,-0.35946,-0.76545,0.67217,0.063482,-0.59319,0.37918,-0.67584,0.26572,0.23878,-0.80966,-0.96044,0.1436,0.33264,0.84215,0.64145,-0.83029,0.70619,-0.73688,-0.79005,0.79647,-0.91778,0.59055,-0.11464,-0.27388,0.43646,-0.97603,-0.81284,-0.31972,-0.46614,0.49469,0.16644,-0.59148,-0.031562,0.85829,0.30474,-0.13793,-0.3977,0.56834,0.18074,0.95385,-0.02626,0.70337,0.89527,-0.38787,0.57935,-0.69824,-0.38828,-0.7888,0.0059459,0.76787,0.56341,-0.67331,0.51082,-0.22674,0.59414,0.64701
