,,,,,,,,,,,,,,,,,,,,,,,,,,,,,,,,,,,,,,,,,,,,,,,,,,,,,,,,,,,,,,,,,,,,,,,,,,,,,,,,,,,,,,,,,,,,,,,,,,,,,,,,
0,-0.0060786,0.26281,-0.92561,-0.42651,0.78883,-0.086498,-0.095106,0.807,0.25503,0.52704,-0.92783,0.16225,-0.15276,0.087134,-0.15259,-0.15547,-0.10669,0.56582,0.082508,-0.021289,0.94225,-0.86848,0.60896,-0.61805,-0.38349,0.23863,0.9758,0.5323,-0.044693,-0.91933,0.12745,0.20715,0.52662,-0.49218,-0.32441,-0.12851,-0.46077,-0.51733,-0.69245,-0.68253,0.23525,-0.76977,-0.86603,0.51708,-0.90389,-0.60589,-0.67138,-0.90902,0.20836,0.4103,0.18055,-0.87412,-0.63931,0.15972,-0.39133,-0.96205,-0.37485,-0.74793,-0.38389,-0.48871,0.20004,0.89821,0.24044,0.053939,-0.43845,0.41916,-0.55882,-0.204,0.19578,-0.80739,-0.28132,-0.68291,-0.86545,0.40285,-0.34662,0.83868,0.19677,0.7281,-0.59183,-0.21881,0.96144,0.28551,-0.36679,0.41329,0.67047,-0.1711,-0.7857,0.53533,0.68919,0.025483,0.93266,-0.8119,-0.1475,-0.27269,-0.26789,0.035056,-0.14363,-0.18956,0.96564,0.53358,-0.24442,-0.46177,0.66543,-0.66963
-0.0060786,0,-0.63246,0.19981,-0.072195,0.014169,0.61919,0.8956,-0.85472,-0.029344,-0.75226,-0.90513,0.82622,-0.72548,-0.50832,-0.69219,0.21029,0.48615,-0.23745,0.54606,-0.091002,-0.63643,-0.41109,-0.55758,-0.39397,-0.72969,0.92758,-0.69546,0.75562,0.20845,0.13014,-0.89067,0.29259,0.97865,-0.47784,0.60548,-0.81726,-0.43621,0.22239,-0.7904,0.09593,-0.46775,-0.97661,-0.76806,-0.84718,-0.44491,0.27946,-0.56614,0.71874,0.62025,-0.1984,0.29035,0.64721,-0.41511,0.9457,0.87658,0.19402,-0.45176,0.24355,-0.71285,0.75371,0.31461,0.67456,0.22522,-0.056179,-0.060811,-0.21632,-0.57709,-0.40481,-0.83629,-0.68274,-0.16996,0.60659,-0.62933,0.96393,0.96666,0.63464,-0.77563,-0.38089,0.30384,-0.80563,0.48873,-0.96518,0.47877,-0.43414,-0.89075,-0.7785,-0.99371,-0.69865,0.057128,0.63516,-0.68528,0.59592,0.13546,-0.23373,-0.95182,-0.24136,0.23137,0.21212,-0.7775,-0.064657,-0.64597,-0.010119,-0.096434,-0.89689
0.26281,-0.63246,0,0.50889,-0.83971,-0.28632,0.6984,-0.31788,-0.94661,-0.091245,0.75736,0.3716,0.022391,-0.38893,0.64909,0.86843,-0.65487,-0.077129,0.1361,0.2213,0.57502,-0.72705,0.77375,0.98954,-0.10773,-0.94128,-0.39942,-0.73159,0.9214,-0.37143,0.80445,-0.23386,0.73896,-0.80562,-0.4985,0.61069,-0.69723,0.71286,0.91445,-0.87582,0.72165,0.6313,0.37371,-0.56299,-0.085073,0.67124,-0.9724,-0.87897,-0.19425,-0.1748,0.96122,-0.92827,0.58971,-0.34847,-0.095653,-0.93796,-0.45514,0.73635,0.72098,-0.17609,0.23835,-0.031345,0.68896,-0.27676,-0.94899,0.5658,0.24289,0.22476,0.52028,-0.81767,0.51625,0.31641,0.7251,-0.63978,0.11227,0.64089,-0.42536,-0.39799,-0.82134,-0.24627,0.074803,-0.65506,0.26975,-0.26024,-0.32569,-0.78454,0.32169,0.93751,0.41667,0.53842,0.10294,-0.15334,-0.91215,-0.024883,0.23398,-0.77387,0.85932,-0.64849,-0.9421,-0.15243,-0.37118,-0.84713,0.37991,0.33258,0.7201
-0.92561,0.19981,0.50889,0,0.85775,0.78065,-0.16973,-0.29809,-0.30611,-0.31068,-0.52357,-0.25749,0.78383,0.72343,0.17733,-0.091439,-0.29666,-0.71115,0.78022,0.66711,-0.48618,-0.4544,0.86659,0.014161,-0.82337,-0.32563,0.13492,-0.72958,0.87983,-0.75802,-0.32545,0.55304,0.7705,-0.19162,-0.70199,-0.6698,-0.298,0.061056,0.68013,-0.18575,0.12573,0.72176,0.66915,0.79085,0.60645,0.54751,-0.10511,-0.033643,-0.89382,0.3595,0.13464,-0.34493,-0.8846,-0.36418,-0.61021,0.085644,-0.34977,0.70956,0.86224,-0.28082,0.92181,-0.31717,-0.2767,0.4487,-0.11486,0.51979,-0.083289,0.4559,0.88118,-0.39693,-0.62564,0.97217,-0.89266,0.46816,0.3911,0.40417,0.5767,0.81263,0.34268,-0.87556,0.67462,-0.045143,0.85792,0.88822,0.88343,0.76976,0.85713,-0.4857,0.74735,0.85755,0.28525,-0.64765,-0.3806,-0.28649,0.47947,-0.4124,-0.71837,-0.36691,-0.49922,0.62701,0.9849,0.85962,-0.13204,-0.31842,0.15196
-0.42651,-0.072195,-0.83971,0.85775,0,0.15686,0.7633,-0.020933,-0.83877,-0.03444,0.11432,-0.96861,-0.82395,-0.72472,-0.47953,-0.7847,0.59005,0.086615,-0.73792,0.98529,-0.41853,0.50052,-0.70109,0.021618,-0.71486,-0.57976,-0.13537,0.91318,0.30241,-0.39303,0.58471,-0.9337,-0.0092853,0.6065,-0.99291,0.30795,0.46604,0.43622,-0.84718,0.64692,0.10623,0.12863,0.50542,-0.86995,0.30312,-0.70572,0.43186,-0.5769,0.5859,0.63706,-0.33329,0.33737,-0.47538,-0.0036597,0.24503,0.98287,-0.78429,-0.037108,0.75802,-0.23227,-0.11504,0.57144,0.79317,0.40887,-0.15011,0.70187,0.016761,-0.35654,-0.28813,0.9092,-0.44023,0.75994,-0.09625,-0.99446,0.24119,0.49254,0.87357,0.78368,0.74357,-0.48296,-0.94719,0.095392,0.25221,0.99656,-0.53453,0.67261,0.16802,-0.50107,0.15204,0.80782,0.3411,0.086079,0.58236,0.55095,0.29445,-0.90275,0.90946,0.20821,0.54334,-0.19222,0.85163,-0.19343,0.29367,0.14112,0.17897
0.78883,0.014169,-0.28632,0.78065,0.15686,0,0.47516,0.45801,0.30488,0.96557,-0.14227,0.63939,0.90693,0.38492,0.026229,-0.47822,0.015884,-0.49324,0.68253,0.02143,-0.18259,-0.80436,-0.44342,-0.35197,0.84943,-0.38336,-0.92687,0.16924,-0.65597,-0.68828,-0.99431,-0.17338,0.85621,-0.79056,0.40483,0.82489,-0.4929,-0.99614,0.94188,-0.32159,-0.05658,0.50505,0.54538,-0.41868,-0.14504,-0.69386,0.77189,0.79209,-0.29976,0.47748,0.41578,-0.61717,0.43599,0.1082,0.02778,-0.16584,-0.94658,0.96682,-0.51341,-0.0032838,0.33056,-0.75827,-0.1223,-0.5202,0.99045,-0.53671,0.67801,-0.82792,-0.28783,0.64503,-0.70825,-0.91429,0.22243,-0.50364,-0.32625,0.064309,0.54654,-0.62914,-0.41432,0.5938,0.60596,0.49576,-0.74554,-0.45635,-0.85809,-0.13188,0.13148,0.72213,0.75811,-0.92003,0.96951,0.81122,0.087456,0.60105,0.53051,-0.65526,0.28095,0.68049,-0.15283,-0.084133,-0.18899,0.32035,-0.33458,0.68215,0.69917
-0.086498,0.61919,0.6984,-0.16973,0.7633,0.47516,0,-0.70448,-0.48806,0.25756,0.17296,-0.57911,-0.40827,0.0974,0.73585,0.29533,0.61993,0.29365,-0.67187,0.63636,-0.5719,0.79052,0.24271,0.72045,0.063059,0.79527,0.56429,-0.57971,-0.71159,0.99197,-0.38434,0.036898,0.28136,0.69566,-0.23417,0.9627,0.20241,-0.28187,0.6973,0.057448,0.87053,0.26083,0.51377,-0.57549,-0.8789,-0.67822,-0.72119,0.32076,0.14461,-0.5452,-0.8253,0.87024,-0.35804,0.14442,-0.11215,-0.3528,-0.67799,0.69101,-0.024038,-0.12667,-0.77472,-0.58505,0.63742,0.64644,0.31185,0.98544,-0.9881,0.11343,-0.14798,-0.46604,-0.87825,0.61509,0.92677,-0.0021457,-0.84995,-0.28127,0.63463,-0.66444,0.2608,0.289,0.12371,0.48937,-0.13981,0.45274,-0.6895,0.16027,-0.22745,-0.093585,0.42954,0.25024,-0.85414,-0.23574,-0.57702,0.38596,0.23316,0.44451,-0.012492,-0.93979,-0.84771,0.38625,0.92315,-0.036578,0.49688,-0.65981,-0.88968
-0.095106,0.8956,-0.31788,-0.29809,-0.020933,0.45801,-0.70448,0,-0.53979,-0.74815,-0.063024,-0.71191,0.057291,0.59118,-0.45936,0.7432,-0.56838,0.98236,0.19304,-0.22239,-0.35812,0.95442,-0.52554,-0.1779,0.78825,0.13199,-0.52776,0.32876,-0.54505,0.67613,-0.36617,0.13173,0.69635,0.4222,-0.52996,0.93528,0.37178,0.71803,-0.20367,0.08717,0.76459,0.57163,0.47048,0.066595,0.49409,-0.2913,-0.3611,0.92319,0.29428,-0.41193,-0.77019,0.34982,-0.44148,0.95177,-0.43546,0.96365,0.018578,0.85489,0.91229,-0.46864,0.0095542,-0.67661,0.9103,-0.56392,-0.71392,0.51122,0.97342,-0.11282,0.42477,-0.47161,-0.93517,0.28656,-0.50275,0.97459,-0.18412,-0.8753,0.79596,-0.050533,-0.38638,-0.89119,-0.3978,-0.36486,0.91896,-0.75926,-0.17352,0.16671,-0.50144,-0.80088,0.086346,-0.7999,-0.99114,-0.26267,0.65648,-0.018001,-0.56152,-0.088034,0.63193,0.33297,0.030095,-0.5735,-0.92462,-0.22424,0.20975,0.14437,0.21304
0.807,-0.85472,-0.94661,-0.30611,-0.83877,0.30488,-0.48806,-0.53979,0,0.48332,-0.24356,0.24253,-0.62868,0.6814,0.44101,-0.54271,0.8112,0.34428,-0.90166,0.45466,-0.34508,0.27952,-0.18926,0.16494,-0.0099375,-0.78616,-0.63626,-0.93097,-0.059679,0.2587,-0.67762,0.37672,-0.72926,0.55953,0.63159,-0.46738,-0.95868,0.44101,-0.82696,0.55727,0.64928,-0.77889,0.54581,0.77589,0.27808,0.42138,0.13273,0.3049,-0.35301,-0.24568,-0.34528,0.45572,-0.98034,-0.33785,0.81771,0.044182,0.34787,-0.54005,-0.11691,-0.76794,0.73142,-0.41463,0.39032,-0.21931,-0.95219,0.95436,0.96012,0.00017923,-0.65019,0.34663,-0.81399,0.44457,-0.49827,0.28841,0.51909,-0.01476,-0.76187,0.88017,-0.24407,-0.61579,0.84033,0.3325,0.58881,0.65222,0.82617,-0.1385,-0.2814,0.36179,-0.67177,0.29764,0.59142,-0.4882,-0.16048,0.018769,0.1826,0.35861,-0.07604,-0.77738,-0.074186,-0.51683,0.88215,-0.81621,-0.54062,-0.84658,0.21739
0.25503,-0.029344,-0.091245,-0.31068,-0.03444,0.96557,0.25756,-0.74815,0.48332,0,0.13074,-0.8563,-0.20445,-0.89118,0.65783,0.8527,-0.39394,0.62045,-0.36253,-0.49549,0.24482,0.66416,-0.52556,-0.47141,0.19533,0.075346,-0.76036,-0.76666,-0.69097,0.22854,0.79518,-0.84524,-0.62489,0.75994,0.9212,0.11255,-0.94677,-0.67052,-0.65517,0.94934,0.64274,-0.63444,0.76242,0.51555,-0.76394,-0.53483,0.66974,-0.12182,0.31714,0.76332,0.77008,-0.37633,-0.85984,0.06924,-0.23766,-0.4211,0.036443,0.79588,0.89038,-0.083923,-0.66218,0.49742,0.5355,-0.63434,0.41925,0.66205,0.71952,0.43156,-0.1978,0.3384,0.52893,0.95957,0.81791,-0.87783,-0.1437,-0.98003,-0.81743,-0.66949,0.39938,0.5682,-0.90447,-0.33062,-0.29864,0.35384,0.33957,-0.020567,0.95799,0.52437,-0.45474,0.075153,0.61039,-0.6741,-0.98495,-0.85806,-0.65593,0.30418,0.83153,0.65732,-0.16532,-0.43663,0.9516,0.010219,-0.64169,-0.4047,0.11333
0.52704,-0.75226,0.75736,-0.52357,0.11432,-0.14227,0.17296,-0.063024,-0.24356,0.13074,0,-0.45195,0.48975,-0.63853,-0.92535,0.1499,0.56653,-0.8102,-0.81474,0.087312,-0.87281,-0.55356,-0.774,0.1356,0.10686,-0.00081798,0.22659,0.21158,0.47566,-0.46283,-0.32802,-0.29681,-0.30962,0.95013,-0.64284,-0.18763,0.83718,-0.14581,0.19026,0.35155,0.032733,0.015517,0.83209,0.59377,-0.37422,0.32954,-0.36287,0.45695,-0.78778,0.26463,-0.6736,0.37188,0.24489,0.097071,0.80158,-0.44449,0.5203,-0.16483,-0.93145,0.9458,-0.96501,-0.32105,0.28477,-0.082878,-0.29973,-0.9978,-0.57024,-0.26543,0.2021,0.13106,-0.47448,-0.91997,0.90772,-0.32237,0.54902,0.36414,-0.69771,0.93469,0.14707,0.42274,-0.89896,-0.18874,0.75909,0.90829,0.20663,0.097104,-0.67876,0.39238,0.95807,-0.13036,-0.38763,-0.84476,-0.43085,0.00071922,-0.26106,-0.88912,0.65211,-0.55807,-0.82784,0.29778,0.414,-0.53965,-0.16889,0.54187,0.59165
-0.92783,-0.90513,0.3716,-0.25749,-0.96861,0.63939,-0.57911,-0.71191,0.24253,-0.8563,-0.45195,0,0.53173,0.3676,-0.80811,-0.73131,0.65857,-0.99001,-0.72657,-0.68149,-0.050279,-0.94198,-0.9232,0.66158,0.49663,-0.59496,-0.0068197,-0.95086,-0.59567,0.54271,0.80806,0.87337,0.33846,0.7669,0.08855,-0.81202,-0.26673,0.63603,0.57368,0.77759,0.93357,0.87892,0.55527,-0.55162,-0.66879,-0.59375,-0.0047602,-0.1165,0.70783,0.38546,0.68679,0.14393,-0.89193,-0.29293,0.59199,0.41287,0.36401,0.84385,0.65162,-0.19493,0.57984,0.95326,-0.93058,-0.36437,0.91366,0.57788,-0.10305,0.29047,0.03802,0.27397,-0.35987,-0.25253,-0.5271,-0.058012,-0.089976,-0.11006,-0.69953,0.064103,-0.50885,0.8083,-0.60576,0.73517,-0.0015815,0.10671,-0.93468,-0.51247,0.34428,-0.62332,0.72955,-0.81479,-0.75949,0.27067,-0.077733,-0.93451,-0.67985,0.056678,0.61428,0.67019,-0.12086,0.3241,0.43646,0.63686,0.75561,0.70091,0.33303
0.16225,0.82622,0.022391,0.78383,-0.82395,0.90693,-0.40827,0.057291,-0.62868,-0.20445,0.48975,0.53173,0,0.46652,0.97703,-0.5176,-0.068387,0.41085,0.041355,-0.004054,0.2531,0.29613,-0.25076,-0.4946,-0.82036,0.62572,-0.49132,0.11221,0.08833,-0.080424,0.231,-0.20367,-0.74795,0.30574,0.29692,-0.47713,-0.38661,-0.46924,-0.97837,-0.063783,-0.76407,0.2506,-0.35847,-0.066124,0.29556,-0.61404,-0.93015,0.79104,-0.79176,0.51439,0.11469,-0.58294,-0.51567,0.95669,-0.2288,-0.79368,-0.48823,0.16933,-0.38358,-0.7589,0.8299,-0.57604,0.4085,-0.49569,-0.067424,0.58972,0.51057,0.69592,-0.56915,-0.12581,0.45451,-0.39925,-0.77144,0.27197,0.55346,-0.1076,-0.12187,0.59539,0.036172,-0.097977,-0.29816,-0.90857,-0.3426,0.60197,-0.22293,0.69496,-0.519,-0.31531,-0.0092072,-0.36015,-0.47619,0.48855,-0.90458,-0.60982,0.059948,0.15495,0.32747,-0.32892,0.80126,0.62471,-0.82068,-0.045347,-0.42487,0.89546,0.80172
-0.15276,-0.72548,-0.38893,0.72343,-0.72472,0.38492,0.0974,0.59118,0.6814,-0.89118,-0.63853,0.3676,0.46652,0,0.088939,-0.026465,-0.56139,0.21463,-0.95547,-0.23277,-0.93019,-0.62082,-0.27064,0.90638,-0.16748,0.47193,-0.0076188,0.095621,0.99161,-0.14671,-0.69163,0.19132,-0.51645,0.25528,0.73687,0.77321,-0.17869,-0.57074,-0.50348,0.17504,-0.70616,0.94996,0.10161,-0.70007,-0.22114,-0.056178,-0.38871,-0.48957,-0.91527,-0.77233,-0.77183,-0.71825,0.52741,0.86464,0.80917,-0.89569,-0.9842,0.53236,-0.31084,0.64236,0.74404,0.84324,-0.80108,0.59307,0.43073,-0.94218,0.5067,-0.20327,-0.55431,-0.57085,0.73852,-0.83933,-0.13414,0.15403,-0.2611,-0.4986,-0.89269,0.1612,-0.63688,0.34547,-0.70429,0.86063,-0.21741,0.11684,-0.56915,0.84463,-0.92498,0.91469,-0.41703,0.81292,0.21711,-0.60944,0.95629,-0.17833,0.35901,-0.97237,0.67626,0.75108,0.82504,0.23013,0.047763,0.17173,0.87903,-0.1708,-0.53807
0.087134,-0.50832,0.64909,0.17733,-0.47953,0.026229,0.73585,-0.45936,0.44101,0.65783,-0.92535,-0.80811,0.97703,0.088939,0,-0.72233,0.42202,0.5116,0.68382,-0.54652,-0.32518,0.86423,-0.14258,0.24929,-0.84415,0.00087548,0.53071,0.60069,-0.49118,0.61468,0.5423,-0.6746,-0.35443,-0.16033,-0.081834,-0.23621,0.79185,0.35946,-0.27355,0.56754,-0.59551,-0.48625,0.028883,0.96206,-0.92791,0.97296,-0.72815,-0.68417,-0.59194,-0.19559,-0.48429,-0.51983,0.99531,-0.62568,-0.47809,0.93383,-0.57819,-0.77743,-0.16564,-0.3189,0.7135,0.85741,-0.83515,-0.13987,0.29665,0.42031,-0.57758,0.12648,-0.47084,-0.57254,0.77638,-0.14615,-0.5277,0.59854,-0.93527,-0.0096951,-0.47709,0.49938,0.56112,-0.0030657,0.68982,-0.23785,0.11836,-0.49098,0.44524,-0.64997,-0.67685,-0.36028,0.86874,-0.43267,-0.29241,0.90832,-0.3311,-0.93629,0.78125,-0.12458,0.74516,0.14773,-0.56675,0.025335,-0.88007,0.36883,0.33057,-0.5088,0.11813
-0.15259,-0.69219,0.86843,-0.091439,-0.7847,-0.47822,0.29533,0.7432,-0.54271,0.8527,0.1499,-0.73131,-0.5176,-0.026465,-0.72233,0,0.31552,-0.43235,0.29124,-0.012635,0.34902,-0.15513,0.69262,-0.79211,0.13266,0.27842,0.68298,-0.16926,0.83711,0.56626,-0.36813,0.39681,0.37743,-0.6728,0.41687,-0.048234,0.59501,0.12057,0.65271,0.086467,0.74647,0.88721,-0.99461,-0.90242,-0.24453,-0.23029,-0.64703,0.43639,0.49051,-0.81033,0.4533,0.42418,0.71841,-0.68602,0.42477,0.61122,-0.92802,-0.47743,-0.60184,-0.24653,-0.40189,0.071684,0.76192,-0.082868,-0.65485,0.25895,-0.93638,-0.94475,-0.19639,-0.19088,-0.89817,0.019897,-0.66771,0.98977,0.50755,-0.69303,-0.78583,0.70406,-0.92182,0.58555,0.50807,-0.59502,0.55247,-0.87698,0.11143,-0.46737,-0.20542,0.19329,0.4508,-0.44321,-0.20903,0.50905,0.61283,-0.29621,-0.86592,0.99258,0.86487,0.94058,0.95465,-0.19493,0.80653,-0.10313,-0.84291,-0.46143,-0.63185
-0.15547,0.21029,-0.65487,-0.29666,0.59005,0.015884,0.61993,-0.56838,0.8112,-0.39394,0.56653,0.65857,-0.068387,-0.56139,0.42202,0.31552,0,-0.46533,0.77886,-0.9153,-0.55567,-0.75181,0.13962,0.848,0.88276,-0.55763,0.45778,0.74457,0.92219,0.81267,0.9395,0.47618,-0.34745,-0.37586,-0.4329,0.44995,0.55555,0.78858,-0.7488,0.79703,-0.50685,-0.70189,-0.69249,-0.19174,-0.67362,0.073084,0.47725,-0.34093,-0.54184,0.96174,-0.28941,-0.71799,0.32334,0.44381,-0.84177,0.65482,0.62332,0.67107,0.54845,0.078995,-0.59925,-0.9667,0.51347,-0.68432,0.59086,-0.17282,-0.45946,0.71061,0.91014,0.98084,-0.10295,-0.085488,0.67143,-0.28979,-0.24986,0.85899,-0.37985,0.66254,0.28138,0.91766,0.74895,-0.42296,-0.31368,-0.38638,0.82597,-0.62115,0.084847,-0.35395,0.48237,-0.91097,-0.68278,0.17748,-0.30743,-0.06867,0.10403,0.96966,-0.83911,0.91185,-0.85815,-0.48293,-0.092372,-0.26191,-0.2195,-0.72041,0.9495
-0.10669,0.48615,-0.077129,-0.71115,0.086615,-0.49324,0.29365,0.98236,0.34428,0.62045,-0.8102,-0.99001,0.41085,0.21463,0.5116,-0.43235,-0.46533,0,0.42801,0.97018,0.53818,0.045979,-0.63875,-0.57931,-0.95781,-0.09442,0.16198,0.99689,-0.086274,-0.29915,-0.27885,0.41347,0.21173,0.73305,0.89928,-0.7366,0.86884,-0.34533,-0.26286,-0.34638,0.13552,0.014193,0.1874,0.41996,-0.30535,-0.31873,0.88494,-0.85427,0.34309,-0.23291,0.88571,-0.10662,-0.016762,0.2497,0.35704,-0.16022,-0.91412,-0.66035,0.14462,0.2211,-0.064658,-0.087584,-0.94531,-0.59026,-0.45327,0.93199,0.61806,-0.44661,0.089231,0.74533,-0.79877,0.91618,0.1446,-0.57147,-0.39481,-0.73595,-0.32919,-0.35665,-0.80066,-0.80309,-0.56141,-0.99857,0.73866,-0.87823,0.20648,-0.81631,-0.49544,0.77529,0.25977,0.2859,-0.061836,-0.90304,-0.46844,-0.31975,-0.55162,0.51021,-0.98618,-0.15391,0.79373,-0.054695,-0.78364,0.65093,0.79537,-0.92871,0.68313
0.56582,-0.23745,0.1361,0.78022,-0.73792,0.68253,-0.67187,0.19304,-0.90166,-0.36253,-0.81474,-0.72657,0.041355,-0.95547,0.68382,0.29124,0.77886,0.42801,0,-0.81755,0.91942,0.74503,-0.86821,0.73293,0.14616,-0.82483,0.75277,-0.013625,-0.21914,0.7449,-0.84097,0.64661,-0.87322,0.36049,0.32154,0.040618,0.20731,-0.8356,-0.78127,0.27136,0.18063,0.34115,0.25118,0.80372,0.37055,0.32353,-0.16445,-0.0014548,-0.87014,0.26741,-0.29808,-0.35385,-0.78994,0.73981,-0.66257,-0.68349,0.023817,0.33595,0.75197,-0.36998,-0.022456,-0.38137,0.48399,0.21996,-0.67801,0.4857,-0.20708,-0.98117,0.54664,-0.23042,0.29771,-0.40919,0.24081,0.88122,-0.51724,0.24035,0.72419,-0.25221,-0.64059,0.19389,-0.60037,0.31481,-0.81588,-0.71502,-0.86521,0.19034,-0.65831,-0.82314,-0.54731,-0.92979,0.81554,-0.30321,-0.16876,0.45691,0.74434,0.85393,-0.71784,0.38587,0.57179,-0.76986,0.21855,0.66279,0.73459,-0.091721,-0.054752
0.082508,0.54606,0.2213,0.66711,0.98529,0.02143,0.63636,-0.22239,0.45466,-0.49549,0.087312,-0.68149,-0.004054,-0.23277,-0.54652,-0.012635,-0.9153,0.97018,-0.81755,0,0.59547,0.76753,0.77236,-0.29466,0.078047,0.6877,-0.7935,-0.24174,0.94795,0.30418,-0.72691,-0.66067,-0.015922,-0.81242,0.0088433,0.078848,0.78486,-0.49336,0.26618,-0.84338,-0.66955,0.067886,0.61573,0.64016,-0.51387,0.76728,-0.05359,0.015992,0.7157,-0.042138,0.70945,-0.88433,-0.40376,-0.79641,-0.96195,0.04518,-0.68855,-0.41022,-0.7007,-0.89471,-0.63471,-0.37769,0.63259,-0.11666,-0.35822,-0.6626,0.90362,0.057562,0.93876,-0.78265,0.88019,-0.14554,0.39051,-0.4851,-0.44584,-0.75936,0.031612,-0.93016,-0.9353,0.14603,-0.1574,-0.61485,-0.27553,0.8457,0.35645,-0.87683,-0.98755,0.19437,-0.47059,-0.97421,-0.52099,0.84926,0.21193,-0.18141,-0.79637,0.88608,-0.57546,-0.069299,0.244,0.12327,-0.87341,0.50754,-0.48261,0.53072,0.24382
-0.021289,-0.091002,0.57502,-0.48618,-0.41853,-0.18259,-0.5719,-0.35812,-0.34508,0.24482,-0.87281,-0.050279,0.2531,-0.93019,-0.32518,0.34902,-0.55567,0.53818,0.91942,0.59547,0,-0.8312,-0.030868,-0.093402,-0.060168,0.13489,0.97566,-0.78672,0.87822,-0.66344,-0.1644,-0.72383,0.14697,-0.70954,-0.95721,0.28307,-0.68423,-0.54062,-0.71424,-0.83564,0.64085,-0.46755,-0.94417,0.98917,0.35161,-0.12818,0.63969,-0.54467,-0.44834,-0.92643,-0.47985,-0.031284,0.0613,0.24265,-0.68665,-0.12247,0.24445,0.96715,0.75077,0.3849,0.25996,-0.26615,0.024178,-0.0051194,0.45158,-0.6531,-0.44499,0.98671,-0.39096,-0.022141,-0.18272,-0.29812,-0.18281,-0.75542,-0.40762,0.069185,-0.39003,-0.45641,-0.97736,0.20928,0.61483,-0.079449,-0.87102,0.77243,-0.57814,-0.048384,-0.14151,-0.36819,0.051995,0.76492,0.31957,0.75394,-0.54647,-0.38361,0.10086,-0.32989,0.12516,-0.68967,-0.0011343,0.085548,0.87563,-0.27732,-0.027415,-0.033557,-0.82745
0.94225,-0.63643,-0.72705,-0.4544,0.50052,-0.80436,0.79052,0.95442,0.27952,0.66416,-0.55356,-0.94198,0.29613,-0.62082,0.86423,-0.15513,-0.75181,0.045979,0.74503,0.76753,-0.8312,0,-0.97466,0.07825,0.86334,-0.088673,-0.85472,0.85543,0.91533,-0.033828,-0.67516,0.13203,-0.34612,-0.586,-0.20789,-0.38134,0.41636,0.78927,-0.04971,0.47814,-0.8651,0.86756,0.85192,0.94091,0.45683,0.48604,0.5882,-0.59437,-0.69979,-0.54705,-0.7316,-0.7099,-0.3379,0.65035,-0.74186,0.9051,0.0067787,-0.97319,-0.21805,-0.29404,0.61474,0.88747,-0.92312,-0.66482,-0.61503,-0.57223,0.6573,-0.43614,-0.020277,0.68164,0.26536,-0.11641,-0.59036,-0.89419,-0.99386,0.099972,0.3686,0.46802,-0.53197,-0.8847,-0.59575,0.70107,-0.84084,0.27934,0.79178,0.53298,-0.81866,-0.29606,-0.62891,-0.7922,-0.22141,-0.65678,-0.089398,-0.0032074,0.32501,-0.37746,-0.81458,-0.1674,-0.87938,-0.31834,-0.49629,-0.83856,-0.68093,0.025188,-0.15676
-0.86848,-0.41109,0.77375,0.86659,-0.70109,-0.44342,0.24271,-0.52554,-0.18926,-0.52556,-0.774,-0.9232,-0.25076,-0.27064,-0.14258,0.69262,0.13962,-0.63875,-0.86821,0.77236,-0.030868,-0.97466,0,0.92065,0.48064,-0.11746,0.07874,0.19099,-0.2649,-0.25811,-0.90706,-0.95209,-0.82325,0.3218,-0.50196,0.33309,0.26052,0.83709,0.10718,0.44524,0.12403,-0.19919,0.98708,-0.94844,-0.33055,-0.083107,-0.030932,-0.41736,0.14338,-0.81301,0.7149,0.75948,0.0345,0.87363,0.49002,-0.76988,-0.53151,-0.26141,0.23391,-0.8396,-0.59501,0.93509,0.98391,0.1626,-0.66214,-0.47239,0.72593,0.2866,-0.7091,0.16238,0.44016,-0.97978,-0.092673,0.67275,-0.12196,-0.31845,-0.2084,-0.37808,0.16709,0.6856,-0.081378,0.28531,-0.57211,0.25801,-0.94522,-0.49476,0.28524,-0.19508,0.48905,0.45009,0.0098336,-0.083017,0.89253,-0.50968,-0.72672,0.14138,-0.28987,0.0094487,-0.69593,-0.9713,-0.76648,0.72204,-0.54161,0.41081,0.92617
0.60896,-0.55758,0.98954,0.014161,0.021618,-0.35197,0.72045,-0.1779,0.16494,-0.47141,0.1356,0.66158,-0.4946,0.90638,0.24929,-0.79211,0.848,-0.57931,0.73293,-0.29466,-0.093402,0.07825,0.92065,0,0.59635,0.2373,0.39937,0.61071,0.60983,0.33686,0.72409,0.90241,-0.79977,-0.75052,0.21065,-0.84468,-0.86027,-0.22864,-0.71659,-0.50209,-0.41549,-0.67011,0.41558,0.90601,0.3026,0.0079214,-0.70804,-0.67667,-0.23375,-0.44094,0.8382,0.94748,0.2798,-0.31452,-0.46469,-0.8597,0.98819,0.050365,0.097868,-0.5777,0.14299,0.74539,-0.0038247,0.14972,-0.63484,-0.5967,0.94099,-0.31102,-0.8751,0.20391,0.91646,0.64212,-0.8175,-0.38784,0.35971,0.70654,0.25711,-0.58852,-0.096588,0.35354,0.79373,-0.99411,0.92182,0.56444,0.92405,-0.54339,0.15245,0.92751,0.61007,0.28348,0.42157,0.52658,0.64213,-0.66869,0.41365,0.38001,-0.60258,-0.62078,-0.78295,-0.52425,-0.61804,-0.064357,0.053908,0.36156,-0.28835
-0.61805,-0.39397,-0.10773,-0.82337,-0.71486,0.84943,0.063059,0.78825,-0.0099375,0.19533,0.10686,0.49663,-0.82036,-0.16748,-0.84415,0.13266,0.88276,-0.95781,0.14616,0.078047,-0.060168,0.86334,0.48064,0.59635,0,-0.20003,0.047085,0.86487,-0.44233,0.40091,0.63713,-0.15116,0.46756,0.18672,-0.82471,0.13729,0.50946,0.018481,0.26322,-0.1944,0.091061,0.97756,-0.27941,-0.37716,0.53901,-0.47899,0.055011,-0.20776,-0.66956,-0.11235,0.49642,0.86396,0.48998,-0.072905,0.76103,-0.83428,-0.66161,0.25631,-0.389,-0.62331,0.070037,0.89944,-0.095258,0.44359,0.4907,-0.21208,0.35435,-0.05341,-0.37114,-0.64163,-0.97124,0.75035,-0.60525,-0.59937,0.88478,0.94573,-0.29983,-0.48346,0.44077,-0.49037,0.83987,-0.92676,0.22886,-0.33517,0.11593,-0.05028,-0.26285,0.86693,-0.61807,-0.81047,-0.37225,-0.16894,0.19903,0.62997,0.3838,-0.10305,0.075905,-0.36476,0.96355,-0.52388,0.27961,0.13062,-0.9165,0.50404,-0.85839
-0.38349,-0.72969,-0.94128,-0.32563,-0.57976,-0.38336,0.79527,0.13199,-0.78616,0.075346,-0.00081798,-0.59496,0.62572,0.47193,0.00087548,0.27842,-0.55763,-0.09442,-0.82483,0.6877,0.13489,-0.088673,-0.11746,0.2373,-0.20003,0,-0.077784,-0.089285,0.019879,-0.88988,-0.85885,0.85341,0.64371,-0.9759,-0.61325,0.4788,-0.68593,-0.90136,0.53753,-0.21709,0.58729,-0.76769,0.82566,-0.66468,-0.43561,0.24061,-0.96771,0.13713,-0.23564,0.7848,-0.063568,-0.94921,0.13525,0.51074,-0.27203,-0.17093,0.79604,0.21048,0.84516,-0.18166,0.59188,-0.95436,-0.057451,-0.9643,0.010794,0.76949,0.20038,0.10358,0.040909,-0.73082,-0.65368,0.18174,-0.3886,0.061587,-0.44574,-0.19701,-0.84169,0.56358,0.39071,0.80931,0.82284,-0.84523,-0.96208,-0.81344,-0.2547,0.58537,0.45973,0.97052,-0.45344,-0.87487,0.63656,0.064582,-0.018088,0.65115,0.26241,-0.13371,-0.94806,0.62371,0.080503,0.35183,0.97737,-0.61078,-0.35347,-0.85432,0.98219
0.23863,0.92758,-0.39942,0.13492,-0.13537,-0.92687,0.56429,-0.52776,-0.63626,-0.76036,0.22659,-0.0068197,-0.49132,-0.0076188,0.53071,0.68298,0.45778,0.16198,0.75277,-0.7935,0.97566,-0.85472,0.07874,0.39937,0.047085,-0.077784,0,0.51106,-0.31169,-0.62502,-0.29264,0.12859,0.99294,-0.34649,0.96169,0.38555,0.11465,0.85602,0.2194,-0.9945,-0.968,-0.75064,-0.7772,0.24801,0.44922,-0.90806,0.45749,-0.98441,-0.12531,-0.81053,-0.54201,0.30525,-0.5628,-0.54739,0.6383,-0.22593,0.73741,-0.5343,0.34351,-0.22487,0.5903,0.60909,0.28793,-0.17631,-0.67034,-0.58049,-0.99072,-0.72437,-0.95819,0.48358,0.52184,-0.80113,0.088418,0.66977,-0.69145,-0.032265,0.55914,-0.19209,0.79978,-0.64096,-0.63638,0.44931,0.96647,-0.63244,0.96946,-0.78339,0.52633,-0.71903,0.60815,0.23836,-0.5522,-0.29058,0.13859,0.39835,0.33398,-0.17684,-0.76253,-0.056803,0.23342,-0.081363,0.11501,0.8552,-0.26919,-0.36993,-0.26951
0.9758,-0.69546,-0.73159,-0.72958,0.91318,0.16924,-0.57971,0.32876,-0.93097,-0.76666,0.21158,-0.95086,0.11221,0.095621,0.60069,-0.16926,0.74457,0.99689,-0.013625,-0.24174,-0.78672,0.85543,0.19099,0.61071,0.86487,-0.089285,0.51106,0,0.61528,0.50321,0.80818,0.2231,0.31442,-0.71344,-0.40205,-0.32686,0.94756,0.46341,-0.61494,-0.11013,0.38477,0.5518,-0.069368,-0.072191,-0.58089,0.47994,0.2376,-0.39655,-0.5208,-0.22826,0.97894,0.76051,0.11128,-0.47804,0.63475,-0.49891,0.24033,0.56435,0.37567,0.040693,-0.93025,-0.1858,-0.67211,-0.18912,-0.92026,0.63505,-0.011349,-0.19292,0.6919,0.97067,0.19469,-0.98842,0.24438,0.054296,-0.85117,0.16265,-0.7151,0.9865,0.4577,0.52397,-0.30894,-0.068485,0.17079,-0.74525,-0.31149,0.42471,-0.67205,-0.10365,-0.79204,0.54338,-0.37893,-0.026171,0.5156,0.68645,0.63206,0.93982,-0.39395,-0.1273,0.76046,0.32388,-0.83046,0.29338,-0.10704,-0.5459,0.42497
0.5323,0.75562,0.9214,0.87983,0.30241,-0.65597,-0.71159,-0.54505,-0.059679,-0.69097,0.47566,-0.59567,0.08833,0.99161,-0.49118,0.83711,0.92219,-0.086274,-0.21914,0.94795,0.87822,0.91533,-0.2649,0.60983,-0.44233,0.019879,-0.31169,0.61528,0,-0.054964,0.028167,0.24785,-0.8642,0.81557,0.011571,-0.66154,-0.58657,-0.3838,0.8156,-0.81459,0.8971,0.050892,-0.38889,0.68808,-0.06017,-0.83281,-0.25614,0.22968,0.037897,-0.36709,0.85818,-0.1274,-0.1024,0.37773,0.93664,0.4989,0.66161,-0.81252,-0.77194,-0.68191,0.3351,-0.16202,-0.5929,0.20719,0.25901,0.96843,0.15107,0.35476,0.71815,-0.99606,-0.22419,0.040653,-0.68264,-0.14757,-0.27351,-0.36157,-0.045869,0.65558,0.33158,0.5094,-0.081416,0.86435,0.61819,-0.98114,-0.047546,-0.687,0.48263,-0.61972,-0.065859,0.97457,-0.75624,0.67911,-0.80469,-0.03329,-0.023706,-0.93114,0.99375,0.15241,-0.42624,0.98511,0.47301,-0.81736,-0.066823,0.62839,-0.74227
-0.044693,0.20845,-0.37143,-0.75802,-0.39303,-0.68828,0.99197,0.67613,0.2587,0.22854,-0.46283,0.54271,-0.080424,-0.14671,0.61468,0.56626,0.81267,-0.29915,0.7449,0.30418,-0.66344,-0.033828,-0.25811,0.33686,0.40091,-0.88988,-0.62502,0.50321,-0.054964,0,0.1399,0.88478,-0.27658,0.89679,-0.43254,0.48179,0.78032,-0.21749,-0.044264,-0.4523,-0.48981,-0.32898,0.48183,-0.79476,0.0071322,-0.59815,-0.062095,-0.40758,-0.87797,-0.3273,0.62344,-0.81717,-0.50656,0.32226,-0.3495,-0.51952,-0.58397,0.089654,-0.15938,0.89849,0.74756,-0.081449,-0.71612,-0.75978,0.78521,0.74671,0.4631,0.99769,0.71992,-0.8001,-0.80852,0.248,0.49188,0.68862,0.96273,0.31057,0.55372,0.58789,-0.58845,0.78378,-0.41526,0.21594,-0.1642,-0.58804,0.66161,0.25058,-0.018123,0.63626,0.34683,-0.39559,0.75839,0.66004,-0.24344,-0.1205,0.2461,-0.38307,-0.11456,-0.34186,0.13215,-0.16301,0.51717,-0.40457,0.36616,0.22367,0.52876
-0.91933,0.13014,0.80445,-0.32545,0.58471,-0.99431,-0.38434,-0.36617,-0.67762,0.79518,-0.32802,0.80806,0.231,-0.69163,0.5423,-0.36813,0.9395,-0.27885,-0.84097,-0.72691,-0.1644,-0.67516,-0.90706,0.72409,0.63713,-0.85885,-0.29264,0.80818,0.028167,0.1399,0,0.79198,0.43794,0.83328,0.82285,-0.50794,-0.34667,-0.63628,-0.17619,0.83747,-0.31439,-0.51018,-0.77782,-0.055759,0.45465,0.3441,-0.82522,0.10392,-0.36473,0.62269,-0.27229,0.67248,-0.21447,0.51453,0.90146,-0.29601,0.88827,0.92163,-0.62987,-0.39057,0.21431,0.93777,-0.25445,-0.50641,-0.53201,-0.83212,0.76958,0.52947,0.419,0.93205,-0.74894,0.14598,-0.12061,-0.11281,-0.23484,-0.10612,-0.67457,-0.64532,-0.81352,0.50966,0.4747,-0.15734,-0.40057,0.52057,0.24261,-0.49957,-0.73016,-0.34284,0.87301,0.51844,0.82562,-0.21253,0.64808,0.50581,-0.72367,-0.17094,0.042902,0.94994,-0.29573,0.26276,0.3644,-0.50379,0.18165,-0.86662,-0.78441
0.12745,-0.89067,-0.23386,0.55304,-0.9337,-0.17338,0.036898,0.13173,0.37672,-0.84524,-0.29681,0.87337,-0.20367,0.19132,-0.6746,0.39681,0.47618,0.41347,0.64661,-0.66067,-0.72383,0.13203,-0.95209,0.90241,-0.15116,0.85341,0.12859,0.2231,0.24785,0.88478,0.79198,0,-0.62629,-0.43381,0.49991,0.51326,-0.65458,-0.11518,0.3192,-0.34143,-0.30721,0.020117,0.30371,-0.22227,-0.22729,0.85108,0.86977,-0.1247,-0.51204,-0.039968,-0.58967,0.021035,0.19949,-0.85451,0.52087,-0.8704,0.89883,-0.81371,0.92367,-0.95187,0.95353,0.29107,-0.53791,0.16905,0.43743,-0.29231,-0.19822,0.55399,0.43708,0.46463,-0.15883,-0.68507,-0.20997,0.53712,-0.48156,-0.19943,0.85272,0.27209,0.60154,0.56663,-0.22622,-0.71111,0.21795,-0.087159,-0.43596,0.26094,-0.98194,-0.68028,-0.98389,-0.86787,0.81332,0.95709,-0.26184,-0.49668,0.41689,-0.34474,0.89849,-0.8343,-0.956,-0.74537,-0.64375,0.99846,0.67811,0.85828,0.26873
0.20715,0.29259,0.73896,0.7705,-0.0092853,0.85621,0.28136,0.69635,-0.72926,-0.62489,-0.30962,0.33846,-0.74795,-0.51645,-0.35443,0.37743,-0.34745,0.21173,-0.87322,-0.015922,0.14697,-0.34612,-0.82325,-0.79977,0.46756,0.64371,0.99294,0.31442,-0.8642,-0.27658,0.43794,-0.62629,0,-0.17393,0.96332,0.29876,-0.33435,-0.97277,-0.16345,0.17236,0.94747,-0.26545,0.036884,0.36966,-0.8814,-0.94619,0.079104,0.25275,0.45662,-0.77084,0.91725,0.15833,0.16037,-0.3954,0.38672,0.89517,0.8526,0.040243,-0.51483,-0.036994,0.23779,0.58261,0.66169,0.45792,-0.66051,0.53871,0.34689,-0.6608,0.61965,0.58082,0.7743,0.3591,0.59859,-0.64683,0.14425,-0.39836,-0.7326,-0.21115,0.94804,-0.30923,-0.23605,0.41622,0.31168,0.36681,0.5577,0.013223,0.41687,0.83696,-0.5522,0.48384,-0.067757,0.31778,-0.026056,-0.13826,0.15782,0.31019,-0.86576,0.55093,-0.036607,0.9108,-0.24352,-0.91067,0.8296,0.98676,-0.83723
0.52662,0.97865,-0.80562,-0.19162,0.6065,-0.79056,0.69566,0.4222,0.55953,0.75994,0.95013,0.7669,0.30574,0.25528,-0.16033,-0.6728,-0.37586,0.73305,0.36049,-0.81242,-0.70954,-0.586,0.3218,-0.75052,0.18672,-0.9759,-0.34649,-0.71344,0.81557,0.89679,0.83328,-0.43381,-0.17393,0,0.078513,0.23005,0.38167,-0.53223,-0.30859,0.61323,-0.72737,0.6954,-0.044769,0.77129,0.72071,0.24263,-0.36444,-0.66307,-0.86753,-0.62298,0.57456,-0.43579,0.58635,-0.27575,0.21795,-0.95133,0.47665,-0.39772,-0.85264,0.1596,0.24262,0.76493,0.75007,-0.28568,-0.91649,0.025805,-0.51295,0.42156,0.95983,0.25498,-0.075847,-0.37483,-0.75788,0.83461,-0.94893,0.89622,0.5548,-0.14268,0.45325,-0.12299,0.41239,-0.51006,-0.3487,0.64106,0.62298,-0.20489,-0.91946,-0.23102,-0.31113,-0.41421,-0.86531,0.55128,0.71808,-0.73069,0.51003,-0.39678,0.58411,-0.42673,0.94511,-0.47482,0.8207,-0.003343,0.44275,0.40678,0.67585
-0.49218,-0.47784,-0.4985,-0.70199,-0.99291,0.40483,-0.23417,-0.52996,0.63159,0.9212,-0.64284,0.08855,0.29692,0.73687,-0.081834,0.41687,-0.4329,0.89928,0.32154,0.0088433,-0.95721,-0.20789,-0.50196,0.21065,-0.82471,-0.61325,0.96169,-0.40205,0.011571,-0.43254,0.82285,0.49991,0.96332,0.078513,0,0.24799,-0.78844,0.35241,0.25439,0.63697,-0.78192,0.3264,-0.29496,-0.49306,0.50498,0.051295,-0.2155,-0.84869,-0.12629,-0.58178,0.13835,0.47284,-0.89866,-0.43553,-0.98588,0.059924,-0.66234,-0.33644,-0.54237,0.54673,-0.35717,-0.47168,-0.49454,-0.11914,-0.5105,-0.012094,0.40478,-0.14899,-0.092645,0.69261,-0.16886,0.42876,0.94068,0.45097,-0.62491,0.50668,-0.34673,-0.84433,-0.16956,0.99187,-0.2992,0.16591,-0.27931,0.38399,-0.68694,0.75191,0.66711,-0.45314,0.67719,-0.25664,-0.79984,-0.43729,0.50226,0.24005,-0.13771,0.95748,0.8961,0.87006,-0.58571,-0.34279,0.50769,-0.67111,-0.38744,0.7063,-0.091625
-0.32441,0.60548,0.61069,-0.6698,0.30795,0.82489,0.9627,0.93528,-0.46738,0.11255,-0.18763,-0.81202,-0.47713,0.77321,-0.23621,-0.048234,0.44995,-0.7366,0.040618,0.078848,0.28307,-0.38134,0.33309,-0.84468,0.13729,0.4788,0.38555,-0.32686,-0.66154,0.48179,-0.50794,0.51326,0.29876,0.23005,0.24799,0,-0.13695,-0.39234,-0.98639,0.3991,0.77594,-0.14778,0.50323,0.41734,0.10064,-0.23187,0.62828,0.9466,-0.7747,-0.72448,-0.63469,-0.83433,-0.29705,0.93899,0.92534,0.85713,0.44082,0.04061,-0.69601,-0.098531,-0.77319,0.25664,-0.60732,0.62166,0.28509,-0.92837,-0.81162,0.36811,0.93281,0.253,0.20475,-0.33727,-0.52436,0.88712,0.3223,0.13152,0.13612,0.6464,0.60631,-0.54794,-0.12829,0.28772,0.82266,-0.54897,0.89161,-0.64037,-0.72733,-0.44681,-0.92711,-0.60504,0.042052,0.14511,0.26078,0.23038,-0.21035,-0.25756,0.71642,0.15996,-0.7839,0.69895,0.78307,0.18066,-0.91382,0.42288,-0.25528
-0.12851,-0.81726,-0.69723,-0.298,0.46604,-0.4929,0.20241,0.37178,-0.95868,-0.94677,0.83718,-0.26673,-0.38661,-0.17869,0.79185,0.59501,0.55555,0.86884,0.20731,0.78486,-0.68423,0.41636,0.26052,-0.86027,0.50946,-0.68593,0.11465,0.94756,-0.58657,0.78032,-0.34667,-0.65458,-0.33435,0.38167,-0.78844,-0.13695,0,-0.8771,0.80854,-0.94447,0.5836,0.12257,-0.30479,-0.68339,-0.2837,-0.63587,0.048992,0.51784,-0.38684,-0.062315,0.99544,0.81521,0.010552,-0.92326,0.40761,-0.069058,0.77401,-0.95607,-0.28631,-0.41055,-0.4034,0.51753,-0.34437,0.62958,-0.56417,0.38484,0.91481,-0.83682,0.87928,-0.95544,0.44897,-0.52163,-0.82166,-0.038216,-0.89498,0.061265,0.18833,0.30772,-0.42452,-0.47019,-0.39112,-0.026843,-0.1645,-0.49504,0.3691,-0.52715,0.29324,-0.45205,-0.15436,0.31147,0.48085,-0.87893,0.98572,0.88562,0.87034,0.072425,0.79947,0.3606,0.21904,0.47488,-0.47451,0.98309,0.7965,0.76704,0.98085
-0.46077,-0.43621,0.71286,0.061056,0.43622,-0.99614,-0.28187,0.71803,0.44101,-0.67052,-0.14581,0.63603,-0.46924,-0.57074,0.35946,0.12057,0.78858,-0.34533,-0.8356,-0.49336,-0.54062,0.78927,0.83709,-0.22864,0.018481,-0.90136,0.85602,0.46341,-0.3838,-0.21749,-0.63628,-0.11518,-0.97277,-0.53223,0.35241,-0.39234,-0.8771,0,0.30824,0.42507,-0.35247,-0.38868,0.82299,0.46975,0.83143,0.13768,-0.39281,-0.97083,0.65699,-0.14634,0.14162,0.37688,0.4569,0.38024,-0.013179,0.68564,0.26168,0.12347,-0.61497,0.70953,0.74886,-0.2776,-0.58398,-0.56031,0.40017,-0.91352,0.9276,-0.092141,0.988,0.4096,-0.024462,-0.69663,-0.028447,-0.23082,-0.1584,-0.9183,-0.63277,-0.11544,-0.11666,-0.78548,0.1612,-0.64424,0.63112,-0.90197,-0.58701,0.79314,-0.49384,0.72662,-0.93286,-0.58904,0.35497,-0.44624,-0.0070498,0.55196,-0.56811,0.76044,-0.70585,0.13539,-0.87636,0.19959,0.041572,-0.9345,-0.28465,-0.10271,-0.043834
-0.51733,0.22239,0.91445,0.68013,-0.84718,0.94188,0.6973,-0.20367,-0.82696,-0.65517,0.19026,0.57368,-0.97837,-0.50348,-0.27355,0.65271,-0.7488,-0.26286,-0.78127,0.26618,-0.71424,-0.04971,0.10718,-0.71659,0.26322,0.53753,0.2194,-0.61494,0.8156,-0.044264,-0.17619,0.3192,-0.16345,-0.30859,0.25439,-0.98639,0.80854,0.30824,0,0.89947,-0.81578,-0.57378,0.66112,-0.82553,-0.7452,-0.78968,0.82139,0.7613,0.80745,-0.84039,-0.77367,-0.72279,0.65034,-0.98429,-0.39371,0.5461,-0.048558,-0.97828,-0.30988,-0.41819,0.37541,-0.29599,-0.42484,0.98856,0.52989,-0.97968,-0.19168,0.45166,-0.50929,0.86897,0.011718,-0.85653,0.23384,0.71678,-0.12865,0.389,-0.2909,0.36209,0.95108,0.2031,0.095915,-0.48001,0.29323,-0.88933,0.73951,-0.6226,0.73563,-0.25653,0.2183,0.53687,-0.5553,0.84024,-0.69822,-0.17451,-0.10217,-0.95407,0.19794,0.15787,-0.39897,-0.97467,0.23026,0.76213,0.53978,-0.17655,-0.742
-0.69245,-0.7904,-0.87582,-0.18575,0.64692,-0.32159,0.057448,0.08717,0.55727,0.94934,0.35155,0.77759,-0.063783,0.17504,0.56754,0.086467,0.79703,-0.34638,0.27136,-0.84338,-0.83564,0.47814,0.44524,-0.50209,-0.1944,-0.21709,-0.9945,-0.11013,-0.81459,-0.4523,0.83747,-0.34143,0.17236,0.61323,0.63697,0.3991,-0.94447,0.42507,0.89947,0,-0.35021,-0.098219,-0.16749,-0.0038189,-0.10903,-0.20638,-0.10153,0.46349,-0.9995,0.76959,0.012248,0.71429,0.069688,-0.0074984,-0.96748,-0.71023,0.51849,-0.53094,0.092472,-0.084555,0.15182,0.40403,0.4569,-0.17143,0.54079,0.82118,0.77491,0.70624,-0.36645,0.79775,0.00045497,0.34185,0.40508,0.44396,0.41933,0.12342,-0.44686,-0.22808,-0.74475,0.80795,-0.81516,-0.19227,-0.10046,-0.078154,0.82354,-0.67794,0.61746,-0.13917,-0.68339,-0.7455,0.69048,-0.21216,-0.39562,-0.43978,-0.62716,-0.73514,0.25308,-0.54374,0.51776,-0.041709,0.68209,0.69179,0.78885,0.46008,-0.047737
-0.68253,0.09593,0.72165,0.12573,0.10623,-0.05658,0.87053,0.76459,0.64928,0.64274,0.032733,0.93357,-0.76407,-0.70616,-0.59551,0.74647,-0.50685,0.13552,0.18063,-0.66955,0.64085,-0.8651,0.12403,-0.41549,0.091061,0.58729,-0.968,0.38477,0.8971,-0.48981,-0.31439,-0.30721,0.94747,-0.72737,-0.78192,0.77594,0.5836,-0.35247,-0.81578,-0.35021,0,0.89777,-0.068823,-0.62259,-0.77976,-0.25975,-0.10363,0.9739,-0.26624,0.53025,0.76821,-0.73741,-0.34583,-0.27295,0.21851,0.74887,-0.97657,-0.016394,0.41347,0.25935,-0.14213,0.0092937,0.28204,-0.32675,0.32505,-0.092984,-0.53274,-0.43947,0.34201,0.60529,-0.33588,-0.93105,0.52124,-0.85147,-0.79353,0.33006,-0.64807,0.20363,-0.5667,0.25498,0.76665,-0.14631,0.29318,-0.23559,0.43624,0.19078,-0.088764,0.05444,-0.50915,-0.043062,-0.07191,0.32574,0.81747,0.55926,0.26589,-0.35943,-0.21213,-0.080992,0.55191,0.28077,-0.46232,0.0071234,-0.5011,-0.8001,-0.92251
0.23525,-0.46775,0.6313,0.72176,0.12863,0.50505,0.26083,0.57163,-0.77889,-0.63444,0.015517,0.87892,0.2506,0.94996,-0.48625,0.88721,-0.70189,0.014193,0.34115,0.067886,-0.46755,0.86756,-0.19919,-0.67011,0.97756,-0.76769,-0.75064,0.5518,0.050892,-0.32898,-0.51018,0.020117,-0.26545,0.6954,0.3264,-0.14778,0.12257,-0.38868,-0.57378,-0.098219,0.89777,0,0.64853,0.052728,-0.28779,-0.51829,-0.15272,0.55522,0.013421,0.71103,0.017977,0.67303,0.71007,0.33994,-0.76851,0.2495,0.012853,-0.13154,0.86443,-0.059247,0.83273,0.46351,0.18449,-0.76445,-0.89429,0.98788,-0.3732,-0.29061,0.082236,-0.31341,-0.11294,-0.43348,0.64569,-0.15277,0.91312,-0.56246,-0.22814,0.1237,-0.54502,0.44645,0.44174,0.2504,-0.028205,-0.32344,-0.75897,0.67382,0.15634,-0.61407,0.64974,0.071623,-0.82295,0.65271,0.1879,0.058317,-0.41431,-0.99357,-0.1998,-0.82547,-0.40255,0.041743,0.49779,0.45861,-0.25739,-0.35098,-0.43018
-0.76977,-0.97661,0.37371,0.66915,0.50542,0.54538,0.51377,0.47048,0.54581,0.76242,0.83209,0.55527,-0.35847,0.10161,0.028883,-0.99461,-0.69249,0.1874,0.25118,0.61573,-0.94417,0.85192,0.98708,0.41558,-0.27941,0.82566,-0.7772,-0.069368,-0.38889,0.48183,-0.77782,0.30371,0.036884,-0.044769,-0.29496,0.50323,-0.30479,0.82299,0.66112,-0.16749,-0.068823,0.64853,0,-0.78954,0.5426,0.20994,-0.8448,-0.6839,0.64515,-0.40604,0.26824,0.66907,0.5238,-0.068944,0.40248,-0.058664,-0.63522,-0.12765,-0.040605,-0.98359,-0.37984,-0.17763,-0.60041,-0.85363,0.41687,0.89258,-0.90217,-0.30884,0.4742,0.75243,0.96944,0.5225,0.70017,-0.97699,-0.68925,-0.59464,0.98553,-0.24273,-0.66845,-0.43248,-0.97048,0.66245,-0.28213,-0.83213,-0.96002,0.31845,0.94189,-0.32358,0.55458,0.82182,-0.73594,-0.91783,-0.25253,0.20885,0.3655,0.85218,0.7761,-0.11564,0.47988,-0.39858,0.37224,0.091788,-0.78542,0.84259,-0.1867
-0.86603,-0.76806,-0.56299,0.79085,-0.86995,-0.41868,-0.57549,0.066595,0.77589,0.51555,0.59377,-0.55162,-0.066124,-0.70007,0.96206,-0.90242,-0.19174,0.41996,0.80372,0.64016,0.98917,0.94091,-0.94844,0.90601,-0.37716,-0.66468,0.24801,-0.072191,0.68808,-0.79476,-0.055759,-0.22227,0.36966,0.77129,-0.49306,0.41734,-0.68339,0.46975,-0.82553,-0.0038189,-0.62259,0.052728,-0.78954,0,-0.0033106,0.2441,-0.25169,-0.075726,-0.49555,0.35293,0.22127,-0.56661,0.39705,0.71614,0.50229,0.42317,-0.51937,0.21772,0.76054,-0.094251,0.96947,-0.18389,0.04684,0.18144,-0.53942,0.65222,0.33057,-0.27796,0.45236,-0.086787,0.0476,0.90587,-0.23385,0.34188,-0.98562,0.48542,-0.49718,0.57726,0.68049,0.98196,-0.70695,-0.74242,0.35425,0.66747,0.45949,0.69236,-0.030618,-0.54213,-0.97371,-0.37394,-0.5759,0.45689,-0.2926,0.83979,0.63913,0.77194,-0.48954,-0.025258,-0.98107,0.57869,0.39475,0.5432,0.47763,0.76329,0.59155
