,,,,,,,,,,,,,,,,,,,,,,,,,,,,,,,,,,,,,,,,,,,,,,,,,,,,,,,,,,,,,,,,,,,,,,,,,,,,,,,,,,,,,,,,,,,,,,,,,,,,,,,,
0,-0.61096,-0.45555,0.59984,0.39926,0.7069,-0.69091,-0.70137,0.034393,-0.033871,0.32488,-0.86594,-0.47151,-0.3377,-0.98484,0.45143,-0.0034035,0.9391,0.31642,-0.8608,-0.046807,-0.27319,-0.52664,-0.69347,0.2294,-0.78636,0.43188,-0.54518,0.15252,-0.10137,0.35093,0.81991,0.51102,-0.71611,0.74673,-0.42837,-0.53074,-0.32089,0.30738,0.01832,-0.37887,0.61038,0.2297,0.037405,0.16455,-0.62764,-0.54884,-0.69274,-0.89277,0.30387,-0.12238,-0.66493,-0.35,0.73104,0.019546,-0.42104,0.050801,0.75182,0.35868,-0.091808,-0.68897,-0.57529,-0.52264,0.55439,0.75429,0.45494,-0.48964,0.53514,-0.067409,-0.36254,-0.25648,-0.58686,-0.86542,0.021162,0.1476,-0.4141,0.57341,-0.15182,-0.23567,-0.9034,-0.38099,-0.21734,-0.62614,0.23857,0.28472,0.37269,0.54363,-0.5934,-0.63077,0.9018,-0.71112,0.1377,-0.23973,-0.6877,0.55434,0.79308,0.081089,-0.060701,0.34196,-0.34371,0.66649,0.91508,-0.32282,0.7184,-0.62057
-0.61096,0,-0.11579,-0.9765,-0.26844,-0.69942,-0.89515,0.33993,0.27422,-0.61308,0.2246,0.27662,0.8612,0.40299,-0.22108,0.9162,-0.3189,0.33473,0.61554,-0.91615,-0.33459,0.3191,0.27462,0.55895,0.81209,-0.54066,-0.80814,-0.23797,0.6094,0.98353,0.49707,-0.94751,-0.41468,0.028198,0.88075,-0.97104,0.89185,0.066405,0.64297,0.52633,0.66475,-0.19221,0.69054,-0.27593,-0.12649,-0.71269,-0.44647,0.50261,-0.2212,0.058253,0.29309,-0.47596,-0.70163,0.75026,0.92873,0.33861,-0.94329,0.095467,-0.15329,0.12289,0.85195,-0.21232,0.15032,-0.85953,0.63382,-0.5511,-0.67405,0.70714,-0.23831,-0.87975,0.27432,-0.21777,-0.86299,-0.044724,-0.26261,-0.28171,-0.79126,0.059584,0.82027,0.83935,0.38938,-0.023606,0.58676,-0.031814,-0.43952,-0.45364,0.1709,0.18387,0.51714,-0.7748,-0.46519,0.58823,0.95437,-0.24954,0.41964,0.38355,-0.64662,0.68261,0.46787,0.0034502,0.15408,0.72591,-0.39809,0.34506,0.39886
-0.45555,-0.11579,0,0.67001,-0.75302,0.62843,-0.40311,0.98811,-0.98297,0.99362,0.11632,0.16209,-0.56188,0.38562,-0.73265,-0.28052,-0.16684,0.52529,0.99318,0.89853,-0.19712,-0.046695,0.3555,-0.052084,0.27904,-0.87701,0.21393,0.72855,0.83896,0.83841,-0.69058,-0.75124,-0.42763,0.138,-0.042494,-0.72137,-0.35846,-0.43552,0.81805,0.19209,0.90087,-0.98451,0.85067,0.37903,0.057465,-0.36996,0.38581,0.15728,0.57104,-0.88696,-0.45977,-0.91782,-0.99617,0.13529,-0.6997,-0.2993,0.94678,0.94536,-0.81513,0.79472,0.055016,-0.89757,0.066142,-0.47193,0.40601,0.43099,0.57089,-0.70119,-0.22293,0.033379,-0.027073,-0.15539,0.95968,0.33297,0.81409,-0.2489,0.21105,-0.42161,0.5582,0.73044,0.61988,-0.28734,0.92826,-0.23727,0.018055,0.60838,0.80662,-0.10706,0.70503,-0.52361,-0.85408,0.11207,-0.49541,-0.94416,0.72222,-0.86257,-0.64962,0.4994,-0.96261,-0.34565,-0.39228,0.37228,-0.92061,0.55783,-0.74135
0.59984,-0.9765,0.67001,0,-0.69874,-0.87435,-0.75073,0.77006,0.88802,0.85132,-0.50334,-0.63582,-0.98049,0.89912,-0.27272,0.67621,0.86748,0.36504,0.71167,-0.82757,0.75582,0.45713,-0.24062,0.18067,-0.43888,0.892,-0.11246,-0.41785,0.284,0.19797,0.43174,-0.16856,0.46647,-0.31936,-0.77913,0.099018,0.8763,-0.61231,-0.27948,0.081116,-0.8785,-0.56915,-0.65923,0.40481,-0.98488,-0.41663,0.8352,0.74889,0.45799,0.87856,-0.23349,-0.055961,-0.94881,0.80165,0.79564,0.28065,-0.4359,0.49297,-0.48882,0.22934,-0.87214,0.44067,0.11959,-0.7941,0.29748,-0.6387,0.69852,-0.501,0.76362,0.19061,-0.049115,-0.11606,0.35981,-0.57785,0.031335,-0.62638,-0.72288,0.35522,0.82416,-0.95222,-0.47604,-0.59817,-0.17172,-0.075595,0.9083,-0.18553,0.84462,0.50789,0.77151,-0.89366,0.16475,0.33385,-0.61466,0.56282,0.88441,0.038364,-0.53481,-0.80853,0.69372,0.17636,0.3281,-0.039597,0.92134,-0.61415,-0.16868
0.39926,-0.26844,-0.75302,-0.69874,0,-0.56115,0.20115,0.95682,0.17509,-0.51049,-0.74023,0.45152,0.19671,-0.19217,-0.89875,0.056105,0.96613,-0.082449,-0.57575,0.041934,-0.55023,0.78517,-0.67457,-0.89806,0.30377,0.62959,0.11981,-0.68143,0.36945,-0.4219,0.89939,0.94478,-0.90029,0.19912,0.95563,-0.323,0.056289,-0.4054,0.75678,-0.5236,0.94875,0.95238,0.88699,-0.42043,-0.29449,0.17926,-0.0033013,0.53963,-0.81504,-0.77511,-0.066382,0.98653,-0.95438,0.018489,0.95634,-0.79598,0.93228,-0.64209,-0.35094,-0.4232,-0.40764,0.46006,-0.13622,0.70479,0.33576,-0.40982,-0.23733,0.099599,0.58827,0.45529,0.56269,-0.22426,0.021346,0.34409,-0.97685,-0.97955,-0.31528,0.38719,-0.10518,0.87035,0.78413,-0.10571,-0.60793,0.81882,-0.50816,-0.1815,0.61908,0.24165,-0.36444,-0.025863,-0.92839,0.7573,0.71811,0.72572,0.20374,-0.65781,-0.80063,0.67529,0.28746,0.26167,-0.26487,-0.07028,0.53383,0.21221,0.64527
0.7069,-0.69942,0.62843,-0.87435,-0.56115,0,-0.32686,-0.65625,0.4818,-0.93844,0.6116,0.076579,-0.16112,-0.85292,0.58159,0.78743,0.82769,0.3692,-0.13072,0.18659,-0.82802,-0.060975,0.53081,-0.89198,-0.66267,-0.66121,-0.52504,-0.49987,0.79651,-0.98354,0.57828,0.12335,0.26508,0.14678,0.10382,0.69553,-0.80775,0.39011,0.25312,-0.61079,0.26484,-0.22201,0.94038,-0.04793,-0.81288,-0.9722,-0.65632,-0.20193,0.49929,0.20468,0.14092,-0.27992,0.088632,-0.21364,-0.61451,-0.35378,0.18313,0.82419,0.39301,0.039876,-0.66413,0.64377,0.69301,-0.26362,0.73512,-0.43741,-0.15402,0.9362,0.94499,0.95724,0.55515,0.44613,0.30196,0.84958,0.29513,0.66605,-0.90801,-0.16395,0.056674,-0.73214,-0.63318,-0.85424,-0.061055,0.91511,-0.91332,0.34895,-0.9192,-0.94711,-0.68632,-0.18266,0.97049,-0.16046,-0.61522,0.68118,0.7003,0.10237,0.27112,0.39516,0.057878,0.39149,-0.23912,0.83345,0.76318,-0.92642,-0.66199
-0.69091,-0.89515,-0.40311,-0.75073,0.20115,-0.32686,0,0.25918,0.85384,-0.63398,0.92438,-0.17712,-0.421,-0.46771,-0.96832,0.33532,0.22943,-0.71818,-0.29821,-0.85195,-0.83264,-0.77013,0.97934,-0.48351,0.56594,-0.29787,-0.44486,0.57938,0.85323,0.45684,-0.54498,0.84713,0.41269,-0.97967,0.37229,0.13898,-0.064672,-0.33363,-0.31557,-0.41192,0.34317,-0.0489,0.25307,-0.41105,0.84347,-0.82554,0.13981,-0.44935,0.75087,-0.98089,0.086568,0.83221,-0.82357,0.50684,0.015706,0.34372,0.14934,0.072314,0.65884,0.27847,0.064146,-0.046002,0.81978,0.55035,0.70267,0.11922,-0.46513,0.18588,-0.93798,0.88861,0.58963,-0.42907,0.17576,0.085007,0.087332,0.45579,-0.65761,-0.72923,0.6854,0.55637,-0.27025,-0.6,0.93193,0.80467,-0.12104,-0.75677,-0.31048,0.99328,0.48907,0.89472,0.75962,0.60962,0.30572,0.86708,-0.22561,0.19692,0.36807,0.12284,-0.11308,0.78384,0.41581,0.31906,-0.59161,0.16645,0.49794
-0.70137,0.33993,0.98811,0.77006,0.95682,-0.65625,0.25918,0,-0.90788,-0.37293,0.68659,0.60867,0.80755,0.093553,0.45922,-0.83002,-0.70113,0.90711,-0.73089,-0.26299,-0.0065723,-0.67771,0.71211,0.28519,-0.4043,0.38567,0.43874,0.24151,-0.79036,0.83953,0.95274,0.022101,-0.69299,-0.060731,-0.35565,-0.15923,-0.13124,-0.053371,-0.39582,0.18969,-0.30561,-0.41817,-0.38253,-0.34883,-0.72395,-0.39423,-0.76423,0.011113,-0.65434,0.59234,0.77196,0.70153,-0.98489,0.95386,-0.62882,0.65981,-0.18867,0.32224,0.68506,0.96404,-0.2038,0.77128,-0.46927,-0.44273,-0.56827,0.56849,0.22015,-0.25629,-0.59461,-0.41556,-0.15865,-0.86091,-0.48602,-0.85716,-0.1108,-0.73347,-0.58585,0.63724,-0.5581,-0.2157,-0.31591,-0.75699,0.66225,-0.7709,-0.89507,0.29854,-0.85819,0.51227,-0.14145,0.99253,-0.75744,0.52984,0.23305,0.90951,-0.40611,0.94302,0.87054,-0.1488,-0.81258,0.93491,0.24667,-0.02476,-0.039069,0.22735,0.39293
0.034393,0.27422,-0.98297,0.88802,0.17509,0.4818,0.85384,-0.90788,0,-0.16793,-0.89819,0.71108,-0.99292,-0.55736,0.20817,0.83851,0.52043,0.14477,0.64485,0.89032,0.29236,-0.094553,-0.04308,0.46931,0.81132,0.22931,-0.27108,0.46443,0.56141,0.79204,0.70574,0.80604,0.020321,0.61553,-0.55688,0.82825,-0.84548,-0.42067,-0.87544,0.38433,-0.43994,0.44275,0.41195,-0.342,-0.37065,-0.94101,0.47565,0.78571,0.93772,-0.98922,0.089971,0.080603,0.77556,0.45999,0.96958,-0.29812,0.66884,-0.79577,-0.66184,0.73728,-0.96929,-0.74276,0.43924,0.39457,-0.15504,0.41753,-0.77893,-0.61504,-0.5557,0.025934,-0.85365,0.56939,0.97384,0.54751,0.010652,-0.18168,-0.093423,-0.91224,-0.29011,0.82941,0.46885,-0.12869,0.43981,0.75934,-0.7914,-0.89042,0.070961,0.4985,-0.2996,-0.70251,0.15422,0.2813,0.73171,0.40986,0.10327,0.86843,0.091078,0.1045,-0.1425,-0.78647,-0.71676,-0.78075,-0.30659,-0.16825,0.74506
-0.033871,-0.61308,0.99362,0.85132,-0.51049,-0.93844,-0.63398,-0.37293,-0.16793,0,-0.69673,-0.80991,0.042238,-0.99907,0.25116,-0.82483,0.016575,0.74726,-0.10593,-0.69356,0.65249,-0.74797,0.42107,-0.23595,0.81433,-0.46361,-0.6097,0.73396,-0.66678,-0.29717,-0.0023757,0.98522,-0.20439,0.49436,0.30706,-0.094709,0.47594,0.584,-0.86839,-0.38027,0.92442,-0.037524,-0.048794,0.7331,-0.30638,0.6041,-0.77542,-0.50835,0.028423,-0.41604,0.1584,0.39937,0.08798,0.83457,-0.093892,-0.24744,-0.16699,-0.34917,0.44591,-0.41942,0.34773,0.165,-0.25572,0.95722,-0.87857,0.33128,0.90819,-0.64223,-0.70963,0.89565,0.29036,0.32211,0.24852,-0.4246,-0.25222,-0.042772,0.30824,-0.39503,-0.85625,0.9411,0.60927,0.25648,-0.72694,-0.93985,0.6298,-0.014728,0.7221,-0.71141,-0.60815,0.10738,-0.10867,0.00061975,0.18191,0.82708,-0.7796,0.0036125,-0.59188,-0.3124,0.12454,0.49917,0.68451,-0.76415,-0.76889,0.64046,-0.30761
0.32488,0.2246,0.11632,-0.50334,-0.74023,0.6116,0.92438,0.68659,-0.89819,-0.69673,0,0.95338,-0.42908,0.73466,0.50991,0.68283,-0.60414,-0.066156,0.56443,0.88955,-0.46993,0.078127,0.094116,-0.618,-0.55209,0.67672,-0.66546,-0.51607,-0.94205,-0.43275,-0.83522,0.26518,-0.36465,-0.41324,0.62835,0.57548,-0.29191,0.83203,-0.73741,0.072052,-0.48728,-0.8408,0.88663,0.25004,-0.78088,-0.79583,-0.70996,0.93186,-0.43018,-0.035628,0.85911,-0.94161,0.96498,0.64713,0.89222,-0.17718,-0.93435,-0.39636,0.79671,-0.13253,0.40761,0.88596,0.033173,0.33896,0.38022,0.23579,0.92681,0.5174,-0.22603,0.46374,0.34329,0.030528,0.74312,0.38596,0.48352,-0.14739,-0.29837,0.23233,0.89592,0.75068,0.89141,-0.03831,-0.42467,-0.59726,-0.10244,0.30681,-0.96565,0.031368,0.47743,0.26263,-0.06166,-0.97248,0.050041,-0.98957,-0.83615,0.89239,-0.92745,0.60788,0.086408,-0.060251,-0.16649,-0.057045,-0.94223,-0.16265,0.42732
-0.86594,0.27662,0.16209,-0.63582,0.45152,0.076579,-0.17712,0.60867,0.71108,-0.80991,0.95338,0,0.23939,0.56358,0.9706,-0.48069,-0.27026,0.53508,-0.099361,-0.93472,-0.20672,0.61937,-0.92303,0.51304,0.63495,-0.23975,0.66863,-0.78698,0.087984,-0.018427,0.59295,0.44128,0.72403,-0.2771,-0.075184,-0.30365,0.8337,-0.40995,-0.50527,-0.278,-0.36393,0.76478,-0.26523,0.3219,-0.021611,0.52287,-0.045748,0.7935,0.086056,-0.99705,-0.19941,0.50204,0.34538,-0.88456,0.32767,0.32684,0.8925,-0.45377,-0.47933,-0.14824,-0.38135,-0.76219,0.46314,-0.90472,0.62507,0.30841,-0.97795,-0.36049,-0.42785,0.48494,0.99757,-0.66793,-0.70333,-0.50054,0.4961,-0.55559,-0.024729,0.51548,-0.23841,0.84373,-0.76902,-0.79625,-0.99637,0.39721,0.068132,-0.34919,0.37747,0.20005,-0.12755,0.56615,0.11008,-0.43124,0.86972,0.65653,-0.04837,0.38418,-0.063077,-0.57445,-0.68454,-0.85045,-0.59213,-0.1827,0.55771,-0.48656,-0.82106
-0.47151,0.8612,-0.56188,-0.98049,0.19671,-0.16112,-0.421,0.80755,-0.99292,0.042238,-0.42908,0.23939,0,0.79105,-0.84701,0.73892,-0.57614,0.61958,-0.53104,-0.75398,0.54176,-0.64855,-0.24576,0.1916,0.14975,-0.42916,0.4253,-0.63546,0.31592,0.52939,-0.024016,0.1384,-0.79737,0.77953,0.51598,0.44206,-0.74797,-0.11483,-0.64105,-0.12737,-0.96198,-0.20687,0.83744,0.51501,-0.21844,0.51038,-0.98973,0.078792,-0.78511,-0.93306,-0.074997,-0.017802,-0.51477,-0.40813,-0.054006,0.57939,-0.14409,0.3092,-0.37332,0.38837,-0.29447,-0.40575,0.29149,-0.47676,-0.60458,0.37073,-0.89058,0.66307,-0.17082,0.83081,0.51567,0.068581,-0.46469,0.6413,-0.84045,-0.055963,0.47475,0.31223,-0.98138,0.53544,0.21339,0.52635,-0.69335,-0.43335,-0.69506,-0.15111,-0.7015,-0.96367,-0.71321,-0.40907,-0.12756,-0.06937,0.93446,0.70375,0.72991,0.28289,0.21866,0.97893,0.49274,-0.5609,-0.5745,-0.43055,0.3704,-0.75006,0.60981
-0.3377,0.40299,0.38562,0.89912,-0.19217,-0.85292,-0.46771,0.093553,-0.55736,-0.99907,0.73466,0.56358,0.79105,0,0.60341,-0.8681,-0.88364,-0.33561,0.8998,0.41862,-0.36018,-0.25365,-0.92416,0.93571,0.63602,-0.69096,0.30845,-0.70399,-0.43837,0.80709,-0.97653,0.23385,0.38733,-0.23898,0.59972,-0.014738,-0.76954,-0.66682,0.308,0.10618,0.089068,0.28415,-0.24167,-0.51299,-0.9553,0.33003,0.87615,0.82674,-0.26627,-0.10773,-0.33924,0.17108,-0.0049482,0.029551,-0.064306,0.14967,0.028568,0.035727,0.43534,0.3463,-0.83606,-0.18652,-0.8481,0.66788,-0.5292,0.0022962,-0.93723,0.13492,0.57531,-0.61778,-0.056288,-0.63942,-0.13873,0.34427,-0.81988,-0.14968,-0.62291,-0.59364,-0.16769,-0.12781,0.92627,-0.59373,-0.94274,0.049218,-0.6338,0.062336,-0.31779,-0.35182,0.96073,-0.39946,-0.011246,-0.25479,-0.35591,0.4439,-0.5261,-0.40822,0.1137,-0.41612,0.88906,0.01191,-0.54809,0.67491,0.2892,-0.28484,0.17729
-0.98484,-0.22108,-0.73265,-0.27272,-0.89875,0.58159,-0.96832,0.45922,0.20817,0.25116,0.50991,0.9706,-0.84701,0.60341,0,-0.15194,-0.82917,0.97397,0.16091,0.48013,-0.19657,0.025268,0.56448,-0.68187,-0.33965,-0.43482,0.30663,0.63586,-0.33904,0.66811,0.42541,-0.15363,0.55643,0.5772,0.91338,-0.46551,0.79289,-0.076759,0.32178,-0.83446,0.69679,0.98062,0.37833,0.30827,0.75314,0.35374,0.76786,0.77714,0.88355,0.69185,0.25577,-0.65111,0.57835,0.68667,-0.70279,-0.87584,0.395,-0.0089768,0.90366,-0.037826,-0.086537,0.60781,0.58787,-0.23641,0.36171,-0.16367,0.28599,-0.27271,-0.75261,-0.24196,0.54992,-0.36715,-0.55882,0.91481,0.21479,0.49048,-0.75588,0.64468,-0.084502,0.36812,-0.92291,-0.75188,-0.21349,0.63237,-0.93608,0.35877,-0.66259,0.36519,-0.15208,0.28482,-0.83894,-0.90904,0.9128,-0.71253,-0.451,-0.83189,-0.027388,-0.44497,-0.23049,0.30491,0.90051,0.44545,-0.17592,0.37478,-0.065
0.45143,0.9162,-0.28052,0.67621,0.056105,0.78743,0.33532,-0.83002,0.83851,-0.82483,0.68283,-0.48069,0.73892,-0.8681,-0.15194,0,0.63112,-0.14952,-0.059452,0.027681,-0.19173,-0.99042,-0.87106,0.94247,0.91891,-0.10957,0.35391,0.88492,0.91641,-0.29749,0.68641,-0.002155,0.56583,0.94816,0.96243,0.88021,-0.34917,-0.80645,0.057508,0.49945,-0.5961,0.39042,0.68073,-0.71304,-0.39533,-0.21386,0.53103,-0.57178,0.99464,-0.69555,0.017168,0.25494,-0.75393,-0.22347,0.35056,-0.88343,0.63516,0.11259,-0.038946,0.5539,0.95886,-0.48514,0.98595,0.36104,-0.43513,-0.87758,-0.62899,-0.44155,-0.44642,0.85386,-0.61219,0.77063,0.45932,0.45386,-0.48158,-0.18893,0.86863,0.82821,-0.10011,0.842,-0.90919,-0.8277,-0.73458,-0.5048,-0.64661,0.3683,-0.038641,0.19878,0.97544,-0.53121,0.092011,-0.51004,-0.53653,-0.55483,0.66035,-0.10241,-0.10559,0.42342,0.51533,0.89913,0.58648,0.63115,-0.9993,-0.21736,-0.95923
-0.0034035,-0.3189,-0.16684,0.86748,0.96613,0.82769,0.22943,-0.70113,0.52043,0.016575,-0.60414,-0.27026,-0.57614,-0.88364,-0.82917,0.63112,0,0.014193,-0.7703,0.48137,0.8468,-0.45911,0.72252,0.87504,0.84638,0.74224,0.20712,-0.232,-0.93516,0.74693,-0.33723,0.86879,-0.31153,0.27691,-0.24536,0.98486,-0.2748,0.31147,0.5909,0.44982,-0.98282,0.37313,-0.036871,0.99177,-0.15763,-0.74728,-0.79781,0.60241,0.099432,0.56394,0.4292,0.98619,0.025261,-0.36123,0.12203,0.37155,0.45961,-0.53599,-0.2774,-0.39441,0.691,-0.068109,0.7909,-0.73967,0.75189,-0.65109,0.93753,0.20896,-0.51653,0.78116,-0.6586,0.43168,0.41779,-0.16101,0.93364,-0.91513,-0.34015,0.71401,-0.59422,-0.082758,-0.89035,-0.14747,-0.29053,0.85373,0.51754,-0.83205,-0.5314,0.89374,0.070433,0.66022,-0.55182,-0.61215,-0.30045,0.31871,-0.038594,0.66917,0.67183,-0.79403,-0.59349,-0.075946,-0.88356,-0.16838,0.57578,0.0045919,0.0086365
0.9391,0.33473,0.52529,0.36504,-0.082449,0.3692,-0.71818,0.90711,0.14477,0.74726,-0.066156,0.53508,0.61958,-0.33561,0.97397,-0.14952,0.014193,0,0.29781,-0.26304,-0.55705,-0.23863,-0.085058,0.0089523,0.73944,-0.77423,-0.062141,0.61992,-0.2243,-0.54696,0.65762,-0.16868,0.4978,0.78531,-0.89248,-0.32326,0.30952,0.15378,-0.55124,0.4635,-0.70512,-0.25437,-0.33036,-0.32687,-0.40806,-0.32161,0.80166,-0.6985,-0.21092,-0.88369,0.2535,0.99548,0.73693,0.088293,0.17211,0.99687,0.63546,0.1595,-0.39261,0.22485,-0.96209,0.043169,-0.3281,0.19259,0.98179,-0.12431,-0.23447,-0.092927,0.61417,0.314,-0.6618,0.33175,-0.30828,0.9848,-0.64637,-0.83424,0.82781,0.2784,-0.6639,-0.34149,0.86932,0.61763,0.51444,0.98134,0.77783,0.0044909,-0.026773,0.036262,-0.91722,0.60028,0.44235,-0.69186,0.46221,-0.74906,0.79873,-0.98964,-0.24886,0.15949,0.14377,0.77609,-0.1499,0.89538,0.36672,-0.18873,0.80876
0.31642,0.61554,0.99318,0.71167,-0.57575,-0.13072,-0.29821,-0.73089,0.64485,-0.10593,0.56443,-0.099361,-0.53104,0.8998,0.16091,-0.059452,-0.7703,0.29781,0,-0.29519,-0.77718,0.83638,0.00095975,-0.32507,-0.34998,0.20688,0.39678,0.95386,0.11005,0.97859,0.88657,0.32892,0.82232,-0.055362,0.87881,0.37918,0.81428,0.96652,-0.91322,-0.76673,-0.85854,-0.44514,-0.65968,0.19578,0.081905,-0.83628,0.6076,-0.88569,-0.25763,0.59856,-0.87401,0.65465,-0.099815,0.1335,-0.98295,0.42213,-0.055825,-0.41935,-0.12635,0.53804,0.014754,0.9543,0.1164,-0.65102,0.028841,0.97727,-0.88589,0.90143,0.72313,0.22758,0.5842,0.6318,0.91728,0.97294,-0.78947,-0.12192,0.17818,0.94827,0.14871,-0.34146,-0.75146,-0.69765,-0.65247,0.92258,-0.81258,0.25303,-0.44702,-0.95476,-0.95138,-0.30035,-0.5198,0.52717,-0.28477,0.29281,0.89757,0.5801,-0.89349,0.21276,-0.67492,0.8224,0.193,-0.2333,0.27249,-0.89006,0.97104
-0.8608,-0.91615,0.89853,-0.82757,0.041934,0.18659,-0.85195,-0.26299,0.89032,-0.69356,0.88955,-0.93472,-0.75398,0.41862,0.48013,0.027681,0.48137,-0.26304,-0.29519,0,-0.32723,0.24387,0.054813,-0.39191,-0.35954,-0.4593,0.19865,-0.69479,0.48576,0.67549,0.065343,-0.24871,-0.90268,0.5143,-0.83993,-0.075843,-0.3841,0.44409,-0.59181,-0.54495,0.45003,-0.93116,-0.96633,0.50734,-0.85811,0.3787,0.40169,0.44716,0.63034,-0.84031,0.30485,0.63582,-0.60023,-0.11587,-0.62112,-0.61661,0.59737,0.90546,-0.44878,0.77774,0.11623,-0.42029,-0.63438,-0.809,0.18007,-0.099202,0.67413,-0.84337,-0.26793,-0.34177,-0.16891,0.85638,0.23127,-0.10006,-0.84872,0.95907,0.62459,0.024271,0.61133,-0.86514,-0.88509,0.24721,0.51562,-0.046858,-0.47733,-0.60914,-0.37559,0.57417,0.48236,-0.21917,-0.31382,0.64461,-0.81695,0.94807,0.89573,0.41193,0.90821,-0.14251,0.78803,-0.67539,0.11516,0.71207,0.10653,0.95098,-0.88449
-0.046807,-0.33459,-0.19712,0.75582,-0.55023,-0.82802,-0.83264,-0.0065723,0.29236,0.65249,-0.46993,-0.20672,0.54176,-0.36018,-0.19657,-0.19173,0.8468,-0.55705,-0.77718,-0.32723,0,-0.97833,0.60809,-0.58517,-0.41067,0.10803,0.1497,-0.13894,-0.39956,0.82707,0.31573,0.64274,0.33251,-0.94609,0.38465,0.45506,-0.27347,-0.63391,-0.97295,0.85853,-0.57811,0.34204,0.60956,-0.15514,-0.72736,-0.5315,-0.8809,0.71218,-0.13086,0.74918,-0.21738,0.57425,-0.19735,-0.11693,-0.3543,0.76996,-0.757,0.74876,0.43658,-0.27219,-0.72935,-0.95775,0.41023,-0.71915,-0.91293,0.28742,0.66806,-0.83497,-0.38116,-0.57057,-0.14003,-0.51855,-0.71972,0.2025,0.84719,-0.92968,-0.0047136,0.7188,0.90609,0.16108,-0.58572,0.15382,0.060384,-0.57695,-0.73222,0.56735,-0.21973,-0.98365,-0.10783,-0.58985,-0.63519,-0.41808,-0.056477,0.11253,0.054445,0.86292,0.58464,0.90704,-0.23989,-0.47152,0.72756,0.70175,-0.26073,-0.11147,0.92121
-0.27319,0.3191,-0.046695,0.45713,0.78517,-0.060975,-0.77013,-0.67771,-0.094553,-0.74797,0.078127,0.61937,-0.64855,-0.25365,0.025268,-0.99042,-0.45911,-0.23863,0.83638,0.24387,-0.97833,0,0.55603,-0.49335,0.54533,-0.21811,0.60789,-0.33075,-0.24467,-0.89726,0.14821,-0.36234,0.85207,0.53358,-0.012967,0.31386,-0.082006,-0.13699,-0.16127,0.0028119,0.20361,-0.2408,0.3124,0.44011,-0.57605,-0.10997,0.0082052,-0.29249,0.18809,0.74629,-0.72672,0.039228,0.68474,0.70428,0.99274,0.70473,-0.29495,-0.041689,-0.99107,-0.74226,-0.50633,0.64418,0.048086,0.17079,-0.91191,-0.0089219,-0.73139,0.22414,-0.57071,0.17829,-0.93875,0.63583,-0.49535,0.89279,0.86766,0.94358,0.23722,0.11631,-0.12045,-0.3193,-0.032638,-0.18943,-0.82329,-0.56283,-0.49573,0.67704,-0.93803,0.30761,0.55458,-0.87995,0.30278,0.87799,-0.27576,-0.40005,0.74086,0.017242,0.044159,-0.07781,-0.7762,-0.12643,0.23701,0.66127,0.51392,-0.75863,0.93164
-0.52664,0.27462,0.3555,-0.24062,-0.67457,0.53081,0.97934,0.71211,-0.04308,0.42107,0.094116,-0.92303,-0.24576,-0.92416,0.56448,-0.87106,0.72252,-0.085058,0.00095975,0.054813,0.60809,0.55603,0,0.00061914,0.07999,-0.17501,0.55843,0.9685,-0.76759,0.74165,-0.34795,-0.79193,0.10995,-0.30775,-0.69361,0.82941,-0.20405,-0.98259,-0.53003,-0.45811,0.57228,0.76188,-0.41283,0.31348,0.90257,-0.34657,-0.5528,-0.93111,-0.94745,0.0039925,-0.032253,0.65019,0.69528,0.60078,0.34987,0.48099,-0.20731,-0.5181,-0.60776,-0.042451,-0.27796,0.89154,-0.18854,0.19007,0.21191,-0.93049,0.17931,-0.5674,-0.12718,-0.46378,-0.58765,0.13009,0.66605,-0.51338,0.95441,-0.2141,-0.60369,0.49011,0.21364,-0.69888,0.16068,-0.68363,0.51197,-0.098184,-0.89132,-0.39713,0.74492,-0.40362,0.87354,-0.83243,0.35387,-0.82465,0.55952,0.57153,-0.66289,-0.84486,-0.24319,-0.81697,0.6738,-0.31052,0.5758,0.30655,0.75865,0.068355,-0.22705
-0.69347,0.55895,-0.052084,0.18067,-0.89806,-0.89198,-0.48351,0.28519,0.46931,-0.23595,-0.618,0.51304,0.1916,0.93571,-0.68187,0.94247,0.87504,0.0089523,-0.32507,-0.39191,-0.58517,-0.49335,0.00061914,0,0.51404,0.18376,-0.62731,0.69948,-0.62388,0.64385,0.92094,-0.13098,0.39707,-0.37699,0.13411,0.67405,-0.56682,0.34263,0.067498,-0.33499,-0.2703,0.57348,0.3357,0.11944,-0.82765,-0.97269,-0.095413,-0.8541,-0.28807,-0.37525,0.22293,0.51067,0.76254,0.10878,0.70593,0.76624,-0.54806,-0.67488,0.44747,0.89288,-0.13108,-0.38165,-0.69229,-0.11279,-0.25114,-0.86691,-0.97416,0.21298,0.75516,0.2121,0.45545,-0.80953,-0.10423,-0.39825,-0.060192,-0.34621,-0.87807,-0.32116,-0.50145,-0.29233,0.40363,-0.1682,0.26376,0.49045,-0.69306,0.47657,0.44236,-0.95742,-0.2221,-0.35018,-0.59395,-0.0067613,-0.2113,0.54555,0.89952,0.49433,0.32847,0.8086,-0.39183,-0.79964,-0.46678,-0.051208,0.70312,0.57428,0.70879
0.2294,0.81209,0.27904,-0.43888,0.30377,-0.66267,0.56594,-0.4043,0.81132,0.81433,-0.55209,0.63495,0.14975,0.63602,-0.33965,0.91891,0.84638,0.73944,-0.34998,-0.35954,-0.41067,0.54533,0.07999,0.51404,0,0.49418,-0.085877,0.60479,-0.57925,-0.33115,-0.6468,-0.18487,0.53373,-0.41212,-0.47148,-0.65658,-0.44997,-0.56225,-0.44743,0.48822,0.69328,-0.42915,0.16245,0.065099,0.92923,0.96271,-0.52707,-0.41762,0.46744,0.73932,-0.20702,-0.86707,0.62987,-0.341,-0.79051,-0.072257,-0.38827,0.081967,0.87432,0.16937,-0.18517,-0.7241,-0.68545,-0.69336,-0.48859,0.44715,-0.92977,-0.52666,0.73256,-0.41096,-0.43638,-0.79651,-0.40584,-0.84167,0.22934,0.95713,0.82208,-0.79393,-0.9365,-0.82945,-0.12712,0.64708,-0.61705,-0.48647,-0.61363,-0.093677,0.089717,-0.091164,0.60614,-0.26288,0.7803,-0.44164,0.31373,0.25139,0.98215,0.49247,-0.37377,-0.17789,-0.457,-0.35272,0.47022,0.50052,0.45138,-0.64013,0.035156
-0.78636,-0.54066,-0.87701,0.892,0.62959,-0.66121,-0.29787,0.38567,0.22931,-0.46361,0.67672,-0.23975,-0.42916,-0.69096,-0.43482,-0.10957,0.74224,-0.77423,0.20688,-0.4593,0.10803,-0.21811,-0.17501,0.18376,0.49418,0,0.022327,-0.8045,0.011729,0.77057,0.94023,0.25457,-0.82523,0.59468,0.43046,0.82575,-0.44504,0.25348,0.25115,-0.49888,-0.8397,0.86028,0.53871,0.36464,-0.47309,-0.012399,-0.70007,0.10306,-0.64849,0.50015,-0.31507,-0.87989,0.57123,-0.64831,-0.18578,-0.21654,-0.3402,0.022833,-0.26351,0.27888,0.1701,0.58631,-0.68371,-0.25751,-0.25003,0.74951,0.31214,-0.51808,0.04758,0.32558,-0.12466,0.95487,0.65806,0.24075,0.15414,-0.48336,-0.57745,0.79812,-0.7323,-0.14846,0.76491,0.013379,-0.53613,-0.12743,-0.07979,0.8146,0.099265,0.18658,-0.70443,-0.61476,-0.93838,0.89794,-0.31762,-0.27328,0.39261,-0.13299,-0.50021,-0.21042,-0.46189,-0.94959,-0.96517,-0.7468,0.031411,0.88374,0.25031
0.43188,-0.80814,0.21393,-0.11246,0.11981,-0.52504,-0.44486,0.43874,-0.27108,-0.6097,-0.66546,0.66863,0.4253,0.30845,0.30663,0.35391,0.20712,-0.062141,0.39678,0.19865,0.1497,0.60789,0.55843,-0.62731,-0.085877,0.022327,0,-0.71244,-0.94453,-0.96084,-0.12719,0.6934,-0.85526,-0.23896,0.17209,0.96465,0.58064,-0.95583,-0.54733,-0.61955,0.36427,0.23883,0.71199,0.41419,0.1762,0.040996,-0.46368,0.85277,0.21463,0.70863,0.78733,-0.25015,0.99013,-0.53995,-0.0088706,-0.55792,-0.71227,-0.91902,-0.75507,0.87121,-0.72224,-0.93575,-0.86576,-0.24095,0.10171,-0.26558,0.26024,0.34682,-0.56334,0.98666,0.62296,-0.56423,-0.48541,0.49562,-0.14408,0.32197,-0.041397,0.44603,-0.24426,0.64692,-0.73445,-0.91057,0.25609,0.77028,-0.20834,-0.97806,0.1675,0.061603,0.34591,0.92198,-0.41504,-0.30118,-0.068499,0.6143,-0.75399,0.25966,0.68374,0.41139,-0.94531,-0.89504,0.97445,0.14367,0.25601,0.43319,0.42623
-0.54518,-0.23797,0.72855,-0.41785,-0.68143,-0.49987,0.57938,0.24151,0.46443,0.73396,-0.51607,-0.78698,-0.63546,-0.70399,0.63586,0.88492,-0.232,0.61992,0.95386,-0.69479,-0.13894,-0.33075,0.9685,0.69948,0.60479,-0.8045,-0.71244,0,0.896,-0.53609,-0.079423,-0.21463,-0.50744,-0.35005,-0.43591,0.66177,0.5724,-0.2497,0.24791,-0.014667,-0.3712,0.73772,0.56195,0.8904,-0.90568,0.53248,0.091636,0.13355,0.091923,0.95138,0.46506,0.1016,0.10802,-0.62117,-0.44968,-0.82408,-0.0020807,-0.83883,-0.47828,-0.97654,0.86935,0.90277,0.31052,0.48615,-0.74974,0.62442,0.10427,-0.72497,0.33309,0.45411,0.33718,0.88848,-0.4988,0.36726,0.73483,0.01412,-0.30925,-0.84639,-0.61268,0.27052,0.26798,0.17888,-0.71642,0.25647,0.54725,0.51844,-0.48767,-0.70115,0.65299,0.83017,-0.51592,-0.74163,-0.62371,-0.063464,0.50765,0.47475,-0.6773,-0.91904,-0.33292,0.50378,-0.7742,-0.97638,-0.14211,-0.18297,0.14733
0.15252,0.6094,0.83896,0.284,0.36945,0.79651,0.85323,-0.79036,0.56141,-0.66678,-0.94205,0.087984,0.31592,-0.43837,-0.33904,0.91641,-0.93516,-0.2243,0.11005,0.48576,-0.39956,-0.24467,-0.76759,-0.62388,-0.57925,0.011729,-0.94453,0.896,0,-0.085483,-0.26961,-0.93556,0.92498,0.47539,-0.84534,-0.36248,0.81882,0.90877,-0.81313,-0.52874,0.94801,-0.93779,0.053114,-0.47305,0.79935,0.91522,-0.40127,0.56842,-0.62444,0.36329,-0.15578,-0.08162,0.87217,0.1581,0.96184,-0.68572,-0.9562,0.098886,-0.56552,0.20802,0.10253,0.8267,0.15151,0.99276,-0.37648,0.92209,-0.92446,0.50495,-0.99505,-0.89753,0.30888,0.50854,0.8682,0.19155,0.74423,-0.72589,-0.36546,0.52986,0.017573,-0.15812,-0.31421,-0.26156,-0.15912,0.81393,0.40734,0.16632,0.49366,0.26766,0.79112,-0.27912,0.17696,-0.21018,-0.7679,-0.59693,0.15979,0.45521,0.22573,0.44481,-0.91074,-0.58389,0.38088,-0.36789,-0.46332,0.57601,-0.34436
-0.10137,0.98353,0.83841,0.19797,-0.4219,-0.98354,0.45684,0.83953,0.79204,-0.29717,-0.43275,-0.018427,0.52939,0.80709,0.66811,-0.29749,0.74693,-0.54696,0.97859,0.67549,0.82707,-0.89726,0.74165,0.64385,-0.33115,0.77057,-0.96084,-0.53609,-0.085483,0,-0.23414,-0.31446,0.26077,-0.57546,-0.54263,-0.0037499,0.85365,-0.49634,-0.43779,-0.39176,0.75992,-0.32491,-0.034161,0.56714,0.38707,-0.010426,-0.88658,0.037394,0.31802,-0.98476,-0.87371,-0.32084,0.52886,-0.36769,-0.16506,-0.7733,-0.60833,-0.26611,-0.28941,-0.90292,0.43347,0.1104,0.25736,0.93834,0.14397,0.78273,0.040663,-0.02165,0.494,-0.65542,0.30361,0.21254,0.30143,0.3003,0.30731,0.74323,0.65151,-0.91541,0.61083,0.97745,0.098528,-0.14379,-0.91123,0.4418,0.65381,-0.0057073,0.30517,-0.58514,0.37927,0.652,0.59624,0.61248,0.041504,-0.92975,0.50838,-0.35909,0.89437,0.90527,-0.56036,-0.87551,0.69537,0.46422,-0.50624,-0.81956,0.87362
0.35093,0.49707,-0.69058,0.43174,0.89939,0.57828,-0.54498,0.95274,0.70574,-0.0023757,-0.83522,0.59295,-0.024016,-0.97653,0.42541,0.68641,-0.33723,0.65762,0.88657,0.065343,0.31573,0.14821,-0.34795,0.92094,-0.6468,0.94023,-0.12719,-0.079423,-0.26961,-0.23414,0,0.57514,0.14339,-0.71421,-0.76396,0.62017,0.46018,-0.63318,0.67705,-0.89624,-0.93795,0.93879,-0.60637,0.85144,-0.31417,0.17239,-0.025138,0.10082,0.8975,0.29705,-0.41784,0.70758,-0.90052,-0.55189,-0.18978,-0.58184,0.68481,0.14119,-0.68786,-0.065598,-0.88218,-0.81394,0.38338,0.85583,0.15743,-0.80651,0.54675,-0.73728,-0.86902,0.27922,0.83766,0.21427,-0.35062,0.06762,0.29461,0.35162,0.32192,-0.30671,-0.85447,0.17234,0.67566,0.20367,0.12928,0.79497,0.45903,-0.55077,-0.95797,-0.79562,0.11567,0.46109,0.12404,0.04587,0.70881,-0.055214,-0.48809,0.98412,-0.071798,-0.72152,-0.76994,0.84455,0.99784,-0.24795,-0.8841,-0.77734,-0.82244
0.81991,-0.94751,-0.75124,-0.16856,0.94478,0.12335,0.84713,0.022101,0.80604,0.98522,0.26518,0.44128,0.1384,0.23385,-0.15363,-0.002155,0.86879,-0.16868,0.32892,-0.24871,0.64274,-0.36234,-0.79193,-0.13098,-0.18487,0.25457,0.6934,-0.21463,-0.93556,-0.31446,0.57514,0,0.91797,-0.068123,-0.26312,-0.56127,-0.56521,-0.25456,0.53056,-0.57496,-0.32516,0.64135,0.40168,-0.74988,0.081499,0.066169,-0.58256,0.57802,0.11023,0.20273,-0.44985,0.93566,-0.25347,-0.90119,-0.38678,-0.95746,0.36469,-0.55825,0.75178,0.34709,0.012594,-0.504,0.10944,-0.24547,-0.14857,-0.94212,0.29416,-0.91989,-0.35842,-0.10155,-0.61657,0.67795,-0.66536,-0.98582,0.15405,-0.21613,0.93606,-0.65349,0.43324,0.04017,0.25326,0.70247,-0.77302,0.81789,0.49216,-0.44296,-0.40228,-0.13615,-0.85906,-0.14749,0.40416,-0.86522,0.40964,-0.6492,-0.18993,-0.021959,0.99651,-0.82145,0.90361,-0.29222,-0.084527,0.87431,-0.21329,0.90045,-0.89311
0.51102,-0.41468,-0.42763,0.46647,-0.90029,0.26508,0.41269,-0.69299,0.020321,-0.20439,-0.36465,0.72403,-0.79737,0.38733,0.55643,0.56583,-0.31153,0.4978,0.82232,-0.90268,0.33251,0.85207,0.10995,0.39707,0.53373,-0.82523,-0.85526,-0.50744,0.92498,0.26077,0.14339,0.91797,0,-0.16999,0.52592,0.47314,-0.7834,0.6471,-0.9914,0.083374,-0.93821,-0.39814,0.4321,-0.10569,0.89697,-0.2647,-0.68572,0.26595,0.19344,0.40433,-0.2268,-0.32144,0.053506,0.52808,0.46829,-0.24512,-0.41761,0.91962,-0.96168,0.79652,0.051421,-0.42614,-0.47987,0.26959,-0.3666,0.79254,-0.38984,0.93687,-0.37212,0.45846,-0.3934,0.039177,-0.4562,-0.89194,-0.93747,0.57289,-0.95296,0.31127,0.49675,-0.92,0.20524,-0.020678,0.75782,-0.60616,-0.54992,0.38436,-0.3396,0.88291,0.40999,0.2705,0.72737,0.052612,0.30468,-0.25649,-0.43168,-0.76435,-0.79256,-0.55442,0.84734,0.67742,-0.43178,0.93147,-0.0066238,0.47241,0.054088
-0.71611,0.028198,0.138,-0.31936,0.19912,0.14678,-0.97967,-0.060731,0.61553,0.49436,-0.41324,-0.2771,0.77953,-0.23898,0.5772,0.94816,0.27691,0.78531,-0.055362,0.5143,-0.94609,0.53358,-0.30775,-0.37699,-0.41212,0.59468,-0.23896,-0.35005,0.47539,-0.57546,-0.71421,-0.068123,-0.16999,0,-0.97246,0.014308,0.55185,-0.34005,-0.14907,0.77963,0.79377,0.99316,0.17053,0.92502,0.040754,0.23813,-0.92394,-0.93058,0.35499,0.16767,-0.88221,0.4397,0.61248,0.46959,0.10082,0.014778,0.8889,0.9954,0.13832,-0.31119,-0.11442,-0.91412,0.42354,0.59171,-0.84346,-0.97388,0.41049,-0.36693,0.71413,0.35631,0.10348,-0.035197,-0.35329,-0.64503,0.99425,-0.93634,-0.399,0.65975,-0.80803,0.39478,-0.47931,0.23363,0.10364,0.35972,0.83249,-0.36682,-0.44603,0.50561,-0.44761,-0.7388,0.12295,0.93107,-0.096221,0.71559,0.69212,-0.58544,0.96512,-0.72487,0.025928,-0.74074,-0.2837,0.61825,0.66753,0.77389,-0.8363
0.74673,0.88075,-0.042494,-0.77913,0.95563,0.10382,0.37229,-0.35565,-0.55688,0.30706,0.62835,-0.075184,0.51598,0.59972,0.91338,0.96243,-0.24536,-0.89248,0.87881,-0.83993,0.38465,-0.012967,-0.69361,0.13411,-0.47148,0.43046,0.17209,-0.43591,-0.84534,-0.54263,-0.76396,-0.26312,0.52592,-0.97246,0,0.30214,-0.2739,0.81316,-0.63163,-0.46865,-0.6817,0.23223,-0.73582,-0.17457,-0.38613,0.37175,-0.39202,0.19124,-0.98171,-0.047229,0.37373,-0.93225,0.84183,0.35608,-0.87466,-0.21691,-0.61987,0.5059,0.297,0.73727,-0.29786,0.52514,0.76519,-0.2963,-0.91523,0.29792,-0.95029,-0.11226,-0.14813,0.62746,0.026836,0.39194,-0.33853,-0.36745,-0.87095,-0.17291,-0.11096,-0.18439,0.88584,0.33773,0.77633,-0.43306,-0.71356,-0.085491,0.241,-0.3902,-0.75107,-0.37106,0.92832,0.54153,-0.46106,-0.19016,-0.62126,-0.90504,-0.94677,0.40334,-0.013277,0.50239,0.92832,0.40718,-0.69665,0.38979,0.18313,-0.48658,0.015065
-0.42837,-0.97104,-0.72137,0.099018,-0.323,0.69553,0.13898,-0.15923,0.82825,-0.094709,0.57548,-0.30365,0.44206,-0.014738,-0.46551,0.88021,0.98486,-0.32326,0.37918,-0.075843,0.45506,0.31386,0.82941,0.67405,-0.65658,0.82575,0.96465,0.66177,-0.36248,-0.0037499,0.62017,-0.56127,0.47314,0.014308,0.30214,0,0.10746,-0.74937,0.061523,0.53414,0.28916,0.85341,-0.44899,-0.48063,-0.35975,0.10668,0.051211,-0.13142,-0.32733,-0.7452,0.8639,0.49403,-0.48366,0.4082,0.1478,0.30869,-0.94078,0.58767,-0.8568,-0.45598,-0.10092,-0.16932,-0.7037,0.94681,0.68099,0.3153,-0.19265,0.22223,-0.97283,-0.96675,-0.98112,0.50405,0.40318,-0.89429,-0.035486,-0.061174,0.81715,0.81023,-0.57706,0.93299,0.051074,-0.80272,-0.52071,-0.10625,0.8151,-0.19036,-0.88634,0.55269,0.25835,-0.69917,-0.77998,-0.025051,0.97102,-0.12321,0.797,-0.29887,0.51829,-0.4205,0.14042,0.17538,0.04925,-0.63361,-0.014193,0.86358,-0.77364
-0.53074,0.89185,-0.35846,0.8763,0.056289,-0.80775,-0.064672,-0.13124,-0.84548,0.47594,-0.29191,0.8337,-0.74797,-0.76954,0.79289,-0.34917,-0.2748,0.30952,0.81428,-0.3841,-0.27347,-0.082006,-0.20405,-0.56682,-0.44997,-0.44504,0.58064,0.5724,0.81882,0.85365,0.46018,-0.56521,-0.7834,0.55185,-0.2739,0.10746,0,-0.99263,-0.46564,-0.090257,-0.71569,0.35786,-0.045149,0.97366,-0.67623,-0.92205,-0.64315,0.66409,-0.4644,0.084162,0.56756,0.83433,0.30343,-0.89048,0.15137,-0.93601,0.51142,0.72286,0.59127,-0.92841,-0.77595,0.63048,0.9245,-0.59209,0.2362,-0.26151,0.8775,0.2001,-0.5446,0.17093,0.013201,-0.3942,0.0060325,-0.67967,0.66408,-0.9701,0.035689,-0.91085,0.22632,-0.38992,0.12077,0.57336,-0.21288,-0.097749,0.77592,0.5551,0.72211,-0.61525,-0.38817,0.038557,0.60218,-0.31362,0.82863,-0.86438,-0.15356,-0.64123,0.49278,-0.46256,0.76907,-0.042032,0.08236,-0.15539,0.43675,-0.66323,-0.65965
-0.32089,0.066405,-0.43552,-0.61231,-0.4054,0.39011,-0.33363,-0.053371,-0.42067,0.584,0.83203,-0.40995,-0.11483,-0.66682,-0.076759,-0.80645,0.31147,0.15378,0.96652,0.44409,-0.63391,-0.13699,-0.98259,0.34263,-0.56225,0.25348,-0.95583,-0.2497,0.90877,-0.49634,-0.63318,-0.25456,0.6471,-0.34005,0.81316,-0.74937,-0.99263,0,0.26554,0.85473,0.18426,0.33236,-0.26465,0.088979,0.55173,-0.19566,-0.10105,0.69632,0.83283,-0.43979,-0.88668,-0.04265,0.39943,0.13652,0.44186,-0.64781,-0.90303,-0.39371,-0.12531,-0.77451,-0.37343,0.67053,0.87884,-0.19615,0.91461,0.42303,0.69402,-0.2567,0.27255,-0.57261,0.1552,0.096571,0.67619,-0.83106,0.70051,0.3199,-0.14552,-0.97534,-0.84003,-0.50326,0.17208,-0.78579,0.11076,0.035443,0.45363,0.84419,-0.70116,0.12546,-0.21475,-0.3013,-0.21785,0.0092747,-0.723,-0.3388,-0.3076,0.51927,0.2152,0.83659,0.97398,0.56357,-0.40529,0.52847,-0.609,0.013909,-0.73889
0.30738,0.64297,0.81805,-0.27948,0.75678,0.25312,-0.31557,-0.39582,-0.87544,-0.86839,-0.73741,-0.50527,-0.64105,0.308,0.32178,0.057508,0.5909,-0.55124,-0.91322,-0.59181,-0.97295,-0.16127,-0.53003,0.067498,-0.44743,0.25115,-0.54733,0.24791,-0.81313,-0.43779,0.67705,0.53056,-0.9914,-0.14907,-0.63163,0.061523,-0.46564,0.26554,0,-0.67534,0.71027,-0.51273,-0.78501,-0.1217,-0.70077,-0.1716,-0.875,0.18201,-0.52804,-0.16229,-0.64896,0.62559,0.76299,-0.24983,-0.18864,-0.1743,-0.19081,0.19903,0.70633,-0.53408,-0.73465,-0.2512,-0.95121,0.57534,0.044361,0.057787,-0.35459,0.98514,-0.568,-0.96652,0.49997,-0.029084,0.75552,0.20949,-0.4702,-0.50328,0.79827,-0.065995,-0.95688,0.93054,-0.83059,0.86625,-0.76399,0.5042,-0.48257,-0.18244,0.8249,0.72523,0.65575,-0.45351,-0.13945,0.40038,0.23039,0.12844,-0.56387,0.82695,-0.74619,0.27732,0.41551,-0.10317,0.6289,-0.59463,-0.6939,-0.96073,0.4978
0.01832,0.52633,0.19209,0.081116,-0.5236,-0.61079,-0.41192,0.18969,0.38433,-0.38027,0.072052,-0.278,-0.12737,0.10618,-0.83446,0.49945,0.44982,0.4635,-0.76673,-0.54495,0.85853,0.0028119,-0.45811,-0.33499,0.48822,-0.49888,-0.61955,-0.014667,-0.52874,-0.39176,-0.89624,-0.57496,0.083374,0.77963,-0.46865,0.53414,-0.090257,0.85473,-0.67534,0,-0.53389,-0.37953,0.080537,0.22043,0.83163,-0.8618,-0.30456,0.91601,-0.25082,0.47908,0.80704,0.72841,-0.98934,-0.37052,-0.32302,0.035762,0.46538,0.64754,0.45884,-0.048237,0.34462,-0.019497,-0.12911,-0.44046,0.20663,0.29489,-0.055202,0.053858,-0.25708,-0.34168,-0.023443,-0.47447,0.79578,0.32377,-0.72496,0.85581,0.72225,0.12411,0.98323,0.10371,-0.31999,0.82766,-0.36844,0.98361,0.17856,-0.30232,0.071027,0.7626,-0.8516,-0.1668,0.4195,-0.026353,-0.069474,0.72769,-0.14107,0.21748,-0.6792,-0.27106,-0.7271,-0.405,0.15702,0.56203,0.92567,-0.262,-0.10737
-0.37887,0.66475,0.90087,-0.8785,0.94875,0.26484,0.34317,-0.30561,-0.43994,0.92442,-0.48728,-0.36393,-0.96198,0.089068,0.69679,-0.5961,-0.98282,-0.70512,-0.85854,0.45003,-0.57811,0.20361,0.57228,-0.2703,0.69328,-0.8397,0.36427,-0.3712,0.94801,0.75992,-0.93795,-0.32516,-0.93821,0.79377,-0.6817,0.28916,-0.71569,0.18426,0.71027,-0.53389,0,-0.3199,0.92367,-0.62986,-0.47205,0.24016,0.2072,-0.8811,0.090946,0.18144,0.1954,-0.28294,0.9751,0.67106,0.82615,-0.5175,-0.62195,-0.86488,-0.20035,-0.77276,0.83843,0.44977,0.58367,0.63833,-0.56387,-0.51598,0.72163,-0.16358,0.22975,0.62612,0.39745,-0.19996,0.79905,-0.69352,0.41517,0.87539,0.060681,0.94401,0.47383,-0.694,0.39191,-0.44793,0.35137,0.077596,0.95453,0.16486,0.65881,0.18765,0.41828,9.5828e-05,-0.39836,0.25351,-0.43331,-0.92615,-0.18888,0.48804,0.65667,0.62489,-0.16182,0.73264,-0.86178,0.13667,-0.5988,0.97218,-0.14124
0.61038,-0.19221,-0.98451,-0.56915,0.95238,-0.22201,-0.0489,-0.41817,0.44275,-0.037524,-0.8408,0.76478,-0.20687,0.28415,0.98062,0.39042,0.37313,-0.25437,-0.44514,-0.93116,0.34204,-0.2408,0.76188,0.57348,-0.42915,0.86028,0.23883,0.73772,-0.93779,-0.32491,0.93879,0.64135,-0.39814,0.99316,0.23223,0.85341,0.35786,0.33236,-0.51273,-0.37953,-0.3199,0,0.72063,-0.086476,-0.79823,0.00080493,0.046172,-0.54913,0.10899,-0.90677,0.16496,-0.35298,0.84042,0.57807,-0.7907,-0.83053,0.081528,-0.2677,-0.95049,-0.73854,0.5887,-0.69723,0.20893,0.21003,-0.99629,0.17562,0.89553,-0.64939,-0.61734,0.78479,-0.22003,-0.91389,-0.41691,-0.28764,0.73999,0.55986,-0.61627,-0.68926,-0.65089,-0.71422,0.017441,-0.7119,0.87471,-0.56198,0.82974,0.58158,-0.6027,0.019518,0.043503,0.78496,-0.41561,-0.0058442,-0.57212,-0.59089,-0.65103,0.25572,-0.62107,-0.99435,0.63993,-0.17173,-0.0084195,0.51536,-0.29868,0.83546,-0.29006
0.2297,0.69054,0.85067,-0.65923,0.88699,0.94038,0.25307,-0.38253,0.41195,-0.048794,0.88663,-0.26523,0.83744,-0.24167,0.37833,0.68073,-0.036871,-0.33036,-0.65968,-0.96633,0.60956,0.3124,-0.41283,0.3357,0.16245,0.53871,0.71199,0.56195,0.053114,-0.034161,-0.60637,0.40168,0.4321,0.17053,-0.73582,-0.44899,-0.045149,-0.26465,-0.78501,0.080537,0.92367,0.72063,0,-0.41943,0.49815,-0.76088,-0.59372,-0.58907,-0.58469,-0.082111,0.94527,-0.46604,-0.051477,-0.82886,-0.015535,-0.074339,0.67884,0.44526,0.84534,-0.52558,0.15338,-0.47887,0.43961,0.58292,-0.71909,0.46748,-0.78122,-0.30627,-0.84512,0.2371,0.0015776,0.94004,0.0088325,0.26955,0.20605,0.30311,-0.83795,0.87459,0.55057,-0.73231,-0.85248,-0.5089,0.85446,-0.90956,0.15008,0.51848,-0.52133,0.1636,0.93949,-0.05125,-0.034986,0.51223,0.62883,-0.0086072,0.1692,0.73503,-0.74895,0.31261,-0.37685,0.98249,0.22609,-0.29131,0.20484,0.33978,-0.61158
0.037405,-0.27593,0.37903,0.40481,-0.42043,-0.04793,-0.41105,-0.34883,-0.342,0.7331,0.25004,0.3219,0.51501,-0.51299,0.30827,-0.71304,0.99177,-0.32687,0.19578,0.50734,-0.15514,0.44011,0.31348,0.11944,0.065099,0.36464,0.41419,0.8904,-0.47305,0.56714,0.85144,-0.74988,-0.10569,0.92502,-0.17457,-0.48063,0.97366,0.088979,-0.1217,0.22043,-0.62986,-0.086476,-0.41943,0,0.48984,0.097433,0.2706,0.84083,0.094545,-0.88744,0.52813,0.64016,-0.58647,-0.55912,0.44961,0.49395,0.69848,0.47338,-0.60654,0.38444,-0.63803,-0.49008,-0.56798,-0.83826,-0.5836,0.49963,-0.59132,-0.59177,-0.44741,0.084876,-0.43203,0.099079,0.63407,-0.73225,0.27256,0.81456,0.59095,-0.35887,-0.45453,-0.74326,0.38337,0.8828,-0.56235,-0.36807,-0.91228,-0.47309,-0.7157,0.38363,0.11641,-0.068481,-0.88308,0.8093,0.47759,-0.53108,-0.26888,0.96381,-0.96646,0.41469,0.26824,-0.64285,-0.71025,0.60264,-0.54668,0.026294,-0.89448
0.16455,-0.12649,0.057465,-0.98488,-0.29449,-0.81288,0.84347,-0.72395,-0.37065,-0.30638,-0.78088,-0.021611,-0.21844,-0.9553,0.75314,-0.39533,-0.15763,-0.40806,0.081905,-0.85811,-0.72736,-0.57605,0.90257,-0.82765,0.92923,-0.47309,0.1762,-0.90568,0.79935,0.38707,-0.31417,0.081499,0.89697,0.040754,-0.38613,-0.35975,-0.67623,0.55173,-0.70077,0.83163,-0.47205,-0.79823,0.49815,0.48984,0,-0.90367,0.60221,-0.79956,-0.97592,-0.25586,0.75377,-0.27588,0.03937,0.5013,0.87752,-0.48398,0.76422,-0.3086,-0.53791,-0.51203,0.31077,0.37544,-0.47033,-0.89466,0.29476,0.85919,-0.76693,0.6662,0.45561,0.87385,-0.37583,-0.54372,0.15271,-0.11909,0.82823,0.53327,-0.20989,0.41905,-0.58216,0.9661,0.66164,-0.37247,0.76813,-0.44578,-0.95986,0.49503,-0.67864,0.54984,0.15473,-0.29962,-0.99477,-0.35867,0.4091,0.11115,-0.45525,0.5041,0.37419,0.65891,-0.24248,0.47958,0.83384,-0.97336,-0.4905,-0.63135,-0.31568
