,,,,,,,,,,,,,,,,,,,,,,,,,,,,,,,,,,,,,,,,,,,,,,,,,,,,,,,,,,,,,,,,,,,,,,,,,,,,,,,,,,,,,,,,,,,,,,,,,,,,,,,,
0,0.19953,0.63914,0.13476,0.61503,0.47226,0.86261,0.56649,-0.98959,-0.68,-0.088664,0.50541,-0.36449,0.85804,0.38157,0.047995,-0.33402,0.85109,-0.66838,-0.40736,0.99358,-0.48165,-0.75981,-0.33308,0.99163,0.74751,-0.97497,0.035478,-0.41282,-0.50733,0.29879,-0.90169,0.97434,0.79632,0.43653,-0.45385,-0.085571,-0.44118,0.6348,0.12104,-0.32224,0.095492,0.2362,0.6571,-0.91653,0.033452,0.68249,0.83344,0.34285,0.53137,0.055153,0.60719,-0.49042,0.69357,-0.3363,-0.24022,-0.55589,-0.40327,0.27911,-0.50019,0.051905,0.61523,-0.69459,0.13448,0.1972,-0.61296,-0.31426,-0.34975,-0.92496,0.8205,0.80677,-0.25905,-0.37706,0.53694,-0.00067302,-0.055621,-0.7692,0.56421,0.82592,-0.30219,0.44358,-0.41179,0.94755,0.48707,0.98004,-0.92783,-0.94724,-0.96191,-0.35533,0.51804,-0.85527,-0.42618,-0.15253,-0.52073,0.63624,-0.31692,0.047347,-0.017784,-0.91854,-0.81824,0.32261,0.023643,0.45229,0.92313,0.78838
0.19953,0,-0.18741,-0.066413,-0.44388,-0.17424,0.71232,-0.88896,0.064748,-0.95594,0.26759,0.99603,-0.97951,-0.4008,0.21031,0.87549,0.10508,0.5043,0.86249,-0.84758,-0.50023,0.8187,0.59583,-0.46147,-0.058531,0.61392,-0.4714,0.28376,-0.39301,-0.77727,0.28738,0.87589,-0.82921,0.0035578,0.8787,0.13243,0.59329,-0.19555,-0.80622,-0.5828,0.97914,0.49516,0.3366,-0.13038,-0.69994,0.93719,-0.73286,-0.40354,0.36596,-0.6823,0.5239,0.76209,-0.97974,0.1914,-0.12143,-0.1465,-0.60845,0.54726,0.63152,-0.23176,-0.77714,-0.8593,0.099767,0.99174,0.26195,-0.79282,-0.15904,0.060615,0.041195,0.4055,-0.64152,-0.9158,0.55088,-0.27168,0.67098,-0.30752,-0.70837,-0.24441,-0.90281,-0.5971,-0.81714,-0.39093,0.4493,0.37053,-0.47323,-0.75888,0.40979,-0.035979,0.036334,-0.61089,-0.37156,-0.40572,0.84607,0.5559,0.21525,0.74171,0.71102,0.83032,0.70504,0.64151,0.12111,-0.65831,-0.6899,-0.3956,0.016858
0.63914,-0.18741,0,0.82021,-0.85158,0.17821,0.082869,0.10589,0.23796,0.27141,-0.48224,-0.69861,0.79419,-0.12707,0.15666,-0.14447,0.18396,0.24465,0.56066,0.80901,-0.75696,0.34179,0.54437,-0.95712,-0.11171,-0.1752,-0.95575,0.69319,0.55456,0.98904,-0.32208,0.8083,-0.094575,-0.65312,0.39518,-0.89365,0.3426,0.10676,-0.33846,-0.38178,0.31192,0.56548,-0.35378,-0.76915,-0.60474,0.20956,-0.70057,-0.070325,0.82417,0.73868,0.039284,0.094305,0.49378,-0.35903,0.63882,0.16416,-0.29078,0.49176,0.72147,-0.10861,0.80974,0.0092402,0.55466,-0.74955,0.96597,0.46864,0.50715,-0.52574,0.26078,-0.67791,0.4941,-0.22808,-0.40911,-0.98833,0.0025771,0.66799,0.61253,0.5669,0.25319,0.9235,-0.9026,-0.1563,-0.22364,0.83742,0.99147,-0.72814,-0.97464,0.77991,-0.9156,-0.71013,-0.09898,0.60755,-0.32103,0.65915,-0.68398,0.2561,0.60229,-0.17631,-0.22553,-0.97109,0.11735,0.27429,0.38772,-0.30449,-0.9424
0.13476,-0.066413,0.82021,0,-0.076458,-0.70745,-0.28801,0.69333,-0.96942,0.71663,-0.79787,-0.097737,0.44585,0.21934,0.19415,0.63937,0.84755,0.78367,0.64339,0.77723,0.21971,0.47722,0.95786,-0.23131,0.38522,-0.16737,-0.050572,-0.98642,0.99617,0.73181,0.76419,0.43412,0.40095,0.2382,-0.015965,0.45199,-0.21053,-0.75513,-0.4167,0.46202,-0.33074,0.76096,0.50796,0.52836,-0.24862,-0.77701,0.72993,-0.18928,-0.3537,0.1912,0.079286,0.49294,0.48853,0.094138,-0.19638,0.27707,0.15013,-0.47862,0.43541,-0.25292,0.71601,-0.62167,0.12231,0.74854,-0.45518,-0.6876,0.44737,-0.23185,-0.65739,0.87477,0.88718,0.37683,-0.52751,0.3035,-0.79688,0.1017,-0.50128,-0.25472,0.40235,0.62173,0.23575,-0.35014,-0.54527,-0.074758,0.14709,0.89355,-0.77841,-0.35969,-0.18981,0.23,0.8413,0.36104,0.65509,0.84028,0.13047,-0.090413,-0.48303,-0.00099204,-0.58668,0.06021,0.081013,-0.8162,-0.31047,-0.58492,0.82208
0.61503,-0.44388,-0.85158,-0.076458,0,0.616,-0.7551,0.17481,-0.14427,0.77638,0.061697,0.80147,0.46124,-0.4942,-0.58504,-0.024791,0.58372,-0.72394,-0.84962,-0.52953,0.39332,-0.74743,-0.58242,0.94039,-0.60883,0.048471,-0.31459,-0.798,-0.38979,0.14128,-0.96901,-0.14851,0.65047,0.81154,0.608,0.46232,0.65165,0.71621,0.33204,-0.13929,0.48876,-0.83533,0.051158,-0.40776,0.17853,-0.31485,0.6102,-0.047617,0.31322,-0.9847,0.35473,-0.38542,0.79394,-0.19235,0.68638,0.91279,0.82853,-0.14498,0.92391,0.75591,0.084065,0.75008,0.61174,0.24697,-0.25668,0.83919,-0.86094,0.75606,0.26558,0.66687,-0.00085626,-0.69109,-0.63586,-0.33765,-0.69878,-0.11439,-0.90282,-0.3675,0.10494,0.88201,-0.69612,-0.4644,-0.54822,0.32657,-0.57239,-0.41195,0.79364,0.37401,-0.92873,0.92361,-0.25644,-0.77867,-0.62147,0.94142,0.35664,-0.93222,-0.91495,0.78755,-0.11833,-0.92825,0.80015,-0.042164,0.88678,-0.58043,0.23941
0.47226,-0.17424,0.17821,-0.70745,0.616,0,-0.85728,0.6522,-0.82872,-0.16481,0.83052,-0.70757,0.55869,-0.72351,-0.73269,0.90817,0.22236,-0.29528,-0.60205,0.01712,0.56422,-0.30209,-0.34844,-0.96137,0.89754,-0.12374,-0.95151,0.43452,0.81688,-0.78851,0.83792,-0.18268,0.96944,-0.59413,-0.92268,0.78705,0.36108,-0.17091,0.61722,0.39721,0.11407,0.098284,-0.76015,0.52894,-0.16284,0.45335,0.67826,-0.40123,-0.20325,0.25884,0.80605,0.056695,-0.17441,-0.73329,-0.42522,0.39216,-0.95424,-0.62406,-0.47273,0.52061,0.14602,0.62615,0.81678,-0.18429,-0.7912,-0.7639,-0.45702,-0.67234,0.19732,-0.91656,-0.097791,-0.45995,-0.72083,0.21524,0.86212,0.5568,0.66817,-0.96683,-0.0028108,-0.30155,0.52082,0.53478,-0.86859,-0.5323,-0.25286,-0.7696,-0.24197,-0.62798,-0.49395,-0.020583,-0.17659,-0.35685,-0.41098,-0.66824,-0.66964,-0.70317,-0.6282,0.34662,-0.45573,-0.62557,0.34977,-0.75549,0.7271,-0.71028,-0.13295
0.86261,0.71232,0.082869,-0.28801,-0.7551,-0.85728,0,-0.51449,-0.21945,0.30579,0.26862,-0.3012,0.9838,-0.92291,-0.14309,0.59067,-0.38776,-0.82302,-0.0092306,0.87884,0.61704,0.64634,-0.027016,-0.19832,0.030136,0.61748,-0.76232,0.41678,0.82601,0.78083,-0.38363,-0.80762,0.97333,0.89359,0.18268,0.37276,0.094777,0.60387,0.29102,-0.33026,0.75547,-0.2641,0.24703,0.97209,-0.058068,-0.53626,0.38715,0.87712,-0.49469,0.8684,-0.58933,0.39786,0.1319,-0.51432,0.84815,0.67102,0.072175,0.25302,-0.078433,0.88625,0.01771,-0.013353,-0.92185,-0.80613,-0.26749,-0.82052,-0.32129,-0.94156,-0.43383,-0.16404,0.22561,-0.59566,0.51126,-0.065652,-0.81888,-0.40336,0.80338,0.83321,0.3277,-0.073173,-0.79393,-0.19123,-0.091567,-0.43074,-0.78034,-0.40959,-0.7175,-0.13097,0.55632,0.55084,-0.63125,-0.71053,-0.45419,-0.05214,-0.81122,-0.2828,-0.63994,-0.066076,0.70376,0.91296,0.38603,0.053981,0.58559,-0.62404,-0.065568
0.56649,-0.88896,0.10589,0.69333,0.17481,0.6522,-0.51449,0,0.79081,0.057304,0.59339,-0.41148,-0.11053,-0.4699,-0.43854,-0.77126,0.75271,0.55385,-0.45178,0.29649,0.15747,0.12513,0.89775,0.81651,0.96838,0.48546,0.59408,0.28039,-0.42441,0.30301,-0.6714,-0.24776,0.90062,0.31966,0.68056,-0.42813,-0.6115,0.5569,0.34995,-0.19227,0.88784,-0.6611,-0.037509,0.34356,0.85457,0.30296,0.16137,-0.86319,0.25892,0.35536,-0.87332,0.79853,-0.46294,-0.73686,-0.50256,0.35128,-0.97281,-0.78458,0.73619,0.036401,0.3394,0.90368,-0.88308,0.14682,0.52285,-0.25861,0.030946,0.57139,-0.50125,-0.69064,-0.0013541,-0.65977,-0.011426,0.3346,-0.22543,0.59568,-0.40062,-0.24249,0.22914,-0.27009,0.62665,-0.7862,0.93896,0.0015979,0.37575,0.035253,0.26121,0.31926,-0.74698,0.23494,0.30575,0.22037,0.65809,0.22173,-0.36534,-0.15516,-0.35229,0.75659,0.94584,-0.36158,0.59735,-0.20152,0.36577,0.55135,-0.54263
-0.98959,0.064748,0.23796,-0.96942,-0.14427,-0.82872,-0.21945,0.79081,0,0.025671,-0.46509,-0.28104,-0.44611,-0.22795,0.41012,0.94271,-0.29639,-0.01887,-0.59143,-0.11049,0.16347,-0.17361,0.81702,0.93099,-0.37289,0.86687,-0.53658,0.93772,-0.16487,-0.50526,-0.80606,-0.85534,0.093293,-0.30467,-0.62632,0.87369,-0.84447,-0.86456,0.63813,0.23416,0.0085206,-0.66327,-0.95327,-0.74957,-0.014983,0.92112,0.12935,-0.5092,-0.20532,0.65455,0.54297,0.24698,-0.11368,-0.075444,0.91219,-0.68324,-0.89897,0.16703,0.73318,0.85204,0.4218,0.29608,0.42354,-0.2406,-0.68091,0.61452,0.69527,-0.29791,0.025266,-0.56366,0.8256,-0.90541,-0.70786,-0.25074,0.98634,0.6745,-0.84122,-0.58856,-0.73216,-0.84135,-0.17892,0.40721,-0.98164,-0.14065,0.62017,-0.072563,-0.38042,-0.15426,-0.23804,-0.55887,0.6353,0.52439,0.23961,-0.78449,0.74466,-0.35574,0.32001,0.70754,-0.38542,-0.012892,-0.11843,0.08359,-0.048047,0.27882,0.67441
-0.68,-0.95594,0.27141,0.71663,0.77638,-0.16481,0.30579,0.057304,0.025671,0,-0.80697,0.020276,-0.3705,-0.64738,-0.742,0.21163,-0.59621,-0.14717,-0.083158,0.33286,-0.52939,-0.88082,0.91924,0.25855,-0.44203,0.67048,-0.042284,0.39198,-0.10445,-0.51292,0.7094,-0.51207,-0.011913,-0.61594,-0.49742,0.70768,-0.81256,0.065868,-0.57141,0.85531,-0.37767,0.85092,0.30345,-0.35311,0.92007,-0.70938,-0.60853,-0.26449,-0.85882,-0.95708,-0.15079,0.058424,-0.30757,0.82713,-0.12146,-0.72745,0.59902,-0.08895,-0.2925,-0.41643,0.11305,-0.28672,0.43185,0.37363,-0.30065,-0.13736,-0.58258,0.75673,0.28084,0.38885,0.55896,0.25975,0.58028,0.30712,-0.61499,0.44171,-0.96307,-0.85267,-0.61413,-0.40348,-0.1445,-0.84127,-0.37625,-0.0062631,0.021805,0.44464,-0.36329,0.11027,0.58877,0.21383,-0.90449,0.28614,-0.31758,-0.51959,0.57881,-0.70041,0.50372,0.88063,-0.089529,-0.89449,-0.21048,0.93276,0.21264,0.36442,0.45205
-0.088664,0.26759,-0.48224,-0.79787,0.061697,0.83052,0.26862,0.59339,-0.46509,-0.80697,0,-0.40279,0.18108,-0.027044,-0.496,0.68561,-0.39422,0.51192,-0.047209,0.18367,0.22258,0.74128,0.077679,0.035358,-0.65001,0.4106,0.36525,-0.57805,0.37474,-0.25899,-0.74763,-0.29913,0.23651,-0.85578,-0.72427,-0.23755,-0.28661,-0.079374,-0.21366,-0.12406,0.18615,-0.74576,0.49481,0.34141,0.621,-0.054411,0.39077,0.38091,-0.2516,0.23971,0.19138,-0.67391,0.37492,0.12671,-0.7903,0.76014,-0.28166,0.20748,-0.9582,-0.38662,-0.30464,0.16892,0.11899,-0.07857,-0.86529,-0.78283,0.34268,-0.27755,0.98653,0.96967,0.8372,-0.64864,0.093673,-0.58328,-0.90239,-0.91695,0.33717,-0.95867,0.86401,0.52831,0.021964,-0.41042,0.16016,0.97352,-0.62644,0.078435,-0.70134,-0.70041,-0.33368,-0.08636,0.4187,0.075126,0.90911,-0.32144,0.52256,0.80898,-0.68476,0.89898,-0.99243,-0.83634,-0.48647,-0.60769,-0.45195,-0.64759,0.27292
0.50541,0.99603,-0.69861,-0.097737,0.80147,-0.70757,-0.3012,-0.41148,-0.28104,0.020276,-0.40279,0,-0.91592,-0.39966,-0.077106,-0.020657,0.51078,-0.11682,0.59418,-0.91709,-0.43413,0.87449,0.08273,0.50997,-0.32694,0.060262,0.64941,-0.9759,0.13806,-0.75201,-0.34573,-0.34157,0.85075,0.30028,-0.76276,0.59321,0.16137,-0.67421,-0.86752,0.22047,0.81249,0.17776,-0.5941,0.79914,-0.9531,0.7511,-0.73278,-0.09896,-0.32956,-0.024111,0.26433,-0.17689,0.54831,-0.46667,0.12021,0.6314,-0.90547,-0.20772,0.24426,-0.40995,-0.12482,0.9025,-0.024215,-0.41993,0.86273,-0.15591,-0.79988,-0.48296,0.81151,-0.41025,-0.025113,-0.75644,0.26682,0.16846,-0.63294,0.26773,0.47004,0.61451,-0.89095,-0.47397,0.54033,0.23855,-0.22715,-0.24479,-0.79075,0.75968,-0.71951,-0.64422,0.38604,0.34797,-0.88368,-0.98398,0.055056,0.54902,-0.85019,-0.85,-0.18832,-0.13357,-0.62791,0.72578,0.41786,0.3893,-0.026913,0.32456,-0.1434
-0.36449,-0.97951,0.79419,0.44585,0.46124,0.55869,0.9838,-0.11053,-0.44611,-0.3705,0.18108,-0.91592,0,0.17024,0.96777,0.94064,0.36588,0.50591,0.44249,0.2198,0.54932,-0.23716,0.66035,-0.072156,0.17658,0.70849,-0.97726,0.0052853,0.77709,0.20927,0.13624,0.23983,0.11079,0.31552,0.0016786,0.23444,-0.67101,-0.23592,-0.37412,0.25309,-0.74131,0.59965,-0.49494,-0.16501,0.46204,-0.18663,-0.92143,0.58678,0.904,-0.57025,-0.90356,-0.098369,-0.67917,-0.83564,-0.90944,-0.79138,0.79449,0.49921,0.10387,0.092807,0.59287,0.055294,0.56199,0.19584,0.62268,-0.49417,-0.65345,0.34525,-0.043609,-0.77402,-0.14401,0.88073,-0.67681,0.42464,0.50004,-0.94289,-0.034709,-0.89758,-0.12197,0.18014,0.41837,0.070269,0.55394,0.71778,-0.81767,0.40712,-0.38012,0.30811,-0.20163,0.48212,-0.4514,-0.83254,0.64896,-0.32053,-0.10217,-0.73786,-0.15835,-0.07203,0.90644,-0.36933,0.065453,-0.22708,0.53056,0.36371,-0.19077
0.85804,-0.4008,-0.12707,0.21934,-0.4942,-0.72351,-0.92291,-0.4699,-0.22795,-0.64738,-0.027044,-0.39966,0.17024,0,0.51329,-0.22725,0.9581,0.82032,-0.60814,0.29831,-0.4238,0.39901,0.41616,0.49584,-0.67627,0.5935,0.75892,0.66621,-0.24558,0.74678,-0.52362,-0.84262,-0.23549,0.6643,-0.92447,-0.14815,-0.40572,0.41478,0.89348,-0.3808,0.62642,0.91824,0.29262,-0.4801,-0.060182,-0.21599,-0.45675,0.36623,-0.3089,0.98663,-0.28223,-0.067244,-0.72709,0.27217,0.032427,-0.02979,0.29184,0.41469,-0.46981,0.36945,0.79793,0.69188,0.60135,0.085944,-0.69827,0.53603,0.74344,0.51571,0.079759,0.95482,-0.39652,-0.82129,0.86238,0.76375,0.80568,-0.65275,0.8352,-0.82268,-0.46854,-0.649,0.031717,0.2527,-0.44912,-0.8931,0.01795,0.18915,-0.26378,-0.45286,-0.48759,-0.33184,0.12701,0.33262,-0.10607,-0.69223,-0.55125,0.83274,0.095373,-0.94498,-0.49011,0.9572,-0.77956,-0.93456,0.15135,0.66042,0.54009
0.38157,0.21031,0.15666,0.19415,-0.58504,-0.73269,-0.14309,-0.43854,0.41012,-0.742,-0.496,-0.077106,0.96777,0.51329,0,0.5432,0.17208,-0.47352,0.48395,-0.24286,-0.84138,0.46659,-0.78184,-0.072631,-0.48479,0.10288,0.082699,0.73723,0.98642,0.85895,-0.49387,0.10125,-0.31673,0.047027,0.96373,-0.22275,0.73541,-0.084575,-0.9972,0.60795,-0.078201,0.86269,0.75306,0.99526,-0.97938,-0.63124,0.69648,0.94759,0.52946,0.31197,-0.92451,-0.29648,-0.055403,0.076073,-0.50841,0.12852,0.27066,-0.72021,-0.1942,0.61618,-0.32027,0.24626,-0.023304,0.42324,0.27025,0.82968,0.4297,-0.39702,0.0054303,0.99094,0.02588,0.030376,0.87318,-0.61096,-0.58711,0.35601,-0.78497,0.42588,-0.43928,-0.45109,0.71744,0.5262,-0.93369,0.53879,-0.011968,0.27975,-0.18635,0.68361,0.41797,0.44103,-0.68473,-0.46477,0.47165,0.69143,-0.90767,0.96077,0.43233,0.58455,0.32394,-0.96508,0.1239,0.5549,-0.94926,0.18787,0.345
0.047995,0.87549,-0.14447,0.63937,-0.024791,0.90817,0.59067,-0.77126,0.94271,0.21163,0.68561,-0.020657,0.94064,-0.22725,0.5432,0,-0.29594,-0.41446,-0.21322,0.73643,-0.57198,0.52061,-0.59339,-0.73554,-0.067641,-0.42845,0.70913,-0.37858,-0.81625,0.12436,-0.52373,-0.63255,-0.99792,0.62593,0.87989,-0.28244,-0.37122,-0.78256,0.60507,0.26393,0.061815,-0.73758,0.10984,-0.93538,-0.68331,0.47602,-0.19269,0.17865,-0.78685,0.75979,0.60997,0.65739,-0.041843,0.26275,-0.50464,0.88022,0.99717,-0.75027,-0.86007,-0.19189,0.36035,-0.78157,-0.85622,0.010086,0.10694,-0.7238,0.16565,0.39276,0.20372,0.23192,0.81197,-0.5126,0.019414,0.64944,-0.16324,0.27338,0.10484,-0.95752,-0.050055,0.087533,-0.38476,0.64746,-0.52251,0.70085,-0.93618,0.9131,0.43717,0.2967,0.63014,-0.017099,0.56089,0.79119,-0.089415,0.9804,0.1393,-0.81942,0.45957,0.79669,-0.72521,0.40747,-0.19536,-0.15788,-0.2407,-0.41003,-0.54581
-0.33402,0.10508,0.18396,0.84755,0.58372,0.22236,-0.38776,0.75271,-0.29639,-0.59621,-0.39422,0.51078,0.36588,0.9581,0.17208,-0.29594,0,-0.72488,-0.6123,0.70033,0.15964,-0.84953,0.35609,0.24579,0.2747,-0.094144,0.82671,-0.17866,-0.69788,-0.23562,0.98792,0.87761,-0.25368,0.36312,0.21683,0.55799,0.57223,0.72095,0.33953,0.34697,0.062099,-0.37759,-0.97776,0.12852,0.068326,-0.77597,0.99101,0.91084,0.87495,0.021438,-0.33828,0.72248,-0.49538,0.60934,0.91241,-0.26057,-0.76872,-0.39196,-0.12834,0.57358,-0.3632,0.58921,0.22675,0.693,-0.188,-0.4024,-0.17834,0.2528,-0.91768,0.11524,-0.7801,0.46859,-0.2095,-0.044512,0.97052,0.92254,0.37017,0.75075,-0.93839,-0.94893,-0.60681,0.16265,-0.63956,-0.75151,-0.77693,-0.88281,-0.49887,-0.52577,0.8351,-0.20093,0.4537,0.9434,-0.55941,0.56341,0.35156,0.44372,-0.60149,0.79588,0.77067,0.49086,0.74897,0.0067355,-0.73305,0.143,0.12159
0.85109,0.5043,0.24465,0.78367,-0.72394,-0.29528,-0.82302,0.55385,-0.01887,-0.14717,0.51192,-0.11682,0.50591,0.82032,-0.47352,-0.41446,-0.72488,0,0.61186,-0.818,0.12647,0.22349,0.61547,0.32877,-0.24678,-0.03727,0.9572,-0.29002,-0.39455,0.16148,0.7128,-0.69603,0.38922,-0.82341,0.18624,0.23687,0.85714,0.055044,0.94828,0.98342,-0.60516,-0.4985,0.1572,-0.39418,-0.55615,0.6934,0.594,-0.25388,-0.66629,-0.89085,0.35589,-0.37837,0.90269,-0.62506,0.76735,-0.35761,0.17027,-0.10454,-0.29637,-0.83422,0.46671,-0.40732,0.36828,-0.85853,-0.029076,0.16386,0.92234,-0.085416,-0.84966,0.079808,-0.065943,0.74087,0.8521,0.95661,0.058516,-0.95776,-0.94714,0.48108,-0.18892,-0.80603,0.46983,0.31315,0.29671,-0.11339,0.20328,0.49106,-0.94266,-0.5153,-0.13971,0.24258,-0.48764,0.25091,0.13243,0.89774,0.42406,0.41879,0.82235,-0.79564,0.054952,-0.77649,0.30173,0.19723,-0.7274,-0.90845,0.14039
-0.66838,0.86249,0.56066,0.64339,-0.84962,-0.60205,-0.0092306,-0.45178,-0.59143,-0.083158,-0.047209,0.59418,0.44249,-0.60814,0.48395,-0.21322,-0.6123,0.61186,0,-0.49339,-0.55274,-0.11181,0.79189,-0.64982,-0.86347,0.96242,-0.56772,0.42949,0.44235,0.19584,-0.89925,0.6445,0.090288,0.83389,0.54002,-0.03583,-0.16384,0.6955,0.89179,0.65686,0.29042,0.62729,-0.63426,0.3571,0.21677,0.91609,-0.27568,-0.093688,0.13365,-0.51102,-0.6192,0.19125,0.81628,-0.69747,-0.37765,-0.67916,0.1805,-0.57261,0.44533,0.98654,-0.29439,0.48976,0.49356,0.1783,-0.38009,-0.14231,-0.99674,0.35138,-0.082636,0.56943,-0.22594,-0.42446,-0.88122,-0.27897,-0.63572,-0.26245,0.31487,0.89406,0.58017,0.17835,0.95288,-0.59808,0.094819,-0.10015,-0.27209,-0.0010643,0.67568,0.79358,0.59698,0.80507,-0.92678,-0.19229,-0.52187,0.46558,0.82697,-0.76586,0.57027,-0.59525,0.95711,0.3392,0.97003,-0.18494,-0.19124,-0.21734,0.3443
-0.40736,-0.84758,0.80901,0.77723,-0.52953,0.01712,0.87884,0.29649,-0.11049,0.33286,0.18367,-0.91709,0.2198,0.29831,-0.24286,0.73643,0.70033,-0.818,-0.49339,0,-0.8524,0.63336,-0.5491,-0.91193,-0.12248,-0.23704,0.89509,-0.30652,-0.28959,0.33638,0.4341,-0.55347,-0.029128,0.2141,-0.66032,0.22386,-0.28416,0.043405,-0.26084,-0.44525,0.39903,-0.25206,-0.67209,-0.93695,0.88484,-0.66118,0.56291,0.47046,-0.56908,0.78294,-0.59152,-0.24449,-0.35456,-0.30857,0.35793,-0.48633,-0.26335,-0.35739,0.42742,0.44085,0.25926,-0.85908,0.50071,-0.67557,-0.6303,-0.70597,0.84223,-0.64451,-0.20552,-0.71907,-0.54045,0.76569,0.78395,-0.71522,0.69009,-0.31051,0.97255,-0.45573,-0.37782,-0.5038,0.083076,0.56701,0.99604,0.67352,-0.32115,0.85691,-0.11421,0.49578,-0.81808,-0.35725,-0.21326,-0.94976,-0.037417,0.41341,0.23954,-0.8233,-0.46897,0.66614,-0.73521,-0.47481,0.63944,0.83491,-0.4186,0.34879,0.50818
0.99358,-0.50023,-0.75696,0.21971,0.39332,0.56422,0.61704,0.15747,0.16347,-0.52939,0.22258,-0.43413,0.54932,-0.4238,-0.84138,-0.57198,0.15964,0.12647,-0.55274,-0.8524,0,0.97198,-0.072315,-0.088984,-0.12431,-0.23114,-0.25155,0.50301,-0.21662,0.72076,-0.38293,0.72328,-0.62795,0.88405,-0.41352,0.48763,-0.68561,-0.85061,-0.25392,-0.45747,-0.7867,-0.5339,0.7234,0.4437,-0.76091,-0.24945,0.42371,0.90263,0.36381,0.6111,0.42412,-0.19936,-0.38497,-0.99484,0.53272,-0.32585,-0.90221,-0.93664,-0.10662,-0.99388,-0.85375,0.28618,-0.92473,0.68226,-0.39055,-0.32696,0.14866,0.48843,0.90703,-0.45173,-0.77115,-0.03151,-0.034843,0.72682,-0.0053306,0.26162,0.56309,-0.48635,0.51162,-0.77124,-0.96804,0.76096,0.81644,0.013053,0.12728,-0.10907,0.1516,0.91522,-0.96695,-0.32929,-0.32213,0.89646,0.9687,0.62841,0.040451,0.33503,-0.92908,-0.99454,0.59276,0.20072,0.56794,-0.87649,0.81452,0.72683,0.32637
-0.48165,0.8187,0.34179,0.47722,-0.74743,-0.30209,0.64634,0.12513,-0.17361,-0.88082,0.74128,0.87449,-0.23716,0.39901,0.46659,0.52061,-0.84953,0.22349,-0.11181,0.63336,0.97198,0,0.23857,0.11226,-0.0049683,-0.84914,0.86375,-0.92605,0.25703,0.98186,-0.70688,0.53814,-0.27854,0.24351,0.78084,0.088569,-0.44182,0.84447,0.25422,0.1853,0.9065,-0.25319,-0.4161,0.68577,-0.36476,0.14616,-0.43472,-0.12867,-0.94017,0.42488,0.94556,0.53845,-0.34014,0.21858,-0.68668,-0.30674,-0.51906,0.92041,-0.21861,0.26622,0.52875,0.64738,-0.14785,0.50565,0.83861,0.32211,-0.051505,-0.95838,-0.55082,0.56176,-0.055847,-0.85848,0.30849,-0.53615,-0.72822,-0.66803,-0.85789,-0.42307,-0.41061,-0.66342,0.30266,0.70937,-0.35509,0.055296,-0.90547,-0.73376,0.88577,-0.815,0.076284,-0.53126,0.55306,-0.089823,-0.084195,-0.37975,0.60524,-0.26597,-0.16319,-0.60041,0.73364,-0.90276,0.72131,-0.66923,0.23068,0.83681,0.038462
-0.75981,0.59583,0.54437,0.95786,-0.58242,-0.34844,-0.027016,0.89775,0.81702,0.91924,0.077679,0.08273,0.66035,0.41616,-0.78184,-0.59339,0.35609,0.61547,0.79189,-0.5491,-0.072315,0.23857,0,-0.18601,0.69447,-0.39495,0.64491,0.79736,-0.44093,0.70532,-0.4531,-0.71608,-0.88579,-0.84974,-0.9136,-0.87521,0.45004,-0.88446,-0.34068,-0.64344,0.71214,-0.83642,-0.33325,0.54987,-0.79648,-0.49695,0.23687,0.41422,0.73879,0.21801,0.36038,0.54461,0.65454,-0.79345,-0.19133,-0.22223,0.50026,0.52505,-0.49867,0.30091,-0.066178,-0.46906,-0.48307,-0.53642,-0.0038279,-0.76881,-0.9015,-0.37055,0.79867,-0.22313,0.20659,0.4993,0.8212,0.11553,-0.10888,0.20964,0.66734,-0.43188,0.586,0.93853,-0.44116,0.041305,0.0082228,-0.44049,0.90017,0.44602,-0.87604,0.37924,0.51897,-0.37744,-0.97762,0.44826,0.83576,-0.21252,-0.24151,-0.73947,0.77178,-0.81907,-0.097997,-0.15001,0.30704,0.71147,0.96758,0.067396,0.33462
-0.33308,-0.46147,-0.95712,-0.23131,0.94039,-0.96137,-0.19832,0.81651,0.93099,0.25855,0.035358,0.50997,-0.072156,0.49584,-0.072631,-0.73554,0.24579,0.32877,-0.64982,-0.91193,-0.088984,0.11226,-0.18601,0,-0.54556,0.79267,-0.53094,0.34408,0.7142,-0.24537,0.17088,0.74341,0.093869,0.46373,0.37312,0.64191,0.44613,-0.075916,0.1027,0.81962,-0.24681,0.5836,0.31847,-0.78093,-0.71642,0.38621,-0.070585,0.12803,-0.91457,-0.28599,0.33484,-0.91274,-0.56705,0.63945,-0.95079,0.0029315,0.10057,0.081571,-0.091673,-0.77971,0.80617,0.83865,0.37345,-0.74273,0.0067344,0.98774,0.3497,-0.83551,-0.70892,-0.47249,0.4414,0.52399,-0.17878,-0.88738,-0.39373,0.70994,-0.44795,-0.95096,-0.18688,0.18781,-0.96494,-0.59814,-0.63299,-0.0042582,0.14136,0.49518,-0.56042,0.96357,-0.72467,0.33228,0.86591,0.36747,-0.7055,-0.43151,0.41322,-0.35282,-0.52429,-0.35653,0.69234,0.364,0.052975,0.64307,-0.092998,0.78541,-0.080197
0.99163,-0.058531,-0.11171,0.38522,-0.60883,0.89754,0.030136,0.96838,-0.37289,-0.44203,-0.65001,-0.32694,0.17658,-0.67627,-0.48479,-0.067641,0.2747,-0.24678,-0.86347,-0.12248,-0.12431,-0.0049683,0.69447,-0.54556,0,0.91972,0.59115,-0.12294,-0.67694,0.24047,-0.2948,-0.98385,-0.061761,0.76511,-0.49765,-0.6378,0.34342,-0.080346,0.5649,0.70772,0.23761,-0.19764,0.49863,0.96749,-0.32763,0.081654,0.12817,-0.84919,-0.97275,0.072805,0.86246,-0.73446,-0.25001,-0.25993,-0.53127,-0.32736,-0.62656,-0.20319,-0.7532,-0.86871,-0.90366,-0.20385,-0.19853,0.43042,-0.97393,0.36062,-0.41933,-0.7768,0.7646,-0.1563,0.33345,-0.22671,-0.86222,0.083542,-0.01169,0.74445,-0.47762,0.57754,-0.32202,0.70406,0.82077,0.77015,-0.98175,-0.82224,0.87377,-0.1403,-0.1266,-0.85573,-0.48976,0.36176,-0.90644,-0.028182,-0.39899,-0.42179,0.56609,-0.45714,0.85575,-0.92121,0.53258,0.78609,-0.18151,-0.64006,-0.23595,-0.84389,-0.89323
0.74751,0.61392,-0.1752,-0.16737,0.048471,-0.12374,0.61748,0.48546,0.86687,0.67048,0.4106,0.060262,0.70849,0.5935,0.10288,-0.42845,-0.094144,-0.03727,0.96242,-0.23704,-0.23114,-0.84914,-0.39495,0.79267,0.91972,0,-0.63987,0.92697,0.19739,-0.44112,-0.91994,-0.31504,-0.47073,0.18013,0.35962,-0.25034,-0.47379,-0.063297,-0.40406,0.28524,-0.77861,-0.68822,0.60781,0.50838,-0.092873,-0.060384,-0.46635,0.41167,-0.48282,0.19565,0.57375,0.7703,-0.44967,-0.74593,0.8722,-0.14925,0.58285,-0.54655,0.48474,0.7718,-0.94736,0.26341,-0.62218,-0.57275,-0.16785,0.27982,0.48235,0.59399,0.89143,-0.54756,-0.14836,0.23032,-0.90149,0.15962,0.19516,-0.4547,-0.63919,0.66422,-0.98246,-0.66786,0.88273,0.98194,0.06923,0.86933,-0.26087,-0.93403,0.4189,-0.79434,-0.51606,0.20098,0.77918,-0.98244,-0.33782,0.086324,-0.12626,-0.013546,-0.51406,0.16667,-0.0050403,-0.6127,0.21383,-0.42321,0.60133,0.0067619,-0.15809
-0.97497,-0.4714,-0.95575,-0.050572,-0.31459,-0.95151,-0.76232,0.59408,-0.53658,-0.042284,0.36525,0.64941,-0.97726,0.75892,0.082699,0.70913,0.82671,0.9572,-0.56772,0.89509,-0.25155,0.86375,0.64491,-0.53094,0.59115,-0.63987,0,-0.96086,-0.87879,-0.39596,-0.47965,0.21264,-0.32803,-0.57995,-0.20858,-0.11177,0.70006,0.81885,0.82384,0.30088,-0.40562,-0.3703,0.88389,-0.78434,-0.48456,-0.79704,-0.57493,-0.53247,0.0233,-0.52745,-0.11663,-0.45737,0.50582,0.97878,0.17593,0.81103,0.94118,0.26147,0.28959,0.68897,-0.98577,-0.61817,0.43298,0.91868,-0.32121,-0.75953,-0.7224,0.96415,0.33969,0.12308,-0.62316,0.56421,0.68155,-0.74129,-0.18549,-0.66445,0.61482,0.87916,-0.68746,0.81748,-0.53315,-0.94663,0.46826,0.42601,-0.78291,-0.11391,0.86169,-0.047264,0.42959,-0.46757,-0.53406,0.20721,-0.92392,-0.82773,0.98852,0.85946,-0.26132,-0.39416,-0.3555,0.58896,-0.54452,0.67738,-0.94998,0.86822,-0.84533
0.035478,0.28376,0.69319,-0.98642,-0.798,0.43452,0.41678,0.28039,0.93772,0.39198,-0.57805,-0.9759,0.0052853,0.66621,0.73723,-0.37858,-0.17866,-0.29002,0.42949,-0.30652,0.50301,-0.92605,0.79736,0.34408,-0.12294,0.92697,-0.96086,0,0.7646,-0.030222,0.59076,0.44246,0.6537,0.96007,-0.25876,-0.46801,0.64454,-0.12671,-0.93525,0.83053,0.39406,0.87337,0.254,0.71114,0.96993,0.44264,0.99452,-0.25983,-0.2614,-0.20019,-0.48547,-0.55415,-0.33206,-0.029,-0.30531,0.31162,-0.31299,-0.002516,-0.80015,-0.43507,-0.59788,0.60509,-0.28937,0.26291,-0.64795,-0.31294,-0.60271,-0.27384,-0.30204,-0.49663,-0.7796,0.23046,-0.1242,0.0099373,0.80168,-0.75046,0.73319,-0.9686,0.11502,-0.36099,-0.70439,0.35476,0.7885,0.060356,-0.087088,-0.52395,0.99209,0.56518,0.97757,0.51184,-0.13951,-0.73298,-0.29262,-0.78866,0.63103,0.74643,-0.60833,-0.58697,0.22492,0.72714,-0.33017,-0.33133,0.09272,0.3803,0.050738
-0.41282,-0.39301,0.55456,0.99617,-0.38979,0.81688,0.82601,-0.42441,-0.16487,-0.10445,0.37474,0.13806,0.77709,-0.24558,0.98642,-0.81625,-0.69788,-0.39455,0.44235,-0.28959,-0.21662,0.25703,-0.44093,0.7142,-0.67694,0.19739,-0.87879,0.7646,0,-0.40712,0.78792,-0.52739,-0.29103,-0.96438,-0.031024,0.45738,-0.18126,0.80345,-0.81029,-0.93133,0.82777,0.049034,0.5734,-0.1538,-0.19748,0.4602,-0.86849,-0.64476,0.26389,-0.87578,-0.32153,0.94593,0.33793,0.90697,-0.80031,0.96311,-0.64564,0.76012,-0.062063,0.53209,0.73592,-0.36339,-0.85723,0.59554,-0.6607,-0.84403,-0.94053,-0.84995,0.59312,-0.44657,-0.71198,-0.21653,-0.97891,0.91558,-0.32073,0.38392,-0.27946,-0.11318,0.59634,-0.97088,0.39217,-0.12992,-0.47354,-0.41518,-0.25457,-0.53749,0.12026,-0.13078,0.4211,-0.55678,0.26832,-0.74647,0.73018,-0.75196,0.78104,0.37375,0.29432,-0.49837,0.6129,0.26874,-0.84457,-0.018649,-0.74056,0.52589,-0.5215
-0.50733,-0.77727,0.98904,0.73181,0.14128,-0.78851,0.78083,0.30301,-0.50526,-0.51292,-0.25899,-0.75201,0.20927,0.74678,0.85895,0.12436,-0.23562,0.16148,0.19584,0.33638,0.72076,0.98186,0.70532,-0.24537,0.24047,-0.44112,-0.39596,-0.030222,-0.40712,0,-0.63757,0.15238,0.74755,0.29537,-0.25154,0.11675,-0.67576,0.52571,-0.50792,0.4787,0.25515,-0.50822,-0.52781,-0.30024,-0.96831,0.78854,0.6461,0.22192,-0.16884,-0.91256,0.16431,0.18567,-0.58337,-0.028541,-0.04859,0.38225,0.31899,-0.9141,-0.46872,-0.50827,-0.27549,-0.0045447,0.96464,-0.56752,0.48318,0.55886,-0.52154,-0.19771,0.12482,0.34505,0.54673,0.67716,-0.74055,-0.31887,-0.65419,0.82797,-0.35014,-0.39853,0.69725,0.62012,0.96209,0.53619,0.52004,-0.40783,0.78779,0.9985,0.7537,-0.64663,-0.93433,0.78024,0.40054,-0.50376,0.32249,-0.57476,0.51551,0.82732,0.36322,-0.434,-0.86374,0.55862,-0.19761,-0.38951,-0.35776,0.61403,0.031095
0.29879,0.28738,-0.32208,0.76419,-0.96901,0.83792,-0.38363,-0.6714,-0.80606,0.7094,-0.74763,-0.34573,0.13624,-0.52362,-0.49387,-0.52373,0.98792,0.7128,-0.89925,0.4341,-0.38293,-0.70688,-0.4531,0.17088,-0.2948,-0.91994,-0.47965,0.59076,0.78792,-0.63757,0,-0.7839,-0.49648,0.70366,0.23737,0.48231,-0.3294,-0.50534,-0.29382,0.33918,-0.063636,0.17582,0.25405,-0.015414,-0.88145,-0.36208,0.316,-0.070509,0.1399,-0.12641,0.66455,-0.83098,-0.39393,-0.2722,-0.34827,-0.13527,-0.17273,0.44057,0.21435,-0.6094,-0.87369,-0.58087,-0.56846,-0.56009,0.0064725,-0.92397,-0.14164,0.78089,-0.53304,-0.24296,0.24271,-0.97957,0.92192,0.011404,0.85816,0.88816,-0.041046,-0.77542,0.82169,0.90426,-0.07603,-0.35471,0.35832,0.92288,-0.71368,-0.090162,-0.52711,0.29303,-0.64212,-0.66649,-0.92816,0.14694,-0.44501,-0.25396,0.73928,-0.88417,0.95298,0.70913,-0.20251,-0.73362,0.46645,-0.91747,0.91827,0.34808,-0.2226
-0.90169,0.87589,0.8083,0.43412,-0.14851,-0.18268,-0.80762,-0.24776,-0.85534,-0.51207,-0.29913,-0.34157,0.23983,-0.84262,0.10125,-0.63255,0.87761,-0.69603,0.6445,-0.55347,0.72328,0.53814,-0.71608,0.74341,-0.98385,-0.31504,0.21264,0.44246,-0.52739,0.15238,-0.7839,0,-0.27662,-0.38987,0.053329,0.79525,0.011991,-0.11476,0.83521,0.16322,0.94634,-0.90755,-0.74488,-0.88916,0.39795,-0.051179,0.86052,-0.6508,0.33561,-0.5827,0.6836,0.46131,-0.11665,-0.33861,0.68681,-0.7871,-0.1624,0.90444,0.27187,-0.10431,-0.26665,-0.17033,0.54673,0.75142,0.35392,0.040373,0.51885,-0.056427,0.1631,0.97668,-0.141,-0.51654,-0.31287,0.90237,-0.66451,-0.98987,-0.88892,-0.2878,0.42516,0.62639,0.018496,0.30532,0.64126,0.41296,0.13344,-0.68554,0.25884,-0.030595,-0.085265,0.011008,0.082886,0.87101,-0.9628,-0.28516,0.76649,0.33456,0.22746,-0.28441,-0.71584,-0.94027,-0.38976,-0.81554,0.8659,-0.28152,0.85456
0.97434,-0.82921,-0.094575,0.40095,0.65047,0.96944,0.97333,0.90062,0.093293,-0.011913,0.23651,0.85075,0.11079,-0.23549,-0.31673,-0.99792,-0.25368,0.38922,0.090288,-0.029128,-0.62795,-0.27854,-0.88579,0.093869,-0.061761,-0.47073,-0.32803,0.6537,-0.29103,0.74755,-0.49648,-0.27662,0,0.47927,-0.98588,0.7454,0.20058,-0.1201,0.57867,-0.60847,0.11791,0.49251,0.99011,-0.50972,-0.0022711,0.98842,-0.91201,-0.92769,-0.44022,-0.97104,0.15225,-0.34531,-0.31549,-0.45868,0.40419,0.11276,-0.99594,0.83964,-0.80158,0.12567,0.05984,-0.25623,0.7962,-0.61482,0.57815,-0.18008,-0.52772,0.60982,0.6899,-0.59347,0.24192,-0.62481,0.72256,0.81693,0.39675,-0.87588,0.21945,0.5764,-0.18803,-0.98707,0.15778,0.80243,-0.74468,-0.51843,0.94565,0.88907,0.79866,-0.39023,-0.71219,-0.054553,-0.30599,-0.35561,-0.31024,-0.14831,-0.54158,0.019809,0.8721,-0.59939,0.40375,-0.01813,-0.60112,0.80096,-0.68235,0.52823,-0.76411
0.79632,0.0035578,-0.65312,0.2382,0.81154,-0.59413,0.89359,0.31966,-0.30467,-0.61594,-0.85578,0.30028,0.31552,0.6643,0.047027,0.62593,0.36312,-0.82341,0.83389,0.2141,0.88405,0.24351,-0.84974,0.46373,0.76511,0.18013,-0.57995,0.96007,-0.96438,0.29537,0.70366,-0.38987,0.47927,0,0.40842,0.77976,0.84343,-0.15233,0.56097,-0.81343,0.090729,-0.74729,0.56074,0.49084,-0.31495,-0.93452,-0.066132,-0.96287,-0.23929,0.72258,0.3957,-0.56688,-0.48088,0.27092,-0.91897,0.80459,-0.2956,0.74311,-0.9376,0.9055,-0.60458,0.063356,0.089155,-0.86984,-0.41346,0.2122,-0.067153,-0.8878,0.07747,0.64354,0.71703,-0.74346,-0.7723,-0.91865,-0.002571,-0.24553,0.60711,0.3311,-0.026482,0.018514,-0.073312,0.39951,-0.26793,0.0012078,-0.71798,0.9388,0.21991,-0.96302,0.23572,0.31544,0.35261,0.71901,0.68748,0.60487,-0.66615,0.58124,0.14211,-0.53423,-0.48211,-0.57755,0.63938,-0.48241,-0.63415,0.87361,-0.21712
0.43653,0.8787,0.39518,-0.015965,0.608,-0.92268,0.18268,0.68056,-0.62632,-0.49742,-0.72427,-0.76276,0.0016786,-0.92447,0.96373,0.87989,0.21683,0.18624,0.54002,-0.66032,-0.41352,0.78084,-0.9136,0.37312,-0.49765,0.35962,-0.20858,-0.25876,-0.031024,-0.25154,0.23737,0.053329,-0.98588,0.40842,0,0.65485,0.45445,0.45002,0.86554,0.2806,-0.20992,0.26664,0.85068,0.66249,0.68916,-0.094651,0.40002,0.26771,0.39692,-0.59415,-0.78985,-0.065414,-0.25452,-0.93567,0.68973,0.87099,0.46982,-0.53192,0.037575,0.58906,-0.33344,-0.096014,0.053317,-0.46266,-0.053657,0.12715,-0.39767,0.72268,-0.53727,-0.51687,-0.92162,-0.52264,0.9944,-0.38492,0.94145,-0.34261,0.024622,0.3125,-0.82009,0.99768,0.17594,-0.70954,0.74288,0.96644,0.89769,0.2924,0.22944,-0.051496,0.35656,-0.8201,-0.95797,-0.65747,0.259,-0.23181,0.070431,0.63126,0.99737,-0.68279,0.29951,-0.37664,-0.86188,0.59053,-0.93466,0.39586,0.21771
-0.45385,0.13243,-0.89365,0.45199,0.46232,0.78705,0.37276,-0.42813,0.87369,0.70768,-0.23755,0.59321,0.23444,-0.14815,-0.22275,-0.28244,0.55799,0.23687,-0.03583,0.22386,0.48763,0.088569,-0.87521,0.64191,-0.6378,-0.25034,-0.11177,-0.46801,0.45738,0.11675,0.48231,0.79525,0.7454,0.77976,0.65485,0,0.60997,-0.32932,0.63515,-0.52156,0.49804,-0.80214,-0.0057164,-0.89332,0.12664,-0.23401,-0.76206,0.45805,0.89981,-0.089116,-0.21709,0.31214,-0.71824,0.81054,-0.087608,0.046636,-0.82347,-0.99609,0.53435,-0.10138,-0.84369,0.67314,0.82825,-0.74169,0.06978,0.5728,0.20985,0.18147,-0.010694,0.82451,-0.84271,-0.34605,-0.51844,0.10256,0.37653,-0.027458,0.013498,-0.61882,0.39808,-0.44134,-0.83216,0.6897,-0.28773,0.95559,0.82737,-0.88599,-0.23764,-0.7648,0.79439,-0.37044,0.049784,-0.83286,-0.33469,0.99191,-0.058978,0.8011,-0.94271,0.56912,-0.040916,0.44136,0.13696,0.5644,-0.57216,0.2919,-0.91003
-0.085571,0.59329,0.3426,-0.21053,0.65165,0.36108,0.094777,-0.6115,-0.84447,-0.81256,-0.28661,0.16137,-0.67101,-0.40572,0.73541,-0.37122,0.57223,0.85714,-0.16384,-0.28416,-0.68561,-0.44182,0.45004,0.44613,0.34342,-0.47379,0.70006,0.64454,-0.18126,-0.67576,-0.3294,0.011991,0.20058,0.84343,0.45445,0.60997,0,0.99539,0.14962,0.93878,-0.38515,0.8782,-0.9028,0.71288,0.8849,-0.43553,-0.21559,0.50656,0.8205,0.18389,0.11754,0.037072,-0.69715,0.95958,-0.52987,0.23083,-0.13872,-0.86279,0.59626,0.65187,-0.46193,-0.79203,-0.44526,0.78394,0.025785,-0.062052,-0.18586,0.29685,0.99002,-0.24844,-0.79401,0.12333,0.38692,-0.327,-0.68608,0.072799,0.29809,-0.5077,-0.71904,0.21737,-0.85217,0.86894,-0.55664,-0.45413,0.88607,0.82325,0.10393,-0.9902,0.74516,-0.9013,0.63877,0.11173,0.96471,-0.80186,-0.10794,0.59878,-0.86168,-0.28612,-0.68133,0.321,0.37324,-0.33219,0.48471,-0.026829,0.54693
-0.44118,-0.19555,0.10676,-0.75513,0.71621,-0.17091,0.60387,0.5569,-0.86456,0.065868,-0.079374,-0.67421,-0.23592,0.41478,-0.084575,-0.78256,0.72095,0.055044,0.6955,0.043405,-0.85061,0.84447,-0.88446,-0.075916,-0.080346,-0.063297,0.81885,-0.12671,0.80345,0.52571,-0.50534,-0.11476,-0.1201,-0.15233,0.45002,-0.32932,0.99539,0,0.69484,0.10088,-0.6495,-0.45741,-0.35053,-0.23855,-0.26564,0.44705,0.86652,-0.022426,0.71065,0.054747,-0.69471,-0.4131,0.72292,-0.38614,-0.22505,-0.22443,-0.010358,0.60039,0.98067,0.34881,-0.56098,0.068809,0.20732,-0.28672,-0.40868,-0.076238,0.1709,-0.096117,-0.098441,0.0041519,-0.78843,-0.78274,0.13481,0.58994,0.090169,0.099964,-0.89586,-0.69692,0.70434,0.68565,0.47087,-0.44204,0.80642,0.7125,-0.16602,0.10319,-0.76918,-0.88455,0.97892,0.021572,0.6925,0.83712,-0.56325,-0.72678,0.032072,0.82101,0.73761,-0.36255,0.31411,-0.48685,-0.56243,0.5176,0.43808,0.23987,-0.95232
0.6348,-0.80622,-0.33846,-0.4167,0.33204,0.61722,0.29102,0.34995,0.63813,-0.57141,-0.21366,-0.86752,-0.37412,0.89348,-0.9972,0.60507,0.33953,0.94828,0.89179,-0.26084,-0.25392,0.25422,-0.34068,0.1027,0.5649,-0.40406,0.82384,-0.93525,-0.81029,-0.50792,-0.29382,0.83521,0.57867,0.56097,0.86554,0.63515,0.14962,0.69484,0,-0.16579,0.38635,-0.47656,-0.74872,-0.66134,0.10465,-0.19592,0.14655,0.31098,-0.69815,-0.54082,0.31643,0.44089,-0.42922,0.27797,-0.33554,-0.40571,0.49903,-0.57819,0.71885,-0.77899,-0.20346,0.80729,-0.80278,-0.79512,-0.043477,-0.16203,0.50995,-0.99141,-0.7429,-0.461,0.35673,0.29786,0.34005,0.5152,0.38273,0.75182,-0.59808,0.045443,-0.227,0.091019,0.053917,-0.93259,-0.84841,0.63958,-0.41221,0.18911,0.72916,0.66643,0.77266,-0.24501,-0.99863,-0.4485,0.0083939,-0.78305,0.72579,-0.42354,-0.45808,-0.47617,-0.25441,-0.052916,-0.76805,-0.3543,0.063734,-0.61645,-0.062372
0.12104,-0.5828,-0.38178,0.46202,-0.13929,0.39721,-0.33026,-0.19227,0.23416,0.85531,-0.12406,0.22047,0.25309,-0.3808,0.60795,0.26393,0.34697,0.98342,0.65686,-0.44525,-0.45747,0.1853,-0.64344,0.81962,0.70772,0.28524,0.30088,0.83053,-0.93133,0.4787,0.33918,0.16322,-0.60847,-0.81343,0.2806,-0.52156,0.93878,0.10088,-0.16579,0,-0.96888,0.18967,0.90054,-0.32634,-0.44715,0.01255,0.35881,0.55549,0.53703,-0.080413,0.78996,0.21259,-0.28811,0.93831,0.23952,0.47452,0.5872,0.73738,0.9262,-0.78959,-0.88871,-0.91509,0.74504,0.10263,0.59798,0.34771,-0.94094,-0.54742,-0.59466,-0.63045,0.078297,0.11321,0.35183,0.15976,0.30175,-0.15072,-0.71988,0.15863,-0.035909,-0.84815,0.69552,-0.13302,-0.43016,-0.48612,-0.32434,-0.89846,-0.056432,-0.24858,0.36942,0.12363,0.67904,-0.50841,-0.32381,0.00083428,0.18273,-0.8577,-0.37572,0.042966,0.98758,-0.1382,0.034937,-0.22119,-0.75353,-0.49847,0.72733
-0.32224,0.97914,0.31192,-0.33074,0.48876,0.11407,0.75547,0.88784,0.0085206,-0.37767,0.18615,0.81249,-0.74131,0.62642,-0.078201,0.061815,0.062099,-0.60516,0.29042,0.39903,-0.7867,0.9065,0.71214,-0.24681,0.23761,-0.77861,-0.40562,0.39406,0.82777,0.25515,-0.063636,0.94634,0.11791,0.090729,-0.20992,0.49804,-0.38515,-0.6495,0.38635,-0.96888,0,0.4173,0.32719,-0.13087,-0.87252,0.52,0.63052,-0.85247,-0.7103,-0.66353,-0.038696,0.41297,0.46714,-0.78845,-0.18616,-0.59205,-0.20166,-0.65028,-0.70436,0.29779,0.24531,0.080971,-0.86643,0.17221,0.012134,0.13296,-0.94923,-0.70632,-0.013615,0.24945,0.72222,-0.33325,0.26495,0.077295,-0.71417,0.50321,0.33696,0.92634,-0.80421,-0.36788,-0.97446,0.45367,0.77082,0.35869,0.078158,0.42686,0.33201,0.67298,-0.077482,-0.015606,-0.58422,0.94701,0.69361,0.058055,0.46108,-0.87598,0.61215,0.89388,-0.74718,-0.57094,0.83052,-0.4187,0.98156,-0.66204,0.89903
0.095492,0.49516,0.56548,0.76096,-0.83533,0.098284,-0.2641,-0.6611,-0.66327,0.85092,-0.74576,0.17776,0.59965,0.91824,0.86269,-0.73758,-0.37759,-0.4985,0.62729,-0.25206,-0.5339,-0.25319,-0.83642,0.5836,-0.19764,-0.68822,-0.3703,0.87337,0.049034,-0.50822,0.17582,-0.90755,0.49251,-0.74729,0.26664,-0.80214,0.8782,-0.45741,-0.47656,0.18967,0.4173,0,-0.14711,0.11254,-0.16308,0.50858,0.20256,-0.43915,-0.21288,-0.43009,-0.87566,0.51253,0.64233,-0.83282,-0.6354,-0.99057,-0.033323,-0.82224,0.15172,-0.20735,-0.65661,0.50712,0.12984,-0.012659,0.19944,0.55099,0.90403,-0.9124,-0.021915,-0.35712,0.90503,0.40946,-0.93552,0.54608,0.43105,-0.36575,-0.58498,0.60536,0.41765,0.42454,-0.11152,-0.57807,0.23884,0.96626,-0.81696,0.26122,-0.11973,-0.92104,0.24732,0.52937,-0.73618,-0.11196,0.19774,0.7062,0.55815,-0.495,0.81556,-0.49859,0.13211,0.51691,-0.85181,0.83225,-0.55516,0.9301,-0.22028
0.2362,0.3366,-0.35378,0.50796,0.051158,-0.76015,0.24703,-0.037509,-0.95327,0.30345,0.49481,-0.5941,-0.49494,0.29262,0.75306,0.10984,-0.97776,0.1572,-0.63426,-0.67209,0.7234,-0.4161,-0.33325,0.31847,0.49863,0.60781,0.88389,0.254,0.5734,-0.52781,0.25405,-0.74488,0.99011,0.56074,0.85068,-0.0057164,-0.9028,-0.35053,-0.74872,0.90054,0.32719,-0.14711,0,0.36899,-0.39965,0.44497,-0.91786,-0.74201,-0.90544,-0.95284,0.7094,-0.94062,0.36473,-0.083792,0.35507,-0.57952,0.27745,0.76869,-0.9049,0.26495,-0.26404,-0.97249,-0.73431,0.82624,0.23856,-0.97327,-0.88811,-0.47877,0.28783,-0.086327,0.029829,0.37981,-0.42562,0.78084,-0.42668,-0.40391,0.91759,-0.22647,0.57593,0.54867,-0.45553,0.56774,0.89923,0.63812,-0.34176,0.73282,0.20557,0.53172,0.71859,-0.43811,0.30687,0.0026391,-0.72537,0.64889,-0.63378,-0.01363,-0.10202,-0.72592,0.35271,0.83432,0.32032,0.63775,-0.91183,-0.45596,-0.2104
0.6571,-0.13038,-0.76915,0.52836,-0.40776,0.52894,0.97209,0.34356,-0.74957,-0.35311,0.34141,0.79914,-0.16501,-0.4801,0.99526,-0.93538,0.12852,-0.39418,0.3571,-0.93695,0.4437,0.68577,0.54987,-0.78093,0.96749,0.50838,-0.78434,0.71114,-0.1538,-0.30024,-0.015414,-0.88916,-0.50972,0.49084,0.66249,-0.89332,0.71288,-0.23855,-0.66134,-0.32634,-0.13087,0.11254,0.36899,0,-0.5934,0.12871,-0.46439,-0.16914,-0.97385,0.19762,0.1493,-0.98267,0.95615,0.8227,-0.39911,-0.074086,-0.45467,0.90451,0.26941,-0.48222,0.74661,-0.68098,0.87827,-0.76133,-0.10997,-0.33848,-0.83745,-0.93434,0.64295,-0.67073,-0.98644,0.50666,-0.74064,0.58985,0.26334,0.43291,-0.68887,0.79621,0.53269,-0.40823,0.927,-0.10835,-0.71746,0.48015,0.74894,-0.59853,0.81237,-0.3656,-0.93127,-0.74553,-0.33455,-0.49724,-0.4939,0.55737,0.86312,0.037215,0.06792,-0.84542,0.29583,0.79201,0.34514,-0.46919,-0.33856,-0.18843,-0.97778
-0.91653,-0.69994,-0.60474,-0.24862,0.17853,-0.16284,-0.058068,0.85457,-0.014983,0.92007,0.621,-0.9531,0.46204,-0.060182,-0.97938,-0.68331,0.068326,-0.55615,0.21677,0.88484,-0.76091,-0.36476,-0.79648,-0.71642,-0.32763,-0.092873,-0.48456,0.96993,-0.19748,-0.96831,-0.88145,0.39795,-0.0022711,-0.31495,0.68916,0.12664,0.8849,-0.26564,0.10465,-0.44715,-0.87252,-0.16308,-0.39965,-0.5934,0,-0.8991,0.84742,0.31349,-0.058769,0.68264,0.098309,0.088509,0.090367,0.9089,-0.049216,0.33603,0.55538,-0.56305,-0.23897,-0.89435,-0.18953,0.35175,0.60936,0.75235,0.44625,-0.51514,0.75483,0.86341,-0.92873,-0.79571,-0.25347,0.29641,0.78118,0.75329,-0.45278,-0.63956,-0.27753,0.18453,-0.21013,0.67432,-0.7315,-0.015476,-0.13283,0.53229,0.57907,-0.27228,-0.8701,-0.98763,-0.24754,0.72586,-0.67163,0.080299,-0.80053,0.29629,0.47865,0.013843,-0.91779,0.41522,-0.93304,0.096041,0.56003,0.66511,0.69295,0.71721,0.70944
