,,,,,,,,,,,,,,,,,,,,,,,,,,,,,,,,,,,,,,,,,,,,,,,,,,,,,,,,,,,,,,,,,,,,,,,,,,,,,,,,,,,,,,,,,,,,,,,,,,,,,,,,
0,0.36665,-0.58571,-0.56443,-0.65113,0.55592,0.27566,-0.60096,-0.8587,-0.074046,-0.73835,-0.89802,-0.60323,0.92723,-0.037179,-0.048282,-0.091731,0.022404,0.073461,0.072082,0.30153,0.060154,-0.80273,0.45582,0.17455,0.058868,-0.54622,-0.63869,0.38938,-0.38668,0.21139,-0.077244,-0.31085,0.36006,-0.24764,-0.27662,0.038054,0.41403,-0.50364,0.61605,0.45166,-0.22055,0.71407,-0.7483,0.49794,-0.34058,-0.80497,0.18602,-0.67464,-0.41393,0.66137,-0.17164,0.22936,-0.74121,0.6615,-0.82389,0.91107,-0.7826,0.85588,-0.94898,0.88535,-0.3622,-0.6191,0.04485,-0.84229,-0.79274,-0.90421,-0.64763,-0.61871,-0.24406,-0.39226,-0.91543,0.099802,-0.55185,-0.06142,-0.068315,-0.11033,-0.54404,-0.51313,0.14284,-0.14513,-0.93318,-0.54193,0.92165,-0.28828,0.87991,0.82567,0.31081,0.63434,0.94979,-0.63661,-0.11384,0.17201,0.483,0.49482,0.3351,0.6589,-0.056928,0.2965,0.8899,-0.79653,0.53094,-0.02094,0.18429,0.46949
0.36665,0,0.03191,-0.80777,-0.82431,-0.6022,0.72922,0.11023,-0.27636,-0.1777,0.78082,0.32381,-0.86571,0.24257,-0.71849,0.79601,-0.4025,0.56373,-0.92755,0.6149,0.89794,0.64706,0.62899,0.43479,0.16803,0.33462,-0.48533,0.98758,0.048378,-0.19678,0.018357,-0.9264,0.028228,0.58748,0.34953,-0.31898,0.35474,0.73581,-0.20599,-0.29999,0.070815,-0.44591,0.043388,-0.71557,-0.34922,-0.080572,0.79572,-0.24413,-0.51629,0.20713,0.99122,-0.7546,-0.14917,-0.35418,-0.0095441,0.31915,-0.65933,0.13456,0.049618,0.8608,-0.80874,-0.57984,0.078608,0.69058,-0.92465,0.91378,0.14611,-0.38471,0.86085,-0.25633,-0.57576,-0.62911,0.21219,0.96762,-0.13057,0.0051379,-0.10545,0.33031,0.37399,0.26849,-0.72974,0.64019,0.03143,0.72439,0.10836,-0.52517,-0.25074,0.36358,-0.34348,0.50587,0.90227,-0.52574,-0.88506,0.64589,0.23029,-0.93155,0.4779,0.54606,-0.81306,-0.45494,0.47924,0.080305,-0.94301,-0.15329,0.44241
-0.58571,0.03191,0,0.73724,0.15744,0.057257,0.6211,-0.62194,0.64401,0.15035,0.67775,0.39819,0.15293,-0.15375,-0.2382,-0.11029,-0.81182,-0.056769,0.12921,0.26462,-0.32178,0.96259,-0.2916,0.077272,0.37782,-0.42684,-0.39668,-0.88334,-0.37124,-0.83038,0.53888,0.7312,-0.36116,0.42789,0.46833,-0.44677,-0.80497,0.97012,-0.48028,0.63465,-0.42588,-0.21162,-0.9939,0.63798,-0.56484,-0.58137,0.70476,-0.76212,-0.71313,-0.38732,-0.75525,-0.089908,-0.3531,-0.26443,0.06497,0.12358,0.002391,-0.69259,0.7675,-0.9732,-0.97426,-0.55401,-0.66067,0.71157,-0.68379,0.50519,-0.39305,0.41737,-0.9997,0.49653,0.3981,-0.31224,-0.56697,-0.011519,0.67899,0.34585,0.93589,-0.3549,-0.38673,0.93858,-0.21698,-0.90831,0.83476,-0.27877,0.1547,-0.32964,0.63237,-0.79756,0.5933,0.57541,-0.77121,-0.36396,0.041856,0.84134,0.64352,0.22753,-0.93786,0.7453,0.15895,-0.15147,0.34149,0.51856,-0.038167,-0.3346,-0.37065
-0.56443,-0.80777,0.73724,0,0.58311,-0.33334,-0.66033,-0.039957,-0.39065,-0.79822,0.76587,0.20221,-0.32659,-0.33309,0.41746,-0.57513,-0.73055,0.4801,-0.27195,0.33018,0.66154,0.78133,0.8302,0.33027,-0.17664,-0.46672,-0.13994,-0.69526,0.75349,0.44239,-0.27128,-0.24834,-0.7734,-0.66393,0.98672,0.27006,-0.61148,-0.093358,0.2468,-0.39472,0.45794,-0.30536,0.027091,-0.75149,-0.049604,-0.31422,-0.97851,-0.84453,-0.89282,-0.75811,-0.75835,0.69143,0.90589,0.63867,0.33799,0.072468,0.863,0.24553,-0.080541,-0.011397,-0.89405,0.32598,-0.56641,0.22063,-0.91371,0.18211,0.98051,0.24218,0.64782,-0.97967,0.37762,-0.47071,0.81712,-0.20989,-0.17158,0.97061,-0.90449,-0.99286,-0.16262,0.90801,-0.44459,0.31301,-0.29755,-0.39459,-0.5667,0.91188,-0.336,0.41282,0.50783,-0.51455,-0.77442,-0.019803,-0.29236,0.54558,0.11841,-0.58424,-0.87161,0.85512,-0.17467,-0.097194,0.23483,0.70532,0.55313,-0.5332,0.27685
-0.65113,-0.82431,0.15744,0.58311,0,-0.78074,0.87185,-0.99961,0.17665,0.9627,0.04596,-0.088935,0.49528,-0.3648,0.58973,-0.14463,0.68021,-0.30961,-0.83212,-0.66868,0.92265,-0.59821,-0.3559,0.24002,0.73183,-0.33921,0.68357,-0.30753,-0.032386,0.071387,0.19146,0.10108,-0.96529,-0.95975,0.76627,0.97419,0.64751,-0.74697,-0.36904,0.95166,0.17305,0.50804,0.38346,0.73205,-0.62147,-0.55153,-0.81991,-0.61227,-0.9699,-0.12182,-0.29257,-0.59077,0.99246,-0.96006,0.67944,0.80123,0.26726,-0.62164,-0.060602,-0.15107,0.7196,-0.65892,0.32934,-0.40724,0.13241,-0.31545,-0.86879,-0.054405,-0.48552,0.38392,0.66867,-0.80854,0.45066,0.48272,0.53419,0.55388,0.29108,-0.25726,-0.82265,-0.060536,0.19734,-0.27932,0.65981,0.35569,-0.28376,-0.57248,0.75615,0.38283,0.52388,-0.86684,-0.32468,-0.48442,-0.98091,0.7103,-0.28801,0.41276,0.53222,0.31464,-0.14333,0.84806,-0.46388,0.91339,-0.71431,-0.33619,-0.30972
0.55592,-0.6022,0.057257,-0.33334,-0.78074,0,0.24076,-0.97564,-0.67822,-0.52921,0.49002,-0.77102,0.24668,0.3072,-0.87881,0.87908,-0.59282,-0.84186,-0.39198,-0.58809,0.55119,-0.032889,-0.22012,0.7332,0.93491,-0.69272,0.49272,0.75572,-0.96405,-0.21956,-0.23058,0.036592,0.89803,-0.026917,-0.10844,-0.62928,0.12275,-0.56583,0.13695,0.026572,-0.53022,-0.96289,0.66764,-0.01464,0.69135,0.88753,0.85556,0.75505,0.2944,0.85777,0.23016,-0.29837,0.88834,-0.78223,-0.7695,-0.40293,-0.2879,0.59698,0.99905,-0.3309,-0.61289,0.55157,0.13941,0.90592,-0.96593,-0.34904,-0.66371,-0.50429,-0.42942,0.91798,-0.73006,-0.21525,-0.010496,0.6217,0.44936,0.35004,0.21392,0.60456,-0.72757,0.68936,0.63683,0.47505,-0.14269,0.36136,0.37272,-0.52713,0.89098,0.45009,0.1061,0.93734,0.57619,0.88226,-0.31128,-0.72162,0.12874,0.88963,-0.072404,0.89975,0.052535,0.69961,0.98378,0.57586,0.86709,-0.045692,0.36948
0.27566,0.72922,0.6211,-0.66033,0.87185,0.24076,0,0.3837,-0.43105,-0.083242,-0.72416,-0.82988,-0.087447,0.78929,-0.27004,0.06616,0.31828,0.34922,-0.21709,0.030052,0.26688,-0.9773,0.43722,-0.9787,-0.84862,-0.1047,-0.13422,-0.29892,-0.28672,-0.15278,-0.16955,-0.42661,-0.9754,-0.50205,0.35946,0.68206,0.95316,-0.31525,-0.51184,0.44315,-0.21665,-0.54071,0.49744,-0.1005,-0.08491,-0.42987,0.033872,0.0022548,0.58192,-0.93211,0.60533,-0.26098,0.87981,0.88218,-0.48259,-0.44255,0.31379,0.055572,0.29924,0.46813,-0.091214,-0.44961,0.55077,0.29924,0.74975,-0.68985,0.521,-0.21684,-0.19052,-0.7128,-0.2835,0.91374,-0.72012,-0.89886,-0.60988,-0.86225,-0.51137,0.42743,0.17672,-0.29602,-0.7278,0.80557,-0.78961,-0.30684,0.48702,-0.92716,0.81037,-0.15949,-0.32269,0.20902,0.98699,-0.93403,-0.031465,-0.0015532,-0.057696,-0.5954,0.088263,0.58611,0.44626,0.32125,0.3647,-0.72306,0.74963,0.69726,-0.97132
-0.60096,0.11023,-0.62194,-0.039957,-0.99961,-0.97564,0.3837,0,0.024878,-0.10647,0.35445,0.10933,-0.57106,0.99445,0.091707,0.38789,-0.6608,-0.029462,-0.16376,0.81207,-0.30472,0.79849,0.59633,0.79202,0.0021837,0.60207,-0.7186,0.68388,0.11401,0.8636,-0.5042,-0.6947,-0.80034,0.6539,-0.23195,-0.059636,-0.31626,-0.32575,-0.32196,0.91587,0.80941,-0.5337,-0.57323,0.38745,0.98253,-0.61845,-0.58287,-0.63573,0.48032,0.13046,-0.35004,0.35767,-0.77879,0.81415,0.26492,-0.38705,0.10944,-0.475,-0.68848,0.27588,0.73282,0.52842,0.18184,0.17057,-0.026087,-0.47229,0.26474,-0.043368,0.15369,0.88046,-0.1303,-0.84924,0.94201,0.38262,0.017249,-0.86136,-0.74592,-0.45668,0.54765,0.88824,-0.46042,0.59843,-0.22991,0.80083,0.76841,0.67658,0.44771,-0.56087,0.89916,-0.88225,-0.53874,0.35057,0.86723,0.8164,0.5421,0.3047,-0.94111,0.36952,-0.0082649,-0.44313,-0.63051,-0.90414,0.26074,-0.78502,-0.68789
-0.8587,-0.27636,0.64401,-0.39065,0.17665,-0.67822,-0.43105,0.024878,0,0.8928,-0.23378,0.81663,0.062597,0.49548,0.15702,0.29306,0.90569,-0.6798,-0.8837,0.30464,0.18159,-0.59639,0.5979,-0.47919,0.73812,-0.28242,-0.13956,0.090251,-0.43181,0.26182,0.63326,0.27913,0.30413,-0.829,-0.80054,-0.5953,-0.31419,-0.30628,-0.27301,0.70668,0.41416,0.84058,-0.18821,0.73476,0.83354,0.81817,-0.55166,0.57265,-0.38585,-0.035947,0.70994,0.049382,-0.30958,-0.77469,-0.93085,0.28484,0.8762,0.49858,0.70106,-0.74542,-0.64567,0.50487,-0.75151,0.72692,0.42155,0.8282,0.92584,-0.094338,0.18291,-0.034013,0.44005,-0.976,-0.71286,0.87408,0.32422,-0.36431,0.66221,-0.82799,0.88105,-0.78614,0.63155,-0.77055,-0.21921,0.1927,-0.92717,0.58785,-0.35901,-0.84123,0.15406,0.61311,0.84729,-0.63178,0.20841,0.76343,-0.88643,0.32856,0.70112,-0.66111,-0.8241,-0.35564,-0.8217,0.090042,-0.22986,0.047344,0.16388
-0.074046,-0.1777,0.15035,-0.79822,0.9627,-0.52921,-0.083242,-0.10647,0.8928,0,-0.27706,0.0065503,0.87379,0.65267,0.63787,0.47233,-0.14945,0.73344,0.18351,-0.32256,-0.68529,0.82106,-0.46887,-0.073252,0.05657,0.6518,-0.77672,0.45063,-0.81579,-0.97543,-0.52896,0.81596,0.69984,0.13298,0.51358,-0.29644,-0.21972,0.89461,-0.47308,0.15078,-0.83368,0.64191,-0.50727,0.24637,0.56903,-0.7901,-0.61664,0.28894,0.90517,0.55134,-0.099854,0.90829,0.27492,-0.42481,0.13468,-0.88012,0.92176,-0.60889,-0.39039,0.33212,0.7869,-0.063157,-0.56945,-0.85995,-0.57397,-0.04325,0.23932,0.13048,0.080801,0.85321,0.88027,0.27659,0.78992,-0.96127,0.070746,-0.62387,-0.2643,0.9624,-0.78114,-0.88619,0.78606,-0.61788,0.41968,0.26527,0.13575,-0.001836,0.17361,0.25151,-0.093481,0.079854,0.42377,-0.18721,-0.41109,-0.14664,0.31491,-0.98812,-0.4934,0.61895,-0.92886,-0.44156,0.37517,-0.15918,0.79819,0.3638,0.34205
-0.73835,0.78082,0.67775,0.76587,0.04596,0.49002,-0.72416,0.35445,-0.23378,-0.27706,0,-0.81497,0.70989,0.59726,0.62095,-0.79294,-0.21426,-0.63706,-0.19344,0.075061,0.061358,-0.60282,-0.24746,-0.60489,-0.32233,0.12468,0.33073,0.027224,0.34903,0.8213,-0.83425,0.95066,0.77202,0.0044361,0.75206,0.61655,0.28985,-0.47373,0.77073,-0.29436,-0.60989,-0.023859,0.55908,-0.41635,0.29753,-0.88898,-0.2137,-0.90252,-0.18754,-0.30253,-0.84181,0.91325,0.59428,0.46203,0.54909,-0.32884,-0.99999,-0.79675,0.83577,-0.17472,0.78215,0.9785,-0.40314,-0.79734,-0.049552,0.91127,0.42706,-0.90276,-0.24252,0.45271,0.65653,0.56015,-0.030048,0.23931,-0.52383,-0.73228,-0.35587,0.49503,0.96717,0.68969,0.74768,-0.84986,0.69178,-0.6943,-0.60269,-0.68942,0.33885,-0.20071,0.45654,0.61488,-0.39114,0.055623,0.64134,0.32209,-0.50371,0.45626,0.16273,0.88965,0.7013,0.0034568,-0.54548,0.83683,-0.45553,-0.77445,0.4518
-0.89802,0.32381,0.39819,0.20221,-0.088935,-0.77102,-0.82988,0.10933,0.81663,0.0065503,-0.81497,0,0.050346,0.98812,-0.50918,0.83218,-0.88912,0.036223,-0.44917,0.0086248,0.40278,0.97544,0.52491,-0.59985,-0.99068,0.99224,0.95143,0.1093,0.51448,-0.86569,-0.98664,-0.36599,0.042052,0.85836,0.013451,0.99396,-0.32269,-0.4942,-0.054383,0.35801,-0.86141,-0.43697,-0.86961,-0.61021,-0.17587,0.17316,-0.52138,0.63168,-0.9631,0.97268,-0.57417,-0.82027,0.49708,-0.3951,0.16532,-0.64667,-0.97788,0.51464,-0.3627,-0.27007,0.42272,0.28451,0.26076,-0.092328,0.38335,0.32694,-0.87719,0.0050769,0.0052663,0.59373,0.94192,0.93872,0.46,-0.92016,0.46591,0.13174,0.92544,-0.38326,0.41823,0.45685,0.49699,0.55112,-0.65054,-0.78456,0.55365,0.42009,-0.81409,0.76477,0.80294,0.41628,-0.29137,-0.99268,-0.73022,0.43052,-0.45717,0.17841,-0.79535,-0.23661,0.60285,0.79682,0.61823,-0.35149,0.86176,0.80837,-0.94438
-0.60323,-0.86571,0.15293,-0.32659,0.49528,0.24668,-0.087447,-0.57106,0.062597,0.87379,0.70989,0.050346,0,0.070864,-0.42856,0.50621,-0.3306,0.53486,-0.52362,0.14016,-0.16365,-0.29877,-0.092861,0.75852,0.67411,-0.68415,-0.2374,0.44055,-0.29937,0.023455,0.74598,0.077533,0.36764,0.41593,-0.56204,-0.45748,0.51951,-0.45629,-0.15546,-0.8329,0.38011,-0.46823,0.0037286,0.14113,0.41304,-0.22931,0.10024,-0.63772,0.50167,0.31778,0.55263,0.098025,0.89365,-0.53523,0.91771,-0.2025,-0.13579,-0.90574,-0.33424,-0.4841,-0.97419,0.64798,0.99383,-0.399,-0.18187,0.37224,-0.48889,-0.1179,0.4492,-0.99478,0.31066,0.36022,0.025264,0.94316,0.96857,-0.82438,0.41498,0.3104,0.46291,0.8914,0.46663,0.015735,-0.89532,0.36292,-0.4215,-0.30361,-0.20315,-0.34645,-0.87414,0.53013,-0.46559,-0.88856,-0.99353,0.83567,0.17789,-0.71809,-0.091774,0.95701,0.49611,0.26628,0.85688,-0.9292,-0.086636,-0.90562,0.89954
0.92723,0.24257,-0.15375,-0.33309,-0.3648,0.3072,0.78929,0.99445,0.49548,0.65267,0.59726,0.98812,0.070864,0,0.70355,0.26476,-0.54147,0.59423,-0.48081,0.72382,-0.69455,0.20819,0.64226,-0.52518,0.90841,0.071211,-0.030172,-0.35155,-0.31354,-0.6366,-0.058541,0.18415,-0.22587,-0.10151,-0.73956,0.82208,0.21986,-0.095086,0.84275,-0.16074,0.075986,0.99704,0.5811,-0.036811,0.48783,0.50065,-0.17509,-0.9092,0.3195,-0.46669,0.076574,-0.43125,0.65893,0.79714,0.47263,0.14765,-0.96775,0.41132,0.42914,0.24282,-0.82481,-0.87771,0.79682,-0.22641,0.11413,0.86853,-0.39611,-0.569,-0.63634,-0.55081,-0.07727,-0.66868,-0.37446,-0.1238,-0.47217,0.50113,-0.59124,-0.50789,-0.90285,0.45468,0.43437,-0.12891,-0.13786,-0.51309,-0.501,0.61135,0.52093,-0.76795,-0.733,-0.95592,-0.195,0.50107,0.19907,-0.60648,0.94329,0.42266,-0.5358,0.53118,0.017227,0.83827,-0.54481,-0.59936,0.10016,-0.90708,-0.11619
-0.037179,-0.71849,-0.2382,0.41746,0.58973,-0.87881,-0.27004,0.091707,0.15702,0.63787,0.62095,-0.50918,-0.42856,0.70355,0,0.26796,-0.35668,-0.53827,-0.65545,0.75832,-0.26904,-0.77949,0.81817,0.85882,0.33527,-0.87854,0.13582,-0.88023,-0.91902,0.53847,-0.92457,0.75436,0.81236,-0.35567,0.91864,-0.74678,-0.21328,0.48245,0.24843,-0.31176,0.7256,0.43083,-0.65529,0.63841,-0.35415,0.89056,-0.97177,0.98283,0.7264,-0.36523,0.8887,0.85418,-0.14825,0.32138,0.1452,0.60385,-0.57256,-0.25689,0.57597,-0.93316,0.46006,0.62685,0.01012,0.71383,-0.061353,0.86253,-0.30276,-0.60863,-0.7714,0.6987,-0.047826,0.36849,0.66445,-0.020878,-0.030751,-0.83815,0.97442,-0.76783,-0.76517,0.63256,-0.36088,0.31989,0.36476,0.44092,-0.97127,0.67374,-0.57853,-0.53408,0.37122,-0.70414,0.4556,0.46208,0.82773,-0.20225,-0.10656,0.48057,-0.24738,0.66318,0.5699,-0.89362,0.84526,-0.88317,0.05127,-0.87138,-0.72214
-0.048282,0.79601,-0.11029,-0.57513,-0.14463,0.87908,0.06616,0.38789,0.29306,0.47233,-0.79294,0.83218,0.50621,0.26476,0.26796,0,0.23494,-0.57781,0.20666,-0.82246,0.58087,-0.87337,-0.83986,0.2676,0.56687,0.80975,0.22361,0.14066,0.022457,-0.13407,-0.97456,-0.859,-0.56809,-0.12015,0.24249,-0.40563,0.72357,0.41126,0.49261,-0.22002,-0.85365,-0.83068,-0.29622,0.74539,0.42728,-0.62508,0.1142,-0.82806,-0.49116,-0.36268,-0.89861,0.1569,-0.49439,-0.78799,-0.1788,0.29333,-0.20532,0.39391,0.24616,0.74008,-0.31025,-0.53863,-0.4688,0.45074,0.41814,-0.93456,0.23559,-0.70266,0.031317,0.55594,0.57708,0.21377,-0.53688,0.39301,0.9446,0.32614,0.14136,0.98871,0.45369,-0.57158,-0.47539,0.71922,-0.21833,0.78848,0.31582,-0.26882,0.49664,-0.96918,0.61998,0.29979,-0.78515,0.56676,0.86008,0.20022,-0.35939,-0.55481,-0.44617,-0.61123,0.88017,0.71914,-0.93815,0.42325,0.46224,-0.17163,-0.11428
-0.091731,-0.4025,-0.81182,-0.73055,0.68021,-0.59282,0.31828,-0.6608,0.90569,-0.14945,-0.21426,-0.88912,-0.3306,-0.54147,-0.35668,0.23494,0,0.64929,-0.27932,0.48829,-0.94029,-0.56506,-0.60923,0.23785,-0.53116,-0.58242,0.28306,-0.25426,-0.076062,0.95728,-0.13907,-0.85614,-0.80881,0.82023,-0.7586,-0.13373,0.45233,0.36912,0.31191,-0.85694,0.79241,-0.21674,-0.61926,0.07403,-0.0070955,-0.0037614,-0.67659,0.88422,0.37831,-0.83844,-0.58629,-0.79578,0.84036,0.58655,0.20392,-0.035899,0.28546,-0.44674,-0.80407,-0.066494,0.47042,-0.062024,-0.76662,0.76022,0.29668,-0.43774,-0.91778,-0.67308,-0.13963,0.051925,0.47415,0.70354,-0.77285,-0.86626,0.69542,-0.64935,0.61683,-0.27698,0.48698,0.14769,0.75569,-0.49462,-0.48466,0.54934,-0.84174,-0.10396,-0.28967,0.047312,-0.25522,0.8545,0.79097,-0.99004,-0.97677,0.42144,0.65379,-0.14406,0.76042,-0.3324,0.98872,0.93697,0.3722,0.025848,0.61764,0.59692,0.62742
0.022404,0.56373,-0.056769,0.4801,-0.30961,-0.84186,0.34922,-0.029462,-0.6798,0.73344,-0.63706,0.036223,0.53486,0.59423,-0.53827,-0.57781,0.64929,0,-0.78508,-0.37912,-0.063552,-0.88625,-0.23291,-0.16285,-0.40027,-0.22094,0.87497,0.52608,0.41036,-0.022255,0.79075,-0.95808,-0.75121,0.99915,0.44502,-0.28423,-0.081897,-0.50402,0.90675,-0.55373,0.069832,0.98013,-0.961,-0.8514,0.1309,0.42373,-0.20608,-0.40786,-0.35231,-0.97789,-0.65077,-0.20494,0.22523,0.42234,0.81841,-0.16004,-0.17643,0.93459,0.0088519,-0.66586,-0.54689,0.11199,0.075273,0.56873,-0.2744,-0.92151,0.19507,0.34292,-0.45443,-0.72353,-0.93056,0.14403,0.42785,-0.63113,-0.055082,0.11532,0.047327,0.89362,-0.28753,-0.59788,-0.46059,0.82214,-0.71643,0.51983,-0.42111,0.55875,0.6846,-0.089347,-0.84206,0.077148,-0.91037,0.28304,0.1742,0.084943,0.51875,0.91503,0.98815,-0.8863,0.9513,-0.66444,-0.34353,0.84404,-0.079206,0.64527,0.51619
0.073461,-0.92755,0.12921,-0.27195,-0.83212,-0.39198,-0.21709,-0.16376,-0.8837,0.18351,-0.19344,-0.44917,-0.52362,-0.48081,-0.65545,0.20666,-0.27932,-0.78508,0,-0.052683,0.6054,0.94754,0.87873,-0.32772,-0.98086,0.53358,0.70002,0.55151,-0.49923,-0.78765,-0.83898,-0.95589,-0.41254,-0.049934,-0.21202,0.50314,0.073346,-0.84633,-0.040944,-0.80019,0.83665,0.96046,0.39592,0.025936,0.64469,-0.80021,0.2852,0.15993,0.71592,0.12783,-0.94304,0.41149,0.17396,0.2118,0.83368,-0.97783,0.6223,-0.74662,0.8097,-0.91893,-0.30028,0.40042,0.57204,0.70647,0.053166,-0.41958,-0.51703,-0.40777,0.30676,0.89756,0.60324,0.26266,-0.40778,-0.048175,-0.57697,-0.18278,0.66065,-0.765,0.74248,0.58038,0.74143,-0.92349,0.3856,-0.91499,0.33606,0.0928,0.63685,0.27998,0.15309,-0.84826,0.4581,0.42892,-0.69666,-0.31792,-0.95112,-0.79507,-0.51626,-0.98958,-0.9326,-0.38066,-0.91399,-0.49383,0.16635,-0.99997,-0.9221
0.072082,0.6149,0.26462,0.33018,-0.66868,-0.58809,0.030052,0.81207,0.30464,-0.32256,0.075061,0.0086248,0.14016,0.72382,0.75832,-0.82246,0.48829,-0.37912,-0.052683,0,0.17921,0.69034,0.47992,-0.64757,-0.95295,0.0023732,-0.004073,-0.15724,0.68168,-0.072409,0.032243,-0.036595,0.30943,-0.49791,0.75776,-0.20956,0.41904,0.50309,-0.37215,-0.1091,-0.59947,-0.68315,-0.72662,-0.84066,-0.8912,0.36117,0.38144,-0.26739,-0.0086125,0.71812,0.2051,0.64693,0.29344,0.61026,-0.8323,-0.79736,-0.16258,-0.1192,0.79818,-0.52994,-0.31825,-0.11541,0.18682,0.017107,0.2079,0.72047,0.56862,0.79049,0.62999,0.57157,-0.062437,-0.51367,0.73256,0.29695,-0.18737,-0.451,-0.94339,0.34312,0.84854,-0.19906,0.33419,-0.010168,0.77411,-0.23128,-0.010327,0.35232,-0.77674,0.95287,0.20963,-0.76692,-0.21787,0.86731,-0.85,0.61343,0.032818,-0.64207,-0.90741,-0.60334,0.80256,0.7848,-0.36494,0.92548,0.54435,-0.45936,0.22964
0.30153,0.89794,-0.32178,0.66154,0.92265,0.55119,0.26688,-0.30472,0.18159,-0.68529,0.061358,0.40278,-0.16365,-0.69455,-0.26904,0.58087,-0.94029,-0.063552,0.6054,0.17921,0,0.608,0.13247,-0.07741,-0.35075,0.39478,0.61215,0.47915,-0.16249,0.0029897,0.99199,-0.72538,-0.6763,-0.20572,-0.26969,0.53551,0.0019649,-0.18827,-0.99705,-0.78017,0.45786,-0.13425,-0.2453,0.43472,0.5661,-0.84695,0.71141,0.10782,-0.95222,-0.72992,0.71481,0.44404,0.47493,-0.96284,-0.97786,0.9557,-0.82993,0.3789,0.51322,-0.33512,-0.38272,-0.71611,0.39842,0.60386,-0.37741,-0.175,0.92536,-0.57287,0.80276,0.83148,0.35032,0.70556,-0.018297,0.79227,-0.064885,0.90691,0.74271,-0.16839,0.88663,-0.55074,0.30409,0.19775,0.74329,-0.051927,-0.31692,0.13769,0.43631,0.89914,0.07624,0.37856,0.81262,0.82572,-0.84621,-0.15828,-0.76985,0.73072,-0.66274,-0.61006,0.87425,-0.63974,0.31401,-0.34312,0.027038,0.15449,-0.60566
0.060154,0.64706,0.96259,0.78133,-0.59821,-0.032889,-0.9773,0.79849,-0.59639,0.82106,-0.60282,0.97544,-0.29877,0.20819,-0.77949,-0.87337,-0.56506,-0.88625,0.94754,0.69034,0.608,0,0.15511,-0.32506,-0.41825,0.3257,0.37194,-0.99851,-0.98628,0.040558,0.8791,0.2307,0.0583,-0.23621,0.1238,-0.24138,-0.029014,-0.18392,0.56003,0.95834,0.82374,0.3322,0.66967,-0.23166,0.38948,-0.58332,0.41923,0.47873,0.1582,-0.4235,0.8152,0.52879,-0.39397,0.47256,-0.48545,-0.28723,-0.71741,0.26364,0.26887,-0.67387,0.73553,-0.65794,0.37464,-0.17084,-0.48762,0.85592,0.11266,0.062755,0.47173,-0.50772,-0.89798,0.12806,-0.67133,0.76824,0.68503,-0.77478,0.28113,0.80943,-0.97491,0.72852,0.00026377,0.57234,-0.55013,0.22178,-0.83656,0.15542,-0.045818,-0.022378,0.26428,0.76093,0.4369,-0.28612,0.14559,-0.066997,0.55982,-0.42483,-0.34574,0.47986,-0.084972,-0.48759,0.66068,0.29527,0.02996,0.16055,-0.66927
-0.80273,0.62899,-0.2916,0.8302,-0.3559,-0.22012,0.43722,0.59633,0.5979,-0.46887,-0.24746,0.52491,-0.092861,0.64226,0.81817,-0.83986,-0.60923,-0.23291,0.87873,0.47992,0.13247,0.15511,0,0.4003,-0.18663,0.69215,0.8585,-0.042136,0.97795,-0.97665,0.62159,0.70907,-0.98452,0.036009,-0.389,0.78194,-0.77425,0.87844,0.04773,0.75984,-0.51694,-0.74476,0.99609,-0.49421,-0.95719,0.99759,0.59254,-0.023804,-0.35379,0.058952,-0.87753,0.22668,-0.69652,-0.48873,0.78157,-0.49226,-0.8627,0.12122,0.14348,-0.31588,-0.51738,0.23445,0.52552,-0.14055,-0.12429,-0.13079,0.98444,0.24823,0.083599,0.0036365,-0.40911,0.86758,-0.35099,0.11773,-0.27958,0.033692,-0.22161,0.26426,0.086009,0.55523,-0.10813,0.81681,0.89741,0.098972,0.8318,-0.76293,0.4024,-0.86242,-0.113,-0.61304,-0.41149,-0.7087,0.58005,-0.26595,-0.24133,-0.84515,-0.4787,-0.74035,0.83101,0.42865,-0.47043,-0.51045,-0.80925,0.37054,0.084605
0.45582,0.43479,0.077272,0.33027,0.24002,0.7332,-0.9787,0.79202,-0.47919,-0.073252,-0.60489,-0.59985,0.75852,-0.52518,0.85882,0.2676,0.23785,-0.16285,-0.32772,-0.64757,-0.07741,-0.32506,0.4003,0,0.20091,0.41323,0.58613,-0.56455,-0.78088,-0.83935,-0.73741,0.46599,-0.76624,-0.38447,-0.2519,-0.88509,0.94903,-0.87487,-0.6973,-0.10437,0.25008,0.27178,0.12077,0.19879,0.19322,0.32551,-0.77426,-0.51489,-0.21197,0.94372,-0.30079,-0.68141,-0.71647,-0.17516,-0.37439,0.046746,-0.98774,-0.046281,0.098981,-0.69272,-0.32125,-0.56546,0.27129,0.50793,-0.75219,-0.53333,-0.26064,0.027748,-0.13241,0.54658,-0.26323,0.5989,-0.76868,0.2175,0.12341,0.4064,0.72154,0.89633,-0.74335,0.993,-0.10754,0.84304,-0.36718,0.77129,0.47455,-0.68174,-0.90792,-0.91311,0.77885,0.67617,0.18042,-0.54178,-0.56348,-0.67254,0.57669,0.61353,-0.31259,-0.85044,-0.90518,-0.99613,0.22346,0.16896,0.92036,0.90165,-0.87863
0.17455,0.16803,0.37782,-0.17664,0.73183,0.93491,-0.84862,0.0021837,0.73812,0.05657,-0.32233,-0.99068,0.67411,0.90841,0.33527,0.56687,-0.53116,-0.40027,-0.98086,-0.95295,-0.35075,-0.41825,-0.18663,0.20091,0,-0.83258,-0.09254,0.71113,0.6554,0.11665,0.234,-0.35398,-0.25985,0.30496,0.81066,-0.454,0.66467,-0.49622,0.89689,-0.4653,0.84194,-0.06769,-0.31732,-0.016237,-0.67795,0.8949,0.55759,-0.63727,0.39933,0.89933,-0.11355,-0.43288,0.36615,-0.027835,0.94059,0.68784,0.70955,-0.15841,0.96395,-0.85454,-0.9751,-0.44618,0.50803,0.68157,0.85823,-0.44621,0.90014,-0.99345,-0.23451,-0.72159,-0.62401,0.73072,-0.38333,-0.53164,0.20278,-0.39754,-0.67969,0.47383,0.9889,-0.65203,0.064929,0.9631,-0.45398,0.6832,-0.059497,0.4787,-0.10512,0.20778,-0.35159,-0.54468,-0.25838,-0.42553,-0.37737,0.63651,-0.24952,-0.24911,0.61138,-0.4235,0.86425,-0.13126,-0.52006,0.98275,0.26797,-0.041376,-0.43585
0.058868,0.33462,-0.42684,-0.46672,-0.33921,-0.69272,-0.1047,0.60207,-0.28242,0.6518,0.12468,0.99224,-0.68415,0.071211,-0.87854,0.80975,-0.58242,-0.22094,0.53358,0.0023732,0.39478,0.3257,0.69215,0.41323,-0.83258,0,-0.71396,0.45618,0.56806,0.16663,0.43484,0.20326,-0.43945,-0.60144,0.0094879,0.73875,0.16225,0.32591,-0.95729,-0.4664,0.64626,0.95274,0.55211,-0.51436,-0.5065,0.93644,-0.71349,0.93564,-0.69217,-0.11843,0.18118,0.5845,-0.97383,0.24203,-0.17811,0.77258,0.64932,-0.12223,-0.11799,-0.80773,-0.1316,-0.97177,0.77033,-0.06528,0.22918,0.48831,-0.58014,0.15892,0.75131,-0.7584,0.22421,-0.84507,0.9995,-0.34163,-0.084826,0.71077,0.59221,0.019779,-0.56882,0.47347,0.21599,-0.85875,0.18125,-0.17969,0.76368,0.67811,0.54906,0.57049,0.21201,0.24206,-0.5265,0.50372,0.71913,0.33388,-0.54846,0.55876,0.60298,0.28558,0.59127,-0.69366,-0.69494,0.18474,0.36118,-0.33759,-0.98357
-0.54622,-0.48533,-0.39668,-0.13994,0.68357,0.49272,-0.13422,-0.7186,-0.13956,-0.77672,0.33073,0.95143,-0.2374,-0.030172,0.13582,0.22361,0.28306,0.87497,0.70002,-0.004073,0.61215,0.37194,0.8585,0.58613,-0.09254,-0.71396,0,0.099378,0.45008,-0.97831,0.12516,0.2818,0.42733,0.27915,-0.95564,0.19582,0.28011,0.62289,-0.046377,-0.82796,0.65338,-0.45108,0.47093,-0.56321,-0.27076,0.89658,0.63906,0.81979,0.98794,-0.62182,-0.81842,0.44279,-0.31614,-0.81127,-0.22826,0.97651,0.71141,0.99215,0.31653,0.56325,0.82537,0.63556,0.050815,0.88805,0.43663,-0.6373,0.71255,-0.064474,-0.6408,0.26179,0.41493,0.60369,0.22527,0.48214,0.26992,0.83158,-0.90649,-0.28941,0.96601,-0.30709,0.51173,0.59264,-0.19401,0.27717,0.48318,-0.99558,0.5289,0.78647,0.035639,0.5065,0.93193,0.09925,0.67866,0.11827,0.77264,-0.075377,-0.3795,-0.70378,-0.51436,0.76869,0.47198,0.30753,0.34249,-0.6932,-0.30563
-0.63869,0.98758,-0.88334,-0.69526,-0.30753,0.75572,-0.29892,0.68388,0.090251,0.45063,0.027224,0.1093,0.44055,-0.35155,-0.88023,0.14066,-0.25426,0.52608,0.55151,-0.15724,0.47915,-0.99851,-0.042136,-0.56455,0.71113,0.45618,0.099378,0,0.466,0.36794,-0.6415,-0.73409,-0.55569,0.36661,0.5113,0.67943,-0.23095,-0.057937,0.3647,-0.25008,-0.37843,0.30632,-0.59701,-0.11703,0.21556,0.60825,0.10411,0.81553,-0.35622,0.42993,0.7881,0.55012,0.75554,-0.79453,0.60865,-0.82441,0.24164,0.85762,-0.82668,0.7075,0.12761,-0.28649,0.29726,-0.036106,0.59293,-0.29209,-0.75056,0.3553,-0.0685,-0.072582,-0.52366,-0.99549,-0.17737,-0.67934,-0.59364,-0.23852,0.16923,-0.35831,0.95858,0.83321,0.51695,-0.38548,-0.76109,-0.29588,0.49637,-0.72332,-0.89086,0.15266,-0.7565,-0.46927,-0.9463,0.3643,0.3179,-0.40494,0.36505,0.28134,-0.83468,-0.073646,-0.68537,0.98112,0.067055,-0.24522,0.054895,0.19878,-0.37545
0.38938,0.048378,-0.37124,0.75349,-0.032386,-0.96405,-0.28672,0.11401,-0.43181,-0.81579,0.34903,0.51448,-0.29937,-0.31354,-0.91902,0.022457,-0.076062,0.41036,-0.49923,0.68168,-0.16249,-0.98628,0.97795,-0.78088,0.6554,0.56806,0.45008,0.466,0,0.30944,-0.42982,0.69173,-0.80291,0.4401,-0.9154,0.33659,0.32033,-0.54798,-0.8208,-0.10024,-0.71673,-0.8175,-0.49861,-0.092349,0.79239,0.098382,0.33745,-0.29944,-0.8765,-0.037222,0.91901,-0.72318,0.48881,0.59988,0.8289,0.060408,-0.92085,0.60395,-0.94561,-0.7306,-0.98258,-0.83827,-0.1012,-0.37429,-0.27829,-0.89555,-0.07894,-0.43169,0.43226,0.93014,-0.72961,-0.086012,-0.71677,-0.71273,-0.53685,-0.92384,-0.64872,0.26192,-0.72568,-0.63114,0.62836,0.50489,-0.58628,-0.9294,-0.87112,0.3786,0.76282,0.77743,-0.52242,0.2679,-0.4466,-0.32844,-0.37859,-0.99158,0.60749,-0.18026,0.21688,-0.98882,-0.10789,0.32377,-0.43275,-0.80666,0.52647,0.77327,0.30972
-0.38668,-0.19678,-0.83038,0.44239,0.071387,-0.21956,-0.15278,0.8636,0.26182,-0.97543,0.8213,-0.86569,0.023455,-0.6366,0.53847,-0.13407,0.95728,-0.022255,-0.78765,-0.072409,0.0029897,0.040558,-0.97665,-0.83935,0.11665,0.16663,-0.97831,0.36794,0.30944,0,0.09894,0.76475,-0.52039,0.47298,-0.46804,-0.42021,-0.65177,-0.70176,-0.77396,-0.050749,0.67462,0.95384,0.5769,0.13011,-0.56836,-0.49304,-0.20786,0.63487,0.49061,0.35515,-0.77646,0.20635,0.003323,-0.31232,0.60548,0.42939,-0.37715,0.13677,-0.75971,0.22862,0.65834,0.11702,-0.70495,-0.089003,0.55925,0.78481,-0.23497,-0.027775,-0.094764,-0.060159,0.41029,0.54453,-0.42452,-0.37896,0.94703,-0.73522,-0.71224,-0.7775,0.50578,-0.060441,-0.8327,0.19381,0.59566,0.03639,0.54775,0.28717,0.75263,-0.28809,0.094724,-0.5227,-0.8373,0.050871,0.46083,0.39694,0.99607,0.13921,0.0013424,0.47121,0.21478,-0.62748,-0.23006,-0.77877,-0.80991,-0.046261,-0.45472
0.21139,0.018357,0.53888,-0.27128,0.19146,-0.23058,-0.16955,-0.5042,0.63326,-0.52896,-0.83425,-0.98664,0.74598,-0.058541,-0.92457,-0.97456,-0.13907,0.79075,-0.83898,0.032243,0.99199,0.8791,0.62159,-0.73741,0.234,0.43484,0.12516,-0.6415,-0.42982,0.09894,0,-0.46526,0.04442,-0.89071,0.11989,0.13622,0.12651,-0.58341,0.29994,0.86671,-0.19222,-0.76556,-0.36761,-0.62595,-0.93572,0.80172,-0.83198,-0.75035,0.19809,-0.044695,-0.80138,0.27799,-0.45091,-0.76231,0.1039,0.5702,0.59681,-0.084828,0.98542,-0.35878,-0.16087,0.98164,0.42927,0.24625,0.68157,0.41605,-0.97491,-0.67041,-0.38893,0.60285,-0.33552,0.48466,0.72409,-0.13055,-0.39044,0.39882,0.87367,-0.90344,0.98724,-0.84802,0.90721,-0.4231,0.12834,-0.99896,0.08123,-0.2701,0.27988,0.84597,-0.799,-0.94097,0.82055,0.69935,-0.36122,0.51778,0.58296,-0.98162,-0.037994,-0.084604,-0.61552,-0.29068,0.19001,0.24892,0.40724,0.46921,-0.16868
-0.077244,-0.9264,0.7312,-0.24834,0.10108,0.036592,-0.42661,-0.6947,0.27913,0.81596,0.95066,-0.36599,0.077533,0.18415,0.75436,-0.859,-0.85614,-0.95808,-0.95589,-0.036595,-0.72538,0.2307,0.70907,0.46599,-0.35398,0.20326,0.2818,-0.73409,0.69173,0.76475,-0.46526,0,0.69556,-0.65494,-0.068766,-0.79791,-0.14939,0.14751,-0.81936,-0.14087,0.70964,0.6924,0.7775,-0.25739,0.3328,0.80164,0.48111,0.58879,0.40442,-0.64507,-0.45886,0.24409,-0.86662,0.71674,0.47742,-0.55224,0.87727,0.28388,-0.75523,0.80807,0.64286,0.77444,-0.13398,0.55297,0.18079,-0.88645,-0.022642,0.72029,0.023291,0.88556,0.27556,-0.35496,-0.98199,0.84757,-0.35885,-0.94919,-0.046645,0.75943,0.22872,-0.65276,-0.62427,-0.64154,0.18419,0.48225,0.20438,-0.073259,0.85936,0.88657,-0.091527,0.42695,0.91759,0.98001,0.64754,-0.68187,-0.65252,-0.57063,-0.51253,0.86321,-0.68576,0.91312,0.6745,-0.2209,0.66801,-0.094631,0.27138
-0.31085,0.028228,-0.36116,-0.7734,-0.96529,0.89803,-0.9754,-0.80034,0.30413,0.69984,0.77202,0.042052,0.36764,-0.22587,0.81236,-0.56809,-0.80881,-0.75121,-0.41254,0.30943,-0.6763,0.0583,-0.98452,-0.76624,-0.25985,-0.43945,0.42733,-0.55569,-0.80291,-0.52039,0.04442,0.69556,0,-0.17423,-0.48799,-0.46423,-0.27936,-0.50146,0.97513,0.22422,0.67027,-0.45361,0.46207,-0.80134,-0.58257,-0.17064,-0.1569,0.48118,-0.41855,0.66719,0.45874,-0.80799,-0.3542,-0.48781,-0.057844,0.72171,0.30334,-0.706,-0.68495,-0.7881,0.732,0.73485,-0.77412,-0.55695,-0.96895,-0.96652,-0.54258,-0.69661,0.17597,-0.092506,0.96693,0.83181,-0.68158,-0.96279,0.97942,-0.089888,0.11776,-0.94382,0.99189,-0.0048555,-0.31926,0.92537,-0.033282,-0.57652,0.8062,-0.56468,-0.13116,0.43911,0.074485,0.88809,0.53756,0.91613,0.43943,0.74333,-0.41778,-0.69997,-0.036752,0.93083,0.14838,-0.16009,0.46247,-0.44187,-0.33017,0.91253,0.86789
0.36006,0.58748,0.42789,-0.66393,-0.95975,-0.026917,-0.50205,0.6539,-0.829,0.13298,0.0044361,0.85836,0.41593,-0.10151,-0.35567,-0.12015,0.82023,0.99915,-0.049934,-0.49791,-0.20572,-0.23621,0.036009,-0.38447,0.30496,-0.60144,0.27915,0.36661,0.4401,0.47298,-0.89071,-0.65494,-0.17423,0,-0.24685,-0.78756,-0.228,-0.33329,0.56014,-0.71217,0.19849,-0.14225,-0.16448,-0.24106,0.10087,-0.32171,0.44507,0.93317,-0.52569,0.64995,0.1942,-0.38836,0.7033,-0.44539,0.67251,-0.35771,-0.081804,0.019117,-0.70434,0.46076,0.58772,-0.57598,0.97062,-0.58063,-0.72652,-0.16453,0.077567,0.57943,0.38338,0.4584,0.81912,0.62235,-0.3148,-0.036972,0.39334,-0.45013,-0.076837,-0.62049,0.85515,0.08195,-0.22427,-0.013547,0.38498,0.20302,0.64654,-0.84878,-0.40667,0.74521,0.93076,-0.079178,0.22835,0.030587,0.53803,0.54549,0.30008,-0.76817,0.61229,0.51357,0.38175,-0.12032,-0.68456,0.63921,-0.61633,0.47058,-0.84668
-0.24764,0.34953,0.46833,0.98672,0.76627,-0.10844,0.35946,-0.23195,-0.80054,0.51358,0.75206,0.013451,-0.56204,-0.73956,0.91864,0.24249,-0.7586,0.44502,-0.21202,0.75776,-0.26969,0.1238,-0.389,-0.2519,0.81066,0.0094879,-0.95564,0.5113,-0.9154,-0.46804,0.11989,-0.068766,-0.48799,-0.24685,0,0.48884,-0.66998,0.65684,0.2411,-0.38287,-0.22825,0.83047,-0.95781,-0.42708,-0.73229,-0.18492,0.12261,0.87634,-0.10389,0.51283,-0.025023,-0.62767,0.12272,0.70121,-0.12387,-0.66875,0.27311,0.77935,-0.40031,-0.98229,-0.88632,-0.35442,-0.73187,0.26193,-0.73894,-0.082291,-0.20041,-0.82525,0.87392,0.11046,-0.4633,0.62547,-0.59092,-0.027434,0.75052,-0.28586,-0.79988,-0.49896,-0.86904,0.63591,0.30473,0.57571,0.30147,-0.7672,0.19775,0.80418,0.98788,0.010938,0.76578,-0.39848,0.27857,0.71031,0.095165,-0.73437,-0.58609,0.63898,0.40008,-0.49258,0.86602,-0.26819,0.33275,0.48984,0.67843,-0.47543,-0.075315
-0.27662,-0.31898,-0.44677,0.27006,0.97419,-0.62928,0.68206,-0.059636,-0.5953,-0.29644,0.61655,0.99396,-0.45748,0.82208,-0.74678,-0.40563,-0.13373,-0.28423,0.50314,-0.20956,0.53551,-0.24138,0.78194,-0.88509,-0.454,0.73875,0.19582,0.67943,0.33659,-0.42021,0.13622,-0.79791,-0.46423,-0.78756,0.48884,0,-0.62403,-0.8937,0.38883,0.70016,-0.47831,0.81894,-0.80776,-0.15299,-0.535,-0.085184,-0.78034,-0.66868,-0.19088,0.61821,0.4013,0.47342,-0.33612,-0.78136,-0.30361,0.53451,-0.12176,0.88459,-0.55616,0.5896,0.90986,-0.92385,0.30428,0.0033178,-0.66087,-0.098092,0.6706,0.29891,-0.28091,0.51708,0.36411,-0.1669,0.5571,-0.25147,0.55534,-0.84358,0.40235,0.91367,-0.62254,0.855,0.95194,0.53913,0.49017,0.52371,-0.60311,0.77819,0.97218,0.80975,0.33096,-0.84262,0.088741,0.792,0.35952,-0.17349,0.42743,0.78685,0.75948,-0.5828,-0.10267,0.67046,-0.79562,-0.96518,0.75738,-0.09224,-0.022114
0.038054,0.35474,-0.80497,-0.61148,0.64751,0.12275,0.95316,-0.31626,-0.31419,-0.21972,0.28985,-0.32269,0.51951,0.21986,-0.21328,0.72357,0.45233,-0.081897,0.073346,0.41904,0.0019649,-0.029014,-0.77425,0.94903,0.66467,0.16225,0.28011,-0.23095,0.32033,-0.65177,0.12651,-0.14939,-0.27936,-0.228,-0.66998,-0.62403,0,0.86571,-0.34023,-0.60977,-0.16397,-0.27324,-0.14622,-0.4302,-0.23521,-0.32079,-0.72288,0.50188,0.75389,-0.067904,-0.5069,0.37695,0.31481,0.41327,-0.54064,0.052728,-0.33777,-0.43352,0.77124,0.094236,0.62035,0.82088,-0.73997,-0.15368,-0.46502,-0.043854,-0.15643,-0.30054,-0.50159,-0.88662,-0.128,-0.70724,-0.82854,0.086216,-0.61893,-0.76522,0.59204,-0.35093,-0.98721,-0.89147,0.64381,-0.53696,0.33806,0.071312,0.14235,0.78847,-0.94587,0.94098,0.86689,0.25632,-0.83925,0.25704,0.23851,0.83642,0.85787,-0.6492,0.40388,-0.9124,0.22017,-0.35396,-0.89547,-0.68011,0.026286,0.74191,0.41025
0.41403,0.73581,0.97012,-0.093358,-0.74697,-0.56583,-0.31525,-0.32575,-0.30628,0.89461,-0.47373,-0.4942,-0.45629,-0.095086,0.48245,0.41126,0.36912,-0.50402,-0.84633,0.50309,-0.18827,-0.18392,0.87844,-0.87487,-0.49622,0.32591,0.62289,-0.057937,-0.54798,-0.70176,-0.58341,0.14751,-0.50146,-0.33329,0.65684,-0.8937,0.86571,0,-0.65344,-0.41789,-0.36028,0.36789,-0.80709,0.79934,-0.95723,-0.13912,-0.586,-0.90828,0.019726,-0.2813,-0.074179,0.14772,-0.12655,0.78474,-0.16796,0.45369,0.7796,-0.31391,-0.27432,0.17019,-0.24178,0.71561,0.29278,0.42626,0.37939,0.95412,0.69155,0.72905,0.61487,-0.82483,-0.41903,0.14343,0.47645,0.29259,0.59657,0.062742,-0.080664,-0.3504,-0.67116,-0.15397,0.40599,-0.28727,-0.99639,-0.36442,-0.13476,-0.66948,-0.25496,-0.77148,0.2245,-0.82635,-0.51951,0.48538,0.57357,-0.39069,-0.06197,-0.18951,-0.50602,-0.63382,-0.20313,0.26822,-0.22727,-0.10288,0.51579,-0.88179,-0.30567
-0.50364,-0.20599,-0.48028,0.2468,-0.36904,0.13695,-0.51184,-0.32196,-0.27301,-0.47308,0.77073,-0.054383,-0.15546,0.84275,0.24843,0.49261,0.31191,0.90675,-0.040944,-0.37215,-0.99705,0.56003,0.04773,-0.6973,0.89689,-0.95729,-0.046377,0.3647,-0.8208,-0.77396,0.29994,-0.81936,0.97513,0.56014,0.2411,0.38883,-0.34023,-0.65344,0,-0.45587,0.7192,0.82758,-0.11751,0.59534,0.15476,-0.81163,-0.73583,-0.32157,-0.65299,0.96376,0.90562,0.72532,0.81667,-0.92994,0.028045,0.92706,0.83753,-0.70485,0.68987,-0.0039403,0.85602,0.4174,0.90612,-0.26174,0.33023,-0.46626,0.46811,0.83863,-0.069353,0.099393,-0.13869,-0.27587,0.93779,-0.48125,-0.8811,-0.38326,0.47127,0.057636,0.79117,-0.052278,0.14363,-0.38559,0.28535,-0.042295,0.54511,-0.18295,0.16149,-0.17079,0.053093,-0.40876,0.16236,0.80453,-0.60231,0.04049,-0.23176,-0.52406,-0.86423,-0.43203,0.64123,-0.15387,0.38624,-0.25775,-0.28943,0.66887,0.54938
0.61605,-0.29999,0.63465,-0.39472,0.95166,0.026572,0.44315,0.91587,0.70668,0.15078,-0.29436,0.35801,-0.8329,-0.16074,-0.31176,-0.22002,-0.85694,-0.55373,-0.80019,-0.1091,-0.78017,0.95834,0.75984,-0.10437,-0.4653,-0.4664,-0.82796,-0.25008,-0.10024,-0.050749,0.86671,-0.14087,0.22422,-0.71217,-0.38287,0.70016,-0.60977,-0.41789,-0.45587,0,0.1013,0.51517,0.33607,0.61974,0.52473,0.33704,-0.26895,0.9829,-0.7052,-0.36524,-0.72143,-0.35427,-0.1902,0.6152,0.95109,0.92109,0.67881,-0.13279,0.18359,-0.83745,0.48403,-0.47962,-0.64287,0.18996,0.30627,-0.28598,0.83798,0.67222,0.94624,-0.021247,-0.66177,-0.16247,0.84266,0.0085187,-0.37793,0.21224,-0.99485,-0.95859,-0.16851,-0.53267,0.28487,-0.80029,0.46017,0.8205,0.59965,0.93769,0.27146,-0.35096,-0.58297,0.40361,-0.43377,-0.4925,0.34868,0.25964,0.12586,0.74921,-0.7119,-0.90612,0.30749,0.046814,-0.80387,-0.98385,-0.098999,0.79546,0.22677
0.45166,0.070815,-0.42588,0.45794,0.17305,-0.53022,-0.21665,0.80941,0.41416,-0.83368,-0.60989,-0.86141,0.38011,0.075986,0.7256,-0.85365,0.79241,0.069832,0.83665,-0.59947,0.45786,0.82374,-0.51694,0.25008,0.84194,0.64626,0.65338,-0.37843,-0.71673,0.67462,-0.19222,0.70964,0.67027,0.19849,-0.22825,-0.47831,-0.16397,-0.36028,0.7192,0.1013,0,-0.45916,0.75797,-0.65139,-0.76081,-0.62619,0.17686,-0.77005,-0.56916,0.96011,-0.83414,0.60232,-0.55659,0.4945,-0.49748,-0.12865,0.052661,0.93986,-0.93948,-0.81736,0.16215,-0.35621,-0.90584,0.75037,-0.62419,0.26989,0.95428,-0.28007,-0.15477,-0.63973,-0.51955,0.54802,-0.27052,0.90888,-0.47664,0.38909,0.80844,0.77263,-0.22022,0.53307,-0.84175,-0.93965,-0.59848,0.96205,0.037253,-0.15963,-0.49742,-0.7454,-0.14895,-0.77627,-0.48129,0.24619,-0.44943,-0.84356,0.078744,0.77658,0.18481,0.18058,-0.17192,0.41989,0.50469,0.11714,-0.81402,0.13129,-0.099815
-0.22055,-0.44591,-0.21162,-0.30536,0.50804,-0.96289,-0.54071,-0.5337,0.84058,0.64191,-0.023859,-0.43697,-0.46823,0.99704,0.43083,-0.83068,-0.21674,0.98013,0.96046,-0.68315,-0.13425,0.3322,-0.74476,0.27178,-0.06769,0.95274,-0.45108,0.30632,-0.8175,0.95384,-0.76556,0.6924,-0.45361,-0.14225,0.83047,0.81894,-0.27324,0.36789,0.82758,0.51517,-0.45916,0,0.55094,0.77505,-0.67364,-0.95089,-0.88312,-0.24586,0.55994,0.8945,0.50604,-0.74516,-0.80687,-0.31553,-0.23779,0.37869,0.98091,0.19714,-0.55235,0.1243,-0.92081,-0.87203,-0.277,0.074894,0.10974,0.039589,0.51146,-0.42418,-0.06027,0.94522,0.66439,-0.54111,-0.40005,0.20013,-0.2701,-0.15779,-0.68908,0.3676,-0.18256,0.14017,0.11198,0.7141,0.20165,-0.68836,0.44468,-0.067775,0.98957,0.87934,-0.7231,0.71849,0.82265,0.61215,0.20398,0.11083,-0.69797,-0.48655,0.44078,0.97562,-0.77215,0.79536,0.11488,-0.44575,0.91113,-0.59586,-0.39798
0.71407,0.043388,-0.9939,0.027091,0.38346,0.66764,0.49744,-0.57323,-0.18821,-0.50727,0.55908,-0.86961,0.0037286,0.5811,-0.65529,-0.29622,-0.61926,-0.961,0.39592,-0.72662,-0.2453,0.66967,0.99609,0.12077,-0.31732,0.55211,0.47093,-0.59701,-0.49861,0.5769,-0.36761,0.7775,0.46207,-0.16448,-0.95781,-0.80776,-0.14622,-0.80709,-0.11751,0.33607,0.75797,0.55094,0,-0.47181,0.069905,-0.034054,-0.7416,-0.94961,0.38014,-0.84121,0.16564,-0.77878,0.64484,-0.30976,-0.63281,0.96059,-0.12023,0.54711,0.76684,0.55194,-0.14996,0.30044,-0.72636,0.76352,-0.30997,-0.59238,-0.7809,0.068124,0.20572,-0.37499,-0.94042,-0.12671,0.73001,0.19819,0.84515,0.35249,0.97037,0.2546,0.37972,-0.80866,0.35881,-0.55552,-0.37907,-0.73579,-0.57842,-0.93344,-0.80429,0.96602,0.07,-0.63287,-0.59413,0.18598,-0.42344,0.71181,0.57941,0.017655,-0.94523,0.94286,0.76226,-0.68493,-0.13966,-0.37985,0.0047625,0.81812,-0.15518
-0.7483,-0.71557,0.63798,-0.75149,0.73205,-0.01464,-0.1005,0.38745,0.73476,0.24637,-0.41635,-0.61021,0.14113,-0.036811,0.63841,0.74539,0.07403,-0.8514,0.025936,-0.84066,0.43472,-0.23166,-0.49421,0.19879,-0.016237,-0.51436,-0.56321,-0.11703,-0.092349,0.13011,-0.62595,-0.25739,-0.80134,-0.24106,-0.42708,-0.15299,-0.4302,0.79934,0.59534,0.61974,-0.65139,0.77505,-0.47181,0,0.42443,-0.66142,0.58501,-0.85606,0.91689,0.96768,0.84416,-0.061951,0.87723,-0.84306,-0.5845,0.26802,-0.84303,-0.71318,0.85583,0.048439,-0.40301,-0.57176,0.53678,-0.53222,0.1163,-0.27796,-0.49096,0.88979,-0.068272,0.9819,-0.38339,0.49304,0.94967,-0.95972,0.58077,-0.2029,-0.29856,0.4601,0.56947,-0.93839,0.32202,-0.47091,0.5802,0.14948,0.77991,0.065095,0.62392,-0.77078,-0.77826,-0.48594,-0.84122,-0.94207,0.40154,0.97811,-0.89839,0.91131,0.85784,0.25738,-0.83958,0.87532,-0.40687,0.57283,0.4621,0.21584,0.63518
0.49794,-0.34922,-0.56484,-0.049604,-0.62147,0.69135,-0.08491,0.98253,0.83354,0.56903,0.29753,-0.17587,0.41304,0.48783,-0.35415,0.42728,-0.0070955,0.1309,0.64469,-0.8912,0.5661,0.38948,-0.95719,0.19322,-0.67795,-0.5065,-0.27076,0.21556,0.79239,-0.56836,-0.93572,0.3328,-0.58257,0.10087,-0.73229,-0.535,-0.23521,-0.95723,0.15476,0.52473,-0.76081,-0.67364,0.069905,0.42443,0,0.80613,0.36075,-0.1915,0.21141,0.065872,0.77305,0.83765,-0.60493,0.27409,0.96423,0.29933,0.74393,0.42867,0.7867,0.51636,-0.1154,0.066932,-0.019009,-0.31436,-0.87435,0.015158,0.053725,-0.35689,0.75472,-0.15907,-0.15643,0.31626,0.74008,-0.64254,-0.82324,0.96077,0.40479,-0.65849,-0.76158,-0.54837,-0.96334,-0.98557,-0.65315,0.14242,0.065953,0.12319,0.034992,0.20785,0.72933,-0.59659,-0.26831,0.29484,0.19188,-0.079138,0.30177,-0.20487,0.12672,-0.39666,-0.1068,0.89064,0.86506,0.42739,0.33105,-0.4302,-0.24985
