,,,,,,,,,,,,,,,,,,,,,,,,,,,,,,,,,,,,,,,,,,,,,,,,,,,,,,,,,,,,,,,,,,,,,,,,,,,,,,,,,,,,,,,,,,,,,,,,,,,,,,,,
0,0.64061,0.27528,0.14463,0.69796,0.15109,0.93978,0.51604,0.3877,0.13832,0.27466,0.56778,0.42395,0.23474,-0.0080049,0.045995,-0.20471,0.23892,-0.13543,-0.19223,-0.25908,0.32157,0.045728,0.43842,0.56138,0.36189,0.29269,0.089778,0.37738,0.62959,0.070381,0.31221,0.13108,-0.11621,0.11753,-0.011831,0.10883,0.036593,0.71169,0.43598,0.74249,0.51446,0.37568,0.52668,0.085634,0.25429,-0.14534,-0.20154,0.14819,0.22756,-0.14703,-0.29871,0.59091,0.1276,0.16446,0.073972,0.24878,0.061578,0.35178,0.45865,0.41321,-0.18417,-0.52801,-0.24871,-0.24495,-0.15489,-0.080882,0.048663,-0.38717,-0.41144,-0.12671,0.24885,0.39583,0.16561,0.32998,0.35625,0.29714,0.4865,0.062911,0.22307,0.093574,0.11593,-0.031578,0.06891,-0.018963,0.21237,-0.033283,-0.019936,-0.181,0.018341,0.21405,0.09697,0.0073246,0.38219,0.48747,0.49518,0.18519,0.44901,0.0052827,-0.14489,-0.41703,0.20175,-0.36885,-0.40755,0.37378
0.64061,0,-0.013196,-0.05919,0.17561,0.68982,0.044572,0.7354,0.61994,0.45113,-0.30799,0.46574,0.06281,-0.17323,-0.017615,0.29937,-0.023346,0.00083765,-0.29942,-0.026058,0.2436,0.38976,0.24756,1.1188,0.2032,0.89437,0.25339,0.037402,-0.11532,0.38881,-0.203,0.32705,-0.39544,-0.25697,-0.58734,-0.49951,-0.56887,-0.28812,-0.012385,0.61056,0.49785,1.1947,0.12497,0.60277,0.27906,-0.079524,-0.00040579,-0.036319,0.5633,-0.028521,-0.28494,0.018106,0.30709,0.63213,0.16249,0.18163,0.14165,-0.017533,0.13135,0.37491,0.89141,-0.21135,-0.057193,0.13831,0.20992,-0.17967,-0.1092,0.042018,0.2168,0.13929,0.19119,0.3135,0.28159,0.029757,-0.048841,-0.20526,0.36704,0.18583,-0.32787,-0.12127,-0.38984,-0.0079617,-0.11571,0.22927,-0.10629,-0.046094,-0.32963,0.10034,-0.084589,0.24107,0.50625,-0.31301,-0.069752,0.21272,0.49089,0.027411,0.018834,0.031501,-0.054591,-0.07064,0.05946,-0.24633,0.091078,-0.2269,0.21912
0.27528,-0.013196,0,1.4029,0.33364,0.010132,0.56461,0.42487,0.24203,0.41376,0.6766,0.70648,0.58838,0.56566,0.73737,0.34057,0.4548,0.50581,0.65381,0.65207,-0.26021,0.21427,0.10497,0.05068,0.38828,0.035391,0.21135,0.018176,-0.0093264,0.6995,0.20294,0.35025,0.54953,0.097921,0.6558,0.42154,0.64464,0.57682,0.43665,0.16328,-0.12345,-0.18618,0.044927,-0.01526,0.59892,0.41168,0.16347,0.13181,-0.20822,0.15448,0.024952,0.46599,0.30244,0.12565,0.087586,-0.49948,-0.40683,-0.023532,0.078987,0.59002,0.50722,0.72325,0.19547,0.046105,0.056228,0.18369,0.43562,0.35638,-0.0070413,-0.45241,0.016617,0.12843,0.089183,0.41229,0.37262,0.74683,0.44928,0.61984,0.41037,0.27295,0.38546,1.266,0.95709,0.46501,0.43543,0.66093,0.67643,0.024058,-0.13429,0.34119,0.45043,0.39131,0.47994,0.085721,0.34467,0.76295,0.69207,0.69045,0.54077,0.45251,0.20342,0.69806,0.23931,-0.11527,0.74017
0.14463,-0.05919,1.4029,0,0.20471,0.10155,0.32225,0.39146,0.14107,0.49692,0.46829,0.64292,0.37514,0.50025,0.5079,0.30753,0.3804,0.48141,0.5414,0.707,-0.1517,0.17289,0.17543,0.062257,0.21207,0.024181,0.26164,0.094426,0.048694,0.55992,0.15277,0.14144,0.54336,0.27797,0.66841,0.61254,0.7057,0.85281,0.36255,0.072623,-0.15524,-0.26424,-0.22203,-0.18012,0.52979,0.44106,0.23806,0.13,-0.12333,0.030922,-0.10996,0.50441,0.39187,0.26778,0.27015,-0.37297,-0.40459,-0.1555,-0.014746,0.49977,0.50116,0.49305,0.20427,0.095822,0.07673,0.17097,0.38315,0.20692,0.029477,-0.35781,-0.033197,-0.055489,-0.089193,0.28355,0.23275,0.56831,0.469,0.50727,0.44787,0.11948,0.35483,0.7621,0.8951,0.47828,0.56455,0.52692,0.84929,-0.012995,-0.094346,0.35622,0.36642,0.47587,0.74081,0.092015,0.46985,0.43802,0.56729,0.46525,0.50013,0.37782,0.23399,0.44647,0.16816,0.0058835,0.62718
0.69796,0.17561,0.33364,0.20471,0,0.38573,0.62289,0.38174,0.59285,0.14987,0.37598,0.34163,0.69301,0.64976,0.3572,0.27119,-0.0084658,0.45142,0.11488,0.051484,-0.070423,0.15812,0.11443,0.16241,0.68896,0.076396,0.56278,0.16814,0.38456,0.22069,-0.14518,0.088799,0.54287,0.087655,0.45539,0.11806,0.39665,0.26185,0.87428,0.39134,0.35369,0.036689,0.050252,0.083469,-0.12769,-0.10784,0.077869,0.0083403,0.24021,0.42783,0.24925,-0.28961,0.53467,0.18255,0.19777,-0.1101,-0.0023949,0.069264,0.25409,0.61492,0.28994,0.12825,-0.37746,-0.29439,-0.36153,0.15856,0.23405,0.47853,-0.53311,-0.16225,-0.13974,-0.019627,0.20505,0.11677,0.39391,0.51174,0.54239,0.56792,0.31773,0.56935,0.43231,0.18435,0.18999,0.075072,0.045635,0.32568,0.05569,-0.021259,-0.073631,0.094202,0.027237,0.099025,-0.095223,0.14046,0.25535,0.61391,0.35191,0.79601,0.15985,-0.14567,-0.45051,0.43263,-0.35775,-0.51968,0.14232
0.15109,0.68982,0.010132,0.10155,0.38573,0,-0.19799,0.70974,0.6628,0.72483,-0.31061,0.39618,0.019774,0.24233,0.282,0.88896,0.18371,0.28932,0.020474,0.2576,0.7145,0.46202,0.47546,0.80953,0.16572,0.66332,0.59365,0.25928,0.045407,0.15021,-0.42567,0.026293,0.0052782,0.28296,-0.19052,-0.09708,-0.20525,0.14038,0.034456,0.47889,0.30996,0.57861,-0.27823,0.13441,0.10328,-0.27463,0.27034,0.24559,0.86013,0.0025339,0.017003,-0.0017021,0.23207,0.74414,0.27392,0.17941,-0.11232,-0.02512,-0.058888,0.47828,0.955,0.044647,0.29275,0.15343,0.1565,0.052919,0.12092,0.36723,0.33189,0.42087,0.27964,0.0035674,-0.0098064,-0.079225,-0.037048,-0.28278,0.55499,0.31143,0.056127,0.025841,-0.024653,-0.079335,0.10382,0.38575,0.13738,0.12121,-0.12395,0.17327,0.13542,0.17049,0.38417,-0.092754,0.096753,0.035821,0.54377,-0.011079,0.23264,0.11854,0.21674,0.011487,0.22364,-0.057996,0.23692,-0.17349,0.050652
0.93978,0.044572,0.56461,0.32225,0.62289,-0.19799,0,0.43346,0.18775,0.036791,0.99135,0.58436,0.62765,0.50576,0.26984,-0.020486,-0.0057572,0.54692,0.32046,-0.058489,-0.35879,0.30927,-0.026798,-0.039698,0.68079,0.020691,0.069052,-0.061378,0.26866,0.66089,0.43775,0.52248,0.36101,-0.11308,0.59859,0.24564,0.52341,0.29764,1.0239,0.35519,0.43036,0.063352,0.48651,0.32147,0.21639,0.45506,-0.20805,-0.19942,-0.23297,0.18239,-0.077568,-0.11143,0.32771,-0.19518,-0.011183,-0.13566,0.070336,0.088644,0.30179,0.25693,0.13915,0.2956,-0.21677,-0.16903,-0.22841,-0.087144,0.029603,0.26232,-0.35947,-0.49586,0.022162,0.27529,0.35515,0.23704,0.33923,0.67006,0.084081,0.43213,0.20389,0.2728,0.36179,0.38649,0.22092,-0.0071552,0.1118,0.38822,0.27732,-0.10804,-0.1867,7.6911e-06,0.15717,0.1678,-0.03177,0.12354,0.20525,0.71376,0.24348,0.66932,0.16179,0.17137,-0.26772,0.70873,-0.21218,-0.23703,0.40068
0.51604,0.7354,0.42487,0.39146,0.38174,0.70974,0.43346,0,0.53208,0.55631,0.3312,1.158,0.36362,0.39552,0.32569,0.49702,0.22703,0.51288,0.28501,0.19389,0.17222,0.48433,0.20639,0.56571,0.48105,0.6385,0.089524,-0.17925,-0.12403,0.81361,0.18679,0.74317,-0.059469,-0.01491,0.063042,0.080707,0.032977,0.43483,0.35963,0.94628,0.36674,0.56419,0.17153,0.62453,0.51806,0.33617,0.040048,0.051904,0.17313,-0.016743,-0.17845,0.11196,0.23054,0.46991,0.093761,-0.13817,-0.1109,0.048587,0.17412,0.34723,1.0118,0.41646,0.32124,0.2167,0.21907,-0.069378,0.1264,0.3964,0.30698,0.13209,0.46918,0.40358,0.26446,0.10454,0.034706,0.17365,0.39199,0.29318,-0.0481,0.024404,0.093312,0.29234,0.26637,0.14379,-0.013944,0.041889,0.001464,0.078265,-0.060759,0.14321,0.71293,-0.20343,-0.010856,-0.10159,0.41752,0.14135,0.14674,0.21469,0.1624,0.31585,0.23754,0.31034,0.29667,-0.26728,0.29828
0.3877,0.61994,0.24203,0.14107,0.59285,0.6628,0.18775,0.53208,0,0.72489,0.1474,0.54032,0.57184,0.37271,0.63551,0.70056,0.12141,0.52627,0.033575,0.088494,0.2178,0.58107,0.13815,0.55795,0.62219,0.80798,0.76622,0.30225,-0.19163,0.24675,-0.2342,0.36795,0.15577,0.055429,-0.14003,-0.34688,-0.010371,-0.16714,0.50396,0.91125,0.31337,0.60666,0.062911,0.15579,0.18023,-0.22861,0.090777,0.043824,0.48543,0.24474,-0.002576,-0.12232,0.16987,0.36106,0.02602,-0.20818,-0.24332,0.00089655,0.096106,0.48729,0.92468,0.058119,-0.059642,-0.15002,-0.028873,-0.019404,0.1225,0.24042,-0.00015173,0.0082033,0.18788,0.36451,0.55267,0.19544,0.35949,0.24572,1.0308,0.727,0.28533,0.45897,0.13917,0.18505,0.023628,0.34625,0.22816,0.48365,0.053794,0.068232,-0.18473,0.25958,0.41669,-0.26063,-0.18316,0.17471,0.41572,0.47843,0.28836,0.62091,0.097014,-0.13393,-0.050211,0.29389,-0.041703,-0.41439,0.31714
0.13832,0.45113,0.41376,0.49692,0.14987,0.72483,0.036791,0.55631,0.72489,0,0.026624,0.77348,0.087711,0.33979,0.7815,0.8277,0.32935,0.53204,0.31289,0.4025,0.5617,0.79171,0.47113,0.71947,0.24619,0.94633,0.66489,0.55522,0.086866,0.51017,0.079151,0.3057,0.079095,0.2635,-0.011573,0.07724,-0.02475,0.089823,0.26002,0.52887,0.32852,0.55659,-0.023183,0.089714,0.71209,0.086774,0.40282,0.36426,0.47085,-0.1182,-0.21053,0.31386,0.17399,0.42527,0.20406,0.087166,-0.21228,-0.092125,0.030734,0.54135,1.0816,0.22524,0.40158,0.18908,0.25854,0.14892,0.24528,0.067386,0.24451,0.31186,0.38615,0.38876,0.27087,0.27955,0.13522,-0.080639,0.68153,0.46424,0.24301,-0.068156,-0.047469,0.19478,0.37059,0.91693,0.70532,0.611,0.34771,0.23668,0.073094,0.4676,0.7204,0.14504,0.40036,0.34917,0.74098,0.3054,0.48234,0.33876,0.52229,0.14704,0.40419,0.06789,0.40164,0.21816,0.62582
0.27466,-0.30799,0.6766,0.46829,0.37598,-0.31061,0.99135,0.3312,0.1474,0.026624,0,0.5443,0.8311,0.76829,0.39852,0.070243,0.1497,0.65014,0.57967,0.10178,-0.39971,0.16631,-0.22771,-0.38967,0.68025,-0.14924,-0.091022,-0.20507,-0.014154,0.48756,0.72822,0.64293,0.54675,0.077088,0.68233,0.37244,0.90055,0.49137,0.80975,0.2811,-0.037794,-0.27031,0.28197,0.10127,0.2724,0.61011,-0.28896,-0.19086,-0.46538,0.33309,0.18718,0.013693,0.015789,-0.29324,-0.075881,-0.50132,-0.21008,0.0025161,0.095909,0.038256,0.045953,0.74842,0.059207,-0.047425,-0.12441,-0.097292,0.072163,0.3189,-0.20681,-0.33427,0.16502,0.33352,0.3143,0.10612,0.28542,0.8701,0.062759,0.39397,0.51705,0.53198,0.84874,0.52837,0.35852,-0.14295,0.17859,0.3697,0.506,-0.20793,-0.24818,-0.12952,0.057085,0.072395,-0.050034,-0.040177,-0.011288,0.56542,0.26794,0.53222,0.14043,0.41843,-0.044387,1.1327,-0.015802,-0.18697,0.26011
0.56778,0.46574,0.70648,0.64292,0.34163,0.39618,0.58436,1.158,0.54032,0.77348,0.5443,0,0.40968,0.50938,0.51307,0.50265,0.13175,0.57071,0.24907,0.25564,-0.016816,0.64745,0.067614,0.50094,0.44996,0.70214,0.16635,-0.016764,-0.047691,1.0258,0.37785,0.85258,0.090634,0.065061,0.28702,0.37227,0.27612,0.49196,0.57984,0.82968,0.37953,0.48153,0.4156,0.62531,0.78404,0.66566,0.23405,0.17863,-0.028806,-0.012933,-0.23639,0.13042,0.25406,0.2802,0.088207,-0.1624,-0.031545,0.17327,0.35285,0.50705,0.98995,0.45923,0.27139,0.16149,0.27936,0.11613,0.32127,0.11156,0.15004,-0.014289,0.49712,0.71116,0.62895,0.48168,0.40197,0.39637,0.52573,0.49235,0.21616,0.16289,0.27188,0.44235,0.28676,0.25922,0.20514,0.27482,0.266,0.22258,0.0080018,0.099478,0.87628,0.017105,0.17572,0.14054,0.49533,0.36107,0.26561,0.33105,0.17816,0.28722,0.25678,0.46583,0.29558,-0.27823,0.64155
0.42395,0.06281,0.58838,0.37514,0.69301,0.019774,0.62765,0.36362,0.57184,0.087711,0.8311,0.40968,0,0.88956,0.34641,0.13129,-0.032619,0.42439,0.25149,0.13265,-0.54361,0.0022358,-0.31486,-0.20769,0.97855,0.02734,0.35079,0.10266,0.013699,0.48754,0.20126,0.32352,0.66285,0.17206,0.29597,0.01891,0.67911,0.18999,0.88825,0.45368,0.0023958,-0.048426,-0.0066014,-0.018705,0.10436,0.095013,-0.46375,-0.49421,-0.24395,0.95962,0.51629,-0.29647,0.15486,-0.041868,0.025765,-0.83593,-0.59652,-0.34045,-0.18497,0.12983,0.23806,0.44068,-0.33638,-0.45064,-0.47917,-0.40681,-0.17682,0.44169,-0.28605,-0.45013,-0.22127,0.15361,0.18703,-0.052134,0.24813,0.90807,0.57289,0.92678,0.60178,0.98489,0.69682,0.32371,0.10509,-0.05877,0.078488,0.50594,0.34627,-0.50338,-0.78175,-0.12739,0.011692,-0.0046582,-0.11581,0.052603,0.16563,0.81313,0.55193,0.83627,0.17913,-0.014514,-0.44906,0.79032,-0.32131,-0.43399,0.25162
0.23474,-0.17323,0.56566,0.50025,0.64976,0.24233,0.50576,0.39552,0.37271,0.33979,0.76829,0.50938,0.88956,0,0.55601,0.45152,0.082005,0.58917,0.52474,0.3257,-0.17058,0.2294,-0.076267,-0.13419,0.80335,0.038261,0.47186,0.37293,0.37015,0.5767,0.27914,0.12547,0.9321,0.77892,0.64665,0.52728,0.91032,0.55062,0.94137,0.31245,0.11429,-0.12287,-0.059348,-0.11487,0.096838,0.17153,-0.14779,-0.14596,-0.13978,0.70833,0.62682,-0.30501,-0.018912,-0.17646,-0.037699,-0.52801,-0.60107,-0.20808,-0.19075,0.11583,0.24647,0.51398,-0.026657,-0.42163,-0.55139,-0.20377,-0.068186,0.3845,-0.26492,-0.16349,-0.036971,0.1129,0.0037678,-0.043484,0.18633,0.52479,0.46479,0.83174,0.90933,0.68928,0.86144,0.20189,0.24724,0.16338,0.3389,0.59608,0.53543,-0.24098,-0.36552,-0.094917,0.018306,0.25504,0.11575,0.0097499,0.22875,0.65997,0.78827,0.64592,0.49116,0.030495,-0.28101,0.68481,-0.096893,-0.16294,0.19727
-0.0080049,-0.017615,0.73737,0.5079,0.3572,0.282,0.26984,0.32569,0.63551,0.7815,0.39852,0.51307,0.34641,0.55601,0,0.6999,0.74873,0.79356,0.77905,0.54857,0.29459,0.50691,0.35851,0.18884,0.42369,0.33824,0.41031,0.21669,-0.12639,0.35051,0.03951,0.37405,0.30949,0.13121,0.35222,0.096407,0.26968,0.20201,0.42456,0.46304,0.063608,0.070788,0.12897,-0.07478,0.46751,-0.053025,0.36841,0.34444,0.070302,-0.04414,-0.013779,0.32447,-0.034439,0.033118,-0.15873,-0.25631,-0.40261,0.12876,0.11088,0.46793,0.54182,0.54291,0.38583,0.040893,0.081846,0.349,0.50012,0.34533,0.076825,0.0038542,0.26754,0.34892,0.27449,0.49469,0.35172,0.31117,0.50256,0.40963,0.24744,0.12941,0.16417,0.70271,0.63226,0.60304,0.45704,0.70098,0.39173,0.19824,0.013587,0.62363,0.52614,-0.01295,0.017247,-0.10145,0.10776,0.60125,0.51923,0.6265,0.45684,0.21315,0.28139,0.48539,0.45045,0.038274,0.49248
0.045995,0.29937,0.34057,0.30753,0.27119,0.88896,-0.020486,0.49702,0.70056,0.8277,0.070243,0.50265,0.13129,0.45152,0.6999,0,0.42817,0.39457,0.3903,0.47754,0.63553,0.86859,0.49343,0.59418,0.39686,0.57966,0.49713,0.31651,-0.098145,0.25107,-0.19643,0.23016,0.23372,0.44214,0.00017829,0.052934,0.077045,0.16687,0.1702,0.40529,0.26808,0.40409,-0.05583,0.065432,0.12305,-0.17316,0.29747,0.43449,0.59139,0.1048,0.14327,0.15054,-0.033645,0.27723,0.015547,0.053428,-0.17531,0.25393,0.088972,0.38975,0.83428,0.30489,0.5444,0.24529,0.21085,0.17389,0.3011,0.41038,0.34002,0.24939,0.48812,0.26377,0.20297,0.13812,0.20954,-0.12722,0.47742,0.51863,0.428,0.246,0.28022,0.36706,0.37147,0.57832,0.46994,0.53243,0.20992,0.41683,0.26328,0.21163,0.36133,-0.030145,0.10721,-0.016083,0.33623,0.22425,0.34237,0.23269,0.31087,0.23521,0.32957,0.28325,0.43208,-0.25083,0.12223
-0.20471,-0.023346,0.4548,0.3804,-0.0084658,0.18371,-0.0057572,0.22703,0.12141,0.32935,0.1497,0.13175,-0.032619,0.082005,0.74873,0.42817,0,0.58562,1.0052,0.46718,0.49312,0.23932,0.74128,0.11593,0.20323,0.063176,-0.033878,-0.23576,-0.31989,0.12146,0.0083719,0.30545,0.07654,0.0070024,0.055403,-0.1336,0.026744,0.25576,-0.061579,0.1324,-0.080823,-0.085755,-0.12984,-0.13122,0.21502,-0.055086,0.13805,0.20972,0.14627,-0.29916,-0.17844,0.63084,-0.069459,0.089584,-0.12392,-0.060391,-0.26173,0.091373,0.01181,0.21839,0.31934,0.38907,0.54328,0.40424,0.26706,0.24616,0.33787,0.28949,0.33642,-0.010983,0.19131,0.056819,-0.12185,0.11154,-0.08106,-0.027098,-0.062886,-0.099834,-0.13778,-0.31436,-0.077793,0.69231,0.95918,0.4119,0.2668,0.23352,0.24945,0.10554,0.05232,0.77062,0.38109,-0.20499,-0.010602,-0.43591,-0.13178,0.021465,0.12282,0.071134,0.20242,0.55545,0.55054,0.26983,0.80789,0.21708,0.06929
0.23892,0.00083765,0.50581,0.48141,0.45142,0.28932,0.54692,0.51288,0.52627,0.53204,0.65014,0.57071,0.42439,0.58917,0.79356,0.39457,0.58562,0,0.63585,0.23671,0.24994,0.44506,0.32915,0.031423,0.44885,0.20662,0.3887,-0.019916,-0.051888,0.28169,0.12159,0.42616,0.44272,0.14719,0.44614,0.090789,0.50244,0.4689,0.67637,0.48164,0.10481,0.032402,-0.067501,-0.10992,0.36984,0.21225,-0.01983,-0.087187,0.13309,-0.089261,-0.19779,0.14977,0.2759,0.19313,0.16833,-0.14898,-0.28063,-0.13968,-0.062636,0.43341,0.54393,0.39445,0.19069,0.049126,0.015671,0.022003,0.15511,0.36483,-0.0022901,-0.22486,0.14429,0.15254,0.194,0.14923,0.28199,0.45997,0.32906,0.40434,0.30515,0.14785,0.39482,0.34915,0.46574,0.21305,0.39777,0.52272,0.45012,-0.20339,-0.1963,0.30101,0.36822,-0.012123,0.03062,-0.058095,0.34282,0.4893,0.36204,0.67767,0.20093,0.35282,0.25086,0.77548,0.20164,0.027577,0.4361
-0.13543,-0.29942,0.65381,0.5414,0.11488,0.020474,0.32046,0.28501,0.033575,0.31289,0.57967,0.24907,0.25149,0.52474,0.77905,0.3903,1.0052,0.63585,0,0.35635,0.20747,0.1988,0.40196,-0.17052,0.486,-0.016971,-0.029107,-0.0071228,0.017414,0.41803,0.39436,0.37952,0.32263,0.23175,0.35871,0.18747,0.36013,0.42984,0.28699,0.17829,-0.012457,-0.21799,-0.055613,-0.14947,0.24867,0.14269,-0.017103,0.17393,-0.12171,0.011013,0.12151,0.37035,-0.12938,-0.19024,-0.15265,-0.28015,-0.47749,-0.027593,-0.021649,0.015641,0.14129,0.68291,0.48345,0.14087,-0.039804,0.093346,0.22823,0.45409,0.14754,-0.0062435,0.1351,0.10288,-0.15352,0.025173,-0.060875,0.19162,0.012617,0.12399,0.20723,-0.0468,0.21117,0.61643,0.99999,0.38114,0.41176,0.46462,0.43731,0.017766,-0.050435,0.37699,0.23427,0.10926,0.11225,-0.28119,-0.049896,0.24227,0.32191,0.28219,0.54577,0.52126,0.2656,0.51208,0.45182,0.29175,0.1718
-0.19223,-0.026058,0.65207,0.707,0.051484,0.2576,-0.058489,0.19389,0.088494,0.4025,0.10178,0.25564,0.13265,0.3257,0.54857,0.47754,0.46718,0.23671,0.35635,0,0.23195,0.18054,0.42366,0.11609,-0.047513,-0.13993,0.25708,0.12895,-0.1584,0.12922,-0.18598,-0.12413,0.41582,0.23757,0.40059,0.33941,0.43876,0.49532,0.0094188,-0.11821,-0.25322,-0.22113,-0.3752,-0.39973,0.43119,-0.15865,0.25788,0.042476,0.068886,0.027706,0.1019,0.62351,0.18353,0.39176,0.28508,-0.03731,-0.29519,-0.13789,-0.28626,0.34544,0.3382,0.46238,0.36928,0.37464,0.20513,0.14973,0.19946,0.42219,0.073534,-0.064019,0.055773,-0.04622,-0.30453,0.25228,0.080228,0.073479,0.16411,0.22285,0.21638,-0.0041952,0.24764,0.58541,0.5422,0.35797,0.44864,0.42861,0.6318,-0.071239,-0.032416,0.55438,0.15376,0.10137,0.34185,-0.24136,0.12657,0.37872,0.62805,0.29988,0.27249,0.34491,0.30473,0.17637,0.49346,0.065101,0.29641
-0.25908,0.2436,-0.26021,-0.1517,-0.070423,0.7145,-0.35879,0.17222,0.2178,0.5617,-0.39971,-0.016816,-0.54361,-0.17058,0.29459,0.63553,0.49312,0.24994,0.20747,0.23195,0,0.56902,1.0056,0.55049,-0.12481,0.35049,0.23257,0.16645,-0.063078,-0.24065,-0.24043,-0.010135,-0.21573,0.064326,-0.27515,-0.24053,-0.43234,-0.096799,-0.28597,0.092444,0.24379,0.33986,-0.21821,-0.078942,0.065935,-0.39623,0.34398,0.4279,0.96876,-0.49142,-0.26937,0.39861,-0.012934,0.39782,0.16307,0.74003,0.20908,0.13137,0.0027953,0.18788,0.34643,-0.012012,0.63457,0.63891,0.46702,0.25661,0.15889,0.19301,0.39997,0.71891,0.51627,0.00013967,-0.098296,-0.082041,-0.26406,-0.82384,-0.092198,-0.23914,-0.2149,-0.49531,-0.30223,-0.10732,0.22617,0.44151,0.34855,0.088125,-0.053767,0.33092,0.50498,0.46032,0.19424,-0.18673,0.017493,-0.084213,0.15588,-0.27082,-0.079088,-0.15928,0.12821,0.25854,0.56997,-0.24204,0.56875,0.33222,-0.14332
0.32157,0.38976,0.21427,0.17289,0.15812,0.46202,0.30927,0.48433,0.58107,0.79171,0.16631,0.64745,0.0022358,0.2294,0.50691,0.86859,0.23932,0.44506,0.1988,0.18054,0.56902,0,0.61332,0.84686,0.40876,0.65309,0.40415,0.28655,-0.025112,0.39203,0.09337,0.42677,0.11419,0.24868,0.055235,0.074943,-0.03594,0.020627,0.30841,0.42404,0.70245,0.59694,0.38516,0.36641,0.23605,0.10277,0.2974,0.32301,0.54779,-0.1455,-0.27108,0.14666,-0.056039,0.053325,-0.16263,0.33947,0.19265,0.40166,0.33633,0.34523,0.68284,0.17094,0.41647,0.29159,0.28906,0.13741,0.1777,-0.029937,0.22498,0.11541,0.78928,0.44586,0.48396,0.29012,0.13477,-0.24047,0.17496,0.39142,0.21063,-0.067236,0.001495,0.20952,0.19756,0.6573,0.63066,0.5216,0.3629,0.48943,0.31142,0.25515,0.57281,-0.025475,0.1061,0.10281,0.37185,0.18156,0.10647,0.18407,0.23652,0.3378,0.3155,0.30555,0.42993,-0.14672,0.14021
0.045728,0.24756,0.10497,0.17543,0.11443,0.47546,-0.026798,0.20639,0.13815,0.47113,-0.22771,0.067614,-0.31486,-0.076267,0.35851,0.49343,0.74128,0.32915,0.40196,0.42366,1.0056,0.61332,0,0.61969,0.095865,0.16772,0.31384,0.18199,0.072411,0.023233,-0.21452,-0.015051,0.083115,0.12015,0.0011031,-0.078886,-0.16702,0.10098,-0.035022,0.0041848,0.43836,0.18956,-0.1515,-0.084024,0.063356,-0.30122,0.35326,0.27141,0.77219,-0.34958,-0.30617,0.48825,0.22843,0.31192,0.14378,0.66168,0.19769,0.1441,0.12782,0.37328,0.34459,0.0061489,0.32508,0.53046,0.26687,0.28907,0.20455,0.12456,0.10263,0.16515,0.23328,-0.072755,-0.17894,0.10813,-0.15979,-0.53893,-0.096788,-0.064406,-0.16556,-0.55917,-0.32202,0.1771,0.5506,0.70444,0.58945,0.32309,0.29733,0.28003,0.3088,0.80058,0.34131,-0.0040521,0.19941,-0.1449,0.18555,-0.050218,0.069667,0.051298,0.23158,0.38756,0.33692,-0.034914,0.56948,0.21349,-0.041304
0.43842,1.1188,0.05068,0.062257,0.16241,0.80953,-0.039698,0.56571,0.55795,0.71947,-0.38967,0.50094,-0.20769,-0.13419,0.18884,0.59418,0.11593,0.031423,-0.17052,0.11609,0.55049,0.84686,0.61969,0,0.12026,0.89343,0.39546,0.23086,0.0098916,0.32712,-0.2378,0.20556,-0.24103,-0.0015627,-0.30144,-0.1512,-0.52963,-0.15851,-0.045733,0.40519,0.66126,0.92951,0.23883,0.55644,0.23588,-0.064953,0.49553,0.42295,0.8336,-0.2296,-0.37371,0.17514,0.19086,0.47482,0.01125,0.43424,0.31339,0.3325,0.3974,0.56967,0.91756,-0.15518,0.18858,0.27906,0.35508,0.2336,0.23484,-0.14391,0.21943,0.26473,0.47115,0.28654,0.32227,0.27206,0.03008,-0.43275,0.32805,0.17711,-0.19223,-0.28161,-0.4491,0.071327,0.097598,0.66626,0.24387,0.11258,-0.075734,0.5872,0.35023,0.40877,0.71944,-0.079235,0.16491,0.21992,0.49293,-0.046652,0.01397,-0.020317,0.1442,0.073039,0.2583,-0.21735,0.35013,-0.17696,0.15433
0.56138,0.2032,0.38828,0.21207,0.68896,0.16572,0.68079,0.48105,0.62219,0.24619,0.68025,0.44996,0.97855,0.80335,0.42369,0.39686,0.20323,0.44885,0.486,-0.047513,-0.12481,0.40876,0.095865,0.12026,0,0.3062,0.30535,0.19225,0.15449,0.68131,0.35211,0.50905,0.43903,0.30693,0.10398,-0.058261,0.33276,0.084635,0.94095,0.6492,0.5282,0.24187,0.22126,0.24361,-0.091252,0.064383,-0.36193,-0.21325,0.033143,0.6853,0.35756,-0.33934,-0.055062,-0.26224,-0.2509,-0.39406,-0.32747,-0.019851,0.12705,0.023066,0.28808,0.27222,-0.17861,-0.32299,-0.46321,-0.31301,-0.14697,0.2752,-0.18007,-0.18576,0.054165,0.32352,0.28796,-0.10891,0.053618,0.34555,0.34327,0.66948,0.42576,0.50641,0.38822,0.25144,0.20921,0.18734,0.20027,0.49171,0.25927,-0.10969,-0.40739,0.047385,0.11888,-0.13525,-0.23321,-0.018396,0.080091,0.4433,0.28006,0.46222,0.23802,0.021301,-0.42154,0.57884,-0.13589,-0.34999,-0.013851
0.36189,0.89437,0.035391,0.024181,0.076396,0.66332,0.020691,0.6385,0.80798,0.94633,-0.14924,0.70214,0.02734,0.038261,0.33824,0.57966,0.063176,0.20662,-0.016971,-0.13993,0.35049,0.65309,0.16772,0.89343,0.3062,0,0.30562,0.27648,-0.084676,0.52311,0.039508,0.55587,-0.40781,-0.014101,-0.49112,-0.26556,-0.43765,-0.23297,0.18332,1.0173,0.63883,1.4431,0.31948,0.6049,0.38255,0.072727,0.21922,0.28207,0.36958,-0.12707,-0.31951,-0.08543,0.028744,0.28621,-0.040429,0.08319,-0.0021114,0.13893,0.29931,0.25188,0.95198,-0.12265,0.16811,0.028683,0.23028,0.0088108,0.11279,-0.11782,0.35052,0.3363,0.39964,0.69752,0.64775,0.25295,0.16878,-0.1535,0.61127,0.28028,-0.072367,-0.062776,-0.27292,-0.038006,-0.089042,0.40722,0.091633,0.14348,-0.22298,0.37203,0.053815,0.15478,0.748,-0.23726,-0.062929,0.26388,0.45331,0.0089997,-0.0095694,0.016055,0.068576,-0.16418,0.16722,-0.13169,0.18252,-0.094294,0.36332
0.29269,0.25339,0.21135,0.26164,0.56278,0.59365,0.069052,0.089524,0.76622,0.66489,-0.091022,0.16635,0.35079,0.47186,0.41031,0.49713,-0.033878,0.3887,-0.029107,0.25708,0.23257,0.40415,0.31384,0.39546,0.30535,0.30562,0,1.0262,0.41516,0.097374,-0.4213,-0.32583,0.64252,0.50611,0.13495,-0.024016,0.20443,-0.07676,0.44677,0.12098,0.2462,0.20721,-0.35428,-0.36751,0.031987,-0.36328,0.12651,-0.042923,0.65149,0.36384,0.19576,-0.15552,0.37872,0.31801,0.30423,0.015241,-0.31875,-0.35027,-0.2678,0.58939,0.52137,-0.10724,-0.2582,-0.35974,-0.35656,-0.083142,-0.068422,0.12965,-0.28087,-0.15104,-0.23564,-0.19086,-0.033803,0.013894,0.2104,0.068612,0.8325,0.9623,0.59959,0.35542,0.14817,-0.070542,0.077384,0.6886,0.70275,0.90639,0.41413,-0.13751,-0.22495,0.22711,0.10005,0.39671,0.3851,0.49182,0.80782,0.64912,0.79345,0.80445,0.49541,-0.21719,-0.20607,0.1487,-0.22179,-0.036211,0.34884
0.089778,0.037402,0.018176,0.094426,0.16814,0.25928,-0.061378,-0.17925,0.30225,0.55522,-0.20507,-0.016764,0.10266,0.37293,0.21669,0.31651,-0.23576,-0.019916,-0.0071228,0.12895,0.16645,0.28655,0.18199,0.23086,0.19225,0.27648,1.0262,0,0.7179,0.1664,-0.10873,-0.43833,0.39637,0.64072,0.014911,0.1057,0.077107,-0.258,0.30254,-0.05517,0.34643,0.20699,-0.21338,-0.3523,-0.0072341,-0.33342,0.10359,0.044596,0.35337,0.39403,0.32733,-0.25174,0.06364,-0.057504,0.1299,0.11662,-0.274,-0.3403,-0.25037,0.11005,0.12365,-0.22463,-0.24409,-0.43999,-0.48908,-0.14748,-0.22337,-0.11094,-0.317,0.080156,-0.26271,-0.069916,-0.12125,-0.031189,0.031564,-0.19749,0.4818,0.59714,0.55007,0.16837,-0.014847,-0.30515,-0.078521,0.70072,0.73481,0.77629,0.35313,-0.026642,-0.14685,0.096653,-0.066762,0.55426,0.44067,0.5787,0.53442,0.41635,0.64923,0.38737,0.61239,-0.4066,-0.35107,-0.1721,-0.2626,0.27849,0.24801
0.37738,-0.11532,-0.0093264,0.048694,0.38456,0.045407,0.26866,-0.12403,-0.19163,0.086866,-0.014154,-0.047691,0.013699,0.37015,-0.12639,-0.098145,-0.31989,-0.051888,0.017414,-0.1584,-0.063078,-0.025112,0.072411,0.0098916,0.15449,-0.084676,0.41516,0.7179,0,0.25164,0.17874,-0.41282,0.38475,0.43856,0.30923,0.39228,0.17535,0.056517,0.34729,-0.26778,0.37373,-0.061207,-0.073044,-0.10995,-0.13768,0.08985,-0.013434,0.02635,0.12898,0.30655,0.31053,-0.33627,0.25736,-0.19512,0.20622,0.21671,0.050425,-0.24106,-0.04775,0.13158,-0.17144,-0.17883,-0.38166,-0.43715,-0.60775,-0.073276,-0.1821,-0.077957,-0.5471,0.025747,-0.36372,-0.26417,-0.27727,-0.20878,-0.085734,-0.060424,0.039922,0.23881,0.30578,0.051682,0.069251,-0.347,0.037764,0.28344,0.29332,0.27135,0.12797,-0.075502,-0.0050633,-0.11988,-0.25415,0.8469,0.48238,0.61964,0.4213,0.26431,0.44685,0.22684,0.56135,-0.26488,-0.45954,-0.14453,-0.42034,0.31603,0.10959
0.62959,0.38881,0.6995,0.55992,0.22069,0.15021,0.66089,0.81361,0.24675,0.51017,0.48756,1.0258,0.48754,0.5767,0.35051,0.25107,0.12146,0.28169,0.41803,0.12922,-0.24065,0.39203,0.023233,0.32712,0.68131,0.52311,0.097374,0.1664,0.25164,0,0.60428,0.61587,0.12299,0.2101,0.17843,0.30577,0.20544,0.29967,0.56593,0.57539,0.48226,0.41426,0.39787,0.55869,0.55079,0.59812,-0.080499,-0.032918,-0.2222,0.24371,0.018213,-0.035787,0.038472,-0.096956,-0.15294,-0.33484,-0.28552,-0.055523,0.15619,0.15164,0.542,0.36825,0.067936,-0.16037,-0.14525,-0.21556,-0.032126,0.028753,0.068528,-0.14036,0.16012,0.512,0.24889,0.18405,0.050297,0.28936,0.32506,0.49805,0.16896,0.06202,0.078378,0.34588,0.29704,0.36866,0.19014,0.33118,0.27513,0.025278,-0.29081,0.086926,0.60178,0.16893,0.2277,0.15088,0.37819,0.3751,0.41864,0.25556,0.46657,0.14659,-0.054794,0.29981,0.15395,-0.032252,0.48494
0.070381,-0.203,0.20294,0.15277,-0.14518,-0.42567,0.43775,0.18679,-0.2342,0.079151,0.72822,0.37785,0.20126,0.27914,0.03951,-0.19643,0.0083719,0.12159,0.39436,-0.18598,-0.24043,0.09337,-0.21452,-0.2378,0.35211,0.039508,-0.4213,-0.10873,0.17874,0.60428,0,0.64748,-0.0087637,0.030328,0.15974,0.3115,0.20172,0.16068,0.27279,0.15178,0.11728,-0.046653,0.44822,0.37457,0.39163,0.9039,-0.2583,-0.044142,-0.5084,0.099667,0.052412,0.058224,-0.28049,-0.48137,-0.19836,-0.1815,-0.0016625,-0.043268,0.13944,-0.31904,-0.15249,0.48677,0.19978,0.096878,0.03093,-0.16477,-0.11087,-0.1725,0.014646,0.17222,0.34387,0.49699,0.23655,-0.075965,-0.20143,0.14197,-0.2899,-0.077754,0.10606,-0.036993,0.18289,0.07524,0.1726,-0.056987,0.11085,0.012527,0.24489,-0.055394,-0.097281,-0.18567,0.11759,0.078858,0.059898,0.13827,-0.08047,-0.0048317,-0.014883,-0.1136,0.19495,0.35549,0.082366,0.24565,0.16059,0.32194,0.087649
0.31221,0.32705,0.35025,0.14144,0.088799,0.026293,0.52248,0.74317,0.36795,0.3057,0.64293,0.85258,0.32352,0.12547,0.37405,0.23016,0.30545,0.42616,0.37952,-0.12413,-0.010135,0.42677,-0.015051,0.20556,0.50905,0.55587,-0.32583,-0.43833,-0.41282,0.61587,0.64748,0,-0.26292,-0.36141,-0.078306,-0.10689,-0.033309,0.090216,0.31161,0.89649,0.28694,0.45869,0.70725,0.853,0.54386,0.5744,-0.043474,0.11901,-0.18192,-0.10466,-0.26309,0.16305,-0.061126,-0.0011713,-0.18847,-0.17575,0.093051,0.32474,0.49151,0.095768,0.45381,0.51118,0.35727,0.33843,0.44179,0.066836,0.25265,0.1156,0.30062,0.1115,0.66359,1.0355,0.86042,0.31742,0.2199,0.27212,0.087561,0.058089,-0.11009,0.055184,0.098236,0.45123,0.21805,-0.040335,-0.086703,0.015923,-0.050378,0.22478,0.017056,0.018875,0.69421,-0.41218,-0.30539,-0.086042,-0.020161,0.080283,-0.19141,0.062628,-0.11168,0.44565,0.33404,0.48466,0.41273,-0.2199,0.26835
0.13108,-0.39544,0.54953,0.54336,0.54287,0.0052782,0.36101,-0.059469,0.15577,0.079095,0.54675,0.090634,0.66285,0.9321,0.30949,0.23372,0.07654,0.44272,0.32263,0.41582,-0.21573,0.11419,0.083115,-0.24103,0.43903,-0.40781,0.64252,0.39637,0.38475,0.12299,-0.0087637,-0.26292,0,0.74106,0.8077,0.46982,1.1268,0.44245,0.60344,-0.24122,-0.1123,-0.52695,-0.3196,-0.53489,-0.1078,0.024813,-0.12397,-0.23494,0.023129,0.68775,0.58981,-0.10684,0.19977,-0.11191,0.15098,-0.31605,-0.41232,-0.27405,-0.30865,0.28262,0.026041,0.35451,-0.20268,-0.31722,-0.50844,-0.11035,-0.05694,0.25451,-0.48337,-0.53076,-0.29682,-0.31586,-0.2256,-0.073357,0.21883,0.46642,0.27084,0.84162,1.1607,0.66584,0.8398,0.25406,0.3592,0.25571,0.65172,0.83082,0.97966,-0.33266,-0.31086,-0.045993,-0.18931,0.56996,0.40931,0.13609,0.27636,0.72349,0.82559,0.778,0.44535,0.18826,-0.25402,0.76741,-0.16816,-0.15427,0.1153
-0.11621,-0.25697,0.097921,0.27797,0.087655,0.28296,-0.11308,-0.01491,0.055429,0.2635,0.077088,0.065061,0.17206,0.77892,0.13121,0.44214,0.0070024,0.14719,0.23175,0.23757,0.064326,0.24868,0.12015,-0.0015627,0.30693,-0.014101,0.50611,0.64072,0.43856,0.2101,0.030328,-0.36141,0.74106,0,0.2745,0.52303,0.47741,0.34971,0.28318,-0.1254,0.11985,-0.1415,-0.3165,-0.32573,-0.25602,-0.0069411,-0.043965,-0.066423,0.10295,0.50392,0.56609,-0.3595,-0.26562,-0.26655,-0.12287,-0.17919,-0.47548,-0.19916,-0.34785,-0.13756,0.062376,0.060411,0.020213,-0.38004,-0.52629,-0.24893,-0.25137,-0.10492,-0.085721,-0.065769,-0.090418,-0.19068,-0.30893,-0.26074,-0.10849,-0.1006,0.19895,0.52358,0.86815,0.28151,0.42282,-0.19455,0.054267,0.34141,0.5353,0.42104,0.58368,-0.092598,-0.17842,-0.18035,-0.11775,0.37916,0.36244,0.0082498,0.19962,0.071181,0.47431,0.062751,0.42406,-0.058101,-0.19387,0.18728,-0.013743,0.020553,-0.18767
0.11753,-0.58734,0.6558,0.66841,0.45539,-0.19052,0.59859,0.063042,-0.14003,-0.011573,0.68233,0.28702,0.29597,0.64665,0.35222,0.00017829,0.055403,0.44614,0.35871,0.40059,-0.27515,0.055235,0.0011031,-0.30144,0.10398,-0.49112,0.13495,0.014911,0.30923,0.17843,0.15974,-0.078306,0.8077,0.2745,0,1.0906,1.078,0.91741,0.55756,-0.17779,-0.12525,-0.6833,0.047119,-0.22131,0.13748,0.35738,0.27919,0.10637,-0.31813,0.048405,0.078692,0.11687,0.24242,-0.14501,0.063801,-0.18404,-0.066803,0.11046,0.11879,0.32928,-0.083945,0.46372,0.015367,-0.10268,-0.17107,0.3464,0.3851,0.19511,-0.42224,-0.38952,-0.041147,-0.17505,-0.076472,0.34313,0.36685,0.62876,0.074072,0.27926,0.45843,0.23113,0.57345,0.402,0.44299,0.06798,0.31541,0.33222,0.66752,-0.0021363,0.099854,0.053366,0.00090546,0.54482,0.35191,-0.060662,0.070321,0.49927,0.39297,0.54198,0.32172,0.2471,-0.050398,0.63199,-0.050253,-0.0966,0.26463
-0.011831,-0.49951,0.42154,0.61254,0.11806,-0.09708,0.24564,0.080707,-0.34688,0.07724,0.37244,0.37227,0.01891,0.52728,0.096407,0.052934,-0.1336,0.090789,0.18747,0.33941,-0.24053,0.074943,-0.078886,-0.1512,-0.058261,-0.26556,-0.024016,0.1057,0.39228,0.30577,0.3115,-0.10689,0.46982,0.52303,1.0906,0,0.74898,1.0095,0.30986,-0.20204,-0.017037,-0.44944,0.10198,-0.018126,0.15433,0.57065,0.40765,0.26383,-0.38101,0.01269,0.092949,0.026414,0.055425,-0.18273,0.028785,-0.06974,0.026058,0.19081,0.18064,0.10963,-0.08121,0.33153,0.15393,-0.027116,-0.051997,0.32856,0.33301,-0.11053,-0.19992,-0.087427,0.10541,-0.02761,-0.064062,0.30914,0.23192,0.2645,0.01541,0.14473,0.44061,0.08042,0.45201,0.13983,0.24441,0.071302,0.26324,0.095482,0.53922,0.2054,0.25436,-0.16323,0.069655,0.58727,0.51658,-0.011282,0.079028,0.094852,0.2233,0.048351,0.26708,0.15748,0.019163,0.26394,0.06054,-0.039769,0.14153
0.10883,-0.56887,0.64464,0.7057,0.39665,-0.20525,0.52341,0.032977,-0.010371,-0.02475,0.90055,0.27612,0.67911,0.91032,0.26968,0.077045,0.026744,0.50244,0.36013,0.43876,-0.43234,-0.03594,-0.16702,-0.52963,0.33276,-0.43765,0.20443,0.077107,0.17535,0.20544,0.20172,-0.033309,1.1268,0.47741,1.078,0.74898,0,0.85478,0.75518,-0.083752,-0.18694,-0.60584,-0.18855,-0.40833,0.048443,0.29403,-0.15601,-0.30465,-0.41481,0.4472,0.33689,-0.086098,0.23155,-0.1368,0.2182,-0.40758,-0.33927,-0.20216,-0.18916,0.10663,-0.062214,0.41654,-0.1456,-0.20959,-0.33634,-0.081148,0.021559,0.28265,-0.39896,-0.56903,-0.25394,-0.090774,-0.072567,0.10049,0.38995,0.82918,0.18747,0.55146,0.88519,0.61961,1.2006,0.32626,0.27054,-0.11503,0.32451,0.48434,0.83341,-0.3775,-0.32211,-0.14753,-0.1988,0.35145,0.23117,-0.067889,0.084531,0.59717,0.51132,0.5731,0.12534,0.14388,-0.23062,0.81728,-0.20035,-0.20684,0.22789
0.036593,-0.28812,0.57682,0.85281,0.26185,0.14038,0.29764,0.43483,-0.16714,0.089823,0.49137,0.49196,0.18999,0.55062,0.20201,0.16687,0.25576,0.4689,0.42984,0.49532,-0.096799,0.020627,0.10098,-0.15851,0.084635,-0.23297,-0.07676,-0.258,0.056517,0.29967,0.16068,0.090216,0.44245,0.34971,0.91741,1.0095,0.85478,0,0.34756,0.049244,-0.10934,-0.42478,-0.16542,-0.066256,0.17889,0.48398,0.19555,0.056992,-0.27401,-0.068129,-0.046211,0.17735,0.26205,0.15357,0.21577,-0.18731,-0.13667,0.048066,0.053279,0.20373,0.16994,0.46253,0.25568,0.15837,0.064262,0.20676,0.32932,0.26487,0.019515,-0.1859,0.076261,-0.11375,-0.16774,0.15616,0.16329,0.42915,0.073294,0.11795,0.27143,0.059459,0.55833,0.34229,0.48177,-0.071508,0.10675,0.011336,0.46674,-0.029518,0.062154,0.011627,0.14977,0.20664,0.29915,-0.33643,0.079863,0.049715,0.16411,0.11158,0.097193,0.34954,0.16158,0.46118,0.17099,-0.16046,0.11645
0.71169,-0.012385,0.43665,0.36255,0.87428,0.034456,1.0239,0.35963,0.50396,0.26002,0.80975,0.57984,0.88825,0.94137,0.42456,0.1702,-0.061579,0.67637,0.28699,0.0094188,-0.28597,0.30841,-0.035022,-0.045733,0.94095,0.18332,0.44677,0.30254,0.34729,0.56593,0.27279,0.31161,0.60344,0.28318,0.55756,0.30986,0.75518,0.34756,0,0.56483,0.52262,0.097885,0.22913,0.077225,0.065004,0.19331,-0.13299,-0.25727,-0.15315,0.45089,0.13007,-0.43344,0.30272,-0.16291,0.049473,-0.24944,-0.16951,-0.065768,0.17356,0.19862,0.20395,0.1171,-0.42389,-0.45908,-0.5196,-0.12268,-0.027869,0.1616,-0.57237,-0.38886,-0.15057,0.3104,0.38696,0.23895,0.48695,0.69872,0.48962,0.72394,0.55032,0.53376,0.56189,0.1166,0.049903,0.04229,0.25276,0.55432,0.40487,-0.1889,-0.38149,0.00088027,0.10333,0.099353,-0.087187,0.10653,0.23161,0.72577,0.36287,0.78811,0.11587,-0.18158,-0.55807,0.62481,-0.38233,-0.31628,0.33596
0.43598,0.61056,0.16328,0.072623,0.39134,0.47889,0.35519,0.94628,0.91125,0.52887,0.2811,0.82968,0.45368,0.31245,0.46304,0.40529,0.1324,0.48164,0.17829,-0.11821,0.092444,0.42404,0.0041848,0.40519,0.6492,1.0173,0.12098,-0.05517,-0.26778,0.57539,0.15178,0.89649,-0.24122,-0.1254,-0.17779,-0.20204,-0.083752,0.049244,0.56483,0,0.535,0.80749,0.39118,0.62122,0.3043,0.094525,0.020958,0.021187,0.034994,0.025961,-0.20189,-0.22081,0.038701,0.18281,-0.12893,-0.2258,-0.13331,0.14105,0.33097,0.12619,0.70299,0.11198,0.051718,-0.072139,0.061239,-0.051889,0.11622,0.17358,0.16959,0.15283,0.33644,0.77089,0.71714,0.27254,0.26053,0.25063,0.59816,0.27875,-0.076158,0.15503,0.015404,0.09848,-0.075541,0.010914,-0.16216,0.046317,-0.20583,0.12008,-0.17934,0.11638,0.62206,-0.55618,-0.46815,-0.13386,0.1229,0.13234,-0.077173,0.21093,-0.11499,-0.13871,-0.048555,0.21644,0.06071,-0.36356,0.25093
0.74249,0.49785,-0.12345,-0.15524,0.35369,0.30996,0.43036,0.36674,0.31337,0.32852,-0.037794,0.37953,0.0023958,0.11429,0.063608,0.26808,-0.080823,0.10481,-0.012457,-0.25322,0.24379,0.70245,0.43836,0.66126,0.5282,0.63883,0.2462,0.34643,0.37373,0.48226,0.11728,0.28694,-0.1123,0.11985,-0.12525,-0.017037,-0.18694,-0.10934,0.52262,0.535,0,0.83023,0.52056,0.58643,-0.093492,-0.018646,0.097668,0.067048,0.31279,0.014265,-0.20336,-0.38735,0.12515,-0.10496,-0.11771,0.48611,0.38999,0.31766,0.52285,0.083145,0.25434,-0.31937,-0.20139,-0.084322,-0.13615,-0.017303,-0.070122,-0.18579,-0.15876,0.089423,0.1873,0.44539,0.42626,0.20746,0.10091,-0.27872,0.093351,0.18016,-0.082681,-0.16175,-0.22155,-0.23172,-0.17782,0.2648,0.13679,0.16431,-0.066279,0.33179,0.097887,0.09071,0.32333,-0.10875,-0.16574,0.097925,0.18245,0.022519,-0.13388,0.017439,-0.021585,-0.2232,-0.33334,-0.060529,-0.054207,-0.1941,-0.022015
0.51446,1.1947,-0.18618,-0.26424,0.036689,0.57861,0.063352,0.56419,0.60666,0.55659,-0.27031,0.48153,-0.048426,-0.12287,0.070788,0.40409,-0.085755,0.032402,-0.21799,-0.22113,0.33986,0.59694,0.18956,0.92951,0.24187,1.4431,0.20721,0.20699,-0.061207,0.41426,-0.046653,0.45869,-0.52695,-0.1415,-0.6833,-0.44944,-0.60584,-0.42478,0.097885,0.80749,0.83023,0,0.37815,0.71116,0.23836,-0.065896,0.02334,0.059739,0.42543,-0.081661,-0.2819,-0.20575,0.057014,0.27242,-0.014258,0.29811,0.19261,0.13324,0.2393,0.1353,0.69336,-0.28853,0.020548,0.055531,0.18049,-0.16971,-0.13628,-0.095944,0.26359,0.27952,0.31942,0.66429,0.55427,0.1494,0.081396,-0.32954,0.31262,0.16484,-0.2435,-0.1257,-0.37272,-0.19154,-0.32853,0.21081,-0.066573,0.027008,-0.39677,0.25347,0.00075559,0.060226,0.53259,-0.35505,-0.2241,0.20842,0.36114,-0.01986,-0.096182,-0.063758,-0.11036,-0.21082,0.029353,-0.23696,0.1166,-0.14643,0.21064
0.37568,0.12497,0.044927,-0.22203,0.050252,-0.27823,0.48651,0.17153,0.062911,-0.023183,0.28197,0.4156,-0.0066014,-0.059348,0.12897,-0.05583,-0.12984,-0.067501,-0.055613,-0.3752,-0.21821,0.38516,-0.1515,0.23883,0.22126,0.31948,-0.35428,-0.21338,-0.073044,0.39787,0.44822,0.70725,-0.3196,-0.3165,0.047119,0.10198,-0.18855,-0.16542,0.22913,0.39118,0.52056,0.37815,0,1.0968,0.1624,0.43088,0.24523,0.30214,-0.30944,-0.15218,-0.2257,-0.16595,-0.26859,-0.47777,-0.61966,0.064424,0.49284,0.85107,0.95082,0.0090939,-0.0015564,0.09331,0.036649,0.0035009,0.18419,0.30705,0.30348,-0.36802,-0.053075,0.019021,0.51758,0.87628,0.99391,0.62995,0.35059,0.078672,-0.13133,-0.08199,-0.22106,-0.05006,-0.15631,0.16579,-0.16128,-0.049912,-0.21753,-0.12611,-0.20326,0.59773,0.29655,-0.1162,0.47394,-0.19536,-0.34995,-0.0093088,-0.27339,0.020689,-0.34586,-0.098427,-0.17358,0.038766,-0.012647,0.1767,0.18057,-0.31238,0.070896
0.52668,0.60277,-0.01526,-0.18012,0.083469,0.13441,0.32147,0.62453,0.15579,0.089714,0.10127,0.62531,-0.018705,-0.11487,-0.07478,0.065432,-0.13122,-0.10992,-0.14947,-0.39973,-0.078942,0.36641,-0.084024,0.55644,0.24361,0.6049,-0.36751,-0.3523,-0.10995,0.55869,0.37457,0.853,-0.53489,-0.32573,-0.22131,-0.018126,-0.40833,-0.066256,0.077225,0.62122,0.58643,0.71116,1.0968,0,0.21597,0.50265,0.15474,0.26956,-0.059412,-0.14332,-0.26617,-0.1362,-0.10013,-0.051538,-0.34131,0.08709,0.47514,0.62995,0.80544,0.086149,0.32249,0.081428,0.13289,0.16049,0.33044,0.14381,0.21023,-0.22113,0.2148,0.2196,0.62628,0.76508,0.77447,0.3036,0.11083,-0.060187,-0.025793,-0.095289,-0.36601,-0.11416,-0.22664,0.069364,-0.14421,-0.078393,-0.38588,-0.36578,-0.43149,0.53755,0.27043,-0.17622,0.62813,-0.3091,-0.27499,0.01837,-0.028328,-0.21162,-0.4111,-0.27854,-0.19206,0.1103,0.10537,0.024415,0.23082,-0.39715,0.0087961
0.085634,0.27906,0.59892,0.52979,-0.12769,0.10328,0.21639,0.51806,0.18023,0.71209,0.2724,0.78404,0.10436,0.096838,0.46751,0.12305,0.21502,0.36984,0.24867,0.43119,0.065935,0.23605,0.063356,0.23588,-0.091252,0.38255,0.031987,-0.0072341,-0.13768,0.55079,0.39163,0.54386,-0.1078,-0.25602,0.13748,0.15433,0.048443,0.17889,0.065004,0.3043,-0.093492,0.23836,0.1624,0.21597,0,0.5044,0.23083,0.13983,-0.11737,-0.26766,-0.32943,0.64203,0.25372,0.41863,0.28513,-0.073594,-0.11263,-0.17971,-0.016286,0.42838,0.59953,0.54402,0.4244,0.39376,0.52389,0.12627,0.23911,0.087246,0.22005,0.12596,0.32995,0.50683,0.25845,0.44403,0.17216,0.20888,0.26258,0.12167,-0.052442,-0.17369,-0.059294,0.41839,0.3682,0.32147,0.28628,0.25918,0.27219,-0.0020514,-0.047946,0.31052,0.76574,0.14359,0.38464,0.26479,0.46643,0.36188,0.39272,0.29355,0.31383,0.44294,0.62007,0.16263,0.52497,0.34519,1.0544
