,,,,,,,,,,,,,,,,,,,,,,,,,,,,,,,,,,,,,,,,,,,,,,,,,,,,,,,,,,,,,,,,,,,,,,,,,,,,,,,,,,,,,,,,,,,,,,,,,,,,,,,,
0,0.63953,0.11359,0.075435,0.36842,-0.12102,0.80061,0.53493,0.061561,0.09741,0.21759,0.21006,-0.32265,-0.50717,-0.14488,0.048319,-0.06808,-0.46997,-0.16802,-0.28787,-0.27719,-0.041123,0.16621,0.16322,0.26833,0.14248,-0.22328,-0.22079,0.51746,0.50988,0.27971,0.47265,-0.18627,-0.20084,0.058856,0.03919,0.2381,0.26116,0.49133,0.2739,0.73915,0.21108,0.59594,0.42347,-0.11499,0.59335,-0.12056,0.032783,0.22285,-0.42063,-0.60425,0.29549,0.47978,0.23943,0.13594,0.39683,0.087949,0.23218,0.053031,0.38747,0.5288,-0.12738,-0.20367,-0.00062243,-0.07824,0.033259,-0.13449,-0.21093,-0.3348,-0.2445,-0.16448,-0.087855,-0.094754,-0.049584,0.12347,0.24422,-0.29129,-0.29888,-0.39943,-0.32191,-0.16387,0.16276,0.06855,0.14908,-0.44669,-0.38129,-0.24135,0.079334,-0.045443,-0.46933,0.41599,0.024663,-0.085051,0.22178,-0.070181,-0.41441,-0.35114,-0.25674,-0.17673,0.18219,-0.21647,-0.030584,-0.068775,-0.09199,0.12804
0.63953,0,-0.49649,-0.48256,0.11657,0.25026,0.62019,0.6932,0.056099,-0.12122,-0.21749,0.31634,-0.52526,-0.62212,-0.38453,0.042338,-0.4636,-0.63413,-0.64992,-0.50927,-0.048644,-0.015769,0.19265,0.44935,-0.042858,0.22626,-0.2076,-0.0773,0.39272,0.41597,0.20011,0.27184,-0.38305,-0.4937,-0.038952,-0.045821,-0.12402,-0.050592,0.078391,0.36633,0.56341,0.69828,0.38072,0.70094,-0.14652,0.16919,-0.31459,-0.53002,-0.066346,-0.2576,-0.39441,0.12628,-0.08979,0.085183,-0.41771,0.20279,0.0013317,-0.013781,-0.11894,-0.13719,0.33093,-0.82975,-0.5263,-0.1317,-0.13427,-0.022399,-0.23136,-0.5545,-0.65745,-0.16228,-0.33525,-0.087476,-0.089457,0.19293,0.23122,-0.25682,-0.37617,-0.63214,-0.70189,-0.4556,-0.6554,0.0075252,0.079872,-0.13842,-0.55312,-0.73514,-0.63751,-0.30229,-0.37546,-0.28395,0.45487,-0.22985,-0.053803,0.14101,0.055873,-0.43467,-0.38203,-0.18164,-0.15549,-0.21368,-0.060488,-0.57731,-0.19278,-0.372,-0.0062911
0.11359,-0.49649,0,1.9138,0.13262,-0.31077,-0.28198,-0.45024,-0.011833,-0.15826,0.038938,-0.44785,0.47279,0.35854,0.17276,0.014034,0.66074,0.35814,0.49743,0.39721,-0.23445,-0.015555,-0.014156,-0.24241,0.27963,-0.16288,0.12767,-0.093146,-0.29912,-0.066594,-0.22652,-0.087989,0.20644,0.4321,-0.17224,-0.19066,0.14321,0.0069347,0.10497,-0.29279,-0.11299,-0.48722,-0.071776,-0.41743,0.081219,0.11564,0.27705,0.62165,0.25423,0.059795,0.21287,0.07028,0.66601,0.49636,1.0055,0.086718,0.26366,0.38739,0.5838,0.78973,0.1638,0.52111,0.14999,0.029039,0.078041,0.20031,0.32262,0.30788,0.28199,-0.29458,0.17462,-0.10239,-0.039263,-0.28548,-0.28738,0.76224,0.29445,0.63972,0.708,0.37075,0.7516,0.61838,0.3105,0.64399,0.55163,0.60554,0.72895,0.43684,0.43571,-0.25628,-0.19041,0.42843,0.10002,0.12232,0.21949,0.56547,0.51152,0.35998,0.30543,0.70209,-0.00087971,0.93663,0.37386,0.56023,0.3805
0.075435,-0.48256,1.9138,0,0.014845,-0.38383,-0.34682,-0.44789,-0.046624,-0.29204,-0.041455,-0.63304,0.33679,0.26084,0.10691,0.029352,0.52322,0.31948,0.54921,0.39645,-0.23072,-0.091584,-0.019323,-0.30086,0.25799,-0.24713,0.11956,-0.17757,-0.36579,-0.062332,-0.26275,-0.058946,0.061803,0.33589,-0.30029,-0.32718,-0.049199,-0.12179,-0.0092002,-0.42835,-0.095774,-0.60008,-0.026572,-0.38771,0.083255,0.12131,0.32665,0.79545,0.29718,-0.053822,0.13884,0.072709,0.71038,0.56293,1.1002,0.20945,0.45754,0.46025,0.61359,0.80359,0.091865,0.55598,0.21761,0.096305,0.13213,0.24575,0.40262,0.33637,0.4305,-0.22453,0.26181,-0.029573,0.023712,-0.25298,-0.24739,0.72623,0.29363,0.55371,0.66299,0.2883,0.59041,0.41732,0.27639,0.6969,0.62925,0.61827,0.70729,0.60837,0.64889,-0.30072,-0.16191,0.58005,0.25577,0.12636,0.19305,0.52404,0.53053,0.2768,0.33798,0.66191,0.045788,0.79455,0.29487,0.68576,0.41775
0.36842,0.11657,0.13262,0.014845,0,0.67358,0.26261,0.042686,0.22469,0.064885,0.5718,0.16374,0.28746,0.39455,0.25764,0.57998,0.18049,0.084957,0.03764,-0.26174,0.13172,0.3628,0.26975,0.15439,0.43978,0.09338,0.4073,0.59311,0.51584,0.26133,0.15975,-0.11165,0.41773,0.30875,0.29832,0.36377,0.59625,0.33455,0.6164,0.33543,0.37052,0.19086,0.18899,-0.25835,0.16601,0.14685,-0.25315,-0.18391,-0.036378,0.58717,0.49045,0.031913,0.22482,0.0031638,0.21286,-0.0056168,-0.35728,-0.068526,-0.087477,0.54378,0.43777,0.019985,0.051106,0.10223,-0.025447,0.076673,-0.09349,0.4079,-0.19244,0.10972,0.075415,0.087321,0.022716,-0.023948,-0.071188,0.21347,-0.07091,-0.0037146,0.17268,0.30206,0.45961,0.32477,0.34064,-0.15594,-0.03896,-0.017868,0.28716,-0.1836,-0.5677,-0.15584,0.065354,0.13024,-0.18867,0.22535,0.13671,0.25584,0.13397,0.36387,0.019376,0.23821,-0.074674,0.36773,0.23014,-0.31965,-0.22653
-0.12102,0.25026,-0.31077,-0.38383,0.67358,0,-0.068607,-0.14559,0.58949,-0.10315,0.015475,0.055084,0.18865,0.36654,0.14167,0.56301,-0.090427,0.18414,-0.23748,-0.14475,0.62725,0.7342,0.50378,0.63148,0.28199,0.42021,0.92732,1.2035,0.14443,-0.1047,-0.10941,-0.43791,0.28896,0.12018,0.1625,0.22236,0.12098,-0.059783,0.22485,0.23694,0.27628,0.75714,-0.028761,-0.040175,0.18941,-0.23721,-0.078874,-0.50727,0.058123,0.68787,0.67308,-0.31537,-0.54615,-0.45508,-0.38109,-0.21203,-0.60986,-0.51363,-0.43442,0.18522,0.43165,-0.52129,-0.20404,-0.10283,-0.28062,0.13936,-0.10223,0.15585,-0.18814,-0.0012788,-0.039591,0.18138,0.25551,0.38725,0.24416,-0.40086,-0.033525,-0.21,0.025152,0.20522,0.0016076,0.025369,0.11649,-0.15778,0.11941,-0.092428,0.096009,-0.50602,-0.92638,0.11434,0.27324,-0.21288,-0.22994,-0.13502,0.14871,0.4769,0.40698,0.71597,0.28957,-0.14546,0.074787,0.0095862,0.30983,-0.37231,-0.078031
0.80061,0.62019,-0.28198,-0.34682,0.26261,-0.068607,0,1.1849,-0.24846,0.41646,0.5263,0.80501,-0.20665,-0.30886,0.087568,-0.073346,-0.15692,-0.57275,-0.41239,-0.20175,-0.19381,-0.068043,0.14821,0.15998,-0.041731,-0.028658,-0.53453,-0.21426,0.79016,1.0496,0.947,0.79914,0.11765,-0.092005,0.57112,0.42508,0.55296,0.74607,0.14515,0.17878,0.38523,0.16447,0.66064,0.66628,0.10996,0.62915,-0.10402,-0.28002,0.24249,-0.24492,-0.6216,0.67716,0.24657,0.13203,-0.20054,0.57633,0.14887,0.17685,-0.10312,-0.089231,0.19234,-0.11717,-0.028459,0.34292,0.3809,0.053187,-0.1074,-0.2297,-0.60278,-0.0091678,0.11673,0.041477,-0.062043,0.17529,0.22249,-0.11142,-0.73891,-0.47301,-0.65994,-0.57811,-0.31652,0.19267,0.23765,-0.30029,-0.77362,-0.75532,-0.41482,-0.1978,-0.12783,0.019876,0.29731,-0.18582,-0.1471,0.14719,-0.17269,-0.71682,-0.74783,-0.59944,-0.71803,0.09183,0.13499,-0.18217,-0.077271,-0.28929,-0.22591
0.53493,0.6932,-0.45024,-0.44789,0.042686,-0.14559,1.1849,0,-0.49691,0.17417,0.28413,0.46486,-0.46851,-0.42217,0.041519,0.037465,-0.15344,-0.52769,-0.36556,-0.15151,-0.15768,-0.31386,0.085093,-0.1061,-0.31058,-0.31879,-0.7608,-0.4748,0.68261,0.94667,0.79401,0.79262,-0.11479,-0.23858,0.40013,0.46225,0.22967,0.63982,-0.053472,0.15958,0.21156,0.045064,0.61099,0.8311,0.097087,0.54073,-0.065386,-0.18382,-0.061405,-0.37913,-0.66756,0.77911,0.15939,0.092097,-0.37688,0.3333,0.23101,0.20745,-0.015141,-0.23919,-0.073662,-0.11051,0.0072477,0.38884,0.3156,0.12134,0.075907,-0.2818,-0.4599,0.28325,0.20804,0.08336,-0.031423,0.26334,0.28282,-0.22552,-0.99043,-0.73109,-0.92574,-0.9692,-0.53922,0.053079,0.32344,-0.51512,-1.1028,-1.1942,-0.72713,-0.068686,-0.034425,0.14477,0.22055,-0.28318,-0.10715,0.14747,-0.16073,-0.83265,-0.70784,-0.67555,-0.58667,0.0017044,0.16776,-0.40206,-0.13247,-0.22685,-0.18636
0.061561,0.056099,-0.011833,-0.046624,0.22469,0.58949,-0.24846,-0.49691,0,0.20358,-0.078446,-0.071642,0.08946,0.020865,0.093985,0.25983,0.1374,0.44611,0.25738,0.027059,0.71998,1.0066,0.70994,0.9735,1.1164,1.2739,0.93841,0.56493,0.0014091,-0.29174,-0.43487,-0.20874,-0.11384,-0.089873,-0.34605,-0.29773,-0.19537,-0.4322,0.67719,0.46097,0.60286,0.77641,0.019281,0.004288,-0.10535,-0.014856,0.050462,-0.1283,0.22664,0.010954,0.2015,-0.53143,-0.46113,-0.47275,-0.23002,-0.10338,-0.52159,-0.45683,-0.49226,0.31298,0.84989,-0.29952,-0.24121,-0.41928,-0.51832,-0.070224,-0.1214,-0.030983,-0.051343,-0.15889,-0.28377,0.12473,0.33748,0.019554,0.040482,-0.12818,0.48996,0.13795,0.076498,0.19036,-0.024666,-0.088025,-0.036572,0.59966,0.46054,0.38074,0.32479,-0.19442,-0.55172,-0.047991,0.46461,-0.13258,-0.25762,-0.13717,0.071774,0.528,0.56122,0.52134,0.74812,-0.14556,-0.13885,-0.092294,0.082009,-0.05957,0.10163
0.09741,-0.12122,-0.15826,-0.29204,0.064885,-0.10315,0.41646,0.17417,0.20358,0,0.75249,0.91341,0.15426,0.099569,0.49973,-0.03524,0.30132,0.32543,0.28584,0.15472,0.32826,0.41967,0.23485,0.22507,0.29205,0.38388,-0.13333,-0.030901,0.48644,0.18136,0.52872,0.52812,0.40397,0.22507,0.51536,0.48784,0.56669,0.54005,0.39078,0.30764,0.034103,0.12173,0.19359,0.15227,0.21716,0.56536,-0.0064297,-0.05531,0.19331,-0.11238,-0.26591,0.17515,-0.10414,-0.27211,-0.22757,0.13764,-0.14202,-0.2163,-0.34635,-0.23611,0.25949,0.19148,0.09499,0.058768,0.12852,-0.18242,-0.084126,0.046299,-0.39896,0.1804,0.061937,0.050644,0.12232,-0.11777,-0.081052,-0.037311,-0.017117,0.14914,-0.16417,-0.19771,0.065197,0.005521,0.038507,0.07019,-0.14543,0.00022191,0.088501,-0.2113,-0.20534,0.47018,0.084574,-0.10738,-0.19739,0.16578,0.04099,-0.24745,-0.26968,-0.35872,-0.092369,0.0092244,0.051648,-0.17692,-0.20838,-0.0069688,-0.2423
0.21759,-0.21749,0.038938,-0.041455,0.5718,0.015475,0.5263,0.28413,-0.078446,0.75249,0,0.567,0.14323,0.25041,0.6187,0.29091,0.42734,0.15926,0.19038,0.089371,0.1968,0.16798,0.19973,-0.14444,0.26235,-0.10012,-0.036298,0.023771,0.62933,0.41058,0.80807,0.40782,0.61504,0.31444,0.82432,0.81515,0.91462,0.91363,0.32952,0.10396,0.042265,-0.25213,0.49517,-0.081253,0.57946,0.72815,0.094501,0.18208,0.27422,0.1194,-0.037841,0.58692,0.23464,-0.123,0.090198,0.28589,-0.041806,0.17993,-0.047121,0.23224,0.2037,0.40808,0.45264,0.63186,0.43718,0.27518,0.24222,0.38672,-0.25267,0.44106,0.48999,0.49858,0.34336,0.14229,0.1422,0.021221,-0.33717,-0.063203,-0.12546,-0.15416,0.21768,0.21641,0.3803,-0.16893,-0.08853,-0.044704,0.23958,0.092374,-0.037092,0.42204,0.15389,0.14478,-0.056874,0.09735,-0.1844,-0.14761,-0.20752,-0.27381,-0.23751,0.49349,0.41524,0.31543,0.15228,-0.12486,-0.37443
0.21006,0.31634,-0.44785,-0.63304,0.16374,0.055084,0.80501,0.46486,-0.071642,0.91341,0.567,0,-0.051189,-0.10321,0.066783,-0.24451,-0.11562,-0.2271,-0.33001,-0.32433,-0.027745,0.09323,-0.07458,0.25967,-0.071483,0.20294,-0.29197,0.028011,0.47574,0.41109,0.70507,0.42477,0.32607,-0.054391,0.70531,0.57593,0.73784,0.64412,0.13094,0.29967,-0.047766,0.25016,0.10185,0.21136,0.12787,0.33868,-0.25436,-0.50255,0.034264,-0.022029,-0.31257,0.1977,-0.1023,-0.060494,-0.33378,0.10253,-0.19208,-0.092236,-0.30883,-0.41955,0.19541,-0.23809,-0.17049,0.034342,0.23832,-0.18755,-0.32223,-0.1424,-0.73226,-0.027653,-0.1132,-0.053832,-0.095465,0.02531,-0.012769,-0.13527,-0.21106,-0.1883,-0.42119,-0.15888,-0.065875,0.12985,-0.038677,-0.35508,-0.55392,-0.37574,-0.27807,-0.5245,-0.4127,0.23932,0.025404,-0.27396,-0.19347,0.14517,0.047192,-0.47789,-0.64394,-0.41346,-0.50559,-0.053272,0.088179,-0.27105,-0.16925,-0.4169,-0.29503
-0.32265,-0.52526,0.47279,0.33679,0.28746,0.18865,-0.20665,-0.46851,0.08946,0.15426,0.14323,-0.051189,0,1.4998,0.57333,0.093136,0.48169,0.49378,0.23353,0.28195,0.12785,0.42059,0.16739,0.13566,0.15093,0.18424,0.30474,0.43798,0.13795,-0.042255,-0.1741,-0.22057,0.92855,1.4027,0.12819,0.0095793,0.27259,0.062575,0.1413,-0.012183,-0.083018,0.016857,-0.11495,-0.32433,0.071872,-0.24053,0.01667,0.041863,0.17818,0.90644,0.7599,-0.2064,0.13471,0.067591,0.40405,0.092397,0.086845,-0.044553,0.21441,0.16186,0.014938,0.21214,-0.06506,-0.067035,-0.10297,-0.12007,0.010762,0.091582,-0.11988,-0.10607,0.016599,-0.14679,-0.10388,-0.24479,-0.27282,0.33731,0.2529,1.0246,0.99776,0.44803,0.58739,0.36923,0.20319,0.25622,0.51501,0.56224,0.48086,0.046112,-0.0058048,0.099069,-0.23666,0.2401,-0.13464,0.08796,0.26108,0.50431,0.28203,0.4012,0.13496,-0.026519,-0.1239,0.50737,0.21405,0.3404,-0.032912
-0.50717,-0.62212,0.35854,0.26084,0.39455,0.36654,-0.30886,-0.42217,0.020865,0.099569,0.25041,-0.10321,1.4998,0,0.69451,0.35639,0.51214,0.65287,0.30595,0.31304,0.28492,0.4114,0.16945,-0.025795,0.067054,-0.017377,0.42598,0.55095,0.10958,-0.074701,-0.10526,-0.30928,1.0646,1.4262,0.25663,0.2526,0.31827,0.16057,0.050016,-0.10666,-0.24884,-0.096035,-0.15434,-0.45296,0.27192,-0.21611,0.097324,0.11643,0.10891,1.1343,1.0365,-0.16167,0.046979,-0.0402,0.31896,-0.03565,0.030651,-0.079149,0.17996,0.20109,-0.039026,0.28618,0.10169,0.085003,-0.029486,0.061295,0.18028,0.36159,0.0098135,0.1197,0.23606,0.010193,0.046838,-0.077681,-0.17805,0.2196,0.15748,0.70065,0.91782,0.41576,0.64754,0.28627,0.28617,0.044634,0.46969,0.43825,0.51457,0.060496,-0.039335,0.27419,-0.27805,0.25303,-0.078751,0.10617,0.33723,0.63911,0.43298,0.50561,0.21524,0.06443,0.028957,0.55057,0.33099,0.30162,-0.037469
-0.14488,-0.38453,0.17276,0.10691,0.25764,0.14167,0.087568,0.041519,0.093985,0.49973,0.6187,0.066783,0.57333,0.69451,0,0.57858,0.93323,0.71457,0.38794,0.81026,0.74104,0.64821,0.67292,0.090188,0.23525,0.046001,0.19894,0.22282,0.43612,0.1585,0.32432,0.13288,0.75366,0.72835,0.49046,0.56059,0.34078,0.50956,0.16928,0.02614,0.020505,-0.031526,0.41032,0.091008,0.64999,0.35779,0.12684,0.19822,0.32364,0.31704,0.26501,0.42818,-0.037473,-0.26909,-0.070531,0.16074,0.10533,-0.1844,-0.079339,0.17342,0.043819,0.45067,0.46254,0.51557,0.081796,0.17935,0.40712,0.26228,-0.13292,0.39421,0.51169,0.38382,0.29725,0.075023,0.028367,-0.10432,-0.16304,0.31206,0.18999,-0.2786,0.10187,0.36254,0.67279,0.030843,0.20314,0.1122,0.28321,0.043397,-0.019102,0.58639,0.13595,-0.079229,-0.3638,-0.036207,-0.051108,0.25346,0.26239,0.050112,0.26098,0.14819,0.40067,0.24557,0.33197,0.1906,-0.32988
0.048319,0.042338,0.014034,0.029352,0.57998,0.56301,-0.073346,0.037465,0.25983,-0.03524,0.29091,-0.24451,0.093136,0.35639,0.57858,0,0.37949,0.31076,0.22997,0.19758,0.65548,0.47741,0.53375,0.034416,0.25115,-0.023897,0.4011,0.35636,0.36107,0.018645,0.064608,-0.20195,0.18999,0.23953,0.11148,0.34502,0.0011781,0.032539,0.22085,0.12447,0.2427,0.15632,0.3657,-0.054708,0.33724,0.20319,0.04874,0.198,0.12135,0.32597,0.43151,0.15215,-0.066228,-0.24143,-0.051805,0.0074465,-0.048474,-0.069977,0.052714,0.44446,0.36296,0.10258,0.26822,0.25731,-0.17281,0.44049,0.44796,0.38084,0.0031549,0.31837,0.22296,0.40059,0.37994,0.18426,0.19955,-0.11189,-0.099873,-0.066345,0.13784,-0.10854,0.02476,0.10192,0.57909,-0.083176,0.14128,-0.036657,0.27922,0.14491,-0.16488,0.12597,0.32127,0.094314,-0.10121,0.26526,0.27412,0.43833,0.49863,0.29015,0.49628,0.13328,0.22215,0.19258,0.38768,-0.029848,-0.049975
-0.06808,-0.4636,0.66074,0.52322,0.18049,-0.090427,-0.15692,-0.15344,0.1374,0.30132,0.42734,-0.11562,0.48169,0.51214,0.93323,0.37949,0,0.76542,0.57857,0.60271,0.41042,0.3391,0.4547,-0.047852,0.37476,0.025695,0.18983,-0.042202,0.1788,0.024156,-0.025019,0.015871,0.41218,0.49551,0.11563,0.28098,0.23183,0.31917,0.32383,0.17003,-0.044978,-0.17965,0.23179,-0.13709,0.36578,0.29828,0.17538,0.4505,0.13942,0.0942,0.2527,0.30326,0.17619,-0.017813,0.20699,-0.034532,0.079642,0.17306,0.24429,0.49785,0.21261,0.45402,0.25889,0.2716,-0.068469,0.23478,0.51383,0.14841,-0.10356,0.26079,0.23578,0.29826,0.23279,-0.10711,-0.142,0.23267,0.12663,0.51689,0.31255,-0.082671,0.33464,0.74583,0.83439,0.32916,0.34134,0.39103,0.37058,0.30187,0.10161,0.2911,0.051469,-0.054983,-0.41632,-0.042248,0.020726,0.48262,0.47076,0.23517,0.54544,0.45271,0.28724,0.50604,0.51034,0.24547,-0.090858
-0.46997,-0.63413,0.35814,0.31948,0.084957,0.18414,-0.57275,-0.52769,0.44611,0.32543,0.15926,-0.2271,0.49378,0.65287,0.71457,0.31076,0.76542,0,0.95257,0.66365,0.77727,0.66065,0.48556,0.10487,0.51664,0.24149,0.5931,0.30349,-0.11128,-0.28795,-0.21414,-0.072717,0.37586,0.53314,-0.026023,0.1187,0.033057,0.016842,0.25562,0.010463,-0.14933,-0.068157,-0.14019,-0.27555,0.38831,0.11068,0.25272,0.31284,0.056935,0.23741,0.46164,-0.18621,-0.18667,-0.29676,0.057596,-0.23834,-0.1285,-0.36561,-0.17266,0.21313,0.094842,0.38879,0.21911,-0.017229,-0.13257,0.010265,0.30826,0.43163,0.19734,0.31763,0.36803,0.13835,0.3344,-0.079895,-0.211,0.10176,0.3541,0.51054,0.43603,0.13772,0.41693,0.079349,0.24999,0.43245,0.60891,0.5178,0.58917,0.063045,-0.095285,0.46056,-0.086067,0.12608,-0.091242,-0.046026,0.21151,0.66815,0.74647,0.47312,0.79698,0.1427,0.093417,0.16177,0.10636,0.47878,0.049797
-0.16802,-0.64992,0.49743,0.54921,0.03764,-0.23748,-0.41239,-0.36556,0.25738,0.28584,0.19038,-0.33001,0.23353,0.30595,0.38794,0.22997,0.57857,0.95257,0,0.3679,0.27673,0.24075,0.21523,-0.16362,0.58527,0.040529,0.1852,-0.073113,-0.062172,-0.1036,-0.26531,0.075693,-0.00118,0.33016,-0.29284,-0.11891,-0.070218,-0.055297,0.40435,0.025945,-0.023518,-0.38694,-0.1446,-0.40919,0.014247,0.19441,0.16402,0.6511,-0.038758,-0.13291,0.14773,-0.13556,0.22698,0.048223,0.39041,0.0028976,0.14936,-0.0064717,0.0013907,0.30789,0.058298,0.88334,0.44636,0.007968,0.027691,-0.090113,0.24361,0.54001,0.50574,0.32118,0.26202,-0.079906,0.042282,-0.47502,-0.51023,0.48343,0.52316,0.58104,0.49099,0.17755,0.57507,-0.057872,0.18905,0.48465,0.42466,0.58158,0.5957,0.38263,0.2439,0.017939,-0.2467,0.37144,0.025199,0.24116,0.24537,0.41138,0.53883,0.15966,0.59434,0.21097,-0.17112,0.17622,-0.078355,0.49395,0.045347
-0.28787,-0.50927,0.39721,0.39645,-0.26174,-0.14475,-0.20175,-0.15151,0.027059,0.15472,0.089371,-0.32433,0.28195,0.31304,0.81026,0.19758,0.60271,0.66365,0.3679,0,0.47919,0.35044,0.42616,-0.083102,0.08035,-0.08024,0.10496,0.0086704,-0.23927,-0.15168,0.16955,0.085421,0.3477,0.38099,0.23033,0.20365,0.044547,0.19317,-0.22826,-0.45346,-0.2157,-0.25599,0.15873,0.12979,0.6442,0.26799,0.56346,0.39624,0.45678,0.024225,0.072438,0.41212,-0.15766,-0.28476,-0.082618,0.029429,0.13314,-0.18528,0.017931,0.082821,-0.18539,0.49316,0.52916,0.3828,0.1661,0.34988,0.62093,0.22055,0.2266,0.066429,0.66527,0.26561,0.37175,0.25483,0.19784,-0.24853,-0.18051,0.18498,0.14573,-0.25438,0.010452,0.2268,0.36671,0.26748,0.42854,0.13275,0.39871,0.12349,0.30082,0.59003,0.14653,-0.04172,-0.045553,-0.30969,-0.16701,0.30088,0.44268,0.11228,0.27716,0.31041,0.50803,0.28291,0.32263,0.47582,0.053463
-0.27719,-0.048644,-0.23445,-0.23072,0.13172,0.62725,-0.19381,-0.15768,0.71998,0.32826,0.1968,-0.027745,0.12785,0.28492,0.74104,0.65548,0.41042,0.77727,0.27673,0.47919,0,1.1331,1.1048,0.55767,0.51932,0.54193,0.71167,0.51299,0.18104,-0.17672,-0.014114,-0.10113,0.24987,0.18478,0.13907,0.25689,-0.077157,-0.01714,0.2573,0.21291,0.24568,0.47343,0.25914,0.14615,0.53072,0.15793,0.1667,-0.015566,0.27305,0.1834,0.30743,-0.0040199,-0.70701,-0.78291,-0.56318,-0.050467,-0.26053,-0.51934,-0.48058,0.090406,0.32264,-0.063569,0.17867,0.18278,-0.21192,0.22342,0.29487,0.1178,-0.12964,0.35492,0.23509,0.50909,0.60738,0.35051,0.25954,-0.57935,0.013106,-0.019546,-0.066885,-0.25516,-0.23066,-0.034082,0.34302,0.17666,0.37648,0.093384,0.17411,-0.14228,-0.36395,0.56855,0.51246,-0.20752,-0.29034,-0.27046,-0.072845,0.4036,0.54165,0.34057,0.73813,-0.056832,0.39646,-0.12701,0.23235,-0.017,-0.21484
-0.041123,-0.015769,-0.015555,-0.091584,0.3628,0.7342,-0.068043,-0.31386,1.0066,0.41967,0.16798,0.09323,0.42059,0.4114,0.64821,0.47741,0.3391,0.66065,0.24075,0.35044,1.1331,0,1.0305,1.0011,0.73888,0.8895,0.85345,0.84761,0.21379,-0.19084,-0.062419,-0.16223,0.41152,0.36528,0.14386,0.12165,0.12582,-0.0099534,0.445,0.22878,0.4079,0.69307,0.12419,0.064572,0.30576,0.072597,-0.037586,-0.19097,0.42247,0.33547,0.36033,-0.19025,-0.44709,-0.46803,-0.26867,0.072376,-0.32253,-0.69069,-0.5961,0.21559,0.54934,-0.11453,0.011864,-0.064502,-0.31213,-0.047104,-0.051098,0.16452,-0.17018,-0.060854,-0.0091225,0.12976,0.24837,0.047841,0.0084711,-0.25309,0.21478,0.25352,0.18218,0.066171,0.050901,0.11031,0.20077,0.34915,0.4091,0.24124,0.35503,-0.37433,-0.5385,0.17682,0.35435,-0.1422,-0.36686,-0.13357,0.094062,0.46938,0.50115,0.45126,0.6007,-0.12475,0.065368,-0.011834,0.16775,-0.037875,-0.17802
0.16621,0.19265,-0.014156,-0.019323,0.26975,0.50378,0.14821,0.085093,0.70994,0.23485,0.19973,-0.07458,0.16739,0.16945,0.67292,0.53375,0.4547,0.48556,0.21523,0.42616,1.1048,1.0305,0,0.7636,0.77626,0.61558,0.51965,0.31947,0.43329,0.18908,0.028052,0.16043,0.16718,0.22263,0.042465,0.085219,-0.046069,0.059444,0.49169,0.32136,0.77069,0.58294,0.63349,0.44974,0.36163,0.32547,0.18108,-0.015074,0.44962,0.023172,0.10336,0.19408,-0.28298,-0.40812,-0.35732,0.30989,-0.066962,-0.274,-0.32473,0.38619,0.55248,-0.071468,0.073433,0.26437,-0.12955,0.24171,0.25197,-0.075229,-0.26441,0.22471,0.22604,0.43546,0.48475,0.30977,0.27279,-0.35881,-0.1729,-0.043873,-0.14701,-0.43869,-0.29445,0.18074,0.5848,0.4192,0.28411,0.015777,0.11318,-0.046842,-0.2952,0.27104,0.72903,-0.18285,-0.37396,-0.23097,-0.17675,0.28428,0.4228,0.28742,0.55846,0.076451,0.30798,-0.037496,0.27458,0.051332,-0.15919
0.16322,0.44935,-0.24241,-0.30086,0.15439,0.63148,0.15998,-0.1061,0.9735,0.22507,-0.14444,0.25967,0.13566,-0.025795,0.090188,0.034416,-0.047852,0.10487,-0.16362,-0.083102,0.55767,1.0011,0.7636,0,0.59613,1.265,0.54233,0.5757,0.20434,-0.0082065,-0.17021,-0.071463,0.021077,-0.045212,-0.089888,-0.19791,-0.06886,-0.19454,0.39463,0.41324,0.66707,1.2785,0.11113,0.33886,-0.074166,-0.081054,-0.20807,-0.54909,0.3183,0.052406,0.043829,-0.29771,-0.46165,-0.25332,-0.41457,0.18549,-0.28358,-0.51073,-0.64393,0.047842,0.63854,-0.60176,-0.39857,-0.27962,-0.3551,-0.22371,-0.36242,-0.30232,-0.4046,-0.31845,-0.38103,-0.041466,0.033888,0.038599,0.01588,-0.29386,0.20191,0.046638,-0.109,-0.022305,-0.2594,0.084752,0.030817,0.33732,0.14068,0.050217,-0.052725,-0.5343,-0.65277,-0.12335,0.43993,-0.34717,-0.41988,-0.20838,-0.00038811,0.17508,0.1694,0.28483,0.33038,-0.34232,-0.079545,-0.30751,0.016091,-0.25576,-0.13606
0.26833,-0.042858,0.27963,0.25799,0.43978,0.28199,-0.041731,-0.31058,1.1164,0.29205,0.26235,-0.071483,0.15093,0.067054,0.23525,0.25115,0.37476,0.51664,0.58527,0.08035,0.51932,0.73888,0.77626,0.59613,0,0.7909,0.63304,0.32487,0.17819,0.047539,-0.22352,0.078232,-0.023793,0.072527,-0.25275,-0.22989,0.03588,-0.13706,0.96757,0.40914,0.70135,0.30669,0.21954,-0.094593,0.042244,0.30827,0.12509,0.16814,0.28706,-0.073257,0.11894,-0.17622,-0.04398,-0.22033,0.086249,0.17857,-0.23324,-0.093413,-0.29169,0.56472,0.74914,0.088095,0.026613,-0.1144,-0.18691,0.039664,0.078877,0.13213,-0.036307,0.0048282,0.0031927,0.1499,0.31316,-0.08515,-0.079181,0.13087,0.36358,0.22903,0.12999,0.14344,0.20858,0.10833,0.25796,0.71396,0.48192,0.40835,0.47744,0.097073,-0.26465,-0.11443,0.43225,0.16006,-0.16799,-0.06654,-0.029996,0.43087,0.48238,0.36562,0.60747,0.20505,-0.062883,0.12642,0.073015,0.052915,-0.018684
0.14248,0.22626,-0.16288,-0.24713,0.09338,0.42021,-0.028658,-0.31879,1.2739,0.38388,-0.10012,0.20294,0.18424,-0.017377,0.046001,-0.023897,0.025695,0.24149,0.040529,-0.08024,0.54193,0.8895,0.61558,1.265,0.7909,0,0.53938,0.46749,0.16608,-0.17125,-0.33946,-0.08648,0.010044,0.01856,-0.20081,-0.2749,-0.089864,-0.32816,0.69341,0.61199,0.65604,1.0741,0.055459,0.15251,-0.17385,-0.051215,-0.068082,-0.29481,0.22975,0.040812,0.077985,-0.49094,-0.5194,-0.47887,-0.35343,0.0073971,-0.42696,-0.41285,-0.45489,0.0086295,0.68556,-0.43781,-0.44835,-0.47882,-0.54155,-0.23009,-0.30875,-0.40233,-0.40403,-0.28502,-0.53068,-0.079686,0.1049,-0.038191,0.024359,-0.1914,0.37728,0.20636,0.0053815,0.091857,-0.15557,-0.055035,-0.15334,0.55308,0.29825,0.24628,0.035797,-0.26828,-0.52807,-0.054907,0.51042,-0.19403,-0.34293,-0.18832,-0.023309,0.19615,0.1944,0.32787,0.46227,-0.30988,-0.24237,-0.22756,-0.060883,-0.11787,-0.014731
-0.22328,-0.2076,0.12767,0.11956,0.4073,0.92732,-0.53453,-0.7608,0.93841,-0.13333,-0.036298,-0.29197,0.30474,0.42598,0.19894,0.4011,0.18983,0.5931,0.1852,0.10496,0.71167,0.85345,0.51965,0.54233,0.63304,0.53938,0,1.0606,-0.19652,-0.45648,-0.46398,-0.58486,0.24644,0.20246,-0.10309,-0.062804,-0.045853,-0.27511,0.29917,0.044764,0.19141,0.38693,-0.14446,-0.34147,0.24104,-0.22098,0.1115,-0.0036617,0.26393,0.45834,0.6752,-0.5487,-0.39973,-0.40738,-0.020145,-0.1933,-0.42568,-0.41003,-0.35602,0.51721,0.45534,-0.20562,-0.077303,-0.1659,-0.41943,0.13334,0.029927,0.31202,0.15793,-0.073763,0.01267,0.24982,0.3929,0.19837,0.099799,-0.13515,0.39426,0.15962,0.3331,0.41309,0.22699,0.0031065,-0.011665,0.32758,0.66863,0.4392,0.42443,-0.12495,-0.40364,0.026554,0.23267,0.03041,-0.13898,-0.32556,0.057907,0.87559,0.86072,0.9819,0.78328,0.019715,0.047327,0.25422,0.3606,-0.01078,0.092848
-0.22079,-0.0773,-0.093146,-0.17757,0.59311,1.2035,-0.21426,-0.4748,0.56493,-0.030901,0.023771,0.028011,0.43798,0.55095,0.22282,0.35636,-0.042202,0.30349,-0.073113,0.0086704,0.51299,0.84761,0.31947,0.5757,0.32487,0.46749,1.0606,0,-0.082372,-0.29141,-0.20455,-0.67107,0.51346,0.32968,0.23459,0.17696,0.27984,-0.033046,0.19252,0.015619,0.071514,0.48165,-0.30206,-0.37151,0.23417,-0.35282,-0.084425,-0.32513,0.1916,0.89888,0.82791,-0.45804,-0.5271,-0.45626,-0.17004,-0.21842,-0.55467,-0.56008,-0.48453,0.11966,0.22739,-0.22916,-0.028987,-0.16964,-0.30197,0.017495,-0.15727,0.31179,-0.0024077,-0.27136,-0.07496,-0.077341,0.028641,0.15145,0.023998,-0.26119,0.24054,0.13226,0.36181,0.55435,0.31563,0.086844,-0.051844,-0.10357,0.31097,0.11955,0.26485,-0.46961,-0.62544,-0.014795,0.097545,-0.08444,-0.25698,-0.2675,0.11574,0.60027,0.49797,0.83154,0.31602,-0.14311,-0.049029,0.21176,0.32179,-0.3097,-0.13274
0.51746,0.39272,-0.29912,-0.36579,0.51584,0.14443,0.79016,0.68261,0.0014091,0.48644,0.62933,0.47574,0.13795,0.10958,0.43612,0.36107,0.1788,-0.11128,-0.062172,-0.23927,0.18104,0.21379,0.43329,0.20434,0.17819,0.16608,-0.19652,-0.082372,0,0.69011,0.45657,0.53913,0.24585,0.2636,0.3012,0.349,0.27608,0.43356,0.53463,0.64149,0.63556,0.33977,0.84455,0.4779,0.02078,0.4506,-0.3019,-0.17466,0.0060217,0.062218,-0.15013,0.34036,0.2373,-0.00886,-0.10922,0.44475,0.1229,0.064158,-0.044947,0.061544,0.30201,-0.069819,-0.11756,0.23461,-0.027885,-0.10524,-0.096896,-0.22449,-0.69411,0.45628,-0.017377,0.20699,0.055963,-0.044343,0.07426,0.04987,-0.40479,-0.083265,-0.27603,-0.49399,-0.24377,0.055625,0.36717,-0.13405,-0.41826,-0.29338,-0.27943,0.014661,-0.25309,0.10541,0.28232,-0.036893,-0.25538,0.35483,-0.034131,-0.41784,-0.47356,-0.3857,-0.2098,-0.16278,-0.062925,-0.2224,-0.1618,-0.13412,-0.37771
0.50988,0.41597,-0.066594,-0.062332,0.26133,-0.1047,1.0496,0.94667,-0.29174,0.18136,0.41058,0.41109,-0.042255,-0.074701,0.1585,0.018645,0.024156,-0.28795,-0.1036,-0.15168,-0.17672,-0.19084,0.18908,-0.0082065,0.047539,-0.17125,-0.45648,-0.29141,0.69011,0,0.52997,0.81868,0.061229,0.056041,0.2402,0.24039,0.31579,0.53297,0.18081,0.19107,0.32845,-0.028544,0.61858,0.47332,0.062648,0.56953,0.094375,-0.026164,0.098959,-0.18614,-0.34449,0.56526,0.40055,0.27081,-0.00079026,0.53996,0.38874,0.45566,0.21039,0.056108,0.1547,0.066909,-0.012051,0.38301,0.48148,0.18676,0.17306,-0.19237,-0.44054,0.17487,0.32804,0.072269,0.019479,0.15023,0.091936,0.13301,-0.55563,-0.2848,-0.35713,-0.55483,-0.15869,0.28327,0.52131,-0.17089,-0.50178,-0.52894,-0.28855,0.12611,0.042069,0.04913,0.1984,0.01154,-0.073576,0.29431,0.035839,-0.30487,-0.35062,-0.33269,-0.40598,0.21389,0.16025,-0.039448,0.052759,0.033124,-0.023382
0.27971,0.20011,-0.22652,-0.26275,0.15975,-0.10941,0.947,0.79401,-0.43487,0.52872,0.80807,0.70507,-0.1741,-0.10526,0.32432,0.064608,-0.025019,-0.21414,-0.26531,0.16955,-0.014114,-0.062419,0.028052,-0.17021,-0.22352,-0.33946,-0.46398,-0.20455,0.45657,0.52997,0,0.76364,0.37783,0.024541,1.0583,0.807,0.68719,0.95977,-0.24162,-0.2322,-0.10829,-0.20227,0.54938,0.41984,0.65069,0.85147,0.091025,-0.081653,0.30675,-0.092586,-0.45077,0.96419,0.14674,-0.0049903,-0.16816,0.39578,0.14118,0.051478,-0.10391,-0.19333,-0.080416,0.083472,0.27829,0.58667,0.61632,0.24878,0.19654,0.16172,-0.37063,0.21373,0.59207,0.33015,0.26075,0.37144,0.37067,-0.25836,-0.91828,-0.48741,-0.5608,-0.52127,-0.19994,0.078127,0.2437,-0.41194,-0.46415,-0.62013,-0.077131,-0.16252,0.01873,0.48294,0.16975,0.023821,0.1989,0.11876,-0.14733,-0.61665,-0.62515,-0.70842,-0.72235,0.27759,0.5297,-0.093673,-0.11089,-0.094113,-0.23364
0.47265,0.27184,-0.087989,-0.058946,-0.11165,-0.43791,0.79914,0.79262,-0.20874,0.52812,0.40782,0.42477,-0.22057,-0.30928,0.13288,-0.20195,0.015871,-0.072717,0.075693,0.085421,-0.10113,-0.16223,0.16043,-0.071463,0.078232,-0.08648,-0.58486,-0.67107,0.53913,0.81868,0.76364,0,-0.051261,-0.059264,0.2096,0.16162,0.17997,0.46319,0.06576,0.044407,0.21885,-0.13263,0.68736,0.75633,0.15828,1.0836,0.20937,0.12008,0.17983,-0.58961,-0.89453,0.55577,0.34874,0.1529,-0.039778,0.55304,0.3949,0.2007,0.00666,-0.12331,0.062925,0.077023,-0.063273,0.21104,0.37888,0.0097164,0.15626,-0.18424,-0.36302,0.28591,0.42238,0.15868,0.26156,0.1255,0.18862,0.091104,-0.56954,-0.29804,-0.60347,-0.79766,-0.32507,-0.11205,0.16651,0.11353,-0.41326,-0.42399,-0.1922,0.15966,0.17386,0.30424,0.21787,0.14411,0.25874,0.2766,-0.049349,-0.68717,-0.60705,-0.81324,-0.42828,0.11842,0.12289,-0.38057,-0.4537,0.36141,0.098351
-0.18627,-0.38305,0.20644,0.061803,0.41773,0.28896,0.11765,-0.11479,-0.11384,0.40397,0.61504,0.32607,0.92855,1.0646,0.75366,0.18999,0.41218,0.37586,-0.00118,0.3477,0.24987,0.41152,0.16718,0.021077,-0.023793,0.010044,0.24644,0.51346,0.24585,0.061229,0.37783,-0.051261,0,1.1788,0.95615,0.71931,0.89199,0.64816,-0.0012295,-0.19897,-0.26285,-0.071131,0.067799,-0.22436,0.68868,0.12458,0.15341,0.043171,0.40309,0.88783,0.4954,0.17053,-0.014177,-0.17581,0.11893,0.10883,-0.024953,-0.071207,0.049837,0.077434,-0.0077036,0.18528,0.13455,0.29515,0.12831,0.20284,0.17735,0.26514,-0.30039,-0.0020958,0.33775,0.10396,0.12568,0.18003,0.10574,-0.03368,-0.20368,0.32906,0.3784,0.16354,0.42355,0.38177,0.21649,-0.099188,0.20813,0.086767,0.2871,-0.08175,-0.054252,0.45507,-0.026634,0.14929,-0.084559,-0.084926,0.063791,0.2005,0.065562,0.21962,-0.083384,0.23684,0.26278,0.52551,0.33977,0.1181,-0.14046
-0.20084,-0.4937,0.4321,0.33589,0.30875,0.12018,-0.092005,-0.23858,-0.089873,0.22507,0.31444,-0.054391,1.4027,1.4262,0.72835,0.23953,0.49551,0.53314,0.33016,0.38099,0.18478,0.36528,0.22263,-0.045212,0.072527,0.01856,0.20246,0.32968,0.2636,0.056041,0.024541,-0.059264,1.1788,0,0.34347,0.26062,0.39431,0.2808,0.12413,-0.14082,-0.096603,-0.13004,0.044684,-0.26295,0.31056,-0.0089165,0.14221,0.25822,0.28033,0.79258,0.5947,0.00078494,0.20612,0.022784,0.39028,0.21606,0.24008,0.020485,0.26348,0.19587,-0.042433,0.39926,0.1106,0.16862,0.015716,0.056271,0.17732,0.22039,-0.09475,0.059803,0.24532,-0.088356,-0.031778,-0.11967,-0.13608,0.27469,0.0053716,0.7162,0.77525,0.20616,0.52989,0.26238,0.23443,0.18912,0.39021,0.33345,0.38286,0.20046,0.16587,0.20974,-0.15402,0.3871,-0.01881,0.12982,0.23128,0.32264,0.22694,0.29252,0.12323,0.12142,-0.033222,0.52262,0.20232,0.46872,-0.012269
0.058856,-0.038952,-0.17224,-0.30029,0.29832,0.1625,0.57112,0.40013,-0.34605,0.51536,0.82432,0.70531,0.12819,0.25663,0.49046,0.11148,0.11563,-0.026023,-0.29284,0.23033,0.13907,0.14386,0.042465,-0.089888,-0.25275,-0.20081,-0.10309,0.23459,0.3012,0.2402,1.0583,0.2096,0.95615,0.34347,0,1.4568,1.2079,1.2624,-0.16232,-0.23877,-0.29635,-0.11145,0.21685,0.072588,0.87442,0.41292,0.12031,-0.10102,0.35467,0.33074,-0.019879,0.58966,-0.11329,-0.26706,-0.24221,0.11013,-0.11254,-0.073189,-0.16479,-0.15681,-0.10208,0.092451,0.29353,0.53876,0.37044,0.31305,0.16286,0.23607,-0.36375,0.070728,0.45025,0.20962,0.15253,0.43973,0.35552,-0.37983,-0.6668,-0.27317,-0.2476,-0.20121,0.055961,0.25674,0.16642,-0.53636,-0.30268,-0.47179,-0.076718,-0.27316,-0.11042,0.5596,0.11008,-0.12959,-0.093279,-0.17803,-0.18603,-0.26829,-0.30926,-0.18203,-0.45345,0.29426,0.48995,0.20422,0.23928,-0.24014,-0.29131
0.03919,-0.045821,-0.19066,-0.32718,0.36377,0.22236,0.42508,0.46225,-0.29773,0.48784,0.81515,0.57593,0.0095793,0.2526,0.56059,0.34502,0.28098,0.1187,-0.11891,0.20365,0.25689,0.12165,0.085219,-0.19791,-0.22989,-0.2749,-0.062804,0.17696,0.349,0.24039,0.807,0.16162,0.71931,0.26062,1.4568,0,0.99229,1.2777,-0.023632,-0.049396,-0.31462,-0.10934,0.19045,0.040455,0.77699,0.43462,0.11203,-0.028868,0.10829,0.25839,0.035549,0.53801,-0.13675,-0.32949,-0.32161,-0.13044,-0.21006,-0.081043,-0.13095,-0.070667,-0.026925,0.14613,0.31159,0.49955,0.24473,0.35609,0.25807,0.30933,-0.29418,0.28869,0.4478,0.2553,0.19728,0.40727,0.2916,-0.3171,-0.58813,-0.33831,-0.29143,-0.28089,0.079771,0.26988,0.29325,-0.63536,-0.42691,-0.52598,-0.13547,-0.21862,-0.21036,0.63202,0.068221,-0.26033,-0.23831,-0.063467,-0.053693,-0.14142,-0.14151,-0.074781,-0.21188,0.31436,0.43494,0.1672,0.3348,-0.25237,-0.22813
0.2381,-0.12402,0.14321,-0.049199,0.59625,0.12098,0.55296,0.22967,-0.19537,0.56669,0.91462,0.73784,0.27259,0.31827,0.34078,0.0011781,0.23183,0.033057,-0.070218,0.044547,-0.077157,0.12582,-0.046069,-0.06886,0.03588,-0.089864,-0.045853,0.27984,0.27608,0.31579,0.68719,0.17997,0.89199,0.39431,1.2079,0.99229,0,1.2571,0.18155,-0.050596,-0.20784,-0.15534,0.03424,-0.18843,0.49954,0.3973,0.057958,-0.058599,0.22713,0.34439,0.06494,0.35839,0.12603,-0.070712,0.057847,0.027531,-0.24347,0.049013,-0.09132,0.066801,0.096116,0.20549,0.18988,0.2622,0.30924,0.16774,0.029962,0.32622,-0.32018,-0.10029,0.26407,-0.054575,-0.046098,0.12298,0.04062,0.0393,-0.30708,-0.028579,-0.017928,0.13279,0.49682,0.48249,0.18098,-0.33018,-0.26176,-0.24555,0.11234,-0.2463,-0.21066,0.22563,-0.05034,-0.034099,-0.18187,-0.033713,-0.022758,-0.085691,-0.19632,0.005701,-0.38383,0.45658,0.16492,0.42972,0.26063,-0.24207,-0.18399
0.26116,-0.050592,0.0069347,-0.12179,0.33455,-0.059783,0.74607,0.63982,-0.4322,0.54005,0.91363,0.64412,0.062575,0.16057,0.50956,0.032539,0.31917,0.016842,-0.055297,0.19317,-0.01714,-0.0099534,0.059444,-0.19454,-0.13706,-0.32816,-0.27511,-0.033046,0.43356,0.53297,0.95977,0.46319,0.64816,0.2808,1.2624,1.2777,1.2571,0,0.035947,-0.083761,-0.20346,-0.26135,0.271,0.14741,0.60316,0.59352,0.076876,0.018312,0.17414,0.054109,-0.21118,0.72656,0.17943,-0.033983,-0.094904,0.14051,0.0038014,0.08156,-0.1163,-0.0050415,-0.095575,0.28279,0.3146,0.54217,0.40612,0.1883,0.16328,0.23845,-0.29016,0.20275,0.50168,0.10335,0.017508,0.21001,0.1204,-0.072247,-0.62603,-0.22582,-0.31405,-0.32515,0.16141,0.41231,0.3516,-0.47333,-0.54083,-0.51896,-0.16984,-0.14979,-0.060699,0.39889,-0.031248,-0.2035,-0.26076,-0.08081,-0.17909,-0.32839,-0.34095,-0.27085,-0.44281,0.37868,0.30791,0.18675,0.19983,-0.16411,-0.27575
0.49133,0.078391,0.10497,-0.0092002,0.6164,0.22485,0.14515,-0.053472,0.67719,0.39078,0.32952,0.13094,0.1413,0.050016,0.16928,0.22085,0.32383,0.25562,0.40435,-0.22826,0.2573,0.445,0.49169,0.39463,0.96757,0.69341,0.29917,0.19252,0.53463,0.18081,-0.24162,0.06576,-0.0012295,0.12413,-0.16232,-0.023632,0.18155,0.035947,0,1.0354,0.81362,0.43053,0.21361,-0.057424,-0.25432,0.17254,-0.1623,-0.030292,-0.10075,-0.0023252,0.10878,-0.19556,0.069495,-0.19467,0.014053,-0.050471,-0.39237,-0.075578,-0.15691,0.41892,0.71063,0.096328,-0.10031,-0.16721,-0.29203,-0.17728,-0.22592,-0.06555,-0.21771,0.13444,-0.29688,-0.046605,-0.02592,-0.28101,-0.21776,0.26516,0.26396,0.19789,0.059044,0.080549,0.2069,0.12849,0.1324,0.35076,0.031926,0.22098,0.094705,0.002986,-0.4528,-0.18336,0.24694,-0.082672,-0.49917,0.12441,-0.026824,0.16622,0.16936,0.28322,0.36386,0.055662,-0.37662,0.087111,0.050892,-0.15478,-0.13331
0.2739,0.36633,-0.29279,-0.42835,0.33543,0.23694,0.17878,0.15958,0.46097,0.30764,0.10396,0.29967,-0.012183,-0.10666,0.02614,0.12447,0.17003,0.010463,0.025945,-0.45346,0.21291,0.22878,0.32136,0.41324,0.40914,0.61199,0.044764,0.015619,0.64149,0.19107,-0.2322,0.044407,-0.19897,-0.14082,-0.23877,-0.049396,-0.050596,-0.083761,1.0354,0,0.6462,0.70591,0.19155,0.18139,-0.46894,-0.042678,-0.44312,-0.42116,-0.48936,-0.031965,0.052506,-0.1967,-0.13312,-0.20065,-0.32181,-0.23883,-0.44069,-0.11704,-0.13837,0.0018996,0.47806,-0.26475,-0.36422,-0.27337,-0.39073,-0.34666,-0.37327,-0.47267,-0.52848,0.2697,-0.5928,-0.012137,-0.10586,-0.2482,-0.19349,0.049319,0.1736,0.043365,-0.18749,-0.10327,-0.15158,0.094165,0.14542,0.046444,-0.23482,0.020269,-0.28005,-0.19766,-0.68857,-0.072516,0.18519,-0.4302,-0.6552,0.15303,-0.02717,-0.039173,-0.094121,0.080596,0.19521,-0.28515,-0.33803,-0.28166,-0.070889,-0.41253,-0.2965
0.73915,0.56341,-0.11299,-0.095774,0.37052,0.27628,0.38523,0.21156,0.60286,0.034103,0.042265,-0.047766,-0.083018,-0.24884,0.020505,0.2427,-0.044978,-0.14933,-0.023518,-0.2157,0.24568,0.4079,0.77069,0.66707,0.70135,0.65604,0.19141,0.071514,0.63556,0.32845,-0.10829,0.21885,-0.26285,-0.096603,-0.29635,-0.31462,-0.20784,-0.20346,0.81362,0.6462,0,0.71225,0.68409,0.48825,-0.25991,0.19034,-0.15218,-0.17471,0.18261,-0.18211,-0.15648,0.012762,0.070471,-0.07795,-0.11446,0.42536,-0.056729,-0.063958,-0.17138,0.39923,0.68213,-0.23234,-0.20029,-0.005292,-0.21448,-0.063498,-0.20882,-0.34471,-0.28157,0.042023,-0.23638,0.14989,0.10231,-0.0040308,0.13287,-0.031019,-0.093384,-0.13742,-0.23478,-0.29379,-0.38404,-0.055101,0.15361,0.40948,0.0057062,-0.022727,-0.098824,0.012283,-0.29147,-0.30715,0.64461,-0.056606,-0.24277,0.051392,-0.21247,-0.08436,-0.014203,0.034299,0.17014,-0.12009,-0.17768,-0.17444,-0.059844,-0.12445,-0.11352
0.21108,0.69828,-0.48722,-0.60008,0.19086,0.75714,0.16447,0.045064,0.77641,0.12173,-0.25213,0.25016,0.016857,-0.096035,-0.031526,0.15632,-0.17965,-0.068157,-0.38694,-0.25599,0.47343,0.69307,0.58294,1.2785,0.30669,1.0741,0.38693,0.48165,0.33977,-0.028544,-0.20227,-0.13263,-0.071131,-0.13004,-0.11145,-0.10934,-0.15534,-0.26135,0.43053,0.70591,0.71225,0,0.15159,0.46053,-0.23092,-0.17946,-0.29307,-0.75451,0.025159,0.13091,0.08564,-0.35121,-0.57089,-0.39003,-0.64216,-0.073618,-0.46386,-0.53564,-0.4578,-0.084012,0.60841,-0.89146,-0.63114,-0.40608,-0.56699,-0.22208,-0.43262,-0.53493,-0.57944,-0.20442,-0.5972,-0.049628,0.017657,0.11747,0.15077,-0.38456,0.047131,-0.13803,-0.24243,-0.1186,-0.45109,-0.029115,-0.057199,0.11766,-0.086947,-0.15178,-0.29322,-0.57078,-0.89377,-0.067771,0.48485,-0.5055,-0.46553,-0.081617,0.049512,0.055754,0.039997,0.27857,0.24963,-0.52146,-0.20413,-0.43719,-0.008026,-0.36843,-0.074225
0.59594,0.38072,-0.071776,-0.026572,0.18899,-0.028761,0.66064,0.61099,0.019281,0.19359,0.49517,0.10185,-0.11495,-0.15434,0.41032,0.3657,0.23179,-0.14019,-0.1446,0.15873,0.25914,0.12419,0.63349,0.11113,0.21954,0.055459,-0.14446,-0.30206,0.84455,0.61858,0.54938,0.68736,0.067799,0.044684,0.21685,0.19045,0.03424,0.271,0.21361,0.19155,0.68409,0.15159,0,0.772,0.34722,0.81761,0.18609,0.15626,0.44489,-0.23829,-0.38292,0.74926,0.22227,-0.067487,-0.10373,0.67795,0.32822,0.27446,0.16199,0.31187,0.35045,-0.055467,0.035395,0.55708,0.14732,0.40475,0.36627,-0.27903,-0.49506,0.35814,0.33656,0.74135,0.5796,0.41555,0.58737,-0.18066,-0.72863,-0.35252,-0.49789,-0.94868,-0.61616,0.092986,0.50346,0.1595,-0.10002,-0.28536,-0.14022,0.32329,0.12299,0.2598,0.82462,0.069778,0.020897,0.057465,-0.31892,-0.32991,-0.26306,-0.39929,-0.099524,0.21677,0.44629,-0.042143,0.076329,0.12442,-0.084459
0.42347,0.70094,-0.41743,-0.38771,-0.25835,-0.040175,0.66628,0.8311,0.004288,0.15227,-0.081253,0.21136,-0.32433,-0.45296,0.091008,-0.054708,-0.13709,-0.27555,-0.40919,0.12979,0.14615,0.064572,0.44974,0.33886,-0.094593,0.15251,-0.34147,-0.37151,0.4779,0.47332,0.41984,0.75633,-0.22436,-0.26295,0.072588,0.040455,-0.18843,0.14741,-0.057424,0.18139,0.48825,0.46053,0.772,0,0.023957,0.42744,0.057385,-0.28767,0.18721,-0.48302,-0.72814,0.41989,-0.097832,-0.098475,-0.55926,0.36081,0.17791,-0.1369,-0.17851,-0.20229,0.12488,-0.42957,-0.30067,0.10745,-0.010599,-0.0042976,-0.0058647,-0.62628,-0.48554,0.11302,0.082394,0.22391,0.23728,0.36612,0.46624,-0.39395,-0.71338,-0.54414,-0.90418,-1.2411,-1.1208,-0.10679,0.13911,0.020579,-0.48152,-0.65277,-0.57772,-0.15485,-0.11494,0.25681,0.51341,-0.40228,-0.10628,-0.037133,-0.22164,-0.58426,-0.45342,-0.49815,-0.2503,-0.26455,0.15035,-0.64633,-0.21415,0.064465,0.035712
