,,,,,,,,,,,,,,,,,,,,,,,,,,,,,,,,,,,,,,,,,,,,,,,,,,,,,,,,,,,,,,,,,,,,,,,,,,,,,,,,,,,,,,,,,,,,,,,,,,,,,,,,
0,0.60941,-0.02007,0.028885,0.38141,0.01764,0.97714,0.51563,0.14936,0.077308,0.15934,0.23551,-0.37435,-0.45025,-0.14599,0.030458,-0.24646,-0.37234,0.17558,-0.45729,-0.20078,0.070692,0.2106,0.37083,0.34109,0.33136,0.1945,0.15778,0.5818,0.80078,0.25883,0.4586,-0.38345,-0.38152,-0.12473,-0.1515,0.03867,0.1106,0.50509,0.34021,0.84627,0.2875,0.43766,0.32554,-0.16696,0.45339,-0.20834,0.1594,0.3039,-0.38828,-0.50188,0.011406,0.87035,0.56395,0.4495,0.5013,0.32207,0.20697,0.1107,0.68699,0.65045,0.07176,0.20692,0.10504,0.24343,-0.085392,-0.25841,0.24064,0.3026,0.079941,0.21074,-0.14619,-0.19633,-0.37548,-0.41843,0.528,0.21082,-0.3456,-0.36915,-0.26715,-0.082672,-0.017057,-0.14409,0.10551,-0.45904,-0.24499,-0.24025,0.16164,0.091409,-0.63484,0.096291,0.11757,-0.067272,0.65855,0.21596,-0.25467,-0.30232,-0.16134,-0.20189,0.14258,-0.093219,-0.10188,-0.15071,-0.11378,-0.048741
0.60941,0,-0.67024,-0.6239,0.02742,0.33064,0.53436,0.65161,0.13131,0.0057413,-0.47158,0.28199,-0.6006,-0.67266,-0.55923,-0.23242,-0.69002,-0.55312,-0.22665,-0.68332,-0.070014,0.050775,0.2539,0.75846,-0.069795,0.67228,0.29847,0.22322,0.48393,0.48008,-0.05178,0.34177,-0.65844,-0.68046,-0.27822,-0.33957,-0.48147,-0.34772,0.0034708,0.43628,0.55825,1.069,0.25589,0.87165,-0.29837,-0.062837,-0.24538,-0.24182,0.10363,-0.29427,-0.41667,-0.47294,0.096949,0.4264,-0.23108,0.54135,0.45462,-0.013128,0.078967,0.07885,0.48022,-0.76196,-0.25249,-0.32733,-0.1868,-0.24761,-0.40934,-0.15791,0.052509,0.3348,-0.085539,-0.34498,-0.20438,-0.021983,-0.17711,-0.13566,0.13146,-0.75328,-0.92034,-0.4387,-0.5541,-0.34515,-0.39512,0.0177,-0.6858,-0.72563,-0.83825,-0.15973,-0.05758,-0.26671,-0.037228,-0.063658,0.060019,0.29936,0.31912,-0.51062,-0.53906,-0.099674,-0.33427,-0.55473,-0.17293,-0.99295,-0.57076,-0.31144,-0.1973
-0.02007,-0.67024,0,1.5459,0.19743,-0.28418,-0.30491,-0.55805,0.10903,-0.045056,0.20855,-0.32255,0.51406,0.39726,0.2605,0.1025,0.71901,0.3763,0.57309,0.5069,-0.24573,-0.068517,-0.13866,-0.40171,0.34276,-0.29389,-0.030794,-0.14999,-0.43085,-0.097513,-0.2347,-0.080021,0.27466,0.40121,-0.1737,-0.11936,0.36884,0.13656,0.18978,-0.23002,-0.21583,-0.689,-0.19426,-0.56237,0.074566,0.16759,0.33283,0.47161,0.084051,0.15042,0.29428,0.19072,0.46985,0.20004,0.92157,-0.14645,-0.079035,0.31537,0.3236,0.49425,0.088183,0.55077,0.13117,-0.015416,0.1335,0.24958,0.41309,0.22129,0.12088,-0.4511,0.046832,-0.048525,0.025169,-0.2569,-0.2144,0.7799,0.44746,0.78926,0.8139,0.69546,1.061,0.64921,0.518,0.50124,0.68774,0.98316,0.95351,0.2559,0.19117,-0.088861,-0.1213,0.32664,0.13128,0.093063,0.10303,0.77724,0.66329,0.35492,0.28703,0.77621,-0.058156,0.9663,0.37546,0.51629,0.44544
0.028885,-0.6239,1.5459,0,-0.05556,-0.40356,-0.27856,-0.4659,0.0030394,-0.22089,0.18541,-0.40414,0.45619,0.41161,0.17763,0.12476,0.46845,0.3343,0.65699,0.53615,-0.23873,-0.045763,-0.12921,-0.45762,0.23122,-0.46586,-0.036039,-0.25549,-0.56646,-0.13554,-0.0826,-0.083939,0.25706,0.44444,-0.16542,-0.16823,0.24353,0.11752,0.015432,-0.3171,-0.15434,-0.69879,-0.17537,-0.49084,0.13501,0.22286,0.16471,0.55013,0.21652,-0.12274,0.0026958,0.059817,0.5847,0.31081,0.98543,-0.061162,0.010882,0.31553,0.23747,0.54045,-0.024396,0.62096,0.23291,0.20304,0.27078,0.13417,0.25961,0.1046,0.22921,-0.57078,0.19105,0.12003,0.093206,-0.29696,-0.15831,0.57024,0.23164,0.64467,0.77135,0.35749,0.7171,0.27291,0.31366,0.63784,0.80289,0.97308,0.89157,0.29254,0.40854,-0.31967,-0.091195,0.20132,0.079459,0.074583,0.11406,0.57693,0.7147,0.22676,0.41236,0.82455,-0.022729,1.0394,0.57339,0.63518,0.56896
0.38141,0.02742,0.19743,-0.05556,0,0.69943,0.34984,0.1543,0.76303,0.47097,0.46274,0.23143,0.17362,0.12604,0.48183,0.5072,0.45847,0.34246,0.29175,0.055884,0.29426,0.36274,0.37204,0.30117,0.75579,0.45519,0.49907,0.58856,0.58432,0.4275,0.094627,0.22399,0.17881,-0.024253,0.22321,0.3449,0.54771,0.38207,0.9967,0.41607,0.34352,0.16408,0.051669,-0.099129,0.086494,0.33669,0.22156,-0.047828,-0.024343,0.62905,0.63011,0.18599,0.064422,-0.17835,0.05776,-0.13764,-0.29224,-0.18382,-0.097068,0.33503,0.66355,0.18099,0.13603,-0.24751,-0.13193,0.24847,0.2872,0.62685,-0.047019,0.19048,0.11538,-0.28753,0.033243,-0.072969,-0.17206,0.43609,0.44112,0.12342,0.08016,0.44865,0.52462,0.60468,0.5346,-0.18517,-0.12094,-0.050268,0.28002,-0.058547,-0.60035,0.19897,0.27094,0.24312,-0.0039597,0.27323,0.12559,0.47295,0.12652,0.40809,0.08602,0.15095,-0.022805,0.086736,-0.19397,-0.20605,-0.10628
0.01764,0.33064,-0.28418,-0.40356,0.69943,0,0.14261,0.30371,0.86999,0.40836,0.030564,0.21366,0.19889,0.25935,0.27373,0.5622,0.096539,0.42752,0.15743,0.17075,0.80368,0.82667,0.70535,0.73196,0.30222,0.69422,0.89324,0.77355,0.39382,0.16067,0.056849,0.092352,0.20926,0.044308,0.3256,0.31282,0.10207,0.085665,0.26015,0.3625,0.33926,0.82482,-0.11749,0.29283,0.14353,-0.011323,0.038486,-0.40071,0.1905,0.61582,0.62004,-0.33337,-0.37185,-0.1786,-0.48164,-0.043258,-0.17108,-0.6259,-0.32029,0.06537,0.60534,-0.099899,0.08163,-0.2441,-0.16296,0.0032801,-0.022649,0.43809,0.020053,0.26494,0.20141,-0.32048,0.12449,0.066678,-0.014902,-0.2722,0.28626,-0.050242,-0.039413,0.06483,0.062976,0.084484,0.10564,-0.15437,-0.11096,-0.27133,0.011876,-0.40878,-0.54487,0.20861,0.21358,-0.060557,-0.010958,0.068434,0.32313,0.31518,0.16622,0.51564,0.34399,-0.16528,0.12464,-0.23444,-0.18568,-0.19236,-0.042398
0.97714,0.53436,-0.30491,-0.27856,0.34984,0.14261,0,0.68093,0.12149,0.29166,0.22706,0.4582,-0.13402,-0.28144,-0.077187,-0.078479,-0.25838,-0.34273,-0.061003,-0.47771,0.018345,0.24891,0.36926,0.63356,0.23247,0.45269,0.037685,0.10452,1.0727,0.63494,0.41817,0.50301,-0.097023,-0.14946,0.11627,-0.1046,0.11399,0.1984,0.52077,0.43188,1.1633,0.50079,0.36203,0.39735,-0.30545,0.22073,-0.44774,-0.23636,0.26829,-0.23097,-0.37892,0.031344,0.52623,0.38148,0.12669,0.55499,0.23832,0.043131,-0.12126,0.23446,0.42103,0.087135,0.19832,0.21567,0.33393,-0.37413,-0.50404,0.03432,-0.032417,0.17975,0.070665,-0.17846,-0.30656,-0.44359,-0.39661,0.14737,-0.095358,-0.17151,-0.31861,-0.37263,-0.25026,-0.068254,-0.15352,0.03276,-0.43387,-0.26006,-0.35448,-0.10131,-0.042268,-0.47124,0.12743,0.058659,-0.20374,0.34738,-0.034603,-0.51994,-0.60044,-0.3564,-0.3444,-0.017613,-0.10768,-0.16671,-0.18123,-0.31938,-0.40668
0.51563,0.65161,-0.55805,-0.4659,0.1543,0.30371,0.68093,0,0.16189,0.32543,0.13402,0.51097,-0.27142,-0.27251,-0.022697,-0.14271,-0.27927,-0.13478,0.11702,-0.17047,0.07342,0.035809,0.30948,0.38718,0.18519,0.51164,0.051956,0.11454,0.60864,0.86171,0.34038,0.67073,-0.31552,-0.47756,0.081238,0.070075,-0.032244,0.34315,0.30021,0.75464,0.49273,0.53856,0.02823,0.58296,-0.21899,0.22155,-0.11673,-0.16738,0.046242,-0.20468,-0.3925,-0.16743,0.055314,0.061754,-0.34973,0.14843,0.047953,-0.14026,-0.24344,-0.075074,0.26124,-0.035647,0.14779,-0.070692,0.018303,-0.19629,-0.21754,0.06389,0.25067,0.31098,0.30654,-0.3203,-0.081534,-0.21303,-0.1522,-0.060541,-0.0024685,-0.37392,-0.61363,-0.53312,-0.35472,-0.15004,-0.089268,-0.25434,-0.606,-0.42052,-0.44912,0.10332,-0.094021,-0.20895,0.09012,-0.34356,-0.16374,0.034826,0.046856,-0.46887,-0.55919,-0.27528,-0.30032,-0.35017,0.094669,-0.47998,-0.38927,-0.47606,-0.17727
0.14936,0.13131,0.10903,0.0030394,0.76303,0.86999,0.12149,0.16189,0,0.58657,0.39098,0.24332,0.2106,0.22711,0.4963,0.52279,0.46277,0.83626,0.62122,0.3811,0.75685,0.81805,0.82337,0.60232,1.0407,0.71692,0.94928,0.44934,0.28836,0.23484,0.30451,0.40853,0.152,0.016669,0.16997,0.28546,0.30995,0.2804,0.71678,0.59219,0.43708,0.45074,0.077662,0.2065,0.42393,0.53343,0.23501,-0.17023,0.18072,0.3311,0.37245,-0.026079,-0.15841,-0.15285,-0.19616,-0.073075,-0.23855,-0.38278,-0.28875,0.32963,0.83934,0.080554,0.12945,-0.078978,0.10941,0.11896,0.23136,0.50224,-0.013579,0.30596,0.4244,0.054178,0.51484,0.11074,0.020118,0.020542,0.47829,0.071404,-0.044677,0.14429,0.33784,0.25735,0.49433,0.17496,0.21004,0.15435,0.45703,-0.22184,-0.52684,0.27525,0.55493,-0.041439,-0.01953,0.060696,0.18479,0.52948,0.36559,0.52536,0.4848,0.26269,0.32208,-0.037813,-0.17581,-0.043931,0.023262
0.077308,0.0057413,-0.045056,-0.22089,0.47097,0.40836,0.29166,0.32543,0.58657,0,0.74166,0.96103,0.31824,0.30532,0.51598,0.095832,0.54126,0.4757,0.31048,0.13226,0.47922,0.47033,0.46474,0.43181,0.64085,0.83204,0.14239,0.26239,0.58704,0.35334,0.51467,0.42772,0.3761,0.18215,0.57717,0.55239,0.59294,0.60554,0.79764,0.73235,0.20757,0.35233,0.089972,0.063369,0.21126,0.39629,0.071465,-0.18689,0.10861,0.34899,0.27611,0.15528,-0.22761,-0.34816,-0.28987,-0.094673,-0.33934,-0.22061,-0.27365,0.010988,0.5729,0.1567,0.037137,-0.043021,0.060751,0.0012809,0.037198,0.20728,-0.34535,0.21199,0.11828,-0.05087,0.17455,-0.15283,-0.15364,0.06248,0.3312,0.28486,0.0066566,0.013199,0.18626,0.48857,0.33934,-0.008524,-0.042702,0.21231,0.12703,-0.032868,-0.45753,0.29838,0.36086,-0.15385,-0.24278,0.028294,0.025544,0.07373,-0.10571,0.012557,0.16415,0.14073,0.39184,0.014315,-0.098979,-0.23993,-0.20727
0.15934,-0.47158,0.20855,0.18541,0.46274,0.030564,0.22706,0.13402,0.39098,0.74166,0,0.53023,0.33876,0.45182,0.9383,0.44247,0.67224,0.62717,0.57619,0.3074,0.363,0.32059,0.2208,-0.090672,0.80781,0.10067,0.06494,0.16406,0.3155,0.26229,1.011,0.2358,0.55907,0.31826,0.76926,0.88196,1.1064,1.2273,0.90892,0.41008,0.085876,-0.22917,0.097571,-0.40173,0.53482,0.8557,0.031706,0.14544,0.035412,0.15226,0.087191,0.42956,-0.0074846,-0.47426,0.027225,-0.31768,-0.54206,-0.1057,-0.40575,0.13155,0.16829,0.63581,0.36035,0.37871,0.2,0.14417,0.22973,0.31968,-0.17261,-0.03902,0.37032,0.37603,0.34294,-0.14086,-0.020604,0.23561,0.039767,0.34941,0.24179,0.046049,0.40254,0.36887,0.54997,-0.12712,0.19856,0.37515,0.53276,0.18234,-0.28606,0.1002,0.54616,-0.16484,-0.40425,0.0093597,-0.14716,0.23848,0.18294,-0.011481,0.35569,0.47232,0.3565,0.47811,0.30607,-0.15939,-0.10162
0.23551,0.28199,-0.32255,-0.40414,0.23143,0.21366,0.4582,0.51097,0.24332,0.96103,0.53023,0,0.12375,0.13265,0.18495,-0.1336,0.0053144,0.067625,0.041026,-0.27251,0.052335,0.18707,0.047018,0.36624,0.29913,0.59257,-0.10307,0.29724,0.46162,0.40291,0.60216,0.22954,0.22749,0.0026088,0.56576,0.50926,0.64347,0.64892,0.62703,0.94592,0.093556,0.48114,-0.15323,-0.036752,-0.03307,0.20249,-0.41433,-0.47652,-0.23136,0.10867,-0.097152,-0.1614,-0.20302,-0.21077,-0.34612,-0.2357,-0.46698,-0.36106,-0.47946,-0.32142,0.26651,-0.13307,-0.19371,-0.18568,-0.14896,-0.46203,-0.36212,-0.14187,-0.48362,-0.15209,-0.17251,-0.21903,-0.21681,-0.42757,-0.41461,0.10624,0.2272,0.11051,-0.1053,0.0010652,0.095786,0.18641,0.041073,-0.22834,-0.32522,-0.031337,-0.059299,-0.29245,-0.62474,-0.11005,0.014071,-0.47514,-0.4748,0.20931,0.20016,-0.22229,-0.32754,-0.12627,-0.089546,-0.27807,-0.099093,-0.2106,-0.1062,-0.59641,-0.24749
-0.37435,-0.6006,0.51406,0.45619,0.17362,0.19889,-0.13402,-0.27142,0.2106,0.31824,0.33876,0.12375,0,1.6888,0.53515,0.14958,0.51291,0.67826,0.31334,0.62399,0.20454,0.43013,0.094579,-0.026674,0.16293,0.027373,0.03808,0.11727,-0.10669,-0.20238,0.10375,-0.10708,1.4222,1.4457,0.53765,0.2563,0.63496,0.38255,0.11608,-0.00064022,-0.15377,-0.089465,-0.39968,-0.36701,0.16586,-0.052173,0.019112,-0.13086,0.21399,0.7246,0.62405,-0.1814,-0.02503,-0.077712,0.19766,-0.20792,-0.23477,-0.14387,-0.064595,-0.084054,-0.025834,0.42853,-0.0049262,0.034466,0.097769,-0.19395,0.016484,-0.0061918,-0.31611,-0.48482,0.04608,-0.16928,0.0064474,-0.33095,-0.12728,0.142,0.21856,1.6282,1.2139,0.49417,0.70298,0.33099,0.23183,0.25182,0.6864,0.82593,0.7,-0.10585,-0.031848,0.028023,-0.045108,0.0015949,-0.12549,-0.080629,0.134,0.47673,0.36712,0.34302,0.32014,0.23386,-0.10752,0.72115,0.32801,0.3303,0.26364
-0.45025,-0.67266,0.39726,0.41161,0.12604,0.25935,-0.28144,-0.27251,0.22711,0.30532,0.45182,0.13265,1.6888,0,0.67861,0.36402,0.50025,0.87048,0.39046,0.74062,0.35546,0.51432,0.10138,-0.10282,0.17121,-0.045413,0.13595,0.23956,-0.20819,-0.2472,0.2604,-0.2138,1.6589,1.4073,0.77705,0.52652,0.71077,0.50659,0.058444,-0.041656,-0.28569,-0.11706,-0.42686,-0.4515,0.3954,0.056991,0.023013,-0.06797,0.22239,0.68826,0.59801,-0.19653,-0.18992,-0.26405,0.063315,-0.35251,-0.35856,-0.26828,-0.20843,-0.10236,-0.079303,0.46084,0.075098,0.11384,0.054559,-0.08882,0.070067,0.1003,-0.22423,-0.51661,0.19161,-0.025072,0.15405,-0.21309,-0.02014,0.013942,0.15071,1.1524,1.1384,0.38749,0.63881,0.23805,0.22915,0.099876,0.66703,0.6769,0.73176,-0.07894,-0.072927,0.047674,0.039069,-0.13955,-0.21511,-0.093724,0.21447,0.57349,0.53642,0.4291,0.55991,0.24674,0.03056,0.74999,0.4806,0.27925,0.33364
-0.14599,-0.55923,0.2605,0.17763,0.48183,0.27373,-0.077187,-0.022697,0.4963,0.51598,0.9383,0.18495,0.53515,0.67861,0,0.57907,0.88315,1.0623,0.60401,0.9141,0.66401,0.53405,0.47548,0.042953,0.72376,0.20626,0.40751,0.56467,0.1508,0.22737,0.44562,0.016659,0.72924,0.43563,0.82804,0.89716,0.82458,1.0128,0.62684,0.26142,-0.029571,-0.13134,0.0046025,-0.29919,0.89525,0.48106,0.29445,0.15609,0.098645,0.55845,0.50308,0.45478,-0.33429,-0.73714,-0.17632,-0.3704,-0.46594,-0.35911,-0.36854,0.039257,0.004457,0.64565,0.52018,0.34259,0.087007,0.34971,0.51529,0.42912,0.018405,0.034281,0.56151,0.2282,0.35139,0.12191,0.08968,-0.0096598,0.074854,0.42885,0.32438,0.12313,0.43949,0.54963,0.84405,-0.19426,0.41604,0.32666,0.56397,0.11279,-0.30426,0.38291,0.55344,-0.21296,-0.45969,-0.3789,-0.19559,0.65044,0.52402,0.48614,0.51249,0.28977,0.57509,0.47713,0.34356,-0.079277,-0.18671
0.030458,-0.23242,0.1025,0.12476,0.5072,0.5622,-0.078479,-0.14271,0.52279,0.095832,0.44247,-0.1336,0.14958,0.36402,0.57907,0,0.40691,0.54667,0.44587,0.38499,0.75986,0.64585,0.41159,0.037198,0.30645,-0.033434,0.83165,0.50704,0.097553,-0.11002,0.30198,-0.27486,0.39214,0.23219,0.52227,0.66207,0.31981,0.27191,0.24618,0.00088608,0.12184,0.026084,0.039875,-0.24769,0.63451,0.32299,0.077404,0.22785,0.28258,0.28822,0.40433,0.050412,-0.11011,-0.25817,-0.022326,-0.13981,-0.18341,-0.20317,-0.15678,0.39541,0.31732,0.39007,0.55728,0.33714,0.037297,0.43425,0.32919,0.60064,0.18457,0.1009,0.38652,0.32772,0.4162,0.1844,0.23016,-0.16683,0.072215,0.025899,0.23904,0.075519,0.27051,0.047682,0.32109,-0.13494,0.28957,0.02381,0.41956,-0.039603,-0.12235,0.090174,0.5053,0.062736,-0.11941,0.092449,0.18047,0.63106,0.6938,0.50689,0.89631,0.44267,0.35739,0.41188,0.48429,-0.017641,0.057353
-0.24646,-0.69002,0.71901,0.46845,0.45847,0.096539,-0.25838,-0.27927,0.46277,0.54126,0.67224,0.0053144,0.51291,0.50025,0.88315,0.40691,0,0.83065,0.67948,0.75774,0.40191,0.26906,0.30502,-0.14231,0.64753,0.085187,0.21496,0.084595,-0.0061495,-0.039671,0.070634,-0.017027,0.48464,0.36528,0.31468,0.42859,0.56686,0.48462,0.51773,0.16456,-0.14559,-0.36353,-0.020188,-0.42166,0.48445,0.30704,0.41563,0.32732,0.05743,0.42345,0.63448,0.48554,-0.11469,-0.36309,0.084928,-0.27391,-0.3151,0.076504,0.021199,0.29394,0.20102,0.57386,0.35224,0.14301,0.035088,0.47455,0.67469,0.31875,-0.1114,0.094555,0.16508,0.19902,0.3259,0.024153,0.013239,0.16529,0.39444,0.651,0.45691,0.39316,0.69302,0.94512,1.1328,0.1517,0.5827,0.74549,0.70933,0.20065,-0.12995,0.45534,0.34912,0.053264,-0.18727,-0.36645,-0.26077,0.78186,0.6007,0.34737,0.55278,0.64922,0.50468,0.64822,0.34234,0.042041,-0.11373
-0.37234,-0.55312,0.3763,0.3343,0.34246,0.42752,-0.34273,-0.13478,0.83626,0.4757,0.62717,0.067625,0.67826,0.87048,1.0623,0.54667,0.83065,0,0.83566,1.2099,0.77743,0.64469,0.49524,0.047186,0.76293,0.2022,0.51187,0.33344,-0.13854,-0.016147,0.34245,0.11603,0.67734,0.49545,0.48408,0.58351,0.5865,0.58879,0.39347,0.20011,-0.10925,-0.080876,-0.20237,-0.23604,0.7755,0.47973,0.41596,0.063914,0.14207,0.49607,0.55754,0.11014,-0.39239,-0.56278,-0.17922,-0.44289,-0.50127,-0.40415,-0.35697,0.059678,0.14278,0.49219,0.27987,0.12906,0.13227,0.28413,0.49677,0.42394,0.0059938,-0.027127,0.60986,0.21125,0.65722,0.16145,0.18728,-0.06319,0.19908,0.51391,0.43378,0.23446,0.55664,0.34539,0.70024,0.1255,0.71668,0.55647,0.92485,0.012615,-0.30049,0.42651,0.47445,-0.15845,-0.13952,-0.27587,0.061036,0.90398,0.79428,0.65004,0.81215,0.43047,0.50601,0.45058,0.25139,0.18262,0.21516
0.17558,-0.22665,0.57309,0.65699,0.29175,0.15743,-0.061003,0.11702,0.62122,0.31048,0.57619,0.041026,0.31334,0.39046,0.60401,0.44587,0.67948,0.83566,0,0.73941,0.32461,0.34093,0.45769,-0.028063,0.85454,0.19748,0.49565,0.20525,-0.050021,0.38629,0.27102,0.27545,0.22405,0.11972,0.1467,0.21652,0.40843,0.48957,0.52315,0.39412,0.1324,-0.099285,-0.13621,-0.19716,0.42152,0.62477,0.29412,0.48235,0.2197,-0.024957,0.080399,-0.049374,0.16637,-0.063615,0.19595,-0.16589,-0.22695,-0.011895,-0.050039,0.48098,0.36923,0.62619,0.55175,0.14489,0.1276,0.32437,0.41666,0.31568,0.31687,-0.071189,0.6565,0.097202,0.39198,-0.16345,-0.12595,0.23929,0.32269,0.30276,0.23911,0.024192,0.51174,0.30284,0.67662,0.44645,0.61702,0.68065,0.72414,0.30374,0.03065,-0.034319,0.32062,-0.088837,-0.15812,-0.0085938,0.20162,0.72927,0.74127,0.49925,0.74747,0.63982,0.39948,0.52145,0.40443,0.163,0.255
-0.45729,-0.68332,0.5069,0.53615,0.055884,0.17075,-0.47771,-0.17047,0.3811,0.13226,0.3074,-0.27251,0.62399,0.74062,0.9141,0.38499,0.75774,1.2099,0.73941,0,0.5374,0.40929,0.39695,-0.10984,0.38221,-0.032272,0.3499,0.18059,-0.3579,-0.061574,0.036756,-0.046897,0.51711,0.47655,0.29007,0.32402,0.28274,0.41923,0.079628,-0.041635,-0.18461,-0.25498,-0.23611,-0.18249,0.61946,0.19969,0.45623,0.24035,0.22899,0.34436,0.44521,0.19641,-0.25529,-0.36908,-0.060627,-0.31427,-0.23583,-0.25786,-0.15206,0.094131,-0.12019,0.70935,0.52498,0.30269,0.2416,0.33387,0.53729,0.34813,0.32221,-0.064873,0.6668,0.16201,0.43211,0.12919,0.16568,-0.12629,0.11343,0.53856,0.48722,0.12426,0.42275,0.33634,0.61197,0.14718,0.81115,0.6059,0.73012,0.14636,0.058375,0.2963,0.2531,-0.19255,-0.17318,-0.54099,-0.10405,0.83682,0.86928,0.59218,0.67332,0.43705,0.60643,0.61045,0.42141,0.27875,0.18757
-0.20078,-0.070014,-0.24573,-0.23873,0.29426,0.80368,0.018345,0.07342,0.75685,0.47922,0.363,0.052335,0.20454,0.35546,0.66401,0.75986,0.40191,0.77743,0.32461,0.5374,0,1.2013,1.1377,0.54311,0.42229,0.44528,0.84075,0.45685,0.30063,-0.045449,0.42211,0.076805,0.39098,0.25006,0.5862,0.53105,0.11262,0.23409,0.20937,0.1526,0.33766,0.41087,0.2345,0.24127,0.73981,0.28124,0.11644,-0.1225,0.4578,0.30347,0.39649,0.14145,-0.49495,-0.44344,-0.5554,0.05176,-0.11303,-0.46237,-0.42347,0.14482,0.31886,0.24379,0.47519,0.42892,0.24497,0.22873,0.15479,0.44526,0.036903,0.49166,0.57587,0.38246,0.60041,0.34841,0.2981,-0.69328,-0.072552,-0.019487,-0.040099,-0.30975,-0.14134,0.0157,0.27454,-0.030955,0.23828,-0.025734,0.12002,-0.18201,-0.2255,0.41949,0.73759,-0.14803,-0.22036,-0.34239,-0.13464,0.29382,0.34724,0.32376,0.75067,0.2413,0.86804,0.035482,0.16146,-0.069649,-0.26271
0.070692,0.050775,-0.068517,-0.045763,0.36274,0.82667,0.24891,0.035809,0.81805,0.47033,0.32059,0.18707,0.43013,0.51432,0.53405,0.64585,0.26906,0.64469,0.34093,0.40929,1.2013,0,1.071,0.86322,0.45541,0.55024,0.87241,0.57997,0.29276,0.0061676,0.45932,0.04475,0.54105,0.46586,0.63236,0.39952,0.27266,0.26059,0.27092,0.16944,0.5356,0.61233,0.16533,0.24354,0.53724,0.2518,-0.16384,-0.3015,0.69811,0.31354,0.33009,-0.068223,-0.13589,-0.042951,-0.19646,0.20204,-0.013502,-0.48645,-0.40227,0.33056,0.53064,0.28035,0.39944,0.41647,0.42258,-0.11191,-0.18916,0.46209,0.027998,0.11434,0.49259,0.14024,0.26718,-0.061737,-0.10368,-0.34415,0.17439,0.20372,0.17696,-0.15049,0.057052,0.084898,0.11031,0.1346,0.2224,0.10328,0.19935,-0.39919,-0.2075,-0.02552,0.40868,-0.17947,-0.35671,-0.0085732,0.14824,0.31667,0.35523,0.43052,0.70935,0.31982,0.45905,0.18999,0.23915,-0.014668,-0.14219
0.2106,0.2539,-0.13866,-0.12921,0.37204,0.70535,0.36926,0.30948,0.82337,0.46474,0.2208,0.047018,0.094579,0.10138,0.47548,0.41159,0.30502,0.49524,0.45769,0.39695,1.1377,1.071,0,0.96277,0.63959,0.81825,0.97526,0.46049,0.56579,0.3759,0.30851,0.43967,0.11717,0.056968,0.23883,0.1033,-0.039435,0.13751,0.36981,0.30034,0.8548,0.61733,0.45452,0.58114,0.47153,0.36657,0.13855,-0.010406,0.67557,0.096346,0.1566,0.10827,-0.090732,-0.071486,-0.27271,0.44769,0.19224,-0.25584,-0.22226,0.44122,0.58562,0.1996,0.50028,0.34765,0.31946,0.17182,0.084274,0.37906,0.17589,0.58742,0.67986,0.1599,0.40366,0.18016,0.059087,-0.38314,0.018269,-0.10767,-0.23829,-0.48074,-0.2138,0.08766,0.30175,0.27298,0.15293,-0.037828,-0.035567,-0.044574,-0.074215,0.18718,0.69443,-0.0013204,-0.15354,-0.23698,-0.10749,0.16752,0.17715,0.27317,0.45636,0.23027,0.75679,-0.082693,-0.010376,0.0089172,-0.32156
0.37083,0.75846,-0.40171,-0.45762,0.30117,0.73196,0.63356,0.38718,0.60232,0.43181,-0.090672,0.36624,-0.026674,-0.10282,0.042953,0.037198,-0.14231,0.047186,-0.028063,-0.10984,0.54311,0.86322,0.96277,0,0.31457,1.1506,0.62219,0.52209,0.62824,0.35192,0.18635,0.33644,-0.040381,-0.074565,0.14439,-0.052401,-0.09081,-0.032439,0.27784,0.39884,0.8939,1.3784,0.32812,0.78894,0.064357,0.052818,-0.24366,-0.52338,0.44103,0.089234,0.026608,-0.1487,-0.061512,0.19022,-0.31613,0.52584,0.24115,-0.3947,-0.26929,0.1933,0.65083,-0.22672,0.056649,0.038818,0.21024,-0.31148,-0.41506,0.16687,-0.032294,0.33879,0.17559,-0.19396,-0.063214,-0.071533,-0.27319,-0.27794,0.17962,-0.19929,-0.36931,-0.32835,-0.297,0.021181,-0.085018,0.12366,-0.25736,-0.31719,-0.34361,-0.47538,-0.28983,-0.081795,0.21313,-0.12043,-0.20808,0.057189,0.12096,-0.14507,-0.18942,0.15701,0.047089,-0.15737,0.19748,-0.43848,-0.28704,-0.22812,-0.40421
0.34109,-0.069795,0.34276,0.23122,0.75579,0.30222,0.23247,0.18519,1.0407,0.64085,0.80781,0.29913,0.16293,0.17121,0.72376,0.30645,0.64753,0.76293,0.85454,0.38221,0.42229,0.45541,0.63959,0.31457,0,0.54123,0.51151,0.36302,0.33323,0.57716,0.5129,0.62893,0.13597,-0.012593,0.17528,0.3058,0.58258,0.63333,1.1469,0.52487,0.36853,0.047974,0.22387,0.0011533,0.50201,1.034,0.34608,0.13766,0.11727,0.14958,0.15487,0.32685,0.040837,-0.26123,0.043979,-0.087554,-0.30384,-0.15855,-0.28919,0.42234,0.55626,0.31939,0.23108,0.033224,0.14522,0.26904,0.38866,0.51696,0.031123,0.18532,0.57845,0.13568,0.46532,0.033249,-0.090027,0.35351,0.30768,0.12885,-0.03932,0.085457,0.42389,0.52797,0.83186,0.18063,0.20063,0.26876,0.5062,0.14036,-0.41755,0.20701,0.60595,0.0098012,-0.13703,0.025929,0.01026,0.481,0.30482,0.34392,0.32981,0.42313,0.38504,0.13973,-0.078576,-0.019764,-0.037491
0.33136,0.67228,-0.29389,-0.46586,0.45519,0.69422,0.45269,0.51164,0.71692,0.83204,0.10067,0.59257,0.027373,-0.045413,0.20626,-0.033434,0.085187,0.2022,0.19748,-0.032272,0.44528,0.55024,0.81825,1.1506,0.54123,0,0.57152,0.56301,0.77958,0.68346,0.16889,0.59273,-0.019661,-0.1561,0.1763,0.0838,0.075569,0.13553,0.56045,0.80283,0.57831,1.0669,0.26334,0.63826,0.10764,0.23349,0.12324,-0.23699,0.25091,0.27085,0.16001,-0.1367,-0.16451,-0.04561,-0.36081,0.29669,0.09512,-0.23903,-0.072408,0.099854,0.7971,-0.24186,-0.055306,-0.24978,-0.05022,-0.014378,-0.053285,0.14672,-0.11103,0.45765,0.21146,-0.31012,0.08014,0.021138,-0.17244,-0.061698,0.35746,-0.12205,-0.41913,-0.1959,-0.11502,0.22012,0.14454,0.11398,-0.21774,-0.16389,-0.25089,-0.099407,-0.35565,0.21507,0.31815,-0.056905,-0.091387,0.08935,0.20934,-0.011424,-0.22093,0.24691,-0.024565,-0.19971,0.25513,-0.45706,-0.46609,-0.20401,-0.27846
0.1945,0.29847,-0.030794,-0.036039,0.49907,0.89324,0.037685,0.051956,0.94928,0.14239,0.06494,-0.10307,0.03808,0.13595,0.40751,0.83165,0.21496,0.51187,0.49565,0.3499,0.84075,0.87241,0.97526,0.62219,0.51151,0.57152,0,0.79489,0.2594,0.2238,0.10758,0.095191,0.09906,-0.0010315,0.18893,0.20654,-0.0050177,0.016812,0.2739,0.23268,0.45047,0.55212,0.23535,0.30292,0.62221,0.32026,0.22621,0.12519,0.44748,0.26246,0.3165,-0.16225,-0.14623,-0.071745,-0.15911,0.2041,0.12663,-0.2705,-0.060753,0.46927,0.62855,-0.016101,0.30272,0.061158,-0.036165,0.35212,0.27857,0.44169,0.21291,0.34898,0.52337,0.091034,0.4426,0.33019,0.16254,-0.23312,0.23481,-0.18456,-0.13817,-0.11152,0.055907,0.01276,0.29777,0.16366,0.22065,-0.12192,0.13958,-0.080693,-0.1529,0.16622,0.58862,0.082199,-0.0049749,0.01963,0.28774,0.53292,0.51088,0.76605,0.64643,0.13631,0.38823,-0.063117,0.029152,0.069748,-0.017976
0.15778,0.22322,-0.14999,-0.25549,0.58856,0.77355,0.10452,0.11454,0.44934,0.26239,0.16406,0.29724,0.11727,0.23956,0.56467,0.50704,0.084595,0.33344,0.20525,0.18059,0.45685,0.57997,0.46049,0.52209,0.36302,0.56301,0.79489,0,0.28218,0.44018,0.10912,-0.15812,0.28005,0.029695,0.5305,0.51963,0.39106,0.36777,0.40233,0.2964,0.11368,0.51535,-0.090921,-0.037745,0.40234,0.084817,-0.0061594,-0.12798,0.027337,0.545,0.44325,-0.13047,-0.37883,-0.39333,-0.32747,-0.17832,-0.28534,-0.6831,-0.35065,0.0065894,0.23479,-0.020537,0.20375,-0.14749,-0.32719,0.1286,0.085346,0.3556,0.08091,-0.057413,0.23582,-0.30138,-0.10868,0.044009,-0.2145,-0.062308,0.17293,-0.068556,-0.0097417,0.089275,0.16902,0.29144,0.29147,-0.30963,-0.082683,-0.30042,0.020612,-0.26424,-0.58683,0.075833,0.14416,-0.18199,-0.37245,0.072612,0.37418,0.48112,0.34529,0.85294,0.31981,-0.24478,0.10191,-0.077541,0.10955,-0.29734,-0.19527
0.5818,0.48393,-0.43085,-0.56646,0.58432,0.39382,1.0727,0.60864,0.28836,0.58704,0.3155,0.46162,-0.10669,-0.20819,0.1508,0.097553,-0.0061495,-0.13854,-0.050021,-0.3579,0.30063,0.29276,0.56579,0.62824,0.33323,0.77958,0.2594,0.28218,0,0.67422,0.35902,0.58969,0.0056728,-0.13952,0.26074,0.10779,0.10174,0.17922,0.63959,0.54653,0.88074,0.56592,0.55698,0.45411,-0.045782,0.28362,-0.015964,-0.060855,0.24539,0.13596,0.00011061,0.13695,0.13051,-0.021903,-0.13535,0.48986,0.2113,0.082193,0.022589,0.13917,0.54632,-0.06494,0.095436,0.042348,0.021168,0.060893,-0.060741,0.089574,-0.2093,0.62552,0.095173,-0.095287,0.011359,0.019552,0.0091993,-0.011682,-0.094873,-0.23167,-0.4437,-0.34397,-0.2892,0.033782,0.048297,-0.073873,-0.38062,-0.35514,-0.41832,0.11436,-0.14226,0.11896,0.50279,0.25875,-0.0082958,0.17634,-0.10846,-0.3621,-0.59563,-0.21858,-0.2843,-0.13325,0.12144,-0.32138,-0.38343,-0.26257,-0.49674
0.80078,0.48008,-0.097513,-0.13554,0.4275,0.16067,0.63494,0.86171,0.23484,0.35334,0.26229,0.40291,-0.20238,-0.2472,0.22737,-0.11002,-0.039671,-0.016147,0.38629,-0.061574,-0.045449,0.0061676,0.3759,0.35192,0.57716,0.68346,0.2238,0.44018,0.67422,0,0.21515,0.73959,-0.24412,-0.42512,0.0094935,0.014568,0.17679,0.41531,0.70707,0.67379,0.49467,0.31574,0.18647,0.31334,-0.037708,0.47317,0.19435,0.21518,0.052176,-0.068727,-0.22577,0.040437,0.22185,-0.028899,0.0034599,0.16374,0.033015,-0.028133,-0.019221,0.17874,0.35782,0.084561,0.2055,-0.16371,-0.078368,0.1562,0.11972,0.17805,0.28644,0.20203,0.4246,-0.37479,-0.085656,-0.13679,-0.26176,0.36741,0.079847,-0.2627,-0.46126,-0.28615,-0.052398,0.20076,0.24869,-0.02218,-0.32149,-0.22041,-0.20714,0.36894,-0.12881,-0.10348,0.1953,-0.011781,-0.10489,0.19653,0.16239,-0.061328,-0.24818,0.091789,-0.25611,-0.15362,0.10697,-0.23799,-0.28767,-0.20049,-0.1247
0.25883,-0.05178,-0.2347,-0.0826,0.094627,0.056849,0.41817,0.34038,0.30451,0.51467,1.011,0.60216,0.10375,0.2604,0.44562,0.30198,0.070634,0.34245,0.27102,0.036756,0.42211,0.45932,0.30851,0.18635,0.5129,0.16889,0.10758,0.10912,0.35902,0.21515,0,0.36736,0.34937,0.22212,0.70934,0.64302,0.5536,0.77129,0.4453,0.32977,0.30055,0.1116,0.28876,0.022398,0.53654,0.88613,-0.2395,-0.086692,0.2454,-0.1599,-0.33885,0.15384,-0.026822,-0.26001,-0.12753,0.0062735,-0.22254,-0.17791,-0.59252,0.046026,0.14162,0.2463,0.17206,0.51143,0.34282,-0.14789,-0.1603,0.16748,-0.16351,0.01146,0.47512,0.5291,0.42969,-0.048645,0.08691,-0.083526,-0.21793,-0.0011523,-0.074504,-0.38806,-0.071202,-0.15365,0.062136,-0.11494,-0.022553,0.015876,0.14027,0.032733,-0.15915,-0.13549,0.59839,-0.30629,-0.38312,0.095484,-0.021408,-0.183,-0.086417,-0.23228,0.24936,0.21051,0.31257,0.09524,0.14042,-0.16109,-0.082571
0.4586,0.34177,-0.080021,-0.083939,0.22399,0.092352,0.50301,0.67073,0.40853,0.42772,0.2358,0.22954,-0.10708,-0.2138,0.016659,-0.27486,-0.017027,0.11603,0.27545,-0.046897,0.076805,0.04475,0.43967,0.33644,0.62893,0.59273,0.095191,-0.15812,0.58969,0.73959,0.36736,0,-0.26123,-0.24315,-0.22528,-0.22804,-0.058907,0.13547,0.45616,0.44087,0.62238,0.21551,0.4503,0.64769,-0.024554,0.70481,0.40621,0.11144,0.25505,-0.16427,-0.30193,0.10681,0.25994,0.083484,0.050698,0.38903,0.22214,0.19518,0.042314,0.20642,0.46828,-0.031449,-0.11579,-0.10177,0.23053,0.09841,0.125,0.13467,0.058809,0.4945,0.48214,-0.0084304,0.43126,0.12622,0.16878,0.2422,-0.021832,-0.19157,-0.47831,-0.35591,-0.1792,-0.062872,0.079178,0.29554,-0.14705,-0.048894,-0.098749,0.44282,0.045612,0.13459,0.49059,0.23977,0.36214,0.12979,-0.029697,-0.28993,-0.4662,-0.27443,-0.31592,0.048515,0.19289,-0.33665,-0.71067,0.20243,0.11926
-0.38345,-0.65844,0.27466,0.25706,0.17881,0.20926,-0.097023,-0.31552,0.152,0.3761,0.55907,0.22749,1.4222,1.6589,0.72924,0.39214,0.48464,0.67734,0.22405,0.51711,0.39098,0.54105,0.11717,-0.040381,0.13597,-0.019661,0.09906,0.28005,0.0056728,-0.24412,0.34937,-0.26123,0,1.5778,1.032,0.61492,0.81689,0.54141,0.15969,-0.033661,-0.18409,-0.089444,-0.26531,-0.50278,0.41413,0.04787,-0.080891,-0.088057,0.20598,0.70127,0.57506,-0.059566,-0.19321,-0.32947,0.048449,-0.25884,-0.33092,-0.22717,-0.21365,-0.15354,-0.10857,0.43713,0.096299,0.22717,0.058675,-0.088628,0.038796,0.017853,-0.42315,-0.42682,0.070542,0.057006,0.084019,-0.18017,0.006955,-0.03911,0.0010147,1.0485,1.0103,0.33215,0.52165,0.22844,0.22662,0.041846,0.60662,0.54947,0.58271,-0.11554,-0.10586,0.083851,0.15073,-0.043827,-0.27528,-0.092287,0.088246,0.41688,0.38342,0.31065,0.4637,0.22073,0.022403,0.72069,0.51171,0.17897,0.099178
-0.38152,-0.68046,0.40121,0.44444,-0.024253,0.044308,-0.14946,-0.47756,0.016669,0.18215,0.31826,0.0026088,1.4457,1.4073,0.43563,0.23219,0.36528,0.49545,0.11972,0.47655,0.25006,0.46586,0.056968,-0.074565,-0.012593,-0.1561,-0.0010315,0.029695,-0.13952,-0.42512,0.22212,-0.24315,1.5778,0,0.63071,0.28181,0.47836,0.25094,-0.081938,-0.30068,-0.14344,-0.17385,-0.14196,-0.36093,0.31498,-0.027652,-0.083754,-0.041306,0.40549,0.50493,0.43005,-0.069419,0.013864,-0.058641,0.27202,-0.035247,-0.072493,-0.055546,-0.052879,-0.0072199,-0.12178,0.40741,0.011723,0.30804,0.23128,-0.16169,-0.062536,-0.03715,-0.3542,-0.47618,0.045648,0.12531,0.09358,-0.18639,0.041207,-0.0017536,-0.019022,1.1221,1.1721,0.27946,0.41863,0.11064,0.019863,0.25713,0.68125,0.64366,0.53404,-0.069159,0.15288,-0.03087,0.071875,0.089853,-0.095754,-0.060603,0.052825,0.28924,0.3326,0.15388,0.39378,0.32223,-0.015108,0.78456,0.4853,0.48438,0.25433
-0.12473,-0.27822,-0.1737,-0.16542,0.22321,0.3256,0.11627,0.081238,0.16997,0.57717,0.76926,0.56576,0.53765,0.77705,0.82804,0.52227,0.31468,0.48408,0.1467,0.29007,0.5862,0.63236,0.23883,0.14439,0.17528,0.1763,0.18893,0.5305,0.26074,0.0094935,0.70934,-0.22528,1.032,0.63071,0,1.3285,0.83685,0.87933,0.29461,0.23492,-0.067,0.16107,-0.083233,-0.26874,0.57717,0.21145,-0.23972,-0.15993,0.18964,0.47687,0.30547,0.057864,-0.36896,-0.50777,-0.30326,-0.24934,-0.36213,-0.38058,-0.45245,-0.1812,-0.015164,0.34809,0.27884,0.37189,0.053706,-0.061615,-0.068348,0.17489,-0.25438,-0.1634,0.2126,0.1293,0.073253,-0.13464,-0.037432,-0.23859,-0.0092041,0.38727,0.33692,-0.019102,0.17549,0.17254,0.15963,-0.40007,0.081758,0.082867,0.15746,-0.12985,-0.25009,0.033199,0.27385,-0.4091,-0.68097,-0.096192,0.055077,0.16408,0.15469,0.18998,0.42539,0.054902,0.2761,0.35091,0.43186,-0.30501,-0.21876
-0.1515,-0.33957,-0.11936,-0.16823,0.3449,0.31282,-0.1046,0.070075,0.28546,0.55239,0.88196,0.50926,0.2563,0.52652,0.89716,0.66207,0.42859,0.58351,0.21652,0.32402,0.53105,0.39952,0.1033,-0.052401,0.3058,0.0838,0.20654,0.51963,0.10779,0.014568,0.64302,-0.22804,0.61492,0.28181,1.3285,0,0.88056,0.99622,0.40551,0.29641,-0.26729,-0.015893,-0.12644,-0.38149,0.69433,0.37579,-0.020304,-0.054419,-0.062538,0.45,0.33586,0.22251,-0.52378,-0.78853,-0.3914,-0.57129,-0.61116,-0.4195,-0.49033,-0.16574,0.0099924,0.30392,0.25258,0.21591,-0.066862,0.17789,0.205,0.37886,-0.12701,-0.070306,0.24948,0.20947,0.24207,0.048611,0.084942,-0.12507,0.11918,0.1921,0.18875,0.12005,0.29232,0.28013,0.34195,-0.65885,-0.014765,-0.0034256,0.27135,-0.049732,-0.44658,0.21168,0.33204,-0.46561,-0.56596,-0.085124,0.062248,0.32964,0.26978,0.26428,0.45397,0.086786,0.3686,0.26945,0.31685,-0.42102,-0.12727
0.03867,-0.48147,0.36884,0.24353,0.54771,0.10207,0.11399,-0.032244,0.30995,0.59294,1.1064,0.64347,0.63496,0.71077,0.82458,0.31981,0.56686,0.5865,0.40843,0.28274,0.11262,0.27266,-0.039435,-0.09081,0.58258,0.075569,-0.0050177,0.39106,0.10174,0.17679,0.5536,-0.058907,0.81689,0.47836,0.83685,0.88056,0,1.2831,0.7913,0.37438,-0.17769,-0.18186,-0.32828,-0.71021,0.3066,0.41272,-0.084693,-0.087181,-0.17275,0.47613,0.33755,0.15547,-0.070782,-0.40048,0.097618,-0.57929,-0.74248,-0.2626,-0.38655,-0.081474,0.057802,0.47768,0.11997,0.024051,-0.023273,-0.05716,0.11482,0.25206,-0.28665,-0.48444,0.076534,-0.083144,-0.045534,-0.39313,-0.32542,0.44261,0.28362,0.70095,0.57531,0.53617,0.90671,0.62574,0.55441,-0.22734,0.20065,0.4261,0.6911,-0.084498,-0.50708,-0.042117,0.077218,-0.22751,-0.49786,0.14907,0.17748,0.4822,0.29658,0.32065,0.25694,0.25385,-0.061585,0.58662,0.33333,-0.25017,0.0089201
0.1106,-0.34772,0.13656,0.11752,0.38207,0.085665,0.1984,0.34315,0.2804,0.60554,1.2273,0.64892,0.38255,0.50659,1.0128,0.27191,0.48462,0.58879,0.48957,0.41923,0.23409,0.26059,0.13751,-0.032439,0.63333,0.13553,0.016812,0.36777,0.17922,0.41531,0.77129,0.13547,0.54141,0.25094,0.87933,0.99622,1.2831,0,0.74461,0.50503,-0.061409,-0.12233,-0.19509,-0.36248,0.43818,0.57493,-0.037744,-0.014486,-0.087683,0.24395,0.081769,0.28785,-0.1447,-0.50562,-0.11739,-0.48287,-0.61802,-0.32671,-0.55953,-0.10067,-0.029455,0.57323,0.34334,0.22154,0.085153,-0.0070734,0.15422,0.29905,-0.024939,-0.24188,0.38659,0.020913,0.068044,-0.27952,-0.20942,0.22011,0.12415,0.38968,0.23029,0.10536,0.46366,0.47508,0.56608,-0.37576,0.052047,0.22351,0.42025,0.073919,-0.37804,-0.041591,0.23263,-0.48894,-0.66826,-0.11167,-0.019919,0.26597,0.1727,0.15663,0.22232,0.15896,0.23984,0.38612,0.27362,-0.3862,-0.11968
0.50509,0.0034708,0.18978,0.015432,0.9967,0.26015,0.52077,0.30021,0.71678,0.79764,0.90892,0.62703,0.11608,0.058444,0.62684,0.24618,0.51773,0.39347,0.52315,0.079628,0.20937,0.27092,0.36981,0.27784,1.1469,0.56045,0.2739,0.40233,0.63959,0.70707,0.4453,0.45616,0.15969,-0.081938,0.29461,0.40551,0.7913,0.74461,0,0.85993,0.40068,0.12015,0.11411,-0.14188,0.18272,0.6634,0.10462,0.014675,-0.12666,0.21401,0.15463,0.31858,0.098929,-0.2557,0.031941,-0.18495,-0.43151,-0.16325,-0.23515,0.21836,0.53877,0.29834,0.22542,-0.034893,0.032498,0.12236,0.24178,0.3123,-0.14854,0.13318,0.19453,-0.051297,0.083064,-0.18971,-0.25976,0.47629,0.30839,0.13642,-0.045994,0.19313,0.44599,0.56184,0.67914,-0.022188,0.0057179,0.17742,0.36597,0.025256,-0.58096,0.1253,0.42315,0.0039534,-0.24337,0.19279,-0.0081246,0.28421,0.054553,0.18922,0.066355,0.23125,0.13645,0.11062,-0.074847,-0.30337,-0.2422
0.34021,0.43628,-0.23002,-0.3171,0.41607,0.3625,0.43188,0.75464,0.59219,0.73235,0.41008,0.94592,-0.00064022,-0.041656,0.26142,0.00088608,0.16456,0.20011,0.39412,-0.041635,0.1526,0.16944,0.30034,0.39884,0.52487,0.80283,0.23268,0.2964,0.54653,0.67379,0.32977,0.44087,-0.033661,-0.30068,0.23492,0.29641,0.37438,0.50503,0.85993,0,0.30112,0.56377,-0.11707,0.16547,-0.010962,0.29184,-0.090275,-0.21712,-0.23546,0.06985,-0.054785,-0.18857,-0.12701,-0.12237,-0.36784,-0.17185,-0.29977,-0.21671,-0.2083,-0.12152,0.46951,-0.088357,0.028043,-0.24404,-0.17754,-0.16074,-0.0086554,-0.080284,-0.1869,0.20231,0.047965,-0.2337,-0.012824,-0.24474,-0.2641,0.082775,0.39531,-0.033027,-0.33059,-0.039037,0.13128,0.18433,0.33066,-0.07001,-0.16033,0.041994,0.025103,-0.10814,-0.48594,0.049122,0.19595,-0.3968,-0.33524,0.064089,0.12687,-0.0064003,-0.16814,0.095818,-0.039738,-0.21152,0.042928,-0.28263,-0.24216,-0.59692,-0.28487
0.84627,0.55825,-0.21583,-0.15434,0.34352,0.33926,1.1633,0.49273,0.43708,0.20757,0.085876,0.093556,-0.15377,-0.28569,-0.029571,0.12184,-0.14559,-0.10925,0.1324,-0.18461,0.33766,0.5356,0.8548,0.8939,0.36853,0.57831,0.45047,0.11368,0.88074,0.49467,0.30055,0.62238,-0.18409,-0.14344,-0.067,-0.26729,-0.17769,-0.061409,0.40068,0.30112,0,0.6201,0.62312,0.73147,-0.066748,0.30545,-0.18361,-0.1045,0.60624,-0.24667,-0.27264,0.039602,0.50653,0.45663,0.11937,0.84101,0.44822,0.022725,-0.03685,0.56484,0.69141,0.10641,0.33932,0.35015,0.52038,-0.16036,-0.30609,0.19998,0.16935,0.47263,0.3478,0.04867,0.051974,-0.13313,-0.14063,-0.033363,-0.053957,-0.28016,-0.38102,-0.52982,-0.35195,-0.17868,-0.12079,0.32204,-0.16807,-0.18633,-0.24545,-0.074421,0.087111,-0.26523,0.40757,0.19644,0.0056742,0.2205,-0.085446,-0.30345,-0.29533,-0.17711,-0.057575,0.17557,0.18554,-0.19122,-0.20437,-0.0032877,-0.28668
0.2875,1.069,-0.689,-0.69879,0.16408,0.82482,0.50079,0.53856,0.45074,0.35233,-0.22917,0.48114,-0.089465,-0.11706,-0.13134,0.026084,-0.36353,-0.080876,-0.099285,-0.25498,0.41087,0.61233,0.61733,1.3784,0.047974,1.0669,0.55212,0.51535,0.56592,0.31574,0.1116,0.21551,-0.089444,-0.17385,0.16107,-0.015893,-0.18186,-0.12233,0.12015,0.56377,0.6201,0,0.10206,0.75979,-0.08119,-0.12374,-0.33299,-0.57466,0.25781,0.088864,-0.017237,-0.52909,-0.17839,0.18592,-0.49285,0.36931,0.19504,-0.40798,-0.19232,-0.034314,0.57349,-0.44329,-0.075379,-0.15713,-0.039618,-0.38494,-0.50419,-0.033705,-0.075589,0.28774,0.025594,-0.32609,-0.13421,-0.093672,-0.21826,-0.39472,0.18349,-0.30507,-0.44244,-0.34558,-0.38283,-0.21352,-0.28503,0.012709,-0.3574,-0.42392,-0.48152,-0.49542,-0.28067,-0.11126,0.068246,-0.23388,-0.1643,0.15961,0.32396,-0.24163,-0.27939,0.14092,-0.0076495,-0.435,0.019348,-0.6279,-0.32156,-0.33579,-0.28766
0.43766,0.25589,-0.19426,-0.17537,0.051669,-0.11749,0.36203,0.02823,0.077662,0.089972,0.097571,-0.15323,-0.39968,-0.42686,0.0046025,0.039875,-0.020188,-0.20237,-0.13621,-0.23611,0.2345,0.16533,0.45452,0.32812,0.22387,0.26334,0.23535,-0.090921,0.55698,0.18647,0.28876,0.4503,-0.26531,-0.14196,-0.083233,-0.12644,-0.32828,-0.19509,0.11411,-0.11707,0.62312,0.10206,0,0.61225,0.35918,0.49188,0.20128,0.31304,0.58251,-0.25704,-0.28892,0.54727,0.25446,0.10842,0.1289,0.89702,0.68093,0.41415,0.23727,0.54052,0.33176,-0.11466,0.062312,0.44497,0.35184,0.32472,0.098568,0.15169,0.011736,0.76784,0.30456,0.60339,0.44976,0.49005,0.38101,-0.089207,-0.21017,-0.46355,-0.55602,-0.59953,-0.55629,-0.14757,-0.09652,0.14746,-0.20062,-0.3013,-0.42774,0.38983,0.32438,0.17108,0.75345,0.37218,0.16371,-0.00051428,-0.38106,-0.3936,-0.35981,-0.3777,-0.13285,0.18672,0.4837,-0.24334,-0.29367,0.21682,-0.29841
0.32554,0.87165,-0.56237,-0.49084,-0.099129,0.29283,0.39735,0.58296,0.2065,0.063369,-0.40173,-0.036752,-0.36701,-0.4515,-0.29919,-0.24769,-0.42166,-0.23604,-0.19716,-0.18249,0.24127,0.24354,0.58114,0.78894,0.0011533,0.63826,0.30292,-0.037745,0.45411,0.31334,0.022398,0.64769,-0.50278,-0.36093,-0.26874,-0.38149,-0.71021,-0.36248,-0.14188,0.16547,0.73147,0.75979,0.61225,0,-0.060429,0.081741,0.099588,-0.16787,0.54453,-0.20773,-0.30992,-0.078745,0.079129,0.34937,-0.23965,0.862,0.77467,0.064727,0.12884,0.18821,0.4125,-0.3657,-0.069256,0.050656,0.29911,-0.079597,-0.23265,0.08148,0.25594,0.75589,0.33914,-0.036643,0.20148,0.25501,0.17236,-0.33407,-0.0075527,-0.55586,-0.82235,-0.71485,-0.78512,-0.36414,-0.40013,0.10345,-0.44563,-0.50508,-0.73673,0.061445,0.23879,0.017118,0.24785,0.012811,0.19903,-0.03038,-0.048645,-0.54947,-0.5786,-0.23395,-0.31451,-0.24623,0.28913,-0.72906,-0.71281,0.040241,-0.14663
-0.16696,-0.29837,0.074566,0.13501,0.086494,0.14353,-0.30545,-0.21899,0.42393,0.21126,0.53482,-0.03307,0.16586,0.3954,0.89525,0.63451,0.48445,0.7755,0.42152,0.61946,0.73981,0.53724,0.47153,0.064357,0.50201,0.10764,0.62221,0.40234,-0.045782,-0.037708,0.53654,-0.024554,0.41413,0.31498,0.57717,0.69433,0.3066,0.43818,0.18272,-0.010962,-0.066748,-0.08119,0.35918,-0.060429,0,0.65285,0.30773,0.3257,0.31545,0.18577,0.15621,0.34173,-0.39312,-0.57084,-0.18837,-0.078801,-0.0948,-0.17225,-0.25075,0.18263,0.018327,0.18506,0.25466,0.4573,0.082033,0.47149,0.50524,0.29905,-0.0087245,0.16362,0.63058,0.73889,0.8308,0.56555,0.47335,-0.27309,-0.047635,0.033367,0.037066,-0.16216,0.083929,0.086358,0.44735,-0.045985,0.40722,0.093235,0.31685,0.19815,-0.04605,0.37213,0.89986,-0.14829,-0.24231,-0.36018,-0.11333,0.42456,0.54527,0.36964,0.72146,0.27289,0.74888,0.20729,0.27256,0.14124,-0.045664
