,,,,,,,,,,,,,,,,,,,,,,,,,,,,,,,,,,,,,,,,,,,,,,,,,,,,,,,,,,,,,,,,,,,,,,,,,,,,,,,,,,,,,,,,,,,,,,,,,,,,,,,,
0,0.65382,0.0079784,0.029903,0.41352,0.20523,0.69072,0.57709,0.18124,0.34971,0.1056,0.45562,-0.30005,-0.33195,-0.14378,0.12765,-0.25301,-0.42994,0.31556,-0.27949,-0.23965,0.10419,0.31761,0.40631,0.30882,0.57401,0.31181,0.26925,0.67414,0.7317,0.1568,0.47641,-0.40115,-0.3066,-0.031354,-0.070121,-0.027154,0.079743,0.59269,0.49222,0.72185,0.46526,0.36482,0.34372,-0.31101,0.34154,-0.20547,0.25053,0.37652,-0.24864,-0.29377,-0.062392,0.96697,0.56713,0.38998,0.4337,0.18409,0.12271,0.21463,0.71935,0.83808,0.15869,0.34454,0.14311,0.18993,-0.0068855,-0.27287,0.23798,0.43714,0.094038,0.14972,-0.26527,-0.27761,-0.48174,-0.45553,0.56371,0.32725,-0.34099,-0.27838,-0.41073,-0.12012,0.007712,-0.27298,0.24651,-0.47762,-0.25091,-0.33041,0.19244,0.1544,-0.49172,0.0097163,0.063393,-0.031537,0.71711,0.40252,-0.24041,-0.17308,-0.2017,-0.015143,0.17433,-0.024624,-0.11307,-0.035942,-0.11942,-0.0098998
0.65382,0,-0.45916,-0.46847,0.0045253,0.48231,0.3026,0.67582,0.18813,0.17977,-0.648,0.38609,-0.51678,-0.66015,-0.56434,-0.32906,-0.69987,-0.62912,-0.042715,-0.47734,-0.15787,0.074469,0.25,0.83309,-0.066582,0.8677,0.42031,0.24241,0.48182,0.56552,-0.25713,0.37261,-0.77368,-0.72134,-0.5235,-0.58389,-0.62748,-0.45222,-0.014154,0.65897,0.42668,1.2282,0.17238,0.86827,-0.54596,-0.27125,-0.21821,-0.1181,0.20067,-0.19191,-0.25412,-0.47039,0.1953,0.64108,-0.16383,0.42699,0.2935,-0.087488,0.15621,0.26626,0.73208,-0.43532,0.0046905,-0.3259,-0.21753,-0.21996,-0.39367,0.018595,0.29557,0.4106,-0.16298,-0.55988,-0.38342,-0.2496,-0.33768,-0.028586,0.41844,-0.65123,-0.76967,-0.53513,-0.50272,-0.25046,-0.48749,0.22424,-0.68661,-0.5787,-0.94206,-0.1418,0.025109,-0.22505,-0.13065,-0.15753,0.080381,0.33364,0.43644,-0.43019,-0.35801,-0.10071,-0.092544,-0.5705,-0.16444,-0.88881,-0.49908,-0.19333,-0.21051
0.0079784,-0.45916,0,1.6078,0.31164,-0.056415,-0.38321,-0.43179,0.10535,0.18707,0.44863,-0.07049,0.58609,0.49845,0.63918,0.37398,0.72755,0.45783,0.6337,0.5458,-0.23415,0.014808,-0.13916,-0.43711,0.60248,-0.18011,0.10554,0.014799,-0.25298,0.053848,0.050026,-0.043767,0.54406,0.41624,0.25017,0.23435,0.6359,0.35171,0.20505,-0.20061,-0.35197,-0.53152,-0.26982,-0.6774,0.22076,0.14921,0.328,0.60716,0.14808,0.45473,0.52577,0.3495,0.33626,0.12071,0.7969,-0.23107,-0.27304,0.15153,0.12146,0.51445,0.17257,0.62995,0.34423,0.1498,-0.082818,0.37284,0.48842,0.48482,0.26794,-0.43824,-0.00013905,-0.057565,0.074041,-0.23873,-0.10613,0.73935,0.44178,0.91342,0.93204,0.65908,1.2473,0.78409,0.60225,0.42555,0.61121,0.92533,0.819,0.24661,0.14619,0.10346,-0.051075,0.22124,0.056171,-0.0028703,0.13533,0.95428,0.92037,0.39421,0.58202,0.51236,-0.15206,0.81041,0.42359,0.43377,0.39866
0.029903,-0.46847,1.6078,0,0.066876,-0.18728,-0.3391,-0.42238,0.0055842,0.04887,0.47373,-0.070251,0.63027,0.60361,0.51726,0.39897,0.55295,0.43041,0.7058,0.51773,-0.23043,0.084121,-0.1737,-0.48265,0.4002,-0.31005,0.06584,-0.081639,-0.38562,-0.036004,0.17115,-0.15126,0.63548,0.54606,0.35156,0.23393,0.58964,0.34687,0.071978,-0.21121,-0.31551,-0.51248,-0.29578,-0.69712,0.28764,0.16926,0.084432,0.59894,0.25179,0.19012,0.24279,0.13943,0.43676,0.22172,0.86173,-0.18812,-0.20581,0.16996,0.083319,0.51524,0.09477,0.66377,0.37373,0.36114,0.047539,0.18245,0.27056,0.2955,0.22649,-0.6902,0.06414,0.090264,0.071471,-0.37661,-0.1537,0.57322,0.34464,0.93333,1.0534,0.43379,0.97943,0.41664,0.38179,0.55673,0.75957,1.196,0.86056,0.21638,0.31735,-0.14981,-0.077772,0.069134,-0.097357,0.051847,0.21797,0.74908,0.95614,0.30189,0.75572,0.59542,-0.14239,0.99808,0.69841,0.49378,0.55818
0.41352,0.0045253,0.31164,0.066876,0,0.62479,0.2402,0.19057,0.79392,0.44663,0.39209,0.098401,0.1717,0.076963,0.47975,0.46771,0.51994,0.30426,0.36587,0.12939,0.21342,0.25852,0.31608,0.18185,0.84473,0.37855,0.51298,0.52757,0.50161,0.41693,-0.13496,0.25798,0.065153,-0.07334,0.074712,0.23245,0.35729,0.25364,1.1086,0.43104,0.30342,0.080726,0.031125,-0.043581,-0.048007,0.20942,0.30448,0.072759,-0.0087633,0.62777,0.65841,0.1969,0.2299,-0.035997,0.15476,-0.1517,-0.22609,-0.1323,0.045715,0.42111,0.57125,0.28396,0.23476,-0.25404,-0.074784,0.24009,0.28805,0.44326,0.1393,0.2459,0.1479,-0.38777,-0.056245,-0.16864,-0.22551,0.6112,0.40507,0.15487,0.1241,0.45433,0.49539,0.64995,0.38692,-0.12461,-0.12319,0.057685,0.26814,0.060708,-0.43903,0.17541,0.22233,0.21191,0.069121,0.22603,-0.018344,0.46303,0.11974,0.34116,0.054818,0.17059,-0.01007,0.10523,-0.2117,-0.078045,-0.0446
0.20523,0.48231,-0.056415,-0.18728,0.62479,0,0.093792,0.55712,0.99665,0.57694,-0.18219,0.26363,0.24433,0.13138,0.19436,0.21284,0.10113,0.30477,0.35197,0.27701,0.58964,0.66351,0.72184,0.76225,0.4028,0.9391,0.79763,0.51622,0.40953,0.38931,-0.27123,0.36554,-0.029093,-0.10615,-0.016668,-0.073126,-0.1297,-0.043968,0.30026,0.67756,0.38845,0.87548,-0.2594,0.46655,-0.29807,-0.23799,0.070644,-0.31166,0.18598,0.59751,0.65073,-0.2969,-0.090532,0.17453,-0.33891,-0.03055,-0.17864,-0.55193,-0.16514,0.19733,0.72765,0.087813,0.2754,-0.28885,-0.11826,-0.09989,-0.072148,0.32888,0.3187,0.34922,0.118,-0.71109,-0.11928,-0.27022,-0.25384,-0.057153,0.52316,0.070652,-0.011021,-0.035337,0.047781,0.22668,0.044702,0.15936,-0.12784,-0.081782,-0.083852,-0.29429,-0.35662,0.1581,0.018044,-0.16151,0.045176,-0.088237,0.1508,0.23003,0.14228,0.32305,0.33256,-0.21451,0.056895,-0.29793,-0.28388,-0.11179,-0.07869
0.69072,0.3026,-0.38321,-0.3391,0.2402,0.093792,0,0.63399,-0.026395,0.070474,0.041127,0.12074,-0.22374,-0.29919,-0.19473,0.18153,-0.37828,-0.45504,-0.17245,-0.30886,0.12215,0.28676,0.42521,0.57307,-0.089923,0.24764,0.040696,0.20595,1.0352,0.44075,0.19985,0.30044,-0.19339,-0.13188,0.028522,-0.17858,-0.051206,0.092244,0.44543,0.22674,1.2215,0.42531,0.32174,0.44141,-0.52831,0.18097,-0.30581,-0.13738,0.36495,-0.35623,-0.47109,-0.025067,0.60179,0.25439,0.18237,0.66527,0.44179,0.13798,0.14581,0.11026,0.17398,0.21942,0.31841,0.30815,0.59861,-0.13415,-0.35195,0.023066,0.18372,0.18815,0.31931,-0.25415,-0.34194,-0.28293,-0.22123,0.018663,-0.36378,-0.3032,-0.312,-0.45773,-0.36834,-0.20744,-0.22268,-0.12542,-0.36878,-0.48946,-0.33122,0.033838,0.19079,-0.64253,0.12582,0.27311,-0.051313,0.62449,0.33331,-0.46086,-0.59588,-0.20107,-0.55203,0.18342,0.10615,0.05361,0.030556,-0.30914,-0.26585
0.57709,0.67582,-0.43179,-0.42238,0.19057,0.55712,0.63399,0,0.30868,0.6414,-0.0037109,0.64002,-0.23085,-0.22247,-0.063632,0.0015628,-0.33119,-0.098646,0.27145,0.0089893,0.19429,0.17533,0.54691,0.58723,0.20918,0.83576,0.20447,0.29464,0.73357,0.8844,0.19556,0.81133,-0.39075,-0.43955,0.047738,0.048861,-0.094165,0.25936,0.43089,0.92717,0.60584,0.8112,-0.12791,0.64506,-0.51781,0.20473,-0.011726,-0.098133,0.15785,-0.15277,-0.25945,-0.25087,0.12706,0.11002,-0.29909,0.1846,0.02064,-0.20592,-0.079215,-0.021511,0.44996,0.13498,0.3353,-0.11681,0.13496,-0.023878,-0.16137,0.19063,0.50694,0.31916,0.4305,-0.61531,-0.11393,-0.28052,-0.18895,-0.032135,0.060774,-0.38148,-0.52088,-0.64428,-0.32518,-0.10249,-0.10892,-0.067345,-0.48618,-0.478,-0.40241,0.1242,-0.038472,-0.22008,0.031081,-0.1804,-0.0010883,0.26229,0.59669,-0.29297,-0.33619,-0.084025,-0.16563,-0.13966,0.24492,-0.34184,-0.22281,-0.46721,0.00091931
0.18124,0.18813,0.10535,0.0055842,0.79392,0.99665,-0.026395,0.30868,0,0.39744,0.16068,0.1265,0.24399,0.2052,0.41207,0.51913,0.46863,0.60569,0.51599,0.33717,0.62528,0.63894,0.50579,0.41704,0.67075,0.53121,1.0261,0.44917,0.15381,0.18218,-0.14611,0.17445,0.019916,-0.063747,0.038084,0.23459,0.096084,0.13006,0.5817,0.82843,0.27889,0.43848,-0.11403,0.25594,0.20438,0.10553,0.15033,-0.19143,0.071712,0.50248,0.51891,-0.20541,-0.062922,0.059946,-0.20186,-0.21159,-0.18203,-0.36269,-0.099221,0.29556,0.65334,0.065223,0.14033,-0.22627,-0.0418,-0.039416,0.13566,0.25383,0.11968,0.28483,0.254,-0.2154,0.17984,-0.12503,-0.14177,0.11805,0.63023,0.13933,0.038715,0.26736,0.34675,0.2959,0.23919,-0.019362,0.028982,0.17139,0.32115,-0.20828,-0.42472,0.12561,0.33632,-0.25854,-0.10022,-0.033835,0.063753,0.45739,0.25861,0.4656,0.38999,0.02942,0.18517,-0.087393,-0.23085,-0.098432,0.096671
0.34971,0.17977,0.18707,0.04887,0.44663,0.57694,0.070474,0.6414,0.39744,0,0.36787,0.97586,0.25433,0.27085,0.30647,-0.012515,0.15995,0.28303,0.46021,0.30914,0.04676,0.067065,0.33578,0.16269,0.65173,0.75565,0.027389,0.1504,0.39861,0.55688,0.35123,0.97693,0.076298,0.057187,0.40177,0.44921,0.33484,0.52556,0.51934,0.48495,0.10958,0.27754,-0.19766,0.14162,-0.19642,0.37722,0.27765,0.048591,0.07896,0.41682,0.32037,0.094903,0.046946,-0.09291,-0.079747,-0.13879,-0.42262,-0.26761,-0.21074,0.10013,0.55586,0.257,0.11762,-0.23189,-0.086951,0.14479,0.09878,0.43425,0.30578,0.03363,0.15593,-0.4195,0.15841,-0.20921,-0.0476,0.41249,0.36594,0.17381,0.089282,-0.094157,0.19513,0.39133,0.1229,0.13765,-0.20349,-0.024395,0.028002,0.22245,-0.24706,0.24738,0.016048,-0.03722,0.23778,0.043524,0.28664,0.032663,0.034836,-0.17195,0.13438,0.024724,0.09643,-0.12264,-0.21129,-0.049435,0.32754
0.1056,-0.648,0.44863,0.47373,0.39209,-0.18219,0.041127,-0.0037109,0.16068,0.36787,0,0.29043,0.35017,0.48763,0.75011,0.45698,0.44177,0.58544,0.46925,0.28343,-0.021978,0.0012161,-0.20093,-0.54798,0.74304,-0.28052,-0.19946,0.030543,-0.020921,0.14181,0.81319,0.1744,0.54506,0.32329,0.81208,1.1017,1.3186,1.072,0.69314,0.070664,-0.1726,-0.60203,-0.16988,-0.65908,0.38788,0.83486,0.16592,0.24995,-0.099129,0.15726,0.044122,0.35251,0.16835,-0.3621,0.33799,-0.50713,-0.53366,-0.028446,-0.29672,0.059333,-0.058154,0.64854,0.19779,0.24538,0.19248,0.18013,0.27635,0.34586,0.042837,-0.42005,0.42109,0.23233,0.32915,-0.16167,0.028722,0.63121,-0.016255,0.44207,0.47522,0.35048,0.69493,0.2888,0.37374,-0.2529,0.20139,0.44356,0.83949,0.31083,-0.18551,-0.033863,0.2716,-0.018304,-0.15338,0.27609,0.1297,0.35627,0.23813,0.041419,0.15887,0.51018,0.027577,0.66131,0.27881,0.042609,0.52081
0.45562,0.38609,-0.07049,-0.070251,0.098401,0.26363,0.12074,0.64002,0.1265,0.97586,0.29043,0,0.026525,0.089647,0.056746,-0.34065,-0.31592,0.005401,0.30209,-0.0030076,-0.32226,-0.13323,0.026463,0.12555,0.40569,0.56621,-0.16256,0.14439,0.19914,0.53057,0.57956,0.70328,-0.039786,-0.097049,0.4379,0.40877,0.35289,0.52923,0.36734,0.55304,-0.0094,0.33265,-0.32179,0.032615,-0.2199,0.30122,-0.17003,-0.15558,-0.19706,0.041915,-0.12046,-0.12391,0.0089135,-0.023802,-0.17867,-0.25762,-0.57879,-0.47482,-0.53768,-0.12045,0.3061,0.0061668,-0.034642,-0.21132,-0.2019,-0.23419,-0.26008,0.14823,0.16737,-0.29534,-0.064301,-0.31501,-0.085537,-0.3579,-0.23951,0.34732,0.26187,-0.055676,-0.079265,-0.24445,0.036322,0.016027,-0.13947,0.092451,-0.34492,-0.14775,-0.11289,-0.055058,-0.39373,-0.010523,-0.26508,-0.37165,-0.047774,0.10775,0.3227,-0.24628,-0.055612,-0.33455,0.054802,-0.29264,-0.27156,-0.36267,-0.17432,-0.27178,0.16253
-0.30005,-0.51678,0.58609,0.63027,0.1717,0.24433,-0.22374,-0.23085,0.24399,0.25433,0.35017,0.026525,0,1.7515,0.65787,0.16054,0.48536,0.86409,0.40324,0.71183,0.24871,0.47197,0.14319,-0.10456,0.27783,-0.015397,0.12078,0.097803,-0.18449,-0.14328,0.15065,0.023104,1.5821,1.3316,0.74639,0.27,0.54013,0.36379,0.022325,-0.1268,-0.15507,-0.15591,-0.3968,-0.30821,0.29958,0.0092038,0.10606,-0.034584,0.27204,0.7739,0.64222,-0.14953,0.0021867,-0.063188,0.21773,-0.19234,-0.23126,-0.19975,-0.15484,-0.0081252,-0.053828,0.39416,0.018998,0.093551,0.050279,-0.13831,0.069658,0.05055,-0.14831,-0.54085,0.15277,-0.10336,0.1433,-0.22039,-0.00030348,0.15783,0.13251,1.6256,1.3117,0.41491,0.64218,0.23697,0.20443,0.39166,0.78642,0.92863,0.73123,-0.024489,0.026866,0.10594,-0.011413,0.014553,-0.02012,-0.25975,0.011923,0.48705,0.46347,0.29508,0.41606,0.17394,-0.16188,0.56897,0.26013,0.57942,0.51762
-0.33195,-0.66015,0.49845,0.60361,0.076963,0.13138,-0.29919,-0.22247,0.2052,0.27085,0.48763,0.089647,1.7515,0,0.70698,0.19066,0.53766,1.0517,0.49961,0.8529,0.30165,0.38145,0.16507,-0.24322,0.29172,-0.066678,0.036677,0.057241,-0.32077,-0.21706,0.32415,0.020944,1.402,1.3975,1.0271,0.5319,0.60652,0.52838,0.027859,-0.1495,-0.21495,-0.25166,-0.39435,-0.3782,0.49433,0.21273,0.09317,-0.014868,0.16261,0.56969,0.50658,-0.11701,-0.10327,-0.25786,0.077771,-0.3007,-0.34161,-0.22416,-0.25869,-0.10843,-0.18205,0.39455,-0.0014401,0.16512,0.088258,-0.093274,0.080476,-0.018497,-0.1721,-0.61984,0.26333,0.10397,0.32452,-0.1169,0.076483,0.072451,0.023929,1.2135,1.1701,0.28036,0.54479,0.17873,0.23659,0.30657,0.80971,0.88763,0.78522,0.042659,-0.0078648,0.13869,-0.01251,-0.12402,-0.13249,-0.39415,-0.059931,0.4486,0.52833,0.21283,0.48071,0.27513,0.00051486,0.57654,0.38076,0.41779,0.52685
-0.14378,-0.56434,0.63918,0.51726,0.47975,0.19436,-0.19473,-0.063632,0.41207,0.30647,0.75011,0.056746,0.65787,0.70698,0,0.51178,0.65094,1.1837,0.5983,1.0027,0.31684,0.32053,0.18527,-0.16983,1.0104,0.028927,0.26785,0.57182,-0.068345,0.28042,0.2957,0.11776,0.70969,0.39267,0.72814,0.79675,0.98482,0.94689,0.56217,0.076324,-0.19122,-0.31053,-0.35601,-0.43539,0.55245,0.41163,0.49341,0.20387,-0.030353,0.71711,0.56841,0.43145,-0.17664,-0.49491,0.10681,-0.51421,-0.51891,-0.34583,-0.30292,-0.027543,-0.1162,0.72616,0.41742,0.16336,0.056128,0.36755,0.61171,0.51542,0.28595,-0.27842,0.62068,-0.08974,0.27411,0.028419,0.06072,0.3295,0.09293,0.65982,0.57108,0.44735,0.84416,0.68743,0.89102,-0.16116,0.50802,0.41696,0.88741,0.17577,-0.26878,0.2745,0.29057,-0.058611,-0.22172,-0.22251,0.095371,1.033,0.69116,0.7732,0.33868,0.26135,0.19245,0.59298,0.26132,0.078462,0.20073
0.12765,-0.32906,0.37398,0.39897,0.46771,0.21284,0.18153,0.0015628,0.51913,-0.012515,0.45698,-0.34065,0.16054,0.19066,0.51178,0,0.58516,0.4619,0.52376,0.4489,0.63051,0.50216,0.40987,-0.029442,0.4355,-0.11538,0.51815,0.18223,0.17069,0.052811,0.10248,-0.082077,0.18106,0.11359,0.12456,0.26895,0.25385,0.24768,0.51344,0.13123,0.37386,-0.11282,-0.0087037,-0.17495,0.18304,0.3346,0.14421,0.30386,0.22994,0.037332,0.18225,0.21182,0.2705,-0.036743,0.27973,-0.018939,-0.026416,0.10529,0.11888,0.38943,0.18088,0.73234,0.74885,0.50417,0.40023,0.38171,0.38499,0.35128,0.32899,0.12197,0.53835,0.20105,0.29208,-0.050181,0.081583,0.046461,-0.030568,0.19149,0.27911,0.1264,0.35822,0.21249,0.52858,0.031024,0.46288,0.28949,0.63939,0.13384,0.1121,-0.1374,0.5725,0.2053,-0.086864,0.16047,0.14922,0.62372,0.50332,0.43919,0.44706,0.86568,0.44301,0.71813,0.54921,-0.028953,0.088175
-0.25301,-0.69987,0.72755,0.55295,0.51994,0.10113,-0.37828,-0.33119,0.46863,0.15995,0.44177,-0.31592,0.48536,0.53766,0.65094,0.58516,0,0.80778,0.51047,0.62677,0.34049,0.13056,0.15156,-0.34389,0.46098,-0.15013,0.253,0.11243,-0.27595,-0.20641,-0.20568,-0.22076,0.35935,0.36221,0.14457,0.40841,0.36189,0.27599,0.36612,-0.012621,-0.17779,-0.46253,-0.11454,-0.41358,0.50334,0.20872,0.43214,0.29162,-0.068082,0.45111,0.68138,0.21123,-0.072097,-0.32467,0.13325,-0.35352,-0.21329,0.079123,0.12521,0.24051,0.035495,0.31563,0.080811,-0.095328,-0.074068,0.373,0.60454,0.097044,-0.11134,-0.074025,0.15561,0.15149,0.31596,0.088119,0.053769,0.2578,0.21668,0.58948,0.57879,0.67173,0.72976,0.788,0.7564,0.01295,0.5305,0.68876,0.85279,0.20252,-0.14301,0.28263,0.22182,0.08847,-0.046734,-0.31537,-0.26283,0.87918,0.58728,0.42162,0.40686,0.54809,0.382,0.58171,0.29831,0.16772,0.23555
-0.42994,-0.62912,0.45783,0.43041,0.30426,0.30477,-0.45504,-0.098646,0.60569,0.28303,0.58544,0.005401,0.86409,1.0517,1.1837,0.4619,0.80778,0,0.64908,1.1537,0.55438,0.37317,0.19262,-0.24884,0.65065,-0.025127,0.27811,0.23477,-0.33766,-0.082568,0.21529,0.030206,0.77083,0.53505,0.69799,0.8126,0.66058,0.66567,0.26764,0.12342,-0.30535,-0.26397,-0.51475,-0.36023,0.66181,0.30322,0.40442,0.011727,-0.080391,0.69207,0.66339,0.083765,-0.39425,-0.50861,-0.15525,-0.6589,-0.541,-0.36485,-0.3324,-0.14798,-0.12739,0.44414,0.15909,0.032585,0.0085123,0.17657,0.46933,0.23588,0.034108,-0.23443,0.48611,0.066225,0.52667,0.084461,0.18275,0.038637,0.15167,0.76079,0.64413,0.45741,0.72719,0.39272,0.64845,-0.063282,0.66621,0.65453,1.018,0.04837,-0.27973,0.38164,0.23027,-0.25531,-0.1832,-0.4757,-0.049939,0.89199,0.70612,0.60096,0.53732,0.24394,0.23634,0.45924,0.20356,0.1133,0.38921
0.31556,-0.042715,0.6337,0.7058,0.36587,0.35197,-0.17245,0.27145,0.51599,0.46021,0.46925,0.30209,0.40324,0.49961,0.5983,0.52376,0.51047,0.64908,0,0.7144,0.10545,0.17601,0.32877,-0.15311,0.80555,0.30702,0.49016,0.28838,-0.046587,0.42178,0.19469,0.29748,0.22917,0.13631,0.38335,0.43376,0.43495,0.53971,0.48136,0.49429,-0.0010118,0.021222,-0.4499,-0.24357,0.18882,0.40736,0.21667,0.50487,0.10088,0.21801,0.29405,-0.15673,0.22967,0.040323,0.18016,-0.29363,-0.39553,-0.095297,-0.017415,0.37555,0.4006,0.56366,0.53372,0.039288,-0.11967,0.2851,0.31086,0.3115,0.47633,-0.24926,0.39379,-0.18224,0.21032,-0.33731,-0.18726,0.39672,0.45598,0.37456,0.39217,0.043184,0.58549,0.35097,0.46285,0.45427,0.43185,0.59841,0.54,0.3065,0.039166,-0.0046706,0.017224,-0.18545,-0.13449,-0.045201,0.39731,0.6936,0.83495,0.41638,0.8432,0.38545,0.12075,0.36841,0.40295,0.037773,0.43818
-0.27949,-0.47734,0.5458,0.51773,0.12939,0.27701,-0.30886,0.0089893,0.33717,0.30914,0.28343,-0.0030076,0.71183,0.8529,1.0027,0.4489,0.62677,1.1537,0.7144,0,0.51042,0.33692,0.50389,-0.10533,0.48799,0.13793,0.26767,0.25387,-0.21127,0.059286,0.18781,0.16302,0.55305,0.51367,0.63235,0.5745,0.44179,0.65407,0.16173,-0.017127,-0.10464,-0.13158,-0.48876,-0.20232,0.3939,0.29589,0.44014,0.17623,0.082965,0.48491,0.5485,0.23622,-0.25104,-0.40513,-0.099537,-0.28466,-0.34886,-0.27264,-0.18074,-0.1142,-0.15182,0.65631,0.46815,0.25818,0.15773,0.38447,0.51342,0.31121,0.3701,-0.19651,0.57488,-0.031697,0.43528,0.12002,0.21351,-0.089166,0.010556,0.61113,0.55767,0.10562,0.46977,0.44639,0.76513,0.18088,0.77503,0.42909,0.66098,0.16121,0.010629,0.33756,0.08864,-0.10398,-0.1134,-0.67415,0.045921,0.7994,0.89066,0.56565,0.52403,0.40114,0.43495,0.50717,0.44005,0.021161,0.16565
-0.23965,-0.15787,-0.23415,-0.23043,0.21342,0.58964,0.12215,0.19429,0.62528,0.04676,-0.021978,-0.32226,0.24871,0.30165,0.31684,0.63051,0.34049,0.55438,0.10545,0.51042,0,0.90897,0.85125,0.43385,0.058214,0.19243,0.51924,0.27857,0.12666,-0.14548,-0.09995,-0.051306,0.13938,0.19784,0.15206,0.16074,-0.14943,0.033929,0.097802,0.13864,0.45326,0.32056,0.0068475,0.37194,0.19815,0.016767,0.083229,-0.34434,0.25352,0.21511,0.32079,-0.057585,-0.29927,-0.24954,-0.46005,0.055681,0.087868,-0.28053,-0.11182,-0.093765,0.0022584,0.22269,0.28386,0.23916,0.43226,0.018376,0.049016,0.060904,0.085636,0.36837,0.60089,0.067529,0.29741,0.171,0.1601,-0.6308,-0.1678,0.064035,0.042402,-0.14207,-0.15587,0.0090826,0.1691,-0.19679,0.19977,-0.050709,0.15445,-0.17732,-0.09155,0.072846,0.40274,-0.11836,-0.16943,-0.32566,-0.14478,0.21206,0.10587,0.33514,0.19356,0.25249,0.77093,0.12754,0.12051,-0.14589,-0.1379
0.10419,0.074469,0.014808,0.084121,0.25852,0.66351,0.28676,0.17533,0.63894,0.067065,0.0012161,-0.13323,0.47197,0.38145,0.32053,0.50216,0.13056,0.37317,0.17601,0.33692,0.90897,0,0.66488,0.76922,0.1874,0.26975,0.69182,0.44279,0.16163,0.036503,-0.018251,-0.082221,0.33515,0.33446,0.2562,-0.011382,0.015592,0.039278,0.096836,0.18275,0.5441,0.51877,-0.0015402,0.37704,0.094989,-0.12575,-0.26076,-0.40441,0.70418,0.26916,0.24469,-0.20953,0.14688,0.30937,0.012546,0.22167,0.17469,-0.35907,-0.17159,0.31599,0.31188,0.35086,0.41222,0.41341,0.55316,-0.35735,-0.32789,0.24962,0.23707,-0.0071465,0.48923,-0.192,-0.11787,-0.39332,-0.34145,-0.19561,0.20601,0.34083,0.28109,-0.046711,0.067904,0.080097,-0.069459,0.050278,0.11862,0.15919,0.15499,-0.39831,0.015539,-0.39534,0.14043,-0.24395,-0.42006,0.060425,0.1668,0.23478,0.1681,0.41671,0.35598,0.19402,0.26452,0.26369,0.18302,0.060251,-0.021015
0.31761,0.25,-0.13916,-0.1737,0.31608,0.72184,0.42521,0.54691,0.50579,0.33578,-0.20093,0.026463,0.14319,0.16507,0.18527,0.40987,0.15156,0.19262,0.32877,0.50389,0.85125,0.66488,0,0.77333,0.15607,0.83291,0.68212,0.50121,0.52639,0.31129,-0.086589,0.37057,-0.099764,0.098064,0.12896,-0.0045061,-0.24512,0.080204,0.29987,0.31898,0.95497,0.72451,0.13506,0.66721,-0.079288,0.16259,0.094893,-0.074076,0.42562,0.13377,0.22287,-0.097717,0.076299,-0.0084748,-0.26824,0.45708,0.23719,-0.14824,0.13195,0.11611,0.30325,0.2192,0.42345,0.17025,0.33383,0.15441,-0.0039438,0.078073,0.36104,0.37523,0.54628,-0.23256,0.10463,0.04446,-0.0044647,-0.32669,-0.067359,-0.1008,-0.11223,-0.51853,-0.29142,0.10475,0.13897,0.21308,0.065742,-0.2537,-0.16315,0.05115,0.10098,-0.011434,0.19098,0.054445,-0.033718,-0.24216,0.10044,0.055002,0.080414,0.20871,0.097565,0.24307,0.6675,-0.039413,0.12029,-0.22085,-0.2774
0.40631,0.83309,-0.43711,-0.48265,0.18185,0.76225,0.57307,0.58723,0.41704,0.16269,-0.54798,0.12555,-0.10456,-0.24322,-0.16983,-0.029442,-0.34389,-0.24884,-0.15311,-0.10533,0.43385,0.76922,0.77333,0,-0.042692,0.85172,0.61509,0.57025,0.57426,0.37419,-0.27561,0.18446,-0.3106,-0.22143,-0.2118,-0.43496,-0.46091,-0.26727,0.090245,0.44598,0.86553,1.4956,0.2108,1.0999,-0.35506,-0.31833,-0.28573,-0.50726,0.45812,0.055247,-0.0071728,-0.2922,0.1022,0.42512,-0.24391,0.55981,0.39526,-0.33557,-0.015865,0.17747,0.48265,-0.14239,0.17538,-0.013751,0.22031,-0.36607,-0.4739,0.072309,0.25888,0.36071,0.14897,-0.55504,-0.43702,-0.25349,-0.39754,-0.26624,0.18347,-0.27092,-0.38435,-0.41168,-0.44178,-0.02856,-0.29741,0.020146,-0.43328,-0.51933,-0.57216,-0.41003,-0.068676,-0.32366,-0.0066937,-0.15499,-0.17851,0.11278,0.22134,-0.24752,-0.30396,0.13549,-0.13101,-0.30351,0.16668,-0.42431,-0.26466,-0.23227,-0.44729
0.30882,-0.066582,0.60248,0.4002,0.84473,0.4028,-0.089923,0.20918,0.67075,0.65173,0.74304,0.40569,0.27783,0.29172,1.0104,0.4355,0.46098,0.65065,0.80555,0.48799,0.058214,0.1874,0.15607,-0.042692,0,0.35202,0.41706,0.55945,0.16724,0.62444,0.33418,0.44027,0.2314,-0.026155,0.43971,0.68911,0.84479,0.79057,0.90052,0.44699,-0.087155,-0.06595,-0.23664,-0.24685,0.26511,0.54663,0.46643,0.28465,-0.028061,0.60839,0.48039,0.3298,0.071125,-0.16005,0.18912,-0.4242,-0.54214,-0.24408,-0.2009,0.30454,0.41136,0.51063,0.38782,-0.091855,-0.12551,0.38907,0.4854,0.81634,0.47399,-0.065882,0.4246,-0.28615,0.20657,-0.15083,-0.13928,0.74417,0.52586,0.31532,0.22661,0.38107,0.84068,0.77666,0.66231,-0.088606,0.054193,0.23578,0.50758,0.22503,-0.3655,0.22733,0.20099,-0.080827,-0.10296,0.12843,0.34146,0.78007,0.5055,0.54692,0.33988,0.17797,0.011792,0.23535,-0.041387,-0.078475,0.21667
0.57401,0.8677,-0.18011,-0.31005,0.37855,0.9391,0.24764,0.83576,0.53121,0.75565,-0.28052,0.56621,-0.015397,-0.066678,0.028927,-0.11538,-0.15013,-0.025127,0.30702,0.13793,0.19243,0.26975,0.83291,0.85172,0.35202,0,0.60694,0.55885,0.64805,0.75954,-0.10498,0.81616,-0.30942,-0.22939,-0.022941,-0.096759,-0.24009,0.013886,0.34482,0.73703,0.52566,1.1142,0.080969,0.80186,-0.25686,0.071113,0.17442,-0.052967,0.23702,0.30694,0.22974,-0.23543,0.045412,0.16464,-0.28623,0.28981,0.053656,-0.2624,0.073984,0.15899,0.72752,-0.12574,0.10095,-0.35159,-0.17067,0.058748,-0.059891,0.17356,0.36165,0.40043,0.16948,-0.64799,-0.054229,-0.075755,-0.14563,0.06152,0.38445,-0.24163,-0.35962,-0.43268,-0.23641,0.13917,-0.068117,0.26745,-0.34266,-0.4004,-0.47154,0.072902,-0.12407,0.14846,0.038469,-0.059538,0.16256,-0.028785,0.30954,-0.10579,-0.10873,0.072191,0.0038247,-0.3122,0.1371,-0.58778,-0.42835,-0.14105,-0.11756
0.31181,0.42031,0.10554,0.06584,0.51298,0.79763,0.040696,0.20447,1.0261,0.027389,-0.19946,-0.16256,0.12078,0.036677,0.26785,0.51815,0.253,0.27811,0.49016,0.26767,0.51924,0.69182,0.68212,0.61509,0.41706,0.60694,0,0.69478,0.23929,0.32018,-0.40813,0.046339,-0.099096,-0.13001,-0.19891,-0.18051,-0.20597,-0.17254,0.32263,0.61023,0.4487,0.62315,0.092555,0.41812,0.16871,-0.068722,0.13063,0.075721,0.32797,0.32886,0.37317,-0.31699,0.11506,0.29874,-0.022946,0.16396,0.19116,-0.13302,0.24086,0.49276,0.62851,0.012857,0.29672,-0.10139,-0.081135,0.080622,0.13613,0.15182,0.27328,0.34661,0.29295,-0.27995,0.012689,-0.083524,-0.18868,0.0036476,0.51543,-0.0083249,-0.072323,0.020512,0.12748,0.17428,0.1828,0.25535,0.13298,0.077552,0.059892,-0.07951,-0.032446,-0.033018,0.33913,-0.081709,-0.11112,0.011585,0.21709,0.46838,0.32731,0.73576,0.41015,-0.021609,0.18757,-0.080647,-0.075479,0.053802,-0.075869
0.26925,0.24241,0.014799,-0.081639,0.52757,0.51622,0.20595,0.29464,0.44917,0.1504,0.030543,0.14439,0.097803,0.057241,0.57182,0.18223,0.11243,0.23477,0.28838,0.25387,0.27857,0.44279,0.50121,0.57025,0.55945,0.55885,0.69478,0,0.30157,0.6864,-0.16927,0.038277,0.023403,-0.14335,0.12713,0.090979,0.1873,0.26756,0.57275,0.48086,0.27128,0.42603,-0.088849,0.13035,0.1248,-0.025999,0.048393,-0.082958,-0.026369,0.37182,0.28432,-0.027693,-0.12889,-0.15199,-0.18126,-0.10089,-0.16197,-0.55493,-0.22781,0.065599,0.14113,0.12279,0.32188,-0.15765,-0.18336,0.017314,0.08722,0.17463,0.26639,-0.025069,0.33985,-0.52956,-0.35462,-0.15705,-0.43811,0.11687,0.16027,-0.017411,-0.072526,0.020717,0.12792,0.4669,0.37604,-0.16985,-0.068069,-0.1804,-0.00246,-0.14071,-0.45219,-0.056808,0.069778,-0.22113,-0.47513,-0.070539,0.17824,0.41467,0.22575,0.77674,0.08692,-0.28068,0.11462,-0.077356,0.024486,-0.2631,-0.40156
0.67414,0.48182,-0.25298,-0.38562,0.50161,0.40953,1.0352,0.73357,0.15381,0.39861,-0.020921,0.19914,-0.18449,-0.32077,-0.068345,0.17069,-0.27595,-0.33766,-0.046587,-0.21127,0.12666,0.16163,0.52639,0.57426,0.16724,0.64805,0.23929,0.30157,0,0.79432,0.052858,0.75847,-0.23408,-0.24335,-0.10192,-0.23069,-0.1177,0.00035974,0.55733,0.37735,0.95604,0.54103,0.35815,0.56098,-0.59261,0.18966,0.19328,0.12467,0.35232,0.065212,-0.058333,0.059574,0.43638,0.16515,0.14479,0.61382,0.34527,0.19053,0.35517,0.16545,0.46835,0.1463,0.26621,-0.043063,0.17773,0.25155,0.041163,0.23757,0.29437,0.58133,0.27302,-0.48675,-0.10454,-0.032697,0.050972,0.16203,-0.14212,-0.31735,-0.39152,-0.37949,-0.2857,-0.039278,-0.066119,0.025569,-0.36541,-0.57864,-0.41521,0.31875,0.14614,-0.083739,0.38994,0.60554,0.43701,0.57441,0.42689,-0.2821,-0.52294,-0.093826,-0.48903,-0.00012947,0.070164,-0.16091,-0.31541,-0.070124,-0.11974
0.7317,0.56552,0.053848,-0.036004,0.41693,0.38931,0.44075,0.8844,0.18218,0.55688,0.14181,0.53057,-0.14328,-0.21706,0.28042,0.052811,-0.20641,-0.082568,0.42178,0.059286,-0.14548,0.036503,0.31129,0.37419,0.62444,0.75954,0.32018,0.6864,0.79432,0,0.13465,0.75663,-0.20452,-0.42894,0.055865,0.032864,0.19754,0.36565,0.65412,0.67699,0.32607,0.44134,-0.081308,0.2464,-0.3512,0.23971,0.27357,0.35152,0.15812,0.13226,-0.037942,0.054654,0.27873,0.1164,0.13207,0.11187,-0.063214,-0.10216,0.065687,0.21781,0.48021,0.31095,0.50397,-0.15347,-0.12789,0.31504,0.19253,0.49512,0.73449,0.15615,0.39921,-0.84567,-0.23245,-0.27616,-0.25872,0.45734,0.22089,-0.18265,-0.30105,-0.27281,0.064246,0.28142,0.20853,0.0308,-0.31526,-0.3167,-0.23475,0.37515,-0.015997,-0.10108,0.10117,0.079163,0.043018,0.4246,0.82213,0.11115,-0.035484,0.27996,-0.086877,-0.17169,-0.0016931,-0.12118,-0.15823,-0.1772,0.012701
0.1568,-0.25713,0.050026,0.17115,-0.13496,-0.27123,0.19985,0.19556,-0.14611,0.35123,0.81319,0.57956,0.15065,0.32415,0.2957,0.10248,-0.20568,0.21529,0.19469,0.18781,-0.09995,-0.018251,-0.086589,-0.27561,0.33418,-0.10498,-0.40813,-0.16927,0.052858,0.13465,0,0.46986,0.33981,0.28188,0.99306,0.82393,0.73872,0.91191,0.21469,-0.066388,-0.040784,-0.23722,-0.10096,-0.23322,0.18261,0.90821,-0.042347,0.034718,0.045829,-0.15228,-0.36141,0.27466,0.12068,-0.23205,0.14233,-0.12284,-0.31205,-0.036965,-0.39611,-0.20958,-0.18715,0.42591,0.14441,0.49441,0.41551,0.028611,-0.055972,0.28218,0.18238,-0.37703,0.4467,0.30071,0.41731,-0.038886,0.19871,0.18091,-0.27044,0.12857,0.14767,-0.2138,0.12903,-0.16925,0.022268,-0.12263,0.040075,0.029618,0.2594,0.21939,0.054931,-0.11017,0.084089,-0.10053,-0.101,0.20448,0.32549,-0.13198,0.0073527,-0.27267,-0.036896,0.32124,-0.019121,0.28813,0.19651,-0.13349,0.32065
0.47641,0.37261,-0.043767,-0.15126,0.25798,0.36554,0.30044,0.81133,0.17445,0.97693,0.1744,0.70328,0.023104,0.020944,0.11776,-0.082077,-0.22076,0.030206,0.29748,0.16302,-0.051306,-0.082221,0.37057,0.18446,0.44027,0.81616,0.046339,0.038277,0.75847,0.75663,0.46986,0,-0.085843,-0.090923,0.28147,0.22064,0.14012,0.3776,0.38537,0.39676,0.29118,0.34571,0.043819,0.40094,-0.27977,0.56594,0.49562,0.23972,0.21984,0.2307,0.040047,0.11166,0.18165,-0.015495,0.0014928,0.22459,-0.031061,0.090832,0.14008,-0.01214,0.4369,0.17142,0.12536,-0.13306,0.034904,0.38609,0.20088,0.41095,0.4358,0.35236,0.35682,-0.37218,0.35281,0.092972,0.28884,0.27295,0.082913,-0.11826,-0.24733,-0.39081,-0.072951,0.0034401,0.010403,0.16785,-0.23945,-0.30871,-0.23773,0.55641,0.13255,0.2906,0.20587,0.26704,0.56017,0.20061,0.50165,-0.19285,-0.23424,-0.19971,-0.22468,-0.014834,0.04351,-0.24414,-0.43788,-0.017697,0.27447
-0.40115,-0.77368,0.54406,0.63548,0.065153,-0.029093,-0.19339,-0.39075,0.019916,0.076298,0.54506,-0.039786,1.5821,1.402,0.70969,0.18106,0.35935,0.77083,0.22917,0.55305,0.13938,0.33515,-0.099764,-0.3106,0.2314,-0.30942,-0.099096,0.023403,-0.23408,-0.20452,0.33981,-0.085843,0,1.3427,0.89169,0.37664,0.76499,0.46258,0.0014593,-0.31887,-0.28517,-0.41822,-0.36605,-0.55476,0.37215,0.087945,0.074714,-0.00064228,0.16765,0.5964,0.42781,0.023149,-0.022381,-0.1925,0.31122,-0.28226,-0.28485,-0.1488,-0.23989,-0.12692,-0.29935,0.47156,0.021476,0.24782,0.12415,-0.10505,0.10759,0.06644,-0.20725,-0.68629,0.17903,0.066589,0.17085,-0.14808,0.094609,0.17177,-0.082383,1.4543,1.3371,0.47278,0.66644,0.13739,0.22294,0.18963,0.81018,0.85005,0.85456,0.0078091,0.028384,0.061961,0.062016,0.069693,-0.066264,-0.13816,0.00716,0.45143,0.40664,0.25806,0.29189,0.20472,-0.23957,0.75723,0.34629,0.56786,0.51294
-0.3066,-0.72134,0.41624,0.54606,-0.07334,-0.10615,-0.13188,-0.43955,-0.063747,0.057187,0.32329,-0.097049,1.3316,1.3975,0.39267,0.11359,0.36221,0.53505,0.13631,0.51367,0.19784,0.33446,0.098064,-0.22143,-0.026155,-0.22939,-0.13001,-0.14335,-0.24335,-0.42894,0.28188,-0.090923,1.3427,0,0.79604,0.26894,0.39325,0.26737,-0.13813,-0.47747,-0.076164,-0.31802,-0.070683,-0.3048,0.4128,0.14028,-0.030871,-0.022907,0.32123,0.37446,0.3155,-0.031799,0.080564,-0.1236,0.27261,0.013958,-0.039259,0.0082673,-0.065378,-0.071464,-0.27916,0.2964,-0.11553,0.36031,0.27797,-0.15571,-0.052582,-0.16837,-0.34221,-0.58648,0.1164,0.29432,0.25751,-0.037749,0.17189,0.017767,-0.18141,1.0472,1.1455,0.20259,0.31694,0.0033188,0.013736,0.37903,0.78163,0.71838,0.57415,0.040931,0.22033,0.022467,0.036609,0.13042,0.0020828,-0.26974,-0.19514,0.16692,0.2747,-0.031522,0.23494,0.36273,-0.039397,0.63334,0.40665,0.62684,0.43063
-0.031354,-0.5235,0.25017,0.35156,0.074712,-0.016668,0.028522,0.047738,0.038084,0.40177,0.81208,0.4379,0.74639,1.0271,0.72814,0.12456,0.14457,0.69799,0.38335,0.63235,0.15206,0.2562,0.12896,-0.2118,0.43971,-0.022941,-0.19891,0.12713,-0.10192,0.055865,0.99306,0.28147,0.89169,0.79604,0,1.0179,0.96768,1.1306,0.25128,-0.11402,-0.099185,-0.24678,-0.3051,-0.34752,0.39299,0.62948,0.0057845,-0.072406,0.079151,0.27875,0.12201,0.17397,-0.035087,-0.39525,0.039043,-0.30387,-0.47899,-0.32779,-0.53456,-0.22662,-0.26337,0.56257,0.15445,0.40349,0.34247,-0.057645,-0.024679,0.19575,0.058795,-0.64388,0.51715,0.12912,0.31119,-0.12904,0.049993,0.16363,-0.1688,0.58795,0.60605,0.0089839,0.35269,0.09159,0.17719,-0.019898,0.32812,0.32983,0.51706,0.10081,-0.10544,0.014482,-0.044657,-0.22252,-0.29023,-0.16263,0.081419,0.18828,0.29234,0.031595,0.1943,0.30283,0.032265,0.47557,0.33713,0.026617,0.32944
-0.070121,-0.58389,0.23435,0.23393,0.23245,-0.073126,-0.17858,0.048861,0.23459,0.44921,1.1017,0.40877,0.27,0.5319,0.79675,0.26895,0.40841,0.8126,0.43376,0.5745,0.16074,-0.011382,-0.0045061,-0.43496,0.68911,-0.096759,-0.18051,0.090979,-0.23069,0.032864,0.82393,0.22064,0.37664,0.26894,1.0179,0,0.96943,1.2921,0.5007,0.068098,-0.27781,-0.44299,-0.25579,-0.45117,0.59945,0.93226,0.22599,0.032082,-0.28829,0.18119,0.11632,0.4299,-0.25417,-0.73252,-0.14605,-0.68629,-0.73273,-0.30984,-0.55326,-0.21441,-0.21775,0.42636,0.10471,0.19176,0.17665,0.20265,0.29717,0.28243,0.066249,-0.33054,0.49471,0.31766,0.55952,0.10638,0.17044,0.23552,-0.051056,0.2538,0.27183,0.16993,0.44059,0.28714,0.45181,-0.37021,0.14787,0.20115,0.62609,0.18126,-0.39415,0.24016,0.13738,-0.33558,-0.29005,-0.21384,-0.06529,0.33221,0.34386,0.066359,0.20117,0.35464,0.27724,0.32499,0.19675,-0.24731,0.2637
-0.027154,-0.62748,0.6359,0.58964,0.35729,-0.1297,-0.051206,-0.094165,0.096084,0.33484,1.3186,0.35289,0.54013,0.60652,0.98482,0.25385,0.36189,0.66058,0.43495,0.44179,-0.14943,0.015592,-0.24512,-0.46091,0.84479,-0.24009,-0.20597,0.1873,-0.1177,0.19754,0.73872,0.14012,0.76499,0.39325,0.96768,0.96943,0,1.3276,0.55929,-0.017055,-0.35104,-0.57981,-0.45435,-0.8259,0.31434,0.54481,0.16575,0.13175,-0.18593,0.37291,0.2049,0.40822,0.038623,-0.36053,0.32555,-0.61351,-0.69656,-0.21918,-0.4646,-0.068735,-0.18582,0.67498,0.22572,0.16891,0.069476,0.12395,0.29421,0.44613,0.11162,-0.66055,0.29674,-0.016129,0.13452,-0.2178,-0.078124,0.63687,0.038779,0.68956,0.64137,0.54563,1.0232,0.48714,0.57507,-0.19885,0.30398,0.4852,0.91307,0.12275,-0.29994,0.042373,-0.0030392,-0.077106,-0.24995,0.085937,0.19033,0.56522,0.43003,0.27904,0.16116,0.28656,-0.21172,0.66285,0.27892,-0.020656,0.32096
0.079743,-0.45222,0.35171,0.34687,0.25364,-0.043968,0.092244,0.25936,0.13006,0.52556,1.072,0.52923,0.36379,0.52838,0.94689,0.24768,0.27599,0.66567,0.53971,0.65407,0.033929,0.039278,0.080204,-0.26727,0.79057,0.013886,-0.17254,0.26756,0.00035974,0.36565,0.91191,0.3776,0.46258,0.26737,1.1306,1.2921,1.3276,0,0.64369,0.14627,-0.12379,-0.31441,-0.42989,-0.42836,0.2835,0.81958,0.20617,0.10599,-0.15728,0.186,0.040601,0.40677,-0.049088,-0.51971,0.045256,-0.47309,-0.62097,-0.29683,-0.50051,-0.20695,-0.20318,0.71592,0.35352,0.24201,0.22231,0.20787,0.28593,0.40703,0.30308,-0.46514,0.61286,-0.035448,0.24783,-0.11239,-0.0016445,0.3611,-0.10332,0.37865,0.32848,0.11655,0.5441,0.39912,0.58558,-0.25515,0.19334,0.19856,0.60391,0.22917,-0.24847,0.038208,0.022877,-0.20668,-0.30741,-0.070783,0.25289,0.37762,0.34062,0.20168,0.087405,0.32879,0.14713,0.47584,0.30419,-0.28456,0.21415
0.59269,-0.014154,0.20505,0.071978,1.1086,0.30026,0.44543,0.43089,0.5817,0.51934,0.69314,0.36734,0.022325,0.027859,0.56217,0.51344,0.36612,0.26764,0.48136,0.16173,0.097802,0.096836,0.29987,0.090245,0.90052,0.34482,0.32263,0.57275,0.55733,0.65412,0.21469,0.38537,0.0014593,-0.13813,0.25128,0.5007,0.55929,0.64369,0,0.64963,0.38248,0.045963,-0.00085651,-0.10792,0.035682,0.58628,0.21392,0.18969,-0.14393,0.21622,0.14678,0.23721,0.25239,-0.21304,0.13371,-0.19574,-0.30268,-0.13712,-0.063492,0.20575,0.34745,0.37852,0.32038,-0.082242,0.022374,0.27071,0.32522,0.30011,0.19059,0.06199,0.34403,-0.21485,0.015504,-0.1483,-0.15012,0.61765,0.1288,-5.4899e-05,-0.012662,0.18036,0.39441,0.44972,0.47161,-0.20548,-0.085365,-0.042272,0.33523,0.21149,-0.39648,-0.012393,0.37318,0.11053,-0.058741,0.30624,0.17926,0.30703,0.080434,0.22192,-0.044844,0.23231,0.12341,0.16092,-0.0024338,-0.27607,0.0058164
0.49222,0.65897,-0.20061,-0.21121,0.43104,0.67756,0.22674,0.92717,0.82843,0.48495,0.070664,0.55304,-0.1268,-0.1495,0.076324,0.13123,-0.012621,0.12342,0.49429,-0.017127,0.13864,0.18275,0.31898,0.44598,0.44699,0.73703,0.61023,0.48086,0.37735,0.67699,-0.066388,0.39676,-0.31887,-0.47747,-0.11402,0.068098,-0.017055,0.14627,0.64963,0,0.32976,0.70756,-0.20621,0.35773,-0.15015,0.094422,-0.019773,-0.059513,-0.096853,0.041858,-0.04034,-0.49996,0.02378,0.13528,-0.26948,-0.15297,-0.16058,-0.31556,-0.083198,0.1311,0.64703,-0.10328,0.1056,-0.45026,-0.27383,-0.12211,-0.012656,0.024338,0.17976,0.20458,0.15317,-0.48879,-0.10408,-0.3086,-0.29334,0.17169,0.46454,-0.23369,-0.36182,-0.11964,0.043628,0.017847,0.040629,0.0096778,-0.25841,-0.11028,-0.051723,-0.047167,-0.3495,-0.13164,0.1866,-0.34888,-0.094496,0.23008,0.4531,0.052875,-0.047344,0.20301,0.13237,-0.30814,0.027794,-0.39008,-0.28174,-0.29696,0.11758
0.72185,0.42668,-0.35197,-0.31551,0.30342,0.38845,1.2215,0.60584,0.27889,0.10958,-0.1726,-0.0094,-0.15507,-0.21495,-0.19122,0.37386,-0.17779,-0.30535,-0.0010118,-0.10464,0.45326,0.5441,0.95497,0.86553,-0.087155,0.52566,0.4487,0.27128,0.95604,0.32607,-0.040784,0.29118,-0.28517,-0.076164,-0.099185,-0.27781,-0.35104,-0.12379,0.38248,0.32976,0,0.74078,0.46324,0.76897,-0.36117,0.1234,-0.22639,-0.10702,0.55248,-0.23679,-0.22184,-0.156,0.55023,0.33933,0.05539,0.8557,0.56945,0.11141,0.2988,0.2882,0.41801,0.1354,0.35248,0.30751,0.56969,-0.072578,-0.30167,-0.030112,0.22096,0.41714,0.35092,-0.16234,-0.16247,-0.15965,-0.13687,-0.14972,-0.17612,-0.33501,-0.30537,-0.59371,-0.48153,-0.20561,-0.24041,0.12263,-0.21825,-0.42447,-0.34904,0.0051835,0.25513,-0.46106,0.28069,0.25239,0.030536,0.34562,0.1821,-0.34922,-0.37404,-0.12027,-0.23345,0.26154,0.36185,-0.04919,0.037737,-0.18221,-0.27679
0.46526,1.2282,-0.53152,-0.51248,0.080726,0.87548,0.42531,0.8112,0.43848,0.27754,-0.60203,0.33265,-0.15591,-0.25166,-0.31053,-0.11282,-0.46253,-0.26397,0.021222,-0.13158,0.32056,0.51877,0.72451,1.4956,-0.06595,1.1142,0.62315,0.42603,0.54103,0.44134,-0.23722,0.34571,-0.41822,-0.31802,-0.24678,-0.44299,-0.57981,-0.31441,0.045963,0.70756,0.74078,0,0.076192,1.1262,-0.44009,-0.29197,-0.28773,-0.39176,0.33036,-0.024824,-0.068153,-0.57903,0.063096,0.45021,-0.36996,0.44986,0.26988,-0.33453,-0.0061219,0.12253,0.61019,-0.26516,0.10534,-0.17092,0.0025026,-0.36139,-0.48175,-0.046167,0.2453,0.37127,0.051322,-0.56204,-0.32068,-0.26095,-0.31594,-0.29648,0.25703,-0.38523,-0.47984,-0.6038,-0.53675,-0.23143,-0.40208,0.22257,-0.40587,-0.48349,-0.65745,-0.31914,-0.05135,-0.23961,-0.036168,-0.22991,-0.043466,0.088705,0.31867,-0.34154,-0.27164,0.010146,-0.0006864,-0.43365,0.071382,-0.66198,-0.31329,-0.21819,-0.26483
0.36482,0.17238,-0.26982,-0.29578,0.031125,-0.2594,0.32174,-0.12791,-0.11403,-0.19766,-0.16988,-0.32179,-0.3968,-0.39435,-0.35601,-0.0087037,-0.11454,-0.51475,-0.4499,-0.48876,0.0068475,-0.0015402,0.13506,0.2108,-0.23664,0.080969,0.092555,-0.088849,0.35815,-0.081308,-0.10096,0.043819,-0.36605,-0.070683,-0.3051,-0.25579,-0.45435,-0.42989,-0.00085651,-0.20621,0.46324,0.076192,0,0.51668,0.19124,0.25339,0.082674,0.17647,0.42807,-0.23734,-0.28128,0.17179,0.36637,0.17388,0.23774,0.80665,0.8696,0.62626,0.66594,0.34567,0.18201,-0.34848,-0.29709,0.13625,0.28805,0.14944,-0.070806,-0.15986,-0.20142,0.50847,0.082214,0.40597,0.18305,0.37905,0.22593,0.046607,-0.13687,-0.46569,-0.43107,-0.2759,-0.50054,-0.19772,-0.40178,-0.070356,-0.36901,-0.41435,-0.4805,0.33545,0.38228,-0.091875,0.48366,0.42523,0.24332,0.35572,-0.17251,-0.48558,-0.61008,-0.34823,-0.48029,0.15813,0.30564,-0.17024,-0.29518,0.24538,-0.094156
0.34372,0.86827,-0.6774,-0.69712,-0.043581,0.46655,0.44141,0.64506,0.25594,0.14162,-0.65908,0.032615,-0.30821,-0.3782,-0.43539,-0.17495,-0.41358,-0.36023,-0.24357,-0.20232,0.37194,0.37704,0.66721,1.0999,-0.24685,0.80186,0.41812,0.13035,0.56098,0.2464,-0.23322,0.40094,-0.55476,-0.3048,-0.34752,-0.45117,-0.8259,-0.42836,-0.10792,0.35773,0.76897,1.1262,0.51668,0,-0.25694,-0.09437,-0.013036,-0.26009,0.54136,-0.11914,-0.19241,-0.29593,0.083243,0.36138,-0.30741,0.81865,0.7413,0.064287,0.32736,0.1123,0.45356,-0.36083,-0.067067,-0.082162,0.25303,-0.12566,-0.31456,-0.057991,0.17273,0.77551,0.23161,-0.26739,-0.015292,0.099484,0.01849,-0.38184,0.075434,-0.53673,-0.7354,-0.69266,-0.80325,-0.29996,-0.4937,0.027418,-0.54072,-0.66759,-0.89335,-0.0054283,0.2421,-0.12584,0.17799,-0.014427,0.15289,0.10726,0.18498,-0.55633,-0.62957,-0.1455,-0.33758,-0.24088,0.37516,-0.62449,-0.53887,-0.096799,-0.19045
-0.31101,-0.54596,0.22076,0.28764,-0.048007,-0.29807,-0.52831,-0.51781,0.20438,-0.19642,0.38788,-0.2199,0.29958,0.49433,0.55245,0.18304,0.50334,0.66181,0.18882,0.3939,0.19815,0.094989,-0.079288,-0.35506,0.26511,-0.25686,0.16871,0.1248,-0.59261,-0.3512,0.18261,-0.27977,0.37215,0.4128,0.39299,0.59945,0.31434,0.2835,0.035682,-0.15015,-0.36117,-0.44009,0.19124,-0.25694,0,0.45611,0.23842,0.12721,-0.076298,0.18601,0.11937,0.13728,-0.30477,-0.45053,-0.039347,-0.32249,-0.096974,-0.011332,-0.064644,-0.06569,-0.32113,-0.070784,-0.27919,0.12117,0.0159,0.11107,0.30939,-0.14988,-0.31371,-0.23016,0.32675,0.70982,0.61882,0.41966,0.283,0.033418,0.017452,0.25482,0.24987,0.2935,0.29955,0.10606,0.25311,-0.17363,0.40758,0.38919,0.52811,0.15331,-0.087913,0.22108,0.38463,-0.26558,-0.3022,-0.34976,-0.29376,0.37749,0.34226,0.30337,0.22752,0.16738,0.29214,0.24424,0.1203,0.24107,0.24983
