,,,,,,,,,,,,,,,,,,,,,,,,,,,,,,,,,,,,,,,,,,,,,,,,,,,,,,,,,,,,,,,,,,,,,,,,,,,,,,,,,,,,,,,,,,,,,,,,,,,,,,,,
0,1.0377,-0.21744,-0.14871,0.24807,0.57612,0.35097,0.68323,0.41398,0.28676,-0.28761,0.3616,-0.3522,-0.28707,-0.041362,0.20907,-0.35236,-0.20209,0.57255,0.084974,0.16389,0.29532,0.73544,0.8161,0.31825,1.053,0.90568,0.76735,0.58307,0.74142,-0.080641,0.51784,-0.64114,-0.46427,-0.10608,-0.13614,-0.3881,-0.081289,0.37713,0.66255,0.66529,1.0848,0.24215,0.65518,-0.13233,0.20256,-0.0022432,0.54394,0.39044,-0.1161,-0.090196,-0.23483,0.68583,0.40052,-0.116,0.38433,0.15907,-0.15719,0.25393,0.63807,0.77892,0.046957,0.48278,0.071477,0.012267,0.17254,-0.12716,0.16621,0.64785,0.32488,0.32288,-0.2965,-0.077121,-0.1904,-0.30791,0.098547,0.34115,-0.6067,-0.49636,-0.74534,-0.40799,-0.12469,-0.22855,0.42014,-0.31701,-0.39545,-0.51351,0.32081,0.21202,-0.1708,0.18821,-0.14524,-0.035255,0.25544,0.34872,-0.12372,0.1118,0.14429,0.3172,-0.051359,0.27761,-0.51084,-0.056782,-0.1545,-0.12122
1.0377,0,-0.21392,-0.22368,0.11468,0.58775,0.12264,0.53833,0.32469,0.15293,-0.77392,0.17232,-0.49978,-0.58575,-0.38388,-0.09223,-0.47841,-0.4828,0.3073,-0.25299,-0.060311,0.17052,0.39794,0.91847,0.14236,0.96068,0.9494,0.56375,0.50327,0.6982,-0.42192,0.3742,-0.90578,-0.83039,-0.5515,-0.59459,-0.70432,-0.46141,0.015954,0.64801,0.38552,1.2705,0.23843,0.80135,-0.33917,-0.21116,0.075521,0.60231,0.43347,-0.056005,-0.051693,-0.42282,0.53774,0.75836,0.0051076,0.49826,0.39083,0.11384,0.5748,0.81886,0.9861,-0.28228,0.21228,-0.27441,-0.28695,0.13275,-0.096334,0.14144,0.5218,0.48489,0.040297,-0.57323,-0.28389,-0.21037,-0.38957,0.097419,0.58693,-0.60896,-0.68805,-0.48659,-0.37131,-0.077842,-0.29683,0.48099,-0.48917,-0.37799,-0.81642,0.26904,0.32457,-0.14824,0.056939,-0.06385,0.14998,0.44671,0.55576,-0.10863,-0.054457,0.29369,0.22151,-0.48818,0.031099,-0.8359,-0.34151,0.078472,-0.058646
-0.21744,-0.21392,0,1.1144,0.18942,0.15177,-0.70615,-0.26259,0.18903,0.37132,0.34199,0.39996,0.59766,0.38017,0.51681,0.04022,0.31289,0.45909,0.33932,0.44541,-0.40541,-0.15299,-0.35516,-0.41643,0.56985,-0.07288,-0.096723,-0.21248,-0.32074,-0.017539,0.17311,0.13139,0.52985,0.25065,0.18635,0.22805,0.60864,0.28465,0.10186,-0.018127,-0.56839,-0.30813,-0.65234,-0.60578,-0.055725,-0.10383,0.18225,0.12873,-0.27322,0.68447,0.6023,0.24873,-0.088933,0.054408,0.53265,-0.60951,-0.78599,-0.45903,-0.44891,0.056537,0.15113,0.31034,0.10145,-0.08962,-0.32323,0.052463,0.34308,0.45949,0.1584,-0.38463,-0.40118,-0.1391,0.050894,-0.20877,0.033822,0.75174,0.46529,0.83024,0.76073,0.65067,1.1827,0.52053,0.42464,0.31705,0.48518,0.62913,0.73057,-0.36061,-0.39105,0.41982,-0.20555,0.036699,0.33192,-0.201,0.020444,0.97446,1.0588,0.14284,0.50695,-0.040474,-0.62414,0.23483,0.026365,0.38395,0.39509
-0.14871,-0.22368,1.1144,0,-0.2352,-0.019756,-0.54334,-0.2528,0.072941,0.12501,0.42039,0.40388,0.77306,0.65353,0.36242,0.17914,0.054463,0.47482,0.49607,0.43733,-0.29422,0.098417,-0.3447,-0.41676,0.27101,-0.25814,-0.082021,-0.30034,-0.60982,-0.1598,0.42018,-0.10518,0.81051,0.53946,0.41874,0.26461,0.57882,0.30651,-0.1225,-0.01135,-0.44738,-0.22408,-0.73526,-0.6453,0.11437,-0.05711,-0.35909,0.016638,-0.069798,0.13218,0.089324,-0.11482,0.15488,0.23334,0.62208,-0.52214,-0.64462,-0.51927,-0.64992,0.087019,0.026219,0.38713,0.19763,0.27695,-0.078604,-0.38163,-0.1134,0.16619,0.096522,-0.90813,-0.23354,0.11769,0.019285,-0.54336,-0.16886,0.34004,0.31517,0.91011,1.0233,0.29533,0.79777,-0.035219,0.08455,0.5277,0.82428,1.0259,0.85073,-0.59473,-0.072643,-0.1397,-0.27842,-0.33716,-0.15288,-0.066156,0.18445,0.61451,1.5108,0.057838,0.99235,0.12424,-0.5744,0.51824,0.49538,0.4444,0.68606
0.24807,0.11468,0.18942,-0.2352,0,0.81622,0.11289,0.32743,0.8103,0.44901,0.074786,0.05121,0.11126,-0.063117,0.38934,0.2027,0.61936,0.32522,0.23606,0.19752,0.25951,0.072192,0.30131,0.25123,0.59189,0.48672,0.44325,0.45123,0.54059,0.36207,-0.44166,0.38629,-0.1368,-0.2815,-0.16719,0.041428,0.057384,0.056937,0.88403,0.48313,0.20969,0.19389,-0.078257,0.16171,-0.25638,-0.038539,0.63851,-0.0096234,-0.12798,0.96558,0.99641,0.14123,-0.010715,-0.091731,-0.21308,-0.19093,-0.1869,-0.25557,0.15395,0.21681,0.51911,0.1195,0.1205,-0.50823,-0.19168,0.35453,0.48212,0.34433,0.14737,0.54757,0.035738,-0.61018,-0.064647,0.011548,-0.06459,0.53924,0.39386,0.055633,-0.05978,0.3803,0.33311,0.69567,0.35486,-0.16115,-0.24737,-0.078,0.08343,0.11308,-0.58758,0.54283,0.21376,0.25969,0.44545,-0.032199,-0.17971,0.53075,-0.055996,0.37249,-0.11221,-0.09238,0.045215,-0.2373,-0.58525,-0.093529,-0.073752
0.57612,0.58775,0.15177,-0.019756,0.81622,0,0.18729,0.76784,0.97873,0.7548,-0.16662,0.30018,0.29519,0.10049,0.12056,0.29165,0.24049,0.25476,0.60763,0.33088,0.47382,0.5576,0.68249,0.78505,0.46782,0.98528,0.76972,0.35342,0.63044,0.51824,-0.31158,0.62552,-0.1359,-0.16557,-0.10718,-0.15802,-0.20384,-0.069874,0.38893,0.73228,0.46758,0.91994,-0.19059,0.54789,-0.56738,-0.17214,0.23248,-0.0041196,0.45196,0.6042,0.68851,-0.29096,0.44224,0.46553,-0.12645,0.13021,-0.027619,-0.32494,0.1573,0.6758,1.311,0.26625,0.43041,-0.25414,-0.036531,0.062601,-0.013002,0.44582,0.53377,0.43702,0.16007,-0.90806,-0.13363,-0.49231,-0.3803,0.23376,0.69336,0.1352,0.015763,-0.1041,0.095698,0.3292,-0.042906,0.38297,-0.21773,0.043918,-0.13878,0.027789,-0.043008,0.083823,0.016207,-0.0030582,0.33219,0.16503,0.29425,0.29665,0.11893,0.23495,0.40561,-0.003841,0.13398,-0.24073,-0.29913,0.11122,0.27976
0.35097,0.12264,-0.70615,-0.54334,0.11289,0.18729,0,0.61878,0.061331,-0.10928,-0.09989,-0.33101,-0.29199,-0.25072,-0.016366,0.80786,-0.17588,-0.15247,-0.014411,0.11893,0.88351,0.4851,0.82747,0.63068,-0.18585,0.18908,0.29078,0.36088,0.98471,0.32498,0.015389,0.1825,-0.26274,-0.17992,-0.043,-0.14937,-0.28175,0.027385,0.3245,0.1688,1.2414,0.43816,0.24072,0.52752,-0.3474,0.19613,0.0031323,0.079457,0.42613,-0.43537,-0.36859,0.0093181,0.43425,-0.034888,-0.16293,0.65896,0.5511,0.27438,0.36085,-0.035597,-0.030458,0.42637,0.70509,0.44823,0.67903,0.29006,0.017915,0.015813,0.37175,0.48884,0.77309,-0.11584,-0.0034012,0.069174,0.14243,-0.72601,-0.61581,-0.4511,-0.42347,-0.65975,-0.61313,-0.29942,0.081758,-0.16447,-0.03767,-0.56256,-0.25995,0.38213,0.51929,-0.42154,0.56895,0.33411,-0.057897,0.32609,0.28844,-0.2588,-0.40776,0.19187,-0.32729,0.52484,0.76439,0.25763,0.26897,-0.58766,-0.4123
0.68323,0.53833,-0.26259,-0.2528,0.32743,0.76784,0.61878,0,0.49314,0.68611,0.07456,0.51222,0.00069795,0.031858,0.32452,0.27721,-0.046681,0.25404,0.71482,0.50869,0.49889,0.40125,0.88552,0.73989,0.50374,0.98695,0.49996,0.7857,0.80748,1.086,0.12778,0.90075,-0.25578,-0.3357,0.17337,0.14994,-0.010864,0.38476,0.60003,0.93638,0.592,0.87903,-0.19607,0.6161,-0.33932,0.33089,0.26946,0.25135,0.35384,0.043904,-0.036199,-0.21491,0.18312,0.029344,-0.48395,0.18255,0.036942,-0.27104,0.038562,0.11234,0.47408,0.41397,0.6485,-0.059747,0.14408,0.26681,0.097046,0.31883,0.79389,0.30587,0.81883,-0.75936,0.018513,-0.28783,-0.23564,-0.037418,0.11961,-0.1921,-0.36516,-0.59471,-0.178,0.15285,0.18875,0.043253,-0.26502,-0.29886,-0.24778,0.6289,0.11457,-0.16315,0.16062,-0.19796,-0.089125,0.16944,0.74903,0.082513,-0.057828,0.37373,0.071045,0.033705,0.55448,-0.13471,-0.044149,-0.58286,0.14701
0.41398,0.32469,0.18903,0.072941,0.8103,0.97873,0.061331,0.49314,0,0.46718,0.073046,0.16989,0.36349,0.20213,0.33203,0.39734,0.57116,0.57742,0.58821,0.37927,0.50317,0.58165,0.47866,0.56293,0.57684,0.63055,0.99209,0.32023,0.26467,0.25175,-0.23633,0.37215,-0.041982,-0.053112,-0.059388,0.06289,-0.040367,0.05263,0.60318,0.93821,0.37214,0.58308,-0.052935,0.47327,0.074728,0.079202,0.24925,-0.15947,0.28956,0.54861,0.46689,-0.30285,0.2926,0.3285,-0.097699,-0.019975,0.035921,-0.25754,0.16231,0.53181,0.90335,0.068559,0.10642,-0.24679,0.036341,-0.089849,0.10796,0.20927,0.18185,0.34495,0.24501,-0.36446,0.17234,-0.25139,-0.19649,0.33948,0.74627,0.22083,0.020784,0.17401,0.33147,0.26694,0.044103,0.14305,-0.032086,0.27252,0.22727,-0.074477,-0.17782,0.050012,0.4016,-0.19639,0.12046,0.087426,0.12237,0.43481,0.096799,0.40108,0.28323,0.042921,0.19236,-0.15667,-0.3995,0.17274,0.45735
0.28676,0.15293,0.37132,0.12501,0.44901,0.7548,-0.10928,0.68611,0.46718,0,0.31142,1.05,0.41118,0.41141,0.56262,-0.060616,0.36646,0.55354,0.61321,0.80544,0.18717,0.14216,0.45072,0.24973,0.82934,0.83054,0.064596,0.27765,0.27155,0.52534,0.24189,0.99439,0.079224,0.073122,0.41606,0.50887,0.30806,0.55702,0.46368,0.42617,0.02318,0.33079,-0.33463,0.19168,-0.183,0.3215,0.43274,0.025429,0.10686,0.63942,0.56031,0.16098,-0.17933,-0.16182,-0.41042,-0.22311,-0.50544,-0.67649,-0.37356,0.098018,0.51169,0.38582,0.25049,-0.20569,-0.058745,0.23822,0.18196,0.56428,0.51759,0.039538,0.24096,-0.54787,0.20503,-0.22648,-0.12101,0.42862,0.43434,0.28436,0.14549,-0.11141,0.23618,0.77815,0.26346,0.11505,-0.2284,-0.0080084,0.025143,0.31872,-0.35119,0.38619,-0.15597,-0.21393,0.18001,-0.30776,0.21378,0.25664,0.2565,-0.078416,0.28308,0.043924,0.29415,-0.1544,-0.17478,-0.1754,0.36992
-0.28761,-0.77392,0.34199,0.42039,0.074786,-0.16662,-0.09989,0.07456,0.073046,0.31142,0,0.44544,0.63597,0.79629,1.2901,0.15656,0.35231,1.1083,0.32691,0.65004,0.081288,0.06803,-0.21481,-0.52547,0.57893,-0.29584,-0.42667,0.056819,-0.32936,0.025052,0.85595,0.10115,0.90623,0.4881,1.0997,1.3224,1.5677,1.3164,0.417,0.019196,-0.36082,-0.55411,-0.54195,-0.57912,0.44442,0.57181,0.040613,-0.30859,-0.25925,0.22004,0.019036,0.28351,-0.39851,-0.60564,-0.077922,-0.84586,-0.78827,-0.71954,-1.1943,-0.49571,-0.39307,0.66465,0.16352,0.25165,0.2433,-0.12529,0.11197,0.26685,0.058529,-0.62557,0.429,0.12444,0.27223,-0.18989,-0.024997,0.3484,-0.11804,0.66264,0.56928,0.27667,0.64137,0.27374,0.37684,-0.48657,0.25293,0.43699,0.88434,-0.02223,-0.49444,0.0030529,-0.021494,-0.46529,-0.51257,-0.15057,0.0058237,0.45035,0.31858,0.10454,0.11213,0.2905,0.045743,0.68191,0.2633,-0.23029,0.48942
0.3616,0.17232,0.39996,0.40388,0.05121,0.30018,-0.33101,0.51222,0.16989,1.05,0.44544,0,0.33857,0.4771,0.56525,-0.27982,0.023867,0.49035,0.91999,0.69196,-0.24386,-0.12014,0.13099,-0.076495,0.79493,0.56292,-0.049969,0.34309,-0.09669,0.5581,0.50471,0.6978,0.15633,0.070652,0.63616,0.67436,0.51682,0.75648,0.34087,0.44613,-0.26039,0.17316,-0.55852,-0.12553,0.058586,0.43051,0.12144,0.26283,-0.14459,0.26297,0.1487,-0.020949,-0.2203,-0.1905,-0.34204,-0.50181,-0.84383,-0.93849,-0.69507,-0.066916,0.23924,0.28483,0.19568,-0.13295,-0.26198,0.049318,0.043795,0.30036,0.44024,-0.4385,0.15544,-0.32824,0.11488,-0.34462,-0.27219,0.5394,0.38584,0.22242,0.18766,-0.20237,0.28693,0.3665,0.18598,0.25203,-0.036452,0.15026,0.11354,0.26718,-0.36987,0.189,-0.41216,-0.61005,-0.17618,-0.33548,0.31839,0.24772,0.60589,-0.051611,0.51124,-0.16857,-0.014025,-0.16673,0.079135,-0.22179,0.46496
-0.3522,-0.49978,0.59766,0.77306,0.11126,0.29519,-0.29199,0.00069795,0.36349,0.41118,0.63597,0.33857,0,1.6181,0.45001,0.21226,0.51945,1.1411,0.47927,0.71427,0.25277,0.37676,-0.044432,-0.29354,0.24622,-0.15745,-0.15754,-0.44712,-0.42026,-0.31229,0.37722,0.056997,1.2906,1.0323,0.71422,0.50656,0.60856,0.44916,0.0071066,0.036918,-0.23328,-0.18818,-0.77015,-0.37078,0.058289,0.043531,-0.20435,-0.65814,0.059289,0.4334,0.42973,-0.19647,-0.023058,0.016166,0.052066,-0.53049,-0.58117,-0.59195,-0.69251,-0.057744,0.055488,0.50404,0.074742,0.14469,0.18875,-0.50323,-0.22244,0.14334,-0.07071,-0.56103,0.023009,-0.0098463,0.21675,-0.56172,-0.14371,0.14338,0.24391,1.671,1.3469,0.34875,0.70634,0.084061,0.020809,0.21752,0.55818,1.1559,0.9053,-0.50811,-0.20905,-0.020549,-0.33023,-0.38225,-0.12504,-0.27939,-0.039142,0.43367,0.5641,-0.11338,0.63456,0.39013,-0.18678,0.61892,0.26304,0.29148,0.97834
-0.28707,-0.58575,0.38017,0.65353,-0.063117,0.10049,-0.25072,0.031858,0.20213,0.41141,0.79629,0.4771,1.6181,0,0.45233,0.11571,0.43701,1.1307,0.51596,0.80047,0.24243,0.28925,0.019352,-0.37884,0.20371,-0.15628,-0.29056,-0.4025,-0.52879,-0.33398,0.64701,0.08238,1.1711,1.2693,1.1262,0.80493,0.67378,0.65103,0.00049107,-0.023185,-0.22155,-0.24046,-0.62374,-0.371,0.27034,0.32077,-0.29085,-0.63405,0.013911,0.19145,0.18741,-0.18445,-0.1213,-0.17906,-0.15766,-0.5077,-0.59745,-0.59204,-0.85972,-0.2171,-0.12125,0.44738,0.005438,0.24574,0.26644,-0.51021,-0.32422,0.00057715,-0.12253,-0.73692,0.15698,0.19145,0.37611,-0.4297,-0.10187,0.028116,0.064071,1.0781,1.0691,0.12112,0.46011,-0.019955,-0.020499,0.15304,0.50636,0.90731,0.76602,-0.31435,-0.18255,-0.07527,-0.40092,-0.57588,-0.35302,-0.45765,-0.081689,0.19615,0.50401,-0.29059,0.55725,0.49161,-0.018446,0.58928,0.40615,0.070157,0.84512
-0.041362,-0.38388,0.51681,0.36242,0.38934,0.12056,-0.016366,0.32452,0.33203,0.56262,1.2901,0.56525,0.45001,0.45233,0,0.2589,0.36711,1.0619,0.47401,0.87259,0.068223,0.043742,-0.031314,-0.24335,1.1202,0.052309,-0.11551,0.31867,0.032465,0.40398,0.61386,0.45564,0.52033,0.12869,0.70607,1.0268,1.3104,1.353,0.83612,0.29949,-0.21265,-0.2744,-0.55382,-0.33943,0.21964,0.59709,0.43861,0.0361,-0.23659,0.48402,0.20519,0.45069,-0.31779,-0.50917,-0.02395,-0.70437,-0.73617,-0.70297,-0.70736,-0.32976,-0.090817,0.75977,0.37004,0.088752,0.13,0.2485,0.53191,0.58186,0.37759,-0.2474,0.49139,-0.20058,0.29424,-0.089018,0.095793,0.59946,0.067556,0.49147,0.30405,0.29822,0.79483,0.56702,0.73424,-0.40101,0.17029,0.20839,0.74174,0.20889,-0.52431,0.22899,0.21082,-0.22013,-0.14378,-0.078274,0.20938,0.81032,0.38903,0.41872,0.048629,0.16188,0.076504,0.42862,0.013802,-0.31297,0.38976
0.20907,-0.09223,0.04022,0.17914,0.2027,0.29165,0.80786,0.27721,0.39734,-0.060616,0.15656,-0.27982,0.21226,0.11571,0.2589,0,0.1503,0.22615,0.23185,0.39566,0.84469,0.79071,0.56018,0.40564,0.033104,0.00085415,0.43703,0.10844,0.46044,0.064798,0.10044,0.022468,0.18458,0.18756,0.062732,-0.055542,0.0055377,0.096919,0.3618,0.18725,0.82138,0.26907,-0.042381,0.17157,-0.18852,0.083804,-0.15151,-0.054234,0.42425,-0.14861,-0.095038,-0.016991,0.70519,0.20217,0.34241,0.31182,0.22204,0.022697,0.10279,0.1855,0.12441,0.70912,0.82586,0.6491,0.67988,0.024651,0.023182,0.15359,0.3319,0.15205,0.46524,0.034372,0.066942,-0.19007,0.091696,-0.34549,-0.23674,0.14124,0.17761,-0.16748,0.014057,-0.19613,0.16985,0.11639,0.49853,0.097586,0.36712,-0.16544,0.36957,-0.4413,0.6628,0.25892,-0.010981,0.30614,0.21806,0.24049,0.18069,0.29089,0.16537,0.83133,0.35404,0.69374,0.47072,-0.078371,-0.015605
-0.35236,-0.47841,0.31289,0.054463,0.61936,0.24049,-0.17588,-0.046681,0.57116,0.36646,0.35231,0.023867,0.51945,0.43701,0.36711,0.1503,0,0.64893,0.094082,0.34664,0.30701,0.027689,0.092664,-0.12818,0.22521,0.0054747,-0.0053492,-0.042541,-0.11967,-0.27262,-0.20713,-0.050544,0.26057,0.3388,0.066006,0.31669,0.23859,0.20486,0.48971,0.18799,-0.047657,-0.205,-0.14416,-0.13851,0.19762,0.039908,0.22622,-0.50958,-0.32142,0.54339,0.61483,0.04516,-0.42431,-0.39006,-0.34884,-0.38716,-0.27182,-0.24966,-0.13813,-0.14583,0.035618,-0.045102,-0.34821,-0.39837,-0.11459,-0.082321,0.27123,-0.14968,-0.46328,0.015602,-0.14862,0.01916,0.17385,0.077063,0.06486,0.22796,0.13747,0.49369,0.37184,0.61488,0.46867,0.62802,0.38606,-0.20365,0.17738,0.38101,0.57609,-0.21818,-0.71092,0.36176,0.14559,0.010303,0.13767,-0.5397,-0.50488,0.35334,0.018797,-0.054122,-0.059413,0.1557,0.1809,0.11419,-0.14807,-0.0026807,0.16935
-0.20209,-0.4828,0.45909,0.47482,0.32522,0.25476,-0.15247,0.25404,0.57742,0.55354,1.1083,0.49035,1.1411,1.1307,1.0619,0.22615,0.64893,0,0.60536,1.0064,0.28388,0.27351,0.036582,-0.25281,0.68748,0.0074013,-0.056599,-0.045623,-0.24005,0.0069781,0.53731,0.31263,0.87073,0.57448,0.88208,1.0026,0.97199,0.96822,0.47296,0.30995,-0.19487,-0.20426,-0.64302,-0.2572,0.33087,0.48252,0.16404,-0.42404,-0.08041,0.51088,0.31787,0.011761,-0.24822,-0.2997,-0.1682,-0.6714,-0.60848,-0.64518,-0.67833,-0.2396,-0.0024917,0.53241,0.090184,0.039391,0.20922,-0.17418,0.13827,0.25995,0.053898,-0.36565,0.39019,-0.071752,0.45963,-0.26656,0.0028294,0.34783,0.20652,0.94807,0.62987,0.35939,0.82547,0.29902,0.34326,-0.16184,0.3419,0.67829,0.96888,-0.066037,-0.41336,0.1153,-0.0039026,-0.4721,-0.22485,-0.27881,0.062838,0.61148,0.38376,0.18538,0.2688,0.30735,0.052622,0.48643,0.035621,-0.076515,0.86095
0.57255,0.3073,0.33932,0.49607,0.23606,0.60763,-0.014411,0.71482,0.58821,0.61321,0.32691,0.91999,0.47927,0.51596,0.47401,0.23185,0.094082,0.60536,0,0.75512,0.071855,0.23053,0.39804,0.14092,0.7177,0.60535,0.46934,0.43735,0.071342,0.55731,0.30163,0.57026,0.16574,0.058113,0.43332,0.33842,0.32686,0.5165,0.4895,0.87122,0.12351,0.46382,-0.67706,0.0076928,-0.063543,0.29011,-0.04519,0.24074,0.035277,0.17109,0.13149,-0.46064,0.25519,0.14623,-0.16761,-0.29139,-0.49824,-0.66037,-0.34816,0.14392,0.44822,0.3935,0.45986,-0.058011,-0.15193,-0.092351,-0.044714,0.17675,0.49595,-0.28708,0.28449,-0.4125,0.046645,-0.58889,-0.41259,0.31946,0.42636,0.26388,0.23014,-0.21401,0.33387,0.063834,0.16492,0.51284,0.27675,0.3997,0.2879,0.073827,-0.12313,-0.10347,-0.21534,-0.51288,-0.20056,-0.11053,0.47746,0.46524,0.76204,0.2964,0.73885,0.021815,-0.068501,0.00018217,0.20588,-0.20137,0.49449
0.084974,-0.25299,0.44541,0.43733,0.19752,0.33088,0.11893,0.50869,0.37927,0.80544,0.65004,0.69196,0.71427,0.80047,0.87259,0.39566,0.34664,1.0064,0.75512,0,0.33254,0.21731,0.46424,-0.040131,0.63431,0.30784,-0.015424,0.0098266,0.12026,0.24111,0.72281,0.7573,0.49269,0.47394,0.8874,0.84416,0.66795,1.0644,0.51957,0.26343,0.12396,0.044333,-0.55318,-0.066554,0.026088,0.72746,0.26543,0.010739,0.03908,0.27893,0.19648,0.19195,-0.053294,-0.31912,-0.18827,-0.23388,-0.47896,-0.46073,-0.44413,-0.26718,0.035296,0.79315,0.45638,0.26118,0.32992,0.23156,0.28659,0.36421,0.43074,-0.2004,0.50451,-0.10837,0.62839,-0.083631,0.2862,0.087014,-0.028502,0.50552,0.39398,-0.10673,0.39568,0.24418,0.53313,0.15383,0.45636,0.23137,0.5612,0.25764,-0.068956,0.18782,0.047305,-0.13581,0.048457,-0.45182,0.25563,0.41303,0.5549,0.048399,0.25844,0.5789,0.27709,0.42639,0.25823,-0.37305,0.40628
0.16389,-0.060311,-0.40541,-0.29422,0.25951,0.47382,0.88351,0.49889,0.50317,0.18717,0.081288,-0.24386,0.25277,0.24243,0.068223,0.84469,0.30701,0.28388,0.071855,0.33254,0,1.119,0.9169,0.6957,-0.089852,0.21797,0.33171,0.014833,0.51794,-0.041281,0.045287,0.1731,0.072832,0.29684,0.15266,0.053177,-0.20855,0.043897,0.22068,0.1732,1.031,0.4465,0.23389,0.64355,-0.098674,0.1952,-0.068919,-0.53456,0.74727,-0.068341,-0.0011914,-0.10984,0.41498,0.10011,-0.20905,0.5041,0.45329,0.081379,0.17143,0.19984,0.2347,0.41228,0.37488,0.4218,0.96388,-0.097205,-0.23751,0.070785,0.15736,0.39695,0.70644,0.0045263,0.25524,-0.11875,0.046654,-0.57515,-0.18648,0.059092,0.0026781,-0.34993,-0.32274,-0.13337,-0.14982,-0.10447,-0.019933,-0.077879,0.0026439,0.030472,0.35793,-0.36255,0.50167,0.06043,-0.074306,0.14849,0.056192,-0.21792,-0.36302,-0.064639,-0.035688,0.85747,0.9423,0.35676,0.1325,-0.1266,0.09459
0.29532,0.17052,-0.15299,0.098417,0.072192,0.5576,0.4851,0.40125,0.58165,0.14216,0.06803,-0.12014,0.37676,0.28925,0.043742,0.79071,0.027689,0.27351,0.23053,0.21731,1.119,0,0.5456,0.76689,0.015833,0.18919,0.52399,-0.014096,0.26114,0.0029341,0.11334,0.082372,0.20575,0.28958,0.15203,-0.051558,-0.17382,-0.060199,-0.025124,0.25,0.67556,0.5962,0.11176,0.57385,-0.056225,0.0033938,-0.32595,-0.45581,1.2863,-0.060908,-0.066198,-0.32261,0.80745,0.61647,0.20975,0.41338,0.37779,-0.077707,0.030179,0.65152,0.5295,0.45619,0.49297,0.56193,0.83505,-0.41349,-0.53342,0.25528,0.33822,0.14847,0.58909,-0.054107,0.090542,-0.55941,-0.28502,-0.31527,0.2038,0.2376,0.16883,-0.30815,-0.13212,-0.27492,-0.44861,0.14146,0.00039487,0.20273,0.046614,-0.24828,0.50629,-0.70039,0.35839,-0.23347,-0.25487,0.54984,0.34087,-0.061722,-0.060382,0.071372,0.42581,0.58274,0.45618,0.38681,0.17503,0.29366,0.48828
0.73544,0.39794,-0.35516,-0.3447,0.30131,0.68249,0.82747,0.88552,0.47866,0.45072,-0.21481,0.13099,-0.044432,0.019352,-0.031314,0.56018,0.092664,0.036582,0.39804,0.46424,0.9169,0.5456,0,0.94811,0.083537,0.89205,0.58237,0.31931,0.88094,0.36234,0.0017649,0.64187,-0.38413,-0.031328,0.046206,-0.025942,-0.40391,0.045179,0.39143,0.41948,1.394,0.9366,0.24351,0.90451,-0.28067,0.35281,0.11369,0.089479,0.55579,-0.11283,0.014348,-0.13032,0.49235,0.10348,-0.4189,0.6964,0.36983,0.084927,0.36795,0.25722,0.47242,0.25242,0.48995,0.19935,0.43844,0.27882,-0.04935,0.069569,0.45653,0.5475,0.5704,-0.18838,0.27195,0.024574,0.092637,-0.43803,-0.08778,-0.33644,-0.32078,-0.81648,-0.54676,-0.057067,-0.008331,0.28769,-0.091826,-0.40575,-0.33496,0.42184,0.39022,-0.10348,0.32482,0.1526,0.16363,-0.094591,0.20299,-0.27006,-0.13419,-0.087898,0.029737,0.54319,0.90708,-0.11761,0.086938,-0.425,-0.18126
0.8161,0.91847,-0.41643,-0.41676,0.25123,0.78505,0.63068,0.73989,0.56293,0.24973,-0.52547,-0.076495,-0.29354,-0.37884,-0.24335,0.40564,-0.12818,-0.25281,0.14092,-0.040131,0.6957,0.76689,0.94811,0,0.03265,0.8621,0.96322,0.43968,0.88884,0.46741,-0.33873,0.36937,-0.64756,-0.41198,-0.39982,-0.44723,-0.76036,-0.36635,0.15671,0.54628,1.0766,1.5475,0.4632,1.5331,-0.33151,-0.075924,0.062402,0.11408,0.95011,-0.081601,-0.045812,-0.25126,0.68759,0.60525,-0.071124,0.8764,0.71165,0.17162,0.60783,0.81867,0.93627,0.022987,0.4032,0.066545,0.2919,0.098831,-0.16067,0.20117,0.514,0.78482,0.41156,-0.39128,-0.077428,-0.16644,-0.20514,-0.2537,0.27819,-0.44923,-0.55718,-0.60119,-0.55187,-0.05173,-0.29567,0.20913,-0.45262,-0.44971,-0.62101,0.2224,0.4858,-0.32522,0.50353,0.078759,0.12961,0.49879,0.42236,-0.25067,-0.34546,0.15344,0.071993,0.09038,0.64699,-0.32629,-0.20189,0.02255,-0.051837
0.31825,0.14236,0.56985,0.27101,0.59189,0.46782,-0.18585,0.50374,0.57684,0.82934,0.57893,0.79493,0.24622,0.20371,1.1202,0.033104,0.22521,0.68748,0.7177,0.63431,-0.089852,0.015833,0.083537,0.03265,0,0.52664,0.24186,0.54277,0.18078,0.75972,0.33304,0.83192,0.10724,-0.21767,0.36016,0.58396,0.6807,0.74348,0.7533,0.57578,-0.18996,0.094323,-0.40738,-0.031558,0.084105,0.45452,0.66366,0.29923,-0.092464,0.74917,0.42017,0.2621,-0.14438,-0.1442,-0.031697,-0.48055,-0.58954,-0.59347,-0.36522,0.071096,0.39042,0.41132,0.31191,-0.23165,-0.17746,0.36765,0.51426,0.83045,0.64835,0.018436,0.36065,-0.54004,0.22092,-0.13685,-0.097731,1.0083,0.55155,0.25073,0.037164,0.20509,0.68901,0.76754,0.53462,-0.1342,-0.15287,0.082912,0.27923,0.35876,-0.4792,0.39658,0.065272,-0.24042,0.054559,0.019127,0.37445,0.83046,0.39348,0.53877,0.16853,-0.1546,-0.043969,-0.083902,-0.35481,-0.19502,0.36906
1.053,0.96068,-0.07288,-0.25814,0.48672,0.98528,0.18908,0.98695,0.63055,0.83054,-0.29584,0.56292,-0.15745,-0.15628,0.052309,0.00085415,0.0054747,0.0074013,0.60535,0.30784,0.21797,0.18919,0.89205,0.8621,0.52664,0,0.7378,0.63183,0.7044,0.83808,-0.15694,1.0302,-0.63529,-0.45417,-0.11151,-0.046937,-0.32032,0.027257,0.45728,0.80117,0.50263,1.132,0.1026,0.82861,-0.28111,0.2123,0.40999,0.40359,0.3166,0.26973,0.27575,-0.14543,0.2509,0.22047,-0.4207,0.30598,0.077152,-0.16027,0.29358,0.46754,0.99686,-0.0075412,0.27645,-0.31081,-0.14334,0.37194,0.12575,0.30891,0.63717,0.54072,0.27407,-0.64027,0.085957,-0.073164,-0.1635,0.20097,0.50926,-0.36955,-0.48152,-0.49008,-0.22949,0.31125,0.022771,0.34299,-0.45878,-0.39781,-0.51366,0.5423,0.024753,0.20882,0.080264,-0.054694,0.28448,-0.035298,0.35346,-0.011948,0.0015604,0.11547,0.15261,-0.14424,0.37692,-0.71412,-0.38179,-0.23604,-0.0054142
0.90568,0.9494,-0.096723,-0.082021,0.44325,0.76972,0.29078,0.49996,0.99209,0.064596,-0.42667,-0.049969,-0.15754,-0.29056,-0.11551,0.43703,-0.0053492,-0.056599,0.46934,-0.015424,0.33171,0.52399,0.58237,0.96322,0.24186,0.7378,0,0.51681,0.49354,0.424,-0.4442,0.24637,-0.52223,-0.45971,-0.45788,-0.4348,-0.51837,-0.349,0.33883,0.91992,0.68392,1.1065,0.21053,0.76457,-0.11414,-0.09682,0.053134,0.26924,0.46469,0.060874,0.068559,-0.50862,0.78572,0.75302,0.097376,0.42299,0.43719,0.098814,0.61644,0.8808,1.045,-0.12229,0.26375,-0.1426,-0.034258,0.00052451,-0.018723,0.067158,0.33959,0.53929,0.19039,-0.36132,-0.076291,-0.21543,-0.27894,0.07989,0.58207,-0.29337,-0.38852,-0.19949,-0.095702,-0.1093,-0.15399,0.40116,-0.11188,-0.04943,-0.20944,0.024005,0.24384,-0.22577,0.45002,-0.033048,0.11219,0.41682,0.35344,0.16509,0.029472,0.51705,0.26382,-0.098722,0.13232,-0.38281,-0.27444,0.13031,0.067777
0.76735,0.56375,-0.21248,-0.30034,0.45123,0.35342,0.36088,0.7857,0.32023,0.27765,0.056819,0.34309,-0.44712,-0.4025,0.31867,0.10844,-0.042541,-0.045623,0.43735,0.0098266,0.014833,-0.014096,0.31931,0.43968,0.54277,0.63183,0.51681,0,0.57907,1.213,-0.17294,0.33359,-0.5515,-0.87086,-0.16347,0.022483,-0.011413,0.19972,0.88563,0.94362,0.29235,0.49804,-0.022285,0.26015,-0.11793,0.14337,0.23834,0.58013,-0.10526,-0.0066302,-0.099613,-0.098013,0.030714,-0.091237,-0.31379,-0.069147,-0.076581,-0.31984,0.052589,0.15013,0.33047,0.06169,0.36731,-0.3169,-0.29465,0.30446,0.27683,0.1285,0.44054,0.22526,0.34916,-0.59937,-0.37177,-0.15797,-0.43586,0.3477,0.17186,-0.50699,-0.58563,-0.25458,-0.085089,0.31131,0.28911,-0.176,-0.41732,-0.41257,-0.26011,0.47617,-0.2937,-0.10605,0.26452,-0.16918,-0.22187,0.31095,0.41305,0.22641,-0.046449,0.59935,-0.053837,-0.41083,0.2489,-0.36673,-0.12884,-0.53336,-0.18031
0.58307,0.50327,-0.32074,-0.60982,0.54059,0.63044,0.98471,0.80748,0.26467,0.27155,-0.32936,-0.09669,-0.42026,-0.52879,0.032465,0.46044,-0.11967,-0.24005,0.071342,0.12026,0.51794,0.26114,0.88094,0.88884,0.18078,0.7044,0.49354,0.57907,0,0.76616,-0.24846,0.62486,-0.59919,-0.60517,-0.31137,-0.29995,-0.36555,-0.076418,0.49409,0.34985,0.9278,0.68604,0.21194,0.7148,-0.72185,0.047584,0.50112,0.39119,0.35669,0.090793,0.131,0.19355,0.3608,0.074761,-0.14561,0.60256,0.38189,0.19347,0.54514,0.20814,0.41429,0.31848,0.70714,0.0029949,0.2114,0.75541,0.35599,0.41248,0.72814,1.0142,0.46178,-0.63504,-0.086088,0.13077,0.12476,-0.17623,-0.11911,-0.53017,-0.61901,-0.44918,-0.4,0.19838,0.25229,-0.044555,-0.35422,-0.83743,-0.50624,0.59736,0.25831,0.08114,0.45988,0.59224,0.4537,0.30173,0.34921,-0.012993,-0.33043,0.32446,-0.32554,0.13833,0.51684,-0.18534,-0.20605,-0.46209,-0.49373
0.74142,0.6982,-0.017539,-0.1598,0.36207,0.51824,0.32498,1.086,0.25175,0.52534,0.025052,0.5581,-0.31229,-0.33398,0.40398,0.064798,-0.27262,0.0069781,0.55731,0.24111,-0.041281,0.0029341,0.36234,0.46741,0.75972,0.83808,0.424,1.213,0.76616,0,0.039625,0.81456,-0.42576,-0.84873,-0.034165,0.04265,0.09499,0.32722,0.65026,0.80208,0.21883,0.57925,-0.2273,0.30585,-0.39784,0.18907,0.47287,0.80182,0.059365,0.15524,0.0064257,0.046134,0.083925,0.013929,-0.16364,-0.0042833,-0.14233,-0.30117,0.024974,0.13269,0.43235,0.32135,0.6665,-0.21973,-0.21465,0.56074,0.4017,0.54472,1.0339,0.27961,0.45745,-0.99138,-0.21355,-0.18595,-0.25166,0.36779,0.2334,-0.34788,-0.51218,-0.34269,0.0055698,0.36658,0.38864,-0.02002,-0.38137,-0.45614,-0.30843,0.70533,-0.075789,0.043132,0.12294,-0.05114,0.037593,0.33742,0.82977,0.33586,0.093685,0.66257,0.0085694,-0.35604,0.14502,-0.30934,-0.18984,-0.51525,-0.05145
-0.080641,-0.42192,0.17311,0.42018,-0.44166,-0.31158,0.015389,0.12778,-0.23633,0.24189,0.85595,0.50471,0.37722,0.64701,0.61386,0.10044,-0.20713,0.53731,0.30163,0.72281,0.045287,0.11334,0.0017649,-0.33873,0.33304,-0.15694,-0.4442,-0.17294,-0.24846,0.039625,0,0.34725,0.60526,0.53014,1.3897,0.99659,0.82882,1.0551,-0.024143,-0.22864,-0.18127,-0.30625,-0.28594,-0.25399,0.379,0.93644,-0.037112,-0.031457,0.11253,-0.16183,-0.35175,0.31156,-0.10306,-0.34268,0.038385,-0.19514,-0.35864,-0.25734,-0.73132,-0.41643,-0.40736,0.66787,0.31616,0.7019,0.53419,0.035131,-0.061644,0.33963,0.36291,-0.53632,0.64264,0.31365,0.64173,-0.023768,0.24194,-0.049257,-0.29592,0.32173,0.30966,-0.27228,0.15916,-0.11188,0.15246,-0.12679,0.25823,0.14176,0.35352,0.26291,0.17465,-0.11147,-0.11618,-0.37389,-0.42479,-0.15162,0.29567,0.032473,0.33827,-0.12167,0.14371,0.5343,0.16526,0.58723,0.4339,-0.30777,0.35429
0.51784,0.3742,0.13139,-0.10518,0.38629,0.62552,0.1825,0.90075,0.37215,0.99439,0.10115,0.6978,0.056997,0.08238,0.45564,0.022468,-0.050544,0.31263,0.57026,0.7573,0.1731,0.082372,0.64187,0.36937,0.83192,1.0302,0.24637,0.33359,0.62486,0.81456,0.34725,0,-0.185,-0.21108,0.31719,0.34978,0.17855,0.51101,0.4551,0.39951,0.23825,0.45123,-0.14572,0.44081,-0.24084,0.59895,0.78084,0.37941,0.22618,0.4325,0.29879,0.26648,0.028495,-0.094763,-0.30374,0.1193,-0.1482,-0.16785,0.01666,0.029781,0.4394,0.39945,0.45079,-0.072547,0.093471,0.70641,0.40083,0.74551,0.96158,0.38917,0.56047,-0.5662,0.46697,0.10244,0.21759,0.23373,0.21935,-0.088068,-0.26286,-0.35351,0.033591,0.41456,0.35145,0.094226,-0.26392,-0.36108,-0.20512,0.85897,0.049295,0.45047,0.026213,0.053371,0.36422,-0.14956,0.4622,0.17881,0.10151,0.17098,-0.023964,0.1012,0.3093,-0.25502,-0.33431,-0.45066,0.07769
-0.64114,-0.90578,0.52985,0.81051,-0.1368,-0.1359,-0.26274,-0.25578,-0.041982,0.079224,0.90623,0.15633,1.2906,1.1711,0.52033,0.18458,0.26057,0.87073,0.16574,0.49269,0.072832,0.20575,-0.38413,-0.64756,0.10724,-0.63529,-0.52223,-0.5515,-0.59919,-0.42576,0.60526,-0.185,0,1.0621,0.85903,0.60373,0.93153,0.55464,-0.11881,-0.28334,-0.4533,-0.61464,-0.74668,-0.75127,0.1655,0.074105,-0.28752,-0.59963,-0.075916,0.21119,0.14451,0.044095,-0.14452,-0.16305,0.25668,-0.66538,-0.62262,-0.49513,-0.95276,-0.30887,-0.36017,0.6241,0.098345,0.38289,0.30074,-0.46445,-0.17705,0.14406,-0.1344,-0.84028,0.048173,0.19862,0.16448,-0.42386,-0.023781,0.087861,-0.066831,1.4808,1.4231,0.42453,0.72134,-0.041663,0.077188,-0.052994,0.63773,0.97643,1.0858,-0.51599,-0.17451,-0.11735,-0.29417,-0.32049,-0.30077,-0.13516,-0.056668,0.40752,0.50476,-0.080479,0.40455,0.40979,-0.29473,1.0868,0.44335,0.23444,0.74425
-0.46427,-0.83039,0.25065,0.53946,-0.2815,-0.16557,-0.17992,-0.3357,-0.053112,0.073122,0.4881,0.070652,1.0323,1.2693,0.12869,0.18756,0.3388,0.57448,0.058113,0.47394,0.29684,0.28958,-0.031328,-0.41198,-0.21767,-0.45417,-0.45971,-0.87086,-0.60517,-0.84873,0.53014,-0.21108,1.0621,0,0.78635,0.51113,0.36629,0.29581,-0.28622,-0.45543,-0.12148,-0.39792,-0.23531,-0.36361,0.30671,0.19903,-0.47977,-0.82141,0.094595,-0.029341,0.060103,-0.026443,-0.016591,-0.13907,0.026608,-0.20889,-0.27939,-0.23546,-0.57161,-0.21135,-0.31332,0.31403,-0.10512,0.53954,0.50803,-0.54887,-0.44804,-0.16843,-0.35116,-0.629,-0.0081389,0.62889,0.42674,-0.17732,0.14726,-0.27772,-0.19645,0.82868,1.0793,0.086716,0.19039,-0.24797,-0.2018,0.16416,0.61707,0.69947,0.63992,-0.51065,0.043699,-0.12464,-0.25126,-0.25463,-0.22821,-0.47555,-0.36892,-0.1015,0.32149,-0.64918,0.38642,0.80641,0.042538,0.7314,0.5507,0.24435,0.47274
-0.10608,-0.5515,0.18635,0.41874,-0.16719,-0.10718,-0.043,0.17337,-0.059388,0.41606,1.0997,0.63616,0.71422,1.1262,0.70607,0.062732,0.066006,0.88208,0.43332,0.8874,0.15266,0.15203,0.046206,-0.39982,0.36016,-0.11151,-0.45788,-0.16347,-0.31137,-0.034165,1.3897,0.31719,0.85903,0.78635,0,1.4178,0.9522,1.2043,0.11941,-0.11471,-0.19922,-0.31446,-0.45525,-0.33589,0.35633,0.82134,-0.098161,-0.2739,0.0099201,0.032198,-0.081957,0.16773,-0.19359,-0.44905,-0.20132,-0.4367,-0.60145,-0.56244,-1.0055,-0.41459,-0.32536,0.67576,0.21493,0.48855,0.45743,-0.13209,-0.15053,0.21645,0.16832,-0.65602,0.53291,0.21911,0.54324,-0.19125,0.07878,0.036994,-0.1838,0.53216,0.54216,-0.14578,0.2615,-0.035065,0.10092,-0.10898,0.26328,0.32254,0.48604,0.12535,-0.09593,-0.042699,-0.27592,-0.54476,-0.4843,-0.33719,0.087202,0.089463,0.37854,-0.21909,0.2716,0.53015,0.15423,0.58249,0.41426,-0.27877,0.53002
-0.13614,-0.59459,0.22805,0.26461,0.041428,-0.15802,-0.14937,0.14994,0.06289,0.50887,1.3224,0.67436,0.50656,0.80493,1.0268,-0.055542,0.31669,1.0026,0.33842,0.84416,0.053177,-0.051558,-0.025942,-0.44723,0.58396,-0.046937,-0.4348,0.022483,-0.29995,0.04265,0.99659,0.34978,0.60373,0.51113,1.4178,0,1.1233,1.5236,0.40518,0.0063941,-0.30631,-0.42792,-0.3233,-0.33608,0.59682,1.0456,0.18511,-0.19544,-0.23122,0.19556,0.0097007,0.36968,-0.51838,-0.78023,-0.3536,-0.6203,-0.66935,-0.58903,-0.88933,-0.52069,-0.34324,0.43233,0.002884,0.19773,0.26245,0.045461,0.16155,0.20051,0.048876,-0.48571,0.48151,0.20848,0.6346,0.054381,0.18961,0.28297,-0.11147,0.41302,0.33476,0.06561,0.39296,0.26991,0.34212,-0.37525,0.11374,0.19527,0.53419,0.2718,-0.42059,0.20277,-0.067198,-0.5063,-0.40034,-0.46562,-0.046315,0.20911,0.25338,-0.10458,0.033198,0.31401,0.23762,0.35712,0.13629,-0.38373,0.42167
-0.3881,-0.70432,0.60864,0.57882,0.057384,-0.20384,-0.28175,-0.010864,-0.040367,0.30806,1.5677,0.51682,0.60856,0.67378,1.3104,0.0055377,0.23859,0.97199,0.32686,0.66795,-0.20855,-0.17382,-0.40391,-0.76036,0.6807,-0.32032,-0.51837,-0.011413,-0.36555,0.09499,0.82882,0.17855,0.93153,0.36629,0.9522,1.1233,0,1.3292,0.34038,-0.037601,-0.63627,-0.70159,-0.7963,-0.81607,0.28978,0.47061,0.20217,-0.071178,-0.42921,0.35218,0.11862,0.38406,-0.50879,-0.59873,0.056757,-1.0452,-1.012,-0.64255,-1.0912,-0.58739,-0.43108,0.63157,0.15342,0.11446,0.030908,0.052685,0.33559,0.38158,0.12496,-0.66127,0.23974,-0.0097853,0.2569,-0.12344,0.087531,0.5133,-0.060781,0.73856,0.58763,0.43096,0.94587,0.36595,0.59901,-0.36419,0.33908,0.44605,0.92372,0.041732,-0.51868,0.20462,-0.16582,-0.31463,-0.27502,-0.20281,0.10486,0.70897,0.51155,0.23005,0.09882,0.10957,-0.2285,0.60745,0.17876,-0.2181,0.46472
-0.081289,-0.46141,0.28465,0.30651,0.056937,-0.069874,0.027385,0.38476,0.05263,0.55702,1.3164,0.75648,0.44916,0.65103,1.353,0.096919,0.20486,0.96822,0.5165,1.0644,0.043897,-0.060199,0.045179,-0.36635,0.74348,0.027257,-0.349,0.19972,-0.076418,0.32722,1.0551,0.51101,0.55464,0.29581,1.2043,1.5236,1.3292,0,0.55983,0.16321,-0.22303,-0.31163,-0.5841,-0.35412,0.28248,0.93767,0.27856,0.037786,-0.25273,0.16527,-0.046259,0.34843,-0.44311,-0.74308,-0.27494,-0.59598,-0.71718,-0.59864,-0.84244,-0.62693,-0.33855,0.70317,0.29786,0.18982,0.20224,0.21542,0.33939,0.33592,0.3117,-0.4406,0.61399,-0.045325,0.45869,-0.028515,0.16807,0.26653,-0.18675,0.39263,0.27099,0.00064777,0.46143,0.31599,0.63579,-0.32547,0.22004,0.1431,0.56912,0.40085,-0.33288,0.14263,-0.027665,-0.36269,-0.32372,-0.31616,0.2502,0.4093,0.36158,0.15782,0.020087,0.26592,0.19274,0.45467,0.23182,-0.60537,0.35622
0.37713,0.015954,0.10186,-0.1225,0.88403,0.38893,0.3245,0.60003,0.60318,0.46368,0.417,0.34087,0.0071066,0.00049107,0.83612,0.3618,0.48971,0.47296,0.4895,0.51957,0.22068,-0.025124,0.39143,0.15671,0.7533,0.45728,0.33883,0.88563,0.49409,0.65026,-0.024143,0.4551,-0.11881,-0.28622,0.11941,0.40518,0.34038,0.55983,0,0.75923,0.27891,0.15019,-0.20275,0.038282,0.013223,0.40252,0.50831,0.25691,-0.32556,0.34486,0.24593,0.19757,-0.14969,-0.45228,-0.37563,-0.31484,-0.33217,-0.45474,-0.094957,-0.15887,0.15116,0.31067,0.32449,-0.22709,-0.082896,0.43678,0.66143,0.17245,0.25704,0.20115,0.3633,-0.37189,0.047361,0.072896,0.031068,0.41732,0.043984,-0.075128,-0.16212,0.088328,0.27899,0.52033,0.71884,-0.26219,0.0019,-0.15697,0.27782,0.36063,-0.57568,0.26505,0.46429,0.028181,0.050425,-0.13248,0.046869,0.52143,0.11358,0.48431,-0.14215,0.0022803,0.30339,-0.04578,-0.12914,-0.57176,-0.088713
0.66255,0.64801,-0.018127,-0.01135,0.48313,0.73228,0.1688,0.93638,0.93821,0.42617,0.019196,0.44613,0.036918,-0.023185,0.29949,0.18725,0.18799,0.30995,0.87122,0.26343,0.1732,0.25,0.41948,0.54628,0.57578,0.80117,0.91992,0.94362,0.34985,0.80208,-0.22864,0.39951,-0.28334,-0.45543,-0.11471,0.0063941,-0.037601,0.16321,0.75923,0,0.31139,0.78244,-0.25814,0.38052,-0.067762,0.057359,0.14787,0.27164,0.049733,0.16435,0.064025,-0.53054,0.15413,0.20671,-0.30831,-0.11774,-0.069047,-0.4009,0.08641,0.29631,0.66555,0.019163,0.24691,-0.41248,-0.27679,-0.020786,0.14739,0.033654,0.32563,0.15217,0.28671,-0.66875,-0.18248,-0.39867,-0.47618,0.32853,0.54787,-0.087358,-0.26293,-0.10617,0.16041,0.1771,0.16725,0.16524,-0.097394,0.07257,0.019987,0.17987,-0.20901,-0.15617,0.23552,-0.39336,-0.1402,0.17764,0.49882,0.38755,0.14991,0.65014,0.26947,-0.35281,0.14344,-0.32857,-0.18929,-0.1888,0.31566
0.66529,0.38552,-0.56839,-0.44738,0.20969,0.46758,1.2414,0.592,0.37214,0.02318,-0.36082,-0.26039,-0.23328,-0.22155,-0.21265,0.82138,-0.047657,-0.19487,0.12351,0.12396,1.031,0.67556,1.394,1.0766,-0.18996,0.50263,0.68392,0.29235,0.9278,0.21883,-0.18127,0.23825,-0.4533,-0.12148,-0.19922,-0.30631,-0.63627,-0.22303,0.27891,0.31139,0,0.86935,0.43899,0.91116,-0.28956,0.11959,-0.072306,0.04225,0.6409,-0.33146,-0.17828,-0.17838,0.76017,0.26198,-0.16354,0.95015,0.68882,0.27622,0.57455,0.33827,0.36686,0.1902,0.52653,0.35809,0.57521,0.15488,-0.13924,-0.062391,0.32079,0.64335,0.50717,-0.053497,0.068313,0.029454,0.071565,-0.64989,-0.22651,-0.48328,-0.40333,-0.74975,-0.71865,-0.31461,-0.15472,0.19632,-0.047097,-0.44662,-0.35598,0.20337,0.57526,-0.35665,0.59524,0.28947,0.10235,0.20038,0.14455,-0.36255,-0.29704,0.0028376,-0.063511,0.5496,0.81541,-0.016046,0.15519,-0.26157,-0.33535
1.0848,1.2705,-0.30813,-0.22408,0.19389,0.91994,0.43816,0.87903,0.58308,0.33079,-0.55411,0.17316,-0.18818,-0.24046,-0.2744,0.26907,-0.205,-0.20426,0.46382,0.044333,0.4465,0.5962,0.9366,1.5475,0.094323,1.132,1.1065,0.49804,0.68604,0.57925,-0.30625,0.45123,-0.61464,-0.39792,-0.31446,-0.42792,-0.70159,-0.31163,0.15019,0.78244,0.86935,0,0.20187,1.1277,-0.3814,-0.09278,-0.049665,0.25039,0.73156,-0.10074,-0.035765,-0.53396,0.73413,0.70446,-0.14955,0.64741,0.4513,0.01537,0.47997,0.80451,1.0952,-0.017099,0.40945,-0.044684,0.064549,0.0042374,-0.24702,0.0977,0.54606,0.49825,0.28916,-0.50122,-0.15095,-0.34676,-0.37834,-0.16637,0.41951,-0.39965,-0.4518,-0.70108,-0.46917,-0.13763,-0.32448,0.52532,-0.30662,-0.26888,-0.58266,0.19186,0.43105,-0.33195,0.19973,-0.096869,0.075177,0.34583,0.52353,-0.18647,-0.077157,0.15417,0.3212,-0.047314,0.3902,-0.45179,-0.10786,0.0013758,0.056714
0.24215,0.23843,-0.65234,-0.73526,-0.078257,-0.19059,0.24072,-0.19607,-0.052935,-0.33463,-0.54195,-0.55852,-0.77015,-0.62374,-0.55382,-0.042381,-0.14416,-0.64302,-0.67706,-0.55318,0.23389,0.11176,0.24351,0.4632,-0.40738,0.1026,0.21053,-0.022285,0.21194,-0.2273,-0.28594,-0.14572,-0.74668,-0.23531,-0.45525,-0.3233,-0.7963,-0.5841,-0.20275,-0.25814,0.43899,0.20187,0,0.70868,0.30407,0.10148,0.047094,-0.044823,0.37025,-0.31879,-0.26054,0.19098,0.19021,0.12265,-0.055509,0.85242,0.97896,0.72019,0.72187,0.32908,0.096317,-0.56497,-0.32914,0.1279,0.29916,0.13406,-0.13388,-0.1843,-0.18442,0.67242,0.072328,0.46341,0.22668,0.62305,0.28228,-0.34967,-0.12713,-0.82638,-0.72647,-0.30893,-0.83283,-0.19091,-0.43911,-0.21231,-0.56675,-0.70455,-0.70543,0.19597,0.35602,-0.027399,0.51624,0.25615,0.093002,0.13916,-0.32859,-0.81168,-0.82341,-0.31496,-0.48433,0.11507,0.54447,-0.43093,-0.33317,0.078555,-0.53768
0.65518,0.80135,-0.60578,-0.6453,0.16171,0.54789,0.52752,0.6161,0.47327,0.19168,-0.57912,-0.12553,-0.37078,-0.371,-0.33943,0.17157,-0.13851,-0.2572,0.0076928,-0.066554,0.64355,0.57385,0.90451,1.5331,-0.031558,0.82861,0.76457,0.26015,0.7148,0.30585,-0.25399,0.44081,-0.75127,-0.36361,-0.33589,-0.33608,-0.81607,-0.35412,0.038282,0.38052,0.91116,1.1277,0.70868,0,-0.11279,0.12315,0.19921,0.043269,0.90014,-0.10308,-0.097267,-0.18358,0.46069,0.43914,-0.24238,1.0538,0.94764,0.40986,0.78321,0.59529,0.70479,-0.18332,0.11927,0.0078285,0.34203,0.17147,-0.13169,0.11521,0.34789,0.96993,0.47327,-0.20921,0.21414,0.11932,0.024842,-0.34512,0.20124,-0.57754,-0.77499,-0.6227,-0.69435,-0.10707,-0.34222,0.08762,-0.59118,-0.57852,-0.78521,0.42598,0.55836,-0.1578,0.4662,0.070596,0.1629,0.29171,0.2903,-0.46241,-0.5953,0.031002,-0.15474,0.10207,0.76173,-0.48048,-0.40546,-0.056959,-0.09536
-0.13233,-0.33917,-0.055725,0.11437,-0.25638,-0.56738,-0.3474,-0.33932,0.074728,-0.183,0.44442,0.058586,0.058289,0.27034,0.21964,-0.18852,0.19762,0.33087,-0.063543,0.026088,-0.098674,-0.056225,-0.28067,-0.33151,0.084105,-0.28111,-0.11414,-0.11793,-0.72185,-0.39784,0.379,-0.24084,0.1655,0.30671,0.35633,0.59682,0.28978,0.28248,0.013223,-0.067762,-0.28956,-0.3814,0.30407,-0.11279,0,0.60424,-0.11122,-0.26898,-0.14712,-0.17709,-0.36155,0.055135,-0.306,-0.27774,-0.10829,-0.24397,-0.017338,-0.018826,-0.23131,-0.16572,-0.30747,-0.33328,-0.60489,0.12254,0.15337,-0.30942,-0.093018,-0.30137,-0.47135,-0.32745,0.15394,0.84451,0.58068,0.28979,0.1612,0.13308,0.022153,0.046238,0.013014,0.16386,0.12732,-0.13796,-0.12481,-0.34917,0.029189,0.2218,0.30878,-0.032797,-0.17988,-0.057994,0.2192,-0.58704,-0.56517,-0.22134,-0.29708,-0.12744,-0.055673,-0.1352,-0.075106,0.069508,0.14593,0.025398,-0.058875,0.057355,0.27447
