,,,,,,,,,,,,,,,,,,,,,,,,,,,,,,,,,,,,,,,,,,,,,,,,,,,,,,,,,,,,,,,,,,,,,,,,,,,,,,,,,,,,,,,,,,,,,,,,,,,,,,,,
0,0.76504,0.42883,0.45782,0.91756,1.2539,-0.51588,0.85081,0.58567,1.2215,-0.39827,1.2618,1.6922,0.98755,0.14425,-0.5892,-0.16988,1.5519,1.9488,0.60507,-0.30097,-0.30041,0.5021,0.1798,0.61386,2.2244,0.484,-0.00049928,0.066521,0.41192,0.18765,0.81272,-0.17999,0.34493,0.5703,0.43119,0.012542,0.23501,0.49993,0.54977,0.046619,1.3298,-0.44771,0.19098,-0.27683,0.25471,0.15069,0.36033,-0.026639,0.6561,1.188,-0.12024,0.8492,0.20563,-0.24023,-0.33857,-1.0092,-1.1143,-0.64509,0.34996,0.82053,0.1488,0.22705,-0.13278,-0.41839,0.11916,-0.18639,0.20195,0.3803,-0.45155,-0.34335,-0.26934,0.25089,-0.23641,-0.083441,0.45516,0.51136,0.10286,0.74516,-0.51297,0.054128,0.10845,-0.24749,1.7516,0.13762,0.18926,-0.98659,0.1071,-0.32517,0.90164,-1.1413,-0.3256,0.68294,-0.50739,-0.1215,0.01682,0.81911,-0.52386,1.0028,0.03143,-0.22967,-0.97245,-0.1466,0.096887,0.2949
0.76504,0,0.77333,0.89102,1.0128,1.7396,-1.3044,0.16166,0.75899,0.51288,-0.66102,0.62161,1.1061,0.031649,0.1556,-0.88878,-0.60881,0.3178,0.75006,-0.070866,-0.90258,0.19911,-0.3898,0.37591,0.82697,0.5921,0.9402,0.63944,-0.26849,0.67877,-0.24952,0.26235,0.32147,-0.52306,-0.16152,-0.3641,0.098961,-0.28847,-0.31704,0.93427,-0.72824,0.9891,-0.86523,-0.2602,-0.61162,-0.58536,0.00050927,0.30236,0.67059,1.7563,1.6174,-0.30611,1.7172,1.3449,0.49095,-1.5025,-0.90969,-2.0173,-0.86349,1.5185,2.6337,0.12099,0.2853,-0.59076,-1.3102,-0.247,-0.27361,0.58455,0.48625,-0.73145,-0.98333,-1.1627,-0.58118,-1.3762,-0.83288,1.6376,1.9253,0.9507,1.3593,0.36406,0.8583,0.44187,-0.49739,0.80563,-0.52718,0.99119,-0.27019,-0.54086,-0.60321,0.24423,-0.88513,-0.63107,0.39132,0.36474,0.3472,0.69954,0.74845,0.28563,2.039,-0.89211,-1.2655,-0.72711,-1.0396,1.0504,1.525
0.42883,0.77333,0,3.0712,0.068707,0.63877,-0.81643,0.28348,-0.1574,0.86771,0.22071,0.9484,0.77703,0.05099,1.0682,-0.40133,-1.5611,0.29507,0.70957,0.43264,-1.7259,-0.44362,-0.29768,-0.41093,2.3052,0.49433,-0.036479,-0.047954,0.21924,1.601,0.5186,0.8173,1.112,-0.40134,0.32168,0.095081,1.114,0.41342,-0.37648,-0.041098,-0.98497,0.1743,-2.1259,-1.131,-1.3658,-0.082159,0.86515,1.3641,0.51204,1.3093,0.91318,0.54826,0.69706,0.51538,0.88447,-0.68185,-1.4058,-0.75405,-2.0909,0.44727,0.62668,0.90044,1.0262,0.13529,-0.60604,0.52556,0.55131,1.7413,1.5324,-1.0116,-0.30857,-1.1285,-0.063634,-0.47147,-0.04993,1.1295,0.61914,1.2195,1.4313,0.10656,1.2228,1.7751,0.34493,0.77938,0.13472,0.19048,0.22873,0.14713,0.13008,0.71967,-0.92264,0.17876,1.1718,0.20333,1.0501,1.2605,1.6628,0.37534,0.8693,-0.32403,-1.0516,-0.04284,-0.22471,0.31624,0.55873
0.45782,0.89102,3.0712,0,0.14262,0.72024,-0.93084,0.2477,-0.073094,0.83415,0.13037,0.93056,0.83106,0.033308,0.94001,-0.47801,-1.5003,0.28266,0.72221,0.36082,-1.9081,-0.373,-0.34618,-0.33804,2.1891,0.5015,0.050291,0.022764,0.14677,1.5185,0.4212,0.74286,1.0554,-0.44814,0.25422,0.029754,0.97546,0.32262,-0.41652,0.043846,-1.061,0.23551,-2.119,-1.0722,-1.3058,-0.1553,0.74599,1.1972,0.55043,1.4988,1.0122,0.44616,0.77978,0.61442,0.90161,-0.79774,-1.4329,-0.85566,-2.1432,0.54958,0.73322,0.79476,0.92977,0.047619,-0.71096,0.42593,0.45294,1.6229,1.3816,-1.0708,-0.39758,-1.2301,-0.13659,-0.5697,-0.13931,1.2966,0.73292,1.3283,1.612,0.16274,1.312,1.6049,0.25023,0.79982,0.049592,0.28277,0.19099,0.060715,0.045587,0.66365,-0.96742,0.08912,1.0644,0.24584,0.99726,1.2928,1.5999,0.39391,0.98419,-0.41028,-1.1883,-0.10921,-0.31726,0.40852,0.66501
0.91756,1.0128,0.068707,0.14262,0,1.2799,-0.57683,0.25934,1.8522,0.28533,-1.3333,0.33898,0.81985,0.27508,-0.36527,-0.6767,0.053,0.48375,0.61939,-0.15601,-0.1241,0.44113,0.026187,0.95262,0.17375,0.64059,1.6953,0.73478,-0.36483,0.083497,-0.57235,0.026047,-0.34838,-0.087382,-0.19456,-0.27602,-0.52039,-0.50934,0.15536,1.8882,-0.033058,2.0489,-0.1589,0.44903,-0.033342,-0.38967,-0.46961,-0.21197,0.27006,0.58373,0.87342,-0.85853,1.0323,0.69509,-0.14586,-0.65829,-0.36939,-1.0873,-0.19401,0.91113,1.203,-0.33236,-0.17531,-0.78592,-0.68334,-0.59565,-0.83662,-0.074181,-0.061048,-0.18668,-0.74128,-0.35865,-0.4061,-0.76963,-0.80587,0.52922,0.91113,0.16715,0.48788,0.085622,0.10174,-0.23782,-1.0352,0.60273,-0.57007,0.8169,-0.86374,-0.61518,-0.91686,0.051848,-0.50295,-1.0493,0.0042178,0.036957,-0.26982,-0.0012279,0.20953,-0.14821,0.9343,-0.49606,-0.3738,-1.2495,-0.78966,0.66653,0.75782
1.2539,1.7396,0.63877,0.72024,1.2799,0,-0.91592,0.47049,0.83656,0.75683,-0.64353,0.84689,1.5176,0.32069,0.152,-0.75207,-0.45092,0.6788,1.1318,0.16358,-0.61412,0.085533,-0.040331,0.42802,0.78489,0.98245,0.90957,0.48202,-0.10247,0.63018,-0.11925,0.46302,0.1138,-0.20572,0.080518,-0.094805,0.036998,-0.1144,0.031939,0.95417,-0.36305,1.4948,-0.74021,-0.033543,-0.53451,-0.27251,0.044276,0.32316,0.4651,1.2682,1.7947,-0.28145,1.8255,0.8256,0.19894,-0.90483,-1.0033,-2.1561,-0.78325,0.97699,1.7994,0.14757,0.2994,-0.42593,-0.87826,-0.13063,-0.27506,0.44788,0.47685,-0.56258,-0.70167,-0.81094,-0.27728,-0.86483,-0.55361,1.0275,1.1803,0.57243,1.133,0.034976,0.50594,0.28278,-0.45315,1.1385,-0.28347,0.66101,-0.53762,-0.30797,-0.51781,0.44264,-1.0003,-0.55358,0.51826,0.063939,0.17397,0.42622,0.81158,0.0090612,1.8141,-0.49475,-0.7607,-0.89336,-0.67075,0.63788,0.92626
-0.51588,-1.3044,-0.81643,-0.93084,-0.57683,-0.91592,0,0.17772,-0.50229,-0.44377,0.54397,-0.58731,-0.9251,-0.057065,-0.077564,1.5494,0.48676,-0.13835,-0.57486,0.1363,1.2325,0.050405,0.52582,0.009321,-0.73678,-0.43118,-0.58629,-0.2855,0.60486,-0.45984,0.20962,-0.16877,-0.34472,0.41999,0.16129,0.30803,-0.14415,0.29404,0.62017,-0.56305,1.0684,-0.53869,0.70077,0.49193,0.37786,0.5521,0.041225,-0.26852,-0.29968,-1.3703,-1.2839,0.26332,-0.75987,-1.0503,-0.48899,1.7282,0.89548,1.2847,0.98479,-1.2311,-1.3122,0.027165,-0.084892,0.72812,2.2393,0.27267,0.28366,-0.49471,-0.34632,1.4582,1.4891,0.80716,0.51857,1.0412,0.783,-1.628,-1.599,-0.98515,-1.4924,-0.46204,-0.88424,-0.59286,0.45689,-0.70178,0.55976,-1.0651,0.21774,0.55559,0.75558,-0.27962,1.0847,0.66901,-0.29624,-0.2878,-0.2601,-0.62828,-0.71045,-0.19364,-1.4658,0.957,1.3279,0.73434,0.96979,-1.0217,-1.2347
0.85081,0.16166,0.28348,0.2477,0.25934,0.47049,0.17772,0,-0.0086333,0.94754,0.22912,0.79107,0.56789,0.71378,0.56177,0.23564,-0.26939,1.2971,0.89893,1.1809,0.038586,-0.3769,0.88186,0.053358,0.48526,0.97496,-0.057037,-0.19813,0.97323,0.54438,0.69008,1.1477,-0.015521,0.43526,0.98706,0.78475,0.32258,0.81887,1.0174,0.0034011,0.41242,0.50327,-0.38931,0.18901,-0.47255,0.72035,0.63707,0.61632,0.058634,0.18742,0.35891,0.41953,0.45144,-0.25713,-0.22599,0.26675,-0.5393,-0.2959,-0.32548,-0.23496,0.13118,0.67651,0.68654,0.62495,0.29607,0.71954,0.39367,0.30008,0.60813,0.11489,0.44716,-0.10848,0.68454,0.24383,0.5355,-0.032857,-0.12468,-0.1423,0.20244,-0.99848,-0.14019,0.095954,0.37377,0.73847,0.79343,-0.5012,-0.35233,0.74896,0.44082,0.85363,-0.36104,0.3887,0.91443,-0.58015,0.12083,-0.0091059,0.60165,-0.37702,0.24191,0.60395,0.17402,-0.090521,0.45759,-0.48199,-0.23016
0.58567,0.75899,-0.1574,-0.073094,1.8522,0.83656,-0.50229,-0.0086333,0,0.0097516,-2.1856,0.072444,0.51247,0.14037,-0.69704,-0.69237,0.27208,0.23121,0.31924,-0.42819,0.018046,0.63521,-0.077215,1.1013,-0.085567,0.35621,2.1132,0.82778,-0.6404,-0.18244,-0.94042,-0.26757,-0.51935,-0.10831,-0.43276,-0.45625,-0.85046,-0.84796,0.048771,2.298,0.0051962,1.2847,0.084447,0.58149,0.21895,-0.54265,-0.84395,-0.5214,0.16892,0.36801,0.58301,-1.3787,0.68592,0.67359,-0.22628,-0.61846,-0.11086,-0.7699,0.030135,0.90029,0.93263,-0.66259,-0.47385,-1.142,-0.6658,-0.99786,-1.3218,-0.30831,-0.34819,-0.095685,-0.84756,-0.18914,-0.55871,-0.75169,-1.0413,0.38666,0.81746,0.056777,0.27929,0.2358,-0.0088691,-0.44625,-1.6516,0.32055,-0.85161,0.99193,-0.83658,-0.90946,-1.28,-0.19699,-0.29267,-1.5482,-0.29876,0.11126,-0.46228,-0.14717,-0.058642,-0.14128,0.66651,-0.59475,-0.27889,-1.2464,-0.92659,0.7604,0.72141
1.2215,0.51288,0.86771,0.83415,0.28533,0.75683,-0.44377,0.94754,0.0097516,0,0.13446,2.7251,1.305,0.92153,0.68004,-0.36985,-0.51815,1.3457,1.8693,1.1857,-0.56856,-0.83408,0.47902,-0.33245,1.0994,1.6071,-0.035267,-0.38415,0.37448,0.79437,0.77081,1.796,0.21771,0.33808,1.0753,0.77348,0.57127,0.77637,0.36985,0.010282,-0.12673,0.5354,-0.79862,-0.25125,-0.61084,0.52453,0.73318,1.0039,-0.043033,0.68414,0.96075,0.43298,0.57021,0.012316,0.0090997,-0.19668,-1.5657,-0.75215,-1.1113,0.080135,0.47657,0.63795,0.66362,0.28023,-0.25644,0.67158,0.34374,0.59699,0.88608,-0.65537,-0.085846,-0.34455,0.53542,-0.011661,0.29002,0.45577,0.27539,0.25918,0.88234,-0.64393,0.23829,0.58113,0.27884,1.8139,0.54974,-0.13203,-0.42023,0.53173,0.10499,1.9841,-1.3005,0.15332,1.5411,-0.55295,0.24039,0.26389,1.5381,-0.38105,0.75982,0.22686,-0.26917,-0.3907,0.16284,-0.15087,0.092931
-0.39827,-0.66102,0.22071,0.13037,-1.3333,-0.64353,0.54397,0.22912,-2.1856,0.13446,0,0.054911,-0.37873,-0.039924,0.88614,0.78342,-0.3522,-0.054806,-0.1624,0.62602,-0.012894,-0.68173,0.20586,-0.96225,0.18784,-0.19219,-1.8089,-0.81064,0.92507,0.31126,1.203,0.44825,0.5295,0.15744,0.59931,0.58759,0.97046,1.1161,0.1053,-1.7794,0.067415,-0.94336,-0.17886,-0.52102,-0.34218,0.67684,1.0895,0.67526,-0.1077,-0.30312,-0.47464,1.7917,-0.50986,-0.69947,0.20139,0.66701,0.010045,0.64548,-0.093498,-0.93643,-0.8261,0.8844,0.66093,1.5743,0.74409,1.3384,1.7016,0.39217,0.4932,0.13689,1.0203,0.13196,0.68532,0.77494,1.2578,-0.37207,-0.81936,-0.065588,-0.22802,-0.38307,0.00047276,0.46566,2.4471,-0.18537,1.1079,-1.1916,0.72828,1.1764,1.7093,0.32675,0.22723,2.2194,0.46717,-0.18529,0.51741,0.16852,0.17031,0.099297,-0.57261,0.72125,0.2939,1.1802,1.0647,-0.87574,-0.74617
1.2618,0.62161,0.9484,0.93056,0.33898,0.84689,-0.58731,0.79107,0.072444,2.7251,0.054911,0,1.5011,0.86337,0.62282,-0.50411,-0.54212,1.2118,1.9749,0.99034,-0.68117,-0.78514,0.37367,-0.32159,1.1748,1.589,0.034906,-0.3304,0.25345,0.79802,0.65794,1.5,0.23748,0.27093,0.91393,0.65437,0.54206,0.64606,0.26349,0.075645,-0.22453,0.57886,-0.84956,-0.29544,-0.60659,0.41096,0.64919,0.95517,-0.020414,0.80629,1.1272,0.35584,0.62929,0.10946,0.057115,-0.31636,-1.8554,-0.88509,-1.2645,0.18581,0.58643,0.56346,0.60425,0.16793,-0.38632,0.55937,0.2699,0.61833,0.86187,-0.80484,-0.21041,-0.40682,0.42501,-0.10824,0.17973,0.57474,0.39141,0.34151,1.0474,-0.52055,0.31406,0.62374,0.19285,2.0978,0.4231,-0.016489,-0.43749,0.40886,0.0030985,1.7492,-1.5761,0.05604,1.4045,-0.47824,0.24453,0.31277,1.6706,-0.34238,0.90515,0.11292,-0.37256,-0.4748,0.052522,-0.039848,0.19727
1.6922,1.1061,0.77703,0.83106,0.81985,1.5176,-0.9251,0.56789,0.51247,1.305,-0.37873,1.5011,0,0.69549,0.27111,-0.86622,-0.41299,1.0177,1.911,0.48378,-0.69179,-0.33639,0.18241,0.040943,0.94905,1.5584,0.48124,0.04173,-0.054336,0.62608,0.18205,0.80437,0.091139,0.09596,0.43552,0.2635,0.19445,0.18004,0.14165,0.52281,-0.30769,1.0796,-0.7479,-0.12538,-0.47345,0.056397,0.23185,0.52474,0.11569,1.0984,1.9976,-0.060048,1.0122,0.44685,0.056149,-0.66077,-1.5384,-1.6173,-1.0723,0.58766,1.1331,0.23018,0.32853,-0.23698,-0.75885,0.11357,-0.11585,0.45499,0.56561,-0.84871,-0.59164,-0.54525,0.064613,-0.46608,-0.23088,0.84807,0.81814,0.43873,1.2983,-0.23588,0.38019,0.41458,-0.22536,2.1808,0.0066462,0.38363,-0.6649,-0.013125,-0.39437,0.9163,-1.8088,-0.36034,0.8008,-0.26447,0.10553,0.30629,1.1737,-0.26738,1.564,-0.21376,-0.57656,-0.91996,-0.33682,0.3203,0.55515
0.98755,0.031649,0.05099,0.033308,0.27508,0.32069,-0.057065,0.71378,0.14037,0.92153,-0.039924,0.86337,0.69549,0,0.014321,-0.29288,0.25751,1.4341,0.93952,0.92335,0.093471,-0.79015,1.2176,-0.22198,0.17907,1.1971,-0.054334,-0.6477,0.12426,-0.026236,0.46618,0.75869,-0.51658,1.264,1.091,1.1661,-0.052318,0.55079,0.90159,0.0076984,0.48136,0.48923,0.029661,0.36386,0.16445,0.93867,0.15925,0.2079,-0.75904,0.019417,0.39375,0.06678,0.05286,-0.46432,-0.80795,0.23231,-0.50348,-0.29795,-0.25698,-0.27184,0.091237,0.0085245,-0.033096,0.15866,0.057205,0.32113,-0.067907,-0.18479,0.06372,-0.24128,0.037909,0.37451,0.94954,0.42842,0.43062,-0.13559,-0.11087,-0.44621,0.19621,-1.2314,-0.48845,-0.11767,0.025172,0.89893,0.57744,-0.30428,-1.08,0.54263,-0.082484,1.0539,-0.68765,-0.026487,0.48546,-1.6241,-0.51102,-0.50866,0.42052,-1.4898,0.25743,0.62854,0.35065,-0.61083,0.42405,-0.49831,-0.34992
0.14425,0.1556,1.0682,0.94001,-0.36527,0.152,-0.077564,0.56177,-0.69704,0.68004,0.88614,0.62282,0.27111,0.014321,0,0.24957,-1.3033,0.27056,0.40549,0.78855,-0.64449,-0.57862,0.0034606,-0.58257,1.0953,0.27825,-0.53964,-0.30974,0.94055,1.3936,1.1409,1.0079,1.1372,-0.19046,0.61701,0.39265,2.092,1.0061,-0.035299,-0.5298,-0.38653,-0.18773,-1.1164,-0.91077,-1.3789,0.3146,2.2257,2.014,0.41543,0.46264,0.26149,1.4221,0.28119,-0.010521,0.66774,-0.020296,-0.69134,-0.14323,-0.82912,-0.13712,0.026066,2.5556,2.0875,0.86722,0.083581,1.3359,1.5175,1.4142,1.835,-0.29915,0.36279,-0.59877,0.31895,0.05569,0.51942,0.33619,-0.02503,0.55649,0.48287,-0.21366,0.61409,1.1918,1.1105,0.38846,0.69422,-0.42485,0.53379,0.71753,0.88186,0.69517,-0.32671,0.9182,1.3304,0.042383,1.2398,0.84188,0.96013,0.34201,0.19681,0.19498,-0.34822,0.5063,0.33495,-0.22996,-0.017339
-0.5892,-0.88878,-0.40133,-0.47801,-0.6767,-0.75207,1.5494,0.23564,-0.69237,-0.36985,0.78342,-0.50411,-0.86622,-0.29288,0.24957,0,0.070191,-0.2248,-0.54913,0.16458,0.67319,0.087108,0.26495,-0.031021,-0.36859,-0.49004,-0.65067,-0.1543,0.93325,-0.082418,0.33577,-0.051531,0.056726,0.085351,0.12389,0.1812,0.17147,0.39105,0.37909,-0.64256,0.58069,-0.62611,0.28107,0.14665,-0.016695,0.38441,0.31416,0.014817,0.061983,-0.77635,-1.0129,0.52056,-0.48589,-0.67405,-0.073715,1.0731,0.64345,1.0344,0.60636,-0.91623,-1.0131,0.3648,0.26765,0.97193,1.5262,0.46629,0.60638,-0.08672,-0.0041395,1.1689,1.6924,0.33667,0.35361,0.69695,0.745,-0.87067,-1.1067,-0.45819,-0.91777,-0.27607,-0.38438,-0.22033,0.72082,-0.67386,0.57811,-1.0087,0.57309,0.58484,1.172,-0.25725,1.0271,0.98895,-0.08444,-0.0098261,0.1543,-0.17453,-0.43743,0.15675,-1.0846,0.69511,0.69791,1.1969,0.81506,-0.77776,-0.81681
-0.16988,-0.60881,-1.5611,-1.5003,0.053,-0.45092,0.48676,-0.26939,0.27208,-0.51815,-0.3522,-0.54212,-0.41299,0.25751,-1.3033,0.070191,0,-0.076914,-0.39042,-0.29489,1.1695,0.18721,0.44119,0.26183,-1.4289,-0.20792,0.084601,-0.12691,-0.42575,-1.9811,-0.46402,-0.60507,-1.6721,0.68379,-0.15061,0.076543,-1.2527,-0.36692,0.42546,0.09907,0.91786,-0.022754,1.921,1.1651,2.1402,0.19284,-0.94984,-1.2543,-0.90086,-0.98395,-0.55357,-0.65386,-0.6681,-0.53608,-1.3008,0.53645,0.81917,0.48468,1.0964,-0.37692,-0.44688,-1.1848,-1.4206,-0.2812,0.36426,-0.55607,-0.74543,-2.9371,-1.6979,0.53122,0.086572,1.3654,0.18634,0.47984,0.027805,-0.89463,-0.46412,-1.2804,-0.87032,-0.23736,-1.3795,-1.4864,-0.47311,-0.40849,-0.12071,-0.10097,-0.557,-0.13786,-0.35531,-0.3978,0.44198,-0.3529,-0.929,-0.47232,-1.8598,-1.8182,-1.0201,-0.74326,-0.56058,0.33507,0.96861,-0.25688,0.19797,-0.30367,-0.5203
1.5519,0.3178,0.29507,0.28266,0.48375,0.6788,-0.13835,1.2971,0.23121,1.3457,-0.054806,1.2118,1.0177,1.4341,0.27056,-0.2248,-0.076914,0,1.5064,1.0913,-0.072669,-0.56697,0.98007,-0.021247,0.48536,1.9543,0.10763,-0.31858,0.37152,0.34233,0.51662,1.1245,-0.243,0.69598,1.0678,0.90616,0.1209,0.60857,0.91463,0.17374,0.33389,0.78442,-0.30201,0.25857,-0.21363,0.7105,0.35675,0.45686,-0.24159,0.30334,0.66278,0.14842,0.45695,-0.19127,-0.44266,0.062974,-0.78435,-0.56868,-0.46974,-0.069046,0.34125,0.29924,0.31282,0.23308,-0.018504,0.43346,0.062207,0.12664,0.39329,-0.22281,0.050868,-0.0040036,0.69936,0.16505,0.32921,0.099365,0.083393,-0.16801,0.41266,-1.0529,-0.19819,0.048919,0.069226,1.297,0.55866,-0.22757,-0.86532,0.51937,0.017043,1.2076,-0.80543,0.024124,0.81911,-0.91691,-0.16941,-0.16809,0.71683,-0.78481,0.50707,0.45916,0.10412,-0.56412,0.2731,-0.3237,-0.11072
1.9488,0.75006,0.70957,0.72221,0.61939,1.1318,-0.57486,0.89893,0.31924,1.8693,-0.1624,1.9749,1.911,0.93952,0.40549,-0.54913,-0.39042,1.5064,0,0.81972,-0.50948,-0.51751,0.43959,-0.054905,0.93011,2.3665,0.26294,-0.14369,0.18945,0.65484,0.42298,1.1751,0.054453,0.29082,0.75251,0.54334,0.28899,0.44592,0.38704,0.31397,-0.10202,0.92147,-0.6951,-0.063865,-0.4897,0.32998,0.41371,0.6654,0.012823,0.79606,1.2852,0.12782,0.81277,0.18117,-0.06602,-0.34984,-1.4634,-1.0808,-0.96517,0.28866,0.74906,0.38617,0.45503,0.02857,-0.41906,0.34891,0.058917,0.44236,0.65533,-0.62854,-0.27792,-0.38421,0.3336,-0.19574,0.044851,0.5553,0.48048,0.25107,0.9563,-0.52629,0.21187,0.37703,-0.015627,2.7767,0.28573,0.089958,-0.66968,0.26208,-0.1462,1.281,-1.443,-0.12177,1.051,-0.48445,0.093098,0.19676,1.2381,-0.41293,1.0363,0.065078,-0.33055,-0.6963,-0.055262,0.038792,0.27032
0.60507,-0.070866,0.43264,0.36082,-0.15601,0.16358,0.1363,1.1809,-0.42819,1.1857,0.62602,0.99034,0.48378,0.92335,0.78855,0.16458,-0.29489,1.0913,0.81972,0,-0.11706,-1.1449,0.92025,-0.55637,0.57264,0.86104,-0.5319,-0.82804,0.87325,0.51075,1.5087,1.7261,0.11782,0.67513,2.424,1.578,0.65274,1.7337,0.73711,-0.46306,0.26912,0.097106,-0.39561,-0.12038,-0.40452,1.2718,1.0307,0.93175,-0.27983,0.10122,0.25324,0.86518,0.075527,-0.55227,-0.20749,0.38566,-0.65477,-0.11127,-0.50148,-0.51893,-0.11373,0.80963,0.69538,0.91354,0.33274,1.3185,0.72015,0.36816,0.69685,-0.16202,0.50438,0.057764,1.2731,0.56256,1.0042,-0.09474,-0.31788,-0.14421,0.23735,-1.2753,-0.13038,0.35874,0.77531,0.7434,1.4512,-0.79694,-0.20993,1.4037,0.62716,1.5278,-0.50226,0.68628,1.2267,-0.89139,0.161,-0.013655,0.76798,-0.52968,0.1088,0.877,0.22602,0.054758,0.82523,-0.79783,-0.48431
-0.30097,-0.90258,-1.7259,-1.9081,-0.1241,-0.61412,1.2325,0.038586,0.018046,-0.56856,-0.012894,-0.68117,-0.69179,0.093471,-0.64449,0.67319,1.1695,-0.072669,-0.50948,-0.11706,0,0.27905,0.58502,0.34968,-1.3394,-0.31521,-0.11165,-0.078263,0.1168,-1.0161,-0.2151,-0.44348,-1.0061,0.57379,-0.044768,0.14937,-0.76057,-0.10385,0.71359,-0.089509,1.5586,-0.15722,1.3735,1.2039,0.92388,0.3494,-0.48441,-0.82046,-0.50107,-1.4482,-0.93126,-0.27467,-0.64427,-0.77252,-1.0004,1.0573,1.1005,0.82005,1.6054,-0.70891,-0.76705,-0.50326,-0.60131,0.16158,0.97883,-0.20216,-0.27886,-1.2125,-0.91616,1.3757,0.63349,1.1628,0.31995,0.71657,0.32404,-1.5426,-0.8937,-1.6012,-1.5761,-0.39055,-1.5402,-1.4585,-0.094889,-0.61097,0.1647,-0.48938,-0.22535,0.14706,0.13568,-0.44647,0.89884,0.075103,-0.68592,-0.38193,-0.86128,-1.2787,-1.1083,-0.47109,-0.9714,0.64549,1.5178,0.16155,0.50612,-0.616,-0.83718
-0.30041,0.19911,-0.44362,-0.373,0.44113,0.085533,0.050405,-0.3769,0.63521,-0.83408,-0.68173,-0.78514,-0.33639,-0.79015,-0.57862,0.087108,0.18721,-0.56697,-0.51751,-1.1449,0.27905,0,-0.54796,1.3155,-0.45687,-0.52205,0.79902,1.5522,-0.33111,-0.27349,-1.2717,-0.95833,-0.15973,-0.67643,-1.3358,-1.2961,-0.66717,-1.1944,-0.27007,0.74499,-0.018878,0.21397,0.26415,0.37551,0.16517,-1.0245,-0.79131,-0.75358,0.61015,-0.043713,-0.16146,-0.826,0.25012,0.58439,0.15279,-0.27507,0.5775,-0.0070202,0.54773,0.52294,0.2287,-0.48681,-0.35767,-0.60848,-0.14478,-0.97699,-0.62335,-0.27465,-0.45936,0.5026,-0.2449,-0.19539,-1.0912,-0.61349,-0.86899,0.05967,0.30547,0.080076,-0.2652,0.77667,0.068997,-0.50064,-0.72833,-0.54789,-1.0051,0.61169,0.1097,-1.0229,-0.41163,-1.2553,0.57322,-0.55702,-0.8105,0.84377,-0.084299,0.032335,-0.64458,0.5515,-0.036989,-0.65332,-0.15233,-0.051397,-0.7264,0.66936,0.48662
0.5021,-0.3898,-0.29768,-0.34618,0.026187,-0.040331,0.52582,0.88186,-0.077215,0.47902,0.20586,0.37367,0.18241,1.2176,0.0034606,0.26495,0.44119,0.98007,0.43959,0.92025,0.58502,-0.54796,0,-0.10758,-0.13906,0.62675,-0.27616,-0.65458,0.48702,-0.19303,0.5289,0.55626,-0.65699,1.5997,1.053,1.2987,-0.11669,0.67951,1.9289,-0.20616,1.1575,0.21176,0.30705,0.64889,0.27715,1.428,0.18182,0.066411,-0.74548,-0.42813,-0.084548,0.19104,-0.20604,-0.97211,-1.1091,0.82391,-0.056869,0.15162,0.16541,-0.75935,-0.33699,0.067064,-0.015091,0.52151,0.64343,0.44826,0.092457,-0.38008,-0.072828,0.31255,0.58242,0.70184,1.3655,0.90789,0.83248,-0.65867,-0.61845,-0.9549,-0.29313,-2.1726,-0.96687,-0.40766,0.24278,0.35442,0.91213,-0.80046,-0.67921,0.85785,0.28726,0.6141,-0.10661,0.29214,0.28674,-1.6722,-0.56299,-0.81005,0.055107,-1.2961,-0.21572,1.3256,0.92748,-0.15692,0.91138,-1.0676,-0.8704
0.1798,0.37591,-0.41093,-0.33804,0.95262,0.42802,0.009321,0.053358,1.1013,-0.33245,-0.96225,-0.32159,0.040943,-0.22198,-0.58257,-0.031021,0.26183,-0.021247,-0.054905,-0.55637,0.34968,1.3155,-0.10758,0,-0.31699,-0.013614,1.1966,1.2924,-0.20884,-0.20424,-0.96676,-0.46717,-0.42309,-0.28622,-0.63316,-0.64613,-0.81901,-0.82216,0.14324,1.2041,0.22394,0.72167,0.21273,0.73308,0.1541,-0.57764,-0.73606,-0.63272,0.4509,0.058267,0.1122,-0.96626,0.51838,0.49234,-0.13994,-0.24027,0.28268,-0.27625,0.40622,0.52969,0.44189,-0.45696,-0.31066,-0.58032,-0.15546,-0.82111,-0.79036,-0.33316,-0.37728,0.47163,-0.25348,-0.14996,-0.62483,-0.54726,-0.73192,0.069042,0.37255,-0.074294,-0.12798,0.28779,-0.10688,-0.65816,-0.90048,-0.10791,-0.69311,0.54279,-0.33546,-0.73637,-0.51658,-0.58375,0.24432,-0.69609,-0.47798,0.34764,-0.28492,-0.14063,-0.3795,0.14328,0.18997,-0.41063,-0.054029,-0.40092,-0.61438,0.51068,0.44505
0.61386,0.82697,2.3052,2.1891,0.17375,0.78489,-0.73678,0.48526,-0.085567,1.0994,0.18784,1.1748,0.94905,0.17907,1.0953,-0.36859,-1.4289,0.48536,0.93011,0.57264,-1.3394,-0.45687,-0.13906,-0.31699,0,0.68775,0.015007,-0.04344,0.31975,1.8014,0.57197,1.0284,0.90661,-0.29027,0.43999,0.19321,1.0231,0.49017,-0.18746,0.023036,-0.74454,0.31515,-2.2042,-0.85015,-1.4291,0.013126,0.90758,1.4614,0.49774,1.3212,1.0372,0.5347,0.83364,0.46155,0.70149,-0.60391,-1.6871,-0.85572,-2.0683,0.41519,0.68016,0.96695,1.1253,0.18391,-0.5342,0.58033,0.53195,1.5727,1.708,-0.87598,-0.24842,-1.0712,0.025386,-0.42847,-0.00019846,1.0363,0.59587,0.99938,1.4293,-0.034515,0.99335,1.3568,0.33249,0.98067,0.21328,0.13513,0.10048,0.21826,0.14748,0.86988,-1.0146,0.18052,1.4436,0.091734,0.92144,1.0576,2.1421,0.26061,0.94991,-0.22563,-0.9001,-0.11336,-0.17154,0.24482,0.5096
2.2244,0.5921,0.49433,0.5015,0.64059,0.98245,-0.43118,0.97496,0.35621,1.6071,-0.19219,1.589,1.5584,1.1971,0.27825,-0.49004,-0.20792,1.9543,2.3665,0.86104,-0.31521,-0.52205,0.62675,-0.013614,0.68775,0,0.25699,-0.19799,0.1864,0.46399,0.39909,1.0843,-0.12047,0.46571,0.82741,0.65295,0.15596,0.44776,0.5661,0.3165,0.073708,0.96503,-0.48169,0.10425,-0.31623,0.44421,0.31844,0.51239,-0.12406,0.58137,1.0421,0.065234,0.66776,0.051859,-0.25389,-0.21116,-1.1157,-0.90421,-0.72076,0.17976,0.61909,0.27465,0.32305,0.03845,-0.30032,0.3133,-0.016434,0.2578,0.47929,-0.48348,-0.20732,-0.20416,0.44445,-0.074586,0.10675,0.37169,0.35295,0.065376,0.71978,-0.68879,0.025101,0.2011,-0.054376,2.0001,0.33579,0.016279,-0.86599,0.30607,-0.16095,1.2379,-1.2082,-0.13973,0.88037,-0.66444,-0.074402,0.011272,0.95324,-0.60588,0.84135,0.18597,-0.15446,-0.76265,0.032486,-0.068584,0.14136
0.484,0.9402,-0.036479,0.050291,1.6953,0.90957,-0.58629,-0.057037,2.1132,-0.035267,-1.8089,0.034906,0.48124,-0.054334,-0.53964,-0.65067,0.084601,0.10763,0.26294,-0.5319,-0.11165,0.79902,-0.27616,1.1966,0.015007,0.25699,0,1.1468,-0.59196,-0.035845,-1.0025,-0.29766,-0.28677,-0.3495,-0.58208,-0.66654,-0.6615,-0.94375,-0.11477,3.3418,-0.16682,1.1564,-0.060524,0.38766,0.047379,-0.78202,-0.72874,-0.42348,0.40983,0.50983,0.62386,-1.1955,0.86162,0.9638,0.0036305,-0.81149,-0.1376,-0.84043,-0.042518,1.1941,1.102,-0.51153,-0.32247,-1.1527,-0.78065,-0.98673,-1.0629,-0.13172,-0.21739,-0.12125,-0.90975,-0.40202,-0.80509,-1.0594,-1.3269,0.55313,1.027,0.25429,0.3644,0.42762,0.19292,-0.29172,-1.4421,0.2679,-1.0322,1.2162,-0.55338,-1.0943,-1.1347,-0.27828,-0.25936,-1.3872,-0.26719,0.34044,-0.23092,0.06441,-0.01138,0.095378,0.74696,-0.83257,-0.47288,-0.96203,-1.2245,1.0315,0.99356
-0.00049928,0.63944,-0.047954,0.022764,0.73478,0.48202,-0.2855,-0.19813,0.82778,-0.38415,-0.81064,-0.3304,0.04173,-0.6477,-0.30974,-0.1543,-0.12691,-0.31858,-0.14369,-0.82804,-0.078263,1.5522,-0.65458,1.2924,-0.04344,-0.19799,1.1468,0,-0.30301,0.078609,-1.0097,-0.52607,0.058159,-0.91062,-1.0327,-1.2782,-0.40254,-1.0026,-0.35683,1.0687,-0.28654,0.49399,-0.11722,0.15726,-0.15671,-1.2529,-0.5259,-0.37257,0.97112,0.37393,0.23477,-0.7274,0.6959,1.0739,0.37998,-0.65238,0.13353,-0.40178,0.11636,0.97384,0.65191,-0.25464,-0.095576,-0.7008,-0.46822,-0.80254,-0.54344,0.050872,-0.11269,0.16128,-0.48816,-0.5994,-1.3371,-1.1228,-1.1763,0.45899,0.71865,0.42129,0.14275,0.83296,0.39403,-0.17264,-0.75589,-0.15581,-1.0795,0.91239,0.048033,-1.1063,-0.5106,-0.69878,0.16684,-0.66018,-0.38035,0.96183,0.13978,0.33752,-0.1934,0.66877,0.36257,-0.97621,-0.52742,-0.23081,-1.1122,1.0558,0.9427
0.066521,-0.26849,0.21924,0.14677,-0.36483,-0.10247,0.60486,0.97323,-0.6404,0.37448,0.92507,0.25345,-0.054336,0.12426,0.94055,0.93325,-0.42575,0.37152,0.18945,0.87325,0.1168,-0.33111,0.48702,-0.20884,0.31975,0.1864,-0.59196,-0.30301,0,0.55586,0.97711,0.72708,0.34705,0.16119,0.70984,0.59235,0.69403,1.0752,0.56983,-0.5484,0.32242,-0.17817,-0.32967,-0.12018,-0.59341,0.67662,1.0567,0.71915,0.20046,-0.11021,-0.17109,1.033,0.035031,-0.47057,0.083094,0.59978,-0.1378,0.24961,-0.10549,-0.61868,-0.37008,1.1596,1.0136,1.5588,0.77411,1.2206,1.1131,0.44391,0.68495,0.39818,1.1578,-0.06965,0.64305,0.49535,0.95695,-0.28044,-0.55279,-0.10317,-0.13461,-0.63348,-0.052799,0.25073,1.1021,0.097593,1.1085,-1.0265,0.33037,1.1005,1.4559,0.42351,0.14438,1.2583,0.69613,-0.22763,0.49056,0.16265,0.3058,0.046676,-0.26175,0.75547,0.28411,0.67811,0.82837,-0.75703,-0.5176
0.41192,0.67877,1.601,1.5185,0.083497,0.63018,-0.45984,0.54438,-0.18244,0.79437,0.31126,0.79802,0.62608,-0.026236,1.3936,-0.082418,-1.9811,0.34233,0.65484,0.51075,-1.0161,-0.27349,-0.19303,-0.20424,1.8014,0.46399,-0.035845,0.078609,0.55586,0,0.57572,0.89051,1.1437,-0.44782,0.34367,0.096997,1.1635,0.50365,-0.17128,-0.032282,-0.65737,0.20682,-2.2461,-0.84114,-2.5266,-0.031195,1.0572,1.4887,0.77508,1.0446,0.71341,0.65411,0.82665,0.44468,0.88232,-0.46063,-1.058,-0.61668,-1.2278,0.33269,0.52106,1.3275,1.6789,0.34106,-0.32102,0.66257,0.71811,2.0914,2.3128,-0.50672,-0.042534,-1.2202,-0.029816,-0.40554,0.053595,0.83853,0.44949,0.99425,0.95733,0.018194,1.0306,1.2482,0.46658,0.64962,0.24891,0.029032,0.31716,0.25583,0.35796,0.61737,-0.59462,0.35104,1.2813,0.25078,1.3112,1.2721,1.3269,0.47961,0.67486,-0.19124,-0.80668,0.12451,-0.11362,0.19639,0.44804
0.18765,-0.24952,0.5186,0.4212,-0.57235,-0.11925,0.20962,0.69008,-0.94042,0.77081,1.203,0.65794,0.18205,0.46618,1.1409,0.33577,-0.46402,0.51662,0.42298,1.5087,-0.2151,-1.2717,0.5289,-0.96676,0.57197,0.39909,-1.0025,-1.0097,0.97711,0.57572,0,1.2138,0.42016,0.4158,1.4001,1.159,1.0974,2.6725,0.36901,-0.92984,0.074148,-0.30012,-0.4476,-0.44821,-0.51015,1.0557,1.5828,1.1618,-0.19779,0.026996,0.030677,1.6379,-0.13303,-0.59722,0.054969,0.43772,-0.49311,0.12707,-0.49081,-0.6663,-0.33851,1.1069,0.8737,1.3176,0.42623,2.4246,1.3171,0.54247,0.82042,-0.17009,0.66137,0.014102,1.0769,0.6427,1.2646,-0.11912,-0.46224,-0.010401,0.15609,-0.80137,0.028298,0.60649,1.4349,0.39426,1.6406,-0.98863,0.19529,1.7013,1.023,1.0492,-0.29122,1.1832,1.1131,-0.55217,0.42668,0.17007,0.66999,-0.22073,-0.09158,0.80921,0.16732,0.43032,0.97176,-0.8467,-0.5607
0.81272,0.26235,0.8173,0.74286,0.026047,0.46302,-0.16877,1.1477,-0.26757,1.796,0.44825,1.5,0.80437,0.75869,1.0079,-0.051531,-0.60507,1.1245,1.1751,1.7261,-0.44348,-0.95833,0.55626,-0.46717,1.0284,1.0843,-0.29766,-0.52607,0.72708,0.89051,1.2138,0,0.33693,0.35151,1.4021,0.96772,0.82865,1.2347,0.45243,-0.24808,-0.032423,0.27068,-0.78552,-0.319,-0.72641,0.73469,1.1496,1.3269,-0.017223,0.4671,0.58889,0.78385,0.38906,-0.17813,0.053464,0.036426,-1.1197,-0.42677,-0.91151,-0.163,0.2001,0.99073,0.9519,0.64049,0.019271,1.1215,0.6818,0.68963,1.0889,-0.4157,0.21952,-0.27958,0.74045,0.19086,0.58715,0.25608,0.018998,0.18363,0.60259,-0.78916,0.18836,0.63499,0.6173,1.0976,0.90325,-0.42558,-0.1797,0.88641,0.44708,1.869,-0.81156,0.4919,2.066,-0.55711,0.38364,0.28328,1.3085,-0.29653,0.43805,0.44674,-0.12152,-0.068246,0.42486,-0.38866,-0.11965
-0.17999,0.32147,1.112,1.0554,-0.34838,0.1138,-0.34472,-0.015521,-0.51935,0.21771,0.5295,0.23748,0.091139,-0.51658,1.1372,0.056726,-1.6721,-0.243,0.054453,0.11782,-1.0061,-0.15973,-0.65699,-0.42309,0.90661,-0.12047,-0.28677,0.058159,0.34705,1.1437,0.42016,0.33693,0,-0.81929,0.00015711,-0.1848,1.3215,0.30059,-0.68387,-0.32319,-1.0345,-0.31827,-1.1443,-1.6809,-1.2948,-0.25991,0.86303,0.96714,0.79371,0.64068,0.23927,0.74584,0.3134,0.42505,1.7176,-0.41244,-0.47561,-0.17678,-0.76191,0.23978,0.18159,1.0046,1.0705,0.31374,-0.25389,0.51936,0.86872,1.6334,1.1195,-0.44363,-0.010357,-1.011,-0.24662,-0.36155,0.013886,0.66352,0.28154,1.197,0.57276,0.41268,1.3341,1.5245,0.60147,0.087682,0.085094,0.040234,0.98661,0.11394,0.45544,0.17511,-0.18951,0.47834,0.60455,0.63944,2.3256,1.7295,0.63994,0.99736,0.26241,-0.34427,-0.83077,0.53686,-0.13362,0.25847,0.3858
0.34493,-0.52306,-0.40134,-0.44814,-0.087382,-0.20572,0.41999,0.43526,-0.10831,0.33808,0.15744,0.27093,0.09596,1.264,-0.19046,0.085351,0.68379,0.69598,0.29082,0.67513,0.57379,-0.67643,1.5997,-0.28622,-0.29027,0.46571,-0.3495,-0.91062,0.16119,-0.44782,0.4158,0.35151,-0.81929,0,0.87471,1.2194,-0.22608,0.52034,1.0899,-0.2883,0.98748,0.059862,0.51151,0.59815,0.57019,1.2976,0.014027,-0.08963,-1.3817,-0.55295,-0.16303,0.088688,-0.46743,-1.1101,-1.3918,0.78014,0.029474,0.24304,0.22196,-0.79405,-0.43285,-0.17229,-0.28745,0.32777,0.51722,0.28768,-0.043188,-0.59104,-0.29165,0.1589,0.39104,1.0451,1.3012,1.0345,0.74018,-0.72379,-0.64218,-1.0959,-0.33852,-1.4033,-1.1313,-0.45227,0.14512,0.25405,0.72143,-0.6682,-0.73579,0.68983,0.11172,0.52861,-0.12218,0.16336,0.10119,-2.321,-0.82952,-1.0833,-0.063109,-1.978,-0.28888,1.1451,0.99854,-0.2306,0.85015,-0.99544,-0.94606
0.5703,-0.16152,0.32168,0.25422,-0.19456,0.080518,0.16129,0.98706,-0.43276,1.0753,0.59931,0.91393,0.43552,1.091,0.61701,0.12389,-0.15061,1.0678,0.75251,2.424,-0.044768,-1.3358,1.053,-0.63316,0.43999,0.82741,-0.58208,-1.0327,0.70984,0.34367,1.4001,1.4021,0.00015711,0.87471,0,2.0959,0.53294,1.5967,0.77921,-0.50829,0.34182,0.055943,-0.25412,-0.054903,-0.23644,1.5338,0.85166,0.75776,-0.46645,0.0020526,0.19121,0.77316,-0.048167,-0.68396,-0.33863,0.45655,-0.56866,-0.047423,-0.41636,-0.60964,-0.18711,0.61908,0.50332,0.83933,0.35919,1.157,0.61171,0.22531,0.52063,-0.16868,0.48742,0.20429,1.5589,0.69082,1.0749,-0.18404,-0.38954,-0.25985,0.16549,-1.4661,-0.24894,0.26604,0.71058,0.69452,1.4748,-0.83487,-0.28917,1.4261,0.5496,1.4948,-0.48958,0.62553,0.99852,-1.1279,0.020896,-0.14842,0.6468,-0.70337,0.044627,0.9938,0.32889,0.008547,0.91489,-0.90417,-0.59207
0.43119,-0.3641,0.095081,0.029754,-0.27602,-0.094805,0.30803,0.78475,-0.45625,0.77348,0.58759,0.65437,0.2635,1.1661,0.39265,0.1812,0.076543,0.90616,0.54334,1.578,0.14937,-1.2961,1.2987,-0.64613,0.19321,0.65295,-0.66654,-1.2782,0.59235,0.096997,1.159,0.96772,-0.1848,1.2194,2.0959,0,0.3433,1.3298,0.89647,-0.58546,0.53143,-0.038553,-0.012562,0.091212,0.00036845,2.1838,0.61972,0.49234,-0.73101,-0.21796,0.011908,0.64723,-0.25869,-0.97385,-0.55676,0.66156,-0.33837,0.12473,-0.19679,-0.83046,-0.3663,0.39754,0.27231,0.80558,0.50405,0.94843,0.4868,-0.00235,0.26822,-0.048778,0.56803,0.46185,2.2858,0.97119,1.2361,-0.40168,-0.58375,-0.49591,-0.033961,-1.7864,-0.48294,0.074202,0.64526,0.49648,1.4945,-0.97866,-0.34669,1.442,0.51519,1.1113,-0.3298,0.59674,0.66732,-1.5011,-0.17787,-0.37931,0.38895,-0.9347,-0.13453,1.2928,0.56548,0.02112,1.1384,-1.1711,-0.8438
0.012542,0.098961,1.114,0.97546,-0.52039,0.036998,-0.14415,0.32258,-0.85046,0.57127,0.97046,0.54206,0.19445,-0.052318,2.092,0.17147,-1.2527,0.1209,0.28899,0.65274,-0.76057,-0.66717,-0.11669,-0.81901,1.0231,0.15596,-0.6615,-0.40254,0.69403,1.1635,1.0974,0.82865,1.3215,-0.22608,0.53294,0.3433,0,0.91533,-0.20884,-0.66742,-0.53173,-0.34995,-1.0349,-1.2436,-1.1534,0.26052,1.835,1.7541,0.32753,0.43828,0.20829,1.4965,0.14501,-0.010425,0.76182,-0.061185,-0.64496,-0.079566,-0.85856,-0.13891,-0.029335,1.6295,1.4289,0.76558,0.019956,1.2129,1.5367,1.3786,1.4721,-0.42747,0.27895,-0.55482,0.27538,0.062886,0.49002,0.35814,-0.025028,0.62477,0.49216,-0.10461,0.68913,1.4827,1.1489,0.30209,0.61457,-0.3764,0.65263,0.6477,0.8058,0.63247,-0.32688,0.89636,1.1067,0.086946,1.2682,0.88905,0.89045,0.38239,0.15401,0.1304,-0.39729,0.55601,0.30936,-0.19178,-0.013235
0.23501,-0.28847,0.41342,0.32262,-0.50934,-0.1144,0.29404,0.81887,-0.84796,0.77637,1.1161,0.64606,0.18004,0.55079,1.0061,0.39105,-0.36692,0.60857,0.44592,1.7337,-0.10385,-1.1944,0.67951,-0.82216,0.49017,0.44776,-0.94375,-1.0026,1.0752,0.50365,2.6725,1.2347,0.30059,0.52034,1.5967,1.3298,0.91533,0,0.51929,-0.86255,0.20252,-0.24007,-0.3649,-0.30456,-0.43977,1.2411,1.3848,1.0191,-0.24277,-0.038411,0.0037524,1.416,-0.1379,-0.69041,-0.054909,0.53545,-0.44208,0.14816,-0.40114,-0.74672,-0.36811,1.019,0.80727,1.4047,0.51676,2.1924,1.173,0.43902,0.72928,-0.075517,0.75217,0.087692,1.2527,0.73007,1.4126,-0.20398,-0.53163,-0.1175,0.086562,-0.97807,-0.080563,0.46751,1.3227,0.40042,1.9997,-1.1133,0.11112,2.0433,1.0337,1.0536,-0.25515,1.1628,1.0544,-0.66071,0.32653,0.068465,0.6022,-0.3109,-0.12682,0.9657,0.26964,0.39434,1.0969,-0.98049,-0.64991
0.49993,-0.31704,-0.37648,-0.41652,0.15536,0.031939,0.62017,1.0174,0.048771,0.36985,0.1053,0.26349,0.14165,0.90159,-0.035299,0.37909,0.42546,0.91463,0.38704,0.73711,0.71359,-0.27007,1.9289,0.14324,-0.18746,0.5661,-0.11477,-0.35683,0.56983,-0.17128,0.36901,0.45243,-0.68387,1.0899,0.77921,0.89647,-0.20884,0.51929,0,-0.048532,1.3519,0.32404,0.31169,0.83775,0.22728,1.0199,0.10846,-0.01122,-0.47389,-0.41973,-0.1013,0.09031,-0.072779,-0.76913,-1.0199,0.79136,0.027597,0.12885,0.26944,-0.63029,-0.26963,0.064104,0.012225,0.48079,0.69335,0.34125,0.030946,-0.39016,-0.089379,0.51988,0.62954,0.5798,0.96022,0.71115,0.66146,-0.65621,-0.55785,-0.93798,-0.35841,-1.4906,-0.94702,-0.53722,0.1528,0.27957,0.73415,-0.70405,-0.64773,0.68317,0.28391,0.42647,0.01673,0.24125,0.21252,-1.0885,-0.52443,-0.76025,-0.026266,-0.95485,-0.21274,1.0965,0.89981,-0.13889,0.74062,-0.87906,-0.72542
0.54977,0.93427,-0.041098,0.043846,1.8882,0.95417,-0.56305,0.0034011,2.298,0.010282,-1.7794,0.075645,0.52281,0.0076984,-0.5298,-0.64256,0.09907,0.17374,0.31397,-0.46306,-0.089509,0.74499,-0.20616,1.2041,0.023036,0.3165,3.3418,1.0687,-0.5484,-0.032282,-0.92984,-0.24808,-0.32319,-0.2883,-0.50829,-0.58546,-0.66742,-0.86255,-0.048532,0,-0.11913,1.2722,-0.057665,0.4302,0.050766,-0.69247,-0.70226,-0.40611,0.37599,0.50146,0.6471,-1.1657,0.88167,0.89038,-0.043411,-0.75992,-0.16041,-0.86417,-0.047749,1.1142,1.1016,-0.49621,-0.31147,-1.0773,-0.74038,-0.92405,-1.0539,-0.14341,-0.20812,-0.11116,-0.86124,-0.37545,-0.71488,-0.98043,-1.1966,0.52615,0.9829,0.21554,0.36403,0.35195,0.15399,-0.31172,-1.3995,0.31328,-0.93023,1.1136,-0.62064,-0.98827,-1.1016,-0.22817,-0.28487,-1.3421,-0.23288,0.27493,-0.25927,0.03117,0.0093971,0.040011,0.75964,-0.74703,-0.4321,-1.0188,-1.1129,0.93705,0.9259
0.046619,-0.72824,-0.98497,-1.061,-0.033058,-0.36305,1.0684,0.41242,0.0051962,-0.12673,0.067415,-0.22453,-0.30769,0.48136,-0.38653,0.58069,0.91786,0.33389,-0.10202,0.26912,1.5586,-0.018878,1.1575,0.22394,-0.74454,0.073708,-0.16682,-0.28654,0.32242,-0.65737,0.074148,-0.032423,-1.0345,0.98748,0.34182,0.53143,-0.53173,0.20252,1.3519,-0.11913,0,0.031706,0.87947,1.2233,0.66985,0.73469,-0.21731,-0.44043,-0.63549,-1.0087,-0.55986,-0.10151,-0.45748,-0.98985,-1.3511,1.1808,0.54722,0.54309,0.84614,-0.83581,-0.62375,-0.26928,-0.35707,0.3433,1.0087,0.059251,-0.14383,-0.89387,-0.54823,0.97022,0.72837,1.1028,0.69255,0.90783,0.56443,-1.3071,-0.89338,-1.8411,-0.94284,-0.87241,-1.8023,-1.0628,0.035545,-0.19354,0.46953,-0.69668,-0.46095,0.43841,0.22564,-0.028074,0.45876,0.17689,-0.26125,-0.79547,-0.84612,-1.3278,-0.55031,-0.82552,-0.65941,1.0302,1.688,0.026085,0.74249,-0.90346,-0.9989
1.3298,0.9891,0.1743,0.23551,2.0489,1.4948,-0.53869,0.50327,1.2847,0.5354,-0.94336,0.57886,1.0796,0.48923,-0.18773,-0.62611,-0.022754,0.78442,0.92147,0.097106,-0.15722,0.21397,0.21176,0.72167,0.31515,0.96503,1.1564,0.49399,-0.17817,0.20682,-0.30012,0.27068,-0.31827,0.059862,0.055943,-0.038553,-0.34995,-0.24007,0.32404,1.2722,0.031706,0,-0.26014,0.41642,-0.13018,-0.15911,-0.25041,-0.0245,0.20007,0.62666,1.0232,-0.58177,1.104,0.52354,-0.19952,-0.53753,-0.55318,-1.1951,-0.32263,0.70506,1.1376,-0.15483,-0.02221,-0.51902,-0.57213,-0.33094,-0.59543,0.015404,0.092187,-0.23237,-0.57234,-0.34533,-0.17365,-0.5811,-0.52249,0.5055,0.77719,0.13077,0.56903,-0.13119,0.07005,-0.15252,-0.72462,0.87447,-0.30256,0.56498,-0.98885,-0.34088,-0.67624,0.2909,-0.67052,-0.75685,0.22085,-0.14305,-0.22886,-0.0046053,0.39123,-0.27761,1.0138,-0.2937,-0.31544,-1.2306,-0.54162,0.44948,0.59484
-0.44771,-0.86523,-2.1259,-2.119,-0.1589,-0.74021,0.70077,-0.38931,0.084447,-0.79862,-0.17886,-0.84956,-0.7479,0.029661,-1.1164,0.28107,1.921,-0.30201,-0.6951,-0.39561,1.3735,0.26415,0.30705,0.21273,-2.2042,-0.48169,-0.060524,-0.11722,-0.32967,-2.2461,-0.4476,-0.78552,-1.1443,0.51151,-0.25412,-0.012562,-1.0349,-0.3649,0.31169,-0.057665,0.87947,-0.26014,0,0.94486,1.8711,0.14622,-0.85239,-1.3002,-0.74913,-1.3739,-0.90251,-0.50565,-0.90451,-0.60331,-0.96242,0.67712,1.2405,0.78808,1.5579,-0.50228,-0.69048,-1.0087,-1.2319,-0.15706,0.54069,-0.49708,-0.54771,-2.0516,-1.7553,0.73335,0.24362,1.4234,0.13773,0.55986,0.093613,-1.1325,-0.64735,-1.2613,-1.279,-0.13082,-1.2755,-1.4139,-0.31728,-0.72668,-0.10268,-0.20049,-0.25851,-0.11075,-0.17219,-0.60223,0.75981,-0.1843,-1.1455,-0.30111,-1.2057,-1.4297,-1.4706,-0.48822,-0.8783,0.35173,1.0717,0.0067427,0.26841,-0.35683,-0.62499
0.19098,-0.2602,-1.131,-1.0722,0.44903,-0.033543,0.49193,0.18901,0.58149,-0.25125,-0.52102,-0.29544,-0.12538,0.36386,-0.91077,0.14665,1.1651,0.25857,-0.063865,-0.12038,1.2039,0.37551,0.64889,0.73308,-0.85015,0.10425,0.38766,0.15726,-0.12018,-0.84114,-0.44821,-0.319,-1.6809,0.59815,-0.054903,0.091212,-1.2436,-0.30456,0.83775,0.4302,1.2233,0.41642,0.94486,0,0.86499,0.19456,-0.75804,-0.89342,-0.42446,-0.60389,-0.25951,-0.71058,-0.13821,-0.33985,-1.2617,0.44774,0.53152,0.16706,0.86651,-0.20673,-0.14454,-0.73168,-0.7294,-0.21072,0.36789,-0.47689,-0.74577,-1.2145,-0.88199,0.74131,0.14921,0.74233,0.16608,0.27822,-0.027697,-0.66794,-0.28233,-1.0961,-0.64278,-0.395,-1.1818,-1.7992,-0.55623,-0.133,-0.078582,-0.075184,-0.80592,-0.11241,-0.30737,-0.26624,0.33091,-0.38691,-0.55664,-0.45853,-1.2505,-1.2396,-0.66276,-0.69152,-0.27282,0.33846,0.81028,-0.40219,0.11545,-0.2397,-0.33485
-0.27683,-0.61162,-1.3658,-1.3058,-0.033342,-0.53451,0.37786,-0.47255,0.21895,-0.61084,-0.34218,-0.60659,-0.47345,0.16445,-1.3789,-0.016695,2.1402,-0.21363,-0.4897,-0.40452,0.92388,0.16517,0.27715,0.1541,-1.4291,-0.31623,0.047379,-0.15671,-0.59341,-2.5266,-0.51015,-0.72641,-1.2948,0.57019,-0.23644,0.00036845,-1.1534,-0.43977,0.22728,0.050766,0.66985,-0.13018,1.8711,0.86499,0,0.10439,-1.0138,-1.3015,-0.93572,-0.93466,-0.57743,-0.65776,-0.77485,-0.46817,-1.025,0.43227,0.83649,0.50722,1.0054,-0.32494,-0.45423,-1.3566,-1.7481,-0.35751,0.26736,-0.62435,-0.75855,-2.1316,-1.932,0.39229,-0.0072807,1.2908,0.10607,0.42555,-0.032797,-0.779,-0.40888,-1.0327,-0.80786,-0.10448,-1.087,-1.1976,-0.49138,-0.47959,-0.20611,-0.024799,-0.45089,-0.21511,-0.41467,-0.45749,0.43256,-0.39455,-1.0588,-0.37314,-1.5723,-1.4196,-1.0533,-0.633,-0.56073,0.22491,0.80045,-0.23603,0.12654,-0.21649,-0.44908
0.25471,-0.58536,-0.082159,-0.1553,-0.38967,-0.27251,0.5521,0.72035,-0.54265,0.52453,0.67684,0.41096,0.056397,0.93867,0.3146,0.38441,0.19284,0.7105,0.32998,1.2718,0.3494,-1.0245,1.428,-0.57764,0.013126,0.44421,-0.78202,-1.2529,0.67662,-0.031195,1.0557,0.73469,-0.25991,1.2976,1.5338,2.1838,0.26052,1.2411,1.0199,-0.69247,0.73469,-0.15911,0.14622,0.19456,0.10439,0,0.54273,0.35206,-0.7768,-0.43505,-0.19925,0.64334,-0.41767,-1.3259,-0.65289,0.96312,-0.12043,0.33168,0.0081472,-1.1468,-0.58543,0.34344,0.20387,0.9484,0.76998,0.90934,0.50019,-0.125,0.14328,0.16184,0.80829,0.63553,3.7666,1.3175,1.5571,-0.64492,-0.85668,-0.69401,-0.25364,-1.8741,-0.66366,-0.065058,0.70375,0.27419,1.6669,-1.3001,-0.26321,1.5997,0.64326,0.7919,-0.10145,0.71194,0.48087,-1.4266,-0.2385,-0.51107,0.18387,-0.9035,-0.3515,1.8476,0.81618,0.16095,1.5361,-1.6372,-1.172
