,,,,,,,,,,,,,,,,,,,,,,,,,,,,,,,,,,,,,,,,,,,,,,,,,,,,,,,,,,,,,,,,,,,,,,,,,,,,,,,,,,,,,,,,,,,,,,,,,,,,,,,,
0,0.60106,-0.031374,-0.17543,0.53833,0.2214,0.81484,0.36854,0.6801,0.49648,0.59188,0.50234,0.075298,-0.11804,0.39248,0.30451,0.29344,0.51588,0.29704,0.032633,0.26336,0.6653,0.4831,0.55432,0.70779,0.81127,0.39735,0.37511,0.40793,0.64711,-0.00039496,0.52485,-0.27969,-0.21499,0.14032,0.104,0.091512,0.35721,0.84496,0.81779,1.2254,0.69542,0.63382,0.64153,-0.32582,0.39552,0.14535,0.13681,0.26282,-0.17353,-0.38737,-0.26891,0.15621,-0.24412,-0.22678,0.18697,0.39367,0.43531,0.68127,0.53682,0.50889,-0.024915,0.21439,0.033574,0.09484,0.1844,0.27068,0.31272,0.34477,0.18741,0.45177,0.4304,0.57866,0.10183,0.30586,0.50974,0.14105,-0.071892,-0.30906,0.098277,0.19824,0.29029,0.033723,-0.11929,-0.31256,0.15231,-0.29239,0.37567,0.089167,-0.42178,0.65868,-0.2837,-0.61586,0.40197,0.15866,-0.11134,-0.43198,0.029193,-0.13446,0.068054,-0.037164,0.3688,-0.12479,-0.44182,-0.28516
0.60106,0,-0.047849,-0.30882,0.11991,0.41738,0.19235,0.7039,0.60719,0.51136,0.26073,0.55356,0.057385,-0.25188,0.21297,0.3073,0.51609,0.26399,0.19423,-0.14056,0.31609,0.31711,0.33655,0.68268,0.52916,0.98574,0.11148,-0.08179,-0.053588,0.55353,-0.049854,0.81204,-0.53562,-0.34315,-0.61785,-0.60048,-0.42243,0.026527,0.27642,0.76644,0.41513,1.0314,0.26535,0.72777,-0.03338,0.32883,-0.21877,-0.031443,0.22084,0.03001,-0.045663,0.0062976,-0.048223,0.17471,-0.20059,-0.0090333,0.097733,0.17419,0.37908,0.40398,1.0284,0.094643,0.35085,0.28188,0.48929,-0.17896,-0.0015791,0.21996,0.58334,0.33863,0.29059,0.33528,0.45636,-0.19446,0.00055237,0.17223,0.094313,-0.094858,-0.35659,0.052924,-0.17561,0.29843,0.012388,0.078496,-0.30276,-0.019196,-0.50935,0.26782,-0.10745,-0.031778,0.67768,-0.36593,-0.27323,0.27166,0.44752,-0.27423,-0.30847,-0.035029,-0.096752,0.34878,0.4054,0.25439,0.37823,-0.36853,-0.044742
-0.031374,-0.047849,0,1.146,0.012895,0.0060152,0.066492,-0.17233,-0.080898,-0.0098574,-0.019781,-0.086208,0.27145,0.43807,0.40189,0.50698,0.40174,0.17507,0.91196,0.28202,-0.10906,0.030137,0.13115,0.31711,0.0081244,0.085685,0.35866,0.50243,0.14587,0.11327,-0.19969,-0.30757,0.40861,0.41687,0.097862,-0.012677,0.14886,-0.18796,-0.0016345,-0.078606,-0.15921,0.054522,-0.27286,-0.29036,0.32971,-0.16422,-0.1374,0.26919,0.17025,0.49201,0.56934,0.24478,0.19203,0.18177,0.31601,-0.24039,-0.27062,-0.10502,-0.08428,0.39583,0.25945,0.079945,-0.0037593,-0.34566,-0.16232,-0.098781,0.00079373,-0.16491,-0.11747,-0.34589,-0.66143,-0.11645,-0.3899,-0.099968,-0.13163,0.41744,0.43657,0.61389,0.51251,0.35282,0.1611,0.77563,0.78056,0.83163,0.6435,0.78763,0.36445,0.14669,0.04935,0.16492,-0.27977,0.68707,0.61654,0.35422,0.3075,0.94148,0.87713,0.45077,0.60441,-0.099957,0.02357,0.0047439,0.095288,0.28621,0.62421
-0.17543,-0.30882,1.146,0,0.091145,0.094097,-0.11366,-0.31128,-0.075352,-0.03163,-0.0076961,-0.22241,0.44122,0.80469,0.35538,0.54257,0.26647,0.3363,0.86683,0.39012,-0.030045,0.012808,0.10484,0.04968,-0.038266,-0.08787,0.45884,0.57599,0.030487,-0.083178,-0.27529,-0.53396,0.71925,0.88206,0.2494,0.094001,0.46967,0.012411,0.05617,-0.13522,-0.23608,-0.26924,-0.679,-0.72195,0.077157,-0.4497,-0.18941,0.077406,0.26698,0.46197,0.53919,0.052763,0.30124,0.31,0.52169,-0.26937,-0.40604,-0.32466,-0.34168,0.208,0.040798,0.10217,-0.085104,-0.36065,-0.37188,-0.25625,-0.17785,-0.11155,-0.21345,-0.32141,-0.72293,-0.45249,-0.66195,-0.3396,-0.30262,0.46527,0.55906,0.9955,1.1146,0.50645,0.52911,0.34525,0.67006,0.56202,1.0427,1.0699,0.79034,-0.093446,-0.022624,0.097974,-0.63659,0.52511,0.62633,0.12045,0.2553,0.68871,0.84021,0.35592,0.47297,-0.15374,-0.20078,0.072911,-0.17595,0.25529,0.4198
0.53833,0.11991,0.012895,0.091145,0,0.92502,0.46579,0.22113,0.96553,0.3263,0.49878,0.23122,0.71125,0.40379,0.47004,0.74062,0.064381,0.62328,0.18972,0.12543,0.43216,0.49748,0.49881,0.38282,0.7256,0.3461,1.0375,0.65649,0.53103,0.20965,-0.1688,0.07938,0.43477,0.24045,0.35772,0.20918,0.58517,0.44864,0.91938,0.5993,0.73231,0.16454,-0.024729,0.090023,-0.63491,-0.063685,0.068682,0.035886,0.57327,0.52283,0.29204,-0.39759,0.49855,0.2391,0.37316,0.09242,0.17263,0.011421,0.26055,0.66755,0.38828,0.36144,0.093028,0.029814,0.025157,0.23556,0.36651,0.54022,0.20101,0.34186,0.26762,-0.088231,0.31443,-0.20595,0.17618,0.53167,0.58524,0.46361,0.26444,0.9656,0.87149,-0.022463,0.089045,-0.17015,-0.0037467,0.27767,0.097221,-0.081247,-0.0065133,-0.69395,0.12925,-0.16349,-0.43051,0.31898,0.16776,0.20747,0.016889,0.57014,-0.022586,-0.06085,-0.27977,0.74815,-0.2453,-0.6747,-0.47542
0.2214,0.41738,0.0060152,0.094097,0.92502,0,0.028376,0.5034,0.91916,0.53535,0.25225,0.3948,0.60142,0.44513,0.49014,0.79406,0.4166,0.60557,0.22277,0.24291,0.76068,0.42886,0.60619,0.5041,0.7674,0.49747,0.80707,0.39966,0.22318,0.26408,-0.26009,0.2607,0.27932,0.36851,-0.12031,-0.081293,0.23148,0.46408,0.54302,0.60817,0.3953,0.2458,-0.26112,0.1402,-0.49926,-0.064831,-0.10965,-0.077582,0.61951,0.63855,0.58893,-0.14505,0.15879,0.43878,0.27982,-0.015068,-0.10489,-0.12851,0.044507,0.547,0.79406,0.52705,0.3683,0.22639,0.2387,-0.044918,0.12285,0.59237,0.54875,0.46565,0.28298,-0.28924,0.13718,-0.59319,-0.16837,0.17614,0.51246,0.46767,0.32214,0.8191,0.64055,0.0077255,0.17386,0.13475,0.15947,0.24402,0.07846,-0.12701,-0.081066,-0.28924,0.14952,-0.2158,-0.17369,0.18532,0.55456,-0.0098097,0.19932,0.42154,0.22498,0.28635,0.11083,0.77353,0.21809,-0.44618,-0.29277
0.81484,0.19235,0.066492,-0.11366,0.46579,0.028376,0,0.49724,0.39401,0.29753,0.97368,0.53053,0.21549,0.094557,0.27106,0.2386,-0.1305,0.2566,0.23337,-0.18599,-0.034946,0.45741,0.10622,0.1642,0.64634,0.4574,0.18621,0.38626,0.74341,0.76977,0.44844,0.46674,-0.090042,-0.11225,0.35289,0.38734,0.33834,0.38216,0.86859,0.64923,0.95418,0.49158,0.62715,0.60101,-0.11068,0.65721,-0.11886,0.0017534,-0.15611,0.13496,-0.074337,-0.37235,-0.053308,-0.54232,-0.26418,-0.046181,0.14322,0.1379,0.44991,0.12025,0.25367,0.17577,0.16224,-0.19737,-0.12808,0.01341,0.13587,0.3288,0.20673,0.28829,0.41889,0.50145,0.55616,0.12975,0.32887,0.43849,-0.0049297,-0.026835,-0.22725,0.088383,0.14214,0.0097966,-0.19072,-0.20964,-0.29477,-0.0035199,-0.14898,0.059793,-0.1352,-0.5849,0.49285,-0.061231,-0.4451,0.29085,0.047395,0.17328,-0.19527,0.31592,0.072433,-0.12445,-0.25247,0.33865,-0.17296,-0.29178,-0.26859
0.36854,0.7039,-0.17233,-0.31128,0.22113,0.5034,0.49724,0,0.51872,0.89097,0.74375,1.3004,0.12109,0.084784,0.22501,0.21981,0.13721,0.18473,0.05491,-0.050384,0.24345,0.18992,0.095426,0.14244,0.80697,0.75001,0.0041566,0.099271,0.50144,1.1093,0.43547,1.3563,-0.29409,-0.1021,-0.18015,0.086124,0.057064,0.70844,0.55415,0.85047,0.45897,0.49672,0.20836,0.81945,-0.13787,0.87821,-0.19595,-0.17415,-0.23528,0.25523,0.2089,-0.15812,-0.47362,-0.29161,-0.48816,-0.28736,-0.26211,-0.094406,0.13679,-0.0072563,0.80396,0.42233,0.67284,0.07506,0.19252,-0.2697,-0.047631,0.74517,0.682,0.89832,0.69599,0.14447,0.4616,-0.31809,0.0099983,0.069246,-0.11697,-0.13785,-0.24503,0.047504,0.023269,-0.14206,-0.27972,0.015835,-0.29717,-0.21634,-0.27347,-0.015307,-0.30169,-0.10057,0.69425,-0.1345,-0.17834,0.12561,0.53782,-0.21523,-0.1099,0.19208,0.26537,0.21036,0.15872,0.28793,0.36135,-0.27502,-0.26337
0.6801,0.60719,-0.080898,-0.075352,0.96553,0.91916,0.39401,0.51872,0,0.77189,0.60348,0.60633,0.70956,0.28638,0.73506,0.66152,0.40822,0.97706,0.24819,0.051914,0.63724,0.6505,0.57502,0.5502,1.1685,0.96648,0.9112,0.56942,0.2275,0.51503,-0.10611,0.52057,-0.010702,0.071875,-0.14506,-0.17765,0.25892,0.35531,1.1312,1.3963,0.87553,0.7171,0.087377,0.33793,-0.37249,0.1092,-0.17677,-0.21086,0.50436,0.43611,0.18975,-0.2422,0.21169,0.21671,0.20057,-0.027043,0.049822,-0.085421,0.2737,0.60689,0.90242,0.28275,0.21727,0.15297,0.27603,-0.048198,0.1235,0.54903,0.53729,0.43256,0.41014,0.22345,0.64212,-0.30377,0.11459,0.58079,0.65646,0.32223,0.11266,0.7232,0.58766,0.074951,-0.021791,-0.1634,-0.046688,0.28454,-0.042989,-0.16562,-0.2543,-0.40545,0.42178,-0.53283,-0.69416,0.38518,0.44004,0.12262,-0.042218,0.53729,-0.090625,0.11943,0.033827,0.82956,0.079441,-0.48087,-0.24656
0.49648,0.51136,-0.0098574,-0.03163,0.3263,0.53535,0.29753,0.89097,0.77189,0,0.70111,1.2622,0.25644,0.28041,0.74426,0.34142,0.52821,0.6822,0.30766,0.33526,0.66383,0.41348,0.38565,0.23582,0.97166,1.1443,0.4112,0.60324,0.4775,1.0149,0.24358,1.0452,-0.22786,0.053625,-0.2194,0.027757,0.16423,0.65446,0.80871,0.97687,0.55582,0.46992,0.078133,0.4366,-0.085894,0.53884,-0.088534,-0.13955,0.058502,0.20389,0.18744,0.020497,-0.24397,-0.16682,-0.12695,-0.044909,-0.15575,-0.18274,0.083931,0.30429,0.90441,0.49244,0.83339,0.25494,0.39092,-0.19694,-0.031814,0.74532,0.8868,0.87578,0.62353,0.11071,0.43164,-0.45804,-0.11815,0.29579,0.15177,0.069397,0.051043,0.21279,0.39007,0.064738,0.0063071,0.22065,0.12997,0.31571,0.0090732,-0.045468,-0.17493,0.02192,0.41341,-0.13508,-0.14149,0.5447,0.87968,0.034972,0.16318,0.26628,0.38321,0.27196,0.27096,0.35856,0.36025,0.05077,-0.035908
0.59188,0.26073,-0.019781,-0.0076961,0.49878,0.25225,0.97368,0.74375,0.60348,0.70111,0,0.77609,0.57361,0.41956,0.33844,0.32872,0.013246,0.56004,0.40131,0.026226,0.14132,0.44409,0.13703,0.022451,0.88783,0.57335,0.31361,0.53363,0.66778,0.99951,0.57787,0.67512,0.070224,0.12167,0.25504,0.27267,0.54828,0.64727,1.0592,0.87145,0.72664,0.30341,0.18236,0.37661,-0.17197,0.58366,-0.37777,-0.37831,-0.1224,0.3668,0.14003,-0.44003,-0.2216,-0.414,-0.26673,-0.32768,-0.21394,-0.26114,-0.0007,0.061007,0.39921,0.5918,0.52754,-0.070222,-0.09214,-0.41635,-0.26006,0.5772,0.40314,0.65688,0.58047,0.26209,0.35981,-0.36494,-0.077198,0.54822,0.068171,0.1572,0.058813,0.25112,0.45998,-0.13255,-0.15466,-0.2441,-0.064132,0.17159,0.16905,-0.27039,-0.47352,-0.45876,0.39301,-0.10235,-0.32665,0.20489,0.23261,0.095173,-0.041903,0.30009,0.11388,0.091124,-0.19808,0.57824,-0.044078,-0.251,-0.42542
0.50234,0.55356,-0.086208,-0.22241,0.23122,0.3948,0.53053,1.3004,0.60633,1.2622,0.77609,0,0.1621,0.2231,0.47632,0.19498,0.258,0.39527,0.078451,-0.012506,0.32681,0.44848,0.10197,0.2491,0.93684,1.0848,0.096477,0.24179,0.44652,1.2371,0.46427,1.4611,-0.37136,-0.034827,-0.20778,0.15903,0.063802,0.65107,0.71115,1.0171,0.61451,0.65095,0.39984,0.90979,-0.065539,0.99402,-0.055261,-0.068153,-0.21162,0.18592,0.13661,-0.12053,-0.55874,-0.46236,-0.49184,-0.15793,-0.078304,0.088618,0.33832,0.089477,0.84352,0.36929,0.68939,0.072311,0.33206,-0.16034,0.029647,0.51025,0.77292,0.75133,0.79412,0.34582,0.72196,-0.24559,0.0012964,0.19147,0.008659,-0.049245,-0.09533,0.1355,0.19727,-0.020162,-0.25672,0.069117,-0.18124,-0.051814,-0.18775,0.13704,-0.10716,-0.057594,0.56037,-0.166,-0.2351,0.32982,0.62631,-0.085904,-0.028746,0.15461,0.29076,0.16142,0.18742,0.33642,0.39465,-0.12038,-0.038031
0.075298,0.057385,0.27145,0.44122,0.71125,0.60142,0.21549,0.12109,0.70956,0.25644,0.57361,0.1621,0,0.89418,0.38844,0.66557,0.15237,0.71844,0.51784,0.096684,0.21735,0.38146,0.21293,0.13044,0.58514,0.29862,0.76133,0.59781,0.076733,0.20384,-0.0021324,0.014024,0.55963,0.53648,-0.0088558,-0.16383,0.52601,0.11016,0.59295,0.49313,0.30624,0.14807,-0.36635,-0.21094,-0.23496,-0.26627,-0.61989,-0.51619,0.28853,1.1004,0.642,-0.44708,0.16524,0.24515,0.34738,-0.40693,-0.38025,-0.49191,-0.26414,0.21214,0.32738,0.62242,0.091617,-0.10541,-0.10786,-0.51344,-0.35721,0.23576,0.24216,0.18518,-0.018818,0.00767,0.042339,-0.55496,-0.27662,0.60522,0.78966,1.0708,0.72556,1.1361,0.84948,-0.024488,0.10259,-0.13657,0.31618,0.56937,0.47977,-0.55396,-0.55176,-0.38611,-0.15634,-0.15856,-0.17745,0.069885,0.19825,0.42698,0.37087,0.55247,0.024556,-0.016229,-0.35977,0.91253,-0.10957,-0.30269,-0.17619
-0.11804,-0.25188,0.43807,0.80469,0.40379,0.44513,0.094557,0.084784,0.28638,0.28041,0.41956,0.2231,0.89418,0,0.57852,0.71119,0.11928,0.60866,0.51594,0.16067,0.2019,0.34633,0.09277,0.029488,0.38057,0.10926,0.51043,0.5962,0.16031,0.25545,0.054948,-0.12977,0.60509,1.3691,0.22262,0.28837,0.70362,0.39221,0.46222,0.29211,0.1179,-0.1026,-0.38522,-0.27709,-0.15504,-0.13695,-0.274,-0.17087,0.17837,0.78111,0.87219,-0.25151,-0.095122,0.036843,0.23058,-0.40817,-0.41107,-0.36646,-0.24772,0.064087,0.15047,0.5854,0.21005,-0.19464,-0.22584,-0.35423,-0.2129,0.16694,0.11917,0.17381,-0.013618,-0.25034,-0.14212,-0.5866,-0.35398,0.46442,0.57187,1.074,1.4293,0.74086,0.99007,-0.048347,0.24677,0.14381,0.59482,0.60006,0.7528,-0.34521,-0.19007,-0.28588,-0.32066,0.121,0.15467,0.015504,0.2911,0.49845,0.7504,0.43407,0.42866,0.087399,-0.14073,0.60905,0.057393,-0.00017777,0.042807
0.39248,0.21297,0.40189,0.35538,0.47004,0.49014,0.27106,0.22501,0.73506,0.74426,0.33844,0.47632,0.38844,0.57852,0,0.87049,0.66961,0.94122,0.47259,0.35209,0.71116,0.6485,0.65387,0.52577,0.74321,0.68125,0.8732,0.88555,0.25235,0.54807,-0.17713,0.21498,0.033158,0.45732,-0.0291,0.081809,0.37055,0.37332,0.86871,0.78383,0.55758,0.48355,0.058575,0.12015,-0.043467,0.077156,-0.054037,0.047342,0.45496,0.35846,0.47098,0.16843,0.09815,0.10867,0.3591,0.12979,0.06512,-0.089273,0.22283,0.67344,0.64702,0.30568,0.29798,0.18627,0.30379,0.053245,0.21762,0.35672,0.45823,0.24735,0.17225,0.060031,0.33793,-0.25454,0.048881,0.54959,0.52024,0.41827,0.42691,0.47768,0.64866,0.36464,0.31801,0.30403,0.40987,0.71788,0.26296,-0.098954,0.001714,-0.23691,0.16468,-0.17597,-0.21262,0.5595,0.57048,0.59024,0.56363,0.61589,0.38513,0.28834,0.3958,0.58151,0.40743,0.066234,0.21799
0.30451,0.3073,0.50698,0.54257,0.74062,0.79406,0.2386,0.21981,0.66152,0.34142,0.32872,0.19498,0.66557,0.71119,0.87049,0,0.47609,0.66283,0.63752,0.21648,0.52215,0.59028,0.71095,0.67354,0.69553,0.38397,0.87861,0.59588,0.24923,0.35426,-0.25393,-0.0063781,0.42617,0.71261,0.085787,0.0047905,0.49053,0.33727,0.6502,0.5795,0.47856,0.30385,-0.24375,-0.012769,-0.40216,-0.1617,-0.23633,0.070159,0.76136,0.76875,0.75936,-0.015812,0.28535,0.36221,0.45121,-0.013453,-0.0041233,-0.09746,0.13446,0.63605,0.56408,0.39351,0.25784,0.14943,0.12184,-0.06983,0.16102,0.39592,0.32136,0.20911,0.024826,-0.23681,0.045948,-0.53191,-0.12284,0.48807,0.5415,0.75997,0.62008,0.74322,0.76136,0.33386,0.52143,0.30588,0.41278,0.67091,0.38614,-0.067499,-0.014278,-0.41972,-0.0035221,-0.10372,-0.097445,0.25025,0.30041,0.40857,0.41262,0.50121,0.25726,0.25404,0.12006,0.63174,0.1927,-0.36168,-0.13438
0.29344,0.51609,0.40174,0.26647,0.064381,0.4166,-0.1305,0.13721,0.40822,0.52821,0.013246,0.258,0.15237,0.11928,0.66961,0.47609,0,0.68769,0.66818,0.6346,0.87266,0.58732,1.0344,0.80741,0.46656,0.64072,0.57096,0.37343,-0.14823,0.29424,-0.48011,0.2217,-0.107,0.13999,-0.47832,-0.45715,-0.17272,0.022263,0.21615,0.36485,0.2218,0.44783,-0.14978,0.033366,-0.073888,-0.13976,-0.24156,-0.1066,0.61461,0.18911,0.25237,0.51988,-0.045633,0.25137,0.15488,0.27247,0.047304,0.050285,0.026918,0.67932,0.83975,0.1553,0.52985,0.45708,0.55403,-0.21758,-0.17955,0.16837,0.70689,-0.036861,0.015042,-0.14762,-0.086131,-0.51037,-0.47942,0.14745,0.21172,0.13794,0.10511,0.12628,0.20783,0.93338,0.62917,0.49471,0.45655,0.60588,0.17167,0.091532,0.074841,0.36273,-0.015381,-0.10082,0.0074573,0.2938,0.59511,0.17438,0.36081,0.13259,0.27073,0.57898,0.61073,0.36091,0.68076,0.18813,0.25969
0.51588,0.26399,0.17507,0.3363,0.62328,0.60557,0.2566,0.18473,0.97706,0.6822,0.56004,0.39527,0.71844,0.60866,0.94122,0.66283,0.68769,0,0.65678,0.40501,0.73912,0.82452,0.69191,0.48618,0.73913,0.74743,1.1617,0.77182,0.08184,0.3623,-0.25382,0.20587,0.18775,0.41751,0.0020966,-0.10567,0.39872,0.33682,0.93548,0.82289,0.57154,0.37202,-0.11732,-0.034482,-0.22286,-0.093108,-0.2294,-0.28751,0.58437,0.31782,0.2087,-0.15402,0.1778,0.21554,0.29548,0.057398,0.0053198,-0.15156,0.024029,0.65414,0.67148,0.35147,0.32594,0.12012,0.19498,-0.24166,-0.17074,0.24835,0.46103,0.18316,0.15883,0.01479,0.17313,-0.4761,-0.22039,0.77475,0.64262,0.52643,0.44973,0.60528,0.8768,0.23296,0.19795,-0.029523,0.39541,0.77334,0.38733,-0.20002,-0.1656,-0.21347,0.034735,-0.30169,-0.32173,0.32849,0.48129,0.2828,0.24509,0.41486,0.048677,0.21047,0.079098,0.86486,0.090181,-0.099631,-0.011998
0.29704,0.19423,0.91196,0.86683,0.18972,0.22277,0.23337,0.05491,0.24819,0.30766,0.40131,0.078451,0.51784,0.51594,0.47259,0.63752,0.66818,0.65678,0,0.43119,0.24404,0.34476,0.49183,0.36942,0.35547,0.36774,0.61306,0.75798,0.21729,0.38268,-0.11614,-0.030245,0.33498,0.43132,0.051419,-0.13766,0.21837,0.041398,0.3258,0.2502,0.17477,0.16885,-0.31468,-0.22549,0.070244,-0.13129,-0.42337,-0.098528,0.37989,0.44131,0.37758,0.058667,0.13472,0.13449,0.19564,-0.24063,-0.34801,-0.29921,-0.24254,0.42181,0.44295,0.36074,0.3715,-0.10176,-0.14077,-0.45386,-0.36305,0.14855,0.23398,-0.035534,-0.23651,-0.11818,-0.39164,-0.5119,-0.43555,0.56746,0.41434,0.56978,0.43125,0.28816,0.34475,0.63356,0.81597,0.50048,0.66678,1.0287,0.44783,-0.078635,-0.20462,0.019314,-0.096219,0.3353,0.27837,0.33463,0.4477,0.5031,0.54963,0.34304,0.48764,0.21143,0.028609,0.33595,0.06217,0.2042,0.15519
0.032633,-0.14056,0.28202,0.39012,0.12543,0.24291,-0.18599,-0.050384,0.051914,0.33526,0.026226,-0.012506,0.096684,0.16067,0.35209,0.21648,0.6346,0.40501,0.43119,0,0.47247,0.10016,0.62998,0.018984,0.14729,0.069101,0.52983,0.50832,0.16269,0.029638,-0.36959,-0.062391,0.40688,0.2969,0.14119,0.083755,0.37384,0.36949,0.1662,-0.06765,-0.0072398,-0.34218,-0.45922,-0.41882,-0.17984,-0.25776,-0.04177,-0.24933,0.22044,0.118,0.19144,0.18652,0.12133,0.12922,0.23496,0.23426,-0.18009,-0.25693,-0.46292,0.34665,0.19205,0.30059,0.4014,0.22636,0.098107,-0.15596,-0.21589,0.30976,0.34092,0.02124,-0.10733,-0.53098,-0.48716,-0.3173,-0.30072,0.06701,-0.045678,0.18562,0.19231,0.10566,0.44046,0.27361,0.30854,0.34073,0.57034,0.68724,0.57635,-0.20287,-0.09914,0.25672,-0.21597,0.12034,0.22362,0.039589,0.19822,0.13687,0.41275,0.081655,0.24737,0.16416,0.044141,0.17862,0.14846,0.18917,-0.060805
0.26336,0.31609,-0.10906,-0.030045,0.43216,0.76068,-0.034946,0.24345,0.63724,0.66383,0.14132,0.32681,0.21735,0.2019,0.71116,0.52215,0.87266,0.73912,0.24404,0.47247,0,0.75092,1.1945,0.56029,0.68874,0.53735,0.66716,0.42169,0.055003,0.25512,-0.29818,0.29589,-0.099923,0.16807,-0.34044,-0.21855,0.010861,0.30238,0.46422,0.50743,0.47009,0.29178,-0.11514,0.10346,-0.39805,-0.096702,-0.13353,-0.11315,0.78432,0.18918,0.28099,0.37059,0.025219,0.26328,0.32198,0.59113,0.27292,-0.01729,0.11109,0.56687,0.57999,0.42284,0.6786,0.96439,0.76779,-0.015604,0.025899,0.55783,0.95608,0.4355,0.47592,-0.27887,0.14284,-0.69285,-0.42239,-0.0068672,0.13756,0.054467,0.12989,0.21474,0.48284,0.26568,0.34519,0.15818,0.33936,0.35377,0.12523,-0.099705,0.17547,-0.0082013,-0.014765,-0.35259,-0.25556,0.34493,0.57852,-0.021809,0.19651,0.18219,0.22922,0.75259,0.58023,0.56592,0.53368,0.04244,-0.13678
0.6653,0.31711,0.030137,0.012808,0.49748,0.42886,0.45741,0.18992,0.6505,0.41348,0.44409,0.44848,0.38146,0.34633,0.6485,0.59028,0.58732,0.82452,0.34476,0.10016,0.75092,0,0.80796,0.85133,0.90805,0.62992,0.54478,0.32329,0.060533,0.43544,-0.027297,0.29095,-0.049543,0.28379,-0.097898,0.0094707,0.13977,0.2495,0.70918,0.70409,1.0105,0.63326,0.35157,0.40928,-0.42412,0.14715,-0.21076,-0.060801,0.58919,0.22345,0.11018,0.0092137,-0.15393,-0.16392,-0.021481,0.39044,0.47208,0.36301,0.49643,0.44004,0.48524,0.24852,0.43086,0.40824,0.42346,-0.065099,0.0004132,0.14205,0.67897,0.10982,0.54066,0.20491,0.43574,-0.40028,-0.30154,0.19899,0.15039,0.19698,0.16203,0.28272,0.57329,0.34078,0.20562,-0.019889,0.15081,0.2952,0.19409,0.12475,0.2011,-0.34761,0.085348,-0.48855,-0.57146,0.21307,0.16704,-0.0086144,-0.042237,0.015421,0.0156,0.46209,0.22699,0.7982,0.31445,-0.21185,-0.19225
0.4831,0.33655,0.13115,0.10484,0.49881,0.60619,0.10622,0.095426,0.57502,0.38565,0.13703,0.10197,0.21293,0.09277,0.65387,0.71095,1.0344,0.69191,0.49183,0.62998,1.1945,0.80796,0,0.78787,0.66439,0.4018,0.84479,0.49614,0.12397,0.23007,-0.46964,0.092588,0.09712,0.18365,-0.090437,-0.16142,0.13512,0.2482,0.4788,0.40915,0.58522,0.29473,-0.094225,0.026706,-0.52089,-0.20706,-0.16351,-0.083771,1.0142,0.22647,0.20535,0.34723,0.19213,0.24303,0.30652,0.54342,0.29137,0.077744,0.12035,0.76441,0.53352,0.22006,0.47639,0.65598,0.44324,0.020041,0.048098,0.47505,0.65376,0.092578,0.24329,-0.27751,-0.012549,-0.49259,-0.29517,0.098583,0.11772,0.08245,0.034244,0.18485,0.43609,0.58391,0.58009,0.21227,0.32662,0.48072,0.22673,-0.037284,0.12442,-0.080014,0.039979,-0.28618,-0.32603,0.2257,0.25451,0.077935,0.13952,0.19504,0.11669,0.60068,0.39104,0.54763,0.38417,-0.11707,-0.25835
0.55432,0.68268,0.31711,0.04968,0.38282,0.5041,0.1642,0.14244,0.5502,0.23582,0.022451,0.2491,0.13044,0.029488,0.52577,0.67354,0.80741,0.48618,0.36942,0.018984,0.56029,0.85133,0.78787,0,0.49675,0.61874,0.52333,0.13464,-0.024468,0.2196,-0.36945,0.16045,-0.08804,0.03319,-0.24727,-0.28596,-0.23006,-0.089357,0.2692,0.46724,0.47766,0.7849,0.23364,0.4069,-0.1833,0.044299,0.038093,0.36873,0.88223,0.21587,0.16861,0.31026,0.13021,0.26791,0.13248,0.36504,0.53039,0.55864,0.67445,0.96021,0.82429,-0.030477,0.25342,0.30982,0.58049,0.23141,0.33858,-0.018516,0.3871,-0.085015,0.1249,0.12348,0.30249,-0.18644,-0.10655,0.18767,0.29901,0.11554,-0.0054754,0.29285,0.15886,0.83069,0.5148,0.33807,0.090643,0.22538,-0.11334,0.53168,0.44677,-0.064929,0.16825,-0.16826,-0.22889,0.41945,0.29617,0.10135,0.0097325,0.1346,0.063727,0.35165,0.48758,0.35584,0.4337,-0.23922,0.11246
0.70779,0.52916,0.0081244,-0.038266,0.7256,0.7674,0.64634,0.80697,1.1685,0.97166,0.88783,0.93684,0.58514,0.38057,0.74321,0.69553,0.46656,0.73913,0.35547,0.14729,0.68874,0.90805,0.66439,0.49675,0,0.95019,0.61293,0.6188,0.46963,1.0099,0.19863,0.76015,-0.042501,0.19119,-0.11459,0.063907,0.3381,0.63018,1.2579,1.3483,1.1877,0.70162,0.19405,0.5414,-0.44535,0.39698,-0.35793,-0.2473,0.29937,0.53742,0.32251,-0.11327,-0.18176,-0.19189,-0.072727,-0.018097,-0.021831,-0.063245,0.25537,0.33461,0.85055,0.48045,0.57881,0.2554,0.25576,-0.22513,-0.017011,0.79678,0.91142,0.57352,0.71152,0.17166,0.55686,-0.52546,-0.11821,0.29313,0.23579,0.21921,0.083555,0.44397,0.58358,0.13001,0.063082,0.02415,0.043995,0.2523,0.086633,-0.15532,-0.23574,-0.37072,0.40692,-0.3955,-0.5543,0.30741,0.46124,0.065616,0.046955,0.37514,0.21446,0.32809,0.092954,0.83499,0.29128,-0.3197,-0.34748
0.81127,0.98574,0.085685,-0.08787,0.3461,0.49747,0.4574,0.75001,0.96648,1.1443,0.57335,1.0848,0.29862,0.10926,0.68125,0.38397,0.64072,0.74743,0.36774,0.069101,0.53735,0.62992,0.4018,0.61874,0.95019,0,0.42974,0.39293,0.19466,0.88028,0.061401,1.0322,-0.42671,-0.13612,-0.44926,-0.28729,-0.11986,0.25052,0.764,1.2782,0.73764,1.1312,0.33775,0.69102,-0.0096391,0.46794,-0.14835,-0.055324,0.16933,0.14205,0.036597,-0.080287,-0.09097,-0.040119,-0.12336,0.03088,0.078072,0.11421,0.4348,0.51632,1.3303,0.27089,0.49751,0.17889,0.50431,-0.1572,0.02287,0.33855,0.85066,0.47988,0.4287,0.44991,0.68034,-0.23467,0.0056562,0.4651,0.33719,0.126,-0.080438,0.29759,0.2077,0.28908,-0.020511,0.13227,-0.062023,0.29385,-0.26633,0.20175,-0.088242,-0.066065,0.53052,-0.29655,-0.3129,0.62008,0.81429,0.028349,-0.036576,0.22268,0.13682,0.19968,0.25651,0.46595,0.30231,-0.14562,0.1173
0.39735,0.11148,0.35866,0.45884,1.0375,0.80707,0.18621,0.0041566,0.9112,0.4112,0.31361,0.096477,0.76133,0.51043,0.8732,0.87861,0.57096,1.1617,0.61306,0.52983,0.66716,0.54478,0.84479,0.52333,0.61293,0.42974,0,1.0545,0.26268,0.12843,-0.45743,-0.082236,0.51683,0.41383,0.18166,-0.038469,0.53001,0.24243,0.77075,0.51117,0.45761,0.17987,-0.28863,-0.22857,-0.29578,-0.31223,-0.10859,-0.089885,0.86203,0.54576,0.39808,-0.061738,0.57771,0.48758,0.6949,0.13035,0.018759,-0.20526,-0.010549,1.0109,0.56136,0.30737,0.1166,0.06956,0.096431,0.027534,0.10312,0.33677,0.24209,0.072618,-0.064007,-0.18618,0.021939,-0.3522,-0.054804,0.67758,0.81652,0.6495,0.47181,0.93032,0.94516,0.31626,0.41249,0.13413,0.48259,0.87287,0.40982,-0.22033,-0.095671,-0.29209,-0.058321,-0.094339,-0.20723,0.43948,0.38014,0.51163,0.39744,0.72519,0.13391,0.062783,-0.028638,0.73701,-0.038993,-0.18482,-0.064222
0.37511,-0.08179,0.50243,0.57599,0.65649,0.39966,0.38626,0.099271,0.56942,0.60324,0.53363,0.24179,0.59781,0.5962,0.88555,0.59588,0.37343,0.77182,0.75798,0.50832,0.42169,0.32329,0.49614,0.13464,0.6188,0.39293,1.0545,0,0.65307,0.44578,-0.035791,0.044074,0.37122,0.38905,0.28832,0.22428,0.63184,0.36554,0.83107,0.4542,0.44394,0.09224,-0.19777,-0.19856,-0.07249,-0.034623,-0.13579,-0.073943,0.3247,0.48038,0.39748,-0.020864,0.29886,0.047356,0.42707,-0.083614,-0.24981,-0.42853,-0.13784,0.51435,0.3578,0.40558,0.23198,-0.090282,-0.14181,-0.070261,0.019778,0.53728,0.22227,0.234,0.011294,-0.098642,-0.017015,-0.31002,-0.028882,0.64823,0.58234,0.51641,0.44586,0.55299,0.72725,0.24916,0.44738,0.29684,0.54977,0.92236,0.41284,-0.31028,-0.22188,-0.21635,-0.00066437,0.21444,-0.0072141,0.61484,0.51743,0.75088,0.63455,0.81543,0.52914,0.012717,-0.095379,0.45174,-0.076835,0.16446,0.040811
0.40793,-0.053588,0.14587,0.030487,0.53103,0.22318,0.74341,0.50144,0.2275,0.4775,0.66778,0.44652,0.076733,0.16031,0.25235,0.24923,-0.14823,0.08184,0.21729,0.16269,0.055003,0.060533,0.12397,-0.024468,0.46963,0.19466,0.26268,0.65307,0,0.62275,0.48153,0.32226,0.23279,0.02294,0.61892,0.7358,0.50413,0.64284,0.57022,0.27961,0.44942,-0.02039,0.1489,0.27015,-0.11293,0.60802,0.1918,0.24825,-0.1011,0.25085,0.16924,-0.11274,0.016416,-0.38616,-0.10863,-0.10455,-0.10916,-0.12351,0.08651,0.16994,0.19082,0.34963,0.39309,-0.16501,-0.19313,0.22237,0.33708,0.71281,0.1153,0.574,0.38359,-0.01071,0.15654,-0.028101,0.23792,0.17725,-0.072874,-0.043602,-0.094196,0.10093,0.2292,-0.071815,0.09286,0.23311,0.00058446,0.065256,0.028591,0.030017,-0.030136,-0.29865,0.35294,0.41564,0.03941,0.47255,0.2143,0.23348,0.133,0.43006,0.53098,-0.13427,-0.17983,0.034574,-0.13515,-0.038566,-0.32033
0.64711,0.55353,0.11327,-0.083178,0.20965,0.26408,0.76977,1.1093,0.51503,1.0149,0.99951,1.2371,0.20384,0.25545,0.54807,0.35426,0.29424,0.3623,0.38268,0.029638,0.25512,0.43544,0.23007,0.2196,1.0099,0.88028,0.12843,0.44578,0.62275,0,0.50393,1.0815,-0.32392,0.036659,-0.079883,0.19253,0.15219,0.62756,0.80993,0.99313,0.75561,0.64968,0.40674,0.77191,-0.048668,0.86295,-0.23178,-0.12967,-0.18354,0.2432,0.20724,-0.1042,-0.50424,-0.57103,-0.50327,-0.28524,-0.2146,-0.062898,0.20748,0.078136,0.67329,0.47264,0.73307,0.041469,0.094334,-0.27535,-0.069541,0.67611,0.71081,0.68463,0.69295,0.34972,0.48965,-0.26417,0.0035488,0.28878,-0.025905,-0.021874,-0.11384,0.0097049,0.13053,0.13769,-0.0041047,0.13052,-0.13912,0.091953,-0.12569,-0.0080616,-0.28796,-0.21425,0.71489,-0.066181,-0.23467,0.31275,0.50477,0.087149,0.094138,0.23653,0.42421,0.3209,0.19777,0.39947,0.39767,-0.075616,-0.14484
-0.00039496,-0.049854,-0.19969,-0.27529,-0.1688,-0.26009,0.44844,0.43547,-0.10611,0.24358,0.57787,0.46427,-0.0021324,0.054948,-0.17713,-0.25393,-0.48011,-0.25382,-0.11614,-0.36959,-0.29818,-0.027297,-0.46964,-0.36945,0.19863,0.061401,-0.45743,-0.035791,0.48153,0.50393,0,0.49536,-0.12934,-0.089744,0.086427,0.36971,0.087449,0.18207,0.11664,0.12196,0.15839,0.082378,0.35724,0.45468,0.29409,0.953,-0.21084,-0.076099,-0.64658,0.072657,-0.033638,-0.17048,-0.62969,-0.81144,-0.52829,-0.34967,-0.22651,-0.21773,-0.053891,-0.63157,-0.13311,0.31591,0.30381,-0.10441,-0.1354,-0.25178,-0.17833,0.129,0.10974,0.51073,0.54099,0.4864,0.31755,-0.04733,-0.049275,-0.24229,-0.446,-0.20341,-0.1584,-0.2573,-0.12576,-0.49282,-0.34013,-0.0028738,-0.11663,-0.29922,0.0056882,-0.13477,-0.26752,-0.19502,0.31306,0.064075,0.0024161,0.10863,-0.057438,-0.16555,-0.12716,-0.15815,0.25013,-0.03053,-0.11138,-0.13708,-0.002222,0.20703,-0.2071
0.52485,0.81204,-0.30757,-0.53396,0.07938,0.2607,0.46674,1.3563,0.52057,1.0452,0.67512,1.4611,0.014024,-0.12977,0.21498,-0.0063781,0.2217,0.20587,-0.030245,-0.062391,0.29589,0.29095,0.092588,0.16045,0.76015,1.0322,-0.082236,0.044074,0.32226,1.0815,0.49536,0,-0.64977,-0.37883,-0.4136,-0.089201,-0.17529,0.44034,0.50697,0.8827,0.56591,0.70886,0.46341,1.055,-0.02585,0.9685,-0.15052,-0.19481,-0.286,0.00075745,-0.081224,-0.095952,-0.52385,-0.4222,-0.58546,-0.076599,-0.038918,0.051091,0.27944,-6.8063e-06,0.73792,0.33243,0.69915,0.25145,0.43989,-0.22845,-0.07425,0.54365,0.88579,0.85179,0.88072,0.44633,0.73197,-0.18571,0.014786,0.035023,-0.19701,-0.30619,-0.43957,-0.10106,-0.080831,-0.068659,-0.36825,-0.061208,-0.39421,-0.21068,-0.42936,0.093579,-0.21723,-0.0055974,0.761,-0.29998,-0.32203,0.27277,0.50309,-0.31883,-0.2796,-0.02558,0.097392,0.24712,0.23509,0.21981,0.38305,-0.14563,-0.16749
-0.27969,-0.53562,0.40861,0.71925,0.43477,0.27932,-0.090042,-0.29409,-0.010702,-0.22786,0.070224,-0.37136,0.55963,0.60509,0.033158,0.42617,-0.107,0.18775,0.33498,0.40688,-0.099923,-0.049543,0.09712,-0.08804,-0.042501,-0.42671,0.51683,0.37122,0.23279,-0.32392,-0.12934,-0.64977,0,0.77286,0.68038,0.33828,0.86957,0.16157,0.067797,-0.2721,-0.18354,-0.62787,-0.73186,-0.74577,-0.22143,-0.43459,-0.11284,-0.086161,0.27066,0.65467,0.49728,-0.2181,0.35936,0.29045,0.46987,-0.23227,-0.3295,-0.38785,-0.52191,0.11856,-0.1622,0.21866,-0.13537,-0.33748,-0.47357,-0.1054,-0.10181,-0.008137,-0.34236,-0.19761,-0.42082,-0.5337,-0.5891,-0.26019,-0.18704,0.18499,0.28511,0.7364,0.72081,0.6076,0.68127,-0.097265,0.26642,0.16191,0.6064,0.46997,1.0014,-0.33699,-0.16837,-0.17773,-0.51414,0.30528,0.29012,-0.16758,-0.23382,0.35045,0.42094,0.30524,0.11257,-0.31319,-0.52568,0.16656,-0.3652,-0.12634,-0.21403
-0.21499,-0.34315,0.41687,0.88206,0.24045,0.36851,-0.11225,-0.1021,0.071875,0.053625,0.12167,-0.034827,0.53648,1.3691,0.45732,0.71261,0.13999,0.41751,0.43132,0.2969,0.16807,0.28379,0.18365,0.03319,0.19119,-0.13612,0.41383,0.38905,0.02294,0.036659,-0.089744,-0.37883,0.77286,0,0.31721,0.36692,0.74127,0.39663,0.245,0.050383,0.0039361,-0.27332,-0.4759,-0.42386,-0.23421,-0.28725,-0.2064,-0.10161,0.28338,0.55323,0.7165,-0.15075,-0.04842,0.098298,0.27013,-0.26589,-0.34849,-0.29369,-0.31934,-0.00082714,-0.022174,0.34943,0.081737,-0.15675,-0.32548,-0.28311,-0.18161,0.038264,-0.0078857,-0.054454,-0.14475,-0.44222,-0.36668,-0.50897,-0.35732,0.19788,0.34324,0.94883,1.3542,0.5099,0.87698,-0.060828,0.3218,0.25963,0.74124,0.59505,1.0211,-0.30935,-0.10045,-0.26544,-0.39203,0.047133,0.19795,-0.21105,0.049328,0.29048,0.64355,0.17573,0.35341,0.12597,-0.097193,0.42654,0.054513,-0.00086858,-0.033078
0.14032,-0.61785,0.097862,0.2494,0.35772,-0.12031,0.35289,-0.18015,-0.14506,-0.2194,0.25504,-0.20778,-0.0088558,0.22262,-0.0291,0.085787,-0.47832,0.0020966,0.051419,0.14119,-0.34044,-0.097898,-0.090437,-0.24727,-0.11459,-0.44926,0.18166,0.28832,0.61892,-0.079883,0.086427,-0.4136,0.68038,0.31721,0,1.1409,0.8913,0.45845,0.23507,-0.1856,0.077268,-0.56878,-0.022672,-0.25493,-0.20848,0.052628,0.39353,0.22168,-0.036329,-0.022375,-0.075966,-0.32493,0.26746,-0.20835,0.03512,-0.10668,0.0076793,0.0074898,-0.060961,0.031098,-0.40644,-0.081642,-0.20424,-0.51236,-0.71341,0.33703,0.28049,0.067149,-0.61172,-0.121,-0.08159,-0.22606,-0.21115,0.25882,0.33891,0.27391,-0.038506,0.081299,0.15391,0.083855,0.34642,-0.20929,0.011012,-0.13467,0.040976,0.047477,0.37963,-0.020677,0.068878,-0.42359,-0.042222,0.3419,0.020836,-0.10279,-0.42919,0.18122,-0.0080725,0.16887,0.011109,-0.39916,-0.50321,-0.049287,-0.58405,-0.18031,-0.34817
0.104,-0.60048,-0.012677,0.094001,0.20918,-0.081293,0.38734,0.086124,-0.17765,0.027757,0.27267,0.15903,-0.16383,0.28837,0.081809,0.0047905,-0.45715,-0.10567,-0.13766,0.083755,-0.21855,0.0094707,-0.16142,-0.28596,0.063907,-0.28729,-0.038469,0.22428,0.7358,0.19253,0.36971,-0.089201,0.33828,0.36692,1.1409,0,0.71057,0.75708,0.27614,-0.071931,0.18843,-0.39956,0.21882,0.077876,-0.18606,0.41749,0.4663,0.29796,-0.26264,-0.053157,0.0050587,-0.21334,-0.17517,-0.61571,-0.24761,-0.09054,-0.0045752,0.1188,0.091569,-0.19395,-0.32782,0.020518,0.021895,-0.37178,-0.50458,0.35671,0.35854,0.19965,-0.26674,0.09624,0.26402,-0.11756,0.023164,0.21542,0.2979,-0.013335,-0.22866,-0.048538,0.11758,-0.043797,0.3042,-0.31724,-0.11532,0.0077277,-0.01028,-0.12925,0.26245,0.065383,0.17226,-0.3712,0.087711,0.26882,0.0068424,-0.080646,-0.23326,0.039992,0.046384,0.050605,0.28723,-0.21617,-0.27788,-0.05193,-0.23195,-0.034198,-0.27725
0.091512,-0.42243,0.14886,0.46967,0.58517,0.23148,0.33834,0.057064,0.25892,0.16423,0.54828,0.063802,0.52601,0.70362,0.37055,0.49053,-0.17272,0.39872,0.21837,0.37384,0.010861,0.13977,0.13512,-0.23006,0.3381,-0.11986,0.53001,0.63184,0.50413,0.15219,0.087449,-0.17529,0.86957,0.74127,0.8913,0.71057,0,0.76792,0.68174,0.21276,0.27109,-0.35446,-0.31735,-0.34361,-0.39651,-0.058094,-0.11595,-0.24955,0.060639,0.44437,0.3193,-0.39236,0.19393,-0.074404,0.2598,-0.21189,-0.26726,-0.40246,-0.28427,0.037346,-0.087643,0.24275,-0.034457,-0.28882,-0.48661,-0.12619,-0.037432,0.36977,-0.13906,0.12361,-0.001989,-0.31187,-0.10848,-0.2071,0.084429,0.44636,0.19604,0.52525,0.57542,0.50162,0.99639,-0.29199,-0.051106,-0.13346,0.33617,0.4268,0.85642,-0.49256,-0.33104,-0.46889,-0.14992,-0.006683,-0.11865,-0.12828,-0.15806,0.32107,0.24381,0.40626,0.048396,-0.2625,-0.51485,0.3563,-0.35548,-0.25898,-0.38877
0.35721,0.026527,-0.18796,0.012411,0.44864,0.46408,0.38216,0.70844,0.35531,0.65446,0.64727,0.65107,0.11016,0.39221,0.37332,0.33727,0.022263,0.33682,0.041398,0.36949,0.30238,0.2495,0.2482,-0.089357,0.63018,0.25052,0.24243,0.36554,0.64284,0.62756,0.18207,0.44034,0.16157,0.39663,0.45845,0.75708,0.76792,0,0.77081,0.51284,0.49844,-0.088879,0.0092857,0.23695,-0.56864,0.41588,0.10192,-0.13437,-0.065372,0.11925,0.15433,-0.29293,-0.22739,-0.34209,-0.24791,-0.097311,-0.16891,-0.085154,-0.0040581,0.0049389,0.24872,0.34292,0.46922,0.0013305,-0.14303,-0.052035,0.074573,0.83912,0.34416,0.59218,0.58643,-0.28688,0.14027,-0.28955,0.06179,0.16171,-0.11361,0.05276,0.12736,0.14233,0.5836,-0.29729,-0.1841,-0.083202,-0.023421,0.044491,0.23361,-0.13532,-0.13388,-0.32217,0.29123,-0.11963,-0.2051,-0.10245,0.1907,-0.17452,-0.014758,0.12526,0.21338,0.11495,-0.10025,0.36338,0.035134,-0.3262,-0.53284
0.84496,0.27642,-0.0016345,0.05617,0.91938,0.54302,0.86859,0.55415,1.1312,0.80871,1.0592,0.71115,0.59295,0.46222,0.86871,0.6502,0.21615,0.93548,0.3258,0.1662,0.46422,0.70918,0.4788,0.2692,1.2579,0.764,0.77075,0.83107,0.57022,0.80993,0.11664,0.50697,0.067797,0.245,0.23507,0.27614,0.68174,0.77081,0,1.3205,1.222,0.47875,0.22094,0.33725,-0.39643,0.31117,-0.15495,-0.2195,0.21624,0.33317,0.15469,-0.37831,0.0885,-0.16407,0.058295,-0.025442,0.025476,-0.10391,0.25563,0.39818,0.55417,0.36837,0.28507,0.015507,0.026717,-0.078403,0.09363,0.66814,0.46597,0.49413,0.50537,0.20138,0.57397,-0.22657,0.18764,0.70922,0.37625,0.30801,0.16886,0.51767,0.77323,-0.031067,-0.099507,-0.20083,-0.0035523,0.36888,0.14323,-0.21618,-0.27135,-0.61914,0.40528,-0.36875,-0.63045,0.32633,0.31415,0.21922,0.020317,0.51736,0.054038,0.054699,-0.12446,0.81427,-0.041328,-0.38982,-0.33169
0.81779,0.76644,-0.078606,-0.13522,0.5993,0.60817,0.64923,0.85047,1.3963,0.97687,0.87145,1.0171,0.49313,0.29211,0.78383,0.5795,0.36485,0.82289,0.2502,-0.06765,0.50743,0.70409,0.40915,0.46724,1.3483,1.2782,0.51117,0.4542,0.27961,0.99313,0.12196,0.8827,-0.2721,0.050383,-0.1856,-0.071931,0.21276,0.51284,1.3205,0,1.0448,0.97128,0.32201,0.64762,-0.24902,0.43218,-0.24356,-0.21793,0.19961,0.28911,0.14277,-0.25471,-0.081539,-0.080549,-0.088062,-0.098442,0.025907,-0.016993,0.38812,0.38163,0.94368,0.31466,0.36466,0.13164,0.27116,-0.17493,0.045348,0.56252,0.66988,0.57458,0.59348,0.38074,0.82897,-0.27777,0.12493,0.57904,0.38333,0.18132,0.020198,0.41255,0.41342,0.055808,-0.14028,-0.16802,-0.16471,0.18141,-0.13952,-0.086477,-0.2754,-0.41909,0.62232,-0.5257,-0.66303,0.34594,0.5092,0.063787,-0.082034,0.39443,0.0057109,0.22222,0.14464,0.7593,0.22319,-0.40607,-0.1762
1.2254,0.41513,-0.15921,-0.23608,0.73231,0.3953,0.95418,0.45897,0.87553,0.55582,0.72664,0.61451,0.30624,0.1179,0.55758,0.47856,0.2218,0.57154,0.17477,-0.0072398,0.47009,1.0105,0.58522,0.47766,1.1877,0.73764,0.45761,0.44394,0.44942,0.75561,0.15839,0.56591,-0.18354,0.0039361,0.077268,0.18843,0.27109,0.49844,1.222,1.0448,0,0.72278,0.60807,0.67774,-0.52529,0.3873,-0.071784,-0.062903,0.26672,0.11146,-0.095791,-0.29877,-0.021212,-0.35998,-0.16818,0.21925,0.35555,0.27166,0.60125,0.32612,0.43608,0.21018,0.3015,0.20575,0.17022,0.081359,0.20908,0.51202,0.6025,0.37174,0.76555,0.4144,0.78612,-0.08007,0.19763,0.31786,0.11281,0.041804,-0.14537,0.21785,0.41296,0.076604,-0.08048,-0.21422,-0.24444,0.11236,-0.12034,0.063618,-0.031415,-0.65207,0.5516,-0.55158,-0.93935,0.27145,0.096461,-0.064168,-0.28991,0.13603,-0.077509,0.18036,-0.048971,0.66393,0.022047,-0.48032,-0.48607
0.69542,1.0314,0.054522,-0.26924,0.16454,0.2458,0.49158,0.49672,0.7171,0.46992,0.30341,0.65095,0.14807,-0.1026,0.48355,0.30385,0.44783,0.37202,0.16885,-0.34218,0.29178,0.63326,0.29473,0.7849,0.70162,1.1312,0.17987,0.09224,-0.02039,0.64968,0.082378,0.70886,-0.62787,-0.27332,-0.56878,-0.39956,-0.35446,-0.088879,0.47875,0.97128,0.72278,0,0.64569,0.90991,0.08866,0.43701,-0.21551,0.038577,0.17165,0.089118,-0.040103,0.031795,-0.13566,-0.085654,-0.17218,0.050415,0.24887,0.29702,0.70333,0.35341,0.85308,-0.024017,0.14889,0.14252,0.4481,-0.040254,0.12922,0.063359,0.53872,0.14944,0.3393,0.79549,0.9134,0.017006,0.16195,0.24715,0.25055,-0.033668,-0.27058,0.1188,-0.10845,0.36021,-0.035349,0.047088,-0.2639,0.012653,-0.47179,0.2467,-0.036178,-0.16379,0.63817,-0.46356,-0.53912,0.43122,0.38479,0.037257,-0.17435,0.16031,-0.026756,0.20959,0.35481,0.35184,0.37879,-0.18505,0.16894
0.63382,0.26535,-0.27286,-0.679,-0.024729,-0.26112,0.62715,0.20836,0.087377,0.078133,0.18236,0.39984,-0.36635,-0.38522,0.058575,-0.24375,-0.14978,-0.11732,-0.31468,-0.45922,-0.11514,0.35157,-0.094225,0.23364,0.19405,0.33775,-0.28863,-0.19777,0.1489,0.40674,0.35724,0.46341,-0.73186,-0.4759,-0.022672,0.21882,-0.31735,0.0092857,0.22094,0.32201,0.60807,0.64569,0,1.1417,0.12639,0.7548,0.31853,0.29779,-0.26394,-0.46192,-0.50188,-0.13697,-0.30225,-0.68394,-0.6045,0.21551,0.58123,0.73331,0.9467,-0.001978,0.047943,-0.1609,0.005741,0.012167,0.17423,0.40873,0.40581,-0.12658,0.14782,0.064626,0.57605,1.0428,0.95908,0.62788,0.51679,-0.046874,-0.26612,-0.499,-0.64632,-0.33597,-0.33156,0.026036,-0.35885,-0.23429,-0.738,-0.46296,-0.67689,0.47637,0.25153,-0.38097,0.77145,-0.30503,-0.57761,0.20324,-0.14691,-0.22699,-0.51048,-0.24403,-0.14558,0.069862,0.16739,0.056444,0.11976,-0.14976,-0.050235
0.64153,0.72777,-0.29036,-0.72195,0.090023,0.1402,0.60101,0.81945,0.33793,0.4366,0.37661,0.90979,-0.21094,-0.27709,0.12015,-0.012769,0.033366,-0.034482,-0.22549,-0.41882,0.10346,0.40928,0.026706,0.4069,0.5414,0.69102,-0.22857,-0.19856,0.27015,0.77191,0.45468,1.055,-0.74577,-0.42386,-0.25493,0.077876,-0.34361,0.23695,0.33725,0.64762,0.67774,0.90991,1.1417,0,-0.0097342,1.1188,0.1219,0.21157,-0.19445,-0.14707,-0.1928,-0.088397,-0.47744,-0.52451,-0.69813,0.073242,0.34125,0.54505,0.83905,0.048374,0.49166,0.079531,0.36216,0.16142,0.38254,0.17371,0.31118,0.1984,0.51233,0.44563,0.87228,0.72214,1.0465,0.17044,0.26965,-0.10417,-0.25631,-0.42861,-0.60428,-0.18152,-0.25796,0.013012,-0.32469,-0.068344,-0.68278,-0.49838,-0.72109,0.4581,0.14044,-0.27011,0.97449,-0.32022,-0.46747,0.24518,0.18314,-0.37303,-0.46715,-0.15733,0.025733,0.23549,0.30548,0.16365,0.36627,-0.29455,-0.15508
-0.32582,-0.03338,0.32971,0.077157,-0.63491,-0.49926,-0.11068,-0.13787,-0.37249,-0.085894,-0.17197,-0.065539,-0.23496,-0.15504,-0.043467,-0.40216,-0.073888,-0.22286,0.070244,-0.17984,-0.39805,-0.42412,-0.52089,-0.1833,-0.44535,-0.0096391,-0.29578,-0.07249,-0.11293,-0.048668,0.29409,-0.02585,-0.22143,-0.23421,-0.20848,-0.18606,-0.39651,-0.56864,-0.39643,-0.24902,-0.52529,0.08866,0.12639,-0.0097342,0,0.24636,-0.052293,0.14618,-0.41923,-0.15824,-0.017038,0.2472,-0.099999,0.011231,0.027074,-0.23134,-0.22896,-0.24702,-0.1665,-0.10585,-0.033818,-0.038001,-0.15082,-0.26499,-0.012566,-0.082437,-0.11628,-0.54603,-0.26597,-0.14125,-0.37348,0.45352,-0.046712,0.3231,0.079724,-0.021371,-0.014652,-0.098657,-0.092307,-0.24168,-0.5232,0.050416,-0.014048,0.35031,0.16539,0.052392,-0.12905,0.00081426,-0.11799,0.25139,0.098507,0.37975,0.49616,0.37754,0.20976,0.31661,0.324,0.076987,0.32358,-0.092557,0.29528,-0.38236,0.14653,0.8044,0.85566
