,,,,,,,,,,,,,,,,,,,,,,,,,,,,,,,,,,,,,,,,,,,,,,,,,,,,,,,,,,,,,,,,,,,,,,,,,,,,,,,,,,,,,,,,,,,,,,,,,,,,,,,,
0,0.66603,-0.012641,-0.08649,0.37507,0.079452,0.57912,0.22094,0.47519,0.43947,0.52415,0.28758,-0.026282,-0.30296,0.26121,0.15087,0.18864,0.31734,0.16332,0.30855,0.31358,0.55951,0.62146,0.49696,0.51689,0.59904,0.41422,0.54508,0.40801,0.48644,0.023751,0.35809,-0.16195,-0.31914,0.29627,0.094709,0.15659,0.35228,0.85669,0.64517,1.1339,0.61201,0.45287,0.47552,-0.20271,0.22669,-0.016389,-0.051108,0.37419,-0.22932,-0.47562,0.050845,0.26601,-0.22218,-0.12457,0.37002,0.37142,0.13805,0.29261,0.4358,0.35023,0.049252,0.23976,0.24773,0.075251,0.047657,0.0685,0.26319,0.25661,0.054358,0.35398,0.22362,0.43879,0.026057,0.1656,0.18392,-0.042647,-0.19182,-0.30538,-0.092062,0.1407,0.26138,0.11416,0.023195,-0.01664,0.19977,-0.039687,0.11184,0.028525,-0.16844,0.54251,-0.22203,-0.3706,0.36067,0.11893,-0.01943,-0.23605,-0.056234,0.014514,0.1541,-0.036677,0.28349,-0.15228,-0.16216,-0.11576
0.66603,0,0.1297,0.062331,0.20461,0.46052,0.28164,0.73008,0.65028,0.58229,0.59542,0.51205,-0.027647,-0.26212,0.21546,0.26548,0.22108,0.066136,0.2058,0.042002,0.32177,0.13596,0.32432,0.40541,0.4408,0.73141,0.34359,0.34201,0.11869,0.50439,-0.087996,0.54214,-0.35624,-0.36015,-0.17827,-0.28306,-0.11902,0.35897,0.55839,0.9143,0.42245,0.81255,0.10791,0.48018,0.046667,0.29815,-0.3229,-0.18282,0.13042,-0.029712,-0.073187,0.048645,0.0059742,0.16824,-0.099347,-0.11344,-0.11061,-0.1659,0.065737,0.50615,1.0112,0.10495,0.2325,0.081433,0.061105,-0.34751,-0.217,0.21832,0.23802,0.24595,0.15371,0.0055143,0.26218,-0.26817,-0.07674,0.25112,0.1935,-0.19225,-0.3294,-0.07162,-0.15751,0.22441,0.083426,0.26664,0.059984,0.11359,-0.28733,-0.015736,-0.23855,0.10547,0.64573,-0.056274,-0.014274,0.40021,0.67914,-0.12008,-0.053033,0.12083,0.22396,0.40098,0.36048,0.39034,0.33025,-0.19998,0.042614
-0.012641,0.1297,0,1.1711,-0.055694,0.052113,0.11555,-0.067693,0.041012,0.049471,0.061755,0.038853,0.24546,0.40738,0.4166,0.50865,0.3428,0.17174,0.84555,0.058901,-0.0013737,0.12439,0.075341,0.45698,-0.010343,0.22412,0.28586,0.26731,-0.052272,0.066521,-0.078982,-0.20908,0.25065,0.3358,-0.014188,-0.15408,-0.045767,-0.29288,-0.01471,0.055633,-0.14946,0.30348,-0.14909,-0.14234,0.53187,-0.019569,-0.18216,0.3867,0.21841,0.35271,0.4216,0.30373,0.11264,0.24757,0.32694,-0.20887,-0.094861,-0.00839,0.068458,0.37169,0.3696,0.016817,0.051843,-0.37154,-0.089147,-0.12314,-0.0044753,-0.23337,-0.060937,-0.24836,-0.46179,0.076519,-0.27788,-0.10936,-0.20198,0.45411,0.5663,0.51201,0.4117,0.19313,-0.014739,0.76836,0.66455,0.87463,0.83584,0.78604,0.23828,0.30343,0.16362,0.13369,-0.21341,0.51393,0.52543,0.4485,0.40619,0.78316,0.721,0.44126,0.61775,-0.045645,0.14293,0.033934,0.18564,0.46621,0.61149
-0.08649,0.062331,1.1711,0,0.039379,0.1932,-0.16628,-0.19398,0.1207,0.0097153,-0.015293,-0.08365,0.28795,0.43168,0.29332,0.56176,0.1327,0.073184,0.60476,0.13035,0.111,-0.01052,0.070045,0.24337,-0.14886,-0.0048822,0.38775,0.27235,-0.27599,-0.18771,-0.32312,-0.44664,0.36779,0.44755,0.046334,-0.19536,0.086149,-0.16541,-0.018767,0.0058063,-0.19796,-0.0023573,-0.51781,-0.53749,0.16876,-0.41037,-0.11325,0.2582,0.33666,0.24117,0.31862,0.13838,0.30493,0.51537,0.55531,-0.20219,-0.11761,-0.13546,-0.13752,0.33302,0.18377,-0.0075491,-0.045924,-0.24344,-0.20471,-0.14449,-0.069824,-0.20111,-0.1632,-0.23396,-0.51008,-0.35401,-0.49027,-0.25454,-0.3088,0.43249,0.84179,0.66135,0.66616,0.23107,0.10953,0.43789,0.62121,0.70143,1.2507,0.9441,0.41998,0.16647,0.17082,0.21153,-0.41345,0.34517,0.56649,0.29873,0.37988,0.50562,0.63424,0.25162,0.41914,-0.050828,-0.0085063,0.078634,0.010656,0.28201,0.44001
0.37507,0.20461,-0.055694,0.039379,0,0.87933,0.29877,0.12407,0.95553,0.24698,0.50303,0.0057229,0.57035,0.19411,0.43033,0.78583,0.24806,0.53081,0.26604,0.19774,0.65931,0.62098,0.82103,0.45491,0.77061,0.28979,1.0001,0.62541,0.38725,0.1194,-0.22072,0.015074,0.38871,0.21188,0.30321,0.04738,0.60798,0.32194,0.85049,0.59869,0.65413,0.18672,-0.06547,0.02498,-0.69729,-0.14408,-0.14349,-0.052995,0.5762,0.48801,0.2697,-0.29813,0.34166,0.28878,0.47766,0.20447,0.22303,-0.028357,0.24166,0.69429,0.40668,0.31371,0.1158,0.40733,0.12959,0.13698,0.23102,0.4051,0.24878,0.34179,0.28341,-0.13336,0.27547,-0.40166,-0.040412,0.3688,0.40495,0.24755,0.065414,0.63973,0.54633,0.03542,0.23877,-0.080742,0.17661,0.32471,0.19488,-0.17606,-0.052147,-0.5354,0.12041,-0.23338,-0.53819,0.24438,0.018604,0.080345,-0.028639,0.46622,-0.082007,0.24071,-0.023507,0.81185,-0.00047509,-0.71471,-0.593
0.079452,0.46052,0.052113,0.1932,0.87933,0,-0.056873,0.46729,0.99372,0.54803,0.3678,0.33015,0.48374,0.36034,0.47703,0.74051,0.33221,0.35075,0.23291,0.27063,0.94635,0.35901,0.56486,0.42078,0.62696,0.41493,0.74484,0.34342,0.056668,0.13835,-0.22744,0.20089,0.22716,0.31235,-0.11796,-0.073689,0.21521,0.50093,0.51301,0.66189,0.25746,0.21575,-0.26008,0.12015,-0.3693,-0.030927,-0.14745,-0.022296,0.47702,0.52035,0.55595,-0.1001,-0.0093178,0.46755,0.33044,-0.044579,-0.052602,-0.14499,0.021692,0.55415,0.7962,0.47409,0.36472,0.42426,0.22515,-0.06912,0.068234,0.47789,0.45784,0.52328,0.348,-0.36131,0.14896,-0.66884,-0.32394,0.14483,0.55894,0.27548,0.1961,0.50093,0.34575,0.016644,0.20464,0.23754,0.39724,0.28627,0.062539,-0.10199,-0.015645,-0.18799,0.13506,-0.21499,-0.16542,0.20935,0.55936,-0.063536,0.24568,0.44334,0.33812,0.52999,0.28541,0.91896,0.46811,-0.35157,-0.27621
0.57912,0.28164,0.11555,-0.16628,0.29877,-0.056873,0,0.50451,0.31185,0.31986,0.83779,0.4576,0.12115,-0.033746,0.30409,0.34989,0.086154,0.10364,0.43913,-0.17025,0.024542,0.38339,0.38001,0.22696,0.7013,0.59487,0.25213,0.64173,0.98793,0.93478,0.45852,0.54414,-0.20259,-0.13814,0.099902,0.23142,0.2155,0.2534,0.73496,0.54226,0.87142,0.77297,0.44848,0.52738,-0.10882,0.57431,-0.31102,-0.20735,-0.15362,0.23058,0.027624,-0.11824,0.071549,-0.4305,-0.20072,0.047058,-0.080703,-0.18036,0.22031,0.14279,0.29233,0.26492,0.30143,-0.05964,0.11963,-0.13527,0.064329,0.44274,0.36455,0.36596,0.29232,0.49175,0.39424,-0.051495,0.16728,0.33919,-0.14065,-0.030785,-0.27236,0.083369,0.13706,0.24595,0.14247,-0.012168,-0.37376,0.10544,-0.076757,-0.21366,-0.41844,-0.41559,0.54495,-0.033948,-0.38123,0.74086,0.19044,0.068955,-0.23585,0.094687,0.084285,0.12203,0.03592,0.11785,-0.085875,-0.26062,-0.43793
0.22094,0.73008,-0.067693,-0.19398,0.12407,0.46729,0.50451,0,0.48658,1.0381,0.8802,1.3258,0.051302,0.079707,0.24938,0.25916,0.10146,-0.040987,0.16036,0.013341,0.26369,0.029064,0.12602,0.023186,0.71145,0.77048,0.058535,0.22998,0.53188,1.0473,0.48066,1.3411,-0.34037,-0.12485,-0.27213,0.16085,0.050721,0.88303,0.52602,0.80677,0.34387,0.52505,0.078255,0.72712,-0.1019,0.86235,-0.25492,-0.27288,-0.32363,0.25429,0.26474,-0.061822,-0.45529,-0.26926,-0.48941,-0.34867,-0.47489,-0.34814,-0.083337,-0.001465,0.78605,0.46565,0.73101,0.084568,0.23616,-0.40023,-0.13084,0.84057,0.64633,0.98432,0.60619,0.022843,0.36638,-0.44075,-0.12773,0.067788,-0.13456,-0.15127,-0.22212,-0.035326,0.0080353,-0.054646,-0.12214,0.18497,-0.23849,-0.098087,-0.22014,-0.17176,-0.42383,0.02227,0.63355,-0.075602,-0.069123,0.40477,0.78029,-0.26824,-0.058101,0.093372,0.41988,0.36516,0.29429,0.20261,0.45878,-0.19957,-0.31876
0.47519,0.65028,0.041012,0.1207,0.95553,0.99372,0.31185,0.48658,0,0.69172,0.7385,0.4195,0.40822,0.092145,0.67717,0.70036,0.29211,0.37166,0.29237,0.19507,0.92596,0.43422,0.79111,0.44996,0.79597,0.63312,1.1181,0.81037,0.17574,0.35086,-0.28748,0.29753,-0.050208,-0.047645,-0.015001,-0.12347,0.26402,0.47562,1.1761,1.3322,0.71235,0.61983,-0.0053181,0.16295,-0.39499,-0.017623,-0.18349,-0.24848,0.39719,0.32044,0.19882,-0.10381,0.12477,0.26334,0.26162,-0.0024537,0.011363,-0.21986,0.099046,0.76147,0.86792,0.26888,0.24795,0.313,0.16325,-0.041704,0.054059,0.53382,0.40411,0.43299,0.37152,-0.056682,0.47627,-0.3491,-0.00037051,0.49683,0.69876,0.029834,-0.10093,0.25859,0.20688,0.2052,0.16825,0.03466,0.17536,0.32871,-0.05497,-0.27721,-0.24307,-0.13432,0.44269,-0.34471,-0.56393,0.46554,0.51592,0.12483,0.10212,0.57457,0.10121,0.43293,0.26656,0.95935,0.3732,-0.38236,-0.31426
0.43947,0.58229,0.049471,0.0097153,0.24698,0.54803,0.31986,1.0381,0.69172,0,0.79368,1.3881,0.18897,0.28347,0.66633,0.34537,0.41568,0.36654,0.27202,0.51109,0.69607,0.34548,0.39596,0.19222,0.82476,1.1492,0.32006,0.42514,0.34771,0.92207,0.21941,1.1034,-0.26331,0.031501,-0.23982,0.14095,0.14669,1.0069,0.79739,1.0162,0.5007,0.48471,0.089811,0.54889,-0.17437,0.53998,-0.053037,-0.17427,-0.023533,0.15804,0.20671,0.043263,-0.3815,-0.26644,-0.32253,-0.074582,-0.16385,-0.13627,0.01278,0.21765,0.85842,0.53457,1.0003,0.365,0.45044,-0.24258,-0.07379,0.87015,0.95534,0.84813,0.74129,-0.0036566,0.46908,-0.45607,-0.19212,0.23497,0.07942,0.0039657,0.0096428,0.028569,0.25811,0.14486,-0.02214,0.22107,0.084798,0.28659,-0.024568,-0.0016872,-0.11734,0.10182,0.40092,-0.20802,-0.15596,0.4231,0.87533,-0.021346,0.19627,0.18143,0.48246,0.40631,0.27481,0.42415,0.53301,0.022346,-0.10272
0.52415,0.59542,0.061755,-0.015293,0.50303,0.3678,0.83779,0.8802,0.7385,0.79368,0,0.76943,0.37871,0.18199,0.33735,0.46614,0.063564,0.17961,0.44792,-0.024785,0.23747,0.28124,0.27016,0.090645,0.85767,0.70965,0.36113,0.5991,0.63538,0.98763,0.42813,0.75149,-0.12688,-0.070503,0.077145,0.14505,0.34287,0.61457,0.97774,1.0314,0.68795,0.54616,0.16335,0.45882,-0.24486,0.51922,-0.38396,-0.35268,-0.15386,0.3289,0.16406,-0.41549,-0.20356,-0.31632,-0.31956,-0.36366,-0.30589,-0.33131,-0.020533,0.2135,0.57337,0.52708,0.5531,0.017148,0.004344,-0.41988,-0.23579,0.64595,0.45223,0.77686,0.5421,0.24268,0.4129,-0.41904,-0.12238,0.52768,0.10742,0.03425,-0.1382,0.093938,0.17829,0.057777,0.048944,-0.011278,-0.15097,0.2073,-0.020314,-0.25492,-0.50932,-0.24644,0.57122,-0.072787,-0.31142,0.50629,0.40547,-0.011136,-0.075159,0.18884,0.17362,0.30717,0.041943,0.49406,0.18327,-0.38667,-0.51809
0.28758,0.51205,0.038853,-0.08365,0.0057229,0.33015,0.4576,1.3258,0.4195,1.3881,0.76943,0,0.050158,0.2226,0.42984,0.20198,0.19787,0.051713,0.15353,0.22933,0.35602,0.20712,0.15056,0.075294,0.66451,0.88645,0.070648,0.21643,0.36439,1.0061,0.50289,1.2969,-0.3427,-0.025471,-0.28844,0.27789,0.0571,0.92428,0.53619,0.74178,0.38637,0.53896,0.18188,0.72069,-0.052629,0.8702,-0.12852,-0.22194,-0.29222,0.14554,0.19502,0.07246,-0.56719,-0.45469,-0.55929,-0.17319,-0.2793,-0.15968,-0.025351,-0.0096801,0.67599,0.45169,0.92465,0.1506,0.40653,-0.33689,-0.11789,0.69153,0.80614,0.73433,0.70477,0.10113,0.46762,-0.37438,-0.21848,0.053351,-0.13646,-0.066116,-0.04709,-0.07015,0.1492,0.082708,-0.12731,0.23696,-0.074663,0.082315,-0.031679,-0.033424,-0.21074,0.12981,0.41595,-0.20042,-0.094182,0.45815,0.82833,-0.162,0.063057,-0.034279,0.48457,0.32867,0.27782,0.21395,0.53755,0.033968,-0.12195
-0.026282,-0.027647,0.24546,0.28795,0.57035,0.48374,0.12115,0.051302,0.40822,0.18897,0.37871,0.050158,0,0.90658,0.32421,0.57285,0.30347,0.74753,0.50175,0.29157,0.32185,0.45422,0.30825,0.17462,0.51473,0.26718,0.46844,0.26272,0.019178,0.14601,0.068214,0.042811,0.6402,0.6036,-0.15549,-0.3598,0.44963,0.0065473,0.36338,0.29849,0.16384,0.037835,-0.43267,-0.19561,-0.21051,-0.28083,-0.72711,-0.38784,0.37772,1.1395,0.76478,-0.26416,0.10968,0.2428,0.35715,-0.17833,-0.19972,-0.41821,-0.3414,0.071827,0.20206,0.8035,0.34221,0.25422,0.14521,-0.56426,-0.47708,0.39039,0.45722,0.2508,0.10137,-0.052739,-0.071981,-0.69476,-0.50347,0.36524,0.47859,1.0378,0.72329,0.99014,0.70639,0.055311,0.14957,-0.22305,0.33027,0.55259,0.5465,-0.41333,-0.25711,-0.39112,-0.31579,-0.23355,-0.17645,-0.11908,0.090929,0.50007,0.48546,0.57192,0.092656,0.12239,-0.31585,0.8036,-0.017976,-0.20468,-0.15705
-0.30296,-0.26212,0.40738,0.43168,0.19411,0.36034,-0.033746,0.079707,0.092145,0.28347,0.18199,0.2226,0.90658,0,0.55552,0.65595,0.37165,0.58301,0.52515,0.25952,0.30561,0.40043,0.12628,0.12833,0.33845,0.20217,0.16101,0.034292,-0.029629,0.20996,0.21252,0.056882,0.48114,1.4125,-0.1589,0.057671,0.36678,0.18756,0.11103,0.12301,-0.095315,-0.10689,-0.32537,-0.092274,-0.061051,-0.029022,-0.26295,0.039053,0.21799,0.81478,1.1342,-0.044851,-0.22541,0.060163,0.17128,-0.20248,-0.16442,-0.13969,-0.14836,-0.071052,0.10137,0.76901,0.56876,0.25261,0.26252,-0.30504,-0.13927,0.35721,0.48875,0.3647,0.20004,-0.12032,-0.12899,-0.67152,-0.56685,0.25635,0.28831,1.065,1.2221,0.64958,0.71789,0.12263,0.2752,0.077482,0.43278,0.57661,0.58179,-0.05444,0.075531,-0.3527,-0.43254,-0.099278,0.063351,-0.069356,0.21445,0.41215,0.69215,0.33467,0.41845,0.29745,0.024432,0.46003,0.28649,0.076406,-0.012951
0.26121,0.21546,0.4166,0.29332,0.43033,0.47703,0.30409,0.24938,0.67717,0.66633,0.33735,0.42984,0.32421,0.55552,0,0.91612,0.72292,0.71621,0.50388,0.35617,0.82413,0.69873,0.74258,0.60218,0.67781,0.75215,0.72349,0.62169,0.16003,0.4754,-0.18209,0.23779,-0.044675,0.47924,-0.098924,0.08494,0.30052,0.37731,0.78322,0.79696,0.45639,0.60482,0.14052,0.20839,-0.038409,0.12334,-0.023731,0.10754,0.38378,0.33003,0.51603,0.26029,0.010061,0.1137,0.33056,0.20461,0.16724,0.020511,0.33879,0.63207,0.64617,0.31787,0.38885,0.38234,0.50215,0.11346,0.32218,0.38811,0.53646,0.31464,0.25702,0.097577,0.42966,-0.25031,0.020018,0.56144,0.47644,0.32102,0.31711,0.34966,0.45112,0.50658,0.35171,0.2552,0.35024,0.6812,0.17247,-0.012621,0.07816,-0.26825,0.15985,-0.26641,-0.33238,0.52919,0.5226,0.52385,0.52503,0.6049,0.3768,0.49492,0.57431,0.62058,0.60668,0.063693,0.091345
0.15087,0.26548,0.50865,0.56176,0.78583,0.74051,0.34989,0.25916,0.70036,0.34537,0.46614,0.20198,0.57285,0.65595,0.91612,0,0.43543,0.5005,0.73008,0.085211,0.60942,0.55918,0.7358,0.63602,0.65555,0.42655,0.88625,0.65809,0.28259,0.32871,-0.18936,0.011896,0.31907,0.71309,0.094782,0.034554,0.50233,0.3294,0.67742,0.63434,0.38566,0.37563,-0.23604,-0.029184,-0.31765,-0.066027,-0.24097,0.097877,0.54517,0.71328,0.77452,0.033994,0.26197,0.42776,0.57061,0.016846,0.0078674,-0.16398,0.17876,0.66651,0.5791,0.39901,0.29708,0.24669,0.2234,-0.04284,0.23025,0.40446,0.30596,0.36214,0.074246,-0.26096,0.032863,-0.61951,-0.2095,0.63389,0.62821,0.6099,0.50376,0.67528,0.57318,0.39714,0.64815,0.30187,0.45906,0.70065,0.35892,-0.10598,-0.030986,-0.43707,0.011924,-0.049152,-0.13006,0.50686,0.41766,0.35538,0.36424,0.5504,0.2991,0.45572,0.32869,0.61272,0.27413,-0.35128,-0.23278
0.18864,0.22108,0.3428,0.1327,0.24806,0.33221,0.086154,0.10146,0.29211,0.41568,0.063564,0.19787,0.30347,0.37165,0.72292,0.43543,0,1.0679,0.6825,0.5117,0.60567,0.70036,0.77023,0.71104,0.56988,0.83463,0.47997,0.32663,0.076952,0.32897,-0.35387,0.26825,-0.037724,0.30666,-0.43261,-0.34906,-0.035248,0.036724,0.26051,0.33929,0.13548,0.39754,-0.06615,0.10618,-0.073346,0.01229,-0.1435,0.036436,0.40808,0.3018,0.38856,0.40443,0.018667,0.22008,0.21496,0.27483,0.097514,0.1911,0.26991,0.60722,0.7152,0.20533,0.41558,0.41278,0.72349,-0.09179,-0.015561,0.229,0.57388,0.059424,0.01906,-0.056201,-0.043886,-0.48638,-0.40872,0.44747,0.24796,0.29129,0.23659,0.52563,0.4627,0.8852,0.55491,0.18039,0.22261,0.55452,0.1239,0.16602,0.14179,-0.009047,-0.14058,0.016656,-0.078748,0.31382,0.49009,0.2991,0.3107,0.36719,0.2016,0.46233,0.48434,0.37301,0.3988,0.081669,0.1793
0.31734,0.066136,0.17174,0.073184,0.53081,0.35075,0.10364,-0.040987,0.37166,0.36654,0.17961,0.051713,0.74753,0.58301,0.71621,0.5005,1.0679,0,0.53166,0.75099,0.60543,0.89613,0.77192,0.55755,0.63055,0.63547,0.5716,0.33333,0.11544,0.26216,-0.22285,0.16926,0.30985,0.49508,-0.12027,-0.27572,0.33878,0.10452,0.48472,0.3799,0.31993,0.17515,-0.092879,0.01979,-0.21214,-0.15382,-0.19924,-0.091873,0.61233,0.44871,0.39892,0.066471,0.17525,0.18068,0.3119,0.3035,0.21489,0.070009,0.11126,0.447,0.39029,0.50662,0.44573,0.59907,0.58777,-0.10987,-0.074247,0.34952,0.61213,0.15867,0.17606,0.01881,0.084372,-0.44036,-0.26497,0.47613,0.25004,0.56381,0.45037,0.76356,0.82305,0.3997,0.27627,-0.15931,0.23296,0.64364,0.38479,-0.015719,0.094344,-0.35347,-0.1608,-0.24977,-0.29361,0.010771,0.10688,0.4615,0.3683,0.47438,0.028895,0.29491,0.05931,0.65803,0.11728,-0.095242,0.0081802
0.16332,0.2058,0.84555,0.60476,0.26604,0.23291,0.43913,0.16036,0.29237,0.27202,0.44792,0.15353,0.50175,0.52515,0.50388,0.73008,0.6825,0.53166,0,0.10777,0.22032,0.35962,0.45417,0.45156,0.40948,0.5803,0.5138,0.61627,0.29522,0.44742,-0.063688,0.10455,0.12206,0.38181,-0.11972,-0.22457,0.033118,-0.059856,0.2848,0.30758,0.14685,0.37991,-0.16102,-0.067193,0.060992,0.024208,-0.30484,0.045506,0.21378,0.48814,0.47148,-0.01913,0.13676,0.17109,0.16856,-0.23661,-0.27906,-0.16483,0.0093194,0.4569,0.51477,0.3674,0.38457,-0.12319,0.057774,-0.30135,-0.16752,0.22443,0.3082,0.17214,-0.13413,0.065115,-0.32831,-0.46566,-0.38568,0.87644,0.54018,0.54531,0.3114,0.40971,0.25829,0.83757,0.92716,0.36384,0.29306,0.82801,0.14076,0.040931,-0.15777,-0.17056,-0.0018458,0.37978,0.14093,0.6338,0.53289,0.39938,0.33602,0.38011,0.38672,0.33053,0.19997,0.29495,0.10011,0.051055,-0.038576
0.30855,0.042002,0.058901,0.13035,0.19774,0.27063,-0.17025,0.013341,0.19507,0.51109,-0.024785,0.22933,0.29157,0.25952,0.35617,0.085211,0.5117,0.75099,0.10777,0,0.42979,0.30917,0.38402,0.19918,0.21475,0.43319,0.35796,0.081153,-0.035368,0.012312,-0.19456,0.20105,0.37897,0.22535,0.018517,-0.05279,0.3332,0.36644,0.25903,0.12776,0.10821,-0.13794,-0.25061,-0.079632,-0.13364,-0.10065,0.13038,-0.067063,0.36573,0.024877,-0.016105,0.065959,0.23574,0.15511,0.1757,0.36143,0.17373,0.048931,-0.16255,0.2338,0.26674,0.25514,0.40284,0.35351,0.4437,-0.035744,-0.049294,0.2749,0.4579,0.050976,0.11368,-0.22219,-0.019394,-0.16508,-0.11637,0.10879,0.053104,0.38039,0.35284,0.38014,0.62676,0.078039,-0.11853,0.017948,0.37916,0.57951,0.47386,0.13287,0.19455,0.08457,-0.21081,-0.32722,-0.014437,-0.06477,0.16596,0.1064,0.20125,0.060856,0.029585,-0.16061,-0.24338,0.20154,-0.10488,0.063375,0.15515
0.31358,0.32177,-0.0013737,0.111,0.65931,0.94635,0.024542,0.26369,0.92596,0.69607,0.23747,0.35602,0.32185,0.30561,0.82413,0.60942,0.60567,0.60543,0.22032,0.42979,0,0.81396,1.025,0.67607,0.67612,0.65058,0.78664,0.5491,0.021056,0.24322,-0.3896,0.24783,-0.091967,0.23292,-0.2718,-0.11787,0.01181,0.41304,0.69209,0.75115,0.5841,0.41095,0.016143,0.19405,-0.44853,-0.11955,0.086448,0.027084,0.68653,0.25683,0.32564,0.23667,-0.026622,0.2084,0.26435,0.43882,0.34559,0.13966,0.29406,0.61439,0.66066,0.42234,0.54098,1.0059,0.68181,0.15828,0.2062,0.50641,0.80052,0.45394,0.54873,-0.24943,0.37562,-0.47522,-0.26483,0.14492,0.49484,0.11162,0.16372,0.27224,0.36945,0.31756,0.29622,0.13296,0.32705,0.31611,-0.024776,0.049079,0.26042,-0.053491,0.090914,-0.31135,-0.3393,0.30557,0.57519,0.0921,0.30614,0.36094,0.30257,0.71632,0.44131,0.85186,0.55631,-0.061244,-0.094824
0.55951,0.13596,0.12439,-0.01052,0.62098,0.35901,0.38339,0.029064,0.43422,0.34548,0.28124,0.20712,0.45422,0.40043,0.69873,0.55918,0.70036,0.89613,0.35962,0.30917,0.81396,0,1.0045,0.97684,0.82709,0.62141,0.54737,0.43762,0.2484,0.3789,-0.039997,0.20285,0.090277,0.36301,-0.05639,0.018852,0.16138,0.1553,0.64034,0.49746,0.80582,0.50614,0.31922,0.38737,-0.344,0.057889,-0.10456,0.099667,0.72455,0.3645,0.29033,0.25844,0.0048042,-0.10792,0.14388,0.62853,0.6052,0.38075,0.54244,0.4821,0.3642,0.44628,0.52112,0.85785,0.70929,0.11259,0.17275,0.28764,0.69972,0.17259,0.50154,0.12969,0.41227,-0.40073,-0.32554,0.14547,0.11558,0.26563,0.25593,0.4532,0.63835,0.5034,0.4072,0.0029655,0.19486,0.34281,0.22329,0.16291,0.3478,-0.41575,-0.030276,-0.26194,-0.42967,0.25174,0.13414,0.26807,0.20389,0.21843,0.18756,0.5565,0.22875,0.72194,0.26479,-0.091094,-0.092023
0.62146,0.32432,0.075341,0.070045,0.82103,0.56486,0.38001,0.12602,0.79111,0.39596,0.27016,0.15056,0.30825,0.12628,0.74258,0.7358,0.77023,0.77192,0.45417,0.38402,1.025,1.0045,0,1.0132,0.79357,0.6546,1.1515,0.90101,0.34783,0.32707,-0.44742,0.13564,0.058232,0.19483,-0.0099891,-0.11645,0.20048,0.2577,0.8379,0.63048,0.85567,0.5482,0.0097894,0.097121,-0.54395,-0.15113,-0.037512,-0.070507,0.86472,0.29438,0.17334,0.30013,0.41057,0.27363,0.40176,0.59085,0.33937,0.057281,0.29394,0.87834,0.59659,0.2367,0.34016,0.63345,0.56956,0.16553,0.24886,0.44223,0.52385,0.16382,0.24387,-0.20321,0.17477,-0.39653,-0.13849,0.34418,0.38171,0.15674,0.086102,0.48843,0.55819,0.5991,0.58783,0.05151,0.16477,0.40516,0.16523,-0.086012,0.062809,-0.23767,0.15585,-0.22534,-0.45355,0.51495,0.33664,0.15703,0.068148,0.31628,0.04092,0.5225,0.33575,0.58682,0.13749,-0.28257,-0.26084
0.49696,0.40541,0.45698,0.24337,0.45491,0.42078,0.22696,0.023186,0.44996,0.19222,0.090645,0.075294,0.17462,0.12833,0.60218,0.63602,0.71104,0.55755,0.45156,0.19918,0.67607,0.97684,1.0132,0,0.43825,0.50329,0.70592,0.46611,0.14857,0.18242,-0.34567,-0.015577,0.1185,0.19804,0.028824,-0.12104,-0.075105,-0.031782,0.39879,0.401,0.48808,0.63743,0.16867,0.25676,-0.059789,-0.019082,0.031335,0.33559,0.99247,0.30103,0.25588,0.60005,0.19599,0.25803,0.30879,0.51393,0.54729,0.37138,0.51294,0.92225,0.65488,0.11677,0.28502,0.41436,0.49424,0.25719,0.32313,0.018737,0.29702,-0.087617,0.094535,-0.040285,0.15229,-0.2293,-0.19861,0.17241,0.34125,0.11204,0.094886,0.29248,0.22155,0.91186,0.7192,0.40322,0.39245,0.30453,0.089599,0.33369,0.41883,-0.096925,0.082265,0.078258,-0.081354,0.41709,0.28808,0.35259,0.28835,0.34967,0.3015,0.4609,0.47478,0.44082,0.36374,0.01487,0.16011
0.51689,0.4408,-0.010343,-0.14886,0.77061,0.62696,0.7013,0.71145,0.79597,0.82476,0.85767,0.66451,0.51473,0.33845,0.67781,0.65555,0.56988,0.63055,0.40948,0.21475,0.67612,0.82709,0.79357,0.43825,0,0.99827,0.5272,0.61117,0.65948,0.95908,0.22264,0.77599,-0.053421,0.17743,-0.17306,0.068784,0.3893,0.62097,1.0993,1.0564,0.86981,0.66608,0.13891,0.56031,-0.48233,0.40567,-0.43115,-0.24407,0.21262,0.57492,0.42087,0.017528,-0.12588,-0.174,-0.022775,0.083167,-0.045869,-0.12692,0.2387,0.3275,0.73827,0.56382,0.64444,0.52082,0.47392,-0.23197,0.0032812,0.96781,0.89542,0.66034,0.65626,0.07973,0.5049,-0.69436,-0.24218,0.28329,0.068538,0.17146,0.047824,0.50563,0.58381,0.22453,0.21089,-0.0030054,-0.034736,0.25487,0.1001,-0.21801,-0.21598,-0.39651,0.29309,-0.28762,-0.526,0.4188,0.45086,0.093555,0.065348,0.40585,0.26659,0.51975,0.21156,0.69002,0.30777,-0.34819,-0.41028
0.59904,0.73141,0.22412,-0.0048822,0.28979,0.41493,0.59487,0.77048,0.63312,1.1492,0.70965,0.88645,0.26718,0.20217,0.75215,0.42655,0.83463,0.63547,0.5803,0.43319,0.65058,0.62141,0.6546,0.50329,0.99827,0,0.45346,0.55652,0.38696,1.0158,0.072289,1.0046,-0.32828,-0.024395,-0.4262,-0.17283,-0.0042462,0.46433,0.81255,1.016,0.61648,0.91662,0.21283,0.60443,-0.046744,0.46832,-0.28428,-0.20008,0.091607,0.23306,0.22469,0.11522,-0.15373,-0.13186,-0.14918,0.11497,-0.054642,-0.053582,0.19749,0.45508,1.1386,0.50008,0.7961,0.3779,0.64261,-0.31786,-0.14237,0.60051,1.0469,0.54243,0.42881,0.20704,0.39746,-0.43465,-0.22338,0.43901,0.12031,0.095286,-0.057137,0.2183,0.27524,0.49902,0.17217,0.18858,0.016082,0.43242,-0.10356,0.01882,-0.15788,-0.041556,0.3797,-0.13916,-0.19596,0.62451,0.88391,0.1223,0.15657,0.27454,0.37421,0.48365,0.37187,0.50837,0.44299,-0.011327,-0.0080784
0.41422,0.34359,0.28586,0.38775,1.0001,0.74484,0.25213,0.058535,1.1181,0.32006,0.36113,0.070648,0.46844,0.16101,0.72349,0.88625,0.47997,0.5716,0.5138,0.35796,0.78664,0.54737,1.1515,0.70592,0.5272,0.45346,0,1.0604,0.16727,0.10075,-0.59647,-0.089779,0.27033,0.19362,0.12327,-0.20154,0.34931,0.16111,0.82608,0.6405,0.56637,0.43007,-0.205,-0.20137,-0.34737,-0.33656,-0.13211,-0.16246,0.70532,0.37789,0.23035,0.015931,0.57616,0.57515,0.68702,0.23259,0.11276,-0.19706,0.042309,1.1907,0.64909,0.19031,0.088008,0.22137,0.21169,0.058693,0.11767,0.213,0.21523,0.069896,-0.031935,-0.20468,0.072153,-0.31301,-0.070152,0.62888,0.88239,0.33118,0.1597,0.57731,0.45231,0.44937,0.49437,0.14792,0.42368,0.68761,0.28765,-0.25595,-0.1445,-0.16705,0.13302,-0.17383,-0.32788,0.5971,0.36149,0.30896,0.21901,0.50176,0.0038176,0.2845,0.2087,0.7321,0.11073,-0.31888,-0.19351
0.54508,0.34201,0.26731,0.27235,0.62541,0.34342,0.64173,0.22998,0.81037,0.42514,0.5991,0.21643,0.26272,0.034292,0.62169,0.65809,0.32663,0.33333,0.61627,0.081153,0.5491,0.43762,0.90101,0.46611,0.61117,0.55652,1.0604,0,0.56593,0.50906,-0.21916,0.12963,-0.079406,0.002998,0.055169,-0.082098,0.17931,0.16605,0.95839,0.70664,0.84916,0.64402,0.0070616,-0.021485,-0.2633,-0.079415,-0.16886,-0.23441,0.30904,0.282,0.12631,0.056718,0.34702,0.095743,0.26556,0.098872,-0.087489,-0.35046,0.031106,0.68034,0.51943,0.25271,0.21239,0.1135,0.11612,-0.021513,0.055419,0.36134,0.28472,0.25197,0.093955,-0.0088249,0.13509,-0.25121,-0.0067056,0.57507,0.5646,0.10095,-0.041209,0.22419,0.21237,0.47205,0.58976,0.22209,0.16531,0.46185,0.071808,-0.35324,-0.33051,-0.089087,0.38483,0.092082,-0.23279,0.9842,0.46871,0.33154,0.20477,0.38666,0.18437,0.34539,0.25112,0.41169,0.080491,-0.093251,-0.2347
0.40801,0.11869,-0.052272,-0.27599,0.38725,0.056668,0.98793,0.53188,0.17574,0.34771,0.63538,0.36439,0.019178,-0.029629,0.16003,0.28259,0.076952,0.11544,0.29522,-0.035368,0.021056,0.2484,0.34783,0.14857,0.65948,0.38696,0.16727,0.56593,0,0.83879,0.51078,0.51453,0.009192,-0.025844,0.30188,0.48648,0.33364,0.42792,0.53571,0.31496,0.62542,0.28138,0.22905,0.44599,-0.27537,0.61665,-0.032815,-0.039996,-0.13702,0.27746,0.096805,-0.073211,-0.0082444,-0.46241,-0.28568,-0.0063912,-0.16621,-0.16083,0.12862,0.079545,0.23616,0.32208,0.41938,-0.003326,0.11221,0.053614,0.24281,0.57603,0.30011,0.5388,0.38381,0.15499,0.20093,-0.16029,0.12309,0.10037,-0.34129,-0.10873,-0.24499,0.11558,0.21174,0.046032,0.19475,0.1264,-0.33466,-0.074984,0.026513,-0.13102,-0.27978,-0.31183,0.49775,0.24328,-0.13641,0.53888,0.079119,-0.048206,-0.17846,0.069147,0.18279,0.077286,0.021693,-0.076859,-0.1049,-0.26098,-0.58191
0.48644,0.50439,0.066521,-0.18771,0.1194,0.13835,0.93478,1.0473,0.35086,0.92207,0.98763,1.0061,0.14601,0.20996,0.4754,0.32871,0.32897,0.26216,0.44742,0.012312,0.24322,0.3789,0.32707,0.18242,0.95908,1.0158,0.10075,0.50906,0.83879,0,0.58735,1.2107,-0.39779,0.012786,-0.21425,0.18758,0.089626,0.60019,0.7212,0.81881,0.65749,0.74931,0.32106,0.79114,-0.064926,0.84907,-0.30829,-0.24971,-0.21268,0.26653,0.24603,0.045141,-0.38538,-0.56195,-0.52764,-0.18084,-0.31666,-0.25047,0.070833,0.022111,0.57256,0.57659,0.86204,0.16727,0.31701,-0.36647,-0.12505,0.80805,0.7728,0.78382,0.63752,0.2993,0.40617,-0.40047,-0.13298,0.24875,-0.18389,-0.042106,-0.10997,0.01642,0.17646,0.22307,0.14477,0.11494,-0.28238,0.075012,-0.10116,-0.17099,-0.37777,-0.18599,0.6173,-0.0060398,-0.18145,0.55878,0.58452,0.033825,0.060369,0.11672,0.44264,0.50006,0.32328,0.22855,0.34818,-0.027559,-0.25746
0.023751,-0.087996,-0.078982,-0.32312,-0.22072,-0.22744,0.45852,0.48066,-0.28748,0.21941,0.42813,0.50289,0.068214,0.21252,-0.18209,-0.18936,-0.35387,-0.22285,-0.063688,-0.19456,-0.3896,-0.039997,-0.44742,-0.34567,0.22264,0.072289,-0.59647,-0.21916,0.51078,0.58735,0,0.57679,-0.016356,0.039775,0.082784,0.56986,0.12041,0.30685,0.016785,0.0065707,0.11098,0.027031,0.35847,0.65402,0.18588,0.94418,-0.19513,-0.0359,-0.55527,0.18349,0.13066,-0.2068,-0.64687,-1.0353,-0.82912,-0.37349,-0.28853,-0.12321,-0.099584,-0.75637,-0.17127,0.42621,0.44677,-0.1684,-0.13125,-0.28787,-0.15243,0.33348,0.25763,0.43717,0.53252,0.47398,0.27008,-0.035232,-0.040779,-0.34077,-0.67906,-0.024349,-0.034624,-0.17297,-0.011634,-0.36601,-0.32362,-0.014219,-0.33084,-0.31034,-0.0049289,-0.022447,-0.17554,-0.2586,0.23134,0.041599,0.03516,-0.081696,-0.071819,-0.10605,-0.045616,-0.17904,0.35927,-0.077877,-0.26429,-0.14458,-0.0076553,0.11233,-0.19859
0.35809,0.54214,-0.20908,-0.44664,0.015074,0.20089,0.54414,1.3411,0.29753,1.1034,0.75149,1.2969,0.042811,0.056882,0.23779,0.011896,0.26825,0.16926,0.10455,0.20105,0.24783,0.20285,0.13564,-0.015577,0.77599,1.0046,-0.089779,0.12963,0.51453,1.2107,0.57679,0,-0.47447,-0.20759,-0.39184,0.11487,-0.0075107,0.75597,0.50221,0.68825,0.42041,0.5078,0.28615,0.93759,-0.088122,0.97137,-0.22863,-0.32909,-0.37976,0.10106,0.089992,-0.045371,-0.55843,-0.56335,-0.70821,-0.11971,-0.27538,-0.1398,0.023697,-0.11597,0.59457,0.49069,0.87627,0.25834,0.44841,-0.40517,-0.21689,0.82353,0.92797,0.86119,0.77143,0.23999,0.50575,-0.33694,-0.13467,0.022487,-0.38895,-0.19859,-0.26728,-0.066265,0.097162,-0.020359,-0.26578,-0.033719,-0.41284,-0.10681,-0.24408,-0.074334,-0.30983,0.0038762,0.51595,-0.19227,-0.19846,0.26246,0.57013,-0.25544,-0.13345,-0.024036,0.28205,0.3097,0.1809,0.17343,0.36114,-0.082984,-0.2317
-0.16195,-0.35624,0.25065,0.36779,0.38871,0.22716,-0.20259,-0.34037,-0.050208,-0.26331,-0.12688,-0.3427,0.6402,0.48114,-0.044675,0.31907,-0.037724,0.30985,0.12206,0.37897,-0.091967,0.090277,0.058232,0.1185,-0.053421,-0.32828,0.27033,-0.079406,0.009192,-0.39779,-0.016356,-0.47447,0,0.64738,0.51194,0.08002,0.6897,-0.062911,-0.082585,-0.309,-0.1884,-0.53446,-0.59679,-0.48997,-0.13747,-0.37083,-0.11932,0.074324,0.46195,0.57923,0.36651,-0.14677,0.4422,0.40536,0.51778,-0.014497,0.025211,-0.14389,-0.33502,0.048822,-0.17255,0.19926,-0.051336,-0.090269,-0.13959,-0.031472,-0.0046811,-0.046672,-0.17259,-0.19904,-0.25929,-0.33744,-0.41236,-0.20791,-0.17305,0.01581,0.16766,0.81236,0.70469,0.76078,0.61084,-0.13511,0.098359,0.0030103,0.50774,0.36294,0.97344,-0.068422,0.094162,-0.27998,-0.53553,-0.010679,0.15122,-0.32328,-0.39018,0.29504,0.25757,0.20969,-0.075844,-0.41294,-0.58976,0.10784,-0.41676,-0.22618,-0.083871
-0.31914,-0.36015,0.3358,0.44755,0.21188,0.31235,-0.13814,-0.12485,-0.047645,0.031501,-0.070503,-0.025471,0.6036,1.4125,0.47924,0.71309,0.30666,0.49508,0.38181,0.22535,0.23292,0.36301,0.19483,0.19804,0.17743,-0.024395,0.19362,0.002998,-0.025844,0.012786,0.039775,-0.20759,0.64738,0,0.043994,0.17038,0.47124,0.15124,0.0071926,-0.066569,-0.13952,-0.25224,-0.39748,-0.23938,-0.13214,-0.17534,-0.11299,0.16535,0.38331,0.61955,0.93105,0.04378,0.039534,0.25492,0.38784,-0.012419,-0.035187,-0.08365,-0.10268,0.0092135,-0.053126,0.51953,0.31589,0.251,0.21211,-0.091452,0.078391,0.1848,0.22651,0.16146,0.022801,-0.32629,-0.29823,-0.556,-0.43561,0.14481,0.21587,1.0841,1.4357,0.74,0.85346,0.068634,0.3856,0.11965,0.48337,0.53215,0.77348,-0.044922,0.17632,-0.478,-0.48625,-0.097492,0.12156,-0.09074,0.044256,0.29036,0.55073,0.17073,0.28272,0.28314,0.083335,0.3045,0.12719,-0.031602,-0.049741
0.29627,-0.17827,-0.014188,0.046334,0.30321,-0.11796,0.099902,-0.27213,-0.015001,-0.23982,0.077145,-0.28844,-0.15549,-0.1589,-0.098924,0.094782,-0.43261,-0.12027,-0.11972,0.018517,-0.2718,-0.05639,-0.0099891,0.028824,-0.17306,-0.4262,0.12327,0.055169,0.30188,-0.21425,0.082784,-0.39184,0.51194,0.043994,0,0.73342,0.59476,0.1605,0.12419,-0.14193,0.15478,-0.31404,0.1343,-0.09891,-0.13424,0.01955,0.4538,0.37743,0.19627,-0.18717,-0.33501,-0.23461,0.37535,-0.059726,0.080762,0.054946,0.31348,0.17859,0.12493,0.15068,-0.32968,-0.26895,-0.26998,-0.30505,-0.52407,0.54518,0.52833,-0.13922,-0.57506,-0.17657,-0.027382,0.025948,0.034159,0.41084,0.52777,0.051628,-0.11494,-0.091733,-0.092586,-0.10956,0.065082,-0.19273,0.0043172,0.0034636,0.040515,-0.0077095,0.26116,0.17795,0.17325,-0.33082,0.16461,0.047311,-0.13558,-0.055269,-0.65661,-0.023124,-0.28169,-0.0928,-0.24058,-0.3954,-0.33601,-0.17969,-0.4617,-0.30607,-0.30865
0.094709,-0.28306,-0.15408,-0.19536,0.04738,-0.073689,0.23142,0.16085,-0.12347,0.14095,0.14505,0.27789,-0.3598,0.057671,0.08494,0.034554,-0.34906,-0.27572,-0.22457,-0.05279,-0.11787,0.018852,-0.11645,-0.12104,0.068784,-0.17283,-0.20154,-0.082098,0.48648,0.18758,0.56986,0.11487,0.08002,0.17038,0.73342,0,0.38185,0.59138,0.10272,-0.050556,0.17669,-0.16894,0.42329,0.38246,-0.12476,0.62546,0.57988,0.46157,-0.18864,-0.1893,-0.10552,-0.061233,-0.25467,-0.59502,-0.36249,0.032797,0.17593,0.28334,0.29294,-0.18425,-0.24918,-0.042621,0.15737,-0.10206,-0.14581,0.53945,0.72091,0.18621,-0.071837,0.24394,0.47649,0.13263,0.31813,0.24435,0.34498,-0.26924,-0.48307,-0.22522,-0.083385,-0.27413,0.09238,-0.27899,-0.10987,0.16721,-0.14256,-0.21036,0.088652,0.26527,0.24714,-0.30794,0.25884,-0.047257,-0.15455,0.10515,-0.23102,-0.28215,-0.23974,-0.28769,0.17058,-0.067463,0.0075386,-0.25061,0.00077943,-0.061709,-0.3629
0.15659,-0.11902,-0.045767,0.086149,0.60798,0.21521,0.2155,0.050721,0.26402,0.14669,0.34287,0.0571,0.44963,0.36678,0.30052,0.50233,-0.035248,0.33878,0.033118,0.3332,0.01181,0.16138,0.20048,-0.075105,0.3893,-0.0042462,0.34931,0.17931,0.33364,0.089626,0.12041,-0.0075107,0.6897,0.47124,0.59476,0.38185,0,0.52941,0.5113,0.22435,0.23385,-0.20287,-0.29088,-0.17579,-0.47848,-0.02199,-0.19923,-0.17865,0.14789,0.34936,0.20162,-0.32692,0.38508,0.11879,0.3696,0.0055259,-0.025753,-0.26675,-0.11995,0.10442,-0.040159,0.13809,-0.015407,0.029116,-0.065889,-0.067562,0.1301,0.37327,-0.027322,0.15764,0.048436,-0.2022,0.099479,-0.23747,0.14044,0.32699,-0.013614,0.48806,0.40933,0.63576,0.8846,-0.28273,-0.12108,-0.23789,0.13094,0.4017,0.81832,-0.33442,-0.21519,-0.53438,-0.12363,-0.42148,-0.35368,-0.070514,-0.28145,0.13191,-0.060389,0.18629,-0.27672,-0.26451,-0.38263,0.19429,-0.33251,-0.64774,-0.43352
0.35228,0.35897,-0.29288,-0.16541,0.32194,0.50093,0.2534,0.88303,0.47562,1.0069,0.61457,0.92428,0.0065473,0.18756,0.37731,0.3294,0.036724,0.10452,-0.059856,0.36644,0.41304,0.1553,0.2577,-0.031782,0.62097,0.46433,0.16111,0.16605,0.42792,0.60019,0.30685,0.75597,-0.062911,0.15124,0.1605,0.59138,0.52941,0,0.66109,0.64882,0.43588,0.11038,0.025681,0.4557,-0.48834,0.54318,0.10883,-0.10857,-0.054509,0.013084,0.066415,-0.14292,-0.19468,-0.22202,-0.26806,-0.017566,-0.094282,-0.12231,0.004004,0.040481,0.37111,0.33375,0.62016,0.31272,0.21858,-0.050821,0.18127,0.93089,0.50688,0.83237,0.77335,-0.23115,0.39688,-0.35948,0.015347,0.031163,-0.20477,-0.042857,0.022155,0.039993,0.41309,-0.26449,-0.20347,0.02184,-0.091697,0.065571,0.12261,-0.065898,-0.10833,-0.18202,0.39041,-0.43996,-0.29118,0.18201,0.36173,-0.42219,-0.19849,-0.11687,0.16406,0.25578,0.10794,0.21711,0.19529,-0.39588,-0.50843
0.85669,0.55839,-0.01471,-0.018767,0.85049,0.51301,0.73496,0.52602,1.1761,0.79739,0.97774,0.53619,0.36338,0.11103,0.78322,0.67742,0.26051,0.48472,0.2848,0.25903,0.69209,0.64034,0.8379,0.39879,1.0993,0.81255,0.82608,0.95839,0.53571,0.7212,0.016785,0.50221,-0.082585,0.0071926,0.12419,0.10272,0.5113,0.66109,0,1.4543,1.3325,0.71435,0.20572,0.36484,-0.43075,0.19724,-0.227,-0.28859,0.29156,0.25088,0.096062,-0.116,0.16773,-0.069463,0.11492,0.173,0.10242,-0.21185,0.18322,0.53176,0.60928,0.39015,0.38518,0.4025,0.26185,-0.069013,0.098073,0.70428,0.54296,0.53564,0.52793,0.11479,0.67171,-0.28746,0.11928,0.48231,0.26288,0.069607,-0.063412,0.2554,0.41723,0.1385,0.085349,-0.060282,0.019253,0.36641,0.085612,-0.30128,-0.27059,-0.36098,0.52975,-0.42522,-0.6511,0.53113,0.34471,0.16407,0.019506,0.37235,0.074748,0.34702,0.13182,0.7177,0.15567,-0.39603,-0.38179
0.64517,0.9143,0.055633,0.0058063,0.59869,0.66189,0.54226,0.80677,1.3322,1.0162,1.0314,0.74178,0.29849,0.12301,0.79696,0.63434,0.33929,0.3799,0.30758,0.12776,0.75115,0.49746,0.63048,0.401,1.0564,1.016,0.6405,0.70664,0.31496,0.81881,0.0065707,0.68825,-0.309,-0.066569,-0.14193,-0.050556,0.22435,0.64882,1.4543,0,0.86569,0.94812,0.21506,0.52128,-0.23793,0.31597,-0.30295,-0.25856,0.18253,0.24598,0.20504,-0.041172,-0.099102,-0.026576,-0.0089839,-0.03892,-0.030737,-0.20104,0.1993,0.52639,0.9673,0.38062,0.45106,0.36942,0.26972,-0.20402,-0.01854,0.67079,0.60206,0.63139,0.55351,0.1347,0.70941,-0.38201,0.0014523,0.48167,0.34725,-0.032517,-0.135,0.12404,0.17676,0.20831,0.082808,0.055984,0.029509,0.27657,-0.14124,-0.21726,-0.27735,-0.18723,0.6273,-0.34705,-0.50151,0.509,0.64455,0.12642,0.10966,0.45512,0.24389,0.56916,0.38765,0.82063,0.5087,-0.275,-0.21062
1.1339,0.42245,-0.14946,-0.19796,0.65413,0.25746,0.87142,0.34387,0.71235,0.5007,0.68795,0.38637,0.16384,-0.095315,0.45639,0.38566,0.13548,0.31993,0.14685,0.10821,0.5841,0.80582,0.85567,0.48808,0.86981,0.61648,0.56637,0.84916,0.62542,0.65749,0.11098,0.42041,-0.1884,-0.13952,0.15478,0.17669,0.23385,0.43588,1.3325,0.86569,0,0.74062,0.46846,0.51412,-0.45083,0.21451,-0.09842,-0.18519,0.34788,0.085807,-0.12597,0.013196,0.15552,-0.29325,-0.049126,0.42941,0.33025,-0.0043145,0.32679,0.36368,0.33143,0.32018,0.37164,0.5015,0.28282,0.09038,0.17442,0.53472,0.5228,0.37035,0.6455,0.21285,0.68772,-0.12962,0.11952,0.13935,0.034589,-0.11949,-0.21591,0.063448,0.27934,0.15965,0.13016,-0.090904,-0.12736,0.098167,-0.038739,-0.16514,-0.091671,-0.36286,0.5556,-0.34198,-0.64634,0.49903,0.16929,0.030625,-0.13945,0.099487,0.063181,0.36463,0.073913,0.50294,0.010147,-0.27724,-0.40082
0.61201,0.81255,0.30348,-0.0023573,0.18672,0.21575,0.77297,0.52505,0.61983,0.48471,0.54616,0.53896,0.037835,-0.10689,0.60482,0.37563,0.39754,0.17515,0.37991,-0.13794,0.41095,0.50614,0.5482,0.63743,0.66608,0.91662,0.43007,0.64402,0.28138,0.74931,0.027031,0.5078,-0.53446,-0.25224,-0.31404,-0.16894,-0.20287,0.11038,0.71435,0.94812,0.74062,0,0.50123,0.64639,0.16121,0.39862,-0.35148,-0.12654,0.1203,0.14375,0.0981,0.31499,-0.070951,-0.10942,-0.052574,0.10703,0.047852,-0.057772,0.36018,0.48999,0.82482,0.12644,0.24238,0.12612,0.28481,-0.13889,0.0087486,0.22334,0.42507,0.16104,0.22558,0.4368,0.57036,-0.090932,0.040814,0.29208,0.2368,-0.16347,-0.31126,-0.030894,-0.11247,0.59939,0.26861,0.25068,-0.040387,0.14974,-0.32194,-0.087591,-0.20526,-0.06808,0.62113,-0.10013,-0.31018,0.77514,0.6456,0.25096,0.11894,0.34289,0.34283,0.50218,0.56619,0.43249,0.49404,0.063088,0.10407
0.45287,0.10791,-0.14909,-0.51781,-0.06547,-0.26008,0.44848,0.078255,-0.0053181,0.089811,0.16335,0.18188,-0.43267,-0.32537,0.14052,-0.23604,-0.06615,-0.092879,-0.16102,-0.25061,0.016143,0.31922,0.0097894,0.16867,0.13891,0.21283,-0.205,0.0070616,0.22905,0.32106,0.35847,0.28615,-0.59679,-0.39748,0.1343,0.42329,-0.29088,0.025681,0.20572,0.21506,0.46846,0.50123,0,0.96958,0.28143,0.65573,0.31366,0.3447,-0.15135,-0.43531,-0.3688,0.02807,-0.38043,-0.7609,-0.49939,0.27091,0.51211,0.58453,0.79598,0.02933,-0.016679,-0.077893,0.054657,0.09608,0.050063,0.45283,0.40673,-0.097063,0.10995,0.074877,0.50561,1.0851,0.89656,0.57922,0.46828,-0.16328,-0.37425,-0.62867,-0.65526,-0.58889,-0.37711,0.063087,-0.17174,-0.011693,-0.41703,-0.34014,-0.63151,0.37014,0.25166,-0.28431,0.63527,-0.096859,-0.41579,0.19924,-0.12766,-0.082056,-0.24063,-0.11085,0.12625,0.21281,0.2829,0.064607,0.25572,0.1902,0.011973
0.47552,0.48018,-0.14234,-0.53749,0.02498,0.12015,0.52738,0.72712,0.16295,0.54889,0.45882,0.72069,-0.19561,-0.092274,0.20839,-0.029184,0.10618,0.01979,-0.067193,-0.079632,0.19405,0.38737,0.097121,0.25676,0.56031,0.60443,-0.20137,-0.021485,0.44599,0.79114,0.65402,0.93759,-0.48997,-0.23938,-0.09891,0.38246,-0.17579,0.4557,0.36484,0.52128,0.51412,0.64639,0.96958,0,0.13415,1.2636,0.024072,0.18317,-0.15108,-0.057575,-0.012959,0.10743,-0.6424,-0.7203,-0.69529,0.091491,0.1942,0.31811,0.5295,-0.035011,0.39941,0.27265,0.54096,0.27464,0.28704,0.059979,0.19583,0.35739,0.54314,0.50008,0.88219,0.58828,0.87221,0.021893,0.10126,-0.25721,-0.49427,-0.43339,-0.45734,-0.30358,-0.15243,0.013096,-0.18953,0.12763,-0.35437,-0.34066,-0.48361,0.29395,0.11877,-0.23102,0.69393,-0.12684,-0.25895,0.19759,0.24379,-0.20534,-0.14318,-0.029135,0.42871,0.39337,0.33448,0.19044,0.48073,0.046225,-0.084846
-0.20271,0.046667,0.53187,0.16876,-0.69729,-0.3693,-0.10882,-0.1019,-0.39499,-0.17437,-0.24486,-0.052629,-0.21051,-0.061051,-0.038409,-0.31765,-0.073346,-0.21214,0.060992,-0.13364,-0.44853,-0.344,-0.54395,-0.059789,-0.48233,-0.046744,-0.34737,-0.2633,-0.27537,-0.064926,0.18588,-0.088122,-0.13747,-0.13214,-0.13424,-0.12476,-0.47848,-0.48834,-0.43075,-0.23793,-0.45083,0.16121,0.28143,0.13415,0,0.233,-0.020614,0.24152,-0.2876,-0.15011,0.016536,0.14365,-0.2228,-0.071156,-0.14837,-0.30461,-0.15511,-0.016311,-0.082473,-0.12906,0.0042587,-0.098569,-0.17747,-0.57932,-0.26243,-0.080403,-0.13004,-0.57213,-0.24869,-0.32748,-0.36775,0.61628,-0.041479,0.5319,0.21884,-0.06331,0.016068,-0.037722,-0.097952,-0.35227,-0.60919,0.11832,-0.11221,0.37744,0.12993,0.0074232,-0.258,0.19858,0.0083885,0.16673,0.15285,0.321,0.46451,0.0043729,0.084928,0.37835,0.42203,0.12736,0.38337,-0.1708,0.1506,-0.2015,0.23292,0.8034,0.84542
