,,,,,,,,,,,,,,,,,,,,,,,,,,,,,,,,,,,,,,,,,,,,,,,,,,,,,,,,,,,,,,,,,,,,,,,,,,,,,,,,,,,,,,,,,,,,,,,,,,,,,,,,
0,0.7047,-0.16693,-0.17548,0.44265,0.27167,0.63361,0.2704,0.48166,0.36039,0.38933,0.23711,-0.027028,-0.34,0.31484,0.29042,0.12847,0.27177,0.16215,0.31611,0.37983,0.5876,0.69518,0.57171,0.56806,0.67847,0.66126,0.69206,0.46026,0.56763,-0.079512,0.36138,-0.1302,-0.28515,0.26005,-0.050068,0.1798,0.32403,0.9079,0.67663,1.0263,0.59291,0.49077,0.49536,-0.31764,0.11849,-0.036934,-0.17547,0.43412,-0.22055,-0.46413,0.069427,0.4868,0.030174,-0.054464,0.32554,0.29645,0.064545,0.16007,0.55248,0.40453,-0.010458,0.2239,0.21604,0.14922,0.019974,0.01092,0.32016,0.26244,0.074079,0.37318,0.25392,0.36394,0.070173,0.25339,0.14602,0.0089263,-0.17906,-0.27502,-0.037916,0.16567,0.24039,0.027843,-0.18393,-0.11504,0.161,-0.026791,0.03725,-0.091754,-0.31975,0.66012,-0.37012,-0.35007,0.34,0.22083,-0.051564,-0.26341,-0.015177,-0.07634,0.17691,0.015717,0.35984,-0.22651,-0.32081,-0.14733
0.7047,0,-0.14789,-0.12547,0.11019,0.73817,0.4325,0.82726,0.48381,0.45698,0.45001,0.55159,-0.30868,-0.5118,0.13166,0.37809,-0.13251,-0.22736,0.031937,-0.039231,0.22132,0.17308,0.30278,0.37674,0.39656,0.86165,0.47636,0.54774,0.22069,0.65996,-0.042278,0.51995,-0.55614,-0.5912,-0.15701,-0.31279,-0.093526,0.21254,0.52149,0.94715,0.45169,0.93887,0.2223,0.58528,-0.17434,0.19507,-0.32797,-0.21585,-0.023327,-0.26927,-0.23809,-0.13431,0.089243,0.30802,-0.25137,0.0059461,-0.13436,-0.087822,0.06437,0.48401,0.82767,-0.21441,0.11004,-0.10944,0.075603,-0.37814,-0.27305,-0.0104,0.091516,0.24611,0.15292,0.24195,0.35514,-0.040371,0.10665,0.15028,0.18279,-0.30492,-0.4058,-0.28176,-0.33466,0.028224,-0.31916,0.039146,-0.042268,0.097381,-0.27297,0.11085,-0.34211,-0.089904,0.56176,-0.24149,0.035205,0.57833,0.83247,-0.2115,-0.18636,-0.0014696,0.14762,0.10318,0.30637,0.20837,0.090996,-0.39238,0.070816
-0.16693,-0.14789,0,1.281,0.15456,0.050955,-0.26371,-0.21678,0.30971,0.18511,0.13182,0.053271,0.35732,0.55386,0.4675,0.34618,0.22662,0.38161,0.42936,0.45004,0.020607,0.00069191,-0.18265,0.10408,-0.044402,-0.01852,0.28465,-0.16774,-0.4317,-0.41209,-0.31303,-0.31436,0.47544,0.384,0.1736,-0.021368,0.21162,-0.076818,-0.0040764,0.0091031,-0.43051,-0.27682,-0.40021,-0.52242,0.53901,-0.044137,0.17041,0.53386,0.092798,0.22179,0.3141,0.11714,0.021034,0.33363,0.58562,-0.37916,-0.115,0.16327,0.16082,0.48934,0.38031,0.034198,-0.070767,-0.23083,0.029379,0.1155,0.26863,-0.12612,-0.16816,-0.32498,-0.50106,-0.23031,-0.091866,-0.24082,-0.085268,0.61931,0.78269,0.61438,0.56429,0.39612,0.23617,0.36755,0.38238,0.99722,0.8472,0.82891,0.56981,0.36439,0.41427,0.34919,-0.32707,0.44642,0.41474,0.065613,0.075887,0.84158,0.84839,0.60114,0.56107,-0.073102,0.15366,0.23793,0.32678,0.43825,0.58168
-0.17548,-0.12547,1.281,0,0.093069,0.016047,-0.43501,-0.16212,0.36126,0.25661,0.26375,0.12577,0.25802,0.46185,0.27758,0.21228,-0.12631,0.16954,0.11433,0.45384,-0.15468,-0.25777,-0.49926,-0.28122,-0.11557,-0.14436,0.14651,-0.27773,-0.53925,-0.48516,-0.25512,-0.31596,0.30174,0.22988,0.17252,0.0042016,0.30243,0.044001,0.010951,0.064547,-0.52966,-0.50177,-0.48479,-0.7522,0.34121,-0.09391,0.29028,0.41742,-0.23055,-0.094769,0.053285,-0.20296,-0.095486,0.19903,0.45286,-0.77248,-0.40475,0.095943,-0.0069461,0.26582,0.24842,-0.030468,-0.20978,-0.35752,-0.15902,0.048865,0.14856,-0.15395,-0.33053,-0.25931,-0.4046,-0.2853,-0.0085618,-0.26905,-0.012497,0.69603,0.94535,0.60764,0.67673,0.2558,0.17941,-0.047386,0.097999,1.0613,1.2102,0.90557,0.793,0.33402,0.31088,0.45392,-0.27479,0.45603,0.60445,0.073863,0.15675,0.60091,0.93662,0.41475,0.72613,-0.14318,0.014044,0.21771,0.23499,0.50129,0.68119
0.44265,0.11019,0.15456,0.093069,0,0.59739,0.3943,0.044962,0.8825,0.27844,0.63463,0.043977,0.54475,0.15881,0.57658,0.58224,0.28227,0.51877,0.41734,0.20036,0.50166,0.51716,0.47296,0.31977,0.77381,0.31175,0.91096,0.59166,0.33525,0.1679,-0.19347,0.05026,0.27128,0.092769,0.37158,0.11478,0.56327,0.24372,0.93569,0.58401,0.54075,0.17699,0.15582,0.057808,-0.38166,0.0079019,-0.076905,0.0064563,0.33057,0.37041,0.14915,-0.19898,0.23954,0.094238,0.37653,0.06144,0.20396,0.032873,0.45405,0.79913,0.41476,0.21046,0.060744,0.21361,0.051629,0.22252,0.30779,0.32834,0.15706,0.23167,0.22795,0.17144,0.42946,-0.23747,0.11602,0.54564,0.40072,0.14301,-0.054442,0.4589,0.41089,0.20754,0.27464,0.020996,0.10385,0.38763,0.10829,-0.13279,-0.073863,-0.32031,0.24529,-0.0909,-0.47075,0.27072,-0.055697,0.3186,0.046702,0.61996,-0.068543,0.1855,0.032932,0.88339,0.081388,-0.44992,-0.3362
0.27167,0.73817,0.050955,0.016047,0.59739,0,0.27308,0.64812,0.95344,0.63546,0.61638,0.63133,0.18183,0.02729,0.49764,0.61832,0.081371,0.024488,0.21569,0.07118,0.65675,0.3552,0.31861,0.32404,0.67914,0.76119,0.73904,0.5316,0.034287,0.41812,-0.06525,0.40057,-0.2415,-0.1808,-0.1774,-0.092979,0.099964,0.29811,0.67681,1.069,0.37253,0.66939,0.11532,0.41809,-0.24168,0.14739,-0.34364,-0.10273,0.047965,0.17905,0.23718,-0.2353,-0.18064,0.21845,-0.032995,-0.050444,-0.066779,-0.049544,0.27409,0.59,0.91374,0.086613,0.22843,0.084608,0.14872,-0.21759,-0.057609,0.14727,0.30152,0.45148,0.33371,0.25796,0.59602,-0.2823,-0.087035,0.2785,0.52921,-0.023049,-0.16724,0.023382,-0.06081,0.072618,-0.18704,0.15411,0.14229,0.31988,-0.20193,0.01684,-0.18324,-0.11078,0.22997,-0.36335,-0.22368,0.48149,0.65604,0.051118,0.089027,0.40703,0.25697,0.19696,0.30504,0.7989,0.45721,-0.35312,-0.05865
0.63361,0.4325,-0.26371,-0.43501,0.3943,0.27308,0,0.5174,0.27003,0.18349,0.36225,0.27479,0.026861,-0.17298,0.32053,0.60645,0.082215,0.072734,0.38183,-0.09461,0.25318,0.52687,0.80398,0.57878,0.66169,0.6836,0.6122,1.0001,1.1759,0.99038,0.19925,0.4539,-0.13262,-0.071061,0.094445,0.039719,0.15769,0.20561,0.69153,0.49356,0.96056,0.81885,0.38291,0.55709,-0.38946,0.27658,-0.26825,-0.35191,0.22679,0.27117,0.092374,0.03877,0.48789,0.042945,-0.074563,0.37473,0.068744,-0.31518,0.030384,0.31973,0.31847,0.15695,0.33719,0.052766,0.31261,-0.060219,0.10168,0.53406,0.41193,0.44164,0.31399,0.34196,0.18816,0.034915,0.27855,0.094254,-0.1442,-0.10571,-0.3174,0.11877,0.14265,0.26697,0.065595,-0.38974,-0.55437,-0.080476,-0.17828,-0.34444,-0.59925,-0.69944,0.63672,-0.30282,-0.43479,0.59033,0.27418,-0.099241,-0.41546,0.064817,-0.16998,0.1605,0.15226,0.084378,-0.23015,-0.67784,-0.61066
0.2704,0.82726,-0.21678,-0.16212,0.044962,0.64812,0.5174,0,0.45845,0.84564,0.74277,1.2082,-0.2405,-0.18061,0.1952,0.27241,-0.17989,-0.25891,-0.048217,-0.0028562,0.15809,-0.032233,0.061956,-0.0037054,0.63104,0.80097,0.13674,0.29601,0.45199,1.0025,0.45476,1.2546,-0.54889,-0.39384,-0.21378,0.11311,0.087836,0.71665,0.50807,0.87188,0.28259,0.5171,0.14693,0.7492,-0.26018,0.80416,-0.12726,-0.23655,-0.41116,-0.049929,0.019649,-0.1988,-0.33944,-0.19175,-0.57246,-0.20545,-0.42207,-0.23207,-0.030072,0.058728,0.76942,0.041516,0.38647,-0.096142,0.22488,-0.34506,-0.086395,0.52488,0.35386,0.90996,0.57055,0.17483,0.54696,-0.2226,0.1249,0.094072,-0.048575,-0.29919,-0.33056,-0.24282,-0.1726,-0.18555,-0.49687,0.098539,-0.17528,-0.040267,-0.20448,0.0047129,-0.47684,0.026376,0.58388,-0.14968,0.042462,0.51874,0.86163,-0.32876,-0.14543,0.041531,0.36258,0.073507,0.26359,0.027927,0.25237,-0.30156,-0.13632
0.48166,0.48381,0.30971,0.36126,0.8825,0.95344,0.27003,0.45845,0,0.93764,1.1161,0.65124,0.17306,0.083865,0.68554,0.56627,0.13223,0.2805,0.28818,0.34307,0.66191,0.34433,0.25041,0.23581,0.77734,0.6012,0.91449,0.54715,0.02242,0.29045,-0.16301,0.30056,-0.18264,-0.19891,0.1608,0.14575,0.24199,0.46353,1.0649,1.1928,0.40332,0.32678,0.15845,0.17941,-0.16203,0.23954,-0.014518,-0.0064229,0.066198,0.025497,0.019645,-0.20937,-0.17225,-0.050602,0.022764,-0.30114,-0.1589,-0.076423,0.33472,0.83988,0.9462,0.1807,0.25558,0.067485,0.047938,0.038625,0.21882,0.38064,0.202,0.36542,0.36685,0.12616,0.71381,-0.32063,0.076096,0.6009,0.81268,-0.070066,-0.12933,-0.011697,0.064205,0.16215,0.062647,0.44057,0.29343,0.44387,0.016196,-0.046413,-0.13728,0.054999,0.51598,-0.13929,-0.26137,0.43724,0.39295,0.256,0.26374,0.5492,0.40359,0.35274,0.40503,0.96448,0.54414,-0.18089,-0.081411
0.36039,0.45698,0.18511,0.25661,0.27844,0.63546,0.18349,0.84564,0.93764,0,1.0263,1.5298,0.050285,0.20412,0.54168,0.23912,0.13861,0.30086,0.12091,0.63852,0.47125,0.2309,0.02773,0.030286,0.78877,0.82927,0.32022,0.16665,-0.0049059,0.51356,0.28039,0.89069,-0.27323,-0.15658,-0.026396,0.2687,0.20864,0.80558,0.68171,0.91219,0.17604,0.18213,0.081894,0.40433,-0.022162,0.68841,0.0046047,-0.086502,-0.16725,-0.067088,0.013797,-0.1738,-0.52904,-0.41022,-0.42125,-0.38813,-0.36323,-0.11647,0.076985,0.28303,0.93111,0.3419,0.61527,0.11814,0.26892,-0.25362,0.024853,0.69529,0.46769,0.63626,0.61776,0.088907,0.69954,-0.46474,-0.040589,0.32518,0.31583,-0.051731,-0.047286,-0.10968,0.15499,0.0022398,-0.26771,0.42118,0.14686,0.34111,0.067477,0.038543,-0.14018,0.19551,0.38789,-0.19067,-0.04381,0.18586,0.50689,0.064775,0.27209,0.22938,0.60872,0.25385,0.30619,0.50625,0.5425,-0.01122,0.018194
0.38933,0.45001,0.13182,0.26375,0.63463,0.61638,0.36225,0.74277,1.1161,1.0263,0,0.81351,0.15528,0.10824,0.36107,0.45954,-0.021524,0.16577,0.28632,0.32767,0.26529,0.063437,0.043354,-0.077337,0.72246,0.54614,0.49843,0.40667,0.26165,0.50726,0.12869,0.531,-0.15159,-0.21056,0.23898,0.26996,0.45803,0.7388,0.91479,0.98447,0.28046,0.12906,-0.076783,0.13848,-0.35023,0.43693,-0.06209,-0.21442,-0.26024,0.00094824,-0.024004,-0.51482,-0.26122,-0.27675,-0.28093,-0.53103,-0.50032,-0.32742,-0.0090332,0.39918,0.69759,0.272,0.39217,-0.11854,-0.060634,-0.23379,0.0024222,0.575,0.17376,0.68521,0.41132,0.0019884,0.45121,-0.45968,0.046221,0.71872,0.40559,-0.048403,-0.10798,-0.040434,0.11633,-0.084813,-0.11157,0.26262,0.12597,0.35282,0.11557,-0.14525,-0.47486,0.051075,0.541,-0.049819,-0.1448,0.37219,0.33449,0.027591,0.064892,0.28189,0.24698,0.12386,0.13041,0.44974,0.28958,-0.41626,-0.31211
0.23711,0.55159,0.053271,0.12577,0.043977,0.63133,0.27479,1.2082,0.65124,1.5298,0.81351,0,-0.14074,0.074859,0.34802,0.22012,-0.040561,-0.027462,-0.004412,0.3848,0.28986,0.08473,-0.02509,-0.017666,0.62632,0.77886,0.2144,0.16342,0.07003,0.62117,0.42386,0.97356,-0.37983,-0.23896,-0.1294,0.294,0.13494,0.77294,0.48772,0.78247,0.13539,0.31192,0.028826,0.47975,-0.066013,0.78363,-0.10227,-0.20052,-0.33559,-0.090437,0.019577,-0.1563,-0.54218,-0.37432,-0.57746,-0.37177,-0.51412,-0.24264,-0.088193,0.10847,0.81941,0.17471,0.54934,-0.082651,0.22604,-0.38666,-0.06536,0.55996,0.38912,0.60636,0.52983,0.066792,0.56623,-0.37298,-0.049463,0.1371,0.17582,-0.12869,-0.10698,-0.21559,0.016526,-0.084661,-0.4258,0.36017,0.044275,0.18345,0.022386,-0.027778,-0.32029,0.19585,0.35941,-0.2645,0.014803,0.30828,0.69244,-0.1274,0.11664,0.036459,0.56096,0.098348,0.2904,0.20421,0.45799,-0.082863,-0.016892
-0.027028,-0.30868,0.35732,0.25802,0.54475,0.18183,0.026861,-0.2405,0.17306,0.050285,0.15528,-0.14074,0,1.0247,0.43422,0.51746,0.43091,0.78187,0.58585,0.40506,0.39468,0.4983,0.29594,0.22142,0.3255,0.13249,0.37201,0.17398,0.06186,0.0042338,-0.1867,-0.12788,0.67198,0.79543,-0.063779,-0.26429,0.3625,-0.026199,0.27495,0.068343,0.13563,-0.14374,-0.44362,-0.33043,-0.25992,-0.37774,-0.23415,-0.10114,0.39281,0.90686,0.72898,0.027328,0.16357,0.15429,0.49993,0.10877,0.16309,-0.047083,-0.095705,0.15813,0.027234,0.69361,0.39196,0.44433,0.40462,-0.17265,-0.17359,0.31454,0.47024,0.15717,0.078015,-0.27779,-0.15817,-0.6617,-0.47659,0.38846,0.27632,0.96196,0.79559,0.9387,0.80786,0.27501,0.40399,-0.13895,0.31556,0.50954,0.51388,-0.073294,0.18098,-0.1668,-0.50806,-0.019908,-0.12262,-0.10113,-0.097943,0.67266,0.47999,0.52502,0.012052,0.10173,-0.27597,0.594,0.043835,-0.0015303,-0.043053
-0.34,-0.5118,0.55386,0.46185,0.15881,0.02729,-0.17298,-0.18061,0.083865,0.20412,0.10824,0.074859,1.0247,0,0.59438,0.43046,0.41273,0.66855,0.47031,0.43846,0.2693,0.26104,-0.012055,-0.018561,0.19361,0.022799,0.060578,-0.16796,-0.22424,-0.067079,-0.019826,-0.082733,0.48545,1.2659,-0.089683,0.065401,0.37337,0.16085,0.074616,-0.019483,-0.20783,-0.33629,-0.46288,-0.35485,0.032599,-0.084273,-0.083113,0.086835,0.15063,0.63794,0.90064,0.081282,-0.16966,-0.039427,0.35457,-0.13171,-0.038847,-0.054369,-0.063426,-0.049319,-0.021133,0.63267,0.41471,0.29693,0.32808,-0.15584,0.01378,0.40524,0.39147,0.18212,0.066698,-0.35551,-0.12369,-0.68583,-0.42448,0.38571,0.27095,0.985,1.1001,0.64552,0.78089,0.21236,0.33351,0.095397,0.35976,0.5385,0.56089,-0.035214,0.25121,-0.062746,-0.56849,-0.057188,-0.043006,-0.24637,-0.083193,0.62141,0.65664,0.42494,0.24477,0.20611,-0.0057344,0.40784,0.33286,0.21367,0.069866
0.31484,0.13166,0.4675,0.27758,0.57658,0.49764,0.32053,0.1952,0.68554,0.54168,0.36107,0.34802,0.43422,0.59438,0,0.84874,0.57653,0.6731,0.56777,0.31806,0.81206,0.69093,0.54463,0.4963,0.81718,0.60488,0.67785,0.41536,0.1006,0.38696,-0.19048,0.26883,0.023439,0.55358,-0.030483,0.098519,0.35435,0.45049,0.8097,0.69901,0.40285,0.33896,0.21199,0.22925,-0.067508,0.19471,0.047971,0.20883,0.4112,0.3562,0.47743,0.28947,0.084491,0.16215,0.43437,0.16961,0.27495,0.17475,0.59638,0.67991,0.61972,0.27027,0.30845,0.45652,0.53577,0.18305,0.44323,0.54605,0.52036,0.29755,0.32267,0.04526,0.47599,-0.38721,0.016473,0.52596,0.42759,0.36394,0.3138,0.45737,0.58881,0.53948,0.42407,0.23362,0.22248,0.63835,0.18105,0.08566,0.23396,-0.22373,0.13275,-0.21014,-0.28687,0.36117,0.34802,0.47263,0.37937,0.61352,0.3618,0.66136,0.57817,0.84889,0.48556,0.036874,0.063142
0.29042,0.37809,0.34618,0.21228,0.58224,0.61832,0.60645,0.27241,0.56627,0.23912,0.45954,0.22012,0.51746,0.43046,0.84874,0,0.23289,0.2892,0.69558,0.063107,0.4614,0.53313,0.56165,0.52343,0.60922,0.57196,0.94961,0.77249,0.3094,0.5016,-0.28707,0.031945,0.050808,0.40559,-0.045679,-0.17543,0.36564,0.1456,0.77517,0.74193,0.48239,0.58483,-0.11517,0.036583,-0.32123,-0.1132,-0.45711,-0.1344,0.25456,0.49877,0.62355,-0.01039,0.31784,0.44801,0.45136,0.040719,-0.049727,-0.26337,0.14474,0.62362,0.48965,0.25187,0.2683,0.084851,0.28158,-0.1964,0.053104,0.25265,0.28618,0.26298,0.003637,-0.043807,0.11086,-0.43124,-0.061473,0.67392,0.51932,0.48052,0.34846,0.46911,0.3446,0.35232,0.32359,0.017988,0.2125,0.55349,0.23068,-0.19189,-0.25617,-0.48137,0.1245,-0.28297,-0.26586,0.57954,0.40981,0.47922,0.24679,0.57236,0.12106,0.29443,0.3457,0.57517,0.24253,-0.4171,-0.13181
0.12847,-0.13251,0.22662,-0.12631,0.28227,0.081371,0.082215,-0.17989,0.13223,0.13861,-0.021524,-0.040561,0.43091,0.41273,0.57653,0.23289,0,1.0278,0.82865,0.38807,0.77019,0.7548,0.69972,0.61602,0.4126,0.40587,0.35498,0.23566,0.0048645,0.16908,-0.46139,0.10335,0.093115,0.41984,-0.25844,-0.17836,-0.10374,0.0051103,0.22059,0.080898,0.23386,0.19137,-0.03177,0.09865,-0.01993,-0.049746,-0.25078,-0.13366,0.61055,0.48451,0.45727,0.57298,0.0502,0.04304,0.21602,0.46905,0.42053,0.10092,0.31397,0.48112,0.28311,0.45997,0.55481,0.72653,0.69849,-0.063856,-0.0089162,0.26922,0.66403,-0.0071277,0.038334,-0.2388,-0.17226,-0.51059,-0.58893,0.21758,-0.046616,0.17024,0.12245,0.47609,0.54664,1.0519,0.87309,-0.066095,-0.073142,0.21106,-0.043634,-0.1062,0.15696,-0.0082972,-0.15346,-0.1628,-0.47744,-0.013567,-0.10212,0.25804,0.059451,0.18354,-0.24673,0.64509,0.43878,0.43777,0.41794,-0.03042,-0.16831
0.27177,-0.22736,0.38161,0.16954,0.51877,0.024488,0.072734,-0.25891,0.2805,0.30086,0.16577,-0.027462,0.78187,0.66855,0.6731,0.2892,1.0278,0,0.65885,0.79998,0.58318,0.84783,0.45784,0.4423,0.53965,0.36582,0.3852,0.1349,0.00051493,0.08261,-0.22079,0.071328,0.37959,0.55807,0.047695,-0.071691,0.22983,0.062946,0.38166,0.1369,0.20715,-0.08003,-0.031428,-0.039698,0.028724,-0.047577,-0.082586,0.030856,0.59437,0.4564,0.37287,0.26068,0.095249,-0.07822,0.30084,0.18248,0.29503,0.12761,0.26405,0.41411,0.23409,0.68667,0.52577,0.71229,0.58671,0.023322,0.11034,0.47131,0.5783,0.058152,0.14821,-0.080891,0.035638,-0.51368,-0.28412,0.37753,0.13755,0.47143,0.3797,0.65951,0.86192,0.57229,0.53745,0.0087253,0.12299,0.44492,0.29843,-0.031628,0.28065,-0.16256,-0.1481,-0.080825,-0.29832,-0.21675,-0.239,0.62474,0.38134,0.44484,0.026001,0.43913,0.12785,0.66881,0.20565,0.060537,-0.035984
0.16215,0.031937,0.42936,0.11433,0.41734,0.21569,0.38183,-0.048217,0.28818,0.12091,0.28632,-0.004412,0.58585,0.47031,0.56777,0.69558,0.82865,0.65885,0,0.21351,0.48132,0.54352,0.64326,0.56082,0.33348,0.45984,0.70017,0.54952,0.16283,0.27108,-0.43455,-0.01092,0.18494,0.43051,-0.044113,-0.23122,0.055805,-0.048509,0.34042,0.22219,0.2489,0.27241,-0.20645,-0.13649,-0.12935,-0.18237,-0.25233,-0.13474,0.4257,0.51334,0.46517,0.095875,0.28893,0.31029,0.26705,0.1919,0.12289,-0.10366,0.085834,0.65478,0.34457,0.39257,0.45035,0.17385,0.32927,-0.1739,-0.095043,0.19814,0.3963,0.12026,-0.12812,-0.10323,-0.34577,-0.43398,-0.39981,0.74242,0.33039,0.40538,0.19849,0.46485,0.41241,0.93739,0.84136,-0.0624,-0.012182,0.5254,0.054176,-0.091815,-0.13855,-0.19871,-0.061585,-0.0089933,-0.29233,0.33655,0.1084,0.30788,0.032388,0.26325,-0.20558,0.3999,0.2663,0.41623,0.1428,-0.27442,-0.30376
0.31611,-0.039231,0.45004,0.45384,0.20036,0.07118,-0.09461,-0.0028562,0.34307,0.63852,0.32767,0.3848,0.40506,0.43846,0.31806,0.063107,0.38807,0.79998,0.21351,0,0.27469,0.31323,-0.0017951,0.03966,0.33089,0.38211,0.21829,-0.11701,-0.20024,-0.025595,-0.057391,0.18545,0.26923,0.14225,0.049929,0.057861,0.23108,0.27099,0.29927,0.17524,-0.0041987,-0.22436,-0.1939,-0.089479,0.15768,0.15698,-0.032678,-0.041139,0.069294,-0.010587,-0.0053551,-0.052745,-0.11693,-0.29176,0.020449,-0.23317,-0.16744,-0.022022,-0.098049,0.18015,0.31295,0.5525,0.54901,0.21588,0.31997,-0.20302,-0.06712,0.34688,0.41261,-0.012938,0.1037,-0.13435,0.094518,-0.40313,-0.2153,0.28785,0.19622,0.43973,0.40971,0.30838,0.54459,0.083451,-0.020874,0.37453,0.47295,0.57914,0.52737,0.091772,0.1724,0.16002,-0.079109,-0.17883,-0.0063818,-0.16612,-0.014028,0.38059,0.47493,0.17724,0.35657,-0.055533,-0.15021,0.37905,0.18136,0.22837,0.20967
0.37983,0.22132,0.020607,-0.15468,0.50166,0.65675,0.25318,0.15809,0.66191,0.47125,0.26529,0.28986,0.39468,0.2693,0.81206,0.4614,0.77019,0.58318,0.48132,0.27469,0,0.9603,0.87725,0.69684,0.66444,0.68982,0.71967,0.6659,0.017275,0.41027,-0.36232,0.26803,-0.22485,0.14724,-0.32723,-0.15781,-0.18703,0.19529,0.72542,0.64752,0.72212,0.59853,0.23941,0.37932,-0.20043,-0.074381,-0.26265,-0.25562,0.61847,0.36988,0.38256,0.36413,-0.0668,-0.018629,0.082549,0.42935,0.39481,-0.058767,0.29976,0.53656,0.48096,0.58311,0.71116,0.93491,0.63148,-0.043204,0.0029054,0.44218,0.94794,0.35404,0.52944,-0.020243,0.35155,-0.38744,-0.35692,0.10888,0.27429,-0.019912,-0.028722,0.10909,0.2371,0.60857,0.41407,-0.080959,-0.028513,0.1472,-0.26573,-0.23429,0.047634,-0.092551,0.21347,-0.51937,-0.68622,0.20502,0.23728,0.23861,0.15974,0.31707,0.026912,0.88661,0.52737,1.0573,0.64299,-0.060069,-0.20605
0.5876,0.17308,0.00069191,-0.25777,0.51716,0.3552,0.52687,-0.032233,0.34433,0.2309,0.063437,0.08473,0.4983,0.26104,0.69093,0.53313,0.7548,0.84783,0.54352,0.31323,0.9603,0,1.2389,1.2204,0.74938,0.7062,0.78379,0.7038,0.23637,0.45127,-0.15628,0.16753,0.088342,0.30236,-0.095022,-0.19781,0.0032063,-0.06384,0.58185,0.38878,0.80059,0.64714,0.29413,0.37372,-0.19301,-0.133,-0.39439,-0.20364,1.0005,0.51891,0.36125,0.4626,0.28196,0.082085,0.16373,0.61954,0.50915,0.033229,0.26977,0.52165,0.32335,0.43966,0.56112,0.76728,0.70572,-0.044121,0.015177,0.40077,0.73945,0.078165,0.32956,0.17966,0.20154,-0.28049,-0.22612,0.023836,0.099223,0.16475,0.059266,0.38273,0.49548,0.75805,0.41086,-0.32196,-0.19685,0.14123,-0.039599,-0.21587,0.058391,-0.49822,0.049584,-0.5044,-0.62822,0.062406,0.033396,0.41581,0.087673,0.31463,-0.10331,0.55891,0.28892,0.73273,0.13956,-0.20581,-0.20639
0.69518,0.30278,-0.18265,-0.49926,0.47296,0.31861,0.80398,0.061956,0.25041,0.02773,0.043354,-0.02509,0.29594,-0.012055,0.54463,0.56165,0.69972,0.45784,0.64326,-0.0017951,0.87725,1.2389,0,1.286,0.60605,0.65655,0.85134,1.1318,0.53311,0.635,-0.31071,0.18343,-0.054092,0.16461,-0.12731,-0.26113,-0.072994,-0.0011827,0.64825,0.40443,1.2372,0.94928,0.32968,0.43811,-0.4135,-0.17136,-0.36728,-0.36303,0.94043,0.44295,0.22879,0.50882,0.56,0.24875,0.18549,0.98524,0.64411,-0.051884,0.22457,0.58795,0.27259,0.25661,0.43826,0.64471,0.60514,-0.013256,-0.024434,0.31479,0.66786,0.11984,0.27069,0.07762,0.03719,-0.14446,-0.17923,0.034033,-0.065859,-0.0192,-0.15045,0.28945,0.33908,0.87164,0.58814,-0.49955,-0.38039,0.01821,-0.22581,-0.28687,-0.1339,-0.4942,0.24949,-0.46793,-0.73882,0.38668,0.13782,0.080289,-0.27935,0.085316,-0.40134,0.59315,0.31417,0.46274,-0.0058761,-0.41492,-0.43314
0.57171,0.37674,0.10408,-0.28122,0.31977,0.32404,0.57878,-0.0037054,0.23581,0.030286,-0.077337,-0.017666,0.22142,-0.018561,0.4963,0.52343,0.61602,0.4423,0.56082,0.03966,0.69684,1.2204,1.286,0,0.41148,0.59856,0.79833,0.75526,0.23897,0.37245,-0.24713,0.058786,0.072459,0.1227,-0.046504,-0.31324,-0.18789,-0.23385,0.38398,0.30082,0.70163,0.93515,0.30166,0.41614,0.022882,-0.14494,-0.39217,-0.087788,1.1896,0.48659,0.28969,0.68521,0.48191,0.39802,0.22416,0.76753,0.62783,0.04386,0.26256,0.70003,0.40958,0.13483,0.32979,0.42499,0.50727,-0.0040355,0.0294,0.11842,0.42509,-0.1078,0.048045,0.15927,0.050697,-0.03997,-0.12988,-0.057062,0.095071,-0.011003,-0.14766,0.2033,0.14592,1.0735,0.50374,-0.21786,-0.25303,0.014859,-0.22187,-0.095996,0.05189,-0.37265,0.13245,-0.29618,-0.42272,0.19215,0.11133,0.33941,-0.046086,0.26409,-0.16204,0.41762,0.38219,0.41933,0.088432,-0.22219,-0.11271
0.56806,0.39656,-0.044402,-0.11557,0.77381,0.67914,0.66169,0.63104,0.77734,0.78877,0.72246,0.62632,0.3255,0.19361,0.81718,0.60922,0.4126,0.53965,0.33348,0.33089,0.66444,0.74938,0.60605,0.41148,0,1.0264,0.64059,0.60683,0.5777,0.91447,0.10967,0.77968,-0.15119,0.054567,-0.081194,0.077026,0.38909,0.56796,1.128,1.0126,0.68449,0.50122,0.26473,0.57428,-0.51621,0.43991,-0.1789,-0.1752,0.14504,0.33543,0.26184,0.055073,-0.072,-0.17771,-0.05964,0.082722,0.0067471,0.020927,0.4045,0.48819,0.79418,0.30658,0.50913,0.43682,0.6264,-0.052173,0.17132,0.83518,0.68205,0.60764,0.68133,0.19581,0.67592,-0.52831,-0.008526,0.3446,0.099022,0.033831,-0.046518,0.36915,0.4892,0.24317,0.06054,-0.02078,-0.062178,0.2571,0.083592,-0.09039,-0.16424,-0.26994,0.35629,-0.27238,-0.39828,0.41602,0.39894,0.17374,0.07038,0.47233,0.21598,0.42492,0.34264,0.62875,0.29713,-0.32773,-0.22975
0.67847,0.86165,-0.01852,-0.14436,0.31175,0.76119,0.6836,0.80097,0.6012,0.82927,0.54614,0.77886,0.13249,0.022799,0.60488,0.57196,0.40587,0.36582,0.45984,0.38211,0.68982,0.7062,0.65655,0.59856,1.0264,0,0.67402,0.68359,0.37309,1.051,0.00071747,0.88303,-0.3947,-0.14111,-0.35887,-0.2634,-0.03606,0.33533,0.78479,1.0119,0.62591,0.89009,0.23226,0.68597,-0.23306,0.33213,-0.36295,-0.30208,0.15123,0.12655,0.15458,0.043192,0.0001571,0.048006,-0.20367,0.15708,-0.055204,-0.073351,0.15894,0.53789,1.062,0.30819,0.6883,0.31522,0.70419,-0.38722,-0.18634,0.50038,0.81674,0.5348,0.44214,0.25837,0.38572,-0.39993,-0.13659,0.27632,0.14532,0.0044286,-0.13791,0.11864,0.17143,0.35482,-0.05298,-0.019732,-0.10373,0.29071,-0.13811,0.0093162,-0.26121,-0.2068,0.39165,-0.36269,-0.20932,0.5439,0.79014,0.02999,0.0082612,0.20406,0.23893,0.3968,0.41731,0.50559,0.27868,-0.27377,-0.078625
0.66126,0.47636,0.28465,0.14651,0.91096,0.73904,0.6122,0.13674,0.91449,0.32022,0.49843,0.2144,0.37201,0.060578,0.67785,0.94961,0.35498,0.3852,0.70017,0.21829,0.71967,0.78379,0.85134,0.79833,0.64059,0.67402,0,1.1877,0.2226,0.33393,-0.44923,0.015488,0.044696,0.027914,0.092524,-0.19158,0.16845,0.04093,0.93623,0.74414,0.74044,0.69301,0.068356,0.061631,-0.28073,-0.19461,-0.34498,-0.21897,0.49959,0.28817,0.15251,0.020769,0.44043,0.39928,0.3522,0.19337,0.13841,-0.15877,0.20146,1.2349,0.65836,0.17406,0.22807,0.13532,0.23354,-0.069481,0.0279,0.12729,0.26555,0.041499,0.017745,0.080231,0.18267,-0.25945,-0.093807,0.5295,0.65559,0.18995,-0.0096397,0.32084,0.26579,0.57282,0.40466,0.078434,0.14145,0.52461,0.077188,-0.21069,-0.2303,-0.27275,0.25989,-0.27985,-0.39326,0.64327,0.3236,0.33534,0.079597,0.37244,-0.015805,0.31873,0.29945,0.82691,0.14239,-0.4069,-0.1957
0.69206,0.54774,-0.16774,-0.27773,0.59166,0.5316,1.0001,0.29601,0.54715,0.16665,0.40667,0.16342,0.17398,-0.16796,0.41536,0.77249,0.23566,0.1349,0.54952,-0.11701,0.6659,0.7038,1.1318,0.75526,0.60683,0.68359,1.1877,0,0.60955,0.73425,-0.3034,0.16831,-0.24374,-0.11372,-0.072766,-0.24956,-0.023534,0.033927,0.90855,0.7127,1.2666,1.0482,0.198,0.27552,-0.58604,-0.19912,-0.41234,-0.5206,0.40718,0.26809,0.10952,0.076427,0.44947,0.22497,0.071057,0.40238,0.15675,-0.337,0.061469,0.64865,0.39836,0.20094,0.33549,0.25073,0.30895,-0.12228,-0.094807,0.21787,0.4002,0.27487,0.21801,0.10812,0.13147,-0.1508,-0.060575,0.25716,0.23509,-0.08664,-0.23162,0.094647,0.083133,0.45516,0.34191,-0.29135,-0.23034,0.092304,-0.19383,-0.43804,-0.50633,-0.38494,0.47813,-0.34846,-0.53134,0.77377,0.35471,0.060988,-0.20928,0.12271,-0.2388,0.41449,0.30758,0.44541,0.012783,-0.57635,-0.47784
0.46026,0.22069,-0.4317,-0.53925,0.33525,0.034287,1.1759,0.45199,0.02242,-0.0049059,0.26165,0.07003,0.06186,-0.22424,0.1006,0.3094,0.0048645,0.00051493,0.16283,-0.20024,0.017275,0.23637,0.53311,0.23897,0.5777,0.37309,0.2226,0.60955,0,0.89187,0.25595,0.48415,-0.053351,-0.086684,0.063205,0.026889,0.27699,0.2724,0.51456,0.29252,0.75467,0.42232,0.27759,0.47658,-0.65879,0.2936,-0.072707,-0.28746,0.027661,0.28389,0.031903,0.045544,0.40975,-0.092728,-0.078358,0.35207,0.094681,-0.13599,0.051414,0.047495,0.10759,0.058978,0.18224,0.10502,0.31025,0.065511,0.11266,0.52259,0.32602,0.46674,0.37097,0.19641,0.14074,0.012688,0.28766,0.030904,-0.46522,-0.137,-0.26615,0.22541,0.19535,0.049184,0.037894,-0.46583,-0.48484,-0.20932,-0.059338,-0.18618,-0.41534,-0.45562,0.47008,-0.026402,-0.26329,0.49554,0.14932,-0.17455,-0.46105,0.055553,-0.23449,-0.015958,-0.10262,-0.17365,-0.39033,-0.51176,-0.51607
0.56763,0.65996,-0.41209,-0.48516,0.1679,0.41812,0.99038,1.0025,0.29045,0.51356,0.50726,0.62117,0.0042338,-0.067079,0.38696,0.5016,0.16908,0.08261,0.27108,-0.025595,0.41027,0.45127,0.635,0.37245,0.91447,1.051,0.33393,0.73425,0.89187,0,0.24629,1.0111,-0.47948,-0.093423,-0.26614,-0.05389,0.085107,0.51224,0.75089,0.8244,0.82485,0.84023,0.26826,0.82751,-0.60646,0.40839,-0.28968,-0.45774,0.021751,0.16663,0.15049,0.070601,0.018608,-0.15262,-0.397,0.24072,-0.058893,-0.23399,0.026926,0.1266,0.48743,0.23694,0.63415,0.30338,0.55308,-0.30791,-0.12851,0.71618,0.71368,0.83538,0.68839,0.16659,0.33218,-0.29321,0.0062959,0.1047,-0.23716,-0.17551,-0.21743,-0.0037699,0.13718,0.15112,-0.07563,-0.36197,-0.42708,-0.067744,-0.19881,-0.19457,-0.48555,-0.3515,0.55067,-0.367,-0.32042,0.54433,0.5945,-0.19862,-0.27813,0.012449,0.0025572,0.37149,0.30005,0.12275,0.072283,-0.47147,-0.39315
-0.079512,-0.042278,-0.31303,-0.25512,-0.19347,-0.06525,0.19925,0.45476,-0.16301,0.28039,0.12869,0.42386,-0.1867,-0.019826,-0.19048,-0.28707,-0.46139,-0.22079,-0.43455,-0.057391,-0.36232,-0.15628,-0.31071,-0.24713,0.10967,0.00071747,-0.44923,-0.3034,0.25595,0.24629,0,0.56279,0.12112,-0.05704,0.3062,0.61476,0.28334,0.36266,-0.11327,-0.075365,-0.11587,-0.13648,0.21445,0.45347,0.11365,0.76153,0.18362,0.11218,-0.24197,0.030074,-0.068889,-0.17215,-0.30113,-0.52172,-0.63571,-0.13106,-0.15645,-0.045694,-0.18353,-0.5754,-0.078104,-0.012063,0.092591,-0.19957,-0.10531,-0.017771,0.13721,0.45695,0.014883,0.43991,0.4837,0.38706,0.37198,0.2055,0.38461,-0.44573,-0.44665,-0.17607,-0.20616,-0.23546,-0.03063,-0.44438,-0.7562,-0.15096,-0.47424,-0.3671,-0.061216,0.038702,-0.10743,-0.16833,0.10752,-0.0093001,0.14784,-0.33457,-0.067912,-0.24925,-0.18127,-0.13658,0.18664,-0.36152,-0.3351,-0.34303,-0.27754,-0.084249,-0.16037
0.36138,0.51995,-0.31436,-0.31596,0.05026,0.40057,0.4539,1.2546,0.30056,0.89069,0.531,0.97356,-0.12788,-0.082733,0.26883,0.031945,0.10335,0.071328,-0.01092,0.18545,0.26803,0.16753,0.18343,0.058786,0.77968,0.88303,0.015488,0.16831,0.48415,1.0111,0.56279,0,-0.42723,-0.23955,-0.23778,0.1283,0.080487,0.80277,0.45596,0.62239,0.32147,0.35654,0.31068,0.95403,-0.224,0.96211,0.02895,-0.18865,-0.19563,-0.017811,-0.034597,-0.01609,-0.31842,-0.35762,-0.60674,0.041028,-0.12216,0.012943,0.082855,0.0061846,0.64981,0.16443,0.52188,0.22475,0.48982,-0.23993,-0.062946,0.82074,0.64719,0.93169,0.85928,0.22988,0.56356,-0.26267,0.052798,-0.024809,-0.30297,-0.27356,-0.31834,-0.095763,0.093,-0.037295,-0.38028,-0.062728,-0.35111,-0.066497,-0.21314,0.10395,-0.21542,0.0091275,0.45427,-0.13427,-0.028342,0.26486,0.60092,-0.37716,-0.20697,-0.043742,0.2657,0.22518,0.19519,0.085226,0.15392,-0.15335,-0.14762
-0.1302,-0.55614,0.47544,0.30174,0.27128,-0.2415,-0.13262,-0.54889,-0.18264,-0.27323,-0.15159,-0.37983,0.67198,0.48545,0.023439,0.050808,0.093115,0.37959,0.18494,0.26923,-0.22485,0.088342,-0.054092,0.072459,-0.15119,-0.3947,0.044696,-0.24374,-0.053351,-0.47948,0.12112,-0.42723,0,0.63388,0.605,0.19361,0.6098,-0.12454,-0.15153,-0.46767,-0.21405,-0.50321,-0.39945,-0.46588,0.18043,-0.19338,0.053767,0.26822,0.38482,0.54759,0.23988,0.070016,0.37974,0.18157,0.50157,0.088223,0.27677,0.07375,-0.13995,0.013303,-0.26963,0.11583,-0.13115,-0.08305,-0.12011,0.13004,0.14139,-0.040472,-0.1898,-0.36148,-0.32667,-0.19699,-0.29241,-0.032178,-0.046183,0.055734,0.011468,0.69207,0.50376,0.65825,0.5976,0.12313,0.22563,0.040693,0.21708,0.30476,0.63515,0.07633,0.32779,-0.093213,-0.60729,0.20033,0.12263,-0.41503,-0.59632,0.47499,0.21018,0.20399,-0.1367,-0.49503,-0.68528,0.0034322,-0.4126,0.023499,0.047642
-0.28515,-0.5912,0.384,0.22988,0.092769,-0.1808,-0.071061,-0.39384,-0.19891,-0.15658,-0.21056,-0.23896,0.79543,1.2659,0.55358,0.40559,0.41984,0.55807,0.43051,0.14225,0.14724,0.30236,0.16461,0.1227,0.054567,-0.14111,0.027914,-0.11372,-0.086684,-0.093423,-0.05704,-0.23955,0.63388,0,0.023158,0.072081,0.44807,0.058769,-0.013951,-0.21645,-0.09707,-0.25261,-0.33042,-0.33397,0.0053031,-0.22176,-0.050395,0.12694,0.38899,0.65141,0.77916,0.28571,0.21474,0.21299,0.60756,0.23327,0.29118,0.019539,0.0091914,-0.050036,-0.25122,0.36289,0.13905,0.34308,0.30666,0.0051432,0.12887,0.23502,0.23724,-0.018307,-0.086844,-0.35542,-0.27004,-0.38569,-0.266,0.2131,0.026164,0.99366,1.0041,0.80757,0.94868,0.30871,0.49399,-0.13101,0.14741,0.4182,0.52267,-0.077817,0.29878,-0.28955,-0.62067,-0.091495,-0.084999,-0.22536,-0.22731,0.4589,0.33812,0.20649,-0.057243,0.22022,-0.027342,0.21978,0.016351,0.096919,0.0081836
0.26005,-0.15701,0.1736,0.17252,0.37158,-0.1774,0.094445,-0.21378,0.1608,-0.026396,0.23898,-0.1294,-0.063779,-0.089683,-0.030483,-0.045679,-0.25844,0.047695,-0.044113,0.049929,-0.32723,-0.095022,-0.12731,-0.046504,-0.081194,-0.35887,0.092524,-0.072766,0.063205,-0.26614,0.3062,-0.23778,0.605,0.023158,0,0.80565,0.67801,0.19517,0.14033,-0.090776,0.008032,-0.30694,0.16179,-0.1142,0.15879,0.18731,0.35731,0.38046,0.1901,-0.111,-0.38379,-0.21603,0.27556,-0.1144,0.054143,-0.13977,0.14732,0.044439,0.094251,0.15004,-0.16671,-0.23227,-0.32603,-0.39772,-0.74971,0.44262,0.5283,0.04886,-0.58036,-0.20795,-0.064687,0.19432,0.15137,0.42728,0.61707,0.11863,0.04711,-0.062337,-0.16176,-0.085577,0.099499,-0.087916,-0.0082398,0.093169,-0.062258,0.063803,0.17694,0.029415,0.049293,-0.21641,0.22775,0.089828,-0.11088,-0.25397,-0.60357,0.074689,-0.19046,0.038935,-0.15986,-0.36828,-0.37174,-0.038378,-0.42551,-0.25906,-0.23635
-0.050068,-0.31279,-0.021368,0.0042016,0.11478,-0.092979,0.039719,0.11311,0.14575,0.2687,0.26996,0.294,-0.26429,0.065401,0.098519,-0.17543,-0.17836,-0.071691,-0.23122,0.057861,-0.15781,-0.19781,-0.26113,-0.31324,0.077026,-0.2634,-0.19158,-0.24956,0.026889,-0.05389,0.61476,0.1283,0.19361,0.072081,0.80565,0,0.54871,0.62252,0.10882,-0.026703,-0.075089,-0.30746,0.2456,0.15435,0.10456,0.66417,0.41228,0.27685,-0.14064,-0.13185,-0.17991,-0.13033,-0.27016,-0.63298,-0.28802,-0.21936,-0.043071,-0.038406,0.14109,-0.18905,-0.14662,-0.086849,-0.044439,-0.23136,-0.44256,0.41315,0.7036,0.36208,-0.21343,0.13968,0.30928,0.15272,0.39995,0.27732,0.48573,-0.094009,-0.17183,-0.23107,-0.18835,-0.25223,0.10613,-0.23972,-0.18749,0.16823,-0.1758,-0.11452,0.03238,-0.10053,-0.023106,-0.06903,0.26885,-0.15473,-0.27074,-0.23529,-0.39502,-0.16726,-0.19345,-0.083905,0.023917,-0.17232,-0.088181,-0.13106,0.0034478,-0.11722,-0.34648
0.1798,-0.093526,0.21162,0.30243,0.56327,0.099964,0.15769,0.087836,0.24199,0.20864,0.45803,0.13494,0.3625,0.37337,0.35435,0.36564,-0.10374,0.22983,0.055805,0.23108,-0.18703,0.0032063,-0.072994,-0.18789,0.38909,-0.03606,0.16845,-0.023534,0.27699,0.085107,0.28334,0.080487,0.6098,0.44807,0.67801,0.54871,0,0.62986,0.44261,0.21696,0.056565,-0.27674,-0.1669,-0.12494,-0.30319,0.25469,0.1135,0.1618,-0.054896,0.16267,0.053614,-0.30209,0.20275,-0.0095959,0.27865,-0.19476,-0.050835,0.013457,0.10099,0.12399,0.053987,-0.036809,-0.14908,-0.15689,-0.17441,0.091444,0.32449,0.31653,-0.17163,0.12175,0.077578,-0.081851,0.23227,-0.21535,0.26321,0.44819,0.035507,0.48356,0.38228,0.54548,0.75652,-0.22012,-0.062633,0.096984,0.23378,0.52689,0.73537,0.032102,-0.0075317,-0.27042,-0.062518,-0.028348,-0.0098874,0.035991,-0.13423,0.15497,0.050959,0.20248,0.028027,-0.27325,-0.34372,0.14702,-0.2663,-0.32589,-0.10674
0.32403,0.21254,-0.076818,0.044001,0.24372,0.29811,0.20561,0.71665,0.46353,0.80558,0.7388,0.77294,-0.026199,0.16085,0.45049,0.1456,0.0051103,0.062946,-0.048509,0.27099,0.19529,-0.06384,-0.0011827,-0.23385,0.56796,0.33533,0.04093,0.033927,0.2724,0.51224,0.36266,0.80277,-0.12454,0.058769,0.19517,0.62252,0.62986,0,0.66241,0.61099,0.24888,-0.005484,0.13484,0.40339,-0.30978,0.81185,0.25448,-0.043403,-0.2205,-0.13479,-0.11167,-0.14596,-0.22493,-0.38056,-0.23995,-0.13529,-0.095584,-0.043351,0.097817,0.035393,0.35262,0.09754,0.28159,0.087982,0.053738,-0.017876,0.21479,0.81348,0.28854,0.66446,0.70744,-0.1019,0.55517,-0.25927,0.17663,0.24437,-0.12986,-0.064229,-0.011128,-0.021095,0.35013,-0.18118,-0.19611,0.12316,0.0037435,0.21828,0.13876,0.041829,-0.10834,0.04459,0.43175,-0.24004,-0.16839,0.2098,0.29005,-0.31551,-0.14347,-0.05241,0.19309,0.15044,0.052337,0.18615,0.1707,-0.17013,-0.20974
0.9079,0.52149,-0.0040764,0.010951,0.93569,0.67681,0.69153,0.50807,1.0649,0.68171,0.91479,0.48772,0.27495,0.074616,0.8097,0.77517,0.22059,0.38166,0.34042,0.29927,0.72542,0.58185,0.64825,0.38398,1.128,0.78479,0.93623,0.90855,0.51456,0.75089,-0.11327,0.45596,-0.15153,-0.013951,0.14033,0.10882,0.44261,0.66241,0,1.3354,1.0383,0.53669,0.26551,0.38969,-0.54171,0.2052,-0.11913,-0.23384,0.23161,0.1261,0.044956,-0.075036,0.17775,-0.05314,0.081719,0.091531,0.07251,-0.16709,0.27033,0.64715,0.62732,0.31011,0.40918,0.3464,0.28247,0.0058074,0.1814,0.65565,0.47664,0.53421,0.5733,0.084338,0.62118,-0.3112,0.14636,0.48929,0.27613,0.018002,-0.056105,0.17609,0.35517,0.16794,0.12364,0.0011951,0.061022,0.35911,0.072931,-0.1986,-0.24581,-0.29703,0.65535,-0.39072,-0.49543,0.55378,0.34873,0.14954,0.020111,0.35979,0.1081,0.40118,0.24555,0.76037,0.19912,-0.41507,-0.30295
0.67663,0.94715,0.0091031,0.064547,0.58401,1.069,0.49356,0.87188,1.1928,0.91219,0.98447,0.78247,0.068343,-0.019483,0.69901,0.74193,0.080898,0.1369,0.22219,0.17524,0.64752,0.38878,0.40443,0.30082,1.0126,1.0119,0.74414,0.7127,0.29252,0.8244,-0.075365,0.62239,-0.46767,-0.21645,-0.090776,-0.026703,0.21696,0.61099,1.3354,0,0.65789,0.70067,0.25372,0.52136,-0.4073,0.30561,-0.17329,-0.15653,0.0025529,-0.023481,0.051071,-0.16039,-0.10668,0.018129,-0.10341,-0.11763,-0.13887,-0.093635,0.30686,0.61443,0.99915,0.12997,0.35376,0.18064,0.23657,-0.15043,0.048837,0.46034,0.38396,0.61796,0.55092,0.17614,0.76223,-0.34523,0.098716,0.48405,0.42331,-0.11377,-0.1461,-0.046642,0.035782,0.073602,-0.09689,0.1513,0.13168,0.33375,-0.081384,-0.01149,-0.25003,-0.13677,0.64689,-0.32685,-0.25682,0.64194,0.74665,0.070629,0.095249,0.39231,0.34699,0.41525,0.46068,0.70998,0.43689,-0.32428,-0.079132
1.0263,0.45169,-0.43051,-0.52966,0.54075,0.37253,0.96056,0.28259,0.40332,0.17604,0.28046,0.13539,0.13563,-0.20783,0.40285,0.48239,0.23386,0.20715,0.2489,-0.0041987,0.72212,0.80059,1.2372,0.70163,0.68449,0.62591,0.74044,1.2666,0.75467,0.82485,-0.11587,0.32147,-0.21405,-0.09707,0.008032,-0.075089,0.056565,0.24888,1.0383,0.65789,0,0.89913,0.48812,0.58126,-0.63476,-0.036976,-0.2415,-0.45042,0.54149,0.16819,-0.035712,0.20821,0.45946,-0.010056,-0.0046627,0.6565,0.42456,-0.18142,0.13326,0.38095,0.21636,0.24678,0.41008,0.53223,0.36858,0.036893,0.02702,0.46253,0.58286,0.3368,0.57295,0.1746,0.32967,-0.0043223,0.10459,-0.019971,-0.10313,-0.20007,-0.27928,0.03689,0.1852,0.30346,0.1959,-0.50517,-0.35432,-0.088919,-0.23239,-0.35864,-0.28152,-0.5166,0.62591,-0.58953,-0.76529,0.45221,0.18374,-0.054016,-0.33297,0.036672,-0.27885,0.40569,0.13355,0.4162,-0.090606,-0.48078,-0.5122
0.59291,0.93887,-0.27682,-0.50177,0.17699,0.66939,0.81885,0.5171,0.32678,0.18213,0.12906,0.31192,-0.14374,-0.33629,0.33896,0.58483,0.19137,-0.08003,0.27241,-0.22436,0.59853,0.64714,0.94928,0.93515,0.50122,0.89009,0.69301,1.0482,0.42232,0.84023,-0.13648,0.35654,-0.50321,-0.25261,-0.30694,-0.30746,-0.27674,-0.005484,0.53669,0.70067,0.89913,0,0.41896,0.75331,-0.27422,0.024342,-0.51364,-0.33373,0.36878,0.13234,0.12077,0.26147,0.25381,0.30145,-0.10358,0.51458,0.21598,-0.14081,0.18364,0.48502,0.5344,-0.028379,0.29961,0.20663,0.37314,-0.19562,-0.11754,0.095244,0.41386,0.22103,0.23819,0.30532,0.25091,0.019605,-0.0070354,-0.077185,0.045388,-0.29424,-0.41087,-0.13416,-0.19277,0.42306,0.054611,-0.27918,-0.34569,-0.1094,-0.48988,-0.17624,-0.34139,-0.40218,0.46564,-0.52805,-0.42387,0.62477,0.58533,-0.093003,-0.28496,0.053293,-0.098185,0.37048,0.50562,0.27108,0.15141,-0.45319,-0.21968
0.49077,0.2223,-0.40021,-0.48479,0.15582,0.11532,0.38291,0.14693,0.15845,0.081894,-0.076783,0.028826,-0.44362,-0.46288,0.21199,-0.11517,-0.03177,-0.031428,-0.20645,-0.1939,0.23941,0.29413,0.32968,0.30166,0.26473,0.23226,0.068356,0.198,0.27759,0.26826,0.21445,0.31068,-0.39945,-0.33042,0.16179,0.2456,-0.1669,0.13484,0.26551,0.25372,0.48812,0.41896,0,0.89936,0.077317,0.39704,0.39473,0.35059,0.26589,-0.31532,-0.37435,0.15458,0.098052,-0.16418,-0.15017,0.40007,0.52602,0.478,0.73324,0.1549,0.099396,-0.2578,-0.11543,0.21166,0.0056953,0.67524,0.59257,0.25374,0.12538,0.1602,0.56242,0.99346,0.73792,0.70047,0.78366,-0.30523,-0.18778,-0.64954,-0.72525,-0.39856,-0.27359,0.064224,-0.15355,-0.22428,-0.49606,-0.3518,-0.68574,0.22502,0.20836,-0.44081,0.7249,-0.22768,-0.40757,0.078245,0.038306,-0.24132,-0.37977,0.071999,0.046502,0.29236,0.26127,0.15573,-0.056137,-0.015961,-0.13291
0.49536,0.58528,-0.52242,-0.7522,0.057808,0.41809,0.55709,0.7492,0.17941,0.40433,0.13848,0.47975,-0.33043,-0.35485,0.22925,0.036583,0.09865,-0.039698,-0.13649,-0.089479,0.37932,0.37372,0.43811,0.41614,0.57428,0.68597,0.061631,0.27552,0.47658,0.82751,0.45347,0.95403,-0.46588,-0.33397,-0.1142,0.15435,-0.12494,0.40339,0.38969,0.52136,0.58126,0.75331,0.89936,0,-0.07934,0.70703,-0.038415,-0.0057013,0.17277,-0.0228,-0.062165,0.22986,-0.11792,-0.22272,-0.47684,0.4201,0.30345,0.15455,0.37785,0.063697,0.41784,-0.020688,0.32748,0.32062,0.32382,0.074186,0.18332,0.50293,0.49788,0.5421,0.81157,0.58913,0.71969,0.21289,0.3262,-0.39056,-0.42626,-0.60858,-0.67967,-0.32529,-0.1904,0.073563,-0.33328,-0.2798,-0.60791,-0.41198,-0.66983,0.096631,-0.057972,-0.32709,0.65004,-0.41617,-0.36882,0.13409,0.31721,-0.32903,-0.40417,0.025815,0.061579,0.24234,0.28357,0.094711,0.12136,-0.24009,-0.21349
-0.31764,-0.17434,0.53901,0.34121,-0.38166,-0.24168,-0.38946,-0.26018,-0.16203,-0.022162,-0.35023,-0.066013,-0.25992,0.032599,-0.067508,-0.32123,-0.01993,0.028724,-0.12935,0.15768,-0.20043,-0.19301,-0.4135,0.022882,-0.51621,-0.23306,-0.28073,-0.58604,-0.65879,-0.60646,0.11365,-0.224,0.18043,0.0053031,0.15879,0.10456,-0.30319,-0.30978,-0.54171,-0.4073,-0.63476,-0.27422,0.077317,-0.07934,0,0.1703,0.21379,0.59211,0.096597,-0.11754,0.0015421,0.16864,-0.12389,0.10201,0.089909,-0.1416,0.052095,0.1506,0.079478,0.0058788,0.029982,-0.060507,-0.17149,-0.23116,-0.16691,0.16925,0.25458,-0.2557,-0.26498,-0.33569,-0.40143,0.1539,-0.034215,0.37459,0.20893,-0.2158,0.14083,-0.013249,-0.047944,-0.23559,-0.31545,0.087801,-0.10006,0.50733,0.081863,-0.039235,-0.14539,0.2851,0.38689,0.20642,-0.10782,0.2739,0.3837,-0.4817,-0.22189,0.23801,0.31472,0.10369,0.34283,-0.14654,0.13275,-0.1223,0.17236,0.48686,0.46276
