,,,,,,,,,,,,,,,,,,,,,,,,,,,,,,,,,,,,,,,,,,,,,,,,,,,,,,,,,,,,,,,,,,,,,,,,,,,,,,,,,,,,,,,,,,,,,,,,,,,,,,,,
0,0.66537,-0.41218,-0.27209,0.1158,0.11791,0.50012,0.11091,0.064307,0.0094498,-0.17716,0.10256,-0.21851,-0.31854,0.021306,0.32644,-0.25194,-0.17744,-0.28306,-0.051251,0.18998,0.39951,0.43055,0.45473,0.11464,0.39731,0.48589,0.50825,0.33368,0.35536,-0.082374,-0.0011229,-0.24867,-0.31953,-0.02883,-0.36515,-0.078882,-0.048676,0.54339,0.45844,0.79749,0.5599,0.2526,0.24381,-0.10383,-0.067762,-0.47078,-0.36297,0.32893,-0.17667,-0.2919,0.33151,0.55666,0.21149,0.1748,0.33909,0.15215,-0.16026,-0.092261,0.18896,0.10012,-0.10459,0.07516,-0.017905,0.20085,-0.24306,-0.25516,0.084151,0.12742,-0.20816,0.1224,-0.073087,0.047405,-0.011552,0.0087587,-0.44808,-0.049123,-0.32336,-0.19967,-0.20631,-0.13687,0.1063,-0.13187,-0.40595,-0.26154,-0.33605,-0.1387,-0.24527,-0.18112,-0.46479,0.26851,-0.45911,-0.22726,0.16622,0.24021,-0.07404,-0.22925,-0.088224,-0.085848,-0.014425,0.0855,0.04025,-0.030663,-0.093487,0.047561
0.66537,0,-0.47581,-0.32329,-0.13223,0.67247,0.39532,0.68798,0.13354,0.20488,0.17072,0.39253,-0.61789,-0.62531,-0.23495,0.2759,-0.57349,-0.77533,-0.25475,-0.32501,0.013171,0.051669,0.15729,0.28714,0.047397,0.6568,0.31275,0.50839,0.1897,0.55865,0.10645,0.24886,-0.63075,-0.8363,-0.10508,-0.27307,-0.22853,-0.072169,0.254,0.79517,0.37277,0.78665,0.18265,0.4417,-0.23255,-0.022407,-0.38238,-0.18748,-0.11147,-0.39425,-0.33349,-0.14464,0.062967,0.28486,-0.31449,-0.0014881,-0.17638,-0.13487,-0.013179,0.12039,0.44093,-0.33632,0.023632,-0.23318,-0.0404,-0.30187,-0.25299,-0.30963,-0.13321,0.15838,0.10336,0.086177,0.11797,0.089937,0.065467,-0.22707,0.080715,-0.54502,-0.56849,-0.63467,-0.757,-0.2157,-0.55023,-0.19668,-0.24202,-0.30982,-0.41168,0.0073575,-0.37003,-0.28449,0.31252,-0.35304,0.02734,0.44921,0.72226,-0.37083,-0.38448,-0.22489,-0.042743,-0.087828,0.29153,-0.15562,-0.01822,-0.36901,-0.021774
-0.41218,-0.47581,0,1.1959,0.27212,-0.12354,-0.28569,-0.32131,0.42691,-0.0054924,0.32928,-0.15758,0.5401,0.44484,0.35012,0.10211,0.0072489,0.29024,0.22629,0.40365,-0.23902,-0.22189,-0.36145,-0.13734,-0.063793,-0.3421,0.14357,-0.35401,-0.33668,-0.73079,-0.14416,-0.42891,0.71272,0.40874,0.46693,0.18438,0.3172,-0.035922,0.0036979,-0.21033,-0.47047,-0.44737,-0.21087,-0.45448,0.5125,0.043196,0.38991,0.49493,-0.027251,0.26227,0.27597,-0.22748,-0.024458,0.0854,0.40972,-0.45356,-0.1382,0.021852,-0.030193,0.42668,0.24586,-0.0060441,-0.30731,-0.34339,-0.52979,0.24834,0.32242,-0.013502,-0.35851,-0.27467,-0.51565,0.032066,0.049465,0.04225,0.26699,0.77475,0.57321,0.85222,0.61503,0.48892,0.26278,0.072403,0.25012,0.93866,0.884,0.81163,0.6467,0.25418,0.25169,0.356,-0.026159,0.49119,0.27338,-0.13356,-0.22587,0.80718,0.89799,0.64323,0.55979,-0.23252,-0.25299,0.29673,-0.021669,0.245,0.39201
-0.27209,-0.32329,1.1959,0,0.20884,-0.10578,-0.49779,-0.21858,0.54235,0.21998,0.40226,0.065604,0.4017,0.44763,0.25512,0.094723,-0.18493,0.2063,0.073648,0.51087,-0.31625,-0.52463,-0.68773,-0.55525,-0.14229,-0.42755,0.0933,-0.50813,-0.50057,-0.74114,-0.26973,-0.35793,0.44658,0.28238,0.28145,0.070708,0.42611,0.19448,0.065686,-0.04192,-0.64426,-0.70309,-0.47477,-0.82676,0.44371,0.063637,0.27683,0.24712,-0.33954,-0.12025,-0.057451,-0.37556,-0.0060241,0.13598,0.48527,-0.81501,-0.42853,-0.037748,-0.13051,0.32673,0.36656,-0.076177,-0.35141,-0.46088,-0.51428,0.045415,0.088877,0.010373,-0.47404,-0.39132,-0.4433,-0.16155,-0.015067,-0.21861,0.067047,0.89202,0.76499,0.72992,0.79904,0.37806,0.323,-0.25122,0.086392,0.89111,1.1856,1.0318,0.94727,0.1901,0.17269,0.51375,-0.089497,0.54557,0.52253,-0.003079,0.027094,0.5084,0.94725,0.42944,0.79934,-0.23022,-0.26199,0.31582,0.12269,0.5041,0.70717
0.1158,-0.13223,0.27212,0.20884,0,0.23175,0.13843,-0.27664,0.67778,-0.041571,0.33496,-0.16003,0.33184,0.1686,0.44553,0.60637,0.088328,0.25597,0.19344,-0.25773,0.17101,0.18876,0.099136,0.08729,0.4444,-0.16997,0.71652,0.26779,0.11696,-0.15131,-0.25397,-0.38393,0.25132,0.18723,0.33844,0.012852,0.4627,-0.016182,0.73338,0.33194,0.16863,-0.031564,0.048494,-0.27966,-0.013224,0.018607,-0.16175,0.069595,0.19473,0.4669,0.37415,-0.031003,0.21503,0.15026,0.66419,-0.12331,0.095241,0.030891,0.35957,0.79172,0.32779,-0.071588,-0.25971,-0.14077,-0.21108,0.15808,0.21152,0.15469,-0.23948,-0.099002,-0.16138,0.10767,0.24642,-0.1049,0.1104,0.44238,0.54869,0.02363,0.055575,0.41781,0.22145,0.28485,0.39475,-0.018523,0.060695,0.071515,0.041317,-0.18225,-0.032711,-0.15649,0.14299,0.22769,-0.24052,0.15334,-0.20903,0.51813,0.20376,0.86419,0.0084827,0.043893,0.098842,0.62593,0.34959,-0.18807,-0.099431
0.11791,0.67247,-0.12354,-0.10578,0.23175,0,0.1421,0.62944,0.5617,0.44657,0.35026,0.49488,-0.11228,-0.0063824,0.3236,0.49456,-0.071574,-0.2876,0.12612,-0.22758,0.45551,0.20861,0.21262,0.27299,0.26429,0.4406,0.49089,0.40964,-0.029434,0.3617,0.0033701,0.12357,-0.31603,-0.24531,0.074495,0.18075,-0.0099218,0.16213,0.33967,0.95592,0.1841,0.56418,0.062297,0.32434,-0.1784,-0.016891,-0.19855,0.10564,0.01408,-0.022668,0.10497,-0.033653,-0.22549,0.20889,-0.22105,-0.12018,-0.15027,0.009466,0.32054,0.37282,0.76951,-0.19202,0.093892,-0.10194,-0.14116,0.015029,0.14329,-0.11967,-0.051956,0.17394,0.35194,0.092707,0.22061,-0.049183,-0.024898,0.023838,0.38972,-0.36511,-0.35612,-0.50167,-0.47393,0.042068,-0.15828,0.026899,-0.054284,-0.05288,-0.3101,0.03746,-0.12822,-0.22239,0.080336,-0.36053,-0.17778,0.345,0.57871,-0.042447,-0.052905,0.21283,0.19649,0.14577,0.47517,0.30238,0.4914,-0.065086,-0.0045663
0.50012,0.39532,-0.28569,-0.49779,0.13843,0.1421,0,0.42076,-0.070434,-0.026636,0.12573,0.17432,-0.08842,-0.12313,0.19906,0.61949,-0.090961,-0.24646,0.27377,-0.1916,0.14169,0.52715,0.71397,0.74862,0.4059,0.90815,0.5449,1.0238,1.1889,0.94096,0.20441,0.21943,-0.26927,-0.13095,-0.082728,-0.17116,-0.16343,-0.18821,0.43008,0.38545,0.84186,0.95496,0.29004,0.49563,-0.43223,0.12481,-0.49123,-0.3245,0.13873,0.38766,0.37597,0.18861,0.2899,-0.00744,-0.11424,0.32568,-0.042754,-0.37258,-0.10511,0.077507,0.050507,0.13039,0.39509,-0.1945,0.37748,-0.2906,-0.13872,0.31913,0.46755,0.39905,0.13913,-0.053262,-0.13517,-0.086882,-0.049662,-0.13063,-0.19079,-0.17422,-0.3116,-0.11298,-0.19953,0.51164,0.10023,-0.4057,-0.60653,-0.43436,-0.31313,-0.35799,-0.60541,-0.77831,0.16449,-0.38594,-0.5204,0.41311,0.27321,-0.078422,-0.42458,0.01225,-0.26274,0.0066084,0.30646,-0.32858,-0.13521,-0.51345,-0.68663
0.11091,0.68798,-0.32131,-0.21858,-0.27664,0.62944,0.42076,0,0.13879,0.73861,0.48996,1.084,-0.36874,-0.088566,0.11422,0.21744,-0.30931,-0.54556,-0.11155,-0.080612,0.031655,-0.078136,0.029171,0.041914,0.36685,0.68725,-0.028646,0.2529,0.42116,0.94644,0.50511,0.94346,-0.46874,-0.33292,-0.062913,0.32713,0.05742,0.5211,0.23154,0.75471,0.14643,0.45846,-0.013971,0.56459,-0.36077,0.49544,-0.13339,-0.10208,-0.4313,-0.10456,0.0042706,0.01315,-0.34178,-0.15723,-0.62129,-0.19135,-0.45839,-0.20987,-0.035761,-0.22482,0.60176,-0.10544,0.32907,-0.21143,0.18559,-0.2243,0.010434,0.27422,0.18923,0.60066,0.5677,-0.14318,0.1186,-0.20584,-0.045908,-0.15176,-0.17049,-0.38449,-0.32742,-0.53812,-0.34476,-0.21904,-0.44615,0.034193,-0.22643,-0.22254,-0.13781,-0.012122,-0.38447,-0.05192,0.13352,-0.24648,0.03716,0.40257,0.84821,-0.39205,-0.23026,-0.16148,0.26497,-0.03104,0.35966,-0.39621,0.198,-0.075052,-0.11052
0.064307,0.13354,0.42691,0.54235,0.67778,0.5617,-0.070434,0.13879,0,0.57949,0.79581,0.42065,0.021939,0.081358,0.52129,0.39589,-0.18051,-0.023095,-0.044875,-0.037813,0.32624,-0.0041252,-0.14737,-0.075951,0.45384,0.051084,0.63245,0.15262,-0.29668,-0.13201,-0.15049,-0.083925,-0.11559,-0.12411,0.18641,0.25149,0.17311,0.21364,0.85194,0.77236,0.055093,0.028069,0.067601,-0.15297,0.12899,0.18061,0.065539,0.10515,-0.09043,0.0051436,0.093822,-0.16109,-0.26829,-0.083907,0.16923,-0.5324,-0.24398,-0.10536,0.23433,0.65099,0.87593,-0.098182,-0.14033,-0.18775,-0.34622,0.16146,0.28171,0.15878,-0.24199,0.032077,0.076641,0.13157,0.53558,-0.068627,0.18878,0.43225,1.0689,-0.086115,0.02263,-0.058521,-0.088063,-0.0086192,0.048745,0.48396,0.38944,0.25246,0.097565,-0.1328,-0.060915,0.26406,0.50942,0.089013,-0.068046,0.2676,0.21519,0.42318,0.52881,0.63384,0.58747,0.21934,0.37769,0.76566,0.66179,0.056904,0.13821
0.0094498,0.20488,-0.0054924,0.21998,-0.041571,0.44657,-0.026636,0.73861,0.57949,0,0.72289,1.5673,-0.14571,0.25325,0.26941,0.095158,-0.18136,-0.019107,-0.19004,0.33177,0.17979,-0.075018,-0.34373,-0.25336,0.35825,0.32822,-0.027649,-0.11398,-0.16565,0.26927,0.42625,0.60015,-0.25714,-0.13628,0.097215,0.55604,0.18766,0.66462,0.3073,0.62945,-0.17574,-0.056174,-0.11648,0.1295,0.12716,0.60988,-0.082682,-0.076043,-0.39678,-0.18222,-0.01418,-0.098038,-0.62369,-0.49114,-0.41557,-0.64318,-0.62384,-0.2532,-0.087718,-0.16032,0.6575,0.20414,0.40273,-0.1531,0.027519,-0.22737,0.026971,0.55246,0.15651,0.38106,0.5756,-0.13441,0.2861,-0.35623,-0.12144,-0.021063,0.23296,-0.24198,-0.026887,-0.43395,-0.064537,-0.29789,-0.42239,0.22815,0.012621,-0.039878,0.059996,-0.14321,-0.18447,0.20156,0.11368,-0.18791,0.03748,-0.085206,0.35029,-0.037003,0.25201,0.072415,0.63324,0.072996,0.29692,0.13235,0.67277,0.218,0.088416
-0.17716,0.17072,0.32928,0.40226,0.33496,0.35026,0.12573,0.48996,0.79581,0.72289,0,0.64234,0.061989,0.13875,0.11221,0.3474,-0.38322,-0.23951,-0.035812,0.01119,-0.087468,-0.22732,-0.38004,-0.25022,0.40416,0.20477,0.23625,0.17082,0.041353,0.16013,0.21971,0.20438,-0.10912,-0.18621,0.13051,0.23543,0.28119,0.2756,0.54697,0.62791,-0.11101,-0.024029,-0.18749,-0.11169,-0.17837,0.30871,-0.08385,-0.12694,-0.56051,0.1509,0.2858,-0.52572,-0.51444,-0.37841,-0.20375,-0.92016,-0.78758,-0.44885,-0.25865,0.10104,0.5266,0.12986,0.14309,-0.44331,-0.33192,-0.26111,-0.077933,0.2736,-0.11942,0.53773,0.039008,-0.055423,0.26887,-0.23579,0.016775,0.57571,0.52745,0.019993,0.080296,-0.06362,-0.12163,-0.24509,-0.18273,0.33932,0.20748,0.066999,0.11614,-0.18642,-0.48279,0.3759,0.26134,0.14579,0.045791,0.19666,0.26306,0.2332,0.34435,0.34649,0.355,-0.1285,0.10849,0.14976,0.38504,-0.28282,-0.16451
0.10256,0.39253,-0.15758,0.065604,-0.16003,0.49488,0.17432,1.084,0.42065,1.5673,0.64234,0,-0.30492,0.10523,0.18826,0.17338,-0.30212,-0.28325,-0.17798,0.1947,0.081532,-0.13731,-0.23775,-0.21801,0.35572,0.47619,0.019486,0.0032455,0.019578,0.48896,0.49061,0.77121,-0.3444,-0.20498,0.019619,0.53452,0.19606,0.73441,0.32841,0.68421,-0.044813,0.12553,-0.11983,0.22739,-0.027527,0.70347,-0.19393,-0.21986,-0.49041,-0.22426,-0.071701,-0.11235,-0.44496,-0.37057,-0.47199,-0.47703,-0.64305,-0.35446,-0.17643,-0.21627,0.65055,0.052289,0.38636,-0.30039,0.044534,-0.34637,-0.065222,0.48505,0.15869,0.39468,0.51667,-0.14507,0.19937,-0.32407,-0.1337,-0.1004,0.086401,-0.27828,-0.10543,-0.4597,-0.096142,-0.31378,-0.51886,0.12956,-0.089409,-0.060215,0.034486,-0.19512,-0.38602,0.080044,0.15179,-0.31698,0.013722,0.16203,0.56868,-0.27275,-0.012199,-0.13305,0.45729,-0.049126,0.26074,-0.090744,0.45848,0.059758,-0.037228
-0.21851,-0.61789,0.5401,0.4017,0.33184,-0.11228,-0.08842,-0.36874,0.021939,-0.14571,0.061989,-0.30492,0,1.1989,0.45955,0.41381,0.47247,0.77089,0.62215,0.3781,0.15885,0.26544,0.14328,0.073897,0.080855,-0.16439,0.17393,-0.041532,0.049439,-0.17196,-0.25582,-0.38093,0.73326,1.133,0.040785,-0.17356,0.34382,-0.0052775,0.08973,-0.18177,-0.058846,-0.2762,-0.47388,-0.44921,-0.08156,-0.33287,-0.091214,-0.024897,0.28536,0.79774,0.78841,0.12418,0.17683,0.096876,0.45225,-0.015269,0.0042719,-0.11762,-0.23381,0.10119,-0.16283,0.49548,0.20203,0.11247,0.06848,-0.097023,-0.12241,0.34031,0.27916,-0.10546,-0.072254,-0.29727,-0.32917,-0.43081,-0.3403,0.48424,0.1672,0.97123,1.0372,0.66675,0.67953,0.38204,0.62652,0.0048736,0.3466,0.43693,0.58247,-0.075488,0.13775,-0.099204,-0.59533,0.10819,-0.083099,-0.29083,-0.25213,0.74263,0.58385,0.52177,0.11008,0.022936,-0.3564,0.37213,0.071544,0.27659,0.10249
-0.31854,-0.62531,0.44484,0.44763,0.1686,-0.0063824,-0.12313,-0.088566,0.081358,0.25325,0.13875,0.10523,1.1989,0,0.67014,0.39179,0.59063,0.80478,0.63448,0.66018,0.22515,0.13467,-0.005885,-0.10793,0.092082,-0.080311,0.036168,-0.2333,-0.043562,-0.092332,-0.15952,-0.11713,0.49541,1.1962,0.030791,0.13107,0.40482,0.37079,0.024314,-0.075387,-0.26475,-0.36778,-0.5822,-0.39084,0.073331,0.027988,-0.16102,-0.065636,0.053744,0.48055,0.668,0.16343,-0.00096129,-0.034995,0.31475,-0.18883,-0.23848,-0.19599,-0.18958,0.0041872,0.036976,0.56284,0.39439,0.0038782,0.12812,-0.21518,-0.084197,0.64629,0.40155,-0.051069,0.11979,-0.51291,-0.39668,-0.74192,-0.52866,0.42533,0.10083,0.69814,0.92645,0.38818,0.71034,0.31847,0.49906,0.068668,0.25749,0.4254,0.57993,-0.15343,0.047916,-0.10975,-0.66658,-0.061299,-0.13749,-0.33415,-0.11367,0.39435,0.46484,0.34716,0.26944,0.11498,-0.099637,0.29126,0.40854,0.49357,0.099593
0.021306,-0.23495,0.35012,0.25512,0.44553,0.3236,0.19906,0.11422,0.52129,0.26941,0.11221,0.18826,0.45955,0.67014,0,0.50897,0.44198,0.42056,0.47411,0.23711,0.58485,0.35216,0.37209,0.27323,0.5528,0.23906,0.43966,0.095544,0.14401,0.11968,-0.18091,0.068569,0.10297,0.59106,0.039741,0.24456,0.17321,0.33077,0.50474,0.38348,0.22026,0.16125,0.063919,0.10348,0.036563,0.28701,-0.0096875,0.17542,0.2555,0.38931,0.50724,0.43773,0.029979,0.055493,0.33247,0.097739,0.12333,0.059502,0.43471,0.48612,0.52459,0.049932,0.10008,0.020519,0.14008,0.1591,0.34497,0.62836,0.34237,-0.026737,0.32938,-0.20643,0.041449,-0.42559,-0.13614,0.24944,0.21947,0.23085,0.25594,0.16311,0.31534,0.63844,0.55977,0.26002,0.1712,0.36907,0.25405,-0.085887,0.14665,-0.2718,-0.058148,-0.12711,-0.40976,0.086161,0.12506,0.3484,0.32183,0.5979,0.44822,0.44756,0.44354,0.42604,0.47703,0.4411,0.075022
0.32644,0.2759,0.10211,0.094723,0.60637,0.49456,0.61949,0.21744,0.39589,0.095158,0.3474,0.17338,0.41381,0.39179,0.50897,0,0.09634,0.090785,0.56179,-0.027892,0.28963,0.3581,0.40617,0.33486,0.37772,0.4138,1.0007,0.643,0.4232,0.40443,-0.30771,-0.21564,-0.0024568,0.24669,-0.060587,-0.26347,0.24259,0.040176,0.72585,0.65603,0.39384,0.4009,-0.22374,-0.14131,-0.28306,-0.1103,-0.66446,-0.32073,0.092931,0.45327,0.62427,0.071876,0.38227,0.35567,0.43768,-0.080973,-0.28759,-0.41672,-0.066002,0.49235,0.40796,0.20853,0.27689,-0.23614,0.16004,-0.31284,-0.14651,0.30173,0.20701,0.044669,-0.048125,-0.2168,-0.19109,-0.41763,-0.23352,0.4332,0.39352,0.15719,0.23771,0.20061,0.11197,0.39954,0.35395,-0.2356,-0.018355,0.050141,0.098668,-0.38067,-0.47023,-0.62936,-0.00068551,-0.2623,-0.33309,0.47378,0.35968,0.29898,0.061801,0.47631,0.0295,0.070353,0.25607,0.29273,0.39097,-0.19763,-0.21282
-0.25194,-0.57349,0.0072489,-0.18493,0.088328,-0.071574,-0.090961,-0.30931,-0.18051,-0.18136,-0.38322,-0.30212,0.47247,0.59063,0.44198,0.09634,0,0.95562,0.62408,0.2165,0.60435,0.49843,0.53586,0.29041,0.05092,-0.13775,0.028027,-0.010901,-0.02251,-0.039416,-0.39286,-0.22113,0.22494,0.72928,-0.058663,0.14519,-0.032677,0.049943,-0.13897,-0.30428,0.053669,-0.058533,-0.1957,-0.064122,0.055777,-0.21821,-0.15969,-0.11455,0.54787,0.44168,0.49265,0.69895,0.10332,0.049462,0.18446,0.43117,0.26021,-0.10515,0.18141,0.16698,-0.16229,0.48709,0.33505,0.59238,0.39545,0.12387,0.18742,0.24611,0.43762,-0.21662,0.095991,-0.31237,-0.36707,-0.29802,-0.39739,-0.052472,-0.30142,0.099199,0.15024,0.21409,0.44467,0.74904,0.92488,-0.16876,-0.17381,-0.011613,0.024946,-0.4235,0.045753,-0.26825,-0.3038,-0.25613,-0.49637,-0.34911,-0.48601,0.14363,-0.012956,0.054979,-0.31469,0.62628,0.34008,0.24514,0.38424,0.23058,-0.241
-0.17744,-0.77533,0.29024,0.2063,0.25597,-0.2876,-0.24646,-0.54556,-0.023095,-0.019107,-0.23951,-0.28325,0.77089,0.80478,0.42056,0.090785,0.95562,0,0.42179,0.4963,0.31731,0.45415,0.15178,0.094742,0.13641,-0.24492,0.0042356,-0.26226,-0.18821,-0.27728,-0.22085,-0.29717,0.52831,0.87962,0.10802,0.052748,0.19055,-0.037291,-0.074894,-0.35643,-0.16319,-0.42241,-0.2676,-0.33875,0.32775,-0.15653,-0.06431,0.036398,0.47565,0.47453,0.46738,0.4326,0.092195,-0.050289,0.36068,0.06811,0.12783,-0.007403,0.098219,0.10795,-0.1078,0.62286,0.24822,0.49001,0.37673,0.12134,0.17129,0.38283,0.29062,-0.29989,0.020412,-0.16549,-0.18291,-0.3325,-0.24527,0.098255,0.00050532,0.40062,0.52367,0.48684,0.72888,0.4087,0.58543,-0.02567,0.094905,0.18639,0.36117,-0.24266,0.27249,-0.17722,-0.36719,0.058662,-0.12995,-0.63468,-0.6487,0.62972,0.49802,0.40027,0.084872,0.34535,0.021495,0.44195,0.29354,0.42327,0.12061
-0.28306,-0.25475,0.22629,0.073648,0.19344,0.12612,0.27377,-0.11155,-0.044875,-0.19004,-0.035812,-0.17798,0.62215,0.63448,0.47411,0.56179,0.62408,0.42179,0,0.1954,0.33676,0.26193,0.48499,0.33882,-0.085035,0.14153,0.47509,0.29003,0.17318,0.088223,-0.41579,-0.36147,0.23794,0.63304,-0.018599,-0.16996,-0.068309,-0.18801,-0.063382,-0.089339,0.054453,0.14363,-0.47659,-0.26509,-0.082369,-0.31502,-0.41779,-0.2102,0.26672,0.56272,0.66051,0.1198,0.28151,0.3767,0.22067,0.17322,-0.044181,-0.4055,-0.076969,0.32657,0.0093285,0.41566,0.34008,-0.077732,0.12873,-0.26188,-0.16602,0.092268,0.30027,-0.069526,-0.19536,-0.47043,-0.82389,-0.5621,-0.66571,0.43953,0.11915,0.43686,0.25799,0.16359,0.19844,0.87009,0.87151,-0.049905,-0.035348,0.33611,0.14753,-0.39955,-0.29279,-0.45656,-0.55652,-0.099674,-0.33357,0.083277,-0.099318,0.16071,-0.011462,0.10861,-0.23419,0.22864,0.20069,0.036116,0.088385,0.070524,-0.36162
-0.051251,-0.32501,0.40365,0.51087,-0.25773,-0.22758,-0.1916,-0.080612,-0.037813,0.33177,0.01119,0.1947,0.3781,0.66018,0.23711,-0.027892,0.2165,0.4963,0.1954,0,0.011609,-0.03483,-0.21659,-0.11914,-0.19056,0.030974,-0.14122,-0.40845,-0.20291,-0.23476,-0.13157,-0.16265,0.25228,0.30584,0.091944,0.10107,0.04021,0.11833,-0.18615,-0.1629,-0.30596,-0.30361,-0.46519,-0.2349,0.31382,0.08232,-0.19732,-0.064301,-0.12933,-0.087234,0.066091,0.043189,-0.12349,-0.24817,0.0034003,-0.33515,-0.40432,-0.31509,-0.29387,-0.18934,-0.055264,0.47522,0.41326,-0.15769,0.0062196,-0.32736,-0.16594,0.25285,0.24629,-0.31861,-0.050173,-0.61315,-0.45279,-0.5729,-0.46121,0.12573,-0.015794,0.50428,0.59928,-0.036075,0.24091,-0.01716,0.069595,0.4228,0.48861,0.42305,0.64784,-0.11799,0.057306,0.036997,-0.51459,-0.22145,-0.051627,-0.53705,-0.24035,0.29901,0.53076,0.049973,0.41224,-0.19245,-0.13655,-0.11831,0.17279,0.63858,0.31803
0.18998,0.013171,-0.23902,-0.31625,0.17101,0.45551,0.14169,0.031655,0.32624,0.17979,-0.087468,0.081532,0.15885,0.22515,0.58485,0.28963,0.60435,0.31731,0.33676,0.011609,0,0.7703,0.78602,0.57261,0.25977,0.3149,0.43128,0.48929,-0.026824,0.29603,-0.32172,-0.06179,-0.33798,0.11407,-0.27818,0.012244,-0.47616,-0.014169,0.39835,0.41134,0.64217,0.48208,0.19395,0.28785,-0.15837,-0.25213,-0.21808,-0.17851,0.61289,0.24318,0.35686,0.65115,-0.13997,-0.1197,-0.089092,0.4024,0.30296,-0.13039,0.26452,0.19358,0.074828,0.45976,0.57483,0.65632,0.41305,0.10313,0.1108,0.29744,0.7022,0.13111,0.6457,-0.14439,0.031065,-0.1888,-0.33557,-0.26977,0.099709,-0.34063,-0.18095,-0.37879,-0.14616,0.68406,0.51259,-0.20952,-0.20743,-0.24835,-0.37224,-0.42154,0.042412,-0.26471,0.1164,-0.60742,-0.8239,-0.042216,-0.0017371,0.13399,0.038838,0.1603,-0.059193,0.95508,0.70443,0.51608,0.69493,0.18642,-0.30137
0.39951,0.051669,-0.22189,-0.52463,0.18876,0.20861,0.52715,-0.078136,-0.0041252,-0.075018,-0.22732,-0.13731,0.26544,0.13467,0.35216,0.3581,0.49843,0.45415,0.26193,-0.03483,0.7703,0,1.0827,1.1871,0.45774,0.55913,0.45322,0.66185,0.3003,0.43394,0.022693,-0.052816,-0.069285,0.16467,-0.11327,-0.14463,-0.32983,-0.40232,0.2631,0.16725,0.77979,0.66549,0.40799,0.46625,-0.15717,-0.3037,-0.28711,-0.10149,0.90419,0.54845,0.52961,0.60006,0.097383,-0.087928,-0.09424,0.566,0.34905,-0.049663,0.14684,0.14227,-0.092364,0.44443,0.49667,0.5948,0.58804,0.086631,0.105,0.25673,0.66781,0.11051,0.384,0.19164,0.081564,0.063677,-0.030725,-0.38322,-0.095433,-0.13,-0.15521,-0.038615,-0.013531,0.7519,0.30606,-0.46729,-0.46469,-0.42738,-0.3499,-0.31742,-0.021536,-0.77162,0.065477,-0.56495,-0.69034,-0.19335,-0.15227,0.37643,0.0081066,0.25673,-0.18856,0.50626,0.37425,0.3426,0.1357,-0.1587,-0.35994
0.43055,0.15729,-0.36145,-0.68773,0.099136,0.21262,0.71397,0.029171,-0.14737,-0.34373,-0.38004,-0.23775,0.14328,-0.005885,0.37209,0.40617,0.53586,0.15178,0.48499,-0.21659,0.78602,1.0827,0,1.2943,0.25114,0.50207,0.55724,0.93139,0.56754,0.5846,-0.21616,-0.068488,-0.15652,0.1461,-0.19756,-0.23215,-0.41076,-0.30402,0.26555,0.16066,1.1587,0.95995,0.2627,0.46271,-0.39039,-0.36749,-0.35609,-0.26554,0.86715,0.48497,0.3903,0.79559,0.38003,0.20763,-0.0076351,1.0514,0.49612,-0.16769,0.14506,0.24907,-0.10807,0.21177,0.37332,0.45228,0.55118,0.033888,0.02465,0.11584,0.61477,0.028557,0.26839,-0.092819,-0.21472,-0.040077,-0.20478,-0.36529,-0.28237,-0.18377,-0.27352,-0.10227,-0.076182,1.0838,0.59719,-0.47078,-0.50725,-0.33118,-0.34965,-0.43223,-0.18062,-0.76271,0.035977,-0.55064,-0.76452,0.1727,0.0051285,0.028498,-0.34035,-0.019248,-0.45833,0.53829,0.45254,0.044021,-0.010942,-0.15331,-0.51243
0.45473,0.28714,-0.13734,-0.55525,0.08729,0.27299,0.74862,0.041914,-0.075951,-0.25336,-0.25022,-0.21801,0.073897,-0.10793,0.27323,0.33486,0.29041,0.094742,0.33882,-0.11914,0.57261,1.1871,1.2943,0,0.18952,0.62311,0.54443,0.838,0.44191,0.43349,0.0043788,-0.10693,-0.067597,-0.034575,0.073463,-0.17682,-0.48615,-0.53956,0.16651,0.16292,0.88404,1.0705,0.45444,0.65943,-0.10673,-0.29361,-0.26203,0.020014,0.94731,0.48239,0.39036,0.55824,0.23695,0.14374,-0.13699,0.74913,0.4691,-0.086665,0.16369,0.29183,-0.028582,0.1933,0.34011,0.29081,0.31621,0.085079,0.11949,-0.0051889,0.43394,0.078731,0.17293,0.10195,-0.057753,0.17617,0.033731,-0.38234,-0.14946,-0.17638,-0.39628,-0.2309,-0.33405,0.92364,0.30828,-0.27437,-0.44478,-0.38028,-0.45596,-0.18589,-0.066167,-0.76272,0.1075,-0.49184,-0.6289,-0.03227,-0.085833,0.22266,-0.18355,0.14061,-0.29004,0.29024,0.37932,0.035517,-0.10918,-0.25924,-0.40864
0.11464,0.047397,-0.063793,-0.14229,0.4444,0.26429,0.4059,0.36685,0.45384,0.35825,0.40416,0.35572,0.080855,0.092082,0.5528,0.37772,0.05092,0.13641,-0.085035,-0.19056,0.25977,0.45774,0.25114,0.18952,0,0.49713,0.23415,0.28086,0.42274,0.57298,0.32512,0.51655,-0.16923,0.096622,-0.15252,0.23064,0.23544,0.18986,0.79325,0.59117,0.41821,0.30007,0.34644,0.39585,-0.38364,0.43043,-0.028017,0.0035974,-0.011715,0.44578,0.5084,0.17355,-0.29193,-0.40355,-0.096745,-0.048511,-0.048951,0.052046,0.34709,0.075823,0.44281,0.010822,0.12,0.18987,0.37142,0.15303,0.31734,0.60851,0.2941,0.43471,0.4921,0.29731,0.60865,-0.090714,0.22016,0.028029,0.032041,-0.088954,-0.014362,0.23214,0.2126,0.091383,-0.015988,-0.013796,-0.10124,-0.11041,0.023651,-0.14932,-0.099829,-0.20883,0.37045,-0.075782,-0.28646,0.19855,0.16944,0.33365,0.20888,0.56508,0.29815,0.28509,0.35627,0.26496,0.28562,-0.19179,-0.17451
0.39731,0.6568,-0.3421,-0.42755,-0.16997,0.4406,0.90815,0.68725,0.051084,0.32822,0.20477,0.47619,-0.16439,-0.080311,0.23906,0.4138,-0.13775,-0.24492,0.14153,0.030974,0.3149,0.55913,0.50207,0.62311,0.49713,0,0.32047,0.66322,0.50915,1.0574,0.27532,0.47168,-0.61771,-0.2671,-0.39519,-0.19718,-0.42065,-0.16875,0.31192,0.6751,0.61254,1.1171,0.33164,0.76461,-0.41052,0.13453,-0.46923,-0.25143,-0.011541,0.082675,0.28538,0.015832,-0.17887,-0.18102,-0.52545,0.11258,-0.19949,-0.26181,-0.044819,-0.10189,0.22839,0.16192,0.56177,-0.066164,0.36193,-0.41364,-0.25093,0.24375,0.61007,0.53855,0.41273,0.023812,0.00739,-0.17391,-0.1592,-0.17172,-0.084724,-0.17938,-0.27779,-0.43097,-0.41044,0.22793,-0.22942,-0.21634,-0.3619,-0.26754,-0.33028,-0.17726,-0.4352,-0.64231,0.10438,-0.68017,-0.47055,0.20595,0.51095,-0.094951,-0.18039,-0.026488,0.043508,0.16435,0.46941,-0.16505,0.036736,-0.30467,-0.37377
0.48589,0.31275,0.14357,0.0933,0.71652,0.49089,0.5449,-0.028646,0.63245,-0.027649,0.23625,0.019486,0.17393,0.036168,0.43966,1.0007,0.028027,0.0042356,0.47509,-0.14122,0.43128,0.45322,0.55724,0.54443,0.23415,0.32047,0,0.88024,0.18822,0.14691,-0.44086,-0.45259,-0.045837,-0.0083787,0.11284,-0.24049,-0.024365,-0.24078,0.75917,0.55488,0.58759,0.55336,0.0004708,-0.13113,-0.11249,-0.29163,-0.48469,-0.2706,0.34333,0.27004,0.24965,0.061187,0.44756,0.40621,0.38401,0.071296,-0.037597,-0.40138,0.024914,0.9476,0.40431,0.024718,0.035571,-0.22737,-0.088519,-0.1232,-0.054513,-0.021407,-0.018436,-0.1887,-0.19506,-0.046254,-0.072333,-0.13735,-0.093758,0.28831,0.63947,0.0063647,-0.05024,0.021706,-0.091821,0.56977,0.41402,-0.064377,-0.015948,0.091543,-0.04442,-0.49167,-0.43025,-0.4535,0.20982,-0.24016,-0.40514,0.48945,0.17948,0.3144,0.040392,0.35,-0.053638,0.16506,0.34071,0.43504,0.22148,-0.21897,-0.23269
0.50825,0.50839,-0.35401,-0.50813,0.26779,0.40964,1.0238,0.2529,0.15262,-0.11398,0.17082,0.0032455,-0.041532,-0.2333,0.095544,0.643,-0.010901,-0.26226,0.29003,-0.40845,0.48929,0.66185,0.93139,0.838,0.28086,0.66322,0.88024,0,0.66954,0.72855,-0.14784,-0.088539,-0.4305,-0.30135,-0.19849,-0.36015,-0.39237,-0.37279,0.56028,0.55502,1.1375,1.131,0.23941,0.32136,-0.64184,-0.39048,-0.46177,-0.42529,0.29487,0.31763,0.29529,0.17807,0.22043,0.093668,-0.12185,0.33067,0.0098412,-0.40802,-0.083781,0.27624,0.030274,0.18489,0.35713,0.066494,0.274,-0.16063,-0.16191,0.0069853,0.35646,0.31746,0.15246,-0.011972,-0.069935,0.0068664,-0.10172,-0.077628,0.10041,-0.34608,-0.41119,-0.26914,-0.42102,0.52591,0.25959,-0.4491,-0.47691,-0.49737,-0.50134,-0.49108,-0.59024,-0.49744,0.27265,-0.41361,-0.57848,0.52539,0.29728,0.017536,-0.30734,0.041274,-0.37676,0.27407,0.44411,0.023965,0.055018,-0.51196,-0.66252
0.33368,0.1897,-0.33668,-0.50057,0.11696,-0.029434,1.1889,0.42116,-0.29668,-0.16565,0.041353,0.019578,0.049439,-0.043562,0.14401,0.4232,-0.02251,-0.18821,0.17318,-0.20291,-0.026824,0.3003,0.56754,0.44191,0.42274,0.50915,0.18822,0.66954,0,0.93699,0.1986,0.30529,-0.11629,0.00079256,-0.095562,-0.13846,0.06779,-0.0008218,0.33145,0.2311,0.66965,0.56415,0.12301,0.41871,-0.73251,0.13346,-0.30198,-0.24398,0.0058133,0.4625,0.35875,0.29181,0.29016,-0.036028,-0.049395,0.35156,-0.00072066,-0.19008,-0.041203,-0.11264,-0.082717,0.052583,0.2671,-0.079557,0.48158,-0.16576,-0.066981,0.35429,0.42371,0.38995,0.20849,-0.20789,-0.18516,-0.18467,-0.072819,-0.11218,-0.49567,-0.092205,-0.15738,0.07747,0.00089451,0.30439,0.16095,-0.38246,-0.45824,-0.38891,-0.098304,-0.19379,-0.38717,-0.50062,-0.033131,-0.12707,-0.31451,0.38961,0.21173,-0.092852,-0.38442,0.034996,-0.26124,-0.095873,0.093475,-0.55798,-0.22957,-0.30523,-0.45886
0.35536,0.55865,-0.73079,-0.74114,-0.15131,0.3617,0.94096,0.94644,-0.13201,0.26927,0.16013,0.48896,-0.17196,-0.092332,0.11968,0.40443,-0.039416,-0.27728,0.088223,-0.23476,0.29603,0.43394,0.5846,0.43349,0.57298,1.0574,0.14691,0.72855,0.93699,0,0.35057,0.72291,-0.56351,-0.1796,-0.40306,-0.074073,-0.16995,0.1273,0.36731,0.61791,0.72124,0.85588,0.15016,0.69947,-0.79508,0.16195,-0.43726,-0.42708,-0.043403,0.22299,0.29302,0.26798,-0.07849,-0.18065,-0.49953,0.25968,-0.14624,-0.28844,-0.071291,-0.30239,0.13372,0.1835,0.62872,0.13707,0.70422,-0.32455,-0.18773,0.41423,0.68902,0.71129,0.67194,-0.11529,-0.02455,-0.24284,-0.21782,-0.337,-0.40422,-0.39102,-0.33147,-0.32858,-0.20873,0.15564,-0.12517,-0.51127,-0.63151,-0.54499,-0.33984,-0.30525,-0.50567,-0.51088,0.088079,-0.49167,-0.36185,0.375,0.55209,-0.3007,-0.42756,-0.16121,-0.15154,0.20429,0.40161,-0.34989,0.074236,-0.30697,-0.5148
-0.082374,0.10645,-0.14416,-0.26973,-0.25397,0.0033701,0.20441,0.50511,-0.15049,0.42625,0.21971,0.49061,-0.25582,-0.15952,-0.18091,-0.30771,-0.39286,-0.22085,-0.41579,-0.13157,-0.32172,0.022693,-0.21616,0.0043788,0.32512,0.27532,-0.44086,-0.14784,0.1986,0.35057,0,0.96252,0.076014,-0.13506,0.27722,0.51955,0.17614,0.1908,-0.12985,-0.018115,-0.098349,0.033299,0.32543,0.58213,0.084795,0.68014,0.2585,0.26131,-0.12292,0.15153,0.034253,-0.091981,-0.42049,-0.50192,-0.66472,-0.058357,-0.0037631,0.17347,-0.066703,-0.55795,0.077492,-0.060035,0.12046,-0.047907,0.096014,0.043455,0.1567,0.30619,0.080827,0.62951,0.43029,0.43479,0.47289,0.29385,0.38005,-0.44013,-0.3325,-0.16793,-0.26978,-0.12938,-0.060318,-0.28808,-0.75631,-0.04905,-0.38615,-0.32495,-0.17736,0.29709,0.06822,0.038208,0.10155,0.081756,0.22848,-0.23547,0.054162,-0.11395,-0.11033,-0.079421,0.17232,-0.31386,-0.21637,-0.32808,-0.28967,-0.24553,-0.11757
-0.0011229,0.24886,-0.42891,-0.35793,-0.38393,0.12357,0.21943,0.94346,-0.083925,0.60015,0.20438,0.77121,-0.38093,-0.11713,0.068569,-0.21564,-0.22113,-0.29717,-0.36147,-0.16265,-0.06179,-0.052816,-0.068488,-0.10693,0.51655,0.47168,-0.45259,-0.088539,0.30529,0.72291,0.96252,0,-0.33928,-0.12332,-0.17146,0.41801,0.089315,0.56958,0.074213,0.29094,0.06447,0.16734,0.2486,0.6833,-0.20938,0.83679,0.14378,-0.0056133,-0.2996,-0.060915,-0.042242,0.090395,-0.44357,-0.4372,-0.65489,0.021733,-0.080578,0.098573,0.042164,-0.54341,0.27372,-0.12797,0.19344,0.068466,0.33664,-0.076156,0.057902,0.51867,0.30419,0.72594,0.77197,0.11878,0.36199,-0.045964,0.099991,-0.40472,-0.47544,-0.32252,-0.26901,-0.24433,-0.012793,-0.25706,-0.54352,-0.085601,-0.38979,-0.26448,-0.14975,0.11817,-0.073922,0.047211,0.16704,-0.081614,0.094813,0.057194,0.43493,-0.45421,-0.25529,-0.25324,0.20937,0.083288,0.15458,-0.33423,-0.011971,-0.050435,-0.10291
-0.24867,-0.63075,0.71272,0.44658,0.25132,-0.31603,-0.26927,-0.46874,-0.11559,-0.25714,-0.10912,-0.3444,0.73326,0.49541,0.10297,-0.0024568,0.22494,0.52831,0.23794,0.25228,-0.33798,-0.069285,-0.15652,-0.067597,-0.16923,-0.61771,-0.045837,-0.4305,-0.11629,-0.56351,0.076014,-0.33928,0,0.80491,0.7725,0.24782,0.72216,0.067925,-0.20354,-0.63412,-0.38588,-0.58312,-0.41066,-0.45315,0.44984,-0.019735,0.18566,0.29182,0.31997,0.56034,0.25225,0.087771,0.34906,0.23112,0.47858,0.02192,0.20298,0.053213,-0.1588,0.154,-0.086414,0.044503,-0.2434,-0.10942,-0.2565,0.16534,0.18568,0.038979,-0.29118,-0.44114,-0.41826,-0.035281,-0.14712,0.020496,0.1022,0.19772,-0.00059108,0.77225,0.58985,0.76607,0.72622,0.12869,0.25903,0.22436,0.30837,0.46849,0.64625,0.13793,0.30471,0.099468,-0.41103,0.43142,0.32086,-0.40955,-0.58136,0.53692,0.35939,0.30187,0.062853,-0.46069,-0.77457,0.089584,-0.30191,0.18388,0.27239
-0.31953,-0.8363,0.40874,0.28238,0.18723,-0.24531,-0.13095,-0.33292,-0.12411,-0.13628,-0.18621,-0.20498,1.133,1.1962,0.59106,0.24669,0.72928,0.87962,0.63304,0.30584,0.11407,0.16467,0.1461,-0.034575,0.096622,-0.2671,-0.0083787,-0.30135,0.00079256,-0.1796,-0.13506,-0.12332,0.80491,0,0.065771,0.10284,0.48745,0.27084,-0.057329,-0.39071,-0.18256,-0.40516,-0.42665,-0.38066,0.13664,0.012077,-0.0082801,-0.0004838,0.32274,0.672,0.62294,0.3321,0.28472,0.16938,0.5245,0.18494,0.1724,-0.014993,-0.08435,0.074521,-0.091735,0.30904,0.098568,0.14869,0.1804,-0.0078719,0.034256,0.51402,0.27775,-0.20736,-0.036904,-0.26607,-0.33377,-0.41064,-0.30154,0.27799,-0.09303,0.82655,0.8745,0.81659,1.1919,0.47214,0.66247,-0.034102,0.15029,0.48438,0.59228,-0.10122,0.18144,-0.16904,-0.54089,0.10618,-0.055557,-0.28288,-0.28587,0.3424,0.2695,0.25873,0.044105,0.13751,-0.25441,0.2705,0.061979,0.35763,0.065925
-0.02883,-0.10508,0.46693,0.28145,0.33844,0.074495,-0.082728,-0.062913,0.18641,0.097215,0.13051,0.019619,0.040785,0.030791,0.039741,-0.060587,-0.058663,0.10802,-0.018599,0.091944,-0.27818,-0.11327,-0.19756,0.073463,-0.15252,-0.39519,0.11284,-0.19849,-0.095562,-0.40306,0.27722,-0.17146,0.7725,0.065771,0,0.61604,0.52917,0.11977,-0.086511,-0.18915,-0.30826,-0.24712,-0.1179,-0.099395,0.64122,0.24386,0.16377,0.44267,0.21856,0.19982,-0.087755,0.054796,0.1575,0.16259,0.15081,-0.11742,0.089929,0.032424,0.095515,0.3851,0.31283,-0.2048,-0.29643,-0.34287,-0.48174,0.25346,0.42572,-0.10053,-0.59069,-0.32231,-0.26849,0.032084,0.090662,0.17004,0.30094,-0.020915,0.11002,0.024581,-0.12935,0.057511,0.063501,0.052233,-0.027469,0.36463,0.050171,0.1021,0.16722,0.1135,0.14641,0.12376,-0.064818,0.33967,0.25748,-0.26836,-0.40622,0.25907,0.10813,0.22697,0.11784,-0.47326,-0.2374,-0.027458,-0.098751,0.05059,0.1717
-0.36515,-0.27307,0.18438,0.070708,0.012852,0.18075,-0.17116,0.32713,0.25149,0.55604,0.23543,0.53452,-0.17356,0.13107,0.24456,-0.26347,0.14519,0.052748,-0.16996,0.10107,0.012244,-0.14463,-0.23215,-0.17682,0.23064,-0.19718,-0.24049,-0.36015,-0.13846,-0.074073,0.51955,0.41801,0.24782,0.10284,0.61604,0,0.40658,0.66173,-0.025689,-0.037438,-0.30345,-0.23429,0.028473,0.20797,0.34041,0.75086,0.36199,0.3469,-0.091735,0.083452,0.0042715,0.18903,-0.43602,-0.40125,-0.27242,-0.16697,-0.041771,0.066075,0.22949,-0.044039,0.37445,-0.10623,-0.0086545,-0.045711,-0.15114,0.37217,0.68424,0.28939,-0.12341,0.073452,0.29621,0.08463,0.36476,0.10847,0.24931,-0.21242,-0.14026,-0.20154,-0.18924,-0.10851,0.14489,-0.086276,-0.14026,0.41992,-0.032438,-0.004517,0.063818,0.028686,0.12194,0.33443,0.12409,0.042642,0.028621,-0.17438,-0.16409,-0.03961,0.045321,0.050147,0.29225,-0.081701,0.094768,-0.054289,0.28691,0.16849,-0.0039954
-0.078882,-0.22853,0.3172,0.42611,0.4627,-0.0099218,-0.16343,0.05742,0.17311,0.18766,0.28119,0.19606,0.34382,0.40482,0.17321,0.24259,-0.032677,0.19055,-0.068309,0.04021,-0.47616,-0.32983,-0.41076,-0.48615,0.23544,-0.42065,-0.024365,-0.39237,0.06779,-0.16995,0.17614,0.089315,0.72216,0.48745,0.52917,0.40658,0,0.70427,0.21298,-0.010599,-0.40054,-0.56265,-0.46265,-0.42976,0.1249,0.43131,0.0035801,0.058415,-0.22539,0.23436,0.088101,-0.081504,0.23156,0.15595,0.4964,-0.33957,-0.22281,0.011043,-0.062017,0.15975,0.36723,-0.2374,-0.34198,-0.37196,-0.23239,-0.021909,0.12677,0.29531,-0.41972,-0.22472,-0.18431,-0.086907,0.091027,-0.22831,0.10481,0.31967,0.045491,0.34355,0.46529,0.69732,0.81716,-0.26798,-0.048198,0.10797,0.20448,0.33237,0.65797,0.039397,-0.023204,0.12278,-0.18588,0.37842,0.38521,0.01171,-0.036479,0.16516,0.1645,0.29007,0.22383,-0.46534,-0.45341,0.097365,0.074382,0.07678,0.30848
-0.048676,-0.072169,-0.035922,0.19448,-0.016182,0.16213,-0.18821,0.5211,0.21364,0.66462,0.2756,0.73441,-0.0052775,0.37079,0.33077,0.040176,0.049943,-0.037291,-0.18801,0.11833,-0.014169,-0.40232,-0.30402,-0.53956,0.18986,-0.16875,-0.24078,-0.37279,-0.0008218,0.1273,0.1908,0.56958,0.067925,0.27084,0.11977,0.66173,0.70427,0,0.24131,0.25618,-0.23064,-0.32795,-0.32215,-0.065461,0.027196,0.72272,0.056433,-0.10475,-0.34813,-0.11793,-0.098201,0.19367,-0.10374,-0.111,0.074141,-0.21885,-0.24547,-0.076643,-0.047949,-0.11404,0.4446,-0.12722,0.024856,-0.14154,-0.0082151,-0.085846,0.095277,0.61548,0.018536,0.066836,0.38927,-0.36692,0.094673,-0.39257,-0.12918,-0.020163,-0.16233,-0.085659,0.19065,0.023546,0.43225,-0.24462,-0.091691,0.10651,0.044653,0.11076,0.3198,-0.065285,-0.052338,0.30341,-0.019076,-0.010551,0.14034,0.07785,0.31117,-0.3236,-0.046186,-0.10232,0.32034,-0.0024,0.010571,-0.0016139,0.47237,0.36178,0.19921
0.54339,0.254,0.0036979,0.065686,0.73338,0.33967,0.43008,0.23154,0.85194,0.3073,0.54697,0.32841,0.08973,0.024314,0.50474,0.72585,-0.13897,-0.074894,-0.063382,-0.18615,0.39835,0.2631,0.26555,0.16651,0.79325,0.31192,0.75917,0.56028,0.33145,0.36731,-0.12985,0.074213,-0.20354,-0.057329,-0.086511,-0.025689,0.21298,0.24131,0,0.9672,0.69234,0.35149,0.14392,0.053444,-0.34876,0.17012,-0.27813,-0.30409,0.04742,0.26537,0.27869,0.14136,0.069147,-0.11848,0.26178,-0.08694,-0.085743,-0.2865,0.059201,0.39099,0.46582,0.028579,0.093422,-0.046639,0.081895,-0.068876,0.02302,0.47206,0.15811,0.183,0.23618,-0.02427,0.38179,-0.19465,0.049718,0.15746,0.37745,-0.15007,0.039101,0.096079,0.079247,0.15182,0.15586,-0.043725,0.046408,-0.080988,0.035814,-0.40549,-0.29246,-0.08168,0.53831,-0.16865,-0.37558,0.44323,0.27259,0.30378,0.17959,0.50372,0.19803,0.18871,0.27566,0.4346,0.46205,-0.1785,-0.15127
0.45844,0.79517,-0.21033,-0.04192,0.33194,0.95592,0.38545,0.75471,0.77236,0.62945,0.62791,0.68421,-0.18177,-0.075387,0.38348,0.65603,-0.30428,-0.35643,-0.089339,-0.1629,0.41134,0.16725,0.16066,0.16292,0.59117,0.6751,0.55488,0.55502,0.2311,0.61791,-0.018115,0.29094,-0.63412,-0.39071,-0.18915,-0.037438,-0.010599,0.25618,0.9672,0,0.46092,0.60041,0.14641,0.31051,-0.3995,0.18167,-0.34186,-0.17835,-0.19647,-0.082933,0.095335,-0.042036,-0.20874,-0.043707,-0.12664,-0.2593,-0.32921,-0.17845,0.17583,0.26255,0.77257,-0.087898,0.1958,-0.1528,0.045533,-0.19453,-0.050619,0.23202,0.13111,0.36525,0.45234,-0.051188,0.32017,-0.25911,-0.055411,0.098391,0.39602,-0.41049,-0.23297,-0.41656,-0.38741,-0.055849,-0.18551,-0.019044,-0.023112,-0.15442,-0.19826,-0.15611,-0.31757,-0.16732,0.35915,-0.33888,-0.26349,0.50102,0.75124,-0.00090953,0.039816,0.29947,0.32354,0.2038,0.56312,0.25591,0.59243,-0.11403,-0.046409
0.79749,0.37277,-0.47047,-0.64426,0.16863,0.1841,0.84186,0.14643,0.055093,-0.17574,-0.11101,-0.044813,-0.058846,-0.26475,0.22026,0.39384,0.053669,-0.16319,0.054453,-0.30596,0.64217,0.77979,1.1587,0.88404,0.41821,0.61254,0.58759,1.1375,0.66965,0.72124,-0.098349,0.06447,-0.38588,-0.18256,-0.30826,-0.30345,-0.40054,-0.23064,0.69234,0.46092,0,1.0864,0.44639,0.53778,-0.59214,-0.20562,-0.35569,-0.3931,0.51528,0.30219,0.21626,0.52584,0.24984,-0.047484,-0.068135,0.69931,0.37255,-0.21819,0.032964,0.11025,-0.096385,0.12306,0.33613,0.31605,0.44555,-0.050919,-0.096801,0.19353,0.56925,0.20277,0.37177,-0.0041895,0.073144,0.037558,-0.061639,-0.41921,-0.16955,-0.34223,-0.32,-0.19366,-0.21507,0.53755,0.25153,-0.45316,-0.40564,-0.47407,-0.38243,-0.41773,-0.24528,-0.48096,0.35343,-0.55774,-0.73784,0.32389,0.15429,0.022474,-0.27805,0.019819,-0.31025,0.33584,0.324,0.029804,-0.0055459,-0.29621,-0.48599
0.5599,0.78665,-0.44737,-0.70309,-0.031564,0.56418,0.95496,0.45846,0.028069,-0.056174,-0.024029,0.12553,-0.2762,-0.36778,0.16125,0.4009,-0.058533,-0.42241,0.14363,-0.30361,0.48208,0.66549,0.95995,1.0705,0.30007,1.1171,0.55336,1.131,0.56415,0.85588,0.033299,0.16734,-0.58312,-0.40516,-0.24712,-0.23429,-0.56265,-0.32795,0.35149,0.60041,1.0864,0,0.49833,0.87253,-0.48787,-0.13453,-0.40375,-0.19534,0.30629,0.11566,0.16813,0.22539,0.068284,0.079369,-0.3611,0.50016,0.16826,-0.16797,0.12205,0.16517,0.12599,-0.052655,0.31048,0.044127,0.2234,-0.14252,-0.095281,-0.071696,0.39488,0.29824,0.28726,0.084671,0.016527,0.097267,-0.033846,-0.33599,-0.11938,-0.41318,-0.6052,-0.5127,-0.63489,0.45277,-0.0081342,-0.30801,-0.46607,-0.42344,-0.60694,-0.19618,-0.35791,-0.66567,0.25237,-0.7231,-0.65256,0.37818,0.38968,-0.16251,-0.43763,-0.079623,-0.26694,0.22296,0.52379,-0.12664,-0.046739,-0.43826,-0.4932
0.2526,0.18265,-0.21087,-0.47477,0.048494,0.062297,0.29004,-0.013971,0.067601,-0.11648,-0.18749,-0.11983,-0.47388,-0.5822,0.063919,-0.22374,-0.1957,-0.2676,-0.47659,-0.46519,0.19395,0.40799,0.2627,0.45444,0.34644,0.33164,0.0004708,0.23941,0.12301,0.15016,0.32543,0.2486,-0.41066,-0.42665,-0.1179,0.028473,-0.46265,-0.32215,0.14392,0.14641,0.44639,0.49833,0,0.87531,0.024983,0.19851,0.37069,0.44425,0.28172,-0.053672,-0.056588,0.13928,-0.19352,-0.26428,-0.21096,0.37967,0.58075,0.61506,0.56883,0.034558,-0.055463,-0.29847,-0.17614,0.25577,0.092023,0.51123,0.41101,-0.010241,0.1327,0.31502,0.32803,0.8368,0.78405,0.7861,0.72142,-0.45799,-0.067076,-0.48492,-0.64456,-0.21929,-0.45795,0.13629,-0.23948,-0.12175,-0.35451,-0.5003,-0.75312,0.37031,0.34681,-0.18448,0.65033,-0.13756,-0.31128,0.019132,0.032663,-0.019144,-0.17446,0.16432,0.0082899,0.24618,0.30582,0.13461,-0.11816,-0.29336,-0.14917
0.24381,0.4417,-0.45448,-0.82676,-0.27966,0.32434,0.49563,0.56459,-0.15297,0.1295,-0.11169,0.22739,-0.44921,-0.39084,0.10348,-0.14131,-0.064122,-0.33875,-0.26509,-0.2349,0.28785,0.46625,0.46271,0.65943,0.39585,0.76461,-0.13113,0.32136,0.41871,0.69947,0.58213,0.6833,-0.45315,-0.38066,-0.099395,0.20797,-0.42976,-0.065461,0.053444,0.31051,0.53778,0.87253,0.87531,0,-0.21593,0.32182,0.067399,0.2352,0.21662,0.064955,0.085828,0.3324,-0.34286,-0.32362,-0.7158,0.47202,0.35663,0.25834,0.36527,-0.23549,0.062249,-0.12825,0.24641,0.25226,0.28736,0.16789,0.24634,0.11508,0.41892,0.54086,0.67859,0.30565,0.37887,0.32317,0.25817,-0.73929,-0.50291,-0.55668,-0.748,-0.55454,-0.5507,0.15969,-0.32672,-0.15086,-0.51944,-0.58814,-0.67239,0.21026,0.10307,-0.32481,0.27553,-0.46825,-0.40617,-0.038879,0.17896,-0.22296,-0.36149,-0.071912,-0.049352,0.15645,0.37978,-0.27657,-0.086314,-0.24466,-0.28694
