,,,,,,,,,,,,,,,,,,,,,,,,,,,,,,,,,,,,,,,,,,,,,,,,,,,,,,,,,,,,,,,,,,,,,,,,,,,,,,,,,,,,,,,,,,,,,,,,,,,,,,,,
0,0.68531,-0.47179,-0.273,0.081329,0.086568,0.51426,0.21195,-0.053409,0.024172,-0.098017,0.17262,-0.23719,-0.28942,-0.27086,0.29568,-0.37785,-0.27983,-0.35716,-0.028695,0.064683,0.22697,0.32908,0.30096,-0.057078,0.31797,0.39431,0.5077,0.36168,0.44058,0.051381,0.043134,-0.17646,-0.30769,0.077005,-0.28286,0.03782,0.023109,0.56092,0.44982,0.77527,0.44825,0.12101,0.17147,-0.045411,-0.10654,-0.40751,-0.51205,0.25974,-0.16225,-0.32024,0.22461,0.48132,0.068932,-0.016479,0.22505,-0.01016,-0.26172,-0.42302,0.018786,0.0021478,0.0016571,0.20861,-0.0073046,0.18256,-0.31766,-0.61084,0.087517,0.14368,-0.14585,0.22581,-0.13218,-0.065287,0.074536,0.046902,-0.57335,-0.18601,-0.38263,-0.21151,-0.27157,-0.15591,0.034025,-0.21929,-0.44207,-0.27035,-0.3934,-0.13964,-0.25107,-0.26291,-0.31158,0.24703,-0.38341,-0.10501,-0.047728,0.097843,-0.16978,-0.20349,-0.14493,-0.1356,-0.012474,-0.098387,0.043997,-0.036964,-0.17413,0.038697
0.68531,0,-0.60501,-0.33937,-0.11676,0.59913,0.46271,0.78752,0.079322,0.13287,0.16392,0.43445,-0.85227,-0.7434,-0.54407,0.28316,-0.77793,-0.97532,-0.35671,-0.34613,-0.023697,-0.036777,0.13128,0.20291,-0.047226,0.47647,0.32082,0.5696,0.16254,0.63104,0.18979,0.24137,-0.74515,-0.97154,-0.01601,-0.24231,-0.22775,-0.18287,0.20868,0.86151,0.472,0.72827,0.2645,0.43434,-0.11615,-0.071106,-0.2832,-0.22382,-0.10675,-0.49959,-0.43144,-0.067357,-0.013203,0.17643,-0.45726,0.0073758,-0.19012,-0.081436,-0.0094528,-0.013453,0.28637,-0.31387,0.11305,-0.092531,0.09738,-0.14533,-0.31078,-0.48752,-0.17991,0.14114,0.26061,0.14903,0.13843,0.25582,0.17076,-0.42843,0.04619,-0.66541,-0.62453,-0.73102,-0.88233,-0.25476,-0.57736,-0.2145,-0.17258,-0.34697,-0.40306,0.01271,-0.28442,-0.26897,0.37351,-0.23715,0.11962,0.34571,0.47838,-0.43705,-0.34046,-0.26892,-0.08618,0.0042674,0.30991,-0.10691,-0.046102,-0.39763,-0.086783
-0.47179,-0.60501,0,1.2236,0.17412,-0.035165,-0.56157,-0.32827,0.45602,0.15595,0.33983,-0.080768,0.63782,0.63009,0.65243,-0.016311,0.22902,0.37887,0.017765,0.49919,-0.026227,-0.1056,-0.35065,-0.20668,0.063657,-0.23794,0.050856,-0.45636,-0.41465,-0.85927,-0.1683,-0.31994,0.57297,0.46583,0.10315,0.27168,0.11691,0.14534,0.003943,-0.18113,-0.48513,-0.44343,-0.065515,-0.34641,0.37537,0.13598,0.48795,0.46575,-0.14238,0.21759,0.40258,-0.16334,-0.18987,-0.11069,0.34259,-0.46154,-0.15829,0.089028,0.045186,0.48297,0.3259,-0.06286,-0.31238,-0.13942,-0.4814,0.25827,0.40954,0.23935,-0.21222,-0.098751,-0.32119,0.15373,0.25297,-0.03434,0.16835,0.66766,0.40756,0.66763,0.66676,0.35442,0.30644,0.071694,0.22784,0.93348,0.76248,0.75367,0.63669,0.28207,0.24329,0.51935,-0.037377,0.30241,0.15537,-0.1947,-0.086605,0.79555,0.90867,0.65803,0.72093,0.011275,-0.12231,0.4928,0.21485,0.4738,0.43673
-0.273,-0.33937,1.2236,0,0.18611,-0.026646,-0.66087,-0.20635,0.65547,0.35836,0.39452,0.1423,0.38411,0.46523,0.49862,0.11588,-0.040644,0.24311,-0.081772,0.53743,-0.13825,-0.39291,-0.64063,-0.51965,0.033789,-0.28701,0.10183,-0.55459,-0.52706,-0.82889,-0.26681,-0.3232,0.3101,0.25909,0.010995,0.095935,0.16763,0.23773,0.15641,0.071309,-0.56527,-0.62116,-0.35047,-0.76762,0.33485,0.20311,0.31934,0.2874,-0.40465,-0.2028,0.039431,-0.25156,-0.087567,0.058285,0.5197,-0.73215,-0.36686,0.026879,0.03773,0.41183,0.5389,-0.16022,-0.37376,-0.28179,-0.4066,0.11659,0.24722,0.20728,-0.40368,-0.32317,-0.37602,-0.0041833,0.19551,-0.24963,0.050665,0.75009,0.68537,0.5772,0.77883,0.30409,0.29375,-0.26476,0.076255,0.98343,1.0663,0.93453,0.95547,0.2254,0.21858,0.53033,-0.00045606,0.46073,0.45398,0.051167,0.14229,0.59438,0.95025,0.52182,0.97596,-0.10965,-0.10603,0.38641,0.29487,0.67086,0.6915
0.081329,-0.11676,0.17412,0.18611,0,0.1574,-0.068963,-0.29892,0.26289,-0.094861,0.36536,-0.1435,0.058531,0.11117,0.094576,0.22452,0.071534,0.024939,-0.24545,-0.21079,-0.10125,-0.19293,-0.19818,-0.30804,-0.0041622,-0.35059,0.30525,0.046373,-0.017911,-0.35182,-0.071976,-0.36515,0.2493,0.074289,0.36609,0.21055,0.47196,0.27739,0.33401,0.10076,-0.11748,-0.25839,0.1306,-0.39562,0.34683,0.21265,-0.030037,-0.082371,-0.097196,0.22718,0.17821,-0.053268,0.17651,0.026441,0.49662,-0.25427,-0.10752,0.086702,0.27729,0.73605,0.2086,-0.2506,-0.37417,-0.031492,-0.25716,0.1307,-0.0051408,0.13024,-0.47715,0.00055005,-0.24338,0.22963,0.25759,0.14427,0.25159,0.20552,0.061211,-0.29721,-0.13408,0.17871,0.12669,0.17987,0.21718,-0.10432,-0.066987,-0.084613,-0.095754,-0.11845,-0.18338,0.177,0.20382,0.20483,-0.099617,-0.17155,-0.33993,0.019917,-0.051978,0.44739,-0.14523,0.32255,0.16868,0.83534,0.59151,-0.22303,-0.063521
0.086568,0.59913,-0.035165,-0.026646,0.1574,0,-0.042276,0.54827,0.41312,0.28726,0.23311,0.37439,-0.1188,0.0010937,0.034007,0.38692,-0.074625,-0.36393,-0.012914,-0.15018,0.34208,0.13097,0.14741,0.23238,0.0021901,0.35625,0.54195,0.38462,-0.14465,0.11897,-0.10063,-0.080685,-0.18117,-0.2468,0.09571,0.14468,-0.013189,0.10352,0.11384,0.73558,0.077441,0.50891,-0.0092044,0.25145,-0.02184,-0.19313,-0.087399,0.07951,-0.031156,-0.12271,0.06391,-0.19027,-0.24462,0.205,-0.29527,-0.16931,-0.30832,-0.0072165,0.13295,0.51353,0.75715,-0.40789,-0.051681,-0.22091,-0.40326,0.029439,0.018439,-0.43923,-0.25565,-0.0098983,0.19429,0.16181,0.14036,0.14952,0.12222,-0.090834,0.22262,-0.30016,-0.30165,-0.44074,-0.49337,-0.020992,-0.26164,0.11923,0.051961,0.046301,-0.22301,0.12141,-0.23215,-0.13031,0.15422,-0.34649,-0.070016,0.012337,0.31423,-0.093405,-0.033736,0.15476,0.1622,0.063387,0.30405,0.36024,0.49658,-0.099004,0.10163
0.51426,0.46271,-0.56157,-0.66087,-0.068963,-0.042276,0,0.58861,-0.45743,-0.062659,0.14289,0.25758,-0.3338,-0.24241,-0.12564,0.30774,-0.20273,-0.43456,0.11034,-0.17639,-0.12721,0.1896,0.47043,0.36147,0.019274,0.46432,0.15013,0.73041,0.99199,1.2117,0.41361,0.47292,-0.34728,-0.22571,0.11689,-0.055961,-0.016008,-0.024774,0.08719,0.20114,0.56925,0.64994,0.30967,0.53495,-0.15042,0.19858,-0.44455,-0.52457,0.032753,0.18076,0.031173,0.26741,0.28791,-0.054746,-0.31641,0.30728,-0.12325,-0.34222,-0.30999,-0.22327,-0.28699,0.18632,0.51101,-0.021527,0.49664,-0.37954,-0.46396,0.27971,0.45337,0.46947,0.2931,-0.12828,-0.3486,0.055791,-0.033964,-0.31469,-0.50888,-0.43144,-0.50234,-0.31468,-0.247,0.43816,0.023929,-0.6927,-0.80332,-0.69394,-0.46832,-0.38624,-0.61053,-0.51337,0.067398,-0.41578,-0.39015,0.17709,0.1491,-0.61058,-0.76611,-0.45026,-0.609,0.23443,0.37329,-0.33823,-0.21093,-0.59631,-0.71406
0.21195,0.78752,-0.32827,-0.20635,-0.29892,0.54827,0.58861,0,-0.11655,0.4673,0.40591,0.89118,-0.42953,-0.17069,-0.016654,0.21103,-0.3446,-0.62757,0.049693,-0.076705,-0.19018,-0.19938,0.046923,-0.0075209,-0.15781,0.31359,0.056942,0.31631,0.31272,0.83914,0.38842,0.69178,-0.36955,-0.34681,0.233,0.277,0.13285,0.32335,-0.051754,0.63682,0.034982,0.43692,-0.076025,0.38854,-0.11131,0.20617,-0.16915,-0.14344,-0.37625,-0.35914,-0.35017,0.062958,-0.015153,0.2233,-0.53017,-0.15343,-0.46062,-0.16012,-0.10259,-0.14261,0.26233,-0.14117,0.21872,-0.20203,0.18023,-0.21905,-0.12609,-0.13893,-0.050426,0.29305,0.47913,-0.15014,-0.19579,-0.013069,-0.048381,-0.080757,-0.096257,-0.37922,-0.44767,-0.70129,-0.40214,-0.053831,-0.31597,-0.1735,-0.3354,-0.26934,-0.23388,-0.031139,-0.40143,-0.10414,-0.10625,-0.31906,0.080977,0.4362,0.71951,-0.6884,-0.43372,-0.45812,-0.091035,0.057278,0.37779,-0.29573,-0.021413,-0.10982,-0.079827
-0.053409,0.079322,0.45602,0.65547,0.26289,0.41312,-0.45743,-0.11655,0,0.45562,0.38329,0.21568,-0.088085,-0.050805,0.03598,0.17894,-0.25829,-0.092175,-0.082474,0.0099148,0.24682,-0.070785,-0.2839,-0.040599,0.32869,0.20889,0.70394,0.076352,-0.58424,-0.58275,-0.55141,-0.44899,-0.25205,-0.2728,-0.2279,-0.13215,-0.20503,-0.10524,0.65228,0.55002,-0.055959,0.0032471,-0.10857,-0.41633,-0.033478,-0.044468,0.17956,0.1236,-0.21955,-0.439,-0.090239,-0.73825,-0.41522,-0.18446,0.060726,-0.61458,-0.40674,-0.19618,-0.10507,0.62773,0.98464,-0.30597,-0.37354,-0.65833,-0.95957,0.022727,0.079637,-0.222,-0.4281,-0.2442,-0.57319,0.053675,0.37912,-0.034203,0.16466,0.34266,1.2789,0.11536,0.1423,0.01285,-0.20627,-0.34454,-0.21052,0.78508,0.5685,0.48789,0.17427,0.026064,-0.14451,0.25492,0.52002,0.17642,0.10643,0.029739,0.14195,0.43016,0.61022,0.50051,0.75188,-0.22613,0.0057994,0.34769,0.45659,0.086682,0.31668
0.024172,0.13287,0.15595,0.35836,-0.094861,0.28726,-0.062659,0.4673,0.45562,0,0.57707,1.2494,-0.074269,0.22254,0.21651,0.051123,-0.17984,0.056173,0.032496,0.43851,-0.043234,-0.1477,-0.48779,-0.23668,-0.063055,0.10641,0.10237,-0.18775,-0.38351,-0.045565,0.16093,0.24926,-0.055863,-0.11141,0.26324,0.39376,0.20544,0.38877,0.11692,0.49307,-0.45848,-0.16481,-0.35613,-0.16527,0.19645,0.40228,-0.15507,0.0109,-0.36382,-0.52732,-0.34807,-0.27435,-0.27579,-0.14491,-0.19875,-0.73001,-0.63187,-0.30471,-0.29136,-0.067124,0.45148,0.17867,0.18804,-0.50364,-0.22956,-0.38386,-0.067002,0.19841,-0.11312,-0.012587,0.15323,-0.24478,-0.00061235,-0.32598,-0.20716,0.1956,0.54435,0.023436,0.027741,-0.37414,-0.033621,-0.2995,-0.43608,0.19007,-0.012139,0.066963,0.073972,-0.1086,-0.17443,0.12843,-0.20448,-0.21273,0.09742,-0.024787,0.30224,-0.043142,0.15877,-0.073304,0.37548,-0.33462,0.038237,-0.018364,0.34654,0.25655,0.22128
-0.098017,0.16392,0.33983,0.39452,0.36536,0.23311,0.14289,0.40591,0.38329,0.57707,0,0.64483,-0.1935,-0.0035901,0.020828,0.10242,-0.34592,-0.40694,-0.30722,0.065999,-0.38938,-0.4932,-0.59204,-0.47098,-0.122,-0.12065,0.14585,0.074169,-0.10499,-0.067702,0.28096,0.070571,-0.073955,-0.32101,0.41507,0.45121,0.30879,0.33791,0.18924,0.4241,-0.33914,-0.13282,0.027661,-0.19298,0.25019,0.39543,0.01236,-0.11483,-0.72727,-0.18558,-0.10075,-0.28175,-0.27389,-0.25307,-0.099766,-0.88765,-0.78259,-0.28637,-0.18598,0.1981,0.244,-0.070729,-0.053956,-0.3214,-0.26231,-0.12154,-0.044216,0.048693,-0.44176,0.35028,-0.13042,0.12868,0.26511,0.10496,0.1997,0.45124,0.34452,-0.19752,-0.1593,-0.25107,-0.2229,-0.1634,-0.19105,0.18811,0.051833,-0.072446,-0.038856,-0.14484,-0.44966,0.54664,0.127,0.039318,0.068346,0.18968,0.17883,-0.12911,0.0050171,0.023236,0.033271,0.021609,0.29988,0.25703,0.35704,-0.24933,-0.13153
0.17262,0.43445,-0.080768,0.1423,-0.1435,0.37439,0.25758,0.89118,0.21568,1.2494,0.64483,0,-0.30083,0.041848,0.084501,0.19185,-0.35464,-0.30564,-0.033491,0.23627,-0.19073,-0.28196,-0.35146,-0.2724,-0.11908,0.17097,0.13244,-0.012553,-0.16527,0.29499,0.38725,0.51046,-0.1484,-0.19569,0.31912,0.42164,0.29774,0.49923,0.086869,0.56177,-0.2574,0.032224,-0.30197,-0.039312,0.20363,0.54481,-0.31849,-0.26987,-0.42464,-0.45443,-0.37742,-0.11835,-0.10248,0.0030294,-0.27958,-0.49461,-0.655,-0.40306,-0.35221,-0.13896,0.38042,0.028659,0.26189,-0.40461,-0.010235,-0.47467,-0.25926,0.1764,-0.11757,0.05954,0.24476,-0.15606,-0.065611,-0.19492,-0.15149,0.028906,0.23789,-0.17183,-0.13175,-0.44876,-0.096055,-0.21384,-0.46786,-0.032617,-0.14688,-0.044485,0.020892,-0.24145,-0.40626,0.02201,-0.10651,-0.3408,0.10747,0.1876,0.44567,-0.42451,-0.18348,-0.38008,0.085363,-0.16567,0.1831,-0.060069,0.223,-0.013015,-0.0072711
-0.23719,-0.85227,0.63782,0.38411,0.058531,-0.1188,-0.3338,-0.42953,-0.088085,-0.074269,-0.1935,-0.30083,0,1.4596,0.88453,0.20148,0.81795,0.8686,0.35448,0.57525,0.23263,0.36314,0.13592,0.077263,0.0349,-0.12833,0.020787,-0.24261,0.08128,-0.32842,-0.29496,-0.31914,0.79858,1.147,-0.090551,0.04597,0.19439,0.22573,-0.07486,-0.32841,-0.18699,-0.26274,-0.31421,-0.21667,-0.01334,-0.21547,0.0021468,0.11453,0.1656,0.59172,0.69621,0.099903,0.26469,0.10253,0.56486,0.0495,0.052541,-0.003582,-0.18172,0.19497,-0.11683,0.24789,0.036649,0.00084844,-0.15194,-0.10905,0.0010187,0.57673,0.40204,-0.14486,-0.012727,-0.1616,-0.25517,-0.40417,-0.30396,0.41175,-0.044358,0.94808,0.99204,0.58135,0.7447,0.32485,0.45864,0.14671,0.29049,0.47616,0.55024,0.079482,0.17682,-0.014786,-0.58024,-0.13959,-0.21718,-0.28466,-0.079915,0.59592,0.4247,0.35539,0.27248,-0.14754,-0.38372,0.21342,0.12339,0.58187,0.26365
-0.28942,-0.7434,0.63009,0.46523,0.11117,0.0010937,-0.24241,-0.17069,-0.050805,0.22254,-0.0035901,0.041848,1.4596,0,1.226,0.32779,0.85954,0.86508,0.5252,0.76385,0.20191,0.19533,0.014332,-0.07983,-0.068598,-0.16351,0.025034,-0.34403,0.00083986,-0.25209,-0.18388,-0.18787,0.75747,1.2525,0.087082,0.29493,0.36036,0.48775,-0.12613,-0.19941,-0.40646,-0.35135,-0.51985,-0.30939,0.16342,0.059728,-0.14321,0.046068,0.013553,0.45223,0.61354,0.14944,0.24554,0.16248,0.52341,-0.12907,-0.15781,-0.11957,-0.13182,0.21485,0.034017,0.32857,0.16907,-0.07976,-0.086743,-0.2274,0.0032022,0.76543,0.34342,-0.143,0.071907,-0.29932,-0.41238,-0.58832,-0.44893,0.49548,-0.011874,0.72876,0.82346,0.36598,0.76498,0.3886,0.47665,0.12252,0.1841,0.43919,0.53631,-0.054893,0.04498,-0.049138,-0.71443,-0.23072,-0.23632,-0.24243,-0.018173,0.35685,0.30482,0.25644,0.25179,-0.029159,-0.13789,0.24167,0.36656,0.64155,0.20623
-0.27086,-0.54407,0.65243,0.49862,0.094576,0.034007,-0.12564,-0.016654,0.03598,0.21651,0.020828,0.084501,0.88453,1.226,0,0.27381,0.6176,0.53369,0.67242,0.52208,0.20439,0.052437,0.079449,-0.020577,-0.14077,-0.11688,0.13605,-0.27502,0.094106,-0.19138,-0.16082,0.00035549,0.54851,0.9374,0.11363,0.29073,0.20359,0.46273,-0.091063,-0.072043,-0.31825,-0.19721,-0.32277,-0.15421,0.17145,0.2417,-0.051195,0.1576,-0.0038926,0.30445,0.40029,0.12647,0.3578,0.40584,0.51227,-0.015262,0.013671,-0.059642,0.054363,0.37926,0.19784,0.067613,-0.019253,-0.24674,-0.19228,-0.20946,0.052634,0.68147,0.21567,-0.022432,0.095094,-0.32818,-0.42902,-0.64708,-0.48631,0.58407,0.078696,0.66537,0.54206,0.16595,0.51229,0.55451,0.54155,0.26279,0.1415,0.56481,0.43477,0.027051,0.053976,-0.021627,-0.6959,-0.064306,-0.1892,0.0087558,0.17909,0.16317,0.16456,0.13255,0.30107,0.022954,0.016718,0.085013,0.15487,0.73659,0.15617
0.29568,0.28316,-0.016311,0.11588,0.22452,0.38692,0.30774,0.21103,0.17894,0.051123,0.10242,0.19185,0.20148,0.32779,0.27381,0,0.099343,-0.033032,0.32477,0.095133,0.32047,0.25507,0.31819,0.16097,0.19191,0.39189,0.74546,0.44129,0.32984,0.32155,-0.34706,-0.26515,-0.242,0.12851,-0.35735,-0.35541,-0.086426,0.023494,0.39905,0.53967,0.31217,0.34625,-0.20441,-0.1819,-0.14133,-0.12785,-0.63633,-0.47225,-0.11843,0.1004,0.47163,-0.035629,0.39929,0.34753,0.37828,-0.060774,-0.41494,-0.41178,-0.19838,0.39827,0.31785,0.092443,0.3059,-0.21107,0.062251,-0.43305,-0.42778,0.35146,0.29469,0.031851,-0.070333,-0.104,-0.31287,-0.35192,-0.2641,0.23177,0.17058,0.094519,0.27024,0.047306,0.012745,0.21802,0.20778,-0.15532,0.069435,0.11834,0.1192,-0.29018,-0.50302,-0.58076,0.065543,-0.33695,-0.25086,0.33814,0.43724,0.031925,-0.021058,0.12974,0.11462,0.12379,0.31788,0.19607,0.46653,-0.04596,-0.17286
-0.37785,-0.77793,0.22902,-0.040644,0.071534,-0.074625,-0.20273,-0.3446,-0.25829,-0.17984,-0.34592,-0.35464,0.81795,0.85954,0.6176,0.099343,0,1.0178,0.7532,0.30857,0.51207,0.44368,0.46089,0.20612,-0.085158,-0.21317,0.014765,-0.10126,0.10423,-0.13088,-0.3206,-0.30476,0.55782,0.93685,0.023878,0.27859,0.090931,0.1831,-0.24966,-0.49307,-0.12069,-0.14938,-0.40181,-0.11934,0.014206,-0.2772,-0.1601,-0.068417,0.35867,0.6769,0.65512,0.36371,0.25554,0.15027,0.27193,0.2834,0.15737,-0.19111,0.041314,0.2567,-0.16042,0.44296,0.22764,0.27374,0.060471,-0.015715,0.17714,0.33591,0.39662,-0.13218,0.0096802,-0.27933,-0.52221,-0.37726,-0.47197,0.17451,-0.32363,0.33743,0.29649,0.25756,0.57888,0.71694,0.88598,-0.053176,-0.12392,0.1256,0.13244,-0.33985,-0.055899,-0.11693,-0.51821,-0.25018,-0.48122,-0.27088,-0.34185,0.22765,0.03196,0.055407,-0.15274,0.29055,0.088425,0.11449,0.2956,0.33712,-0.15213
-0.27983,-0.97532,0.37887,0.24311,0.024939,-0.36393,-0.43456,-0.62757,-0.092175,0.056173,-0.40694,-0.30564,0.8686,0.86508,0.53369,-0.033032,1.0178,0,0.46148,0.59256,0.29518,0.42119,0.083905,0.051332,0.11428,-0.20236,-0.12246,-0.45355,-0.13643,-0.38539,-0.29148,-0.28506,0.61128,0.89061,-0.061935,0.10922,0.085612,0.052219,-0.16251,-0.52625,-0.31598,-0.47381,-0.38956,-0.32172,0.13658,-0.11665,-0.046782,0.13185,0.2754,0.38018,0.44159,0.15131,0.14529,-0.04849,0.37661,0.008676,0.10797,-0.035591,0.016987,0.071727,-0.10324,0.56042,0.15339,0.17139,0.055208,-0.029255,0.20049,0.49621,0.35139,-0.25438,-0.060034,-0.2141,-0.26914,-0.45372,-0.37717,0.21675,-0.030411,0.5882,0.61149,0.43319,0.77675,0.26032,0.42263,0.10301,0.082923,0.27437,0.37183,-0.11862,0.23465,-0.097231,-0.49129,-0.019511,-0.16265,-0.45618,-0.39128,0.63217,0.4525,0.32671,0.24659,-0.011081,-0.22113,0.1111,0.1941,0.61074,0.22214
-0.35716,-0.35671,0.017765,-0.081772,-0.24545,-0.012914,0.11034,0.049693,-0.082474,0.032496,-0.30722,-0.033491,0.35448,0.5252,0.67242,0.32477,0.7532,0.46148,0,0.27069,0.57549,0.28524,0.51333,0.29463,0.075922,0.26155,0.18215,0.068596,0.27147,0.21657,-0.46101,-0.044569,-0.105,0.49423,-0.3809,-0.048696,-0.28904,-0.0068351,-0.066843,-0.042068,0.049983,0.18534,-0.4465,0.0086923,-0.34905,-0.069376,-0.3548,-0.13297,0.047929,0.17631,0.42613,0.03399,0.11395,0.17118,0.0475,0.2179,-0.0055501,-0.36352,0.0012758,0.063548,0.015397,0.38894,0.37687,-0.2108,0.024818,-0.37444,-0.088989,0.29976,0.65296,0.049369,-0.021274,-0.65415,-0.99509,-0.82909,-0.91201,0.31151,-0.038288,0.37293,0.20097,-0.023158,0.20567,0.55987,0.62609,0.058359,-0.12642,0.2411,0.044563,-0.32125,-0.22659,-0.43946,-0.47541,-0.30797,-0.58917,0.14263,0.11553,-0.036693,-0.081161,-0.1129,0.011026,0.068716,0.23607,-0.42146,0.12085,0.32675,-0.28745
-0.028695,-0.34613,0.49919,0.53743,-0.21079,-0.15018,-0.17639,-0.076705,0.0099148,0.43851,0.065999,0.23627,0.57525,0.76385,0.52208,0.095133,0.30857,0.59256,0.27069,0,0.12658,0.091053,-0.14155,-0.049065,-0.13525,0.03118,-0.088046,-0.3946,-0.18475,-0.21996,-0.094074,-0.21713,0.35888,0.42268,0.093899,0.13001,0.086673,0.16418,-0.1285,-0.10302,-0.28341,-0.27108,-0.57126,-0.23354,0.24055,0.092118,-0.25014,-0.044036,-0.052037,0.036231,0.20264,0.12567,-0.086178,-0.22423,0.085283,-0.29944,-0.34512,-0.3227,-0.27992,-0.098907,-0.0074094,0.53521,0.46833,-0.07209,0.032948,-0.34877,-0.15929,0.4586,0.34753,-0.35558,0.038468,-0.49675,-0.46738,-0.60791,-0.46529,0.19592,0.017,0.50703,0.64795,0.010609,0.31588,0.082014,0.16015,0.36383,0.41726,0.39115,0.6903,-0.13798,0.087542,-0.00076901,-0.44806,-0.28261,-0.12957,-0.41933,-0.17627,0.43339,0.53454,0.15393,0.37478,-0.14433,-0.10151,-0.0070653,0.24213,0.64926,0.31465
0.064683,-0.023697,-0.026227,-0.13825,-0.10125,0.34208,-0.12721,-0.19018,0.24682,-0.043234,-0.38938,-0.19073,0.23263,0.20191,0.20439,0.32047,0.51207,0.29518,0.57549,0.12658,0,0.66108,0.74654,0.73692,-0.11972,0.28901,0.57269,0.39301,-0.090969,-0.025642,-0.62325,-0.58812,-0.13804,0.096461,-0.31877,-0.22993,-0.64379,-0.29159,0.16853,0.1308,0.48496,0.43461,-0.14828,0.11125,-0.14277,-0.66662,-0.26993,-0.12864,0.63338,0.2152,0.39436,0.13409,0.0023043,0.05718,-0.039471,0.37559,0.22426,-0.37605,-0.081973,0.31018,0.11502,0.38194,0.4553,0.10543,-0.12671,-0.082766,-0.051359,-0.018508,0.52589,-0.11075,0.13373,-0.26688,-0.32478,-0.22331,-0.41053,-0.1958,0.13898,0.022472,0.013946,-0.27348,-0.21283,0.4809,0.42266,0.084321,0.041544,0.063799,-0.17633,-0.3014,-0.055144,-0.30069,0.045832,-0.42333,-0.55938,-0.15404,-0.10969,0.28194,0.13496,0.094884,0.072091,0.18706,0.20987,0.088939,0.40392,0.20284,-0.18251
0.22697,-0.036777,-0.1056,-0.39291,-0.19293,0.13097,0.1896,-0.19938,-0.070785,-0.1477,-0.4932,-0.28196,0.36314,0.19533,0.052437,0.25507,0.44368,0.42119,0.28524,0.091053,0.66108,0,0.90985,1.3382,0.41462,0.66646,0.39777,0.51462,0.2734,0.22432,-0.18212,-0.1792,0.03381,0.17243,-0.29837,-0.32841,-0.4398,-0.51815,0.019887,-0.098177,0.565,0.60279,0.20367,0.47515,-0.22109,-0.54276,-0.25099,-0.082171,0.76417,0.53247,0.58419,0.075535,0.057335,-0.14674,-0.17908,0.48711,0.17331,-0.20527,-0.27944,0.11553,-0.041855,0.33932,0.41668,0.10454,0.033908,-0.13416,-0.10626,0.14778,0.72073,0.01661,0.097836,0.082726,-0.11113,-0.0020254,-0.074671,-0.36501,-0.15212,0.17585,0.065154,0.10342,-0.0071932,0.41574,0.076564,-0.17376,-0.20591,-0.1071,-0.16596,-0.16633,-0.13112,-0.73554,0.03087,-0.47387,-0.4705,-0.39748,-0.17317,0.43376,0.094985,0.13875,0.0072946,-0.029094,-0.030431,-0.0025549,-0.049232,-0.11426,-0.21037
0.32908,0.13128,-0.35065,-0.64063,-0.19818,0.14741,0.47043,0.046923,-0.2839,-0.48779,-0.59204,-0.35146,0.13592,0.014332,0.079449,0.31819,0.46089,0.083905,0.51333,-0.14155,0.74654,0.90985,0,1.1832,0.11379,0.5199,0.45051,0.80777,0.65224,0.55887,-0.27274,-0.092945,-0.12188,0.1353,-0.27311,-0.2857,-0.43449,-0.30608,0.094042,-0.035074,1.0433,0.9084,0.10021,0.52151,-0.37951,-0.57025,-0.30666,-0.33852,0.71485,0.50038,0.40967,0.37188,0.3535,0.15441,-0.17137,0.95546,0.32009,-0.31408,-0.17319,0.18502,-0.11952,0.18197,0.39332,0.20644,0.19906,-0.10746,-0.19495,0.025219,0.7005,0.03604,0.17712,-0.18177,-0.47774,-0.04246,-0.22189,-0.43167,-0.48584,-0.074385,-0.17881,-0.10542,-0.094632,0.79724,0.45914,-0.29703,-0.36096,-0.19964,-0.26477,-0.36025,-0.31306,-0.64223,0.052487,-0.4942,-0.61329,-0.035704,-0.049113,-0.040197,-0.28264,-0.17126,-0.30809,0.32063,0.20326,-0.17098,-0.11239,-0.14387,-0.4243
0.30096,0.20291,-0.20668,-0.51965,-0.30804,0.23238,0.36147,-0.0075209,-0.040599,-0.23668,-0.47098,-0.2724,0.077263,-0.07983,-0.020577,0.16097,0.20612,0.051332,0.29463,-0.049065,0.73692,1.3382,1.1832,0,0.2443,0.84039,0.45326,0.7655,0.34332,0.34527,-0.17131,-0.12283,-0.20702,-0.086712,-0.27252,-0.38731,-0.69263,-0.63598,0.031055,0.035753,0.86419,1.055,0.36509,0.79238,-0.29031,-0.53381,-0.16251,-0.033459,0.81484,0.36278,0.36683,0.10803,-0.021747,-0.10677,-0.39191,0.66713,0.28337,-0.18145,-0.18481,0.12204,-0.0096969,0.15608,0.37961,0.042674,-0.011035,-0.06486,-0.10273,-0.069508,0.64655,0.062963,0.15491,-0.0041028,-0.16219,0.09344,-0.028003,-0.50598,-0.17762,-0.023564,-0.20688,-0.17471,-0.35717,0.50801,0.089972,-0.090996,-0.22194,-0.16822,-0.33757,-0.10118,-0.1288,-0.682,0.17529,-0.45413,-0.51535,-0.26965,-0.092513,0.20282,-0.051707,0.013106,-0.066424,0.061895,0.13503,-0.15719,-0.16728,-0.19154,-0.29502
-0.057078,-0.047226,0.063657,0.033789,-0.0041622,0.0021901,0.019274,-0.15781,0.32869,-0.063055,-0.122,-0.11908,0.0349,-0.068598,-0.14077,0.19191,-0.085158,0.11428,0.075922,-0.13525,-0.11972,0.41462,0.11379,0.2443,0,0.69565,0.33034,0.1748,0.12173,0.020448,-0.2588,0.054534,-0.19646,0.015386,-0.60858,-0.41673,-0.16998,-0.45431,0.32497,0.052423,0.16943,0.23397,0.10987,-0.0091604,-0.4351,-0.014316,0.041788,0.0057107,-0.13475,0.028083,0.27071,-0.69242,-0.23442,-0.32749,-0.1176,-0.14218,-0.27793,-0.034174,-0.17141,0.16696,0.37813,-0.2354,-0.26287,-0.45833,-0.30451,-0.097189,-0.088234,-0.065319,0.026849,-0.049134,-0.64491,0.26607,0.21066,0.015653,0.22273,0.13524,0.22625,0.35571,0.23525,0.57775,0.16547,-0.24758,-0.30733,0.22025,0.14381,0.31046,0.18006,0.054296,-0.27823,-0.40537,0.3516,0.081146,0.0073724,-0.048817,0.041307,0.39551,0.32507,0.38598,0.38487,-0.33435,-0.2485,-0.057067,-0.20052,-0.28553,0.062551
0.31797,0.47647,-0.23794,-0.28701,-0.35059,0.35625,0.46432,0.31359,0.20889,0.10641,-0.12065,0.17097,-0.12833,-0.16351,-0.11688,0.39189,-0.21317,-0.20236,0.26155,0.03118,0.28901,0.66646,0.5199,0.84039,0.69565,0,0.58847,0.69072,0.34043,0.52924,-0.2056,0.094529,-0.60361,-0.29944,-0.56975,-0.54357,-0.57184,-0.58043,0.32126,0.50719,0.64952,1.1448,0.16848,0.54002,-0.56851,-0.19688,-0.35366,-0.18066,0.041753,-0.079339,0.20606,-0.44799,-0.25077,-0.27526,-0.54522,0.072942,-0.27447,-0.32973,-0.35653,0.0071829,0.27734,-0.016015,0.29102,-0.51461,-0.18432,-0.46107,-0.47121,-0.13687,0.46283,0.12378,-0.099516,-0.052875,-0.15416,-0.10851,-0.091042,-0.17715,0.12531,0.086245,-0.081202,-0.16263,-0.39865,0.0061635,-0.36732,0.052185,-0.052119,0.039688,-0.15673,-0.068857,-0.44038,-0.79298,0.22279,-0.51814,-0.38854,-0.018933,0.26001,0.11921,0.048049,0.075621,0.21075,-0.326,0.018377,-0.3372,-0.16026,-0.30058,-0.15901
0.39431,0.32082,0.050856,0.10183,0.30525,0.54195,0.15013,0.056942,0.70394,0.10237,0.14585,0.13244,0.020787,0.025034,0.13605,0.74546,0.014765,-0.12246,0.18215,-0.088046,0.57269,0.39777,0.45051,0.45326,0.33034,0.58847,0,0.81009,0.14967,0.086464,-0.585,-0.39686,-0.31055,-0.16147,-0.31857,-0.32178,-0.30859,-0.1666,0.82344,0.68621,0.59802,0.62338,-0.048685,-0.077078,-0.22755,-0.29515,-0.38697,-0.4529,0.062127,0.0095769,0.24716,-0.30879,0.15632,0.083649,0.099223,-0.049603,-0.3085,-0.62411,-0.30827,0.85793,0.6526,-0.16589,0.0042705,-0.46011,-0.45086,-0.33649,-0.38411,-0.0013647,0.05312,-0.068281,-0.32107,-0.025849,-0.048344,-0.16131,-0.099857,0.096465,0.40641,-0.0085285,-0.0018035,-0.068623,-0.19908,0.22946,0.084241,0.16342,0.10367,0.20975,-0.018108,-0.43658,-0.7094,-0.26444,0.38276,-0.29319,-0.3571,0.15568,0.21958,0.18334,0.09571,0.19435,0.21778,0.026299,0.25276,0.24935,0.38602,-0.14421,-0.14983
0.5077,0.5696,-0.45636,-0.55459,0.046373,0.38462,0.73041,0.31631,0.076352,-0.18775,0.074169,-0.012553,-0.24261,-0.34403,-0.27502,0.44129,-0.10126,-0.45355,0.068596,-0.3946,0.39301,0.51462,0.80777,0.7655,0.1748,0.69072,0.81009,0,0.66495,0.66968,-0.1791,-0.11787,-0.56946,-0.47311,-0.21707,-0.37092,-0.40283,-0.34166,0.42909,0.49099,1.098,1.1998,0.25591,0.41418,-0.48005,-0.50945,-0.34915,-0.53021,0.18491,0.14257,0.14597,-0.023389,0.11169,-0.057419,-0.31692,0.29036,-0.15822,-0.49913,-0.35909,0.24068,0.058052,-0.0059011,0.28037,-0.10695,0.0087619,-0.2141,-0.38379,-0.16502,0.30115,0.27002,0.02469,-0.015677,-0.13348,0.14544,0.042618,-0.28148,-0.094698,-0.40645,-0.47385,-0.2958,-0.54458,0.314,0.052457,-0.30474,-0.36244,-0.41989,-0.50629,-0.4305,-0.76278,-0.37769,0.40236,-0.40594,-0.46505,0.1962,0.17741,-0.17748,-0.36136,-0.14884,-0.31711,0.16483,0.3856,-0.10549,0.046092,-0.58028,-0.55206
0.36168,0.16254,-0.41465,-0.52706,-0.017911,-0.14465,0.99199,0.31272,-0.58424,-0.38351,-0.10499,-0.16527,0.08128,0.00083986,0.094106,0.32984,0.10423,-0.13643,0.27147,-0.18475,-0.090969,0.2734,0.65224,0.34332,0.12173,0.34043,0.14967,0.66495,0,0.9721,0.044794,0.28498,-0.18531,0.039421,-0.14135,-0.25518,-0.02366,-0.046106,0.11694,0.10389,0.57935,0.53929,0.14459,0.37699,-0.51454,-0.13584,-0.35866,-0.42374,-0.033178,0.2931,0.17416,0.20061,0.57113,0.18265,-0.0053054,0.40605,-0.012114,-0.19747,-0.19212,-0.06346,-0.34483,0.075571,0.20664,-0.027561,0.36779,-0.34922,-0.43983,0.23142,0.48206,0.41608,0.16002,-0.21813,-0.50625,-0.17752,-0.21831,-0.00085648,-0.55149,-0.048865,-0.15951,-0.011832,0.01465,0.4408,0.26423,-0.55562,-0.55017,-0.34923,-0.2144,-0.23904,-0.48567,-0.44394,-0.22333,-0.23957,-0.37384,0.32264,0.26025,-0.33841,-0.5304,-0.27452,-0.43461,0.096455,0.1292,-0.44696,-0.36209,-0.23607,-0.42397
0.44058,0.63104,-0.85927,-0.82889,-0.35182,0.11897,1.2117,0.83914,-0.58275,-0.045565,-0.067702,0.29499,-0.32842,-0.25209,-0.19138,0.32155,-0.13088,-0.38539,0.21657,-0.21996,-0.025642,0.22432,0.55887,0.34527,0.020448,0.52924,0.086464,0.66968,0.9721,0,0.28831,0.59676,-0.4764,-0.2468,-0.099475,-0.13879,-0.11895,-0.054042,-0.0061863,0.31795,0.5477,0.75911,0.094035,0.60061,-0.40041,-0.053355,-0.53184,-0.50909,-0.047113,0.015329,-0.050132,0.21456,0.29471,0.14862,-0.43847,0.33984,-0.11891,-0.29115,-0.23389,-0.36614,-0.2391,0.17262,0.54155,0.039492,0.58363,-0.43039,-0.47042,0.038201,0.49112,0.46518,0.47064,-0.16057,-0.44237,-0.065606,-0.2302,-0.32489,-0.49144,-0.3492,-0.4447,-0.4296,-0.27071,0.21258,-0.10993,-0.72617,-0.74269,-0.57452,-0.44776,-0.2937,-0.53276,-0.59526,-0.13263,-0.5143,-0.26896,0.38776,0.42649,-0.65169,-0.74828,-0.59714,-0.48207,0.089531,0.27394,-0.56352,-0.28733,-0.37165,-0.50586
0.051381,0.18979,-0.1683,-0.26681,-0.071976,-0.10063,0.41361,0.38842,-0.55141,0.16093,0.28096,0.38725,-0.29496,-0.18388,-0.16082,-0.34706,-0.3206,-0.29148,-0.46101,-0.094074,-0.62325,-0.18212,-0.27274,-0.17131,-0.2588,-0.2056,-0.585,-0.1791,0.044794,0.28831,0,0.8748,0.26778,-0.090161,0.80524,0.5464,0.40384,0.23134,-0.60614,-0.27216,-0.26773,-0.12429,0.46476,0.44419,0.6106,0.6476,0.12085,0.13205,0.05163,0.18561,-0.19215,0.38499,-0.0026173,-0.046015,-0.30255,0.087028,0.13492,0.30177,0.093714,-0.45431,-0.30541,-0.008549,0.14024,0.36116,0.4958,0.14621,0.14144,0.19659,-0.11452,0.37166,0.61521,0.44071,0.30769,0.47323,0.38275,-0.39242,-0.45311,-0.36441,-0.4043,-0.19866,-0.06508,0.03603,-0.35192,-0.41809,-0.464,-0.47724,-0.24111,0.16097,0.15398,0.06028,-0.099678,0.050574,0.30216,-0.11769,-0.077534,-0.45817,-0.46218,-0.40543,-0.41497,0.167,0.10894,0.027246,-0.33846,-0.31677,-0.21487
0.043134,0.24137,-0.31994,-0.3232,-0.36515,-0.080685,0.47292,0.69178,-0.44899,0.24926,0.070571,0.51046,-0.31914,-0.18787,0.00035549,-0.26515,-0.30476,-0.28506,-0.044569,-0.21713,-0.58812,-0.1792,-0.092945,-0.12283,0.054534,0.094529,-0.39686,-0.11787,0.28498,0.59676,0.8748,0,0.0074724,-0.024117,0.2683,0.34901,0.27825,0.269,-0.29236,-0.01896,-0.14598,0.077321,0.20957,0.4707,0.02693,0.64936,0.06286,0.072422,-0.17689,-0.11718,-0.37202,0.070185,0.11066,0.14243,-0.37369,0.11312,0.07443,0.19398,-0.0058585,-0.47533,-0.081615,-0.17331,-0.032657,-0.080543,0.29211,-0.12899,-0.022289,0.1169,-0.021492,0.40242,0.44716,0.12371,0.039055,0.092239,0.056512,-0.16126,-0.2966,-0.094527,-0.30297,-0.17469,0.063632,-0.065201,-0.43495,-0.32466,-0.55538,-0.21844,-0.18245,0.16135,-0.038661,-0.10738,-0.27984,-0.017324,0.24181,0.25317,0.37927,-0.63278,-0.51155,-0.5652,-0.18197,-0.13259,-0.086913,-0.43597,-0.66131,-0.13645,-0.098081
-0.17646,-0.74515,0.57297,0.3101,0.2493,-0.18117,-0.34728,-0.36955,-0.25205,-0.055863,-0.073955,-0.1484,0.79858,0.75747,0.54851,-0.242,0.55782,0.61128,-0.105,0.35888,-0.13804,0.03381,-0.12188,-0.20702,-0.19646,-0.60361,-0.31055,-0.56946,-0.18531,-0.4764,0.26778,0.0074724,0,1.0199,0.60361,0.65707,0.73555,0.58357,-0.32131,-0.70403,-0.44254,-0.60997,-0.11012,-0.18073,0.61816,0.21217,0.28746,0.22147,0.3147,0.65661,0.28861,0.45097,0.26969,0.089522,0.41875,0.094559,0.25305,0.25429,0.032135,0.16452,-0.12824,0.026195,-0.17133,0.35117,0.012404,0.2695,0.30252,0.48694,-0.069778,-0.25553,0.15718,0.15271,0.10119,0.084563,0.13422,0.026286,-0.35562,0.33753,0.42617,0.48805,0.87402,0.32623,0.30179,0.028324,0.082453,0.2165,0.44326,0.11164,0.34877,0.30381,-0.36461,0.065329,0.10533,-0.54914,-0.43476,0.25919,0.18832,0.17669,0.0063525,0.17176,-0.32544,0.55966,0.063168,0.36512,0.29801
-0.30769,-0.97154,0.46583,0.25909,0.074289,-0.2468,-0.22571,-0.34681,-0.2728,-0.11141,-0.32101,-0.19569,1.147,1.2525,0.9374,0.12851,0.93685,0.89061,0.49423,0.42268,0.096461,0.17243,0.1353,-0.086712,0.015386,-0.29944,-0.16147,-0.47311,0.039421,-0.2468,-0.090161,-0.024117,1.0199,0,0.078433,0.31107,0.4429,0.48224,-0.20146,-0.59573,-0.30653,-0.43341,-0.37505,-0.27163,0.18884,0.151,0.031835,0.069986,0.23003,0.65202,0.56873,0.33358,0.41086,0.22808,0.58556,0.20149,0.19213,0.066367,-0.034616,0.12431,-0.11964,0.20853,0.012622,0.12873,0.065727,-0.01539,0.1224,0.76062,0.32406,-0.22392,0.034711,-0.17762,-0.34336,-0.35016,-0.27698,0.2571,-0.28576,0.68061,0.74702,0.65262,1.2521,0.49018,0.59991,-0.0089969,0.061777,0.38961,0.52313,-0.018495,0.18265,-0.082898,-0.55021,-0.077377,-0.14997,-0.26463,-0.18491,0.2324,0.15733,0.15196,0.076093,0.11003,-0.28349,0.22187,0.090015,0.49954,0.15336
0.077005,-0.01601,0.10315,0.010995,0.36609,0.09571,0.11689,0.233,-0.2279,0.26324,0.41507,0.31912,-0.090551,0.087082,0.11363,-0.35735,0.023878,-0.061935,-0.3809,0.093899,-0.31877,-0.29837,-0.27311,-0.27252,-0.60858,-0.56975,-0.31857,-0.21707,-0.14135,-0.099475,0.80524,0.2683,0.60361,0.078433,0,1.1528,0.78761,0.69586,-0.35749,-0.20548,-0.40066,-0.33862,0.10586,0.074092,0.93,0.49777,0.19479,0.1218,0.13234,0.19009,-0.23607,0.58496,0.064208,0.017862,-0.067306,-0.072729,0.019742,0.17162,0.16903,0.070994,-0.041641,-0.042274,-0.012461,0.34151,0.17828,0.29955,0.31172,0.17634,-0.38138,-0.019822,0.46943,0.10912,0.15892,0.34403,0.32015,-0.26252,-0.39371,-0.5156,-0.41544,-0.26981,0.057212,0.26728,0.048802,-0.19249,-0.33921,-0.38804,-0.12585,-0.031737,0.092359,0.40524,-0.10787,0.034264,0.15352,-0.38468,-0.35137,-0.34494,-0.28887,-0.15216,-0.36003,0.46399,0.25051,0.43553,0.21677,-0.024212,0.010238
-0.28286,-0.24231,0.27168,0.095935,0.21055,0.14468,-0.055961,0.277,-0.13215,0.39376,0.45121,0.42164,0.04597,0.29493,0.29073,-0.35541,0.27859,0.10922,-0.048696,0.13001,-0.22993,-0.32841,-0.2857,-0.38731,-0.41673,-0.54357,-0.32178,-0.37092,-0.25518,-0.13879,0.5464,0.34901,0.65707,0.31107,1.1528,0,0.79663,0.89178,-0.31442,-0.2223,-0.61768,-0.40329,-0.12022,-0.014425,0.63872,0.51776,0.23545,0.13922,-0.057631,0.19373,-0.075299,0.33461,-0.085592,-0.040268,-0.14957,-0.22199,-0.10302,0.040829,0.096461,0.08639,0.051625,0.037694,-0.034422,0.18733,-0.0021316,0.21892,0.3876,0.14676,-0.32754,0.072212,0.30313,0.041763,0.075704,0.196,0.13671,0.016247,-0.26584,-0.23375,-0.24017,-0.19224,0.25279,0.25326,0.098326,-0.029011,-0.29751,-0.16975,-0.067977,-0.089073,-0.03212,0.51836,-0.25319,-0.082286,0.025435,-0.27096,-0.24075,-0.27701,-0.1772,-0.13028,-0.21613,0.36055,0.14335,0.36353,0.28836,0.057546,0.0018824
0.03782,-0.22775,0.11691,0.16763,0.47196,-0.013189,-0.016008,0.13285,-0.20503,0.20544,0.30879,0.29774,0.19439,0.36036,0.20359,-0.086426,0.090931,0.085612,-0.28904,0.086673,-0.64379,-0.4398,-0.43449,-0.69263,-0.16998,-0.57184,-0.30859,-0.40283,-0.02366,-0.11895,0.40384,0.27825,0.73555,0.4429,0.78761,0.79663,0,1.2942,-0.049394,-0.15451,-0.5438,-0.60183,-0.27769,-0.36012,0.38793,0.54631,0.10391,-0.057885,-0.22819,0.096989,-0.17472,0.24398,0.26337,0.1071,0.30187,-0.26715,-0.23343,0.16906,-0.045922,0.04001,0.010996,-0.18228,-0.26871,0.025437,0.054897,0.060638,0.056074,0.32834,-0.3919,-0.21582,0.094923,-0.023487,0.044758,0.073199,0.19608,0.080521,-0.32243,-0.10154,0.080459,0.28489,0.66768,-0.029276,-0.0015347,-0.26965,-0.19644,-0.10704,0.22721,-0.01298,-0.049034,0.30772,-0.23776,0.016755,0.20035,-0.20346,-0.12296,-0.30979,-0.18688,-0.020591,-0.20002,0.10363,-0.19669,0.40926,0.22971,0.039332,0.25591
0.023109,-0.18287,0.14534,0.23773,0.27739,0.10352,-0.024774,0.32335,-0.10524,0.38877,0.33791,0.49923,0.22573,0.48775,0.46273,0.023494,0.1831,0.052219,-0.0068351,0.16418,-0.29159,-0.51815,-0.30608,-0.63598,-0.45431,-0.58043,-0.1666,-0.34166,-0.046106,-0.054042,0.23134,0.269,0.58357,0.48224,0.69586,0.89178,1.2942,0,0.025525,0.029715,-0.47658,-0.48581,-0.50922,-0.38135,0.31062,0.46645,0.016714,-0.13222,-0.2285,-0.031277,-0.24408,0.31988,0.36498,0.31397,0.32111,-0.21736,-0.21436,-0.039268,-0.13108,0.080247,0.084684,-0.077097,-0.12419,-0.064502,0.0021135,-0.076365,0.011434,0.38613,-0.25282,-0.17986,0.23875,-0.31349,-0.19403,-0.16128,-0.10564,0.18185,-0.1766,-0.054234,0.099711,0.023027,0.56197,0.10606,0.16982,-0.18418,-0.18402,-0.023158,0.21173,-0.12834,-0.10509,0.3777,-0.39344,-0.12043,0.085759,0.023303,0.12418,-0.44173,-0.23549,-0.20503,-0.14076,0.12941,-0.086122,0.26899,0.33344,0.2782,0.21803
0.56092,0.20868,0.003943,0.15641,0.33401,0.11384,0.08719,-0.051754,0.65228,0.11692,0.18924,0.086869,-0.07486,-0.12613,-0.091063,0.39905,-0.24966,-0.16251,-0.066843,-0.1285,0.16853,0.019887,0.094042,0.031055,0.32497,0.32126,0.82344,0.42909,0.11694,-0.0061863,-0.60614,-0.29236,-0.32131,-0.20146,-0.35749,-0.31442,-0.049394,0.025525,0,0.69445,0.51714,0.25844,-0.088039,-0.3091,-0.40268,-0.14211,-0.17752,-0.43476,-0.20176,-0.2998,-0.099728,-0.46682,0.12172,-0.18583,0.14399,-0.26939,-0.32887,-0.46874,-0.52278,0.38704,0.32644,-0.091504,-0.16225,-0.56695,-0.49022,-0.34558,-0.5191,-0.018429,-0.03702,-0.056217,-0.45576,-0.1976,0.044334,-0.088016,-0.010044,0.16401,0.435,-0.015706,0.076543,0.022117,-0.012597,-0.13906,-0.093312,0.069993,0.070014,0.046491,-0.022081,-0.28811,-0.526,0.040941,0.4305,-0.19965,-0.27633,0.14878,0.18369,0.14862,0.19594,0.28719,0.25258,-0.21706,-0.26033,0.15607,0.25706,-0.1452,0.097924
0.44982,0.86151,-0.18113,0.071309,0.10076,0.73558,0.20114,0.63682,0.55002,0.49307,0.4241,0.56177,-0.32841,-0.19941,-0.072043,0.53967,-0.49307,-0.52625,-0.042068,-0.10302,0.1308,-0.098177,-0.035074,0.035753,0.052423,0.50719,0.68621,0.49099,0.10389,0.31795,-0.27216,-0.01896,-0.70403,-0.59573,-0.20548,-0.2223,-0.15451,0.029715,0.69445,0,0.25281,0.51605,-0.06539,0.046124,-0.34309,-0.089025,-0.34013,-0.20804,-0.47804,-0.67502,-0.27157,-0.50993,-0.068114,0.10978,-0.16739,-0.45892,-0.57667,-0.29342,-0.16932,0.25623,0.57311,-0.22283,-0.00085131,-0.66673,-0.37668,-0.44128,-0.45073,-0.27838,-0.14647,0.17627,0.0071016,-0.15605,-0.0051645,-0.16973,-0.13046,0.17677,0.56071,-0.22971,-0.21835,-0.57881,-0.56887,-0.2987,-0.43442,0.053274,0.014573,-0.028789,-0.23,-0.029293,-0.47021,-0.10644,0.14033,-0.31568,-0.10699,0.41357,0.73188,-0.15417,-0.016251,0.073668,0.28704,-0.27805,0.14173,-0.04154,0.31191,-0.074194,0.10823
0.77527,0.472,-0.48513,-0.56527,-0.11748,0.077441,0.56925,0.034982,-0.055959,-0.45848,-0.33914,-0.2574,-0.18699,-0.40646,-0.31825,0.31217,-0.12069,-0.31598,0.049983,-0.28341,0.48496,0.565,1.0433,0.86419,0.16943,0.64952,0.59802,1.098,0.57935,0.5477,-0.26773,-0.14598,-0.44254,-0.30653,-0.40066,-0.61768,-0.5438,-0.47658,0.51714,0.25281,0,1.0714,0.28333,0.42374,-0.47423,-0.53506,-0.32029,-0.52363,0.45913,0.15523,0.10934,0.10713,0.25629,-0.06602,-0.21705,0.63825,0.20892,-0.38809,-0.39304,0.083301,-0.13312,0.055041,0.28993,0.048215,0.093555,-0.20347,-0.51895,-0.1266,0.48289,0.072817,0.020443,-0.080961,-0.18057,0.13447,-0.020187,-0.52664,-0.23913,-0.23792,-0.25639,-0.18229,-0.35147,0.31271,0.093033,-0.28481,-0.22071,-0.28834,-0.31851,-0.33286,-0.3838,-0.45658,0.43353,-0.40656,-0.46162,0.071171,0.020335,-0.048802,-0.21807,-0.13466,-0.2457,0.10319,0.026619,-0.16031,-0.19855,-0.39877,-0.37136
0.44825,0.72827,-0.44343,-0.62116,-0.25839,0.50891,0.64994,0.43692,0.0032471,-0.16481,-0.13282,0.032224,-0.26274,-0.35135,-0.19721,0.34625,-0.14938,-0.47381,0.18534,-0.27108,0.43461,0.60279,0.9084,1.055,0.23397,1.1448,0.62338,1.1998,0.53929,0.75911,-0.12429,0.077321,-0.60997,-0.43341,-0.33862,-0.40329,-0.60183,-0.48581,0.25844,0.51605,1.0714,0,0.35302,0.8725,-0.52517,-0.39129,-0.35577,-0.27673,0.23153,0.054178,0.15802,-0.11963,-0.035403,-0.030852,-0.5798,0.40028,-0.0020628,-0.31234,-0.22947,0.11241,0.10383,-0.094123,0.29441,-0.19807,-0.082052,-0.29527,-0.42797,-0.31683,0.39315,0.28109,0.11628,0.0022621,-0.16656,0.10601,-0.050841,-0.371,-0.12704,-0.23587,-0.44192,-0.44481,-0.66957,0.2703,-0.15116,-0.17095,-0.28318,-0.23464,-0.49516,-0.14774,-0.49414,-0.60915,0.24534,-0.61038,-0.52142,0.12139,0.26034,-0.15806,-0.30365,-0.15741,-0.15907,-0.024222,0.21912,-0.27302,-0.1737,-0.46667,-0.41018
0.12101,0.2645,-0.065515,-0.35047,0.1306,-0.0092044,0.30967,-0.076025,-0.10857,-0.35613,0.027661,-0.30197,-0.31421,-0.51985,-0.32277,-0.20441,-0.40181,-0.38956,-0.4465,-0.57126,-0.14828,0.20367,0.10021,0.36509,0.10987,0.16848,-0.048685,0.25591,0.14459,0.094035,0.46476,0.20957,-0.11012,-0.37505,0.10586,-0.12022,-0.27769,-0.50922,-0.088039,-0.06539,0.28333,0.35302,0,0.76553,0.16477,0.09323,0.31412,0.38626,0.28847,0.27658,0.1279,-0.053221,-0.13235,-0.16413,-0.25273,0.27315,0.48647,0.47644,0.27692,0.0079498,-0.18739,-0.22379,-0.16168,0.18135,-0.0044528,0.34249,0.15585,-0.16837,-0.064875,0.64432,0.15539,0.83125,0.69593,0.84493,0.67337,-0.30484,-0.080265,-0.29449,-0.5055,-0.12912,-0.51023,0.12811,-0.29012,-0.18072,-0.27637,-0.3898,-0.64445,0.43785,0.21289,-0.093597,0.37941,0.17262,-0.002693,-0.10334,-0.12048,0.032495,-0.16657,0.16281,-0.16834,0.10428,0.035316,0.13577,-0.41354,-0.60236,-0.28071
0.17147,0.43434,-0.34641,-0.76762,-0.39562,0.25145,0.53495,0.38854,-0.41633,-0.16527,-0.19298,-0.039312,-0.21667,-0.30939,-0.15421,-0.1819,-0.11934,-0.32172,0.0086923,-0.23354,0.11125,0.47515,0.52151,0.79238,-0.0091604,0.54002,-0.077078,0.41418,0.37699,0.60061,0.44419,0.4707,-0.18073,-0.27163,0.074092,-0.014425,-0.36012,-0.38135,-0.3091,0.046124,0.42374,0.8725,0.76553,0,-0.12963,-0.083784,-0.011523,0.21051,0.37599,0.22211,0.093271,0.1057,-0.15881,-0.082467,-0.78693,0.51655,0.37147,0.19329,0.080607,-0.23154,-0.22915,-0.033654,0.24772,0.12041,0.10877,-0.00036602,-0.052026,-0.25743,0.32833,0.53152,0.52959,0.23993,0.048893,0.36832,0.12722,-0.53023,-0.4052,-0.24395,-0.59198,-0.5023,-0.5762,0.29072,-0.28345,-0.27785,-0.49432,-0.42483,-0.67548,0.25499,0.036579,-0.40146,-0.056168,-0.39777,-0.30019,-0.14058,0.048725,-0.20665,-0.38461,-0.21356,-0.28465,-0.010254,0.07354,-0.29829,-0.50431,-0.3739,-0.32693
