,,,,,,,,,,,,,,,,,,,,,,,,,,,,,,,,,,,,,,,,,,,,,,,,,,,,,,,,,,,,,,,,,,,,,,,,,,,,,,,,,,,,,,,,,,,,,,,,,,,,,,,,
0,0.8204,-0.40797,-0.2912,0.14123,0.15491,0.86381,0.54283,-0.066268,0.13526,-0.016271,0.29668,-0.34377,-0.30027,0.059739,0.63399,-0.21124,-0.3605,-0.11967,0.043738,0.074827,0.28677,0.42278,0.26441,0.183,0.48776,0.1841,0.22972,0.65585,0.62598,0.21054,0.38291,-0.33888,-0.2162,0.018253,-0.15931,0.068074,0.10981,0.49205,0.68071,0.6772,0.53666,0.32728,0.37263,-0.027698,0.39748,-0.45229,-0.41365,0.088292,-0.33291,-0.3489,0.23258,0.38256,0.10918,-0.10203,0.14923,-0.13996,-0.14,-0.14543,0.061551,0.22561,-0.13041,0.12424,-0.16697,0.032947,-0.32734,-0.44351,-0.062347,-0.078909,0.026792,0.16302,-0.035021,-0.081016,0.0176,0.13171,-0.34324,-0.30414,-0.42582,-0.41225,-0.47343,-0.36405,0.14419,-0.079069,-0.42552,-0.48408,-0.48797,-0.32858,-0.11338,-0.45902,-0.54512,0.39058,-0.4479,-0.21791,0.14855,0.23442,-0.49088,-0.4268,-0.18767,-0.10196,-0.009596,0.082527,-0.16308,0.041137,-0.20355,-0.030842
0.8204,0,-0.65656,-0.47552,-0.21292,0.50462,0.68437,0.96077,-0.15474,0.00037828,-0.095808,0.36531,-0.79495,-0.70442,-0.34123,0.42528,-0.47536,-0.89556,-0.31092,-0.24297,0.023352,0.14536,0.358,0.35039,0.12956,0.60513,0.062219,0.32953,0.45561,1.0219,0.25228,0.45943,-0.79678,-0.83507,-0.15636,-0.27145,-0.30202,-0.26077,0.058691,0.8122,0.60123,0.83494,0.43992,0.6775,-0.16311,0.11976,-0.31087,-0.21814,-0.062917,-0.43258,-0.29955,0.088627,-0.01677,0.15731,-0.55824,0.1392,-0.11245,0.12188,0.25154,-0.13547,0.29724,-0.33683,0.10952,-0.0034834,0.16002,-0.075848,-0.19584,-0.59773,-0.24743,0.1834,0.32052,0.24765,0.10763,0.25983,0.21877,-0.51786,-0.23602,-0.63858,-0.66668,-0.73532,-1.0167,-0.035036,-0.28453,-0.31064,-0.34902,-0.49467,-0.53717,0.15241,-0.31013,-0.52488,0.45565,-0.36225,-0.0021117,0.35754,0.50743,-0.39506,-0.36158,-0.24125,-0.04703,-0.018449,0.36383,-0.29777,-0.029403,-0.36157,-0.03491
-0.40797,-0.65656,0,1.3019,0.15238,-0.31023,-0.56725,-0.46693,0.40945,0.066579,0.22116,-0.24115,0.62339,0.54449,0.43479,-0.14855,0.32364,0.67227,0.049021,0.52275,-0.15167,-0.081354,-0.33348,-0.23504,0.18596,-0.25487,0.033472,-0.47523,-0.36051,-0.89724,-0.18325,-0.28568,0.60608,0.56335,0.081715,0.20795,0.14531,0.1007,0.025434,-0.37359,-0.50083,-0.51866,-0.13373,-0.39733,0.372,0.10843,0.4403,0.53493,-0.15011,0.19299,0.24011,-0.11041,-0.069032,-0.13227,0.38966,-0.46367,-0.17236,0.021092,0.00035556,0.5541,0.21341,0.020057,-0.33952,-0.12267,-0.40938,0.22667,0.39653,0.271,-0.17974,-0.18414,-0.48427,0.018834,0.15109,-0.10954,0.089064,0.7673,0.34591,0.75023,0.65529,0.38547,0.4991,0.10373,0.22442,0.96506,0.70794,0.65392,0.7276,0.20986,0.30069,0.43102,-0.069039,0.45681,0.20619,-0.29147,-0.20891,0.73066,0.91446,0.62428,0.69497,0.11868,-0.20141,0.37455,0.051361,0.53382,0.43811
-0.2912,-0.47552,1.3019,0,0.17862,-0.29402,-0.64829,-0.37675,0.54095,0.20124,0.20227,-0.0351,0.47299,0.52091,0.38123,0.016074,0.098412,0.59553,0.016224,0.56088,-0.27251,-0.32069,-0.59049,-0.51502,0.2119,-0.28551,0.05323,-0.62545,-0.43338,-0.8331,-0.25895,-0.29499,0.39744,0.46021,-0.025097,0.039225,0.18445,0.15234,0.10812,-0.15583,-0.6366,-0.72157,-0.38117,-0.75417,0.34384,0.15334,0.28398,0.39129,-0.40085,-0.067511,0.1127,-0.17882,0.037539,0.051509,0.60173,-0.68258,-0.35957,0.046535,0.072396,0.45279,0.39002,-0.029567,-0.35339,-0.20869,-0.26396,0.11522,0.28361,0.3227,-0.26411,-0.34874,-0.51343,-0.077966,0.082092,-0.30858,-0.015876,0.88687,0.58735,0.74753,0.88371,0.42363,0.56203,-0.16498,0.1241,0.92152,0.96236,0.83884,1.1268,0.2236,0.35065,0.31955,-0.083696,0.63752,0.47325,-0.068765,0.015217,0.65649,1.035,0.60463,0.95946,0.012401,-0.17906,0.32234,0.13945,0.73339,0.65814
0.14123,-0.21292,0.15238,0.17862,0,0.15605,-0.048673,-0.23713,0.10555,-0.074443,0.37814,-0.069488,0.30954,0.43629,0.12467,0.39194,0.051768,0.099742,-0.15005,-0.1655,-0.18191,-0.18396,-0.17635,-0.42536,0.036955,-0.39034,0.26449,0.042698,0.09125,-0.22398,-0.024473,-0.2764,0.40621,0.43132,0.19526,0.22165,0.468,0.35228,0.50537,0.066335,-0.00056612,-0.30753,-0.0071113,-0.4406,0.1648,0.027855,-0.19148,-0.32427,-0.1806,0.59163,0.48099,0.0042037,0.40527,0.0095782,0.54248,-0.16991,-0.12764,-0.07374,-0.041209,0.64131,0.0045148,0.0878,-0.040235,0.09623,-0.060457,-0.083823,-0.2165,0.52583,-0.034721,0.20664,-0.11244,0.13945,0.080688,-0.022737,0.020698,0.19291,-0.035479,-0.062969,0.2356,0.34611,0.51334,0.094203,0.17969,-0.25866,-0.062272,0.022305,0.1249,-0.22958,-0.35053,0.017575,-0.071149,0.087383,-0.10181,-0.095758,-0.30177,0.092071,0.018601,0.32926,-0.15066,0.15638,-0.17639,0.82726,0.37381,-0.27526,-0.26671
0.15491,0.50462,-0.31023,-0.29402,0.15605,0,0.10291,0.47172,0.11927,-0.0017787,0.0098282,0.26145,0.0069297,0.091888,-0.14276,0.35914,0.0086154,-0.2846,-0.026616,-0.26996,0.30161,0.36258,0.39949,0.40087,0.19834,0.41466,0.62997,0.70707,0.14272,0.44615,-0.1291,-0.096402,-0.13546,-0.18475,-0.052276,-0.011172,-0.047062,-0.061054,0.07075,0.57777,0.30215,0.5934,-0.086313,0.23021,-0.24065,-0.45041,-0.25133,-0.26406,0.040764,0.21591,0.32045,-0.11494,-0.080546,0.17666,-0.31438,0.043946,-0.32243,-0.072656,0.051483,0.48319,0.53217,-0.26821,0.10379,0.011763,-0.028168,-0.026004,-0.12681,-0.26162,0.0020484,0.028902,0.26046,0.2057,0.0054153,0.134,0.031846,-0.30271,-0.074186,-0.28607,-0.16878,-0.11615,-0.23755,0.061758,-0.14776,-0.15234,-0.071276,-0.011669,-0.14362,-0.084148,-0.63328,-0.35027,0.026565,-0.46712,-0.13212,-0.027099,0.25157,0.087875,-0.026169,0.14386,-0.0060057,0.07714,0.31727,0.30853,0.38019,-0.28112,-0.037244
0.86381,0.68437,-0.56725,-0.64829,-0.048673,0.10291,0,0.79457,-0.48452,0.12752,0.2776,0.39481,-0.36749,-0.30523,0.097039,0.33763,-0.24875,-0.61178,-0.13559,0.04552,0.013252,0.23791,0.4597,0.39481,-0.17855,0.34585,-0.12691,0.32944,0.88783,1.0468,0.66257,0.62206,-0.23445,-0.33885,0.32646,0.098819,0.075544,0.12008,0.0045832,0.34095,0.55764,0.61319,0.59709,0.82446,0.04044,0.43026,-0.29519,-0.3344,0.22579,-0.15375,-0.32482,0.44729,0.15828,-0.048266,-0.45586,0.38098,0.038073,-0.066528,-0.16161,-0.27118,-0.13171,0.049119,0.40467,0.14543,0.39434,-0.19838,-0.32129,-0.020804,0.086331,0.3551,0.57446,0.062987,-0.07254,0.24176,0.17878,-0.53377,-0.70469,-0.66047,-0.75917,-0.75506,-0.62973,0.32175,0.034611,-0.63112,-0.78941,-0.86092,-0.57548,-0.12214,-0.37066,-0.22885,0.2057,-0.59578,-0.38277,0.1257,0.15625,-0.60565,-0.6956,-0.49204,-0.5554,0.10343,0.4019,-0.29484,-0.061037,-0.42546,-0.3379
0.54283,0.96077,-0.46693,-0.37675,-0.23713,0.47172,0.79457,0,-0.3945,0.33094,0.21656,0.62911,-0.4206,-0.24676,0.11537,0.30564,-0.20121,-0.51899,-0.0615,0.064981,-0.058001,0.041985,0.29437,0.17293,-0.17634,0.27112,-0.23807,0.10394,0.62664,1.0797,0.52892,0.81468,-0.29093,-0.36483,0.27122,0.22502,0.087644,0.22667,-0.16081,0.60442,0.20642,0.48474,0.23086,0.7053,-0.030257,0.28784,-0.1326,0.010713,-0.10484,-0.43583,-0.45019,0.37257,0.07243,0.25658,-0.5934,0.096271,-0.18588,0.14628,0.20697,-0.17813,0.25544,-0.1144,0.21153,0.13669,0.33893,-0.024431,0.015426,-0.30768,-0.19069,0.26889,0.80919,0.015892,-0.090619,0.11508,0.10063,-0.31931,-0.46565,-0.56002,-0.66094,-0.96355,-0.64152,0.033958,-0.1053,-0.28647,-0.50673,-0.52002,-0.36132,0.18216,-0.18378,-0.14384,0.014903,-0.37198,0.025964,0.37774,0.57816,-0.55197,-0.40746,-0.4293,-0.12911,0.070936,0.43751,-0.36252,-0.034056,-0.0095184,0.074926
-0.066268,-0.15474,0.40945,0.54095,0.10555,0.11927,-0.48452,-0.3945,0,0.38294,0.066542,0.13928,0.10888,0.074694,-0.017959,0.03001,-0.091406,0.29556,-0.08798,0.22858,0.12344,0.23344,-0.27151,0.05901,0.89372,0.36576,0.54059,-0.077185,-0.53609,-0.62892,-0.41171,-0.34576,-0.053801,-0.0563,-0.27669,-0.20939,-0.12421,-0.24089,0.48966,0.20451,-0.11909,-0.075087,-0.18655,-0.37352,-0.052265,-0.002215,0.06727,0.061113,-0.11652,-0.22364,0.026289,-0.71109,-0.46692,-0.44172,0.035458,-0.58981,-0.50006,-0.26739,-0.31945,0.41286,0.76709,-0.18815,-0.32368,-0.6621,-0.77701,-0.11397,-0.023857,-0.074819,-0.23111,-0.46246,-0.99752,0.082749,0.31998,-0.11285,0.1335,0.22905,0.93273,0.3847,0.35671,0.29583,0.11278,-0.37018,-0.31507,0.69533,0.55048,0.54801,0.39162,-0.063678,-0.19348,0.001252,0.36728,0.088358,0.077078,-0.33752,-0.14182,0.61373,0.73262,0.53806,0.74376,-0.44015,-0.29336,0.20795,0.2449,0.0776,0.38479
0.13526,0.00037828,0.066579,0.20124,-0.074443,-0.0017787,0.12752,0.33094,0.38294,0,0.61465,1.1824,-0.10233,0.12246,0.35532,-0.034063,-0.0385,0.30386,0.091685,0.65105,-0.037203,0.10141,-0.33387,-0.13251,0.046216,0.092967,-0.038423,-0.26929,-0.17381,-0.055561,0.3736,0.38366,0.10736,-0.063537,0.47851,0.45075,0.34253,0.37756,0.0062384,0.23429,-0.46773,-0.20337,-0.19497,-0.046447,0.34251,0.55675,-0.12314,0.050228,-0.11236,-0.55424,-0.53322,-0.030423,-0.18237,-0.20846,-0.19947,-0.50863,-0.57011,-0.38895,-0.35347,-0.10702,0.40009,0.27324,0.20401,-0.27071,-0.031583,-0.31542,0.0099145,0.23044,-0.12514,-0.10864,0.13939,-0.15799,0.03099,-0.25364,-0.066596,0.084755,0.28951,-0.049181,-0.15137,-0.31742,-0.009875,-0.26357,-0.32447,0.13271,-0.16821,-0.054595,0.10064,-0.27575,-0.18388,0.19345,-0.1315,-0.13532,0.095911,-0.11326,0.046753,-0.15131,0.013708,-0.23505,0.14494,-0.2159,0.17526,-0.14021,0.14873,0.28011,0.1832
-0.016271,-0.095808,0.22116,0.20227,0.37814,0.0098282,0.2776,0.21656,0.066542,0.61465,0,0.58736,0.060872,0.20064,0.2352,0.071941,-0.20816,-0.041482,-0.24789,0.36577,-0.37767,-0.14224,-0.44038,-0.37741,-0.072085,-0.20814,-0.10807,-0.076683,0.025711,-0.039975,0.6286,0.20074,0.37663,0.0010425,0.69847,0.58894,0.57792,0.40358,0.015349,0.038503,-0.36304,-0.27952,0.12205,-0.067176,0.45638,0.40873,0.015437,-0.043358,-0.27451,0.032228,-0.069792,0.046034,-0.12365,-0.33995,-0.066706,-0.45878,-0.51295,-0.22885,-0.38972,0.02051,-0.010055,0.31858,0.24471,0.16004,0.19771,-0.082835,-0.052036,0.40654,-0.074735,0.33802,0.16203,0.25615,0.28842,0.14866,0.21416,0.19007,-0.0040054,-0.12521,-0.055909,-0.096851,0.051234,-0.21021,-0.17214,-0.027791,-0.044211,-0.12707,0.13626,-0.16019,-0.24963,0.53497,-0.091218,-0.016486,0.065175,-0.043405,-0.11397,-0.024399,0.026333,-0.051087,-0.17225,0.05874,0.17429,0.30355,0.13862,-0.18896,-0.14778
0.29668,0.36531,-0.24115,-0.0351,-0.069488,0.26145,0.39481,0.62911,0.13928,1.1824,0.58736,0,-0.36813,-0.070778,0.13146,0.0029588,-0.26343,-0.10602,-0.14753,0.35998,-0.12488,-0.043895,-0.25867,-0.082516,-0.12484,0.14329,0.040046,-0.042337,-0.092523,0.30012,0.5576,0.49962,-0.0010172,-0.33081,0.59117,0.42857,0.39667,0.39536,-0.14611,0.36955,-0.33864,-0.0042798,-0.095411,0.10121,0.43824,0.54401,-0.22617,-0.16802,-0.074958,-0.52727,-0.54205,0.075635,-0.14003,-0.040868,-0.33443,-0.34096,-0.50821,-0.22386,-0.14139,-0.14887,0.42337,0.027103,0.22639,-0.10396,0.24215,-0.23729,-0.090463,0.079283,-0.23734,-0.08936,0.42842,0.029222,0.09201,-0.0063029,0.050964,-0.21681,0.055694,-0.43267,-0.43117,-0.48882,-0.23496,-0.13386,-0.37008,-0.14051,-0.30011,-0.24386,-0.083688,-0.28708,-0.30195,0.10157,-0.0272,-0.27884,0.10707,-0.071155,0.16867,-0.31037,-0.20966,-0.30744,-0.067469,0.0064813,0.54046,-0.042246,0.27417,0.033919,0.13599
-0.34377,-0.79495,0.62339,0.47299,0.30954,0.0069297,-0.36749,-0.4206,0.10888,-0.10233,0.060872,-0.36813,0,1.4955,0.70191,0.22307,0.70393,0.73013,0.42157,0.29012,0.22206,0.20249,0.095626,-0.026668,-0.015816,-0.24485,0.30282,0.011725,0.10361,-0.39339,-0.44293,-0.51659,0.63304,1.0695,-0.065596,0.035586,0.17237,0.24922,0.12914,-0.18785,-0.16063,-0.2604,-0.41538,-0.41773,-0.12357,-0.35272,-0.0024416,-0.010685,-0.0055874,0.57183,0.57947,-0.023655,0.39075,0.22997,0.70274,-0.033589,-0.076536,-0.19322,-0.2744,0.59429,-0.013353,0.18055,-0.053459,-0.067503,-0.20521,-0.12564,-0.024899,0.55308,0.33274,-0.060384,-0.19653,-0.22382,-0.29604,-0.43942,-0.34363,0.71619,0.13997,0.84797,0.91567,0.54085,0.75468,0.25785,0.51735,0.21474,0.36777,0.56527,0.61721,-0.092279,-0.06265,0.13953,-0.54122,0.020891,-0.17668,-0.037764,0.023115,0.53389,0.39936,0.33876,0.20117,-0.056166,-0.24063,0.31549,0.18896,0.4532,0.096428
-0.30027,-0.70442,0.54449,0.52091,0.43629,0.091888,-0.30523,-0.24676,0.074694,0.12246,0.20064,-0.070778,1.4955,0,0.77344,0.27732,0.70208,0.85722,0.52103,0.41292,0.20473,0.064584,-0.0056684,-0.16772,-0.16713,-0.35668,0.28958,-0.058394,0.031714,-0.30758,-0.34199,-0.45181,0.67144,1.109,0.11253,0.22796,0.3134,0.43987,0.087807,-0.10736,-0.32345,-0.39313,-0.61078,-0.53748,0.058006,-0.23344,-0.13485,-0.086117,-0.075043,0.51136,0.55997,0.082602,0.43481,0.28306,0.6817,-0.1502,-0.21066,-0.27148,-0.17862,0.62288,0.066696,0.35505,0.13859,0.015702,-0.011277,-0.18367,-0.016726,0.77339,0.33693,-0.054754,0.0053195,-0.35136,-0.43648,-0.56707,-0.48958,0.66517,0.12242,0.57854,0.78986,0.39043,0.84005,0.30066,0.55373,0.13377,0.25617,0.46953,0.6183,-0.25206,-0.12914,0.11836,-0.71269,-0.017484,-0.15761,-0.071792,0.0080345,0.45282,0.37525,0.31,0.17135,0.1142,-0.010351,0.42319,0.41361,0.53305,0.075609
0.059739,-0.34123,0.43479,0.38123,0.12467,-0.14276,0.097039,0.11537,-0.017959,0.35532,0.2352,0.13146,0.70191,0.77344,0,0.28968,0.60507,0.53967,0.48001,0.73904,0.22494,0.12934,0.2006,-0.04112,-0.18781,-0.20818,-0.081458,-0.43955,0.35099,-0.11159,0.13218,0.24474,0.61487,0.90123,0.33282,0.41575,0.31962,0.61363,0.0083745,-0.08838,-0.14004,-0.18233,-0.15043,-0.008503,0.21455,0.4398,-0.041697,0.061334,0.12167,-0.0012479,-0.12989,0.41334,0.52308,0.34126,0.31319,0.12319,0.075303,-0.1744,-0.067389,0.40568,0.23005,0.10882,-0.030368,-0.010554,-0.080246,-0.18117,0.041555,0.42763,-0.014813,-0.064075,0.10776,-0.25298,-0.31257,-0.47024,-0.27634,0.40912,-0.19268,0.42693,0.24949,-0.16094,0.34365,0.38887,0.5827,0.23915,0.012132,0.2976,0.47411,-0.11078,0.040516,0.24577,-0.38806,-0.077912,-0.14181,0.14926,0.10566,-0.035049,0.046183,-0.20283,0.11491,-0.0089449,0.00046709,-0.075491,0.012218,0.74919,0.17493
0.63399,0.42528,-0.14855,0.016074,0.39194,0.35914,0.33763,0.30564,0.03001,-0.034063,0.071941,0.0029588,0.22307,0.27732,0.28968,0,0.10445,-0.067644,0.17512,0.098586,0.358,0.302,0.45909,0.11568,0.1698,0.19925,0.32008,0.20212,0.69533,0.405,-0.17564,-0.11474,-0.24764,0.15872,-0.31229,-0.31819,-0.16049,-0.013858,0.54075,0.67051,0.62184,0.32565,0.01396,8.4905e-06,-0.27813,-0.088984,-0.63491,-0.54328,-0.13081,0.049051,0.24439,0.1734,0.58204,0.35642,0.26193,0.10917,-0.22213,-0.2773,-0.085183,0.43366,0.24374,0.15642,0.3121,0.070212,0.097078,-0.35668,-0.39742,0.14703,0.14861,0.19679,-0.0034203,-0.040662,-0.26468,-0.31071,-0.21961,0.13303,-0.079871,0.027233,0.20778,-0.18984,-0.085508,0.089229,0.33268,-0.21725,-0.016456,-0.030775,0.099602,-0.16873,-0.48876,-0.5036,0.072174,-0.30939,-0.2247,0.55421,0.41321,0.019265,0.0047526,0.0026472,0.072669,-0.060955,0.084923,0.06202,0.28266,-0.026255,-0.17497
-0.21124,-0.47536,0.32364,0.098412,0.051768,0.0086154,-0.24875,-0.20121,-0.091406,-0.0385,-0.20816,-0.26343,0.70393,0.70208,0.60507,0.10445,0,0.87214,0.64015,0.36073,0.80451,0.3323,0.47602,0.17082,-0.34953,-0.29414,0.055352,-0.16219,0.022381,-0.20457,-0.30491,-0.28123,0.47683,0.82767,0.082906,0.35394,0.052602,0.33259,-0.077626,-0.30185,-0.038817,-0.10484,-0.39258,-0.098228,0.066454,-0.15091,-0.11682,-0.11916,0.39954,0.30251,0.20242,0.42158,0.27933,0.2022,0.20653,0.242,0.18657,-0.35646,-0.025533,0.44087,-0.029589,0.33585,0.15547,0.21428,-0.14876,0.0032705,0.20064,0.11047,0.13976,-0.19296,0.015139,-0.36719,-0.45932,-0.31237,-0.40787,0.19489,-0.24919,0.23325,0.16965,-0.076139,0.34156,0.71919,0.91141,0.097146,-0.071837,0.077746,0.085698,-0.46711,-0.093719,0.12058,-0.29702,-0.33318,-0.47689,-0.17418,-0.24312,0.13737,0.059312,-0.045859,-0.063012,0.28645,0.096841,0.10823,0.39694,0.48261,-0.033903
-0.3605,-0.89556,0.67227,0.59553,0.099742,-0.2846,-0.61178,-0.51899,0.29556,0.30386,-0.041482,-0.10602,0.73013,0.85722,0.53967,-0.067644,0.87214,0,0.61924,0.54042,0.34095,0.15749,-0.095172,-0.15576,-0.023272,-0.32401,0.13499,-0.37846,-0.38325,-0.6555,-0.39678,-0.37374,0.53703,0.87598,0.042799,0.25408,0.147,0.26661,0.089987,-0.32587,-0.47012,-0.57035,-0.62946,-0.58735,0.20524,-0.066129,0.0056159,0.12637,0.087211,0.15098,0.20537,0.015596,0.17516,0.042831,0.48947,-0.24432,-0.090355,-0.37482,-0.18297,0.36997,0.086552,0.51446,0.075363,-0.06182,-0.18567,-0.10162,0.21254,0.51379,0.21806,-0.26897,-0.21985,-0.42178,-0.29649,-0.5469,-0.4452,0.56178,0.34463,0.61553,0.60567,0.31466,0.81561,0.17479,0.35937,0.37305,0.23599,0.43384,0.47608,-0.3343,0.098801,0.18036,-0.43287,0.097289,-0.074306,-0.25683,-0.23157,0.45609,0.49035,0.26237,0.35894,0.092154,-0.14238,0.21834,0.27742,0.7537,0.20387
-0.11967,-0.31092,0.049021,0.016224,-0.15005,-0.026616,-0.13559,-0.0615,-0.08798,0.091685,-0.24789,-0.14753,0.42157,0.52103,0.48001,0.17512,0.64015,0.61924,0,0.39128,0.70453,0.27318,0.43298,0.17026,-0.079781,0.087874,0.17797,0.034317,0.12236,0.02369,-0.47149,-0.20081,-0.0061607,0.5287,-0.22674,-0.060029,-0.21236,0.040265,0.12929,0.024289,0.12941,0.065061,-0.58902,-0.096368,-0.29451,-0.21541,-0.45742,-0.1396,0.07913,0.064871,0.20877,0.037455,0.25618,0.2049,0.16246,0.24412,0.090257,-0.55923,-0.20344,0.09613,-0.14069,0.5937,0.49503,-0.12579,-0.054668,-0.55064,-0.28814,0.32833,0.78358,-0.025437,0.058351,-0.96389,-1.162,-1.01,-1.2329,0.3008,0.013317,0.45542,0.3361,0.0011785,0.3247,0.21817,0.36754,0.12018,0.037467,0.31526,0.20094,-0.3605,-0.11787,-0.30758,-0.69506,-0.28819,-0.46009,0.096196,0.044316,-0.012907,0.019647,-0.16475,0.033467,-0.057934,-0.099939,-0.28961,-0.048133,0.49659,-0.20887
0.043738,-0.24297,0.52275,0.56088,-0.1655,-0.26996,0.04552,0.064981,0.22858,0.65105,0.36577,0.35998,0.29012,0.41292,0.73904,0.098586,0.36073,0.54042,0.39128,0,0.23026,0.088881,-0.054376,-0.044722,-0.15009,0.027698,-0.057037,-0.40251,-0.053557,-0.23922,0.056425,-0.017369,0.25017,0.29034,0.29655,0.28025,0.14754,0.28975,-0.049159,-0.043788,-0.27383,-0.20385,-0.37109,-0.14369,0.37073,0.42241,-0.13003,-0.028868,-0.02107,-0.29987,-0.25866,0.24699,-0.064275,-0.18173,0.02394,-0.32505,-0.46154,-0.58941,-0.28669,0.085468,0.2195,0.38368,0.3056,-0.12048,-0.044848,-0.24437,0.0025862,0.25285,0.035163,-0.35263,-0.10247,-0.45345,-0.37115,-0.4675,-0.2347,0.31565,0.030951,0.27039,0.18479,-0.26145,0.058016,0.14885,0.28327,0.53846,0.27823,0.23852,0.52753,-0.35609,-0.055797,0.25969,-0.111,-0.15074,-0.11492,-0.1809,-0.15897,0.078233,0.27963,-0.070642,0.25352,0.068124,0.27602,-0.14844,0.22178,0.69096,0.25543
0.074827,0.023352,-0.15167,-0.27251,-0.18191,0.30161,0.013252,-0.058001,0.12344,-0.037203,-0.37767,-0.12488,0.22206,0.20473,0.22494,0.358,0.80451,0.34095,0.70453,0.23026,0,0.81745,0.97359,0.71105,0.014412,0.33061,0.40632,0.26251,0.092281,0.13054,-0.41804,-0.31003,-0.13523,0.18831,-0.27377,-0.11592,-0.44491,-0.18345,0.10481,0.075471,0.5216,0.47714,-0.24251,0.16946,-0.24402,-0.29179,-0.5036,-0.49213,0.57269,0.097302,0.17723,0.17102,0.024143,0.028765,-0.16145,0.44996,0.11671,-0.69747,-0.20726,0.28258,0.13435,0.29334,0.45247,0.059157,-0.14113,-0.26866,-0.1779,-0.14721,0.35347,-0.22156,-0.093102,-0.2925,-0.48105,-0.2932,-0.44684,-0.20541,-0.14581,0.0433,-0.032348,-0.26332,-0.13503,0.47649,0.47884,0.02477,-0.079377,0.024372,-0.10953,-0.69747,-0.44336,-0.35148,0.041222,-0.75964,-0.74576,-0.089136,-0.14489,0.078053,-0.046392,-0.18525,-0.11174,0.06072,0.24011,-0.1177,0.34602,0.076,-0.27905
0.28677,0.14536,-0.081354,-0.32069,-0.18396,0.36258,0.23791,0.041985,0.23344,0.10141,-0.14224,-0.043895,0.20249,0.064584,0.12934,0.302,0.3323,0.15749,0.27318,0.088881,0.81745,0,0.83974,1.2206,0.43807,0.73755,0.54562,0.59014,0.23823,0.19481,-0.11348,-0.074815,-0.11396,-0.0065417,-0.17159,-0.19223,-0.36853,-0.34146,0.15472,0.17938,0.59639,0.73196,0.20184,0.46648,-0.23376,-0.23187,-0.27065,-0.17062,0.62404,0.16514,0.15348,-0.032001,-0.050784,-0.13223,-0.27014,0.34153,-0.017857,-0.46551,-0.51416,0.26806,0.20939,0.12639,0.29555,-0.14187,-0.25497,-0.2392,-0.15756,-0.042658,0.3727,-0.0038228,-0.044505,0.065031,-0.040581,-0.013425,-0.016686,-0.26662,-0.0033969,0.092551,-0.098526,-0.11112,-0.23391,0.2633,-0.011444,-0.027001,-0.18345,-0.077644,-0.20903,-0.28402,-0.48306,-0.48084,0.1712,-0.59318,-0.47237,-0.18705,-0.0077266,0.13923,-0.047423,-0.071255,-0.0081911,-0.15092,0.080674,-0.08217,0.005765,-0.18353,-0.25176
0.42278,0.358,-0.33348,-0.59049,-0.17635,0.39949,0.4597,0.29437,-0.27151,-0.33387,-0.44038,-0.25867,0.095626,-0.0056684,0.2006,0.45909,0.47602,-0.095172,0.43298,-0.054376,0.97359,0.83974,0,1.0182,0.037059,0.46942,0.25266,0.47233,0.65161,0.59243,-0.13529,0.056011,-0.18186,0.10571,-0.20074,-0.14704,-0.36415,-0.15076,0.097438,0.18149,1.0783,0.96513,0.19656,0.67424,-0.34931,-0.20142,-0.3177,-0.31265,0.64496,0.17306,0.11738,0.36967,0.24066,0.20793,-0.2885,0.90834,0.35064,-0.20604,-0.04696,0.24407,0.046634,0.00059771,0.28441,0.15874,-0.010274,-0.10131,-0.17547,-0.25161,0.30105,0.046652,0.21107,-0.11028,-0.37244,0.0016764,-0.14643,-0.42381,-0.60351,-0.14983,-0.2855,-0.40441,-0.33486,0.65459,0.44474,-0.2301,-0.35128,-0.23886,-0.34899,-0.20804,-0.36045,-0.51327,0.13405,-0.7608,-0.68176,0.076024,0.088001,-0.16654,-0.31749,-0.24927,-0.25515,0.15018,0.18159,-0.20529,0.021621,-0.11928,-0.28594
0.26441,0.35039,-0.23504,-0.51502,-0.42536,0.40087,0.39481,0.17293,0.05901,-0.13251,-0.37741,-0.082516,-0.026668,-0.16772,-0.04112,0.11568,0.17082,-0.15576,0.17026,-0.044722,0.71105,1.2206,1.0182,0,0.28875,0.95256,0.4183,0.68041,0.28832,0.40845,-0.10184,0.007773,-0.31783,-0.25554,-0.23081,-0.29193,-0.57595,-0.50978,-0.054404,0.16248,0.74641,1.1642,0.33543,0.80721,-0.30625,-0.23473,-0.1651,-0.10863,0.69043,0.10188,0.09821,-0.0020913,-0.22737,-0.14739,-0.56146,0.52867,0.15074,-0.19603,-0.20587,0.10115,0.16755,-0.13263,0.20153,-0.16039,-0.20466,-0.097418,-0.11303,-0.33353,0.27073,-0.05473,0.035902,0.040703,-0.089146,0.14315,0.056309,-0.51871,-0.18704,-0.090294,-0.33149,-0.28108,-0.5593,0.46812,0.039841,-0.028089,-0.2276,-0.18003,-0.40367,-0.11261,-0.35253,-0.56206,0.29172,-0.66036,-0.54928,-0.26309,0.015029,0.075152,-0.12915,-0.080599,-0.061544,-0.073745,0.24499,-0.25169,-0.038783,-0.27027,-0.19499
0.183,0.12956,0.18596,0.2119,0.036955,0.19834,-0.17855,-0.17634,0.89372,0.046216,-0.072085,-0.12484,-0.015816,-0.16713,-0.18781,0.1698,-0.34953,-0.023272,-0.079781,-0.15009,0.014412,0.43807,0.037059,0.28875,0,0.6879,0.55637,0.24287,-0.097325,-0.18111,-0.33862,-0.11322,-0.27039,-0.16397,-0.50607,-0.49821,-0.2796,-0.49563,0.67949,0.35267,0.30694,0.27763,0.1797,-0.018101,-0.34134,-0.12949,0.11802,0.22002,-0.08709,-0.13124,0.11376,-0.77643,-0.26331,-0.27607,-0.045999,-0.20898,-0.22943,0.005752,-0.31974,0.33452,0.53346,-0.2757,-0.3307,-0.57684,-0.61154,-0.084732,-0.12097,-0.11326,-0.010144,-0.079369,-0.66058,0.21846,0.37495,0.046959,0.23647,0.11405,0.65308,0.37428,0.27425,0.33482,0.0081522,-0.45112,-0.50506,0.40735,0.36292,0.38053,0.16981,0.32254,-0.13739,-0.33539,0.39978,0.12926,0.11251,-0.062852,0.15668,0.47306,0.52704,0.52075,0.67638,-0.48238,-0.56106,0.078397,-0.20758,-0.17706,0.22783
0.48776,0.60513,-0.25487,-0.28551,-0.39034,0.41466,0.34585,0.27112,0.36576,0.092967,-0.20814,0.14329,-0.24485,-0.35668,-0.20818,0.19925,-0.29414,-0.32401,0.087874,0.027698,0.33061,0.73755,0.46942,0.95256,0.6879,0,0.61282,0.68771,0.23619,0.41237,-0.21926,0.027775,-0.73342,-0.59829,-0.46335,-0.60403,-0.60063,-0.66495,0.3275,0.71148,0.70337,1.1881,0.2217,0.55065,-0.49376,-0.16171,-0.33065,-0.15516,0.059566,-0.26208,-0.028005,-0.47543,-0.35616,-0.28636,-0.54346,0.017927,-0.29375,-0.3089,-0.33676,0.0020472,0.34627,-0.20702,0.12576,-0.65161,-0.38296,-0.44398,-0.48625,-0.37637,0.22902,-0.025251,-0.18819,-0.035222,-0.06004,-0.055247,-0.008871,-0.24674,0.20338,0.011844,-0.19926,-0.22363,-0.63722,-0.068385,-0.46561,0.12016,-0.0062449,0.0049119,-0.24354,0.012744,-0.53692,-0.69917,0.3063,-0.53734,-0.34028,-0.0948,0.24431,0.067787,0.020193,0.083239,0.24482,-0.44105,-0.005128,-0.37388,-0.15228,-0.26084,-0.010657
0.1841,0.062219,0.033472,0.05323,0.26449,0.62997,-0.12691,-0.23807,0.54059,-0.038423,-0.10807,0.040046,0.30282,0.28958,-0.081458,0.32008,0.055352,0.13499,0.17797,-0.057037,0.40632,0.54562,0.25266,0.4183,0.55637,0.61282,0,0.78346,-0.10459,-0.0053503,-0.59065,-0.57164,-0.084614,0.020571,-0.35477,-0.39974,-0.16615,-0.27815,0.50455,0.442,0.31534,0.40316,-0.24495,-0.17185,-0.21782,-0.4752,-0.51582,-0.48824,0.054723,0.31655,0.58351,-0.55873,0.020315,-0.022888,0.16753,-0.11305,-0.35991,-0.49998,-0.40129,0.65488,0.37499,-0.088986,0.090984,-0.45157,-0.34855,-0.48447,-0.59635,0.15503,0.35232,-0.16138,-0.30188,0.006257,-0.098792,-0.21244,-0.2344,0.05485,0.41425,0.23495,0.3235,0.37222,0.15483,0.085446,-0.19868,0.033752,0.23983,0.38327,0.13039,-0.35981,-0.79382,-0.55695,-0.019193,-0.40455,-0.3425,-0.28286,0.036055,0.46245,0.24939,0.49247,0.23133,-0.12143,-0.023659,0.41768,0.33556,-0.19711,-0.069213
0.22972,0.32953,-0.47523,-0.62545,0.042698,0.70707,0.32944,0.10394,-0.077185,-0.26929,-0.076683,-0.042337,0.011725,-0.058394,-0.43955,0.20212,-0.16219,-0.37846,0.034317,-0.40251,0.26251,0.59014,0.47233,0.68041,0.24287,0.68771,0.78346,0,0.25764,0.51957,-0.20963,-0.30908,-0.33683,-0.34519,-0.2462,-0.4101,-0.24582,-0.40937,0.17273,0.39968,0.62128,0.8316,0.087857,0.29815,-0.45725,-0.68614,-0.45386,-0.48284,0.15218,0.43189,0.5149,-0.30691,-0.093698,-0.11993,-0.22853,0.21603,-0.18669,-0.28872,-0.43473,0.055759,-0.14143,0.021301,0.40138,-0.13126,0.033579,-0.33933,-0.59833,-0.015287,0.63528,0.21725,0.15236,0.059262,-0.13332,0.10905,-0.081482,-0.34692,-0.051,-0.1866,-0.11471,0.13887,-0.24151,0.083011,-0.29165,-0.46689,-0.18274,-0.18965,-0.38051,-0.21551,-0.76835,-0.65557,-0.021517,-0.60927,-0.45702,-0.17137,0.080204,0.051647,-0.2275,0.11494,-0.30666,-0.061639,0.12032,0.12798,0.074252,-0.73391,-0.47579
0.65585,0.45561,-0.36051,-0.43338,0.09125,0.14272,0.88783,0.62664,-0.53609,-0.17381,0.025711,-0.092523,0.10361,0.031714,0.35099,0.69533,0.022381,-0.38325,0.12236,-0.053557,0.092281,0.23823,0.65161,0.28832,-0.097325,0.23619,-0.10459,0.25764,0,0.85556,0.18132,0.38223,-0.22193,0.039521,-0.08349,-0.13628,-0.088131,0.078326,0.23019,0.48058,0.75613,0.59479,0.42251,0.62125,-0.43367,0.075917,-0.31764,-0.23527,-0.047193,0.030548,-0.02787,0.32515,0.53338,0.281,-0.082047,0.43214,0.13097,0.036635,-0.020698,-0.014283,-0.16148,-0.0031635,0.17819,0.048432,0.12836,-0.28365,-0.36651,-0.023512,0.18561,0.54998,0.36183,-0.076184,-0.29712,-0.099875,-0.098172,-0.034109,-0.5846,-0.12243,-0.21931,-0.45773,-0.33455,0.27102,0.271,-0.46436,-0.49116,-0.3929,-0.30943,0.13266,-0.29459,-0.32133,-0.088799,-0.4201,-0.39228,0.55622,0.45521,-0.40447,-0.46906,-0.32296,-0.27855,-0.16715,-0.04239,-0.39104,-0.21399,-0.11943,-0.25904
0.62598,1.0219,-0.89724,-0.8331,-0.22398,0.44615,1.0468,1.0797,-0.62892,-0.055561,-0.039975,0.30012,-0.39339,-0.30758,-0.11159,0.405,-0.20457,-0.6555,0.02369,-0.23922,0.13054,0.19481,0.59243,0.40845,-0.18111,0.41237,-0.0053503,0.51957,0.85556,0,0.27672,0.48514,-0.52874,-0.44962,-0.025603,-0.11499,-0.1606,-0.04454,-0.033827,0.63133,0.61424,0.83518,0.3135,0.78115,-0.29473,-0.022938,-0.4168,-0.34457,0.027736,-0.17134,-0.14002,0.26311,0.20978,0.28154,-0.48123,0.39787,0.041427,0.038666,0.091181,-0.27229,-0.078255,-0.0091123,0.40696,0.17507,0.4788,-0.21478,-0.32459,-0.2512,0.17667,0.45564,0.78144,0.010653,-0.21934,0.11873,-0.073958,-0.44791,-0.52893,-0.59292,-0.62524,-0.72434,-0.6683,0.19044,-0.04132,-0.72101,-0.68587,-0.68095,-0.67086,0.0038757,-0.38516,-0.45214,-0.015649,-0.64444,-0.29596,0.43352,0.58424,-0.49252,-0.60941,-0.41082,-0.39165,0.06346,0.39803,-0.36717,-0.041086,-0.31924,-0.25651
0.21054,0.25228,-0.18325,-0.25895,-0.024473,-0.1291,0.66257,0.52892,-0.41171,0.3736,0.6286,0.5576,-0.44293,-0.34199,0.13218,-0.17564,-0.30491,-0.39678,-0.47149,0.056425,-0.41804,-0.11348,-0.13529,-0.10184,-0.33862,-0.21926,-0.59065,-0.20963,0.18132,0.27672,0,1.0128,0.27405,-0.20583,1.0377,0.67858,0.46477,0.38295,-0.50253,-0.21673,-0.18472,-0.065987,0.61957,0.4921,0.6886,0.83973,0.2355,0.17965,0.23975,-0.14424,-0.58724,0.57166,0.021549,-0.021963,-0.35201,0.17513,0.17481,0.25323,0.088922,-0.32396,-0.079283,-0.050833,0.06419,0.44612,0.47575,0.26898,0.26378,0.068197,-0.35368,0.26701,0.67063,0.47707,0.44391,0.53134,0.5409,-0.446,-0.52894,-0.59143,-0.73255,-0.48285,-0.30703,0.041348,-0.15101,-0.29933,-0.52975,-0.55726,-0.2645,0.080552,0.18174,0.38339,0.14589,0.076382,0.26579,0.049913,-0.065707,-0.62007,-0.56207,-0.63909,-0.49987,0.25691,0.41042,-0.059221,-0.25467,-0.22962,-0.16013
0.38291,0.45943,-0.28568,-0.29499,-0.2764,-0.096402,0.62206,0.81468,-0.34576,0.38366,0.20074,0.49962,-0.51659,-0.45181,0.24474,-0.11474,-0.28123,-0.37374,-0.20081,-0.017369,-0.31003,-0.074815,0.056011,0.007773,-0.11322,0.027775,-0.57164,-0.30908,0.38223,0.48514,1.0128,0,0.0014128,-0.21144,0.48506,0.41409,0.24455,0.32642,-0.2428,0.096114,-0.015901,0.14483,0.5755,0.71393,0.24172,0.88295,0.22511,0.34798,0.10162,-0.54697,-0.91915,0.36085,0.12709,0.20108,-0.43001,0.24041,0.30137,0.40973,0.24355,-0.32993,0.13212,-0.26981,-0.18746,0.092043,0.19422,0.11759,0.20045,-0.18122,-0.42287,0.26378,0.59547,0.23615,0.27315,0.26792,0.31147,-0.29993,-0.39389,-0.37253,-0.74206,-0.69914,-0.37193,-0.017652,-0.21103,-0.19147,-0.6196,-0.42806,-0.34615,0.35637,0.24254,0.16496,0.071554,0.013764,0.22361,0.32903,0.34716,-0.71968,-0.52987,-0.65337,-0.16725,-0.043637,0.086046,-0.45945,-0.49845,0.041432,0.11561
-0.33888,-0.79678,0.60608,0.39744,0.40621,-0.13546,-0.23445,-0.29093,-0.053801,0.10736,0.37663,-0.0010172,0.63304,0.67144,0.61487,-0.24764,0.47683,0.53703,-0.0061607,0.25017,-0.13523,-0.11396,-0.18186,-0.31783,-0.27039,-0.73342,-0.084614,-0.33683,-0.22193,-0.52874,0.27405,0.0014128,0,0.96102,0.83096,0.88772,0.93614,0.83498,-0.2371,-0.72913,-0.59505,-0.66475,-0.16588,-0.32889,0.71869,0.24447,0.43051,0.22142,0.30663,0.46382,0.082291,0.38667,0.27877,0.14338,0.42561,0.023185,0.14315,0.097797,-0.049564,0.45958,0.034664,0.019648,-0.2271,0.34982,0.081565,0.37053,0.40931,0.56161,-0.15027,-0.18947,0.13969,0.14106,0.16005,0.13028,0.1814,0.17439,-0.21483,0.17684,0.23171,0.34597,0.80444,0.31045,0.3562,0.11907,0.087648,0.23478,0.46727,-0.099704,0.23605,0.70854,-0.26147,0.25596,0.16556,-0.34865,-0.38111,0.12838,0.11361,0.089909,-0.10734,0.4724,0.024568,0.65583,0.15553,0.30504,0.16736
-0.2162,-0.83507,0.56335,0.46021,0.43132,-0.18475,-0.33885,-0.36483,-0.0563,-0.063537,0.0010425,-0.33081,1.0695,1.109,0.90123,0.15872,0.82767,0.87598,0.5287,0.29034,0.18831,-0.0065417,0.10571,-0.25554,-0.16397,-0.59829,0.020571,-0.34519,0.039521,-0.44962,-0.20583,-0.21144,0.96102,0,0.19947,0.35287,0.44634,0.62019,0.10614,-0.42634,-0.23285,-0.5291,-0.41015,-0.47514,0.18576,0.015197,0.10291,0.08667,0.17797,0.44398,0.2845,0.33672,0.67875,0.40727,0.81495,0.16543,0.22653,-0.050542,-0.038928,0.60196,-0.010468,0.22357,-0.094735,0.18549,-0.031653,0.055454,0.16427,0.68675,0.16543,-0.15397,-0.022552,-0.29732,-0.32796,-0.39052,-0.30619,0.47679,-0.11768,0.53353,0.62904,0.39917,1.1209,0.35967,0.73351,0.13887,0.16841,0.42813,0.60635,-0.12009,0.19289,0.22716,-0.48205,0.18524,-0.046044,-0.021311,-0.141,0.18667,0.20599,0.13098,0.073491,0.25971,-0.23523,0.37083,0.12814,0.60839,0.10792
0.018253,-0.15636,0.081715,-0.025097,0.19526,-0.052276,0.32646,0.27122,-0.27669,0.47851,0.69847,0.59117,-0.065596,0.11253,0.33282,-0.31229,0.082906,0.042799,-0.22674,0.29655,-0.27377,-0.17159,-0.20074,-0.23081,-0.50607,-0.46335,-0.35477,-0.2462,-0.08349,-0.025603,1.0377,0.48506,0.83096,0.19947,0,1.4248,1.0547,0.91663,-0.45594,-0.41661,-0.5004,-0.35804,0.083262,0.088839,1.04,0.67629,0.26527,0.10165,0.32167,0.067117,-0.37475,0.64719,0.033425,-0.064199,-0.13841,0.013468,-0.0090841,0.052025,-0.040253,-0.021489,-0.0048133,0.080643,0.089445,0.44052,0.39413,0.30029,0.33044,0.3154,-0.27071,-0.061332,0.60467,0.16266,0.19676,0.35821,0.36152,-0.30632,-0.53113,-0.48042,-0.44366,-0.22758,0.1262,0.24778,0.071665,-0.18692,-0.38352,-0.34506,-0.011469,-0.21143,0.077918,0.61335,-0.059145,-0.007583,0.13363,-0.37258,-0.3819,-0.3932,-0.33525,-0.32759,-0.46902,0.56187,0.4546,0.30473,0.14812,0.0051061,-0.0032921
-0.15931,-0.27145,0.20795,0.039225,0.22165,-0.011172,0.098819,0.22502,-0.20939,0.45075,0.58894,0.42857,0.035586,0.22796,0.41575,-0.31819,0.35394,0.25408,-0.060029,0.28025,-0.11592,-0.19223,-0.14704,-0.29193,-0.49821,-0.60403,-0.39974,-0.4101,-0.13628,-0.11499,0.67858,0.41409,0.88772,0.35287,1.4248,0,0.88417,0.96438,-0.34317,-0.40364,-0.55185,-0.41948,-0.0054084,0.049679,0.8066,0.54054,0.32997,0.19305,0.2266,0.077152,-0.27881,0.57574,-0.0065771,-0.06461,-0.17024,-0.053161,0.036007,0.042044,0.088199,0.12532,0.05163,0.15517,0.015544,0.47475,0.21621,0.36401,0.49008,0.17868,-0.34041,0.017442,0.48071,0.10694,0.1614,0.28936,0.23343,-0.12482,-0.46843,-0.36611,-0.38151,-0.28978,0.20372,0.29549,0.2168,-0.051707,-0.3728,-0.27484,-0.046751,-0.20598,0.075116,0.79247,-0.13829,-0.042772,0.027145,-0.31695,-0.38764,-0.24021,-0.16894,-0.21232,-0.32277,0.55234,0.30868,0.3267,0.24713,0.13565,0.053395
0.068074,-0.30202,0.14531,0.18445,0.468,-0.047062,0.075544,0.087644,-0.12421,0.34253,0.57792,0.39667,0.17237,0.3134,0.31962,-0.16049,0.052602,0.147,-0.21236,0.14754,-0.44491,-0.36853,-0.36415,-0.57595,-0.2796,-0.60063,-0.16615,-0.24582,-0.088131,-0.1606,0.46477,0.24455,0.93614,0.44634,1.0547,0.88417,0,1.4932,-0.027259,-0.24117,-0.55954,-0.60364,-0.21107,-0.33752,0.62146,0.45363,0.27091,0.032502,0.030454,0.040067,-0.27335,0.34931,0.2838,0.11163,0.28706,-0.16643,-0.15312,0.13006,-0.16958,0.13002,0.045223,-0.02492,-0.16863,0.21383,0.2446,0.21166,0.1649,0.46517,-0.26261,-0.1857,0.32659,0.017215,0.14544,0.1832,0.26614,0.012183,-0.26113,-0.21473,-0.042585,0.14747,0.57094,0.0046906,0.035998,-0.23033,-0.18137,-0.12569,0.22374,-0.094954,0.054502,0.58464,-0.16102,0.12551,0.2438,-0.22579,-0.16476,-0.26214,-0.1545,-0.033741,-0.25026,0.37567,0.0072275,0.49844,0.23211,0.12144,0.25125
0.10981,-0.26077,0.1007,0.15234,0.35228,-0.061054,0.12008,0.22667,-0.24089,0.37756,0.40358,0.39536,0.24922,0.43987,0.61363,-0.013858,0.33259,0.26661,0.040265,0.28975,-0.18345,-0.34146,-0.15076,-0.50978,-0.49563,-0.66495,-0.27815,-0.40937,0.078326,-0.04454,0.38295,0.32642,0.83498,0.62019,0.91663,0.96438,1.4932,0,-0.058292,-0.17397,-0.47367,-0.53061,-0.3123,-0.24954,0.50752,0.51862,0.12889,-0.029992,0.060149,-0.074337,-0.36705,0.57872,0.46175,0.30784,0.28598,-0.030642,-0.042674,0.061389,-0.044251,0.14348,0.064067,0.047103,-0.096442,0.24005,0.23645,0.11651,0.17521,0.38247,-0.26713,-0.19262,0.41753,-0.19882,-0.11281,-0.033878,0.025189,0.075443,-0.40017,-0.18324,-0.075615,-0.097134,0.50283,0.19761,0.32402,-0.23408,-0.29443,-0.1604,0.18066,-0.17675,0.05476,0.5238,-0.28186,-0.02685,0.07909,-0.054993,-0.047706,-0.384,-0.24089,-0.21511,-0.25758,0.36006,0.07224,0.25612,0.29765,0.36729,0.25701
0.49205,0.058691,0.025434,0.10812,0.50537,0.07075,0.0045832,-0.16081,0.48966,0.0062384,0.015349,-0.14611,0.12914,0.087807,0.0083745,0.54075,-0.077626,0.089987,0.12929,-0.049159,0.10481,0.15472,0.097438,-0.054404,0.67949,0.3275,0.50455,0.17273,0.23019,-0.033827,-0.50253,-0.2428,-0.2371,0.10614,-0.45594,-0.34317,-0.027259,-0.058292,0,0.63442,0.46141,0.16043,-0.03665,-0.23405,-0.45601,-0.064909,-0.32516,-0.34074,-0.34788,-0.072254,0.18169,-0.47762,0.16225,-0.20852,0.23536,-0.27977,-0.32496,-0.32359,-0.40684,0.36618,0.18387,0.072904,-0.079463,-0.49542,-0.47324,-0.4742,-0.59412,0.097796,0.14047,0.1048,-0.57225,-0.16198,-0.064998,-0.24961,-0.13159,0.30935,0.31616,0.19566,0.27684,0.17089,0.19037,-0.21635,-0.11451,-0.02264,0.040483,0.10168,0.024111,-0.10874,-0.55874,-0.29426,0.15564,-0.22225,-0.34761,0.088588,0.06879,0.17638,0.2195,0.44292,0.27303,-0.36876,-0.67516,0.13214,0.14141,-0.15594,0.017048
0.68071,0.8122,-0.37359,-0.15583,0.066335,0.57777,0.34095,0.60442,0.20451,0.23429,0.038503,0.36955,-0.18785,-0.10736,-0.08838,0.67051,-0.30185,-0.32587,0.024289,-0.043788,0.075471,0.17938,0.18149,0.16248,0.35267,0.71148,0.442,0.39968,0.48058,0.63133,-0.21673,0.096114,-0.72913,-0.42634,-0.41661,-0.40364,-0.24117,-0.17397,0.63442,0,0.46377,0.62361,0.013037,0.20956,-0.55328,-0.11125,-0.61174,-0.38059,-0.54741,-0.36471,-0.011044,-0.379,0.062342,0.064954,-0.19845,-0.31037,-0.59684,-0.23856,-0.10004,0.098671,0.3864,-0.098662,0.12515,-0.49993,-0.18372,-0.61964,-0.62236,-0.23867,0.039408,0.25967,0.0065022,-0.099286,-0.15741,-0.26645,-0.20321,0.09098,0.21469,-0.10986,-0.10169,-0.34851,-0.41258,-0.23653,-0.35539,-0.17191,-0.15228,-0.11388,-0.22994,0.0069232,-0.75871,-0.56001,0.027639,-0.49618,-0.21954,0.3822,0.658,-0.07493,-0.041148,0.10093,0.24511,-0.45106,-0.050608,-0.22215,0.13951,-0.1267,0.054783
0.6772,0.60123,-0.50083,-0.6366,-0.00056612,0.30215,0.55764,0.20642,-0.11909,-0.46773,-0.36304,-0.33864,-0.16063,-0.32345,-0.14004,0.62184,-0.038817,-0.47012,0.12941,-0.27383,0.5216,0.59639,1.0783,0.74641,0.30694,0.70337,0.31534,0.62128,0.75613,0.61424,-0.18472,-0.015901,-0.59505,-0.23285,-0.5004,-0.55185,-0.55954,-0.47367,0.46141,0.46377,0,1.1754,0.4377,0.59612,-0.60497,-0.20994,-0.44367,-0.46564,0.25017,0.092939,0.15755,0.029774,0.14003,-0.025663,-0.26672,0.5908,0.20079,-0.18793,-0.12029,0.096027,-0.045324,-0.077118,0.22266,-0.046857,-0.1097,-0.26505,-0.51952,-0.32135,0.28795,0.2297,-0.070001,0.024819,-0.18691,0.057893,-0.028253,-0.39059,-0.35691,-0.19963,-0.26111,-0.28753,-0.52388,0.23585,0.11039,-0.30432,-0.26722,-0.27827,-0.441,-0.08802,-0.49778,-0.72907,0.38032,-0.58692,-0.60908,0.21019,0.10438,-0.18156,-0.31439,-0.1182,-0.21993,-0.12845,-0.062718,-0.24716,-0.1169,-0.50153,-0.42912
0.53666,0.83494,-0.51866,-0.72157,-0.30753,0.5934,0.61319,0.48474,-0.075087,-0.20337,-0.27952,-0.0042798,-0.2604,-0.39313,-0.18233,0.32565,-0.10484,-0.57035,0.065061,-0.20385,0.47714,0.73196,0.96513,1.1642,0.27763,1.1881,0.40316,0.8316,0.59479,0.83518,-0.065987,0.14483,-0.66475,-0.5291,-0.35804,-0.41948,-0.60364,-0.53061,0.16043,0.62361,1.1754,0,0.4371,1.0156,-0.54304,-0.22514,-0.3859,-0.30454,0.22721,-0.03846,0.047086,-0.10147,-0.13877,-0.070867,-0.66893,0.40998,0.024553,-0.17909,-0.097721,0.017864,0.13122,-0.2311,0.20472,-0.20431,-0.16461,-0.28461,-0.43184,-0.54289,0.20381,0.21662,0.11485,0.093032,-0.10753,0.13125,0.011398,-0.47353,-0.26442,-0.26015,-0.48382,-0.48122,-0.88543,0.23888,-0.14749,-0.19908,-0.31277,-0.28704,-0.58122,-0.024349,-0.60329,-0.665,0.28135,-0.8166,-0.56167,0.077353,0.25843,-0.15878,-0.31708,-0.14902,-0.13446,-0.19252,0.16189,-0.36262,-0.12244,-0.45128,-0.2692
0.32728,0.43992,-0.13373,-0.38117,-0.0071113,-0.086313,0.59709,0.23086,-0.18655,-0.19497,0.12205,-0.095411,-0.41538,-0.61078,-0.15043,0.01396,-0.39258,-0.62946,-0.58902,-0.37109,-0.24251,0.20184,0.19656,0.33543,0.1797,0.2217,-0.24495,0.087857,0.42251,0.3135,0.61957,0.5755,-0.16588,-0.41015,0.083262,-0.0054084,-0.21107,-0.3123,-0.03665,0.013037,0.4377,0.4371,0,0.89052,0.056447,0.34628,0.23501,0.21353,0.20209,0.051112,-0.13889,0.099699,-0.079582,-0.20507,-0.4249,0.30303,0.40432,0.38692,0.16425,-0.10076,-0.086627,-0.2997,-0.19231,0.13072,-0.034326,0.23447,0.099144,-0.27975,-0.27645,0.57608,0.090993,0.77664,0.66448,0.71293,0.67688,-0.36083,-0.31349,-0.32304,-0.5819,-0.34764,-0.60544,0.14099,-0.16214,-0.18401,-0.42159,-0.48062,-0.58247,0.38129,0.040838,-0.02409,0.52524,0.0077364,-0.038832,0.11025,0.0087921,-0.17421,-0.29429,-0.15808,-0.19799,-0.053593,-0.0051256,-0.13,-0.45251,-0.62402,-0.27258
0.37263,0.6775,-0.39733,-0.75417,-0.4406,0.23021,0.82446,0.7053,-0.37352,-0.046447,-0.067176,0.10121,-0.41773,-0.53748,-0.008503,8.4905e-06,-0.098228,-0.58735,-0.096368,-0.14369,0.16946,0.46648,0.67424,0.80721,-0.018101,0.55065,-0.17185,0.29815,0.62125,0.78115,0.4921,0.71393,-0.32889,-0.47514,0.088839,0.049679,-0.33752,-0.24954,-0.23405,0.20956,0.59612,1.0156,0.89052,0,-0.1489,0.19473,0.001542,0.098862,0.34471,-0.12189,-0.28291,0.23112,-0.15755,-0.077303,-0.95508,0.51533,0.31194,0.1284,0.12497,-0.2124,-0.012045,-0.22675,0.088964,0.058906,-0.001085,0.029932,0.00069793,-0.53403,-0.060784,0.40722,0.4257,0.26524,0.11501,0.3865,0.25746,-0.56062,-0.57088,-0.4203,-0.94212,-0.83054,-1.0094,0.33262,-0.090887,-0.19981,-0.62378,-0.55793,-0.77185,0.18373,-0.15513,-0.19598,0.24581,-0.48191,-0.32113,0.09727,0.16897,-0.41575,-0.52909,-0.46454,-0.29791,-0.050076,0.25185,-0.5183,-0.3879,-0.34547,-0.24864
