,,,,,,,,,,,,,,,,,,,,,,,,,,,,,,,,,,,,,,,,,,,,,,,,,,,,,,,,,,,,,,,,,,,,,,,,,,,,,,,,,,,,,,,,,,,,,,,,,,,,,,,,
0,0.33636,-0.17969,-0.282,0.60452,-0.07796,1.2844,0.13287,-0.056535,-0.39007,0.28546,-0.27926,-0.42571,-0.33465,0.06465,-0.11804,-0.30493,-0.065064,-0.214,0.38331,-0.14974,-0.028769,0.44565,0.21182,0.28082,0.18804,0.27296,0.18605,0.61951,0.31892,0.72757,0.25678,-0.23823,-0.010891,0.7927,0.33554,0.55186,0.33819,0.67463,0.2952,0.7973,-0.027736,0.88509,0.49946,0.13768,0.020458,0.31182,0.32388,0.56706,-0.47638,-0.52051,0.44035,0.81252,0.088822,0.25128,0.75846,0.63515,0.39014,0.15277,0.31667,-0.3021,0.54255,0.34205,0.36322,0.25942,0.22973,0.25218,0.44488,0.30549,0.074668,0.1373,0.021772,0.004309,0.12598,0.012971,0.047348,-0.50414,-0.26332,0.048094,0.16696,0.068533,-0.52479,-0.25594,0.26218,-0.099621,-0.023298,0.15925,0.18056,0.30183,-0.025224,-0.069544,0.55772,-0.38493,1.1871,-0.11884,0.38552,-0.23606,0.086204,-0.34122,0.47634,0.12689,0.077368,-0.29233,0.063792,-0.0062266
0.33636,0,0.43985,0.16002,-0.044835,-0.023007,0.29589,0.58456,-0.40107,-0.28749,0.1384,-0.22691,0.18724,0.089186,0.071651,0.0010719,0.12249,0.12622,-0.11448,0.28512,-0.46731,-0.28373,0.021224,0.41945,-0.21451,-0.054314,-0.28955,-0.51536,0.45347,0.2388,0.1551,-0.24641,-0.0011201,-0.0033589,0.63837,0.44593,0.52726,0.22114,0.35283,0.16404,0.047471,0.18752,0.28909,0.22663,0.22359,0.14572,0.32507,0.21809,-0.031535,-0.16762,-0.2543,0.20989,0.31821,0.11762,0.26264,0.21543,0.05336,0.18312,-0.076543,0.2553,-0.046162,-0.13784,-0.40009,-0.10565,-0.25822,0.24271,0.19708,-0.034218,-0.13761,-0.34177,-0.57446,-0.0392,-0.13913,0.35633,0.18634,0.17972,0.12635,0.2112,0.20755,0.27652,0.14088,0.013485,-0.39358,0.012451,-0.13426,0.1369,0.0031795,0.010384,0.0055206,0.27967,0.30943,0.080164,-0.34554,0.47759,0.48281,0.30432,-0.1151,0.30325,0.19754,0.43091,-0.02084,-0.10871,-0.13971,-0.0046145,0.42648
-0.17969,0.43985,0,1.1041,-0.022847,0.36697,0.0098142,0.61215,-0.18249,0.074657,0.094302,0.076232,0.58241,0.45626,0.12162,-0.095832,0.33709,0.49719,0.5994,0.30051,-0.19478,-0.16645,0.15639,0.38004,-0.11725,0.25338,-0.1937,-0.29672,0.25041,0.33506,-0.066258,-0.21068,0.76967,0.6951,0.19533,0.43151,0.34081,0.27472,0.23026,0.31587,-0.16532,0.44428,-0.22923,-0.16983,-0.13982,-0.1549,0.036312,-0.1587,-0.20884,0.42813,0.25018,-0.46701,0.24929,0.59324,0.36762,-0.22575,-0.31224,-0.27275,-0.36618,0.13616,0.25065,-0.097484,-0.21426,-0.44889,-0.23376,-0.13938,-0.20951,-0.15664,-0.4346,-0.20346,-0.36766,-0.46763,-0.51693,-0.2385,-0.31189,0.64623,0.74104,0.6528,0.85844,0.3061,0.31309,0.49029,0.47728,0.47073,0.31311,0.26461,0.18082,-0.22649,-0.1974,0.082765,-0.062762,0.09161,0.2447,0.13217,0.65361,0.24574,0.35724,0.43059,0.46821,0.03441,-0.48396,-0.39374,-0.3466,0.36121,0.72723
-0.282,0.16002,1.1041,0,-0.15354,0.26689,-0.13364,0.4024,-0.26144,-0.0051431,-0.25235,0.18429,0.34467,0.27442,-0.21992,-0.27524,0.23256,0.33871,0.44183,-0.018757,-0.36593,-0.46408,0.0039061,0.11898,-0.080027,0.063413,-0.052225,-0.14878,0.51195,0.53752,-0.25494,-0.33121,0.57287,0.58996,0.076091,0.41451,0.19768,0.34624,0.094057,0.2717,-0.28234,0.16926,-0.68181,-0.56609,-0.3888,-0.26989,-0.50145,-0.60503,-0.2032,0.57458,0.43219,-0.56548,0.24627,0.50913,0.30317,-0.32443,-0.59407,-0.77357,-0.69821,-0.051045,0.071294,0.032147,-0.061125,-0.73097,-0.39126,-0.6929,-0.72292,-0.24492,-0.40383,-0.17493,-0.30372,-0.66762,-0.6782,-0.54086,-0.54247,0.58342,0.72149,0.50536,0.9659,0.025986,0.024458,0.35163,0.76023,0.27594,0.257,-0.0053275,0.00096811,-0.7696,-0.58438,-0.27735,-0.30222,0.04017,0.56771,0.15099,0.79061,0.29475,0.75282,0.49066,0.83226,-0.17775,-0.65969,-0.63607,-0.47832,0.58473,0.81526
0.60452,-0.044835,-0.022847,-0.15354,0,0.49731,0.81289,0.22296,0.41323,-0.0030876,0.54163,0.17111,-0.057562,0.082735,0.12692,-0.08849,0.18313,0.37489,0.20747,0.91522,0.33334,0.54912,1.146,0.59318,0.44345,0.43413,0.76522,0.84874,0.2905,0.023626,0.17069,-0.12944,0.14345,-0.0032416,0.10859,-0.2746,-0.017245,-0.19529,0.2758,0.41554,0.91817,0.53418,0.64019,0.13956,0.19849,-0.18129,0.31778,0.25255,0.6546,0.090848,0.02226,0.17264,0.80948,0.66682,0.31587,0.059215,0.14257,0.23871,-0.10738,0.33449,0.33316,0.46395,0.23745,0.32672,0.38821,0.39591,0.35839,0.22474,0.0877,0.27546,0.40713,-0.055062,-0.30515,-0.022971,-0.26668,0.42269,0.0098073,-0.059037,-0.0084586,0.079552,0.017883,-0.19824,0.039986,0.30223,0.19706,0.10804,0.14651,0.44595,0.29817,0.18847,-0.20833,0.85816,-0.084632,0.49104,0.028288,0.34165,-0.058089,0.45216,-0.23145,0.36693,0.043961,-0.21221,-0.49086,0.10331,-0.029819
-0.07796,-0.023007,0.36697,0.26689,0.49731,0,0.15172,0.72291,0.70277,0.73284,0.59364,0.79315,-0.056396,-0.0023724,-0.15918,-0.18025,0.00825,0.21224,0.45192,0.7474,0.59989,0.46739,0.88785,1.0033,0.32128,0.73871,0.37952,0.33383,0.043049,0.16559,0.026097,-0.16718,0.1925,0.095881,-0.36352,-0.22228,-0.38154,-0.12453,-0.092942,0.65315,0.40342,1.2345,-0.14636,-0.040048,-0.3463,-0.62656,0.059896,-0.0016177,0.32637,0.29997,0.31714,0.10024,0.1898,0.95724,-0.17179,-0.093039,-0.10415,-0.17007,-0.1298,0.50546,0.96337,0.29368,0.27563,-0.19709,0.43054,-0.0074738,-0.064491,-0.18927,-0.054189,0.051556,0.17224,-0.50557,-0.74559,-0.59136,-0.68085,0.4635,0.66243,0.016613,0.17005,-0.34164,-0.033179,0.016362,0.37918,0.38601,-0.10767,-0.088915,-0.030571,0.053628,0.047078,0.043527,-0.44371,0.11773,0.44111,-0.0013891,0.3041,0.4476,0.52926,0.1802,0.031121,0.4238,0.026564,-0.11112,-0.21675,0.24329,0.24047
1.2844,0.29589,0.0098142,-0.13364,0.81289,0.15172,0,0.44544,-0.020812,-0.30321,0.49395,-0.18097,-0.26999,-0.23502,0.034804,-0.33797,-0.1646,0.080063,-0.11016,0.62378,-0.069733,-0.0041441,0.72928,0.50932,0.25274,0.28618,0.19847,0.093823,0.57241,0.60819,0.65493,0.20762,-0.14572,0.11057,0.86723,0.44705,0.53855,0.46885,0.87225,0.5049,1.2048,0.22707,0.83978,0.60391,-0.076105,-0.26488,0.38874,0.28319,0.43487,-0.33117,-0.53608,0.22267,1.1142,0.29564,0.29905,0.52662,0.60869,0.26701,-0.050551,0.24282,-0.20552,0.41659,0.17815,0.21577,0.26907,0.16311,0.21628,0.19933,-0.0094351,-0.17162,0.015679,-0.25662,-0.28654,-0.095839,-0.29826,0.31447,-0.3299,-0.23124,0.12918,0.13574,-0.04931,-0.61239,-0.23634,0.36986,-0.016347,-0.058,0.10289,0.21832,0.31563,-0.16958,-0.37956,0.9534,-0.16313,1.2447,0.054456,0.37252,-0.20321,0.23331,-0.11107,0.47248,-0.15822,-0.038843,-0.60604,0.1191,0.079136
0.13287,0.58456,0.61215,0.4024,0.22296,0.72291,0.44544,0,0.060469,0.35372,0.58965,0.4213,0.11788,-0.0056082,-0.049845,-0.20037,0.041297,0.17004,0.15516,0.63173,-0.1038,-0.15181,0.43032,0.82295,0.054927,0.44633,-0.054374,-0.27402,0.34813,0.59337,0.14563,-0.1526,0.20449,0.19574,0.30805,0.36856,0.28881,0.40132,0.47481,0.89347,0.38914,0.89889,-0.050896,0.087099,-0.34752,-0.47016,0.047242,-0.1699,-0.082053,0.10661,-0.015095,-0.10666,0.34434,0.45719,0.12553,-0.11502,-0.026709,-0.22273,-0.40419,0.55733,0.45261,0.12365,-0.068123,-0.35294,0.058682,-0.15142,-0.20534,-0.12594,-0.16975,-0.3424,-0.29738,-0.64759,-0.71715,-0.4267,-0.60341,0.77424,0.56895,0.14801,0.40075,0.012751,0.015429,-0.19612,-0.045627,0.21388,-0.21095,-0.080544,-0.12779,-0.14567,-0.03727,-0.11132,-0.36072,0.33215,0.14955,0.41365,0.72648,0.36977,0.2416,0.17181,0.23242,0.31279,-0.25736,-0.10228,-0.36576,0.11914,0.42887
-0.056535,-0.40107,-0.18249,-0.26144,0.41323,0.70277,-0.020812,0.060469,0,0.81451,0.80205,0.335,-0.16333,-0.06805,0.10428,0.059793,-0.12586,-0.21277,-0.044804,0.16189,1.2442,0.83414,0.4022,0.41141,0.39438,0.33283,0.76407,0.69425,-0.27206,-0.15691,-0.029459,0.020112,0.07454,-0.17379,-0.62078,-0.512,-0.70197,-0.45258,-0.37755,0.022915,0.48422,0.59833,0.00030559,0.050646,-0.24069,-0.41149,0.092571,0.19552,0.15976,0.19597,0.32837,0.20214,-0.25211,0.14935,-0.40197,0.0086767,0.17798,0.15089,0.38672,0.2793,0.6881,0.30014,0.24614,0.34257,0.92087,0.24735,0.18462,0.28072,0.23357,0.51462,0.63403,0.070619,-0.11481,-0.16808,-0.31665,-0.011676,0.038243,-0.20972,-0.30313,-0.36997,-0.24885,-0.22283,0.084668,-0.059849,-0.48675,-0.32317,-0.4143,0.48203,0.55051,0.094179,-0.32242,0.098365,0.31373,-0.29363,-0.14351,0.0094729,0.035877,-0.060461,-0.37661,0.22121,0.29342,0.3969,0.083403,-0.16972,-0.31461
-0.39007,-0.28749,0.074657,-0.0051431,-0.0030876,0.73284,-0.30321,0.35372,0.81451,0,0.45854,0.82487,0.047095,0.0052832,0.012729,0.22673,-0.053621,-0.052762,0.19907,0.16925,0.47831,0.36249,0.083562,0.1906,0.34521,0.59332,0.21001,0.19331,-0.40984,-0.18461,0.057763,0.14757,0.19359,0.048329,-0.6591,-0.3753,-0.40166,-0.1111,-0.19805,0.37224,0.026642,0.64655,-0.44272,-0.17782,-0.26318,-0.25893,-0.20183,-0.25244,-0.13025,0.32874,0.4127,-0.11571,-0.50325,0.096946,-0.29675,-0.33344,-0.18582,-0.308,-0.046052,0.37931,0.91937,0.14934,0.2272,-0.046671,0.53594,-0.13977,-0.21501,0.181,0.34621,0.3314,0.40015,-0.10926,-0.09021,-0.39108,-0.25582,0.1955,0.58075,0.073241,0.033136,-0.21832,0.11287,-0.021476,0.13681,0.023828,-0.26102,-0.062152,-0.12498,0.021876,0.045174,0.069471,-0.17105,-0.168,0.29937,-0.45011,0.11725,0.02691,0.30982,-0.33973,-0.30224,0.014803,0.23776,0.23655,0.28637,-0.15601,-0.1089
0.28546,0.1384,0.094302,-0.25235,0.54163,0.59364,0.49395,0.58965,0.80205,0.45854,0,0.12,0.054237,0.025889,0.43805,0.021344,-0.0017801,-0.058175,-0.053075,0.52915,0.59612,0.46192,0.51964,0.72306,0.17897,0.42451,0.36439,0.14924,-0.10562,0.14372,0.21269,0.10022,0.17683,-0.025492,0.045189,-0.042762,-0.024384,-0.078327,0.20914,0.28132,0.82028,0.84932,0.38916,0.37521,-0.16122,-0.35843,0.45776,0.34435,-0.016302,0.062749,0.044231,0.14511,0.07534,0.12981,-0.17057,0.055562,0.42746,0.39524,0.30117,0.49739,0.51268,0.23803,-0.030214,0.36813,0.73027,0.46133,0.36894,0.34261,0.028232,0.12013,0.21912,-0.025006,-0.1953,-0.053917,-0.34056,0.38574,-0.01362,-0.024005,-0.092605,0.076334,-0.01958,-0.37292,-0.21781,0.07147,-0.51507,-0.088275,-0.31597,0.67251,0.79727,0.12368,-0.25935,0.45319,-0.03929,0.14295,-0.028497,0.06092,-0.28965,-0.0060965,-0.33884,0.40616,0.13128,0.44218,-0.12388,-0.37776,-0.26711
-0.27926,-0.22691,0.076232,0.18429,0.17111,0.79315,-0.18097,0.4213,0.335,0.82487,0.12,0,-0.094686,-0.1415,-0.081105,0.25226,0.099354,0.1622,0.29031,0.40559,0.18929,0.22577,0.23915,0.178,0.20825,0.52084,0.33127,0.31597,-0.010617,-0.16237,-0.16841,-0.16211,0.084818,-0.11793,-0.51968,-0.4975,-0.3211,-0.13908,-0.14612,0.74119,-0.03687,0.62504,-0.44075,-0.50071,-0.0348,-0.18633,-0.49813,-0.58695,0.046703,0.279,0.42457,0.025617,-0.063129,0.4484,0.0025769,-0.51414,-0.50225,-0.54221,-0.40566,0.5533,0.9857,0.39382,0.38036,-0.24931,0.18619,-0.34349,-0.39281,-0.010784,0.42695,0.22072,0.26508,-0.23066,-0.29256,-0.47229,-0.31182,0.42559,0.86589,0.043881,0.053523,-0.32997,0.047159,0.1299,0.34611,-0.0489,-0.041984,0.0013809,0.079097,-0.35245,-0.40722,0.14874,-0.056495,-0.14915,0.10566,-0.23348,0.22475,0.23596,0.61142,-0.15183,-0.072103,0.027097,0.19383,-0.19888,0.15045,0.065505,0.044546
-0.42571,0.18724,0.58241,0.34467,-0.057562,-0.056396,-0.26999,0.11788,-0.16333,0.047095,0.054237,-0.094686,0,1.6953,0.46363,0.24009,1.2301,0.87691,0.51724,0.01683,-0.19151,0.038929,-0.20261,-0.1179,0.045317,0.18431,-0.12047,-0.18581,-0.25507,-0.22339,-0.20421,-0.076132,0.97874,0.62495,-0.01279,-0.0030854,0.23493,-0.0050686,0.20968,0.037197,-0.29774,0.21474,-0.18859,-0.2925,0.3184,0.42433,0.028256,-0.12195,-0.34249,0.9104,0.60246,-0.64748,-0.13402,0.010237,0.22926,-0.7414,-0.58536,-0.21551,-0.2955,-0.27434,0.14214,-0.25529,-0.39521,0.12272,-0.081782,0.15756,0.15815,0.10483,-0.39916,0.1698,0.074948,0.27954,0.17885,0.3604,0.23724,0.57419,0.44401,1.4473,0.56003,0.85845,0.60433,0.45649,0.12048,0.010473,0.37051,0.76605,0.16996,0.098391,-0.041853,0.24459,0.25123,0.14042,-0.045734,-0.25274,0.32453,-0.085491,-0.033333,0.24784,0.098364,-0.17191,-0.15872,-0.12067,0.070334,-0.16936,0.077431
-0.33465,0.089186,0.45626,0.27442,0.082735,-0.0023724,-0.23502,-0.0056082,-0.06805,0.0052832,0.025889,-0.1415,1.6953,0,0.26961,0.073504,1.0369,0.94805,0.6946,0.022867,-0.070902,0.13985,-0.022621,-0.082178,0.27245,0.28699,0.037861,0.013075,-0.24235,-0.27272,-0.17276,-0.028039,1.0054,0.68187,-0.12115,-0.12586,0.075085,-0.11621,0.18119,-0.014661,-0.18827,0.2346,-0.14138,-0.27508,0.3436,0.49507,0.093889,-0.026433,-0.057628,0.92851,0.67869,-0.56064,-0.098087,0.097069,0.076676,-0.5738,-0.56224,-0.1411,-0.2224,-0.32377,0.12509,-0.12698,-0.20387,0.15724,-0.040013,0.24106,0.21678,0.058666,-0.46864,0.33326,0.24547,0.3099,0.15849,0.36325,0.25488,0.49605,0.38814,1.3252,0.55196,0.88124,0.64898,0.38307,0.13554,0.14656,0.414,0.74461,0.18452,0.15804,-0.048799,0.17642,0.19437,0.10711,0.023421,-0.19041,0.29766,0.099307,0.082191,0.37374,0.030289,-0.012265,-0.030926,-0.13586,0.044857,-0.0044635,0.14297
0.06465,0.071651,0.12162,-0.21992,0.12692,-0.15918,0.034804,-0.049845,0.10428,0.012729,0.43805,-0.081105,0.46363,0.26961,0,0.9354,0.53754,0.24233,-0.024006,0.17427,0.15071,0.38918,-0.17038,-0.13513,-0.27202,0.027801,0.067922,-0.0072488,-0.32749,-0.42252,-0.03341,0.045939,0.35098,0.011632,0.12741,-0.09832,0.3142,-0.17071,0.09525,-0.026564,-0.023824,0.09503,0.38365,0.070198,0.50336,0.28359,0.27189,0.22244,-0.35503,0.14273,0.12482,-0.00023336,-0.065774,-0.2005,0.3264,-0.27366,0.11074,0.37255,0.32984,0.2023,0.21876,-0.025107,-0.19911,0.72028,0.33204,0.53863,0.55749,0.61381,0.25041,0.24304,0.17775,0.61295,0.50472,0.55145,0.32691,0.2211,-0.12431,0.35182,-0.087193,0.46764,0.36078,0.32979,0.033447,-0.23172,0.0068278,0.50429,0.16281,0.53867,0.58484,0.66547,0.47499,0.23033,-0.59522,-0.23528,-0.38163,-0.5194,-0.70285,-0.27855,-0.43405,-0.18944,0.12948,0.37463,0.3314,-0.7259,-0.60063
-0.11804,0.0010719,-0.095832,-0.27524,-0.08849,-0.18025,-0.33797,-0.20037,0.059793,0.22673,0.021344,0.25226,0.24009,0.073504,0.9354,0,0.41738,0.17517,-0.072259,0.070433,0.028637,0.39845,-0.39252,-0.37289,-0.23079,0.001389,0.063432,0.11712,-0.35352,-0.87556,-0.11231,-0.047399,0.13929,-0.20786,-0.14233,-0.39385,0.12673,-0.31773,-0.18994,0.02223,-0.39332,-0.052371,0.11446,-0.20113,0.74795,0.47364,-0.049582,-0.018277,-0.22232,0.039964,0.14597,0.14591,-0.2824,-0.22794,0.35676,-0.33781,-0.18458,0.09417,0.19628,0.31839,0.39318,-0.031204,-0.018891,0.55811,0.20483,0.32157,0.34356,0.51969,0.77687,0.40918,0.24611,0.78591,0.74651,0.58102,0.62965,-0.060948,0.062424,0.19868,-0.23302,0.15794,0.3584,0.5287,0.068452,-0.46966,0.059811,0.44764,0.29551,0.18235,0.17283,0.89523,0.83853,-0.16002,-0.70197,-0.51737,-0.3088,-0.5225,-0.38605,-0.55806,-0.62035,-0.29562,0.4216,0.29463,0.76631,-0.61234,-0.54095
-0.30493,0.12249,0.33709,0.23256,0.18313,0.00825,-0.1646,0.041297,-0.12586,-0.053621,-0.0017801,0.099354,1.2301,1.0369,0.53754,0.41738,0,1.1582,0.38132,0.20811,-0.12212,0.25231,-0.063028,-0.069233,-0.00018374,0.14885,0.10391,0.071697,-0.11607,-0.33614,-0.29925,-0.26923,0.59619,0.2802,-0.060178,-0.24532,0.12944,-0.17431,0.088018,0.14299,-0.19484,0.19584,-0.054038,-0.39658,0.55623,0.39693,-0.058825,-0.13079,-0.13254,0.87299,0.61969,-0.25765,0.10583,0.16972,0.40308,-0.79755,-0.71943,-0.24264,-0.36857,-0.18906,0.23166,-0.073239,-0.28825,0.30116,0.020205,0.21025,0.29171,0.10833,-0.18883,0.22362,0.20046,0.41781,0.18461,0.45871,0.26693,0.59109,0.36537,1.0086,0.32692,0.50985,0.40791,0.528,0.21682,-0.1622,0.42164,0.81146,0.25877,0.10123,-0.078265,0.48093,0.33003,0.27989,-0.1999,-0.24486,0.18885,-0.076235,-0.052782,0.28733,0.052661,-0.096659,-0.02722,-0.2409,0.071915,-0.24438,-0.10559
-0.065064,0.12622,0.49719,0.33871,0.37489,0.21224,0.080063,0.17004,-0.21277,-0.052762,-0.058175,0.1622,0.87691,0.94805,0.24233,0.17517,1.1582,0,0.91517,0.52455,-0.14365,0.25962,0.3083,0.094657,0.26553,0.5701,0.046985,0.1059,0.0051706,-0.18092,0.047284,-0.050257,0.61491,0.60563,0.038927,-0.10788,0.24317,0.039031,0.33876,0.4698,-0.050712,0.29631,0.040663,-0.21817,0.46854,0.34265,0.077237,-0.056746,0.29948,0.66667,0.41527,-0.22026,0.4068,0.54197,0.40809,-0.43057,-0.58284,-0.26768,-0.45407,-0.055109,0.22078,0.10278,0.07463,0.15601,0.028711,0.16788,0.24694,-0.04313,-0.22929,0.18004,0.24416,0.14521,0.01128,0.19492,0.16383,0.68699,0.47719,0.94,0.63403,0.55799,0.73733,0.52571,0.39179,0.36092,0.80056,1.0728,0.70566,0.0032382,-0.20555,0.33278,0.1799,0.29765,-0.12097,0.027016,0.25666,0.25997,0.20511,0.29918,-0.03225,0.14483,0.003704,-0.35825,-0.036674,0.12871,0.17275
-0.214,-0.11448,0.5994,0.44183,0.20747,0.45192,-0.11016,0.15516,-0.044804,0.19907,-0.053075,0.29031,0.51724,0.6946,-0.024006,-0.072259,0.38132,0.91517,0,0.4137,0.093396,0.19919,0.43592,0.13943,0.36098,0.80192,-0.018005,0.10207,-0.1744,-0.15749,0.047034,0.099816,0.70229,0.73264,-0.27947,-0.14962,-0.036991,-0.025469,0.15891,0.38224,-0.15243,0.4094,-0.20814,-0.21951,0.10765,0.16861,0.10123,-0.061518,0.35535,0.53422,0.47088,-0.34598,0.11695,0.65329,-0.011327,-0.30495,-0.42734,-0.19623,-0.25343,0.093338,0.37206,0.12088,0.34124,-0.20821,-0.039997,0.035162,-0.025826,-0.22769,-0.31108,0.18313,0.21344,-0.17615,-0.19947,-0.22759,-0.072781,0.52479,0.69953,0.68524,0.67091,0.41688,0.85335,0.54523,0.6167,0.87146,0.71035,0.70792,0.65522,-0.064521,-0.27402,0.080246,0.015401,-0.094933,0.18568,-0.074066,0.19704,0.38744,0.53692,0.16499,-0.01244,0.14302,0.043521,-0.27651,0.0063625,0.43046,0.38654
0.38331,0.28512,0.30051,-0.018757,0.91522,0.7474,0.62378,0.63173,0.16189,0.16925,0.52915,0.40559,0.01683,0.022867,0.17427,0.070433,0.20811,0.52455,0.4137,0,0.17757,0.43535,1.0029,0.8904,0.10317,0.6335,0.15644,0.21758,0.16829,0.013664,0.27478,-0.14761,0.073517,0.0055068,0.14993,-0.15107,0.14447,-0.072467,0.27405,0.72195,0.46142,0.69487,0.51725,0.19078,0.2308,-0.20057,0.45804,0.26417,0.48135,0.0018762,-0.087902,0.28941,0.72579,0.91445,0.34125,0.023637,0.042022,0.19185,-0.18348,0.68712,0.56708,0.20982,0.088331,0.055204,0.21693,0.40114,0.3493,-0.049413,0.08208,-0.10774,0.0020955,-0.21936,-0.40139,-0.11262,-0.20168,0.51798,0.32846,0.046564,0.10997,0.047714,0.28644,0.13362,0.09453,0.49728,0.29378,0.38161,0.48689,0.30112,0.12983,0.45628,0.029409,0.45229,-0.25314,0.34833,0.07389,0.34334,-0.0031692,0.19963,-0.19909,0.49493,0.11868,-0.24049,-0.29036,-0.0072467,0.060856
-0.14974,-0.46731,-0.19478,-0.36593,0.33334,0.59989,-0.069733,-0.1038,1.2442,0.47831,0.59612,0.18929,-0.19151,-0.070902,0.15071,0.028637,-0.12212,-0.14365,0.093396,0.17757,0,1.1634,0.50185,0.42311,0.20673,0.26123,0.4352,0.49802,-0.54449,-0.27281,-0.085825,0.058843,-0.034866,-0.21108,-0.68846,-0.52281,-0.88525,-0.58461,-0.50839,-0.11897,0.38753,0.48543,0.14089,0.28401,-0.16795,-0.37102,0.39677,0.52296,0.2703,0.0073595,0.13878,0.31968,-0.25259,0.20604,-0.54252,0.1195,0.34521,0.41796,0.70353,0.15941,0.55931,0.11301,0.26808,0.36297,0.75387,0.47035,0.45016,-0.039257,-0.0056781,0.28654,0.45994,0.10505,-0.050188,-0.081017,-0.20037,-0.19181,-0.095517,-0.303,-0.49874,-0.39073,-0.21295,-0.019268,0.1419,0.073161,-0.27636,-0.20628,-0.21003,0.70906,0.6769,0.1573,-0.24323,-0.060096,0.27259,-0.46455,-0.37566,-0.11983,-0.069554,-0.15431,-0.33728,0.25261,0.31336,0.49772,0.21928,-0.072723,-0.32917
-0.028769,-0.28373,-0.16645,-0.46408,0.54912,0.46739,-0.0041441,-0.15181,0.83414,0.36249,0.46192,0.22577,0.038929,0.13985,0.38918,0.39845,0.25231,0.25962,0.19919,0.43535,1.1634,0,0.51117,0.33266,0.27389,0.38813,0.47599,0.63356,-0.49383,-0.61488,0.0082024,0.0197,0.053181,-0.15229,-0.49427,-0.68531,-0.5254,-0.63101,-0.33576,0.046136,0.31682,0.46,0.38865,0.2432,0.33232,-0.017722,0.47886,0.57624,0.45382,0.059267,0.12444,0.40959,-0.050968,0.30955,-0.10861,0.026428,0.15305,0.40094,0.5254,0.20909,0.63724,0.13575,0.25572,0.71094,0.77739,0.77311,0.84156,0.12217,0.20701,0.46582,0.62338,0.44462,0.21216,0.29698,0.17104,-0.11443,-0.032638,-0.084123,-0.41928,-0.14504,0.079979,0.21229,0.11673,0.027494,0.042255,0.19943,0.16988,0.81351,0.60547,0.60755,0.11484,0.075376,-0.10353,-0.44152,-0.35459,-0.11744,-0.18824,-0.13778,-0.61609,0.29316,0.48421,0.36301,0.36093,-0.17152,-0.39176
0.44565,0.021224,0.15639,0.0039061,1.146,0.88785,0.72928,0.43032,0.4022,0.083562,0.51964,0.23915,-0.20261,-0.022621,-0.17038,-0.39252,-0.063028,0.3083,0.43592,1.0029,0.50185,0.51117,0,1.0279,0.4469,0.6469,0.44737,0.48619,0.2358,0.23258,0.25259,-0.025474,0.054932,0.099295,0.0077517,-0.117,-0.16846,-0.085321,0.2172,0.51951,0.8894,0.75814,0.44514,0.32048,-0.093814,-0.39551,0.46009,0.35799,0.88799,-0.043692,-0.087329,0.26366,0.72258,1.0421,-0.010644,0.27797,0.24216,0.22551,-0.0034679,0.39911,0.39601,0.42894,0.40337,0.026553,0.33536,0.30211,0.26321,-0.18366,-0.16878,0.028358,0.20592,-0.37461,-0.60503,-0.31071,-0.4611,0.34671,0.14112,-0.16569,0.060637,-0.11096,0.0013136,-0.17081,0.14427,0.6623,0.14183,-0.013378,0.16766,0.31432,0.1994,0.00058556,-0.41442,0.43375,0.16574,0.4467,0.13641,0.58229,0.22914,0.37813,-0.089908,0.69454,0.061617,-0.146,-0.44637,0.42679,0.26053
0.21182,0.41945,0.38004,0.11898,0.59318,1.0033,0.50932,0.82295,0.41141,0.1906,0.72306,0.178,-0.1179,-0.082178,-0.13513,-0.37289,-0.069233,0.094657,0.13943,0.8904,0.42311,0.33266,1.0279,0,0.039953,0.31201,0.15463,0.088423,0.24123,0.37402,0.083361,-0.32316,-0.030927,-0.088296,0.060081,0.043653,-0.16379,-0.099032,0.026242,0.35181,0.63673,0.88258,0.30144,0.34495,-0.26182,-0.6734,0.52601,0.41546,0.33174,-0.045694,-0.11856,0.30236,0.47775,0.83045,-0.033508,0.22773,0.22969,0.24813,0.0080157,0.46974,0.4882,0.038381,-0.10285,-0.16507,0.19857,0.3159,0.24102,-0.32247,-0.30445,-0.32169,-0.23195,-0.52169,-0.86715,-0.28036,-0.55989,0.2946,0.24523,-0.17211,-0.0088448,-0.27699,-0.21903,-0.11324,-0.026768,0.3792,-0.14489,-0.17615,-0.12491,0.33473,0.28982,0.11508,-0.35387,0.34401,0.2216,0.31577,0.31659,0.38216,0.090466,0.43784,0.17849,0.65114,-0.088853,-0.1105,-0.50024,0.17254,0.30448
0.28082,-0.21451,-0.11725,-0.080027,0.44345,0.32128,0.25274,0.054927,0.39438,0.34521,0.17897,0.20825,0.045317,0.27245,-0.27202,-0.23079,-0.00018374,0.26553,0.36098,0.10317,0.20673,0.27389,0.4469,0.039953,0,0.88447,0.58402,0.5121,0.061268,0.015337,0.50774,0.53263,0.2288,0.47987,-0.14222,-0.12748,-0.10804,0.20286,0.42686,0.46619,0.54624,0.41043,-0.010898,0.078565,-0.020983,0.15236,-0.082741,-0.086683,0.61684,0.25893,0.22348,-0.098429,0.0895,0.19465,-0.1945,0.10858,-0.014349,-0.2461,-0.089516,-0.063962,0.12261,0.69917,0.76929,0.24377,0.57555,-0.077679,-0.045765,0.36156,0.14648,0.72942,1.0043,0.0667,0.053542,-0.087868,-0.021146,0.22269,0.1611,0.18057,0.33508,0.2301,0.29379,-0.46792,-0.022321,0.34655,0.027142,0.076645,0.089581,0.011792,-0.035214,-0.25408,-0.32983,0.19363,0.25411,0.24251,0.24563,0.69248,0.4819,0.11257,-0.34825,0.42346,0.24309,0.043226,0.018199,0.40276,0.22038
0.18804,-0.054314,0.25338,0.063413,0.43413,0.73871,0.28618,0.44633,0.33283,0.59332,0.42451,0.52084,0.18431,0.28699,0.027801,0.001389,0.14885,0.5701,0.80192,0.6335,0.26123,0.38813,0.6469,0.31201,0.88447,0,0.25842,0.20798,-0.088934,0.0012721,0.60911,0.52563,0.36097,0.58871,-0.12225,-0.093028,0.061161,0.23682,0.47908,0.957,0.3921,0.76337,0.017553,0.102,0.013383,0.044386,0.10349,-0.029923,0.51257,0.31155,0.25427,-0.017048,0.17964,0.5028,-0.12382,-0.012082,-0.068869,-0.19889,-0.11369,0.32684,0.48735,0.60752,0.69361,0.15504,0.63017,0.042338,0.054069,0.19981,0.13545,0.39712,0.62868,-0.074788,-0.079466,-0.24637,-0.11297,0.56415,0.46821,0.3741,0.51984,0.27707,0.7001,-0.062462,0.24188,0.66837,0.15441,0.4441,0.45395,0.044991,-0.013059,0.028798,-0.18072,0.12544,0.069827,0.14304,0.15025,0.63173,0.46005,-0.099309,-0.44991,0.54367,0.31702,0.066579,0.10409,0.20209,0.14539
0.27296,-0.28955,-0.1937,-0.052225,0.76522,0.37952,0.19847,-0.054374,0.76407,0.21001,0.36439,0.33127,-0.12047,0.037861,0.067922,0.063432,0.10391,0.046985,-0.018005,0.15644,0.4352,0.47599,0.44737,0.15463,0.58402,0.25842,0,1.4049,0.29681,-0.094051,-0.11649,-0.10847,0.24484,-0.075334,-0.2684,-0.49916,-0.32645,-0.36306,-0.064717,0.16044,0.52343,0.41807,0.091634,-0.29879,0.11219,-0.035654,-0.23666,-0.14078,0.36626,0.29431,0.45289,0.13277,0.19427,0.2961,0.03134,-0.073378,-0.11044,-0.059874,0.0032851,0.21013,0.41252,0.86646,0.42082,0.37594,0.51899,0.072396,0.020598,0.52428,0.36096,0.95002,0.84708,0.19123,-0.091284,-0.0062013,-0.18731,0.25255,0.05649,-0.025636,-0.067565,-0.089689,-0.19323,-0.26301,0.16382,-0.17074,-0.24821,-0.2328,-0.30697,0.10884,0.1102,0.056431,-0.18125,0.29543,0.070721,0.12936,0.089533,0.3518,0.24449,0.32756,-0.26599,0.23539,0.25331,-0.053215,-0.15306,0.10641,-0.079898
0.18605,-0.51536,-0.29672,-0.14878,0.84874,0.33383,0.093823,-0.27402,0.69425,0.19331,0.14924,0.31597,-0.18581,0.013075,-0.0072488,0.11712,0.071697,0.1059,0.10207,0.21758,0.49802,0.63356,0.48619,0.088423,0.5121,0.20798,1.4049,0,0.1145,-0.31508,-0.14124,-0.1655,0.16148,-0.13902,-0.4096,-0.71839,-0.452,-0.54945,-0.2428,0.055885,0.35097,0.23843,0.14008,-0.2828,0.19422,-0.043018,-0.13229,-0.017121,0.54171,0.21356,0.35236,0.12051,0.19322,0.3712,0.10546,-0.073066,-0.11703,0.01586,0.0079006,0.15666,0.40729,0.53099,0.43804,0.34228,0.401,0.15466,0.10439,0.33409,0.38597,0.84123,0.81252,0.18337,-0.041058,-0.018244,-0.11357,0.04879,0.025608,-0.13639,-0.18722,-0.17456,-0.1374,-0.053265,0.26899,-0.037064,0.071487,-0.11932,-0.052538,0.20014,0.1076,0.14314,-0.11044,0.25249,0.087169,-0.00071773,-0.080462,0.17145,0.16863,0.25214,-0.32649,0.053477,0.2388,-0.137,-0.12769,0.15489,-0.13449
0.61951,0.45347,0.25041,0.51195,0.2905,0.043049,0.57241,0.34813,-0.27206,-0.40984,-0.10562,-0.010617,-0.25507,-0.24235,-0.32749,-0.35352,-0.11607,0.0051706,-0.1744,0.16829,-0.54449,-0.49383,0.2358,0.24123,0.061268,-0.088934,0.29681,0.1145,0,0.72578,0.088846,-0.29906,-0.047978,0.048645,0.59736,0.43097,0.41934,0.38796,0.38439,0.32092,0.29271,-7.4389e-06,0.066334,-0.18805,-0.10855,-0.17738,-0.3291,-0.3317,0.2097,-0.058032,-0.11296,0.097916,0.8904,0.37816,0.49726,0.24327,-0.091808,-0.29271,-0.50936,0.19564,-0.21568,0.46065,0.07225,-0.31128,-0.27076,-0.39693,-0.40999,0.093191,0.052237,-0.11194,-0.21934,-0.42415,-0.55173,-0.22056,-0.3424,0.31825,0.067204,-0.066538,0.38395,-0.093496,-0.26897,-0.26509,0.077603,0.066853,-0.046563,-0.28652,-0.10646,-0.5498,-0.38681,-0.20923,-0.20925,0.39969,0.032247,1.0468,0.55018,0.60422,0.34574,0.63172,0.4182,0.2391,-0.29946,-0.58768,-0.7407,0.43089,0.54777
0.31892,0.2388,0.33506,0.53752,0.023626,0.16559,0.60819,0.59337,-0.15691,-0.18461,0.14372,-0.16237,-0.22339,-0.27272,-0.42252,-0.87556,-0.33614,-0.18092,-0.15749,0.013664,-0.27281,-0.61488,0.23258,0.37402,0.015337,0.0012721,-0.094051,-0.31508,0.72578,0,0.26994,0.070872,-0.075368,0.30061,0.5976,1.0033,0.36845,0.86091,0.4955,0.30538,0.45948,0.085682,-0.096365,0.19377,-0.91775,-0.68708,-0.14468,-0.19979,-0.05556,-0.065318,-0.25592,-0.16488,0.52174,0.19083,0.03472,0.32984,0.24246,-0.29958,-0.33246,-0.074835,-0.37394,0.17044,-0.012506,-0.44133,-0.076101,-0.57226,-0.49626,-0.18591,-0.42196,-0.53115,-0.37207,-0.91786,-0.75595,-0.67902,-0.8496,0.31393,-0.053437,-0.14913,0.45363,-0.16739,-0.40194,-0.55908,0.048266,0.27439,-0.22058,-0.50009,-0.31797,-0.40872,-0.11165,-0.86213,-0.94094,0.42523,0.51335,0.77236,0.46273,0.35686,0.26937,0.32342,0.59772,0.16527,-0.67371,-0.2018,-0.84707,0.40445,0.47916
0.72757,0.1551,-0.066258,-0.25494,0.17069,0.026097,0.65493,0.14563,-0.029459,0.057763,0.21269,-0.16841,-0.20421,-0.17276,-0.03341,-0.11231,-0.29925,0.047284,0.047034,0.27478,-0.085825,0.0082024,0.25259,0.083361,0.50774,0.60911,-0.11649,-0.14124,0.088846,0.26994,0,1.0152,-0.20669,0.38685,0.50179,0.45094,0.53328,0.73525,0.74796,0.43868,0.48117,0.013701,0.43903,0.72077,-0.046101,0.052854,0.30806,0.27478,0.41355,-0.29949,-0.49124,0.18776,0.32402,0.019476,0.019849,0.72536,0.55977,0.083214,0.12828,0.010058,-0.3127,0.31678,0.38845,0.29764,0.50923,0.04166,0.15749,0.37107,0.26314,0.023277,0.24248,-0.0078288,0.19863,-0.035692,0.1302,-0.03093,-0.25327,-0.075742,0.28481,0.22598,0.40146,-0.45091,-0.19997,0.5726,0.068536,0.21584,0.4633,0.1089,0.19416,-0.13302,-0.15033,0.24903,-0.12951,0.52612,-0.13927,0.37089,-0.040255,-0.25476,-0.46035,0.45985,0.14028,0.17775,-0.018618,0.059852,0.01816
0.25678,-0.24641,-0.21068,-0.33121,-0.12944,-0.16718,0.20762,-0.1526,0.020112,0.14757,0.10022,-0.16211,-0.076132,-0.028039,0.045939,-0.047399,-0.26923,-0.050257,0.099816,-0.14761,0.058843,0.0197,-0.025474,-0.32316,0.53263,0.52563,-0.10847,-0.1655,-0.29906,0.070872,1.0152,0,-0.03119,0.48782,0.15395,0.25948,0.27101,0.5512,0.53268,0.16991,0.22586,-0.085669,0.15556,0.50262,-0.064917,0.27275,0.12765,0.087942,0.13884,-0.18816,-0.25388,-0.052848,-0.14825,-0.30905,-0.30281,0.41626,0.43473,0.023022,0.2872,-0.23746,-0.33447,0.34282,0.49507,0.36391,0.51361,-0.046058,0.056512,0.37123,0.18264,0.25873,0.47155,0.21008,0.51343,-0.0092216,0.25243,-0.10688,-0.29897,0.01365,0.17527,0.34422,0.43047,-0.41745,-0.16605,0.32984,-0.025211,0.16137,0.26653,0.062971,0.12573,-0.31067,-0.12846,-0.089583,-0.0754,0.086409,-0.29738,0.16717,0.0060525,-0.51163,-0.5782,0.23584,0.261,0.4289,0.30306,0.017548,-0.14012
-0.23823,-0.0011201,0.76967,0.57287,0.14345,0.1925,-0.14572,0.20449,0.07454,0.19359,0.17683,0.084818,0.97874,1.0054,0.35098,0.13929,0.59619,0.61491,0.70229,0.073517,-0.034866,0.053181,0.054932,-0.030927,0.2288,0.36097,0.24484,0.16148,-0.047978,-0.075368,-0.20669,-0.03119,0,0.86251,-0.049524,0.011778,0.19895,-0.014285,0.23436,0.17728,-0.13482,0.4325,-0.23456,-0.42233,0.10877,0.22084,-0.095131,-0.26995,-0.18515,0.80552,0.70404,-0.83892,-0.035166,0.24713,0.22342,-0.56656,-0.46651,-0.24096,-0.25567,-0.008185,0.34545,0.099254,-0.026202,0.012322,0.0017935,0.014546,-0.089419,0.22319,-0.24338,0.45958,0.23279,0.039597,-0.047231,0.015973,-0.07815,0.72293,0.5723,1.0171,0.71423,0.74013,0.52482,0.36301,0.41721,0.18269,0.26503,0.3756,0.0501,-0.037449,-0.06224,0.028309,0.005263,0.11232,0.12255,-0.075015,0.44625,0.11059,0.2432,0.29828,0.0083168,-0.16868,-0.19648,-0.14056,-0.09797,0.17509,0.30167
-0.010891,-0.0033589,0.6951,0.58996,-0.0032416,0.095881,0.11057,0.19574,-0.17379,0.048329,-0.025492,-0.11793,0.62495,0.68187,0.011632,-0.20786,0.2802,0.60563,0.73264,0.0055068,-0.21108,-0.15229,0.099295,-0.088296,0.47987,0.58871,-0.075334,-0.13902,0.048645,0.30061,0.38685,0.48782,0.86251,0,0.2568,0.51776,0.48566,0.64968,0.64916,0.37819,0.016554,0.18401,-0.19496,-0.0051762,-0.15724,0.13097,-0.055565,-0.19418,0.053313,0.48478,0.23358,-0.74148,0.15977,0.23002,0.13973,-0.062568,-0.16713,-0.41825,-0.27295,-0.30954,-0.14442,0.14817,0.21613,-0.040922,0.097124,-0.24833,-0.18421,0.11199,-0.34328,0.17394,0.20616,-0.16391,-0.028753,-0.17236,-0.090659,0.48596,0.31841,0.75403,1.2669,0.66012,0.6185,0.085824,0.39355,0.60575,0.41424,0.39901,0.34245,-0.24071,-0.156,-0.34236,-0.28594,0.16513,0.30434,0.1882,0.39045,0.32457,0.39531,0.14436,0.044028,0.0087556,-0.34255,-0.12993,-0.16008,0.44734,0.47559
0.7927,0.63837,0.19533,0.076091,0.10859,-0.36352,0.86723,0.30805,-0.62078,-0.6591,0.045189,-0.51968,-0.01279,-0.12115,0.12741,-0.14233,-0.060178,0.038927,-0.27947,0.14993,-0.68846,-0.49427,0.0077517,0.060081,-0.14222,-0.12225,-0.2684,-0.4096,0.59736,0.5976,0.50179,0.15395,-0.049524,0.2568,0,1.0554,1.4146,0.80414,0.93507,0.23857,0.31669,-0.19887,0.5576,0.44888,0.029149,0.016863,0.21458,0.11912,-0.02449,-0.37733,-0.6641,-0.046418,0.7177,-0.06026,0.56336,0.43306,0.41326,0.11956,-0.12624,-0.043639,-0.64003,-0.0083599,-0.19976,0.088001,-0.15502,-0.0071836,0.081918,0.17242,-0.076333,-0.39759,-0.40335,-0.12731,-0.0093611,0.16112,0.026781,0.14047,-0.35852,-0.012419,0.30139,0.3694,0.044136,-0.31221,-0.29343,0.1026,0.059705,0.04075,0.14167,-0.077329,0.11072,-0.17437,-0.07076,0.55306,-0.32992,0.95812,0.16984,0.084097,-0.34,0.12637,0.087409,0.069734,-0.41815,-0.086994,-0.42909,0.044631,0.19548
0.33554,0.44593,0.43151,0.41451,-0.2746,-0.22228,0.44705,0.36856,-0.512,-0.3753,-0.042762,-0.4975,-0.0030854,-0.12586,-0.09832,-0.39385,-0.24532,-0.10788,-0.14962,-0.15107,-0.52281,-0.68531,-0.117,0.043653,-0.12748,-0.093028,-0.49916,-0.71839,0.43097,1.0033,0.45094,0.25948,0.011778,0.51776,1.0554,0,0.88256,1.2709,0.67058,0.18212,0.14853,-0.17924,0.047366,0.41996,-0.49653,-0.26273,0.048207,-0.0061205,-0.19334,-0.23153,-0.49945,-0.26757,0.34543,-0.08558,0.21111,0.435,0.38995,-0.13017,-0.092196,-0.20274,-0.66471,-0.12657,-0.11369,-0.22053,-0.15689,-0.35875,-0.23793,-0.047997,-0.33597,-0.56703,-0.50467,-0.4619,-0.19611,-0.20587,-0.25089,0.076463,-0.19287,0.015857,0.52343,0.16067,-0.047467,-0.27327,-0.033374,0.25828,-0.03857,-0.15645,-0.010666,-0.30496,0.033387,-0.55262,-0.40731,0.26972,0.19422,0.59214,0.30662,0.056387,-0.033721,0.021,0.37066,-0.043604,-0.70364,0.013237,-0.37336,0.27829,0.4273
0.55186,0.52726,0.34081,0.19768,-0.017245,-0.38154,0.53855,0.28881,-0.70197,-0.40166,-0.024384,-0.3211,0.23493,0.075085,0.3142,0.12673,0.12944,0.24317,-0.036991,0.14447,-0.88525,-0.5254,-0.16846,-0.16379,-0.10804,0.061161,-0.32645,-0.452,0.41934,0.36845,0.53328,0.27101,0.19895,0.48566,1.4146,0.88256,0,0.87736,1.0363,0.35984,0.043929,-0.19977,0.31974,0.1864,0.15842,0.22786,0.039741,-0.10091,-0.15433,-0.12247,-0.35369,-0.23998,0.50337,-0.098253,0.68266,0.15303,0.13603,-0.077271,-0.26165,0.012957,-0.46481,0.02889,-0.13159,0.09337,-0.14648,-0.10301,-0.029696,0.35172,0.079592,-0.20755,-0.25853,-0.018751,0.15517,0.15619,0.15081,0.31475,-0.11173,0.30219,0.57343,0.63084,0.41006,-0.067355,-0.096409,0.15032,0.22284,0.34965,0.37548,-0.20905,-0.040013,-0.055574,0.11402,0.40763,-0.425,0.65737,0.16061,0.041145,-0.23766,-0.038992,-0.046248,-0.083154,-0.32213,-0.10744,-0.21613,-0.058453,0.13712
0.33819,0.22114,0.27472,0.34624,-0.19529,-0.12453,0.46885,0.40132,-0.45258,-0.1111,-0.078327,-0.13908,-0.0050686,-0.11621,-0.17071,-0.31773,-0.17431,0.039031,-0.025469,-0.072467,-0.58461,-0.63101,-0.085321,-0.099032,0.20286,0.23682,-0.36306,-0.54945,0.38796,0.86091,0.73525,0.5512,-0.014285,0.64968,0.80414,1.2709,0.87736,0,0.98519,0.54332,0.20777,-0.096413,-0.080008,0.29089,-0.43386,-0.14858,-0.19679,-0.28444,-0.093491,-0.090867,-0.35874,-0.30831,0.33387,-0.068557,0.2093,0.27304,0.20532,-0.45713,-0.33161,-0.18855,-0.53949,0.14572,0.16347,-0.17696,0.026672,-0.62226,-0.41728,0.11858,-0.078801,-0.32485,-0.14775,-0.41816,-0.10009,-0.33385,-0.22182,0.23949,-0.026704,0.09882,0.69591,0.19543,0.12921,-0.41429,-0.011329,0.31011,0.049224,-0.010832,0.1697,-0.49723,-0.18361,-0.61382,-0.45083,0.30436,0.1845,0.58418,0.3176,0.23037,0.18194,-0.11673,0.18801,-0.00098652,-0.49829,-0.052794,-0.25254,0.27273,0.34756
0.67463,0.35283,0.23026,0.094057,0.2758,-0.092942,0.87225,0.47481,-0.37755,-0.19805,0.20914,-0.14612,0.20968,0.18119,0.09525,-0.18994,0.088018,0.33876,0.15891,0.27405,-0.50839,-0.33576,0.2172,0.026242,0.42686,0.47908,-0.064717,-0.2428,0.38439,0.4955,0.74796,0.53268,0.23436,0.64916,0.93507,0.67058,1.0363,0.98519,0,0.68309,0.4984,0.16698,0.33106,0.3268,0.026902,0.17493,0.093173,-0.11265,0.11283,-0.033999,-0.27101,-0.27151,0.56114,0.036559,0.33067,0.14978,0.20138,-0.12101,-0.31708,0.024515,-0.30679,0.36486,0.19123,0.10684,0.093435,-0.11575,-0.052881,0.33986,-0.048921,-0.0287,0.077693,-0.12805,0.0040623,-0.012707,-0.033783,0.57063,-0.014858,0.29563,0.63227,0.71671,0.43306,-0.46453,-0.23844,0.36605,0.15115,0.27453,0.26866,-0.1097,-0.033304,-0.29721,-0.19578,0.57937,-0.19327,0.89415,0.32107,0.40902,-0.0002242,0.077864,-0.10256,0.2353,-0.20274,-0.054681,-0.28428,0.16391,0.26501
0.2952,0.16404,0.31587,0.2717,0.41554,0.65315,0.5049,0.89347,0.022915,0.37224,0.28132,0.74119,0.037197,-0.014661,-0.026564,0.02223,0.14299,0.4698,0.38224,0.72195,-0.11897,0.046136,0.51951,0.35181,0.46619,0.957,0.16044,0.055885,0.32092,0.30538,0.43868,0.16991,0.17728,0.37819,0.23857,0.18212,0.35984,0.54332,0.68309,0,0.41291,0.67583,-0.017766,0.0077938,-0.08688,-0.1861,-0.17064,-0.3348,0.29006,0.1488,0.03112,-0.050368,0.51021,0.56147,0.27691,-0.10771,-0.12923,-0.47602,-0.49687,0.46971,0.39745,0.53156,0.49033,-0.07234,0.3073,-0.28464,-0.20989,0.11303,0.21537,0.033379,0.20845,-0.3638,-0.32114,-0.39407,-0.34247,0.75285,0.54499,0.1917,0.52833,0.068805,0.30205,-0.15096,0.20534,0.33242,0.11262,0.20295,0.34704,-0.30533,-0.21021,-0.070254,-0.29176,0.36633,0.0279,0.40027,0.43735,0.49896,0.44207,-0.060335,-0.11117,0.27597,-0.058755,-0.15489,-0.12624,0.24503,0.27738
0.7973,0.047471,-0.16532,-0.28234,0.91817,0.40342,1.2048,0.38914,0.48422,0.026642,0.82028,-0.03687,-0.29774,-0.18827,-0.023824,-0.39332,-0.19484,-0.050712,-0.15243,0.46142,0.38753,0.31682,0.8894,0.63673,0.54624,0.3921,0.52343,0.35097,0.29271,0.45948,0.48117,0.22586,-0.13482,0.016554,0.31669,0.14853,0.043929,0.20777,0.4984,0.41291,0,0.50459,0.60638,0.60834,-0.23822,-0.41512,0.36054,0.3395,0.47534,-0.17898,-0.28119,0.26025,0.57073,0.25151,-0.060181,0.43774,0.64174,0.26893,0.14362,0.19395,0.040016,0.52022,0.30645,0.357,0.66278,0.22081,0.27065,0.23209,-0.020595,0.078983,0.33602,-0.172,-0.28846,-0.13476,-0.41705,0.23249,-0.29981,-0.31825,-0.068303,-0.054817,-0.24525,-0.88325,-0.27308,0.21757,-0.30357,-0.28392,-0.21625,0.41945,0.53907,-0.2351,-0.62802,0.81898,0.105,0.65977,0.050146,0.36233,-0.11283,0.20129,-0.19423,0.57164,-0.018549,0.19811,-0.41918,0.10195,-0.026301
-0.027736,0.18752,0.44428,0.16926,0.53418,1.2345,0.22707,0.89889,0.59833,0.64655,0.84932,0.62504,0.21474,0.2346,0.09503,-0.052371,0.19584,0.29631,0.4094,0.69487,0.48543,0.46,0.75814,0.88258,0.41043,0.76337,0.41807,0.23843,-7.4389e-06,0.085682,0.013701,-0.085669,0.4325,0.18401,-0.19887,-0.17924,-0.19977,-0.096413,0.16698,0.67583,0.50459,0,0.011547,0.04832,-0.10811,-0.28746,0.18365,0.012666,0.14285,0.30722,0.29494,-0.057864,0.12465,0.67293,-0.07678,-0.22116,-0.069161,-0.049444,-0.10198,0.5026,1.0274,0.31909,0.15035,-0.037274,0.4187,0.16698,0.071691,0.023698,-0.087537,0.18947,0.2125,-0.25939,-0.48299,-0.23877,-0.41844,0.67939,0.69459,0.20853,0.17084,0.050101,0.097827,-0.090981,0.05102,0.2262,-0.17055,-0.0010993,-0.13453,0.21432,0.14601,0.12747,-0.26359,0.19873,0.20478,0.050078,0.50388,0.43663,0.33194,0.2381,-0.047142,0.46717,0.05712,-0.001564,-0.1324,0.17058,0.297
0.88509,0.28909,-0.22923,-0.68181,0.64019,-0.14636,0.83978,-0.050896,0.00030559,-0.44272,0.38916,-0.44075,-0.18859,-0.14138,0.38365,0.11446,-0.054038,0.040663,-0.20814,0.51725,0.14089,0.38865,0.44514,0.30144,-0.010898,0.017553,0.091634,0.14008,0.066334,-0.096365,0.43903,0.15556,-0.23456,-0.19496,0.5576,0.047366,0.31974,-0.080008,0.33106,-0.017766,0.60638,0.011547,0,0.83107,0.48557,0.14204,0.98325,0.89491,0.41771,-0.60971,-0.7089,0.4915,0.54297,0.068098,0.27945,0.59026,0.76634,0.99989,0.44897,0.18558,-0.16103,0.062985,-0.04757,0.64357,0.23135,0.94189,0.98186,0.23025,0.13424,-0.032408,0.015892,0.32325,0.23174,0.53838,0.31861,-0.16085,-0.62973,-0.31311,-0.37554,0.22935,0.07003,-0.20142,-0.4785,0.12578,0.08327,0.15847,0.25272,0.81019,0.65353,0.37986,0.22472,0.45635,-0.68176,0.44167,-0.3733,-0.023826,-0.77005,0.039112,-0.48726,0.40373,0.20859,0.19634,-0.10633,-0.19991,-0.25216
0.49946,0.22663,-0.16983,-0.56609,0.13956,-0.040048,0.60391,0.087099,0.050646,-0.17782,0.37521,-0.50071,-0.2925,-0.27508,0.070198,-0.20113,-0.39658,-0.21817,-0.21951,0.19078,0.28401,0.2432,0.32048,0.34495,0.078565,0.102,-0.29879,-0.2828,-0.18805,0.19377,0.72077,0.50262,-0.42233,-0.0051762,0.44888,0.41996,0.1864,0.29089,0.3268,0.0077938,0.60834,0.04832,0.83107,0,-0.1077,-0.17429,1.0193,0.99945,0.27364,-0.75379,-1.0232,0.3402,0.18111,-0.083252,-0.15696,0.90833,1.3938,0.71043,0.65177,-0.048384,-0.30373,-0.15207,0.038429,0.35296,0.36098,0.49226,0.62966,-0.042059,-0.12931,-0.33502,-0.10945,0.0054992,0.13634,0.1768,0.099806,-0.38237,-0.61391,-0.46633,-0.2963,0.011029,-0.049103,-0.42693,-0.51631,0.29631,-0.11141,-0.085597,0.10254,0.64526,0.75041,-0.059991,-0.18149,0.2124,-0.10267,0.25979,-0.27808,-0.067902,-0.52164,-0.24109,-0.27176,0.39073,0.0070013,0.51176,0.022591,-0.0084999,-0.071769
