,,,,,,,,,,,,,,,,,,,,,,,,,,,,,,,,,,,,,,,,,,,,,,,,,,,,,,,,,,,,,,,,,,,,,,,,,,,,,,,,,,,,,,,,,,,,,,,,,,,,,,,,
0,0.6046,-0.10578,-0.26825,0.67225,0.10845,1.2222,0.36487,-0.07769,-0.30533,0.28538,-0.068638,-0.51833,-0.49194,0.25841,0.1952,-0.41415,-0.044574,-0.27118,0.48722,-0.1096,-0.01079,0.57787,0.27624,0.23555,0.19826,0.4075,0.15665,0.76664,0.35996,0.8362,0.23574,-0.33329,-0.14198,0.6661,0.40968,0.5257,0.5037,0.70264,0.5394,0.83901,0.21484,1.2651,0.68728,0.30869,0.047368,0.39718,0.45502,0.49754,-0.64864,-0.76113,0.49227,1.1637,0.43323,0.37598,0.7784,0.93121,0.73902,0.34237,0.46522,-0.087493,0.674,0.42236,0.49011,0.3313,0.3818,0.37103,0.5405,0.51726,0.12227,0.031319,-0.015166,-0.030138,0.15709,0.0051527,0.23754,-0.44043,-0.35512,-0.10681,0.060305,0.044685,-0.67648,-0.40561,0.18686,-0.1397,-0.13241,0.1402,0.26968,0.39273,0.21417,0.1099,0.57302,-0.43902,1.0977,0.060131,0.56556,-0.074144,0.015627,-0.2132,0.59442,0.16445,-0.010675,-0.13336,0.14986,0.16187
0.6046,0,0.29538,0.17516,0.0083174,0.0058191,0.3531,0.61978,-0.28018,-0.33421,0.18508,-0.26723,0.0046748,-0.11216,0.52345,0.47403,0.085577,0.13496,-0.42796,0.031709,-0.22729,-0.1485,0.01392,0.21256,-0.22614,-0.17699,0.034353,-0.46537,0.4462,0.27399,0.155,-0.10999,-0.060257,-0.045951,0.55255,0.71282,0.47486,0.37231,0.36469,0.1518,0.23646,0.31358,0.56757,0.60891,0.35756,0.19354,0.4155,0.49385,-0.08419,-0.37435,-0.48129,0.22883,0.46845,0.2309,0.31296,0.27395,0.45305,0.52146,0.44302,0.20541,-0.019503,0.26317,0.078032,0.45281,0.1412,0.51645,0.57344,0.38285,0.16388,-0.011057,-0.4203,0.24217,0.12792,0.71812,0.25257,0.31237,-0.057224,0.031271,-0.07817,0.13981,-0.056236,-0.31117,-0.49979,-0.23458,-0.37573,-0.19314,-0.28454,0.25226,0.4512,0.47943,0.46252,0.23915,-0.23739,0.50536,0.42879,0.28612,-0.07678,0.081663,0.25431,0.439,-0.013645,0.176,0.184,0.099509,0.36179
-0.10578,0.29538,0,1.2244,-0.23119,-0.049465,-0.0029345,0.26751,-0.15837,-0.045563,0.094362,-0.19529,0.32864,0.23818,0.27206,0.085424,0.17902,0.58614,0.27361,-0.024277,-0.023722,0.14713,0.027656,0.17042,-0.14057,0.092925,-0.28986,-0.3669,-0.0089365,0.082215,0.067475,-0.043484,0.53258,0.57968,0.31691,0.46667,0.46914,0.18368,0.19595,-0.0086566,-0.11052,0.21136,0.11297,0.19267,0.17108,0.11094,0.64127,0.36516,-0.15014,-0.10484,-0.072683,-0.22515,0.1523,0.33696,0.56893,0.022677,-0.037605,0.2558,0.28292,0.2608,0.22148,-0.023037,0.056607,-0.022811,-0.12119,0.49139,0.42017,-0.22411,-0.31208,-0.0086195,-0.24809,-0.0069342,-0.092712,0.33068,0.087852,0.45756,0.36925,0.54018,0.59547,0.40208,0.23975,0.32556,0.30738,0.4204,0.37171,0.11524,0.045677,0.11756,0.21301,0.27364,0.13609,0.030428,-0.032267,0.23957,0.73443,0.24972,0.28826,0.02361,0.069708,0.16437,-0.10099,0.44268,0.1308,0.48772,0.75003
-0.26825,0.17516,1.2244,0,-0.61259,-0.33946,-0.31091,-0.068944,-0.34945,-0.18448,-0.33203,-0.17253,0.13251,0.048616,0.013043,0.10146,0.020234,0.3243,0.10588,-0.44791,-0.20603,-0.073177,-0.2682,-0.13584,-0.28557,-0.23682,-0.3185,-0.32614,0.12322,0.015102,-0.16501,-0.22544,0.25404,0.2761,0.16722,0.35593,0.29752,0.05881,-0.08613,-0.3085,-0.46529,-0.14971,-0.19736,-0.073234,0.13782,0.18242,0.25437,0.12299,-0.18907,-0.20581,-0.081854,-0.21248,0.020689,0.1909,0.64166,-0.0010894,-0.25309,-0.029117,0.15726,0.18123,0.075126,-0.072852,0.09856,-0.30162,-0.42862,0.061773,0.085682,-0.33851,-0.22002,-0.028643,-0.34488,-0.0070957,-0.024811,0.27761,0.19301,0.06472,0.33986,0.3572,0.43687,0.14839,0.037892,0.34792,0.37864,0.25338,0.44481,-0.049476,-0.019618,-0.24111,-0.12383,0.11172,0.22502,-0.21704,0.1126,0.16151,0.9106,0.18727,0.53601,-0.053183,0.31214,-0.040765,-0.10226,0.28123,0.23246,0.68886,0.96647
0.67225,0.0083174,-0.23119,-0.61259,0,0.62889,0.85682,0.27294,0.5611,0.10072,0.67054,0.11378,-0.1885,-0.11872,0.3051,0.021537,-0.035132,0.032767,0.031183,1.1015,0.48418,0.57057,1.0277,0.65353,0.33862,0.37467,0.6256,0.699,0.15752,0.061207,0.38079,-0.00073717,-0.057474,-0.12207,0.11062,-0.14791,-0.046553,-0.11985,0.22663,0.49766,1.0901,0.50803,0.8681,0.42563,0.010213,-0.43569,0.36141,0.46023,0.45609,-0.013617,-0.17233,0.25887,0.65289,0.57123,0.12184,0.25703,0.65148,0.62001,0.17816,0.22796,0.2265,0.21423,0.074259,0.51415,0.62473,0.55133,0.43305,0.40691,0.24351,0.093807,0.31177,-0.18541,-0.35683,-0.1582,-0.44152,0.24078,-0.19497,-0.32153,-0.24292,-0.085648,-0.022421,-0.26248,-0.059086,0.20505,-0.031358,0.049343,0.19771,0.78807,0.72677,0.29788,-0.30959,0.91765,-0.028607,0.26216,-0.36854,0.028088,-0.4292,0.29791,-0.27055,0.2129,-0.1221,-0.21339,-0.46138,-0.20172,-0.3205
0.10845,0.0058191,-0.049465,-0.33946,0.62889,0,0.17747,0.56624,1.2571,0.80928,0.8233,0.62932,-0.18815,-0.17665,0.30599,0.29839,-0.075637,-0.015363,0.093712,0.75879,1.3409,1.1027,0.80249,0.81568,0.20097,0.55401,0.50552,0.4361,-0.33612,-0.11663,0.099763,0.027479,0.027261,-0.12639,-0.4515,-0.36497,-0.54582,-0.44359,-0.2696,0.56425,0.56938,1.1219,0.24329,0.3823,-0.3191,-0.64957,0.27855,0.40312,0.27741,0.027799,0.032809,0.36336,0.043234,0.69355,-0.3347,0.081933,0.42304,0.30583,0.60222,0.39602,0.97337,0.23779,0.25521,0.48517,1.0997,0.49917,0.43125,0.18556,0.26447,0.19562,0.32138,-0.15238,-0.33033,-0.31644,-0.55802,0.145,0.30759,-0.3321,-0.43496,-0.48969,-0.13848,-0.033025,0.25622,0.0055235,-0.4213,-0.19486,-0.11647,0.62258,0.76567,0.39451,-0.36256,0.14142,0.35416,-0.25246,-0.22198,-0.050458,-0.045908,-0.24252,-0.3978,0.32436,0.21661,0.36663,0.13553,-0.15364,-0.26632
1.2222,0.3531,-0.0029345,-0.31091,0.85682,0.17747,0,0.53779,-0.0054011,-0.26929,0.51252,-0.18041,-0.38631,-0.36688,0.10064,-0.22415,-0.35687,-0.035978,-0.16859,0.80595,-0.011304,0.038813,0.85152,0.62987,0.16455,0.24966,0.15437,0.050079,0.59194,0.72654,0.81016,0.18805,-0.30186,-0.082902,0.81439,0.48966,0.51387,0.58738,0.81877,0.56577,1.2957,0.26224,1.3932,0.77515,-0.010833,-0.26637,0.61955,0.51615,0.43066,-0.52283,-0.76321,0.4161,1.2172,0.37347,0.28858,0.72516,0.98434,0.84096,0.13728,0.39184,-0.1177,0.33756,0.14228,0.25108,0.24121,0.45696,0.3912,0.16956,0.087009,-0.2209,-0.095464,-0.35266,-0.41884,-0.067194,-0.32516,0.34502,-0.59683,-0.34729,-0.03471,0.077416,-0.037197,-0.59891,-0.44381,0.36601,-0.060141,-0.071603,0.12477,0.40526,0.46899,-0.0056714,-0.31018,0.87143,-0.36738,1.0212,-0.0046213,0.39601,-0.28876,0.2032,-0.16483,0.57394,-0.048499,0.016776,-0.50326,0.061019,0.069269
0.36487,0.61978,0.26751,-0.068944,0.27294,0.56624,0.53779,0,0.28328,0.35153,0.91257,0.21241,-0.065328,-0.21218,0.39847,0.22212,-0.11212,-0.074791,-0.2289,0.55177,0.20095,0.1512,0.38337,0.75188,-0.089473,0.25407,0.018883,-0.29298,0.086624,0.45203,0.19625,-0.045899,0.027999,-0.10434,0.3045,0.39902,0.22721,0.31233,0.37543,0.71783,0.63961,0.87249,0.41668,0.56379,-0.26212,-0.41603,0.4325,0.29831,-0.11752,-0.2728,-0.34966,0.2035,0.22247,0.19159,0.021174,0.088806,0.55573,0.44179,0.26671,0.66728,0.52513,0.1621,0.052024,0.23325,0.4045,0.43973,0.3339,0.15076,0.094783,-0.16635,-0.2345,-0.27382,-0.36962,-0.043743,-0.46024,0.62063,0.14596,-0.15114,-0.1486,-0.067308,-0.11589,-0.33324,-0.3913,-0.080267,-0.61482,-0.25592,-0.37692,0.40007,0.70508,0.18887,-0.2226,0.39164,-0.09853,0.27325,0.25596,0.02307,-0.24297,-0.22682,-0.14241,0.3614,0.020788,0.65617,0.040435,-0.11807,0.052409
-0.07769,-0.28018,-0.15837,-0.34945,0.5611,1.2571,-0.0054011,0.28328,0,1.0779,0.83603,0.7809,-0.10778,-0.11686,0.34668,0.33494,0.0017623,-0.14642,0.025232,0.48945,1.3248,1.0556,0.50209,0.51579,0.24468,0.44938,0.81114,0.74875,-0.36998,-0.26921,-0.041271,-0.013762,0.1038,-0.23389,-0.68022,-0.73823,-0.68014,-0.73745,-0.40192,0.32916,0.43572,0.8758,0.012034,0.027655,-0.30662,-0.56835,0.012627,0.1055,0.044551,0.24716,0.31859,0.16001,-0.17762,0.40779,-0.2524,-0.17718,0.16805,0.086438,0.37908,0.34631,1.0852,0.22744,0.13337,0.43351,1.0198,0.26796,0.17503,0.32782,0.37781,0.38373,0.57506,-0.026018,-0.22921,-0.37786,-0.55361,0.20315,0.41196,-0.23894,-0.41882,-0.43302,-0.16537,-0.089752,0.23219,-0.099391,-0.41147,-0.16822,-0.21169,0.54414,0.59885,0.32934,-0.34775,0.17434,0.36871,-0.38984,-0.22473,-0.16226,-0.043302,-0.2133,-0.40736,0.094561,0.2111,0.26488,0.076777,-0.28965,-0.42347
-0.30533,-0.33421,-0.045563,-0.18448,0.10072,0.80928,-0.26929,0.35153,1.0779,0,0.53875,1.2401,-0.018788,-0.062102,0.2061,0.42762,-0.01721,-0.056829,0.11276,0.20606,0.72053,0.65312,0.1249,0.1416,0.32698,0.57901,0.38097,0.36692,-0.65022,-0.45535,-0.055399,0.15729,0.21723,-0.069545,-0.75031,-0.73809,-0.5037,-0.44142,-0.28596,0.48971,0.1074,0.70997,-0.32935,-0.14425,-0.23891,-0.25733,-0.16282,-0.21919,-0.11077,0.22581,0.4263,-0.010489,-0.55932,0.054389,-0.32813,-0.44734,-0.13029,-0.26452,0.15586,0.4371,1.2961,0.23926,0.2873,0.26148,0.72725,0.014592,-0.055619,0.16916,0.4009,0.48696,0.619,0.078206,0.047122,-0.33297,-0.31525,0.29964,0.73479,-0.0083764,-0.19754,-0.251,0.034791,-0.0037051,0.23231,-0.13968,-0.38692,-0.1207,-0.23629,0.16616,0.24483,0.18683,-0.2019,-0.15276,0.22129,-0.46861,-0.020833,-0.11667,0.19049,-0.724,-0.6563,-0.018252,0.46365,0.68666,0.48321,-0.18834,-0.27888
0.28538,0.18508,0.094362,-0.33203,0.67054,0.8233,0.51252,0.91257,0.83603,0.53875,0,0.23572,0.10157,0.010082,0.70822,0.20762,0.072992,-0.047983,-0.005754,0.83708,0.6069,0.48105,0.59505,0.85931,0.051813,0.47474,0.39444,0.13042,-0.11256,0.22039,0.24779,0.072263,0.21716,-0.054028,0.016211,-0.019397,0.010464,-0.08081,0.23126,0.49417,0.80782,1.0537,0.43346,0.35573,-0.27431,-0.48703,0.41536,0.33828,-0.12509,0.13915,0.047646,0.092152,0.13374,0.26842,-0.098028,-0.038905,0.52608,0.58486,0.36609,0.51874,0.65117,0.16874,-0.087375,0.4519,0.76426,0.63273,0.39333,0.43379,0.13904,0.037455,0.15401,-0.152,-0.36176,-0.21388,-0.59816,0.8356,0.17075,-0.043194,-0.11718,0.03394,0.052022,-0.3045,-0.21091,0.063362,-0.50465,0.0097238,-0.19053,0.87568,1.0621,0.28752,-0.28552,0.61642,-0.029051,0.060667,-0.12499,-0.091554,-0.44034,-0.065348,-0.30654,0.29708,0.028877,0.37714,-0.17334,-0.45879,-0.36199
-0.068638,-0.26723,-0.19529,-0.17253,0.11378,0.62932,-0.18041,0.21241,0.7809,1.2401,0.23572,0,-0.38992,-0.42518,0.0582,0.54593,-0.22644,-0.14451,-0.083958,0.13659,0.53272,0.59797,0.14414,0.02669,0.43403,0.47192,0.56792,0.54056,-0.23587,-0.47132,0.045069,0.11162,-0.15841,-0.36177,-0.6583,-0.79467,-0.50826,-0.35234,-0.28889,0.63312,0.14739,0.50543,-0.25211,-0.13801,-0.040241,-0.16501,-0.32493,-0.29945,0.12032,-0.066645,0.17621,0.3159,-0.2875,0.16723,-0.12016,-0.2107,-0.097609,-0.37631,0.12403,0.59958,1.0787,0.53895,0.6085,0.24926,0.67423,-0.19418,-0.15671,0.22683,0.80532,0.58538,0.69481,0.11537,0.094531,-0.27793,-0.18271,0.091189,0.59724,-0.24825,-0.36119,-0.51023,-0.11194,-0.14383,0.20067,-0.18323,-0.34492,-0.26554,-0.15956,-0.070342,0.031543,0.26514,-0.064237,-0.17069,0.12989,-0.23221,0.079157,0.11537,0.44584,-0.80292,-0.5846,0.11286,0.67132,0.51327,0.63013,0.03272,-0.10461
-0.51833,0.0046748,0.32864,0.13251,-0.1885,-0.18815,-0.38631,-0.065328,-0.10778,-0.018788,0.10157,-0.38992,0,2.0061,0.38734,-0.010773,1.374,0.59091,0.54828,-0.067025,-0.14067,-0.042741,-0.37929,-0.11619,-0.058359,0.073865,-0.32597,-0.32826,-0.44499,-0.32835,-0.29856,-0.11946,0.97704,0.6407,-0.04313,0.038993,0.1536,-0.075249,0.095768,-0.24661,-0.40461,0.020978,-0.33089,-0.3525,0.21292,0.33442,0.0076192,-0.07891,-0.45816,1.1352,0.83109,-0.6883,-0.47396,-0.37993,-0.10747,-0.70104,-0.53189,-0.1298,-0.2181,-0.40094,-0.063872,-0.61291,-0.64374,0.015469,-0.17657,0.2272,0.1142,0.026411,-0.55463,-0.037912,0.010309,0.336,0.24872,0.34909,0.30401,0.40935,0.44419,1.2523,0.65686,0.82569,0.62896,0.56723,0.060073,0.016135,0.21005,0.85596,0.21171,0.19999,0.056156,0.15849,0.31141,0.031341,-0.068482,-0.46279,-0.10522,-0.40582,-0.40069,0.32973,0.12932,-0.3315,-0.30227,-0.094432,-0.018637,-0.45036,-0.2333
-0.49194,-0.11216,0.23818,0.048616,-0.11872,-0.17665,-0.36688,-0.21218,-0.11686,-0.062102,0.010082,-0.42518,2.0061,0,0.24303,-0.11976,1.2495,0.69602,0.73361,-0.036512,-0.10264,0.01756,-0.27615,-0.15461,0.093891,0.17083,-0.31603,-0.22331,-0.50017,-0.39397,-0.19605,-0.001192,0.92824,0.80053,-0.083555,-0.022224,0.10163,-0.068108,0.10137,-0.23256,-0.38432,-0.044589,-0.29889,-0.32171,0.24529,0.38509,0.024258,-0.035684,-0.2366,1.1508,0.82739,-0.64403,-0.42833,-0.31478,-0.18692,-0.55732,-0.52847,-0.14591,-0.20679,-0.52917,-0.15375,-0.58505,-0.53452,0.041793,-0.15541,0.2333,0.1434,-0.030425,-0.59508,0.0057763,0.12576,0.35323,0.29882,0.32083,0.37323,0.27051,0.34858,1.1897,0.71344,0.8428,0.73719,0.61191,0.1472,0.12654,0.34455,0.99609,0.37734,0.1848,-0.0093117,0.093047,0.25811,-0.020738,-0.046708,-0.47623,-0.20973,-0.3196,-0.33535,0.35456,0.038869,-0.28553,-0.24701,-0.16235,-0.033052,-0.37927,-0.24821
0.25841,0.52345,0.27206,0.013043,0.3051,0.30599,0.10064,0.39847,0.34668,0.2061,0.70822,0.0582,0.38734,0.24303,0,0.88005,0.41581,0.19639,-0.00046033,0.21718,0.26682,0.27412,0.07725,0.17015,-0.06041,0.15086,0.48504,0.04494,-0.067532,-0.23287,-0.0026551,-0.022263,0.50425,0.090838,-0.035083,0.018776,0.13033,-0.19015,0.1631,0.10111,0.20252,0.70329,0.30557,0.18167,0.31744,0.11999,0.26408,0.2859,-0.39866,0.24907,0.19258,-0.20235,0.041046,0.23533,0.21106,-0.30175,0.276,0.52206,0.50869,0.28852,0.47465,0.24295,-0.03672,0.65497,0.51316,0.62478,0.43345,1.0393,0.32847,0.38764,0.12379,0.36273,0.18232,0.33542,0.017865,0.88963,0.47498,0.30763,-0.010289,0.34601,0.26912,-0.10146,-0.12595,-0.12018,-0.27362,0.14322,-0.1228,0.75881,0.84066,0.82205,0.48508,0.40446,-0.072675,0.010539,0.043291,-0.091786,-0.27889,0.02328,0.0079167,0.065548,-0.049219,0.10256,0.1607,-0.31628,-0.12465
0.1952,0.47403,0.085424,0.10146,0.021537,0.29839,-0.22415,0.22212,0.33494,0.42762,0.20762,0.54593,-0.010773,-0.11976,0.88005,0,0.12395,0.076259,-0.21577,-0.11108,0.20479,0.29836,-0.14258,-0.16206,0.093282,0.092164,0.67653,0.23489,-0.034126,-0.61482,-0.077063,-0.043297,0.18576,-0.14941,-0.30431,-0.25603,-0.083782,-0.32214,-0.1375,0.20291,-0.051788,0.52214,0.01534,0.0193,0.47471,0.27413,-0.099794,0.023834,-0.20208,-0.012621,0.13779,0.018597,-0.11278,0.24396,0.23147,-0.27716,0.043653,0.04976,0.50387,0.42714,0.6984,0.55277,0.41627,0.67203,0.55941,0.20854,0.20331,0.95774,0.9573,0.83588,0.31125,0.60003,0.49519,0.39719,0.24686,0.34244,0.69007,0.088474,-0.23321,-0.037009,0.085299,-0.13383,0.015757,-0.38638,-0.36773,-0.1647,-0.24374,0.20877,0.36959,0.89252,0.71387,-0.027163,0.0039393,-0.050444,0.2664,0.092565,0.23547,-0.42678,-0.15341,0.045908,0.33611,0.27669,0.762,-0.010711,0.078289
-0.41415,0.085577,0.17902,0.020234,-0.035132,-0.075637,-0.35687,-0.11212,0.0017623,-0.01721,0.072992,-0.22644,1.374,1.2495,0.41581,0.12395,0,0.67263,0.32119,0.0078618,-0.04367,0.15692,-0.31477,-0.056477,-0.0034204,0.030078,-0.10153,-0.13409,-0.33122,-0.49138,-0.32799,-0.27049,0.55629,0.3131,-0.1455,-0.18643,-0.022792,-0.27095,-0.063137,-0.19461,-0.28762,0.06465,-0.23393,-0.33124,0.4309,0.31402,-0.041038,-0.0032071,-0.31017,1.149,0.86129,-0.29647,-0.31963,-0.22327,-0.047256,-0.68101,-0.58329,-0.17669,-0.2122,-0.43622,-0.0024784,-0.44039,-0.56949,0.252,0.016486,0.31099,0.29,0.11314,-0.34658,0.062536,0.13185,0.56518,0.29728,0.56917,0.40159,0.32749,0.40258,0.9881,0.38328,0.50436,0.41388,0.5315,0.06032,-0.14927,0.13671,0.75785,0.17205,0.27817,0.097289,0.48711,0.44058,0.11829,-0.088164,-0.46697,-0.1413,-0.29672,-0.35455,0.46675,0.16954,-0.18685,-0.16915,-0.22614,0.035128,-0.48681,-0.30913
-0.044574,0.13496,0.58614,0.3243,0.032767,-0.015363,-0.035978,-0.074791,-0.14642,-0.056829,-0.047983,-0.14451,0.59091,0.69602,0.19639,0.076259,0.67263,0,0.69373,0.12981,0.011817,0.3966,0.12748,-0.015205,0.44123,0.50405,-0.18669,-0.12767,-0.2724,-0.44245,0.33251,0.18642,0.38388,0.73883,0.051055,0.0033316,0.2393,0.10076,0.28152,0.1629,-0.054711,0.12144,0.11435,0.15263,0.63784,0.49214,0.53674,0.45383,0.31015,0.28538,0.24252,-0.074625,0.13269,0.28225,0.21411,-0.0877,-0.2502,0.092059,0.14546,-0.065851,0.058353,0.018999,0.18133,0.3758,0.13972,0.6627,0.75005,-0.082062,-0.25279,0.22042,0.30788,0.45655,0.33687,0.60197,0.54755,0.39975,0.33622,0.9311,0.74422,0.62047,0.78256,0.34402,0.27163,0.54905,0.68158,0.75648,0.60799,0.2811,0.13396,0.45389,0.34085,0.1086,-0.10496,0.090274,0.25039,0.39787,0.24715,0.051705,-0.17261,0.30249,0.20254,0.21203,0.32192,0.23203,0.284
-0.27118,-0.42796,0.27361,0.10588,0.031183,0.093712,-0.16859,-0.2289,0.025232,0.11276,-0.005754,-0.083958,0.54828,0.73361,-0.00046033,-0.21577,0.32119,0.69373,0,0.25915,0.18818,0.2975,0.24012,0.015477,0.39125,0.72663,-0.26893,0.035263,-0.49128,-0.33558,0.23437,0.29713,0.59082,0.83384,-0.20331,-0.095227,0.0050091,0.0055627,0.13263,0.13064,-0.19621,0.022643,-0.2182,-0.14728,0.011838,0.15867,0.22036,0.13768,0.34392,0.50333,0.46488,-0.28608,-0.20052,0.10906,-0.23955,-0.08323,-0.21831,0.0084956,0.071744,-0.048054,0.073633,-0.25946,0.052735,-0.11893,-0.010294,0.19002,0.095309,-0.22022,-0.39668,0.036457,0.36142,-0.04018,0.056709,-0.20006,0.10251,0.13991,0.38759,0.60287,0.80015,0.48173,1.0451,0.6202,0.6479,0.87857,0.69812,0.98726,1.0527,0.12292,-0.023645,-0.081691,-0.046179,-0.13001,0.1101,-0.28341,-0.23388,-0.04193,0.04403,-0.099625,-0.29885,-0.03476,0.066755,0.091254,0.086303,0.023601,-0.04108
0.48722,0.031709,-0.024277,-0.44791,1.1015,0.75879,0.80595,0.55177,0.48945,0.20606,0.83708,0.13659,-0.067025,-0.036512,0.21718,-0.11108,0.0078618,0.12981,0.25915,0,0.425,0.51747,1.0525,1.0536,0.15962,0.61617,0.19669,0.29386,0.10312,0.22658,0.47649,-0.021133,-0.013176,-0.033892,0.18866,0.0033127,0.083551,0.02219,0.25791,0.73089,0.82321,0.50582,0.60981,0.32733,-0.16572,-0.57172,0.44131,0.45278,0.48263,0.069422,-0.066583,0.4474,0.51974,0.47081,-0.054629,0.31276,0.47894,0.55699,0.14236,0.44479,0.317,0.03873,-0.031685,0.27162,0.51183,0.58102,0.41386,0.096014,0.034205,-0.18503,0.14632,-0.35737,-0.5625,-0.32553,-0.53109,0.33244,-0.098799,-0.14496,0.036356,-0.070176,0.17564,0.0098103,0.1116,0.40022,-0.075672,0.27797,0.37796,0.58609,0.6257,0.2483,-0.35336,0.64774,-0.18098,0.18087,-0.40945,-0.0042552,-0.4726,0.10538,-0.40985,0.3584,0.027344,0.043663,-0.40333,-0.3313,-0.38095
-0.1096,-0.22729,-0.023722,-0.20603,0.48418,1.3409,-0.011304,0.20095,1.3248,0.72053,0.6069,0.53272,-0.14067,-0.10264,0.26682,0.20479,-0.04367,0.011817,0.18818,0.425,0,1.3264,0.72823,0.59584,0.23227,0.44975,0.55191,0.54222,-0.51749,-0.20364,-0.0011978,0.094935,0.050826,-0.088777,-0.74006,-0.54189,-0.86283,-0.68398,-0.4425,0.20551,0.4329,0.90118,0.099491,0.31322,-0.37349,-0.58006,0.29489,0.42254,0.19941,0.10375,0.12342,0.17119,-0.076214,0.72494,-0.34184,-0.00057463,0.34156,0.27764,0.68823,0.18069,0.85296,0.20587,0.2605,0.37893,0.94708,0.41833,0.38645,0.12215,0.12738,0.2569,0.42715,-0.12717,-0.29051,-0.3632,-0.53703,0.076341,0.33708,-0.28215,-0.45429,-0.46392,-0.17865,-0.028258,0.35413,0.11147,-0.18814,-0.19347,-0.11893,0.6956,0.6674,0.27588,-0.44675,0.078432,0.71074,-0.37464,-0.17299,-0.058336,0.099807,-0.16272,-0.1976,0.23515,0.14197,0.2677,0.12513,-0.0090231,-0.17268
-0.01079,-0.1485,0.14713,-0.073177,0.57057,1.1027,0.038813,0.1512,1.0556,0.65312,0.48105,0.59797,-0.042741,0.01756,0.27412,0.29836,0.15692,0.3966,0.2975,0.51747,1.3264,0,0.74629,0.53481,0.49713,0.66165,0.61355,0.67047,-0.36264,-0.42108,0.17352,0.067557,0.10136,0.040826,-0.5452,-0.58619,-0.55222,-0.57494,-0.28419,0.40369,0.43621,0.85275,0.17599,0.26196,0.025668,-0.30483,0.35819,0.47891,0.42529,0.14782,0.19526,0.28886,0.086687,0.9055,-0.051029,0.022945,0.14816,0.18289,0.57258,0.26364,0.91156,0.31513,0.39483,0.59622,1.0377,0.59157,0.61743,0.13948,0.21467,0.44952,0.67417,0.11266,-0.12242,-0.054561,-0.21668,0.17926,0.46501,-0.021175,-0.16233,-0.27498,0.033141,0.075851,0.45658,0.23802,0.035697,0.035567,0.11684,0.62304,0.57872,0.57186,-0.20607,0.1745,0.4121,-0.20357,0.00062206,0.19089,0.25622,-0.11699,-0.36166,0.38073,0.30183,0.29615,0.24599,0.11695,-0.022282
0.57787,0.01392,0.027656,-0.2682,1.0277,0.80249,0.85152,0.38337,0.50209,0.1249,0.59505,0.14414,-0.37929,-0.27615,0.07725,-0.14258,-0.31477,0.12748,0.24012,1.0525,0.72823,0.74629,0,0.98741,0.37539,0.61888,0.33793,0.40405,0.090851,0.29124,0.64271,0.19671,-0.19684,-0.011141,0.076584,0.037755,-0.10738,0.038282,0.22027,0.59941,1.1437,0.60714,0.78385,0.77273,-0.24919,-0.56553,0.75434,0.82386,0.80323,-0.30128,-0.42205,0.46705,0.71876,1.0013,-0.0064782,0.64823,0.89329,0.77274,0.54006,0.41959,0.32013,0.30208,0.37166,0.29975,0.62075,0.61912,0.57102,0.033236,0.052016,-0.057729,0.22045,-0.44126,-0.56719,-0.35492,-0.5494,0.15315,-0.15398,-0.40823,-0.14676,-0.23077,-0.0045774,-0.26402,0.10704,0.6273,0.076165,-0.028538,0.29381,0.67359,0.69476,0.097528,-0.58699,0.54549,0.2111,0.34606,-0.11277,0.29305,-0.035882,0.0093171,-0.26399,0.61031,0.072115,0.16668,-0.23874,0.18325,0.043783
0.27624,0.21256,0.17042,-0.13584,0.65353,0.81568,0.62987,0.75188,0.51579,0.1416,0.85931,0.02669,-0.11619,-0.15461,0.17015,-0.16206,-0.056477,-0.015205,0.015477,1.0536,0.59584,0.53481,0.98741,0,-0.1373,0.25776,0.11097,0.095427,0.13224,0.53768,0.21227,-0.26077,-0.11525,-0.20119,0.18153,0.20246,-0.066197,-0.083655,0.023895,0.3853,0.80246,0.64681,0.51649,0.50863,-0.50137,-0.98815,0.62217,0.67658,0.27134,-0.078215,-0.23324,0.45415,0.48433,0.61707,-0.038964,0.39895,0.60848,0.66908,0.35393,0.40953,0.38875,-0.092795,-0.13155,0.11649,0.41324,0.61042,0.50176,-0.11098,-0.1865,-0.4273,-0.18328,-0.57313,-1.0021,-0.32991,-0.82052,0.2063,-0.092353,-0.29083,-0.16699,-0.32462,-0.22079,-0.085936,0.0070588,0.26468,-0.23569,-0.057786,-0.033078,0.636,0.81312,0.14095,-0.62155,0.599,0.20528,0.15274,-0.063396,-0.057309,-0.35933,0.18642,0.0078777,0.42877,-0.17251,0.19097,-0.41948,-0.12997,-0.08981
0.23555,-0.22614,-0.14057,-0.28557,0.33862,0.20097,0.16455,-0.089473,0.24468,0.32698,0.051813,0.43403,-0.058359,0.093891,-0.06041,0.093282,-0.0034204,0.44123,0.39125,0.15962,0.23227,0.49713,0.37539,-0.1373,0,0.97018,0.41466,0.46347,-0.17427,-0.43728,0.66635,0.72007,0.059107,0.33655,-0.1787,-0.36374,-0.065088,0.18319,0.40149,0.68428,0.37515,0.31008,0.12831,0.16988,0.39537,0.3903,0.059304,0.023416,0.64385,-0.0033406,0.06846,0.094846,0.046988,0.18816,-0.065052,0.097813,0.028553,-0.13808,0.12198,0.11945,0.22724,0.59244,0.74318,0.50295,0.55396,0.10437,0.17676,0.23241,0.33253,0.73485,1.2559,0.37681,0.45512,0.11067,0.31778,0.18938,0.22919,0.15028,0.19264,0.23587,0.46304,-0.26573,-0.00682,0.33148,0.21065,0.23695,0.39213,0.084259,-0.023821,0.041356,-0.023535,0.027868,-0.066306,0.1347,0.078505,0.613,0.45236,-0.29674,-0.72283,0.39612,0.60466,0.29092,0.42168,0.28834,0.1206
0.19826,-0.17699,0.092925,-0.23682,0.37467,0.55401,0.24966,0.25407,0.44938,0.57901,0.47474,0.47192,0.073865,0.17083,0.15086,0.092164,0.030078,0.50405,0.72663,0.61617,0.44975,0.66165,0.61888,0.25776,0.97018,0,0.21667,0.24855,-0.31657,-0.25037,0.83732,0.7102,0.23335,0.43577,-0.15719,-0.24151,0.022573,0.15544,0.39657,0.9546,0.41159,0.56636,0.14706,0.2015,0.11684,0.10483,0.29577,0.1948,0.575,0.13209,0.19473,0.20804,0.018978,0.29537,-0.24879,0.14337,0.12388,0.10985,0.31668,0.43269,0.50741,0.42984,0.54243,0.43181,0.7293,0.3656,0.30541,0.14808,0.18886,0.42344,0.8941,0.13852,0.14907,-0.15301,0.029617,0.47034,0.35523,0.27094,0.38651,0.25899,0.75748,-0.034757,0.22157,0.61978,0.089954,0.47269,0.55338,0.27054,0.23184,0.13465,-0.10658,0.047402,-0.13887,0.046341,-0.088397,0.44251,0.23218,-0.4871,-1.0444,0.55936,0.70364,0.58605,0.35188,0.028777,-0.068561
0.4075,0.034353,-0.28986,-0.3185,0.6256,0.50552,0.15437,0.018883,0.81114,0.38097,0.39444,0.56792,-0.32597,-0.31603,0.48504,0.67653,-0.10153,-0.18669,-0.26893,0.19669,0.55191,0.61355,0.33793,0.11097,0.41466,0.21667,0,1.0602,0.16806,-0.33796,0.13166,0.066239,-0.05095,-0.3237,-0.3159,-0.51284,-0.31523,-0.44098,-0.13753,0.26524,0.46772,0.54659,0.28806,0.08334,0.24853,-0.052334,-0.12105,0.063916,0.1559,-0.038543,0.049118,0.24129,0.15971,0.45563,0.1633,0.061821,0.29656,0.13976,0.44507,0.3109,0.5453,0.71749,0.38867,0.75183,0.87328,0.16391,0.15093,0.9781,1.0111,0.84876,0.69385,0.33555,0.15627,0.050016,-0.061467,0.12326,0.2111,-0.30851,-0.46257,-0.26725,-0.16116,-0.40927,-0.022931,-0.23501,-0.35335,-0.2668,-0.16351,0.3498,0.40693,0.52167,0.12245,0.25886,0.075398,0.033711,-0.049772,0.18173,0.11774,-0.060836,-0.28997,0.19443,0.27101,-0.047488,0.1525,-0.050119,-0.14355
0.15665,-0.46537,-0.3669,-0.32614,0.699,0.4361,0.050079,-0.29298,0.74875,0.36692,0.13042,0.54056,-0.32826,-0.22331,0.04494,0.23489,-0.13409,-0.12767,0.035263,0.29386,0.54222,0.67047,0.40405,0.095427,0.46347,0.24855,1.0602,0,0.028279,-0.45864,0.071676,-0.064255,-0.038561,-0.25919,-0.40735,-0.77346,-0.43654,-0.64464,-0.3272,0.18723,0.28039,0.2055,0.092627,-0.16671,0.069329,-0.23634,-0.20857,-0.031058,0.41192,0.10554,0.1989,0.15861,0.11249,0.41505,0.12035,0.049388,0.064857,-0.035598,0.10208,0.16389,0.41389,0.28407,0.28518,0.31986,0.51008,-0.011001,-0.038385,0.35987,0.58281,0.56101,0.76048,0.054755,-0.042765,-0.25582,-0.21371,-0.18324,0.12625,-0.30847,-0.29639,-0.34172,-0.10748,-0.052148,0.36185,0.03242,0.063546,-0.068569,0.14508,0.18764,0.16176,0.21477,-0.16802,0.2107,0.21497,-0.10357,-0.24484,0.00076548,0.090223,0.016458,-0.36537,-0.094245,0.1184,-0.23072,-0.083753,0.0087233,-0.21649
0.76664,0.4462,-0.0089365,0.12322,0.15752,-0.33612,0.59194,0.086624,-0.36998,-0.65022,-0.11256,-0.23587,-0.44499,-0.50017,-0.067532,-0.034126,-0.33122,-0.2724,-0.49128,0.10312,-0.51749,-0.36264,0.090851,0.13224,-0.17427,-0.31657,0.16806,0.028279,0,0.56978,0.25728,-0.27477,-0.45257,-0.3818,0.83037,0.53668,0.57525,0.43733,0.33478,0.1043,0.26159,-0.26523,0.4603,0.086034,0.21887,0.0033402,-0.022978,0.034061,0.21267,-0.53089,-0.57196,0.47928,0.82758,0.12296,0.66966,0.64793,0.28091,0.19876,-0.077322,0.33501,-0.3316,0.23262,0.015625,-0.091798,-0.26583,-0.1087,-0.076972,0.16149,0.27997,-0.19309,-0.32123,-0.14067,-0.22504,0.13882,0.049939,-0.10298,-0.45102,-0.32389,0.0071497,-0.11037,-0.23275,-0.31638,-0.30687,-0.015732,-0.070498,-0.17508,0.051746,-0.27078,-0.10646,0.046194,0.16676,0.35149,-0.48608,0.80102,0.22367,0.30132,-0.054163,0.28317,0.20086,0.25271,-0.086562,-0.29265,-0.33767,0.15613,0.26875
0.35996,0.27399,0.082215,0.015102,0.061207,-0.11663,0.72654,0.45203,-0.26921,-0.45535,0.22039,-0.47132,-0.32835,-0.39397,-0.23287,-0.61482,-0.49138,-0.44245,-0.33558,0.22658,-0.20364,-0.42108,0.29124,0.53768,-0.43728,-0.25037,-0.33796,-0.45864,0.56978,0,0.21102,-0.054524,-0.37669,-0.19883,0.77136,0.89395,0.38818,0.60161,0.37535,0.011091,0.4483,-0.07601,0.43717,0.43281,-0.55221,-0.46794,0.34955,0.22572,-0.0099413,-0.53665,-0.75812,0.2418,0.51273,-0.00241,0.05673,0.62969,0.59993,0.4691,-0.014538,0.15602,-0.36883,-0.10976,-0.24692,-0.39649,-0.3019,0.011164,-0.029135,-0.31509,-0.36412,-0.87188,-0.76883,-0.76625,-0.75228,-0.29839,-0.49629,-0.001634,-0.73222,-0.44162,-0.075183,-0.12418,-0.38615,-0.38536,-0.46599,0.15025,-0.21334,-0.31125,-0.21084,-0.012093,0.10401,-0.49881,-0.5278,0.30793,-0.1244,0.54728,0.090189,0.054906,-0.30193,0.23551,0.30322,0.28849,-0.31806,0.018723,-0.65319,0.04943,0.14826
0.8362,0.155,0.067475,-0.16501,0.38079,0.099763,0.81016,0.19625,-0.041271,-0.055399,0.24779,0.045069,-0.29856,-0.19605,-0.0026551,-0.077063,-0.32799,0.33251,0.23437,0.47649,-0.0011978,0.17352,0.64271,0.21227,0.66635,0.83732,0.13166,0.071676,0.25728,0.21102,0,0.79774,-0.1806,0.24698,0.44765,0.21915,0.51243,0.62076,0.84969,0.69377,0.6405,0.17819,0.66729,0.53721,0.2637,0.23045,0.52678,0.40682,0.78394,-0.39429,-0.37505,0.45543,0.6408,0.33343,0.10632,0.76756,0.47501,0.4422,0.31967,0.44101,-0.01866,0.67625,0.63977,0.39483,0.39276,0.37913,0.38925,0.15005,0.23208,0.20233,0.4012,0.064267,0.10792,0.024373,0.14694,0.34924,-0.27,0.040805,0.35518,0.3108,0.49683,-0.47407,-0.14955,0.75159,0.15649,0.24544,0.4905,0.14653,0.14632,-0.022619,-0.048007,0.26009,-0.4371,0.84981,0.11259,1.0422,0.26757,-0.28704,-0.6711,0.96239,0.61441,0.38247,0.084585,0.28881,0.22809
0.23574,-0.10999,-0.043484,-0.22544,-0.00073717,0.027479,0.18805,-0.045899,-0.013762,0.15729,0.072263,0.11162,-0.11946,-0.001192,-0.022263,-0.043297,-0.27049,0.18642,0.29713,-0.021133,0.094935,0.067557,0.19671,-0.26077,0.72007,0.7102,0.066239,-0.064255,-0.27477,-0.054524,0.79774,0,0.086753,0.54917,-0.016686,-0.0097735,0.14411,0.473,0.53559,0.33058,0.2187,0.15541,0.19805,0.35524,0.20274,0.5103,0.19424,0.039042,0.27785,-0.20449,-0.12445,0.00046603,-0.032795,0.0028202,-0.32363,0.26986,0.23069,0.086197,0.3177,-0.011686,-0.062033,0.67424,0.6206,0.34595,0.36294,0.088925,0.10591,0.16718,0.15581,0.47717,0.5491,0.29176,0.53004,0.023564,0.32845,0.23169,-0.096154,0.12084,0.21084,0.40792,0.48065,-0.35574,-0.11071,0.35233,0.03122,0.09176,0.20065,0.0037632,-0.1004,-0.19174,0.031506,-0.28375,-0.24298,0.20629,-0.04328,0.70011,0.41601,-0.44151,-0.68913,0.53383,0.67192,0.39299,0.3688,0.23278,0.10157
-0.33329,-0.060257,0.53258,0.25404,-0.057474,0.027261,-0.30186,0.027999,0.1038,0.21723,0.21716,-0.15841,0.97704,0.92824,0.50425,0.18576,0.55629,0.38388,0.59082,-0.013176,0.050826,0.10136,-0.19684,-0.11525,0.059107,0.23335,-0.05095,-0.038561,-0.45257,-0.37669,-0.1806,0.086753,0,0.94318,-0.043149,0.064147,0.21583,-0.094715,0.11518,-0.074148,-0.30596,0.24919,-0.18325,-0.23644,0.16497,0.26124,0.061713,-0.086342,-0.38512,0.63112,0.59921,-0.88982,-0.42128,-0.11696,0.018076,-0.47382,-0.25259,0.0051557,0.056834,-0.13032,0.20698,-0.27175,-0.25992,0.10645,0.0066056,0.25393,0.044707,0.18452,-0.22792,0.29554,0.14103,0.23314,0.25319,0.17735,0.14623,0.41886,0.58916,0.83282,0.58916,0.78285,0.61035,0.53321,0.31187,0.1,0.16117,0.4569,0.12535,0.19347,0.17568,0.15219,0.22026,-0.083478,-0.033316,-0.35229,-0.017562,-0.28834,-0.18738,0.10757,-0.18962,-0.35848,-0.24033,0.086101,0.049953,-0.16211,-0.032271
-0.14198,-0.045951,0.57968,0.2761,-0.12207,-0.12639,-0.082902,-0.10434,-0.23389,-0.069545,-0.054028,-0.36177,0.6407,0.80053,0.090838,-0.14941,0.3131,0.73883,0.83384,-0.033892,-0.088777,0.040826,-0.011141,-0.20119,0.33655,0.43577,-0.3237,-0.25919,-0.3818,-0.19883,0.24698,0.54917,0.94318,0,0.15149,0.26859,0.38948,0.34392,0.42092,0.029406,-0.19792,0.040255,0.031297,0.097412,0.30718,0.53303,0.34451,0.13364,0.066571,0.24007,0.19516,-0.53962,-0.12248,0.011934,-0.030291,-0.032029,-0.1415,0.057034,0.12483,-0.25799,-0.14486,-0.06813,0.05316,0.10477,-0.080162,0.33346,0.24734,-0.10423,-0.40138,0.21238,0.15822,0.23829,0.36623,0.28907,0.43203,0.25591,0.20328,0.78386,0.88272,0.96529,0.83841,0.3938,0.27273,0.47635,0.48992,0.52604,0.43667,0.0485,-0.050969,-0.027701,0.17753,-0.22559,-0.17276,-0.04058,0.052387,0.2038,0.12798,0.040532,-0.31862,0.055218,0.0065067,0.16895,0.13498,0.19237,0.23002
0.6661,0.55255,0.31691,0.16722,0.11062,-0.4515,0.81439,0.3045,-0.68022,-0.75031,0.016211,-0.6583,-0.04313,-0.083555,-0.035083,-0.30431,-0.1455,0.051055,-0.20331,0.18866,-0.74006,-0.5452,0.076584,0.18153,-0.1787,-0.15719,-0.3159,-0.40735,0.83037,0.77136,0.44765,-0.016686,-0.043149,0.15149,0,1.1985,1.4191,0.94389,0.88267,0.13267,0.28492,-0.21339,0.66347,0.32484,0.19216,0.11572,0.36749,0.19825,0.083591,-0.41673,-0.59128,0.089809,0.78828,-0.047746,0.54711,0.55496,0.33841,0.4287,-0.16548,0.13607,-0.53676,-0.0099513,-0.15412,-0.087204,-0.37734,0.18229,0.13219,-0.061131,-0.18854,-0.39253,-0.52981,-0.194,-0.1835,0.26118,0.075327,0.20392,-0.587,0.067918,0.38488,0.43063,0.074205,-0.2331,-0.446,0.23032,0.0978,0.065065,0.090095,-0.09131,0.011351,-0.15022,0.039812,0.44431,-0.6552,1.0518,0.2726,0.31561,-0.24632,0.36411,0.090696,0.25016,-0.25713,-0.078073,-0.47842,0.15649,0.35513
0.40968,0.71282,0.46667,0.35593,-0.14791,-0.36497,0.48966,0.39902,-0.73823,-0.73809,-0.019397,-0.79467,0.038993,-0.022224,0.018776,-0.25603,-0.18643,0.0033316,-0.095227,0.0033127,-0.54189,-0.58619,0.037755,0.20246,-0.36374,-0.24151,-0.51284,-0.77346,0.53668,0.89395,0.21915,-0.0097735,0.064147,0.26859,1.1985,0,0.90347,0.91638,0.65091,-0.017465,0.11623,-0.098527,0.44757,0.46843,-0.047956,0.058661,0.46441,0.30372,-0.054798,-0.46726,-0.68228,-0.071926,0.49416,0.0097918,0.29615,0.51256,0.44516,0.50304,0.10063,0.076431,-0.46554,-0.12395,-0.14366,-0.2461,-0.46628,0.17335,0.12752,-0.15409,-0.38151,-0.5308,-0.86821,-0.33109,-0.2365,0.18091,0.011082,0.11809,-0.36961,0.026957,0.29605,0.34616,0.029415,-0.14282,-0.37964,0.20324,0.025197,-0.059562,-0.024914,-0.065248,0.079264,-0.24431,0.0044223,0.17616,-0.24898,0.64824,0.35432,0.15694,-0.17827,0.23457,0.34068,0.2078,-0.38793,0.054707,-0.28211,0.25871,0.52104
0.5257,0.47486,0.46914,0.29752,-0.046553,-0.54582,0.51387,0.22721,-0.68014,-0.5037,0.010464,-0.50826,0.1536,0.10163,0.13033,-0.083782,-0.022792,0.2393,0.0050091,0.083551,-0.86283,-0.55222,-0.10738,-0.066197,-0.065088,0.022573,-0.31523,-0.43654,0.57525,0.38818,0.51243,0.14411,0.21583,0.38948,1.4191,0.90347,0,0.93866,1.0159,0.16547,0.060009,-0.22032,0.42797,0.12542,0.40663,0.41825,0.28856,0.060412,-0.021072,-0.23483,-0.29019,-0.090397,0.48219,-0.16175,0.59566,0.29975,0.10836,0.28781,-0.15589,0.23808,-0.38535,0.074397,-0.05494,-0.018903,-0.353,0.18197,0.087554,0.079773,-0.060778,-0.12271,-0.29507,0.043192,0.103,0.3586,0.29971,0.43457,-0.25768,0.39764,0.74416,0.79682,0.44083,-0.10829,-0.29214,0.30911,0.19645,0.28753,0.23221,-0.15339,-0.058007,-0.035447,0.31825,0.28037,-0.90363,0.87807,0.3271,0.36456,-0.11172,0.10442,-0.12878,0.17349,-0.052695,0.082669,-0.19401,0.11558,0.34102
0.5037,0.37231,0.18368,0.05881,-0.11985,-0.44359,0.58738,0.31233,-0.73745,-0.44142,-0.08081,-0.35234,-0.075249,-0.068108,-0.19015,-0.32214,-0.27095,0.10076,0.0055627,0.02219,-0.68398,-0.57494,0.038282,-0.083655,0.18319,0.15544,-0.44098,-0.64464,0.43733,0.60161,0.62076,0.473,-0.094715,0.34392,0.94389,0.91638,0.93866,0,1.3112,0.38652,0.23463,-0.14852,0.36481,0.38077,0.16644,0.37086,0.24412,0.0025254,0.15304,-0.50339,-0.60445,0.048367,0.38148,-0.2122,0.16186,0.43479,0.26928,0.14332,-0.14096,0.14793,-0.47682,0.21358,0.17469,-0.13508,-0.30522,-0.038766,-0.022619,-0.10192,-0.13252,-0.22264,-0.23847,-0.11063,0.084171,0.16637,0.24873,0.24467,-0.35215,0.080316,0.42634,0.48926,0.28094,-0.35517,-0.54363,0.28257,0.072619,0.075375,0.17903,-0.27746,-0.22495,-0.353,0.047208,0.071954,-0.62382,0.75892,0.28398,0.50093,0.05222,-0.07791,-0.11617,0.39117,0.096027,0.21582,-0.02761,0.26228,0.38725
0.70264,0.36469,0.19595,-0.08613,0.22663,-0.2696,0.81877,0.37543,-0.40192,-0.28596,0.23126,-0.28889,0.095768,0.10137,0.1631,-0.1375,-0.063137,0.28152,0.13263,0.25791,-0.4425,-0.28419,0.22027,0.023895,0.40149,0.39657,-0.13753,-0.3272,0.33478,0.37535,0.84969,0.53559,0.11518,0.42092,0.88267,0.65091,1.0159,1.3112,0,0.5331,0.48931,0.10212,0.5924,0.43337,0.3166,0.38988,0.40319,0.14522,0.15889,-0.26352,-0.39122,-0.059718,0.47269,-0.097514,0.26598,0.28966,0.38305,0.37263,-0.050368,0.24339,-0.26159,0.30168,0.17681,0.17112,-0.011127,0.2442,0.17979,0.21892,-0.016551,-0.0045274,0.039092,0.024607,0.14108,0.22812,0.1995,0.65594,-0.21184,0.25073,0.50618,0.80429,0.52061,-0.45233,-0.58088,0.41042,0.1224,0.28734,0.28255,0.10509,0.10244,-0.12975,0.079313,0.43349,-0.64476,0.84949,0.21487,0.49134,-0.10669,-0.0041901,-0.25953,0.3988,0.082402,0.20887,-0.087558,0.11442,0.23943
0.5394,0.1518,-0.0086566,-0.3085,0.49766,0.56425,0.56577,0.71783,0.32916,0.48971,0.49417,0.63312,-0.24661,-0.23256,0.10111,0.20291,-0.19461,0.1629,0.13064,0.73089,0.20551,0.40369,0.59941,0.3853,0.68428,0.9546,0.26524,0.18723,0.1043,0.011091,0.69377,0.33058,-0.074148,0.029406,0.13267,-0.017465,0.16547,0.38652,0.5331,0,0.69049,0.64542,0.35663,0.34493,0.10211,-0.080453,0.17224,0.082631,0.51134,-0.24014,-0.19891,0.45193,0.27664,0.27145,-0.002655,0.23625,0.32042,0.096667,0.12771,0.76675,0.53564,0.5433,0.56914,0.37564,0.61785,0.21038,0.18994,0.2126,0.44773,0.2536,0.45523,-0.044328,-0.040815,-0.10616,-0.12496,0.41537,0.21999,-0.10372,0.055621,-0.018167,0.25705,-0.27887,-0.10653,0.2129,-0.21871,0.055551,0.20536,0.12168,0.24732,0.19047,-0.12307,0.23795,-0.30875,0.31461,0.080641,0.40525,0.11333,-0.46268,-0.79067,0.53891,0.52705,0.56243,0.27576,0.054292,0.022206
0.83901,0.23646,-0.11052,-0.46529,1.0901,0.56938,1.2957,0.63961,0.43572,0.1074,0.80782,0.14739,-0.40461,-0.38432,0.20252,-0.051788,-0.28762,-0.054711,-0.19621,0.82321,0.4329,0.43621,1.1437,0.80246,0.37515,0.41159,0.46772,0.28039,0.26159,0.4483,0.6405,0.2187,-0.30596,-0.19792,0.28492,0.11623,0.060009,0.23463,0.48931,0.69049,0,0.69289,1.0519,0.87653,-0.12536,-0.42566,0.58205,0.55661,0.40655,-0.39396,-0.55671,0.43508,0.75925,0.5322,0.096072,0.4806,1.028,0.71358,0.32403,0.41518,0.24049,0.47331,0.27189,0.48396,0.68118,0.53246,0.50141,0.28275,0.20849,0.001085,0.18236,-0.25866,-0.40109,-0.12898,-0.47508,0.39421,-0.29217,-0.45334,-0.31114,-0.13388,-0.18113,-0.76968,-0.43992,0.21446,-0.24664,-0.22272,-0.078242,0.68248,0.73567,0.1025,-0.4839,0.85072,-0.030844,0.57965,0.01357,0.34888,-0.17603,0.078624,-0.22375,0.64475,0.065392,0.18701,-0.27656,0.036782,-0.013363
0.21484,0.31358,0.21136,-0.14971,0.50803,1.1219,0.26224,0.87249,0.8758,0.70997,1.0537,0.50543,0.020978,-0.044589,0.70329,0.52214,0.06465,0.12144,0.022643,0.50582,0.90118,0.85275,0.60714,0.64681,0.31008,0.56636,0.54659,0.2055,-0.26523,-0.07601,0.17819,0.15541,0.24919,0.040255,-0.21339,-0.098527,-0.22032,-0.14852,0.10212,0.64542,0.69289,0,0.35481,0.56511,-0.091379,-0.29848,0.42905,0.41633,0.011318,-0.023711,-0.043363,0.097875,0.053539,0.55819,-0.085779,-0.04031,0.52729,0.42445,0.69896,0.4781,1.0538,0.40505,0.30911,0.67397,1.128,0.63777,0.53866,0.45544,0.28445,0.36376,0.32094,0.036303,-0.11671,0.0010786,-0.34801,0.60986,0.51289,-0.069859,-0.27329,-0.083735,-0.013174,-0.27391,-0.089158,-0.024737,-0.46365,-0.1873,-0.28155,0.79076,1.0074,0.47539,-0.16974,0.30322,0.25693,-0.033149,0.15653,0.095026,-0.0041803,-0.22992,-0.2821,0.40296,0.16121,0.58935,0.28113,-0.023861,0.017057
1.2651,0.56757,0.11297,-0.19736,0.8681,0.24329,1.3932,0.41668,0.012034,-0.32935,0.43346,-0.25211,-0.33089,-0.29889,0.30557,0.01534,-0.23393,0.11435,-0.2182,0.60981,0.099491,0.17599,0.78385,0.51649,0.12831,0.14706,0.28806,0.092627,0.4603,0.43717,0.66729,0.19805,-0.18325,0.031297,0.66347,0.44757,0.42797,0.36481,0.5924,0.35663,1.0519,0.35481,0,1.0785,0.21445,-0.12063,0.82013,0.82215,0.39483,-0.53962,-0.77968,0.34686,1.3691,0.65032,0.37637,0.70239,1.0939,1.1203,0.4187,0.21962,-0.094486,0.45375,0.22693,0.56251,0.37697,0.78572,0.74677,0.32693,0.15678,-0.0076215,-0.093001,-0.096806,-0.20675,0.22224,-0.13179,0.30408,-0.52554,-0.28489,-0.13384,0.10392,-0.068189,-0.51366,-0.32665,0.2558,-0.028627,-0.15942,0.037069,0.60562,0.65569,0.28478,-0.074294,0.7403,-0.26036,0.92444,0.045314,0.48294,-0.17958,0.29463,-0.091024,0.60834,-0.068439,-0.047435,-0.33923,0.17163,0.17672
0.68728,0.60891,0.19267,-0.073234,0.42563,0.3823,0.77515,0.56379,0.027655,-0.14425,0.35573,-0.13801,-0.3525,-0.32171,0.18167,0.0193,-0.33124,0.15263,-0.14728,0.32733,0.31322,0.26196,0.77273,0.50863,0.16988,0.2015,0.08334,-0.16671,0.086034,0.43281,0.53721,0.35524,-0.23644,0.097412,0.32484,0.46843,0.12542,0.38077,0.43337,0.34493,0.87653,0.56511,1.0785,0,-0.034478,-0.15742,1.0679,1.023,0.35459,-0.7189,-0.97062,0.27073,0.7351,0.71023,0.072625,0.61668,1.2167,0.95215,0.71751,0.17057,0.049733,0.4512,0.44867,0.4526,0.43448,0.73568,0.83749,0.09278,-0.0047236,-0.047541,-0.14985,-0.16998,-0.18205,0.15808,-0.16921,0.22768,-0.30304,-0.34722,-0.27954,-0.038256,-0.16029,-0.58927,-0.35336,0.24902,-0.092675,-0.36928,-0.15198,0.60968,0.6764,0.11636,-0.2449,0.35836,0.14598,0.61672,0.26242,0.51558,0.094939,-0.010569,0.021591,0.74181,0.020069,0.31889,0.017026,0.42878,0.41589
0.30869,0.35756,0.17108,0.13782,0.010213,-0.3191,-0.010833,-0.26212,-0.30662,-0.23891,-0.27431,-0.040241,0.21292,0.24529,0.31744,0.47471,0.4309,0.63784,0.011838,-0.16572,-0.37349,0.025668,-0.24919,-0.50137,0.39537,0.11684,0.24853,0.069329,0.21887,-0.55221,0.2637,0.20274,0.16497,0.30718,0.19216,-0.047956,0.40663,0.16644,0.3166,0.10211,-0.12536,-0.091379,0.21445,-0.034478,0,1.1151,-0.022981,0.0091154,0.12765,0.061561,0.12039,0.061681,0.20902,0.053071,0.47369,-0.040746,-0.25707,-0.10208,0.020811,-0.096496,-0.1426,0.45888,0.27077,0.6397,0.122,0.22903,0.32812,0.47897,0.38459,0.68099,0.37773,1.1423,0.93478,1.1736,1.2169,0.23207,0.13258,0.5449,0.35143,0.53189,0.45446,0.049093,-0.021347,-0.056669,0.23709,0.33023,0.2825,-0.06519,-0.14599,0.69847,1.1583,-0.0048633,-0.61393,0.27039,0.19663,0.56139,0.27972,0.11951,-0.20048,0.22404,0.35343,-0.14186,0.39361,0.14883,0.20909
