,,,,,,,,,,,,,,,,,,,,,,,,,,,,,,,,,,,,,,,,,,,,,,,,,,,,,,,,,,,,,,,,,,,,,,,,,,,,,,,,,,,,,,,,,,,,,,,,,,,,,,,,
0,0.75191,-0.10964,-0.16168,0.52771,0.0051719,0.93892,0.07135,-0.32771,-0.73033,-0.11252,-0.31475,-0.44303,-0.44753,0.4605,0.4099,-0.45888,-0.2362,-0.50308,0.096783,0.012787,-0.0012748,0.38976,0.3078,-0.21117,-0.2979,0.53152,0.333,0.7358,0.23088,0.26796,-0.076482,-0.18833,-0.31553,0.43815,0.47061,0.19588,-0.046141,0.073024,-0.033034,0.62641,0.2951,0.81278,0.72351,0.35925,0.0043937,0.27673,0.34869,0.10355,-0.33992,-0.42468,0.071157,1.0647,0.47411,0.64471,0.51437,1.2066,0.74164,0.31247,0.12304,-0.093338,0.30073,0.12602,0.21776,0.097621,0.13422,0.23038,0.61204,0.54339,0.096499,-0.18642,-0.17592,-0.13634,0.13682,-0.19551,0.034426,-0.28447,-0.31709,-0.30706,0.052365,-0.078919,-0.60164,-0.37837,0.028138,0.02045,-0.23682,-0.10948,0.32632,0.51604,0.27014,0.10586,0.7305,0.073347,0.67066,0.19913,0.11184,-0.10252,0.059459,0.37402,0.093882,-0.51539,-0.37819,-0.21802,0.18451,0.23228
0.75191,0,-0.074548,-0.10359,-0.10394,-0.10229,0.14381,0.22625,-0.43279,-0.63031,-0.22953,-0.52659,-0.38767,-0.54762,0.50269,0.81043,-0.48709,-0.23002,-0.77833,-0.20638,0.065279,-0.023941,0.097141,0.37753,-0.72362,-0.61151,0.29391,-0.03043,0.56613,0.4079,-0.092941,-0.13466,-0.12059,-0.34152,0.34332,0.78601,-0.032302,-0.29137,-0.30929,-0.34542,-0.04526,0.23549,0.66906,0.82443,0.3177,0.11736,0.28266,0.38714,-0.14066,-0.58036,-0.65399,0.10929,0.48467,0.41125,0.28951,0.60369,0.90446,0.65207,0.66608,0.085097,0.089716,0.4316,0.1066,0.29903,0.050783,0.18165,0.36638,0.49308,0.44797,0.039787,-0.52466,0.13696,0.10104,0.45737,0.098965,-0.24504,-0.38385,-0.40417,-0.45496,-0.21348,-0.25657,-0.55359,-0.61852,-0.35587,-0.47464,-0.57201,-0.54697,0.20291,0.53167,0.49087,0.48396,0.044256,-0.033849,0.22353,0.32113,-0.029565,-0.089056,-0.2745,0.42945,0.40452,-0.19002,0.00093881,0.11244,0.052622,0.20937
-0.10964,-0.074548,0,1.3926,-0.33509,0.0057508,-0.070072,0.3354,0.14977,0.30425,0.31145,0.21756,0.25499,0.23996,0.092379,-0.053052,0.12373,0.46554,0.45276,-0.37559,-0.20119,-0.029559,-0.14195,-0.26816,0.3585,0.35091,-0.20544,-0.29951,0.10727,-0.015609,0.49363,-0.0061008,0.31184,0.68541,0.22164,0.12952,0.60504,0.40191,0.34076,0.1275,-0.15661,-0.11915,-0.2019,-0.25121,-0.0043273,0.19991,0.23901,0.085344,0.11738,0.055545,0.25424,0.14228,0.0085008,0.14309,0.48057,-0.060621,-0.33961,-0.033235,0.27494,0.86462,0.13454,0.21083,0.41174,0.029,-0.079876,0.18986,0.013337,-0.19951,-0.0096976,0.15659,0.040724,0.095438,-0.025264,0.18373,0.28298,0.47398,0.5917,0.67167,0.897,0.28548,0.27156,0.2617,0.44154,0.56794,0.29876,0.21206,0.13026,-0.26442,-0.11618,-0.15917,0.096535,-0.12516,-0.1538,0.53323,0.85951,1.0421,1.0011,-0.19106,-0.2052,0.3902,0.3303,0.54909,0.29446,0.68798,0.88414
-0.16168,-0.10359,1.3926,0,-0.58488,-0.19258,-0.098104,0.4465,0.10437,0.26941,0.38445,0.2253,0.1072,0.10436,-0.041723,-0.10981,0.033505,0.46873,0.4706,-0.49929,-0.44409,-0.26793,-0.24074,-0.54284,0.39556,0.23418,-0.46623,-0.68399,0.050681,0.026448,0.18897,-0.25714,-0.0075308,0.37519,0.18625,0.15834,0.54318,0.53821,0.45988,0.089747,-0.19829,-0.41686,-0.26782,-0.22841,-0.061351,0.19486,0.35734,0.21336,0.081532,-0.11437,0.097754,0.00039668,-0.091957,0.032963,0.43274,-0.29203,-0.38099,0.015814,0.20268,1.1603,0.0069912,0.13223,0.43617,-0.03296,-0.29928,0.3035,0.077852,-0.3414,-0.047485,-0.032512,-0.16206,0.17066,0.051691,0.39672,0.46084,0.36562,0.63427,0.42624,0.74261,0.059334,0.088616,0.09038,0.39328,0.33551,0.24981,0.056507,0.1309,-0.18173,-0.035763,-0.24656,0.24257,-0.10815,-0.055996,0.47147,0.88858,0.74409,0.82257,-0.056052,0.10416,0.2291,0.39617,0.7928,0.41562,0.8134,1.1045
0.52771,-0.10394,-0.33509,-0.58488,0,0.66447,0.64864,-0.28525,0.33504,-0.15216,0.059792,0.079135,-0.07261,0.05711,0.21385,-0.0078783,0.12066,-0.078477,-0.035418,0.87403,0.6254,0.59208,0.84936,0.55432,0.13644,0.19471,0.80375,1.1366,0.16962,-0.1894,0.30116,0.11945,0.041935,-0.081773,-0.16612,-0.34184,-0.18346,-0.21016,-0.092662,0.24487,1.0297,0.58882,0.36517,0.22966,0.13128,-0.38336,-0.044737,0.078409,0.37843,0.3031,0.15636,0.25411,0.5983,0.46084,0.10484,0.29988,0.44857,0.17932,-0.034116,-0.34639,0.1222,-0.029974,-0.11792,0.18665,0.54065,0.019043,0.10003,0.39436,0.21894,0.22755,0.46148,-0.35367,-0.402,-0.45325,-0.6605,0.053301,-0.125,-0.10374,-0.23203,0.13807,0.13854,0.059472,0.13786,0.24337,0.22458,0.24359,0.32329,0.38109,0.24022,0.26372,-0.4588,0.67801,0.42171,0.075962,-0.44363,-0.045758,-0.20798,0.30124,-0.124,-0.074655,-0.47846,-0.86892,-0.4891,-0.19454,-0.36731
0.0051719,-0.10229,0.0057508,-0.19258,0.66447,0,-0.056671,0.23477,0.74901,0.40471,0.40327,0.58389,0.1933,0.32753,0.2649,0.1458,0.53307,0.33799,0.25018,0.83712,0.74964,0.75993,0.48847,0.34005,0.40852,0.66435,0.53673,0.5239,-0.33211,-0.66455,0.06258,0.23452,0.17677,0.18193,-0.73802,-0.58373,-0.19328,-0.0079151,-0.017313,0.65474,0.50676,0.94915,-0.13439,0.16299,0.3089,-0.12571,0.086323,0.18089,0.22224,0.55088,0.50074,0.27944,0.052829,0.42997,-0.24424,-0.10482,-0.042031,-0.14654,0.086708,-0.19836,0.64984,-0.10976,-0.018499,0.40793,1.0123,0.3899,0.42979,0.19136,0.18526,0.47209,0.62034,0.079179,-0.048525,-0.015281,-0.097268,0.26915,0.39798,0.14973,-0.10605,0.15148,0.33929,0.48099,0.75522,0.025599,-0.078411,0.35565,0.39981,0.32031,0.27726,0.57882,-0.081419,-0.097644,0.56534,-0.30435,-0.3571,0.017965,0.16028,0.11487,-0.28065,-0.016583,0.18097,-0.39013,0.18396,-0.087108,-0.17917
0.93892,0.14381,-0.070072,-0.098104,0.64864,-0.056671,0,0.0044395,-0.31958,-0.70769,-0.090529,-0.25152,-0.44667,-0.36177,-0.050958,-0.28738,-0.36334,-0.38082,-0.29099,0.2513,-0.10597,-0.13069,0.41873,0.29469,-0.070904,-0.22304,0.16889,0.25958,0.65438,0.44529,0.3056,-0.22363,-0.39613,-0.34762,0.60447,0.36912,0.27541,0.16272,0.20081,0.036988,0.94847,0.012252,0.5572,0.374,-0.18967,-0.4778,0.19916,0.19588,0.20541,-0.15353,-0.23198,0.29266,1.0519,0.21878,0.46104,0.4418,0.74613,0.52268,-0.098238,-0.063794,-0.51085,-0.067206,-0.11044,-0.17762,-0.1394,-0.050683,-0.028821,0.062326,-0.047889,-0.30392,-0.23608,-0.70922,-0.66265,-0.27598,-0.68904,0.00060491,-0.37217,-0.25268,-0.14479,0.035377,-0.2213,-0.28882,-0.12763,0.23188,0.20682,-0.075424,-0.010014,0.13567,0.15224,-0.19306,-0.50284,1.0216,0.18243,0.78412,0.029741,0.12645,-0.19943,0.50473,0.39109,-0.019323,-0.78154,-0.49835,-0.72566,0.20901,0.1675
0.07135,0.22625,0.3354,0.4465,-0.28525,0.23477,0.0044395,0,-0.11724,0.24631,0.36593,0.52153,0.10492,0.097566,0.10121,0.069946,0.2326,0.011417,0.13766,-0.10025,-0.46721,-0.42918,-0.42409,-0.37053,0.38054,0.30725,-0.26352,-0.5184,-0.075487,-0.15412,-0.17124,-0.11497,-0.06105,0.054579,0.037173,0.26812,0.53975,0.90616,0.67574,0.69471,0.064854,0.14964,-0.42507,0.0066497,0.051126,0.15259,0.0073698,-0.01786,-0.29836,0.16955,0.27163,0.038247,-0.20232,-0.25543,-0.12579,-0.43498,-0.15327,-0.17949,-0.14388,0.25704,0.041731,-0.17516,0.063486,-0.0023804,0.022973,0.14706,0.026452,-0.054581,0.094707,0.046215,-0.13801,0.06194,0.14175,0.41388,0.29312,0.40148,0.58334,0.21693,0.12782,0.19625,0.10471,0.20222,0.48349,-0.36295,-0.56545,0.081629,-0.032452,-0.23161,-0.017336,-0.041224,0.2839,-0.2828,0.093813,0.16625,0.23086,0.11758,0.21718,0.073602,0.17757,-0.21186,0.21108,0.14199,0.47545,0.28908,0.50041
-0.32771,-0.43279,0.14977,0.10437,0.33504,0.74901,-0.31958,-0.11724,0,0.71853,0.76405,0.48226,0.33908,0.47135,0.32544,0.13767,0.6702,0.64325,0.61266,0.3445,0.74037,0.75279,0.42091,-0.058531,0.53242,0.60449,0.31042,0.21295,-0.5052,-0.64231,0.036331,0.12822,0.25221,0.35316,-0.92508,-0.99639,-0.36193,-0.15466,-0.074566,0.17442,0.22592,0.23137,-0.13756,-0.12362,0.22968,-0.006068,0.14462,0.25118,0.29883,0.40464,0.44808,0.047654,-0.23457,0.38731,-0.20141,-0.34177,-0.27379,-0.036896,0.31682,0.079735,0.58777,0.19512,0.2281,0.65496,0.753,0.54143,0.39696,0.15445,0.20661,0.53303,0.68479,0.49083,0.17458,0.14514,0.19985,0.19699,0.55321,0.26839,0.16056,-0.023838,0.2336,0.30991,0.60683,0.13482,0.086847,0.28708,0.39993,0.53984,0.34373,0.38865,0.11923,-0.038641,0.51577,-0.39494,-0.20892,0.2036,0.28191,0.12796,-0.28469,0.19214,0.42991,0.1292,0.2908,-0.034835,-0.13543
-0.73033,-0.63031,0.30425,0.26941,-0.15216,0.40471,-0.70769,0.24631,0.71853,0,0.41144,1.1232,0.54321,0.63253,0.025091,0.056204,0.82165,0.62778,0.82783,-0.02941,0.10476,0.24045,-0.27911,-0.60772,0.96178,0.95213,-0.15094,-0.11335,-1.0238,-1.0631,0.05124,0.36878,0.43797,0.62479,-0.70984,-0.86497,-0.014176,0.27763,0.29332,0.53934,-0.17673,0.10443,-0.76145,-0.52147,0.21217,0.36644,-0.20647,-0.26116,0.043352,0.53395,0.74898,-0.091362,-0.92104,-0.25929,-0.42326,-0.84697,-0.96112,-0.67727,-0.12643,0.1293,0.55122,0.090884,0.42159,0.33851,0.48537,0.11487,-0.044659,-0.11722,0.12697,0.60042,0.80924,0.55651,0.5567,0.18828,0.53287,0.40065,0.9618,0.63285,0.40977,0.24545,0.39648,0.59173,0.77418,0.016641,-0.01398,0.42803,0.27658,-0.087718,-0.20288,0.04058,0.1822,-0.52698,0.12534,-0.37674,-0.013683,0.25224,0.49906,-0.21394,-0.77308,-0.084524,0.94755,0.43451,0.74966,0.13157,0.059701
-0.11252,-0.22953,0.31145,0.38445,0.059792,0.40327,-0.090529,0.36593,0.76405,0.41144,0,0.38401,0.6321,0.72646,0.55374,0.0039129,0.78272,0.43237,0.66501,0.074621,0.036325,-0.01717,-0.012684,-0.37707,0.65264,0.67913,0.092242,-0.24226,-0.27709,-0.34503,0.11937,0.15474,0.19084,0.41199,-0.43769,-0.33523,0.30692,0.48405,0.57745,0.35861,0.23786,0.10492,-0.35666,-0.20102,0.12879,0.25676,0.17095,0.21529,-0.17206,0.60369,0.6709,-0.24856,-0.26793,0.0047466,-0.15395,-0.61225,-0.27591,0.061182,0.1355,0.23844,0.077714,-0.060866,-0.07069,0.38909,0.32463,0.57065,0.27046,0.28005,0.12755,0.32347,0.33765,0.43108,0.22066,0.28944,0.37867,0.71663,0.81268,0.56204,0.44982,0.40195,0.50502,0.090384,0.62002,0.071871,-0.17939,0.51857,0.46172,0.37672,0.27517,0.018619,0.31809,0.072093,0.21787,0.0036721,-0.06232,0.29671,0.21699,0.23128,0.078422,-0.028479,0.30135,0.10089,0.28173,-0.098511,0.056527
-0.31475,-0.52659,0.21756,0.2253,0.079135,0.58389,-0.25152,0.52153,0.48226,1.1232,0.38401,0,0.27428,0.37907,0.0096028,0.0085296,0.64048,0.40987,0.54758,0.17804,0.0079061,0.16634,-0.18739,-0.46705,1.2934,1.0887,0.032664,0.045243,-0.63389,-1.1125,0.028296,0.30494,0.12703,0.24518,-0.63126,-0.71155,0.15644,0.5853,0.60172,1.2697,0.26018,0.3918,-0.79474,-0.30967,0.3394,0.27768,-0.17023,-0.25419,-0.043404,0.5695,0.74905,-0.032547,-0.47798,-0.21666,-0.19644,-0.87859,-0.65328,-0.72075,-0.37796,0.14872,0.56454,-0.06488,0.30885,0.1438,0.5031,0.072599,-0.024332,-0.054323,0.23538,0.55301,0.82368,0.2401,0.31534,0.14512,0.29641,0.63098,1.0645,0.43339,0.19914,0.33093,0.38328,0.44655,0.98413,-0.041906,-0.0074495,0.44723,0.38359,-0.1209,-0.19156,0.10702,0.067592,-0.25062,0.29983,-0.1521,0.011579,0.16668,0.4882,-0.0089242,-0.40132,-0.34853,0.62855,0.053238,0.63786,0.29102,0.22494
-0.44303,-0.38767,0.25499,0.1072,-0.07261,0.1933,-0.44667,0.10492,0.33908,0.54321,0.6321,0.27428,0,2.0698,0.35771,-0.099304,1.1949,0.29686,0.84482,-0.011537,-0.097261,-0.081767,-0.36912,-0.2792,0.46572,0.76556,-0.03356,-0.072395,-0.30651,-0.35736,0.37313,0.38407,0.83525,0.897,-0.25556,-0.2958,0.40497,0.34681,0.40157,0.29531,-0.31555,0.091806,-0.76174,-0.92998,-0.094756,0.38614,-0.47472,-0.44501,-0.21829,1.197,1.2405,-0.23839,-0.63929,-0.43431,-0.38156,-0.44936,-0.75513,-0.44544,-0.1693,0.066373,0.026749,-0.27675,-0.25495,-0.0039794,0.13059,-0.13206,-0.35138,0.20794,-0.084972,0.26129,0.53167,0.1984,0.20089,-0.26467,0.22229,0.67484,0.684,1.3067,0.90097,0.86211,1.0805,0.49165,0.4026,0.31706,-0.069678,1.2108,0.5317,-0.21037,-0.34063,-0.28381,0.10488,-0.16258,-0.27338,-0.15077,-0.17905,0.19244,0.088279,-0.22355,-0.50694,-0.11494,0.23008,0.042835,0.14122,-0.54376,-0.33305
-0.44753,-0.54762,0.23996,0.10436,0.05711,0.32753,-0.36177,0.097566,0.47135,0.63253,0.72646,0.37907,2.0698,0,0.2668,-0.19504,1.3058,0.40838,1.0677,0.12565,-0.036542,-0.0050925,-0.23093,-0.29028,0.64198,0.98534,-0.030985,-0.019576,-0.4071,-0.46754,0.41036,0.38973,0.72331,0.95114,-0.35961,-0.44905,0.37703,0.39553,0.45724,0.40833,-0.16912,0.10332,-0.77227,-0.86374,-0.10099,0.29789,-0.37644,-0.35237,-0.083032,1.3851,1.4463,-0.21855,-0.57817,-0.35877,-0.40104,-0.51671,-0.79174,-0.45059,-0.22225,0.045326,0.035935,-0.33646,-0.21873,0.027749,0.19609,-0.03477,-0.25995,0.13656,-0.11282,0.2757,0.6463,0.15864,0.15341,-0.28943,0.18169,0.70048,0.75606,1.283,0.91405,0.84324,1.1493,0.56199,0.58355,0.39114,0.040056,1.4195,0.71928,-0.12726,-0.29986,-0.28971,0.0054849,-0.10383,-0.13158,-0.14831,-0.2456,0.21729,0.12388,-0.14743,-0.55177,-0.16762,0.24879,0.0081523,0.12622,-0.46949,-0.33015
0.4605,0.50269,0.092379,-0.041723,0.21385,0.2649,-0.050958,0.10121,0.32544,0.025091,0.55374,0.0096028,0.35771,0.2668,0,0.92452,0.32055,0.15598,-0.021449,-0.081373,0.29776,0.22838,0.078635,0.023043,0.057196,0.17523,0.76553,0.20488,0.14903,-0.22856,0.2422,0.37207,0.44451,0.22601,-0.20013,-0.020367,0.11469,-0.069789,0.10462,0.024596,0.1644,0.54648,0.18979,0.18874,0.70203,0.57926,0.047484,0.15268,-0.27786,0.20141,0.17571,-0.21322,0.07824,0.29907,0.17141,0.0056356,0.306,0.34068,0.61008,0.17097,0.37634,0.53325,0.11857,0.75074,0.59295,0.31235,0.2804,1.4844,0.86966,0.76433,0.32759,0.59779,0.43959,0.38151,0.36063,0.46908,0.29538,0.27175,0.040199,0.39331,0.42365,-0.30996,-0.10137,-0.061245,-0.33228,0.15878,0.023772,0.45303,0.52544,0.55834,0.71965,0.17794,-0.035963,0.093821,0.10684,0.23403,0.11932,-0.23196,0.0039276,0.26354,0.09974,-0.082709,0.29903,-0.21231,-0.029433
0.4099,0.81043,-0.053052,-0.10981,-0.0078783,0.1458,-0.28738,0.069946,0.13767,0.056204,0.0039129,0.0085296,-0.099304,-0.19504,0.92452,0,-0.082436,0.20493,-0.29224,-0.17081,0.36386,0.37686,0.10735,0.065215,-0.1648,-0.093409,0.60742,0.18695,0.069133,-0.27882,-0.041658,0.21864,0.24116,-0.017768,-0.22212,0.041182,-0.22534,-0.37967,-0.24171,-0.1076,-0.080649,0.47186,0.35736,0.48688,1.0453,0.57549,0.14571,0.24161,-0.082775,-0.28831,-0.27768,-0.16185,0.066764,0.45178,0.20895,0.13856,0.39184,0.28885,0.76095,0.21464,0.7626,0.89093,0.52035,0.85142,0.55456,0.30226,0.43848,0.90491,1.2561,0.7949,0.16452,0.76491,0.67783,0.68983,0.53075,-0.010342,0.087377,-0.13635,-0.3234,-0.068718,0.056065,-0.40643,-0.30217,-0.32862,-0.33113,-0.31241,-0.24274,0.3718,0.58614,0.95852,0.95997,-0.10068,0.049473,-0.087612,0.28021,0.056782,0.19226,-0.55576,-0.046888,0.33537,0.28871,0.17445,0.64095,0.075953,0.14722
-0.45888,-0.48709,0.12373,0.033505,0.12066,0.53307,-0.36334,0.2326,0.6702,0.82165,0.78272,0.64048,1.1949,1.3058,0.32055,-0.082436,0,0.41717,0.93487,0.25755,0.14861,0.16533,-0.14785,-0.23931,0.73719,1.0333,-0.0041403,-0.017858,-0.58987,-0.65405,0.21693,0.28211,0.45266,0.5017,-0.58677,-0.64348,0.10732,0.31975,0.36957,0.5286,0.023686,0.23054,-0.75291,-0.64019,-0.032919,0.17618,-0.30607,-0.23125,-0.0406,1.3036,1.3664,0.066321,-0.63483,-0.3057,-0.62775,-0.62118,-0.66616,-0.39917,-0.14108,-0.039057,0.22723,-0.24046,-0.10148,0.21024,0.49785,0.079558,-0.10909,0.12096,-0.071862,0.30851,0.74892,0.27092,0.19165,-0.13578,0.18628,0.61618,0.81531,0.89928,0.51776,0.5191,0.71288,0.625,0.68882,0.17203,-0.14265,1.0766,0.54993,0.070135,-0.09819,-0.041238,0.060282,-0.11191,0.18431,-0.31864,-0.34068,0.12673,0.077901,0.021297,-0.42739,-0.063059,0.41796,0.014941,0.2684,-0.3993,-0.32923
-0.2362,-0.23002,0.46554,0.46873,-0.078477,0.33799,-0.38082,0.011417,0.64325,0.62778,0.43237,0.40987,0.29686,0.40838,0.15598,0.20493,0.41717,0,0.8205,0.082801,0.2808,0.4877,0.28552,-0.22665,0.58287,0.71496,-0.03851,-0.10038,-0.4839,-0.61526,0.39899,0.17258,0.1061,0.49772,-0.55079,-0.55428,-0.0375,0.033375,0.12282,0.19443,-0.05219,0.014,-0.19467,-0.027524,0.36725,0.33493,0.52385,0.47611,0.54777,0.15416,0.27351,0.02291,-0.15063,0.3726,0.035613,-0.29286,-0.40305,0.016993,0.38476,0.57746,0.56709,0.26155,0.67191,0.52803,0.41819,0.71101,0.59139,-0.063931,0.16812,0.42244,0.51109,0.57319,0.36301,0.36533,0.60477,0.31042,0.63879,0.4617,0.46921,0.07615,0.49406,0.15603,0.52432,0.51922,0.47669,0.37358,0.65954,0.36499,0.29446,0.25349,0.29346,-0.060431,0.36921,-0.0112,0.29343,0.54909,0.75891,-0.40798,-0.32866,0.39211,0.93646,0.60372,0.74768,0.36749,0.32099
-0.50308,-0.77833,0.45276,0.4706,-0.035418,0.25018,-0.29099,0.13766,0.61266,0.82783,0.66501,0.54758,0.84482,1.0677,-0.021449,-0.29224,0.93487,0.8205,0,0.17441,-0.082381,0.069785,-0.044183,-0.46439,0.96427,1.0646,-0.32036,-0.20662,-0.52105,-0.55987,0.33865,0.04377,0.37411,0.75972,-0.35267,-0.54158,0.2601,0.4198,0.48272,0.41719,-0.11879,-0.19496,-0.6892,-0.76176,-0.11939,0.13837,-0.025308,-0.038744,0.34355,0.6958,0.86733,-0.052791,-0.50185,-0.18371,-0.25188,-0.62633,-0.8876,-0.31194,-0.12678,0.39666,0.12927,-0.24882,0.16698,0.064948,0.11485,0.22153,-0.062365,-0.23203,-0.19158,0.15039,0.54035,0.19117,0.12451,-0.084192,0.31267,0.47346,0.94606,0.90094,1.0078,0.36458,0.68722,0.67368,0.90543,0.55099,0.3604,0.9448,0.95188,-0.0042167,-0.13425,-0.28075,0.0058894,-0.062071,0.12134,-0.087947,-0.047259,0.33194,0.31966,-0.0095798,-0.45729,-0.067851,0.49512,0.36957,0.29214,0.037957,0.051007
0.096783,-0.20638,-0.37559,-0.49929,0.87403,0.83712,0.2513,-0.10025,0.3445,-0.02941,0.074621,0.17804,-0.011537,0.12565,-0.081373,-0.17081,0.25755,0.082801,0.17441,0,0.5784,0.57882,0.76367,0.64953,0.11723,0.32563,0.34538,0.64927,-0.13064,-0.28853,-0.044557,-0.060095,-0.031042,-0.15981,-0.35141,-0.32739,-0.30799,-0.17911,-0.14837,0.39868,0.53844,0.50524,0.028087,0.13006,0.018413,-0.50749,0.10401,0.20859,0.43318,0.3697,0.21697,0.2969,0.24066,0.32404,-0.28166,0.13682,0.13325,0.036423,-0.13522,-0.3945,0.2648,-0.47559,-0.32568,-0.0034246,0.4492,0.21786,0.27048,-0.035254,-0.17415,-0.022672,0.3329,-0.32378,-0.38984,-0.36446,-0.46912,-0.11473,-0.049883,-0.18278,-0.2752,-0.054169,0.1389,0.4789,0.4857,0.12462,0.14708,0.32619,0.59416,0.34606,0.2565,0.34289,-0.38099,0.17594,0.52425,-0.38416,-0.76748,-0.44698,-0.38146,0.46247,-0.083453,-0.20863,-0.17553,-0.68077,-0.30338,-0.25362,-0.42786
0.012787,0.065279,-0.20119,-0.44409,0.6254,0.74964,-0.10597,-0.46721,0.74037,0.10476,0.036325,0.0079061,-0.097261,-0.036542,0.29776,0.36386,0.14861,0.2808,-0.082381,0.5784,0,1.7895,0.95691,0.73309,-0.14601,0.079369,0.75228,0.78149,-0.13265,-0.245,0.05473,0.18972,0.10511,-0.038184,-0.60289,-0.53546,-0.84734,-0.86978,-0.76519,-0.13574,0.31956,0.59605,0.40117,0.3958,0.30801,-0.24667,0.22623,0.36357,0.40686,0.05211,-0.034594,0.38412,0.25167,0.86266,-0.09573,0.38598,0.2815,0.21681,0.52632,-0.31143,0.70348,0.36575,0.13125,0.61459,0.95305,0.35192,0.56994,0.28221,0.22757,0.4217,0.44835,0.1993,-0.065281,-0.038107,-0.20243,-0.23657,-0.16348,-0.1893,-0.38527,-0.25662,-0.037455,0.0913,0.070797,0.080621,0.055338,-0.057643,0.054768,0.62887,0.48776,0.86716,-0.084299,0.058056,0.5599,-0.40626,-0.27782,-0.017299,0.042667,-0.04707,-0.22813,0.50624,0.10694,-0.21865,-0.015499,-0.15098,-0.34578
-0.0012748,-0.023941,-0.029559,-0.26793,0.59208,0.75993,-0.13069,-0.42918,0.75279,0.24045,-0.01717,0.16634,-0.081767,-0.0050925,0.22838,0.37686,0.16533,0.4877,0.069785,0.57882,1.7895,0,0.96706,0.61857,0.021609,0.23387,0.67834,0.82219,-0.15968,-0.39798,0.19548,0.1859,0.15952,0.066966,-0.57948,-0.60425,-0.68784,-0.73258,-0.61884,-0.0087586,0.29376,0.5851,0.30275,0.29856,0.39474,-0.17232,0.25068,0.33913,0.60107,0.057806,0.019555,0.4175,0.24919,0.91239,0.032485,0.33612,0.14838,0.1202,0.49411,-0.095098,0.94515,0.40476,0.34021,0.5776,0.95825,0.34374,0.53499,0.19577,0.28289,0.51434,0.60086,0.19669,-0.038931,-0.037076,-0.12906,-0.1549,-0.0058371,-0.073225,-0.22213,-0.2015,0.064582,0.18728,0.20023,0.25993,0.2656,0.036638,0.20174,0.50198,0.40732,0.83692,-0.086298,0.059815,0.57409,-0.3033,-0.11167,0.11656,0.2419,-0.15897,-0.38255,0.51254,0.23535,-0.10065,0.11114,0.056325,-0.1501
0.38976,0.097141,-0.14195,-0.24074,0.84936,0.48847,0.41873,-0.42409,0.42091,-0.27911,-0.012684,-0.18739,-0.36912,-0.23093,0.078635,0.10735,-0.14785,0.28552,-0.044183,0.76367,0.95691,0.96706,0,0.82077,-0.14876,-0.035166,0.54558,0.6673,0.24008,0.046504,0.18728,-0.20075,-0.2338,-0.21523,-0.1902,-0.21157,-0.50586,-0.59206,-0.50355,-0.14769,0.61944,0.27344,0.67436,0.55215,0.11532,-0.55083,0.52694,0.70537,0.86862,-0.16158,-0.26607,0.44753,0.83587,1.269,0.25927,0.59364,0.55015,0.55611,0.44087,-0.021853,0.30245,0.18892,0.14375,0.31256,0.40863,0.44295,0.63251,0.10815,0.11035,0.051247,0.13604,-0.17738,-0.45094,-0.13351,-0.43334,-0.31716,-0.2735,-0.3549,-0.28777,-0.36429,-0.11416,-0.066239,0.058982,0.35843,0.40664,-0.081456,0.30153,0.6835,0.60722,0.49885,-0.28991,0.55864,0.74018,0.032138,-0.11623,0.054402,0.00020202,0.15321,0.11666,0.42841,-0.20826,-0.26106,-0.27873,0.11118,-0.062484
0.3078,0.37753,-0.26816,-0.54284,0.55432,0.34005,0.29469,-0.37053,-0.058531,-0.60772,-0.37707,-0.46705,-0.2792,-0.29028,0.023043,0.065215,-0.23931,-0.22665,-0.46439,0.64953,0.73309,0.61857,0.82077,0,-0.68839,-0.31878,0.54269,0.7641,0.48848,0.37346,0.075718,-0.14247,-0.066923,-0.33948,0.10595,0.19372,-0.39282,-0.71204,-0.78522,-0.2427,0.25786,0.47112,0.54263,0.43101,-0.095405,-0.62659,0.11125,0.22707,0.30845,-0.092402,-0.26655,0.56133,0.72843,0.65612,0.10447,1.1434,0.58542,0.32113,0.2449,-0.36658,0.16644,-0.070679,-0.33009,-0.082099,0.19962,-0.040924,0.21542,0.10014,-0.11831,-0.17158,-0.10366,-0.4881,-0.68654,-0.44961,-0.80849,-0.44722,-0.64112,-0.39001,-0.44053,-0.23818,-0.16354,0.041677,-0.20726,0.15502,0.04393,-0.11094,-0.039202,0.16146,0.21137,0.39268,-0.43407,0.24416,0.27938,-0.082286,-0.22807,-0.23425,-0.29324,0.07443,0.10791,0.34294,-0.51036,-0.59607,-0.57312,-0.23974,-0.31207
-0.21117,-0.72362,0.3585,0.39556,0.13644,0.40852,-0.070904,0.38054,0.53242,0.96178,0.65264,1.2934,0.46572,0.64198,0.057196,-0.1648,0.73719,0.58287,0.96427,0.11723,-0.14601,0.021609,-0.14876,-0.68839,0,1.3906,-0.07144,-0.057574,-0.5738,-0.96415,0.31881,0.30097,0.16911,0.47654,-0.46195,-0.71629,0.38567,0.77686,0.94172,1.0095,0.3088,0.12956,-0.71458,-0.44073,0.22275,0.33768,-0.054541,-0.13918,0.090815,0.67724,0.90603,-0.14215,-0.3874,-0.23569,-0.08787,-0.97215,-0.66874,-0.46026,-0.33405,0.31728,0.24035,-0.11143,0.31022,0.162,0.34115,0.18232,-0.039514,-0.043245,0.14655,0.45393,0.82074,0.23089,0.28725,0.092458,0.34972,0.89661,1.2417,0.71318,0.56384,0.53461,0.61162,0.36606,1.0052,0.27651,0.25453,0.72219,0.67168,-0.0039145,-0.13816,-0.14842,0.033497,0.0029981,0.20071,0.093895,0.042395,0.3969,0.51011,0.051624,-0.39191,-0.32919,0.54314,0.13299,0.46377,0.28349,0.24665
-0.2979,-0.61151,0.35091,0.23418,0.19471,0.66435,-0.22304,0.30725,0.60449,0.95213,0.67913,1.0887,0.76556,0.98534,0.17523,-0.093409,1.0333,0.71496,1.0646,0.32563,0.079369,0.23387,-0.035166,-0.31878,1.3906,0,0.097098,0.12811,-0.57778,-1.0027,0.44573,0.49851,0.41133,0.67514,-0.5967,-0.72583,0.3541,0.56849,0.6783,1.0614,0.20359,0.39579,-0.80863,-0.46414,0.26081,0.35396,-0.077552,-0.14988,0.08672,1.0647,1.3225,-0.096965,-0.39882,-0.13812,-0.20552,-0.67115,-0.74044,-0.51826,-0.2613,0.18598,0.43147,-0.19494,0.13198,0.16809,0.52649,0.19716,0.032371,0.047848,0.092573,0.57081,1.1164,0.22446,0.24209,-0.043727,0.28353,0.94575,1.1755,0.95648,0.62202,0.74691,1.0513,0.56333,1.1998,0.39935,0.20754,1.1379,0.9173,-0.011675,-0.14924,-0.013244,0.0028371,-0.10793,0.18768,-0.053055,-0.06226,0.34054,0.48428,-0.11204,-0.58938,-0.21341,0.5862,0.0075827,0.43452,0.060519,0.064216
0.53152,0.29391,-0.20544,-0.46623,0.80375,0.53673,0.16889,-0.26352,0.31042,-0.15094,0.092242,0.032664,-0.03356,-0.030985,0.76553,0.60742,-0.0041403,-0.03851,-0.32036,0.34538,0.75228,0.67834,0.54558,0.54269,-0.07144,0.097098,0,1.1452,0.30015,-0.20869,0.21848,0.43387,0.24768,-0.034914,-0.3091,-0.21744,-0.16389,-0.35464,-0.19592,0.11987,0.53832,1.1108,0.35056,0.37208,0.69904,0.15112,-0.027578,0.054007,-0.073051,0.15226,0.046016,-0.089363,0.45594,0.61491,0.35024,0.32509,0.46399,0.14263,0.26433,-0.14959,0.55865,0.37491,-0.030379,0.39505,0.69377,0.069945,0.25623,1.0735,0.80101,0.74641,0.51777,0.093631,0.018392,-0.059043,-0.18886,0.20503,-0.028719,-0.080458,-0.32234,0.24936,0.27309,-0.2827,-0.09547,0.028444,-0.026484,0.052231,0.092764,0.35041,0.32065,0.71038,0.081962,0.32191,0.16152,0.020245,-0.071997,0.018867,0.065473,-0.15794,-0.069442,0.076691,-0.20334,-0.65148,-0.070751,-0.18152,-0.19456
0.333,-0.03043,-0.29951,-0.68399,1.1366,0.5239,0.25958,-0.5184,0.21295,-0.11335,-0.24226,0.045243,-0.072395,-0.019576,0.20488,0.18695,-0.017858,-0.10038,-0.20662,0.64927,0.78149,0.82219,0.6673,0.7641,-0.057574,0.12811,1.1452,0,0.20809,-0.21024,0.32111,0.34499,0.26639,-0.02629,-0.18688,-0.31819,-0.25715,-0.4635,-0.33036,0.1478,0.51151,0.84971,0.28958,0.16125,0.31538,-0.16729,-0.18476,-0.12895,0.23191,0.22823,0.099286,0.14198,0.46589,0.46314,0.21324,0.4766,0.31203,-0.040219,-0.019332,-0.35585,0.43176,0.10137,-0.089797,0.093839,0.54914,-0.19333,0.0056639,0.45106,0.3299,0.43256,0.60446,-0.26765,-0.26089,-0.51539,-0.5698,-0.010482,-0.20245,-0.092626,-0.27545,0.18902,0.20906,0.054527,-0.0077344,0.25804,0.2658,0.17481,0.20087,0.13226,0.040409,0.40381,-0.39296,0.33592,0.18281,-0.053058,-0.26963,-0.091529,-0.070037,-0.06335,-0.35707,-0.021849,-0.33303,-0.81519,-0.36877,-0.19192,-0.36145
0.7358,0.56613,0.10727,0.050681,0.16962,-0.33211,0.65438,-0.075487,-0.5052,-1.0238,-0.27709,-0.63389,-0.30651,-0.4071,0.14903,0.069133,-0.58987,-0.4839,-0.52105,-0.13064,-0.13265,-0.15968,0.24008,0.48848,-0.5738,-0.57778,0.30015,0.20809,0,0.92796,0.19132,-0.40015,-0.12483,-0.27165,0.80495,0.84798,0.27273,-0.09493,-0.12317,-0.33376,0.16698,-0.0066876,0.53113,0.20903,-0.16801,-0.28455,-0.032127,0.018841,-0.0031289,-0.35105,-0.43162,0.14625,0.92744,0.33318,0.87557,0.80572,0.63183,0.39455,0.14334,0.27018,-0.28236,0.12257,-0.16067,-0.36753,-0.46226,-0.3214,-0.20035,0.26396,0.14941,-0.28231,-0.50181,-0.61147,-0.66232,-0.28495,-0.55072,-0.13773,-0.38472,-0.22393,-0.032975,-0.030199,-0.17517,-0.42438,-0.51611,0.18847,0.062875,-0.23364,-0.1871,-0.20407,-0.021738,-0.10681,-0.17631,0.61946,-0.14173,0.69528,0.41827,0.13109,-0.066364,-0.013385,0.51077,0.19511,-0.92032,-0.28373,-0.56227,0.08613,0.23932
0.23088,0.4079,-0.015609,0.026448,-0.1894,-0.66455,0.44529,-0.15412,-0.64231,-1.0631,-0.34503,-1.1125,-0.35736,-0.46754,-0.22856,-0.27882,-0.65405,-0.61526,-0.55987,-0.28853,-0.245,-0.39798,0.046504,0.37346,-0.96415,-1.0027,-0.20869,-0.21024,0.92796,0,-0.064513,-0.50593,-0.32241,-0.34829,0.92575,0.98945,0.086872,-0.17278,-0.31123,-0.77069,-0.12282,-0.47313,0.49809,0.17742,-0.67636,-0.51922,0.048859,0.070155,-0.078428,-0.50716,-0.60229,0.19698,0.50579,0.052906,0.29015,0.74032,0.47798,0.44331,0.084417,-0.043631,-0.76063,-0.046171,-0.35462,-0.486,-0.80859,-0.2913,-0.20357,-0.17925,-0.38854,-0.81818,-1.093,-0.58506,-0.67279,-0.26348,-0.53895,-0.49157,-0.8017,-0.35828,-0.096675,-0.30677,-0.53601,-0.36412,-0.67161,0.0079522,-0.1052,-0.44834,-0.48998,-0.21212,-0.1094,-0.39532,-0.31783,0.29835,-0.19918,0.39406,0.20877,-0.026295,-0.30408,0.1418,0.61297,0.28781,-0.77591,-0.037813,-0.73731,-0.055443,0.057005
0.26796,-0.092941,0.49363,0.18897,0.30116,0.06258,0.3056,-0.17124,0.036331,0.05124,0.11937,0.028296,0.37313,0.41036,0.2422,-0.041658,0.21693,0.39899,0.33865,-0.044557,0.05473,0.19548,0.18728,0.075718,0.31881,0.44573,0.21848,0.32111,0.19132,-0.064513,0,0.42012,0.34257,0.57979,0.2226,-0.0718,0.52096,0.14815,0.27355,0.11761,0.2252,0.15246,0.054456,-0.13403,0.063846,0.20303,0.059189,-0.024419,0.32672,0.33909,0.38417,0.17259,0.33472,0.16487,0.4085,0.24987,-0.035701,0.088765,0.10534,0.29103,-0.002978,0.19886,0.26751,0.10573,0.1808,-0.048675,-0.08164,0.1973,0.10678,0.29091,0.46131,-0.10884,-0.11456,-0.30241,-0.099364,0.54673,0.18938,0.78081,0.71197,0.71887,0.6674,-0.0060475,0.1029,1.1892,0.57436,0.62832,0.36823,-0.051545,-0.12484,-0.23519,-0.2708,0.46416,-0.051486,0.7699,0.40138,0.9672,0.52702,-0.40752,-0.46424,0.37003,0.033393,0.024341,-0.094339,0.18702,0.21474
-0.076482,-0.13466,-0.0061008,-0.25714,0.11945,0.23452,-0.22363,-0.11497,0.12822,0.36878,0.15474,0.30494,0.38407,0.38973,0.37207,0.21864,0.28211,0.17258,0.04377,-0.060095,0.18972,0.1859,-0.20075,-0.14247,0.30097,0.49851,0.43387,0.34499,-0.40015,-0.50593,0.42012,0,0.51621,0.51155,-0.35949,-0.39564,0.18948,0.10949,0.24095,0.3211,0.067381,0.59308,-0.21286,-0.025541,0.5843,0.76841,-0.1367,-0.30171,-0.41249,0.45572,0.46729,-0.41139,-0.25648,-0.17013,-0.11448,-0.19697,-0.19523,-0.30961,-0.11537,-0.32357,0.2795,0.218,0.023596,0.31271,0.55025,-0.023401,0.021815,0.45124,0.3158,0.86589,0.79722,0.39973,0.57567,0.047168,0.28845,0.60182,0.17986,0.45632,0.098308,0.82284,0.6458,-0.047101,0.11522,0.073003,-0.029351,0.35697,0.078405,0.0066322,-0.15958,0.15374,0.11952,-0.23531,-0.30905,-0.043085,-0.072559,0.20032,0.27223,-0.43911,-0.67008,-0.095211,0.38461,-0.18537,0.24515,-0.17179,-0.18933
-0.18833,-0.12059,0.31184,-0.0075308,0.041935,0.17677,-0.39613,-0.06105,0.25221,0.43797,0.19084,0.12703,0.83525,0.72331,0.44451,0.24116,0.45266,0.1061,0.37411,-0.031042,0.10511,0.15952,-0.2338,-0.066923,0.16911,0.41133,0.24768,0.26639,-0.12483,-0.32241,0.34257,0.51621,0,1.075,-0.029073,-0.097563,0.27676,-0.012908,0.066507,0.1116,-0.39364,0.28463,-0.2492,-0.54253,0.19666,0.42211,-0.48331,-0.50069,-0.15841,0.52595,0.56326,-0.28107,-0.38704,-0.14462,-0.091576,-0.031073,-0.33209,-0.30014,0.077336,0.0010013,0.29952,0.10193,-0.02343,0.1674,0.26121,-0.20696,-0.34987,0.38371,0.21798,0.60455,0.50753,0.24278,0.30023,-0.17399,0.17768,0.30264,0.35084,0.71086,0.51567,0.65497,0.65523,0.4733,0.20526,0.19969,-0.082055,0.482,0.14805,-0.27363,-0.24952,0.0073745,0.16545,-0.32665,-0.52705,-0.15312,-0.058403,0.16309,0.11253,-0.33461,-0.94694,-0.014209,0.10748,0.01674,0.085726,-0.28843,-0.1961
-0.31553,-0.34152,0.68541,0.37519,-0.081773,0.18193,-0.34762,0.054579,0.35316,0.62479,0.41199,0.24518,0.897,0.95114,0.22601,-0.017768,0.5017,0.49772,0.75972,-0.15981,-0.038184,0.066966,-0.21523,-0.33948,0.47654,0.67514,-0.034914,-0.02629,-0.27165,-0.34829,0.57979,0.51155,1.075,0,-0.090494,-0.21596,0.48324,0.27932,0.31308,0.19683,-0.33125,0.034115,-0.37121,-0.54198,0.071645,0.43356,-0.16771,-0.26325,0.021298,0.54156,0.68637,-0.25935,-0.36556,-0.10602,-0.009942,-0.22622,-0.58447,-0.30673,0.05483,0.24485,0.13656,0.08016,0.17055,0.1709,0.13921,0.028554,-0.17348,0.090057,0.065659,0.48403,0.4806,0.25066,0.26246,-0.071652,0.32416,0.51809,0.59803,1.1075,1.0271,0.71537,0.81002,0.46485,0.46292,0.48973,0.19117,0.6224,0.35982,-0.25068,-0.29224,-0.20884,0.088974,-0.27494,-0.38369,0.091521,0.16115,0.58379,0.50293,-0.41039,-0.90437,0.078504,0.31814,0.29422,0.22901,-0.010074,0.062558
0.43815,0.34332,0.22164,0.18625,-0.16612,-0.73802,0.60447,0.037173,-0.92508,-0.70984,-0.43769,-0.63126,-0.25556,-0.35961,-0.20013,-0.22212,-0.58677,-0.55079,-0.35267,-0.35141,-0.60289,-0.57948,-0.1902,0.10595,-0.46195,-0.5967,-0.3091,-0.18688,0.80495,0.92575,0.2226,-0.35949,-0.029073,-0.090494,0,1.2465,0.51407,0.10473,0.050071,-0.37325,-0.1218,-0.43473,0.38197,0.01869,-0.44417,-0.22986,-0.060996,-0.12602,-0.017517,-0.41243,-0.40754,0.14079,0.45058,-0.13833,0.44868,0.5872,0.38756,0.33868,-0.020993,0.14779,-0.70119,-0.038085,-0.090294,-0.47292,-0.75567,-0.41305,-0.451,-0.16138,-0.23482,-0.54966,-0.74782,-0.58119,-0.43694,-0.23268,-0.36738,-0.23272,-0.47777,-0.095483,0.1375,-0.0010766,-0.31338,-0.19214,-0.47215,0.16114,0.044121,-0.24691,-0.40057,-0.44706,-0.22379,-0.54695,-0.25404,0.29697,-0.43939,0.731,0.36993,0.14081,-0.1729,0.099956,0.20833,0.10774,-0.65974,0.032802,-0.55683,0.20791,0.32367
0.47061,0.78601,0.12952,0.15834,-0.34184,-0.58373,0.36912,0.26812,-0.99639,-0.86497,-0.33523,-0.71155,-0.2958,-0.44905,-0.020367,0.041182,-0.64348,-0.55428,-0.54158,-0.32739,-0.53546,-0.60425,-0.21157,0.19372,-0.71629,-0.72583,-0.21744,-0.31819,0.84798,0.98945,-0.0718,-0.39564,-0.097563,-0.21596,1.2465,0,0.4284,0.083167,-0.020846,-0.357,-0.23545,-0.24959,0.36697,0.24219,-0.25448,-0.12361,0.07092,0.044183,-0.23189,-0.5096,-0.54222,0.024729,0.4001,-0.041117,0.35431,0.56377,0.49553,0.41519,0.12784,0.14053,-0.48391,-0.039718,-0.19958,-0.37572,-0.6817,-0.19194,-0.16554,-0.015277,-0.10514,-0.49632,-1.0709,-0.37512,-0.28708,0.04424,-0.16942,-0.28136,-0.45848,-0.26198,-0.073347,-0.097543,-0.32449,-0.28749,-0.49461,-0.15098,-0.28364,-0.40798,-0.46838,-0.32854,-0.019953,-0.21377,0.071309,0.081978,-0.38357,0.46681,0.35474,-0.065932,-0.23572,0.016864,0.46854,0.10093,-0.54552,0.019497,-0.30561,0.10578,0.32281
0.19588,-0.032302,0.60504,0.54318,-0.18346,-0.19328,0.27541,0.53975,-0.36193,-0.014176,0.30692,0.15644,0.40497,0.37703,0.11469,-0.22534,0.10732,-0.0375,0.2601,-0.30799,-0.84734,-0.68784,-0.50586,-0.39282,0.38567,0.3541,-0.16389,-0.25715,0.27273,0.086872,0.52096,0.18948,0.27676,0.48324,0.51407,0.4284,0,1.1262,1.1156,0.44474,0.010662,-0.03104,-0.3838,-0.3452,-0.068241,0.3603,-0.12799,-0.29966,-0.35243,0.34596,0.44361,-0.30893,0.0097836,-0.39576,0.34978,-0.19589,-0.23272,-0.15968,-0.32658,0.39877,-0.34439,-0.23778,-0.11189,-0.35395,-0.35072,-0.1812,-0.38317,0.06519,0.0054137,0.032664,-0.007741,-0.21791,-0.03973,-0.076165,0.096408,0.79744,0.4441,0.69364,0.76028,0.944,0.56071,0.02047,0.26272,0.3197,0.046435,0.48571,0.22936,-0.52664,-0.39892,-0.59669,-0.0082412,0.12106,-0.42439,0.78963,0.43848,0.45602,0.31032,-0.087854,-0.05067,-0.28016,-0.10481,-0.00070949,-0.010133,0.20882,0.47929
-0.046141,-0.29137,0.40191,0.53821,-0.21016,-0.0079151,0.16272,0.90616,-0.15466,0.27763,0.48405,0.5853,0.34681,0.39553,-0.069789,-0.37967,0.31975,0.033375,0.4198,-0.17911,-0.86978,-0.73258,-0.59206,-0.71204,0.77686,0.56849,-0.35464,-0.4635,-0.09493,-0.17278,0.14815,0.10949,-0.012908,0.27932,0.10473,0.083167,1.1262,0,1.7986,0.85151,0.15073,-0.058521,-0.74907,-0.38668,-0.098222,0.27079,-0.13448,-0.28793,-0.38302,0.46583,0.60333,-0.26286,-0.25939,-0.60331,0.017216,-0.7243,-0.47169,-0.40181,-0.60915,0.28858,-0.29018,-0.39971,-0.09077,-0.32968,-0.23983,-0.073579,-0.29541,-0.13822,-0.080107,-0.011187,0.079107,-0.13034,0.047968,0.055077,0.19667,0.86554,0.72427,0.55804,0.54485,0.6519,0.41733,0.16024,0.58238,0.04311,-0.080561,0.48052,0.30455,-0.41683,-0.39528,-0.54566,0.0062086,-0.017089,-0.13459,0.4141,0.20625,0.26298,0.27762,0.12784,0.051939,-0.53633,0.11771,0.025581,0.19744,0.22848,0.41238
0.073024,-0.30929,0.34076,0.45988,-0.092662,-0.017313,0.20081,0.67574,-0.074566,0.29332,0.57745,0.60172,0.40157,0.45724,0.10462,-0.24171,0.36957,0.12282,0.48272,-0.14837,-0.76519,-0.61884,-0.50355,-0.78522,0.94172,0.6783,-0.19592,-0.33036,-0.12317,-0.31123,0.27355,0.24095,0.066507,0.31308,0.050071,-0.020846,1.1156,1.7986,0,0.85261,0.23709,-0.0016412,-0.64407,-0.36946,0.095808,0.45581,-0.0989,-0.24534,-0.34925,0.50236,0.6357,-0.39639,-0.23487,-0.54215,0.08009,-0.77524,-0.39947,-0.2988,-0.51487,0.3318,-0.21515,-0.27564,-0.0129,-0.16816,-0.11139,-0.0032498,-0.23933,0.053088,0.07968,0.1568,0.24943,0.012255,0.19663,0.10635,0.29894,1.0812,0.78526,0.6171,0.56293,0.80959,0.56918,0.04625,0.52415,0.12117,0.015228,0.57818,0.42234,-0.23775,-0.26073,-0.44772,0.1105,0.11243,-0.15342,0.44832,0.18287,0.29493,0.27241,0.10358,-0.0037303,-0.54295,0.16751,0.001419,0.23601,0.2077,0.37602
-0.033034,-0.34542,0.1275,0.089747,0.24487,0.65474,0.036988,0.69471,0.17442,0.53934,0.35861,1.2697,0.29531,0.40833,0.024596,-0.1076,0.5286,0.19443,0.41719,0.39868,-0.13574,-0.0087586,-0.14769,-0.2427,1.0095,1.0614,0.11987,0.1478,-0.33376,-0.77069,0.11761,0.3211,0.1116,0.19683,-0.37325,-0.357,0.44474,0.85151,0.85261,0,0.41883,0.58517,-0.74789,-0.22108,0.27739,0.21237,-0.17706,-0.26557,-0.13314,0.73255,0.81551,-0.077609,-0.21851,-0.24822,-0.13664,-0.62506,-0.42746,-0.61426,-0.58054,0.042408,0.32108,-0.37445,-0.019994,-0.084462,0.35811,0.010326,-0.066985,0.025265,0.14599,0.37536,0.633,-0.064152,0.096773,-0.030273,0.084833,0.77728,0.82516,0.4136,0.18263,0.59582,0.58,0.43938,0.99657,0.011107,-0.033197,0.62931,0.5545,-0.19934,-0.21998,0.020208,-0.056508,-0.11017,0.19231,0.010217,-0.10186,0.037315,0.2627,0.083543,-0.25731,-0.60179,0.26656,-0.30336,0.3292,0.14469,0.15627
0.62641,-0.04526,-0.15661,-0.19829,1.0297,0.50676,0.94847,0.064854,0.22592,-0.17673,0.23786,0.26018,-0.31555,-0.16912,0.1644,-0.080649,0.023686,-0.05219,-0.11879,0.53844,0.31956,0.29376,0.61944,0.25786,0.3088,0.20359,0.53832,0.51151,0.16698,-0.12282,0.2252,0.067381,-0.39364,-0.33125,-0.1218,-0.23545,0.010662,0.15073,0.23709,0.41883,0,0.47438,0.28917,0.44374,0.18325,-0.29676,0.25629,0.28181,0.17997,0.14348,0.078559,0.27637,0.6669,0.38068,0.23788,0.076275,0.483,0.27525,-0.072417,-0.15248,0.025318,0.02878,0.0056968,0.18389,0.45149,0.22606,0.28605,0.24582,0.2115,0.14886,0.28467,-0.27204,-0.33878,-0.087446,-0.43419,0.26468,-0.0018874,-0.16415,-0.28489,0.093936,-0.026803,-0.19354,0.2308,0.11343,0.13326,0.086989,0.19438,0.45675,0.33866,0.21145,-0.34149,0.76048,0.6188,0.35196,-0.13272,0.12779,0.015306,0.48288,0.24286,-0.061867,-0.26786,-0.61542,-0.26611,0.18241,0.066017
0.2951,0.23549,-0.11915,-0.41686,0.58882,0.94915,0.012252,0.14964,0.23137,0.10443,0.10492,0.3918,0.091806,0.10332,0.54648,0.47186,0.23054,0.014,-0.19496,0.50524,0.59605,0.5851,0.27344,0.47112,0.12956,0.39579,1.1108,0.84971,-0.0066876,-0.47313,0.15246,0.59308,0.28463,0.034115,-0.43473,-0.24959,-0.03104,-0.058521,-0.0016412,0.58517,0.47438,0,-0.023546,0.29114,0.68596,0.20101,-0.082541,-0.06432,-0.18093,0.40761,0.32594,0.053873,0.18156,0.32228,0.02297,0.10579,0.18176,-0.15914,0.03944,-0.27333,0.7287,0.091575,-0.092384,0.2958,0.92588,0.072326,0.24496,0.63837,0.5234,0.74537,0.63612,0.076769,0.090426,-0.017995,-0.10045,0.38075,0.17762,0.075767,-0.29596,0.40546,0.41165,0.089861,0.25702,-0.087247,-0.21117,0.23187,0.13969,0.13894,0.15946,0.72499,0.058252,-0.052134,0.18558,-0.1267,-0.16536,-0.051278,0.12496,-0.15129,-0.24414,-0.073706,0.050706,-0.67675,0.14717,-0.1424,-0.1488
0.81278,0.66906,-0.2019,-0.26782,0.36517,-0.13439,0.5572,-0.42507,-0.13756,-0.76145,-0.35666,-0.79474,-0.76174,-0.77227,0.18979,0.35736,-0.75291,-0.19467,-0.6892,0.028087,0.40117,0.30275,0.67436,0.54263,-0.71458,-0.80863,0.35056,0.28958,0.53113,0.49809,0.054456,-0.21286,-0.2492,-0.37121,0.38197,0.36697,-0.3838,-0.74907,-0.64407,-0.74789,0.28917,-0.023546,0,0.96696,0.12948,-0.30166,0.46205,0.58496,0.35785,-0.84198,-1.0202,0.26493,0.97521,0.799,0.43192,0.99377,1.5027,1.1493,0.72831,-0.090436,-0.09085,0.5806,0.22638,0.38457,0.076012,0.23308,0.40939,0.27349,0.24923,-0.075598,-0.41081,-0.058468,-0.19297,0.14565,-0.27434,-0.61317,-0.86999,-0.70331,-0.54791,-0.52223,-0.59526,-0.59523,-0.70719,-0.023171,0.067531,-0.75077,-0.4682,0.52679,0.6578,0.37654,-0.0031305,0.47332,0.13642,0.2738,0.10019,0.041422,-0.19447,0.072186,0.29356,0.56351,-0.44669,-0.079054,-0.35557,0.14263,0.042255
0.72351,0.82443,-0.25121,-0.22841,0.22966,0.16299,0.374,0.0066497,-0.12362,-0.52147,-0.20102,-0.30967,-0.92998,-0.86374,0.18874,0.48688,-0.64019,-0.027524,-0.76176,0.13006,0.3958,0.29856,0.55215,0.43101,-0.44073,-0.46414,0.37208,0.16125,0.20903,0.17742,-0.13403,-0.025541,-0.54253,-0.54198,0.01869,0.24219,-0.3452,-0.38668,-0.36946,-0.22108,0.44374,0.29114,0.96696,0,0.43507,-0.098673,0.79096,0.84856,0.14302,-0.71414,-0.81617,0.18501,0.74526,0.76701,0.26179,0.50596,1.1211,0.80239,0.57572,-0.13721,0.15372,0.44307,0.24157,0.49474,0.30745,0.56759,0.93864,0.23911,0.34827,0.074836,-0.30831,0.12543,0.035992,0.52914,-0.0066623,-0.3431,-0.52721,-0.79704,-0.87442,-0.46378,-0.47414,-0.63411,-0.34172,-0.29975,-0.13562,-0.75806,-0.38282,0.65108,0.85464,0.70959,0.19244,0.17967,0.38134,0.14637,0.10892,-0.049605,-0.022564,0.016186,0.43264,0.35201,-0.073117,-0.11897,0.059529,0.28383,0.19778
0.35925,0.3177,-0.0043273,-0.061351,0.13128,0.3089,-0.18967,0.051126,0.22968,0.21217,0.12879,0.3394,-0.094756,-0.10099,0.70203,1.0453,-0.032919,0.36725,-0.11939,0.018413,0.30801,0.39474,0.11532,-0.095405,0.22275,0.26081,0.69904,0.31538,-0.16801,-0.67636,0.063846,0.5843,0.19666,0.071645,-0.44417,-0.25448,-0.068241,-0.098222,0.095808,0.27739,0.18325,0.68596,0.12948,0.43507,0,0.86355,0.25867,0.20839,-0.13236,-0.096572,-0.057554,-0.38476,0.031748,0.36394,0.2716,-0.14723,0.18457,0.080621,0.36738,0.19248,0.86764,0.61145,0.47937,0.7213,0.69617,0.42044,0.52369,0.73606,1.1288,1.1267,0.50934,0.76869,0.81727,0.67971,0.63977,0.33232,0.28602,-0.04306,-0.25701,0.18136,0.29195,-0.33343,0.028806,-0.16447,-0.018742,-0.09284,0.080333,0.39851,0.47136,0.92052,0.77595,-0.11525,-0.0038869,-0.059397,0.17734,0.079861,0.35252,-0.3709,-0.16616,0.008078,0.48747,-0.009257,0.72099,0.22678,0.21278
