,,,,,,,,,,,,,,,,,,,,,,,,,,,,,,,,,,,,,,,,,,,,,,,,,,,,,,,,,,,,,,,,,,,,,,,,,,,,,,,,,,,,,,,,,,,,,,,,,,,,,,,,
0,0.77937,-0.15331,-0.33244,0.82217,0.55909,0.64458,0.03611,0.33593,-0.27686,-0.050891,0.18562,-0.1097,-0.15382,1.1503,1.2988,-0.16886,0.23376,-0.46207,0.34291,0.99974,1.0722,0.95322,0.65818,0.056721,0.21989,1.2258,0.87178,0.7697,0.19943,0.57747,0.58491,0.35046,0.04998,0.26438,0.22286,0.054911,-0.33332,-0.16053,0.17824,0.79,0.98549,0.71411,0.67246,0.8505,0.64799,-0.37801,-0.26949,0.31777,-0.12328,-0.1073,-0.037204,1.0588,1.0691,0.4788,0.53097,0.97633,0.39045,0.39882,0.47339,1.0195,0.69008,0.44069,0.49887,0.61925,-0.30872,-0.13803,1.0306,1.3161,0.73435,0.48388,0.16871,0.078902,-0.17625,-0.31021,0.22213,-0.083545,-0.031927,-0.19998,0.012729,0.11261,-0.70052,-0.63764,0.12106,-0.030844,-0.14463,-0.23346,-0.075309,-0.11854,0.10556,-0.030084,0.055066,-0.33388,0.08116,-0.10376,0.24518,0.17481,-0.44205,-0.039662,0.26139,-0.33417,0.0030219,0.33184,-0.023752,-0.11396
0.77937,0,-0.56029,-0.51668,0.18508,0.097071,0.060498,0.0099187,-0.064863,-0.40278,-0.23084,-0.14702,-0.53593,-0.54421,0.49471,1.1823,-0.38091,0.086793,-0.7471,0.20181,0.94647,0.78082,0.80804,0.605,-0.52514,-0.23258,0.65807,0.32232,0.52876,0.4354,0.037981,0.24435,-0.16733,-0.29637,0.010825,0.4048,-0.3884,-0.47094,-0.52701,-0.10572,0.193,0.5139,0.85002,0.92625,0.59793,0.18247,-0.19108,-0.10353,0.07883,-0.5249,-0.62783,-0.05877,0.66686,0.91096,0.04689,0.63731,1.2003,0.41691,0.31604,0.048267,0.67975,0.76515,0.33024,0.40366,0.31736,-0.15213,0.083688,0.61816,0.806,0.4183,-0.13308,0.19747,0.038537,-0.0051446,-0.27832,-0.34869,-0.5262,-0.45693,-0.64432,-0.34088,-0.23166,-0.75087,-0.73222,-0.3746,-0.46857,-0.5729,-0.50683,0.031205,-0.010053,0.41092,0.20784,-0.16722,-0.037191,-0.23182,-0.078925,-0.10103,-0.051478,-0.62506,0.31892,0.40358,-0.12056,0.12236,0.41919,-0.075187,-0.10691
-0.15331,-0.56029,0,1.3429,-0.24343,-0.13082,0.11714,0.054652,0.20148,0.48069,0.20175,0.26153,0.16828,0.19124,-0.14137,-0.37491,0.058289,0.22339,0.5569,-0.71322,-0.52148,-0.28689,-0.36627,-0.49534,0.60969,0.25988,-0.28451,-0.23905,-0.062071,-0.23854,0.30857,-0.12024,0.093551,0.49353,0.14866,-0.26656,0.6457,0.43648,0.49096,0.054066,0.015822,-0.31578,-0.33554,-0.44161,-0.3164,0.055129,0.17256,0.081033,0.22804,0.092944,0.31111,0.26964,0.018646,-0.03622,0.57245,-0.2611,-0.4724,-0.10094,0.18158,0.49848,-0.18115,0.077051,0.4839,-0.097723,-0.16911,0.076998,-0.10531,-0.33105,-0.15458,0.0056935,0.16918,-0.10141,-0.098146,-0.010469,0.12974,0.61387,0.67798,0.6699,0.9458,0.35379,0.22052,0.13148,0.36797,0.73051,0.59766,0.28221,0.13894,-0.1297,-0.034111,-0.4205,-0.17655,0.26054,0.13053,1.0095,0.82605,1.0401,1.1138,-0.037173,-0.22742,0.22326,0.35628,0.3611,0.095219,0.89838,0.86869
-0.33244,-0.51668,1.3429,0,-0.60764,-0.40516,-0.24842,0.048477,0.2259,0.555,0.33093,0.25322,-0.016415,0.04368,-0.28568,-0.44219,0.058634,0.16725,0.71825,-0.83918,-0.81107,-0.53771,-0.51406,-0.77655,0.54816,0.12588,-0.46089,-0.61253,-0.23264,-0.37939,-0.044393,-0.47702,-0.32117,0.15549,-0.15242,-0.42269,0.40689,0.54449,0.55453,0.022163,-0.16009,-0.57553,-0.50526,-0.534,-0.37156,-0.064631,0.26668,0.18134,0.08872,-0.065957,0.12682,0.10789,-0.24645,-0.13015,0.38263,-0.58216,-0.55434,-0.090462,0.1285,0.4843,-0.23564,-0.012679,0.44375,-0.20247,-0.39907,0.22872,-0.022308,-0.4747,-0.22115,-0.17115,-0.097469,-0.020622,-0.10126,0.092223,0.18945,0.48388,0.78683,0.41381,0.74116,0.16674,0.10312,0.12207,0.4664,0.42687,0.46515,0.1795,0.25827,0.026018,0.10157,-0.25021,0.12684,0.17669,0.34522,0.59894,0.76826,0.59026,0.82844,0.15231,0.20674,0.026805,0.66902,0.44254,0.27684,1.001,1.0466
0.82217,0.18508,-0.24343,-0.60764,0,0.90119,0.90977,0.12015,0.4257,-0.043641,0.11912,0.31781,0.44728,0.39858,0.88255,0.46012,0.35174,-0.037789,-0.14962,0.61307,0.81318,0.70919,0.57521,0.58895,0.24303,0.49559,1.0184,1.1858,0.50891,0.077731,0.58156,0.69742,0.92326,0.32837,0.18744,0.0019941,0.24704,-0.078469,0.058611,0.43373,0.9567,1.1018,0.22243,0.16919,0.35955,0.28402,-0.63104,-0.53669,0.10912,0.57113,0.4958,0.072703,0.45216,0.24296,0.048483,0.32841,0.3946,-0.079496,-0.096624,0.085109,0.49688,0.17284,-0.055251,0.2394,0.74572,-0.51972,-0.39405,0.9194,0.61892,0.64172,0.99143,-0.16193,-0.12052,-0.43022,-0.43596,0.3851,0.05505,0.31334,0.0066504,0.46445,0.4492,-0.047685,-0.19893,0.14702,-0.16503,0.36127,0.0016891,-0.25279,-0.3317,-0.14173,-0.42221,0.16092,-0.30584,0.013514,-0.42479,0.14534,-0.080719,-0.16695,-0.42146,-0.036529,-0.77171,-0.42578,-0.14463,-0.4833,-0.52106
0.55909,0.097071,-0.13082,-0.40516,0.90119,0,0.85039,0.68321,0.37509,0.064141,0.26675,0.50662,0.50622,0.51135,0.62788,0.41164,0.26801,0.40686,-0.095804,0.71849,0.44319,0.37488,0.47814,0.42062,0.47366,0.80745,0.45394,0.49828,0.18915,0.14833,0.67214,1.0496,0.72508,0.5789,0.29257,0.28722,0.54195,0.19513,0.30238,0.68834,0.92962,0.95418,0.10748,0.47506,0.45781,0.58087,-0.3383,-0.25658,0.16147,0.55556,0.58972,-0.17533,0.24791,0.16246,-0.05223,0.11567,0.12515,-0.075686,-0.13467,0.17946,0.45064,0.023148,-0.0034412,0.4314,0.73359,-0.19638,-0.071393,0.50771,0.49817,0.58609,0.73067,0.10238,0.23624,-0.091067,-0.1059,0.36565,0.18181,0.29052,0.014037,0.27276,0.38467,-0.10875,0.052146,0.013351,-0.23423,0.22984,0.031198,-0.2712,-0.30482,-0.32121,-0.40837,-0.14028,-0.41994,0.06477,-0.34673,0.22896,0.091928,-0.25795,-0.53129,-0.069725,-0.36434,-0.074203,0.20358,-0.27951,-0.29131
0.64458,0.060498,0.11714,-0.24842,0.90977,0.85039,0,0.43961,0.22172,0.0070051,0.10796,0.331,0.35882,0.27991,0.70461,0.43886,0.15006,0.20092,-0.19099,0.2604,0.46333,0.43211,0.41688,0.30685,0.33839,0.47621,0.49287,0.62547,0.45142,0.24085,0.74063,0.80713,0.85818,0.4312,0.49708,0.34481,0.44716,0.051176,0.20665,0.34288,1.0035,0.67783,0.26149,0.31982,0.32413,0.39993,-0.19147,-0.15344,0.15508,0.39454,0.45877,0.15907,0.49951,0.22101,0.27326,0.32903,0.27501,0.077473,0.10283,0.16873,0.37081,0.41044,0.23854,0.4843,0.83687,-0.20995,-0.078367,0.61892,0.49937,0.79542,0.8698,0.070715,0.20418,-0.023389,-0.030996,0.31624,0.12829,0.32251,0.059961,0.28936,0.19111,-0.22149,-0.028233,0.15645,-0.13219,0.12774,-0.22077,-0.17727,-0.15572,-0.22931,-0.42276,0.32958,-0.24123,0.51439,0.10852,0.52177,0.28418,-0.32151,-0.68396,0.35758,-0.39334,-0.042983,-0.023357,0.0098382,0.014044
0.03611,0.0099187,0.054652,0.048477,0.12015,0.68321,0.43961,0,0.18804,0.57901,0.49936,0.74587,0.27007,0.34183,0.19278,0.17603,0.40421,0.36223,0.20521,0.12908,-0.10946,-0.1752,0.0019499,-0.20773,0.57433,0.60329,-0.094932,-0.25673,-0.14387,-0.017576,0.093302,0.28964,0.079274,0.32474,-0.078314,0.20385,0.51876,0.81868,0.73608,0.77313,0.55443,0.2688,-0.28474,0.22871,0.084647,0.11341,-0.029679,-0.014565,-0.11483,0.40755,0.49264,-0.045743,-0.24505,-0.21244,-0.31058,-0.36186,-0.19715,-0.29613,-0.29804,0.044265,0.16422,0.13443,0.27463,0.35252,0.47213,0.082149,0.11918,0.14861,0.26779,0.50561,0.3095,0.14519,0.27492,0.24678,0.1482,0.2316,0.53241,0.25805,0.027125,0.15871,0.15399,0.03643,0.6185,-0.38748,-0.67607,0.093708,-0.014015,-0.17248,-0.11239,-0.19355,-0.084596,0.0049543,0.23699,0.261,0.17512,0.29438,0.35703,-0.26971,-0.17879,0.024788,0.19736,0.24826,0.61437,0.20753,0.33317
0.33593,-0.064863,0.20148,0.2259,0.4257,0.37509,0.22172,0.18804,0,0.49662,0.95192,0.54157,0.48054,0.54652,0.72393,0.2203,0.63389,0.29775,0.54091,0.144,0.25031,0.22965,0.29326,-0.0043856,0.76128,0.69702,0.39397,0.10967,0.12262,-0.10408,0.38776,0.21536,0.35552,0.46395,-0.10472,-0.40753,0.44106,0.3143,0.48368,0.38129,0.61848,0.28237,-0.074877,-0.10692,0.16576,0.31191,-0.45987,-0.36845,0.17881,0.41145,0.51591,-0.17441,-0.097483,0.1371,-0.0037694,-0.28725,0.0057071,0.082213,0.053507,0.53493,0.33124,0.19992,0.2457,0.2984,0.30264,-0.18915,-0.36463,0.44686,0.51304,0.41502,0.57405,0.16598,-0.075183,-0.27662,-0.29428,0.68936,0.61672,0.60619,0.49909,0.37007,0.4443,-0.079173,0.072767,0.22404,-0.093271,0.42063,0.22841,-0.051903,-0.21496,-0.38392,-0.067674,0.040263,-0.074915,0.022179,-0.21281,0.42027,0.22771,0.12339,0.086735,-0.061071,0.0096801,0.2373,0.32172,-0.047937,-0.048071
-0.27686,-0.40278,0.48069,0.555,-0.043641,0.064141,0.0070051,0.57901,0.49662,0,0.59866,1.0205,0.29306,0.42216,-0.069054,-0.29753,0.89213,0.0434,0.96948,-0.23765,-0.37232,-0.28269,-0.40887,-0.56868,0.99335,0.6145,-0.23533,-0.37127,-0.40029,-0.52521,-0.033552,-0.15921,-0.028637,0.32936,-0.36503,-0.63769,0.51636,1.1415,0.9819,0.68897,0.29304,-0.068149,-0.76719,-0.54143,-0.33916,-0.25461,-0.25206,-0.33606,-0.057515,0.50837,0.67295,0.34971,-0.67589,-0.58258,-0.35703,-0.776,-0.55122,-0.60013,-0.44054,0.13403,-0.016278,0.017266,0.40766,-0.077568,0.14574,-0.14645,-0.3769,-0.17468,3.1657e-05,0.19504,0.38124,-0.19315,-0.23085,-0.16834,-0.17597,0.60443,1.0231,0.74566,0.55832,0.5154,0.30345,0.60304,0.84985,0.019469,-0.2534,0.51506,0.17274,-0.25823,-0.25925,-0.33227,-0.13087,0.029977,0.504,0.23283,0.18634,0.44397,0.4859,0.12585,-0.069353,-0.14573,0.49326,0.23903,0.43446,0.43178,0.45368
-0.050891,-0.23084,0.20175,0.33093,0.11912,0.26675,0.10796,0.49936,0.95192,0.59866,0,0.45738,0.61451,0.72395,0.46503,-0.037971,0.86521,0.2625,0.68633,-0.087457,-0.14326,-0.28048,-0.10039,-0.4579,0.72179,0.58899,0.071436,-0.31323,-0.23385,-0.32178,0.013888,0.069763,0.046491,0.33967,-0.5156,-0.43293,0.54095,0.79424,0.97928,0.4261,0.48061,0.03615,-0.45114,-0.19829,-0.031396,0.14153,0.049554,0.087657,-0.3461,0.65665,0.70099,-0.37091,-0.39641,-0.17448,-0.19509,-0.75091,-0.28106,-0.02779,-0.069504,0.10036,-0.078427,1.8389e-05,-0.010807,0.31156,0.33886,0.29658,0.10953,0.35209,0.17775,0.43775,0.42155,0.29975,0.14889,0.14941,0.14897,0.69888,0.91476,0.57688,0.40011,0.57455,0.59542,-0.073423,0.63835,-0.074506,-0.34237,0.51532,0.45516,0.26912,0.14786,-0.1257,0.21056,0.36344,0.3843,0.23523,0.092419,0.32911,0.26994,0.15002,0.22823,-0.11197,0.28499,0.062646,0.32207,-0.018288,0.19104
0.18562,-0.14702,0.26153,0.25322,0.31781,0.50662,0.331,0.74587,0.54157,1.0205,0.45738,0,0.23828,0.35135,0.21467,0.075059,0.64882,0.24439,0.53905,0.26308,-0.035181,0.12678,0.053016,-0.067318,1.2669,1.1679,0.20898,0.10098,-0.017776,-0.35417,0.27439,0.24841,0.11585,0.30523,-0.16281,-0.35087,0.76509,0.96713,1.0114,1.662,0.82214,0.51551,-0.53584,-0.14279,0.157,0.15567,-0.54287,-0.62472,0.078281,0.53755,0.70953,0.12951,-0.21295,-0.21997,-0.11517,-0.46084,-0.30244,-0.64643,-0.59737,0.41723,0.56201,0.052823,0.4168,-0.065912,0.32727,-0.39948,-0.49504,0.10057,0.42129,0.46384,0.80207,-0.22066,-0.21276,-0.32619,-0.38105,0.81451,0.90777,0.61901,0.36391,0.5358,0.48179,0.33286,0.55012,0.081493,-0.20052,0.51991,0.2895,-0.52455,-0.54588,-0.35415,-0.28006,-0.15461,0.11825,0.10549,-0.038062,0.35561,0.49548,-0.041768,-0.094941,-0.33122,0.26755,0.12444,0.6658,0.35493,0.3015
-0.1097,-0.53593,0.16828,-0.016415,0.44728,0.50622,0.35882,0.27007,0.48054,0.29306,0.61451,0.23828,0,2.4283,0.3096,-0.22323,0.93607,0.34391,0.68302,0.23934,-0.067763,-0.11208,0.02369,-0.028873,0.57458,0.75357,-0.0094983,0.08591,-0.0037655,0.030053,0.51887,0.32806,0.78699,0.94061,0.12573,-0.080919,0.73638,0.40287,0.52377,0.32233,0.26246,0.097801,-0.3837,-0.3459,-0.22677,0.13248,-0.21922,-0.1748,0.11249,1.2744,1.256,-0.098121,-0.22453,-0.34348,-0.17917,-0.1941,-0.51586,-0.20874,-0.2334,0.10819,-0.20402,-0.30884,-0.25239,0.049779,0.16646,-0.11741,-0.20638,0.19644,-0.06672,0.11651,0.64399,-0.10122,-0.037653,-0.22873,-0.023438,0.5117,0.48397,0.96864,0.74967,0.66527,0.86388,0.26228,0.344,0.40243,0.020598,1.0395,0.60049,-0.16655,-0.24952,-0.6551,-0.41753,0.3713,-0.11215,0.24757,-0.16503,0.349,0.053013,-0.076506,-0.49515,-0.034149,-0.31258,-0.04023,-0.20791,-0.47356,-0.3097
-0.15382,-0.54421,0.19124,0.04368,0.39858,0.51135,0.27991,0.34183,0.54652,0.42216,0.72395,0.35135,2.4283,0,0.26824,-0.26432,1.0813,0.34964,0.81008,0.23401,-0.10643,-0.14516,-0.01115,-0.075919,0.68517,0.8736,-0.021659,0.026006,-0.062515,-0.036256,0.46294,0.30455,0.65764,0.95735,0.018725,-0.17395,0.82181,0.55132,0.65091,0.44005,0.28763,0.11253,-0.50119,-0.38245,-0.24222,0.10301,-0.25912,-0.2285,0.073018,1.4051,1.4224,-0.10718,-0.30737,-0.39259,-0.24495,-0.29945,-0.59864,-0.3106,-0.33288,0.1195,-0.18024,-0.33741,-0.23066,0.0044132,0.15059,-0.13193,-0.24322,0.15502,-0.059924,0.12609,0.65287,-0.1349,-0.090048,-0.26005,-0.070985,0.60184,0.59567,1.075,0.80347,0.75233,0.96668,0.32555,0.44994,0.36582,-0.028201,1.1511,0.66488,-0.20938,-0.30299,-0.67494,-0.41008,0.28667,-0.050349,0.21625,-0.17318,0.35894,0.10805,-0.063836,-0.41487,-0.11079,-0.21531,-0.02564,-0.11127,-0.41303,-0.25639
1.1503,0.49471,-0.14137,-0.28568,0.88255,0.62788,0.70461,0.19278,0.72393,-0.069054,0.46503,0.21467,0.3096,0.26824,0,1.0134,0.2527,0.36134,-0.13493,0.28459,0.81533,0.6757,0.74508,0.34301,0.23685,0.40122,0.99126,0.53486,0.50531,0.13127,0.53911,0.63332,0.50009,0.27903,0.07527,0.087131,0.22128,-0.083967,0.12355,0.20937,0.94384,0.73908,0.47297,0.47351,0.67414,0.65557,-0.25792,-0.12858,0.084783,0.2223,0.21223,-0.24323,0.54026,0.65725,0.24245,0.21122,0.6237,0.44426,0.38026,0.32269,0.59912,0.63796,0.27193,0.7964,0.86322,-0.081633,-0.0018597,1.6637,1.1331,1.0203,0.69657,0.40225,0.24318,-0.021283,-0.11485,0.38263,0.15076,0.22356,-0.017423,0.24471,0.3533,-0.69519,-0.30702,0.03837,-0.24327,0.10511,-0.028803,0.15124,0.025815,0.057409,0.090449,0.34942,-0.16928,0.1649,-0.098856,0.34471,0.14052,-0.33471,-0.041243,0.30642,-0.26334,0.019511,0.29782,-0.22428,-0.1674
1.2988,1.1823,-0.37491,-0.44219,0.46012,0.41164,0.43886,0.17603,0.2203,-0.29753,-0.037971,0.075059,-0.22323,-0.26432,1.0134,0,-0.23211,0.40208,-0.58586,0.33271,0.95031,0.93083,0.9959,0.55852,-0.13435,0.068946,0.80912,0.45548,0.62289,0.3683,0.34939,0.52678,0.17817,-0.017507,0.23401,0.47298,-0.10502,-0.37114,-0.25242,0.057583,0.52473,0.68951,0.94503,1.0647,1.0629,0.64721,-0.22728,-0.10804,0.22664,-0.32606,-0.33417,-0.21521,0.74889,1.0328,0.27445,0.50922,1.0046,0.51042,0.42214,0.3224,0.95386,0.96887,0.50658,0.76462,0.57836,-0.12721,0.089222,0.99476,1.4547,0.78156,0.22127,0.4631,0.31659,0.093,-0.11932,-0.1147,-0.24343,-0.25451,-0.43492,-0.2713,-0.11063,-0.96682,-0.6695,-0.22671,-0.32466,-0.42873,-0.36888,0.031531,-0.021339,0.26772,0.21299,-0.010075,-0.28792,-0.062254,-0.072192,0.10655,0.06857,-0.59107,0.054518,0.42404,-0.16781,0.24101,0.56103,-0.047047,-0.082417
-0.16886,-0.38091,0.058289,0.058634,0.35174,0.26801,0.15006,0.40421,0.63389,0.89213,0.86521,0.64882,0.93607,1.0813,0.2527,-0.23211,0,0.042015,0.96624,0.13433,-0.083053,-0.14263,-0.1508,-0.24437,0.75718,0.77705,0.028638,-0.068234,-0.23886,-0.34933,0.10665,0.054962,0.27253,0.40489,-0.38643,-0.57137,0.50964,0.78726,0.8309,0.64286,0.41849,0.13212,-0.704,-0.54818,-0.30438,-0.18189,-0.37122,-0.37667,-0.15157,1.2675,1.2017,0.1315,-0.59181,-0.62043,-0.57713,-0.56474,-0.44677,-0.45355,-0.50394,-0.040568,-0.078196,-0.18759,-0.073372,-0.038067,0.30785,-0.19531,-0.37864,0.18944,0.010707,0.22763,0.68693,-0.20668,-0.24394,-0.31752,-0.24594,0.65631,0.75633,0.93189,0.54026,0.851,0.76305,0.50834,0.63889,0.074759,-0.3483,1.1046,0.50297,-0.12543,-0.24355,-0.35944,-0.21608,0.29324,0.36944,0.05707,-0.18962,0.21129,0.05252,0.11703,-0.10541,-0.21053,0.054943,-0.10248,0.078846,-0.25005,-0.1234
0.23376,0.086793,0.22339,0.16725,-0.037789,0.40686,0.20092,0.36223,0.29775,0.0434,0.2625,0.24439,0.34391,0.34964,0.36134,0.40208,0.042015,0,0.17651,0.23309,0.07853,0.24271,0.4674,0.16199,0.39326,0.5951,0.012929,-0.085204,0.17879,0.33717,0.72256,0.58237,0.22653,0.66115,0.4069,0.3968,0.58638,0.13945,0.26042,0.2126,0.1961,0.16216,0.17016,0.45468,0.5275,0.97669,-0.032016,0.016811,0.50613,0.024324,0.15317,-0.42081,0.188,0.3538,0.27765,0.047259,-0.17083,0.20544,0.14038,0.71112,0.38959,0.25266,0.413,0.41733,0.079231,0.053014,0.13092,0.13161,0.40819,0.28452,0.26978,0.47818,0.40083,0.1344,0.15056,0.20242,0.19676,0.31766,0.3461,-0.046395,0.30186,-0.46374,-0.099077,0.2888,0.14977,0.086172,0.26811,-0.16721,-0.23737,-0.38356,-0.037792,-0.10263,-0.47873,0.20788,0.10201,0.50057,0.46534,-0.58626,-0.20896,0.32347,0.24898,0.80716,0.6805,0.13888,0.14762
-0.46207,-0.7471,0.5569,0.71825,-0.14962,-0.095804,-0.19099,0.20521,0.54091,0.96948,0.68633,0.53905,0.68302,0.81008,-0.13493,-0.58586,0.96624,0.17651,0,-0.1977,-0.58015,-0.44657,-0.3673,-0.50356,0.89662,0.61925,-0.35476,-0.41058,-0.27256,-0.35967,0.080632,-0.31825,0.025191,0.42488,-0.26728,-0.64061,0.61691,0.87131,0.86996,0.39786,0.001116,-0.31444,-1.0231,-0.97456,-0.57564,-0.2235,-0.21988,-0.26388,0.11636,0.65595,0.80686,0.13975,-0.69366,-0.61076,-0.219,-0.76093,-0.95789,-0.47712,-0.39239,0.33078,-0.23498,-0.33938,0.092762,-0.3583,-0.26893,-0.13534,-0.43389,-0.29911,-0.24556,-0.19114,0.28052,-0.30097,-0.37837,-0.3307,-0.16056,0.67721,1.0659,1.0131,1.1822,0.56136,0.61597,0.59652,0.67834,0.42795,0.1383,0.98936,0.73413,-0.2292,-0.27546,-0.64044,-0.19991,0.1889,0.32957,0.20819,0.10101,0.3753,0.33183,0.18501,0.046644,-0.23501,0.29493,0.23329,0.1376,0.15084,0.22918
0.34291,0.20181,-0.71322,-0.83918,0.61307,0.71849,0.2604,0.12908,0.144,-0.23765,-0.087457,0.26308,0.23934,0.23401,0.28459,0.33271,0.13433,0.23309,-0.1977,0,0.57144,0.59873,0.70461,0.94851,0.05715,0.49055,0.48278,0.66151,0.29952,0.3274,0.39042,0.67426,0.41302,0.11034,0.27432,0.29848,0.13089,-0.14233,-0.08714,0.49484,0.38754,0.84439,0.12992,0.37697,0.53094,0.38139,-0.64768,-0.56956,0.21126,0.29266,0.21123,-0.31745,0.12205,0.065789,-0.24821,0.29104,0.11503,-0.17311,-0.48044,0.099098,0.63005,-0.24441,-0.34092,-0.049099,0.19356,-0.5062,-0.31159,0.26958,0.33992,0.11276,0.4118,-0.10638,-0.057467,-0.40497,-0.43903,-0.024893,-0.24939,-0.046411,-0.20867,0.005075,0.24759,0.039204,-0.25713,-0.042764,-0.15848,0.18687,0.22199,-0.43641,-0.58523,-0.22557,-0.40287,-0.51766,-0.69365,-0.70708,-1.1257,-0.40826,-0.47805,-0.071857,-0.18136,-0.40543,-0.46929,-0.18487,0.029507,-0.68402,-0.84415
0.99974,0.94647,-0.52148,-0.81107,0.81318,0.44319,0.46333,-0.10946,0.25031,-0.37232,-0.14326,-0.035181,-0.067763,-0.10643,0.81533,0.95031,-0.083053,0.07853,-0.58015,0.57144,0,1.5112,1.2446,1.1262,-0.26523,0.10016,1.138,0.94784,0.7198,0.54428,0.48867,0.70037,0.41859,0.0617,0.2732,0.28836,-0.14805,-0.5506,-0.47462,0.030257,0.52964,0.95692,0.865,0.68508,0.60871,0.30878,-0.56983,-0.44833,0.24976,-0.068878,-0.14218,0.031699,0.75393,0.74581,0.028658,0.88704,1.0499,0.3292,0.18244,0.098286,0.77787,0.57967,0.13053,0.39769,0.55867,-0.49202,-0.24407,0.8451,0.82232,0.53595,0.34647,0.050632,-0.089727,-0.35509,-0.56484,-0.084576,-0.50813,-0.079343,-0.3234,-0.020467,0.039698,-0.46974,-0.82803,-0.024108,-0.30465,-0.15686,-0.39947,-0.1645,-0.30286,0.039208,-0.24643,-0.16184,-0.39419,-0.24685,-0.43555,0.035077,-0.15172,-0.45087,-0.098023,0.3428,-0.50521,-0.050013,0.054203,-0.39834,-0.51762
1.0722,0.78082,-0.28689,-0.53771,0.70919,0.37488,0.43211,-0.1752,0.22965,-0.28269,-0.28048,0.12678,-0.11208,-0.14516,0.6757,0.93083,-0.14263,0.24271,-0.44657,0.59873,1.5112,0,1.3211,1.2436,-0.10757,0.23459,1.1113,1.1051,0.87523,0.47989,0.69783,0.71056,0.43656,0.13998,0.43162,0.26181,0.016452,-0.49003,-0.39255,0.14076,0.4986,0.99341,0.7513,0.57776,0.74752,0.45648,-0.73598,-0.65893,0.4871,-0.13538,-0.14436,0.068194,0.87491,0.81453,0.25389,0.8973,0.74743,0.18515,0.097054,0.38463,1.1813,0.59061,0.32771,0.22094,0.37184,-0.71278,-0.43031,0.62833,0.94162,0.48941,0.45613,-0.047612,-0.18672,-0.51075,-0.70126,0.025223,-0.38672,0.025148,-0.13825,0.00093101,0.1084,-0.3937,-0.86655,0.21444,-0.032698,-0.077764,-0.24978,-0.40748,-0.54003,-0.074932,-0.33199,-0.25174,-0.56918,-0.19389,-0.35234,0.14524,0.037487,-0.53814,-0.17037,0.28769,-0.3871,0.085983,0.18781,-0.16607,-0.34748
0.95322,0.80804,-0.36627,-0.51406,0.57521,0.47814,0.41688,0.0019499,0.29326,-0.40887,-0.10039,0.053016,0.02369,-0.01115,0.74508,0.9959,-0.1508,0.4674,-0.3673,0.70461,1.2446,1.3211,0,1.2883,-0.11758,0.28803,0.91033,0.75609,1.1037,0.84948,0.72399,0.67583,0.39043,0.1943,0.46575,0.50572,0.07597,-0.42562,-0.33724,0.11719,0.44447,0.83533,0.71966,0.70516,0.70538,0.52487,-0.64906,-0.49881,0.5555,-0.11011,-0.12307,-0.16714,0.80893,0.9041,0.21567,0.82906,0.63475,0.26991,0.10838,0.52157,1.0373,0.49841,0.23296,0.26294,0.22814,-0.57409,-0.29994,0.65699,0.94821,0.40079,0.3112,0.045056,-0.10397,-0.40022,-0.55417,-0.045084,-0.33765,-0.00070861,-0.094607,-0.12751,0.15255,-0.5856,-0.84162,0.15761,-0.12175,-0.095947,-0.10625,-0.38346,-0.52133,-0.22234,-0.31445,-0.22411,-0.61011,-0.19944,-0.34488,0.13026,0.013345,-0.67582,-0.020166,0.31275,-0.46803,0.24322,0.25495,-0.27612,-0.36714
0.65818,0.605,-0.49534,-0.77655,0.58895,0.42062,0.30685,-0.20773,-0.0043856,-0.56868,-0.4579,-0.067318,-0.028873,-0.075919,0.34301,0.55852,-0.24437,0.16199,-0.50356,0.94851,1.1262,1.2436,1.2883,0,-0.29693,0.1609,0.74211,1.0653,0.86484,0.79278,0.63699,0.63794,0.44646,0.096523,0.59196,0.51828,-0.027896,-0.60497,-0.57719,0.073248,0.23859,0.83882,0.60662,0.53355,0.46881,0.28975,-0.72421,-0.62542,0.53646,-0.074574,-0.13485,-0.0010903,0.73373,0.57083,0.090325,1.1417,0.54681,0.10472,-0.067808,0.25539,0.77906,0.1367,-0.051749,-0.041537,0.094804,-0.77309,-0.43225,0.33754,0.47597,0.093308,0.2208,-0.25044,-0.28854,-0.62511,-0.72632,-0.18146,-0.63286,-0.094006,-0.18228,-0.12053,0.081331,-0.22578,-0.89365,0.22162,0.014043,-0.048738,-0.13896,-0.54362,-0.65373,-0.24739,-0.58084,-0.43435,-0.75014,-0.40217,-0.61221,-0.12308,-0.24238,-0.4603,-0.19512,0.10173,-0.69629,-0.028494,-0.086183,-0.45383,-0.66229
0.056721,-0.52514,0.60969,0.54816,0.24303,0.47366,0.33839,0.57433,0.76128,0.99335,0.72179,1.2669,0.57458,0.68517,0.23685,-0.13435,0.75718,0.39326,0.89662,0.05715,-0.26523,-0.10757,-0.11758,-0.29693,0,1.2744,0.016839,-0.047417,-0.14804,-0.44051,0.41403,0.21334,0.25889,0.57648,-0.083617,-0.45231,1.0498,1.0101,1.3549,0.96026,0.65724,0.21837,-0.6382,-0.32943,0.006103,0.28686,-0.28002,-0.32129,0.14433,0.70586,1.0209,0.036511,-0.28508,-0.27809,0.045458,-0.65144,-0.54529,-0.41029,-0.31422,0.54121,0.21221,-0.08415,0.3292,0.01285,0.23665,-0.14854,-0.33939,0.024948,0.19896,0.32256,0.82754,-0.06443,-0.055004,-0.19437,-0.10537,1.2017,1.3966,0.95998,0.7734,0.64849,0.63823,0.29885,0.65538,0.37214,0.10871,0.74667,0.49001,-0.28777,-0.32011,-0.54383,-0.2423,0.065333,0.050594,0.35339,0.081346,0.59812,0.60327,0.096196,-0.2073,-0.26031,0.29939,0.19341,0.44255,0.33846,0.33213
0.21989,-0.23258,0.25988,0.12588,0.49559,0.80745,0.47621,0.60329,0.69702,0.6145,0.58899,1.1679,0.75357,0.8736,0.40122,0.068946,0.77705,0.5951,0.61925,0.49055,0.10016,0.23459,0.28803,0.1609,1.2744,0,0.27955,0.24926,0.12817,-0.062159,0.74318,0.60662,0.47389,0.76289,0.083145,-0.16034,1.2648,0.73847,0.9037,1.2338,0.8251,0.60724,-0.42333,-0.074566,0.19346,0.41562,-0.57628,-0.59476,0.25952,0.88481,1.1271,-0.064042,-0.070102,-0.11794,-0.048649,-0.24362,-0.38701,-0.44164,-0.49309,0.54162,0.48503,-0.073544,0.18666,0.0077978,0.3185,-0.41151,-0.46244,0.20542,0.38075,0.42771,1.1234,-0.15765,-0.15349,-0.42276,-0.36133,0.96175,0.75578,1.0105,0.65362,0.71428,0.93338,0.19621,0.37933,0.39432,-0.029667,0.87514,0.54627,-0.55372,-0.67833,-0.70645,-0.52174,-0.082182,-0.18143,0.16384,-0.175,0.50165,0.445,-0.20713,-0.30984,-0.19865,0.039612,0.15964,0.41906,0.023595,0.017352
1.2258,0.65807,-0.28451,-0.46089,1.0184,0.45394,0.49287,-0.094932,0.39397,-0.23533,0.071436,0.20898,-0.0094983,-0.021659,0.99126,0.80912,0.028638,0.012929,-0.35476,0.48278,1.138,1.1113,0.91033,0.74211,0.016839,0.27955,0,1.1762,0.82291,0.13868,0.41274,0.57076,0.34167,0.027322,0.00040906,-0.017855,0.11004,-0.20752,-0.087437,0.30631,0.82772,1.2475,0.41959,0.38591,0.70696,0.39615,-0.55247,-0.48753,0.026576,0.11573,0.052096,-0.14237,0.82938,0.75983,0.31224,0.45083,0.72999,0.091745,0.040159,0.23739,0.92301,0.44324,0.087744,0.19735,0.5353,-0.45343,-0.28622,1.1514,1.0671,0.7663,0.64362,-0.059732,-0.19538,-0.39441,-0.54897,0.33172,-0.068884,0.073864,-0.157,0.33213,0.38892,-0.44773,-0.44346,0.09306,-0.13953,0.10399,-0.0016006,-0.15582,-0.26808,0.14767,-0.10901,0.06093,-0.23324,-0.071565,-0.26305,0.089542,0.058463,-0.31907,0.082931,0.014218,-0.45083,-0.32569,0.1183,-0.23727,-0.27698
0.87178,0.32232,-0.23905,-0.61253,1.1858,0.49828,0.62547,-0.25673,0.10967,-0.37127,-0.31323,0.10098,0.08591,0.026006,0.53486,0.45548,-0.068234,-0.085204,-0.41058,0.66151,0.94784,1.1051,0.75609,1.0653,-0.047417,0.24926,1.1762,0,0.81484,0.24705,0.62895,0.64639,0.67932,0.12541,0.39171,0.13577,0.11574,-0.39814,-0.27402,0.22304,0.56618,1.0915,0.40181,0.24259,0.46395,0.29985,-0.65607,-0.62584,0.25972,0.17933,0.12207,0.096029,0.84833,0.47752,0.32107,0.74575,0.51177,-0.036727,-0.06926,0.17995,0.69317,0.15414,-0.064809,-0.035146,0.35724,-0.71799,-0.4789,0.59555,0.54476,0.37116,0.65317,-0.32655,-0.30067,-0.61347,-0.62383,0.19111,-0.26944,0.096577,-0.078665,0.27378,0.29369,-0.12114,-0.53653,0.3426,0.13891,0.17863,-0.043226,-0.40972,-0.46972,-0.088918,-0.51249,-0.047601,-0.53728,-0.093855,-0.41051,0.024728,-0.093249,-0.24172,-0.33666,-0.029371,-0.80036,-0.42461,-0.25064,-0.34686,-0.50131
0.7697,0.52876,-0.062071,-0.23264,0.50891,0.18915,0.45142,-0.14387,0.12262,-0.40029,-0.23385,-0.017776,-0.0037655,-0.062515,0.50531,0.62289,-0.23886,0.17879,-0.27256,0.29952,0.7198,0.87523,1.1037,0.86484,-0.14804,0.12817,0.82291,0.81484,0,0.76154,0.60694,0.30708,0.4054,0.17512,0.48954,0.42993,0.14404,-0.3548,-0.30802,0.014798,0.28795,0.5483,0.5009,0.2724,0.34247,0.22285,-0.59992,-0.52142,0.5029,-0.10998,-0.11265,0.021208,1.021,0.81636,0.5604,0.85784,0.4589,0.073723,0.082678,0.57487,0.71314,0.49639,0.27028,-0.04771,-0.033447,-0.71216,-0.4561,0.54193,0.73985,0.29796,0.26626,-0.28155,-0.38351,-0.51623,-0.57903,0.010911,-0.19598,0.085779,0.099635,-0.0024723,0.17732,-0.41187,-0.68542,0.35868,0.083509,-0.017199,-0.048225,-0.52919,-0.53858,-0.2405,-0.38137,0.078146,-0.39908,0.10519,0.01015,0.26163,0.19574,-0.70563,-0.036569,0.3244,-0.69147,0.10953,0.0023685,-0.079226,-0.12077
0.19943,0.4354,-0.23854,-0.37939,0.077731,0.14833,0.24085,-0.017576,-0.10408,-0.52521,-0.32178,-0.35417,0.030053,-0.036256,0.13127,0.3683,-0.34933,0.33717,-0.35967,0.3274,0.54428,0.47989,0.84948,0.79278,-0.44051,-0.062159,0.13868,0.24705,0.76154,0,0.48543,0.34839,0.34133,0.25999,0.79465,1.0342,-0.048216,-0.51364,-0.58926,-0.29521,-0.10771,0.14421,0.6388,0.49175,0.11953,0.10684,-0.28202,-0.18827,0.56915,-0.23918,-0.24755,-0.01903,0.46223,0.4406,0.074693,0.99566,0.30001,0.28073,0.13736,0.22859,0.24502,0.29981,0.073192,0.10867,-0.16226,-0.36741,-0.1332,0.098757,0.20951,-0.050315,-0.16669,-0.034728,-0.075844,-0.19857,-0.25407,-0.52158,-0.62996,-0.10923,-0.039889,-0.42823,-0.19494,-0.33833,-0.69237,0.10529,-0.10409,-0.29596,-0.32236,-0.38576,-0.41261,-0.41199,-0.45834,-0.22758,-0.53837,-0.090514,-0.11832,0.10178,-0.079619,-0.6612,-0.204,0.57624,-0.5178,0.45568,-0.10655,-0.25224,-0.28884
0.57747,0.037981,0.30857,-0.044393,0.58156,0.67214,0.74063,0.093302,0.38776,-0.033552,0.013888,0.27439,0.51887,0.46294,0.53911,0.34939,0.10665,0.72256,0.080632,0.39042,0.48867,0.69783,0.72399,0.63699,0.41403,0.74318,0.41274,0.62895,0.60694,0.48543,0,0.90867,0.92985,0.91744,0.86985,0.32832,0.7083,-0.077586,0.067571,0.25533,0.5028,0.56585,0.28287,0.25269,0.31567,0.66107,-0.49313,-0.44186,0.86166,0.28696,0.41755,0.098412,0.58847,0.41458,0.40688,0.52205,0.066987,0.11267,0.11721,0.75677,0.53432,0.24776,0.34956,0.20537,0.24727,-0.5107,-0.39939,0.28464,0.45648,0.31889,0.72321,-0.064254,-0.067471,-0.44402,-0.34819,0.41028,0.075827,0.64179,0.54723,0.26001,0.44376,-0.19357,-0.33672,0.84862,0.33679,0.34932,0.070184,-0.53788,-0.61471,-0.78934,-0.74485,-0.045151,-0.70103,0.3287,-0.073837,0.74027,0.42269,-0.57107,-0.68695,0.37967,-0.3156,0.35999,0.096995,-0.020669,-0.12899
0.58491,0.24435,-0.12024,-0.47702,0.69742,1.0496,0.80713,0.28964,0.21536,-0.15921,0.069763,0.24841,0.32806,0.30455,0.63332,0.52678,0.054962,0.58237,-0.31825,0.67426,0.70037,0.71056,0.67583,0.63794,0.21334,0.60662,0.57076,0.64639,0.30708,0.34839,0.90867,0,0.68235,0.58999,0.44777,0.39456,0.47195,-0.055195,0.067521,0.38758,0.75326,0.95875,0.3826,0.72402,0.76073,0.87808,-0.23006,-0.20113,0.17133,0.29991,0.32362,-0.23665,0.50367,0.37034,0.14857,0.41543,0.23559,0.1169,-0.0061637,0.1484,0.55218,0.24258,0.038312,0.50325,0.70489,-0.16677,0.035702,0.52076,0.53625,0.69619,0.74725,0.25453,0.31488,-0.043187,-0.084182,0.24509,-0.13111,0.22709,-0.038749,0.24893,0.3363,-0.34425,-0.19496,0.1398,-0.076739,0.10284,-0.060434,-0.20762,-0.31704,-0.18449,-0.36087,-0.18172,-0.6711,0.079088,-0.26261,0.29475,0.15233,-0.45514,-0.61272,0.19298,-0.20807,0.016853,0.15387,-0.22904,-0.28896
0.35046,-0.16733,0.093551,-0.32117,0.92326,0.72508,0.85818,0.079274,0.35552,-0.028637,0.046491,0.11585,0.78699,0.65764,0.50009,0.17817,0.27253,0.22653,0.025191,0.41302,0.41859,0.43656,0.39043,0.44646,0.25889,0.47389,0.34167,0.67932,0.4054,0.34133,0.92985,0.68235,0,0.90439,0.75272,0.286,0.45395,-0.13308,-7.7179e-05,0.14089,0.40995,0.43276,0.23614,0.045316,0.11297,0.30739,-0.43052,-0.36289,0.40603,0.53703,0.56743,0.072796,0.29963,0.098359,0.14839,0.41826,0.031459,0.0081585,0.031421,0.19349,0.16416,0.072466,-0.03029,0.24878,0.37406,-0.41152,-0.34396,0.38738,0.2475,0.31787,0.69496,-0.08456,0.0062812,-0.32003,-0.19555,0.20116,0.0099193,0.50679,0.35336,0.29175,0.31268,0.059892,-0.18317,0.42743,0.10025,0.35829,-0.024325,-0.365,-0.39276,-0.55746,-0.67169,0.15136,-0.59408,0.2077,-0.24457,0.38562,0.011073,-0.20437,-1.0484,0.21257,-0.79952,-0.026243,-0.34219,-0.3933,-0.4314
0.04998,-0.29637,0.49353,0.15549,0.32837,0.5789,0.4312,0.32474,0.46395,0.32936,0.33967,0.30523,0.94061,0.95735,0.27903,-0.017507,0.40489,0.66115,0.42488,0.11034,0.0617,0.13998,0.1943,0.096523,0.57648,0.76289,0.027322,0.12541,0.17512,0.25999,0.91744,0.58999,0.90439,0,0.45845,0.1349,0.95685,0.30969,0.35934,0.28521,0.25985,0.17758,-0.06751,-0.040389,-0.009526,0.35661,-0.28482,-0.27237,0.41622,0.57322,0.73529,-0.024249,0.072093,0.019443,0.13404,0.064888,-0.38328,-0.16066,-0.065552,0.39678,0.042466,0.068594,0.18548,0.19356,0.13487,-0.23332,-0.24873,0.10667,0.16113,0.27461,0.54855,-0.026396,0.0017506,-0.21569,-0.08745,0.43883,0.35924,0.95481,0.84089,0.44135,0.55626,0.095998,0.13395,0.53731,0.13747,0.5039,0.19801,-0.44839,-0.48925,-0.81887,-0.55433,0.039348,-0.39041,0.43575,0.0556,0.83516,0.49368,-0.43244,-0.79291,0.26076,-0.19773,0.35661,0.055733,-0.057078,-0.037126
0.26438,0.010825,0.14866,-0.15242,0.18744,0.29257,0.49708,-0.078314,-0.10472,-0.36503,-0.5156,-0.16281,0.12573,0.018725,0.07527,0.23401,-0.38643,0.4069,-0.26728,0.27432,0.2732,0.43162,0.46575,0.59196,-0.083617,0.083145,0.00040906,0.39171,0.48954,0.79465,0.86985,0.44777,0.75272,0.45845,0,0.89217,0.16544,-0.50975,-0.41717,-0.21506,-0.034199,0.12049,0.56048,0.32593,0.15982,0.35748,-0.20384,-0.15676,0.94581,-0.17394,-0.074057,0.15682,0.48739,0.3109,0.38757,0.83449,0.1231,0.27358,0.2724,0.42805,0.23737,0.16631,0.23358,0.13942,-0.060878,-0.34248,-0.1926,-0.076858,0.10511,-0.083378,0.073011,-0.0082754,0.093372,-0.16621,-0.085137,-0.27193,-0.39412,0.040624,0.1531,-0.35964,-0.23451,-0.14531,-0.57195,0.47357,0.38313,-0.17941,-0.31795,-0.4435,-0.36857,-0.5684,-0.60347,-0.18055,-0.89386,0.14248,-0.046728,0.28678,0.055513,-0.35416,-0.81281,0.46902,-0.46308,0.45007,-0.18818,-0.0041882,-0.15848
0.22286,0.4048,-0.26656,-0.42269,0.0019941,0.28722,0.34481,0.20385,-0.40753,-0.63769,-0.43293,-0.35087,-0.080919,-0.17395,0.087131,0.47298,-0.57137,0.3968,-0.64061,0.29848,0.28836,0.26181,0.50572,0.51828,-0.45231,-0.16034,-0.017855,0.13577,0.42993,1.0342,0.32832,0.39456,0.286,0.1349,0.89217,0,-0.050575,-0.4655,-0.48538,-0.25565,-0.10297,0.12532,0.67237,0.80335,0.30469,0.29656,0.096414,0.17575,0.34111,-0.33329,-0.33859,-0.17188,0.46634,0.3954,0.16998,0.76881,0.30133,0.36827,0.25778,0.069329,0.18574,0.24005,0.0662,0.3224,0.015497,0.0061209,0.27466,0.093102,0.18005,0.041808,-0.23186,0.22915,0.36597,0.2401,0.18505,-0.67599,-0.61442,-0.38143,-0.33785,-0.61694,-0.38965,-0.47775,-0.47713,-0.14135,-0.11922,-0.54232,-0.4021,-0.15498,-0.065456,-0.097866,-0.15959,-0.13464,-0.49657,0.019919,0.033196,-0.029389,-0.10595,-0.57664,-0.35707,0.48982,-0.38002,0.34742,-0.0055945,-0.1269,-0.12167
0.054911,-0.3884,0.6457,0.40689,0.24704,0.54195,0.44716,0.51876,0.44106,0.51636,0.54095,0.76509,0.73638,0.82181,0.22128,-0.10502,0.50964,0.58638,0.61691,0.13089,-0.14805,0.016452,0.07597,-0.027896,1.0498,1.2648,0.11004,0.11574,0.14404,-0.048216,0.7083,0.47195,0.45395,0.95685,0.16544,-0.050575,0,0.82473,0.96201,0.79891,0.53043,0.32597,-0.48978,-0.17292,0.034634,0.35545,-0.23255,-0.29641,0.1602,0.76971,1.0304,-0.099925,0.030126,-0.083783,0.23886,-0.21887,-0.56993,-0.41404,-0.3351,0.51337,0.22198,-0.085479,0.17993,-0.06344,0.13831,-0.19417,-0.25597,0.073047,0.19711,0.36936,0.81778,-0.17758,-0.12429,-0.2385,-0.12306,0.95253,0.83425,1.1192,0.89005,0.8176,0.92836,0.12852,0.52162,0.55208,0.15448,0.81056,0.56517,-0.486,-0.48401,-0.67474,-0.46638,0.12376,-0.085867,0.5613,0.22256,0.76157,0.77829,-0.2937,-0.39511,-0.058343,0.069424,0.17455,0.25917,0.23962,0.3104
-0.33332,-0.47094,0.43648,0.54449,-0.078469,0.19513,0.051176,0.81868,0.3143,1.1415,0.79424,0.96713,0.40287,0.55132,-0.083967,-0.37114,0.78726,0.13945,0.87131,-0.14233,-0.5506,-0.49003,-0.42562,-0.60497,1.0101,0.73847,-0.20752,-0.39814,-0.3548,-0.51364,-0.077586,-0.055195,-0.13308,0.30969,-0.50975,-0.4655,0.82473,0,1.778,0.94118,0.36,0.011524,-1.1725,-0.44142,-0.25214,-0.11993,-0.029348,-0.12138,-0.32664,0.71995,0.86,-0.008565,-0.57135,-0.57463,-0.23144,-0.97826,-0.77649,-0.73687,-0.61924,0.072323,-0.077309,-0.20465,0.10592,-0.1713,0.096369,0.061385,-0.10028,-0.12002,-0.046527,0.24101,0.41131,-0.17655,-0.1221,0.0014567,0.030587,0.768,1.3099,0.68346,0.50147,0.71913,0.58756,0.42985,1.4642,-0.028395,-0.24267,0.64515,0.5241,-0.18484,-0.16305,-0.24272,-0.054013,0.14109,0.53809,0.34293,0.28542,0.34213,0.54456,0.053492,0.04402,-0.34294,0.47032,0.023928,0.41324,0.35536,0.52281
-0.16053,-0.52701,0.49096,0.55453,0.058611,0.30238,0.20665,0.73608,0.48368,0.9819,0.97928,1.0114,0.52377,0.65091,0.12355,-0.25242,0.8309,0.26042,0.86996,-0.08714,-0.47462,-0.39255,-0.33724,-0.57719,1.3549,0.9037,-0.087437,-0.27402,-0.30802,-0.58926,0.067571,0.067521,-7.7179e-05,0.35934,-0.41717,-0.48538,0.96201,1.778,0,0.94462,0.54024,0.088335,-0.96322,-0.38208,-0.084422,0.11353,0.0071295,-0.061446,-0.27802,0.79606,0.99299,-0.11666,-0.44452,-0.4424,-0.068312,-0.9934,-0.68352,-0.5106,-0.43279,0.19169,-0.0010138,-0.15978,0.12547,-0.020793,0.23397,0.1281,-0.045427,0.03515,0.060865,0.37065,0.63139,-0.012179,0.025749,0.057016,0.11709,1.0341,1.6529,0.76049,0.5526,0.79227,0.70105,0.26308,1.2253,0.082829,-0.11304,0.72822,0.62795,-0.068283,-0.07587,-0.23206,0.0027402,0.27219,0.3953,0.42423,0.26913,0.41986,0.56582,0.11327,-0.0039446,-0.32166,0.45323,0.011211,0.42057,0.33204,0.49322
0.17824,-0.10572,0.054066,0.022163,0.43373,0.68834,0.34288,0.77313,0.38129,0.68897,0.4261,1.662,0.32233,0.44005,0.20937,0.057583,0.64286,0.2126,0.39786,0.49484,0.030257,0.14076,0.11719,0.073248,0.96026,1.2338,0.30631,0.22304,0.014798,-0.29521,0.25533,0.38758,0.14089,0.28521,-0.21506,-0.25565,0.79891,0.94118,0.94462,0,0.85752,0.72203,-0.58328,-0.063777,0.21077,0.17408,-0.53159,-0.61059,-0.059694,0.72121,0.80737,-0.021665,-0.15804,-0.23522,-0.19195,-0.38699,-0.31006,-0.78475,-0.83396,0.24053,0.54215,-0.12426,0.11918,-0.14089,0.35196,-0.38974,-0.40405,0.17004,0.37711,0.46283,0.85453,-0.29057,-0.21851,-0.34035,-0.38195,0.76229,0.71972,0.53647,0.23769,0.65456,0.66901,0.32724,0.57885,0.011536,-0.26967,0.61534,0.43465,-0.54225,-0.57756,-0.28918,-0.33023,-0.17974,0.066709,0.0055214,-0.18038,0.17198,0.32555,-0.090503,-0.10134,-0.49354,0.11183,-0.11007,0.50751,0.10763,0.10476
0.79,0.193,0.015822,-0.16009,0.9567,0.92962,1.0035,0.55443,0.61848,0.29304,0.48061,0.82214,0.26246,0.28763,0.94384,0.52473,0.41849,0.1961,0.001116,0.38754,0.52964,0.4986,0.44447,0.23859,0.65724,0.8251,0.82772,0.56618,0.28795,-0.10771,0.5028,0.75326,0.40995,0.25985,-0.034199,-0.10297,0.53043,0.36,0.54024,0.85752,0,1.1121,0.022774,0.28751,0.52431,0.46564,-0.37578,-0.34861,-0.050405,0.51225,0.57088,-0.018887,0.30351,0.2268,0.095827,-0.031036,0.2826,-0.074773,-0.10805,0.24769,0.69912,0.36089,0.25973,0.41522,1.0499,-0.23358,-0.17791,0.81365,0.81945,1.1323,1.2094,0.082858,0.071808,-0.14307,-0.24469,0.73989,0.43228,0.39913,0.03909,0.5518,0.46559,-0.2033,0.14622,0.02036,-0.30904,0.29984,0.023451,-0.13467,-0.21123,-0.086329,-0.20216,0.1308,-0.039076,0.23146,-0.080377,0.39233,0.33564,-0.16367,-0.1713,-0.013886,-0.077297,-0.13757,0.36638,0.049626,0.049054
0.98549,0.5139,-0.31578,-0.57553,1.1018,0.95418,0.67783,0.2688,0.28237,-0.068149,0.03615,0.51551,0.097801,0.11253,0.73908,0.68951,0.13212,0.16216,-0.31444,0.84439,0.95692,0.99341,0.83533,0.83882,0.21837,0.60724,1.2475,1.0915,0.5483,0.14421,0.56585,0.95875,0.43276,0.17758,0.12049,0.12532,0.32597,0.011524,0.088335,0.72203,1.1121,0,0.24115,0.51567,0.72688,0.46879,-0.64212,-0.60379,0.090968,0.31005,0.27553,-0.073273,0.59401,0.4414,0.07915,0.37495,0.47113,-0.13136,-0.22796,0.19793,1.0636,0.24271,0.0753,0.18594,0.70281,-0.5304,-0.30846,0.76532,0.89191,0.7598,0.83862,-0.12424,-0.11787,-0.40107,-0.55065,0.37039,-0.013784,0.15519,-0.16822,0.36633,0.42855,-0.21228,-0.21273,0.032645,-0.24722,0.18617,0.00044598,-0.38926,-0.48184,-0.046318,-0.36142,-0.1933,-0.32869,-0.11298,-0.39995,0.086262,0.080351,-0.37555,-0.18532,-0.1022,-0.36724,-0.26865,0.24939,-0.21919,-0.29937
0.71411,0.85002,-0.33554,-0.50526,0.22243,0.10748,0.26149,-0.28474,-0.074877,-0.76719,-0.45114,-0.53584,-0.3837,-0.50119,0.47297,0.94503,-0.704,0.17016,-1.0231,0.12992,0.865,0.7513,0.71966,0.60662,-0.6382,-0.42333,0.41959,0.40181,0.5009,0.6388,0.28287,0.3826,0.23614,-0.06751,0.56048,0.67237,-0.48978,-1.1725,-0.96322,-0.58328,0.022774,0.24115,0,0.98467,0.62032,0.42926,0.010013,0.12601,0.33712,-0.70599,-0.7381,-0.078403,0.83217,1.0203,0.33764,1.0008,1.1458,0.9156,0.81833,0.08875,0.3676,0.7449,0.26397,0.67667,0.26953,-0.0089088,0.21645,0.46759,0.50964,0.25745,-0.1783,0.48403,0.36961,0.17559,0.033094,-0.56456,-0.87703,-0.53677,-0.53248,-0.6507,-0.53887,-0.87644,-1.2958,-0.11283,-0.031734,-0.84152,-0.79277,0.17031,0.1415,0.26108,0.12789,-0.10593,-0.53393,-0.10315,-0.086763,0.0027178,-0.16278,-0.3815,-0.12892,0.68055,-0.3265,0.23308,0.012905,-0.14456,-0.25634
0.67246,0.92625,-0.44161,-0.534,0.16919,0.47506,0.31982,0.22871,-0.10692,-0.54143,-0.19829,-0.14279,-0.3459,-0.38245,0.47351,1.0647,-0.54818,0.45468,-0.97456,0.37697,0.68508,0.57776,0.70516,0.53355,-0.32943,-0.074566,0.38591,0.24259,0.2724,0.49175,0.25269,0.72402,0.045316,-0.040389,0.32593,0.80335,-0.17292,-0.44142,-0.38208,-0.063777,0.28751,0.51567,0.98467,0,1.018,0.72167,0.10751,0.20019,0.10387,-0.45673,-0.46799,-0.36588,0.61736,0.79764,0.15954,0.54171,0.77581,0.58449,0.40764,0.050676,0.54979,0.54139,0.20586,0.79177,0.47956,0.16226,0.4662,0.46646,0.62407,0.47958,-0.04809,0.65453,0.63664,0.38767,0.1713,-0.35795,-0.54764,-0.52916,-0.70753,-0.48872,-0.31983,-0.95408,-0.55767,-0.37587,-0.28389,-0.73499,-0.50987,0.14182,0.11204,0.30616,0.19111,-0.30639,-0.45033,-0.13438,-0.11102,-0.051715,-0.037713,-0.48983,-0.063691,0.37398,-0.035974,0.22282,0.41548,-0.067295,-0.11812
0.8505,0.59793,-0.3164,-0.37156,0.35955,0.45781,0.32413,0.084647,0.16576,-0.33916,-0.031396,0.157,-0.22677,-0.24222,0.67414,1.0629,-0.30438,0.5275,-0.57564,0.53094,0.60871,0.74752,0.70538,0.46881,0.006103,0.19346,0.70696,0.46395,0.34247,0.11953,0.31567,0.76073,0.11297,-0.009526,0.15982,0.30469,0.034634,-0.25214,-0.084422,0.21077,0.52431,0.72688,0.62032,1.018,0,1.1992,-0.075024,-0.029084,0.048839,-0.26391,-0.25385,-0.60951,0.58113,0.77308,0.40238,0.25426,0.50992,0.31515,0.18522,0.27799,0.91676,0.47168,0.20981,0.56075,0.47178,0.033098,0.23786,0.65256,0.95605,0.70768,0.33294,0.61075,0.5125,0.21867,0.064118,0.027907,-0.18794,-0.3026,-0.44379,-0.16648,0.012498,-0.80386,-0.41746,-0.17064,-0.047836,-0.33392,-0.059701,0.068866,-0.01973,0.36003,0.29343,-0.21416,-0.576,-0.18455,-0.20057,-0.049957,0.045325,-0.27783,0.018773,0.026624,0.029584,0.059679,0.53137,-0.028013,-0.10254
