,,,,,,,,,,,,,,,,,,,,,,,,,,,,,,,,,,,,,,,,,,,,,,,,,,,,,,,,,,,,,,,,,,,,,,,,,,,,,,,,,,,,,,,,,,,,,,,,,,,,,,,,
0,0.9379,-0.20156,-0.3714,0.73142,0.59603,0.56165,0.084314,0.23374,-0.3592,-0.13381,0.098422,-0.14097,-0.17788,1.188,1.2681,-0.2498,0.28501,-0.52025,0.35731,1.1283,1.0419,0.98899,0.7783,-0.05285,0.17896,1.1673,0.77636,0.76706,0.35162,0.58098,0.61924,0.27757,0.047432,0.29437,0.39173,0.018945,-0.37041,-0.26449,0.13187,0.72843,0.96402,0.74087,0.80457,0.76285,0.60101,-0.34007,-0.21834,0.39184,-0.16866,-0.16354,0.011127,1.0733,1.0918,0.36339,0.65337,1.0933,0.50291,0.44463,0.44137,0.9591,0.5946,0.38765,0.51031,0.65966,-0.28867,-0.091329,0.97561,1.2807,0.63627,0.34929,0.12071,0.047573,-0.19881,-0.34367,0.13892,-0.20472,-0.072718,-0.2313,-0.065895,0.086316,-0.69952,-0.69993,0.11426,-0.061313,-0.19142,-0.30816,-0.093564,-0.11967,0.037954,-0.10808,-0.083234,-0.30382,0.027752,-0.14657,0.19844,0.12806,-0.60838,-0.0084287,0.31506,-0.3344,0.059934,0.35577,-0.074374,-0.16956
0.9379,0,-0.56768,-0.53783,0.25537,0.12055,0.08402,0.0094597,-0.026643,-0.39305,-0.21039,-0.14314,-0.54945,-0.56178,0.69846,1.4688,-0.37241,0.10235,-0.7722,0.19934,1.1398,0.87396,0.81767,0.58519,-0.52754,-0.22996,0.83788,0.35649,0.56527,0.42108,0.037403,0.27987,-0.15996,-0.29875,-0.0178,0.40434,-0.40284,-0.48101,-0.52522,-0.10608,0.26612,0.55459,0.92154,0.94431,0.74739,0.23781,-0.18953,-0.094025,0.059176,-0.52171,-0.63024,-0.078575,0.6806,0.96576,0.049158,0.62009,1.4018,0.49372,0.36166,0.041766,0.74526,0.91772,0.34941,0.53334,0.46593,-0.13148,0.10384,0.87324,1.106,0.59848,-0.12001,0.27516,0.082433,0.017634,-0.25966,-0.33807,-0.53517,-0.46607,-0.66231,-0.34001,-0.23472,-0.81744,-0.74301,-0.39143,-0.48373,-0.59898,-0.55529,0.086715,0.027173,0.47382,0.26857,-0.14391,-0.035061,-0.23286,-0.096541,-0.096727,-0.060976,-0.65601,0.32053,0.41909,-0.12088,0.10611,0.45566,-0.10153,-0.13131
-0.20156,-0.56768,0,1.3882,-0.33248,-0.15243,0.10072,0.038796,0.17998,0.48885,0.19514,0.26308,0.18347,0.21411,-0.21568,-0.42931,0.062646,0.30927,0.59435,-0.73146,-0.58317,-0.30264,-0.37772,-0.50105,0.65323,0.2883,-0.37787,-0.2903,-0.11429,-0.25986,0.3532,-0.085986,0.046673,0.53455,0.14733,-0.3103,0.66698,0.4508,0.51329,0.052282,-0.0069843,-0.34415,-0.35765,-0.41919,-0.35183,0.093278,0.20431,0.10011,0.27074,0.093119,0.32221,0.31306,0.018179,-0.051371,0.6298,-0.26205,-0.53953,-0.11603,0.17168,0.52367,-0.20876,0.077242,0.52251,-0.1188,-0.21919,0.092747,-0.084364,-0.45873,-0.22565,-0.023727,0.21247,-0.10186,-0.09308,-0.0065352,0.14465,0.67338,0.69644,0.74406,0.99763,0.39152,0.26901,0.1262,0.37027,0.79915,0.65355,0.32327,0.17288,-0.14684,-0.052697,-0.45633,-0.2005,0.25705,0.12685,1.0501,0.86771,1.1182,1.1637,-0.093082,-0.25717,0.27185,0.4756,0.41015,0.12755,0.96463,0.92165
-0.3714,-0.53783,1.3882,0,-0.70515,-0.40855,-0.27778,0.016594,0.28344,0.58926,0.38933,0.2605,0.023217,0.088778,-0.31476,-0.47931,0.10724,0.25033,0.78426,-0.84458,-0.85698,-0.53204,-0.52061,-0.79647,0.61422,0.16753,-0.53977,-0.67259,-0.32614,-0.4561,0.0049868,-0.4234,-0.34441,0.20357,-0.16276,-0.53657,0.43149,0.54652,0.59511,0.015862,-0.16908,-0.59236,-0.50956,-0.51805,-0.38053,-0.010067,0.30259,0.2075,0.10052,-0.040605,0.16166,0.12103,-0.25567,-0.1379,0.41205,-0.60625,-0.60227,-0.069017,0.148,0.49042,-0.26209,-0.0013536,0.46484,-0.17246,-0.41234,0.2698,0.0081459,-0.57005,-0.28148,-0.17753,-0.05315,0.036971,-0.065082,0.1065,0.21384,0.57264,0.84066,0.49917,0.79597,0.23055,0.16613,0.10698,0.47163,0.4832,0.50443,0.23746,0.30533,0.068008,0.11377,-0.25948,0.12971,0.20512,0.3346,0.63056,0.77489,0.65752,0.84846,0.1484,0.16663,0.079893,0.83921,0.46941,0.30064,1.0239,1.0669
0.73142,0.25537,-0.33248,-0.70515,0,1.0194,0.83771,0.21546,0.25991,-0.1284,-0.0025291,0.24739,0.48013,0.44106,0.73592,0.3743,0.31104,-0.065859,-0.17788,0.70375,0.82552,0.61728,0.59518,0.76071,0.12739,0.4664,0.90197,1.1198,0.55793,0.27151,0.57237,0.67742,0.87911,0.32802,0.24121,0.19178,0.22479,-0.081796,-0.039143,0.43918,0.85068,1.1055,0.16657,0.21108,0.17661,0.13574,-0.67938,-0.55945,0.19761,0.59113,0.4827,0.16072,0.43228,0.18353,-0.13261,0.44737,0.38752,-0.12371,-0.16423,0.043641,0.4275,-0.012489,-0.16123,0.10049,0.6687,-0.61258,-0.42881,0.76877,0.49817,0.4282,0.82839,-0.3986,-0.25341,-0.54615,-0.54447,0.26935,-0.055387,0.27472,-0.014737,0.38563,0.45483,0.048008,-0.22209,0.13728,-0.21349,0.37142,-0.020975,-0.41043,-0.42509,-0.29402,-0.66241,-0.0036068,-0.27634,-0.06671,-0.51665,0.051343,-0.15809,-0.3073,-0.40276,-0.064035,-0.98917,-0.40399,-0.18872,-0.61176,-0.65621
0.59603,0.12055,-0.15243,-0.40855,1.0194,0,0.99279,0.74585,0.39004,0.046217,0.25416,0.52333,0.49761,0.50729,0.70705,0.42507,0.25384,0.40061,-0.12011,0.70595,0.46085,0.36284,0.48198,0.43195,0.4663,0.79104,0.49126,0.50826,0.22622,0.19959,0.64416,1.0855,0.7343,0.55473,0.29237,0.35707,0.50722,0.20024,0.29098,0.70964,1.1774,0.97853,0.10291,0.48956,0.47206,0.58578,-0.34706,-0.26028,0.17257,0.53905,0.56848,-0.16,0.25152,0.1589,-0.076525,0.12686,0.14401,-0.087821,-0.14585,0.18717,0.47219,0.01302,-0.0034535,0.44122,0.86777,-0.21403,-0.077217,0.56651,0.56874,0.68143,0.85729,0.074636,0.22368,-0.096155,-0.11749,0.34994,0.17515,0.25735,-0.013259,0.24101,0.36903,-0.10753,0.043031,-0.013272,-0.25426,0.20417,0.0055481,-0.31446,-0.31581,-0.3406,-0.43784,-0.18434,-0.4031,0.048691,-0.3456,0.19957,0.076589,-0.2925,-0.49778,-0.084825,-0.39297,-0.067634,0.21256,-0.27732,-0.29175
0.56165,0.08402,0.10072,-0.27778,0.83771,0.99279,0,0.57931,0.033945,-0.021677,0.0016456,0.30021,0.48399,0.40304,0.6081,0.37918,0.15144,0.35471,-0.15784,0.29897,0.39231,0.36211,0.39574,0.36526,0.30297,0.52943,0.34055,0.53456,0.41988,0.36469,0.84701,0.89796,0.90519,0.57779,0.5948,0.5864,0.5164,0.085933,0.17788,0.37276,0.87639,0.6449,0.19793,0.36499,0.22172,0.38836,-0.17454,-0.13161,0.28519,0.44323,0.49962,0.22764,0.48331,0.16554,0.17156,0.39525,0.17589,0.025123,0.055642,0.16991,0.30332,0.2672,0.21581,0.43394,0.84692,-0.22497,-0.054909,0.49734,0.40622,0.68195,0.87533,-0.037402,0.17784,-0.059472,-0.033797,0.26127,0.085849,0.3756,0.10757,0.26825,0.26941,-0.14528,-0.017078,0.20643,-0.11001,0.19097,-0.1736,-0.31252,-0.23007,-0.36817,-0.58228,0.24596,-0.2448,0.50873,0.096149,0.50838,0.28173,-0.59206,-0.83034,0.39837,-0.41062,0.029747,0.021013,-0.047704,-0.03462
0.084314,0.0094597,0.038796,0.016594,0.21546,0.74585,0.57931,0,0.34326,0.61896,0.6813,0.80716,0.34548,0.42471,0.35579,0.22115,0.5405,0.41205,0.2124,0.13437,-0.037277,-0.13412,0.021025,-0.22111,0.66126,0.67409,-0.041574,-0.24537,-0.20913,-0.06829,0.12757,0.39856,0.12936,0.36588,-0.11781,0.14422,0.5116,0.80842,0.807,0.79655,0.83721,0.31864,-0.24553,0.2561,0.15783,0.19366,-0.015922,0.0063651,-0.15867,0.47839,0.56418,-0.061882,-0.25126,-0.2001,-0.3763,-0.39593,-0.15319,-0.23858,-0.24689,0.013738,0.17778,0.2044,0.28072,0.54341,0.8075,0.12994,0.15695,0.27896,0.35173,0.81807,0.50755,0.27057,0.36032,0.27996,0.17289,0.30849,0.57898,0.30818,0.019541,0.22618,0.20015,-0.014423,0.61303,-0.39127,-0.71963,0.12634,-0.032839,-0.089567,-0.063002,-0.16045,-0.049324,0.056203,0.23758,0.26846,0.14225,0.33157,0.33747,-0.24038,-0.2011,0.067179,0.24395,0.23045,0.63801,0.16983,0.29837
0.23374,-0.026643,0.17998,0.28344,0.25991,0.39004,0.033945,0.34326,0,0.52449,0.88375,0.59172,0.53448,0.64929,0.54781,0.1413,0.65836,0.39174,0.70027,0.16553,0.10473,0.088755,0.27371,0.021778,0.77727,0.75723,0.21719,-0.054478,0.13025,0.01003,0.36292,0.087687,0.22826,0.51425,-0.092849,-0.29018,0.48733,0.42526,0.48917,0.45682,0.45177,0.2054,-0.21987,-0.12627,-0.02355,0.19402,-0.54324,-0.42731,0.34068,0.40399,0.51241,-0.13159,-0.18171,0.066754,-0.14117,-0.31072,-0.11478,-0.027585,-0.04934,0.69377,0.29722,0.022415,0.24831,0.10793,0.059583,-0.2758,-0.45544,0.25755,0.45599,0.16871,0.39335,-0.030508,-0.22505,-0.39043,-0.38704,0.62706,0.69696,0.63139,0.59142,0.27557,0.50142,0.037561,0.092633,0.24118,-0.095631,0.47784,0.34286,-0.24425,-0.35222,-0.62713,-0.17735,-0.13794,-0.032878,-0.047233,-0.23766,0.35073,0.21979,-0.030061,0.16677,-0.14358,-0.01022,0.3717,0.43902,-0.062739,-0.057708
-0.3592,-0.39305,0.48885,0.58926,-0.1284,0.046217,-0.021677,0.61896,0.52449,0,0.62221,1.0381,0.26501,0.41166,-0.1723,-0.3748,0.9108,0.020331,0.97409,-0.26577,-0.42486,-0.34695,-0.43136,-0.56232,0.99269,0.59603,-0.33836,-0.46186,-0.46619,-0.49536,-0.045179,-0.18326,-0.099948,0.32408,-0.35786,-0.65304,0.51371,1.2015,0.97422,0.68357,0.29688,-0.10139,-0.81848,-0.51763,-0.47137,-0.34414,-0.23506,-0.32724,-0.051144,0.48967,0.66036,0.4109,-0.70314,-0.6182,-0.44395,-0.76006,-0.57961,-0.65867,-0.46103,0.12435,-0.057453,-0.012948,0.40456,-0.13856,0.10487,-0.14864,-0.37929,-0.30458,-0.072968,0.14905,0.36266,-0.26907,-0.28838,-0.17958,-0.19491,0.59439,1.0305,0.7447,0.55099,0.50214,0.27181,0.64287,0.87029,0.01617,-0.26618,0.49814,0.13112,-0.31405,-0.28365,-0.39591,-0.19016,-0.038675,0.54062,0.2349,0.2057,0.44371,0.48799,0.12385,-0.053157,-0.13367,0.5405,0.27586,0.42599,0.4765,0.49538
-0.13381,-0.21039,0.19514,0.38933,-0.0025291,0.25416,0.0016456,0.6813,0.88375,0.62221,0,0.51046,0.62434,0.76938,0.3534,-0.0893,0.87133,0.27811,0.77859,-0.097464,-0.31459,-0.44876,-0.14737,-0.48776,0.73201,0.58391,-0.053812,-0.46997,-0.22666,-0.28691,-0.057822,-0.064012,-0.05907,0.33066,-0.52822,-0.34268,0.57586,0.98548,1.0658,0.50044,0.39413,-0.026001,-0.61031,-0.22891,-0.16419,0.037927,0.03443,0.076138,-0.30984,0.63697,0.67852,-0.37666,-0.45933,-0.23161,-0.25418,-0.83395,-0.39151,-0.15454,-0.16531,0.15464,-0.11344,-0.11323,-0.011205,0.16753,0.17556,0.26206,0.080092,0.2578,0.1494,0.33974,0.312,0.16666,0.065777,0.11877,0.12957,0.64558,1.1166,0.54442,0.41916,0.50388,0.62725,0.0040666,0.71381,-0.10936,-0.36188,0.52644,0.57658,0.15766,0.086901,-0.20052,0.18808,0.31155,0.45316,0.21213,0.13298,0.26113,0.27294,0.060044,0.30351,-0.20257,0.25276,0.10891,0.39544,0.010242,0.2438
0.098422,-0.14314,0.26308,0.2605,0.24739,0.52333,0.30021,0.80716,0.59172,1.0381,0.51046,0,0.26389,0.40477,0.14616,-0.015573,0.72478,0.28326,0.57144,0.2593,-0.037373,0.08765,0.037452,-0.040368,1.2799,1.2611,0.12934,0.023852,-0.12211,-0.30815,0.29783,0.30039,0.061199,0.34367,-0.16104,-0.34995,0.78782,1.0165,1.0008,1.68,0.9196,0.49438,-0.58667,-0.10884,0.06419,0.10864,-0.50194,-0.58962,0.094625,0.5759,0.75983,0.18779,-0.26309,-0.2711,-0.26533,-0.4399,-0.3338,-0.65279,-0.61152,0.37219,0.50017,-0.029294,0.36566,-0.095044,0.36745,-0.37177,-0.46497,-0.019954,0.32275,0.42804,0.8873,-0.27628,-0.25477,-0.34657,-0.40897,0.84459,0.85713,0.68304,0.3817,0.56846,0.5159,0.37721,0.5808,0.10075,-0.22522,0.56498,0.26808,-0.5777,-0.5702,-0.46354,-0.39303,-0.28345,0.15153,0.0901,-0.064647,0.36705,0.47768,-0.057825,-0.097459,-0.2927,0.35197,0.17378,0.66297,0.34744,0.28964
-0.14097,-0.54945,0.18347,0.023217,0.48013,0.49761,0.48399,0.34548,0.53448,0.26501,0.62434,0.26389,0,2.3742,0.27184,-0.28076,0.87607,0.22458,0.6591,0.23692,-0.11551,-0.18195,0.036948,-0.0001175,0.57358,0.72339,-0.018438,0.10585,0.14126,0.17109,0.4803,0.25416,0.88497,0.88369,0.19217,0.024817,0.76855,0.44416,0.53108,0.35116,0.31303,0.09122,-0.44146,-0.3868,-0.37103,0.010375,-0.2721,-0.22676,0.11435,1.2763,1.2798,-0.078798,-0.21274,-0.3699,-0.15371,-0.15693,-0.5311,-0.29235,-0.30405,0.15001,-0.20954,-0.37212,-0.28942,-0.080505,0.064712,-0.20218,-0.292,0.16778,-0.089612,0.072513,0.69937,-0.26598,-0.15152,-0.28294,-0.082287,0.47631,0.524,0.90287,0.73707,0.61744,0.78804,0.31382,0.37056,0.36749,-0.017229,0.983,0.57599,-0.30191,-0.32201,-0.82676,-0.56598,0.36126,-0.0946,0.25658,-0.12447,0.3135,0.048884,-0.048781,-0.4412,-0.091956,-0.46967,-0.047411,-0.30183,-0.41485,-0.25106
-0.17788,-0.56178,0.21411,0.088778,0.44106,0.50729,0.40304,0.42471,0.64929,0.41166,0.76938,0.40477,2.3742,0,0.24319,-0.31605,1.0459,0.23147,0.79146,0.22955,-0.15011,-0.20693,0.0028641,-0.054665,0.71609,0.8627,-0.015136,0.049812,0.075574,0.08095,0.42824,0.24002,0.73772,0.90766,0.072909,-0.096147,0.87022,0.61261,0.68466,0.48979,0.3704,0.11679,-0.56778,-0.42627,-0.36948,-0.0090791,-0.31921,-0.29046,0.064758,1.4346,1.4987,-0.092323,-0.2962,-0.41646,-0.21634,-0.27471,-0.61492,-0.41326,-0.41242,0.16615,-0.17129,-0.3847,-0.25542,-0.1185,0.066716,-0.21833,-0.33488,0.13721,-0.063515,0.11401,0.75305,-0.29267,-0.20177,-0.31215,-0.13107,0.59223,0.66901,1.0221,0.79404,0.72522,0.89982,0.37641,0.48711,0.33002,-0.069016,1.0989,0.64344,-0.34773,-0.3793,-0.83697,-0.54716,0.27735,-0.032467,0.23112,-0.12903,0.33509,0.11362,-0.027257,-0.36408,-0.17327,-0.34817,-0.035221,-0.18909,-0.34478,-0.18922
1.188,0.69846,-0.21568,-0.31476,0.73592,0.70705,0.6081,0.35579,0.54781,-0.1723,0.3534,0.14616,0.27184,0.24319,0,1.0734,0.13991,0.41129,-0.18993,0.31461,0.80758,0.57748,0.82746,0.46511,0.10658,0.34722,0.88856,0.42591,0.63731,0.38126,0.51621,0.56859,0.38517,0.26498,0.1341,0.38232,0.20724,-0.077589,0.024951,0.20303,0.81708,0.7276,0.45643,0.6064,0.51959,0.52943,-0.26649,-0.10675,0.19185,0.1546,0.13068,-0.20269,0.58469,0.70069,0.14022,0.32899,0.68733,0.49255,0.37912,0.36298,0.58992,0.51847,0.24718,0.7,0.74201,-0.11655,0.0084991,1.5766,1.2323,0.82098,0.44703,0.25229,0.14824,-0.074483,-0.18052,0.24041,0.063863,0.13938,-0.05948,0.10027,0.31147,-0.69243,-0.36049,-0.0043892,-0.31877,0.030392,-0.077461,0.043245,-0.028774,-0.06037,-0.010188,0.19128,-0.12046,0.10774,-0.11008,0.25979,0.10399,-0.60976,0.038289,0.31917,-0.3621,0.10831,0.36246,-0.26755,-0.19558
1.2681,1.4688,-0.42931,-0.47931,0.3743,0.42507,0.37918,0.22115,0.1413,-0.3748,-0.0893,-0.015573,-0.28076,-0.31605,1.0734,0,-0.31859,0.43944,-0.66968,0.33012,1.0955,0.89827,1.0254,0.6357,-0.25289,0.013845,0.76562,0.37186,0.60755,0.55332,0.33261,0.55611,0.091119,-0.043767,0.24875,0.68716,-0.15462,-0.41048,-0.35438,-0.0011397,0.48285,0.65998,1.0168,1.3145,0.99742,0.59959,-0.17896,-0.046297,0.26133,-0.3877,-0.40713,-0.17596,0.74101,1.0484,0.15881,0.61105,1.1733,0.6722,0.48053,0.27245,0.89065,0.92495,0.45644,0.86033,0.64294,-0.088595,0.14983,0.99161,1.4938,0.74444,0.070399,0.47534,0.30985,0.0931,-0.13447,-0.21739,-0.38142,-0.32056,-0.49152,-0.37624,-0.18173,-1.016,-0.72176,-0.25746,-0.3825,-0.52773,-0.49704,0.051358,-0.0012786,0.22264,0.16511,-0.13535,-0.248,-0.10969,-0.10548,0.065179,0.02312,-0.73657,0.097286,0.49802,-0.15036,0.29955,0.57983,-0.086104,-0.12276
-0.2498,-0.37241,0.062646,0.10724,0.31104,0.25384,0.15144,0.5405,0.65836,0.9108,0.87133,0.72478,0.87607,1.0459,0.13991,-0.31859,0,-0.098097,0.99047,0.12558,-0.17551,-0.26173,-0.17468,-0.22887,0.73974,0.72977,-0.031865,-0.11606,-0.15413,-0.24348,0.027636,-0.079953,0.2377,0.3565,-0.35314,-0.46946,0.53557,0.93003,0.85151,0.72379,0.42294,0.10426,-0.87372,-0.61067,-0.54137,-0.41115,-0.44406,-0.45413,-0.15961,1.2586,1.1933,0.1767,-0.63939,-0.70589,-0.68976,-0.55445,-0.49311,-0.64091,-0.6472,-0.021097,-0.099385,-0.28814,-0.10731,-0.23232,0.16678,-0.29346,-0.49268,0.10121,-0.033761,0.13522,0.62901,-0.46156,-0.42997,-0.39656,-0.33694,0.58511,0.84224,0.8511,0.52668,0.77289,0.68005,0.65073,0.71798,0.015327,-0.42902,1.0487,0.48096,-0.29632,-0.33715,-0.4847,-0.33566,0.22521,0.44515,0.036664,-0.15872,0.1471,0.040338,0.13299,-0.034683,-0.31093,-0.06427,-0.099913,0.028395,-0.20155,-0.065915
0.28501,0.10235,0.30927,0.25033,-0.065859,0.40061,0.35471,0.41205,0.39174,0.020331,0.27811,0.28326,0.22458,0.23147,0.41129,0.43944,-0.098097,0,0.093081,0.18857,0.11287,0.27778,0.5322,0.19154,0.40832,0.57724,0.06518,-0.058734,0.34349,0.52314,0.76018,0.64396,0.24496,0.65565,0.51731,0.56283,0.64298,0.14715,0.26306,0.21633,0.31964,0.19261,0.22662,0.51134,0.62077,1.081,-0.033736,0.003332,0.50776,-0.062067,0.10251,-0.43691,0.27975,0.45115,0.46706,0.11508,-0.11547,0.24461,0.16593,0.86613,0.49917,0.38178,0.49154,0.44876,0.063777,0.026597,0.11297,0.13738,0.54777,0.42429,0.29875,0.50637,0.37996,0.14595,0.12609,0.19441,0.1959,0.27023,0.32029,-0.10488,0.19044,-0.55576,-0.10087,0.26918,0.13024,-0.040169,0.14067,-0.24801,-0.27809,-0.43948,-0.097929,-0.16401,-0.50708,0.27552,0.20075,0.57685,0.5637,-0.59353,-0.18562,0.36989,0.23002,0.9131,0.6718,0.29875,0.2937
-0.52025,-0.7722,0.59435,0.78426,-0.17788,-0.12011,-0.15784,0.2124,0.70027,0.97409,0.77859,0.57144,0.6591,0.79146,-0.18993,-0.66968,0.99047,0.093081,0,-0.21518,-0.62698,-0.49266,-0.36262,-0.49349,0.94058,0.60383,-0.38499,-0.4205,-0.22887,-0.31572,0.063225,-0.3733,0.031656,0.4,-0.23662,-0.67795,0.63081,0.89667,0.89651,0.39926,0.033152,-0.32919,-1.0794,-1.0233,-0.73468,-0.32041,-0.2371,-0.29048,0.092698,0.65012,0.81932,0.15525,-0.69327,-0.62309,-0.20483,-0.74309,-0.96265,-0.52418,-0.41584,0.35374,-0.24495,-0.36173,0.074261,-0.46218,-0.36952,-0.16798,-0.48838,-0.38229,-0.29819,-0.24233,0.31363,-0.39532,-0.46662,-0.35497,-0.19782,0.70496,1.1746,1.0171,1.172,0.57198,0.57875,0.62801,0.70518,0.41484,0.11715,0.97317,0.70844,-0.28619,-0.30128,-0.72724,-0.26995,0.18442,0.34646,0.22251,0.13099,0.377,0.33228,0.27013,0.080586,-0.25361,0.25648,0.22861,0.071619,0.20862,0.28816
0.35731,0.19934,-0.73146,-0.84458,0.70375,0.70595,0.29897,0.13437,0.16553,-0.26577,-0.097464,0.2593,0.23692,0.22955,0.31461,0.33012,0.12558,0.18857,-0.21518,0,0.61496,0.60348,0.71961,0.98342,0.036529,0.47241,0.55772,0.72527,0.37363,0.40399,0.36458,0.66646,0.44159,0.077785,0.2815,0.35598,0.11103,-0.14922,-0.10463,0.49642,0.45006,0.86136,0.1254,0.35888,0.5477,0.35807,-0.68051,-0.5949,0.20638,0.2944,0.20505,-0.32474,0.11937,0.057257,-0.2842,0.30835,0.13219,-0.18867,-0.50413,0.098262,0.66114,-0.28423,-0.38061,-0.092567,0.18949,-0.54477,-0.33871,0.30694,0.37896,0.10153,0.46515,-0.15713,-0.093771,-0.42308,-0.46416,-0.052871,-0.27472,-0.078885,-0.22546,-0.021041,0.23026,0.049607,-0.26061,-0.063134,-0.17874,0.17544,0.2211,-0.49344,-0.60157,-0.24622,-0.43949,-0.57518,-0.68242,-0.72848,-1.1586,-0.44371,-0.50065,-0.047168,-0.14996,-0.44669,-0.54731,-0.2029,-0.0090153,-0.71286,-0.87861
1.1283,1.1398,-0.58317,-0.85698,0.82552,0.46085,0.39231,-0.037277,0.10473,-0.42486,-0.31459,-0.037373,-0.11551,-0.15011,0.80758,1.0955,-0.17551,0.11287,-0.62698,0.61496,0,1.5759,1.3263,1.3203,-0.34866,0.07184,1.2519,0.97836,0.97835,0.71124,0.45873,0.62737,0.38096,0.058046,0.3135,0.48579,-0.15846,-0.54293,-0.55928,0.064025,0.44773,0.98716,0.84122,0.72657,0.62787,0.27479,-0.66216,-0.5202,0.35777,-0.13226,-0.2188,0.049396,0.81899,0.78737,0.018686,1.0192,1.032,0.2433,0.11831,0.15812,0.90154,0.55155,0.16426,0.29687,0.45694,-0.61747,-0.29664,0.90548,1.0623,0.493,0.25382,-0.086142,-0.17213,-0.4158,-0.63718,-0.18954,-0.57363,-0.14857,-0.34858,-0.122,0.02422,-0.42602,-0.90502,-0.050187,-0.30472,-0.20317,-0.3947,-0.3387,-0.4066,0.011355,-0.27849,-0.27,-0.40718,-0.30012,-0.44149,-0.036338,-0.15875,-0.71525,-0.079589,0.29185,-0.63281,-0.014038,0.13008,-0.42322,-0.54961
1.0419,0.87396,-0.30264,-0.53204,0.61728,0.36284,0.36211,-0.13412,0.088755,-0.34695,-0.44876,0.08765,-0.18195,-0.20693,0.57748,0.89827,-0.26173,0.27778,-0.49266,0.60348,1.5759,0,1.3751,1.54,-0.19789,0.19878,1.0846,1.0631,1.0883,0.70502,0.69563,0.69295,0.36087,0.1333,0.49625,0.44549,0.010702,-0.49577,-0.48736,0.1329,0.41325,0.96126,0.73321,0.63129,0.69512,0.4009,-0.76561,-0.69061,0.61113,-0.20567,-0.21561,0.12272,0.92738,0.8265,0.22881,1.102,0.73249,0.15549,0.058731,0.42275,1.2652,0.53537,0.33191,0.11449,0.25956,-0.81437,-0.45734,0.53255,0.98894,0.38503,0.34563,-0.18354,-0.28422,-0.5745,-0.78757,-0.069629,-0.5005,-0.023857,-0.14815,-0.088626,0.070108,-0.35907,-0.92324,0.21889,-0.026108,-0.1289,-0.29382,-0.59425,-0.65137,-0.15272,-0.43786,-0.42467,-0.56755,-0.22555,-0.34639,0.10645,0.040472,-0.764,-0.1518,0.29406,-0.41706,0.15032,0.21768,-0.15505,-0.34845
0.98899,0.81767,-0.37772,-0.52061,0.59518,0.48198,0.39574,0.021025,0.27371,-0.43136,-0.14737,0.037452,0.036948,0.0028641,0.82746,1.0254,-0.17468,0.5322,-0.36262,0.71961,1.3263,1.3751,0,1.3611,-0.15002,0.28721,0.99592,0.76759,1.3532,1.036,0.71854,0.68162,0.40385,0.21585,0.48348,0.62851,0.076352,-0.42405,-0.36745,0.11888,0.43204,0.82799,0.70337,0.70044,0.74685,0.54128,-0.66616,-0.51006,0.61514,-0.11879,-0.13778,-0.17324,0.80311,0.89825,0.20462,0.87223,0.61366,0.2664,0.091342,0.55003,1.099,0.47432,0.2202,0.24403,0.20364,-0.60345,-0.30638,0.71597,1.1165,0.40484,0.30629,0.0078489,-0.12986,-0.41775,-0.56808,-0.081088,-0.37241,-0.0082429,-0.087613,-0.16,0.17328,-0.56332,-0.84691,0.15815,-0.11621,-0.093235,-0.08464,-0.46118,-0.55591,-0.25179,-0.34129,-0.27871,-0.61315,-0.22253,-0.35989,0.10083,-0.0027755,-0.81644,-0.015816,0.30376,-0.505,0.26072,0.27637,-0.30616,-0.39649
0.7783,0.58519,-0.50105,-0.79647,0.76071,0.43195,0.36526,-0.22111,0.021778,-0.56232,-0.48776,-0.040368,-0.0001175,-0.054665,0.46511,0.6357,-0.22887,0.19154,-0.49349,0.98342,1.3203,1.54,1.3611,0,-0.2765,0.18946,0.97651,1.3521,1.0953,0.82328,0.65835,0.68601,0.53412,0.1103,0.58631,0.53776,-0.022258,-0.60575,-0.56245,0.10032,0.30672,0.91257,0.61914,0.50598,0.59458,0.35953,-0.78908,-0.68184,0.5626,-0.056187,-0.12094,-0.02516,0.76121,0.59048,0.13376,1.1302,0.55231,0.086545,-0.082715,0.2947,0.91112,0.16884,-0.035779,-0.036774,0.1297,-0.84082,-0.46559,0.46789,0.6352,0.16127,0.33977,-0.2626,-0.28774,-0.63213,-0.72847,-0.16375,-0.62313,-0.082834,-0.1722,-0.10598,0.12559,-0.23521,-0.90524,0.22648,0.029361,-0.02024,-0.098535,-0.6079,-0.67945,-0.22773,-0.56159,-0.4163,-0.78944,-0.4021,-0.62745,-0.12627,-0.23924,-0.50198,-0.20613,0.080053,-0.75949,-0.047702,-0.068898,-0.48328,-0.69994
-0.05285,-0.52754,0.65323,0.61422,0.12739,0.4663,0.30297,0.66126,0.77727,0.99269,0.73201,1.2799,0.57358,0.71609,0.10658,-0.25289,0.73974,0.40832,0.94058,0.036529,-0.34866,-0.19789,-0.15002,-0.2765,0,1.2882,-0.11262,-0.14553,-0.20855,-0.3592,0.41102,0.19818,0.20365,0.61878,-0.045384,-0.39195,1.1236,1.1122,1.3348,0.97085,0.64739,0.16986,-0.73643,-0.31621,-0.13723,0.20079,-0.25203,-0.30381,0.17674,0.6967,1.0358,0.089206,-0.32558,-0.33045,-0.025743,-0.62084,-0.6266,-0.45949,-0.35032,0.54459,0.15217,-0.19563,0.29155,-0.081906,0.16098,-0.14803,-0.34006,-0.15747,0.080003,0.21712,0.80537,-0.16929,-0.12848,-0.22327,-0.13566,1.1834,1.3972,1.0029,0.8104,0.62846,0.62989,0.37043,0.70841,0.38729,0.10097,0.75508,0.47543,-0.38697,-0.36905,-0.71858,-0.37451,-0.05786,0.081782,0.34995,0.098857,0.59497,0.60911,0.078253,-0.1955,-0.25622,0.33574,0.2554,0.42609,0.38824,0.37757
0.17896,-0.22996,0.2883,0.16753,0.4664,0.79104,0.52943,0.67409,0.75723,0.59603,0.58391,1.2611,0.72339,0.8627,0.34722,0.013845,0.72977,0.57724,0.60383,0.47241,0.07184,0.19878,0.28721,0.18946,1.2882,0,0.26022,0.23445,0.18613,0.032361,0.73282,0.59957,0.46952,0.78152,0.13061,-0.086817,1.3491,0.78445,0.89806,1.3149,0.9564,0.59848,-0.46482,-0.070767,0.12837,0.35575,-0.59347,-0.62821,0.2809,0.8513,1.1066,-0.038516,-0.062946,-0.12801,-0.050791,-0.20719,-0.41728,-0.52184,-0.54882,0.58555,0.49986,-0.12177,0.17449,-0.086768,0.26505,-0.46149,-0.50374,0.12916,0.37347,0.42427,1.3593,-0.27575,-0.2384,-0.4588,-0.40802,0.94847,0.76786,0.99506,0.65375,0.68928,0.91321,0.23323,0.39933,0.38821,-0.039891,0.84682,0.52842,-0.73991,-0.7746,-0.85545,-0.66169,-0.17335,-0.1716,0.16854,-0.14356,0.4911,0.45761,-0.22951,-0.28984,-0.21652,0.012463,0.19027,0.39458,0.078118,0.067388
1.1673,0.83788,-0.37787,-0.53977,0.90197,0.49126,0.34055,-0.041574,0.21719,-0.33836,-0.053812,0.12934,-0.018438,-0.015136,0.88856,0.76562,-0.031865,0.06518,-0.38499,0.55772,1.2519,1.0846,0.99592,0.97651,-0.11262,0.26022,0,1.0923,0.90929,0.30702,0.42048,0.57875,0.23354,0.022354,0.014647,0.13877,0.091312,-0.22346,-0.19466,0.30404,0.68873,1.2981,0.38185,0.46874,0.59023,0.31631,-0.57618,-0.49447,0.12109,0.095047,0.0049366,-0.091489,0.85938,0.75651,0.17121,0.58691,0.73899,0.082146,-0.0030166,0.2227,0.90459,0.2855,0.015625,0.078517,0.44933,-0.51101,-0.28542,1.0327,1.0069,0.57865,0.49472,-0.22849,-0.31623,-0.49733,-0.66631,0.24054,-0.19353,0.043605,-0.17239,0.2754,0.45491,-0.40169,-0.50508,0.10803,-0.15828,0.11817,0.025357,-0.26976,-0.348,0.052185,-0.22894,-0.10869,-0.20724,-0.15571,-0.33542,0.010432,0.0078173,-0.56422,0.13193,0.011992,-0.49478,-0.28249,0.15177,-0.33535,-0.37743
0.77636,0.35649,-0.2903,-0.67259,1.1198,0.50826,0.53456,-0.24537,-0.054478,-0.46186,-0.46997,0.023852,0.10585,0.049812,0.42591,0.37186,-0.11606,-0.058734,-0.4205,0.72527,0.97836,1.0631,0.76759,1.3521,-0.14553,0.23445,1.0923,0,0.86703,0.39898,0.65634,0.67036,0.63935,0.13557,0.43988,0.266,0.1036,-0.42329,-0.37097,0.20264,0.45948,1.0539,0.35932,0.26777,0.35565,0.23169,-0.66631,-0.63281,0.35613,0.18096,0.10535,0.15986,0.8349,0.42804,0.21543,0.90785,0.47231,-0.060151,-0.11605,0.15473,0.63386,0.0054221,-0.14541,-0.16504,0.27295,-0.79088,-0.49136,0.47617,0.43394,0.19845,0.58709,-0.51848,-0.40607,-0.71707,-0.70484,0.1172,-0.39866,0.088336,-0.06979,0.23692,0.33271,-0.055772,-0.57346,0.38421,0.15577,0.21233,-0.021411,-0.54674,-0.55342,-0.19425,-0.70061,-0.18321,-0.53808,-0.15238,-0.47786,-0.033058,-0.13957,-0.37527,-0.33989,-0.030613,-0.86722,-0.3925,-0.28131,-0.43298,-0.61069
0.76706,0.56527,-0.11429,-0.32614,0.55793,0.22622,0.41988,-0.20913,0.13025,-0.46619,-0.22666,-0.12211,0.14126,0.075574,0.63731,0.60755,-0.15413,0.34349,-0.22887,0.37363,0.97835,1.0883,1.3532,1.0953,-0.20855,0.18613,0.90929,0.86703,0,1.0183,0.79038,0.46226,0.48223,0.2749,0.51504,0.47692,0.14319,-0.43966,-0.38886,-0.04683,0.26367,0.57404,0.54868,0.31977,0.33552,0.28339,-0.58459,-0.48836,0.62345,-0.035786,-0.060007,0.047988,1.0165,0.81741,0.4203,1.063,0.47302,0.19783,0.13276,0.52873,0.6683,0.43705,0.18805,0.011315,0.028194,-0.685,-0.41026,0.59931,0.68918,0.26851,0.33702,-0.26129,-0.37971,-0.57745,-0.61902,0.022927,-0.31852,0.19606,0.15965,0.060968,0.33534,-0.43967,-0.78984,0.47851,0.10137,0.10341,0.012202,-0.49801,-0.54417,-0.33507,-0.49985,0.056413,-0.43011,0.067793,-0.090856,0.28858,0.13826,-0.94338,-0.079095,0.47038,-0.63529,0.14947,-0.015837,-0.23172,-0.27345
0.35162,0.42108,-0.25986,-0.4561,0.27151,0.19959,0.36469,-0.06829,0.01003,-0.49536,-0.28691,-0.30815,0.17109,0.08095,0.38126,0.55332,-0.24348,0.52314,-0.31572,0.40399,0.71124,0.70502,1.036,0.82328,-0.3592,0.032361,0.30702,0.39898,1.0183,0,0.62452,0.48289,0.57714,0.38401,0.83062,1.0207,-0.014846,-0.56215,-0.5469,-0.26224,-0.024764,0.22526,0.75592,0.48136,0.33733,0.30972,-0.36464,-0.25463,0.65593,-0.17249,-0.18673,-0.094651,0.52638,0.52066,0.17021,0.99517,0.30504,0.29998,0.15402,0.31175,0.37156,0.45671,0.14056,0.25434,-0.056198,-0.41894,-0.16307,0.33945,0.43911,0.13898,0.039818,0.086616,0.011452,-0.19605,-0.23274,-0.45128,-0.58069,-0.024679,0.0085677,-0.35748,-0.069738,-0.41667,-0.77805,0.15605,-0.061508,-0.20455,-0.21817,-0.39931,-0.44142,-0.35855,-0.38039,-0.09625,-0.68218,-0.076968,-0.15717,0.15201,-0.071236,-0.80573,-0.30003,0.63463,-0.57449,0.44527,-0.049762,-0.34054,-0.37488
0.58098,0.037403,0.3532,0.0049868,0.57237,0.64416,0.84701,0.12757,0.36292,-0.045179,-0.057822,0.29783,0.4803,0.42824,0.51621,0.33261,0.027636,0.76018,0.063225,0.36458,0.45873,0.69563,0.71854,0.65835,0.41102,0.73282,0.42048,0.65634,0.79038,0.62452,0,0.90209,1.0081,0.97589,0.99668,0.45676,0.75087,-0.055478,0.058243,0.27336,0.52991,0.55651,0.26431,0.24666,0.30664,0.65835,-0.51416,-0.47876,0.9599,0.24055,0.38413,0.11598,0.63556,0.4302,0.52598,0.57528,0.036646,0.059862,0.081317,0.8778,0.58717,0.25161,0.38257,0.13145,0.17698,-0.58048,-0.44196,0.23992,0.50965,0.32621,0.81353,-0.15807,-0.12812,-0.46758,-0.37561,0.38983,0.076508,0.62619,0.55748,0.22482,0.42297,-0.17015,-0.32517,0.85235,0.35974,0.31609,0.053979,-0.74097,-0.70998,-0.89697,-0.87351,-0.10258,-0.71677,0.34832,-0.019039,0.73819,0.46238,-0.67697,-0.68887,0.37123,-0.35573,0.3988,0.10269,0.051332,-0.0638
0.61924,0.27987,-0.085986,-0.4234,0.67742,1.0855,0.89796,0.39856,0.087687,-0.18326,-0.064012,0.30039,0.25416,0.24002,0.56859,0.55611,-0.079953,0.64396,-0.3733,0.66646,0.62737,0.69295,0.68162,0.68601,0.19818,0.59957,0.57875,0.67036,0.46226,0.48289,0.90209,0,0.68204,0.63327,0.54813,0.64364,0.5326,-0.0096295,0.056154,0.4625,0.78344,0.99984,0.35575,0.76624,0.83682,0.91241,-0.2692,-0.25296,0.24432,0.22487,0.26284,-0.23052,0.58551,0.40673,0.24967,0.47737,0.19072,-0.0014328,-0.081876,0.23687,0.658,0.23916,0.099639,0.3956,0.61221,-0.24992,-0.005883,0.48461,0.66555,0.77561,0.76831,0.13606,0.24951,-0.069576,-0.11359,0.18492,-0.1344,0.17022,-0.047083,0.17035,0.29879,-0.3136,-0.18867,0.12428,-0.055931,0.032451,-0.077788,-0.42697,-0.44086,-0.23607,-0.43276,-0.30101,-0.71639,0.095961,-0.1898,0.2787,0.2166,-0.66238,-0.63566,0.14785,-0.27536,0.066493,0.21779,-0.1398,-0.20725
0.27757,-0.15996,0.046673,-0.34441,0.87911,0.7343,0.90519,0.12936,0.22826,-0.099948,-0.05907,0.061199,0.88497,0.73772,0.38517,0.091119,0.2377,0.24496,0.031656,0.44159,0.38096,0.36087,0.40385,0.53412,0.20365,0.46952,0.23354,0.63935,0.48223,0.57714,1.0081,0.68204,0,0.92926,0.88024,0.47369,0.44782,-0.13002,-0.05537,0.12999,0.34159,0.38816,0.18162,0.054536,-0.039826,0.22581,-0.4594,-0.38081,0.55647,0.55434,0.57557,0.17109,0.28923,0.032875,0.064855,0.51534,-0.020205,-0.035026,-0.031511,0.21179,0.10051,-0.049552,-0.074334,0.1193,0.25163,-0.49929,-0.39124,0.26365,0.14138,0.14027,0.66004,-0.25789,-0.089726,-0.40289,-0.24661,0.12366,-0.06296,0.50131,0.37411,0.22662,0.31095,0.12178,-0.20677,0.47049,0.11329,0.38499,-0.023885,-0.53931,-0.50177,-0.80244,-0.97128,0.058095,-0.59596,0.18201,-0.26655,0.34057,-0.020134,-0.33329,-1.0839,0.21895,-0.91441,0.027988,-0.39634,-0.44553,-0.49143
0.047432,-0.29875,0.53455,0.20357,0.32802,0.55473,0.57779,0.36588,0.51425,0.32408,0.33066,0.34367,0.88369,0.90766,0.26498,-0.043767,0.3565,0.65565,0.4,0.077785,0.058046,0.1333,0.21585,0.1103,0.61878,0.78152,0.022354,0.13557,0.2749,0.38401,0.97589,0.63327,0.92926,0,0.51236,0.19104,0.9877,0.33716,0.37702,0.30499,0.35003,0.18235,-0.076573,-0.030162,-0.044945,0.3492,-0.30006,-0.29876,0.45916,0.53984,0.72955,0.031922,0.10645,0.02217,0.19973,0.10105,-0.38677,-0.19771,-0.091967,0.46351,0.066438,0.11267,0.23317,0.15557,0.10731,-0.28597,-0.2883,0.069022,0.1808,0.32579,0.67836,-0.087175,-0.0433,-0.23269,-0.11391,0.45796,0.37364,0.96604,0.84183,0.43003,0.52215,0.086042,0.13675,0.54931,0.13936,0.46611,0.14273,-0.57481,-0.55952,-0.97615,-0.68529,0.003807,-0.38846,0.48986,0.12109,0.90681,0.55432,-0.48395,-0.78144,0.29072,-0.19063,0.40581,0.044618,0.036947,0.043945
0.29437,-0.0178,0.14733,-0.16276,0.24121,0.29237,0.5948,-0.11781,-0.092849,-0.35786,-0.52822,-0.16104,0.19217,0.072909,0.1341,0.24875,-0.35314,0.51731,-0.23662,0.2815,0.3135,0.49625,0.48348,0.58631,-0.045384,0.13061,0.014647,0.43988,0.51504,0.83062,0.99668,0.54813,0.88024,0.51236,0,0.90206,0.17643,-0.51974,-0.39565,-0.21631,-0.0050737,0.131,0.57666,0.31724,0.22605,0.47767,-0.20373,-0.15878,1.0479,-0.14005,-0.037548,0.1656,0.49401,0.30575,0.43931,0.83121,0.10325,0.30847,0.28183,0.4609,0.2561,0.20233,0.25651,0.19376,-0.023006,-0.34315,-0.18832,-0.056132,0.12803,-0.062369,0.1853,0.043449,0.13534,-0.16232,-0.066317,-0.23267,-0.40104,0.094716,0.18689,-0.32389,-0.18554,-0.17031,-0.58332,0.5328,0.43063,-0.12666,-0.2857,-0.44707,-0.37317,-0.58206,-0.61207,-0.14773,-0.95273,0.15944,-0.055545,0.32351,0.068053,-0.39497,-0.89269,0.52002,-0.41257,0.46268,-0.17541,-0.023135,-0.18293
0.39173,0.40434,-0.3103,-0.53657,0.19178,0.35707,0.5864,0.14422,-0.29018,-0.65304,-0.34268,-0.34995,0.024817,-0.096147,0.38232,0.68716,-0.46946,0.56283,-0.67795,0.35598,0.48579,0.44549,0.62851,0.53776,-0.39195,-0.086817,0.13877,0.266,0.47692,1.0207,0.45676,0.64364,0.47369,0.19104,0.90206,0,-0.05909,-0.5569,-0.45901,-0.26976,0.065247,0.22089,0.89451,0.90762,0.59955,0.57875,0.10233,0.19986,0.33777,-0.26794,-0.27875,-0.23947,0.53511,0.47482,0.23456,0.79032,0.39856,0.55372,0.36267,0.070119,0.2739,0.42796,0.10534,0.66098,0.29066,0.052829,0.33842,0.36312,0.36259,0.30649,-0.012633,0.513,0.59297,0.31002,0.25561,-0.59079,-0.6431,-0.32307,-0.34892,-0.54005,-0.32255,-0.67144,-0.55566,-0.11689,-0.11554,-0.49988,-0.40699,-0.019451,0.0038469,-0.014857,-0.075465,0.0096448,-0.60163,0.047537,-0.010787,0.035522,-0.11718,-0.59944,-0.45438,0.63181,-0.35041,0.32643,0.01811,-0.20742,-0.20022
0.018945,-0.40284,0.66698,0.43149,0.22479,0.50722,0.5164,0.5116,0.48733,0.51371,0.57586,0.78782,0.76855,0.87022,0.20724,-0.15462,0.53557,0.64298,0.63081,0.11103,-0.15846,0.010702,0.076352,-0.022258,1.1236,1.3491,0.091312,0.1036,0.14319,-0.014846,0.75087,0.5326,0.44782,0.9877,0.17643,-0.05909,0,0.8359,0.99529,0.79952,0.63452,0.31565,-0.51211,-0.16687,0.011399,0.37568,-0.20976,-0.2858,0.17296,0.7807,1.0694,-0.066816,0.029459,-0.10181,0.25636,-0.20544,-0.60543,-0.43294,-0.34687,0.52769,0.21578,-0.095114,0.1815,-0.089488,0.15189,-0.19207,-0.24978,0.022906,0.16655,0.42263,1.1272,-0.20061,-0.13812,-0.23981,-0.12517,1.0555,0.85053,1.2346,0.91216,0.88984,1.0272,0.12624,0.52588,0.58936,0.17292,0.86719,0.59145,-0.53143,-0.50269,-0.75116,-0.54298,0.10919,-0.080424,0.58492,0.24869,0.80108,0.79092,-0.31579,-0.39762,-0.022443,0.12965,0.20319,0.24948,0.28242,0.34783
-0.37041,-0.48101,0.4508,0.54652,-0.081796,0.20024,0.085933,0.80842,0.42526,1.2015,0.98548,1.0165,0.44416,0.61261,-0.077589,-0.41048,0.93003,0.14715,0.89667,-0.14922,-0.54293,-0.49577,-0.42405,-0.60575,1.1122,0.78445,-0.22346,-0.42329,-0.43966,-0.56215,-0.055478,-0.0096295,-0.13002,0.33716,-0.51974,-0.5569,0.8359,0,2.0866,0.94482,0.47014,0.018973,-1.1715,-0.42472,-0.2808,-0.12038,-0.0060016,-0.10334,-0.36336,0.77595,0.93553,5.3043e-05,-0.58934,-0.58711,-0.2816,-0.99771,-0.77615,-0.73464,-0.59596,0.043778,-0.097749,-0.20778,0.090751,-0.14209,0.17896,0.092819,-0.07955,-0.13872,-0.08165,0.32761,0.55394,-0.15167,-0.10866,0.012224,0.03494,0.87515,1.4302,0.75691,0.50856,0.82741,0.64676,0.4216,1.5063,-0.014847,-0.25349,0.69785,0.52763,-0.15565,-0.14422,-0.2596,-0.078321,0.14874,0.54747,0.35705,0.28176,0.37666,0.53696,0.095445,0.031832,-0.30709,0.53711,0.026174,0.39377,0.36579,0.53451
-0.26449,-0.52522,0.51329,0.59511,-0.039143,0.29098,0.17788,0.807,0.48917,0.97422,1.0658,1.0008,0.53108,0.68466,0.024951,-0.35438,0.85151,0.26306,0.89651,-0.10463,-0.55928,-0.48736,-0.36745,-0.56245,1.3348,0.89806,-0.19466,-0.37097,-0.38886,-0.5469,0.058243,0.056154,-0.05537,0.37702,-0.39565,-0.45901,0.99529,2.0866,0,0.93884,0.54777,0.049491,-1.0807,-0.36829,-0.20145,0.042921,0.042712,-0.033659,-0.2814,0.80043,1.01,-0.086081,-0.4835,-0.48967,-0.13899,-0.96755,-0.7528,-0.55086,-0.45708,0.16823,-0.061423,-0.25045,0.085582,-0.083168,0.20293,0.14913,-0.028659,-0.091783,-0.046067,0.32658,0.6357,-0.072457,-0.01784,0.045633,0.10333,1.0355,1.688,0.78548,0.56449,0.80477,0.71585,0.30748,1.325,0.088582,-0.12609,0.74391,0.63266,-0.10375,-0.092003,-0.31309,-0.074628,0.20237,0.43276,0.42146,0.28451,0.41577,0.55794,0.11149,0.0084818,-0.31182,0.49881,0.046808,0.39818,0.36402,0.53336
0.13187,-0.10608,0.052282,0.015862,0.43918,0.70964,0.37276,0.79655,0.45682,0.68357,0.50044,1.68,0.35116,0.48979,0.20303,-0.0011397,0.72379,0.21633,0.39926,0.49642,0.064025,0.1329,0.11888,0.10032,0.97085,1.3149,0.30404,0.20264,-0.04683,-0.26224,0.27336,0.4625,0.12999,0.30499,-0.21631,-0.26976,0.79952,0.94482,0.93884,0,1.0979,0.73793,-0.59978,-0.037493,0.16805,0.14864,-0.5022,-0.58546,-0.078047,0.77867,0.86794,0.0047493,-0.18543,-0.2644,-0.30739,-0.36578,-0.3062,-0.77809,-0.83177,0.19238,0.51248,-0.18033,0.065631,-0.14697,0.45086,-0.36525,-0.38001,0.1299,0.32948,0.51178,1.0929,-0.32206,-0.24117,-0.34837,-0.40255,0.81108,0.68492,0.57764,0.2367,0.71606,0.71719,0.34337,0.59456,0.018489,-0.30099,0.65625,0.41273,-0.5611,-0.57681,-0.35132,-0.4194,-0.26109,0.085764,-0.0052202,-0.20924,0.18043,0.30125,-0.069505,-0.099584,-0.46188,0.15217,-0.097511,0.471,0.092954,0.087423
0.72843,0.26612,-0.0069843,-0.16908,0.85068,1.1774,0.87639,0.83721,0.45177,0.29688,0.39413,0.9196,0.31303,0.3704,0.81708,0.48285,0.42294,0.31964,0.033152,0.45006,0.44773,0.41325,0.43204,0.30672,0.64739,0.9564,0.68873,0.45948,0.26367,-0.024764,0.52991,0.78344,0.34159,0.35003,-0.0050737,0.065247,0.63452,0.47014,0.54777,1.0979,0,1.1846,-0.079313,0.35158,0.4193,0.41505,-0.40186,-0.37097,0.047886,0.55285,0.60493,0.029489,0.28305,0.18426,-0.038632,-0.0030343,0.19671,-0.18826,-0.20422,0.27786,0.70273,0.19831,0.24811,0.30794,1.0398,-0.27924,-0.18374,0.67322,0.8038,1.0189,1.1718,-0.082792,-0.010929,-0.20853,-0.3031,0.70545,0.44009,0.42995,0.064476,0.52884,0.57718,-0.10917,0.18619,0.025338,-0.33803,0.35447,0.082508,-0.32014,-0.3246,-0.21722,-0.33533,-0.034562,-0.0061842,0.19648,-0.10095,0.35193,0.3506,-0.40485,-0.18712,-0.051689,-0.087639,-0.067731,0.50178,0.024148,0.031325
0.96402,0.55459,-0.34415,-0.59236,1.1055,0.97853,0.6449,0.31864,0.2054,-0.10139,-0.026001,0.49438,0.09122,0.11679,0.7276,0.65998,0.10426,0.19261,-0.32919,0.86136,0.98716,0.96126,0.82799,0.91257,0.16986,0.59848,1.2981,1.0539,0.57404,0.22526,0.55651,0.99984,0.38816,0.18235,0.131,0.22089,0.31565,0.018973,0.049491,0.73793,1.1846,0,0.2152,0.55171,0.69955,0.44101,-0.64073,-0.60067,0.13329,0.29838,0.25424,-0.043971,0.58374,0.42051,0.0050983,0.41858,0.45757,-0.15865,-0.25818,0.1891,1.0694,0.17238,0.047939,0.13433,0.73827,-0.55359,-0.30229,0.75053,0.92736,0.75607,0.86714,-0.21325,-0.16547,-0.42916,-0.58304,0.32563,-0.065127,0.1349,-0.17781,0.33178,0.44974,-0.18079,-0.219,0.027241,-0.25744,0.18372,-0.00097915,-0.48465,-0.5267,-0.096524,-0.43343,-0.30734,-0.31175,-0.14685,-0.42314,0.048254,0.059848,-0.49262,-0.17188,-0.11048,-0.37795,-0.23705,0.27296,-0.24702,-0.33044
0.74087,0.92154,-0.35765,-0.50956,0.16657,0.10291,0.19793,-0.24553,-0.21987,-0.81848,-0.61031,-0.58667,-0.44146,-0.56778,0.45643,1.0168,-0.87372,0.22662,-1.0794,0.1254,0.84122,0.73321,0.70337,0.61914,-0.73643,-0.46482,0.38185,0.35932,0.54868,0.75592,0.26431,0.35575,0.18162,-0.076573,0.57666,0.89451,-0.51211,-1.1715,-1.0807,-0.59978,-0.079313,0.2152,0,1.036,0.65559,0.44395,0.015357,0.138,0.41169,-0.80686,-0.84684,-0.060622,0.84715,1.0343,0.34528,1.0665,1.1286,0.95272,0.80724,0.11103,0.37541,0.756,0.29561,0.68595,0.22135,-0.019324,0.22986,0.46031,0.56316,0.20741,-0.3338,0.47606,0.37146,0.17246,0.037043,-0.68639,-1.0013,-0.60722,-0.5476,-0.79957,-0.60481,-0.86796,-1.3698,-0.12316,-0.019318,-0.95806,-0.8497,0.13363,0.12126,0.258,0.13907,-0.1696,-0.52912,-0.12371,-0.078036,-0.030054,-0.15788,-0.53731,-0.12026,0.68732,-0.33033,0.27783,0.073982,-0.14817,-0.26313
0.80457,0.94431,-0.41919,-0.51805,0.21108,0.48956,0.36499,0.2561,-0.12627,-0.51763,-0.22891,-0.10884,-0.3868,-0.42627,0.6064,1.3145,-0.61067,0.51134,-1.0233,0.35888,0.72657,0.63129,0.70044,0.50598,-0.31621,-0.070767,0.46874,0.26777,0.31977,0.48136,0.24666,0.76624,0.054536,-0.030162,0.31724,0.90762,-0.16687,-0.42472,-0.36829,-0.037493,0.35158,0.55171,1.036,0,1.4764,0.87042,0.097575,0.19073,0.10788,-0.49146,-0.49602,-0.39185,0.65683,0.86262,0.22802,0.52504,0.81062,0.59927,0.41922,0.083438,0.64107,0.65586,0.26741,0.96164,0.60674,0.15892,0.47023,0.60986,0.86567,0.68236,-0.035578,0.76554,0.70139,0.40601,0.18525,-0.36089,-0.53041,-0.55781,-0.71611,-0.52011,-0.34126,-1.0141,-0.55774,-0.3912,-0.27577,-0.80978,-0.5455,0.14104,0.11338,0.36148,0.25101,-0.30906,-0.45867,-0.1193,-0.086811,-0.041316,-0.0074819,-0.56843,-0.071639,0.36788,-0.038297,0.22541,0.49489,-0.04195,-0.094841
0.76285,0.74739,-0.35183,-0.38053,0.17661,0.47206,0.22172,0.15783,-0.02355,-0.47137,-0.16419,0.06419,-0.37103,-0.36948,0.51959,0.99742,-0.54137,0.62077,-0.73468,0.5477,0.62787,0.69512,0.74685,0.59458,-0.13723,0.12837,0.59023,0.35565,0.33552,0.33733,0.30664,0.83682,-0.039826,-0.044945,0.22605,0.59955,0.011399,-0.2808,-0.20145,0.16805,0.4193,0.69955,0.65559,1.4764,0,1.1691,-0.012141,0.036023,0.10837,-0.39548,-0.38139,-0.58659,0.61959,0.82161,0.32877,0.38117,0.5489,0.39339,0.19342,0.25844,0.90582,0.38147,0.16921,0.51912,0.39264,0.063128,0.31824,0.47374,0.8696,0.56679,0.10949,0.57633,0.48687,0.21877,0.043276,-0.11393,-0.36851,-0.43026,-0.52591,-0.32404,-0.090785,-0.84769,-0.46283,-0.19926,-0.075512,-0.49516,-0.16405,0.01186,-0.051223,0.27938,0.20002,-0.49915,-0.57668,-0.23804,-0.20689,-0.1011,0.037786,-0.43267,0.065531,0.064162,0.072185,0.15721,0.58717,-0.0056705,-0.094856
