,,,,,,,,,,,,,,,,,,,,,,,,,,,,,,,,,,,,,,,,,,,,,,,,,,,,,,,,,,,,,,,,,,,,,,,,,,,,,,,,,,,,,,,,,,,,,,,,,,,,,,,,
0,0.60778,-0.24042,-0.60675,1.1087,0.73412,0.59071,-0.09056,0.19683,-0.43739,-0.29005,0.092438,0.20616,0.15762,1.0484,0.90646,-0.17354,0.3643,-0.38544,0.87997,1.3387,1.4359,1.3829,1.5849,-0.023077,0.40304,1.2999,1.3805,1.3443,0.69687,1.0738,1.0276,0.74887,0.44149,0.60365,0.42683,0.2718,-0.36523,-0.2934,0.2308,0.58625,1.1368,0.54843,0.59796,0.67977,0.60728,-0.79704,-0.68386,0.61835,0.11733,0.098103,-0.027402,1.2752,0.9349,0.4841,0.92453,0.74143,0.043585,-0.040058,0.52594,1.0363,0.27377,0.063795,0.036613,0.32147,-0.83468,-0.49023,0.83796,1.0532,0.43859,0.57095,-0.31913,-0.30688,-0.69861,-0.68315,0.16621,-0.29729,0.17746,0.064173,0.13898,0.40754,-0.35724,-0.67948,0.53324,0.17507,0.16046,0.011284,-0.84714,-0.86756,-0.4276,-0.83846,-0.34755,-0.8546,-0.10572,-0.61741,0.21834,0.09714,-0.76333,-0.34107,0.13226,-1.0389,-0.059584,-0.015075,-0.75577,-0.96531
0.60778,0,-0.9917,-0.85339,0.21592,-0.019898,-0.066382,-0.2287,-0.17625,-0.53987,-0.39778,-0.27698,-0.42382,-0.43015,0.40832,1.1987,-0.3853,0.11781,-0.68411,0.48145,1.2038,0.9848,1.0264,0.90556,-0.70146,-0.19678,0.74533,0.45938,0.87431,0.84119,0.08934,0.30165,-0.031001,-0.18039,0.11111,0.46397,-0.38531,-0.56022,-0.68096,-0.14229,-0.021814,0.44788,0.78983,0.75628,0.64721,0.098292,-0.43678,-0.37251,0.14998,-0.41837,-0.54734,-0.16576,0.63732,0.84039,-0.027167,0.83001,1.1995,0.14842,-0.061666,-0.0029119,0.69357,0.78078,0.041794,0.089275,-0.0072891,-0.44915,-0.13713,0.68533,0.83691,0.3109,-0.12821,-0.031779,-0.21871,-0.26284,-0.47726,-0.51179,-0.78554,-0.38376,-0.51111,-0.28083,-0.086924,-0.60129,-0.79214,-0.25984,-0.40243,-0.42151,-0.33348,-0.32519,-0.41495,0.23393,-0.04428,-0.35863,-0.30494,-0.55237,-0.41935,-0.27759,-0.32589,-0.80567,0.2467,0.31823,-0.43375,0.054688,0.15914,-0.78101,-0.69552
-0.24042,-0.9917,0,1.2374,-0.0669,-0.0074282,0.087135,0.087717,0.6001,0.55479,0.52205,0.2261,0.64819,0.65792,-0.01485,-0.72406,0.44661,0.057286,1.0088,-0.66095,-0.61094,-0.51083,-0.44611,-0.57716,0.7225,0.29291,-0.36614,-0.2943,-0.21195,-0.36822,0.22978,-0.30686,0.22217,0.56978,0.00064964,-0.50275,0.53701,0.44565,0.53427,0.036715,0.043355,-0.38124,-0.52072,-0.88699,-0.81421,-0.12332,0.080265,0.078866,0.22714,0.39965,0.57046,0.30575,-0.24433,-0.26894,0.31506,-0.4507,-0.75208,-0.046666,0.27683,0.44905,-0.46544,-0.22511,0.35811,-0.10255,-0.18049,0.090064,-0.20556,-0.32798,-0.35214,-0.20971,0.18871,-0.17452,-0.16019,-0.11097,0.092579,0.71526,0.90039,0.84397,1.3647,0.40302,0.33525,0.3598,0.40142,0.77449,0.50996,0.60919,0.34898,0.024354,0.085639,-0.6593,-0.20866,0.49486,0.25671,0.89849,0.62898,0.94665,0.95736,0.23593,-0.16712,0.066539,0.15353,0.2115,-0.092612,0.82461,0.73286
-0.60675,-0.85339,1.2374,0,-0.56737,-0.34278,-0.4121,0.048035,0.63472,0.67584,0.68621,0.21471,0.23177,0.31299,-0.3062,-0.82291,0.37734,0.05369,1.206,-0.80431,-0.97451,-0.78924,-0.63304,-0.94493,0.60913,0.12531,-0.62389,-0.77792,-0.52481,-0.57349,-0.17877,-0.70996,-0.29485,0.16702,-0.34835,-0.75663,0.26832,0.5288,0.56791,-0.016873,-0.21362,-0.70087,-0.66307,-0.92046,-0.70461,-0.20066,0.2264,0.21003,0.02911,0.10803,0.25671,0.056843,-0.65165,-0.36851,0.083019,-0.89047,-0.98199,-0.021762,0.19896,0.38066,-0.50098,-0.27677,0.34914,-0.17936,-0.53491,0.31797,-0.04506,-0.63754,-0.44416,-0.42062,-0.15075,0.063105,-0.072998,0.082423,0.20113,0.49483,0.92494,0.4555,0.85663,0.16192,0.12867,0.30895,0.50241,0.33032,0.34984,0.33658,0.46095,0.26729,0.25977,-0.31724,0.24182,0.24464,0.44198,0.39945,0.56728,0.4566,0.65959,0.52405,0.32355,-0.14185,0.71048,0.35269,0.22343,1.4,1.1536
1.1087,0.21592,-0.0669,-0.56737,0,1.0582,1.1623,0.22165,0.1112,-0.081976,-0.11059,0.3716,0.57455,0.51791,0.88868,0.39981,0.2562,0.089341,-0.1645,0.69483,0.80596,0.77514,0.61962,0.83127,0.23554,0.65144,1.0143,1.3709,0.75442,0.30274,0.96803,1.0962,1.0398,0.58881,0.40541,0.22864,0.59614,0.035782,0.077573,0.5685,1.0829,1.3708,0.091558,0.23036,0.25771,0.26642,-0.70487,-0.69453,0.26612,0.70074,0.61168,0.26005,0.76495,0.2673,0.17585,0.56083,0.33311,-0.40159,-0.36369,0.17657,0.61825,0.061007,-0.054061,-0.058543,0.91669,-0.79384,-0.52747,0.85879,0.62907,0.74761,1.2407,-0.65434,-0.38468,-0.69313,-0.60794,0.46072,0.0088286,0.5175,0.18551,0.63281,0.7085,0.078193,-0.13167,0.47694,-0.026225,0.59634,0.083376,-0.91631,-0.79398,-0.4716,-1.3294,0.018725,-0.34663,0.23647,-0.34772,0.37791,0.26116,-0.63785,-0.71845,0.044148,-1.0297,-0.36835,-0.19402,-0.62424,-0.60999
0.73412,-0.019898,-0.0074282,-0.34278,1.0582,0,1.2744,0.73224,0.32161,0.052392,0.24597,0.60969,0.82848,0.79239,0.97428,0.42157,0.33648,0.59945,-0.0079406,0.85957,0.39019,0.38706,0.50474,0.47596,0.57708,1.069,0.50968,0.5809,0.35449,0.24311,0.9451,1.5366,0.8888,0.79518,0.41671,0.39101,0.95515,0.30508,0.42276,0.82433,1.4365,1.0256,-0.042659,0.44681,0.5081,0.74962,-0.38006,-0.34105,0.2124,0.78282,0.79715,-0.1487,0.34917,0.11849,0.096857,0.1516,-0.055652,-0.28346,-0.37241,0.3181,0.57599,-0.084516,-0.032713,0.34968,1.0879,-0.31001,-0.15817,0.6528,0.63237,0.91107,1.2188,-0.073674,0.12754,-0.2026,-0.15812,0.51467,0.2562,0.47365,0.19013,0.42954,0.64,-0.069674,0.13356,0.24047,-0.10847,0.49332,0.30349,-0.59359,-0.54758,-0.56577,-0.74726,-0.096255,-0.46453,0.22892,-0.33079,0.3775,0.33962,-0.43194,-0.68681,-0.09232,-0.44556,-0.076544,0.20349,-0.38554,-0.31489
0.59071,-0.066382,0.087135,-0.4121,1.1623,1.2744,0,0.58075,0.059475,0.010744,0.027788,0.31759,0.92548,0.75987,0.77425,0.30289,0.30495,0.31151,-0.086811,0.4506,0.39118,0.32952,0.35618,0.39863,0.3369,0.62292,0.3459,0.59877,0.40668,0.3582,0.93735,1.0809,1.4139,0.88711,0.62773,0.51912,0.67704,0.13955,0.21286,0.43523,0.90779,0.6813,0.085924,0.28727,0.1384,0.34371,-0.28573,-0.25015,0.25524,0.75459,0.73663,0.2201,0.43033,0.031768,0.09255,0.3644,0.055586,-0.1976,-0.15337,0.094769,0.23897,0.12345,0.056294,0.42968,1.2373,-0.33647,-0.16616,0.62143,0.36197,0.78494,0.98991,-0.20265,0.08344,-0.18089,-0.10096,0.29951,0.10219,0.50982,0.21113,0.39993,0.41751,0.035383,0.062075,0.28872,-0.12465,0.41122,-0.083864,-0.54062,-0.41416,-0.56465,-0.97306,0.2474,-0.31971,0.54332,-0.038491,0.55949,0.32126,-0.58227,-1.3601,0.29066,-0.75448,-0.10084,-0.17043,-0.41272,-0.29872
-0.09056,-0.2287,0.087717,0.048035,0.22165,0.73224,0.58075,0,0.37053,0.67223,0.80972,0.85064,0.73152,0.83263,0.377,0.070249,0.8644,0.49931,0.42946,0.23327,-0.15263,-0.21101,-0.022507,-0.22443,0.76284,0.8464,-0.11075,-0.22817,-0.2067,-0.05372,0.18182,0.41942,0.22009,0.52996,-0.10008,0.11482,0.78706,0.98589,0.99019,0.86573,0.81308,0.27069,-0.48993,0.099247,0.060746,0.17136,-0.063598,-0.064984,-0.17735,0.80619,0.84886,-0.10212,-0.41334,-0.4615,-0.57796,-0.46222,-0.61273,-0.52538,-0.59274,0.020766,0.11803,0.034986,0.19988,0.49145,0.88294,0.071283,0.074204,0.25309,0.26382,0.88102,0.62545,0.15626,0.27722,0.1931,0.14309,0.38647,0.66863,0.48993,0.19698,0.36412,0.38841,0.1647,0.78926,-0.30794,-0.73897,0.41065,0.27118,-0.22114,-0.19442,-0.33852,-0.18054,0.13861,0.22098,0.31682,0.13905,0.372,0.48824,-0.20795,-0.28541,-0.037414,0.24993,0.1901,0.63483,0.16764,0.40049
0.19683,-0.17625,0.6001,0.63472,0.1112,0.32161,0.059475,0.37053,0,0.65511,0.84872,0.75013,0.61936,0.77,0.53235,0.059167,0.64992,0.69484,1.0155,0.098755,-0.016626,0.096726,0.26286,-0.0061793,0.99857,0.96172,0.13652,-0.086414,0.18233,0.034266,0.53949,0.13401,0.20062,0.76983,0.0071348,-0.29346,0.87994,0.56562,0.63383,0.53017,0.45988,0.16595,-0.3557,-0.22674,-0.021952,0.29331,-0.55744,-0.50525,0.4796,0.40496,0.5777,-0.081335,-0.15356,0.079871,0.057632,-0.3094,-0.47992,-0.20076,-0.17196,1.2199,0.40932,0.074712,0.65312,-0.025818,-0.087677,-0.34674,-0.56241,0.083011,0.51738,0.21157,0.46837,-0.10906,-0.31925,-0.46483,-0.40906,0.79192,0.84461,0.92529,1.1235,0.35323,0.63035,0.077117,0.18169,0.54788,0.078656,0.66413,0.64299,-0.53923,-0.61746,-1.0493,-0.34534,-0.18799,-0.063511,0.15658,-0.046728,0.76261,0.97083,-0.1543,0.11118,-0.080161,0.20722,0.59711,0.75891,0.4251,0.31785
-0.43739,-0.53987,0.55479,0.67584,-0.081976,0.052392,0.010744,0.67223,0.65511,0,0.79354,1.0725,0.43333,0.59601,-0.10975,-0.50948,1.5114,-0.0055367,1.4519,-0.23384,-0.47286,-0.39597,-0.42349,-0.56646,1.0453,0.63771,-0.32033,-0.43641,-0.45494,-0.53605,-0.063777,-0.26706,-0.10786,0.27055,-0.42976,-0.70283,0.56789,1.2602,1.0768,0.69601,0.37125,-0.094067,-1.111,-0.77959,-0.60978,-0.42422,-0.26661,-0.33737,-0.070464,0.6551,0.78199,0.40866,-0.91414,-0.88269,-0.72657,-0.85154,-0.99198,-0.83865,-0.61884,0.16518,-0.058132,-0.10827,0.5405,-0.24038,0.1652,-0.15365,-0.43785,-0.29973,-0.08008,0.14473,0.39947,-0.33149,-0.34348,-0.2266,-0.21439,0.6599,1.1868,0.82299,0.66724,0.52431,0.34994,0.91538,0.92003,0.029133,-0.33904,0.74506,0.33605,-0.298,-0.26793,-0.46817,-0.18504,0.098924,0.68951,0.25118,0.22675,0.45283,0.66328,0.21592,0.041347,-0.21638,0.62571,0.2374,0.53283,0.91566,0.82187
-0.29005,-0.39778,0.52205,0.68621,-0.11059,0.24597,0.027788,0.80972,0.84872,0.79354,0,0.65275,0.71117,0.91935,0.28271,-0.25008,0.89959,0.43561,1.0107,-0.17917,-0.45845,-0.48173,-0.19993,-0.5482,0.89828,0.69926,-0.13672,-0.49716,-0.25617,-0.30956,0.011312,-0.017523,-0.093204,0.49399,-0.49598,-0.36897,0.91296,1.3031,1.3518,0.58935,0.42643,-0.039533,-0.83501,-0.31762,-0.18291,0.079729,0.060078,0.051772,-0.27197,0.67857,0.76017,-0.32605,-0.50759,-0.30365,-0.19904,-0.87412,-1.0237,-0.39688,-0.33434,0.25556,-0.089175,-0.13548,0.14197,0.13849,0.16447,0.25149,0.066393,0.12338,0.12845,0.47555,0.36144,0.1359,0.044278,0.12822,0.13986,0.76218,1.3337,0.71444,0.64766,0.57502,0.70975,0.063168,0.91137,-0.017203,-0.31415,0.65459,0.9268,0.026674,-0.015329,-0.32836,0.10597,0.29755,0.47289,0.4439,0.42976,0.53509,0.96348,-0.0086808,0.24063,-0.18985,0.52816,0.21422,0.65791,0.48223,0.89525
0.092438,-0.27698,0.2261,0.21471,0.3716,0.60969,0.31759,0.85064,0.75013,1.0725,0.65275,0,0.52684,0.70912,0.27121,-0.096789,1.2206,0.232,0.76775,0.39407,-0.051402,0.040083,0.014594,-0.034665,1.3448,1.4219,0.15371,0.056079,-0.14689,-0.34832,0.28937,0.29652,0.13776,0.39165,-0.22198,-0.41714,0.93005,1.0928,1.0882,1.7623,1.0638,0.51671,-0.82089,-0.24842,-0.010197,0.062288,-0.60422,-0.67916,0.03806,0.91291,1.0359,0.16023,-0.40798,-0.48126,-0.53959,-0.51242,-0.60717,-1.053,-1.0783,0.34323,0.48161,-0.23849,0.31368,-0.22644,0.51943,-0.42034,-0.57369,0.044171,0.34639,0.47199,0.96928,-0.39206,-0.32944,-0.44832,-0.45276,0.92289,0.92295,0.79849,0.47389,0.66347,0.66529,0.65103,0.65633,0.11456,-0.30279,0.93786,0.56245,-0.68844,-0.68091,-0.58561,-0.48646,-0.25861,0.18032,0.018028,-0.27718,0.31905,0.53553,0.046764,-0.09865,-0.49931,0.29723,0.060009,0.70369,0.34347,0.23557
0.20616,-0.42382,0.64819,0.23177,0.57455,0.82848,0.92548,0.73152,0.61936,0.43333,0.71117,0.52684,0,2.3223,0.75174,-0.045725,0.76641,0.47907,0.5593,0.054531,-0.036047,-0.059271,0.087457,-0.053405,0.85238,0.94441,0.11584,0.12609,0.18207,0.086777,0.77152,0.53233,0.88853,1.5774,0.24952,0.083678,1.51,0.6247,0.74789,0.52648,0.79648,0.29851,-0.34451,-0.14812,-0.18032,0.25894,-0.18082,-0.15361,0.16545,1.1552,1.3305,0.064375,0.056798,-0.12412,0.12472,-0.11964,-0.49979,-0.2583,-0.12178,0.35423,0.011951,0.002018,0.19645,0.3295,0.63732,-0.12621,-0.17928,0.42934,0.24861,0.68998,0.95997,-0.13546,-0.0017659,-0.14819,-0.018002,0.78714,0.74519,1.2193,0.88708,0.72879,0.82228,0.097629,0.43152,0.47771,-0.057813,0.88957,0.3985,-0.36623,-0.30214,-0.89373,-0.63961,0.48544,0.0066132,0.95656,0.31622,1.1608,1.0013,-0.37972,-0.65196,0.19287,-0.25971,0.11842,0.063947,0.036081,0.23809
0.15762,-0.43015,0.65792,0.31299,0.51791,0.79239,0.75987,0.83263,0.77,0.59601,0.91935,0.70912,2.3223,0,0.71475,-0.086729,0.97942,0.47189,0.72443,0.061742,-0.079826,-0.090903,0.057284,-0.10742,1.0566,1.1388,0.12762,0.067093,0.12088,-0.014619,0.66325,0.46426,0.68485,1.3649,0.094628,-0.054205,1.8872,0.83857,0.97136,0.69197,0.89256,0.32006,-0.50189,-0.21851,-0.1887,0.21586,-0.23461,-0.2212,0.10259,1.3161,1.5719,0.040057,-0.048559,-0.18675,0.023875,-0.25296,-0.61717,-0.39825,-0.26016,0.38384,0.063592,-0.04158,0.22146,0.22826,0.61007,-0.14444,-0.23312,0.39886,0.28325,0.72834,1.0285,-0.1765,-0.076694,-0.19275,-0.080973,0.96987,0.96377,1.4107,0.95875,0.85264,0.97464,0.16712,0.55769,0.42699,-0.12478,1.0688,0.54624,-0.39929,-0.35214,-0.8823,-0.58355,0.41541,0.104,0.83825,0.28854,1.1073,1.1527,-0.32229,-0.47205,0.072428,-0.12255,0.11915,0.20514,0.1293,0.33263
1.0484,0.40832,-0.01485,-0.3062,0.88868,0.97428,0.77425,0.377,0.53235,-0.10975,0.28271,0.27121,0.75174,0.71475,0,0.82507,0.20714,0.79454,-0.018077,0.5968,0.78657,0.71198,1.0934,0.72063,0.25824,0.74181,0.85788,0.61575,1.0547,0.74697,1.1446,1.1151,0.85168,1.0327,0.43241,0.47409,0.75243,0.068046,0.12984,0.39986,0.81593,0.85934,0.26352,0.5078,0.49794,0.64907,-0.57385,-0.46236,0.41527,0.45323,0.44854,-0.22319,0.71527,0.66519,0.32124,0.47183,0.24366,-0.025302,-0.092385,0.57367,0.70508,0.42018,0.17802,0.39307,0.51154,-0.48816,-0.28226,1.271,1.2627,0.99037,0.76465,-0.084872,-0.11622,-0.39069,-0.38813,0.35739,0.095378,0.53368,0.35286,0.35077,0.73996,-0.4768,-0.22727,0.38677,-0.14381,0.37872,0.24766,-0.69329,-0.73222,-0.64634,-0.68345,0.0022454,-0.47616,0.25518,-0.16344,0.63376,0.54205,-1.1578,-0.34445,0.31037,-0.68057,0.16982,0.2437,-0.54526,-0.35438
0.90646,1.1987,-0.72406,-0.82291,0.39981,0.42157,0.30289,0.070249,0.059167,-0.50948,-0.25008,-0.096789,-0.045725,-0.086729,0.82507,0,-0.31851,0.66018,-0.58199,0.8343,1.2479,1.1044,1.7058,1.1283,-0.3248,0.13314,0.66458,0.50668,0.98845,1.3633,0.53303,0.79004,0.35684,0.23314,0.54414,0.94469,-0.045892,-0.47248,-0.46625,0.011295,0.23348,0.60941,0.93071,1.3236,1.0343,0.60175,-0.48719,-0.36331,0.4648,-0.2422,-0.27301,-0.31229,0.69805,0.92176,0.10691,0.86132,0.84218,0.30047,0.024927,0.31192,0.93418,0.762,0.18619,0.50213,0.20015,-0.44204,-0.10923,0.78511,1.2501,0.48544,0.11017,0.2029,0.076463,-0.18493,-0.33238,-0.37788,-0.59523,-0.2067,-0.30648,-0.34365,-0.028541,-0.77462,-0.78107,-0.09358,-0.29169,-0.35096,-0.27616,-0.48725,-0.57437,-0.14065,-0.25827,-0.46795,-0.77268,-0.39575,-0.53998,-0.035263,-0.1733,-0.9905,-0.11041,0.40165,-0.5388,0.32804,0.31716,-0.82719,-0.79658
-0.17354,-0.3853,0.44661,0.37734,0.2562,0.33648,0.30495,0.8644,0.64992,1.5114,0.89959,1.2206,0.76641,0.97942,0.20714,-0.31851,0,0.048898,1.0813,-0.039615,-0.212,-0.19842,-0.20795,-0.31297,1.0749,0.93825,-0.0053302,-0.13356,-0.18533,-0.36906,0.14594,0.055285,0.14769,0.50275,-0.36142,-0.50672,0.9418,1.4532,1.2434,0.99541,0.73512,0.21643,-1.0345,-0.57679,-0.44797,-0.30092,-0.38143,-0.45474,-0.13955,1.1927,1.2694,0.33567,-0.515,-0.66958,-0.61419,-0.57577,-0.78448,-1.0885,-0.81742,0.11505,0.072028,-0.072174,0.34207,-0.1807,0.50021,-0.27104,-0.46463,0.092133,0.13304,0.53606,0.80381,-0.46857,-0.40373,-0.33246,-0.31231,0.88277,1.166,1.1699,0.69248,0.94157,0.73249,0.72314,0.93085,0.086903,-0.472,1.1576,0.45996,-0.46596,-0.42483,-0.53124,-0.40805,0.23857,0.60757,0.40376,0.20226,0.59216,0.81486,-0.062964,-0.12806,-0.16926,0.27397,0.043426,0.41435,0.43351,0.55548
0.3643,0.11781,0.057286,0.05369,0.089341,0.59945,0.31151,0.49931,0.69484,-0.0055367,0.43561,0.232,0.47907,0.47189,0.79454,0.66018,0.048898,0,0.13742,0.42983,0.1953,0.22391,0.6209,0.24159,0.36527,0.56232,0.074678,-0.065775,0.31344,0.61682,0.65557,0.60193,0.38508,0.75506,0.48736,0.58197,0.50005,0.088966,0.19512,0.19726,0.32788,0.1963,0.25876,0.61939,0.6087,1.0737,-0.16964,-0.050641,0.52028,0.051815,0.16711,-0.58705,0.11039,0.40761,0.20661,0.052252,-0.10995,0.3578,0.15302,0.81701,0.45166,0.31336,0.3868,0.85549,0.099544,-0.008274,0.060602,0.31603,0.70577,0.38177,0.21306,0.61655,0.43577,0.10891,0.086837,0.082152,0.15883,0.19769,0.27148,-0.21151,0.15162,-0.60313,-0.14285,0.1169,-0.052201,-0.035866,0.20543,-0.23863,-0.31413,-0.60654,-0.11947,-0.28772,-0.62933,0.012292,-0.16193,0.39273,0.3356,-0.42454,-0.14076,0.22685,-0.010427,0.83154,0.71112,-0.083424,-0.048054
-0.38544,-0.68411,1.0088,1.206,-0.1645,-0.0079406,-0.086811,0.42946,1.0155,1.4519,1.0107,0.76775,0.5593,0.72443,-0.018077,-0.58199,1.0813,0.13742,0,-0.3975,-0.57519,-0.45971,-0.3927,-0.62454,1.1463,0.60987,-0.3219,-0.48344,-0.34907,-0.4879,0.053065,-0.33338,-0.060171,0.43948,-0.34947,-0.76998,0.68733,1.0384,1.0233,0.46342,0.23942,-0.22915,-0.98061,-0.9119,-0.65264,-0.24501,-0.17948,-0.21476,0.064986,0.55609,0.73474,0.23345,-0.70047,-0.53956,-0.25226,-0.85281,-1.1262,-0.46892,-0.25826,0.44158,-0.14587,-0.1555,0.54429,-0.22251,-0.093084,-0.055892,-0.39398,-0.31268,-0.096553,0.007294,0.30901,-0.22648,-0.32499,-0.22429,-0.14207,0.84709,1.5235,1.002,1.1692,0.52004,0.45928,0.58806,0.73066,0.32402,-0.0096669,0.80972,0.55295,-0.18431,-0.17992,-0.63654,-0.13172,0.18033,0.52746,0.40928,0.36209,0.6897,0.97968,0.2344,0.12608,-0.16694,0.57609,0.3498,0.45721,1.0613,0.95961
0.87997,0.48145,-0.66095,-0.80431,0.69483,0.85957,0.4506,0.23327,0.098755,-0.23384,-0.17917,0.39407,0.054531,0.061742,0.5968,0.8343,-0.039615,0.42983,-0.3975,0,0.79756,0.8925,0.84707,1.0355,0.10559,0.54771,0.74809,0.77124,0.44254,0.3707,0.55771,1.195,0.37591,0.14479,0.36502,0.44711,0.26157,-0.10056,-0.046918,0.59078,0.72157,1.2386,0.26556,0.83961,1.2083,0.7558,-0.6052,-0.57216,0.24271,0.15937,0.12528,-0.28613,0.40532,0.32238,-0.048998,0.39453,0.37452,-0.1626,-0.49304,0.2424,1.3099,-0.0266,-0.12694,0.083705,0.52413,-0.515,-0.25128,0.50106,0.8716,0.48957,0.57863,-0.049366,0.014913,-0.33939,-0.42597,0.062018,-0.24941,-0.066107,-0.29741,0.017569,0.22701,-0.17234,-0.28446,-0.015762,-0.14187,0.062387,0.11126,-0.65687,-0.72728,-0.17193,-0.45052,-0.81623,-0.77347,-0.5715,-1.3032,-0.24832,-0.26801,-0.31212,-0.24474,-0.30083,-0.35318,-0.084769,0.31843,-0.72007,-0.93855
1.3387,1.2038,-0.61094,-0.97451,0.80596,0.39019,0.39118,-0.15263,-0.016626,-0.47286,-0.45845,-0.051402,-0.036047,-0.079826,0.78657,1.2479,-0.212,0.1953,-0.57519,0.79756,0,2.0959,1.5535,1.8914,-0.34103,0.14458,1.2153,1.1186,1.4919,0.95846,0.63581,0.75075,0.50215,0.19843,0.48143,0.53306,-0.022975,-0.51359,-0.54231,0.082689,0.34483,0.92876,0.75293,0.68997,0.63087,0.27417,-0.84668,-0.74183,0.46874,-0.066399,-0.14133,0.063023,1.0649,0.86769,0.15463,1.268,1.1736,0.032616,-0.11267,0.23016,1.0259,0.61946,0.11362,0.042223,0.27274,-0.93634,-0.47709,0.90709,1.1161,0.45439,0.32353,-0.32663,-0.3819,-0.65388,-0.79392,-0.16956,-0.60522,-0.021472,-0.19043,-0.016453,0.16957,-0.37328,-0.85395,0.17499,-0.15697,-0.060098,-0.28033,-0.81797,-0.86625,-0.17875,-0.6259,-0.35545,-0.60005,-0.3069,-0.6121,0.021753,-0.13387,-1.023,-0.21389,0.31915,-0.97066,-0.017756,-0.0073384,-0.99049,-1.125
1.4359,0.9848,-0.51083,-0.78924,0.77514,0.38706,0.32952,-0.21101,0.096726,-0.39597,-0.48173,0.040083,-0.059271,-0.090903,0.71198,1.1044,-0.19842,0.22391,-0.45971,0.8925,2.0959,0,1.525,2.2114,-0.22422,0.2181,1.1481,1.1604,1.3162,0.83131,0.72638,0.7159,0.49992,0.20173,0.54134,0.42305,0.0051841,-0.51117,-0.5157,0.12997,0.35147,0.93303,0.6881,0.59814,0.64192,0.33192,-1.0568,-0.92592,0.64016,-0.089596,-0.12795,0.099474,0.94323,0.8202,0.18055,1.1252,1.0234,0.029021,-0.12436,0.39578,1.2602,0.49542,0.19428,-0.064093,0.17216,-1.141,-0.65148,0.66589,1.1041,0.30372,0.3498,-0.37643,-0.45521,-0.83255,-0.96482,-0.095581,-0.53709,0.016462,-0.10335,-0.040949,0.15705,-0.26435,-0.9115,0.30609,-0.01112,-0.013259,-0.22703,-0.98151,-1.0609,-0.29361,-0.70888,-0.55216,-0.73111,-0.41411,-0.82527,0.015436,-0.13906,-0.77235,-0.20432,0.19976,-0.83986,0.047896,0.048442,-0.7939,-1.2037
1.3829,1.0264,-0.44611,-0.63304,0.61962,0.50474,0.35618,-0.022507,0.26286,-0.42349,-0.19993,0.014594,0.087457,0.057284,1.0934,1.7058,-0.20795,0.6209,-0.3927,0.84707,1.5535,1.525,0,1.4635,-0.16045,0.2973,0.98716,0.76297,1.4586,1.1791,0.81808,0.85036,0.51043,0.39494,0.56835,0.63609,0.12902,-0.41546,-0.38758,0.10908,0.37083,0.8022,0.76843,0.8716,0.85575,0.6093,-0.77361,-0.61844,0.64963,-0.098439,-0.11073,-0.19453,0.92099,1.1165,0.27633,0.92958,0.8153,0.19927,0.0043748,0.55841,1.1826,0.65084,0.2453,0.2617,0.16497,-0.71977,-0.37677,0.87853,1.6228,0.47553,0.29895,-0.047868,-0.18448,-0.50149,-0.61071,-0.099472,-0.41698,0.035975,-0.03875,-0.11628,0.20786,-0.62043,-0.82973,0.22999,-0.090865,-0.082372,-0.10738,-0.75242,-0.86401,-0.35913,-0.50854,-0.46095,-0.82416,-0.28852,-0.58867,0.15131,0.025767,-1.0493,-0.13409,0.32918,-0.70843,0.26796,0.25946,-0.75952,-0.84539
1.5849,0.90556,-0.57716,-0.94493,0.83127,0.47596,0.39863,-0.22443,-0.0061793,-0.56646,-0.5482,-0.034665,-0.053405,-0.10742,0.72063,1.1283,-0.31297,0.24159,-0.62454,1.0355,1.8914,2.2114,1.4635,0,-0.27268,0.18465,1.1578,1.3255,1.2215,0.82445,0.74541,0.87812,0.55876,0.18247,0.62312,0.54723,0.001079,-0.58966,-0.55486,0.1014,0.3581,0.99767,0.76573,0.75218,0.80068,0.47529,-0.80678,-0.70758,0.56105,-0.094416,-0.1447,-0.014105,1.0988,0.87033,0.2813,1.2122,1.0729,0.10648,-0.072384,0.32249,1.1423,0.3634,0.02523,0.0046083,0.23078,-0.88159,-0.46373,0.70305,0.98341,0.3099,0.34981,-0.27168,-0.28771,-0.64876,-0.72364,-0.12833,-0.62653,-0.075361,-0.20137,-0.070678,0.13803,-0.35491,-0.93287,0.2827,0.055971,-0.066099,-0.20624,-0.78885,-0.84073,-0.21558,-0.64979,-0.53789,-0.90742,-0.40918,-0.88658,-0.06545,-0.23563,-0.70122,-0.27612,0.14768,-0.95763,-0.047923,-0.043894,-1.0197,-1.5542
-0.023077,-0.70146,0.7225,0.60913,0.23554,0.57708,0.3369,0.76284,0.99857,1.0453,0.89828,1.3448,0.85238,1.0566,0.25824,-0.3248,1.0749,0.36527,1.1463,0.10559,-0.34103,-0.22422,-0.16045,-0.27268,0,1.3261,-0.075714,-0.11551,-0.2482,-0.4164,0.38865,0.19208,0.25175,0.6601,-0.10037,-0.43513,1.2679,1.1402,1.3768,1.0032,0.79422,0.21567,-0.90041,-0.41779,-0.18983,0.18056,-0.30298,-0.33192,0.13145,0.94316,1.266,0.088697,-0.43494,-0.4713,-0.17408,-0.67922,-1.0087,-0.59748,-0.47881,0.53513,0.15659,-0.37153,0.33223,-0.085674,0.33076,-0.15582,-0.38613,-0.098939,0.11929,0.28204,0.82088,-0.20553,-0.14162,-0.26043,-0.15755,1.2275,1.4718,1.0613,0.90056,0.64904,0.68681,0.53836,0.7505,0.38221,0.026857,1.0402,0.72071,-0.40446,-0.3795,-0.83482,-0.41508,-0.024948,0.13678,0.34777,0.0092123,0.62271,0.85724,0.17199,-0.19173,-0.38744,0.32406,0.17915,0.51198,0.57835,0.47722
0.40304,-0.19678,0.29291,0.12531,0.65144,1.069,0.62292,0.8464,0.96172,0.63771,0.69926,1.4219,0.94441,1.1388,0.74181,0.13314,0.93825,0.56232,0.60987,0.54771,0.14458,0.2181,0.2973,0.18465,1.3261,0,0.36597,0.2634,0.16409,-0.039944,0.73401,0.67756,0.50812,0.857,0.068021,-0.11799,1.5887,0.81017,0.92751,1.4074,1.4835,0.7328,-0.4889,-0.025058,0.1727,0.40429,-0.64531,-0.6453,0.22764,1.0588,1.2434,-0.016782,-0.05503,-0.12892,-0.14532,-0.23547,-0.44757,-0.62937,-0.66306,0.59478,0.6048,-0.13179,0.27579,0.014982,0.62812,-0.45549,-0.51685,0.35246,0.61511,0.71268,1.3934,-0.27917,-0.21949,-0.47033,-0.42042,1.0468,0.8133,1.0133,0.64609,0.71119,0.95936,0.26492,0.41284,0.35756,-0.1551,1.0222,0.65219,-0.80412,-0.80633,-0.90093,-0.70984,-0.1681,-0.11118,0.19616,-0.26289,0.58408,0.73107,-0.2316,-0.29759,-0.27868,-0.021636,0.12361,0.57879,0.079462,0.059549
1.2999,0.74533,-0.36614,-0.62389,1.0143,0.50968,0.3459,-0.11075,0.13652,-0.32033,-0.13672,0.15371,0.11584,0.12762,0.85788,0.66458,-0.0053302,0.074678,-0.3219,0.74809,1.2153,1.1481,0.98716,1.1578,-0.075714,0.36597,0,1.3028,1.104,0.38844,0.56062,0.73932,0.38169,0.20657,0.099686,0.11441,0.27188,-0.1559,-0.15595,0.37303,0.62505,1.3339,0.25048,0.37366,0.54707,0.28386,-0.77264,-0.74795,0.15752,0.25141,0.14608,-0.074593,0.99756,0.72703,0.26851,0.65188,0.66433,-0.26234,-0.34139,0.22526,0.94713,0.1643,-0.17477,-0.26032,0.34546,-0.78307,-0.4795,1.0832,0.98526,0.60121,0.60542,-0.54705,-0.57105,-0.78236,-0.84661,0.28709,-0.19679,0.19987,-0.012108,0.4427,0.69073,-0.25115,-0.40303,0.31913,-0.049111,0.33679,0.23768,-0.71989,-0.78265,-0.1375,-0.59872,-0.21886,-0.34912,-0.15488,-0.52573,0.06762,0.10314,-0.70479,-0.030899,-0.076174,-0.78908,-0.37639,-0.012715,-0.82334,-0.7611
1.3805,0.45938,-0.2943,-0.77792,1.3709,0.5809,0.59877,-0.22817,-0.086414,-0.43641,-0.49716,0.056079,0.12609,0.067093,0.61575,0.50668,-0.13356,-0.065775,-0.48344,0.77124,1.1186,1.1604,0.76297,1.3255,-0.11551,0.2634,1.3028,0,0.92975,0.37554,0.7421,0.83801,0.70619,0.2179,0.45104,0.24738,0.17744,-0.36586,-0.32334,0.23936,0.54848,1.1864,0.37341,0.3423,0.42434,0.2796,-0.69837,-0.68475,0.32892,0.22803,0.14509,0.18808,1.1471,0.54217,0.36047,0.91856,0.75019,-0.15269,-0.18287,0.15022,0.72545,0.042498,-0.19363,-0.24909,0.43483,-0.85974,-0.52396,0.69303,0.58117,0.34594,0.63887,-0.64186,-0.45962,-0.78883,-0.72255,0.17959,-0.36493,0.14062,-0.054768,0.31837,0.40484,-0.060784,-0.52462,0.49389,0.19448,0.26694,-0.040237,-0.7488,-0.70267,-0.21277,-0.91763,-0.21367,-0.57013,-0.095962,-0.62781,0.041484,-0.087717,-0.50147,-0.45056,-0.019002,-1.2266,-0.45959,-0.35894,-0.89757,-1.1561
1.3443,0.87431,-0.21195,-0.52481,0.75442,0.35449,0.40668,-0.2067,0.18233,-0.45494,-0.25617,-0.14689,0.18207,0.12088,1.0547,0.98845,-0.18533,0.31344,-0.34907,0.44254,1.4919,1.3162,1.4586,1.2215,-0.2482,0.16409,1.104,0.92975,0,1.0747,0.84524,0.63159,0.65388,0.47144,0.53954,0.47119,0.12242,-0.47683,-0.46635,-0.049233,0.28004,0.66729,0.73501,0.48607,0.40571,0.3066,-0.71907,-0.589,0.61169,-0.017699,-0.055158,0.042226,1.339,1.1904,0.46348,1.1996,0.91802,0.18573,0.14934,0.44722,0.70786,0.71231,0.21321,0.11652,0.1294,-0.79263,-0.46375,1.0085,1.0439,0.42655,0.30919,-0.29579,-0.40976,-0.65263,-0.68243,-0.019406,-0.3962,0.19045,0.12886,0.074763,0.31933,-0.52083,-0.85764,0.46682,0.029363,0.053209,-0.15759,-0.70453,-0.7405,-0.37538,-0.65717,-0.091609,-0.56178,0.016421,-0.26489,0.35911,0.17555,-1.2783,-0.2163,0.53279,-1.1304,0.10038,-0.078463,-0.75315,-0.73305
0.69687,0.84119,-0.36822,-0.57349,0.30274,0.24311,0.3582,-0.05372,0.034266,-0.53605,-0.30956,-0.34832,0.086777,-0.014619,0.74697,1.3633,-0.36906,0.61682,-0.4879,0.3707,0.95846,0.83131,1.1791,0.82445,-0.4164,-0.039944,0.38844,0.37554,1.0747,0,0.63183,0.55293,0.57139,0.42478,0.87185,1.1605,-0.099759,-0.65019,-0.63208,-0.31305,-0.002579,0.25846,1.2528,0.87649,0.50658,0.42215,-0.34103,-0.20304,0.68342,-0.30983,-0.30614,-0.10466,0.74444,0.92125,0.27123,1.1035,0.8082,0.59272,0.40069,0.33718,0.4648,1.1318,0.36314,0.69346,0.062262,-0.36932,-0.091348,0.6406,0.78706,0.30229,-0.026093,0.23001,0.10528,-0.12551,-0.19939,-0.50259,-0.63882,-0.10894,-0.096979,-0.4344,-0.16384,-0.79636,-0.95274,0.088173,-0.13866,-0.40919,-0.53851,-0.37394,-0.40605,-0.28483,-0.30847,-0.14048,-0.72101,-0.077608,-0.18064,0.22316,-0.066608,-1.1532,-0.31431,0.96124,-0.71766,0.52567,0.04864,-0.67656,-0.62084
1.0738,0.08934,0.22978,-0.17877,0.96803,0.9451,0.93735,0.18182,0.53949,-0.063777,0.011312,0.28937,0.77152,0.66325,1.1446,0.53303,0.14594,0.65557,0.053065,0.55771,0.63581,0.72638,0.81808,0.74541,0.38865,0.73401,0.56062,0.7421,0.84524,0.63183,0,0.98229,1.4917,1.2062,0.95361,0.42918,0.69219,-0.084824,0.025293,0.29549,0.67714,0.67743,0.30327,0.29899,0.29602,0.6479,-0.70244,-0.58109,0.94366,0.38927,0.47668,0.11054,0.66255,0.47643,0.45596,0.55496,0.1938,0.079342,0.078472,0.8443,0.62235,0.24973,0.36781,0.26009,0.37787,-0.69429,-0.55323,0.53975,0.74132,0.41137,0.80011,-0.22158,-0.16569,-0.59109,-0.45845,0.37694,0.068429,0.61689,0.55013,0.22327,0.45972,-0.14922,-0.35826,0.86914,0.26208,0.40441,0.048754,-0.90505,-0.8493,-1.1704,-1.2003,-0.1303,-0.78195,0.26172,-0.30697,0.73519,0.43539,-0.64558,-0.7671,0.30087,-0.79369,0.26637,0.023906,-0.34337,-0.47997
1.0276,0.30165,-0.30686,-0.70996,1.0962,1.5366,1.0809,0.41942,0.13401,-0.26706,-0.017523,0.29652,0.53233,0.46426,1.1151,0.79004,0.055285,0.60193,-0.33338,1.195,0.75075,0.7159,0.85036,0.87812,0.19208,0.67756,0.73932,0.83801,0.63159,0.55293,0.98229,0,0.92094,0.61744,0.5956,0.69966,0.57742,-0.02825,0.063665,0.5148,0.95975,1.1992,0.29235,0.80555,0.82621,0.87933,-0.42424,-0.3616,0.27113,0.44333,0.40514,-0.24971,0.64087,0.38985,0.18946,0.49881,0.28484,-0.067678,-0.24802,0.25343,0.76228,0.085947,-0.12495,0.40013,0.8831,-0.38773,-0.12049,0.89061,0.84279,0.86157,0.86362,-0.011982,0.14217,-0.22137,-0.21969,0.19705,-0.11245,0.20485,-0.042216,0.21499,0.44869,-0.31429,-0.19237,0.17291,-0.11535,0.22407,0.11728,-0.5964,-0.59064,-0.38245,-0.67941,-0.21558,-0.74487,0.012467,-0.52509,0.17279,0.062631,-0.63991,-0.64607,0.033619,-0.70236,-0.08475,0.09442,-0.83623,-0.71577
0.74887,-0.031001,0.22217,-0.29485,1.0398,0.8888,1.4139,0.22009,0.20062,-0.10786,-0.093204,0.13776,0.88853,0.68485,0.85168,0.35684,0.14769,0.38508,-0.060171,0.37591,0.50215,0.49992,0.51043,0.55876,0.25175,0.50812,0.38169,0.70619,0.65388,0.57139,1.4917,0.92094,0,1.123,1.0435,0.55403,0.58853,-0.10671,-0.010232,0.17651,0.58383,0.53389,0.29506,0.23293,0.097321,0.40827,-0.41696,-0.34324,0.63284,0.48992,0.52993,0.26473,0.62342,0.25781,0.37026,0.60657,0.17933,0.070164,0.12903,0.37371,0.27764,0.22653,0.20619,0.36063,0.60185,-0.49645,-0.34844,0.5316,0.405,0.4454,0.76772,-0.23381,-0.043069,-0.37168,-0.23404,0.24399,-0.010151,0.55571,0.41328,0.2611,0.34234,-0.057805,-0.24164,0.67027,0.17138,0.36144,-0.14785,-0.64206,-0.52703,-0.85177,-1.1919,0.167,-0.56684,0.49662,-0.092823,0.71169,0.32291,-0.6266,-1.3742,0.45774,-1.0173,0.088067,-0.28551,-0.43609,-0.44718
0.44149,-0.18039,0.56978,0.16702,0.58881,0.79518,0.88711,0.52996,0.76983,0.27055,0.49399,0.39165,1.5774,1.3649,1.0327,0.23314,0.50275,0.75506,0.43948,0.14479,0.19843,0.20173,0.39494,0.18247,0.6601,0.857,0.20657,0.2179,0.47144,0.42478,1.2062,0.61744,1.123,0,0.54726,0.27598,1.0962,0.3068,0.40685,0.33979,0.65018,0.31689,-0.020083,0.035251,-0.033666,0.41246,-0.37476,-0.29124,0.55593,0.67253,0.81934,0.073357,0.24984,0.1687,0.26988,0.13727,-0.22709,-0.014602,0.073667,0.69157,0.20977,0.28089,0.46777,0.45469,0.42206,-0.31705,-0.32371,0.48341,0.49375,0.57538,0.76996,-0.076421,-0.041469,-0.28147,-0.16479,0.54742,0.47229,1.0454,0.93882,0.40685,0.6107,-0.091447,0.064484,0.64882,0.036024,0.59912,0.20363,-0.5558,-0.5076,-1.3082,-0.78161,0.26677,-0.26541,0.71908,0.17628,1.4006,0.94344,-0.61546,-0.66403,0.42865,-0.40849,0.40903,0.14432,-0.032081,0.056908
0.60365,0.11111,0.00064964,-0.34835,0.40541,0.41671,0.62773,-0.10008,0.0071348,-0.42976,-0.49598,-0.22198,0.24952,0.094628,0.43241,0.54414,-0.36142,0.48736,-0.34947,0.36502,0.48143,0.54134,0.56835,0.62312,-0.10037,0.068021,0.099686,0.45104,0.53954,0.87185,0.95361,0.5956,1.0435,0.54726,0,0.94122,0.031468,-0.63247,-0.48737,-0.26268,0.048909,0.17725,0.84647,0.51829,0.29765,0.56155,-0.24564,-0.13779,1.0516,-0.16014,-0.07693,0.13719,0.56849,0.43847,0.45728,0.82886,0.42593,0.62564,0.53618,0.44144,0.26232,0.3563,0.31984,0.54337,0.11442,-0.32959,-0.16818,0.14532,0.27933,-0.038934,0.12994,0.14612,0.23016,-0.14063,-0.058685,-0.28075,-0.45415,0.00070657,0.0822,-0.4105,-0.26383,-0.28534,-0.73579,0.4645,0.37094,-0.23899,-0.55342,-0.36887,-0.31505,-0.57037,-0.58425,-0.18848,-1.1389,0.058433,-0.28917,0.27805,-0.12423,-0.39329,-0.94581,0.58645,-0.74143,0.41772,-0.24508,-0.40365,-0.66297
0.42683,0.46397,-0.50275,-0.75663,0.22864,0.39101,0.51912,0.11482,-0.29346,-0.70283,-0.36897,-0.41714,0.083678,-0.054205,0.47409,0.94469,-0.50672,0.58197,-0.76998,0.44711,0.53306,0.42305,0.63609,0.54723,-0.43513,-0.11799,0.11441,0.24738,0.47119,1.1605,0.42918,0.69966,0.55403,0.27598,0.94122,0,-0.13615,-0.59643,-0.51873,-0.30228,-0.0013123,0.18642,1.0601,1.2657,0.65385,0.61716,0.072221,0.18387,0.33002,-0.26466,-0.28071,-0.2959,0.52141,0.50851,0.21156,0.76289,0.55754,0.67541,0.39673,0.0042575,0.20644,0.53469,-0.001288,1.1415,0.29339,0.035565,0.34605,0.45731,0.38055,0.29489,-0.0613,0.57808,0.65788,0.31886,0.26004,-0.66753,-0.71319,-0.36937,-0.41421,-0.56856,-0.35104,-0.78804,-0.58395,-0.18387,-0.14876,-0.60358,-0.57072,-0.035633,-0.032671,-0.036435,-0.10579,-0.081499,-0.79539,-0.059659,-0.17338,-0.03682,-0.34317,-0.62213,-0.54569,0.65065,-0.57101,0.29626,-0.084867,-0.78609,-0.61427
0.2718,-0.38531,0.53701,0.26832,0.59614,0.95515,0.67704,0.78706,0.87994,0.56789,0.91296,0.93005,1.51,1.8872,0.75243,-0.045892,0.9418,0.50005,0.68733,0.26157,-0.022975,0.0051841,0.12902,0.001079,1.2679,1.5887,0.27188,0.17744,0.12242,-0.099759,0.69219,0.57742,0.58853,1.0962,0.031468,-0.13615,0,0.8898,1.0757,0.97591,1.1661,0.51322,-0.57165,-0.15715,-0.0079096,0.35899,-0.33955,-0.33866,0.089325,1.3683,1.6382,-0.072698,-0.023279,-0.14211,0.042574,-0.29417,-0.59934,-0.50221,-0.42057,0.47429,0.25597,-0.20408,0.12223,0.083949,0.60881,-0.21243,-0.29978,0.40377,0.38878,0.73082,1.2751,-0.21989,-0.12784,-0.29283,-0.18616,1.2623,1.005,1.2666,0.85271,0.93971,1.2209,0.18177,0.54747,0.45469,-0.059134,1.2386,0.80095,-0.48486,-0.46573,-0.8362,-0.59518,0.17892,0.0068624,0.5501,0.051744,0.81237,0.9952,-0.22743,-0.35165,-0.17686,-0.07769,0.0271,0.31502,0.087703,0.21723
-0.36523,-0.56022,0.44565,0.5288,0.035782,0.30508,0.13955,0.98589,0.56562,1.2602,1.3031,1.0928,0.6247,0.83857,0.068046,-0.47248,1.4532,0.088966,1.0384,-0.10056,-0.51359,-0.51117,-0.41546,-0.58966,1.1402,0.81017,-0.1559,-0.36586,-0.47683,-0.65019,-0.084824,-0.02825,-0.10671,0.3068,-0.63247,-0.59643,0.8898,0,2.2779,0.99289,0.63527,0.089811,-1.5078,-0.51806,-0.3294,-0.15997,-0.039031,-0.1093,-0.42091,1.033,1.0922,0.0057228,-0.71776,-0.76008,-0.53656,-1.0732,-1.1979,-0.95011,-0.77126,0.016974,-0.081398,-0.34226,0.08432,-0.11726,0.42583,0.10493,-0.091881,-0.016419,-0.027773,0.4719,0.58373,-0.16488,-0.10639,0.00081321,0.014203,0.92666,1.5778,0.7723,0.5061,0.83187,0.69758,0.54335,1.5682,-0.094056,-0.41883,0.91415,0.77176,-0.10253,-0.092305,-0.26015,-0.054322,0.24964,0.69744,0.37776,0.28546,0.37277,0.73876,0.17598,0.083987,-0.42538,0.57378,-0.052206,0.52351,0.5659,0.83424
-0.2934,-0.68096,0.53427,0.56791,0.077573,0.42276,0.21286,0.99019,0.63383,1.0768,1.3518,1.0882,0.74789,0.97136,0.12984,-0.46625,1.2434,0.19512,1.0233,-0.046918,-0.54231,-0.5157,-0.38758,-0.55486,1.3768,0.92751,-0.15595,-0.32334,-0.46635,-0.63208,0.025293,0.063665,-0.010232,0.40685,-0.48737,-0.51873,1.0757,2.2779,0,1.0047,0.69631,0.1144,-1.3848,-0.45477,-0.25327,0.0052292,-0.004596,-0.062021,-0.34004,1.088,1.2206,-0.076273,-0.63387,-0.67924,-0.36384,-1.0585,-1.3259,-0.78307,-0.6457,0.11398,-0.072056,-0.44489,0.0457,-0.055222,0.43449,0.1466,-0.053152,-0.020955,-0.026074,0.45059,0.64918,-0.093626,-0.013673,0.029834,0.078116,1.0588,1.7619,0.80609,0.57386,0.81207,0.74571,0.46897,1.4521,0.010211,-0.26321,0.95233,0.89547,-0.087942,-0.076623,-0.34347,-0.088049,0.22435,0.5067,0.42408,0.24836,0.41882,0.77706,0.21016,0.0054244,-0.46613,0.5185,-0.037837,0.49436,0.5405,0.76572
0.2308,-0.14229,0.036715,-0.016873,0.5685,0.82433,0.43523,0.86573,0.53017,0.69601,0.58935,1.7623,0.52648,0.69197,0.39986,0.011295,0.99541,0.19726,0.46342,0.59078,0.082689,0.12997,0.10908,0.1014,1.0032,1.4074,0.37303,0.23936,-0.049233,-0.31305,0.29549,0.5148,0.17651,0.33979,-0.26268,-0.30228,0.97591,0.99289,1.0047,0,1.4813,0.81519,-0.7312,-0.07419,0.17234,0.16356,-0.53965,-0.61747,-0.13166,1.0723,1.0556,0.007143,-0.20901,-0.35485,-0.45551,-0.38796,-0.43765,-1.1634,-1.3452,0.18186,0.5649,-0.3108,0.031219,-0.20946,0.77431,-0.37742,-0.41579,0.28073,0.44152,0.72913,1.2103,-0.39335,-0.27102,-0.3957,-0.41757,0.92213,0.73132,0.65693,0.27401,0.81945,0.86442,0.46629,0.63753,0.030445,-0.37483,0.94408,0.67075,-0.63468,-0.63535,-0.38323,-0.47789,-0.21592,0.13163,0.0031659,-0.34748,0.19354,0.42691,-0.049499,-0.113,-0.59807,0.13729,-0.18588,0.56802,0.065419,0.073179
0.58625,-0.021814,0.043355,-0.21362,1.0829,1.4365,0.90779,0.81308,0.45988,0.37125,0.42643,1.0638,0.79648,0.89256,0.81593,0.23348,0.73512,0.32788,0.23942,0.72157,0.34483,0.35147,0.37083,0.3581,0.79422,1.4835,0.62505,0.54848,0.28004,-0.002579,0.67714,0.95975,0.58383,0.65018,0.048909,-0.0013123,1.1661,0.63527,0.69631,1.4813,0,1.1969,-0.36953,0.12719,0.27746,0.34658,-0.60316,-0.62533,0.046377,1.1961,1.1404,0.02445,0.16951,-0.065947,-0.15198,-0.038079,-0.18069,-0.7818,-0.82213,0.257,0.64127,-0.12981,0.0202,-0.00095709,1.1168,-0.49333,-0.40892,0.63345,0.64931,1.0612,1.9176,-0.40643,-0.22438,-0.4527,-0.43195,0.858,0.51185,0.74684,0.31387,0.84706,1.0262,0.21811,0.36163,0.21791,-0.27962,0.91226,0.49968,-0.79805,-0.75146,-0.54242,-0.81122,-0.071194,-0.099484,0.2081,-0.30085,0.4051,0.5172,-0.37454,-0.41289,-0.27131,-0.26653,-0.20526,0.32501,-0.20416,-0.13763
1.1368,0.44788,-0.38124,-0.70087,1.3708,1.0256,0.6813,0.27069,0.16595,-0.094067,-0.039533,0.51671,0.29851,0.32006,0.85934,0.60941,0.21643,0.1963,-0.22915,1.2386,0.92876,0.93303,0.8022,0.99767,0.21567,0.7328,1.3339,1.1864,0.66729,0.25846,0.67743,1.1992,0.53389,0.31689,0.17725,0.18642,0.51322,0.089811,0.1144,0.81519,1.1969,0,0.06037,0.44496,0.6464,0.42109,-0.80403,-0.80738,0.13119,0.53449,0.43756,-0.041953,0.60793,0.32365,0.011096,0.41605,0.35994,-0.49342,-0.664,0.19025,1.1115,-0.0020306,-0.14937,-0.12392,0.79643,-0.7562,-0.46259,0.89129,0.94763,0.83475,1.0606,-0.47585,-0.34203,-0.64583,-0.6963,0.40567,-0.029195,0.28844,-0.039055,0.50735,0.70519,-0.026524,-0.1256,0.19365,-0.18772,0.46466,0.26219,-0.90454,-0.91754,-0.26437,-0.79077,-0.33165,-0.39239,-0.15776,-0.71475,0.05823,0.090517,-0.53988,-0.29608,-0.23862,-0.60691,-0.35842,0.14092,-0.704,-0.71082
0.54843,0.78983,-0.52072,-0.66307,0.091558,-0.042659,0.085924,-0.48993,-0.3557,-1.111,-0.83501,-0.82089,-0.34451,-0.50189,0.26352,0.93071,-1.0345,0.25876,-0.98061,0.26556,0.75293,0.6881,0.76843,0.76573,-0.90041,-0.4889,0.25048,0.37341,0.73501,1.2528,0.30327,0.29235,0.29506,-0.020083,0.84647,1.0601,-0.57165,-1.5078,-1.3848,-0.7312,-0.36953,0.06037,0,0.89571,0.53504,0.36228,-0.073194,0.037619,0.55648,-0.79485,-0.81673,-0.1225,0.82677,0.99049,0.45644,1.3017,1.234,0.97582,0.68998,0.12155,0.26133,0.67967,0.086798,0.46872,-0.19973,-0.16868,0.10064,0.29057,0.34636,-0.11636,-0.39136,0.31105,0.21797,0.027658,-0.027776,-0.91454,-1.3237,-0.5836,-0.4342,-0.83037,-0.54595,-0.83666,-1.5901,0.027227,0.15486,-0.88019,-0.77878,-0.05558,-0.07773,0.073003,-0.05236,-0.24464,-0.86656,-0.29176,-0.27002,-0.16324,-0.4961,-0.54243,-0.19241,0.69432,-0.67824,0.28112,-0.24363,-0.71234,-0.8416
0.59796,0.75628,-0.88699,-0.92046,0.23036,0.44681,0.28727,0.099247,-0.22674,-0.77959,-0.31762,-0.24842,-0.14812,-0.21851,0.5078,1.3236,-0.57679,0.61939,-0.9119,0.83961,0.68997,0.59814,0.8716,0.75218,-0.41779,-0.025058,0.37366,0.3423,0.48607,0.87649,0.29899,0.80555,0.23293,0.035251,0.51829,1.2657,-0.15715,-0.51806,-0.45477,-0.07419,0.12719,0.44496,0.89571,0,1.458,0.85932,-0.041921,0.051236,0.18735,-0.32914,-0.37528,-0.61583,0.54982,0.68377,0.1625,0.61721,0.66141,0.46319,0.11399,0.054402,0.55836,0.35086,-0.1621,0.71668,0.25426,-0.011471,0.32606,0.54809,0.64392,0.36616,-0.036203,0.56671,0.54618,0.23193,0.10595,-0.53909,-0.70919,-0.54638,-0.65591,-0.52901,-0.21497,-0.94,-0.58492,-0.3236,-0.20281,-0.60548,-0.25304,-0.079391,-0.13787,0.14243,0.025573,-0.43748,-0.87626,-0.4292,-0.51544,-0.3212,-0.4507,-0.51952,-0.14635,0.20309,-0.38417,0.14864,0.19166,-0.89414,-0.76383
0.67977,0.64721,-0.81421,-0.70461,0.25771,0.5081,0.1384,0.060746,-0.021952,-0.60978,-0.18291,-0.010197,-0.18032,-0.1887,0.49794,1.0343,-0.44797,0.6087,-0.65264,1.2083,0.63087,0.64192,0.85575,0.80068,-0.18983,0.1727,0.54707,0.42434,0.40571,0.50658,0.29602,0.82621,0.097321,-0.033666,0.29765,0.65385,-0.0079096,-0.3294,-0.25327,0.17234,0.27746,0.6464,0.53504,1.458,0,1.087,-0.17841,-0.11299,0.13925,-0.2248,-0.25835,-0.81019,0.46634,0.64777,0.18447,0.38579,0.48657,0.25228,-0.10466,0.20745,0.85173,0.047827,-0.26877,0.32939,0.17859,-0.089891,0.17243,0.46955,0.74556,0.32061,0.10019,0.41024,0.35154,0.050934,-0.058992,-0.22083,-0.45792,-0.44218,-0.53476,-0.32336,0.0038661,-0.72291,-0.45728,-0.20199,-0.067321,-0.34109,0.10445,-0.16631,-0.26678,0.11396,0.022508,-0.75884,-0.90527,-0.66447,-0.8723,-0.43098,-0.40256,-0.28703,0.058488,-0.19584,-0.21944,0.028868,0.35765,-0.75496,-0.78185
