,,,,,,,,,,,,,,,,,,,,,,,,,,,,,,,,,,,,,,,,,,,,,,,,,,,,,,,,,,,,,,,,,,,,,,,,,,,,,,,,,,,,,,,,,,,,,,,,,,,,,,,,
0,0.87762,-0.69657,-0.89484,1.8151,1.1191,0.63552,0.28961,1.1646,-0.22469,-0.29599,0.88832,0.56395,0.7082,1.5607,1.5653,0.014971,1.2853,-0.27882,2.5977,1.6938,1.8629,2.1824,2.9402,1.9901,1.8918,1.3197,2.2232,2.1181,1.3254,1.917,1.2667,1.0073,1.1468,0.99806,0.60555,1.3792,-0.57287,-0.59728,0.95374,1.3596,1.8891,1.2144,1.0147,1.7626,1.0378,-1.0999,-0.92347,2.2788,0.20234,0.63095,-0.24342,1.7055,2.0192,0.23328,1.9252,1.7325,0.17007,-0.20963,1.6605,1.6367,0.62329,1.0014,0.28688,0.33443,-1.0641,-0.74008,0.8919,1.5509,0.52079,1.7268,-0.044193,-0.13588,-0.72654,-0.69979,0.33777,-0.79944,0.94044,0.66801,-0.46174,0.70665,-0.60036,-1.7003,0.68983,0.040979,0.26272,-0.050041,-1.3959,-1.3501,-3.3864,-2.177,-1.3196,-1.2948,-0.69134,-1.5498,0.99421,0.47941,-0.89023,-0.45342,0.24752,-1.2005,1.7533,0.89086,-1.0894,-2.0552
0.87762,0,-1.5277,-0.74546,0.90954,0.48738,0.27074,0.47135,1.0118,0.55617,0.25574,2.5431,0.171,0.41898,0.90557,1.0946,0.90423,0.54195,0.23363,0.91853,1.5185,1.2949,1.1751,1.0038,0.97121,1.2471,1.4103,0.7808,1.2613,0.77655,0.58532,0.5448,0.27928,0.49148,0.17623,0.16727,0.68337,0.22623,0.078216,3.2187,1.2345,1.3688,0.35834,0.46882,0.64309,0.18025,-1.5233,-1.4529,0.66756,0.54629,0.66642,0.27403,0.45514,0.65403,-0.55929,0.70533,1.2339,-0.60702,-1.1754,0.6878,1.4,1.3285,2.0897,0.0085129,0.35988,-1.4529,-1.0517,1.0367,1.5978,0.82754,1.1809,-0.49973,-0.59302,-0.94944,-1.1758,0.36808,-0.08427,2.2074,0.42107,0.2427,1.2191,-0.063872,-0.55616,0.072064,-0.63209,0.67792,-0.1038,-1.6617,-1.634,-0.81285,-1.0389,-0.83799,-0.26401,-0.79,-0.79335,0.75838,1.6612,-1.1623,0.039175,0.27053,-0.34844,1.0421,2.5816,-0.42251,-0.5652
-0.69657,-1.5277,0,1.1655,-0.94023,-0.70006,-0.59279,-1.0152,-0.55802,-0.41538,-0.42769,-1.2056,-0.48526,-0.76653,-1.0298,-1.2087,-0.8762,-0.68874,0.058532,-0.81246,-1.1424,-0.86083,-0.98949,-0.74902,-0.67623,-1.0751,-0.80556,-0.51493,-0.97476,-0.99571,-0.56518,-0.71942,-0.43817,-0.68693,-0.27528,-0.46843,-0.79228,-0.34224,-0.30719,-1.5277,-1.4387,-1.0951,-0.46519,-0.71931,-0.65516,-0.23641,0.81398,0.75142,-0.46524,-1.1125,-1.2069,-0.13645,-0.40534,-0.46249,0.66195,-0.69167,-0.88503,0.44634,0.87863,-0.38785,-0.88868,-2.2584,-1.3039,-0.3797,-0.83065,0.777,0.49314,-1.6514,-1.2468,-1.5717,-1.1801,0.12986,0.18863,0.4189,0.57677,0.049371,0.19462,-1.1142,-0.017322,-0.070746,-0.70301,0.28815,0.30957,0.24042,1.0157,-0.24293,0.43294,1.004,0.94954,0.6528,0.84055,0.42366,0.23009,0.31007,0.43071,-1.1078,-1.7453,1.8726,0.23182,-0.70613,0.44491,-1.0787,-1.4887,0.60604,0.4104
-0.89484,-0.74546,1.1655,0,-1.4472,-1.5634,-1.5379,-1.2885,-0.32925,0.15402,-0.035007,-0.59012,-1.183,-1.4716,-1.4736,-1.5224,-0.22179,-1.2828,0.68922,-1.0376,-0.9904,-0.75418,-1.0478,-0.84064,-0.65977,-1.0611,-0.52219,-0.64961,-0.96,-1.8721,-1.0231,-1.4991,-1.1784,-1.4677,-0.90676,-1.253,-1.1873,0.11935,0.029623,-0.77617,-1.6114,-1.0297,-1.149,-1.6027,-1.0474,-0.72767,0.46626,0.36387,-0.68877,-1.0546,-1.9175,0.17617,-0.84735,-0.62984,0.15086,-1.2032,-0.86985,-0.11851,0.20665,-0.437,-0.68862,-1.2336,-0.8099,-0.98782,-1.4217,0.45054,0.15001,-1.7812,-0.99174,-1.5265,-1.3861,-0.33915,-0.29852,0.09476,0.17291,0.38164,0.84785,-0.57179,0.13301,0.53715,-0.23095,0.81008,0.48039,0.084311,0.54362,0.23962,0.79189,0.72102,0.64509,0.88594,1.0192,0.31906,0.66769,-0.0029792,0.40323,-2.681,-0.69208,1.8416,0.93949,-1.2358,1.1316,-1.3643,-0.71675,1.275,0.68788
1.8151,0.90954,-0.94023,-1.4472,0,1.5331,1.0016,0.61815,0.77125,-0.20921,-0.21061,0.82902,0.82824,1.0159,2.0569,2.1946,0.10116,1.5238,-0.47542,1.9881,1.6306,1.4018,1.9083,1.6752,1.2733,1.7667,0.98562,1.3621,1.755,2.0449,1.7948,1.6926,1.2621,1.5156,1.1086,0.89568,1.5086,-0.41629,-0.39834,0.96992,1.9213,1.7672,1.4429,1.4021,1.6593,0.98783,-0.8684,-0.72042,1.4167,0.50038,1.0155,-0.19436,1.4755,1.2557,0.078335,2.3835,1.5587,0.15649,-0.2204,1.0111,1.2442,0.91775,1.0623,0.55557,0.68995,-0.84975,-0.51109,1.2793,1.5029,0.85687,2.3488,0.1023,0.036345,-0.47221,-0.49921,0.037609,-0.95635,0.8507,0.31863,-0.54252,0.50274,-0.71779,-1.0823,0.36364,-0.18884,0.053908,-0.36613,-1.2058,-1.1111,-1.781,-2.0314,-0.83336,-1.0998,-0.39133,-0.96214,1.596,0.60209,-1.3207,-0.69784,0.59522,-1.4384,2.2273,0.8849,-1.3371,-1.364
1.1191,0.48738,-0.70006,-1.5634,1.5331,0,1.6466,0.82639,0.41352,-0.53307,-0.13629,0.39185,1.5608,1.7103,1.6956,1.4476,-0.135,2.3037,-0.93108,1.2899,0.89265,0.76405,1.1166,0.98488,0.83404,1.0974,0.50712,0.83909,0.98331,2.1033,1.5797,3.1617,2.1226,3.2619,1.5955,1.6623,1.7261,-0.48594,-0.29315,0.54331,1.2893,0.99305,2.0537,3.2207,1.623,1.3872,-0.38581,-0.26542,0.95999,0.62277,1.2591,-0.54406,1.3553,0.95518,0.24846,1.5345,0.81012,0.49169,0.098677,0.66579,0.68649,0.67624,0.54221,1.0767,0.96896,-0.359,-0.083712,1.2213,0.8991,0.91229,1.2979,0.55044,0.46207,-0.058234,-0.076197,-0.27442,-1.245,0.40382,0.037889,-0.94985,0.18702,-1.347,-0.74756,0.21111,-0.14217,-0.32653,-0.4869,-0.62091,-0.56829,-1.1611,-1.052,-0.44063,-1.2156,-0.027939,-0.56551,1.6801,0.34156,-1.1013,-1.2062,0.85063,-1.8914,1.4506,0.5072,-2.5341,-1.0471
0.63552,0.27074,-0.59279,-1.5379,1.0016,1.6466,0,1.1244,0.040596,-0.54527,-0.11595,0.14991,1.9037,1.6273,1.0248,0.9391,-0.14708,1.2322,-1.3397,0.73571,0.53683,0.39588,0.65127,0.54295,0.39446,0.64102,0.16597,0.44348,0.56675,1.322,0.9265,1.4473,1.581,1.5271,1.2376,2.3581,0.99462,-0.33435,-0.1307,0.30118,0.9083,0.59037,1.3482,1.7411,0.90418,0.93346,-0.089506,0.015472,0.53418,0.82789,1.3712,-0.42736,0.83784,0.48518,0.13942,0.98436,0.49233,0.51341,0.2088,0.26292,0.32311,0.65148,0.34017,1.683,1.479,-0.078242,0.20414,1.0207,0.52907,0.98739,0.84251,0.78493,0.75477,0.24702,0.20423,-0.68769,-1.2309,0.14633,-0.32591,-1.0163,-0.13165,-1.1981,-0.36379,-0.075924,-0.27653,-0.67185,-0.91402,-0.31396,-0.25258,-0.65852,-0.66438,-0.074888,-0.77064,0.32283,-0.18468,1.4974,0.24401,-0.96837,-1.7849,1.3914,-1.3357,0.89231,0.25912,-1.4148,-0.58817
0.28961,0.47135,-1.0152,-1.2885,0.61815,0.82639,1.1244,0,-0.060617,0.014183,0.44168,0.30365,1.0242,1.2038,0.72998,0.74373,0.39345,0.68075,-0.60569,0.41532,0.43724,0.23482,0.44634,0.26286,0.16852,0.48913,0.1058,0.086589,0.38485,0.87678,0.39195,0.75251,0.62466,0.7899,0.4207,0.97892,0.64348,0.30043,0.4797,0.47717,0.82778,0.45044,0.53858,0.911,0.46059,0.30609,-0.079193,-0.013681,0.11567,2.2655,1.8191,-0.13461,0.26299,0.11161,-0.44826,0.47251,0.30097,-0.015929,-0.22044,-0.065006,0.21562,1.0949,0.42898,1.143,2.1771,-0.057088,0.20497,1.2449,0.4872,1.8957,0.64838,0.49437,0.47662,0.27496,0.14073,-0.79433,-0.39457,0.26655,-0.61393,-0.29494,0.008902,-0.63072,0.059181,-0.64061,-1.0147,-0.44568,-1.0066,-0.26315,-0.21037,-0.2851,-0.37253,0.15316,-0.17103,0.37939,0.092507,1.1512,0.68735,-1.2038,-0.73652,1.8264,-0.51778,0.65137,0.46501,-0.72747,-0.12655
1.1646,1.0118,-0.55802,-0.32925,0.77125,0.41352,0.040596,-0.060617,0,0.15168,-0.026977,1.1873,0.049679,0.23281,0.78947,0.8308,0.26056,0.58485,0.29647,1.0944,1.2106,1.507,1.199,1.3206,1.7099,1.2036,2.0019,1.2555,1.288,0.58285,0.78737,0.50523,0.3095,0.4516,0.32123,0.036101,0.75195,-0.25383,-0.37321,1.0853,0.7768,1.216,0.43315,0.3658,0.84461,0.46849,-1.6016,-1.4778,1.1087,-0.045102,0.21848,-0.088476,0.73429,1.2705,0.059616,0.74045,1.1242,-0.18699,-0.53658,1.5872,1.7074,0.41852,0.94693,-0.22223,-0.12022,-1.4565,-1.3399,0.51701,1.251,0.22464,0.91199,-0.48538,-0.65397,-1.3906,-1.3159,0.98642,-0.14516,1.2951,1.2936,0.064501,1.604,-0.15823,-1.1716,0.7497,0.063264,0.91065,0.46178,-1.4023,-1.5613,-1.128,-1.0213,-2.0078,-0.62705,-1.5609,-1.7921,0.39608,0.58645,-0.50477,0.14354,-0.22477,-0.41512,0.9093,1.1112,-0.4461,-1.0157
-0.22469,0.55617,-0.41538,0.15402,-0.20921,-0.53307,-0.54527,0.014183,0.15168,0,0.56621,0.58186,-0.68006,-0.42655,-0.21973,-0.096675,1.5967,-0.51595,1.0951,-0.22488,0.11762,0.078556,-0.062891,-0.12352,-0.099904,-0.024948,0.25014,-0.2063,-0.0007715,-0.28121,-0.49895,-0.50377,-0.78329,-0.53878,-0.96236,-0.71561,-0.37491,1.1804,0.64574,0.48613,0.0066336,0.040286,-0.7196,-0.52323,-0.44732,-0.9845,-0.39322,-0.49909,-0.33044,0.20035,-0.089297,1.0386,-0.60822,-0.35179,-1.4547,-0.36181,0.070544,-3.1979,-1.4824,-0.21077,0.14339,0.42396,0.45671,-0.63339,-0.15047,-0.40577,-0.52143,0.038744,0.13583,0.14475,-0.055177,-1.0538,-0.99741,-0.47413,-0.61636,0.31991,0.93316,0.5341,0.046882,1.6564,0.5171,0.93992,0.34686,-0.45267,-0.75696,0.8191,0.075349,-0.2635,-0.28078,0.2749,0.090185,-0.025229,0.83864,-0.37369,0.082682,-0.18491,0.78529,-0.12561,0.90651,-0.1578,0.71367,-0.14121,0.50646,0.61723,0.44839
-0.29599,0.25574,-0.42769,-0.035007,-0.21061,-0.13629,-0.11595,0.44168,-0.026977,0.56621,0,0.1869,0.025215,0.17575,-0.0023285,0.0086482,0.74331,-0.08208,0.33219,-0.17182,-0.060182,-0.16942,-0.088558,-0.25149,-0.13686,-0.0065541,-0.045853,-0.45336,-0.11611,-0.049373,-0.34638,-0.15025,-0.33307,-0.11459,-0.48581,-0.096537,0.024754,1.1328,1.5857,0.25474,0.064012,-0.064069,-0.38167,-0.073159,-0.16904,-0.34892,0.056396,0.034531,-0.48483,0.62887,0.30117,-0.072095,-0.49999,-0.30906,-0.73882,-0.37343,-0.27414,-0.49505,-0.51117,-0.35574,-0.083959,0.32811,0.028031,0.06767,0.21645,0.11086,0.1315,0.30433,0.063921,0.45633,-0.052104,0.016084,-0.053366,0.15411,0.028236,-0.12636,0.70109,0.1592,-0.31626,0.55623,0.31627,0.01668,0.55912,-0.81725,-0.84012,0.13536,0.080984,0.076988,0.054285,0.30502,0.30665,0.29179,0.51849,0.10935,0.33826,0.0072006,0.57963,-0.22946,0.32401,0.1636,0.43534,-0.025989,0.33972,0.096268,0.47715
0.88832,2.5431,-1.2056,-0.59012,0.82902,0.39185,0.14991,0.30365,1.1873,0.58186,0.1869,0,0.053534,0.29023,0.80051,0.96576,0.84794,0.46348,0.34094,0.89192,1.4746,1.3824,1.1361,1.0342,1.0342,1.1861,1.657,0.84626,1.2509,0.65907,0.55743,0.45705,0.207,0.39916,0.12926,0.054441,0.60592,0.17573,-0.00476,2.4258,1.0601,1.3234,0.3004,0.3647,0.60268,0.15152,-1.8972,-1.856,0.70998,0.37382,0.49497,0.30971,0.44813,0.6954,-0.49327,0.66239,1.2686,-0.63856,-1.2027,0.78305,1.5301,1.0589,1.9871,-0.12708,0.2038,-1.7918,-1.325,0.83384,1.5075,0.62924,1.0671,-0.6399,-0.75398,-1.2015,-1.4869,0.53519,-0.036615,2.8011,0.57758,0.29949,1.4233,0.019857,-0.62942,0.18538,-0.49081,0.85891,0.021366,-1.8233,-1.869,-0.81959,-1.0277,-0.99979,-0.26351,-1.0086,-0.92087,0.61033,1.384,-0.93364,0.1422,0.11863,-0.29275,0.94198,2.2251,-0.33854,-0.59514
0.56395,0.171,-0.48526,-1.183,0.82824,1.5608,1.9037,1.0242,0.049679,-0.68006,0.025215,0.053534,0,2.0384,0.98154,0.83915,-0.23886,1.327,-1.3337,0.68727,0.4273,0.3061,0.58262,0.46973,0.3895,0.59033,0.1073,0.36292,0.48323,1.1803,0.87967,1.3855,1.5033,1.5462,1.2175,2.6036,1.1016,-0.34311,-0.058636,0.21549,0.77695,0.49799,1.2559,1.7172,0.93474,1.0822,0.0059488,0.11761,0.46816,0.771,1.2622,-0.74211,0.78855,0.49886,0.25146,0.82487,0.33907,0.67103,0.31924,0.25608,0.25454,0.48417,0.18224,1.9468,1.2178,0.036972,0.31489,0.94512,0.45991,0.88406,0.72061,1.044,0.92165,0.34351,0.30916,-0.65261,-1.0244,0.062052,-0.30259,-1.0845,-0.1111,-1.775,-0.32325,-0.063731,-0.19626,-0.72029,-0.62817,-0.20355,-0.15939,-0.60221,-0.51586,-0.039166,-0.80611,0.35876,-0.15227,1.2017,0.16362,-0.80595,-1.5761,1.1174,-1.1976,0.82325,0.20181,-1.5895,-0.55405
0.7082,0.41898,-0.76653,-1.4716,1.0159,1.7103,1.6273,1.2038,0.23281,-0.42655,0.17575,0.29023,2.0384,0,1.2946,1.1335,-0.014749,1.5487,-0.91011,0.87503,0.64561,0.48951,0.80168,0.63038,0.56226,0.83441,0.30725,0.46636,0.68867,1.4989,0.96731,1.5622,1.3415,1.733,1.0446,1.751,1.4004,-0.19846,0.039036,0.46848,1.0768,0.71997,1.1987,1.935,1.0954,0.99238,-0.19519,-0.088371,0.55089,0.96307,1.7049,-0.62759,0.8096,0.60698,0.079697,0.92919,0.50006,0.41763,0.070672,0.36372,0.45307,0.72767,0.39446,1.4298,1.2796,-0.15552,0.11874,1.3629,0.70941,1.1994,0.97143,0.73447,0.61851,0.15227,0.095445,-0.48013,-0.8202,0.29594,-0.19371,-0.76184,0.12417,-1.4637,-0.38516,-0.085007,-0.36055,-0.44847,-0.55291,-0.4056,-0.36368,-0.7386,-0.66797,-0.17651,-0.76659,0.17241,-0.27617,1.5122,0.41686,-1.1296,-1.1182,1.1029,-1.1277,1.0975,0.46298,-1.722,-0.61861
1.5607,0.90557,-1.0298,-1.4736,2.0569,1.6956,1.0248,0.72998,0.78947,-0.21973,-0.0023285,0.80051,0.98154,1.2946,0,2.6533,0.1284,1.9299,-0.47416,1.9609,1.4665,1.2343,1.859,1.4632,1.2936,1.9037,0.93341,1.1233,1.5984,2.4166,1.6578,1.8906,1.2508,1.7529,1.0565,0.98235,2.1919,-0.31904,-0.22899,0.98995,2.059,1.6459,1.3703,1.6184,1.9227,1.0646,-0.77548,-0.63384,1.1873,0.61811,1.2038,-0.36807,1.3034,1.2388,0.063729,1.6844,1.2045,0.18265,-0.21823,0.94385,1.1649,0.92283,0.92373,0.65221,0.74894,-0.72702,-0.41273,1.5757,1.5477,1.003,2.1778,0.20699,0.10784,-0.3812,-0.42157,0.010368,-0.80276,0.82208,0.27472,-0.52529,0.57104,-0.90548,-0.92809,0.27321,-0.25197,0.029287,-0.28447,-1.0661,-1.0093,-1.572,-1.4721,-0.75226,-1.0594,-0.34577,-0.86965,1.6357,0.65898,-1.4256,-0.67948,0.62088,-1.3029,2.8453,0.95199,-1.6082,-1.2094
1.5653,1.0946,-1.2087,-1.5224,2.1946,1.4476,0.9391,0.74373,0.8308,-0.096675,0.0086482,0.96576,0.83915,1.1335,2.6533,0,0.24359,1.5405,-0.3801,1.9012,1.744,1.3805,2.0482,1.5298,1.3004,2.1202,1.0465,1.1456,1.795,2.1403,1.4648,1.5817,1.0768,1.459,0.90356,0.85427,1.7094,-0.23616,-0.19681,1.1835,2.7775,1.9266,1.1885,1.3871,1.6025,0.87696,-0.90688,-0.75817,1.1611,0.65299,1.1992,-0.22579,1.1713,1.1558,-0.047002,1.6316,1.3896,0.055736,-0.34444,0.92717,1.3021,1.0956,1.135,0.56189,0.74665,-0.86062,-0.51292,1.6836,1.8174,1.0691,2.9116,0.093161,0.0060225,-0.4699,-0.52926,0.043342,-0.71818,0.97683,0.28402,-0.40758,0.64124,-0.72814,-0.90061,0.23564,-0.3363,0.10957,-0.31594,-1.2484,-1.1683,-1.5275,-1.6316,-0.7915,-0.91097,-0.4068,-0.89195,1.6529,0.79849,-1.6325,-0.58634,0.62082,-1.1484,3.0745,1.1182,-1.3181,-1.1315
0.014971,0.90423,-0.8762,-0.22179,0.10116,-0.135,-0.14708,0.39345,0.26056,1.5967,0.74331,0.84794,-0.23886,-0.014749,0.1284,0.24359,0,-0.13235,0.63472,0.055176,0.38552,0.2827,0.21455,0.10035,0.10331,0.26619,0.41164,-0.04034,0.2554,0.085251,-0.19052,-0.11948,-0.35868,-0.13986,-0.52657,-0.27512,-0.018073,1.1641,0.75699,0.82284,0.3581,0.31394,-0.331,-0.1166,-0.12179,-0.55525,-0.53196,-0.601,-0.13945,0.59824,0.31171,0.71928,-0.32099,-0.14448,-1.8172,-0.069346,0.27916,-1.5975,-1.8797,-0.084345,0.34547,0.87362,0.73402,-0.23382,0.20886,-0.52654,-0.50819,0.44172,0.42854,0.56741,0.26298,-0.67348,-0.68251,-0.43962,-0.62512,0.14204,0.56258,0.77824,-0.038532,0.95181,0.64041,0.45037,0.21567,-0.55573,-1.2513,0.62128,-0.14048,-0.47489,-0.47679,0.029277,-0.1494,-0.097074,0.51865,-0.32276,-0.019565,0.18877,1.387,-0.52563,0.47124,0.17664,0.33755,0.18667,0.85099,0.20503,0.23287
1.2853,0.54195,-0.68874,-1.2828,1.5238,2.3037,1.2322,0.68075,0.58485,-0.51595,-0.08208,0.46348,1.327,1.5487,1.9299,1.5405,-0.13235,0,-0.74344,1.525,0.98067,0.87943,1.2823,1.1379,1.046,1.2763,0.63536,0.95953,1.116,1.9581,1.7952,2.6081,1.7482,2.5748,1.4811,1.3195,2.4302,-0.51092,-0.31118,0.61284,1.3107,1.1109,1.8455,2.1754,2.1402,1.5636,-0.47977,-0.35388,1.0942,0.52076,1.0997,-0.65005,1.4807,1.1899,0.29955,1.5331,0.85519,0.47993,0.063382,0.84212,0.81697,0.61298,0.56063,0.87574,0.75571,-0.43848,-0.17531,1.1911,1.0229,0.81594,1.3721,0.47635,0.35975,-0.16054,-0.16832,-0.11228,-1.0465,0.48579,0.18821,-0.84876,0.33565,-1.3712,-0.88325,0.31952,-0.075856,-0.19244,-0.27948,-0.70303,-0.6661,-1.3481,-1.1023,-0.58531,-1.3664,-0.16374,-0.71833,1.4036,0.35943,-1.0277,-0.94595,0.63679,-1.668,1.6241,0.5936,-2.7463,-1.2158
-0.27882,0.23363,0.058532,0.68922,-0.47542,-0.93108,-1.3397,-0.60569,0.29647,1.0951,0.33219,0.34094,-1.3337,-0.91011,-0.47416,-0.3801,0.63472,-0.74344,0,-0.32898,-0.074493,0.00059472,-0.20714,-0.17594,-0.060997,-0.18263,0.23523,-0.16642,-0.13374,-0.64054,-0.58319,-0.83095,-1.1605,-0.88623,-1.1294,-1.5104,-0.54135,0.57788,0.26973,0.19775,-0.32866,-0.13327,-0.97425,-0.96082,-0.53355,-0.87222,-0.33487,-0.45306,-0.27941,-0.3857,-0.6367,0.63364,-0.60621,-0.23982,-0.50319,-0.55527,-0.086036,-1.0615,-0.76732,-0.036863,0.080612,-0.11292,0.14063,-1.529,-0.85334,-0.33859,-0.613,-0.39096,-0.05512,-0.40071,-0.31574,-1.3479,-1.4081,-0.63411,-0.65765,0.90006,1.2731,0.33927,0.47545,1.6799,0.58839,1.1578,0.18253,0.01607,-0.086679,1.2915,0.74672,-0.12106,-0.1756,0.31313,0.25017,-0.19507,0.68083,-0.66633,-0.070145,-0.67302,0.26593,0.34035,2.2566,-0.88599,0.97642,-0.37168,0.23812,0.90611,0.3652
2.5977,0.91853,-0.81246,-1.0376,1.9881,1.2899,0.73571,0.41532,1.0944,-0.22488,-0.17182,0.89192,0.68727,0.87503,1.9609,1.9012,0.055176,1.525,-0.32898,0,1.7208,1.6896,2.5063,2.3102,1.8982,2.2367,1.2378,1.7006,2.1314,1.5703,1.9777,1.4648,1.0878,1.3289,1.027,0.71285,1.7013,-0.4834,-0.45526,1.0092,1.5887,2.0025,1.2846,1.1887,2.0977,1.0937,-1.014,-0.84406,1.7716,0.32546,0.78378,-0.31615,1.6114,1.8309,0.18412,1.9048,1.5438,0.17655,-0.22175,1.4231,1.5496,0.71141,0.98809,0.39236,0.44475,-0.96263,-0.63798,1.081,1.6905,0.65938,2.004,0.038873,-0.062385,-0.61975,-0.61977,0.25061,-0.78567,0.93201,0.55134,-0.47924,0.70965,-0.71618,-1.391,0.55146,-0.050343,0.20252,-0.09227,-1.3211,-1.2761,-2.5383,-1.9202,-1.1398,-1.2584,-0.59771,-1.319,1.1431,0.54898,-1.0393,-0.50868,0.34219,-1.2412,2.2017,0.95933,-1.2685,-1.7461
1.6938,1.5185,-1.1424,-0.9904,1.6306,0.89265,0.53683,0.43724,1.2106,0.11762,-0.060182,1.4746,0.4273,0.64561,1.4665,1.744,0.38552,0.98067,-0.074493,1.7208,0,2.3184,2.2994,1.9226,1.6023,2.247,1.6918,1.4342,2.6839,1.241,1.1776,0.99312,0.69441,0.90251,0.61308,0.45149,1.1264,-0.19432,-0.28263,1.6291,1.76,3.0753,0.82172,0.83326,1.1948,0.60867,-1.5279,-1.2912,1.2956,0.41064,0.75625,0.011745,1.0055,1.2159,-0.13053,1.3554,2.1798,-0.16907,-0.58441,1.1694,2.1566,1.0355,1.6988,0.19769,0.41751,-1.4641,-0.95349,1.1437,2.6561,0.7553,2.0658,-0.246,-0.33443,-0.89116,-0.9685,0.33978,-0.49168,1.5193,0.55903,-0.15268,0.96083,-0.36671,-1.0708,0.38251,-0.28036,0.44051,-0.13145,-2.2331,-2.0197,-1.5656,-2.0076,-1.1805,-0.74317,-0.77282,-1.2416,1.062,0.92262,-1.2309,-0.26687,0.32343,-0.81384,1.7638,1.4741,-0.81737,-1.1472
1.8629,1.2949,-0.86083,-0.75418,1.4018,0.76405,0.39588,0.23482,1.507,0.078556,-0.16942,1.3824,0.3061,0.48951,1.2343,1.3805,0.2827,0.87943,0.00059472,1.6896,2.3184,0,2.0382,2.2767,1.9485,1.8967,2.0979,1.8045,2.4664,1.0229,1.1832,0.86878,0.62661,0.78096,0.59588,0.33432,1.0145,-0.31131,-0.43576,1.381,1.3254,2.247,0.7717,0.696,1.1637,0.62561,-1.7644,-1.4643,1.54,0.2062,0.53621,0.00037698,1.0675,1.4331,-0.010749,1.293,2.2753,-0.13266,-0.52219,1.5151,2.9143,0.76812,1.4601,0.06271,0.22781,-1.6884,-1.1446,0.8602,1.9751,0.5205,1.5964,-0.33005,-0.42993,-1.0995,-1.1197,0.52125,-0.47045,1.4645,0.78961,-0.14302,1.0449,-0.30344,-1.3487,0.58802,-0.10413,0.55444,0.022994,-2.3605,-2.2953,-1.7064,-1.9705,-1.5861,-0.81395,-0.99098,-1.6674,0.82561,0.73572,-0.91352,-0.17895,0.14104,-0.76784,1.4613,1.2783,-0.72072,-1.3253
2.1824,1.1751,-0.98949,-1.0478,1.9083,1.1166,0.65127,0.44634,1.199,-0.062891,-0.088558,1.1361,0.58262,0.80168,1.859,2.0482,0.21455,1.2823,-0.20714,2.5063,2.2994,2.0382,0,2.3398,1.9124,3.1897,1.4696,1.5942,3.0137,1.4774,1.5343,1.2537,0.89748,1.1451,0.81749,0.60004,1.481,-0.33152,-0.35168,1.2827,1.81,2.8753,1.051,1.0408,1.6163,0.85424,-1.2293,-1.0316,1.5352,0.38725,0.80814,-0.18403,1.2804,1.5401,0.032777,1.6328,1.7949,0.016378,-0.38846,1.3322,1.8842,0.87085,1.2461,0.31334,0.44575,-1.1633,-0.77139,1.179,2.2642,0.73624,2.3435,-0.081103,-0.18103,-0.73718,-0.76956,0.29429,-0.63002,1.1836,0.56126,-0.31887,0.85673,-0.56726,-1.2354,0.46337,-0.16905,0.31425,-0.1007,-1.6464,-1.5745,-2.0379,-2.058,-1.1819,-0.98907,-0.68307,-1.3131,1.1476,0.73284,-1.1753,-0.3933,0.34223,-1.0249,2.2841,1.211,-1.0691,-1.4277
2.9402,1.0038,-0.74902,-0.84064,1.6752,0.98488,0.54295,0.26286,1.3206,-0.12352,-0.25149,1.0342,0.46973,0.63038,1.4632,1.5298,0.10035,1.1379,-0.17594,2.3102,1.9226,2.2767,2.3398,0,2.2108,2.019,1.5511,2.2495,2.4695,1.2183,1.6068,1.1158,0.86118,1.0101,0.84499,0.50406,1.2624,-0.48735,-0.54901,1.0856,1.3667,2.1198,1.0408,0.89605,1.54,0.88935,-1.2888,-1.0851,2.0537,0.19592,0.59454,-0.16949,1.4469,1.8823,0.1581,1.6652,1.9409,0.070181,-0.30953,1.7197,1.9585,0.66501,1.1318,0.20317,0.28816,-1.242,-0.8725,0.88475,1.7309,0.51621,1.7291,-0.14151,-0.23751,-0.85372,-0.83444,0.41504,-0.67347,1.0954,0.7345,-0.34749,0.83012,-0.49741,-1.6401,0.67576,0.00105,0.36698,-0.0091323,-1.6309,-1.5868,-2.5363,-2.2326,-1.469,-1.1176,-0.80555,-1.6909,0.93165,0.55995,-0.89798,-0.34974,0.19982,-1.0303,1.692,1.0158,-0.95416,-1.789
1.9901,0.97121,-0.67623,-0.65977,1.2733,0.83404,0.39446,0.16852,1.7099,-0.099904,-0.13686,1.0342,0.3895,0.56226,1.2936,1.3004,0.10331,1.046,-0.060997,1.8982,1.6023,1.9485,1.9124,2.2108,0,1.8398,1.6931,1.8262,1.9353,1.019,1.3611,0.95397,0.71247,0.87699,0.71257,0.3926,1.2381,-0.44667,-0.48247,1.0689,1.1571,1.7518,0.86622,0.76712,1.4469,0.85641,-1.3066,-1.1147,1.7096,0.12311,0.49226,-0.26275,1.2398,2.0639,0.18808,1.2596,1.4578,0.057137,-0.32583,2.0067,1.9681,0.54685,0.98497,0.11103,0.15997,-1.2144,-0.91834,0.79043,1.6245,0.42879,1.3995,-0.17154,-0.29844,-0.92347,-0.88891,0.56559,-0.49984,1.1096,0.90008,-0.26168,1.0371,-0.48246,-1.5774,0.73666,0.051887,0.47869,0.18313,-1.4866,-1.538,-1.9341,-1.5289,-1.6912,-1.0466,-0.95727,-1.9227,0.74344,0.54242,-0.75726,-0.2142,0.059189,-0.83794,1.4525,1.0508,-0.86426,-1.6084
1.8918,1.2471,-1.0751,-1.0611,1.7667,1.0974,0.64102,0.48913,1.2036,-0.024948,-0.0065541,1.1861,0.59033,0.83441,1.9037,2.1202,0.26619,1.2763,-0.18263,2.2367,2.247,1.8967,3.1897,2.019,1.8398,0,1.4646,1.4208,2.6018,1.4752,1.4149,1.2265,0.8533,1.13,0.76017,0.59381,1.5204,-0.26302,-0.27112,1.3728,1.8983,2.7462,0.9885,1.0367,1.5628,0.81374,-1.2191,-1.0273,1.3694,0.44084,0.85639,-0.19644,1.1673,1.4353,-0.014597,1.4763,1.6337,-0.017193,-0.43175,1.2432,1.8444,0.9235,1.2559,0.32213,0.46793,-1.1396,-0.75401,1.2702,2.5161,0.79815,2.3171,-0.076776,-0.18352,-0.71806,-0.76633,0.28477,-0.56495,1.2292,0.53113,-0.27808,0.91175,-0.57262,-1.1178,0.4014,-0.2249,0.32585,-0.091421,-1.6164,-1.5605,-1.7976,-1.7954,-1.1227,-0.9146,-0.67262,-1.2295,1.1555,0.80535,-1.2422,-0.36652,0.35682,-0.9552,2.3278,1.3158,-1.0611,-1.2917
1.3197,1.4103,-0.80556,-0.52219,0.98562,0.50712,0.16597,0.1058,2.0019,0.25014,-0.045853,1.657,0.1073,0.30725,0.93341,1.0465,0.41164,0.63536,0.23523,1.2378,1.6918,2.0979,1.4696,1.5511,1.6931,1.4646,0,1.37,1.6574,0.73531,0.85047,0.59785,0.37248,0.5296,0.35056,0.11518,0.79008,-0.1705,-0.32562,1.4952,1.0316,1.6078,0.49849,0.45636,0.87929,0.42379,-2.4335,-1.9789,1.1648,0.12058,0.37294,0.073801,0.76673,1.1828,-0.10262,0.8958,1.5714,-0.29952,-0.70309,1.3929,2.5552,0.68053,1.4121,-0.13706,0.055582,-2.1102,-1.5038,0.69871,1.658,0.40539,1.1791,-0.52841,-0.6659,-1.4551,-1.5132,0.75632,-0.2193,1.7938,0.97101,0.071754,1.4796,-0.13227,-1.1211,0.57314,-0.11763,0.84323,0.20797,-2.2028,-2.6038,-1.2371,-1.3254,-1.7605,-0.58823,-1.3509,-1.6328,0.57864,0.81016,-0.73752,0.057338,-0.036984,-0.4893,1.1001,1.4476,-0.49054,-1.0157
2.2232,0.7808,-0.51493,-0.64961,1.3621,0.83909,0.44348,0.086589,1.2555,-0.2063,-0.45336,0.84626,0.36292,0.46636,1.1233,1.1456,-0.04034,0.95953,-0.16642,1.7006,1.4342,1.8045,1.5942,2.2495,1.8262,1.4208,1.37,0,1.6838,0.97231,1.5104,0.95219,0.81001,0.85832,0.86096,0.41485,1.0153,-0.67874,-0.80066,0.83753,1.0221,1.504,0.99686,0.74557,1.3223,0.89505,-1.1806,-1.017,2.7577,0.0057513,0.39807,-0.15074,1.5334,1.9438,0.30308,1.5244,1.6979,0.14623,-0.19445,2.0308,1.5845,0.46139,0.93953,0.10639,0.14221,-1.1714,-0.89686,0.62894,1.2665,0.30863,1.2864,-0.17875,-0.26206,-0.89933,-0.81819,0.5032,-0.72685,0.90807,0.88171,-0.39324,0.71239,-0.4228,-2.2858,0.92581,0.18632,0.37548,0.061036,-1.3685,-1.3501,-2.1394,-1.8515,-1.6358,-1.216,-0.85905,-1.9661,0.73249,0.36594,-0.65217,-0.32203,0.070656,-1.0064,1.2611,0.77279,-0.81816,-2.0916
2.1181,1.2613,-0.97476,-0.96,1.755,0.98331,0.56675,0.38485,1.288,-0.0007715,-0.11611,1.2509,0.48323,0.68867,1.5984,1.795,0.2554,1.116,-0.13374,2.1314,2.6839,2.4664,3.0137,2.4695,1.9353,2.6018,1.6574,1.6838,0,1.3112,1.3982,1.1044,0.79823,1.0064,0.73365,0.50559,1.2812,-0.31427,-0.37552,1.3636,1.6682,3.1813,0.94691,0.91008,1.4145,0.75648,-1.4042,-1.1777,1.5507,0.33932,0.72402,-0.10052,1.2,1.4893,0.00046682,1.5331,2.0727,-0.048496,-0.44986,1.3799,2.181,0.87109,1.3811,0.2277,0.38202,-1.3372,-0.89408,1.0811,2.3444,0.67723,2.1039,-0.17307,-0.26966,-0.85319,-0.88794,0.3607,-0.57581,1.3161,0.62662,-0.25028,0.9208,-0.46204,-1.2691,0.49293,-0.16443,0.39546,-0.076788,-1.9185,-1.8177,-1.9486,-2.2051,-1.29,-0.91377,-0.77406,-1.4087,1.0533,0.76244,-1.1142,-0.32079,0.28717,-0.9342,1.9336,1.2696,-0.93085,-1.3883
1.3254,0.77655,-0.99571,-1.8721,2.0449,2.1033,1.322,0.87678,0.58285,-0.28121,-0.049373,0.65907,1.1803,1.4989,2.4166,2.1403,0.085251,1.9581,-0.64054,1.5703,1.241,1.0229,1.4774,1.2183,1.019,1.4752,0.73531,0.97231,1.3112,0,1.5677,2.2542,1.4713,2.0808,1.1816,1.2194,1.8405,-0.32762,-0.21958,0.83794,1.8934,1.3545,1.5467,1.9969,1.6538,1.0693,-0.61839,-0.49043,1.0491,0.71742,1.4063,-0.34963,1.2643,1.0275,0.06011,1.7071,1.0795,0.24198,-0.13946,0.76129,0.94044,0.95523,0.83328,0.8342,0.95131,-0.58722,-0.28097,1.6197,1.2573,1.1073,1.8522,0.31337,0.23353,-0.24388,-0.2869,-0.15036,-0.9613,0.67077,0.12584,-0.63853,0.38862,-0.98399,-0.79964,0.18467,-0.28977,-0.11937,-0.46313,-0.89571,-0.82836,-1.3407,-1.3408,-0.57893,-1.0277,-0.18781,-0.69177,2.1284,0.5951,-1.506,-0.8819,0.81877,-1.4865,2.0462,0.78834,-1.7685,-1.0757
1.917,0.58532,-0.56518,-1.0231,1.7948,1.5797,0.9265,0.39195,0.78737,-0.49895,-0.34638,0.55743,0.87967,0.96731,1.6578,1.4648,-0.19052,1.7952,-0.58319,1.9777,1.1776,1.1832,1.5343,1.6068,1.3611,1.4149,0.85047,1.5104,1.3982,1.5677,0,1.7907,1.5417,1.6316,1.5412,0.9393,1.6671,-0.74605,-0.62893,0.65087,1.2294,1.3177,1.8959,1.4111,2.3342,1.5473,-0.68727,-0.55037,1.7827,0.256,0.74753,-0.46337,2.5598,1.7088,0.40653,2.2758,1.1816,0.44241,0.041174,1.2459,1.0595,0.51632,0.68322,0.55427,0.48467,-0.66141,-0.4034,0.89889,1.1238,0.54998,1.466,0.24184,0.15275,-0.39637,-0.36577,0.10511,-1.1637,0.59751,0.44382,-0.79933,0.41519,-0.94445,-1.4103,0.62466,0.10696,-0.020065,-0.17145,-0.9172,-0.87562,-2.0777,-1.5364,-0.89932,-1.8255,-0.3838,-1.0828,1.144,0.29342,-0.84892,-0.77211,0.40237,-1.8361,1.6245,0.60511,-1.5807,-1.9938
1.2667,0.5448,-0.71942,-1.4991,1.6926,3.1617,1.4473,0.75251,0.50523,-0.50377,-0.15025,0.45705,1.3855,1.5622,1.8906,1.5817,-0.11948,2.6081,-0.83095,1.4648,0.99312,0.86878,1.2537,1.1158,0.95397,1.2265,0.59785,0.95219,1.1044,2.2542,1.7907,0,2.0056,3.1266,1.5847,1.4578,1.9135,-0.51032,-0.33354,0.60567,1.376,1.1078,2.1091,2.5841,1.8583,1.4359,-0.46664,-0.34192,1.0816,0.5695,1.1849,-0.53037,1.4934,1.0833,0.25778,1.704,0.90394,0.46026,0.060358,0.77112,0.78647,0.68164,0.60155,0.94732,0.87039,-0.43741,-0.16109,1.2286,0.99845,0.87433,1.4256,0.4735,0.38193,-0.13798,-0.15134,-0.18781,-1.2054,0.47305,0.12039,-0.89393,0.26081,-1.2685,-0.84991,0.27643,-0.11613,-0.24508,-0.41537,-0.70715,-0.65537,-1.3151,-1.1684,-0.53494,-1.306,-0.11171,-0.66569,1.6356,0.36741,-1.1111,-1.0809,0.75555,-1.9272,1.6143,0.56849,-2.5048,-1.1748
1.0073,0.27928,-0.43817,-1.1784,1.2621,2.1226,1.581,0.62466,0.3095,-0.78329,-0.33307,0.207,1.5033,1.3415,1.2508,1.0768,-0.35868,1.7482,-1.1605,1.0878,0.69441,0.62661,0.89748,0.86118,0.71247,0.8533,0.37248,0.81001,0.79823,1.4713,1.5417,2.0056,0,2.0695,2.3862,1.7027,1.3373,-0.7282,-0.47891,0.32836,0.94532,0.78013,2.71,1.9508,1.4084,1.656,-0.25614,-0.13933,0.96194,0.42247,0.93602,-0.61343,1.4865,0.91766,0.4593,1.4368,0.68685,0.72686,0.30918,0.64084,0.53753,0.4426,0.36794,1.0754,0.80822,-0.24043,0.0078645,0.8559,0.66963,0.63857,1.0013,0.65804,0.58273,0.022708,0.038205,-0.30363,-1.7197,0.23031,0.042662,-1.3126,0.026867,-1.4144,-0.78332,0.32643,0.053477,-0.44924,-0.47365,-0.468,-0.41948,-1.066,-0.92351,-0.38785,-1.4425,0.046781,-0.52236,1.2699,0.11708,-0.78509,-1.4751,0.74447,-2.556,1.109,0.28733,-2.0156,-1.0775
1.1468,0.49148,-0.68693,-1.4677,1.5156,3.2619,1.5271,0.7899,0.4516,-0.53878,-0.11459,0.39916,1.5462,1.733,1.7529,1.459,-0.13986,2.5748,-0.88623,1.3289,0.90251,0.78096,1.1451,1.0101,0.87699,1.13,0.5296,0.85832,1.0064,2.0808,1.6316,3.1266,2.0695,0,1.5885,1.588,1.8835,-0.49467,-0.29441,0.54993,1.2811,1.0079,2.0231,2.8369,1.7103,1.4483,-0.39949,-0.27768,0.98545,0.60128,1.2291,-0.58621,1.3846,1.0059,0.26861,1.5256,0.80685,0.50149,0.10015,0.70301,0.70728,0.65342,0.53583,1.0381,0.91141,-0.36853,-0.097341,1.216,0.91958,0.88699,1.3037,0.54556,0.44695,-0.075021,-0.089756,-0.23762,-1.1863,0.42006,0.076445,-0.93189,0.22075,-1.3943,-0.77485,0.23742,-0.12255,-0.29784,-0.42907,-0.63049,-0.58234,-1.2012,-1.0528,-0.46672,-1.2571,-0.052739,-0.59366,1.6213,0.34341,-1.0776,-1.1451,0.79796,-1.8606,1.489,0.51952,-2.8862,-1.0808
0.99806,0.17623,-0.27528,-0.90676,1.1086,1.5955,1.2376,0.4207,0.32123,-0.96236,-0.48581,0.12926,1.2175,1.0446,1.0565,0.90356,-0.52657,1.4811,-1.1294,1.027,0.61308,0.59588,0.81749,0.84499,0.71257,0.76017,0.35056,0.86096,0.73365,1.1816,1.5412,1.5847,2.3862,1.5885,0,1.3663,1.1689,-0.98106,-0.66892,0.22722,0.77061,0.6977,2.3998,1.4761,1.3412,1.9466,-0.22911,-0.11535,1.0371,0.2303,0.68987,-0.66926,1.6508,0.98313,0.65682,1.3549,0.6448,0.88555,0.43018,0.71305,0.50408,0.27399,0.27832,0.89155,0.5945,-0.21745,-0.00038101,0.64374,0.57552,0.43175,0.8596,0.63886,0.56631,0.001417,0.04717,-0.21323,-1.9483,0.15903,0.13665,-1.5214,-0.0079409,-1.3173,-0.89569,0.49225,0.23676,-0.43281,-0.34822,-0.41724,-0.37703,-1.0649,-0.8722,-0.43699,-1.7672,0.0058622,-0.57857,0.98251,-0.027619,-0.58497,-1.3437,0.54887,-2.3815,0.95591,0.186,-1.6272,-1.1867
0.60555,0.16727,-0.46843,-1.253,0.89568,1.6623,2.3581,0.97892,0.036101,-0.71561,-0.096537,0.054441,2.6036,1.751,0.98235,0.85427,-0.27512,1.3195,-1.5104,0.71285,0.45149,0.33432,0.60004,0.50406,0.3926,0.59381,0.11518,0.41485,0.50559,1.2194,0.9393,1.4578,1.7027,1.588,1.3663,0,1.0534,-0.41619,-0.15019,0.20836,0.79318,0.51924,1.4012,1.791,0.94931,1.1115,-0.012395,0.099388,0.52241,0.71283,1.2045,-0.64241,0.86448,0.51604,0.2764,0.91381,0.39465,0.6902,0.33929,0.27696,0.26951,0.48864,0.21177,1.8858,1.2368,0.0087381,0.28706,0.90628,0.46123,0.84225,0.74897,0.98506,0.90554,0.31787,0.29172,-0.66545,-1.2352,0.057916,-0.29872,-1.2074,-0.15577,-1.5808,-0.3712,-0.020641,-0.16064,-0.74802,-0.71844,-0.22844,-0.17752,-0.64005,-0.57607,-0.061478,-0.86401,0.35229,-0.17818,1.2529,0.13245,-0.80613,-1.9125,1.1543,-1.3536,0.83336,0.18065,-1.5802,-0.6044
1.3792,0.68337,-0.79228,-1.1873,1.5086,1.7261,0.99462,0.64348,0.75195,-0.37491,0.024754,0.60592,1.1016,1.4004,2.1919,1.7094,-0.018073,2.4302,-0.54135,1.7013,1.1264,1.0145,1.481,1.2624,1.2381,1.5204,0.79008,1.0153,1.2812,1.8405,1.6671,1.9135,1.3373,1.8835,1.1689,1.0534,0,-0.40867,-0.2433,0.76668,1.437,1.2783,1.434,1.6803,2.2124,1.332,-0.61096,-0.48088,1.1216,0.52548,1.0716,-0.61257,1.3436,1.3001,0.21816,1.4265,0.92751,0.34682,-0.064297,0.94477,0.97562,0.67394,0.66096,0.71153,0.66156,-0.55519,-0.28987,1.2896,1.2239,0.84218,1.5093,0.34813,0.2213,-0.27582,-0.29309,0.0081747,-0.80947,0.63634,0.28716,-0.64221,0.51401,-1.1705,-0.91644,0.32832,-0.12478,-0.043327,-0.16734,-0.83321,-0.80689,-1.4389,-1.1543,-0.6979,-1.2192,-0.28959,-0.82406,1.3144,0.4825,-1.0896,-0.71794,0.53634,-1.3242,1.857,0.76244,-1.9353,-1.2201
-0.57287,0.22623,-0.34224,0.11935,-0.41629,-0.48594,-0.33435,0.30043,-0.25383,1.1804,1.1328,0.17573,-0.34311,-0.19846,-0.31904,-0.23616,1.1641,-0.51092,0.57788,-0.4834,-0.19432,-0.31131,-0.33152,-0.48735,-0.44667,-0.26302,-0.1705,-0.67874,-0.31427,-0.32762,-0.74605,-0.51032,-0.7282,-0.49467,-0.98106,-0.41619,-0.40867,0,1.6313,0.18026,-0.12714,-0.24785,-0.78551,-0.42533,-0.60089,-0.99273,0.077757,0.0094815,-0.79292,0.50406,0.074569,0.5413,-0.95301,-0.73086,-1.548,-0.62416,-0.32388,-1.0751,-0.77716,-0.68202,-0.23864,0.34691,0.080888,-0.20093,0.11489,0.087983,0.048246,0.065988,-0.12738,0.29311,-0.25551,-0.32999,-0.30317,0.091633,-0.049298,-0.15684,0.99137,0.12414,-0.46386,1.0499,0.14106,0.54095,0.8986,-1.1766,-1.0976,0.23028,-0.12026,0.13712,0.13049,0.61731,0.43996,0.46781,1.1697,0.14519,0.56861,-0.17776,0.58892,-0.094213,0.56098,0.11782,0.81181,-0.30331,0.22243,0.53373,0.88867
-0.59728,0.078216,-0.30719,0.029623,-0.39834,-0.29315,-0.1307,0.4797,-0.37321,0.64574,1.5857,-0.00476,-0.058636,0.039036,-0.22899,-0.19681,0.75699,-0.31118,0.26973,-0.45526,-0.28263,-0.43576,-0.35168,-0.54901,-0.48247,-0.27112,-0.32562,-0.80066,-0.37552,-0.21958,-0.62893,-0.33354,-0.47891,-0.29441,-0.66892,-0.15019,-0.2433,1.6313,0,0.055262,-0.11198,-0.30456,-0.56723,-0.21998,-0.45677,-0.62924,0.28634,0.24585,-0.85149,0.67104,0.22505,0.15382,-0.81779,-0.69894,-0.97978,-0.58961,-0.47592,-0.57177,-0.44107,-0.77001,-0.35958,0.28418,-0.10008,0.085487,0.28294,0.32006,0.3339,0.15026,-0.18085,0.39795,-0.25689,0.037971,0.035922,0.37592,0.22331,-0.38692,0.7499,-0.052528,-0.68573,0.60807,0.0050776,0.18808,1.0082,-1.4654,-1.0275,-0.048966,-0.16705,0.29746,0.29291,0.61889,0.5282,0.65076,0.87351,0.3855,0.7191,-0.088009,0.44578,-0.12125,0.29265,0.27467,0.60972,-0.25866,0.11262,0.29673,0.86183
0.95374,3.2187,-1.5277,-0.77617,0.96992,0.54331,0.30118,0.47717,1.0853,0.48613,0.25474,2.4258,0.21549,0.46848,0.98995,1.1835,0.82284,0.61284,0.19775,1.0092,1.6291,1.381,1.2827,1.0856,1.0689,1.3728,1.4952,0.83753,1.3636,0.83794,0.65087,0.60567,0.32836,0.54993,0.22722,0.20836,0.76668,0.18026,0.055262,0,1.3178,1.487,0.41094,0.52457,0.72439,0.24644,-1.5432,-1.4379,0.72593,0.54044,0.69454,0.19686,0.51356,0.73035,-0.49052,0.75855,1.2754,-0.53321,-1.0755,0.75345,1.509,1.2811,1.9552,0.040081,0.36705,-1.4473,-1.031,1.0912,1.7702,0.83974,1.2688,-0.44607,-0.54849,-0.93921,-1.1458,0.37709,-0.11886,2.1562,0.44705,0.19159,1.2664,-0.1262,-0.60972,0.10831,-0.5857,0.6537,-0.077196,-1.7293,-1.7121,-0.88609,-1.093,-0.89205,-0.32565,-0.80577,-0.85429,0.79197,1.5508,-1.1923,0.0078895,0.26906,-0.39587,1.134,2.9846,-0.48575,-0.62828
1.3596,1.2345,-1.4387,-1.6114,1.9213,1.2893,0.9083,0.82778,0.7768,0.0066336,0.064012,1.0601,0.77695,1.0768,2.059,2.7775,0.3581,1.3107,-0.32866,1.5887,1.76,1.3254,1.81,1.3667,1.1571,1.8983,1.0316,1.0221,1.6682,1.8934,1.2294,1.376,0.94532,1.2811,0.77061,0.79318,1.437,-0.12714,-0.11198,1.3178,0,1.8463,1.0295,1.2546,1.3239,0.72108,-0.93058,-0.79068,1.0099,0.75399,1.2788,-0.12524,0.9902,0.98188,-0.16773,1.4246,1.3787,-0.04761,-0.44739,0.80761,1.2642,1.3179,1.2744,0.53982,0.80809,-0.88904,-0.53002,1.881,1.8339,1.2123,2.5656,0.040205,-0.036474,-0.47596,-0.55902,0.013876,-0.63117,1.0522,0.2246,-0.31568,0.6521,-0.62406,-0.77538,0.13946,-0.45837,0.13302,-0.38024,-1.2815,-1.1875,-1.3099,-1.526,-0.72357,-0.74991,-0.39074,-0.80033,1.6937,0.94551,-1.9559,-0.53504,0.67863,-1.0017,2.2527,1.2313,-1.1449,-0.9619
1.8891,1.3688,-1.0951,-1.0297,1.7672,0.99305,0.59037,0.45044,1.216,0.040286,-0.064069,1.3234,0.49799,0.71997,1.6459,1.9266,0.31394,1.1109,-0.13327,2.0025,3.0753,2.247,2.8753,2.1198,1.7518,2.7462,1.6078,1.504,3.1813,1.3545,1.3177,1.1078,0.78013,1.0079,0.6977,0.51924,1.2783,-0.24785,-0.30456,1.487,1.8463,0,0.91754,0.92887,1.3665,0.71183,-1.3897,-1.1709,1.3913,0.40879,0.79026,-0.078035,1.1146,1.3469,-0.063159,1.4702,2.007,-0.089464,-0.50093,1.2401,2.086,0.9722,1.4731,0.25226,0.43683,-1.3204,-0.86827,1.1832,2.6997,0.76077,2.2832,-0.16987,-0.26431,-0.8196,-0.87703,0.31833,-0.54892,1.3613,0.55564,-0.22373,0.92427,-0.45659,-1.1366,0.41161,-0.23831,0.38365,-0.11785,-1.9361,-1.8123,-1.7425,-2.0585,-1.187,-0.84294,-0.73487,-1.2785,1.1083,0.84513,-1.2285,-0.32179,0.33554,-0.90023,2.0023,1.3768,-0.92684,-1.2588
1.2144,0.35834,-0.46519,-1.149,1.4429,2.0537,1.3482,0.53858,0.43315,-0.7196,-0.38167,0.3004,1.2559,1.1987,1.3703,1.1885,-0.331,1.8455,-0.97425,1.2846,0.82172,0.7717,1.051,1.0408,0.86622,0.9885,0.49849,0.99686,0.94691,1.5467,1.8959,2.1091,2.71,2.0231,2.3998,1.4012,1.434,-0.78551,-0.56723,0.41094,1.0295,0.91754,0,1.8161,1.6378,1.7479,-0.3756,-0.25578,1.1732,0.35333,0.86537,-0.56155,1.8318,1.1043,0.46887,1.7207,0.83089,0.65723,0.24211,0.80012,0.67211,0.45789,0.45815,0.88447,0.69809,-0.36043,-0.11493,0.85974,0.78309,0.59872,1.1308,0.51914,0.44476,-0.10286,-0.080074,-0.17661,-1.6749,0.32573,0.16278,-1.1815,0.12512,-1.2473,-0.96286,0.43513,0.090499,-0.32036,-0.38859,-0.58998,-0.54177,-1.2822,-1.096,-0.53028,-1.6739,-0.080639,-0.67476,1.2495,0.152,-0.80116,-1.2299,0.62944,-3.2908,1.2439,0.36562,-1.947,-1.3082
1.0147,0.46882,-0.71931,-1.6027,1.4021,3.2207,1.7411,0.911,0.3658,-0.52323,-0.073159,0.3647,1.7172,1.935,1.6184,1.3871,-0.1166,2.1754,-0.96082,1.1887,0.83326,0.696,1.0408,0.89605,0.76712,1.0367,0.45636,0.74557,0.91008,1.9969,1.4111,2.5841,1.9508,2.8369,1.4761,1.791,1.6803,-0.42533,-0.21998,0.52457,1.2546,0.92887,1.8161,0,1.5008,1.3142,-0.33671,-0.21908,0.85551,0.69311,1.3606,-0.57259,1.212,0.86902,0.21611,1.3666,0.73425,0.48753,0.10018,0.59104,0.62904,0.68994,0.50547,1.1782,1.0528,-0.30705,-0.030915,1.2686,0.85488,0.97928,1.2248,0.6056,0.51114,-0.0036584,-0.030063,-0.32929,-1.1631,0.37134,-0.022761,-0.9338,0.16438,-1.4226,-0.65781,0.14258,-0.18808,-0.36812,-0.51303,-0.56714,-0.51671,-1.0503,-0.9542,-0.37625,-1.1099,0.023021,-0.49493,1.6825,0.35206,-1.1207,-1.2304,0.91765,-1.6791,1.3714,0.49476,-2.4856,-0.93891
1.7626,0.64309,-0.65516,-1.0474,1.6593,1.623,0.90418,0.46059,0.84461,-0.44732,-0.16904,0.60268,0.93474,1.0954,1.9227,1.6025,-0.12179,2.1402,-0.53355,2.0977,1.1948,1.1637,1.6163,1.54,1.4469,1.5628,0.87929,1.3223,1.4145,1.6538,2.3342,1.8583,1.4084,1.7103,1.3412,0.94931,2.2124,-0.60089,-0.45677,0.72439,1.3239,1.3665,1.6378,1.5008,0,1.5348,-0.68779,-0.54979,1.4962,0.33511,0.83516,-0.56523,1.8314,1.6919,0.34448,1.7579,1.0813,0.40261,-0.012297,1.2013,1.0875,0.55839,0.67564,0.58446,0.51425,-0.6417,-0.38172,1.0305,1.2212,0.64026,1.5208,0.27345,0.15965,-0.37572,-0.36244,0.11066,-0.95423,0.6336,0.42062,-0.71572,0.50645,-1.0487,-1.2291,0.52879,0.031263,0.0025248,-0.11139,-0.91196,-0.88462,-1.8616,-1.3636,-0.87741,-1.5855,-0.39184,-1.0432,1.1516,0.36893,-0.92067,-0.7037,0.40704,-1.5183,1.7939,0.70085,-1.7407,-1.6707
1.0378,0.18025,-0.23641,-0.72767,0.98783,1.3872,0.93346,0.30609,0.46849,-0.9845,-0.34892,0.15152,1.0822,0.99238,1.0646,0.87696,-0.55525,1.5636,-0.87222,1.0937,0.60867,0.62561,0.85424,0.88935,0.85641,0.81374,0.42379,0.89505,0.75648,1.0693,1.5473,1.4359,1.656,1.4483,1.9466,1.1115,1.332,-0.99273,-0.62924,0.24644,0.72108,0.71183,1.7479,1.3142,1.5348,0,-0.26618,-0.15252,1.0807,0.14022,0.5881,-0.94293,1.6331,1.1877,0.7747,1.1836,0.59317,0.92555,0.42359,0.86524,0.56179,0.17757,0.22742,0.7364,0.42072,-0.23555,-0.045923,0.60168,0.60997,0.35103,0.82094,0.61574,0.49173,-0.060485,-0.0029299,-0.049005,-1.2644,0.18666,0.28353,-1.2809,0.13443,-1.4728,-0.98986,0.6111,0.32799,-0.30353,-0.092478,-0.42458,-0.40675,-1.118,-0.80323,-0.54884,-2.1275,-0.11374,-0.69482,0.80214,-0.042056,-0.49819,-0.97699,0.35029,-1.6227,0.95937,0.23049,-1.6287,-1.2946
-1.0999,-1.5233,0.81398,0.46626,-0.8684,-0.38581,-0.089506,-0.079193,-1.6016,-0.39322,0.056396,-1.8972,0.0059488,-0.19519,-0.77548,-0.90688,-0.53196,-0.47977,-0.33487,-1.014,-1.5279,-1.7644,-1.2293,-1.2888,-1.3066,-1.2191,-2.4335,-1.1806,-1.4042,-0.61839,-0.68727,-0.46664,-0.25614,-0.39949,-0.22911,-0.012395,-0.61096,0.077757,0.28634,-1.5432,-0.93058,-1.3897,-0.3756,-0.33671,-0.68779,-0.26618,0,2.8416,-0.98546,-0.11295,-0.31337,-0.25124,-0.6177,-0.93812,0.22227,-0.77344,-1.523,0.45143,0.86323,-1.1374,-1.9512,-0.72322,-1.6124,0.23163,-0.025064,3.2195,1.8379,-0.62441,-1.4394,-0.37821,-1.041,0.69929,0.82832,1.6928,1.8871,-0.7729,0.13868,-2.0438,-0.91492,-0.19084,-1.4259,-0.018199,0.95069,-0.4942,0.18251,-0.96574,-0.16477,2.2036,2.4913,1.0234,1.2065,1.5106,0.43484,1.3954,1.3619,-0.51164,-0.88731,0.70131,-0.14338,0.054427,0.37629,-0.93185,-1.4528,0.34779,0.83286
