,,,,,,,,,,,,,,,,,,,,,,,,,,,,,,,,,,,,,,,,,,,,,,,,,,,,,,,,,,,,,,,,,,,,,,,,,,,,,,,,,,,,,,,,,,,,,,,,,,,,,,,,
0,0.58874,0.31637,0.41021,1.1684,0.70344,1.0619,0.70687,0.9778,0.7168,1.1033,0.72684,0.047225,0.19353,0.81827,0.52467,0.3544,-0.16674,0.0079898,0.37611,0.44778,0.38636,0.85658,0.65068,0.98642,0.6684,0.61243,0.48197,0.76968,0.48781,0.42966,0.30259,-0.0054565,0.078959,0.084244,0.27184,0.24982,0.75349,0.95637,0.86408,1.0922,0.96951,0.35715,0.56764,-0.25728,-0.040888,0.25304,0.27912,0.36975,0.30721,0.47024,0.16738,1.349,0.6745,1.1763,0.51217,0.66305,0.67169,0.6268,0.65134,0.5013,0.31832,0.21854,0.44096,0.38207,0.32407,0.31791,0.58241,0.38887,0.59196,0.50757,-0.41575,-0.0050563,-0.068139,-0.096353,0.71675,0.72153,-0.10221,0.043852,0.137,0.17366,-0.036396,-0.23398,-0.18071,-0.21735,-0.091332,-0.14475,0.60414,0.58495,-0.015708,0.0027188,0.19632,-0.35814,0.51552,0.15131,0.36223,0.095085,0.045143,-0.32987,-0.25051,-0.36425,-0.19257,-0.056895,0.15392,-0.032993
0.58874,0,0.15954,0.12664,0.29828,0.66853,0.43962,0.96264,0.13624,0.8018,0.31734,0.61521,0.041054,0.15196,0.27628,0.42891,0.20527,0.013421,0.037464,0.15006,0.016414,0.2017,0.24038,0.3467,0.21057,0.47894,0.022796,-0.13525,0.34021,0.52674,0.22345,0.2261,-0.076074,0.16063,0.035678,0.42898,0.24709,0.50046,0.33374,0.56024,0.28091,0.35507,0.13908,0.55784,0.034063,0.16129,0.46455,0.34402,0.32957,-0.060549,0.11569,0.1502,0.77308,0.92434,0.53981,0.37973,0.17703,0.5627,0.38631,0.16505,0.48527,0.23698,0.24551,0.12972,-0.0018698,0.47671,0.51399,0.20079,0.43279,0.05794,-0.054807,-0.25952,0.066276,0.091907,0.15549,0.15803,0.25983,0.023018,0.049219,0.071724,0.073504,0.21145,-0.19783,-0.11919,-0.17775,0.073514,-0.11874,0.49697,0.37122,0.28575,0.37942,-0.30053,-0.48579,0.17174,0.034531,0.24264,0.025196,-0.26735,-0.23534,-0.011381,-0.048878,-0.16939,0.088339,-0.37372,-0.37184
0.31637,0.15954,0,0.73657,0.3143,0.24121,0.5588,0.096813,0.32914,0.27055,0.20089,-0.14194,-0.16702,-0.22851,0.26534,0.0046797,0.14242,-0.15526,0.43858,0.13435,0.30024,0.10217,0.6147,0.42001,0.8118,0.71584,0.28184,-0.030168,0.51519,0.83087,0.15293,0.17228,-0.082272,-0.05856,-0.1163,0.23685,-0.11901,0.40673,0.6167,0.10129,0.7108,0.40175,0.20827,0.4218,-0.11629,-0.15595,0.17404,0.2183,0.49336,0.02673,0.17451,0.39243,0.35626,0.15633,0.38864,0.48216,0.75556,0.26323,0.3427,0.39889,0.059643,0.15166,0.0043505,0.0076738,-0.036811,0.20641,0.097095,0.000441,-0.22044,0.36767,0.37609,-0.10546,-0.24718,0.051311,-0.12349,0.51961,0.23496,0.22532,0.27541,0.17891,0.14861,0.98147,0.73517,0.32216,-0.09302,0.045202,-0.20784,0.35568,0.28636,-0.048391,-0.22348,0.6407,0.11674,0.15757,-0.12557,0.44057,-0.19228,0.98289,0.36508,0.24872,-0.032049,-0.25679,-0.42709,0.2664,0.11313
0.41021,0.12664,0.73657,0,0.50481,0.17606,0.347,0.11386,0.49262,0.41177,0.097966,-0.035337,-0.66702,-0.43013,0.24285,0.039551,0.031319,-0.17883,0.26026,-0.27615,0.41433,-0.02909,0.50235,0.055434,0.68122,0.27406,0.40761,0.08695,0.34811,0.33415,-0.33778,-0.14957,-0.66418,-0.13323,-0.71902,-0.058006,-0.49769,0.49825,0.4001,0.22436,0.63254,0.41169,-0.36872,0.098924,-0.57717,-0.39794,0.57633,0.6741,0.25398,0.11356,0.10575,0.23885,0.37783,0.083766,0.50596,0.30388,0.71687,0.72619,0.77395,0.47353,0.16406,-0.1881,-0.25617,-0.11949,-0.12516,0.65075,0.52055,0.052195,-0.022044,0.38708,0.28015,-0.2141,-0.13058,0.21483,0.16766,0.45892,0.3819,-0.042675,0.31287,-0.010443,-0.0044055,0.50504,0.52663,0.35048,0.26339,-0.22902,-0.2892,0.73246,0.68542,0.11112,-0.0099725,0.65428,0.47846,0.15,0.31691,0.34971,0.27487,0.63866,0.26058,-0.14222,-0.17424,0.027764,-0.099732,0.22801,0.20827
1.1684,0.29828,0.3143,0.50481,0,1.0658,0.96935,0.71044,1.3657,0.7457,1.0463,0.74087,0.083171,0.28505,0.76005,0.45126,0.28937,-0.26505,0.012054,0.30847,0.55994,0.32924,1.0239,0.61869,1.0255,0.54261,0.87954,0.64652,0.98653,0.44392,0.21431,0.17734,0.12641,0.23562,0.025432,0.24924,0.16402,0.8727,1.0224,0.96358,1.3049,1.5224,0.14188,0.35159,-0.53759,-0.30173,0.1606,0.28635,0.26903,0.66754,0.6865,0.015221,1.0354,0.58091,1.0275,0.3111,0.65359,0.49114,0.47753,0.96551,0.42778,0.26059,0.14273,0.21666,0.32078,0.26475,0.27301,0.59815,0.40887,0.55001,0.5483,-0.61516,-0.22367,-0.17257,-0.22208,0.88395,0.92281,-0.11084,0.14325,0.15098,0.16549,-0.009475,-0.12611,-0.16992,-0.12114,-0.10188,-0.028885,0.55423,0.51488,-0.1983,-0.26788,0.32438,-0.20595,0.59939,0.35453,0.32713,0.19725,0.041798,-0.30874,-0.39399,-0.4243,-0.25709,0.019059,0.1785,-0.045274
0.70344,0.66853,0.24121,0.17606,1.0658,0,0.82971,1.1895,0.67164,0.92155,0.73982,0.79715,0.28413,0.42598,0.47986,0.45043,0.20301,-0.22641,-0.018633,0.35195,0.27517,0.27358,0.66435,0.66933,0.60203,0.66581,0.42908,0.2504,0.91157,0.68606,0.29619,0.37879,0.35181,0.52043,0.2672,0.67156,0.41266,0.94389,0.8244,0.97408,0.79637,1.0861,0.23516,0.60019,-0.36316,-0.25123,0.090485,0.15784,0.32749,0.47553,0.42056,0.034882,0.94275,0.85459,0.74965,0.2929,0.39558,0.29975,0.23838,0.66174,0.36429,0.39781,0.3412,0.083348,0.23306,0.18088,0.1861,0.54054,0.57612,0.23024,0.2509,-0.76733,-0.33118,-0.30869,-0.33027,0.49497,0.56349,-0.13246,0.0066138,0.11478,0.07335,0.14347,-0.20645,-0.28297,-0.3147,-0.0208,-0.00073909,0.38342,0.29174,-0.27746,-0.31448,-0.041949,-0.5048,0.34045,0.18369,0.10701,0.01559,-0.18614,-0.38996,-0.32594,-0.3615,-0.38658,0.0081205,-0.1487,-0.33416
1.0619,0.43962,0.5588,0.347,0.96935,0.82971,0,0.64533,0.65015,0.62356,0.9073,0.42009,0.30474,0.43092,0.55561,0.21324,0.28478,-0.22232,0.14071,0.27007,0.1323,0.080827,0.65897,0.52797,1.1502,0.8879,0.30112,0.11194,0.85089,0.98367,0.6358,0.68069,0.24517,0.43833,0.38408,0.51016,0.51836,1.0123,1.6554,0.52669,1.3525,0.78578,0.47076,0.62547,-0.28353,-0.17947,0.25154,0.27402,0.41545,0.63636,0.63895,0.030599,1.0836,0.58743,0.73854,0.39352,0.70634,0.42078,0.39565,0.45893,0.05849,0.47729,0.32197,0.3811,0.5117,0.31464,0.21262,0.56903,0.27962,0.49969,0.5535,-0.5081,-0.11088,-0.11471,-0.18948,0.88681,0.51126,0.16381,0.33424,0.5293,0.29382,0.13788,-0.17801,0.033302,-0.25022,0.15223,-0.055344,0.53738,0.53024,-0.25998,-0.32308,0.25395,-0.59521,0.64655,-0.006961,0.39737,-0.15206,0.17846,-0.33909,-0.15482,-0.35239,-0.32322,-0.42883,0.010099,-0.2773
0.70687,0.96264,0.096813,0.11386,0.71044,1.1895,0.64533,0,0.53728,1.2053,0.70774,1.0157,0.28813,0.39026,0.67729,0.75636,0.36351,-0.10048,0.056843,0.42058,0.20893,0.20913,0.49905,0.43529,0.43672,0.5039,0.35735,0.16063,0.71908,0.59965,0.26829,0.29435,0.28555,0.40762,0.19065,0.80233,0.43056,0.93874,0.64318,1.036,0.50899,0.757,0.15978,0.65358,-0.24923,-0.14544,0.3121,0.31691,0.077076,0.38181,0.36034,-0.068518,0.82197,0.73226,0.72918,0.22923,0.25759,0.45195,0.38718,0.42981,0.43515,0.48801,0.42931,0.11498,0.17511,0.30883,0.32163,0.66459,0.73887,0.20648,0.09381,-0.56659,0.0066651,-0.034816,-0.02352,0.48784,0.72238,-0.039354,0.018043,0.12035,0.12012,0.085589,-0.27328,-0.32523,-0.25712,0.078502,-0.0073084,0.46004,0.40042,0.037196,0.067249,-0.10919,-0.48523,0.37758,0.29317,0.08825,0.0054141,-0.39885,-0.25494,-0.4906,-0.56399,-0.49837,-0.056346,-0.30933,-0.40884
0.9778,0.13624,0.32914,0.49262,1.3657,0.67164,0.65015,0.53728,0,0.77576,1.0823,0.59599,0.043886,0.14769,0.99326,0.61657,0.31073,-0.27389,-0.12669,0.28655,0.88614,0.41665,0.94817,0.49139,0.99279,0.44249,0.9109,0.71522,0.72068,0.31576,0.19851,0.14752,0.11225,0.10089,-0.034361,0.2469,0.022526,0.64916,0.73488,0.72078,1.0393,1.0489,0.2227,0.4506,-0.46484,-0.20025,0.1409,0.30114,0.24259,0.43628,0.44962,0.20667,0.68497,0.35052,0.883,0.26133,0.65904,0.49344,0.60233,1.1948,0.52327,0.31642,0.21581,0.38462,0.4078,0.24268,0.28105,0.67139,0.38952,0.78434,0.72138,-0.36454,-0.066106,-0.10523,-0.13201,0.74949,0.87788,-0.22221,-0.067365,-0.015619,0.11368,0.0043763,-0.009023,-0.33975,-0.29859,-0.28671,-0.18949,0.52866,0.56535,-0.17373,-0.16951,0.3354,-0.10368,0.41047,0.28301,0.20225,0.079102,0.18854,-0.12989,-0.40026,-0.41812,-0.16567,0.026354,0.31594,0.11396
0.7168,0.8018,0.27055,0.41177,0.7457,0.92155,0.62356,1.2053,0.77576,0,0.71346,0.74605,0.1233,0.23623,0.73389,0.6816,0.33742,-0.12879,-0.069734,0.15421,0.33269,0.16812,0.48997,0.283,0.59778,0.52697,0.31276,0.05944,0.61363,0.66759,0.2442,0.38753,0.091091,0.40168,0.049954,0.74659,0.25269,0.99271,0.64519,0.7228,0.6183,0.62114,0.16013,0.78221,-0.2791,-0.033276,0.54366,0.58721,0.21548,0.30626,0.2496,0.1507,0.7253,0.53025,0.66281,0.15461,0.34814,0.74798,0.70814,0.65778,0.48717,0.41857,0.33682,0.28476,0.2446,0.66221,0.65496,0.62373,0.63487,0.46297,0.32834,-0.34778,0.14727,0.10956,0.13796,0.50726,0.67063,-0.04056,0.075772,0.11987,0.11173,0.23137,-0.089445,-0.33224,-0.34624,-0.072525,-0.22951,0.76813,0.70619,0.055474,0.11619,-0.0070987,-0.41933,0.25885,0.24889,0.15452,-0.043476,-0.058322,-0.16187,-0.3813,-0.36696,-0.16725,-0.018746,-0.3288,-0.42934
1.1033,0.31734,0.20089,0.097966,1.0463,0.73982,0.9073,0.70774,1.0823,0.71346,0,0.88062,0.54433,0.64976,0.95452,0.54293,0.31725,-0.18931,-0.0055544,0.53003,0.31853,0.27501,0.62563,0.54725,0.75601,0.54704,0.48041,0.4802,0.62716,0.43447,0.71742,0.48755,0.56943,0.36693,0.4692,0.39377,0.5547,0.53011,0.81656,0.62849,0.7698,0.8191,0.64313,0.53485,-0.069856,0.079365,0.13966,0.23543,0.11741,0.46904,0.60525,0.023465,0.75692,0.45488,0.67498,0.12142,0.37081,0.43428,0.45446,0.61067,0.32533,0.49513,0.28473,0.54008,0.46015,0.20161,0.25266,0.87518,0.40176,0.52443,0.48406,-0.26571,0.11886,-0.043745,-0.11093,0.75447,0.75474,0.063618,0.058127,0.31593,0.28604,-0.17495,-0.2812,-0.2745,-0.27109,0.076555,0.022676,0.48033,0.48602,-0.1204,-0.089418,0.27088,-0.54472,0.73684,0.26878,0.31132,-0.039502,-0.067596,-0.3508,-0.24167,-0.42211,-0.22114,-0.073421,0.082645,-0.20179
0.72684,0.61521,-0.14194,-0.035337,0.74087,0.79715,0.42009,1.0157,0.59599,0.74605,0.88062,0,0.30872,0.53269,0.63041,0.70599,0.25748,-0.14389,-0.1287,0.35879,0.15713,0.34499,0.3506,0.4229,0.29391,0.18171,0.55366,0.51833,0.54751,0.28144,0.22955,0.12693,0.35547,0.32482,0.18208,0.28341,0.44644,0.48241,0.42767,0.87269,0.36117,0.74739,0.064508,0.17672,-0.062982,0.10056,0.18676,0.18922,-0.17423,0.30177,0.54952,-0.23385,0.69692,0.71801,0.64453,-0.0071643,-0.033118,0.28945,0.21071,0.37874,0.67074,0.23413,0.099158,0.17524,0.065565,0.19172,0.32673,0.5389,0.59456,0.18561,0.12038,-0.26204,0.16731,0.14059,0.13673,0.54063,0.95679,-0.067084,0.0060233,0.032842,0.016369,-0.28567,-0.511,-0.44653,-0.10135,-0.0028313,-0.063616,0.29121,0.28147,0.30084,0.28399,0.036564,-0.43199,0.49808,0.47301,0.03466,0.023825,-0.55905,-0.28836,-0.28002,-0.42586,-0.3439,0.19474,-0.30211,-0.40061
0.047225,0.041054,-0.16702,-0.66702,0.083171,0.28413,0.30474,0.28813,0.043886,0.1233,0.54433,0.30872,0,1.4655,0.29718,0.16197,0.27693,0.13059,0.13791,0.41235,-0.29205,-0.01966,-0.061779,0.15938,0.038023,0.18671,-0.19245,-0.039441,0.10289,0.13492,1.0699,0.74364,1.3959,0.66078,1.4008,0.45961,1.1583,0.029599,0.25966,0.043004,-0.03258,0.057731,0.80932,0.28089,0.53534,0.44034,-0.15479,-0.16945,-0.067051,0.48378,0.47303,-0.20323,0.0022452,0.05378,-0.22953,-0.33444,-0.29655,-0.20619,-0.22286,0.014025,-0.16798,0.59466,0.52811,0.41935,0.45184,-0.15768,-0.12154,0.50826,0.26679,0.076902,0.1202,0.11819,0.30246,-0.045844,-0.1598,0.1525,0.065044,0.46786,0.13117,0.56961,0.34571,-0.19675,-0.40759,-0.1131,-0.14772,0.67189,0.4705,-0.11256,-0.10843,-0.18053,-0.16036,-0.13099,-0.7967,0.52601,0.12548,0.10735,-0.21956,-0.43636,-0.47052,0.11556,0.012181,-0.1009,-0.063859,-0.17347,-0.39291
0.19353,0.15196,-0.22851,-0.43013,0.28505,0.42598,0.43092,0.39026,0.14769,0.23623,0.64976,0.53269,1.4655,0,0.31554,0.17415,0.2546,0.12972,0.11476,0.22127,-0.29614,-0.095029,-0.034473,0.059292,0.093553,0.17712,-0.11246,-0.010539,0.091305,0.14664,0.76213,0.68462,1.0198,0.89239,0.90797,0.29124,0.9984,0.16514,0.35716,0.13018,0.092597,0.18032,0.48965,0.12912,0.30289,0.33894,0.071741,0.053789,-0.16768,0.68886,0.70531,-0.43435,0.18145,0.25263,-0.072366,-0.39067,-0.21128,0.013145,-0.048181,0.024546,-0.11507,0.46726,0.35812,0.43948,0.47936,0.077504,0.13637,0.59478,0.38344,0.10747,0.14927,0.0023136,0.30645,0.021476,-0.033894,0.35603,0.24576,0.50245,0.3438,0.73236,0.40215,-0.39686,-0.62915,-0.03098,0.0045528,0.62349,0.43967,0.11609,0.12803,-0.094585,-0.072411,-0.051138,-0.79568,0.72428,0.28888,0.1919,-0.042824,-0.58619,-0.66022,0.086133,-0.062325,-0.053491,0.039193,-0.26394,-0.55012
0.81827,0.27628,0.26534,0.24285,0.76005,0.47986,0.55561,0.67729,0.99326,0.73389,0.95452,0.63041,0.29718,0.31554,0,1.25,0.87927,0.13971,0.25991,0.63494,0.77778,0.61506,0.961,0.50841,0.83462,0.61312,0.80712,0.60454,0.62077,0.24398,0.45439,0.31022,0.22753,0.1266,0.095461,0.3715,0.264,0.58769,0.75812,0.78563,0.65287,0.82823,0.36624,0.59809,-0.047346,0.14527,0.16567,0.20376,0.17967,0.43612,0.55981,0.1117,0.58909,0.37341,0.66065,0.24491,0.48334,0.38123,0.51835,0.84035,0.65474,0.78501,0.56177,0.69613,0.53837,0.19717,0.23767,1.1058,0.74305,1.1078,0.79869,-0.076381,0.36597,0.066532,0.025196,0.81591,1.019,0.099257,0.0016905,0.20589,0.35207,0.042207,0.017756,-0.39956,-0.32508,0.12185,0.054519,0.38959,0.39954,0.038549,0.06599,0.1914,-0.25396,0.44958,0.3501,0.31631,0.045936,-0.063837,-0.23163,-0.21327,-0.28752,-0.14536,0.11755,0.098352,-0.023
0.52467,0.42891,0.0046797,0.039551,0.45126,0.45043,0.21324,0.75636,0.61657,0.6816,0.54293,0.70599,0.16197,0.17415,1.25,0,0.87679,0.30917,0.065959,0.65396,0.786,0.83802,0.67916,0.48024,0.37803,0.45865,0.68182,0.57464,0.47565,0.12042,0.21791,0.14697,0.13323,0.024252,-0.029511,0.39104,0.20375,0.49292,0.42144,0.95911,0.33055,0.65579,0.14744,0.50468,-0.070986,0.11273,-0.0057593,-0.016975,0.14797,0.19891,0.29495,0.079839,0.5349,0.55871,0.63408,0.3493,0.27077,0.17308,0.27358,0.63489,0.99813,0.84891,0.71718,0.51875,0.35434,0.016443,0.1031,0.8888,1.1249,0.75983,0.53406,-0.15183,0.28627,-0.071616,-0.0072417,0.46686,0.75887,-0.10221,-0.24446,-0.038093,0.26786,-0.038919,-0.034648,-0.66135,-0.45707,0.0215,0.064873,0.1054,0.10584,0.081962,0.1661,-0.11655,-0.26392,0.095493,0.30498,0.0029528,0.041262,-0.31984,-0.29102,-0.20927,-0.23958,-0.15491,0.3656,-0.071104,-0.092167
0.3544,0.20527,0.14242,0.031319,0.28937,0.20301,0.28478,0.36351,0.31073,0.33742,0.31725,0.25748,0.27693,0.2546,0.87927,0.87679,0,0.86665,0.35442,0.69195,0.49631,0.56518,0.66028,0.40505,0.38505,0.5884,0.40845,0.33502,0.37203,0.13615,0.39058,0.23348,0.12573,-0.047268,0.073837,0.2553,0.20557,0.3998,0.56271,0.58553,0.32931,0.43688,0.25883,0.40123,0.11499,0.23927,-0.063864,-0.16076,0.25273,0.4994,0.54105,-0.07753,0.34924,0.24844,0.27036,0.30068,0.26488,0.095591,0.16753,0.38869,0.48819,0.89302,0.80661,0.63912,0.55137,-0.012953,-0.056136,0.52148,0.58908,0.79674,0.6548,0.024911,0.30066,-0.11794,-0.18372,0.59433,0.43522,0.48754,0.25694,0.44078,0.77094,0.047397,0.0001757,-0.086247,-0.23121,0.60591,0.41602,-0.0060661,-0.027809,-0.032631,-0.029744,-0.04727,-0.20185,0.15449,0.11468,0.41684,0.23616,-0.13788,-0.30707,0.18433,0.066877,0.044058,0.21678,0.0046591,-0.11001
-0.16674,0.013421,-0.15526,-0.17883,-0.26505,-0.22641,-0.22232,-0.10048,-0.27389,-0.12879,-0.18931,-0.14389,0.13059,0.12972,0.13971,0.30917,0.86665,0,0.38612,0.33805,0.10828,0.16942,0.086412,-0.072593,-0.26717,0.21563,-0.15022,-0.084069,-0.26961,-0.25448,0.10806,0.07269,0.00062019,-0.077962,-0.056901,-0.080141,-0.0018071,-0.097145,-0.043965,0.064501,-0.25342,-0.16414,0.071863,0.02597,0.27725,0.33384,-0.16685,-0.31982,0.040137,0.10393,0.091519,-0.22603,-0.096994,-0.026811,-0.20351,0.057442,-0.046252,-0.052625,-0.047688,-0.15777,0.085813,0.44654,0.46353,0.35611,0.23919,-0.1456,-0.17732,0.10045,0.25783,0.20271,0.1245,0.17668,0.20247,-0.23646,-0.21366,0.051072,-0.13635,0.58493,0.24973,0.40829,0.82885,-0.13155,0.015947,0.19941,0.020895,0.71892,0.68118,-0.22988,-0.28874,-0.054199,0.043467,-0.22784,-0.017037,-0.2048,-0.028754,0.25523,0.47672,-0.2674,-0.37222,0.49594,0.33049,0.36252,0.39433,-0.023183,-0.099432
0.0079898,0.037464,0.43858,0.26026,0.012054,-0.018633,0.14071,0.056843,-0.12669,-0.069734,-0.0055544,-0.1287,0.13791,0.11476,0.25991,0.065959,0.35442,0.38612,0,0.27072,-0.0019548,-0.087523,0.34219,0.027426,0.16607,0.2744,0.12035,-0.087921,0.11046,0.04919,0.13877,0.068261,0.05248,0.12385,-0.079676,0.04075,0.046158,0.090066,0.2184,0.068469,0.022887,0.096514,0.045409,0.037986,0.24612,0.15605,0.13726,0.089603,-0.036087,0.17671,0.33212,-0.12838,0.0057365,-0.09093,-0.028041,0.0017137,0.18777,0.12604,0.10323,0.028211,-0.15738,0.15774,0.049442,-0.080859,-0.15279,0.029319,-0.020159,0.12254,-0.027087,0.097137,-0.050539,0.101,0.088799,0.15289,-0.011651,0.27809,0.23663,0.65454,0.43758,0.39355,0.39614,0.41744,0.41119,0.51387,0.48509,0.69789,0.51922,0.15391,0.037262,0.18633,0.070667,0.38746,0.19805,0.36512,0.32515,0.48337,0.25995,-0.0048013,-0.039031,0.21256,-0.003038,-0.19251,-0.10586,0.18772,0.12157
0.37611,0.15006,0.13435,-0.27615,0.30847,0.35195,0.27007,0.42058,0.28655,0.15421,0.53003,0.35879,0.41235,0.22127,0.63494,0.65396,0.69195,0.33805,0.27072,0,0.36897,0.5722,0.6706,0.82307,0.24925,0.61889,0.44016,0.49802,0.51149,0.18087,0.50182,0.14405,0.56447,-0.10772,0.36449,0.38257,0.40176,0.2107,0.43288,0.6703,0.26482,0.54004,0.58919,0.44791,0.12634,0.034751,-0.51628,-0.47045,0.13887,0.18957,0.25979,-0.045698,0.38769,0.28902,0.41523,0.45749,0.24781,-0.12807,-0.05459,0.26204,0.34339,0.76178,0.52213,0.25441,0.21605,-0.48259,-0.46475,0.46333,0.30716,0.25722,0.2246,-0.25608,-0.1058,-0.45237,-0.58147,0.36139,0.35606,0.15262,-0.12369,0.19578,0.51191,-0.029249,0.059583,-0.29611,-0.37496,0.3731,0.47754,-0.22609,-0.31338,-0.27986,-0.27909,0.055137,-0.28318,0.12818,-0.0026033,0.18595,0.0030902,-0.13259,-0.19638,-0.061805,-0.23268,-0.34346,0.075019,0.10514,-0.074333
0.44778,0.016414,0.30024,0.41433,0.55994,0.27517,0.1323,0.20893,0.88614,0.33269,0.31853,0.15713,-0.29205,-0.29614,0.77778,0.786,0.49631,0.10828,-0.0019548,0.36897,0,0.86473,1.0587,0.4865,0.55085,0.42074,0.93858,0.77427,0.39977,-0.040307,-0.10667,-0.17533,-0.22107,-0.34061,-0.41971,-0.010595,-0.40885,0.29033,0.31505,0.59802,0.55988,0.70619,0.036271,0.34203,-0.38906,-0.1838,-0.12788,-0.024987,0.42846,0.070543,0.11133,0.42312,0.36281,0.27181,0.63604,0.53909,0.73144,0.19254,0.36023,1.0117,0.7613,0.36506,0.36118,0.34019,0.31225,-0.051644,0.0048116,0.40703,0.40733,0.84732,0.72847,-0.21582,-0.15618,-0.30895,-0.25164,0.3518,0.46842,-0.34404,-0.34994,-0.29313,0.12755,0.15185,0.3735,-0.39252,-0.41008,-0.35822,-0.09538,0.1547,0.14635,-0.19691,-0.14244,0.070049,0.22841,-0.08516,0.069086,0.13208,0.26638,0.24252,-0.025277,-0.15337,-0.064878,0.019508,0.34916,0.5503,0.50532
0.38636,0.2017,0.10217,-0.02909,0.32924,0.27358,0.080827,0.20913,0.41665,0.16812,0.27501,0.34499,-0.01966,-0.095029,0.61506,0.83802,0.56518,0.16942,-0.087523,0.5722,0.86473,0,0.68672,1.0046,0.37773,0.40169,0.74943,0.93584,0.48892,-0.023647,0.20756,-0.037835,-0.046184,-0.38538,-0.025915,0.0053867,0.027761,0.090308,0.25927,0.65555,0.32577,0.66616,0.20333,0.28601,0.11553,0.20736,-0.36658,-0.39887,0.59265,-0.078296,0.17022,0.50109,0.39216,0.50862,0.43111,0.56554,0.20428,-0.20128,-0.090311,0.69116,1.3025,0.4526,0.46,0.42532,0.2297,-0.2705,-0.17618,0.32307,0.55187,0.69075,0.66428,0.046026,0.05896,-0.18475,-0.18268,0.16354,0.29342,-0.3075,-0.48604,-0.31967,-0.017978,0.11351,0.16916,-0.59275,-0.48769,-0.15783,-0.070842,-0.23601,-0.26598,0.010017,-0.018056,-0.17322,-0.083235,-0.096687,0.04546,0.063515,0.059971,0.011972,-0.15231,0.17435,0.27768,0.10621,0.56568,0.20028,0.28318
0.85658,0.24038,0.6147,0.50235,1.0239,0.66435,0.65897,0.49905,0.94817,0.48997,0.62563,0.3506,-0.061779,-0.034473,0.961,0.67916,0.66028,0.086412,0.34219,0.6706,1.0587,0.68672,0,0.87094,1.0068,0.86985,1.0876,0.69879,0.94132,0.36708,0.20016,0.077387,-0.0020385,-0.083886,-0.13655,0.23587,-0.041122,0.67823,0.91182,0.96665,1.0708,1.3034,0.23437,0.5265,-0.33642,-0.19296,-0.071021,0.0013169,0.50453,0.36079,0.47371,0.23999,0.80512,0.47681,0.95258,0.66115,0.94908,0.29906,0.37916,1.0436,0.58161,0.48506,0.36103,0.28115,0.29568,0.00027021,-0.019159,0.4964,0.36992,0.78545,0.69635,-0.43459,-0.2611,-0.31729,-0.40547,0.76613,0.74671,-0.026635,0.0035186,0.061877,0.32015,0.29935,0.27591,-0.1559,-0.26942,0.0039831,0.078233,0.29241,0.21236,-0.21812,-0.28215,0.2766,-0.0075943,0.2582,0.12046,0.41581,0.22857,0.23054,-0.15829,-0.13102,-0.22195,-0.2566,0.059288,0.41474,0.2266
0.65068,0.3467,0.42001,0.055434,0.61869,0.66933,0.52797,0.43529,0.49139,0.283,0.54725,0.4229,0.15938,0.059292,0.50841,0.48024,0.40505,-0.072593,0.027426,0.82307,0.4865,1.0046,0.87094,0,0.67033,0.73301,0.6589,0.72017,1.0283,0.44856,0.46795,0.15411,0.21462,-0.1951,0.27456,0.31445,0.30337,0.35178,0.65935,0.83822,0.6783,1.0382,0.46179,0.49927,0.026742,-0.017875,-0.38112,-0.36016,0.71235,0.11094,0.31137,0.42546,0.72064,0.61221,0.63778,0.75698,0.36142,-0.10539,-0.058432,0.66427,0.69525,0.43291,0.37565,0.1885,0.14824,-0.26503,-0.26954,0.28282,0.30139,0.41396,0.46699,-0.28084,-0.26309,-0.32638,-0.49183,0.34654,0.31858,-0.16013,-0.23222,-0.085549,0.052773,0.30019,0.14309,-0.281,-0.38971,0.018877,0.016584,-0.11949,-0.20149,-0.19863,-0.34781,0.081772,-0.24008,0.15646,0.019281,0.21181,-0.050486,0.17345,-0.11927,0.081445,0.027223,-0.21486,0.12318,0.19514,0.10732
0.98642,0.21057,0.8118,0.68122,1.0255,0.60203,1.1502,0.43672,0.99279,0.59778,0.75601,0.29391,0.038023,0.093553,0.83462,0.37803,0.38505,-0.26717,0.16607,0.24925,0.55085,0.37773,1.0068,0.67033,0,0.83956,0.69709,0.40668,0.95611,0.71535,0.39303,0.40483,0.0052267,0.11829,0.0769,0.3524,0.16965,0.84495,1.3565,0.55264,1.6202,1.0069,0.31475,0.60754,-0.30536,-0.1785,0.23319,0.29863,0.53258,0.45871,0.49985,0.31257,0.81093,0.39057,0.78884,0.4736,0.8908,0.4084,0.53743,0.86672,0.33188,0.3895,0.25662,0.42129,0.4786,0.32953,0.22974,0.58231,0.30291,0.953,0.94757,-0.26059,-0.0033278,0.023156,-0.097916,0.9172,0.66694,-0.0085605,0.15595,0.21276,0.10208,0.35795,0.14866,-0.069573,-0.26252,-0.076808,-0.25407,0.51795,0.5428,-0.16702,-0.30176,0.46615,-0.16191,0.43727,0.11409,0.37855,-0.1155,0.49154,-0.039406,-0.13842,-0.2434,-0.16808,-0.24966,0.19724,0.042285
0.6684,0.47894,0.71584,0.27406,0.54261,0.66581,0.8879,0.5039,0.44249,0.52697,0.54704,0.18171,0.18671,0.17712,0.61312,0.45865,0.5884,0.21563,0.2744,0.61889,0.42074,0.40169,0.86985,0.73301,0.83956,0,0.24924,0.056478,0.5767,0.77978,0.5544,0.6365,0.19619,0.19805,0.23918,0.54591,0.3157,0.70997,1.0512,0.5343,0.8873,0.67293,0.61961,0.99229,-0.12898,-0.073554,0.020349,0.028039,0.67424,0.24131,0.21736,0.22947,0.83167,0.64025,0.65345,0.72678,0.91978,0.32277,0.41624,0.44541,0.25319,0.83972,0.58065,0.54764,0.57635,0.13821,0.046779,0.59452,0.42086,0.64162,0.66342,-0.38982,-0.14424,-0.39846,-0.44552,0.61058,0.27695,0.16956,0.1136,0.44665,0.49447,0.31565,0.16613,-0.086484,-0.5813,0.19438,0.07665,0.32819,0.24311,-0.46068,-0.44432,0.094194,-0.45823,0.086095,-0.22378,0.39757,-0.0678,0.2885,-0.29177,0.12005,-0.081607,-0.079173,-0.073367,-0.0062592,-0.24265
0.61243,0.022796,0.28184,0.40761,0.87954,0.42908,0.30112,0.35735,0.9109,0.31276,0.48041,0.55366,-0.19245,-0.11246,0.80712,0.68182,0.40845,-0.15022,0.12035,0.44016,0.93858,0.74943,1.0876,0.6589,0.69709,0.24924,0,1.3161,0.84034,0.099335,-0.09917,-0.26349,-0.071896,-0.21636,-0.31664,-0.01957,-0.1407,0.4339,0.52097,0.87943,0.68428,1.1706,-0.1482,0.052131,-0.36017,-0.22017,-0.12177,-0.029206,0.10847,0.30288,0.52543,0.056328,0.53895,0.36438,0.83569,0.36902,0.44896,0.078596,0.16272,0.9142,0.80638,0.16828,0.050327,0.061024,0.035102,-0.099628,-0.029887,0.35291,0.32962,0.59468,0.53182,-0.26162,-0.12472,-0.030969,-0.10192,0.68887,1.1079,-0.23818,-0.1012,-0.22922,-0.01641,0.07912,0.16621,-0.34616,-0.072634,-0.22232,-0.088806,0.096222,0.092703,0.10019,-0.046573,0.39877,0.20514,0.28434,0.39471,0.11673,0.12223,0.069289,0.040954,-0.27978,-0.3141,-0.3603,0.17911,0.32348,0.29016
0.48197,-0.13525,-0.030168,0.08695,0.64652,0.2504,0.11194,0.16063,0.71522,0.05944,0.4802,0.51833,-0.039441,-0.010539,0.60454,0.57464,0.33502,-0.084069,-0.087921,0.49802,0.77427,0.93584,0.69879,0.72017,0.40668,0.056478,1.3161,0,0.57417,-0.1759,0.012796,-0.31682,0.042901,-0.36757,-0.11593,-0.20341,-0.059327,0.083364,0.26408,0.70178,0.4025,0.86049,-0.020524,-0.092518,-0.15445,-0.079412,-0.36375,-0.2761,0.11314,0.21115,0.44441,0.11022,0.34225,0.24921,0.51806,0.27593,0.16712,-0.1439,-0.059064,0.69995,0.80532,0.12335,0.079516,0.13122,0.066397,-0.32112,-0.20926,0.29773,0.2924,0.46631,0.45341,-0.10918,-0.073239,-0.11645,-0.18263,0.38111,0.62368,-0.31446,-0.28142,-0.31101,-0.044964,-0.17879,0.019853,-0.37944,-0.055161,-0.19726,0.023855,-0.1702,-0.14927,0.039351,-0.073228,0.23588,0.17897,0.25352,0.40265,0.060658,0.23056,-0.047691,-0.061616,-0.16201,-0.12182,-0.12465,0.37206,0.44442,0.426
0.76968,0.34021,0.51519,0.34811,0.98653,0.91157,0.85089,0.71908,0.72068,0.61363,0.62716,0.54751,0.10289,0.091305,0.62077,0.47565,0.37203,-0.26961,0.11046,0.51149,0.39977,0.48892,0.94132,1.0283,0.95611,0.5767,0.84034,0.57417,0,0.74898,0.32841,0.20541,0.15006,0.080935,0.15747,0.58487,0.34971,0.9586,1.0841,1.0838,1.006,1.2702,0.16829,0.46707,-0.31167,-0.27344,-0.11869,-0.070705,0.44777,0.48652,0.57379,0.18396,0.91702,0.52412,0.85474,0.54945,0.43396,0.057067,0.051485,0.8707,0.48685,0.40005,0.32507,-0.0061873,0.074938,-0.0535,-0.10552,0.37288,0.35034,0.44375,0.45094,-0.55358,-0.28022,-0.15427,-0.30886,0.65829,0.71242,-0.11929,0.012677,-0.00092902,0.037727,0.40912,0.10767,-0.22441,-0.21691,0.017344,-0.043885,0.097169,0.049787,-0.11337,-0.32032,0.26872,-0.24274,0.40061,0.24719,0.1142,-0.157,0.14239,-0.10538,-0.30167,-0.35957,-0.57865,-0.19046,0.083144,-0.038416
0.48781,0.52674,0.83087,0.33415,0.44392,0.68606,0.98367,0.59965,0.31576,0.66759,0.43447,0.28144,0.13492,0.14664,0.24398,0.12042,0.13615,-0.25448,0.04919,0.18087,-0.040307,-0.023647,0.36708,0.44856,0.71535,0.77978,0.099335,-0.1759,0.74898,0,0.378,0.56252,0.22701,0.37433,0.29288,0.79861,0.40384,0.91207,0.94468,0.33648,0.79483,0.47265,0.29924,0.66943,-0.21333,-0.23122,0.22779,0.21374,0.33291,0.24111,0.24347,0.094598,0.68634,0.4732,0.52112,0.3785,0.45817,0.24717,0.24883,0.22634,0.039081,0.35722,0.20331,0.067519,0.12157,0.27718,0.1333,0.21702,0.10449,0.21302,0.26758,-0.41363,-0.19052,-0.0115,-0.11974,0.61278,0.31524,0.15301,0.28068,0.32006,0.10927,0.50222,0.045678,0.053492,-0.34785,0.076765,-0.29583,0.33729,0.32175,-0.12648,-0.25415,0.28007,-0.45293,0.1929,-0.18021,0.13128,-0.47101,0.37275,0.080296,-0.018221,-0.35583,-0.47445,-0.65244,-0.27865,-0.50442
0.42966,0.22345,0.15293,-0.33778,0.21431,0.29619,0.6358,0.26829,0.19851,0.2442,0.71742,0.22955,1.0699,0.76213,0.45439,0.21791,0.39058,0.10806,0.13877,0.50182,-0.10667,0.20756,0.20016,0.46795,0.39303,0.5544,-0.09917,0.012796,0.32841,0.378,0,1.0953,0.70923,0.39992,1.2609,0.54548,1.1251,0.19836,0.55541,0.16183,0.27914,0.18954,1.4296,0.67245,0.55445,0.56169,-0.12072,-0.17727,0.39104,0.27615,0.37222,0.21105,0.31237,0.18328,0.03462,0.064984,0.014789,-0.023679,-0.033143,0.21916,0.013355,0.71067,0.63518,0.71569,0.58487,-0.06173,-0.091795,0.5193,0.24899,0.38867,0.41623,0.11702,0.30302,-0.079014,-0.20976,0.21548,0.042171,0.33534,0.029888,0.48889,0.33184,0.0396,-0.243,-0.13964,-0.36619,0.48919,0.21754,0.011416,-0.0018088,-0.20057,-0.16958,-0.10109,-0.95674,0.42784,-0.093098,0.25028,-0.30301,-0.055101,-0.49649,0.22662,0.11743,0.013522,-0.16289,-0.033635,-0.24386
0.30259,0.2261,0.17228,-0.14957,0.17734,0.37879,0.68069,0.29435,0.14752,0.38753,0.48755,0.12693,0.74364,0.68462,0.31022,0.14697,0.23348,0.07269,0.068261,0.14405,-0.17533,-0.037835,0.077387,0.15411,0.40483,0.6365,-0.26349,-0.31682,0.20541,0.56252,1.0953,0,0.53424,0.91079,0.92621,0.77772,1.0087,0.4668,0.61725,0.063574,0.31915,0.086596,0.84058,0.78365,0.22561,0.30213,0.066577,0.010356,0.30699,0.28201,0.15541,0.11216,0.3101,0.21665,0.034424,-0.023537,0.12941,0.081187,0.099068,0.14119,-0.17064,0.70445,0.61777,0.69182,0.73669,0.14383,0.055068,0.65056,0.41889,0.40625,0.45852,-0.052411,0.25531,-0.1236,-0.15502,0.22653,0.006407,0.19654,0.048692,0.50955,0.2084,0.055224,-0.30191,-0.18221,-0.4977,0.2585,0.0040653,0.16698,0.19632,-0.36382,-0.29223,-0.1449,-1.0501,0.15633,-0.18575,-0.031643,-0.44049,-0.034962,-0.57834,0.10278,-0.03924,0.056608,-0.26915,-0.29499,-0.52014
-0.0054565,-0.076074,-0.082272,-0.66418,0.12641,0.35181,0.24517,0.28555,0.11225,0.091091,0.56943,0.35547,1.3959,1.0198,0.22753,0.13323,0.12573,0.00062019,0.05248,0.56447,-0.22107,-0.046184,-0.0020385,0.21462,0.0052267,0.19619,-0.071896,0.042901,0.15006,0.22701,0.70923,0.53424,0,0.62331,1.1428,0.47916,0.89186,0.033512,0.23063,0.068342,0.0051644,0.13318,0.70807,0.22964,0.31718,0.17181,-0.31933,-0.25356,-0.23678,0.36334,0.33203,-0.30526,-0.013222,0.043499,-0.11668,-0.30169,-0.21319,-0.29014,-0.25868,-0.022365,-0.1985,0.49298,0.31869,0.20617,0.26941,-0.3274,-0.28075,0.42718,0.13035,-0.065585,0.019765,-0.058193,0.036645,-0.19289,-0.3187,0.21685,0.14533,0.31598,0.039998,0.41855,0.27599,-0.22483,-0.31478,-0.19097,-0.24376,0.43099,0.35907,-0.18464,-0.18033,-0.30208,-0.30954,0.041874,-0.61246,0.34857,0.028527,-0.043949,-0.31514,-0.3142,-0.24608,0.0056237,-0.23608,-0.31934,-0.17577,-0.16192,-0.43961
0.078959,0.16063,-0.05856,-0.13323,0.23562,0.52043,0.43833,0.40762,0.10089,0.40168,0.36693,0.32482,0.66078,0.89239,0.1266,0.024252,-0.047268,-0.077962,0.12385,-0.10772,-0.34061,-0.38538,-0.083886,-0.1951,0.11829,0.19805,-0.21636,-0.36757,0.080935,0.37433,0.39992,0.91079,0.62331,0,0.56964,0.5729,0.71746,0.45358,0.35615,0.036705,0.13021,0.0641,0.24252,0.27538,0.00060363,0.087936,0.2344,0.23205,-0.20151,0.43349,0.26175,-0.33023,0.14826,0.17299,-0.04217,-0.46772,-0.071678,0.11679,0.054873,0.023807,-0.3303,0.29444,0.20345,0.19514,0.31852,0.23177,0.21588,0.51413,0.3662,0.028548,0.056691,-0.20469,0.1184,-0.0038851,0.010154,0.24051,0.20973,0.19423,0.20365,0.43615,0.073176,-0.1196,-0.46815,-0.10753,-0.11122,0.19764,0.054624,0.28786,0.30647,-0.18374,-0.1433,-0.065524,-0.68638,0.28555,0.10848,-0.16682,-0.25058,-0.38892,-0.52591,-0.13793,-0.30364,-0.1642,-0.23741,-0.45149,-0.6929
0.084244,0.035678,-0.1163,-0.71902,0.025432,0.2672,0.38408,0.19065,-0.034361,0.049954,0.4692,0.18208,1.4008,0.90797,0.095461,-0.029511,0.073837,-0.056901,-0.079676,0.36449,-0.41971,-0.025915,-0.13655,0.27456,0.0769,0.23918,-0.31664,-0.11593,0.15747,0.29288,1.2609,0.92621,1.1428,0.56964,0,0.56153,1.3333,0.03765,0.27988,-0.025243,0.026549,-0.00074625,1.0426,0.40587,0.50154,0.35325,-0.27104,-0.30298,0.095348,0.2581,0.20224,-0.0091267,0.041316,0.035083,-0.21839,-0.1935,-0.27745,-0.30736,-0.3194,-0.071517,-0.25311,0.4696,0.44666,0.37195,0.43625,-0.23709,-0.27142,0.34419,0.13102,-0.004781,0.10351,0.053957,0.16325,-0.14818,-0.26699,-5.956e-05,-0.14761,0.21972,-0.046895,0.38947,0.11351,-0.13661,-0.45042,-0.17688,-0.34169,0.39642,0.19671,-0.21736,-0.19432,-0.32671,-0.31596,-0.207,-0.94931,0.27559,-0.16583,-0.050878,-0.43725,-0.21589,-0.38304,0.10032,0.010707,-0.078377,-0.26263,-0.21627,-0.40138
0.27184,0.42898,0.23685,-0.058006,0.24924,0.67156,0.51016,0.80233,0.2469,0.74659,0.39377,0.28341,0.45961,0.29124,0.3715,0.39104,0.2553,-0.080141,0.04075,0.38257,-0.010595,0.0053867,0.23587,0.31445,0.3524,0.54591,-0.01957,-0.20341,0.58487,0.79861,0.54548,0.77772,0.47916,0.5729,0.56153,0,0.70243,0.8101,0.56933,0.45811,0.31057,0.27816,0.47795,1.0575,-0.056733,-0.078181,-0.02469,-0.020943,0.21026,0.23924,0.01652,0.12758,0.37665,0.22635,0.27194,0.17403,0.14046,0.078709,0.088475,0.2925,0.011142,0.66938,0.68045,0.11617,0.25962,0.011967,-0.091328,0.51138,0.45805,0.16395,0.12634,-0.41842,-0.04337,-0.21412,-0.28687,0.1807,0.20575,-0.032282,-0.13409,0.11706,0.062693,0.36107,-0.10017,-0.33571,-0.52469,0.1253,-0.019774,0.087711,0.070601,-0.30602,-0.29498,-0.14241,-0.63383,0.018175,-0.047514,-0.25419,-0.48281,-0.085467,-0.19053,-0.3585,-0.45654,-0.4645,-0.40082,-0.33246,-0.45748
0.24982,0.24709,-0.11901,-0.49769,0.16402,0.41266,0.51836,0.43056,0.022526,0.25269,0.5547,0.44644,1.1583,0.9984,0.264,0.20375,0.20557,-0.0018071,0.046158,0.40176,-0.40885,0.027761,-0.041122,0.30337,0.16965,0.3157,-0.1407,-0.059327,0.34971,0.40384,1.1251,1.0087,0.89186,0.71746,1.3333,0.70243,0,0.32126,0.47983,0.2437,0.11856,0.16105,0.66213,0.37962,0.35757,0.30864,-0.15869,-0.21155,0.039392,0.39266,0.38019,-0.17606,0.32394,0.30176,0.041347,-0.073565,-0.22796,-0.19188,-0.24592,0.013779,-0.061453,0.63174,0.50036,0.3468,0.35496,-0.13261,-0.13912,0.562,0.42602,0.097785,0.14532,-0.088282,0.258,-0.057007,-0.13556,0.19861,0.13925,0.22123,0.054791,0.46416,0.19052,-0.15408,-0.48309,-0.2716,-0.24992,0.46997,0.26503,-0.13371,-0.12798,-0.15703,-0.17989,-0.12484,-1.2037,0.41201,0.1068,-0.10728,-0.48731,-0.40834,-0.59719,-0.027537,-0.14209,-0.22338,-0.15723,-0.43346,-0.64427
0.75349,0.50046,0.40673,0.49825,0.8727,0.94389,1.0123,0.93874,0.64916,0.99271,0.53011,0.48241,0.029599,0.16514,0.58769,0.49292,0.3998,-0.097145,0.090066,0.2107,0.29033,0.090308,0.67823,0.35178,0.84495,0.70997,0.4339,0.083364,0.9586,0.91207,0.19836,0.4668,0.033512,0.45358,0.03765,0.8101,0.32126,0,1.24,0.8639,1.0082,0.79248,0.043201,0.63691,-0.62906,-0.41384,0.23572,0.26014,0.26068,0.61891,0.41005,-0.069016,1.0271,0.58812,0.90452,0.42134,0.64326,0.4202,0.40453,0.57647,0.22047,0.52372,0.42694,0.14955,0.33884,0.30158,0.1932,0.59986,0.5851,0.48186,0.4464,-0.79855,-0.17293,-0.18242,-0.18421,0.78498,0.69977,-0.041106,0.19879,0.24559,0.20616,0.22544,-0.10501,-0.18009,-0.30138,0.0046649,-0.088381,0.44536,0.43845,-0.22818,-0.27975,0.12989,-0.39951,0.25884,0.13325,0.023812,-0.14109,0.015079,-0.29543,-0.47048,-0.61192,-0.46884,-0.29193,-0.18871,-0.37495
0.95637,0.33374,0.6167,0.4001,1.0224,0.8244,1.6554,0.64318,0.73488,0.64519,0.81656,0.42767,0.25966,0.35716,0.75812,0.42144,0.56271,-0.043965,0.2184,0.43288,0.31505,0.25927,0.91182,0.65935,1.3565,1.0512,0.52097,0.26408,1.0841,0.94468,0.55541,0.61725,0.23063,0.35615,0.27988,0.56933,0.47983,1.24,0,0.72543,1.4882,1.0016,0.37139,0.62734,-0.32563,-0.2114,0.10501,0.12679,0.42562,0.76102,0.71923,-0.010357,1.091,0.58589,0.82594,0.49016,0.76111,0.29956,0.33719,0.62131,0.21387,0.66957,0.45684,0.41259,0.55381,0.19137,0.085049,0.67486,0.43202,0.72547,0.78027,-0.50754,-0.096682,-0.17798,-0.28395,1.151,0.67929,0.18884,0.33329,0.5137,0.39233,0.19616,-0.060698,-0.051035,-0.30159,0.21439,0.031417,0.36784,0.36129,-0.29762,-0.42157,0.32089,-0.4783,0.50733,0.073788,0.33795,-0.14396,0.19212,-0.32322,-0.13588,-0.35397,-0.33857,-0.2972,-0.0010891,-0.27499
0.86408,0.56024,0.10129,0.22436,0.96358,0.97408,0.52669,1.036,0.72078,0.7228,0.62849,0.87269,0.043004,0.13018,0.78563,0.95911,0.58553,0.064501,0.068469,0.6703,0.59802,0.65555,0.96665,0.83822,0.55264,0.5343,0.87943,0.70178,1.0838,0.33648,0.16183,0.063574,0.068342,0.036705,-0.025243,0.45811,0.2437,0.8639,0.72543,0,0.67006,1.2837,0.047706,0.4368,-0.37457,-0.22755,-0.10167,-0.075387,0.28411,0.40306,0.4489,0.022929,1.054,0.77082,1.074,0.57626,0.39193,0.22102,0.19223,0.78161,0.8032,0.49632,0.45939,0.099369,0.14475,-0.040497,-0.016245,0.57793,0.77376,0.42046,0.32602,-0.68214,-0.20324,-0.31306,-0.33079,0.54077,0.80651,-0.21088,-0.12155,-0.067312,0.18204,0.047712,-0.10204,-0.39539,-0.22169,0.011652,0.14566,0.13248,0.063704,-0.086285,-0.13062,-0.0034408,-0.23152,0.25548,0.3864,0.061337,0.19375,-0.27867,-0.37958,-0.41007,-0.41342,-0.40113,0.22178,0.028876,-0.063219
1.0922,0.28091,0.7108,0.63254,1.3049,0.79637,1.3525,0.50899,1.0393,0.6183,0.7698,0.36117,-0.03258,0.092597,0.65287,0.33055,0.32931,-0.25342,0.022887,0.26482,0.55988,0.32577,1.0708,0.6783,1.6202,0.8873,0.68428,0.4025,1.006,0.79483,0.27914,0.31915,0.0051644,0.13021,0.026549,0.31057,0.11856,1.0082,1.4882,0.67006,0,1.1678,0.24084,0.53026,-0.56375,-0.37964,0.15513,0.24009,0.53291,0.54279,0.53912,0.1673,1.1096,0.58977,1.0557,0.60814,1.0888,0.42057,0.48702,0.79854,0.30788,0.37795,0.23746,0.32763,0.46155,0.26535,0.18337,0.48513,0.27402,0.72898,0.81729,-0.57081,-0.26833,-0.20521,-0.26211,1.0014,0.64355,-0.054323,0.19572,0.24607,0.20962,0.20911,0.048273,-0.064364,-0.32369,-0.11953,-0.19284,0.50686,0.50846,-0.31445,-0.41403,0.3716,-0.23414,0.40321,0.0010609,0.36665,-0.040909,0.4144,-0.14861,-0.19583,-0.32663,-0.25733,-0.23946,0.20274,-0.035668
0.96951,0.35507,0.40175,0.41169,1.5224,1.0861,0.78578,0.757,1.0489,0.62114,0.8191,0.74739,0.057731,0.18032,0.82823,0.65579,0.43688,-0.16414,0.096514,0.54004,0.70619,0.66616,1.3034,1.0382,1.0069,0.67293,1.1706,0.86049,1.2702,0.47265,0.18954,0.086596,0.13318,0.0641,-0.00074625,0.27816,0.16105,0.79248,1.0016,1.2837,1.1678,0,0.11844,0.37255,-0.42029,-0.29874,-0.025402,0.060909,0.37476,0.51219,0.64448,0.096178,1.0534,0.75228,1.113,0.53486,0.63283,0.24048,0.27946,0.99927,0.68864,0.38366,0.25969,0.16299,0.22937,0.058334,0.074534,0.57092,0.51722,0.58289,0.57862,-0.57097,-0.26362,-0.22077,-0.30537,0.84596,0.92598,-0.14657,0.017111,0.036734,0.1311,0.13609,0.029395,-0.24564,-0.1969,-0.063517,0.00043797,0.28158,0.22953,-0.15539,-0.29283,0.29349,-0.13937,0.44059,0.34547,0.27102,0.14522,0.042486,-0.20703,-0.25474,-0.32935,-0.34944,0.11552,0.17888,0.022438
0.35715,0.13908,0.20827,-0.36872,0.14188,0.23516,0.47076,0.15978,0.2227,0.16013,0.64313,0.064508,0.80932,0.48965,0.36624,0.14744,0.25883,0.071863,0.045409,0.58919,0.036271,0.20333,0.23437,0.46179,0.31475,0.61961,-0.1482,-0.020524,0.16829,0.29924,1.4296,0.84058,0.70807,0.24252,1.0426,0.47795,0.66213,0.043201,0.37139,0.047706,0.24084,0.11844,0,0.82865,0.48402,0.44104,-0.20669,-0.20059,0.41546,0.044491,0.075293,0.35024,0.18866,0.078203,0.021159,0.12924,0.15699,0.022368,0.068007,0.17615,-0.055485,0.60686,0.54183,0.6878,0.59625,-0.13382,-0.16329,0.41119,0.077665,0.29553,0.33896,0.078766,0.11733,-0.27012,-0.38219,0.074957,-0.10653,0.19528,-0.15206,0.32964,0.29272,0.044799,-0.12616,-0.17329,-0.56238,0.26614,0.134,0.035703,0.010142,-0.39802,-0.27557,-0.12945,-0.70817,0.17405,-0.35684,0.23797,-0.2561,0.10912,-0.30808,0.20702,0.098294,0.059633,-0.17826,0.11821,-0.10229
0.56764,0.55784,0.4218,0.098924,0.35159,0.60019,0.62547,0.65358,0.4506,0.78221,0.53485,0.17672,0.28089,0.12912,0.59809,0.50468,0.40123,0.02597,0.037986,0.44791,0.34203,0.28601,0.5265,0.49927,0.60754,0.99229,0.052131,-0.092518,0.46707,0.66943,0.67245,0.78365,0.22964,0.27538,0.40587,1.0575,0.37962,0.63691,0.62734,0.4368,0.53026,0.37255,0.82865,0,0.011199,0.088457,0.10438,0.098921,0.61714,0.038782,-0.081908,0.53031,0.50682,0.32028,0.40691,0.41698,0.504,0.36254,0.44137,0.47471,0.21113,0.73128,0.75634,0.53425,0.55554,0.19344,0.091846,0.59484,0.45928,0.51355,0.43184,-0.25034,0.036748,-0.25699,-0.27953,0.19485,0.13532,-0.072129,-0.23752,0.10101,0.14115,0.3947,0.014804,-0.33034,-0.80371,-0.014268,-0.1615,0.34445,0.3056,-0.35552,-0.2237,-0.21325,-0.55503,-0.058549,-0.2829,0.088452,-0.22939,0.16892,-0.2006,-0.13563,-0.17008,-0.080617,-0.22424,-0.067114,-0.17529
-0.25728,0.034063,-0.11629,-0.57717,-0.53759,-0.36316,-0.28353,-0.24923,-0.46484,-0.2791,-0.069856,-0.062982,0.53534,0.30289,-0.047346,-0.070986,0.11499,0.27725,0.24612,0.12634,-0.38906,0.11553,-0.33642,0.026742,-0.30536,-0.12898,-0.36017,-0.15445,-0.31167,-0.21333,0.55445,0.22561,0.31718,0.00060363,0.50154,-0.056733,0.35757,-0.62906,-0.32563,-0.37457,-0.56375,-0.42029,0.48402,0.011199,0,1.4551,-0.079724,-0.24067,-0.0047915,-0.34272,-0.01495,0.18743,-0.42617,-0.24742,-0.65794,-0.37858,-0.68983,-0.27543,-0.31847,-0.27108,0.011024,0.022739,0.055773,0.25023,-0.067563,-0.12626,-0.071723,-0.15246,-0.15515,-0.088258,-0.13185,1.045,0.62027,0.3977,0.23669,-0.34961,-0.30224,0.43276,-0.032313,0.086847,-0.024984,0.096548,-0.056733,0.053668,0.090556,0.47004,0.13605,-0.27421,-0.31421,0.44163,0.43339,-0.19426,-0.19589,0.047616,-0.05544,0.16096,-0.1289,-0.17225,0.0050025,0.74267,0.64599,0.29389,0.13586,-0.12881,-0.025311
