,,,,,,,,,,,,,,,,,,,,,,,,,,,,,,,,,,,,,,,,,,,,,,,,,,,,,,,,,,,,,,,,,,,,,,,,,,,,,,,,,,,,,,,,,,,,,,,,,,,,,,,,
0,0.60672,0.21304,0.19187,0.7357,0.55333,1.1272,0.66246,0.46543,0.39863,0.95961,0.36827,0.11986,0.091276,0.35987,0.22653,-0.18274,-0.1058,0.0062427,0.16539,-0.023587,-0.069791,0.56647,0.22071,0.4585,0.39709,0.31044,-0.00020088,0.57432,0.4675,0.65709,0.71135,0.23966,0.37293,0.35441,0.56318,0.81307,0.62343,0.68817,0.69153,0.80991,0.41295,0.48166,0.41778,-0.13212,0.040964,0.11828,0.16351,0.45066,0.040039,0.094422,0.10671,1.2818,0.66375,0.57983,0.42992,0.46439,0.27433,0.11989,0.59865,0.33046,0.38083,0.2757,0.25401,0.11829,0.2364,0.20918,0.41202,0.2642,0.21769,0.13764,-0.35807,0.045229,0.098139,0.099707,0.43287,0.38114,-0.14903,-0.029993,0.12329,0.052343,-0.15379,-0.056139,-0.14298,-0.096303,-0.1109,-0.08358,0.24126,0.22537,-0.037214,-0.06513,0.26269,-0.56607,0.72791,0.04368,0.045592,-0.53658,-0.24518,-0.4333,0.075476,-0.34632,-0.27403,-0.31146,0.075893,-0.067686
0.60672,0,-0.023261,-0.14694,-0.036955,0.50153,0.41754,1.2017,-0.042592,0.41862,0.40289,0.26744,0.071048,-0.014946,-0.073636,0.069584,-0.25662,-0.054582,0.13837,0.18921,-0.12271,-0.19289,0.40947,0.42156,0.0060096,0.21227,-0.19434,-0.56991,0.52765,0.70704,0.6341,0.41778,0.052911,0.064855,0.17731,0.66393,0.47395,0.37563,0.19693,0.53896,0.21261,0.15877,0.32311,0.59865,0.0067246,0.11363,0.012123,0.0049006,0.47614,-0.2648,-0.15543,0.11459,0.54138,0.51657,0.15304,0.64209,0.27922,0.21085,0.0087382,0.1074,0.1572,0.12207,0.31174,-0.060057,0.013491,-0.021952,-0.039222,-0.025882,0.10788,-0.18177,-0.22159,-0.21939,-0.11467,0.042867,-0.014925,-0.089238,-0.0037186,-0.19538,-0.29896,-0.34927,-0.24481,-0.042217,-0.17349,-0.12228,-0.27679,-0.15593,-0.21848,0.047144,-0.022289,0.035456,0.15304,-0.33376,-0.39864,0.13658,0.019912,-0.14581,-0.29558,-0.50711,-0.20581,0.12649,0.0044235,-0.38683,-0.27126,0.060804,0.0065437
0.21304,-0.023261,0,0.79586,0.72364,0.80907,0.22621,0.025639,0.52037,0.16158,0.15088,0.039784,0.48998,0.65104,0.56856,0.33015,0.6595,0.38029,0.63533,0.15006,0.27314,0.39322,0.28888,0.32654,0.80287,0.87029,0.31382,0.24148,0.11588,-0.00025287,0.053419,0.37144,0.26455,0.70845,0.046437,0.18861,0.22226,0.64222,0.86424,0.65932,0.39852,0.82985,-0.092051,0.20945,-0.1753,0.081103,0.23663,0.21709,0.39419,1.1006,1.0468,0.23438,0.36602,0.47728,0.48408,0.11684,0.20949,0.16638,0.17614,0.88776,0.18649,0.089766,0.22785,0.28199,0.29378,0.46513,0.48381,0.16548,0.2337,0.49333,0.42208,-0.22357,0.035153,-0.066524,-0.089971,0.90924,0.70469,0.93403,1.1851,0.74034,0.63224,1.0108,0.62006,0.60629,0.54626,0.70071,0.50789,0.20254,0.1945,-0.1384,-0.27029,0.0013943,-0.47745,0.22688,-0.1523,0.66078,0.13661,0.10265,-0.67236,0.008234,-0.14934,0.11281,0.052008,-0.19201,-0.35424
0.19187,-0.14694,0.79586,0,0.57102,0.2584,0.095424,-0.096473,0.4614,0.21427,0.0015254,-0.084948,-0.14648,0.12461,0.23201,0.064187,0.11435,0.1647,0.20955,-0.2548,0.19067,-0.00044023,0.13674,-0.2604,0.54327,0.19584,0.29532,0.032317,0.0035115,-0.16834,-0.35595,0.0026131,-0.24295,0.57667,-0.32291,0.15865,-0.10908,0.58026,0.42855,0.46874,0.30174,0.36077,-0.43485,-0.083083,-0.24417,-0.028852,0.48345,0.48694,0.10601,0.47849,0.50455,0.26107,0.18449,0.02751,0.32742,-0.085418,0.15454,0.20987,0.13618,0.71982,0.13753,-0.26162,-0.15081,-0.046272,-0.1781,0.82853,0.72886,-0.067756,-0.074006,0.20121,0.11335,-0.1595,0.060331,0.29695,0.32544,0.4444,0.58364,0.31951,0.82815,0.32971,0.33127,0.52944,0.51664,0.5895,0.6865,0.1009,0.12957,0.28713,0.31421,0.23207,0.061608,0.3465,0.063779,0.20209,0.13979,0.3419,0.23301,0.19211,-0.26073,-0.011284,-0.16942,0.29235,0.13541,-0.0798,-0.10267
0.7357,-0.036955,0.72364,0.57102,0,0.75291,0.81882,0.1326,0.87879,0.2492,0.66646,0.33298,0.35154,0.39687,0.62692,0.26642,0.2095,0.066612,0.16209,0.11627,0.17594,0.15298,0.50569,0.26589,0.83243,0.59669,0.69548,0.469,0.37209,0.1275,0.27101,0.51693,0.40588,0.59881,0.30686,0.19007,0.56659,0.63337,1.1176,0.60861,1.0952,1.0182,0.22724,0.1586,-0.2245,-0.051997,0.29743,0.40526,0.19368,0.69358,0.61207,-0.11427,0.85059,0.59324,0.77175,0.17367,0.48935,0.31051,0.31604,0.93939,0.2422,0.24798,0.013176,0.35441,0.18605,0.52117,0.51065,0.48631,0.32297,0.50424,0.49099,-0.29208,0.083017,0.036256,0.021388,1.165,0.72203,0.32237,0.53701,0.74972,0.3991,0.12518,0.11717,0.2024,0.27961,0.25906,0.25756,0.45122,0.39312,-0.18777,-0.36009,0.63311,-0.40927,0.84401,0.21042,0.56472,-0.11933,0.17244,-0.48536,-0.043229,-0.43274,-0.068787,-0.15534,-0.014794,-0.21205
0.55333,0.50153,0.80907,0.2584,0.75291,0,0.73812,0.65851,0.55417,0.38614,0.66312,0.22821,0.62869,0.62552,0.3669,0.20397,0.2339,0.093901,0.41553,0.29777,0.047946,0.11247,0.58291,0.7137,0.7164,0.96843,0.18432,-0.0541,0.67048,0.66171,0.61187,0.95429,0.65047,0.73117,0.47765,0.6993,0.77704,0.86892,1.1232,0.927,0.75012,0.99158,0.36675,0.60351,-0.19785,-0.0046986,-0.0062348,0.075243,0.71287,0.63327,0.49725,0.049933,0.83066,0.93263,0.51332,0.43761,0.41045,0.17299,0.11722,0.82004,0.072063,0.37164,0.47508,0.22923,0.39766,0.21217,0.16994,0.35337,0.41189,0.27182,0.29531,-0.42689,-0.16269,-0.20666,-0.32656,0.66083,0.43589,0.38852,0.43247,0.46569,0.35463,0.39113,0.15735,0.25177,0.10535,0.41184,0.34948,0.1615,0.1028,-0.43939,-0.54372,-0.057705,-0.85548,0.38876,-0.051934,0.29333,-0.28584,-0.022979,-0.75623,0.093837,-0.16952,-0.23734,-0.18576,-0.13843,-0.42213
1.1272,0.41754,0.22621,0.095424,0.81882,0.73812,0,0.6582,0.39839,0.5191,0.76716,0.29492,0.22726,0.11302,0.21516,-0.026695,-0.20785,-0.39851,-0.15518,-0.072859,-0.20273,-0.19779,0.3692,0.21874,0.48825,0.3858,0.17524,-0.066061,1.014,0.85222,0.74751,1.0136,0.32071,0.34055,0.61669,0.58785,0.9322,0.72922,0.8672,0.39558,1.2608,0.43506,0.59234,0.41353,-0.22441,-0.17275,0.040489,0.12107,0.52499,0.16863,0.10036,0.10905,1.1886,0.60299,0.47358,0.32026,0.49937,0.15184,0.021312,0.55836,-0.069798,0.52101,0.29765,0.18636,0.23535,0.15761,0.072398,0.45871,0.26507,0.25845,0.3063,-0.52059,-0.16704,-0.12348,-0.15804,0.45432,0.176,-0.20053,-0.088782,0.18254,-0.083133,-0.10733,-0.15972,-0.15881,-0.26064,-0.12784,-0.19043,0.27618,0.25385,-0.31372,-0.40308,0.30249,-0.59228,0.81381,0.10202,-0.00082047,-0.53328,0.15145,-0.30002,-0.016595,-0.3536,-0.51856,-0.60517,0.14504,-0.011691
0.66246,1.2017,0.025639,-0.096473,0.1326,0.65851,0.6582,0,0.11884,0.92899,0.66793,0.48449,0.2759,0.10604,0.11313,0.086955,-0.19612,-0.26569,0.080012,0.14248,-0.23412,-0.3178,0.23325,0.26135,0.086627,0.20679,-0.23279,-0.48912,0.8435,0.94772,0.88277,0.6723,0.29983,0.11108,0.41017,0.88348,0.7013,0.49394,0.31713,0.52394,0.30992,0.15762,0.47421,0.63592,-0.076543,0.029572,0.010216,0.12671,0.4378,-0.051226,-0.05298,0.24033,0.58132,0.38053,0.14019,0.28174,0.17031,0.25935,0.0078475,0.30977,0.0073485,0.36189,0.41776,0.019146,0.14913,0.063451,0.049325,0.21735,0.17414,-0.018053,-0.091068,-0.31084,-0.077649,-0.036864,-0.096248,0.077622,0.1083,-0.14679,-0.2709,-0.21198,-0.21644,0.020108,-0.074761,-0.17761,-0.29422,-0.093069,-0.23626,0.17711,0.14381,-0.134,-0.034928,-0.16504,-0.51008,0.34967,0.15265,-0.19885,-0.37639,-0.30019,-0.12789,-0.088989,-0.23175,-0.50385,-0.43785,-0.0040309,-0.075668
0.46543,-0.042592,0.52037,0.4614,0.87879,0.55417,0.39839,0.11884,0,0.10651,0.8127,0.12686,0.42067,0.6123,0.83197,0.73061,0.30122,0.20163,0.10662,0.19139,0.61061,0.3416,0.59189,0.31812,1.0969,0.57388,0.79598,0.41491,0.095649,0.076136,0.18506,0.56654,0.49997,0.85131,0.24008,0.3371,0.35654,0.58505,0.86408,0.53399,0.76021,0.96233,0.25568,0.39608,-0.097632,0.096054,0.44109,0.54517,0.11683,0.61791,0.43875,-0.2222,0.43974,0.52123,0.71457,0.29055,0.5772,0.3254,0.59634,0.70839,0.3489,0.38992,0.29913,0.67022,0.56083,0.68587,0.63325,0.89321,0.78985,0.71643,0.72452,0.028828,0.4029,0.25719,0.24376,0.83556,0.80834,0.26008,0.48134,0.58778,0.47962,0.013838,-0.013309,0.052695,0.16307,0.15192,0.25651,0.39987,0.55249,-0.11914,-0.17428,0.30347,-0.41518,0.35321,0.14469,0.29257,-0.22738,0.18211,-0.54567,-0.014399,-0.38339,0.084119,0.034328,-0.029474,-0.28542
0.39863,0.41862,0.16158,0.21427,0.2492,0.38614,0.5191,0.92899,0.10651,0,0.30117,0.53567,0.1499,-0.0074722,0.24084,0.0058053,-0.0017911,-0.43085,0.14969,-0.11013,-0.30819,-0.49818,-0.097923,-0.16421,0.12458,0.10724,-0.27503,-0.41636,0.6744,0.57414,0.43324,0.43441,0.0007005,-0.041385,0.16897,0.53769,0.36871,0.57279,0.30898,0.30648,0.27619,0.023807,0.1746,0.40938,-0.23071,-0.12877,0.29385,0.52786,0.13582,0.18242,0.084703,0.33725,0.39456,0.02998,0.25789,-0.1239,0.11021,0.59783,0.23792,0.35731,-0.22341,0.2443,0.099979,-0.0025473,0.10157,0.38579,0.34592,0.21518,0.09117,0.14945,-0.014026,-0.33362,-0.0011971,-0.095456,-0.074904,0.18563,0.24223,0.0041529,-0.088475,0.015322,-0.15159,0.24364,0.04607,-0.054823,-0.077295,0.032325,-0.22762,0.6286,0.57692,-0.14068,-0.06099,0.12148,-0.21102,0.35906,0.32551,-0.085555,-0.12472,0.044497,0.075298,-0.58691,-0.53362,-0.48263,-0.54974,-0.15506,-0.10346
0.95961,0.40289,0.15088,0.0015254,0.66646,0.66312,0.76716,0.66793,0.8127,0.30117,0,0.55958,0.59356,0.56547,0.56741,0.46188,-0.01265,-0.038493,-0.01148,0.43031,0.090932,0.15728,0.49286,0.48202,0.54398,0.42896,0.37771,0.23501,0.49236,0.38993,0.88638,0.80999,0.91071,0.55134,0.75097,0.53171,1.0543,0.38516,0.67725,0.63298,0.62279,0.6579,0.75684,0.42966,0.10098,0.21479,0.087759,0.19552,0.24135,0.27009,0.26678,-0.11569,0.68166,0.58423,0.40882,0.27772,0.28538,0.13759,0.15833,0.48388,0.33465,0.58004,0.38258,0.5001,0.39611,0.2316,0.28382,0.78559,0.48339,0.33297,0.34993,-0.078878,0.27953,0.19671,0.13358,0.53447,0.51257,0.047686,0.095809,0.31461,0.2124,-0.21137,-0.083788,-0.20456,-0.11296,0.043854,0.10127,0.17524,0.22331,-0.086079,-0.10088,0.19344,-0.76708,0.68377,0.17995,0.14484,-0.41031,-0.24208,-0.48644,0.086357,-0.25744,-0.11647,-0.057942,-0.047538,-0.29641
0.36827,0.26744,0.039784,-0.084948,0.33298,0.22821,0.29492,0.48449,0.12686,0.53567,0.55958,0,0.46709,0.32643,0.4126,0.15263,0.092308,-0.27352,0.24504,0.1444,-0.32086,-0.091987,-0.13013,0.11518,0.078298,-0.032219,0.12604,0.24304,0.26442,0.070511,0.52312,0.13536,0.35185,-0.08817,0.34834,-0.058955,0.54201,-0.015541,0.19909,0.20773,0.10977,0.28015,0.20171,-0.033282,0.22046,0.31671,0.32081,0.47356,-0.31713,0.24581,0.4586,-0.15731,0.29252,0.22306,0.26734,-0.25094,-0.16531,0.36937,0.1736,0.1503,0.28686,-0.010015,-0.26835,0.20444,0.0093258,0.23313,0.46589,0.18462,0.049739,0.10714,-0.0012807,0.17937,0.40208,0.26854,0.26269,0.42482,0.59032,0.26202,0.059107,0.22035,-0.099187,-0.057286,-0.15851,-0.015355,0.20877,0.2443,-0.057845,0.47219,0.43053,0.23677,0.26835,0.34542,-0.20608,0.80522,0.59471,0.28159,-0.012585,-0.49923,0.049939,-0.23291,-0.31165,-0.34059,-0.19084,-0.16185,-0.11941
0.11986,0.071048,0.48998,-0.14648,0.35154,0.62869,0.22726,0.2759,0.42067,0.1499,0.59356,0.46709,0,1.3445,0.78383,0.58525,0.77613,0.25597,0.43312,0.53086,0.094599,0.58228,0.12013,0.77105,0.4738,0.61685,0.18489,0.49508,0.24431,0.10484,0.78664,0.63277,1.245,0.35578,0.8324,0.1547,0.71912,0.086742,0.55687,0.34389,0.15296,0.69848,0.59558,0.34134,0.41347,0.48868,0.042572,0.038941,0.18964,0.85615,0.80249,-0.013377,0.13206,0.36577,0.10662,-0.015878,-0.1038,0.028767,0.14273,0.3336,0.21909,0.5594,0.48582,0.6863,0.74733,0.11926,0.22057,0.63984,0.56516,0.60772,0.60825,0.22536,0.41994,-0.013456,-0.15068,0.64846,0.44028,0.85084,0.47107,0.6777,0.4266,0.3738,0.1379,0.14609,0.12943,0.8603,0.51036,0.079242,0.10315,-0.17542,-0.19582,-0.11848,-0.73616,0.376,0.11765,0.56561,0.078902,-0.12957,-0.46776,0.060043,0.020706,0.0076235,0.088096,-0.17724,-0.35146
0.091276,-0.014946,0.65104,0.12461,0.39687,0.62552,0.11302,0.10604,0.6123,-0.0074722,0.56547,0.32643,1.3445,0,0.78655,0.64911,0.7771,0.3839,0.60109,0.5024,0.2592,0.76929,0.2634,0.68944,0.7833,0.70811,0.34048,0.46243,0.12314,0.0043305,0.44173,0.53106,0.98476,0.8046,0.5407,0.14328,0.45635,0.214,0.65784,0.49555,0.17161,0.88789,0.32949,0.25922,0.44887,0.56994,0.19893,0.14154,0.21981,1.0602,1.0524,-0.024651,0.063195,0.37446,0.17919,-0.05761,-0.074711,-0.01257,0.14259,0.39275,0.31622,0.41645,0.47422,0.66868,0.7213,0.34288,0.43586,0.60692,0.59966,0.59636,0.63223,0.29231,0.46103,0.18808,0.044981,0.63439,0.66511,0.99173,0.87003,0.89238,0.6791,0.4938,0.25317,0.33987,0.36719,0.89424,0.70814,0.10449,0.18529,0.031103,-0.066647,-0.141,-0.6816,0.2417,0.0049703,0.59112,0.10246,-0.21502,-0.77632,0.23149,0.19575,0.24917,0.41158,-0.30478,-0.59097
0.35987,-0.073636,0.56856,0.23201,0.62692,0.3669,0.21516,0.11313,0.83197,0.24084,0.56741,0.4126,0.78383,0.78655,0,1.3409,1.0192,0.46525,0.57173,0.48133,0.5626,0.68497,0.40407,0.33507,0.73829,0.68534,0.67033,0.67632,0.0012403,-0.18998,0.37871,0.49615,0.50934,0.41706,0.25471,0.046337,0.35115,0.27566,0.66207,0.51116,0.30768,0.70718,0.34697,0.37514,0.23975,0.55644,0.45395,0.45727,0.058016,0.80235,0.74784,-0.012784,0.28498,0.37229,0.5244,-0.027516,0.20051,0.45924,0.60934,0.61916,0.65227,0.59478,0.36464,1.2156,0.76341,0.59844,0.71204,0.9841,0.92669,1.2951,0.8678,0.30467,0.81428,0.16755,0.19181,0.957,0.98484,0.77255,0.55612,0.84055,0.66168,0.27703,0.16032,0.048692,0.24014,0.68082,0.47853,0.50428,0.56122,-0.011086,0.038848,0.082676,-0.50097,0.35105,0.10021,0.64636,0.050551,-0.095903,-0.56322,-0.091238,-0.22159,0.17798,0.15324,-0.21271,-0.31693
0.22653,0.069584,0.33015,0.064187,0.26642,0.20397,-0.026695,0.086955,0.73061,0.0058053,0.46188,0.15263,0.58525,0.64911,1.3409,0,0.87634,0.77461,0.48309,0.68198,0.98853,0.90946,0.60441,0.46996,0.52489,0.6313,0.60093,0.51357,-0.18099,-0.24644,0.27415,0.33928,0.40894,0.37868,0.10629,0.060113,0.15326,0.15338,0.39347,0.48226,0.1262,0.57198,0.33043,0.48937,0.29843,0.5874,0.38566,0.31289,0.062112,0.45025,0.41879,-0.085808,0.099567,0.32763,0.3619,0.21665,0.28307,0.3497,0.62101,0.3243,0.76771,0.59995,0.50997,1.1572,0.78258,0.43191,0.51118,0.86278,1.015,0.97156,0.75476,0.40178,0.80963,0.22385,0.25724,0.53756,0.64796,0.55802,0.35519,0.49483,0.62966,0.14416,0.10726,-0.096022,0.030375,0.45811,0.4389,0.29222,0.35957,0.067402,0.20321,-0.20955,-0.44634,0.001881,-0.072035,0.47864,0.085475,-0.22281,-0.57077,0.026801,-0.035728,0.33659,0.34329,-0.15705,-0.28736
-0.18274,-0.25662,0.6595,0.11435,0.2095,0.2339,-0.20785,-0.19612,0.30122,-0.0017911,-0.01265,0.092308,0.77613,0.7771,1.0192,0.87634,0,0.74524,0.92534,0.5095,0.51354,0.87302,0.18936,0.39509,0.4559,0.71195,0.31197,0.53212,-0.2299,-0.37357,0.1177,0.21497,0.33873,0.23377,0.075977,-0.16719,0.021687,0.064969,0.37434,0.29045,-0.066243,0.48601,0.10277,0.26317,0.3021,0.53191,0.23402,0.15073,0.077836,0.91251,0.78282,0.042266,-0.094007,0.17167,0.22418,-0.11602,-0.016721,0.26445,0.43606,0.31231,0.38804,0.37381,0.34,0.81437,0.72606,0.30852,0.37319,0.46225,0.66516,0.89702,0.67205,0.36989,0.54154,-0.08479,-0.097321,0.5699,0.52063,1.3777,0.72759,0.88006,0.80637,0.65014,0.30036,0.28742,0.34737,1.3113,0.81584,0.25131,0.24194,-0.10958,-0.065327,-0.2426,-0.32009,-0.085739,-0.12066,0.75406,0.34502,-0.039527,-0.51733,-0.049077,0.08922,0.33339,0.33736,-0.32622,-0.37359
-0.1058,-0.054582,0.38029,0.1647,0.066612,0.093901,-0.39851,-0.26569,0.20163,-0.43085,-0.038493,-0.27352,0.25597,0.3839,0.46525,0.77461,0.74524,0,0.56932,0.79784,0.95255,1.0018,0.62785,0.47649,0.19749,0.56172,0.3328,0.39058,-0.43996,-0.56677,-0.065164,-0.078387,0.19053,0.27727,-0.16019,-0.11817,-0.16457,-0.06838,0.12522,0.48404,-0.15689,0.40617,0.012007,0.17297,0.24467,0.44035,-0.033391,-0.19587,0.2211,0.339,0.36219,0.02861,-0.13687,0.14715,0.0075143,0.24652,0.10126,-0.053443,0.13979,0.23235,0.70027,0.18956,0.33899,0.47011,0.28681,0.049251,0.079401,0.10362,0.32786,0.3721,0.31628,0.27921,0.27566,0.018712,-0.0020806,0.22847,0.20597,0.67249,0.52347,0.40276,0.86189,0.31216,0.40492,0.28199,0.23081,0.56038,0.77659,-0.20125,-0.26299,0.048448,0.068014,-0.35077,-0.13936,-0.32055,-0.32258,0.62365,0.41837,-0.31107,-0.58549,0.4042,0.44649,0.89059,0.80054,-0.099688,-0.22662
0.0062427,0.13837,0.63533,0.20955,0.16209,0.41553,-0.15518,0.080012,0.10662,0.14969,-0.01148,0.24504,0.43312,0.60109,0.57173,0.48309,0.92534,0.56932,0,0.43383,0.24137,0.4227,0.31323,0.33291,0.36453,0.64355,0.19433,0.10809,-0.055767,-0.11292,0.075268,0.1508,0.15856,0.30129,-0.17046,-0.027654,-0.016484,0.22708,0.32428,0.55705,-0.10403,0.41672,-0.14826,0.21838,0.17118,0.4612,0.19176,0.15388,0.24984,0.62535,0.6579,0.050739,0.11193,0.35052,0.28866,-0.090153,-0.053388,0.38589,0.2904,0.38064,0.4296,0.092104,0.25313,0.32349,0.34391,0.28713,0.36156,0.14313,0.41246,0.37281,0.15449,0.16804,0.22279,-0.070081,-0.12358,0.37697,0.58799,1.0411,0.67035,0.57836,0.6551,0.71962,0.31901,0.52587,0.60424,1.214,0.84815,0.28597,0.21392,0.016463,0.017916,-0.25887,-0.25731,-0.065694,-0.13253,0.45076,0.13217,-0.45639,-0.64737,0.10616,0.18333,0.15797,0.38217,-0.42705,-0.5281
0.16539,0.18921,0.15006,-0.2548,0.11627,0.29777,-0.072859,0.14248,0.19139,-0.11013,0.43031,0.1444,0.53086,0.5024,0.48133,0.68198,0.5095,0.79784,0.43383,0,0.45694,0.7273,0.59671,0.83654,0.16902,0.71633,0.086155,0.24275,-0.069085,-0.15055,0.44534,0.21154,0.63942,0.23824,0.33611,0.14601,0.31023,0.010093,0.24775,0.64744,-0.033711,0.43761,0.49718,0.46649,0.24352,0.32846,-0.18779,-0.22118,0.21664,0.27067,0.24019,-0.018656,0.081329,0.26468,0.1253,0.30644,0.10643,-0.0035661,0.12508,0.066229,0.44179,0.48199,0.40846,0.52943,0.43292,-0.12684,-0.061171,0.31364,0.35509,0.20199,0.20567,0.069481,0.22366,-0.13124,-0.15611,0.16271,0.16813,0.45743,0.21947,0.45308,0.69709,0.098872,0.20367,-0.11884,-0.14046,0.50739,0.66215,-0.12188,-0.21291,-0.15777,-0.070174,-0.45312,-0.6038,-0.1761,-0.40648,0.44958,0.087988,-0.53549,-0.62552,0.085512,0.20892,0.47327,0.47051,-0.41116,-0.64028
-0.023587,-0.12271,0.27314,0.19067,0.17594,0.047946,-0.20273,-0.23412,0.61061,-0.30819,0.090932,-0.32086,0.094599,0.2592,0.5626,0.98853,0.51354,0.95255,0.24137,0.45694,0,0.77031,0.77714,0.28591,0.35867,0.49142,0.57042,0.36065,-0.41448,-0.3547,-0.18637,0.0085368,0.1063,0.33625,-0.25836,-0.082726,-0.29215,0.11188,0.20904,0.27976,0.16657,0.4395,0.012685,0.27833,-0.034727,0.13689,0.19472,0.13476,0.09912,0.26411,0.17531,-0.12299,-0.042029,0.22323,0.27611,0.3704,0.54504,0.11835,0.43997,0.24411,0.54125,0.35789,0.36431,0.64272,0.50911,0.22636,0.23526,0.40762,0.58427,0.60554,0.62082,0.18434,0.27644,0.053962,0.13359,0.3153,0.28605,0.2788,0.26972,0.30131,0.62309,0.045533,0.15593,-0.022555,-0.059636,0.14325,0.35262,0.08826,0.14308,-0.045615,0.040361,-0.19798,-0.10361,-0.31496,-0.30025,0.31197,0.15357,0.014061,-0.43287,0.16619,0.10476,0.52666,0.45043,0.069782,-0.127
-0.069791,-0.19289,0.39322,-0.00044023,0.15298,0.11247,-0.19779,-0.3178,0.3416,-0.49818,0.15728,-0.091987,0.58228,0.76929,0.68497,0.90946,0.87302,1.0018,0.4227,0.7273,0.77031,0,0.48709,0.67601,0.44213,0.58082,0.53506,0.72505,-0.22866,-0.42707,0.12429,0.13364,0.43912,0.47871,0.18482,-0.19798,0.052882,-0.072247,0.29969,0.30406,-0.021505,0.56759,0.20247,0.14391,0.51356,0.65399,0.12921,-0.10226,0.1387,0.5126,0.59003,0.027488,-0.18761,0.1563,-0.012456,0.076058,-0.028605,-0.22928,0.072493,0.12509,0.65151,0.35687,0.38432,0.77609,0.54927,0.15786,0.22226,0.38718,0.49631,0.65383,0.7414,0.48762,0.56838,0.2438,0.21926,0.36837,0.36074,0.72767,0.59157,0.57037,0.64131,0.33603,0.33253,0.040705,0.086838,0.56473,0.54075,-0.143,-0.10568,0.19042,0.16908,-0.40881,-0.44992,-0.16744,-0.39138,0.69767,0.30062,-0.18845,-0.60885,0.33508,0.4799,0.76028,0.65979,-0.28069,-0.38527
0.56647,0.40947,0.28888,0.13674,0.50569,0.58291,0.3692,0.23325,0.59189,-0.097923,0.49286,-0.13013,0.12013,0.2634,0.40407,0.60441,0.18936,0.62785,0.31323,0.59671,0.77714,0.48709,0,0.69116,0.56326,0.81773,0.57406,0.096133,0.19688,0.1986,0.26348,0.45867,0.26288,0.62062,0.064932,0.36538,0.23404,0.52767,0.63271,0.85098,0.62938,0.76697,0.29942,0.59142,-0.07284,0.11874,0.071131,0.013933,0.58317,0.17821,0.10106,-0.1127,0.56303,0.71588,0.46664,0.7555,0.75819,0.14485,0.27374,0.47301,0.55516,0.44663,0.49431,0.4471,0.38705,0.19506,0.10486,0.4151,0.62647,0.36672,0.40538,-0.12372,0.038013,0.013876,-0.011611,0.33522,0.28029,0.097616,0.1726,0.29037,0.47205,-0.039769,0.00030403,-0.042958,-0.13146,0.10648,0.33905,0.086401,0.031654,-0.15375,-0.15993,-0.16375,-0.47235,-0.006943,-0.31205,0.24633,-0.23533,-0.20035,-0.82921,0.35387,0.13875,0.24139,0.21449,-0.051078,-0.32163
0.22071,0.42156,0.32654,-0.2604,0.26589,0.7137,0.21874,0.26135,0.31812,-0.16421,0.48202,0.11518,0.77105,0.68944,0.33507,0.46996,0.39509,0.47649,0.33291,0.83654,0.28591,0.67601,0.69116,0,0.43293,0.79062,0.23777,0.22373,0.29479,0.25759,0.65547,0.5302,0.73377,0.43982,0.58248,0.30471,0.62928,0.24102,0.57738,0.59393,0.31217,0.89103,0.50888,0.57743,0.22466,0.27561,-0.06081,-0.15891,0.41074,0.39194,0.34744,-0.16259,0.26636,0.62435,0.17394,0.63571,0.23259,-0.093938,0.10494,0.15148,0.31388,0.34903,0.44838,0.43037,0.50265,-0.038778,-0.053744,0.31075,0.4993,0.25248,0.40269,0.058599,0.16214,0.0057254,-0.12817,0.32554,0.17863,0.40722,0.24571,0.35656,0.2865,0.16606,-0.026168,-0.039964,-0.15778,0.4316,0.3762,-0.13858,-0.19074,-0.1825,-0.20015,-0.41113,-0.82655,0.012924,-0.23308,0.42546,-0.091295,-0.25995,-0.6326,0.21001,0.21923,0.12105,0.10196,-0.28079,-0.48987
0.4585,0.0060096,0.80287,0.54327,0.83243,0.7164,0.48825,0.086627,1.0969,0.12458,0.54398,0.078298,0.4738,0.7833,0.73829,0.52489,0.4559,0.19749,0.36453,0.16902,0.35867,0.44213,0.56326,0.43293,0,0.84475,0.5354,0.22463,0.25093,0.18407,0.28275,0.79381,0.36935,1.1961,0.363,0.47339,0.43197,0.89138,1.4436,0.72336,0.8331,1.0645,0.24136,0.53734,0.061384,0.24387,0.46615,0.39204,0.43443,0.88524,0.6908,0.093117,0.46192,0.55261,0.67833,0.21243,0.4202,0.20166,0.38001,0.78106,0.30295,0.33964,0.40659,0.67841,0.67422,0.75512,0.5573,0.61679,0.75876,0.70916,0.72919,0.060609,0.38235,0.25379,0.17679,0.70118,0.74025,0.45459,0.75799,0.85643,0.53437,0.35217,0.025923,0.30646,0.31972,0.41628,0.35959,0.34843,0.49666,-0.049175,-0.20642,0.080003,-0.56516,0.28062,-0.07285,0.38439,-0.24201,0.077803,-0.83238,0.11592,-0.086002,0.15102,0.012488,-0.25245,-0.4673
0.39709,0.21227,0.87029,0.19584,0.59669,0.96843,0.3858,0.20679,0.57388,0.10724,0.42896,-0.032219,0.61685,0.70811,0.68534,0.6313,0.71195,0.56172,0.64355,0.71633,0.49142,0.58082,0.81773,0.79062,0.84475,0,0.25557,0.11409,0.19203,0.20027,0.42241,0.78351,0.52288,0.71329,0.31881,0.42223,0.42427,0.69829,1.0695,0.93071,0.56152,0.93009,0.43327,0.78822,-0.071972,0.13282,0.016938,-0.0010703,0.68896,0.74042,0.52459,0.077081,0.57327,0.79727,0.65997,0.51691,0.58024,0.2373,0.34318,0.59823,0.22477,0.6692,0.6804,0.66107,0.79938,0.21037,0.1631,0.55627,0.71844,0.57823,0.57237,-0.26309,0.025211,-0.33684,-0.37215,0.61181,0.41514,0.62798,0.57765,0.8773,0.94604,0.45627,0.23712,0.17541,0.0366,0.69125,0.76735,0.19144,0.13884,-0.47619,-0.47537,-0.2972,-0.92698,0.024213,-0.4314,0.51844,-0.11037,-0.053647,-1.3373,0.067467,-0.026668,0.12167,0.13196,-0.26383,-0.60922
0.31044,-0.19434,0.31382,0.29532,0.69548,0.18432,0.17524,-0.23279,0.79598,-0.27503,0.37771,0.12604,0.18489,0.34048,0.67033,0.60093,0.31197,0.3328,0.19433,0.086155,0.57042,0.53506,0.57406,0.23777,0.5354,0.25557,0,0.92998,-0.04562,-0.23478,-0.061553,0.14517,0.20566,0.44975,-0.10068,-0.27423,0.11376,0.13075,0.4204,0.21648,0.42302,0.68109,-0.073724,-0.12946,0.026806,0.29089,0.37786,0.35496,-0.10241,0.35054,0.39676,-0.50323,0.30252,0.45028,0.43322,0.11208,0.27984,0.16702,0.36801,0.45804,0.73382,0.099788,-0.042519,0.49828,0.19301,0.4727,0.5703,0.54322,0.55553,0.70493,0.67034,0.27509,0.49008,0.40438,0.45811,0.82697,0.83088,0.26527,0.40144,0.37912,0.26843,-0.10312,0.02351,-0.05984,0.25463,0.1349,0.18442,0.24885,0.27998,0.15163,0.090868,0.37251,-0.17752,0.34298,0.15595,0.39189,-0.10008,0.090821,-0.37087,0.17156,-0.1182,0.17304,0.2118,-0.04792,-0.12222
-0.00020088,-0.56991,0.24148,0.032317,0.469,-0.0541,-0.066061,-0.48912,0.41491,-0.41636,0.23501,0.24304,0.49508,0.46243,0.67632,0.51357,0.53212,0.39058,0.10809,0.24275,0.36065,0.72505,0.096133,0.22373,0.22463,0.11409,0.92998,0,-0.26756,-0.62662,0.013152,-0.067554,0.46185,0.11489,0.15268,-0.6211,0.13199,-0.34723,0.15695,-0.064125,0.052115,0.44517,0.07141,-0.36518,0.29158,0.39002,0.13973,0.098715,-0.34048,0.46443,0.5787,-0.35668,-0.058488,0.094843,0.075726,-0.21095,-0.13251,-0.077683,0.15038,0.20682,0.56733,0.10625,-0.13586,0.54211,0.17978,0.14507,0.32492,0.40587,0.26307,0.61898,0.60974,0.45722,0.57745,0.25802,0.27211,0.73208,0.51884,0.52997,0.43251,0.52057,0.32856,-0.02486,0.1489,0.013832,0.28851,0.38709,0.31816,0.026291,0.039781,0.13847,0.065827,0.38745,-0.090393,0.39197,0.19786,0.67302,0.24383,0.060718,-0.12172,0.11967,-0.025409,0.31814,0.29936,0.0032718,-0.018772
0.57432,0.52765,0.11588,0.0035115,0.37209,0.67048,1.014,0.8435,0.095649,0.6744,0.49236,0.26442,0.24431,0.12314,0.0012403,-0.18099,-0.2299,-0.43996,-0.055767,-0.069085,-0.41448,-0.22866,0.19688,0.29479,0.25093,0.19203,-0.04562,-0.26756,0,1.2434,0.72581,0.79338,0.26397,0.27792,0.52469,0.65259,0.80409,0.6606,0.53849,0.32915,0.58261,0.24953,0.32207,0.32441,-0.15639,-0.15898,-0.0046913,0.05765,0.52793,0.14797,0.049694,0.22412,0.54446,0.2284,0.008229,0.11245,0.06916,-0.033386,-0.22572,0.33006,-0.22846,0.34219,0.29842,-0.10675,0.097891,0.11589,0.0068284,0.22742,0.10129,0.096866,0.16822,-0.42818,-0.1892,-0.0029534,-0.099523,0.18173,0.056625,-0.16503,-0.11598,-0.067317,-0.32983,0.14985,0.053153,-0.21407,-0.31776,-0.10511,-0.30248,0.092135,0.057352,-0.15972,-0.25988,-0.0034632,-0.58765,0.41539,0.067918,-0.16563,-0.411,0.112,-0.13419,-0.11098,-0.10259,-0.3897,-0.4917,-0.21605,-0.25104
0.4675,0.70704,-0.00025287,-0.16834,0.1275,0.66171,0.85222,0.94772,0.076136,0.57414,0.38993,0.070511,0.10484,0.0043305,-0.18998,-0.24644,-0.37357,-0.56677,-0.11292,-0.15055,-0.3547,-0.42707,0.1986,0.25759,0.18407,0.20027,-0.23478,-0.62662,1.2434,0,0.58126,0.81388,0.18559,0.21609,0.3893,0.86126,0.56654,0.69742,0.40527,0.21327,0.54997,0.10915,0.31588,0.53213,-0.33409,-0.36862,-0.12718,-0.023358,0.61108,-0.05659,-0.2274,0.12883,0.56938,0.37935,0.11907,0.35295,0.28452,0.038275,-0.11304,0.17685,-0.42184,0.34884,0.45436,-0.17796,0.19746,-0.06534,-0.20988,0.19365,0.17129,-0.07576,0.0090319,-0.5824,-0.42879,-0.22438,-0.31665,-0.029541,-0.14073,-0.39076,-0.34907,-0.24382,-0.3783,0.0040268,-0.17907,-0.24439,-0.47649,-0.23961,-0.32975,0.060935,0.07676,-0.38719,-0.4046,-0.16256,-0.50356,0.16482,-0.080263,-0.51563,-0.7235,0.12355,-0.12122,-0.1042,-0.18773,-0.70232,-0.64791,-0.036649,-0.15913
0.65709,0.6341,0.053419,-0.35595,0.27101,0.61187,0.74751,0.88277,0.18506,0.43324,0.88638,0.52312,0.78664,0.44173,0.37871,0.27415,0.1177,-0.065164,0.075268,0.44534,-0.18637,0.12429,0.26348,0.65547,0.28275,0.42241,-0.061553,0.013152,0.72581,0.58126,0,1.0083,0.75406,0.14092,1.1742,0.59966,1.4169,0.25947,0.54822,0.46289,0.4012,0.38044,1.0947,0.63853,0.28329,0.33173,-0.14648,-0.13353,0.51237,0.20826,0.20403,0.17132,0.5425,0.46357,0.1062,0.2702,0.083738,0.0019085,-0.056462,0.30344,0.19285,0.6952,0.56882,0.49553,0.53211,-0.080565,-0.08866,0.48058,0.41534,0.30339,0.3109,-0.0084064,0.21692,-0.045777,-0.15953,0.26886,0.10711,0.10413,-0.11471,0.18012,0.0098054,-0.049821,-0.17772,-0.19838,-0.30814,0.21251,0.019469,-0.010504,-0.01804,-0.2214,-0.18746,-0.13915,-0.82527,0.50967,0.095666,0.11794,-0.33656,-0.28913,-0.33468,0.10542,0.0015611,-0.22893,-0.28907,-0.054611,-0.14725
0.71135,0.41778,0.37144,0.0026131,0.51693,0.95429,1.0136,0.6723,0.56654,0.43441,0.80999,0.13536,0.63277,0.53106,0.49615,0.33928,0.21497,-0.078387,0.1508,0.21154,0.0085368,0.13364,0.45867,0.5302,0.79381,0.78351,0.14517,-0.067554,0.79338,0.81388,1.0083,0,0.59951,0.59137,0.79078,0.88455,1.0208,0.81984,1.0857,0.58602,0.80719,0.56754,0.77209,0.87028,-0.010934,0.12981,-0.011094,0.013092,0.80892,0.42877,0.23536,0.16064,0.78506,0.68858,0.41871,0.37346,0.39535,0.12904,0.13927,0.61565,0.042925,0.90138,0.8739,0.56465,0.82653,0.19336,0.06778,0.80992,0.79503,0.56737,0.58521,-0.22324,0.1018,-0.1458,-0.23608,0.4581,0.27289,0.11742,0.12102,0.37747,0.21315,0.12842,-0.088638,-0.10985,-0.21281,0.22932,0.14121,0.15045,0.20933,-0.45522,-0.4779,-0.12871,-1.0374,0.36234,-0.091582,0.019879,-0.58467,0.09706,-0.68787,0.053856,-0.15374,-0.26735,-0.31976,-0.11861,-0.31445
0.23966,0.052911,0.26455,-0.24295,0.40588,0.65047,0.32071,0.29983,0.49997,0.0007005,0.91071,0.35185,1.245,0.98476,0.50934,0.40894,0.33873,0.19053,0.15856,0.63942,0.1063,0.43912,0.26288,0.73377,0.36935,0.52288,0.20566,0.46185,0.26397,0.18559,0.75406,0.59951,0,0.4379,0.94034,0.24377,0.76698,0.035211,0.46608,0.35197,0.23648,0.62629,0.72109,0.26833,0.24503,0.24818,-0.24529,-0.17359,0.24742,0.54515,0.46194,-0.10549,0.21548,0.40269,0.057631,0.063568,-0.03369,-0.17287,-0.038989,0.33008,0.17884,0.61649,0.52076,0.49967,0.57209,-0.11352,-0.024185,0.62532,0.41922,0.33382,0.41515,0.036543,0.15666,-0.10028,-0.24862,0.49768,0.26913,0.42999,0.27499,0.5143,0.43194,0.055159,0.10331,0.022962,-0.012509,0.48382,0.49086,-0.13819,-0.11226,-0.317,-0.38441,-0.019941,-0.71383,0.38722,0.0073747,0.31013,-0.14134,-0.15355,-0.46781,0.21527,0.021891,0.042006,0.14836,-0.066443,-0.36776
0.37293,0.064855,0.70845,0.57667,0.59881,0.73117,0.34055,0.11108,0.85131,-0.041385,0.55134,-0.08817,0.35578,0.8046,0.41706,0.37868,0.23377,0.27727,0.30129,0.23824,0.33625,0.47871,0.62062,0.43982,1.1961,0.71329,0.44975,0.11489,0.27792,0.21609,0.14092,0.59137,0.4379,0,0.2602,0.50227,0.31487,0.75632,0.89631,0.79281,0.52978,0.85733,0.12511,0.3394,0.061117,0.19369,0.27034,0.17454,0.48859,0.6296,0.54498,0.1235,0.29829,0.41641,0.32866,0.17774,0.22421,-0.070738,0.05803,0.59703,0.21954,0.26331,0.46591,0.30615,0.36855,0.55975,0.43897,0.43116,0.43968,0.34677,0.43435,-0.074817,0.14301,0.29732,0.18988,0.44817,0.57601,0.35997,0.81474,0.5718,0.55509,0.41637,0.32233,0.29117,0.29079,0.27406,0.40751,0.06278,0.16209,0.070655,-0.11969,-0.097979,-0.62388,0.11477,-0.25251,0.27082,-0.16295,-0.029447,-0.95393,0.30254,0.12474,0.32061,0.31393,-0.30991,-0.63033
0.35441,0.17731,0.046437,-0.32291,0.30686,0.47765,0.61669,0.41017,0.24008,0.16897,0.75097,0.34834,0.8324,0.5407,0.25471,0.10629,0.075977,-0.16019,-0.17046,0.33611,-0.25836,0.18482,0.064932,0.58248,0.363,0.31881,-0.10068,0.15268,0.52469,0.3893,1.1742,0.79078,0.94034,0.2602,0,0.4826,1.1221,0.12864,0.51421,0.24422,0.39362,0.3954,1.2127,0.45421,0.41301,0.25372,-0.11972,-0.15737,0.30417,0.28456,0.23867,0.1666,0.25448,0.21691,-0.0053102,0.085911,-0.035843,-0.20933,-0.127,0.14407,-0.042115,0.54649,0.39286,0.41193,0.45384,-0.060476,-0.12096,0.43863,0.26843,0.18088,0.31098,0.05429,0.19348,0.0085937,-0.1535,0.18588,-0.025459,0.10225,0.015099,0.34231,0.046951,-0.059761,-0.22076,-0.092191,-0.22739,0.19295,0.063377,-0.083855,-0.05192,-0.19926,-0.28312,-0.018656,-0.63222,0.48376,0.088873,0.21756,-0.17385,-0.041945,-0.21196,0.11655,0.040144,-0.094641,-0.22842,-0.026115,-0.13424
0.56318,0.66393,0.18861,0.15865,0.19007,0.6993,0.58785,0.88348,0.3371,0.53769,0.53171,-0.058955,0.1547,0.14328,0.046337,0.060113,-0.16719,-0.11817,-0.027654,0.14601,-0.082726,-0.19798,0.36538,0.30471,0.47339,0.42223,-0.27423,-0.6211,0.65259,0.86126,0.59966,0.88455,0.24377,0.50227,0.4826,0,0.59613,0.90509,0.5724,0.71577,0.48523,0.24803,0.47315,1.0275,-0.14183,-0.090021,-0.019048,0.0024669,0.78707,0.081737,-0.092407,0.44765,0.48503,0.29574,0.19462,0.4459,0.30755,0.079205,0.018159,0.43276,-0.11648,0.36021,0.65927,0.067501,0.29138,0.17335,-0.065166,0.21415,0.27396,-0.0086231,-0.0068858,-0.35883,-0.11152,-0.030585,-0.14654,-0.032848,-0.017342,-0.16875,-0.035353,-0.024106,0.017902,0.13636,-0.055332,0.015219,-0.20076,-0.082545,-0.062895,-0.0093073,0.052354,-0.26705,-0.3016,-0.24594,-0.51438,0.058173,-0.14626,-0.24725,-0.50679,-0.043582,-0.34419,0.015794,-0.13502,-0.14225,-0.35205,-0.10938,-0.23818
0.81307,0.47395,0.22226,-0.10908,0.56659,0.77704,0.9322,0.7013,0.35654,0.36871,1.0543,0.54201,0.71912,0.45635,0.35115,0.15326,0.021687,-0.16457,-0.016484,0.31023,-0.29215,0.052882,0.23404,0.62928,0.43197,0.42427,0.11376,0.13199,0.80409,0.56654,1.4169,1.0208,0.76698,0.31487,1.1221,0.59613,0,0.41849,0.77109,0.54926,0.59894,0.56447,0.77369,0.43778,0.080576,0.17252,-0.096701,-0.042274,0.39892,0.32872,0.31922,0.01719,0.7615,0.58246,0.26859,0.31039,0.11474,-0.010096,-0.054652,0.44935,0.14577,0.44968,0.32688,0.3505,0.33187,0.034057,0.031218,0.44277,0.31219,0.25201,0.2973,-0.16167,0.17232,0.030769,-0.067244,0.50152,0.29552,0.11267,0.069768,0.26935,0.0078525,-0.03707,-0.096462,-0.15915,-0.14528,0.16384,0.0066567,-0.0083688,-0.016248,-0.23427,-0.2897,0.090198,-0.93334,0.73312,0.16963,0.17226,-0.42119,-0.14515,-0.38611,0.0077311,-0.21576,-0.26686,-0.36321,-0.15253,-0.24655
0.62343,0.37563,0.64222,0.58026,0.63337,0.86892,0.72922,0.49394,0.58505,0.57279,0.38516,-0.015541,0.086742,0.214,0.27566,0.15338,0.064969,-0.06838,0.22708,0.010093,0.11188,-0.072247,0.52767,0.24102,0.89138,0.69829,0.13075,-0.34723,0.6606,0.69742,0.25947,0.81984,0.035211,0.75632,0.12864,0.90509,0.41849,0,1.1112,0.82083,0.92249,0.57334,0.078003,0.69029,-0.47177,-0.24844,0.29217,0.35361,0.62808,0.45203,0.23711,0.22542,0.75821,0.51716,0.67329,0.42766,0.61455,0.32143,0.25792,0.7096,-0.070555,0.28776,0.38528,0.14385,0.32901,0.53965,0.32122,0.31122,0.39329,0.30029,0.30186,-0.54588,-0.10982,-0.039315,-0.042765,0.41503,0.41321,0.064787,0.3142,0.29982,0.19119,0.37824,0.12954,0.07857,-0.010079,0.061995,0.02603,0.35996,0.40135,-0.26231,-0.34428,-0.047475,-0.59691,0.13862,-0.18317,-0.0098367,-0.43301,0.15495,-0.58903,-0.21041,-0.34176,-0.1733,-0.33977,-0.30989,-0.47532
0.68817,0.19693,0.86424,0.42855,1.1176,1.1232,0.8672,0.31713,0.86408,0.30898,0.67725,0.19909,0.55687,0.65784,0.66207,0.39347,0.37434,0.12522,0.32428,0.24775,0.20904,0.29969,0.63271,0.57738,1.4436,1.0695,0.4204,0.15695,0.53849,0.40527,0.54822,1.0857,0.46608,0.89631,0.51421,0.5724,0.77109,1.1112,0,0.88931,1.203,1.2184,0.3855,0.61356,-0.12738,0.074007,0.2498,0.2614,0.59342,0.88538,0.67232,0.074377,0.85258,0.80537,0.78139,0.38755,0.56484,0.21307,0.28061,0.92377,0.20417,0.47838,0.41863,0.59031,0.6268,0.49581,0.37827,0.58119,0.64105,0.6477,0.70478,-0.23475,0.15207,-0.0021003,-0.054603,0.89523,0.6406,0.40763,0.58236,0.8165,0.4648,0.32145,0.06141,0.18188,0.12496,0.39594,0.30211,0.32319,0.35564,-0.28875,-0.42931,0.095851,-0.8481,0.4579,-0.062232,0.42038,-0.2993,0.085732,-0.88769,0.015187,-0.20765,-0.043533,-0.18388,-0.22739,-0.46472
0.69153,0.53896,0.65932,0.46874,0.60861,0.927,0.39558,0.52394,0.53399,0.30648,0.63298,0.20773,0.34389,0.49555,0.51116,0.48226,0.29045,0.48404,0.55705,0.64744,0.27976,0.30406,0.85098,0.59393,0.72336,0.93071,0.21648,-0.064125,0.32915,0.21327,0.46289,0.58602,0.35197,0.79281,0.24422,0.71577,0.54926,0.82083,0.88931,0,0.47548,0.83842,0.27029,0.66791,-0.020337,0.25351,0.15963,0.13906,0.60226,0.48593,0.47639,0.2112,0.63679,0.61057,0.5083,0.43894,0.34939,0.23562,0.18057,0.76924,0.48155,0.26525,0.40345,0.34701,0.26657,0.40656,0.33781,0.24293,0.3712,0.24266,0.16998,-0.18969,0.14413,0.10123,0.040865,0.45922,0.57328,0.42865,0.54939,0.486,0.58903,0.36591,0.27283,0.2584,0.22715,0.39494,0.44541,0.14251,0.08559,-0.046767,-0.099772,-0.15885,-0.68728,0.18881,-0.15647,0.41998,-0.11946,-0.43114,-0.95542,0.14858,-0.012176,0.24484,0.15209,-0.35923,-0.57781
0.80991,0.21261,0.39852,0.30174,1.0952,0.75012,1.2608,0.30992,0.76021,0.27619,0.62279,0.10977,0.15296,0.17161,0.30768,0.1262,-0.066243,-0.15689,-0.10403,-0.033711,0.16657,-0.021505,0.62938,0.31217,0.8331,0.56152,0.42302,0.052115,0.58261,0.54997,0.4012,0.80719,0.23648,0.52978,0.39362,0.48523,0.59894,0.92249,1.203,0.47548,0,0.78284,0.38058,0.46215,-0.35763,-0.25158,0.19592,0.27565,0.44645,0.35959,0.21097,-0.075246,1.0471,0.74321,0.79918,0.53166,0.94017,0.21375,0.26619,0.66939,0.037471,0.39868,0.21255,0.34269,0.36307,0.33363,0.19892,0.47469,0.43392,0.40377,0.53302,-0.42131,-0.090942,-0.064207,-0.068233,0.62659,0.31522,-0.093754,0.11634,0.38918,0.11803,-0.10716,-0.2243,-0.041162,-0.14996,-0.091868,-0.064005,0.36117,0.38022,-0.35831,-0.48202,0.35534,-0.4684,0.5558,0.050693,0.14005,-0.45246,0.28678,-0.43212,-0.013816,-0.36337,-0.28302,-0.45461,0.1196,-0.095023
0.41295,0.15877,0.82985,0.36077,1.0182,0.99158,0.43506,0.15762,0.96233,0.023807,0.6579,0.28015,0.69848,0.88789,0.70718,0.57198,0.48601,0.40617,0.41672,0.43761,0.4395,0.56759,0.76697,0.89103,1.0645,0.93009,0.68109,0.44517,0.24953,0.10915,0.38044,0.56754,0.62629,0.85733,0.3954,0.24803,0.56447,0.57334,1.2184,0.83842,0.78284,0,0.28019,0.39648,0.04471,0.23335,0.33094,0.31936,0.28284,0.90882,0.84693,-0.215,0.52774,0.80994,0.64574,0.42122,0.47774,0.18864,0.36902,0.68887,0.43665,0.25702,0.21505,0.5846,0.47585,0.4947,0.5003,0.48666,0.59648,0.56204,0.66587,0.0089619,0.27781,0.16885,0.08545,0.99875,0.77328,0.62656,0.74454,0.84178,0.55044,0.26372,0.063697,0.26794,0.26248,0.49577,0.45746,0.27948,0.26392,-0.10281,-0.22025,0.1183,-0.63603,0.40777,0.076612,0.75922,-0.0096079,-0.056391,-0.80362,0.14593,-0.073113,0.12738,0.097509,-0.17544,-0.44021
0.48166,0.32311,-0.092051,-0.43485,0.22724,0.36675,0.59234,0.47421,0.25568,0.1746,0.75684,0.20171,0.59558,0.32949,0.34697,0.33043,0.10277,0.012007,-0.14826,0.49718,0.012685,0.20247,0.29942,0.50888,0.24136,0.43327,-0.073724,0.07141,0.32207,0.31588,1.0947,0.77209,0.72109,0.12511,1.2127,0.47315,0.77369,0.078003,0.3855,0.27029,0.38058,0.28019,0,0.72234,0.40776,0.28747,-0.11603,-0.14477,0.34468,0.029178,-0.032863,0.11526,0.35746,0.30112,0.13709,0.30025,0.26069,0.055826,0.1261,0.0766,0.049323,0.89048,0.55023,0.58028,0.55435,-0.083926,-0.14371,0.64739,0.46055,0.24731,0.29579,0.010669,0.16395,-0.16334,-0.26521,0.078919,-0.12894,-0.031108,-0.19929,0.27032,0.17623,-0.25748,-0.33783,-0.25526,-0.44402,0.098543,0.13171,0.070313,0.040836,-0.3025,-0.22569,-0.093694,-0.5531,0.33136,0.013545,0.20272,-0.14633,-0.06328,-0.28065,0.12915,-0.0015998,-0.11603,-0.14941,0.18086,0.020288
0.41778,0.59865,0.20945,-0.083083,0.1586,0.60351,0.41353,0.63592,0.39608,0.40938,0.42966,-0.033282,0.34134,0.25922,0.37514,0.48937,0.26317,0.17297,0.21838,0.46649,0.27833,0.14391,0.59142,0.57743,0.53734,0.78822,-0.12946,-0.36518,0.32441,0.53213,0.63853,0.87028,0.26833,0.3394,0.45421,1.0275,0.43778,0.69029,0.61356,0.66791,0.46215,0.39648,0.72234,0,0.028621,0.099884,0.14295,0.11392,0.61022,0.15879,-0.042556,0.25394,0.42537,0.44568,0.43895,0.63488,0.58916,0.37982,0.46333,0.26398,0.051273,0.6338,0.76727,0.49521,0.71414,0.21422,0.010947,0.48397,0.72292,0.28828,0.25445,-0.1332,0.11399,-0.16706,-0.23311,0.052406,0.032164,0.052959,-0.047129,0.21548,0.24089,0.11908,-0.24722,-0.09789,-0.32992,0.17466,0.15295,0.25839,0.27233,-0.36931,-0.2467,-0.43739,-0.58173,-0.10765,-0.24851,0.03805,-0.3108,-0.068513,-0.47324,-0.09444,-0.13198,-0.12083,-0.2717,-0.12119,-0.26092
-0.13212,0.0067246,-0.1753,-0.24417,-0.2245,-0.19785,-0.22441,-0.076543,-0.097632,-0.23071,0.10098,0.22046,0.41347,0.44887,0.23975,0.29843,0.3021,0.24467,0.17118,0.24352,-0.034727,0.51356,-0.07284,0.22466,0.061384,-0.071972,0.026806,0.29158,-0.15639,-0.33409,0.28329,-0.010934,0.24503,0.061117,0.41301,-0.14183,0.080576,-0.47177,-0.12738,-0.020337,-0.35763,0.04471,0.40776,0.028621,0,1.297,0.26118,-0.010195,-0.10419,0.01148,0.22306,0.14522,-0.42924,-0.23352,-0.38129,-0.33416,-0.50438,-0.12459,-0.039941,-0.25714,0.37303,0.061913,0.087806,0.35025,0.13661,0.17382,0.1919,0.13919,0.16759,0.12159,0.088002,1.0511,0.71564,0.54795,0.35486,-0.18946,0.0095845,0.31349,0.15376,0.18208,0.088568,0.035595,-0.16768,0.17843,0.21942,0.32646,0.20493,-0.018569,0.0041755,0.63725,0.59874,-0.16484,0.031081,0.082777,0.20936,0.41921,0.43438,-0.40014,-0.038313,0.46549,0.66521,0.38436,0.45974,-0.0034019,0.085569
0.040964,0.11363,0.081103,-0.028852,-0.051997,-0.0046986,-0.17275,0.029572,0.096054,-0.12877,0.21479,0.31671,0.48868,0.56994,0.55644,0.5874,0.53191,0.44035,0.4612,0.32846,0.13689,0.65399,0.11874,0.27561,0.24387,0.13282,0.29089,0.39002,-0.15898,-0.36862,0.33173,0.12981,0.24818,0.19369,0.25372,-0.090021,0.17252,-0.24844,0.074007,0.25351,-0.25158,0.23335,0.28747,0.099884,1.297,0,0.29611,0.061632,0.021114,0.18538,0.44564,0.11597,-0.16192,0.059088,-0.11749,-0.22279,-0.36393,0.017812,0.068041,0.096561,0.83041,0.10361,0.16981,0.60909,0.26431,0.31681,0.39752,0.24444,0.38712,0.39644,0.25129,1.0762,1.0071,0.57463,0.46095,0.12305,0.39442,0.54607,0.35872,0.28876,0.262,0.14631,-0.022804,0.19491,0.37866,0.48845,0.3054,0.037918,0.064058,0.55666,0.58918,-0.20277,-0.14977,0.14009,0.18223,0.51945,0.28377,-0.49765,-0.29551,0.4744,0.51353,0.41552,0.48585,-0.13409,-0.028448
