,,,,,,,,,,,,,,,,,,,,,,,,,,,,,,,,,,,,,,,,,,,,,,,,,,,,,,,,,,,,,,,,,,,,,,,,,,,,,,,,,,,,,,,,,,,,,,,,,,,,,,,,
0,0.63589,0.040691,-0.15465,0.61689,0.30135,0.8817,0.28822,0.17843,0.1221,0.68523,0.025902,0.0098141,-0.035574,0.060276,0.095609,-0.2152,0.094506,0.001097,0.3805,-0.063734,0.038223,0.55588,0.29002,0.17313,0.36418,0.16351,0.13366,0.38498,0.33105,0.56291,0.4819,0.20222,0.14434,0.18541,0.28061,0.44639,0.29269,0.35389,0.35478,0.55119,0.1567,0.54694,0.3391,0.12776,0.029752,-0.31667,-0.25156,0.77488,-0.19068,-0.20281,0.089318,0.98158,0.48537,0.31566,0.51729,0.29361,-0.060302,-0.15353,0.19411,0.20687,0.49519,0.36374,0.18721,0.13739,-0.17539,-0.21115,0.28291,0.041885,0.23501,0.058106,-0.13378,-0.046404,0.11257,0.0059262,0.076027,-0.11811,-0.19,-0.17442,-0.01769,0.084094,-0.088654,0.04014,-0.0076304,-0.09101,-0.027994,0.14098,-0.14147,-0.13476,0.090626,-0.044572,0.3647,-0.29485,0.46484,-0.34898,-0.14446,-0.61704,-0.14982,-0.32189,0.45067,-0.01443,-0.23974,-0.14279,0.30933,-0.0040494
0.63589,0,0.029474,-0.20995,-0.093944,0.32249,0.43957,0.88696,-0.12458,0.38039,0.48681,0.17278,0.12956,0.016203,-0.13618,0.064842,-0.22022,-0.032411,0.081188,0.32523,-0.26976,-0.23561,0.24824,0.36824,-0.071908,0.2745,-0.3131,-0.40534,0.50986,0.66292,0.66903,0.46258,0.16904,0.010044,0.24324,0.64232,0.52312,0.37006,0.2159,0.36896,0.17706,0.056823,0.41728,0.60141,0.094993,0.076414,-0.24071,-0.16116,0.41025,-0.20325,-0.18039,-0.073811,0.49668,0.45041,0.24699,0.66079,0.30036,0.1521,-0.017414,0.018503,0.047697,0.27877,0.35744,-0.069087,0.090093,-0.19968,-0.21875,0.13215,0.22492,-0.099163,-0.15485,-0.22743,-0.16537,-0.042801,-0.075018,-0.095085,-0.039442,-0.13424,-0.19867,-0.20792,-0.1031,-0.10419,-0.16695,-0.076329,-0.25998,-0.066545,-0.011978,-0.090181,-0.18282,0.069579,0.1724,-0.28231,-0.46152,0.081613,-0.067135,-0.13279,-0.26841,-0.19587,-0.14459,0.11868,-0.090365,-0.45999,-0.27406,0.084973,-0.062345
0.040691,0.029474,0,0.9295,0.32271,0.35222,0.047676,-0.16275,0.31907,0.093317,0.049393,0.078775,0.5707,0.66407,0.65155,0.38682,0.84478,0.60261,0.76772,0.34421,0.022594,0.29468,-0.0068524,0.2254,0.66611,0.85165,0.056991,0.22586,0.21219,-0.10353,0.14776,0.35341,0.43122,0.69009,0.23949,0.25379,0.38697,0.62236,0.83838,0.57911,0.087439,0.4063,-0.12883,-0.0056752,0.093215,0.34495,-0.038542,-0.14848,0.17285,1.2649,1.0837,0.354,0.13923,0.23623,0.55549,-0.072604,-0.14381,0.081689,0.00094503,0.9744,0.3139,0.10003,0.18932,0.029143,0.016671,0.20639,0.1494,0.22506,0.47648,0.31879,0.38748,-0.25193,-0.16211,-0.29377,-0.26138,0.90513,0.93986,1.1069,1.3994,0.86447,0.85072,0.96387,0.61427,1.0045,0.88456,0.91621,0.74277,0.0088323,-0.20476,0.040264,-0.037604,-0.085071,-0.43094,0.20864,0.011943,0.59596,0.27019,0.28912,-0.34367,0.033053,-0.32247,0.14811,-0.087238,-0.24159,-0.25233
-0.15465,-0.20995,0.9295,0,0.11069,-0.009471,-0.19515,-0.34454,0.19478,-0.017001,-0.2355,-0.085256,-0.0038299,0.17879,0.2885,0.12283,0.36189,0.51307,0.37885,-0.0090653,0.15998,0.10743,-0.086541,-0.21418,0.37291,0.21903,0.050763,0.062618,-0.049369,-0.3757,-0.26399,-0.063821,-0.022808,0.5545,-0.088672,0.12273,0.00047157,0.41148,0.29024,0.4271,-0.05118,0.10577,-0.49855,-0.35045,-0.02198,0.30255,0.04309,-0.1253,-0.021072,0.58827,0.67791,0.58706,-0.038994,-0.051558,0.33361,-0.23794,-0.21245,-0.041381,-0.18752,0.88204,0.38905,-0.33311,-0.16951,-0.24609,-0.49526,0.23235,0.16735,-0.22048,0.069631,0.017643,0.023693,-0.18824,-0.22548,-0.10907,-0.0032734,0.39487,0.59771,0.51241,0.94709,0.4089,0.5263,0.543,0.59129,0.97335,0.98621,0.30424,0.35334,-0.073181,-0.26277,0.21543,0.12557,0.05623,0.076567,0.10689,0.19214,0.34178,0.37685,0.28069,-0.10938,0.14684,-0.17487,0.4506,0.046292,-0.055719,0.094968
0.61689,-0.093944,0.32271,0.11069,0,0.65731,0.57,-0.14098,0.65391,-0.038566,0.31668,-0.02635,0.13143,0.15108,0.25876,0.10499,0.15264,0.20181,0.038992,0.19935,0.23692,0.38531,0.551,0.44207,0.64584,0.59098,0.60589,0.58042,0.087814,-0.025732,0.15021,0.3559,0.17913,0.28141,0.077911,-0.080249,0.20035,0.334,0.76471,0.41067,0.98698,0.80941,0.26142,0.20871,-0.053819,-0.080012,-0.048265,0.034234,0.56924,0.26119,0.16386,-0.021648,0.76644,0.58901,0.40255,0.35823,0.37203,-0.098012,0.057036,0.38586,0.21005,0.18762,0.017892,0.43261,0.291,0.15907,0.12424,0.14112,-0.043853,0.49382,0.48965,0.0020318,0.11073,0.067135,-0.070924,0.67024,0.13625,0.16066,0.20759,0.37822,0.29471,0.19879,0.118,0.19604,0.1817,0.19841,0.20537,0.032662,0.037845,-0.23876,-0.50944,0.68723,-0.11024,0.47937,-0.14752,0.2555,-0.28686,0.12006,-0.40037,0.33452,0.0012935,0.058437,0.020272,0.12543,-0.090536
0.30135,0.32249,0.35222,-0.009471,0.65731,0,0.49198,0.5587,0.54646,0.25573,0.43144,0.082962,0.33679,0.35819,0.049887,0.011907,0.098584,-0.037608,0.13605,0.17079,0.091136,0.21535,0.44895,0.83248,0.69929,0.88227,0.14103,-0.010081,0.32553,0.54962,0.34358,0.8072,0.31335,0.41737,0.20258,0.44689,0.37478,0.76021,0.98741,0.78653,0.79107,1.0219,0.27537,0.82592,-0.27849,-0.17654,-0.27693,-0.17088,0.65084,0.28648,0.18608,0.014699,0.75628,1.1127,0.32745,0.61534,0.40219,-0.10274,0.0018401,0.34244,0.024169,0.20547,0.38128,0.22456,0.50668,-0.068416,-0.068067,0.011343,0.037276,0.11276,0.21439,-0.26058,-0.13962,-0.26504,-0.4566,0.54093,0.17098,0.16417,0.16563,0.17448,0.15756,0.32859,0.041031,0.10232,-0.034735,0.18682,0.067317,-0.16517,-0.12752,-0.71298,-0.82843,-0.11603,-0.50656,0.16308,-0.12442,0.073878,-0.31931,-0.079202,-0.61574,0.19562,0.013973,-0.16444,-0.045648,-0.18121,-0.37244
0.8817,0.43957,0.047676,-0.19515,0.57,0.49198,0,0.47597,0.034723,0.21856,0.62076,0.0028475,0.1802,0.0042639,-0.15619,-0.36052,-0.36159,-0.2934,-0.23315,-0.00073931,-0.45655,-0.33249,0.21053,0.18546,0.13366,0.26575,-0.16389,-0.14878,0.73544,0.7563,0.71979,0.82854,0.34687,0.13055,0.57745,0.57132,0.73541,0.4186,0.56188,0.13826,0.85759,0.1016,0.76977,0.36863,-0.064313,-0.19058,-0.44138,-0.35232,0.51583,-0.054032,-0.13298,0.055048,0.91497,0.43105,0.157,0.36978,0.31716,-0.089487,-0.25143,0.21403,-0.29096,0.55126,0.38872,-0.017313,0.11024,-0.25933,-0.37344,0.22926,-0.022919,-0.020413,-0.008785,-0.43917,-0.37173,-0.25867,-0.42282,0.082786,-0.38324,-0.2409,-0.21166,0.042982,-0.08652,-0.14846,-0.12845,-0.028754,-0.23567,-0.061896,0.031809,-0.11137,-0.16063,-0.36913,-0.49764,0.32909,-0.45947,0.70916,-0.12659,-0.096181,-0.46366,0.075713,-0.24763,0.22121,-0.13355,-0.56812,-0.50045,0.43446,0.10518
0.28822,0.88696,-0.16275,-0.34454,-0.14098,0.5587,0.47597,0,-0.13837,0.53211,0.56105,0.40165,0.19728,0.025163,-0.24065,-0.20125,-0.37633,-0.39021,-0.14067,0.014119,-0.32252,-0.36486,0.021429,0.26343,-0.1665,0.081503,-0.46877,-0.55682,0.41717,0.79387,0.64907,0.52714,0.22533,-0.10165,0.32398,0.68166,0.51469,0.23315,0.14196,0.32461,0.16792,0.059236,0.4324,0.60268,-0.21101,-0.13235,-0.43638,-0.29982,0.20703,-0.22614,-0.12615,0.061878,0.4727,0.50807,-0.046864,0.40901,0.15728,-0.0045975,-0.21253,0.012623,-0.15171,0.21959,0.38317,-0.076405,0.1201,-0.45938,-0.29564,-0.12518,-0.13673,-0.3777,-0.39289,-0.33615,-0.23806,-0.27389,-0.33595,-0.061913,-0.16214,-0.2357,-0.37546,-0.36719,-0.32079,-0.18103,-0.17803,-0.27229,-0.4315,-0.20256,-0.29798,-0.24692,-0.22577,-0.41986,-0.24038,-0.38659,-0.48747,0.23677,0.090753,-0.23959,-0.26239,-0.43006,-0.15939,0.006794,-0.077357,-0.51394,-0.28625,0.093417,0.011759
0.17843,-0.12458,0.31907,0.19478,0.65391,0.54646,0.034723,-0.13837,0,-0.40785,0.39604,-0.095601,0.2694,0.48404,0.49632,0.62704,0.3332,0.44512,0.10558,0.18469,0.76895,0.77193,0.62279,0.58397,1.0901,0.5396,0.88949,0.56785,-0.25933,-0.16763,0.0051644,0.34444,0.2861,0.65174,0.033818,0.040702,0.055646,0.24979,0.59505,0.48803,0.52238,1.0103,0.12845,0.40461,0.085493,0.1966,0.22472,0.12704,0.29759,0.316,0.28259,-0.093312,0.28822,0.6746,0.35928,0.41399,0.30711,-0.12101,0.27837,0.38372,0.50534,0.098328,0.27218,0.70705,0.53107,0.31832,0.29058,0.30199,0.33643,0.49466,0.63445,0.33933,0.42458,0.35031,0.19862,0.59905,0.43959,0.25083,0.34255,0.2837,0.35296,0.13039,-0.014969,0.22577,0.28002,0.17226,0.19751,-0.09954,0.098552,-0.091096,-0.22313,0.14608,-0.10354,0.14242,-0.012755,0.19546,-0.19664,-0.013841,-0.50899,0.53009,0.098854,0.29224,0.25037,0.11119,-0.052514
0.1221,0.38039,0.093317,-0.017001,-0.038566,0.25573,0.21856,0.53211,-0.40785,0,-0.088993,0.53217,0.079745,-0.12309,-0.090238,-0.2514,0.046979,-0.37283,0.10765,-0.02033,-0.42786,-0.34327,-0.46205,-0.056625,-0.23105,-0.0065151,-0.55817,-0.23176,0.40519,0.37791,0.37314,0.31442,-0.052731,-0.33725,0.087631,0.13611,0.22485,0.2093,-0.02642,0.04387,-0.040174,-0.13548,0.091584,0.17633,0.010866,0.083928,-0.3187,-0.02949,0.32569,0.0080808,-0.029222,0.43675,0.34517,0.13253,0.20825,-0.086739,-0.24193,0.082755,-0.24787,0.1097,-0.024607,0.10942,-0.15274,-0.11692,0.010546,-0.32302,-0.17476,-0.19266,-0.19078,0.081654,-0.1263,-0.081385,-0.12518,-0.30547,-0.26223,-0.007784,-0.10127,0.023497,-0.15271,-0.13673,-0.26017,0.30315,0.05824,0.084886,0.022613,0.070643,-0.15462,0.1667,0.046789,-0.16883,-0.084797,0.027992,-0.013352,0.17647,0.19375,-0.30863,-0.25645,0.21516,0.28136,-0.30576,-0.34384,-0.60372,-0.56823,-0.07909,0.097849
0.68523,0.48681,0.049393,-0.2355,0.31668,0.43144,0.62076,0.56105,0.39604,-0.088993,0,0.41123,0.64551,0.56391,0.35502,0.3268,-0.013174,0.20698,0.041674,0.58799,-0.075073,0.21535,0.39044,0.55008,0.26084,0.39306,0.092869,0.16744,0.34207,0.25002,1.1014,0.74779,0.99425,0.40208,0.84099,0.51796,1.0053,0.04423,0.46437,0.51795,0.27637,0.33423,1.0696,0.42918,0.35933,0.35335,-0.35067,-0.42787,0.24985,0.11188,0.19696,-0.030387,0.48707,0.51163,0.09179,0.29073,0.00013418,-0.17081,-0.17553,0.25704,0.25545,0.68495,0.58992,0.43083,0.28226,-0.2302,-0.13645,0.52714,0.29138,0.05985,0.099903,0.025379,0.15207,0.098221,-0.060603,0.21503,0.13589,0.1092,0.039395,0.22058,0.26029,-0.21917,-0.047263,-0.031154,-0.047565,0.18925,0.30618,-0.33314,-0.33324,-0.045894,-0.067926,-0.036286,-0.76406,0.65134,0.0062727,0.16673,-0.24363,-0.41549,-0.54834,0.48936,0.10136,-0.020564,0.056987,0.14176,-0.13938
0.025902,0.17278,0.078775,-0.085256,-0.02635,0.082962,0.0028475,0.40165,-0.095601,0.53217,0.41123,0,0.57414,0.3326,0.5211,0.30059,0.36999,0.10721,0.31263,0.45091,-0.13092,0.069632,-0.27005,0.17484,-0.15921,0.068228,-0.19932,0.20729,0.044301,-0.16474,0.63147,0.15374,0.47934,-0.23311,0.44837,-0.052583,0.49912,-0.31153,0.00012544,0.25291,-0.24704,0.090808,0.37979,0.056535,0.33928,0.51498,-0.15381,-0.066458,-0.22259,0.25652,0.43558,0.15144,0.14302,0.18621,0.24418,-0.22163,-0.39629,0.2401,0.0068151,0.18803,0.41418,0.1911,-0.17564,0.28598,-0.0012374,-0.35056,-0.015275,0.093697,0.094258,0.020547,-0.095206,0.17585,0.22143,-0.19199,-0.16314,0.2791,0.33616,0.3973,0.067006,0.26637,0.13137,-0.034335,-0.063944,0.14226,0.23275,0.40803,0.19338,0.20712,-0.012477,-0.021417,0.13134,0.042465,-0.15635,0.59087,0.59646,0.25953,0.14144,-0.31186,0.068039,-0.14823,-0.2814,-0.14172,-0.1563,-0.051428,0.08833
0.0098141,0.12956,0.5707,-0.0038299,0.13143,0.33679,0.1802,0.19728,0.2694,0.079745,0.64551,0.57414,0,1.4369,0.86537,0.5375,0.77785,0.35882,0.51728,0.56023,-0.16659,0.35174,-0.11229,0.48094,0.35028,0.56151,-0.044702,0.32876,0.30474,0.037534,0.86131,0.65519,1.429,0.39081,0.96792,0.24359,0.89055,0.0051757,0.56701,0.26276,-0.081214,0.34655,0.59666,0.18965,0.53763,0.60176,-0.083275,-0.14534,-0.032926,0.92699,0.88748,-0.0047308,0.0060537,0.21744,0.14549,-0.16695,-0.35184,0.055125,0.044054,0.37536,0.15652,0.65715,0.4491,0.48819,0.46487,0.022231,0.13598,0.77185,0.68356,0.36344,0.51941,0.12996,0.24103,-0.12706,-0.2294,0.61496,0.56176,0.95743,0.58651,0.79354,0.56141,0.35346,0.16983,0.33476,0.33576,0.98921,0.69931,0.029669,-0.09383,-0.034639,-0.0041966,-0.20156,-0.83073,0.47719,0.21581,0.59044,0.20434,-0.014078,-0.35926,0.039318,-0.093549,-0.039408,-0.021333,-0.1591,-0.28806
-0.035574,0.016203,0.66407,0.17879,0.15108,0.35819,0.0042639,0.025163,0.48404,-0.12309,0.56391,0.3326,1.4369,0,0.91584,0.68982,0.88226,0.60829,0.6963,0.62348,0.098306,0.63578,0.095767,0.52315,0.67117,0.7366,0.093928,0.33313,0.14096,-0.084569,0.54092,0.56224,1.126,0.79562,0.66181,0.23699,0.55215,0.12019,0.63813,0.45351,-0.085673,0.48191,0.39026,0.22037,0.57888,0.67306,0.03641,-0.12694,0.076337,1.0656,1.0309,0.11263,-0.081044,0.2183,0.14113,-0.16413,-0.32819,-0.05127,0.023628,0.42441,0.27518,0.55902,0.57774,0.56128,0.54518,0.19628,0.25953,0.67823,0.68202,0.39432,0.57002,0.22213,0.29072,0.031347,-0.10614,0.52541,0.66841,1.0931,0.86373,0.94499,0.88751,0.52651,0.31211,0.51814,0.51819,1.0688,0.90718,-0.029291,-0.065613,0.089717,0.037182,-0.30958,-0.71633,0.24643,0.035759,0.58026,0.21238,-0.11798,-0.65757,0.28112,0.19705,0.29496,0.31999,-0.26819,-0.48105
0.060276,-0.13618,0.65155,0.2885,0.25876,0.049887,-0.15619,-0.24065,0.49632,-0.090238,0.35502,0.5211,0.86537,0.91584,0,1.2389,1.329,0.94912,0.85129,0.65424,0.32012,0.68959,0.063451,0.2295,0.38226,0.50515,0.41148,0.77482,-0.18875,-0.55627,0.31727,0.25262,0.70448,0.38461,0.27523,-0.19076,0.3293,-0.13973,0.30277,0.3083,-0.22896,0.30572,0.18613,-0.060566,0.57458,0.95674,0.11966,0.049092,-0.079962,0.80254,0.88188,0.06385,0.05118,0.24928,0.46519,-0.26794,-0.35861,0.252,0.23895,0.57765,0.75313,0.44795,0.17854,0.75987,0.30226,0.17044,0.39116,0.72245,0.72914,0.70811,0.58882,0.41498,0.51547,0.058153,0.077892,0.78493,1.0068,1.1364,0.7275,0.84935,0.91923,0.36198,0.32478,0.4921,0.81421,1.0682,0.9309,0.23187,0.085506,0.21937,0.24791,0.063179,-0.3146,0.38437,0.17036,0.5378,0.13475,-0.018535,-0.35981,0.16949,-0.17405,0.22412,0.19818,-0.086534,-0.12677
0.095609,0.064842,0.38682,0.12283,0.10499,0.011907,-0.36052,-0.20125,0.62704,-0.2514,0.3268,0.30059,0.5375,0.68982,1.2389,0,0.91935,1.0644,0.66122,0.75217,0.66222,1.0022,0.32768,0.43116,0.35583,0.45521,0.60839,0.73652,-0.29451,-0.49245,0.16373,0.10238,0.45534,0.36723,0.027537,-0.23967,0.0942,-0.16029,0.12921,0.33222,-0.25152,0.39162,0.090178,0.091234,0.55693,0.7974,0.25989,0.14876,0.0046292,0.40529,0.46817,-0.080735,-0.035404,0.28647,0.37226,0.033881,-0.16056,0.1704,0.34643,0.267,0.94328,0.35295,0.23592,0.7442,0.37695,0.19988,0.39452,0.66189,0.74169,0.69003,0.62169,0.5521,0.64568,0.33178,0.3439,0.50826,0.83853,0.67617,0.45834,0.41221,0.6204,0.24011,0.21912,0.23826,0.4476,0.58464,0.58001,0.12377,0.091179,0.42144,0.47352,-0.12383,-0.21009,0.031117,0.021534,0.33146,0.05788,-0.12597,-0.31243,0.26659,-0.0025948,0.31817,0.37932,-0.11939,-0.17348
-0.2152,-0.22022,0.84478,0.36189,0.15264,0.098584,-0.36159,-0.37633,0.3332,0.046979,-0.013174,0.36999,0.77785,0.88226,1.329,0.91935,0,0.79611,1.122,0.56893,0.27063,0.68781,-0.063219,0.27312,0.43395,0.60838,0.28509,0.6328,-0.12079,-0.45868,0.11833,0.16966,0.48993,0.35341,0.12994,-0.26523,0.14319,0.010095,0.32061,0.24945,-0.29533,0.34787,-0.063751,-0.0652,0.45678,0.72717,0.16921,0.13252,-0.042676,1.081,0.92821,0.076363,-0.12464,0.13214,0.46547,-0.33026,-0.39154,0.26194,0.28929,0.46173,0.53722,0.27672,0.064456,0.49943,0.33776,0.23356,0.37206,0.53911,0.72381,0.72188,0.68338,0.33592,0.36387,-0.084777,-0.055627,0.74392,1.0078,1.5373,0.93584,0.94636,0.88159,0.73106,0.3926,0.60784,0.8541,1.3847,0.92417,0.32995,0.13931,0.14828,0.1635,-0.080169,-0.22451,0.05755,0.11973,0.53338,0.24469,0.19877,-0.24744,-0.04858,-0.16495,0.2146,0.17679,-0.39127,-0.32908
0.094506,-0.032411,0.60261,0.51307,0.20181,-0.037608,-0.2934,-0.39021,0.44512,-0.37283,0.20698,0.10721,0.35882,0.60829,0.94912,1.0644,0.79611,0,0.85936,0.81724,0.61605,0.83222,0.48622,0.30092,0.37145,0.5082,0.55228,0.5701,-0.11383,-0.54432,0.070323,0.0096967,0.40011,0.62474,-0.013985,-0.14189,0.11496,0.04814,0.24619,0.52621,-0.18602,0.32313,-0.13249,-0.15798,0.39461,0.71406,0.081337,-0.086698,0.052915,0.6084,0.66293,0.089999,-0.022449,0.14276,0.32193,-0.05786,-0.2095,0.020017,0.049095,0.56361,0.91654,0.20821,0.15951,0.37066,0.028448,0.1833,0.27649,0.36564,0.54492,0.484,0.47068,0.27195,0.27656,0.21848,0.24584,0.46708,0.79402,0.78147,0.767,0.58451,0.94325,0.36607,0.55507,0.49683,0.6983,0.66074,0.87784,-0.044322,-0.21348,0.44552,0.37524,-0.076599,-0.21904,0.027874,-0.086385,0.43233,0.15951,-0.090809,-0.48759,0.38653,0.16567,0.70689,0.5013,-0.23828,-0.32353
0.001097,0.081188,0.76772,0.37885,0.038992,0.13605,-0.23315,-0.14067,0.10558,0.10765,0.041674,0.31263,0.51728,0.6963,0.85129,0.66122,1.122,0.85936,0,0.68496,0.19224,0.41385,0.15889,0.237,0.35843,0.74066,0.10571,0.21967,0.043866,-0.20139,0.19319,0.21074,0.39776,0.40661,0.028767,-0.020695,0.17071,0.22196,0.33538,0.4926,-0.28122,0.19759,-0.14129,0.026362,0.28335,0.59003,-0.094952,-0.13431,0.15122,0.82794,0.75354,0.17778,0.066927,0.24715,0.50459,-0.20234,-0.2775,0.32385,0.13382,0.57201,0.53071,0.29338,0.27557,0.25581,0.22506,0.02159,0.11043,0.349,0.65597,0.40076,0.26626,0.065784,0.033926,-0.28621,-0.26907,0.44319,0.80508,1.0793,0.7739,0.76895,1.024,0.66258,0.44921,0.72871,0.8396,1.3263,1.1719,0.20983,-0.017405,0.091202,0.10753,-0.22685,-0.29745,-0.0087313,-0.074143,0.31671,0.080979,-0.10055,-0.50493,0.12268,0.0018197,0.2017,0.24093,-0.42539,-0.49404
0.3805,0.32523,0.34421,-0.0090653,0.19935,0.17079,-0.00073931,0.014119,0.18469,-0.02033,0.58799,0.45091,0.56023,0.62348,0.65424,0.75217,0.56893,0.81724,0.68496,0,0.15701,0.66303,0.41309,0.7045,0.24926,0.68516,0.18185,0.43485,0.24925,-0.10621,0.58183,0.29698,0.72257,0.41469,0.3726,0.075348,0.51511,0.072902,0.3205,0.65452,-0.11455,0.34967,0.34957,0.19552,0.54121,0.60845,-0.23818,-0.30094,0.24152,0.40672,0.38319,0.052052,0.1746,0.24032,0.34686,0.082158,-0.26585,-0.058431,-0.056742,0.23139,0.64782,0.50995,0.22359,0.33306,0.1733,-0.17638,-0.077233,0.48664,0.49363,0.31115,0.28014,0.14982,0.20639,0.065518,0.02467,0.26025,0.46662,0.5543,0.39835,0.53895,0.65777,0.24456,0.30227,0.19287,0.26377,0.6619,0.77185,-0.11439,-0.34024,0.28822,0.24986,-0.1954,-0.54672,0.072727,-0.21479,0.28846,-0.07615,-0.21318,-0.41644,0.18379,0.078066,0.30754,0.25793,-0.55156,-0.69066
-0.063734,-0.26976,0.022594,0.15998,0.23692,0.091136,-0.45655,-0.32252,0.76895,-0.42786,-0.075073,-0.13092,-0.16659,0.098306,0.32012,0.66222,0.27063,0.61605,0.19224,0.15701,0,0.9494,0.72206,0.35308,0.37307,0.18262,1.0216,0.5293,-0.49369,-0.40775,-0.43353,-0.25353,-0.17183,0.24816,-0.60814,-0.47242,-0.53252,-0.031531,-0.04262,0.27784,0.096991,0.52548,-0.41589,0.046522,-0.10167,0.060485,0.31302,0.19802,0.11685,0.033414,0.083072,-0.003015,-0.00030256,0.30046,0.10893,0.27031,0.19458,-0.10179,0.21309,0.087986,0.67188,-0.13295,0.027779,0.37434,0.20566,0.11775,0.2413,-0.069317,0.013423,0.35712,0.37686,0.36459,0.32001,0.36463,0.32683,0.22847,0.25069,0.07094,0.079948,-0.082732,0.13141,0.12845,0.18907,0.029521,0.12023,-0.044151,-0.011354,-0.042197,0.12239,0.1019,0.034721,0.012998,0.3041,-0.2408,-0.11148,-0.045005,-0.083134,-0.21425,-0.26762,0.35744,0.31177,0.55966,0.5442,0.00019784,-0.034692
0.038223,-0.23561,0.29468,0.10743,0.38531,0.21535,-0.33249,-0.36486,0.77193,-0.34327,0.21535,0.069632,0.35174,0.63578,0.68959,1.0022,0.68781,0.83222,0.41385,0.66303,0.9494,0,0.53622,0.69489,0.57511,0.53015,0.84301,0.96132,-0.19204,-0.41025,-0.031745,0.025931,0.32836,0.51131,-0.083708,-0.39556,-0.10306,-0.061132,0.21369,0.40206,-0.010251,0.72881,-0.022048,0.056712,0.34573,0.37276,0.20819,0.064923,0.22205,0.41106,0.4006,0.060802,-0.081178,0.19494,0.088205,0.065206,-0.14798,-0.26019,0.086131,0.12433,0.68539,0.24557,0.18063,0.57937,0.41482,0.17355,0.3033,0.34479,0.24825,0.64644,0.77431,0.45773,0.49542,0.40105,0.28454,0.4416,0.48204,0.50448,0.44323,0.36243,0.49189,0.45526,0.43176,0.16292,0.26351,0.40575,0.3823,-0.09257,-0.019505,0.27475,0.12808,-0.054248,-0.10105,-0.095836,-0.18465,0.2807,0.048201,-0.099248,-0.40332,0.34827,0.36301,0.68531,0.68908,-0.32265,-0.42113
0.55588,0.24824,-0.0068524,-0.086541,0.551,0.44895,0.21053,0.021429,0.62279,-0.46205,0.39044,-0.27005,-0.11229,0.095767,0.063451,0.32768,-0.063219,0.48622,0.15889,0.41309,0.72206,0.53622,0,0.7168,0.4748,0.55126,0.74851,0.22952,0.042956,0.13531,0.037109,0.16764,0.068074,0.41853,-0.21007,0.048006,-0.022852,0.32882,0.38215,0.5964,0.60067,0.65625,0.05106,0.40111,-0.14773,-0.12353,-0.088534,-0.15747,0.55436,-0.070477,-0.10742,-0.21859,0.51427,0.67056,0.20213,0.81392,0.59302,-0.13291,0.087479,0.12364,0.36908,0.16411,0.37216,0.25941,0.27825,-0.043217,-0.095056,0.08902,0.10889,0.17647,0.22552,-0.021752,-0.01246,0.17691,0.02424,0.13964,0.021875,-0.10959,-0.036695,-0.0094862,0.21521,-0.06726,0.041694,-0.049058,-0.11679,-0.043166,0.16566,-0.2353,-0.15432,-0.098,-0.24485,0.034496,-0.14023,-0.068986,-0.43256,-0.046604,-0.39019,-0.36322,-0.7123,0.6327,0.44277,0.30229,0.41499,0.0059849,-0.32482
0.29002,0.36824,0.2254,-0.21418,0.44207,0.83248,0.18546,0.26343,0.58397,-0.056625,0.55008,0.17484,0.48094,0.52315,0.2295,0.43116,0.27312,0.30092,0.237,0.7045,0.35308,0.69489,0.7168,0,0.58858,0.87533,0.37225,0.33773,0.33688,0.32607,0.43779,0.46627,0.5005,0.37441,0.26483,0.16758,0.38166,0.34776,0.64865,0.68367,0.46912,1.1387,0.33018,0.6798,0.05706,0.016998,-0.11822,-0.15145,0.44984,0.2935,0.19923,-0.18029,0.34527,0.68358,0.23884,0.70646,0.2662,-0.16315,0.12687,0.064095,0.28589,0.28541,0.33541,0.29508,0.50692,-0.14894,-0.14444,0.25241,0.28013,0.22963,0.44519,-0.018159,0.061148,0.0025407,-0.19295,0.39957,0.2096,0.23589,0.14847,0.21363,0.17076,0.22447,0.011935,-0.00073935,-0.1444,0.27025,0.19364,-0.19426,-0.20426,-0.21192,-0.29514,-0.19864,-0.47033,0.020843,-0.1281,0.20124,-0.15551,-0.17515,-0.46327,0.18131,0.15458,0.080465,0.12714,-0.33424,-0.53927
0.17313,-0.071908,0.66611,0.37291,0.64584,0.69929,0.13366,-0.1665,1.0901,-0.23105,0.26084,-0.15921,0.35028,0.67117,0.38226,0.35583,0.43395,0.37145,0.35843,0.24926,0.37307,0.57511,0.4748,0.58858,0,0.97084,0.37596,0.26954,-0.028496,0.019442,0.0535,0.48737,0.32988,0.98709,0.17255,0.28943,0.1442,0.66638,1.1144,0.67157,0.5896,0.99087,0.099587,0.51419,0.086226,0.11963,0.15292,0.022134,0.47815,0.64759,0.489,0.13565,0.26618,0.55198,0.47325,0.29366,0.25612,-0.10197,0.1841,0.48215,0.25471,0.1021,0.38548,0.41931,0.54836,0.3679,0.17254,0.22699,0.36475,0.34586,0.49342,0.062359,0.1074,0.084424,-0.099234,0.5321,0.44326,0.46138,0.67641,0.64257,0.63381,0.49876,0.096928,0.63545,0.49018,0.47459,0.46125,-0.037906,0.091977,-0.11738,-0.35034,0.032732,-0.23945,0.062702,-0.18944,0.29582,-0.11819,0.029895,-0.66854,0.45347,0.14104,0.27664,0.19413,-0.12687,-0.35986
0.36418,0.2745,0.85165,0.21903,0.59098,0.88227,0.26575,0.081503,0.5396,-0.0065151,0.39306,0.068228,0.56151,0.7366,0.50515,0.45521,0.60838,0.5082,0.74066,0.68516,0.18262,0.53015,0.55126,0.87533,0.97084,0,0.23738,0.20934,0.24728,0.18642,0.33366,0.65123,0.514,0.75919,0.24541,0.31206,0.42102,0.75908,1.2287,0.9579,0.42904,0.88553,0.21453,0.58529,0.050471,0.15617,-0.099885,-0.15591,0.50819,0.69264,0.53344,0.026322,0.51566,0.78931,0.68117,0.41198,0.24383,0.1322,0.19954,0.46947,0.25524,0.36827,0.45899,0.29584,0.45506,0.099659,0.049626,0.37231,0.49089,0.31019,0.37901,-0.22621,-0.092372,-0.2752,-0.39893,0.67325,0.56898,0.66232,0.66504,0.74876,0.819,0.62203,0.28019,0.45147,0.34782,0.77689,0.74012,0.047296,-0.08262,-0.23003,-0.32474,-0.19176,-0.69561,0.081935,-0.31366,0.41182,-0.099079,-0.062546,-0.90064,0.18167,-0.042421,0.058478,0.12689,-0.39529,-0.70173
0.16351,-0.3131,0.056991,0.050763,0.60589,0.14103,-0.16389,-0.46877,0.88949,-0.55817,0.092869,-0.19932,-0.044702,0.093928,0.41148,0.60839,0.28509,0.55228,0.10571,0.18185,1.0216,0.84301,0.74851,0.37225,0.37596,0.23738,0,1.0152,-0.33895,-0.41941,-0.26911,-0.11508,0.0089857,0.17647,-0.38875,-0.57381,-0.2739,-0.15002,0.096067,0.15467,0.26339,0.59118,-0.15828,-0.10117,0.005583,0.087448,0.1435,0.11169,0.18852,0.056742,0.034164,-0.32314,0.16397,0.35448,0.14724,0.26855,0.23662,-0.087063,0.26888,0.17527,0.6177,0.021887,-0.0038444,0.49504,0.24522,0.15788,0.22098,0.25224,0.18837,0.63289,0.65335,0.38432,0.39135,0.33786,0.26986,0.49081,0.3176,0.10458,0.11286,0.072177,0.20891,-0.014383,0.10915,-0.014555,0.14383,0.051298,0.1317,-0.062653,0.031458,0.024609,-0.090334,0.39391,0.2265,0.030483,-0.036572,0.12938,-0.12866,0.032684,-0.24493,0.44227,0.18465,0.39402,0.44106,0.12357,0.03564
0.13366,-0.40534,0.22586,0.062618,0.58042,-0.010081,-0.14878,-0.55682,0.56785,-0.23176,0.16744,0.20729,0.32876,0.33313,0.77482,0.73652,0.6328,0.5701,0.21967,0.43485,0.5293,0.96132,0.22952,0.33773,0.26954,0.20934,1.0152,0,-0.15301,-0.57921,0.033171,-0.056585,0.33371,0.091477,0.00043339,-0.70411,0.0052437,-0.37302,0.079488,0.039967,0.022123,0.44663,0.060397,-0.30733,0.40194,0.3981,0.084422,0.066114,0.088162,0.34813,0.32011,-0.069637,-0.0024814,0.060094,0.12194,-0.13977,-0.24455,-0.16221,0.098891,0.22732,0.70717,0.23214,-0.11748,0.56165,0.21108,0.066331,0.20254,0.46706,0.25867,0.89566,0.88925,0.52556,0.53794,0.31244,0.2579,0.64213,0.43859,0.42807,0.29876,0.36393,0.31256,0.1842,0.25663,0.15905,0.33894,0.37983,0.31697,0.011996,-0.0088396,0.25287,0.10844,0.53353,0.13699,0.3022,0.14099,0.329,0.043262,0.19758,0.012349,0.24442,0.014537,0.35076,0.25508,0.016889,0.030236
0.38498,0.50986,0.21219,-0.049369,0.087814,0.32553,0.73544,0.41717,-0.25933,0.40519,0.34207,0.044301,0.30474,0.14096,-0.18875,-0.29451,-0.12079,-0.11383,0.043866,0.24925,-0.49369,-0.19204,0.042956,0.33688,-0.028496,0.24728,-0.33895,-0.15301,0,0.96176,0.76383,0.65518,0.48063,0.1802,0.57601,0.55303,0.76626,0.43759,0.3374,0.15179,0.26528,-0.021362,0.33594,0.10312,0.043264,-0.032684,-0.84496,-0.7979,0.53687,0.1844,0.034719,0.27823,0.32292,0.0675,-0.08239,0.12213,-0.18306,-0.4223,-0.67426,0.24833,-0.15233,0.50168,0.3926,-0.42265,-0.067131,-0.62184,-0.79893,0.16655,0.10401,-0.027662,0.08303,-0.4981,-0.62892,-0.39192,-0.54341,-0.029301,-0.2734,-0.026523,-0.01528,0.005027,-0.11905,0.20437,0.22842,0.10832,-0.17313,0.11136,0.13327,-0.45175,-0.68292,-0.16969,-0.27474,-0.073581,-0.48003,0.27919,-0.083036,-0.17395,-0.244,0.27604,-0.02684,0.078949,-0.021873,-0.32424,-0.46493,-0.052809,-0.16628
0.33105,0.66292,-0.10353,-0.3757,-0.025732,0.54962,0.7563,0.79387,-0.16763,0.37791,0.25002,-0.16474,0.037534,-0.084569,-0.55627,-0.49245,-0.45868,-0.54432,-0.20139,-0.10621,-0.40775,-0.41025,0.13531,0.32607,0.019442,0.18642,-0.41941,-0.57921,0.96176,0,0.47336,0.70002,0.13649,0.047694,0.29036,0.75924,0.39463,0.60053,0.29267,0.077402,0.48381,0.016698,0.3149,0.60149,-0.30508,-0.4368,-0.57093,-0.45352,0.57704,-0.1848,-0.35646,0.056092,0.44951,0.33799,-0.075127,0.48556,0.27203,-0.2173,-0.30141,-0.058287,-0.47134,0.34036,0.56686,-0.35564,0.20983,-0.50706,-0.72863,-0.0016214,-0.019753,-0.24072,-0.14212,-0.56169,-0.63339,-0.4108,-0.60043,-0.23991,-0.55375,-0.41962,-0.40646,-0.34456,-0.42561,-0.019875,-0.17731,-0.19955,-0.56987,-0.22654,-0.23743,-0.32064,-0.25861,-0.52979,-0.55023,-0.26515,-0.39476,-0.00085561,-0.24856,-0.51124,-0.53096,0.058477,-0.093184,0.018852,-0.0090969,-0.67982,-0.51633,0.056825,-0.12768
0.56291,0.66903,0.14776,-0.26399,0.15021,0.34358,0.71979,0.64907,0.0051644,0.37314,1.1014,0.63147,0.86131,0.54092,0.31727,0.16373,0.11833,0.070323,0.19319,0.58183,-0.43353,-0.031745,0.037109,0.43779,0.0535,0.33366,-0.26911,0.033171,0.76383,0.47336,0,0.93839,1.0442,0.16794,1.1377,0.5539,1.4933,0.098775,0.40708,0.28336,0.14192,0.1001,1.0908,0.37637,0.4847,0.44113,-0.46927,-0.40616,0.29268,0.25264,0.23875,0.077206,0.44366,0.3277,0.14455,0.1068,-0.2036,-0.052293,-0.24637,0.25874,0.10282,0.85334,0.46943,0.26321,0.26759,-0.36141,-0.27526,0.56332,0.38188,0.14888,0.14325,-0.014064,0.029889,-0.11161,-0.24802,0.14111,0.029918,0.22274,0.024839,0.27005,0.14639,-0.028732,-0.041358,0.081848,-0.00842,0.37832,0.37253,-0.131,-0.27257,-0.048247,-0.03001,-0.035423,-0.77944,0.68498,0.12416,0.083738,-0.25263,-0.10878,-0.2517,0.17458,-0.079357,-0.35241,-0.31273,0.068198,-0.1233
0.4819,0.46258,0.35341,-0.063821,0.3559,0.8072,0.82854,0.52714,0.34444,0.31442,0.74779,0.15374,0.65519,0.56224,0.25262,0.10238,0.16966,0.0096967,0.21074,0.29698,-0.25353,0.025931,0.16764,0.46627,0.48737,0.65123,-0.11508,-0.056585,0.65518,0.70002,0.93839,0,0.77446,0.56575,0.74793,0.7823,0.9104,0.58585,0.77318,0.40618,0.45582,0.31352,0.78021,0.70619,0.22311,0.27815,-0.44286,-0.37071,0.62204,0.3146,0.16042,0.14337,0.70507,0.69018,0.3694,0.24867,0.019337,-0.071632,-0.15369,0.43954,0.01244,0.87727,0.71672,0.287,0.50314,-0.17111,-0.21862,0.5869,0.47278,0.2591,0.27233,-0.11109,-0.083651,-0.23412,-0.41501,0.25326,0.039797,0.19095,0.15044,0.30846,0.24683,0.19193,-0.012791,0.18361,0.091324,0.35793,0.39122,-0.11376,-0.15419,-0.37693,-0.41756,-0.096836,-0.80569,0.3917,-0.10519,-0.10026,-0.5527,0.16898,-0.51713,0.2798,-0.12373,-0.42663,-0.31818,0.01306,-0.22623
0.20222,0.16904,0.43122,-0.022808,0.17913,0.31335,0.34687,0.22533,0.2861,-0.052731,0.99425,0.47934,1.429,1.126,0.70448,0.45534,0.48993,0.40011,0.39776,0.72257,-0.17183,0.32836,0.068074,0.5005,0.32988,0.514,0.0089857,0.33371,0.48063,0.13649,1.0442,0.77446,0,0.54613,1.2024,0.39741,1.1377,0.027066,0.55222,0.36307,0.0092901,0.28241,0.7296,0.14634,0.53576,0.59527,-0.40371,-0.52731,0.093109,0.69501,0.65181,0.076219,0.11762,0.22557,0.084334,-0.14706,-0.40607,-0.19274,-0.21596,0.48441,0.2681,0.84269,0.58902,0.35306,0.3033,-0.23087,-0.16637,0.80571,0.66431,0.24012,0.38273,0.041403,0.087717,-0.13358,-0.26641,0.45553,0.398,0.62494,0.46024,0.66607,0.55071,0.14375,0.17318,0.29567,0.28154,0.74509,0.72721,-0.27141,-0.41967,-0.030516,-0.065368,-0.13492,-0.8635,0.55142,0.10488,0.37721,0.0068106,-0.061094,-0.3936,0.28664,-0.0089691,0.055602,-0.0068885,-0.12391,-0.30513
0.14434,0.010044,0.69009,0.5545,0.28141,0.41737,0.13055,-0.10165,0.65174,-0.33725,0.40208,-0.23311,0.39081,0.79562,0.38461,0.36723,0.35341,0.62474,0.40661,0.41469,0.24816,0.51131,0.41853,0.37441,0.98709,0.75919,0.17647,0.091477,0.1802,0.047694,0.16794,0.56575,0.54613,0,0.33219,0.53503,0.31727,0.63124,0.75961,0.72078,0.21752,0.45355,0.12853,0.26219,0.2316,0.36552,-0.088831,-0.3432,0.37023,0.61211,0.52699,0.34773,0.12261,0.27746,0.23056,0.068209,-0.080829,-0.32521,-0.21407,0.59789,0.27432,0.33057,0.60661,0.17241,0.19779,0.20626,0.063292,0.32579,0.41785,0.1643,0.31354,-0.058517,-0.050492,0.075873,-0.041787,0.27308,0.39293,0.46435,0.81102,0.58388,0.81047,0.47883,0.43871,0.55882,0.49352,0.43964,0.66872,-0.32992,-0.31953,0.081439,-0.093336,-0.28764,-0.5456,0.0014138,-0.32437,0.21438,-0.057154,0.03271,-0.82972,0.56308,0.25671,0.49532,0.33372,-0.24739,-0.49461
0.18541,0.24324,0.23949,-0.088672,0.077911,0.20258,0.57745,0.32398,0.033818,0.087631,0.84099,0.44837,0.96792,0.66181,0.27523,0.027537,0.12994,-0.013985,0.028767,0.3726,-0.60814,-0.083708,-0.21007,0.26483,0.17255,0.24541,-0.38875,0.00043339,0.57601,0.29036,1.1377,0.74793,1.2024,0.33219,0,0.63065,1.3966,0.060128,0.49739,0.15452,0.11343,0.076005,1.0508,0.2154,0.51434,0.39468,-0.27288,-0.36208,-0.037457,0.42774,0.40349,0.06796,0.098875,0.050555,0.053099,-0.12571,-0.28595,-0.11892,-0.20825,0.22829,-0.10674,0.58998,0.3242,0.13629,0.12044,-0.1504,-0.19647,0.54758,0.40014,-0.05478,0.10412,-0.079761,-0.023583,-0.1397,-0.26183,0.1475,0.064649,0.30693,0.24978,0.52339,0.24543,-0.054904,-0.11182,0.19358,0.09274,0.40344,0.40524,-0.12267,-0.27417,-0.037028,-0.05453,-0.053763,-0.74838,0.64227,0.22518,0.34088,0.07117,0.048331,-0.15108,0.063769,-0.13953,-0.18183,-0.29905,0.020511,-0.10894
0.28061,0.64232,0.25379,0.12273,-0.080249,0.44689,0.57132,0.68166,0.040702,0.13611,0.51796,-0.052583,0.24359,0.23699,-0.19076,-0.23967,-0.26523,-0.14189,-0.020695,0.075348,-0.47242,-0.39556,0.048006,0.16758,0.28943,0.31206,-0.57381,-0.70411,0.55303,0.75924,0.5539,0.7823,0.39741,0.53503,0.63065,0,0.73621,0.77864,0.58458,0.46298,0.30634,0.035307,0.38645,0.59448,-0.073762,-0.011256,-0.39044,-0.46913,0.27391,0.12757,0.087178,0.22154,0.3375,0.31514,0.14756,0.30397,0.12464,-0.13786,-0.28422,0.32965,-0.22267,0.19673,0.57529,-0.21189,0.026601,-0.14653,-0.34951,0.035246,0.19167,-0.40474,-0.29556,-0.47935,-0.41323,-0.22985,-0.31098,-0.087588,-0.045597,-0.045713,0.1197,0.065535,0.086086,0.0023996,-0.077814,0.17606,-0.026919,0.018427,0.11209,-0.39126,-0.38841,-0.22993,-0.22857,-0.42628,-0.7121,0.12055,-0.15603,-0.10013,-0.24316,-0.090483,-0.35081,0.15413,-0.10518,-0.23856,-0.35238,-0.035682,-0.20182
0.44639,0.52312,0.38697,0.00047157,0.20035,0.37478,0.73541,0.51469,0.055646,0.22485,1.0053,0.49912,0.89055,0.55215,0.3293,0.0942,0.14319,0.11496,0.17071,0.51511,-0.53252,-0.10306,-0.022852,0.38166,0.1442,0.42102,-0.2739,0.0052437,0.76626,0.39463,1.4933,0.9104,1.1377,0.31727,1.3966,0.73621,0,0.25191,0.62022,0.39983,0.19747,0.14636,0.86958,0.27505,0.31512,0.37674,-0.49572,-0.51285,0.13414,0.41932,0.4083,0.068141,0.42845,0.31852,0.24699,0.10375,-0.16892,-0.036081,-0.23266,0.4569,0.059329,0.58265,0.35918,0.086554,0.041769,-0.29472,-0.28187,0.48297,0.41566,-0.0013827,0.070792,-0.24587,-0.13424,-0.26794,-0.35082,0.31634,0.19741,0.33166,0.25136,0.42793,0.26718,0.0090174,0.037615,0.1905,0.11131,0.42686,0.44694,-0.2074,-0.46111,-0.13933,-0.11444,-0.058814,-0.96482,0.73948,0.17303,0.29601,-0.069772,0.0099276,-0.27592,0.060844,-0.29613,-0.27895,-0.40847,-0.0018904,-0.13058
0.29269,0.37006,0.62236,0.41148,0.334,0.76021,0.4186,0.23315,0.24979,0.2093,0.04423,-0.31153,0.0051757,0.12019,-0.13973,-0.16029,0.010095,0.04814,0.22196,0.072902,-0.031531,-0.061132,0.32882,0.34776,0.66638,0.75908,-0.15002,-0.37302,0.43759,0.60053,0.098775,0.58585,0.027066,0.63124,0.060128,0.77864,0.25191,0,0.89738,0.67425,0.63722,0.39793,-0.080396,0.6078,-0.37761,-0.23398,-0.21834,-0.2284,0.64746,0.30578,0.13856,0.30312,0.56646,0.55032,0.50597,0.53059,0.38859,-0.068059,-0.10277,0.45553,-0.090457,0.0032779,0.34099,-0.22096,0.10443,0.0091636,-0.21822,-0.15063,0.083263,-0.062624,-0.002006,-0.58591,-0.52391,-0.3324,-0.39744,0.19208,0.081485,0.092699,0.31504,0.16586,0.20454,0.51766,0.20707,0.3625,0.12589,0.1317,0.15976,-0.16783,-0.19136,-0.35951,-0.48539,-0.24547,-0.41264,-0.11731,-0.42258,-0.085849,-0.32217,0.16197,-0.4692,0.052686,-0.15668,-0.14836,-0.29124,-0.22838,-0.3787
0.35389,0.2159,0.83838,0.29024,0.76471,0.98741,0.56188,0.14196,0.59505,-0.02642,0.46437,0.00012544,0.56701,0.63813,0.30277,0.12921,0.32061,0.24619,0.33538,0.3205,-0.04262,0.21369,0.38215,0.64865,1.1144,1.2287,0.096067,0.079488,0.3374,0.29267,0.40708,0.77318,0.55222,0.75961,0.49739,0.58458,0.62022,0.89738,0,0.77414,0.78996,0.87909,0.33277,0.56589,-0.038536,0.012789,-0.098391,-0.14996,0.44174,0.74514,0.56644,0.032497,0.54518,0.69602,0.54002,0.41018,0.34571,0.0094102,0.097027,0.60519,0.028987,0.22847,0.40233,0.23291,0.37775,0.18493,0.020778,0.24238,0.35311,0.17073,0.33957,-0.30728,-0.15867,-0.23181,-0.39668,0.71328,0.40102,0.50604,0.63508,0.73733,0.59294,0.4316,0.10559,0.52634,0.3224,0.55637,0.51045,-0.053901,-0.11425,-0.34205,-0.52268,0.0078176,-0.66475,0.32807,-0.14527,0.48032,-0.066565,0.042725,-0.7044,0.2193,-0.096707,-0.020944,-0.10914,-0.12235,-0.39887
0.35478,0.36896,0.57911,0.4271,0.41067,0.78653,0.13826,0.32461,0.48803,0.04387,0.51795,0.25291,0.26276,0.45351,0.3083,0.33222,0.24945,0.52621,0.4926,0.65452,0.27784,0.40206,0.5964,0.68367,0.67157,0.9579,0.15467,0.039967,0.15179,0.077402,0.28336,0.40618,0.36307,0.72078,0.15452,0.46298,0.39983,0.67425,0.77414,0,0.32251,0.77766,0.075104,0.46985,-0.073164,0.18982,-0.2617,-0.35406,0.39749,0.41102,0.48514,0.2672,0.54029,0.762,0.51767,0.42994,0.14291,-0.071345,-0.09777,0.61567,0.53691,0.032683,0.24346,0.10907,0.03946,-0.09191,-0.049852,-0.084592,0.12043,-0.058239,-0.041199,-0.25215,-0.13902,-0.14969,-0.21321,0.46555,0.5667,0.39887,0.52258,0.37566,0.59064,0.34383,0.31937,0.41728,0.36024,0.35662,0.40179,-0.27303,-0.41047,-0.1476,-0.20813,-0.24317,-0.48166,0.13266,-0.11925,0.27699,-0.067147,-0.37866,-0.77551,0.33728,0.042065,0.33126,0.22653,-0.37219,-0.48819
0.55119,0.17706,0.087439,-0.05118,0.98698,0.79107,0.85759,0.16792,0.52238,-0.040174,0.27637,-0.24704,-0.081214,-0.085673,-0.22896,-0.25152,-0.29533,-0.18602,-0.28122,-0.11455,0.096991,-0.010251,0.60067,0.46912,0.5896,0.42904,0.26339,0.022123,0.26528,0.48381,0.14192,0.45582,0.0092901,0.21752,0.11343,0.30634,0.19747,0.63722,0.78996,0.32251,0,0.68767,0.28374,0.56473,-0.35259,-0.47123,-0.076307,-0.020894,0.58635,-0.019475,-0.14505,-0.1134,0.836,0.70758,0.32552,0.81055,0.8714,-0.09864,0.083716,0.17815,-0.13102,0.046892,0.14507,0.090193,0.25227,0.014906,-0.1846,-0.065827,-0.10834,0.049296,0.17094,-0.29353,-0.24324,-0.080916,-0.26832,0.26599,-0.24347,-0.26508,-0.12294,0.024428,-0.098689,-0.074354,-0.27414,0.044316,-0.18978,-0.18294,-0.14371,-0.051219,0.036688,-0.49727,-0.7782,0.42731,-0.084407,0.31016,-0.13788,-0.023238,-0.41236,0.082829,-0.28612,0.28526,-0.019324,-0.24453,-0.2755,0.32684,0.054019
0.1567,0.056823,0.4063,0.10577,0.80941,1.0219,0.1016,0.059236,1.0103,-0.13548,0.33423,0.090808,0.34655,0.48191,0.30572,0.39162,0.34787,0.32313,0.19759,0.34967,0.52548,0.72881,0.65625,1.1387,0.99087,0.88553,0.59118,0.44663,-0.021362,0.016698,0.1001,0.31352,0.28241,0.45355,0.076005,0.035307,0.14636,0.39793,0.87909,0.77766,0.68767,0,0.13133,0.53375,-0.067995,-0.02589,0.12258,0.097148,0.37016,0.43073,0.37485,-0.14913,0.37021,0.80238,0.37324,0.59528,0.42701,-0.077847,0.27412,0.27162,0.34102,-0.0031738,0.11642,0.44141,0.4794,0.19326,0.18535,0.067425,0.15076,0.29823,0.51413,0.05584,0.16944,0.069564,-0.097846,0.76924,0.43401,0.35974,0.37937,0.37214,0.32816,0.30485,0.015674,0.23002,0.14065,0.28074,0.16288,-0.044504,-0.0032226,-0.27187,-0.42011,0.060808,-0.21315,0.11367,0.019899,0.42687,-0.00017963,-0.10543,-0.50468,0.2819,0.1251,0.23792,0.23897,-0.17555,-0.31952
0.54694,0.41728,-0.12883,-0.49855,0.26142,0.27537,0.76977,0.4324,0.12845,0.091584,1.0696,0.37979,0.59666,0.39026,0.18613,0.090178,-0.063751,-0.13249,-0.14129,0.34957,-0.41589,-0.022048,0.05106,0.33018,0.099587,0.21453,-0.15828,0.060397,0.33594,0.3149,1.0908,0.78021,0.7296,0.12853,1.0508,0.38645,0.86958,-0.080396,0.33277,0.075104,0.28374,0.13133,0,0.48566,0.57952,0.31819,-0.11322,-0.080728,0.15663,-0.032674,-0.037036,-0.18376,0.39398,0.29247,0.12034,0.1616,0.037819,0.049934,0.026324,-0.089199,-0.10609,0.82188,0.32707,0.4563,0.37407,-0.041642,-0.020345,0.69492,0.28842,0.10278,0.12408,0.14026,0.2384,0.096804,-0.057832,0.001165,-0.16404,-0.010567,-0.13854,0.2528,0.093811,-0.3199,-0.37618,-0.15543,-0.18194,0.13744,0.21685,0.10375,0.056548,-0.032116,-0.026999,0.12324,-0.58688,0.59816,0.077072,0.12858,-0.23652,-0.08391,-0.24065,0.1986,-0.0097702,-0.36156,-0.14917,0.21523,-0.033745
0.3391,0.60141,-0.0056752,-0.35045,0.20871,0.82592,0.36863,0.60268,0.40461,0.17633,0.42918,0.056535,0.18965,0.22037,-0.060566,0.091234,-0.0652,-0.15798,0.026362,0.19552,0.046522,0.056712,0.40111,0.6798,0.51419,0.58529,-0.10117,-0.30733,0.10312,0.60149,0.37637,0.70619,0.14634,0.26219,0.2154,0.59448,0.27505,0.6078,0.56589,0.46985,0.56473,0.53375,0.48566,0,-0.071174,-0.1143,0.066656,0.14375,0.43783,-0.066686,-0.15918,-0.16633,0.5774,0.90014,0.45428,0.85652,0.60527,0.19742,0.34796,-0.11133,-0.10762,0.23132,0.40708,0.34853,0.68454,0.060085,-0.010571,0.12771,0.18881,-0.017497,0.0061017,-0.042044,0.075747,-0.017484,-0.16137,-0.0024339,-0.082624,-0.10551,-0.15609,0.0070165,-0.0077513,-0.0052719,-0.43109,-0.13971,-0.26697,0.0018979,-0.02532,0.1281,0.26606,-0.39503,-0.34716,-0.31901,-0.45846,-0.10312,-0.26879,-0.16161,-0.51822,-0.23499,-0.48911,0.041529,-0.032354,-0.38873,-0.1533,-0.12026,-0.34762
0.12776,0.094993,0.093215,-0.02198,-0.053819,-0.27849,-0.064313,-0.21101,0.085493,0.010866,0.35933,0.33928,0.53763,0.57888,0.57458,0.55693,0.45678,0.39461,0.28335,0.54121,-0.10167,0.34573,-0.14773,0.05706,0.086226,0.050471,0.005583,0.40194,0.043264,-0.30508,0.4847,0.22311,0.53576,0.2316,0.51434,-0.073762,0.31512,-0.37761,-0.038536,-0.073164,-0.35259,-0.067995,0.57952,-0.071174,0,1.2262,0.1811,0.114,0.027609,0.23454,0.23778,0.048212,-0.21818,-0.2274,0.074451,-0.38413,-0.53256,-0.0022142,0.0015668,0.013416,0.35966,0.57001,0.082133,0.52255,0.23244,0.2608,0.29286,0.82311,0.58274,0.52579,0.45332,0.78073,0.6463,0.50811,0.42693,-0.046806,0.20361,0.40878,0.29616,0.47788,0.42181,0.044459,-0.016756,0.27929,0.39754,0.45954,0.5811,0.21863,0.12917,0.8056,0.72319,0.12206,-0.11817,0.21927,0.19924,0.22816,0.086908,0.16801,-0.0042537,0.32464,0.2035,0.16739,0.22444,0.019473,-0.034141
