,,,,,,,,,,,,,,,,,,,,,,,,,,,,,,,,,,,,,,,,,,,,,,,,,,,,,,,,,,,,,,,,,,,,,,,,,,,,,,,,,,,,,,,,,,,,,,,,,,,,,,,,
0,0.16676,-0.0063311,-0.04929,0.56682,0.032679,0.93901,-0.061123,0.46445,0.17245,0.64073,-0.21551,-0.30067,-0.17764,0.09069,0.16709,-0.21517,0.12763,-0.16674,0.1761,0.2288,0.36477,0.52821,0.12448,0.33931,0.18451,0.41549,0.36279,0.43528,0.27628,0.34187,0.42856,-0.028752,0.06277,-0.22464,0.052672,0.10665,0.23744,0.25672,0.14819,0.68398,0.085747,0.22303,0.12001,0.083212,0.042795,-0.45086,-0.36032,1.0433,-0.11671,-0.22849,0.24949,0.60472,0.020796,0.073744,0.29183,0.15806,-0.43407,-0.34987,0.31756,0.26874,0.40827,0.59106,0.20608,0.23878,-0.11534,-0.27993,0.33375,0.087665,0.51841,0.60165,0.085084,0.05058,0.23125,0.15288,0.079775,-0.15532,-0.27739,-0.18648,-0.14694,-0.011129,-0.054557,0.17142,0.077735,-0.050787,-0.13875,0.01672,-0.40191,-0.25945,0.19944,-0.011922,0.54648,0.14502,0.30205,-0.29992,-0.26096,-0.49967,-0.13203,-0.29759,0.74006,0.52407,0.41478,0.26734,0.24291,-0.073433
0.16676,0,-0.1413,-0.046355,-0.30346,-0.16421,-0.036326,0.35415,-0.40226,0.19818,0.051866,-0.023749,-0.18205,-0.28163,-0.51428,-0.053939,-0.45341,-0.06381,-0.20124,0.23642,-0.33622,-0.225,0.034337,0.1365,-0.49823,-0.3511,-0.33442,-0.29799,0.25624,0.19165,0.3314,-0.087187,-0.060455,-0.13319,0.16584,0.24259,0.069996,-0.21176,-0.36307,-0.1251,-0.24858,-0.15255,0.33431,0.066073,0.42277,0.1159,0.064102,0.041363,0.17331,-0.37049,-0.31674,0.084796,-0.21953,-0.18783,-0.34642,0.065094,-0.13121,-0.19466,-0.31706,-0.090868,0.14249,0.11791,0.050256,-0.41031,-0.28217,0.091854,-0.048377,-0.0085401,0.064055,-0.1773,-0.24542,0.050295,-0.1023,0.38557,0.3633,-0.3681,-0.059037,-0.34426,-0.25915,-0.47335,-0.34323,-0.2314,-0.22053,-0.051241,-0.18028,-0.39146,-0.28415,-0.16902,-0.25927,0.75309,0.70187,-0.24531,0.017511,-0.28335,0.08703,-0.10464,0.13038,0.093281,0.52081,0.36707,0.39599,-0.21222,0.038729,0.26714,0.20787
-0.0063311,-0.1413,0,1.0557,0.24934,0.05752,-0.15394,-0.33849,0.091368,0.26221,-0.18758,0.15849,0.68981,0.78909,0.60493,0.34481,0.7282,0.64891,0.78412,0.42575,-0.21567,0.1578,-0.20984,0.010362,0.44623,0.66276,-0.052414,0.30776,0.12251,-0.31433,0.06276,0.13057,0.54259,0.52507,0.26839,0.11509,0.36181,0.33945,0.59798,0.3136,-0.21089,0.18393,-0.45137,-0.53302,0.12466,0.3339,-0.082912,-0.20905,-0.098909,1.3015,0.98097,0.34386,0.11494,0.063233,0.692,-0.40218,-0.53909,-0.10118,-0.24479,0.68064,0.33,0.085212,-0.14306,-0.2877,-0.42123,-0.014156,-0.053999,0.19423,0.26384,0.17019,0.15604,-0.33951,-0.25515,-0.32789,-0.21348,0.78252,0.82931,1.1863,1.2987,0.86271,0.77198,0.9192,0.77231,1.165,1.0849,0.77385,0.61584,-0.073969,-0.37188,0.26693,0.14196,0.18914,-0.0362,0.39725,0.1946,0.81077,0.51311,0.43938,0.15033,0.052999,-0.33545,0.064285,-0.16291,-0.1354,0.060801
-0.04929,-0.046355,1.0557,0,0.22789,0.23245,-0.12926,-0.020825,0.10638,0.2591,-0.028149,0.38611,0.30085,0.48795,0.28261,0.10658,0.32133,0.48665,0.50476,0.28511,-0.13833,0.036864,-0.10146,-0.020239,0.25262,0.26473,0.051577,0.26955,0.18667,-0.24835,0.018043,-0.0023311,0.53431,0.67808,0.32618,0.25759,0.33816,0.24107,0.30541,0.54711,-0.23004,0.20169,-0.59799,-0.85266,0.019778,0.22761,-0.27388,-0.38803,-0.075573,0.8793,1.0145,0.62175,0.23363,0.2259,0.32422,-0.61713,-0.92479,-0.4703,-0.758,0.74739,0.52042,0.074535,-0.20943,-0.5219,-0.78985,-0.22379,-0.15443,-0.13938,-0.10487,-0.080034,-0.19233,-0.40514,-0.49577,-0.28325,-0.3044,0.49943,0.76829,0.57215,0.91403,0.32729,0.31013,0.57399,1.1176,0.83888,0.86302,0.2091,0.18387,-0.34483,-0.53632,0.21151,-0.040203,0.17854,0.26692,0.51613,0.45572,0.4989,0.69168,0.28826,0.26801,0.19379,-0.24773,0.057153,-0.10561,0.25436,0.39416
0.56682,-0.30346,0.24934,0.22789,0,0.70697,0.41998,-0.076171,0.71271,0.13092,0.27593,0.23626,-0.023998,0.15551,0.39093,0.33488,0.30477,0.26297,0.17913,0.31115,0.42111,0.68309,0.59649,0.29137,0.63309,0.52703,0.96073,1.0241,0.023582,-0.25582,-0.28556,-0.08072,0.095378,0.00043285,-0.44302,-0.57748,-0.18911,-0.029999,0.48151,0.45927,0.7079,0.78181,-0.047872,-0.1685,0.032224,-0.011775,-0.12494,-0.10837,0.68438,0.29741,0.26909,0.26707,0.85995,0.67008,0.36034,-0.12244,-0.075374,-0.20996,-0.18823,0.47638,0.5437,0.19479,0.050054,0.32572,0.22421,0.11399,0.079543,0.035007,-0.12807,0.64059,0.47127,0.059196,0.0027589,0.014576,-0.086368,0.69252,0.41734,0.109,0.071723,0.18656,0.11256,0.35547,0.36899,0.087873,0.22036,0.08608,-0.026498,-0.069946,-0.033893,-0.087993,-0.33408,0.66843,0.20008,0.36672,0.02666,0.18848,-0.025916,0.039203,-0.25461,0.32987,0.19808,0.13128,0.23079,0.18395,0.02003
0.032679,-0.16421,0.05752,0.23245,0.70697,0,0.020715,0.4828,0.68838,0.29065,0.24035,0.52691,-0.34223,-0.22074,-0.085327,-0.029778,-0.028062,-0.19737,-0.15667,0.08384,0.45803,0.41029,0.52655,0.64152,0.41451,0.2888,0.74856,0.48893,0.038144,0.061163,-0.52832,-0.24241,-0.23184,-0.15621,-0.53475,-0.34504,-0.3014,0.071821,0.24354,0.76582,0.60575,1.4315,-0.48322,0.058109,-0.3924,-0.37392,-0.24072,-0.24138,0.28871,0.025156,0.12062,0.1022,0.6069,1.2165,0.14411,0.069876,-0.018436,-0.42404,-0.22362,0.26724,0.56152,-0.26245,-0.25252,-0.20332,-0.01724,-0.21961,-0.20148,-0.48554,-0.40416,-0.023989,0.038981,-0.2673,-0.30555,-0.21123,-0.3461,0.55256,0.60121,-0.20032,-0.10549,-0.29859,-0.3886,0.074059,0.085964,-0.18369,-0.15951,-0.39079,-0.55004,-0.37351,-0.25959,-0.45196,-0.647,0.067078,0.50478,0.16295,0.37258,0.17827,0.25899,-0.039098,0.13072,0.093771,-0.0033203,-0.059473,0.12108,0.18391,0.30479
0.93901,-0.036326,-0.15394,-0.12926,0.41998,0.020715,0,0.30493,0.19825,0.061581,0.77634,-0.075814,-0.092488,-0.12984,0.045189,-0.092967,-0.18896,0.085911,-0.18177,-0.0047855,-0.021895,-0.04503,0.46988,-0.1307,0.24246,0.1027,0.31456,0.11988,0.4914,0.49646,0.35445,0.32367,0.19907,0.0038978,0.024864,0.1989,0.3112,0.30238,0.45157,0.25381,0.75741,-0.032393,0.22436,-0.028787,-0.14749,-0.15188,-0.60266,-0.49716,0.50294,-0.075083,-0.20972,-0.15385,0.71535,0.10797,0.054539,0.15368,0.22332,-0.35238,-0.29336,0.18268,0.022055,0.31959,0.70876,0.21505,0.27957,-0.25739,-0.34923,0.2742,0.081568,0.23125,0.46172,-0.14125,-0.076073,-0.061918,-0.10985,0.23125,-0.049847,-0.23999,-0.16505,-0.077027,0.0098513,-0.42747,-0.036042,-0.056678,-0.1164,-0.091611,0.080454,-0.41586,-0.25077,-0.20432,-0.30291,0.65431,0.06599,0.55459,-0.06841,-0.11585,-0.29039,-0.20262,-0.2706,0.38096,0.1359,0.11469,-0.053925,0.5302,0.17447
-0.061123,0.35415,-0.33849,-0.020825,-0.076171,0.4828,0.30493,0,0.0012705,0.36273,0.49914,0.49195,-0.23891,-0.4039,-0.44729,-0.33854,-0.44288,-0.28468,-0.37222,-0.069186,0.0026765,-0.2489,0.3492,0.26122,-0.20527,-0.25578,0.10856,-0.18893,0.44104,0.62495,0.10616,-0.14205,-0.03847,-0.34771,-0.036735,0.15311,0.11716,0.020671,-0.050088,0.47245,0.28658,0.2849,-0.1456,0.035066,-0.34141,-0.32747,-0.4813,-0.47553,-0.006554,-0.28919,-0.1808,-0.16589,0.34317,0.51497,-0.19684,0.12997,0.011356,-0.41361,-0.40157,0.048663,0.23976,-0.19132,0.046517,-0.48722,-0.23963,-0.51707,-0.5162,-0.43853,-0.23698,-0.4907,-0.19609,-0.42029,-0.49198,-0.29451,-0.35294,0.13405,0.25685,-0.51472,-0.41415,-0.7312,-0.68802,-0.69999,-0.34854,-0.30287,-0.42684,-0.63747,-0.58254,-0.54833,-0.50355,-0.39054,-0.30895,-0.093782,0.37755,0.28097,0.6821,-0.018518,0.29027,-0.20361,0.36727,0.11644,0.028083,-0.30172,-0.20623,0.66687,0.84926
0.46445,-0.40226,0.091368,0.10638,0.71271,0.68838,0.19825,0.0012705,0,0.26707,0.60114,0.17947,-0.26162,-0.015354,0.26818,0.2263,0.029608,-0.10716,-0.14474,0.0044084,0.9072,0.86893,0.54596,0.54468,0.74348,0.38529,1.0865,0.79948,0.19638,0.057375,-0.14316,0.2325,-0.1419,-0.076255,-0.51188,-0.33475,-0.12899,0.13833,0.27076,0.45129,0.85366,0.77222,-0.2661,0.19947,-0.31161,-0.035902,-0.41108,-0.38371,0.48694,0.11083,0.16418,0.33015,0.56258,0.54262,0.26886,0.31498,0.14615,-0.25126,-0.08616,0.50284,0.54953,-0.07093,0.053639,0.11296,0.11253,-0.23854,-0.30148,-0.024138,-0.037248,0.35953,0.54579,-0.066408,-0.11633,-0.21854,-0.28577,0.381,0.18985,-0.15855,-0.12708,-0.10957,-0.18562,0.072712,0.13607,-0.025821,-0.10482,-0.18814,-0.26929,-0.30292,-0.22437,-0.45222,-0.56202,0.16752,0.33049,0.37564,0.14783,0.011575,-0.14779,-0.16328,-0.42911,0.30405,0.25503,0.50763,0.26789,-0.041008,0.027237
0.17245,0.19818,0.26221,0.2591,0.13092,0.29065,0.061581,0.36273,0.26707,0,0.15775,0.48915,0.11941,-0.081492,0.1984,0.15949,0.084447,-0.12805,0.02564,0.024918,-0.034904,0.10213,-0.11522,0.17127,-0.0078459,-0.027963,0.086086,0.27808,0.3345,0.17175,0.54546,0.53281,-0.087617,-0.29807,-0.074442,-0.055819,0.21497,0.08877,-0.021839,0.13505,0.020885,0.2001,-0.10205,0.051342,0.080707,0.30342,-0.36019,-0.23317,0.17321,0.13881,0.067517,0.2667,0.40687,0.32967,0.39289,-0.080386,-0.32596,-0.24994,-0.36664,0.50198,0.55307,0.12523,-0.28218,-0.14413,-0.039765,-0.34632,-0.32416,0.17531,0.17975,0.28732,0.29583,0.051063,-0.024312,-0.23595,-0.145,0.32318,0.40062,0.032316,-0.05245,-0.18469,-0.24729,0.042242,-0.064259,0.28753,0.2201,-0.032588,-0.11468,-0.1351,-0.28834,-0.046529,-0.032855,0.26671,0.67763,0.55535,0.71859,0.049045,0.085513,0.20633,0.40632,0.24558,0.053268,-0.24998,-0.17014,0.36504,0.81188
0.64073,0.051866,-0.18758,-0.028149,0.27593,0.24035,0.77634,0.49914,0.60114,0.15775,0,0.32855,-0.27451,-0.20384,0.062293,0.014732,-0.32977,-0.116,-0.34798,0.10938,0.37764,0.26146,0.62207,0.26866,0.14683,-0.040688,0.57356,0.26635,0.6606,0.37828,0.34537,0.22445,0.081621,-0.18106,0.076493,0.062115,0.41404,0.093649,0.13677,0.53443,0.65161,0.24287,0.072082,-0.00097364,-0.12002,0.041737,-0.87351,-0.86205,0.34554,-0.14855,-0.018434,0.17118,0.53991,0.28681,-0.029393,0.24356,0.07508,-0.45634,-0.42858,0.48684,0.48081,0.01013,0.36037,-0.12222,-0.18028,-0.46413,-0.59225,-0.00015687,0.089488,-0.025316,0.26737,-0.19649,-0.28912,-0.14799,-0.21988,0.10095,0.12163,-0.48147,-0.3817,-0.36232,-0.37682,-0.4784,-0.025566,-0.22322,-0.31405,-0.39625,-0.1977,-0.74922,-0.62878,-0.26731,-0.26893,0.016196,0.023755,0.58438,0.24275,-0.14179,-0.15035,-0.39843,-0.34757,0.38433,0.29749,0.35414,0.097813,0.39239,0.28882
-0.21551,-0.023749,0.15849,0.38611,0.23626,0.52691,-0.075814,0.49195,0.17947,0.48915,0.32855,0,0.15189,0.0096439,0.34818,0.22262,0.27047,-0.034162,0.17554,0.33586,0.17471,0.19139,0.10241,0.32821,-0.19575,-0.075098,0.41487,0.50338,0.26345,-0.12868,0.12525,-0.1424,0.19113,-0.34854,0.23929,-0.32652,0.32119,-0.22131,-0.083838,0.57704,-0.051063,0.48353,-0.24468,-0.40964,0.09956,0.21928,-0.37753,-0.34377,-0.14794,0.27711,0.49243,0.25557,0.3674,0.65904,0.23632,-0.47018,-0.61489,-0.2303,-0.37218,0.5446,0.88112,-0.012743,-0.51368,-0.24966,-0.3519,-0.40935,-0.24369,-0.1564,0.041699,-0.019397,-0.065457,-0.061553,-0.27208,-0.34233,-0.42598,0.38674,0.78287,0.04724,-0.062456,-0.12865,-0.42656,0.050579,0.1781,-0.080849,0.085911,-0.088499,-0.18174,-0.20269,-0.309,-0.21157,-0.23309,-0.055286,0.30485,0.50239,0.99084,0.16146,0.43537,0.0094069,0.3586,-0.18093,-0.24316,-0.30309,-0.20542,0.38007,0.65291
-0.30067,-0.18205,0.68981,0.30085,-0.023998,-0.34223,-0.092488,-0.23891,-0.26162,0.11941,-0.27451,0.15189,0,1.2671,0.6747,0.41569,1.1172,0.70952,0.87786,0.36298,-0.35998,-0.024119,-0.32429,-0.12653,0.1413,0.4257,-0.16086,0.17989,0.16205,-0.21807,0.32736,0.059889,0.84299,0.17562,0.48547,-0.082687,0.53942,0.094173,0.44164,-0.0029958,-0.361,-0.12399,-0.041197,-0.44876,0.2971,0.46316,0.12394,0.019112,-0.35255,1.0356,0.66908,-0.17629,-0.040813,-0.082327,0.71272,-0.33813,-0.3554,0.31604,0.11511,0.16152,-0.045092,0.082023,-0.15948,0.095063,-0.083773,0.059907,0.10301,0.4255,0.55618,0.279,0.3079,-0.056668,0.021727,-0.34695,-0.15535,0.52611,0.44687,1.2597,0.74628,0.99949,0.67311,0.45241,0.20219,0.57601,0.72262,1.1994,0.8613,0.35479,-0.0030793,0.072258,0.23112,0.23363,-0.30124,0.3426,0.33173,0.63955,0.39623,0.41255,0.029794,-0.39654,-0.50807,-0.31049,-0.5654,-0.16115,0.078075
-0.17764,-0.28163,0.78909,0.48795,0.15551,-0.22074,-0.12984,-0.4039,-0.015354,-0.081492,-0.20384,0.0096439,1.2671,0,0.54839,0.3662,0.99454,1.001,1.0048,0.47352,-0.10722,0.18723,-0.065041,0.012818,0.45324,0.62388,0.049168,0.33347,0.19114,-0.29801,0.098601,-0.074366,0.98641,0.51489,0.28567,-0.14086,0.33864,0.11476,0.48589,0.12688,-0.23263,0.011989,-0.20641,-0.59689,0.2441,0.44162,0.097302,-0.085441,-0.10931,1.208,0.85797,0.030758,0.015876,0.0080585,0.60896,-0.27825,-0.43456,0.14526,-0.043262,0.22134,0.037456,0.06337,-0.056545,-0.0078903,-0.24838,0.074902,0.070524,0.24278,0.30191,0.30137,0.25395,-0.14623,-0.14141,-0.26939,-0.15277,0.47773,0.43553,1.1952,0.94956,1.0512,0.82191,0.65706,0.508,0.70502,0.80006,1.0014,0.80321,0.19952,-0.12855,0.11809,0.16757,0.20714,-0.29995,0.32285,0.18929,0.65294,0.38272,0.47736,-0.18955,-0.13852,-0.3153,-0.081384,-0.40053,-0.19893,-0.01999
0.09069,-0.51428,0.60493,0.28261,0.39093,-0.085327,0.045189,-0.44729,0.26818,0.1984,0.062293,0.34818,0.6747,0.54839,0,1.0036,1.0632,0.48718,0.64644,0.36945,0.20081,0.54294,-0.11415,-0.057353,0.24077,0.44765,0.27617,0.67347,-0.0042643,-0.47712,0.19349,0.33538,0.42022,-0.0096515,0.18514,-0.35221,0.36084,-0.0026749,0.35563,0.16153,-0.02798,0.11726,0.064318,-0.23951,0.31709,0.60405,-0.12998,-0.1213,-0.050804,0.71407,0.60154,0.3501,0.27056,0.080191,0.89478,-0.40681,-0.27038,0.2795,0.10636,0.72466,0.43381,0.25504,-0.073955,0.40808,0.039392,0.011061,0.068405,0.53534,0.65359,0.53358,0.51043,0.17451,0.1591,-0.34795,-0.21968,0.59156,0.35035,0.67145,0.34224,0.75192,0.50065,0.51962,0.34682,0.44577,0.71654,0.88086,0.66902,0.28738,0.048322,-0.026122,0.0095673,0.38287,-0.14765,0.42844,0.1739,0.15809,-0.052545,0.0050936,-0.27239,-0.13552,-0.19884,0.21518,0.016702,-0.25857,-0.1209
0.16709,-0.053939,0.34481,0.10658,0.33488,-0.029778,-0.092967,-0.33854,0.2263,0.15949,0.014732,0.22262,0.41569,0.3662,1.0036,0,0.74806,0.56631,0.51365,0.69882,0.37672,0.93253,0.15388,0.3107,0.2023,0.51037,0.33758,0.66768,0.037158,-0.37139,0.16915,0.24246,0.26394,-0.01822,-0.019398,-0.4251,0.19105,-0.046853,0.23871,0.22366,-0.00046872,0.28611,0.20131,0.052978,0.47337,0.52278,-0.013707,-0.072381,0.179,0.3304,0.23179,0.38107,0.21823,0.16255,0.80495,-0.13226,-0.1461,0.1657,0.054471,0.46077,0.55612,0.17633,-0.010045,0.31006,0.049856,0.039674,0.04157,0.4578,0.73106,0.42596,0.39884,0.22877,0.13719,-0.16096,-0.049065,0.3071,0.20472,0.29121,0.077835,0.34981,0.2644,0.45502,0.18555,0.28114,0.48666,0.53448,0.44738,0.25275,0.0029454,0.18953,0.20532,0.26214,-0.11815,0.0074406,0.11636,-0.10637,-0.13671,-0.14574,-0.26754,-0.012926,0.081313,0.21294,0.21335,-0.39089,-0.24785
-0.21517,-0.45341,0.7282,0.32133,0.30477,-0.028062,-0.18896,-0.44288,0.029608,0.084447,-0.32977,0.27047,1.1172,0.99454,1.0632,0.74806,0,0.75307,1.1598,0.57764,0.043336,0.38549,-0.11949,0.097906,0.37576,0.7378,0.19214,0.61449,0.047116,-0.38182,0.017383,0.013117,0.66634,0.16909,0.14609,-0.42981,0.23006,0.074694,0.46387,0.16697,-0.1565,0.20131,-0.16714,-0.37061,0.28503,0.44073,0.066545,0.017511,-0.067658,1.0406,0.67605,0.022169,0.15987,0.18151,1.06,-0.37805,-0.364,0.29484,0.18723,0.27835,0.20271,0.15319,-0.2399,0.23925,0.051709,0.023531,0.095643,0.3922,0.51327,0.53391,0.42748,0.054913,0.046865,-0.38189,-0.2627,0.69764,0.50456,1.1741,0.6675,1.0534,0.66226,0.78683,0.35679,0.53515,0.78664,1.2962,0.79437,0.41301,0.094614,-0.026994,0.023715,0.36273,-0.11659,0.22615,0.21628,0.3996,0.18138,0.43382,-0.0076942,-0.37271,-0.55557,-0.17981,-0.39249,-0.36802,-0.10053
0.12763,-0.06381,0.64891,0.48665,0.26297,-0.19737,0.085911,-0.28468,-0.10716,-0.12805,-0.116,-0.034162,0.70952,1.001,0.48718,0.56631,0.75307,0,0.99595,0.90304,0.0073759,0.30106,0.23375,0.10422,0.39117,0.67661,0.072108,0.29687,0.28148,-0.15728,0.1428,-0.018736,0.94354,0.70823,0.14351,-0.024342,0.32082,0.26714,0.51179,0.33457,-0.1037,0.042167,-0.16645,-0.47209,0.2872,0.37154,-0.096387,-0.27456,0.17526,0.75465,0.4769,0.15453,0.30901,0.13407,0.66835,-0.20624,-0.42621,-0.14012,-0.31764,0.26969,0.19588,0.25308,0.18739,-0.048855,-0.28758,-0.09427,-0.10812,0.18807,0.24418,0.2355,0.19009,-0.16696,-0.2069,-0.14451,-0.071566,0.42634,0.32045,0.71781,0.67984,0.65206,0.7779,0.55192,0.63555,0.69735,0.8111,0.75849,0.84723,-0.04098,-0.33597,0.30217,0.22666,0.38497,-0.206,0.21185,-0.0090573,0.23736,0.10587,0.28265,-0.1534,0.12867,-0.15709,0.013803,-0.23391,-0.11935,-0.084978
-0.16674,-0.20124,0.78412,0.50476,0.17913,-0.15667,-0.18177,-0.37222,-0.14474,0.02564,-0.34798,0.17554,0.87786,1.0048,0.64644,0.51365,1.1598,0.99595,0,0.74949,-0.015723,0.18808,0.024797,0.084614,0.28626,0.67919,0.076,0.43924,0.18528,-0.28409,0.034895,-0.16351,0.99233,0.36203,0.14018,-0.2955,0.12398,-0.012828,0.28603,0.11783,-0.29959,0.046694,-0.29253,-0.70028,0.23846,0.32788,0.0011114,-0.11088,-0.0072681,1.0469,0.72515,0.17014,0.068647,0.13322,0.60879,-0.525,-0.56133,0.19802,-0.05271,0.31968,0.24307,0.36228,0.01877,-0.13797,-0.22602,-0.081661,-0.085351,0.3183,0.38658,0.31648,0.09543,-0.22605,-0.34876,-0.48653,-0.41104,0.50502,0.51046,1.025,0.74325,0.89969,0.76585,0.68436,0.52361,0.86199,0.8798,1.0926,0.80564,0.29198,-0.078582,0.13869,0.092146,0.31449,0.0063174,0.25399,0.19666,0.43092,0.33448,0.5212,0.14337,-0.035967,-0.38918,-0.25064,-0.43905,-0.051052,0.078292
0.1761,0.23642,0.42575,0.28511,0.31115,0.08384,-0.0047855,-0.069186,0.0044084,0.024918,0.10938,0.33586,0.36298,0.47352,0.36945,0.69882,0.57764,0.90304,0.74949,0,0.18496,0.52648,0.48549,0.59007,0.23186,0.60319,0.31837,0.53401,0.46493,-0.10426,0.15523,-0.15891,0.60217,0.24088,0.10582,-0.29619,0.28589,0.060506,0.26069,0.51095,-0.03676,0.35813,-0.11145,-0.333,0.45666,0.37485,-0.20971,-0.36298,0.35581,0.40287,0.2948,0.17891,0.31153,0.38323,0.56307,-0.12844,-0.45019,-0.23128,-0.33947,0.31259,0.59655,0.18877,0.01621,-0.25274,-0.32637,-0.20443,-0.28225,0.16134,0.37713,0.22179,0.12989,-0.12054,-0.3039,-0.10014,-0.098366,0.30593,0.54272,0.30973,0.252,0.28884,0.25569,0.44525,0.38345,0.31219,0.3805,0.41118,0.49354,-0.16858,-0.47471,0.34046,0.26184,0.078089,-0.13599,0.069212,0.12126,0.11848,0.093156,0.27008,0.054365,0.12265,-0.094298,-0.15168,-0.21753,-0.091429,-0.0021949
0.2288,-0.33622,-0.21567,-0.13833,0.42111,0.45803,-0.021895,0.0026765,0.9072,-0.034904,0.37764,0.17471,-0.35998,-0.10722,0.20081,0.37672,0.043336,0.0073759,-0.015723,0.18496,0,1.0829,0.75699,0.76373,0.43153,0.3082,0.90842,0.6382,0.10919,0.013963,-0.25739,-0.1147,-0.17871,-0.18026,-0.69747,-0.59532,-0.35817,-0.070788,-0.013224,0.37838,0.64084,0.69045,-0.23527,0.2646,-0.29122,-0.14031,-0.2035,-0.22953,0.43411,-0.096521,0.026986,0.35872,0.30602,0.4473,0.0652,0.3907,0.25694,-0.044934,0.079244,0.18267,0.43709,-0.14125,0.083661,0.11443,0.07692,-0.27282,-0.26512,-0.27288,-0.15563,0.15513,0.23924,-0.029619,-0.17082,-0.1994,-0.31134,0.075799,-0.10597,-0.30806,-0.37563,-0.25135,-0.28681,0.063265,0.096468,-0.166,-0.27024,-0.19852,-0.29923,-0.085743,-0.0273,-0.41222,-0.45149,0.03872,0.27846,0.065972,0.041652,-0.30548,-0.26914,-0.41422,-0.4419,0.14658,0.28321,0.55062,0.28783,-0.16578,-0.1185
0.36477,-0.225,0.1578,0.036864,0.68309,0.41029,-0.04503,-0.2489,0.86893,0.10213,0.26146,0.19139,-0.024119,0.18723,0.54294,0.93253,0.38549,0.30106,0.18808,0.52648,1.0829,0,0.58479,0.78084,0.5664,0.59291,0.88258,0.99616,0.094387,-0.22551,-0.12193,0.084406,-0.047758,-0.043077,-0.48153,-0.65239,-0.1207,0.013345,0.23331,0.43404,0.45994,0.78815,-0.072003,0.21452,0.12075,0.20344,-0.1032,-0.17337,0.53307,0.15794,0.16575,0.4455,0.40956,0.443,0.48413,0.22708,0.043068,-0.08883,-0.0055517,0.38747,0.65419,-0.037644,-0.016204,0.24204,0.10352,-0.056219,-0.085176,0.052868,0.16237,0.45607,0.50133,0.15129,0.04347,-0.047958,-0.07265,0.28674,0.14817,0.0035426,-0.10252,0.056448,-0.017944,0.45215,0.26414,0.039566,0.097349,0.11822,0.036126,-0.026621,-0.088156,-0.048976,-0.11929,0.15669,0.061287,0.03707,0.0090261,-0.13727,-0.2356,-0.21739,-0.49442,0.15038,0.30498,0.48005,0.38721,-0.37222,-0.27899
0.52821,0.034337,-0.20984,-0.10146,0.59649,0.52655,0.46988,0.3492,0.54596,-0.11522,0.62207,0.10241,-0.32429,-0.065041,-0.11415,0.15388,-0.11949,0.23375,0.024797,0.48549,0.75699,0.58479,0,0.82908,0.46443,0.43465,0.9481,0.47345,0.48746,0.3767,-0.18533,-0.25179,0.13333,-0.00683,-0.55539,-0.32982,-0.20638,0.056268,0.23513,0.60632,0.88561,0.68046,-0.19137,0.051764,-0.26728,-0.34671,-0.4403,-0.55797,0.72199,-0.10354,-0.11145,0.024986,0.65252,0.72185,0.016324,0.36939,0.17391,-0.4158,-0.28131,0.12339,0.42697,0.10031,0.52898,-0.16545,0.028469,-0.37778,-0.54137,-0.16127,-0.13179,0.069933,0.20645,-0.35892,-0.52441,-0.18209,-0.3454,0.22195,0.13593,-0.40458,-0.33007,-0.31472,-0.22875,-0.18834,0.056565,-0.19163,-0.33246,-0.28859,-0.21251,-0.48098,-0.41705,-0.27626,-0.4196,0.15939,0.20018,0.12611,0.0004395,-0.1155,-0.099681,-0.2304,-0.27672,0.44485,0.35293,0.13467,0.11051,0.25243,0.056239
0.12448,0.1365,0.010362,-0.020239,0.29137,0.64152,-0.1307,0.26122,0.54468,0.17127,0.26866,0.32821,-0.12653,0.012818,-0.057353,0.3107,0.097906,0.10422,0.084614,0.59007,0.76373,0.78084,0.82908,0,0.40985,0.51664,0.71873,0.55347,0.47014,0.29088,-0.096555,-0.23438,-0.046547,-0.13511,-0.45415,-0.41326,-0.11475,0.1358,0.1527,0.59541,0.45864,1.0436,-0.46883,0.20825,-0.21648,-0.22248,-0.22301,-0.34252,0.3855,0.045609,0.046591,0.0059832,0.29063,0.67818,0.20431,0.5123,0.082887,-0.33294,-0.098268,0.035601,0.49853,-0.2375,-0.07042,-0.33747,-0.041845,-0.43598,-0.51233,-0.23385,-0.024255,0.052205,0.22665,-0.28699,-0.39693,-0.21909,-0.32001,0.22733,0.3216,-0.17237,-0.17453,-0.28678,-0.38669,0.14143,0.044086,-0.13539,-0.31738,-0.18653,-0.26067,-0.33735,-0.37223,-0.21694,-0.26052,-0.15683,0.28522,-0.025154,0.24336,0.057108,0.1289,-0.060077,0.018531,0.0072582,0.075829,0.012301,-0.060239,-0.11519,0.049048
0.33931,-0.49823,0.44623,0.25262,0.63309,0.41451,0.24246,-0.20527,0.74348,-0.0078459,0.14683,-0.19575,0.1413,0.45324,0.24077,0.2023,0.37576,0.39117,0.28626,0.23186,0.43153,0.5664,0.46443,0.40985,0,1.2736,0.57379,0.547,0.2389,0.098799,-0.1934,0.091529,0.2323,0.47251,-0.35565,-0.11888,-0.026098,0.61143,1.0268,0.54279,0.72608,0.62088,-0.46064,0.0089242,-0.38793,-0.17921,-0.20467,-0.31504,0.48016,0.48319,0.28614,0.034898,0.4268,0.34755,0.54994,0.34215,0.20641,-0.20017,-0.0084659,0.20516,0.084322,-0.19997,0.18004,0.036131,0.10422,-0.1589,-0.24218,-0.0069336,0.0083831,0.2985,0.48595,-0.40535,-0.24165,-0.34153,-0.30776,0.60229,0.28887,0.32781,0.48614,0.43572,0.46042,0.4233,0.35841,0.43697,0.26862,0.33257,0.26081,-0.18084,-0.2088,-0.34244,-0.46703,0.45296,0.12852,0.31232,-0.032385,0.33283,0.019654,0.10069,-0.43592,0.13419,-0.17628,0.34267,-0.10409,-0.22593,-0.11222
0.18451,-0.3511,0.66276,0.26473,0.52703,0.2888,0.1027,-0.25578,0.38529,-0.027963,-0.040688,-0.075098,0.4257,0.62388,0.44765,0.51037,0.7378,0.67661,0.67919,0.60319,0.3082,0.59291,0.43465,0.51664,1.2736,0,0.44299,0.56788,0.25143,0.031188,-0.16462,-0.017047,0.43346,0.3945,-0.23855,-0.2139,0.043685,0.51614,1.0987,0.52618,0.43269,0.61704,-0.45163,-0.073459,-0.21211,-0.12333,-0.1178,-0.27729,0.30428,0.69973,0.38405,-0.04303,0.33093,0.35708,0.79756,0.17598,0.099268,-0.048302,0.083152,0.22002,0.15859,-0.067467,0.19636,-0.046406,0.080848,-0.15073,-0.25047,0.16642,0.28885,0.27963,0.44874,-0.48358,-0.32449,-0.50067,-0.41979,0.79642,0.48701,0.57773,0.5981,0.6585,0.63291,0.5915,0.35895,0.55492,0.40984,0.67567,0.52704,-0.038734,-0.2059,-0.19349,-0.27529,0.38663,0.0084733,0.17778,-0.011224,0.45716,0.15833,0.15274,-0.23307,-0.02107,-0.30529,0.12967,-0.18573,-0.32746,-0.19644
0.41549,-0.33442,-0.052414,0.051577,0.96073,0.74856,0.31456,0.10856,1.0865,0.086086,0.57356,0.41487,-0.16086,0.049168,0.27617,0.33758,0.19214,0.072108,0.076,0.31837,0.90842,0.88258,0.9481,0.71873,0.57379,0.44299,0,1.2453,0.34199,0.086835,-0.19052,-0.078514,0.12371,-0.12455,-0.42575,-0.60886,-0.12529,-0.027911,0.25184,0.59633,0.84633,0.90773,-0.22261,-0.054075,-0.18399,-0.12032,-0.43858,-0.41583,0.5974,0.1515,0.18085,0.15837,0.76438,0.85193,0.26243,0.10531,-0.0089256,-0.29709,-0.15385,0.34012,0.65139,0.12865,0.10955,0.13862,0.20234,-0.3246,-0.33289,0.031496,-0.0026235,0.44722,0.48421,-0.06298,-0.24181,-0.25626,-0.44463,0.41474,0.29001,-0.18252,-0.20522,-0.11945,-0.28233,0.038322,0.18341,-0.19536,-0.16174,-0.15727,-0.23294,-0.24652,-0.15515,-0.46755,-0.67809,0.31442,0.36097,0.32937,0.22724,-0.041216,-0.049251,-0.11469,-0.28927,0.15759,0.13114,0.13439,0.08308,0.15537,0.074747
0.36279,-0.29799,0.30776,0.26955,1.0241,0.48893,0.11988,-0.18893,0.79948,0.27808,0.26635,0.50338,0.17989,0.33347,0.67347,0.66768,0.61449,0.29687,0.43924,0.53401,0.6382,0.99616,0.47345,0.55347,0.547,0.56788,1.2453,0,0.27604,-0.22823,-0.016662,0.0001782,0.28484,-0.067615,-0.23243,-0.76767,0.0012832,-0.09184,0.27467,0.43281,0.42032,0.73338,-0.15734,-0.25405,0.15014,0.2343,-0.24143,-0.21059,0.55255,0.49182,0.47037,0.37099,0.59982,0.58986,0.55009,-0.15986,-0.28134,-0.1195,-0.12888,0.53575,0.79179,0.23963,-0.12696,0.23195,0.13757,-0.14333,-0.12073,0.23423,0.19606,0.82891,0.59122,0.11988,-0.078382,-0.20871,-0.30886,0.54461,0.44419,0.21885,0.092902,0.22854,-0.0022779,0.47109,0.41003,0.16166,0.25291,0.22749,0.059923,0.034295,-0.039112,-0.1314,-0.30551,0.48816,0.32419,0.42167,0.30492,0.11354,0.032973,0.14204,-0.14518,0.098693,0.008408,0.068923,-0.021887,0.046274,0.082638
0.43528,0.25624,0.12251,0.18667,0.023582,0.038144,0.4914,0.44104,0.19638,0.3345,0.6606,0.26345,0.16205,0.19114,-0.0042643,0.037158,0.047116,0.28148,0.18528,0.46493,0.10919,0.094387,0.48746,0.47014,0.2389,0.25143,0.34199,0.27604,0,0.81925,0.63306,0.15814,0.5479,0.10061,0.16977,0.16212,0.56782,0.36928,0.22907,0.48377,0.29949,0.1267,-0.30672,-0.27138,-0.084511,0.06496,-0.97947,-1.0355,0.40755,0.24471,0.12819,-0.038931,0.46023,0.2369,0.22579,0.22961,-0.22255,-0.59271,-0.55244,0.2318,0.33482,0.18371,0.32164,-0.46853,-0.23585,-0.91938,-1.1521,0.16167,0.24172,0.12178,0.38738,-0.42486,-0.59963,-0.38129,-0.44856,0.22417,0.26179,-0.028074,0.051143,-0.14906,-0.16708,-0.14961,0.1577,0.19436,-0.072873,-0.026104,0.089181,-0.69593,-0.84034,-0.12049,-0.13755,0.17019,0.28578,0.59336,0.41772,0.044574,0.099854,0.1884,0.15908,0.21443,-0.10082,-0.11099,-0.59231,0.36731,0.47317
0.27628,0.19165,-0.31433,-0.24835,-0.25582,0.061163,0.49646,0.62495,0.057375,0.17175,0.37828,-0.12868,-0.21807,-0.29801,-0.47712,-0.37139,-0.38182,-0.15728,-0.28409,-0.10426,0.013963,-0.22551,0.3767,0.29088,0.098799,0.031188,0.086835,-0.22823,0.81925,0,0.31165,0.23919,0.015662,-0.026509,-0.12739,0.43814,0.15297,0.54914,0.1258,0.18203,0.4475,-0.015879,-0.29457,0.27566,-0.58065,-0.496,-0.70157,-0.62296,0.21803,-0.24088,-0.45294,-0.50685,0.29838,0.13671,-0.08089,0.62691,0.30551,-0.48773,-0.18262,-0.26922,-0.16389,0.071605,0.51563,-0.34195,0.18211,-0.86217,-1.0294,0.045136,0.013597,-0.1652,0.25694,-0.46041,-0.40162,-0.31888,-0.38959,-0.0068301,-0.15293,-0.40906,-0.25998,-0.52272,-0.3855,-0.64315,-0.3189,-0.1911,-0.57082,-0.36528,-0.2163,-0.63958,-0.44138,-0.44783,-0.40833,0.04337,0.39471,0.13555,0.080874,-0.19582,-0.11516,-0.040086,0.19789,0.086727,-0.077891,-0.15279,-0.39558,0.27199,0.25164
0.34187,0.3314,0.06276,0.018043,-0.28556,-0.52832,0.35445,0.10616,-0.14316,0.54546,0.34537,0.12525,0.32736,0.098601,0.19349,0.16915,0.017383,0.1428,0.034895,0.15523,-0.25739,-0.12193,-0.18533,-0.096555,-0.1934,-0.16462,-0.19052,-0.016662,0.63306,0.31165,0,0.70237,0.23398,-0.0080843,0.56551,0.34425,0.95655,0.26103,0.006172,-0.045223,-0.1587,-0.42848,0.23153,-0.038294,0.2939,0.48939,-0.38309,-0.31374,0.046401,0.072396,-0.047554,0.020237,0.11189,-0.27862,0.24089,0.075163,-0.20216,-0.21462,-0.33718,0.15921,0.07596,0.17519,0.030122,-0.00073824,-0.066893,-0.39167,-0.35098,0.47023,0.4792,0.19082,0.29162,0.13619,0.12477,-0.005103,0.11063,-0.15753,-0.060152,0.030956,-0.0050619,-0.024939,-0.051981,-0.15601,-0.024496,0.21211,0.14982,0.13869,0.32871,-0.17041,-0.27625,0.19299,0.28048,0.20573,0.05219,0.49777,0.29221,-0.16029,-0.16068,0.020574,0.034049,0.054543,-0.050368,-0.085786,-0.36878,0.25084,0.37152
0.42856,-0.087187,0.13057,-0.0023311,-0.08072,-0.24241,0.32367,-0.14205,0.2325,0.53281,0.22445,-0.1424,0.059889,-0.074366,0.33538,0.24246,0.013117,-0.018736,-0.16351,-0.15891,-0.1147,0.084406,-0.25179,-0.23438,0.091529,-0.017047,-0.078514,0.0001782,0.15814,0.23919,0.70237,0,-0.09971,0.12416,0.15482,0.42231,0.46948,0.50996,0.1626,-0.063195,0.054524,-0.29451,0.19373,0.3828,0.090999,0.39079,-0.43466,-0.28494,0.10933,-0.033708,-0.25295,0.087886,0.30124,-0.14789,0.47809,0.13186,0.011242,-0.219,-0.16273,0.29131,0.074213,0.25308,0.15196,0.26749,0.2427,-0.27093,-0.25524,0.66475,0.52026,0.28512,0.50262,0.24502,0.35288,-0.033804,0.11876,-0.0060631,-0.14193,-0.029682,-0.012229,0.0094638,0.087887,-0.12473,-0.099624,0.17087,0.21846,0.10961,0.30194,-0.18137,-0.16679,-0.03172,0.0015254,0.26283,0.11748,0.24679,-0.031071,-0.34709,-0.52868,-0.060165,-0.20343,0.18378,0.04507,0.20442,0.089348,-0.092073,0.0053158
-0.028752,-0.060455,0.54259,0.53431,0.095378,-0.23184,0.19907,-0.03847,-0.1419,-0.087617,0.081621,0.19113,0.84299,0.98641,0.42022,0.26394,0.66634,0.94354,0.99233,0.60217,-0.17871,-0.047758,0.13333,-0.046547,0.2323,0.43346,0.12371,0.28484,0.5479,0.015662,0.23398,-0.09971,0,0.47395,0.49174,0.051352,0.4973,0.081906,0.38325,0.28538,-0.14468,-0.093674,-0.17281,-0.93764,0.18613,0.32066,-0.32739,-0.45483,-0.014809,0.90137,0.68235,0.027023,0.1946,0.099846,0.44382,-0.46782,-0.57268,-0.044145,-0.2985,0.34365,0.19621,0.38368,0.23921,-0.22244,-0.38053,-0.24942,-0.28083,0.33398,0.42191,0.15597,0.12543,-0.36048,-0.5202,-0.4964,-0.46166,0.45429,0.46985,0.67559,0.65657,0.63285,0.54946,0.18322,0.42732,0.61101,0.61483,0.63355,0.63791,-0.055058,-0.36803,0.051097,0.030202,0.31174,-0.096439,0.47707,0.34783,0.42112,0.4096,0.43009,0.081309,0.038413,-0.39447,-0.22228,-0.61578,0.20413,0.24326
0.06277,-0.13319,0.52507,0.67808,0.00043285,-0.15621,0.0038978,-0.34771,-0.076255,-0.29807,-0.18106,-0.34854,0.17562,0.51489,-0.0096515,-0.01822,0.16909,0.70823,0.36203,0.24088,-0.18026,-0.043077,-0.00683,-0.13511,0.47251,0.3945,-0.12455,-0.067615,0.10061,-0.026509,-0.0080843,0.12416,0.47395,0,0.26028,0.57063,0.26591,0.6609,0.45761,0.30262,-0.14564,-0.12947,-0.39456,-0.36311,-0.060398,0.057701,-0.12601,-0.27598,0.058743,0.43768,0.28916,0.14561,0.082162,-0.077172,0.25559,-0.10905,-0.32285,-0.46366,-0.45907,0.059844,-0.1162,0.011442,0.13807,-0.25608,-0.3731,-0.14841,-0.11441,-0.030724,-0.09096,-0.13067,-0.16901,-0.32105,-0.23827,-0.0057405,0.012068,0.046997,0.11159,0.39869,0.89035,0.4029,0.63136,0.39072,0.77185,0.59339,0.59997,0.27045,0.50004,-0.32034,-0.34718,0.22005,0.0051232,0.17583,-0.071222,0.050367,-0.20208,0.13091,0.11737,0.22946,-0.1607,0.1404,-0.27536,0.18045,-0.11309,-0.11411,-0.14071
-0.22464,0.16584,0.26839,0.32618,-0.44302,-0.53475,0.024864,-0.036735,-0.51188,-0.074442,0.076493,0.23929,0.48547,0.28567,0.18514,-0.019398,0.14609,0.14351,0.14018,0.10582,-0.69747,-0.48153,-0.55539,-0.45415,-0.35565,-0.23855,-0.42575,-0.23243,0.16977,-0.12739,0.56551,0.15482,0.49174,0.26028,0,0.54964,1.1006,0.10651,0.062348,0.030493,-0.5848,-0.51411,0.15126,-0.4962,0.34788,0.41653,-0.09523,-0.12452,-0.55223,0.29958,0.35483,-0.041914,-0.29026,-0.43606,0.066568,-0.45314,-0.44176,-0.042101,-0.20791,0.11832,-0.085372,-0.0064679,-0.2003,-0.1525,-0.41782,-0.054047,0.046429,0.24246,0.37755,-0.22909,-0.22425,-0.01765,0.015441,-0.0035145,0.069011,-0.12453,0.19354,0.32664,0.41525,0.32594,0.17705,-0.017133,0.19213,0.16639,0.3198,0.24869,0.4186,-0.074239,-0.16557,0.27859,0.3211,-0.15527,-0.39761,0.21922,0.2437,0.21362,0.32689,0.096443,0.1435,-0.34738,-0.49688,-0.14277,-0.35429,0.085748,0.1294
0.052672,0.24259,0.11509,0.25759,-0.57748,-0.34504,0.1989,0.15311,-0.33475,-0.055819,0.062115,-0.32652,-0.082687,-0.14086,-0.35221,-0.4251,-0.42981,-0.024342,-0.2955,-0.29619,-0.59532,-0.65239,-0.32982,-0.41326,-0.11888,-0.2139,-0.60886,-0.76767,0.16212,0.43814,0.34425,0.42231,0.051352,0.57063,0.54964,0,0.51191,0.69451,0.17157,0.055728,-0.17312,-0.5043,-0.13663,0.022723,-0.25417,-0.14574,-0.28216,-0.30312,-0.29879,-0.061879,-0.12932,-0.12254,-0.13631,-0.42725,-0.14276,0.09838,0.0097878,-0.44331,-0.34539,-0.076658,-0.35358,-0.069223,0.22908,-0.37308,-0.27669,-0.27792,-0.2636,-0.0039452,-0.01878,-0.56956,-0.2531,-0.35418,-0.1404,0.011523,0.06322,-0.20762,-0.14377,-0.05521,0.28574,-0.11017,0.082899,-0.29702,0.087006,0.1697,0.038716,-0.17688,0.084183,-0.53635,-0.39083,0.11984,0.056139,-0.1181,-0.045345,0.02761,-0.10577,-0.015964,0.088629,-0.10025,0.13536,0.047026,-0.2025,0.14644,-0.080405,0.099628,0.040753
0.10665,0.069996,0.36181,0.33816,-0.18911,-0.3014,0.3112,0.11716,-0.12899,0.21497,0.41404,0.32119,0.53942,0.33864,0.36084,0.19105,0.23006,0.32082,0.12398,0.28589,-0.35817,-0.1207,-0.20638,-0.11475,-0.026098,0.043685,-0.12529,0.0012832,0.56782,0.15297,0.95655,0.46948,0.4973,0.26591,1.1006,0.51191,0,0.48804,0.37582,0.37263,-0.16992,-0.21062,-0.0036269,-0.30039,0.20318,0.44241,-0.48554,-0.5393,-0.22972,0.38775,0.31649,-0.041679,0.16888,-0.12443,0.44857,-0.099114,-0.33932,-0.35101,-0.4143,0.3134,0.12029,-0.070133,-0.0848,-0.13748,-0.34041,-0.41361,-0.32657,0.28496,0.47368,-0.068567,0.16367,-0.12081,-0.029593,-0.15122,-0.03689,0.14216,0.31879,0.29197,0.36693,0.24651,0.14386,0.0090409,0.24902,0.23867,0.32661,0.28367,0.52762,-0.40406,-0.52556,0.079826,0.14483,0.058654,-0.24969,0.55717,0.35272,0.14656,0.13623,-0.010579,-0.057035,-0.22836,-0.41977,-0.015669,-0.40373,0.071499,0.22964
0.23744,-0.21176,0.33945,0.24107,-0.029999,0.071821,0.30238,0.020671,0.13833,0.08877,0.093649,-0.22131,0.094173,0.11476,-0.0026749,-0.046853,0.074694,0.26714,-0.012828,0.060506,-0.070788,0.013345,0.056268,0.1358,0.61143,0.51614,-0.027911,-0.09184,0.36928,0.54914,0.26103,0.50996,0.081906,0.6609,0.10651,0.69451,0.48804,0,0.8479,0.50264,0.30997,0.10768,-0.53649,0.17703,-0.4948,-0.24744,-0.44253,-0.50004,0.072352,0.24016,-0.019044,-0.24871,0.33516,0.056326,0.47138,0.4566,0.16744,-0.61261,-0.2337,-0.038019,-0.19586,-0.25139,0.13653,-0.16645,0.038641,-0.57492,-0.51735,0.013213,0.034917,-0.12507,0.26249,-0.45419,-0.12277,-0.22516,-0.15288,0.26198,0.10852,0.18227,0.47283,0.1363,0.25077,0.11656,0.26935,0.28809,0.14085,0.15116,0.33452,-0.59091,-0.44492,-0.24697,-0.33508,0.23596,0.11617,0.22005,-0.09159,0.07155,-0.064144,-0.033726,-0.12334,-0.12883,-0.47397,0.18533,-0.2665,-0.19228,-0.068861
0.25672,-0.36307,0.59798,0.30541,0.48151,0.24354,0.45157,-0.050088,0.27076,-0.021839,0.13677,-0.083838,0.44164,0.48589,0.35563,0.23871,0.46387,0.51179,0.28603,0.26069,-0.013224,0.23331,0.23513,0.1527,1.0268,1.0987,0.25184,0.27467,0.22907,0.1258,0.006172,0.1626,0.38325,0.45761,0.062348,0.17157,0.37582,0.8479,0,0.63898,0.53396,0.4244,-0.3119,-0.068273,-0.31845,-0.1968,-0.19701,-0.32745,0.1211,0.62365,0.34173,-0.2018,0.43218,0.22517,0.69275,0.17264,0.18723,-0.21006,-0.035097,0.20829,-0.033225,-0.20603,0.19056,0.057642,0.099686,-0.13567,-0.16761,0.1123,0.18427,0.10958,0.43747,-0.50649,-0.16656,-0.37269,-0.26963,0.85287,0.46221,0.5107,0.66712,0.60424,0.58587,0.31972,0.31789,0.42901,0.38009,0.50394,0.48212,-0.22245,-0.25955,-0.25685,-0.34099,0.51364,-0.10238,0.38615,0.029164,0.54157,0.20747,-0.025057,-0.30015,-0.11296,-0.41864,0.17908,-0.18828,-0.14482,-0.098161
0.14819,-0.1251,0.3136,0.54711,0.45927,0.76582,0.25381,0.47245,0.45129,0.13505,0.53443,0.57704,-0.0029958,0.12688,0.16153,0.22366,0.16697,0.33457,0.11783,0.51095,0.37838,0.43404,0.60632,0.59541,0.54279,0.52618,0.59633,0.43281,0.48377,0.18203,-0.045223,-0.063195,0.28538,0.30262,0.030493,0.055728,0.37263,0.50264,0.63898,0,0.48375,0.87742,-0.57096,-0.21601,-0.29223,-0.13167,-0.64606,-0.85406,0.20927,0.3218,0.37557,0.19742,0.70688,0.80765,0.42797,0.048366,-0.20069,-0.76051,-0.60032,0.47364,0.61579,-0.29932,-0.042989,-0.40265,-0.42005,-0.62119,-0.55387,-0.37152,-0.10151,-0.21717,0.027326,-0.58231,-0.57694,-0.40787,-0.47434,0.58444,0.71681,0.016807,0.22527,-0.048027,-0.079244,0.13778,0.4605,0.13566,0.14385,-0.086732,-0.016981,-0.786,-0.79731,-0.31053,-0.47357,0.14098,0.21233,0.45128,0.47037,0.17566,0.31163,-0.18634,-0.069368,0.043688,-0.25213,0.15577,-0.096798,0.14457,0.30451
0.68398,-0.24858,-0.21089,-0.23004,0.7079,0.60575,0.75741,0.28658,0.85366,0.020885,0.65161,-0.051063,-0.361,-0.23263,-0.02798,-0.00046872,-0.1565,-0.1037,-0.29959,-0.03676,0.64084,0.45994,0.88561,0.45864,0.72608,0.43269,0.84633,0.42032,0.29949,0.4475,-0.1587,0.054524,-0.14468,-0.14564,-0.5848,-0.17312,-0.16992,0.30997,0.53396,0.48375,0,0.67386,-0.12509,0.33851,-0.56791,-0.51582,-0.39332,-0.35075,0.65869,-0.125,-0.1815,-0.11274,0.67088,0.45045,0.072875,0.60625,0.61799,-0.26489,0.029503,0.085097,0.12921,-0.091777,0.41423,0.20511,0.41435,-0.24575,-0.34376,-0.10668,-0.16306,0.22191,0.57005,-0.2455,-0.15085,-0.17455,-0.27856,0.3827,-0.018703,-0.35035,-0.27842,-0.21676,-0.19824,-0.23287,-0.098451,-0.21414,-0.40421,-0.27069,-0.31169,-0.34951,-0.12983,-0.57858,-0.71257,0.42583,0.27496,0.28283,-0.05206,-0.044344,-0.22925,-0.33496,-0.37044,0.24363,0.16844,0.37258,0.11574,0.12502,-0.019647
0.085747,-0.15255,0.18393,0.20169,0.78181,1.4315,-0.032393,0.2849,0.77222,0.2001,0.24287,0.48353,-0.12399,0.011989,0.11726,0.28611,0.20131,0.042167,0.046694,0.35813,0.69045,0.78815,0.68046,1.0436,0.62088,0.61704,0.90773,0.73338,0.1267,-0.015879,-0.42848,-0.29451,-0.093674,-0.12947,-0.51411,-0.5043,-0.21062,0.10768,0.4244,0.87742,0.67386,0,-0.47212,0.085852,-0.30763,-0.29369,-0.14034,-0.22593,0.33035,0.19398,0.2621,0.13414,0.50223,1.011,0.30724,0.20243,0.068362,-0.28144,-0.086409,0.28244,0.6071,-0.33948,-0.21653,-0.14264,-0.013239,-0.18215,-0.19229,-0.38636,-0.1985,0.077111,0.19743,-0.29875,-0.31172,-0.26533,-0.36195,0.64351,0.61516,-0.032752,-0.0094237,-0.0988,-0.23139,0.27614,0.17087,-0.061537,-0.086862,-0.14196,-0.33092,-0.25106,-0.23954,-0.35744,-0.49754,0.085774,0.32299,0.14312,0.34187,0.2791,0.28828,-0.11485,-0.031144,0.0047941,-0.010239,0.094581,0.10863,-0.033826,0.11395
0.22303,0.33431,-0.45137,-0.59799,-0.047872,-0.48322,0.22436,-0.1456,-0.2661,-0.10205,0.072082,-0.24468,-0.041197,-0.20641,0.064318,0.20131,-0.16714,-0.16645,-0.29253,-0.11145,-0.23527,-0.072003,-0.19137,-0.46883,-0.46064,-0.45163,-0.22261,-0.15734,-0.30672,-0.29457,0.23153,0.19373,-0.17281,-0.39456,0.15126,-0.13663,-0.0036269,-0.53649,-0.3119,-0.57096,-0.12509,-0.47212,0,0.27411,0.77294,0.43368,0.34638,0.46124,0.11824,-0.52862,-0.50223,-0.008362,-0.19969,-0.4406,-0.17594,-0.083741,0.20464,0.46039,0.25997,-0.11056,-0.14402,0.2235,0.12623,0.68149,0.31856,0.69965,0.592,0.42359,0.35119,0.25801,0.087607,0.82148,0.72208,0.59064,0.72188,-0.44247,-0.47998,-0.29145,-0.49672,-0.042194,-0.010607,-0.3039,-0.53419,-0.31,-0.070783,-0.021666,0.05731,0.47562,0.44993,0.42975,0.61292,0.068202,-0.48301,-0.28767,-0.26862,-0.41298,-0.51334,-0.16129,-0.25239,0.1544,0.47321,0.024303,0.34537,-0.0377,-0.228
0.12001,0.066073,-0.53302,-0.85266,-0.1685,0.058109,-0.028787,0.035066,0.19947,0.051342,-0.00097364,-0.40964,-0.44876,-0.59689,-0.23951,0.052978,-0.37061,-0.47209,-0.70028,-0.333,0.2646,0.21452,0.051764,0.20825,0.0089242,-0.073459,-0.054075,-0.25405,-0.27138,0.27566,-0.038294,0.3828,-0.93764,-0.36311,-0.4962,0.022723,-0.30039,0.17703,-0.068273,-0.21601,0.33851,0.085852,0.27411,0,-0.20774,-0.24676,0.16999,0.24308,0.094145,-0.77821,-0.95906,-0.30117,-0.086002,-0.077054,-0.054976,0.91145,0.95565,0.13246,0.49075,-0.4179,-0.27262,-0.28406,0.070983,0.35081,0.61132,0.087869,0.044323,0.018168,0.057593,-0.043496,0.23586,0.27191,0.48866,0.23216,0.32188,-0.30439,-0.55554,-0.55888,-0.63528,-0.43974,-0.32148,-0.35216,-0.78597,-0.51824,-0.58833,-0.32557,-0.28971,0.074564,0.25064,-0.20173,-0.040822,-0.19534,-0.032239,-0.54401,-0.37134,-0.48658,-0.63676,-0.43139,-0.26194,-0.05937,0.29299,0.25236,0.39461,-0.48002,-0.41684
