,,,,,,,,,,,,,,,,,,,,,,,,,,,,,,,,,,,,,,,,,,,,,,,,,,,,,,,,,,,,,,,,,,,,,,,,,,,,,,,,,,,,,,,,,,,,,,,,,,,,,,,,
0,0.28792,-0.096391,-0.33364,0.70097,0.129,0.98906,0.1088,0.39259,0.26642,0.46566,-0.037876,-0.2471,-0.23063,0.18125,0.20638,-0.086597,0.014535,-0.17254,0.36439,0.13747,0.45951,0.52149,0.34689,0.47585,0.49361,0.45793,0.43701,0.51122,0.41526,0.58577,0.60633,-0.22004,-0.18511,0.0021428,-0.039147,0.20823,0.29333,0.50396,0.22921,0.7077,0.19545,0.54744,0.41114,0.16616,0.10924,-0.13776,-0.076515,0.92262,-0.22293,-0.37311,0.25521,0.69838,0.10743,0.18935,0.49811,0.27698,-0.098815,-0.011073,0.26826,0.17082,0.70103,0.48645,0.50638,0.71301,0.029724,-0.060364,0.67803,0.42096,0.72866,1.0029,0.24657,0.20004,0.13633,0.10488,0.23308,-0.2239,-0.23602,-0.20212,-0.088436,-0.057472,-0.211,-0.20077,0.029722,-0.23196,-0.023961,0.044962,-0.090604,0.013752,0.074511,-0.026843,0.50375,-0.088561,0.57091,-0.14861,0.11912,-0.33404,-0.032084,-0.4663,0.75283,0.57282,0.26992,0.079627,-0.040592,-0.1841
0.28792,0,0.48348,0.14289,0.22305,-0.035255,0.19311,0.059898,-0.23452,0.10782,-0.0088302,-0.050989,0.26576,0.19001,0.048974,0.14957,0.22652,0.22655,0.19194,0.51034,-0.47371,-0.021415,-0.029321,0.14411,-0.070951,0.20248,-0.19106,-0.0212,0.075942,-0.16478,0.1878,-0.00263,0.11353,0.05853,0.3328,0.10209,0.16943,-0.080276,0.25211,-0.023878,-0.050983,0.070244,0.48853,0.029206,0.58494,0.2523,0.35705,0.27455,0.16286,0.11285,-0.019894,0.17634,0.03231,-0.067478,0.15089,-0.263,-0.20176,0.10935,-0.16408,0.17533,0.18659,0.27461,-0.13437,-0.059729,-0.023582,0.49643,0.34342,0.4167,0.22142,0.11896,-0.06528,0.11838,-0.012236,0.30701,0.27036,0.17554,0.2999,0.31008,0.26813,0.36711,0.24691,0.26362,-0.15373,0.2747,0.26939,0.27002,0.14075,0.26059,0.030374,0.80748,0.53619,0.20356,-0.20549,0.003613,0.077804,0.39443,0.1465,0.45135,0.32031,0.45624,0.14935,-0.28397,-0.018801,-0.035839,0.054134
-0.096391,0.48348,0,1.0084,-0.19208,-0.18811,-0.088906,0.030527,-0.22506,0.25652,-0.031047,0.10561,0.72475,0.59547,0.48467,0.25179,0.64574,0.66633,0.86389,0.46453,-0.34747,-0.11078,-0.19485,0.034703,-0.064372,0.29605,-0.35006,-0.067689,0.33517,0.078179,0.3132,0.14898,0.74434,0.59031,0.41193,0.46459,0.48953,0.2299,0.2111,0.12669,-0.36412,-0.10154,-0.19604,-0.33215,0.22383,0.33642,-0.23008,-0.38516,-0.20276,0.94557,0.59668,0.14142,0.047161,-0.0025045,0.57281,-0.48987,-0.59464,-0.15708,-0.5485,0.54997,0.34737,0.20575,-0.044903,-0.62776,-0.63437,-0.20701,-0.33727,0.33724,0.24289,-0.10384,-0.088754,-0.35384,-0.47464,-0.35932,-0.27963,0.5248,0.66009,1.0137,0.97104,0.62032,0.55613,0.54131,0.47165,1.0433,0.92432,0.67901,0.50405,-0.14979,-0.5275,0.4105,0.31572,0.097937,0.096145,0.2501,0.40797,0.29487,0.30879,0.53094,0.61374,0.11455,-0.35781,-0.1952,-0.39517,0.048705,0.38397
-0.33364,0.14289,1.0084,0,-0.15447,0.0016848,-0.33862,0.019409,-0.15497,0.17904,-0.17083,0.43745,0.40213,0.43032,0.27332,0.1788,0.46493,0.49064,0.75672,0.245,-0.17196,-0.1016,-0.16088,0.019373,-0.13821,0.048042,-0.055683,0.16648,0.26809,-0.073992,0.071927,-0.05095,0.62823,0.60989,0.28058,0.25232,0.27036,0.049523,-0.071205,0.25059,-0.48172,-0.005178,-0.57166,-0.70098,0.067579,0.2273,-0.3916,-0.49777,-0.24936,0.98328,1.0181,0.31497,0.072711,0.22706,0.32473,-0.79275,-1.0337,-0.48445,-0.95736,0.51247,0.48011,0.20454,-0.19046,-0.77964,-0.85145,-0.47535,-0.41954,0.0060559,0.012926,-0.16009,-0.29734,-0.35916,-0.61166,-0.44521,-0.44872,0.33872,0.72888,0.61122,0.76534,0.20398,0.13113,0.51573,1.0058,0.64215,0.79045,0.22018,0.16054,-0.34561,-0.58333,0.17516,0.020233,-0.019656,0.4129,0.24322,0.7075,0.21314,0.66719,0.35104,0.69529,-0.017613,-0.34448,-0.31279,-0.26628,0.35394,0.63595
0.70097,0.22305,-0.19208,-0.15447,0,0.78022,0.65837,0.5664,0.64521,0.35143,0.587,0.31921,-0.18158,-0.11672,0.13719,0.22532,0.05692,0.028847,-0.14563,0.47116,0.44196,0.74431,0.99099,0.73345,0.38869,0.38729,0.97898,0.77138,0.23673,0.19003,-0.071119,-0.03689,-0.023579,-0.32595,-0.31005,-0.50298,-0.16506,-0.12117,0.30787,0.50615,0.86106,0.86902,0.33643,0.2078,0.055528,-0.14794,-0.06035,-0.043295,0.70289,-0.11977,-0.1672,0.17267,0.92054,0.756,0.17073,0.071143,0.084486,-0.18746,-0.21493,0.30225,0.57884,0.3636,0.077699,0.38289,0.53688,0.10869,0.052708,0.13769,-0.02234,0.51159,0.48527,0.15156,-0.079067,0.075357,-0.1514,0.56459,0.16189,-0.35668,-0.4262,-0.30937,-0.41176,-0.19913,-0.18464,-0.24481,-0.29449,-0.34939,-0.44263,0.030479,0.13445,-0.094151,-0.32199,0.7296,0.21869,0.33656,0.23307,-0.042871,-0.1898,0.045998,-0.17797,0.51389,0.39417,0.033061,0.061205,0.069626,0.06836
0.129,-0.035255,-0.18811,0.0016848,0.78022,0,0.21376,1.0211,0.74045,0.56676,0.45867,0.62817,-0.52162,-0.48877,-0.19201,-0.061718,-0.28534,-0.41915,-0.29011,0.18467,0.62121,0.47682,0.80018,1.0106,0.32816,0.32395,0.74336,0.43559,0.062842,0.34732,-0.36342,-0.14335,-0.29038,-0.44798,-0.54975,-0.3599,-0.38723,0.018911,0.13059,0.7765,0.70595,1.6547,-0.23767,0.27185,-0.49935,-0.6001,-0.21156,-0.20228,0.29461,-0.2561,-0.14782,0.090464,0.53543,1.2134,-0.030062,0.15245,0.17748,-0.36742,-0.16735,0.27757,0.62762,-0.094726,-0.12738,-0.17738,0.25666,-0.25526,-0.28438,-0.42402,-0.25306,-0.079895,0.04306,-0.32324,-0.43127,-0.33532,-0.54998,0.54738,0.46451,-0.65079,-0.48182,-0.81554,-0.81367,-0.28338,-0.19002,-0.2861,-0.51047,-0.81828,-0.8497,-0.27841,-0.057281,-0.53228,-0.79254,0.16716,0.62493,0.14698,0.45537,-0.0039842,0.12479,-0.17251,0.13645,0.21036,0.088735,0.0044421,0.075005,0.15889,0.34395
0.98906,0.19311,-0.088906,-0.33862,0.65837,0.21376,0,0.59009,0.28927,0.14225,0.77938,0.0079293,-0.016336,-0.057736,0.14249,-0.064987,-0.049427,0.11906,-0.11236,0.44597,0.084025,0.20145,0.72882,0.35994,0.48135,0.62829,0.31249,0.097726,0.42107,0.65191,0.50074,0.41659,0.037911,0.0063019,0.25354,0.2414,0.38126,0.46771,1.0481,0.49988,0.99693,0.28812,0.58575,0.45583,-0.10057,-0.17669,-0.00010301,-0.081105,0.41131,-0.13102,-0.29936,-0.090859,0.70895,0.19982,0.10192,0.39621,0.44107,0.012717,0.044434,0.14471,0.024508,0.41932,0.50523,0.42137,0.69916,0.044642,-7.7215e-05,0.39364,0.19841,0.19332,0.57553,-0.093172,-0.055004,-0.071971,-0.1606,0.46703,-0.080815,-0.12128,-0.045605,0.1027,0.045472,-0.60452,-0.35188,-0.0076167,-0.32198,0.020266,0.067239,-0.014601,0.1168,-0.19724,-0.30829,0.62674,-0.21043,0.7779,0.016513,0.31725,-0.1624,-0.11294,-0.51678,0.52525,0.17286,0.24398,-0.17698,0.028448,-0.056747
0.1088,0.059898,0.030527,0.019409,0.5664,1.0211,0.59009,0,0.49692,0.4677,0.80571,0.51303,-0.08268,-0.15355,-0.019045,-0.13612,-0.12546,-0.11271,-0.12118,0.37648,0.3388,0.22405,0.84417,0.83119,0.31934,0.51964,0.39852,0.078033,0.20352,0.57845,-0.073125,-0.083637,0.039943,-0.18834,-0.081167,0.038039,0.048386,0.24954,0.55782,1.0032,0.76995,1.0159,-0.070624,0.26029,-0.5546,-0.64088,-0.15432,-0.32523,-0.019894,-0.014673,-0.014806,-0.13192,0.52912,0.84822,0.056396,0.11292,0.25129,-0.20833,-0.18242,0.31434,0.42197,-0.12763,0.071226,-0.23128,0.1903,-0.23488,-0.29519,-0.25466,-0.13129,-0.388,-0.021231,-0.67099,-0.67695,-0.5595,-0.7649,0.83904,0.5848,-0.26858,-0.15364,-0.28408,-0.33528,-0.54346,-0.28119,-0.10325,-0.39193,-0.34493,-0.37278,-0.23539,-0.10874,-0.56073,-0.74915,0.27572,0.22339,0.46404,0.56198,0.28287,0.22472,-0.21169,-0.037808,0.1957,-0.09888,0.038641,-0.17303,0.13397,0.38139
0.39259,-0.23452,-0.22506,-0.15497,0.64521,0.74045,0.28927,0.49692,0,0.85611,0.90844,0.38194,-0.39996,-0.34272,0.17778,0.17429,-0.24825,-0.4382,-0.38946,0.088772,1.0197,0.83219,0.62366,0.78333,0.44319,0.24218,0.93683,0.70998,0.21487,0.33504,0.029323,0.12325,-0.19277,-0.52129,-0.44858,-0.38659,-0.22295,-0.050022,-0.0088519,0.39292,0.80353,0.75295,-0.072925,0.29698,-0.42556,-0.36522,-0.34207,-0.28228,0.29166,-0.1103,-0.018425,0.25205,0.31271,0.41835,0.011767,0.2967,0.27117,-0.14344,-0.01352,0.48064,0.64246,0.054739,0.073665,0.13714,0.43591,-0.24293,-0.33514,0.08526,0.11365,0.2965,0.50507,-0.1072,-0.23662,-0.3283,-0.51102,0.29356,0.075389,-0.6051,-0.56964,-0.65092,-0.69339,-0.39247,-0.19211,-0.21306,-0.54804,-0.61703,-0.67728,-0.096087,0.075811,-0.45211,-0.6376,0.28425,0.49071,0.32011,0.32646,-0.20177,-0.20512,-0.26395,-0.30154,0.24973,0.27507,0.55277,0.088495,-0.095746,0.038916
0.26642,0.10782,0.25652,0.17904,0.35143,0.56676,0.14225,0.4677,0.85611,0,0.54106,0.45211,-0.2051,-0.31134,0.24748,0.32232,-0.10486,-0.19342,-0.080051,0.3571,0.37268,0.46175,0.27085,0.57992,0.17409,0.30976,0.30601,0.39662,0.19492,0.27109,0.29336,0.3081,-0.11796,-0.23148,-0.23615,-0.098329,-0.0022395,0.13664,-0.0073752,0.3714,0.28373,0.47951,-0.14065,0.17665,-0.19798,-0.2122,-0.33451,-0.31743,0.13322,0.057389,-0.012935,0.26505,0.26518,0.39426,0.30811,0.026843,-0.044168,-0.33622,-0.34684,0.67139,0.78591,0.16709,-0.051066,-0.17536,0.21382,-0.29989,-0.4171,0.29789,0.34766,0.17144,0.26879,-0.20082,-0.26316,-0.34767,-0.37942,0.36251,0.43795,-0.24428,-0.14624,-0.43829,-0.28945,-0.037247,-0.002317,0.17582,-0.038882,-0.24452,-0.20242,-0.1709,-0.15106,-0.024915,-0.23515,0.24812,0.48693,0.22422,0.34516,-0.12673,-0.083098,-0.058401,0.036546,0.26042,0.12256,0.14507,-0.025771,-0.089109,0.18155
0.46566,-0.0088302,-0.031047,-0.17083,0.587,0.45867,0.77938,0.80571,0.90844,0.54106,0,0.4588,-0.015425,-0.071929,0.44076,0.13982,-0.064295,-0.1362,-0.18689,0.45363,0.55652,0.56105,0.74032,0.71976,0.24658,0.34269,0.58287,0.36624,0.36331,0.41685,0.3298,0.15501,0.12377,-0.33347,0.12795,-0.062395,0.30703,0.082587,0.36465,0.60087,0.80729,0.57525,0.24877,0.26446,-0.23724,-0.26241,-0.23668,-0.353,0.060542,0.017279,0.067242,0.050442,0.39785,0.32495,0.078876,0.16193,0.26519,-0.014997,-0.065262,0.55577,0.55079,0.06901,0.16043,0.11807,0.3226,-0.1378,-0.2428,0.24393,0.21424,0.031077,0.37105,-0.23845,-0.33201,-0.33255,-0.53248,0.46194,0.23145,-0.29338,-0.31939,-0.16362,-0.34399,-0.54882,-0.22369,-0.15241,-0.45183,-0.22274,-0.21695,-0.084973,0.027471,-0.32248,-0.45973,0.31106,-0.008052,0.64968,0.3534,0.028504,-0.16017,-0.28228,-0.4499,0.21182,0.088218,0.48526,-0.11007,-0.083601,0.034486
-0.037876,-0.050989,0.10561,0.43745,0.31921,0.62817,0.0079293,0.51303,0.38194,0.45211,0.4588,0,-0.20184,-0.22783,0.28982,0.30344,0.072058,-0.081271,0.062067,0.49809,0.31568,0.37251,0.34863,0.51516,-0.10526,0.059352,0.58726,0.59884,0.33684,-0.049039,0.059498,-0.08982,0.040452,-0.27539,0.1245,-0.31086,0.21819,-0.13583,-0.11569,0.87264,0.054008,0.55812,-0.26742,-0.34244,0.014682,0.025555,-0.61206,-0.65225,-0.00014955,0.15728,0.46995,0.41552,0.3686,0.73832,0.17176,-0.37686,-0.49071,-0.55345,-0.66945,0.75289,1.0645,0.11189,-0.24034,-0.38964,-0.30513,-0.52996,-0.45886,-0.10939,0.21064,-0.094825,-0.081015,-0.19784,-0.44843,-0.38929,-0.48972,0.31957,0.84569,-0.2386,-0.15355,-0.42282,-0.5517,-0.011016,0.36358,-0.14575,-0.044198,-0.31695,-0.18581,-0.56575,-0.50386,-0.15085,-0.26669,-0.18097,0.18937,0.36227,0.73219,0.046645,0.35566,-0.15264,0.099254,0.01225,-0.03144,-0.11567,-0.019537,0.1938,0.38923
-0.2471,0.26576,0.72475,0.40213,-0.18158,-0.52162,-0.016336,-0.08268,-0.39996,-0.2051,-0.015425,-0.20184,0,1.7036,0.48686,0.18277,1.0422,1.0222,0.64225,0.25039,-0.41399,-0.14982,-0.22201,-0.17503,-0.053809,0.081621,-0.32128,-0.15529,0.21929,-0.034839,0.22487,-0.098858,1.2586,0.6572,0.53099,0.32997,0.59804,0.10178,0.28558,-0.082708,-0.31567,-0.28771,0.059289,-0.34833,0.35146,0.41323,-0.0038959,-0.1739,-0.34783,0.97072,0.48235,-0.33179,-0.020753,-0.18745,0.55679,-0.41536,-0.41254,0.037443,-0.30661,0.010091,-0.067015,-0.12301,-0.13066,-0.094491,-0.44064,0.048541,0.0086135,0.28734,0.028734,-0.039959,-0.042896,-0.057734,-0.11827,-0.017236,0.0067223,0.29536,0.2808,1.2315,0.72542,1.1199,0.64466,0.31789,0.19467,0.41142,0.72222,0.91608,0.60326,0.13828,-0.17987,0.27693,0.33815,0.30638,-0.22078,0.14546,0.28715,0.091998,0.026625,0.52337,0.21968,-0.23178,-0.52314,-0.26198,-0.53626,-0.029803,0.21099
-0.23063,0.19001,0.59547,0.43032,-0.11672,-0.48877,-0.057736,-0.15355,-0.34272,-0.31134,-0.071929,-0.22783,1.7036,0,0.35276,0.08152,0.97231,1.0728,0.74521,0.18499,-0.25709,-0.072359,-0.10228,-0.11714,0.086291,0.08397,-0.17704,-0.031867,0.2506,-0.063382,0.15625,-0.1368,1.2844,0.74552,0.38806,0.19553,0.40814,0.015718,0.22173,-0.11065,-0.2678,-0.23936,0.0022758,-0.38175,0.3268,0.47887,0.015526,-0.1484,-0.17537,0.95091,0.55202,-0.22298,0.0032193,-0.11674,0.40705,-0.36341,-0.4534,0.041125,-0.32005,-0.0311,-0.066915,-0.071135,-0.10724,-0.097292,-0.49877,0.027901,0.0058707,0.14623,-0.1315,0.06049,-0.025644,-0.020804,-0.15771,-0.0015711,-0.0012515,0.21562,0.19922,1.1142,0.6755,1.0365,0.56498,0.33114,0.25509,0.43609,0.68887,0.75954,0.47001,0.15458,-0.18058,0.191,0.25638,0.27972,-0.10014,0.21884,0.35296,0.13765,0.078925,0.62144,0.19508,-0.092068,-0.40189,-0.23938,-0.52425,0.13139,0.36209
0.18125,0.048974,0.48467,0.27332,0.13719,-0.19201,0.14249,-0.019045,0.17778,0.24748,0.44076,0.28982,0.48686,0.35276,0,1.0674,0.72322,0.52998,0.35497,0.57433,0.18401,0.56863,0.0093876,0.085488,-0.13902,0.1459,0.092489,0.31995,0.23068,-0.18341,0.40454,0.23538,0.48201,0.067981,0.34573,-0.019774,0.58464,-0.034265,0.094181,0.23304,-0.068727,-0.022269,0.27123,-0.121,0.43596,0.48829,-0.28055,-0.36799,-0.087857,0.44478,0.38625,0.39224,0.21984,-0.042766,0.70427,-0.34906,-0.30306,0.061642,-0.27788,0.78932,0.58453,0.19036,-0.0028285,0.16109,-0.19944,-0.06409,-0.098628,0.54448,0.53969,0.17077,0.25357,0.15108,-0.015343,-0.14868,-0.12995,0.32237,0.16989,0.35596,0.1202,0.35249,0.24866,0.30976,0.31798,0.30012,0.49362,0.523,0.4317,0.068554,-0.15023,0.30125,0.28327,0.28643,-0.22182,0.26164,0.22229,-0.34383,-0.32117,-0.068359,-0.21068,0.00045102,-0.023494,0.39045,0.0037161,-0.38348,-0.17382
0.20638,0.14957,0.25179,0.1788,0.22532,-0.061718,-0.064987,-0.13612,0.17429,0.32232,0.13982,0.30344,0.18277,0.08152,1.0674,0,0.57794,0.37088,0.2289,0.52358,0.1985,0.73807,0.0044863,0.14089,-0.058706,0.19968,0.2263,0.55118,0.16896,-0.37029,0.24015,0.11863,0.15075,-0.1502,0.034322,-0.36832,0.25308,-0.17256,-0.057628,0.21434,-0.1207,0.091276,0.22501,-0.14872,0.5443,0.45152,-0.24913,-0.26078,0.14976,0.22395,0.2093,0.58824,0.1889,0.050564,0.73754,-0.26178,-0.2924,-0.017001,-0.26761,0.64262,0.62705,0.14507,-0.035102,0.18861,-0.12093,-0.022865,-0.052434,0.47539,0.72294,0.3103,0.22741,0.26168,0.090356,-0.077552,0.019739,0.16911,0.15686,0.10428,-0.060525,0.081155,0.12931,0.486,0.26196,0.20976,0.49311,0.36959,0.30386,0.087764,-0.1429,0.39923,0.38671,0.27515,-0.11051,0.0086072,0.20006,-0.42636,-0.2427,-0.17235,-0.20578,0.036562,0.20682,0.20502,0.21798,-0.3993,-0.2102
-0.086597,0.22652,0.64574,0.46493,0.05692,-0.28534,-0.049427,-0.12546,-0.24825,-0.10486,-0.064295,0.072058,1.0422,0.97231,0.72322,0.57794,0,1.2482,0.73186,0.5706,-0.1752,0.1967,-0.099238,0.02711,0.090154,0.26932,-0.012499,0.24599,0.40303,-0.13069,0.16346,-0.11688,0.91367,0.495,0.35371,-0.016581,0.48834,0.07572,0.22261,0.18374,-0.23601,-0.07128,0.016233,-0.43977,0.56977,0.61357,-0.2331,-0.3144,0.023503,0.90102,0.50736,0.048441,0.23019,0.027673,0.96708,-0.43338,-0.61743,-0.11646,-0.43237,0.18901,0.21281,0.057549,-0.22787,0.0045541,-0.40849,-0.099808,-0.092029,0.27952,0.21503,0.23799,0.13107,0.13144,-0.082344,-0.019045,-0.0037136,0.39347,0.30959,1.0262,0.62039,0.79458,0.52006,0.65209,0.38241,0.40518,0.8263,0.92977,0.58107,0.052248,-0.2866,0.34701,0.3766,0.42857,-0.13457,0.15232,0.34084,-0.082441,-0.088248,0.60132,0.23961,-0.11761,-0.43701,-0.23892,-0.52258,-0.23377,0.10819
0.014535,0.22655,0.66633,0.49064,0.028847,-0.41915,0.11906,-0.11271,-0.4382,-0.19342,-0.1362,-0.081271,1.0222,1.0728,0.52998,0.37088,1.2482,0,1.0715,0.56556,-0.2755,0.031179,0.024309,-0.0938,0.11591,0.3592,-0.16242,0.046724,0.38108,-0.047248,0.30846,0.028206,0.95506,0.80889,0.36897,0.14575,0.48919,0.16964,0.36174,0.13156,-0.24405,-0.22408,0.082277,-0.39717,0.48926,0.57834,-0.092769,-0.25327,0.075242,0.81093,0.42145,0.046972,0.30731,0.033023,0.69236,-0.3773,-0.55017,-0.078026,-0.50411,0.14698,0.059512,0.26734,0.089734,-0.038213,-0.39334,-0.074873,-0.062025,0.26121,0.11906,0.15633,0.065238,0.0081812,-0.14168,-0.060052,0.010644,0.35907,0.22039,1.1049,0.77313,0.94269,0.83707,0.51661,0.45642,0.66323,1.023,1.1111,0.84062,0.057426,-0.31118,0.34296,0.36785,0.44407,-0.1797,0.32954,0.24215,0.11332,0.030082,0.50245,0.094228,0.13105,-0.23222,-0.27684,-0.44864,0.060309,0.25195
-0.17254,0.19194,0.86389,0.75672,-0.14563,-0.29011,-0.11236,-0.12118,-0.38946,-0.080051,-0.18689,0.062067,0.64225,0.74521,0.35497,0.2289,0.73186,1.0715,0,0.56463,-0.12102,-0.045892,0.060389,-0.00068962,0.057922,0.40597,-0.2243,0.055199,0.29582,-0.078089,0.22788,-0.022674,0.9694,0.80635,0.28572,0.12318,0.27816,0.041464,0.14278,0.11148,-0.38298,-0.1496,-0.15013,-0.49977,0.28235,0.39644,-0.053416,-0.23539,0.048864,0.74928,0.59023,0.15087,0.013706,0.058499,0.33024,-0.46065,-0.55866,0.018687,-0.40355,0.26205,0.18756,0.24351,0.11236,-0.47694,-0.67771,-0.1582,-0.20792,0.070864,0.066454,-0.0084529,-0.17403,-0.28781,-0.46356,-0.32295,-0.23266,0.25261,0.39972,0.89607,0.8687,0.75689,0.75342,0.65886,0.70107,1.1238,1.0558,0.83059,0.68933,0.051993,-0.35837,0.31105,0.28312,0.1021,0.059673,0.22531,0.33312,0.22706,0.33955,0.46091,0.34383,0.12608,-0.30864,-0.244,-0.4681,0.29489,0.48056
0.36439,0.51034,0.46453,0.245,0.47116,0.18467,0.44597,0.37648,0.088772,0.3571,0.45363,0.49809,0.25039,0.18499,0.57433,0.52358,0.5706,0.56556,0.56463,0,0.062384,0.39319,0.45021,0.549,0.10903,0.64125,0.19745,0.38186,0.51182,0.023848,0.41578,0.013883,0.39484,0.10429,0.34584,-0.15529,0.46322,0.059838,0.36199,0.63034,0.14312,0.31824,0.29282,-0.16683,0.42874,0.23913,-0.11231,-0.26618,0.29314,0.29786,0.22501,0.33309,0.46769,0.35639,0.54635,-0.24692,-0.32065,-0.070344,-0.44033,0.57503,0.62898,0.33394,-0.050857,-0.1072,-0.10591,-0.050962,-0.13038,0.32173,0.4342,0.14977,0.088228,-0.088306,-0.33345,-0.15565,-0.20175,0.48061,0.51707,0.29231,0.26807,0.31616,0.26837,0.32743,0.23371,0.40153,0.33562,0.45483,0.41703,0.025791,-0.2068,0.3678,0.2122,0.39357,-0.1875,0.46995,0.331,0.13272,-0.014646,0.25247,-0.028807,0.33965,-0.047005,-0.12824,-0.39834,-0.1562,0.12841
0.13747,-0.47371,-0.34747,-0.17196,0.44196,0.62121,0.084025,0.3388,1.0197,0.37268,0.55652,0.31568,-0.41399,-0.25709,0.18401,0.1985,-0.1752,-0.2755,-0.12102,0.062384,0,1.0394,0.73774,0.76152,0.40407,0.25174,0.7495,0.56068,0.0026092,0.14473,-0.16201,0.00053347,-0.1706,-0.35457,-0.61819,-0.53044,-0.40953,-0.12924,-0.09748,0.38363,0.61287,0.75294,-0.13938,0.33053,-0.45032,-0.32132,-0.15071,-0.15886,0.31198,-0.2434,-0.045256,0.33867,0.18426,0.43741,-0.13336,0.30143,0.33248,0.037789,0.12917,0.29081,0.50736,-0.14513,0.072902,0.091678,0.21232,-0.23702,-0.24215,-0.34276,-0.19223,0.081267,0.18731,-0.12611,-0.2555,-0.34939,-0.50556,0.094151,-0.083023,-0.62437,-0.64415,-0.55781,-0.55123,-0.15203,-0.017989,-0.12943,-0.40692,-0.49501,-0.55162,0.049277,0.16531,-0.5586,-0.65263,0.13444,0.52051,0.13867,0.2583,-0.43322,-0.24385,-0.45259,-0.3416,0.16081,0.2165,0.73054,0.21937,-0.0041392,0.093637
0.45951,-0.021415,-0.11078,-0.1016,0.74431,0.47682,0.20145,0.22405,0.83219,0.46175,0.56105,0.37251,-0.14982,-0.072359,0.56863,0.73807,0.1967,0.031179,-0.045892,0.39319,1.0394,0,0.63904,0.81126,0.38764,0.34452,0.84242,0.91769,0.19466,-0.014309,0.093743,0.16459,-0.085484,-0.35686,-0.38136,-0.62038,-0.096579,-0.12114,0.04776,0.44787,0.52718,0.73028,0.17868,0.30308,0.096844,0.12351,-0.21945,-0.21451,0.56133,-0.10775,-0.052368,0.56011,0.48499,0.46634,0.33359,0.16889,0.070469,-0.080804,-0.13027,0.5425,0.82268,0.055558,-0.034019,0.29862,0.20666,-0.10785,-0.13771,0.081896,0.13865,0.42179,0.44548,0.21271,-0.015336,-0.088526,-0.17436,0.23951,0.041653,-0.37198,-0.5473,-0.31637,-0.38816,0.098126,-0.024779,-0.057687,-0.088361,-0.18352,-0.26141,0.04916,0.021118,-0.11552,-0.19458,0.3785,0.28621,0.22908,0.33578,-0.47133,-0.41998,-0.23063,-0.35042,0.34304,0.38143,0.51812,0.27092,-0.15838,0.038305
0.52149,-0.029321,-0.19485,-0.16088,0.99099,0.80018,0.72882,0.84417,0.62366,0.27085,0.74032,0.34863,-0.22201,-0.10228,0.0093876,0.0044863,-0.099238,0.024309,0.060389,0.45021,0.73774,0.63904,0,1.0269,0.67564,0.74719,0.86351,0.51627,0.3854,0.51045,0.024525,0.014142,0.042285,-0.20603,-0.32586,-0.34493,-0.12974,0.08523,0.49026,0.7772,1.0777,1.0076,0.083404,0.27151,-0.33435,-0.35715,-0.14448,-0.26536,0.62332,-0.13396,-0.10017,0.082532,0.72135,0.86201,-0.030858,0.33494,0.31487,-0.11468,-0.092755,0.27749,0.44134,0.16566,0.3942,0.026231,0.33168,-0.18786,-0.27679,-0.16061,-0.12645,0.12704,0.32804,-0.34428,-0.48054,-0.3815,-0.55192,0.56701,0.2244,-0.41016,-0.35087,-0.27965,-0.30883,-0.37688,-0.15023,-0.033628,-0.39089,-0.30427,-0.31393,-0.12997,-0.049541,-0.51317,-0.65976,0.40072,0.28398,0.59264,0.38265,0.17287,0.050817,-0.19096,-0.30412,0.53054,0.26198,0.1887,-0.061889,0.34346,0.36882
0.34689,0.14411,0.034703,0.019373,0.73345,1.0106,0.35994,0.83119,0.78333,0.57992,0.71976,0.51516,-0.17503,-0.11714,0.085488,0.14089,0.02711,-0.0938,-0.00068962,0.549,0.76152,0.81126,1.0269,0,0.5915,0.68415,0.79371,0.61312,0.45677,0.46788,0.030809,-0.051734,-0.018397,-0.25673,-0.30897,-0.34367,-0.055197,0.15235,0.32227,0.87331,0.77428,1.4391,-0.13186,0.25046,-0.30229,-0.3234,-0.26235,-0.36162,0.44993,-0.015277,-0.0028482,0.18184,0.55385,0.85735,0.19306,0.29786,0.14495,-0.287,-0.22574,0.37382,0.6993,-0.12571,-0.094584,-0.20216,0.14855,-0.34446,-0.4508,-0.18948,-0.076978,0.051756,0.19655,-0.35268,-0.55565,-0.40118,-0.60382,0.54077,0.43646,-0.32838,-0.26429,-0.36043,-0.48316,-0.047102,-0.077471,0.00814,-0.32775,-0.31568,-0.40207,-0.20591,-0.13999,-0.3758,-0.55452,0.33158,0.47536,0.44721,0.59693,0.010978,-0.0058855,-0.038106,-0.019179,0.30384,0.030597,0.13582,-0.18863,0.03558,0.39975
0.47585,-0.070951,-0.064372,-0.13821,0.38869,0.32816,0.48135,0.31934,0.44319,0.17409,0.24658,-0.10526,-0.053809,0.086291,-0.13902,-0.058706,0.090154,0.11591,0.057922,0.10903,0.40407,0.38764,0.67564,0.5915,0,1.0277,0.53104,0.37819,0.59822,0.78504,0.22614,0.31795,0.044476,0.14886,-0.25318,-0.004164,-0.023579,0.57584,0.73193,0.48446,0.8665,0.51116,-0.088049,0.37074,-0.3706,-0.13554,-0.27618,-0.29582,0.75655,0.037445,-0.16014,-0.038972,0.47588,0.34913,0.23465,0.74718,0.38144,-0.1655,0.063663,-0.019341,-0.00094288,0.04437,0.37125,0.089281,0.34179,-0.36288,-0.4251,0.0095534,0.040406,0.32585,0.65414,-0.2666,-0.24786,-0.4001,-0.34328,0.38836,-0.025631,-0.078836,0.055849,0.00261,-0.010911,-0.27411,-0.27771,0.22726,-0.16047,-0.019191,-0.097545,-0.15865,-0.16179,-0.59723,-0.54034,0.4638,0.38791,0.55363,0.37074,0.27594,0.024897,0.092942,-0.19138,0.43301,-0.01231,0.17997,-0.34538,0.16863,0.38141
0.49361,0.20248,0.29605,0.048042,0.38729,0.32395,0.62829,0.51964,0.24218,0.30976,0.34269,0.059352,0.081621,0.08397,0.1459,0.19968,0.26932,0.3592,0.40597,0.64125,0.25174,0.34452,0.74719,0.68415,1.0277,0,0.27657,0.2502,0.6542,0.71178,0.34799,0.27536,0.23131,0.20524,-0.035708,0.092591,0.19399,0.59915,0.98411,0.74054,0.65282,0.52641,0.029236,0.24637,-0.21135,-0.15167,-0.21155,-0.35868,0.57701,0.16438,-0.055833,0.059373,0.51106,0.38754,0.42066,0.40999,0.27065,-0.060413,-0.043155,0.25781,0.19641,0.16271,0.46473,-0.12557,0.18336,-0.2973,-0.44223,0.14328,0.28627,0.10298,0.4009,-0.52431,-0.51129,-0.62194,-0.51773,0.70527,0.25682,0.12657,0.27929,0.20542,0.2893,-0.038836,-0.088106,0.58842,0.098042,0.30167,0.21722,-0.10118,-0.23773,-0.24888,-0.28214,0.53087,0.18317,0.57844,0.37309,0.35864,0.12357,0.053884,-0.089134,0.46631,-0.087037,0.11381,-0.42466,0.053909,0.31107
0.45793,-0.19106,-0.35006,-0.055683,0.97898,0.74336,0.31249,0.39852,0.93683,0.30601,0.58287,0.58726,-0.32128,-0.17704,0.092489,0.2263,-0.012499,-0.16242,-0.2243,0.19745,0.7495,0.84242,0.86351,0.79371,0.53104,0.27657,0,1.3613,0.50096,0.24905,-0.049844,-0.075182,-0.056416,-0.42504,-0.34366,-0.65587,-0.12491,-0.1159,0.080842,0.61777,0.72422,0.84951,-0.097517,-0.027724,-0.15863,-0.1416,-0.51766,-0.43395,0.60475,-0.0055345,0.12447,0.24613,0.65493,0.72633,0.095615,0.1824,0.0013614,-0.42565,-0.26089,0.32379,0.61852,0.16189,0.067034,0.17107,0.28355,-0.35592,-0.35484,-0.010466,0.048097,0.48405,0.54602,0.022335,-0.21746,-0.20331,-0.3963,0.33836,0.17928,-0.52017,-0.50069,-0.5658,-0.7947,-0.25068,0.022869,-0.3745,-0.44689,-0.55222,-0.57439,-0.32311,-0.13197,-0.4605,-0.59517,0.32232,0.40419,0.44582,0.48954,-0.068812,0.0097711,-0.13154,-0.23844,0.21805,0.26876,0.13017,0.012202,0.17977,0.20713
0.43701,-0.0212,-0.067689,0.16648,0.77138,0.43559,0.097726,0.078033,0.70998,0.39662,0.36624,0.59884,-0.15529,-0.031867,0.31995,0.55118,0.24599,0.046724,0.055199,0.38186,0.56068,0.91769,0.51627,0.61312,0.37819,0.2502,1.3613,0,0.55171,0.0053973,0.10676,-0.0098783,0.10291,-0.25964,-0.21623,-0.71812,-0.019643,-0.21377,-0.081184,0.42851,0.32217,0.54622,-0.069513,-0.23248,0.17887,0.17965,-0.53821,-0.42107,0.67184,0.18929,0.28135,0.4523,0.50574,0.51413,0.31449,-0.051046,-0.3067,-0.42523,-0.42484,0.48237,0.82219,0.31613,-0.052814,0.12037,0.088387,-0.31406,-0.331,0.23628,0.27622,0.77569,0.55533,0.19493,-0.12655,-0.10686,-0.23057,0.23616,0.24784,-0.23501,-0.25929,-0.32751,-0.49,0.14776,0.28035,-0.096029,-0.043718,-0.23803,-0.27187,-0.22493,-0.20712,-0.059243,-0.19482,0.32708,0.39088,0.33493,0.48578,-0.16847,-0.019938,0.086624,-0.077648,0.20751,0.23218,0.030932,-0.044858,0.10539,0.18637
0.51122,0.075942,0.33517,0.26809,0.23673,0.062842,0.42107,0.20352,0.21487,0.19492,0.36331,0.33684,0.21929,0.2506,0.23068,0.16896,0.40303,0.38108,0.29582,0.51182,0.0026092,0.19466,0.3854,0.45677,0.59822,0.6542,0.50096,0.55171,0,0.62528,0.59486,0.19398,0.36718,0.13839,0.26142,0.025109,0.63211,0.45304,0.48556,0.59037,0.27676,0.18103,-0.21702,-0.31376,0.032812,0.20471,-0.90265,-1.0023,0.41486,0.57294,0.40666,0.066093,0.59704,0.28961,0.54667,0.21083,-0.26049,-0.55352,-0.50611,0.35268,0.26611,0.30955,0.26404,-0.22578,-0.096567,-0.73545,-0.88465,0.38595,0.47,0.36397,0.6245,-0.2744,-0.41149,-0.43932,-0.39726,0.5158,0.3922,0.28374,0.36451,0.16045,0.053476,0.03013,0.27329,0.27168,0.071082,0.28623,0.30664,-0.69392,-0.77812,-0.16843,-0.13024,0.23718,0.030412,1.0315,0.47915,0.4431,0.2164,0.2914,-0.053265,0.20543,-0.11427,-0.17334,-0.65788,0.12378,0.34718
0.41526,-0.16478,0.078179,-0.073992,0.19003,0.34732,0.65191,0.57845,0.33504,0.27109,0.41685,-0.049039,-0.034839,-0.063382,-0.18341,-0.37029,-0.13069,-0.047248,-0.078089,0.023848,0.14473,-0.014309,0.51045,0.46788,0.78504,0.71178,0.24905,0.0053973,0.62528,0,0.289,0.34785,0.047651,0.14176,-0.085381,0.43081,0.20723,1.0235,0.80468,0.49453,0.7691,0.36166,-0.29783,0.33435,-0.76955,-0.51812,-0.44389,-0.48369,0.25107,0.092071,-0.17702,-0.43534,0.50175,0.3037,0.13888,0.70032,0.43938,-0.40009,-0.022076,-0.046091,-0.10724,0.02069,0.44477,-0.14092,0.40196,-0.61161,-0.71945,0.042627,-0.048158,-0.0028444,0.51647,-0.61735,-0.3869,-0.53202,-0.57172,0.57962,0.10873,-0.059182,0.13783,-0.10583,-0.093268,-0.44603,-0.15824,0.11899,-0.36936,-0.10026,-0.067814,-0.51763,-0.25278,-0.72357,-0.76616,0.35078,0.35458,0.60566,0.1698,0.31024,0.055598,-0.0062999,-0.014491,0.12079,-0.26096,0.076511,-0.48083,0.19098,0.27696
0.58577,0.1878,0.3132,0.071927,-0.071119,-0.36342,0.50074,-0.073125,0.029323,0.29336,0.3298,0.059498,0.22487,0.15625,0.40454,0.24015,0.16346,0.30846,0.22788,0.41578,-0.16201,0.093743,0.024525,0.030809,0.22614,0.34799,-0.049844,0.10676,0.59486,0.289,0,0.97118,0.16383,0.3397,0.65081,0.43753,0.99801,0.57281,0.44313,0.18422,0.054388,-0.26305,0.30141,0.11174,0.26169,0.44317,-0.24904,-0.30517,0.21461,0.17115,0.0075851,0.13891,0.24203,-0.18007,0.40195,0.19567,-0.08419,-0.18367,-0.26853,0.30338,0.066451,0.38503,0.23128,0.10414,0.093089,-0.26649,-0.25693,0.80455,0.65828,0.29116,0.46703,0.064692,0.12274,-0.068789,0.084153,-0.027009,0.0078987,0.21494,0.32749,0.33208,0.30394,-0.030531,0.11548,0.42603,0.2826,0.4325,0.70342,-0.18683,-0.27467,0.16281,0.16948,0.16561,-0.21221,0.72121,0.12647,0.17476,-0.10055,0.022158,-0.3726,0.27941,0.017153,0.11743,-0.26638,0.054562,0.12364
0.60633,-0.00263,0.14898,-0.05095,-0.03689,-0.14335,0.41659,-0.083637,0.12325,0.3081,0.15501,-0.08982,-0.098858,-0.1368,0.23538,0.11863,-0.11688,0.028206,-0.022674,0.013883,0.00053347,0.16459,0.014142,-0.051734,0.31795,0.27536,-0.075182,-0.0098783,0.19398,0.34785,0.97118,0,-0.19553,0.23168,0.19976,0.52078,0.42547,0.70428,0.42319,0.10976,0.20725,-0.13259,0.26258,0.58919,0.034545,0.31766,-0.18609,-0.1347,0.35046,-0.18926,-0.36294,0.18016,0.31171,-0.078947,0.26516,0.41719,0.19086,-0.15417,-0.032381,0.26122,0.014018,0.38421,0.33323,0.23946,0.29269,-0.21307,-0.17719,0.50734,0.36667,0.27897,0.57507,0.14724,0.32802,-0.034858,0.15864,-0.0061398,-0.18766,-0.068278,0.057787,0.044701,0.13966,-0.18576,-0.10986,0.33295,0.15969,0.10988,0.33411,-0.20254,-0.17748,-0.057602,-0.024382,0.083496,0.047929,0.42898,-0.028035,0.022714,-0.23429,-0.15565,-0.30001,0.43384,0.18442,0.36202,0.13567,0.1267,0.098711
-0.22004,0.11353,0.74434,0.62823,-0.023579,-0.29038,0.037911,0.039943,-0.19277,-0.11796,0.12377,0.040452,1.2586,1.2844,0.48201,0.15075,0.91367,0.95506,0.9694,0.39484,-0.1706,-0.085484,0.042285,-0.018397,0.044476,0.23131,-0.056416,0.10291,0.36718,0.047651,0.16383,-0.19553,0,0.6938,0.47479,0.20817,0.48017,0.010272,0.25156,0.10694,-0.19771,-0.11426,-0.10145,-0.58644,0.17201,0.23659,-0.14442,-0.33074,-0.2262,1.2606,0.8109,-0.21704,0.034185,-0.0029697,0.39461,-0.54993,-0.48853,-0.014925,-0.3921,0.18268,0.13663,0.061026,0.016009,-0.26656,-0.49482,-0.11635,-0.17573,0.22357,0.031755,0.0030427,-0.032421,-0.28733,-0.46366,-0.29476,-0.3483,0.43261,0.43755,1.0127,0.78795,0.88725,0.5093,0.27316,0.46058,0.53326,0.64916,0.6799,0.44303,0.060346,-0.22739,0.13307,0.089515,0.32786,-0.006199,0.29909,0.4676,0.19223,0.26201,0.50103,0.28351,-0.17557,-0.57619,-0.22406,-0.71298,0.18454,0.35982
-0.18511,0.05853,0.59031,0.60989,-0.32595,-0.44798,0.0063019,-0.18834,-0.52129,-0.23148,-0.33347,-0.27539,0.6572,0.74552,0.067981,-0.1502,0.495,0.80889,0.80635,0.10429,-0.35457,-0.35686,-0.20603,-0.25673,0.14886,0.20524,-0.42504,-0.25964,0.13839,0.14176,0.3397,0.23168,0.6938,0,0.47474,0.73692,0.40161,0.5132,0.36129,-0.0075387,-0.2914,-0.36486,-0.15181,-0.19191,0.039001,0.2384,0.068618,-0.036662,-0.10965,0.58601,0.27706,-0.14174,0.013184,-0.15514,0.25578,-0.23916,-0.33775,-0.14236,-0.32739,-0.17428,-0.27738,0.10479,-0.030964,-0.18361,-0.31112,-0.19382,-0.058572,0.049686,-0.19272,-0.092863,-0.16596,-0.16196,-0.14042,-0.10375,-0.051058,0.031897,0.023154,0.86016,1.1618,0.75796,0.64501,0.32337,0.48965,0.76429,0.78647,0.59097,0.55292,0.057686,-0.10355,0.098267,0.031728,0.28374,0.15833,0.23755,0.19634,0.15935,0.20435,0.44384,0.29632,-0.030724,-0.59494,-0.21893,-0.55943,0.28422,0.40892
0.0021428,0.3328,0.41193,0.28058,-0.31005,-0.54975,0.25354,-0.081167,-0.44858,-0.23615,0.12795,0.1245,0.53099,0.38806,0.34573,0.034322,0.35371,0.36897,0.28572,0.34584,-0.61819,-0.38136,-0.32586,-0.30897,-0.25318,-0.035708,-0.34366,-0.21623,0.26142,-0.085381,0.65081,0.19976,0.47479,0.47474,0,0.64291,1.1981,0.22351,0.3256,0.097037,-0.28696,-0.45788,0.3231,-0.27768,0.40738,0.41002,0.0067065,-0.097536,-0.35856,0.39465,0.37855,-0.030379,-0.10147,-0.39762,0.17563,-0.37385,-0.32763,0.035745,-0.20249,0.11535,-0.10815,0.16314,-0.09858,-0.035008,-0.27382,0.025828,0.10791,0.4596,0.39265,-0.16296,-0.12054,0.013276,0.0076134,0.045504,0.085034,-0.059042,0.14489,0.56766,0.66009,0.73733,0.40118,-0.0043404,0.19618,0.22278,0.35519,0.53043,0.63326,-0.0082582,-0.12149,0.33906,0.32322,-0.037649,-0.58111,0.3598,0.15154,0.36208,0.22933,0.16331,-0.021408,-0.12673,-0.39735,-0.11511,-0.38461,-0.029367,-0.0058004
-0.039147,0.10209,0.46459,0.25232,-0.50298,-0.3599,0.2414,0.038039,-0.38659,-0.098329,-0.062395,-0.31086,0.32997,0.19553,-0.019774,-0.36832,-0.016581,0.14575,0.12318,-0.15529,-0.53044,-0.62038,-0.34493,-0.34367,-0.004164,0.092591,-0.65587,-0.71812,0.025109,0.43081,0.43753,0.52078,0.20817,0.73692,0.64291,0,0.55952,0.84416,0.54179,-0.011104,-0.082474,-0.38074,-0.024296,0.19797,-0.24444,-0.071784,0.044205,-0.031822,-0.40279,0.21047,-0.013585,-0.31617,-0.093615,-0.36731,0.045534,0.033828,0.10718,-0.056894,-0.0032904,-0.11362,-0.42654,0.021893,0.1529,-0.16244,-0.025799,-0.1432,-0.078145,0.19445,-0.009943,-0.40682,-0.09284,-0.33268,-0.061933,-0.17435,-0.090896,0.076575,-0.03821,0.42234,0.68935,0.44119,0.39664,-0.18574,0.024669,0.40731,0.22158,0.28196,0.35349,-0.11574,-0.063371,-0.054481,-0.088895,0.040459,-0.042079,0.22051,-0.018983,0.31956,0.18621,0.033679,0.17689,-0.074882,-0.48761,0.057999,-0.25392,0.1166,0.10551
0.20823,0.16943,0.48953,0.27036,-0.16506,-0.38723,0.38126,0.048386,-0.22295,-0.0022395,0.30703,0.21819,0.59804,0.40814,0.58464,0.25308,0.48834,0.48919,0.27816,0.46322,-0.40953,-0.096579,-0.12974,-0.055197,-0.023579,0.19399,-0.12491,-0.019643,0.63211,0.20723,0.99801,0.42547,0.48017,0.40161,1.1981,0.55952,0,0.52393,0.51694,0.33624,-0.11846,-0.26323,0.18041,-0.17958,0.3148,0.45389,-0.37291,-0.50698,-0.17767,0.47899,0.30818,-0.072968,0.26095,-0.12061,0.62194,-0.097703,-0.29471,-0.2529,-0.40839,0.27869,0.050115,0.10081,-0.014952,-0.047305,-0.22467,-0.32202,-0.27664,0.56736,0.54167,-0.033156,0.18452,-0.055172,-0.022199,-0.14027,-0.035049,0.19385,0.26534,0.51437,0.5444,0.57145,0.33667,0.030561,0.22256,0.26543,0.3762,0.61303,0.80146,-0.33165,-0.4352,0.12498,0.19621,0.10621,-0.43661,0.65965,0.28278,0.21132,0.040284,0.091263,-0.15547,-0.12681,-0.36959,-0.10116,-0.46999,-0.074771,0.10387
0.29333,-0.080276,0.2299,0.049523,-0.12117,0.018911,0.46771,0.24954,-0.050022,0.13664,0.082587,-0.13583,0.10178,0.015718,-0.034265,-0.17256,0.07572,0.16964,0.041464,0.059838,-0.12924,-0.12114,0.08523,0.15235,0.57584,0.59915,-0.1159,-0.21377,0.45304,1.0235,0.57281,0.70428,0.010272,0.5132,0.22351,0.84416,0.52393,0,0.90797,0.43665,0.33284,0.049099,-0.16955,0.40002,-0.38178,-0.12749,-0.33238,-0.35946,0.1439,0.075283,-0.26296,-0.28774,0.41505,0.083044,0.4101,0.55641,0.25723,-0.42523,-0.10181,-0.11477,-0.25813,-0.029985,0.19628,-0.055295,0.23218,-0.59319,-0.49859,0.11547,0.075357,-0.094634,0.3236,-0.33198,-0.070188,-0.32458,-0.20317,0.29103,-0.0038812,0.15856,0.41205,0.14193,0.18573,-0.16075,-0.049378,0.31246,0.044413,0.20375,0.31852,-0.43383,-0.27947,-0.40382,-0.37187,0.29746,0.17604,0.4829,0.10999,0.16057,-0.047878,0.0035846,-0.0098972,0.03517,-0.43572,0.031773,-0.43625,0.034611,0.21821
0.50396,0.25211,0.2111,-0.071205,0.30787,0.13059,1.0481,0.55782,-0.0088519,-0.0073752,0.36465,-0.11569,0.28558,0.22173,0.094181,-0.057628,0.22261,0.36174,0.14278,0.36199,-0.09748,0.04776,0.49026,0.32227,0.73193,0.98411,0.080842,-0.081184,0.48556,0.80468,0.44313,0.42319,0.25156,0.36129,0.3256,0.54179,0.51694,0.90797,0,0.61774,0.68867,0.29448,0.28276,0.42173,-0.17473,-0.11068,-0.062379,-0.20828,0.28489,0.10456,-0.19409,-0.25388,0.59819,0.21771,0.37031,0.4064,0.37035,-0.068068,-0.0016611,0.020567,-0.12123,0.091491,0.39022,0.12102,0.31027,-0.13125,-0.16176,0.2102,0.12783,-0.047269,0.37306,-0.34872,-0.20874,-0.30457,-0.2557,0.64496,0.10511,0.19786,0.3294,0.38876,0.29501,-0.35743,-0.31031,0.29117,0.01286,0.29022,0.25545,-0.10877,-0.11444,-0.30578,-0.30499,0.58391,-0.079168,0.67324,0.26684,0.45666,0.064843,0.021295,-0.17612,0.3193,-0.20574,0.064488,-0.38902,0.091606,0.22702
0.22921,-0.023878,0.12669,0.25059,0.50615,0.7765,0.49988,1.0032,0.39292,0.3714,0.60087,0.87264,-0.082708,-0.11065,0.23304,0.21434,0.18374,0.13156,0.11148,0.63034,0.38363,0.44787,0.7772,0.87331,0.48446,0.74054,0.61777,0.42851,0.59037,0.49453,0.18422,0.10976,0.10694,-0.0075387,0.097037,-0.011104,0.33624,0.43665,0.61774,0,0.57855,0.90589,-0.16961,0.056549,-0.27503,-0.19695,-0.55075,-0.71885,0.22983,0.13865,0.17532,0.18844,0.79382,0.9352,0.39166,0.083599,-0.035775,-0.5054,-0.45079,0.49938,0.60673,0.020356,0.043064,-0.23825,-0.0076084,-0.64736,-0.58239,-0.14254,0.14347,-0.16726,0.13243,-0.49038,-0.61018,-0.67688,-0.74766,0.74397,0.624,-0.15002,0.019268,-0.2007,-0.27622,-0.20035,0.091776,0.059878,-0.093074,-0.12869,-0.083717,-0.52123,-0.4365,-0.50284,-0.61123,0.26301,0.23891,0.72096,0.82132,0.20186,0.2656,-0.19474,-0.066987,0.18747,-0.17661,0.027649,-0.25514,0.13614,0.46403
0.7077,-0.050983,-0.36412,-0.48172,0.86106,0.70595,0.99693,0.76995,0.80353,0.28373,0.80729,0.054008,-0.31567,-0.2678,-0.068727,-0.1207,-0.23601,-0.24405,-0.38298,0.14312,0.61287,0.52718,1.0777,0.77428,0.8665,0.65282,0.72422,0.32217,0.27676,0.7691,0.054388,0.20725,-0.19771,-0.2914,-0.28696,-0.082474,-0.11846,0.33284,0.68867,0.57855,0,0.84296,0.22494,0.69519,-0.49762,-0.51751,-0.079431,-0.089282,0.55282,-0.31517,-0.40384,-0.080017,0.60801,0.44345,-0.045123,0.68705,0.75103,-0.024554,0.23344,0.069569,0.14272,0.080754,0.37022,0.36286,0.8607,-0.070971,-0.13435,0.0048026,-0.062677,0.19149,0.60865,-0.18688,-0.16698,-0.21877,-0.38289,0.48068,-0.10195,-0.52114,-0.42503,-0.31829,-0.38446,-0.71875,-0.55822,-0.23127,-0.73787,-0.42351,-0.48467,-0.031363,0.20421,-0.63895,-0.79879,0.5596,0.23132,0.46594,0.14771,0.10115,-0.19656,-0.2432,-0.40237,0.43236,0.1914,0.4453,-0.030749,0.018684,0.02401
0.19545,0.070244,-0.10154,-0.005178,0.86902,1.6547,0.28812,1.0159,0.75295,0.47951,0.57525,0.55812,-0.28771,-0.23936,-0.022269,0.091276,-0.07128,-0.22408,-0.1496,0.31824,0.75294,0.73028,1.0076,1.4391,0.51116,0.52641,0.84951,0.54622,0.18103,0.36166,-0.26305,-0.13259,-0.11426,-0.36486,-0.45788,-0.38074,-0.26323,0.049099,0.29448,0.90589,0.84296,0,-0.13377,0.31835,-0.39543,-0.45907,-0.19423,-0.24823,0.37839,-0.14463,-0.085159,0.12008,0.56332,1.1244,0.092746,0.1965,0.21136,-0.27057,-0.14441,0.31821,0.68728,-0.16929,-0.098654,-0.13223,0.20624,-0.22998,-0.28765,-0.35532,-0.20749,-0.040665,0.11392,-0.3335,-0.48942,-0.38075,-0.59538,0.6332,0.46868,-0.49752,-0.42313,-0.52741,-0.65723,-0.2075,-0.21499,-0.17434,-0.40317,-0.55856,-0.69137,-0.1815,-0.060178,-0.51407,-0.72846,0.29464,0.57002,0.23463,0.61729,-0.0083114,0.083453,-0.15272,0.068602,0.25118,0.05249,0.11105,0.019853,0.12673,0.39732
0.54744,0.48853,-0.19604,-0.57166,0.33643,-0.23767,0.58575,-0.070624,-0.072925,-0.14065,0.24877,-0.26742,0.059289,0.0022758,0.27123,0.22501,0.016233,0.082277,-0.15013,0.29282,-0.13938,0.17868,0.083404,-0.13186,-0.088049,0.029236,-0.097517,-0.069513,-0.21702,-0.29783,0.30141,0.26258,-0.10145,-0.15181,0.3231,-0.024296,0.18041,-0.16955,0.28276,-0.16961,0.22494,-0.13377,0,0.44452,0.60618,0.30454,0.65567,0.6177,0.23234,-0.40619,-0.4516,0.1134,0.073638,-0.29149,-0.01328,0.060168,0.3081,0.64006,0.37101,0.010254,-0.096274,0.2826,0.11234,0.87223,0.47052,0.98063,0.90432,0.50588,0.2852,0.27841,0.21429,0.59633,0.5863,0.60804,0.60557,-0.13941,-0.39816,-0.066186,-0.21442,0.33267,0.2615,-0.18771,-0.52369,-0.10015,-0.024408,0.21,0.20825,0.69415,0.55823,0.4693,0.4492,0.2843,-0.72619,0.017005,-0.36251,-0.013986,-0.45371,-0.080992,-0.56861,0.3889,0.44293,0.25848,0.27312,-0.28435,-0.48557
0.41114,0.029206,-0.33215,-0.70098,0.2078,0.27185,0.45583,0.26029,0.29698,0.17665,0.26446,-0.34244,-0.34833,-0.38175,-0.121,-0.14872,-0.43977,-0.39717,-0.49977,-0.16683,0.33053,0.30308,0.27151,0.25046,0.37074,0.24637,-0.027724,-0.23248,-0.31376,0.33435,0.11174,0.58919,-0.58644,-0.19191,-0.27768,0.19797,-0.17958,0.40002,0.42173,0.056549,0.69519,0.31835,0.44452,0,-0.29192,-0.25479,0.36154,0.38634,0.2944,-0.85245,-1.1329,-0.086932,0.15774,0.03157,-0.11509,0.81017,1.0498,0.26546,0.57468,-0.14609,-0.16088,-0.16775,0.13362,0.46291,0.74352,0.24755,0.23366,-0.059541,-0.16586,-0.0264,0.25922,0.10743,0.34989,0.14441,0.16777,-0.022305,-0.43076,-0.52585,-0.48334,-0.21427,-0.14278,-0.4451,-0.86774,-0.12827,-0.42506,-0.28239,-0.23954,0.24686,0.42854,-0.29842,-0.2842,0.17869,0.07813,-0.028596,-0.25041,-0.18861,-0.54062,-0.36934,-0.36413,0.33321,0.23513,0.58475,0.35794,-0.14888,-0.14894
