,,,,,,,,,,,,,,,,,,,,,,,,,,,,,,,,,,,,,,,,,,,,,,,,,,,,,,,,,,,,,,,,,,,,,,,,,,,,,,,,,,,,,,,,,,,,,,,,,,,,,,,,
0,0.28831,-0.039001,-0.22245,0.64017,0.09626,1.2566,0.30622,0.14254,-0.13635,0.44442,-0.10506,-0.34105,-0.3042,0.24058,0.034085,-0.2654,-0.038333,-0.2412,0.36712,-0.015258,0.1327,0.51377,0.34978,0.34223,0.29092,0.32547,0.23332,0.7017,0.49216,0.76706,0.41628,-0.23803,-0.15066,0.45196,0.33075,0.55132,0.39422,0.69741,0.36481,0.80803,0.15283,0.76333,0.60997,-0.0046691,0.016635,-0.030348,-0.044755,0.6537,-0.4033,-0.49855,0.32634,0.95095,0.22795,0.40104,0.62837,0.53774,0.19314,0.024307,0.46722,0.014304,0.4507,0.44885,0.33727,0.29945,0.025598,-0.051418,0.60167,0.42483,0.10307,0.32823,-0.10392,-0.08063,-0.1608,-0.14891,0.31681,-0.28178,-0.30716,-0.10901,0.024433,-0.012008,-0.57556,-0.33864,0.22916,-0.11093,-0.03481,0.11602,-0.068794,-0.0062335,-0.2161,-0.18895,0.5163,-0.22436,1.2317,0.080801,0.38878,-0.27657,-0.05067,-0.38328,0.56914,0.25308,0.20523,-0.1605,0.091236,0.0862
0.28831,0,0.49963,0.33649,0.048723,0.0036194,0.18382,0.35904,-0.3239,-0.17296,0.037122,-0.074671,0.17217,0.08972,0.17755,0.13951,0.093391,0.12213,-0.037116,0.25171,-0.41895,-0.18733,-0.050464,0.19612,-0.2996,-0.11952,-0.20044,-0.31405,0.16134,-0.038047,0.059777,-0.1679,0.0092067,0.028662,0.50915,0.38029,0.29738,0.013816,0.21026,0.050329,-0.068307,0.12661,0.35037,0.12316,0.3848,0.22108,0.34034,0.26975,-0.083531,-0.087899,-0.07383,0.3941,0.20923,0.07583,0.13914,-0.15142,-0.12451,0.16036,-0.17899,0.30261,0.13738,0.11226,-0.28689,-0.09102,-0.26415,0.36975,0.32275,0.1536,-0.086724,-0.28545,-0.52488,0.07312,-0.10509,0.34155,0.20357,0.146,0.17092,0.21088,0.18238,0.22464,0.09516,0.1075,-0.17128,0.10437,0.07477,0.055127,-0.099765,0.12635,0.084619,0.46002,0.3898,0.11158,-0.20649,0.29782,0.33375,0.31555,0.056062,0.23702,0.27171,0.50036,0.16023,-0.10539,0.111,0.052504,0.37482
-0.039001,0.49963,0,0.92476,-0.020962,0.14339,-0.054134,0.26702,-0.11534,0.20646,-0.010135,-0.075321,0.55588,0.4548,0.26257,0.054377,0.27942,0.48931,0.5202,0.18018,-0.21481,-0.065349,-0.012583,0.13195,-0.18847,0.12332,-0.28919,-0.26919,0.044872,0.13701,0.047697,0.055151,0.51327,0.50574,0.011227,0.42293,0.16867,0.14629,0.094697,0.0084733,-0.23729,0.11004,-0.16177,-0.065932,0.023144,0.048678,0.062182,-0.048198,-0.15891,0.53407,0.26945,-0.01097,0.19344,0.31441,0.30283,-0.25057,-0.35995,-0.19923,-0.40355,0.33389,0.27075,0.17866,-0.039165,-0.39337,-0.23227,0.019714,-0.071029,0.11475,-0.30021,-0.10373,-0.18287,-0.24718,-0.31409,-0.082052,-0.10985,0.50355,0.504,0.65962,0.61878,0.23435,0.31589,0.48367,0.41284,0.58916,0.4856,0.28444,0.16017,-0.11243,-0.19849,0.32903,0.16338,0.088535,0.27721,0.07356,0.26337,0.21002,0.21497,0.35496,0.41743,0.27885,-0.014291,-0.19389,0.0076257,0.26221,0.50663
-0.22245,0.33649,0.92476,0,-0.031226,0.20161,-0.26884,0.1157,-0.16499,0.10403,-0.235,0.24554,0.25612,0.25149,-0.022329,0.0017404,0.15846,0.2577,0.41677,0.00097957,-0.25954,-0.1942,-0.10736,0.01798,-0.30839,-0.13855,-0.023376,0.04027,0.074408,-0.020957,-0.18949,-0.17805,0.39884,0.42384,0.056265,0.23337,0.021157,-0.049566,-0.14848,0.055753,-0.42226,0.097131,-0.45739,-0.55711,-0.01592,-0.022445,-0.13276,-0.16309,-0.2097,0.64956,0.7013,0.1286,0.10039,0.32608,0.057838,-0.65152,-0.83583,-0.54762,-0.79759,0.26017,0.3479,0.26434,-0.2019,-0.62808,-0.45896,-0.22775,-0.16661,-0.076145,-0.35297,-0.10338,-0.35104,-0.24966,-0.44557,-0.13385,-0.25002,0.26536,0.59116,0.37985,0.55486,-0.06786,-0.089943,0.49268,0.88435,0.29189,0.43674,-0.13048,-0.18067,-0.29694,-0.28843,0.24718,-0.028728,0.00011295,0.61841,0.019601,0.52077,0.20832,0.78526,0.31232,0.73461,0.056544,-0.10167,-0.45093,0.011503,0.55946,0.62061
0.64017,0.048723,-0.020962,-0.031226,0,0.69196,0.79622,0.46419,0.51134,0.1074,0.63428,0.3553,-0.1322,-0.022224,0.24499,0.10073,0.10977,0.24142,0.10944,0.91552,0.42499,0.65794,1.1674,0.75743,0.3404,0.38933,0.81249,0.90013,0.36258,0.1202,0.1735,-0.081282,0.08607,-0.20605,0.064147,-0.28229,0.046534,-0.18065,0.27708,0.59256,0.84728,0.68956,0.58464,0.18385,0.071241,-0.24756,0.039977,-0.014132,0.74964,0.043152,0.043068,0.27395,0.9015,0.83416,0.31107,0.033171,0.11243,0.075149,-0.21702,0.53339,0.52567,0.36387,0.26396,0.25286,0.32467,0.18565,0.12055,0.18257,0.15848,0.18968,0.34835,-0.19012,-0.45982,-0.25338,-0.46106,0.5141,0.18889,-0.2971,-0.24447,-0.17413,-0.22991,-0.3176,-0.0095377,0.13492,0.062022,-0.1312,-0.056942,0.14354,0.085896,-0.076052,-0.3911,0.69681,0.089094,0.56179,0.34803,0.2987,0.040669,0.13688,-0.21238,0.40963,0.15219,-0.061525,-0.23434,0.26951,0.14412
0.09626,0.0036194,0.14339,0.20161,0.69196,0,0.23765,0.89199,0.83055,0.63904,0.827,1.0399,-0.18875,-0.17251,0.13569,0.091282,-0.066898,-0.036033,0.13683,0.68362,0.70798,0.65563,0.90423,1.0647,0.20869,0.45416,0.7609,0.61798,0.19523,0.15672,0.042239,-0.092529,0.098005,-0.26135,-0.24114,-0.31493,-0.1404,-0.16894,-0.029115,0.89716,0.51136,1.4264,-0.084024,0.015085,-0.29469,-0.50473,-0.24292,-0.28042,0.34017,0.15908,0.31887,0.20708,0.36268,1.1363,-0.050265,-0.09006,-0.069729,-0.29422,-0.23277,0.67912,1.065,0.23282,0.19088,-0.17659,0.34353,-0.17123,-0.21487,-0.095733,0.11218,0.050466,0.22068,-0.44458,-0.71264,-0.55309,-0.74884,0.52389,0.84606,-0.34762,-0.28235,-0.60128,-0.44882,-0.25483,0.18543,-0.041674,-0.29443,-0.42937,-0.29469,-0.20809,-0.13801,-0.19741,-0.5863,0.051362,0.43248,0.16242,0.5803,0.31492,0.44956,-0.13028,-0.017533,0.33387,0.1191,0.02354,0.014537,0.37648,0.36264
1.2566,0.18382,-0.054134,-0.26884,0.79622,0.23765,0,0.57726,0.12146,-0.18234,0.59752,-0.071272,-0.20961,-0.20977,0.14942,-0.18695,-0.11,0.083242,-0.14756,0.60883,0.056892,0.11045,0.77847,0.5669,0.39989,0.42429,0.29032,0.1422,0.68171,0.74311,0.63617,0.26453,-0.12863,-0.039369,0.56438,0.3894,0.55714,0.53147,0.97699,0.57753,1.2278,0.32039,0.77487,0.6952,-0.20906,-0.28903,0.063763,-0.021639,0.54032,-0.33687,-0.58599,0.05186,1.1259,0.36712,0.41206,0.57633,0.66058,0.18354,0.0096106,0.23442,-0.063943,0.24426,0.31751,0.26528,0.35957,-0.0075491,-0.037605,0.26033,0.12474,-0.15407,0.2088,-0.36973,-0.31589,-0.2908,-0.38862,0.46337,-0.20944,-0.28222,-0.032643,0.080583,-0.043056,-0.7136,-0.39337,0.21787,-0.13461,-0.0037706,0.13233,0.020991,0.09535,-0.386,-0.48047,0.83227,-0.1533,1.215,0.13441,0.37162,-0.28511,0.07545,-0.23892,0.41693,-0.11196,0.068573,-0.50621,0.091922,0.11413
0.30622,0.35904,0.26702,0.1157,0.46419,0.89199,0.57726,0,0.34731,0.37879,0.97061,0.52983,0.080328,-0.057026,0.29141,0.074371,0.074314,0.043807,-0.00892,0.63968,0.20366,0.16669,0.65587,0.97007,0.22616,0.51694,0.40415,0.10111,0.48886,0.58807,0.21608,-0.01049,0.19746,-0.12473,0.16724,0.15736,0.35707,0.31732,0.55474,1.111,0.66808,1.1608,0.023644,0.19735,-0.37873,-0.41044,-0.25314,-0.42268,0.044342,0.087559,0.010283,-0.074265,0.507,0.64398,0.24878,0.069562,0.1531,-0.22795,-0.26521,0.54022,0.53504,0.071801,0.10369,-0.19189,0.20165,-0.27959,-0.36563,0.075575,0.080209,-0.21582,0.032825,-0.62102,-0.67832,-0.56776,-0.72988,0.9349,0.6613,-0.10527,-0.04999,-0.10874,-0.1944,-0.49559,-0.22637,-0.041897,-0.38702,-0.18081,-0.21668,-0.2655,-0.17066,-0.39137,-0.53585,0.32358,0.13831,0.53208,0.72382,0.31807,0.12315,-0.088671,0.021732,0.28217,-0.12454,0.042932,-0.21582,0.12688,0.44262
0.14254,-0.3239,-0.11534,-0.16499,0.51134,0.83055,0.12146,0.34731,0,0.89101,0.94371,0.45243,-0.18536,-0.13243,0.27284,0.22206,-0.13755,-0.22321,-0.1368,0.21519,1.1708,0.97566,0.56081,0.65438,0.41954,0.37341,0.85205,0.77013,0.061128,0.10394,0.14675,0.13086,0.017924,-0.36897,-0.56598,-0.46277,-0.31346,-0.23108,-0.17552,0.33103,0.60083,0.73209,-0.053351,0.15706,-0.36458,-0.39695,-0.2684,-0.22204,0.30348,0.16083,0.25455,0.20535,0.060111,0.37902,-0.10222,0.15135,0.17161,-0.084405,0.10752,0.54062,0.7355,0.18992,0.32229,0.24377,0.75428,-0.075375,-0.17376,0.2948,0.36605,0.47037,0.69729,-0.10197,-0.25176,-0.43016,-0.51478,0.24376,0.23509,-0.41357,-0.50659,-0.59282,-0.41447,-0.37258,-0.026663,-0.11559,-0.46343,-0.41732,-0.40937,0.015435,0.095076,-0.24151,-0.5151,0.10504,0.40492,0.0046058,0.24359,-0.026924,0.0092727,-0.28774,-0.41713,0.2585,0.33856,0.5255,0.15273,-0.025215,-0.078114
-0.13635,-0.17296,0.20646,0.10403,0.1074,0.63904,-0.18234,0.37879,0.89101,0,0.50255,0.55058,0.014793,-0.0553,0.21526,0.35813,-0.10226,-0.093357,0.055939,0.14991,0.45878,0.48089,0.13618,0.27946,0.24007,0.41784,0.27827,0.28644,-0.18704,-0.040847,0.20843,0.31651,0.10819,-0.099761,-0.61023,-0.30443,-0.21481,-0.061986,-0.15136,0.33553,0.099135,0.52436,-0.38009,-0.039454,-0.24,-0.17128,-0.33299,-0.37139,-0.054593,0.3255,0.34228,0.082098,-0.19828,0.20977,-0.060321,-0.15716,-0.17042,-0.39627,-0.21506,0.56762,0.8074,0.23037,0.23441,-0.069103,0.47196,-0.21722,-0.31296,0.37954,0.46428,0.388,0.46349,-0.11097,-0.11067,-0.3921,-0.28217,0.30783,0.60468,-0.07044,-0.14255,-0.38034,-0.086926,-0.091727,0.078932,0.031629,-0.16342,-0.18827,-0.19198,-0.16199,-0.15858,0.0023671,-0.18484,-0.11794,0.37856,-0.21119,0.25607,-0.014446,0.20353,-0.40948,-0.29239,0.16688,0.4017,0.33218,0.38087,-0.069746,0.0034757
0.44442,0.037122,-0.010135,-0.235,0.63428,0.827,0.59752,0.97061,0.94371,0.50255,0,0.43941,-0.04479,-0.11508,0.55632,0.18153,-0.055925,-0.17717,-0.23646,0.49544,0.66568,0.60815,0.72084,1.0062,0.30271,0.42731,0.70146,0.38916,0.31444,0.41288,0.3106,0.16454,0.094273,-0.34323,0.004079,-0.072516,0.23046,0.097184,0.33298,0.70625,0.97638,1.0697,0.24148,0.41928,-0.32767,-0.34886,-0.20024,-0.28504,0.1597,-0.04376,-0.036093,0.048157,0.38903,0.45198,0.14314,0.25963,0.3893,0.0042706,0.056274,0.63999,0.62592,0.064241,0.14811,0.23171,0.55819,-0.072845,-0.19131,0.30717,0.24057,0.096717,0.39282,-0.22894,-0.32469,-0.39798,-0.57824,0.59422,0.26761,-0.35709,-0.4418,-0.239,-0.35598,-0.64163,-0.33215,-0.18941,-0.63562,-0.31137,-0.33964,-0.052677,0.087415,-0.40155,-0.5556,0.30461,0.056036,0.40985,0.39596,0.021749,-0.24167,-0.28027,-0.38986,0.28102,0.11034,0.49582,-0.048818,-0.13139,0.034085
-0.10506,-0.074671,-0.075321,0.24554,0.3553,1.0399,-0.071272,0.52983,0.45243,0.55058,0.43941,0,-0.26268,-0.29956,0.1167,0.2592,-0.079686,-0.1998,-0.05509,0.37344,0.32523,0.3751,0.32767,0.45113,-0.073105,0.09694,0.66973,0.58537,0.068773,-0.13846,-0.090533,-0.10232,-0.042544,-0.40475,-0.14701,-0.47211,-0.040877,-0.26355,-0.19089,0.79483,0.090623,0.83112,-0.28274,-0.33287,-0.0052416,-0.12388,-0.50659,-0.51516,0.037763,0.11179,0.47875,0.23944,0.13986,0.64069,-0.088176,-0.41013,-0.44901,-0.62084,-0.52148,0.62438,1.0788,0.19948,-0.06059,-0.26191,0.028202,-0.35854,-0.3084,-0.098095,0.25658,0.069478,0.096136,-0.11507,-0.3066,-0.29292,-0.37624,0.30265,0.92326,-0.39035,-0.39861,-0.66434,-0.62394,-0.13636,0.25282,-0.42532,-0.29238,-0.56254,-0.3716,-0.49691,-0.39504,-0.099107,-0.295,-0.25514,0.21218,-0.0095815,0.54006,0.10122,0.52391,-0.33586,0.0048599,0.022076,0.19317,-0.10006,0.25624,0.22271,0.18794
-0.34105,0.17217,0.55588,0.25612,-0.1322,-0.18875,-0.20961,0.080328,-0.18536,0.014793,-0.04479,-0.26268,0,1.6531,0.37782,0.23219,1.1954,0.8871,0.47366,-0.023185,-0.19147,0.0016788,-0.1676,-0.09868,0.12329,0.20365,-0.16281,-0.21349,-0.082091,-0.046767,-0.12147,-0.077873,1.0414,0.61933,-0.035444,0.093461,0.21829,0.11267,0.24651,-0.036205,-0.21445,0.051604,-0.18261,-0.20599,0.22505,0.35349,0.039606,-0.095449,-0.2939,0.8515,0.35945,-0.54306,-0.094098,-0.036216,0.39551,-0.25241,-0.30453,-0.12579,-0.16674,-0.21714,-0.04096,-0.26733,-0.17711,0.12586,-0.097668,0.09382,0.064372,0.10585,-0.32224,0.1961,0.064609,0.17429,0.14338,0.19462,0.18759,0.39424,0.27582,1.2072,0.55429,0.81881,0.54241,0.3932,0.060364,0.10886,0.36293,0.71077,0.24321,0.10441,-0.0287,0.10823,0.22652,0.21433,-0.042253,-0.17805,0.25015,-0.12762,-0.10274,0.28345,0.046554,-0.16611,-0.20147,-0.091082,-0.052167,-0.11904,0.17776
-0.3042,0.08972,0.4548,0.25149,-0.022224,-0.17251,-0.20977,-0.057026,-0.13243,-0.0553,-0.11508,-0.29956,1.6531,0,0.18117,0.089005,1.0422,0.98131,0.67514,-0.016108,-0.082464,0.081935,-0.036134,-0.079556,0.2911,0.26443,-0.048774,-0.037371,-0.084354,-0.12437,-0.13332,-0.085996,1.1315,0.73093,-0.11337,-0.03398,0.055373,-0.014224,0.18986,-0.095481,-0.16826,0.048709,-0.14098,-0.23602,0.26623,0.41085,0.13592,0.016249,-0.041352,0.86876,0.45151,-0.4529,-0.093783,0.023887,0.22704,-0.21362,-0.32267,-0.047594,-0.11447,-0.28049,-0.063264,-0.15518,-0.080744,0.14718,-0.090036,0.17964,0.14616,0.010463,-0.42899,0.36794,0.15326,0.20798,0.10759,0.21969,0.20296,0.28002,0.20857,1.1539,0.59172,0.85342,0.56392,0.41409,0.13835,0.22832,0.43283,0.67312,0.24015,0.19594,0.010538,0.10217,0.18731,0.1888,0.040678,-0.14567,0.25248,0.047702,0.039513,0.42742,0.0048993,-0.048051,-0.11457,-0.12143,-0.088283,0.07861,0.27124
0.24058,0.17755,0.26257,-0.022329,0.24499,0.13569,0.14942,0.29141,0.27284,0.21526,0.55632,0.1167,0.37782,0.18117,0,1.0154,0.41669,0.20954,-0.046279,0.23553,0.24415,0.5145,0.10313,0.20098,-0.12332,0.14895,0.21872,0.13665,-0.0056764,-0.065757,0.091999,0.12205,0.28677,-0.17182,-0.0060099,-0.038956,0.34454,-0.050934,0.1754,0.23548,0.15834,0.34189,0.27852,0.17394,0.23249,0.17222,-0.084984,-0.15394,-0.12288,0.13547,0.084362,0.14932,0.19949,0.092139,0.48136,-0.063426,0.099254,0.12264,0.047028,0.60784,0.47937,-0.0014098,0.083987,0.47079,0.21504,0.18162,0.088726,0.57088,0.35322,0.15748,0.22828,0.24139,0.16429,-0.010101,-0.037098,0.4802,0.11088,0.10188,-0.24877,0.11477,0.072672,0.080428,-0.037292,-0.099156,-0.012619,0.21655,0.023947,0.08982,0.12267,0.1157,0.15277,0.24615,-0.24714,0.032811,0.13125,-0.48609,-0.47923,-0.47387,-0.38419,0.035925,0.27012,0.54287,0.39839,-0.40976,-0.23927
0.034085,0.13951,0.054377,0.0017404,0.10073,0.091282,-0.18695,0.074371,0.22206,0.35813,0.18153,0.2592,0.23219,0.089005,1.0154,0,0.38398,0.21444,0.028748,0.16105,0.18934,0.52727,-0.042563,0.0089908,-0.060051,0.1745,0.25124,0.29713,-0.12682,-0.42765,0.03262,0.034221,0.16815,-0.22999,-0.23802,-0.36991,0.094707,-0.25859,-0.070165,0.19954,-0.12524,0.24104,0.089312,-0.11972,0.43679,0.32016,-0.13661,-0.15933,-0.039965,0.15219,0.2349,0.32049,-0.049536,0.04138,0.37594,-0.20447,-0.13111,0.0077527,-0.031444,0.51943,0.53351,0.027571,0.14524,0.41051,0.15937,0.14641,0.10148,0.55241,0.771,0.34643,0.21315,0.37863,0.2914,0.0068392,0.14875,0.18342,0.2169,0.046937,-0.26435,-0.017672,0.13709,0.25406,0.068719,-0.12197,0.13895,0.23508,0.097036,0.082025,0.016944,0.27958,0.36809,0.031998,-0.21751,-0.20832,0.19335,-0.42301,-0.12603,-0.6888,-0.49751,-0.0040477,0.51847,0.35944,0.67862,-0.31781,-0.20956
-0.2654,0.093391,0.27942,0.15846,0.10977,-0.066898,-0.11,0.074314,-0.13755,-0.10226,-0.055925,-0.079686,1.1954,1.0422,0.41669,0.38398,0,1.1583,0.41273,0.20873,-0.062614,0.20608,0.0204,0.01267,0.12693,0.23408,0.06509,0.042588,0.05273,-0.12784,-0.24576,-0.32991,0.67598,0.30448,-0.087181,-0.19176,0.10156,-0.058215,0.14891,0.12448,-0.094897,0.11916,-0.072314,-0.33241,0.36619,0.25825,-0.027752,-0.11384,-0.06068,0.83256,0.42901,-0.25748,0.10796,0.14285,0.49591,-0.27942,-0.35728,-0.12312,-0.19128,-0.18154,0.027974,-0.16471,-0.092874,0.27881,-0.014638,0.11411,0.14842,0.008287,-0.15226,0.19728,0.13002,0.21655,0.053118,0.1648,0.11499,0.41596,0.23721,0.83665,0.34201,0.49031,0.38201,0.41857,0.15227,-0.024353,0.35836,0.73446,0.29652,0.12027,-0.040032,0.1646,0.2144,0.35516,-0.15135,-0.15987,0.2178,-0.10712,-0.060028,0.27078,-0.00076644,-0.11657,-0.12932,-0.19815,-0.080212,-0.1825,0.010239
-0.038333,0.12213,0.48931,0.2577,0.24142,-0.036033,0.083242,0.043807,-0.22321,-0.093357,-0.17717,-0.1998,0.8871,0.98131,0.20954,0.21444,1.1583,0,0.93836,0.42935,-0.099524,0.19534,0.23338,0.030328,0.3302,0.56851,-0.060152,0.024723,0.070842,-0.059988,0.048841,-0.063383,0.68652,0.65928,-0.058519,-0.041796,0.10889,0.089304,0.33593,0.17947,-0.031873,0.064359,0.082354,-0.14772,0.35009,0.25098,0.18002,0.0496,0.30057,0.67059,0.2527,-0.16091,0.29008,0.31543,0.48635,-0.11884,-0.24966,-0.032586,-0.19637,-0.1385,-0.039127,0.10015,0.2104,0.19202,0.044532,0.1901,0.20371,0.013063,-0.15335,0.22929,0.18232,0.034112,-0.047813,0.040047,0.10275,0.43107,0.20744,0.92652,0.67838,0.63791,0.77232,0.4974,0.30053,0.53037,0.78128,1.0818,0.70628,0.18967,-0.050956,0.22854,0.20676,0.42922,-0.075471,0.024404,0.14352,0.23786,0.12829,0.34607,-0.072666,0.16916,-0.020129,-0.28694,-0.14422,0.13722,0.2139
-0.2412,-0.037116,0.5202,0.41677,0.10944,0.13683,-0.14756,-0.00892,-0.1368,0.055939,-0.23646,-0.05509,0.47366,0.67514,-0.046279,0.028748,0.41273,0.93836,0,0.35841,0.10993,0.14751,0.30016,0.044017,0.26972,0.60574,-0.10301,0.053063,-0.18424,-0.18881,-0.074062,-0.047795,0.77055,0.76766,-0.27952,-0.13337,-0.19384,-0.10459,0.082787,0.10196,-0.18873,0.13898,-0.12451,-0.23121,0.11214,0.086755,0.31624,0.16542,0.31192,0.4934,0.38464,-0.13209,-0.0078904,0.37014,-0.013019,-0.20264,-0.2397,0.070748,-0.063319,-0.079436,0.086472,0.1335,0.29939,-0.17193,-0.080047,0.18023,0.13903,-0.28273,-0.31205,0.18397,0.018508,-0.20615,-0.25084,-0.17472,-0.071746,0.22413,0.3413,0.6489,0.67588,0.46822,0.73682,0.63496,0.60019,0.86404,0.74033,0.63958,0.53001,0.23295,0.006761,0.18264,0.097479,0.041195,0.20707,-0.13665,0.12113,0.31984,0.49832,0.19996,0.0006319,0.14811,0.021558,-0.22021,-0.047076,0.47644,0.40624
0.36712,0.25171,0.18018,0.00097957,0.91552,0.68362,0.60883,0.63968,0.21519,0.14991,0.49544,0.37344,-0.023185,-0.016108,0.23553,0.16105,0.20873,0.42935,0.35841,0,0.27751,0.4858,0.92699,0.84788,0.13989,0.57031,0.29128,0.32443,0.23445,0.040867,0.22564,-0.17304,0.098801,-0.054004,0.14726,-0.20056,0.15095,-0.077832,0.27951,0.71594,0.4612,0.64061,0.52593,0.1667,0.1667,-0.25706,0.26794,0.11913,0.50066,-0.023471,-0.050425,0.25228,0.67344,0.88536,0.33547,0.030951,0.075288,0.15017,-0.15643,0.38637,0.43489,0.14102,0.083946,0.060125,0.21659,0.25966,0.21224,-0.072009,0.12877,-0.12574,-0.0058171,-0.28622,-0.48917,-0.20421,-0.30498,0.42866,0.34877,-0.074506,0.0016115,-0.026201,0.098779,0.040149,0.087402,0.30604,0.17169,0.21648,0.32129,0.21753,0.11032,0.15983,-0.091575,0.44946,-0.16466,0.37141,0.22721,0.31719,0.055768,0.082521,-0.21969,0.39789,0.074914,-0.19396,-0.25629,0.0712,0.15301
-0.015258,-0.41895,-0.21481,-0.25954,0.42499,0.70798,0.056892,0.20366,1.1708,0.45878,0.66568,0.32523,-0.19147,-0.082464,0.24415,0.18934,-0.062614,-0.099524,0.10993,0.27751,0,1.2038,0.72072,0.67993,0.37096,0.41811,0.63506,0.63219,-0.11379,-0.021561,-0.0080717,-0.0065085,0.016159,-0.30898,-0.62774,-0.55836,-0.5044,-0.35833,-0.24419,0.25691,0.53168,0.68733,0.052254,0.25642,-0.33864,-0.45589,0.023414,0.042858,0.41713,0.0029698,0.15292,0.23686,-0.021813,0.40599,-0.26189,0.20271,0.34342,0.22164,0.411,0.29936,0.52633,-0.019747,0.35695,0.25012,0.60269,0.10046,0.042959,-0.12511,0.10528,0.22797,0.43715,-0.15515,-0.29653,-0.43081,-0.497,0.05187,0.086952,-0.44785,-0.55889,-0.4887,-0.2895,-0.16273,0.065226,0.021631,-0.30275,-0.24,-0.21772,0.27308,0.29257,-0.2337,-0.47701,0.035982,0.37123,-0.14975,0.1237,-0.13185,0.014183,-0.35912,-0.38552,0.20521,0.22327,0.57228,0.15853,0.074192,-0.072017
0.1327,-0.18733,-0.065349,-0.1942,0.65794,0.65563,0.11045,0.16669,0.97566,0.48089,0.60815,0.3751,0.0016788,0.081935,0.5145,0.52727,0.20608,0.19534,0.14751,0.4858,1.2038,0,0.68676,0.61549,0.34344,0.44997,0.66789,0.78816,-0.097892,-0.22478,0.14684,0.082088,0.053555,-0.2723,-0.48098,-0.62493,-0.27778,-0.39636,-0.16183,0.33916,0.4432,0.67433,0.27756,0.2594,0.11551,-0.089326,0.03893,0.048713,0.56999,0.095306,0.1687,0.40653,0.18614,0.54656,0.076597,0.096004,0.12284,0.12344,0.16962,0.48392,0.72655,0.1001,0.31562,0.50093,0.61875,0.26484,0.22224,0.14393,0.31135,0.41706,0.58387,0.15212,-0.05888,-0.14914,-0.16848,0.15094,0.18898,-0.27276,-0.5166,-0.35526,-0.15824,-0.0077928,0.077439,0.034456,-0.016976,-0.014831,0.0096638,0.26512,0.18621,0.060335,-0.15623,0.14119,0.13979,-0.10347,0.18435,-0.10437,-0.052025,-0.32184,-0.54979,0.35298,0.47071,0.43721,0.3387,0.031426,-0.079295
0.51377,-0.050464,-0.012583,-0.10736,1.1674,0.90423,0.77847,0.65587,0.56081,0.13618,0.72084,0.32767,-0.1676,-0.036134,0.10313,-0.042563,0.0204,0.23338,0.30016,0.92699,0.72072,0.68676,0,1.1701,0.60307,0.77382,0.73429,0.64941,0.44763,0.36836,0.26993,0.0046184,0.1081,-0.11768,-0.086989,-0.21519,-0.01798,0.0024685,0.36382,0.78005,1.0654,0.94356,0.38071,0.34848,-0.25025,-0.43047,0.027799,-0.06758,0.94294,-0.042231,-0.062638,0.15207,0.77418,1.0839,0.15617,0.34547,0.37028,0.13148,0.026285,0.39993,0.41598,0.20947,0.49043,0.077974,0.38269,0.01449,-0.066021,-0.10435,0.05165,0.05455,0.3402,-0.5319,-0.71448,-0.61185,-0.70512,0.51595,0.24941,-0.3312,-0.1941,-0.19125,-0.12701,-0.38088,-0.037821,0.30912,-0.064547,-0.065697,0.060899,0.077694,0.018352,-0.37561,-0.62788,0.4603,0.21377,0.5635,0.40848,0.4652,0.16325,0.035257,-0.24216,0.51011,0.057951,0.030827,-0.31642,0.45086,0.37506
0.34978,0.19612,0.13195,0.01798,0.75743,1.0647,0.5669,0.97007,0.65438,0.27946,1.0062,0.45113,-0.09868,-0.079556,0.20098,0.0089908,0.01267,0.030328,0.044017,0.84788,0.67993,0.61549,1.1701,0,0.29653,0.45464,0.63992,0.45575,0.50511,0.41533,0.23909,-0.14846,0.0306,-0.27059,-0.0073761,-0.12135,0.074601,0.0019797,0.19985,0.74537,0.81751,1.173,0.22361,0.31581,-0.31959,-0.52743,-0.040935,-0.13856,0.4175,-0.0014119,0.0041551,0.20365,0.61253,1.0008,0.19119,0.27137,0.25207,0.012829,-0.086157,0.50777,0.58609,-0.051606,0.062097,-0.10306,0.23844,-0.075439,-0.15196,-0.13462,-0.0041226,-0.17922,0.072591,-0.56213,-0.85593,-0.53525,-0.75673,0.46285,0.42037,-0.36036,-0.27864,-0.36419,-0.37602,-0.32545,-0.092401,0.095591,-0.2711,-0.24055,-0.16908,-0.0071751,0.00077445,-0.3014,-0.57437,0.35115,0.26983,0.5126,0.63466,0.27853,0.076427,0.056601,-0.057316,0.42711,-0.039462,0.031088,-0.31511,0.23531,0.44981
0.34223,-0.2996,-0.18847,-0.30839,0.3404,0.20869,0.39989,0.22616,0.41954,0.24007,0.30271,-0.073105,0.12329,0.2911,-0.12332,-0.060051,0.12693,0.3302,0.26972,0.13989,0.37096,0.34344,0.60307,0.29653,0,1.0823,0.48089,0.38501,0.38308,0.42433,0.55203,0.43475,0.25827,0.27553,-0.23065,-0.084997,0.04804,0.39666,0.58421,0.45244,0.71957,0.3509,0.0054048,0.26987,-0.31791,-0.028445,-0.19974,-0.26015,0.7489,0.18217,-0.047324,-0.2389,0.24113,0.23288,0.12694,0.58863,0.36834,-0.082102,0.12263,-0.067569,-0.054377,0.17898,0.7756,0.31199,0.60196,-0.24485,-0.28331,0.22419,0.23002,0.58277,0.9092,-0.2043,-0.090456,-0.45656,-0.24839,0.30201,0.0019972,0.055299,0.14652,0.19199,0.26195,-0.49015,-0.2442,0.29254,-0.072429,0.21302,0.21496,-0.042503,-0.10834,-0.6402,-0.50477,0.33191,0.19865,0.38389,0.29178,0.47284,0.11282,-0.043539,-0.57277,0.30349,0.090964,0.20901,-0.21582,0.28895,0.28138
0.29092,-0.11952,0.12332,-0.13855,0.38933,0.45416,0.42429,0.51694,0.37341,0.41784,0.42731,0.09694,0.20365,0.26443,0.14895,0.1745,0.23408,0.56851,0.60574,0.57031,0.41811,0.44997,0.77382,0.45464,1.0823,0,0.31725,0.22637,0.24119,0.33101,0.53013,0.38797,0.39974,0.34402,-0.23654,-0.073976,0.10091,0.35645,0.62205,0.73395,0.58924,0.56846,0.064611,0.2577,-0.22853,-0.11653,-0.043069,-0.18691,0.63991,0.20858,-0.0048649,-0.1204,0.2969,0.46642,0.18851,0.39335,0.31225,-0.009208,0.11012,0.16007,0.17656,0.26568,0.84665,0.22435,0.64577,-0.10013,-0.16845,0.18302,0.28976,0.37336,0.62669,-0.33266,-0.23152,-0.5729,-0.32984,0.55652,0.25494,0.18787,0.26609,0.23244,0.51275,-0.19272,-0.027764,0.523,0.06017,0.44805,0.44672,0.034249,-0.051541,-0.33231,-0.32566,0.30922,0.074022,0.28137,0.25946,0.47105,0.1818,-0.20858,-0.61103,0.42883,0.17794,0.22383,-0.085914,0.20258,0.25567
0.32547,-0.20044,-0.28919,-0.023376,0.81249,0.7609,0.29032,0.40415,0.85205,0.27827,0.70146,0.66973,-0.16281,-0.048774,0.21872,0.25124,0.06509,-0.060152,-0.10301,0.29128,0.63506,0.66789,0.73429,0.63992,0.48089,0.31725,0,1.4436,0.49689,0.13793,0.060841,-0.069046,0.14774,-0.3534,-0.18211,-0.50735,-0.014026,-0.21038,0.066318,0.65503,0.64862,0.855,0.0079991,-0.14222,-0.12296,-0.13958,-0.49768,-0.46554,0.50214,0.19844,0.40789,0.18175,0.41598,0.61993,0.10122,0.063062,-0.029501,-0.26768,-0.17976,0.49056,0.65192,0.26736,0.2716,0.21599,0.33405,-0.25015,-0.27745,0.20849,0.34458,0.51227,0.58173,-0.071559,-0.32505,-0.40686,-0.52848,0.39507,0.32101,-0.39853,-0.42223,-0.41378,-0.54236,-0.45931,0.035249,-0.30885,-0.39043,-0.4479,-0.41855,-0.24307,-0.16525,-0.44653,-0.5756,0.21464,0.24812,0.35447,0.63683,0.19624,0.24979,-0.14725,-0.31993,0.18045,0.22031,0.12077,-0.03082,0.25469,0.18668
0.23332,-0.31405,-0.26919,0.04027,0.90013,0.61798,0.1422,0.10111,0.77013,0.28644,0.38916,0.58537,-0.21349,-0.037371,0.13665,0.29713,0.042588,0.024723,0.053063,0.32443,0.63219,0.78816,0.64941,0.45575,0.38501,0.22637,1.4436,0,0.25515,-0.13347,0.018261,-0.11262,0.1082,-0.2945,-0.2989,-0.70959,-0.19052,-0.43174,-0.14605,0.40576,0.40018,0.56793,0.066004,-0.21504,0.039078,-0.10171,-0.3007,-0.25013,0.61587,0.21502,0.44571,0.28352,0.34532,0.61267,0.11149,-0.067406,-0.14811,-0.19042,-0.23399,0.44576,0.65496,0.26133,0.24533,0.19897,0.2489,-0.08958,-0.10455,0.16774,0.35196,0.56931,0.52855,0.0033869,-0.25843,-0.30706,-0.38521,0.17968,0.25826,-0.40023,-0.39457,-0.44671,-0.44245,-0.17251,0.23825,-0.11217,-0.03389,-0.3494,-0.24554,-0.064335,-0.084294,-0.18052,-0.38705,0.22169,0.31806,0.19127,0.44753,0.090054,0.28459,-0.095135,-0.30757,0.10714,0.27793,-0.0041396,0.01451,0.32432,0.12033
0.7017,0.16134,0.044872,0.074408,0.36258,0.19523,0.68171,0.48886,0.061128,-0.18704,0.31444,0.068773,-0.082091,-0.084354,-0.0056764,-0.12682,0.05273,0.070842,-0.18424,0.23445,-0.11379,-0.097892,0.44763,0.50511,0.38308,0.24119,0.49689,0.25515,0,0.93618,0.39137,-0.0032586,-0.0088886,-0.10603,0.31006,0.2535,0.58029,0.51436,0.55787,0.51931,0.56228,0.25662,0.033771,0.034387,-0.28017,-0.12484,-0.55811,-0.60085,0.36284,0.064604,-0.089596,-0.05397,0.96635,0.46136,0.6109,0.54155,0.15429,-0.3015,-0.31035,0.19777,-0.038781,0.1174,0.19329,-0.1351,-0.051553,-0.59464,-0.64745,0.17419,0.18424,-0.028453,0.18216,-0.45991,-0.47524,-0.47993,-0.46142,0.52249,0.10129,-0.097842,0.094628,-0.073351,-0.18969,-0.46226,-0.14746,0.010877,-0.21324,-0.065279,0.022898,-0.58559,-0.50821,-0.61057,-0.41926,0.40482,0.023709,1.2159,0.48992,0.49871,0.036294,0.27794,0.02704,0.21368,-0.17986,-0.29082,-0.63759,0.21965,0.46897
0.49216,-0.038047,0.13701,-0.020957,0.1202,0.15672,0.74311,0.58807,0.10394,-0.040847,0.41288,-0.13846,-0.046767,-0.12437,-0.065757,-0.42765,-0.12784,-0.059988,-0.18881,0.040867,-0.021561,-0.22478,0.36836,0.41533,0.42433,0.33101,0.13793,-0.13347,0.93618,0,0.47592,0.28052,-0.014677,0.088314,0.25057,0.6622,0.4897,1.0282,0.7396,0.41218,0.72036,0.20025,-0.072027,0.38537,-0.92012,-0.47481,-0.4246,-0.49871,0.10836,-0.0081478,-0.35247,-0.36203,0.60984,0.22564,0.35041,0.68848,0.50552,-0.22939,-0.075469,0.027012,-0.22698,0.014875,0.29499,-0.19593,0.15987,-0.68858,-0.74131,0.094907,-0.061218,-0.26267,0.18013,-0.82738,-0.50743,-0.72217,-0.69049,0.54559,-0.028424,-0.093749,0.17681,-0.028945,-0.11707,-0.71002,-0.28045,0.15501,-0.31862,-0.094714,-0.0098519,-0.46584,-0.2963,-0.94785,-0.79764,0.43647,0.2414,0.85125,0.25464,0.32024,-0.10843,0.1496,0.1193,0.12327,-0.45363,-0.016356,-0.69902,0.16221,0.3482
0.76706,0.059777,0.047697,-0.18949,0.1735,0.042239,0.63617,0.21608,0.14675,0.20843,0.3106,-0.090533,-0.12147,-0.13332,0.091999,0.03262,-0.24576,0.048841,-0.074062,0.22564,-0.0080717,0.14684,0.26993,0.23909,0.55203,0.53013,0.060841,0.018261,0.39137,0.47592,0,1.0279,-0.17499,0.23228,0.33653,0.4588,0.68217,0.84441,0.7108,0.41646,0.47012,0.08187,0.33777,0.71557,-0.13375,0.08772,-0.077348,-0.13602,0.43806,-0.27049,-0.54279,0.057579,0.47362,0.14157,0.40167,0.75194,0.4373,-0.12717,-0.048731,0.17915,-0.07612,0.14598,0.32917,0.24164,0.42732,-0.23266,-0.19918,0.51176,0.42624,0.10659,0.4,-0.096815,0.14325,-0.20974,0.016818,0.099435,-0.13561,-0.15296,0.12237,0.071059,0.16372,-0.39049,-0.24228,0.37439,0.048056,0.1393,0.43198,-0.18029,-0.12486,-0.28876,-0.21586,0.26564,-0.055108,0.66181,0.12309,0.26335,-0.17835,-0.26467,-0.56275,0.3634,0.13743,0.20495,-0.082751,0.092507,0.19083
0.41628,-0.1679,0.055151,-0.17805,-0.081282,-0.092529,0.26453,-0.01049,0.13086,0.31651,0.16454,-0.10232,-0.077873,-0.085996,0.12205,0.034221,-0.32991,-0.063383,-0.047795,-0.17304,-0.0065085,0.082088,0.0046184,-0.14846,0.43475,0.38797,-0.069046,-0.11262,-0.0032586,0.28052,1.0279,0,-0.10768,0.26912,0.059095,0.38849,0.37453,0.65854,0.50269,0.16423,0.23369,-0.047435,0.10746,0.59812,-0.11671,0.30327,-0.17301,-0.21036,0.20393,-0.22821,-0.3989,-0.019635,0.089536,-0.13633,0.072455,0.44464,0.30694,-0.17434,0.037129,0.1946,-0.04259,0.34616,0.50516,0.23899,0.39527,-0.22584,-0.22647,0.5659,0.34635,0.30329,0.57705,0.099832,0.4185,-0.12996,0.15983,0.090276,-0.14613,-0.072797,0.048266,0.11583,0.20769,-0.37583,-0.23332,0.26972,0.015705,0.058154,0.25489,-0.25908,-0.21567,-0.25949,-0.11567,-0.070704,-0.014912,0.2373,-0.072031,0.14486,-0.11903,-0.46343,-0.52641,0.3103,0.34285,0.47446,0.31032,0.092429,0.017824
-0.23803,0.0092067,0.51327,0.39884,0.08607,0.098005,-0.12863,0.19746,0.017924,0.10819,0.094273,-0.042544,1.0414,1.1315,0.28677,0.16815,0.67598,0.68652,0.77055,0.098801,0.016159,0.053555,0.1081,0.0306,0.25827,0.39974,0.14774,0.1082,-0.0088886,-0.014677,-0.17499,-0.10768,0,0.73675,-0.085136,-0.001257,0.13894,0.0046945,0.25054,0.15088,-0.084124,0.28023,-0.24411,-0.36873,0.026411,0.14835,0.0010493,-0.14154,-0.090825,0.84818,0.59634,-0.5562,-0.04663,0.18476,0.19568,-0.27785,-0.26722,-0.11157,-0.13067,-0.065246,0.13752,-0.037786,0.04147,0.024183,-0.028545,0.026932,-0.045941,0.080411,-0.27484,0.39418,0.14203,-0.047227,-0.1093,-0.085271,-0.12719,0.49474,0.41235,0.86562,0.6164,0.69663,0.47131,0.30985,0.32596,0.21961,0.25528,0.41672,0.10371,0.065206,0.021918,-0.067631,-0.041584,0.17981,0.14676,-0.062247,0.37511,0.047819,0.20007,0.19677,-0.043521,-0.16581,-0.19197,-0.060872,-0.12901,0.17932,0.33704
-0.15066,0.028662,0.50574,0.42384,-0.20605,-0.26135,-0.039369,-0.12473,-0.36897,-0.099761,-0.34323,-0.40475,0.61933,0.73093,-0.17182,-0.22999,0.30448,0.65928,0.76766,-0.054004,-0.30898,-0.2723,-0.11768,-0.27059,0.27553,0.34402,-0.3534,-0.2945,-0.10603,0.088314,0.23228,0.26912,0.73675,0,0.23377,0.50845,0.24031,0.44215,0.38529,-0.03765,-0.20724,-0.21309,-0.13975,-0.066377,-0.035979,0.14941,0.27636,0.17515,-0.0028446,0.43957,0.13409,-0.437,-0.069251,-0.069024,0.054169,-0.056346,-0.14305,-0.12612,-0.093834,-0.46381,-0.37461,0.055294,0.045063,-0.0024973,0.020003,0.0049809,0.10575,-0.012226,-0.43136,0.13639,-0.015746,-0.046693,0.083917,0.07738,0.13422,0.037714,-0.0049573,0.8568,1.4156,0.77753,0.69919,0.35532,0.40031,0.62009,0.54801,0.52766,0.44151,0.11369,0.11024,0.036959,-0.011231,0.17434,0.18348,-0.0046318,0.054027,0.22515,0.26722,0.2669,0.042417,-0.04592,-0.30787,-0.16351,-0.21321,0.31483,0.33071
0.45196,0.50915,0.011227,0.056265,0.064147,-0.24114,0.56438,0.16724,-0.56598,-0.61023,0.004079,-0.14701,-0.035444,-0.11337,-0.0060099,-0.23802,-0.087181,-0.058519,-0.27952,0.14726,-0.62774,-0.48098,-0.086989,-0.0073761,-0.23065,-0.23654,-0.18211,-0.2989,0.31006,0.25057,0.33653,0.059095,-0.085136,0.23377,0,0.80059,0.97514,0.49709,0.58003,0.17542,0.11525,-0.14957,0.50292,0.25277,0.14333,0.075307,0.22438,0.18329,-0.11256,-0.37442,-0.44222,-0.063504,0.42733,-0.072452,0.26412,0.10154,0.14124,0.021834,-0.15888,-0.16347,-0.36398,-0.093018,-0.44996,0.083147,-0.18089,0.038757,0.18699,0.060387,-0.18554,-0.45028,-0.45116,0.038404,0.098359,0.33432,0.15604,-0.063672,-0.25852,-0.024097,0.24968,0.31596,-0.066324,-0.19176,-0.15745,-0.095688,-0.014592,-0.047094,0.070473,-0.038536,0.1586,-0.02729,-0.029026,0.31515,-0.34973,0.58459,0.075732,0.075093,-0.20673,0.15082,0.12148,-0.074835,-0.42577,-0.22404,-0.36364,-0.0028533,0.1165
0.33075,0.38029,0.42293,0.23337,-0.28229,-0.31493,0.3894,0.15736,-0.46277,-0.30443,-0.072516,-0.47211,0.093461,-0.03398,-0.038956,-0.36991,-0.19176,-0.041796,-0.13337,-0.20056,-0.55836,-0.62493,-0.21519,-0.12135,-0.084997,-0.073976,-0.50735,-0.70959,0.2535,0.6622,0.4588,0.38849,-0.001257,0.50845,0.80059,0,0.7114,1.03,0.60455,-0.012132,0.070958,-0.27788,0.099955,0.44665,-0.33573,-0.10388,0.08234,0.053879,-0.2263,-0.1676,-0.49469,-0.24509,0.2498,-0.19603,0.20895,0.29895,0.30228,-0.064436,-0.035638,-0.16017,-0.49309,-0.031732,-0.072102,-0.12361,-0.065746,-0.19968,-0.12165,0.15819,-0.28032,-0.46071,-0.28201,-0.27493,-0.0035631,-0.0052496,-0.026578,0.076931,-0.24743,0.18316,0.52853,0.31077,0.14248,-0.18272,-0.098306,0.27504,0.04323,0.049257,0.12183,-0.17155,0.035127,-0.18858,-0.16931,0.23776,0.062255,0.45033,-0.0066251,0.099499,-0.164,0.12224,0.29857,0.012683,-0.47405,-0.0030042,-0.28644,0.12134,0.25942
0.55132,0.29738,0.16867,0.021157,0.046534,-0.1404,0.55714,0.35707,-0.31346,-0.21481,0.23046,-0.040877,0.21829,0.055373,0.34454,0.094707,0.10156,0.10889,-0.19384,0.15095,-0.5044,-0.27778,-0.01798,0.074601,0.04804,0.10091,-0.014026,-0.19052,0.58029,0.4897,0.68217,0.37453,0.13894,0.24031,0.97514,0.7114,0,0.87531,0.90423,0.4437,0.19027,0.023616,0.24728,0.25118,0.05384,0.24313,-0.23143,-0.33803,-0.083808,-0.11957,-0.35027,-0.29089,0.57595,0.067265,0.76765,0.31775,0.15461,-0.25446,-0.27915,0.071334,-0.16954,-0.12234,-0.14568,0.10365,-0.074395,-0.32495,-0.26939,0.395,0.16169,-0.14906,-0.011117,-0.029439,0.16272,0.011083,0.063082,0.32223,0.0066238,0.12428,0.25381,0.38548,0.1012,-0.24593,-0.20368,-0.053934,-0.01419,0.18527,0.30111,-0.41146,-0.24059,-0.3009,-0.065754,0.28591,-0.36388,0.73436,0.2445,0.023416,-0.32212,-0.081642,-0.1728,-0.11653,-0.2866,-0.098225,-0.27457,-0.077577,0.20414
0.39422,0.013816,0.14629,-0.049566,-0.18065,-0.16894,0.53147,0.31732,-0.23108,-0.061986,0.097184,-0.26355,0.11267,-0.014224,-0.050934,-0.25859,-0.058215,0.089304,-0.10459,-0.077832,-0.35833,-0.39636,0.0024685,0.0019797,0.39666,0.35645,-0.21038,-0.43174,0.51436,1.0282,0.84441,0.65854,0.0046945,0.44215,0.49709,1.03,0.87531,0,1.0101,0.36395,0.33098,-0.088376,-0.045052,0.44755,-0.48775,-0.084342,-0.28714,-0.36585,-0.0088737,-0.074943,-0.51312,-0.46232,0.37084,-0.061007,0.41791,0.60849,0.40151,-0.31667,-0.095387,-0.18357,-0.46163,-0.039203,0.22257,-0.023939,0.17763,-0.61446,-0.50932,0.23843,0.04881,-0.19903,0.15645,-0.3791,0.014854,-0.32224,-0.1483,0.28273,-0.12618,0.13635,0.44955,0.27823,0.21646,-0.44574,-0.25221,0.21137,-0.062833,0.19956,0.34578,-0.43928,-0.26392,-0.61762,-0.38888,0.29329,0.0080864,0.59683,0.0962,0.19856,-0.16546,-0.067511,-0.070956,-0.016767,-0.41687,0.016179,-0.38961,0.059001,0.23925
0.69741,0.21026,0.094697,-0.14848,0.27708,-0.029115,0.97699,0.55474,-0.17552,-0.15136,0.33298,-0.19089,0.24651,0.18986,0.1754,-0.070165,0.14891,0.33593,0.082787,0.27951,-0.24419,-0.16183,0.36382,0.19985,0.58421,0.62205,0.066318,-0.14605,0.55787,0.7396,0.7108,0.50269,0.25054,0.38529,0.58003,0.60455,0.90423,1.0101,0,0.60323,0.65217,0.22087,0.35028,0.47636,-0.16387,0.068511,-0.069177,-0.24333,0.23823,-0.079086,-0.43567,-0.34259,0.61879,0.11468,0.49566,0.45332,0.44966,-0.034001,-0.089832,0.019151,-0.23056,0.12244,0.33605,0.19984,0.20133,-0.20765,-0.21994,0.33998,0.078222,-0.025024,0.23065,-0.27924,-0.058935,-0.26124,-0.17014,0.59324,-0.059129,0.1691,0.34015,0.58885,0.33864,-0.55703,-0.43472,0.25503,0.0028145,0.31016,0.30567,-0.14236,-0.10958,-0.52466,-0.32426,0.60094,-0.19685,0.90148,0.29114,0.35946,-0.17651,-0.028947,-0.27992,0.20938,-0.19581,0.065871,-0.36947,0.11172,0.29561
0.36481,0.050329,0.0084733,0.055753,0.59256,0.89716,0.57753,1.111,0.33103,0.33553,0.70625,0.79483,-0.036205,-0.095481,0.23548,0.19954,0.12448,0.17947,0.10196,0.71594,0.25691,0.33916,0.78005,0.74537,0.45244,0.73395,0.65503,0.40576,0.51931,0.41218,0.41646,0.16423,0.15088,-0.03765,0.17542,-0.012132,0.4437,0.36395,0.60323,0,0.65766,1.0477,0.026917,0.10809,-0.2177,-0.22461,-0.40783,-0.54615,0.35257,0.07618,0.062243,-0.017508,0.64361,0.81061,0.31627,0.11327,0.063842,-0.44033,-0.35109,0.44856,0.51761,0.18469,0.28468,-0.0029686,0.3257,-0.44017,-0.38696,0.084708,0.29825,0.022209,0.29346,-0.41039,-0.41472,-0.57685,-0.57128,0.71937,0.60751,-0.18831,-0.048894,-0.16304,-0.17359,-0.44571,-0.011922,-0.057185,-0.2216,-0.10534,0.033668,-0.41318,-0.30115,-0.48428,-0.59903,0.2797,0.095621,0.54019,0.69658,0.34859,0.27907,-0.29776,-0.24654,0.19646,-0.039573,-0.015829,-0.12657,0.2746,0.3856
0.80803,-0.068307,-0.23729,-0.42226,0.84728,0.51136,1.2278,0.66808,0.60083,0.099135,0.97638,0.090623,-0.21445,-0.16826,0.15834,-0.12524,-0.094897,-0.031873,-0.18873,0.4612,0.53168,0.4432,1.0654,0.81751,0.71957,0.58924,0.64862,0.40018,0.56228,0.72036,0.47012,0.23369,-0.084124,-0.20724,0.11525,0.070958,0.19027,0.33098,0.65217,0.65766,0,0.65063,0.46392,0.67117,-0.45491,-0.45762,-0.097495,-0.14588,0.61238,-0.19575,-0.34655,0.024001,0.70636,0.41919,0.17933,0.6155,0.75083,0.13827,0.1666,0.27538,0.13725,0.18595,0.48366,0.3504,0.66936,-0.091288,-0.14779,0.20981,0.169,0.061546,0.51443,-0.39164,-0.39097,-0.49809,-0.62446,0.48238,-0.102,-0.43401,-0.29163,-0.14187,-0.23025,-1.021,-0.46987,0.045689,-0.42606,-0.18966,-0.1271,0.036028,0.12444,-0.65107,-0.83075,0.67031,0.095178,0.76232,0.2611,0.29133,-0.2102,-0.07238,-0.3601,0.4152,-0.025903,0.3349,-0.35335,0.10355,0.09083
0.15283,0.12661,0.11004,0.097131,0.68956,1.4264,0.32039,1.1608,0.73209,0.52436,1.0697,0.83112,0.051604,0.048709,0.34189,0.24104,0.11916,0.064359,0.13898,0.64061,0.68733,0.67433,0.94356,1.173,0.3509,0.56846,0.855,0.56793,0.25662,0.20025,0.08187,-0.047435,0.28023,-0.21309,-0.14957,-0.27788,0.023616,-0.088376,0.22087,1.0477,0.65063,0,0.013646,0.10228,-0.2227,-0.29794,-0.22144,-0.3441,0.27585,0.16842,0.27645,0.10015,0.35397,0.89829,0.056939,-0.046451,0.033748,-0.18972,-0.18745,0.66646,0.99548,0.10186,0.17625,-0.047508,0.28938,-0.13406,-0.20921,-0.011237,0.09667,0.087257,0.23713,-0.36704,-0.59678,-0.52541,-0.68468,0.68471,0.78977,-0.24334,-0.30555,-0.2779,-0.34144,-0.36779,-0.059912,-0.094496,-0.33188,-0.30344,-0.33199,-0.1303,-0.10587,-0.33238,-0.56218,0.16567,0.30259,0.26758,0.88596,0.24347,0.29136,-0.20448,-0.14241,0.331,0.11391,0.16775,0.032692,0.30382,0.45047
0.76333,0.35037,-0.16177,-0.45739,0.58464,-0.084024,0.77487,0.023644,-0.053351,-0.38009,0.24148,-0.28274,-0.18261,-0.14098,0.27852,0.089312,-0.072314,0.082354,-0.12451,0.52593,0.052254,0.27756,0.38071,0.22361,0.0054048,0.064611,0.0079991,0.066004,0.033771,-0.072027,0.33777,0.10746,-0.24411,-0.13975,0.50292,0.099955,0.24728,-0.045052,0.35028,0.026917,0.46392,0.013646,0,0.73717,0.42029,0.08026,0.6977,0.63444,0.45529,-0.65066,-0.69494,0.36903,0.47721,0.071943,0.21898,0.31492,0.55503,0.78897,0.32377,0.1312,-0.096513,0.076914,0.034465,0.60859,0.22002,0.79147,0.73202,0.20863,0.1223,-0.11186,-0.036877,0.22527,0.15622,0.33187,0.23373,-0.087554,-0.50067,-0.2787,-0.25069,0.20393,0.10909,-0.1784,-0.4046,0.17336,0.12864,0.1568,0.24267,0.61762,0.53506,0.24765,0.1734,0.46989,-0.54405,0.38911,-0.21322,0.026833,-0.53425,0.00085424,-0.38759,0.39812,0.18823,0.17951,-0.055793,-0.13736,-0.20756
0.60997,0.12316,-0.065932,-0.55711,0.18385,0.015085,0.6952,0.19735,0.15706,-0.039454,0.41928,-0.33287,-0.20599,-0.23602,0.17394,-0.11972,-0.33241,-0.14772,-0.23121,0.1667,0.25642,0.2594,0.34848,0.31581,0.26987,0.2577,-0.14222,-0.21504,0.034387,0.38537,0.71557,0.59812,-0.36873,-0.066377,0.25277,0.44665,0.25118,0.44755,0.47636,0.10809,0.67117,0.10228,0.73717,0,-0.20751,-0.16173,0.34079,0.3064,0.33186,-0.704,-1.1202,0.093359,0.30167,0.0063194,0.09597,0.80067,1.1201,0.4733,0.49757,0.097519,-0.16011,-0.093182,0.26964,0.3647,0.45934,0.22507,0.18708,0.16511,0.061996,-0.24052,0.15968,-0.11148,0.09958,-0.052782,8.5538e-07,-0.036878,-0.42112,-0.3789,-0.27548,0.027365,0.045062,-0.51238,-0.63046,0.25646,-0.12885,0.031555,0.19963,0.27015,0.31718,-0.21014,-0.2121,0.25497,-0.11487,0.35697,-0.16818,-0.0040477,-0.58075,-0.23655,-0.33439,0.3854,0.028004,0.5335,-0.0083963,-0.028847,-0.030376
