,,,,,,,,,,,,,,,,,,,,,,,,,,,,,,,,,,,,,,,,,,,,,,,,,,,,,,,,,,,,,,,,,,,,,,,,,,,,,,,,,,,,,,,,,,,,,,,,,,,,,,,,
0,0.38602,0.075171,0.21996,0.1848,-0.10059,0.4368,0.33614,0.55683,0.08089,0.45179,0.13201,-0.35064,-0.268,0.62859,0.43653,-0.018363,0.16869,0.29326,0.097451,-0.093342,0.21066,0.67564,0.53275,0.39263,0.28915,-0.0018201,0.074536,0.16029,-0.25105,0.1131,0.1964,-0.57152,-0.31234,-0.028298,0.050323,0.30869,0.33085,0.13231,0.30738,0.26796,0.14052,0.40019,0.38524,0.14355,0.30202,0.038567,0.13196,0.21271,-0.52127,-0.40151,-0.24141,0.48568,0.15442,-0.041102,0.1322,0.11526,0.37254,0.54133,0.44995,0.31167,0.21273,-0.22528,0.22951,0.16258,0.19684,0.17415,0.051136,-0.20684,-0.083105,-0.03459,0.1112,0.34481,0.073752,0.29418,0.084912,-0.051976,-0.10549,-0.14258,0.17746,-0.018187,0.085813,0.013681,-0.12296,0.20396,0.03627,-0.096074,0.11498,0.16603,0.34459,0.60605,-0.22133,-0.18915,-0.13232,-0.040369,-0.17835,-0.17972,0.11635,0.34731,0.14704,0.024866,0.076051,-0.19767,-0.13552,0.18426
0.38602,0,-0.0073177,0.66064,-0.27355,0.48341,-0.015372,0.84693,0.61695,0.35047,0.77021,0.50459,0.019104,0.19032,0.23381,0.50009,-0.44905,0.052887,0.20137,-0.254,-1.0475,0.13744,0.36715,0.61109,0.42746,0.91068,-0.43446,0.16797,0.18746,-0.3025,0.62894,0.55609,-0.04903,-0.17119,0.41145,0.8572,0.187,0.67411,0.14439,1.1332,-0.032826,0.61361,0.22491,0.70926,0.53077,0.61382,-0.11486,-0.10668,0.32497,-0.7562,-0.40421,-0.5573,0.0022991,0.8098,-0.27541,-0.20189,0.1017,0.5046,0.41634,0.53835,0.85628,-0.44182,-0.2442,-0.3924,-0.18887,-0.054083,-0.10329,-0.66513,-0.66538,-0.46848,-0.40501,0.18862,0.37192,0.285,0.21711,0.14865,0.12795,0.0056535,-0.29924,0.21151,0.091575,0.095766,0.076601,-0.058517,0.43829,-0.025391,-0.046404,-0.097035,-0.11909,0.57415,0.42984,-0.24727,0.19115,-0.1843,0.29101,-0.51427,0.10622,-0.11419,0.25227,-0.17404,-0.19799,-0.095557,-0.050956,-0.35108,0.27681
0.075171,-0.0073177,0,0.78083,-0.13225,-0.44064,-0.53473,-0.44832,0.14692,-0.5784,-0.19121,-0.33723,0.40808,0.34235,0.36258,0.29808,0.69463,0.45017,-0.19275,0.033375,-0.12004,-0.5232,-0.40941,-0.328,0.096122,-0.23818,0.078304,0.1148,-0.15823,-0.20992,-0.011303,-0.28905,0.26619,0.14383,-0.012146,-0.41243,0.91495,-0.061161,-0.15042,-0.36685,-0.49771,-0.34388,-0.31605,-0.31651,0.1733,0.24898,-0.20753,-0.1247,-0.0038775,-0.015882,0.34071,-0.37351,0.41531,0.034825,0.72917,-0.24508,-0.22847,-0.037769,0.17484,0.10792,-0.091849,-0.13039,-0.16014,0.024501,-0.11877,-0.26623,-0.17922,0.49334,-0.054613,-0.25594,-0.45704,0.03556,0.12266,0.11181,0.1435,1.0691,0.74105,0.91486,1.0605,0.39472,0.51982,0.47255,0.32994,0.34312,0.18683,0.42214,0.32965,-0.06346,-0.090797,0.27039,0.42171,-0.10271,0.12788,0.1771,-0.012104,0.52195,0.54564,0.060174,0.31079,-0.17459,0.011313,0.0027399,-0.22953,-0.029912,0.072817
0.21996,0.66064,0.78083,0,-0.17327,0.066484,-0.14625,0.226,0.44491,-0.1716,0.3511,0.080671,0.30324,0.33326,0.34462,0.30963,-0.010364,0.14944,0.010013,-0.10486,-0.54614,-0.3649,-0.16313,0.12217,0.13533,0.29591,-0.084396,0.045191,0.0078581,-0.21614,0.44806,0.28491,0.11519,0.16224,0.25733,0.14988,0.66715,0.29514,0.25854,0.2657,-0.23785,0.036924,0.042384,0.22984,0.4794,0.65176,-0.30213,-0.16193,-0.03575,-0.29322,0.097304,-0.65464,0.34186,0.5207,0.23185,-0.19767,-0.074638,0.22082,0.36628,0.5123,0.45084,-0.396,-0.26421,-0.0067364,-0.044836,-0.15894,-0.22887,0.07818,-0.24717,-0.44767,-0.68752,0.31093,0.3976,0.43191,0.39834,0.74947,0.55875,0.8022,0.47874,0.42897,0.47353,0.20082,0.070843,0.39045,0.72428,0.41323,0.39889,-0.15343,-0.10064,0.39903,0.63112,-0.31252,0.19841,0.06899,0.19201,0.16047,0.81078,0.13047,0.43018,-0.030367,0.16632,-0.011742,0.016263,-0.35246,0.15491
0.1848,-0.27355,-0.13225,-0.17327,0,0.48512,0.16603,0.24627,-0.16771,-0.052874,-0.38103,0.055766,-0.029671,-0.1858,0.16229,-0.031855,0.34791,0.20007,0.087782,0.53267,0.44391,0.3302,0.1484,0.079857,0.1891,0.026582,0.41806,-0.33041,-0.26892,-0.32202,-0.74224,-0.28864,-0.32775,-0.12812,-0.56558,-0.27098,-0.068365,-0.047101,-0.017793,0.03934,0.84229,0.28027,-0.011226,-0.088377,-0.56876,-0.48207,0.61948,0.63486,-0.081499,0.3924,0.39544,0.11054,0.65259,0.19596,0.46655,0.8909,0.70422,0.31122,0.38928,0.023932,-0.0042388,0.16052,-0.2197,0.20427,-0.0090729,0.75881,0.71309,0.45446,0.099139,0.12821,0.15852,-0.53836,-0.53273,-0.39627,-0.25524,0.12665,0.2177,-0.069303,0.14496,0.094609,0.27585,0.10325,-0.022718,0.18041,-0.13194,0.33653,0.41583,0.63375,0.73186,0.17901,0.1689,-0.040068,-0.099969,0.19285,0.021611,-3.536e-05,-0.051486,0.35153,0.16667,0.36578,0.14787,0.47319,0.24754,0.086072,-0.11177
-0.10059,0.48341,-0.44064,0.066484,0.48512,0,0.059672,0.936,-0.034189,0.47561,0.087871,0.58749,-0.0020959,0.10847,-0.10989,0.019058,-0.25661,0.0091652,0.13582,0.044227,-0.18553,0.55415,0.14986,0.42525,0.24042,0.72762,-0.20325,-0.3043,-0.036221,-0.22986,-0.16953,0.33488,-0.080674,0.1127,-0.14513,0.59187,-0.29521,0.46283,0.026756,0.7321,0.60306,0.96288,0.14775,0.44304,-0.20091,-0.1623,0.49518,0.42709,0.21365,-0.046162,0.033252,0.039866,0.20691,0.78786,0.022876,0.5261,0.75924,0.44334,0.27961,0.058965,0.42898,-0.15071,0.0075433,-0.25289,-0.030669,0.53059,0.387,-0.33114,-0.37134,-0.048895,0.0057803,-0.29245,-0.2637,-0.039542,-0.21712,-0.14884,0.070026,-0.14223,-0.21351,-0.13556,0.12955,0.073293,-0.028534,0.058698,0.10655,-0.0054484,0.17131,0.40423,0.45225,0.37898,-0.068824,0.098369,0.37526,0.010453,0.38732,-0.47111,0.05487,0.18634,-0.037789,0.10787,-0.041827,0.16698,0.493,-0.11493,0.010691
0.4368,-0.015372,-0.53473,-0.14625,0.16603,0.059672,0,0.45232,0.044752,0.27022,0.41742,0.26783,-0.4395,-0.30923,0.020587,-0.3481,-0.36866,-0.52275,0.14252,-0.054651,0.1527,0.066482,0.37624,0.22575,-0.19293,0.14174,0.016969,-0.24028,0.20796,0.24062,0.16672,0.44755,-0.49789,-0.052156,0.14667,0.097573,-0.31202,0.11033,0.47754,0.06538,0.52817,-0.033274,0.98444,0.52977,0.12337,0.20291,-0.097602,-0.053638,-0.17298,-0.15223,-0.31826,0.19566,0.099552,-0.049735,-0.51917,0.35447,0.15808,-0.014141,-0.055776,0.077554,0.10523,0.40068,0.21803,0.37344,0.62262,0.13754,0.015014,0.033533,0.28632,0.21378,0.27737,0.33104,0.30472,0.17727,0.39046,-0.55427,-0.49786,-0.29973,-0.36505,-0.1545,-0.36579,-0.45589,-0.3698,-0.12184,0.04494,-0.28256,-0.18869,-0.083231,0.088909,-0.32126,-0.021189,0.10931,-0.044308,0.01664,-0.056258,0.017401,-0.16098,0.36198,0.097245,0.35395,0.51279,0.016239,0.1503,-0.020053,0.051949
0.33614,0.84693,-0.44832,0.226,0.24627,0.936,0.45232,0,0.30748,0.65388,0.57698,0.96771,-0.15965,-0.048534,0.14668,0.047433,-0.46629,-0.30658,0.12779,-0.1409,-0.52502,0.28906,0.36917,0.55877,0.26788,0.95684,-0.10326,-0.18165,0.099115,-0.23144,0.18346,0.48991,-0.4078,-0.19924,0.16135,0.57598,-0.13856,0.62928,0.23576,1.0734,0.49792,0.67242,0.47992,0.78926,0.17247,0.23313,0.13071,0.086187,0.068317,-0.39265,-0.22978,-0.21996,0.23426,0.93277,-0.26571,0.20958,0.42375,0.5514,0.3758,0.39579,0.77388,-0.21811,-0.14373,-0.20815,0.0010601,0.28778,0.17118,-0.39212,-0.31855,-0.23077,-0.10108,-0.012615,0.083763,0.13984,0.18311,-0.10221,0.065788,-0.22568,-0.40636,0.058241,0.1549,-0.038298,-0.20268,-0.14305,0.24468,-0.093216,0.034592,0.096917,0.12432,0.36479,0.21904,-0.082921,0.21197,-0.0039892,0.488,-0.37191,0.08173,0.14854,0.22804,0.19606,0.045151,0.17342,0.16649,-0.12607,0.31027
0.55683,0.61695,0.14692,0.44491,-0.16771,-0.034189,0.044752,0.30748,0,0.23243,1.0567,0.31583,0.23263,0.26789,0.81801,0.80555,-0.18056,0.1414,0.32964,0.079227,-0.45623,0.0095079,0.75989,0.70921,0.36191,0.6368,0.17331,0.17108,0.48981,-0.41596,0.24831,0.17979,-0.089876,-0.39375,0.45751,0.27582,0.089659,0.11958,0.012522,0.42493,-0.056498,-0.05893,0.18466,0.21753,0.3765,0.53972,-0.0049667,0.083376,0.11747,-0.24401,-0.10246,-0.15809,0.16442,0.18453,-0.23865,-0.21575,0.037169,0.63049,0.92361,1.1594,1.0023,-0.17263,-0.47371,-0.20842,-0.17925,0.19927,0.23406,-0.4157,-0.51705,-0.20038,-0.19247,0.30131,0.56696,0.60888,0.73858,0.24857,0.38184,-0.074254,-0.14779,0.40837,0.15153,0.10236,0.012986,0.071711,0.22226,0.10367,-0.036712,0.044606,0.07053,0.71133,0.88649,-0.13897,0.19421,0.33219,0.32507,-0.16309,0.018239,-0.22511,0.35956,0.16095,0.0036829,0.24638,0.14218,0.15916,0.61589
0.08089,0.35047,-0.5784,-0.1716,-0.052874,0.47561,0.27022,0.65388,0.23243,0,0.36858,1.4498,-0.28154,-0.13039,0.092684,-0.046725,-0.43174,-0.49881,-0.04636,-0.52491,-0.38356,0.23539,0.29322,0.44631,-0.070899,0.69596,-0.30406,-0.10913,0.53709,0.26502,0.023931,0.43108,-0.38241,-0.19317,-0.055532,0.54253,-0.46925,0.56765,-0.0093231,0.67873,0.15352,0.17223,0.16592,0.57048,-0.0031961,-0.074697,0.24909,0.082955,0.12215,-0.11932,-0.057728,0.27114,-0.074862,0.36466,-0.44893,-0.11267,0.047591,0.21679,0.12289,0.26049,0.58053,-0.083653,0.099417,-0.16783,0.078629,0.18929,0.14625,-0.64314,-0.24041,-0.17903,-0.018297,-0.1688,-0.061582,0.30102,0.17171,-0.41629,-0.12802,-0.51205,-0.6252,-0.2158,0.025886,0.030817,-0.2023,-0.39785,-0.17424,-0.45789,-0.47129,0.074557,-0.034608,0.26399,-0.12982,0.25928,0.37847,0.17199,0.69646,-0.072206,-0.019469,-0.1855,0.072824,0.060094,-0.024099,0.10431,0.34266,0.4081,0.36605
0.45179,0.77021,-0.19121,0.3511,-0.38103,0.087871,0.41742,0.57698,1.0567,0.36858,0,0.43353,0.061995,0.17939,0.39994,0.26654,-0.57785,-0.19716,0.19005,-0.15491,-0.56052,-0.061283,0.62057,0.55706,0.26055,0.78486,0.018341,0.15317,0.45267,-0.19375,0.61527,0.46366,-0.12095,-0.16949,0.76932,0.55752,-0.029175,0.30352,0.23816,0.55476,-0.034978,0.024486,0.66728,0.50942,0.66748,0.90831,-0.25825,-0.13848,-0.0076476,-0.45848,-0.39742,-0.153,-0.10804,0.24045,-0.66231,-0.20665,0.02188,0.35486,0.40201,0.73006,0.78198,-0.08631,-0.20975,-0.079874,0.0065386,0.023773,-0.012235,-0.57365,-0.32221,-0.13993,-0.17489,0.61994,0.80103,0.74965,0.74439,-0.072264,0.029076,-0.27534,-0.47119,0.2464,-0.066168,-0.22368,-0.16871,-0.21242,0.22406,-0.25545,-0.17217,-0.26053,-0.16343,0.25776,0.40854,-0.13212,0.15593,0.055221,0.2934,-0.30381,-0.00049999,-0.12956,0.080542,0.31314,0.060887,-0.083564,0.082371,-0.033813,0.47544
0.13201,0.50459,-0.33723,0.080671,0.055766,0.58749,0.26783,0.96771,0.31583,1.4498,0.43353,0,-0.11643,0.0084411,0.21995,-0.016846,-0.31945,-0.50298,-0.098986,-0.45541,-0.57886,0.098072,0.19836,0.39888,-0.01534,0.89928,-0.17271,-0.16627,0.341,0.012419,0.04015,0.35263,-0.43139,-0.2123,0.069458,0.38527,-0.20887,0.69743,0.04118,0.73123,0.15572,0.1876,0.18801,0.54281,0.13353,0.091597,0.1791,0.053291,-0.019461,-0.18768,0.061712,0.059151,0.14813,0.62829,-0.27436,-0.09895,0.077686,0.37366,0.24839,0.41829,0.80583,-0.29539,-0.088783,-0.28913,0.0011191,0.20343,0.14523,-0.51555,-0.30395,-0.37865,-0.22732,-0.10353,-0.0056639,0.34545,0.29963,-0.11296,0.19794,-0.27753,-0.37539,-0.0033248,0.3465,0.069761,-0.2692,-0.2709,-0.047981,-0.22825,-0.18112,0.047255,-0.038872,0.39391,0.088238,0.15495,0.4537,0.28785,0.95352,0.061211,0.22816,-0.064831,0.2957,0.14344,0.024159,0.26546,0.26539,0.37558,0.65945
-0.35064,0.019104,0.40808,0.30324,-0.029671,-0.0020959,-0.4395,-0.15965,0.23263,-0.28154,0.061995,-0.11643,0,1.3406,0.31471,0.17153,0.12702,0.20955,-0.43887,-0.018168,-0.23149,-0.33622,-0.20584,-0.23536,0.030225,-0.07563,0.46714,0.10636,-0.035969,-0.55744,-0.025607,-0.67852,0.83738,0.05334,0.32752,-0.13407,0.11202,-0.40645,-0.2156,-0.12511,-0.3572,-0.16653,-0.24434,-0.34636,0.33338,0.29617,-0.252,-0.075303,-0.21828,0.55642,0.50874,-0.0448,0.13248,0.2161,0.43906,-0.24184,0.017672,0.20077,0.24126,0.26502,0.19892,-0.099411,-0.053596,-0.12553,-0.26691,-0.13596,-0.064241,0.034794,-0.041398,-0.058155,-0.41308,0.10005,0.077937,0.38052,0.22028,0.55375,0.74999,0.25609,0.30459,0.65237,0.33691,-0.081926,-0.10431,0.028485,-0.20713,0.02692,0.055648,-0.15448,-0.09761,0.13167,0.135,-0.067789,0.16946,0.50195,0.38741,0.15291,0.2883,-0.33001,-0.17471,0.072233,0.23603,0.25309,-0.019588,0.33723,0.14654
-0.268,0.19032,0.34235,0.33326,-0.1858,0.10847,-0.30923,-0.048534,0.26789,-0.13039,0.17939,0.0084411,1.3406,0,0.32117,0.20572,-0.048967,0.10476,-0.36338,-0.16555,-0.27231,-0.11601,-0.17634,-0.017354,-0.09185,0.049377,0.16713,-0.034893,0.066012,-0.54322,0.055512,-0.33781,0.96563,0.16071,0.45523,0.029835,0.025526,-0.28556,-0.36685,-0.09423,-0.39331,-0.089601,-0.084629,-0.12053,0.4168,0.36967,-0.26422,-0.096098,-0.10007,0.37386,0.29431,0.099755,0.19445,0.33263,0.31939,-0.2147,0.0016305,0.14138,0.16224,0.19672,0.32178,-0.0036846,0.19868,-0.24833,0.024808,-0.17332,-0.16055,-0.15247,-0.12117,0.10308,-0.21347,0.30504,0.3319,0.62149,0.3492,0.38839,0.50756,0.25293,0.24111,0.37817,0.12053,-0.10655,-0.17109,-0.0090159,-0.19024,-0.14295,-0.15757,-0.18313,-0.094943,0.1587,0.049228,0.13493,0.45364,0.48445,0.49499,0.029655,0.18068,-0.26388,-0.24429,-0.054668,0.35456,0.18102,0.085519,0.34081,0.22613
0.62859,0.23381,0.36258,0.34462,0.16229,-0.10989,0.020587,0.14668,0.81801,0.092684,0.39994,0.21995,0.31471,0.32117,0,0.5913,0.15334,0.16898,-0.21163,-0.010252,-0.23539,-0.027835,0.36409,0.3052,0.14904,0.24827,0.33838,0.28792,0.54985,-0.38799,0.073931,-0.18757,-0.017139,-0.2512,0.037027,-0.15801,0.30904,0.034656,-0.20679,0.18194,-0.16562,-0.2194,0.14296,0.19071,0.38091,0.44621,-0.12145,-0.029867,-0.20561,0.11831,0.33497,-0.028374,0.60276,0.36651,0.18921,-0.13361,-0.027675,0.24854,0.55214,0.82163,0.64503,0.032489,-0.23059,0.15851,0.094347,0.034088,0.036406,0.14511,0.0067651,-0.1064,-0.27037,0.19732,0.41387,0.44209,0.62797,0.4689,0.55098,0.036952,0.1007,0.71068,0.27996,0.062191,-0.19951,-0.18848,-0.12178,-0.029238,-0.11609,-0.076556,-0.033349,0.40967,0.60792,-0.25317,-0.02385,0.40568,0.40337,0.079881,0.17158,-0.19593,0.2522,0.34974,0.36932,0.48741,0.18052,0.35624,0.39505
0.43653,0.50009,0.29808,0.30963,-0.031855,0.019058,-0.3481,0.047433,0.80555,-0.046725,0.26654,-0.016846,0.17153,0.20572,0.5913,0,0.09013,0.65499,0.39198,0.19382,-0.28051,0.2468,0.61556,0.60161,0.48628,0.31657,-0.17625,0.3957,0.28024,-0.38626,0.060536,0.047724,0.059393,-0.36456,0.019374,0.22615,0.24415,0.16959,-0.10739,0.30274,-0.0026629,0.28294,-0.13792,0.16694,0.076796,0.13224,0.1504,0.1704,0.53184,-0.25159,-0.028937,-0.29671,0.22455,0.12956,0.065278,-0.018191,0.11238,0.46911,0.73851,0.5057,0.47943,-0.15459,-0.34283,-0.32551,-0.24831,0.13066,0.17821,-0.25091,-0.72995,-0.23384,-0.1717,-0.10699,0.12604,0.041773,0.1407,0.23619,0.29414,0.049684,0.038334,0.25799,0.060764,0.24442,0.26525,0.22759,0.18953,0.23266,-0.013697,0.23528,0.2822,0.7031,0.64109,-0.14279,0.048172,0.1202,-0.024679,-0.27909,-0.12773,-0.27988,0.39926,-0.2489,-0.22611,0.24508,0.11263,-0.035219,0.23059
-0.018363,-0.44905,0.69463,-0.010364,0.34791,-0.25661,-0.36866,-0.46629,-0.18056,-0.43174,-0.57785,-0.31945,0.12702,-0.048967,0.15334,0.09013,0,0.66038,-0.10952,0.40998,0.28807,-0.18018,-0.12947,-0.43519,0.36502,-0.24869,0.13298,0.081344,-0.19628,-0.11131,-0.576,-0.55669,0.0010987,0.017847,-0.45888,-0.56067,0.35988,-0.1119,-0.31639,-0.4175,0.025492,-0.13747,-0.26084,-0.41577,-0.37204,-0.28521,0.33608,0.2523,0.16947,0.13204,0.40182,0.01587,0.37924,-0.15723,0.70938,0.21215,0.24648,0.023353,0.12821,-0.21376,-0.40842,0.177,-0.11945,0.060491,-0.23159,0.13848,0.31787,0.6412,0.028429,-0.06659,-0.035282,-0.56863,-0.47588,-0.51146,-0.37009,0.50059,0.49855,0.33937,0.74219,0.14506,0.35562,0.75124,0.70956,0.21572,-0.28747,0.25953,0.35252,0.37356,0.26547,0.25052,0.089121,0.18561,0.047199,0.18252,-0.20417,0.35913,0.042497,0.20384,0.22782,-0.01381,-0.24034,0.025041,-0.15983,0.20361,-0.14072
0.16869,0.052887,0.45017,0.14944,0.20007,0.0091652,-0.52275,-0.30658,0.1414,-0.49881,-0.19716,-0.50298,0.20955,0.10476,0.16898,0.65499,0.66038,0,0.35841,0.63955,0.20868,0.25626,0.28299,0.03139,0.70515,-0.0085469,-0.085647,0.20941,-0.1343,-0.42186,-0.31583,-0.22818,0.15033,0.11344,-0.34958,-0.066944,0.21156,-0.011311,-0.10987,0.01333,0.162,0.34811,-0.28255,-0.25582,-0.31826,-0.14438,0.47171,0.57513,0.60561,-0.10032,-0.0099642,-0.083496,0.25402,-0.040304,0.42665,0.3607,0.49992,0.39921,0.49615,0.042572,-0.12828,0.18082,-0.1474,0.064173,-0.21446,0.35188,0.45039,0.23339,-0.42119,-0.1082,-0.078381,-0.35122,-0.1956,-0.35613,-0.35461,0.26341,0.2457,0.27861,0.3725,0.043833,0.005594,0.47031,0.7062,0.32656,0.056676,0.28027,0.2773,0.6058,0.57101,0.54188,0.31427,0.079977,0.039205,0.0063813,-0.29955,-0.243,-0.17383,0.1724,0.13344,-0.097237,-0.43975,-0.054702,-0.010175,-0.11647,-0.28005
0.29326,0.20137,-0.19275,0.010013,0.087782,0.13582,0.14252,0.12779,0.32964,-0.04636,0.19005,-0.098986,-0.43887,-0.36338,-0.21163,0.39198,-0.10952,0.35841,0,0.68451,0.26133,0.55494,0.64312,0.64225,0.28217,0.26163,-0.1769,-0.28903,-0.11654,-0.14875,-0.16892,0.52521,-0.40347,-0.09978,-0.022853,0.18665,-0.26814,0.057917,0.27445,0.17967,0.61756,0.36111,-0.010393,-0.012522,-0.47324,-0.26705,0.63523,0.64874,0.55433,-0.43627,-0.54222,0.016744,0.017927,-0.25347,-0.2911,0.45944,0.38778,0.56586,0.50372,0.17595,0.1661,-0.0011221,-0.26205,-0.17957,0.0010888,0.70116,0.63133,-0.24146,-0.57832,0.03559,0.40458,-0.030426,0.063083,-0.16882,-0.021975,-0.28988,-0.26049,0.040208,-0.063648,-0.51714,-0.27968,0.18135,0.30251,0.70137,0.59607,0.49728,0.30719,0.74261,0.7491,0.4504,0.43902,0.2173,0.1785,-0.032203,-0.3249,-0.35503,-0.35595,0.428,0.41172,-0.12858,-0.34513,0.017433,0.17441,-0.28904,0.055004
0.097451,-0.254,0.033375,-0.10486,0.53267,0.044227,-0.054651,-0.1409,0.079227,-0.52491,-0.15491,-0.45541,-0.018168,-0.16555,-0.010252,0.19382,0.40998,0.63955,0.68451,0,0.66381,0.37907,0.31007,0.18667,0.42677,0.010955,0.36051,-0.064486,-0.29124,-0.37712,-0.51208,-0.17713,-0.058319,0.14317,-0.15854,-0.30597,-0.037118,-0.28285,-0.10166,-0.14981,0.5287,0.18537,-0.033401,-0.37117,-0.60582,-0.36802,0.60493,0.71623,0.15655,0.11986,0.074822,0.046714,0.27457,-0.22305,0.20977,0.65812,0.65147,0.35522,0.4379,-0.016383,-0.14523,0.144,-0.3886,0.066916,-0.1348,0.81014,0.76114,0.30276,-0.1954,0.29097,0.36793,-0.18478,-0.22653,-0.39832,-0.28191,0.11521,0.16379,0.20313,0.38699,-0.10311,0.025957,0.28253,0.32248,0.62562,0.20126,0.62026,0.75041,0.71127,0.81253,0.3265,0.27589,0.057351,-0.066556,0.014251,-0.43821,-0.25038,-0.25138,0.38,0.14129,0.36614,-0.1925,0.10183,0.1281,-0.18413,-0.20158
-0.093342,-1.0475,-0.12004,-0.54614,0.44391,-0.18553,0.1527,-0.52502,-0.45623,-0.38356,-0.56052,-0.57886,-0.23149,-0.27231,-0.23539,-0.28051,0.28807,0.20868,0.26133,0.66381,0,0.31374,-0.08205,-0.18825,-0.21237,-0.57981,0.28424,-0.34963,-0.27984,0.094178,-0.77914,-0.2063,-0.051209,0.36772,-0.49648,-0.57273,-0.30933,-0.49077,-0.091122,-0.69871,0.41182,-0.18379,-0.052192,-0.49731,-0.88835,-0.74561,0.45695,0.55807,-0.025455,0.48914,0.10244,0.59985,0.21526,-0.60492,0.20987,0.72835,0.2951,-0.21505,-0.10487,-0.48671,-0.6825,0.73227,0.29057,0.54961,0.46156,0.48297,0.40919,0.64961,0.35228,0.70491,0.74062,-0.13331,-0.2402,-0.27041,-0.24018,-0.29691,-0.3096,0.042659,0.28947,-0.56797,-0.33666,-0.071799,-0.022605,0.24308,-0.15133,0.10373,0.13386,0.50211,0.62219,-0.27937,-0.2433,0.41471,-0.024525,0.089428,-0.40353,0.11814,-0.32472,0.48778,-0.20416,0.28715,0.13975,-0.0012249,0.22568,0.10567,-0.44229
0.21066,0.13744,-0.5232,-0.3649,0.3302,0.55415,0.066482,0.28906,0.0095079,0.23539,-0.061283,0.098072,-0.33622,-0.11601,-0.027835,0.2468,-0.18018,0.25626,0.55494,0.37907,0.31374,0,0.49852,0.77765,0.16132,0.26174,-0.19546,-0.26941,0.12444,-0.17571,-0.37289,0.27082,-0.13935,0.063085,-0.40911,0.20539,-0.54675,0.015852,-0.21639,0.32739,0.64286,0.72205,-0.0086618,0.20099,-0.56637,-0.52056,0.70408,0.62988,0.46031,-0.081572,-0.33819,0.4568,0.25904,0.18671,0.0068582,0.52059,0.55366,0.38695,0.21991,-0.037829,0.1995,0.26582,0.23928,-0.12857,0.2428,0.62107,0.46876,-0.24972,-0.28404,0.41808,0.66362,-0.1957,-0.09699,-0.25628,-0.28394,-0.46374,-0.37633,-0.15586,-0.21775,-0.50717,-0.42342,0.14222,0.020359,0.11497,0.10283,0.0027001,-0.098935,0.65489,0.64036,0.32184,-0.12401,0.25744,0.13531,-0.070363,0.030247,-0.77462,-0.51161,0.15047,-0.15694,-0.061265,-0.051056,0.24659,0.39864,-0.02318,-0.14388
0.67564,0.36715,-0.40941,-0.16313,0.1484,0.14986,0.37624,0.36917,0.75989,0.29322,0.62057,0.19836,-0.20584,-0.17634,0.36409,0.61556,-0.12947,0.28299,0.64312,0.31007,-0.08205,0.49852,0,0.84271,0.55529,0.539,-0.054901,0.14299,0.45517,-0.21716,0.036497,0.25936,-0.37297,-0.52093,0.06865,0.39348,-0.32852,0.12992,0.12408,0.50437,0.52824,0.34746,0.35718,0.3798,-0.022765,0.10524,0.36084,0.35031,0.44685,-0.34252,-0.43555,0.10191,0.021327,-0.014372,-0.46237,0.25736,0.43699,0.65161,0.65696,0.52816,0.51081,0.18002,-0.23639,-0.099741,-0.075462,0.47261,0.52875,-0.43361,-0.4339,-0.0020717,0.22319,-0.043158,0.16612,-0.023434,0.16475,-0.33268,-0.19845,-0.51449,-0.55397,0.039179,-0.33613,0.033022,0.19384,-0.021927,0.0059205,-0.090774,-0.18507,0.36049,0.39464,0.45377,0.41243,0.024268,-0.040288,0.070268,-0.07399,-0.56574,-0.60779,-0.050504,0.23416,0.086674,-0.15157,0.15695,0.16207,0.068357,0.17863
0.53275,0.61109,-0.328,0.12217,0.079857,0.42525,0.22575,0.55877,0.70921,0.44631,0.55706,0.39888,-0.23536,-0.017354,0.3052,0.60161,-0.43519,0.03139,0.64225,0.18667,-0.18825,0.77765,0.84271,0,0.27511,0.79225,-0.20419,-0.028698,0.47678,-0.13353,0.085085,0.5762,-0.19724,-0.17468,0.094997,0.56061,-0.20418,0.25402,-0.074599,0.59241,0.39593,0.48063,0.27658,0.58601,-0.0474,0.027026,0.30345,0.27457,0.40417,-0.31918,-0.29023,0.021893,0.20665,0.27527,-0.24203,0.13524,0.29873,0.52729,0.56698,0.4503,0.76722,-0.072439,-0.17606,-0.34228,0.032761,0.44685,0.31531,-0.65039,-0.63399,0.16683,0.2344,0.070803,0.22067,0.18692,0.16837,-0.19492,-0.11059,-0.13752,-0.27663,-0.069678,-0.12328,0.16394,-0.0010287,0.22963,0.40027,0.14401,-0.029122,0.28426,0.37138,0.59799,0.28562,-0.054227,0.15327,-0.049762,0.12173,-0.64435,-0.21226,-0.15796,0.13731,0.0040585,0.047155,0.25423,0.41067,-0.14014,0.22717
0.39263,0.42746,0.096122,0.13533,0.1891,0.24042,-0.19293,0.26788,0.36191,-0.070899,0.26055,-0.01534,0.030225,-0.09185,0.14904,0.48628,0.36502,0.70515,0.28217,0.42677,-0.21237,0.16132,0.55529,0.27511,0,0.54036,-0.049383,0.32534,-0.078869,-0.38629,-0.083902,-0.0778,-0.091854,-0.18855,-0.010906,0.3777,0.26398,0.34452,-0.137,0.46124,0.31112,0.63246,0.20622,0.16919,-0.10062,0.087766,0.34199,0.3235,0.67619,-0.45841,-0.23022,-0.4204,0.10829,0.22826,0.12315,0.22729,0.69394,0.5501,0.63867,0.10435,0.080055,0.045249,-0.41972,-0.1883,-0.64783,0.34215,0.49796,-0.14799,-0.69088,-0.13145,-0.095093,-0.45773,-0.26874,-0.35524,-0.39955,0.25821,0.26884,-0.13415,-0.014145,0.21372,0.18278,0.60102,0.86012,-0.0090424,0.03734,0.071011,0.25954,0.34973,0.33256,0.67207,0.26944,-0.11132,-0.030921,-0.27175,-0.18058,-0.57143,-0.27248,-0.069689,0.061897,0.089164,-0.69981,-0.27348,-0.24252,-0.2682,-0.11979
0.28915,0.91068,-0.23818,0.29591,0.026582,0.72762,0.14174,0.95684,0.6368,0.69596,0.78486,0.89928,-0.07563,0.049377,0.24827,0.31657,-0.24869,-0.0085469,0.26163,0.010955,-0.57981,0.26174,0.539,0.79225,0.54036,0,-0.25621,0.086972,0.34185,-0.18761,0.17792,0.51491,-0.255,-0.045554,0.25189,0.74529,-0.010367,0.83427,-0.0021386,0.98132,0.25071,0.50566,0.41598,0.64918,0.16806,0.29509,0.27361,0.2231,0.27248,-0.48317,-0.10772,-0.16754,0.090551,0.60234,-0.31163,0.072752,0.41495,0.5717,0.53838,0.47222,0.84326,-0.31495,-0.36543,-0.38917,-0.22195,0.41205,0.33891,-0.70212,-0.78047,-0.27529,-0.22543,-0.015209,0.094497,0.27012,0.13088,-0.00027212,0.24942,-0.19709,-0.28393,0.094545,0.29487,0.26062,0.11331,-0.022774,0.21298,-0.030089,0.1432,0.16131,0.17711,0.74422,0.25457,-0.018067,0.37881,-0.020407,0.41521,-0.41867,0.09749,-0.066178,0.2108,0.2739,-0.23558,0.011378,0.30732,-0.065434,0.43152
-0.0018201,-0.43446,0.078304,-0.084396,0.41806,-0.20325,0.016969,-0.10326,0.17331,-0.30406,0.018341,-0.17271,0.46714,0.16713,0.33838,-0.17625,0.13298,-0.085647,-0.1769,0.36051,0.28424,-0.19546,-0.054901,-0.20419,-0.049383,-0.25621,0,-0.19398,-0.18603,-0.46237,-0.33751,-0.69706,0.016708,-0.15992,0.081874,-0.62999,0.001543,-0.67811,-0.069463,-0.29919,0.045972,-0.45354,-0.092755,-0.60517,-0.046341,0.0044109,-0.038967,0.11389,-0.66604,0.62347,0.36559,0.12485,0.28026,-0.10512,0.32061,0.026346,0.038059,0.16476,0.26037,0.29471,0.032846,0.069281,-0.30553,0.23449,-0.1545,0.22309,0.27246,0.4273,0.39236,0.22726,0.068403,0.11235,0.054593,0.1433,0.28994,0.36065,0.44927,-0.008123,0.16955,0.45069,0.32757,-0.16241,-0.33481,-0.012167,-0.13122,0.24729,0.29016,0.019099,0.052702,-0.064174,0.27283,-0.22715,-0.22459,0.39891,0.2052,0.2222,0.12117,-0.0050187,-0.11906,0.59219,0.29433,0.47302,-0.044174,0.31209,0.18773
0.074536,0.16797,0.1148,0.045191,-0.33041,-0.3043,-0.24028,-0.18165,0.17108,-0.10913,0.15317,-0.16627,0.10636,-0.034893,0.28792,0.3957,0.081344,0.20941,-0.28903,-0.064486,-0.34963,-0.26941,0.14299,-0.028698,0.32534,0.086972,-0.19398,0,0.42264,0.22231,0.55209,-0.14922,0.27585,-0.044939,0.15738,0.18654,0.44433,0.20066,-0.12869,0.14942,-0.479,-0.0086501,0.13743,0.27187,0.46418,0.37849,-0.45846,-0.51664,0.042356,-0.11706,0.18224,-0.47506,-0.37028,-0.025398,-0.18157,-0.43953,-0.24781,-0.30352,-0.13038,0.029744,-0.053812,-0.20265,-0.27947,-0.0011506,-0.36325,-0.47989,-0.43654,-0.1091,-0.0897,-0.21731,-0.44648,-0.0058055,-0.04445,-0.12772,-0.16989,0.12266,0.087912,-0.13247,-0.089537,0.52664,0.049938,0.0042632,0.1641,-0.29134,-0.14089,-0.18047,-0.084589,-0.52208,-0.46237,-0.064266,-0.07239,-0.5553,-0.57525,-0.44812,-0.35845,-0.20555,-0.014368,-0.71251,-0.071796,0.084289,-0.20777,-0.25559,-0.1714,-0.24525,-0.18518
0.16029,0.18746,-0.15823,0.0078581,-0.26892,-0.036221,0.20796,0.099115,0.48981,0.53709,0.45267,0.341,-0.035969,0.066012,0.54985,0.28024,-0.19628,-0.1343,-0.11654,-0.29124,-0.27984,0.12444,0.45517,0.47678,-0.078869,0.34185,-0.18603,0.42264,0,0.43418,0.3543,0.34657,0.046072,-0.051592,0.010835,0.35029,-0.21477,0.088356,-0.056174,0.26666,-0.14267,-0.12774,0.31333,0.62218,0.32016,0.28073,-0.14822,-0.26071,0.0086699,0.018098,0.096645,0.30552,-0.090667,0.083814,-0.34937,-0.29247,-0.12758,-0.061715,0.015081,0.3962,0.49341,0.06811,0.16092,0.038301,0.20604,-0.14675,-0.19166,-0.33482,0.035905,0.069201,-0.024962,0.19557,0.30848,0.36638,0.36601,-0.27717,-0.1158,-0.19047,-0.2785,0.21133,-0.20796,0.019587,-0.086205,-0.1783,-0.083369,-0.36533,-0.44342,-0.23214,-0.20289,0.098464,-0.075135,-0.073599,-0.0037146,0.11555,0.18584,-0.13891,0.037261,-0.43989,-0.067377,0.092561,0.36875,0.2114,0.57848,0.23122,0.095724
-0.25105,-0.3025,-0.20992,-0.21614,-0.32202,-0.22986,0.24062,-0.23144,-0.41596,0.26502,-0.19375,0.012419,-0.55744,-0.54322,-0.38799,-0.38626,-0.11131,-0.42186,-0.14875,-0.37712,0.094178,-0.17571,-0.21716,-0.13353,-0.38629,-0.18761,-0.46237,0.22231,0.43418,0,0.2372,0.43017,-0.10646,0.23926,-0.24167,0.1724,-0.12138,0.13528,0.19946,-0.1726,-0.10366,-0.20607,0.17412,0.34109,-0.065918,-0.16994,-0.20227,-0.42124,0.0063695,-0.026559,0.023609,0.12971,-0.45759,-0.3738,-0.32684,-0.18066,-0.3391,-0.74454,-0.71506,-0.44254,-0.39209,0.087288,0.35189,0.21116,0.23133,-0.37007,-0.43817,-0.0036525,0.31266,0.10899,0.090158,-0.068972,-0.1913,-0.13092,-0.18799,-0.53178,-0.57507,-0.05949,-0.093961,-0.31727,-0.25737,-0.010381,0.045178,-0.030462,0.032298,-0.23629,-0.21421,-0.31007,-0.29483,-0.51927,-0.65563,0.022308,-0.18855,-0.35446,-0.33918,0.19622,0.1146,-0.14477,-0.14909,-0.13288,0.12305,-0.29704,0.21899,-0.16796,-0.3838
0.1131,0.62894,-0.011303,0.44806,-0.74224,-0.16953,0.16672,0.18346,0.24831,0.023931,0.61527,0.04015,-0.025607,0.055512,0.073931,0.060536,-0.576,-0.31583,-0.16892,-0.51208,-0.77914,-0.37289,0.036497,0.085085,-0.083902,0.17792,-0.33751,0.55209,0.3543,0.2372,0,0.44014,0.15782,-0.067322,0.66431,0.4668,0.27686,0.22421,0.32791,0.33469,-0.53541,-0.048737,0.35326,0.5557,1.2645,1.0923,-1.0179,-0.9542,-0.20965,-0.46493,-0.29479,-0.52405,-0.53178,0.17293,-0.60341,-0.65162,-0.54478,-0.28292,-0.30906,0.26438,0.28011,-0.41033,-0.088926,-0.056283,-0.02445,-0.82079,-0.91865,-0.38041,0.084218,-0.31137,-0.44859,0.71154,0.64254,0.32148,0.3262,0.0050448,-0.20824,-0.022171,-0.35488,0.38764,-0.17492,-0.38339,-0.17521,-0.22674,0.29373,-0.20369,-0.19077,-1.018,-0.90356,-0.27458,0.067392,-0.60109,-0.34863,-0.42953,-0.13787,-0.20365,0.1815,-0.32936,-0.0035426,-0.12175,0.13067,-0.31402,-0.18778,-0.48719,0.026382
0.1964,0.55609,-0.28905,0.28491,-0.28864,0.33488,0.44755,0.48991,0.17979,0.43108,0.46366,0.35263,-0.67852,-0.33781,-0.18757,0.047724,-0.55669,-0.22818,0.52521,-0.17713,-0.2063,0.27082,0.25936,0.5762,-0.0778,0.51491,-0.69706,-0.14922,0.34657,0.43017,0.44014,0,-0.36324,0.17787,0.084095,0.68133,-0.16669,0.56154,0.47304,0.44805,0.2498,0.31337,0.43553,0.78357,0.083391,0.18033,0.05264,-0.023289,0.26373,-0.68221,-0.51781,-0.027867,-0.13711,0.13739,-0.61997,0.12793,0.049465,0.037497,-0.027865,0.12118,0.33437,-0.10874,0.13819,-0.0544,0.38285,0.074393,-0.095482,-0.40507,-0.24437,-0.079962,0.10298,0.30345,0.36613,0.21318,0.21531,-0.49125,-0.48908,0.02168,-0.26885,-0.45109,-0.31197,-0.029195,-0.0049481,0.23213,0.66905,-0.018392,-0.028107,0.02482,0.083296,0.093389,0.040633,0.079286,0.25463,-0.24665,-0.047117,-0.25861,0.095898,0.30071,0.20654,-0.1207,0.042126,-0.1745,0.4416,-0.44673,0.03951
-0.57152,-0.04903,0.26619,0.11519,-0.32775,-0.080674,-0.49789,-0.4078,-0.089876,-0.38241,-0.12095,-0.43139,0.83738,0.96563,-0.017139,0.059393,0.0010987,0.15033,-0.40347,-0.058319,-0.051209,-0.13935,-0.37297,-0.19724,-0.091854,-0.255,0.016708,0.27585,0.046072,-0.10646,0.15782,-0.36324,0,0.34589,0.34825,0.090865,0.047551,-0.48047,-0.54495,-0.28635,-0.56622,-0.073934,-0.11488,-0.1459,0.26952,0.1634,-0.391,-0.30883,-0.024299,0.48514,0.30189,0.017817,-0.18118,0.059716,0.25997,-0.27463,-0.077289,-0.31848,-0.22361,-0.2628,-0.14594,0.0624,0.2837,-0.15288,-0.065522,-0.42135,-0.40116,-0.064005,0.055269,0.38317,-0.012396,0.17614,0.08515,0.22347,-0.097229,0.25974,0.16884,0.2337,0.28506,0.23323,-0.13876,-0.053813,0.061219,0.0033583,-0.2318,-0.18106,-0.14968,-0.33954,-0.24292,-0.14663,-0.34613,0.0043678,0.099702,8.3741e-05,-0.062529,-0.16593,-0.013889,-0.44763,-0.60774,-0.15938,0.21518,-0.19819,-0.0047899,-0.010123,-0.33578
-0.31234,-0.17119,0.14383,0.16224,-0.12812,0.1127,-0.052156,-0.19924,-0.39375,-0.19317,-0.16949,-0.2123,0.05334,0.16071,-0.2512,-0.36456,0.017847,0.11344,-0.09978,0.14317,0.36772,0.063085,-0.52093,-0.17468,-0.18855,-0.045554,-0.15992,-0.044939,-0.051592,0.23926,-0.067322,0.17787,0.34589,0,-0.1207,-0.049368,0.081973,0.090778,-0.046186,-0.24489,-0.0767,0.0078323,0.14068,-0.025336,-0.14369,-0.056597,-0.00011984,0.11259,-0.038849,0.13303,0.16717,0.19393,0.11145,0.014243,0.21876,0.20692,0.13779,-0.3177,-0.30622,-0.44076,-0.36165,0.23604,0.4065,0.37369,0.46258,0.064849,-0.14389,0.28555,0.073677,0.29849,-0.013085,0.20609,0.031306,0.17069,-0.15573,-0.090312,-0.039355,0.51801,0.50843,-0.32784,-0.0021461,0.038599,-0.063716,0.20075,0.22307,-0.020992,0.24816,0.0039606,0.12781,-0.14273,-0.46184,0.21033,0.25287,-0.19422,-0.060963,0.047602,0.37896,0.29435,-0.40292,0.32855,0.17137,-0.29729,0.33313,-0.24376,-0.38743
-0.028298,0.41145,-0.012146,0.25733,-0.56558,-0.14513,0.14667,0.16135,0.45751,-0.055532,0.76932,0.069458,0.32752,0.45523,0.037027,0.019374,-0.45888,-0.34958,-0.022853,-0.15854,-0.49648,-0.40911,0.06865,0.094997,-0.010906,0.25189,0.081874,0.15738,0.010835,-0.24167,0.66431,0.084095,0.34825,-0.1207,0,0.29722,0.12373,-0.055974,-0.046841,0.03178,-0.44219,-0.22405,0.37054,0.093395,0.85595,0.85038,-0.61092,-0.48535,-0.21116,-0.19112,-0.19126,-0.32157,-0.4027,0.005782,-0.4842,-0.45481,-0.27841,-0.017551,-0.002965,0.20951,0.29664,-0.30678,-0.26258,-0.39447,-0.17231,-0.3335,-0.31345,-0.52399,-0.16187,-0.011257,-0.14635,0.74186,0.65693,0.59767,0.50449,0.13892,0.11121,-0.13327,-0.21166,0.31833,-0.021273,-0.32865,-0.16285,-0.097743,0.047198,-0.11166,-0.069417,-0.59299,-0.46994,-0.06097,0.19254,-0.17077,0.092453,-0.058024,0.034708,-0.12369,-0.040167,-0.27778,-0.075903,0.052095,0.043116,-0.2396,-0.29039,-0.13311,0.40331
0.050323,0.8572,-0.41243,0.14988,-0.27098,0.59187,0.097573,0.57598,0.27582,0.54253,0.55752,0.38527,-0.13407,0.029835,-0.15801,0.22615,-0.56067,-0.066944,0.18665,-0.30597,-0.57273,0.20539,0.39348,0.56061,0.3777,0.74529,-0.62999,0.18654,0.35029,0.1724,0.4668,0.68133,0.090865,-0.049368,0.29722,0,-0.17993,0.53882,0.076756,0.78622,0.12182,0.65933,0.41251,0.86393,0.23521,0.25838,0.0092649,-0.083813,0.55032,-0.44863,-0.39708,-0.22274,-0.39998,0.34556,-0.49966,-0.032532,0.262,0.16425,0.13738,0.053593,0.36032,-0.1161,0.028525,-0.32739,-0.1715,-0.0092549,-0.032778,-0.92424,-0.55796,-0.054062,-0.059007,-0.040318,0.053063,0.16236,-0.09496,-0.32504,-0.2892,-0.3786,-0.58082,-0.077666,-0.24055,0.043154,0.25186,-0.13495,0.14533,-0.334,-0.26466,-0.068553,-0.017414,0.24619,-0.1143,-0.04623,0.18825,-0.38604,0.015186,-0.72316,-0.18445,-0.28924,-0.18493,-0.19895,-0.23199,-0.39044,0.17254,-0.37784,-0.11476
0.30869,0.187,0.91495,0.66715,-0.068365,-0.29521,-0.31202,-0.13856,0.089659,-0.46925,-0.029175,-0.20887,0.11202,0.025526,0.30904,0.24415,0.35988,0.21156,-0.26814,-0.037118,-0.30933,-0.54675,-0.32852,-0.20418,0.26398,-0.010367,0.001543,0.44433,-0.21477,-0.12138,0.27686,-0.16669,0.047551,0.081973,0.12373,-0.17993,0,0.31566,-0.051579,-0.13514,-0.45639,-0.14606,0.0060889,-0.015449,0.4019,0.45745,-0.44959,-0.37557,-0.10461,-0.29486,0.22868,-0.91697,0.22611,0.10629,0.4285,-0.27824,-0.30581,-0.20618,0.031044,0.019555,-0.1344,-0.36134,-0.47099,-0.016474,-0.29345,-0.38194,-0.3571,0.31754,-0.11126,-0.34672,-0.67172,0.08138,0.081732,-0.025244,-0.0043239,0.8692,0.53543,0.42927,0.52873,0.59518,0.67199,0.24835,0.17045,0.071224,0.25899,0.37443,0.43258,-0.38221,-0.30456,0.079428,0.31884,-0.63406,-0.29893,-0.36212,-0.20096,0.2416,0.51616,-0.12685,0.21159,0.019742,-0.1358,-0.13295,-0.4175,-0.44975,0.0938
0.33085,0.67411,-0.061161,0.29514,-0.047101,0.46283,0.11033,0.62928,0.11958,0.56765,0.30352,0.69743,-0.40645,-0.28556,0.034656,0.16959,-0.1119,-0.011311,0.057917,-0.28285,-0.49077,0.015852,0.12992,0.25402,0.34452,0.83427,-0.67811,0.20066,0.088356,0.13528,0.22421,0.56154,-0.48047,0.090778,-0.055974,0.53882,0.31566,0,0.21809,0.68734,0.11678,0.45044,0.30123,0.66908,0.12682,0.1935,0.1292,0.054734,0.32471,-0.73496,-0.12896,-0.40841,0.057259,0.44954,-0.23088,0.072089,0.13069,0.14667,0.15572,0.087872,0.25637,-0.2719,-0.19015,-0.096492,-0.050075,0.10253,0.022595,-0.28859,-0.55411,-0.60087,-0.48698,-0.16896,-0.090595,0.033602,-0.069687,-0.06131,0.060813,-0.1106,-0.18674,-0.094073,0.32221,0.18565,0.10892,-0.17393,0.19954,-0.11696,0.056752,0.029027,0.027282,0.35282,0.095268,-0.036843,0.20202,-0.29803,0.18805,-0.070229,0.24658,0.08843,0.34375,0.07916,-0.4002,-0.25137,0.053208,-0.24575,0.22039
0.13231,0.14439,-0.15042,0.25854,-0.017793,0.026756,0.47754,0.23576,0.012522,-0.0093231,0.23816,0.04118,-0.2156,-0.36685,-0.20679,-0.10739,-0.31639,-0.10987,0.27445,-0.10166,-0.091122,-0.21639,0.12408,-0.074599,-0.137,-0.0021386,-0.069463,-0.12869,-0.056174,0.19946,0.32791,0.47304,-0.54495,-0.046186,-0.046841,0.076756,-0.051579,0.21809,0,0.19851,0.33106,0.054872,0.14292,0.16207,0.1364,0.23257,-0.1281,-0.027987,-0.12057,-0.33242,-0.30238,-0.20038,-0.12426,-0.10285,-0.37452,0.15575,-0.053595,0.1556,0.015337,0.30163,0.081011,-0.12473,-0.056188,0.34741,0.16973,0.0056023,-0.074873,0.10763,0.10411,-0.51938,-0.33109,0.21377,0.17039,0.019566,0.27697,-0.31198,-0.26608,0.068377,-0.21681,-0.04886,-0.075685,-0.45427,-0.22926,0.20662,0.56698,0.16436,0.17807,-0.034038,0.039036,-0.23619,0.27209,-0.18306,-0.19162,0.010471,-0.09587,0.2098,0.32389,0.4313,0.4184,0.025274,0.099056,0.072891,0.096007,-0.28432,0.045703
0.30738,1.1332,-0.36685,0.2657,0.03934,0.7321,0.06538,1.0734,0.42493,0.67873,0.55476,0.73123,-0.12511,-0.09423,0.18194,0.30274,-0.4175,0.01333,0.17967,-0.14981,-0.69871,0.32739,0.50437,0.59241,0.46124,0.98132,-0.29919,0.14942,0.26666,-0.1726,0.33469,0.44805,-0.28635,-0.24489,0.03178,0.78622,-0.13514,0.68734,0.19851,0,0.25361,0.78134,0.15385,0.70472,0.18139,0.22217,0.18765,0.13547,0.26202,-0.45385,-0.26501,-0.30046,-0.015965,0.88988,-0.3417,-0.018898,0.31768,0.61278,0.44818,0.56009,0.83883,-0.33415,-0.24829,-0.16817,-0.22776,0.21717,0.16161,-0.56842,-0.47486,-0.47746,-0.30118,-0.13351,0.0051929,0.055246,0.00082296,-0.054554,0.032427,-0.23225,-0.53598,0.10578,0.078007,0.09019,0.023521,-0.20865,0.23117,-0.11978,-0.062471,0.12978,0.029328,0.56279,0.27226,-0.1916,0.067715,-0.11461,0.38338,-0.5775,0.0058446,-0.083367,0.23147,0.055174,-0.24475,-0.00076333,0.11119,-0.15353,0.11592
0.26796,-0.032826,-0.49771,-0.23785,0.84229,0.60306,0.52817,0.49792,-0.056498,0.15352,-0.034978,0.15572,-0.3572,-0.39331,-0.16562,-0.0026629,0.025492,0.162,0.61756,0.5287,0.41182,0.64286,0.52824,0.39593,0.31112,0.25071,0.045972,-0.479,-0.14267,-0.10366,-0.53541,0.2498,-0.56622,-0.0767,-0.44219,0.12182,-0.45639,0.11678,0.33106,0.25361,0,0.6433,0.27617,0.20831,-0.70623,-0.49037,0.81122,0.77993,0.36082,-0.074959,-0.22201,0.20906,0.38657,0.075787,0.0044933,1.2125,1.0575,0.55576,0.4282,-0.010668,0.051196,0.36143,0.038074,0.12533,0.15137,0.9722,0.83148,0.093087,-0.18832,0.18306,0.44251,-0.43387,-0.36629,-0.39381,-0.22296,-0.41691,-0.22842,-0.16051,-0.11878,-0.38154,-0.15232,0.085203,0.12128,0.30834,0.17629,0.16645,0.24031,0.88284,1.0901,0.22249,0.076665,0.27634,0.11479,0.089396,-0.084329,-0.27128,-0.28339,0.56828,0.19076,0.17876,-0.0029235,0.22627,0.3359,-0.074961,-0.15433
0.14052,0.61361,-0.34388,0.036924,0.28027,0.96288,-0.033274,0.67242,-0.05893,0.17223,0.024486,0.1876,-0.16653,-0.089601,-0.2194,0.28294,-0.13747,0.34811,0.36111,0.18537,-0.18379,0.72205,0.34746,0.48063,0.63246,0.50566,-0.45354,-0.0086501,-0.12774,-0.20607,-0.048737,0.31337,-0.073934,0.0078323,-0.22405,0.65933,-0.14606,0.45044,0.054872,0.78134,0.6433,0,0.12187,0.50701,-0.25516,-0.1972,0.42725,0.34661,0.73218,-0.40783,-0.36927,-0.23519,0.11819,0.58463,0.03673,0.46248,0.78315,0.4979,0.28703,-0.092955,0.17502,-0.017529,0.037616,-0.26519,-0.16849,0.34395,0.27539,-0.31306,-0.58826,-0.054,0.079383,-0.4561,-0.35291,-0.4529,-0.5629,-0.18991,-0.15133,-0.072448,-0.19806,-0.20553,-0.12254,0.24179,0.3254,0.091093,0.25356,0.016271,0.10071,0.43667,0.45292,0.40791,-0.062223,0.014259,0.081446,-0.35038,-0.053526,-0.87641,-0.24971,0.10559,-0.011442,-0.20115,-0.34625,-0.087478,0.068458,-0.44466,-0.29857
0.40019,0.22491,-0.31605,0.042384,-0.011226,0.14775,0.98444,0.47992,0.18466,0.16592,0.66728,0.18801,-0.24434,-0.084629,0.14296,-0.13792,-0.26084,-0.28255,-0.010393,-0.033401,-0.052192,-0.0086618,0.35718,0.27658,0.20622,0.41598,-0.092755,0.13743,0.31333,0.17412,0.35326,0.43553,-0.11488,0.14068,0.37054,0.41251,0.0060889,0.30123,0.14292,0.15385,0.27617,0.12187,0,0.80788,0.34119,0.50169,-0.24635,-0.20328,0.0023402,-0.29059,-0.25913,-0.043142,0.042958,0.12449,-0.42846,0.27492,0.30351,-0.12976,-0.020613,-0.039317,0.079265,0.39117,0.15772,0.22315,0.35221,0.0036813,-0.093538,-0.076741,0.050284,0.3223,0.16478,0.35001,0.34734,0.24795,0.24228,-0.29329,-0.26443,-0.29799,-0.24594,0.044725,-0.25287,-0.21806,-0.068416,-0.24657,-0.00099079,-0.44897,-0.12722,-0.26877,-0.0080705,-0.17197,-0.11978,-0.012706,0.0073873,-0.2481,-0.14187,-0.2751,-0.14088,0.10804,-0.17163,0.47861,0.29848,-0.30694,0.13738,-0.25091,-0.068744
0.38524,0.70926,-0.31651,0.22984,-0.088377,0.44304,0.52977,0.78926,0.21753,0.57048,0.50942,0.54281,-0.34636,-0.12053,0.19071,0.16694,-0.41577,-0.25582,-0.012522,-0.37117,-0.49731,0.20099,0.3798,0.58601,0.16919,0.64918,-0.60517,0.27187,0.62218,0.34109,0.5557,0.78357,-0.1459,-0.025336,0.093395,0.86393,-0.015449,0.66908,0.16207,0.70472,0.20831,0.50701,0.80788,0,0.35742,0.36503,-0.17394,-0.28989,0.25499,-0.45724,-0.23242,-0.20968,0.029246,0.55759,-0.39954,0.04479,0.17776,0.0014535,0.019335,0.12856,0.43262,0.019926,0.17407,-0.034383,0.23707,-0.13333,-0.26348,-0.37485,-0.1775,-0.039315,-0.070783,0.070593,0.16576,0.12839,0.099992,-0.28821,-0.27533,-0.18571,-0.36332,0.046356,-0.19502,-0.01636,-0.016711,-0.19624,0.17567,-0.37542,-0.28564,-0.21914,-0.09652,0.091875,-0.089155,-0.13284,0.028142,-0.30312,0.047602,-0.40945,0.0027482,-0.11743,0.058144,-0.0057448,0.21859,-0.13201,0.26824,-0.31404,-0.083263
