,,,,,,,,,,,,,,,,,,,,,,,,,,,,,,,,,,,,,,,,,,,,,,,,,,,,,,,,,,,,,,,,,,,,,,,,,,,,,,,,,,,,,,,,,,,,,,,,,,,,,,,,
0,0.069178,0.63042,0.5774,-0.015163,-0.45472,0.24005,-0.20395,0.5231,-0.12539,0.1907,-0.13813,0.010069,0.058299,0.34524,0.099971,0.15124,0.059161,0.33187,0.095049,-0.01946,-0.007681,0.42683,0.41082,0.38721,0.28445,0.040996,-0.36798,0.16405,-0.05426,-0.068552,0.2139,-0.19186,0.0082404,0.38834,0.0033433,0.5539,0.029364,0.052835,-0.26343,0.039152,-0.32892,0.31996,0.28249,0.10022,0.41659,0.13068,0.20128,0.25164,-0.41108,-0.43322,-0.034025,0.7274,-0.092495,0.46761,0.15466,0.14813,0.45984,0.70738,0.44152,0.20268,0.28621,-0.18613,0.044088,0.1512,0.27,0.2649,0.26982,-0.25144,0.21602,0.12203,0.25096,0.37468,0.18358,0.33296,0.62228,0.33174,0.38544,0.45852,0.23291,0.24359,0.47031,0.22302,0.30136,0.41998,0.31788,0.16455,0.19704,0.34334,0.22344,0.46458,-0.01451,0.14189,-0.19827,-0.30042,0.26574,0.098912,0.23841,0.28998,0.054139,0.12043,-0.036752,-0.22011,0.086279,0.38141
0.069178,0,0.41915,0.3801,-0.038807,0.59678,-0.40033,0.50645,-0.086036,-0.0087582,-0.16075,0.25619,0.069839,0.1485,0.052614,0.45211,0.3645,0.5449,-0.027684,-0.27055,-0.53817,0.14027,-0.21271,0.14558,0.15997,0.26039,-0.57719,0.23491,-0.1536,-0.42037,0.14684,0.010296,-0.041566,0.046114,-0.0052979,0.2852,0.075142,0.63522,-0.16435,0.50922,-0.045791,0.51691,-0.16192,0.08719,0.28398,0.12226,0.10704,0.093967,0.41429,-0.43711,0.10057,-0.31779,0.04722,0.55315,0.21524,0.068394,0.12551,0.27591,0.34626,0.0050582,0.32941,-0.37941,-0.045944,-0.26073,-0.13071,0.025721,-0.0093553,-0.053567,-0.30549,-0.39958,-0.45172,-0.19683,-0.17632,0.024897,-0.10404,0.16498,0.47722,0.43405,0.14855,0.0053392,0.63276,0.34123,0.24816,0.18556,0.23872,0.2871,0.21439,0.15067,0.1062,0.55822,0.38725,-0.041413,0.38314,-0.068436,0.25785,0.23226,0.46716,0.22064,0.323,-0.097866,-0.26365,0.19504,-0.12282,-0.24275,0.37003
0.63042,0.41915,0,1.0959,-0.1222,-0.20534,-0.41467,-0.39588,0.26091,-0.20966,-0.11294,-0.29012,0.39851,0.30798,0.44127,0.12422,0.60823,0.61448,0.10833,0.07816,-0.46638,-0.041366,0.064013,0.17533,0.27023,0.11625,-0.12413,0.074606,0.278,-0.18712,-0.00093171,-0.010503,0.24231,0.049026,0.50769,-0.02698,0.56409,-0.034184,-0.24632,-0.25231,-0.50232,-0.40351,0.048491,0.13053,0.32,0.18983,0.20484,0.078232,0.049446,-0.11488,0.052463,-0.2585,0.17122,-0.036546,0.7109,-0.020788,0.006764,0.53162,0.71236,0.43294,0.24816,-0.031217,-0.36025,-0.19203,-0.18782,0.14392,0.14823,0.22798,-0.046065,-0.045358,-0.24061,-0.031346,-0.065297,0.00060028,-0.020655,1.2839,0.90867,0.9851,0.7529,0.53088,0.61883,0.87694,0.38295,0.45837,0.34979,0.73234,0.37404,0.22448,0.36328,0.64126,0.73093,-0.22617,0.029686,-0.50636,-0.52808,0.69974,0.27774,0.45546,0.53886,0.12194,-0.028603,0.24149,-0.34171,-0.016436,0.53968
0.5774,0.3801,1.0959,0,-0.24174,-0.26692,-0.12659,-0.1399,0.4473,0.027842,0.13936,-0.019213,0.34284,0.25858,0.21482,-0.011544,0.14312,0.34695,0.38253,0.16558,-0.36182,-0.12656,0.1805,0.29513,0.25927,0.28521,-0.18389,-0.20525,0.22985,-0.076049,0.094638,0.28956,-0.039363,0.10302,0.37706,-0.01781,0.56961,0.17672,0.086042,-0.13898,-0.27421,-0.40047,0.16738,0.41743,0.25288,0.26552,0.090037,0.11437,0.028907,-0.36928,-0.20317,-0.17947,0.30179,-0.10309,0.30306,0.12654,0.024309,0.53156,0.66915,0.78244,0.45805,-0.0055245,-0.26888,-0.16219,-0.029953,0.22659,0.118,0.11931,-0.22113,-0.083298,-0.23763,0.12657,0.095809,0.021559,0.25027,0.8405,0.66067,1.1302,0.96212,0.25994,0.5055,0.45975,0.096484,0.62366,0.8766,0.64812,0.54612,0.12163,0.47475,0.28458,0.54002,-0.16199,-0.0066384,-0.37972,-0.49307,0.77046,0.48695,0.38893,0.59535,0.088456,0.012062,0.20369,-0.095138,0.031929,0.69547
-0.015163,-0.038807,-0.1222,-0.24174,0,0.4064,0.23568,0.16795,-0.17388,-0.21523,0.005102,-0.12171,0.1139,0.026439,-0.05635,-0.17787,0.15407,0.1278,-0.090535,0.1651,0.21709,0.011808,-0.035614,-0.2734,0.25803,0.05984,0.15944,-0.31922,-0.00072375,0.029494,-0.059427,0.14044,0.12833,0.14257,0.08952,0.5526,0.27032,0.091179,0.13013,-0.10336,0.38624,0.18906,0.218,-0.024423,-0.089974,-0.00044892,0.36161,0.29764,-0.023252,0.16237,0.14134,-0.27009,0.075738,-0.17605,0.26201,0.24139,0.29879,0.088544,0.16142,-0.43494,-0.62221,0.0020943,-0.33526,-0.12264,-0.19228,0.25021,0.24753,0.10803,-0.11489,0.27621,0.1743,-0.14447,-0.14109,-0.14842,-0.32123,-0.017815,-0.11871,-0.26004,-0.13894,0.19554,0.14762,0.09724,0.33422,-0.0269,-0.18963,0.24648,0.36331,0.36771,0.18736,0.17483,0.20508,-0.2562,-0.23248,-0.24577,-0.2592,-0.23625,-0.21024,-0.23024,-0.50521,0.010216,-0.13008,-0.15345,-0.10186,-0.6762,-0.42239
-0.45472,0.59678,-0.20534,-0.26692,0.4064,0,-0.45231,0.40666,-0.72472,-0.26859,-0.46989,-0.11244,-0.26176,-0.16071,-0.41938,0.14447,0.16136,0.40797,0.052321,-0.052141,0.059288,0.46079,-0.55494,-0.047759,-0.048526,-0.015364,-0.45759,0.21656,-0.64836,-0.38511,-0.22341,-0.17307,0.16577,0.39543,-0.13739,0.63103,-0.33126,0.31149,-0.29062,0.25021,0.14168,0.73397,-0.2704,-0.22106,-0.32774,-0.47549,0.48354,0.41962,0.44571,0.081173,0.38766,-0.043445,-0.36569,0.36546,0.10268,0.49607,0.53104,-0.051065,-0.032352,-0.64315,-0.1901,-0.26895,0.10516,0.0062978,0.032461,0.36821,0.28924,0.014387,-0.03061,-0.14754,-0.10692,-0.48007,-0.59388,-0.17331,-0.66954,-0.4123,-0.07072,-0.044458,-0.24101,-0.26675,0.11674,-0.0096643,0.17631,0.15442,-0.055651,0.20682,0.25166,0.481,0.27352,0.26488,-0.11554,0.028755,0.36847,-0.10518,0.131,-0.13012,0.19941,0.31122,0.080244,0.16947,-0.10265,0.18689,0.23287,-0.50562,-0.116
0.24005,-0.40033,-0.41467,-0.12659,0.23568,-0.45231,0,0.46671,0.49884,0.42248,0.96322,0.55398,0.044747,0.0022326,0.19425,-0.1745,-0.44931,-0.76887,0.049122,0.010052,0.3289,-0.21504,0.66647,0.10941,0.29776,0.41238,0.37081,-0.70266,0.43855,0.6427,0.44674,0.77022,-0.47607,-0.35648,-0.040556,-0.025265,0.1579,0.13818,0.94508,0.2146,0.81203,-0.019814,0.85899,0.63539,0.16538,0.64193,-0.23437,-0.015853,-0.18962,-0.34758,-0.6046,0.00047069,0.65749,-0.12363,-0.46947,0.011025,-0.02092,-0.0051284,0.042834,0.20935,-0.0069242,0.42462,0.094644,0.10781,0.22837,-0.070821,-0.029945,-0.032825,-0.19834,0.33872,0.43823,0.6848,0.75598,0.27424,0.71784,-0.22128,-0.29617,-0.28265,-0.2373,-0.13267,-0.28606,-0.2969,-0.20778,-0.23383,0.074949,-0.43796,-0.15346,-0.21766,-0.069155,-0.38241,0.098521,0.20255,-0.19262,0.43977,0.16756,-0.15799,-0.1422,-0.53029,-0.51258,0.017898,0.13831,-0.57524,0.16426,0.078069,-0.25271
-0.20395,0.50645,-0.39588,-0.1399,0.16795,0.40666,0.46671,0,0.0078648,0.39716,0.42572,0.8481,-0.043191,-0.033113,-0.046135,0.15191,-0.15346,-0.23604,-0.11818,-0.28797,-0.027255,0.086023,0.13734,0.15249,0.31894,0.46487,-0.10392,-0.16851,0.012941,0.17588,0.47059,0.49022,-0.39539,-0.33074,-0.29213,0.30736,-0.15756,0.60538,0.43868,0.9635,0.77278,0.82171,0.4155,0.57529,0.18204,0.30684,-0.15056,-0.0024857,0.24102,-0.56953,-0.30325,-0.1759,0.25887,0.47242,-0.41082,0.15563,0.20413,-0.057384,0.0082797,-0.1362,0.11018,0.05656,0.30477,-0.10217,0.037524,-0.098502,-0.060932,-0.15967,-0.27183,0.0039922,0.10678,0.12798,0.13513,0.045394,0.20313,-0.45703,-0.094497,-0.1408,-0.38569,-0.34959,0.033132,-0.16596,-0.028375,-0.18654,0.090924,-0.373,-0.087101,-0.14781,-0.040223,-0.084756,0.026834,0.20051,0.11224,0.37857,0.5386,-0.11735,0.18896,-0.26879,-0.29796,-0.0074132,-0.11459,-0.31196,0.19229,-0.18179,-0.12869
0.5231,-0.086036,0.26091,0.4473,-0.17388,-0.72472,0.49884,0.0078648,0,0.43925,0.89501,0.45599,0.59078,0.6261,0.71802,0.35617,-0.057721,-0.14783,0.13342,0.095344,-0.20911,-0.38793,0.9541,0.35143,0.36801,0.52696,0.30607,-0.38286,0.61377,0.10974,0.15439,0.39309,-0.24528,-0.35405,0.34468,-0.095617,0.46251,0.12328,0.33625,-0.13616,0.0061323,-0.52517,0.44319,0.54124,0.34036,0.68123,-0.038257,0.082997,-0.00014263,-0.31986,-0.24482,0.025751,0.73753,-0.20616,-0.10871,-0.098174,-0.14625,0.4284,0.67174,1.1683,0.72026,0.23888,-0.18709,-0.32221,-0.043147,0.12035,0.20892,-0.34841,-0.49336,0.081848,0.043194,0.44754,0.65476,0.42126,0.93462,0.36294,0.4786,0.060886,0.32913,0.36067,0.23849,0.1368,0.020611,-0.0061468,0.13798,-0.089146,0.010807,-0.081954,0.16605,0.12319,0.4609,0.16122,0.026216,0.41477,0.09246,0.25711,0.13439,-0.37592,-0.03371,0.070871,0.050031,-0.0053994,0.16776,0.52955,0.51264
-0.12539,-0.0087582,-0.20966,0.027842,-0.21523,-0.26859,0.42248,0.39716,0.43925,0,0.78214,1.2983,0.15727,0.093627,0.17067,-0.219,0.071485,-0.16276,-0.081736,-0.21952,-0.28502,-0.46101,0.47478,-0.085579,0.28254,0.42709,-0.22026,-0.24513,0.34706,0.60626,0.37726,0.50317,-0.32784,-0.33349,-0.28357,0.097381,0.2159,0.60118,0.49545,0.3072,0.056847,-0.11228,0.27373,0.49591,0.33968,0.35938,-0.13052,-0.085581,0.16964,-0.46275,-0.33009,0.17456,-0.039581,-0.30947,-0.71913,-0.2747,-0.27294,0.0103,-0.075657,0.34729,0.17587,0.13446,0.039326,-0.16213,-0.14206,-0.20001,0.027439,-0.91107,-0.45623,-0.29255,-0.15401,0.11178,0.29565,0.19869,0.38524,-0.24702,-0.19089,-0.33461,-0.23957,-0.025507,-0.092132,0.069949,0.24043,-0.33268,-0.13589,-0.4907,-0.3384,-0.2588,-0.19086,-0.10044,-0.1068,0.17733,-0.18101,0.36478,0.35768,0.22161,0.043597,-0.44715,-0.34446,-0.02983,-0.16194,-0.24105,0.093787,0.42152,0.22392
0.1907,-0.16075,-0.11294,0.13936,0.005102,-0.46989,0.96322,0.42572,0.89501,0.78214,0,0.86951,0.49986,0.44104,0.62747,-0.0080321,-0.18875,-0.43829,-0.0040309,-0.064488,-0.067655,-0.26815,0.84463,0.19659,0.52328,0.67852,0.16273,-0.64041,0.65597,0.68417,0.6258,1.0095,-0.26002,-0.4519,0.017226,0.13247,0.46354,0.37314,0.98418,0.22882,0.34605,-0.23258,0.98338,1.023,0.48041,0.93246,-0.11179,0.084591,-0.014461,-0.54472,-0.56562,-0.017612,0.57087,-0.16383,-0.34966,-0.10168,-0.11902,0.24343,0.23118,0.54357,0.26956,0.42525,0.022539,-0.15367,0.11011,-0.050771,0.12754,-0.45902,-0.44532,0.098723,0.17957,0.70971,0.8904,0.46329,0.79995,-0.010237,0.014156,-0.13015,-0.13663,0.17193,-0.14198,-0.05922,-0.017549,-0.25616,0.033916,-0.42399,-0.26253,-0.16432,0.050781,-0.046156,0.30145,0.12915,-0.29294,0.4996,0.26793,0.073772,0.05588,-0.58894,-0.50437,0.21024,0.14181,-0.34789,0.3147,0.22555,0.039959
-0.13813,0.25619,-0.29012,-0.019213,-0.12171,-0.11244,0.55398,0.8481,0.45599,1.2983,0.86951,0,0.22042,0.16936,0.20412,0.062689,-0.088125,-0.3137,-0.14716,-0.32629,-0.36413,-0.39753,0.44981,0.0092776,0.31084,0.59698,-0.19695,-0.22021,0.35897,0.46058,0.61312,0.60293,-0.42159,-0.4884,-0.23884,0.18267,0.17101,0.81235,0.66879,0.69126,0.32786,0.18838,0.35675,0.58308,0.50313,0.61293,-0.27392,-0.17323,0.13429,-0.6644,-0.34464,-0.094469,0.16711,0.042931,-0.65389,-0.30478,-0.2418,0.081812,-0.01028,0.26867,0.30014,-0.0518,0.0039018,-0.32974,-0.15246,-0.31697,-0.14162,-0.75401,-0.59389,-0.31716,-0.16738,0.23167,0.41991,0.2697,0.52795,-0.25372,-0.045791,-0.30211,-0.32048,-0.04599,0.065588,-0.074633,0.075801,-0.35432,-0.065354,-0.5098,-0.30697,-0.32802,-0.29156,-0.037913,0.077593,0.14715,-0.081702,0.55137,0.64646,0.006992,0.10028,-0.62616,-0.36375,-0.18041,-0.21147,-0.28222,0.10412,0.2072,0.13126
0.010069,0.069839,0.39851,0.34284,0.1139,-0.26176,0.044747,-0.043191,0.59078,0.15727,0.49986,0.22042,0,1.2023,0.68812,0.20964,0.20533,0.09214,-0.18922,0.12546,-0.42696,-0.19367,0.35582,0.13717,0.40199,0.35572,0.17979,-0.03019,0.55494,0.097567,0.34868,0.2127,0.50861,-0.27827,0.53978,0.061999,0.58993,-0.043312,0.13766,-0.074384,-0.2013,-0.34239,0.35036,0.39184,0.5889,0.43321,-0.013592,-0.020992,-0.1411,0.069164,0.18204,-0.263,0.24334,-0.10752,0.19891,-0.22514,-0.12955,0.41775,0.46176,0.46771,0.32562,-0.017584,-0.36692,-0.67977,-0.35406,-0.047089,0.069689,-0.40751,-0.36346,0.063879,-0.061636,0.20716,0.17948,0.1722,0.18982,0.65781,0.69077,0.26642,0.29753,0.77665,0.33154,0.26567,0.11195,0.050199,-0.073551,0.17599,0.10029,-0.065136,0.12474,0.36488,0.49229,-0.19208,-0.32695,0.13703,-0.083042,0.2602,0.050541,-0.32702,-0.14071,0.16778,0.094049,0.13736,-0.025489,0.1797,0.25099
0.058299,0.1485,0.30798,0.25858,0.026439,-0.16071,0.0022326,-0.033113,0.6261,0.093627,0.44104,0.16936,1.2023,0,0.73934,0.51037,0.020532,0.098547,-0.25818,-0.038939,-0.34596,-0.16214,0.16438,0.062214,0.1684,0.15086,0.10378,-0.19383,0.18672,-0.24283,0.070023,0.040292,0.33608,-0.21127,0.46729,0.044548,0.36631,0.040735,-0.014383,-0.21486,-0.3295,-0.35488,0.17925,0.29613,0.30747,0.23494,0.15957,0.24815,0.03875,0.092768,0.16603,-0.21194,0.44991,0.13374,0.2551,-0.05322,-0.12609,0.38984,0.53597,0.46575,0.43336,0.18694,-0.0074935,-0.43557,-0.041818,0.12362,0.21441,-0.38815,-0.28556,0.022314,-0.065487,0.14498,0.17299,0.31491,0.2094,0.43586,0.57736,0.16413,0.2673,0.48396,0.23625,0.051246,-0.047892,-0.1808,-0.25602,-0.067506,-0.11826,0.10776,0.24017,0.40345,0.49503,0.17797,0.027753,0.33729,0.16328,0.2413,0.096563,-0.36603,-0.1255,0.22543,0.10519,0.050467,0.019754,0.26445,0.20302
0.34524,0.052614,0.44127,0.21482,-0.05635,-0.41938,0.19425,-0.046135,0.71802,0.17067,0.62747,0.20412,0.68812,0.73934,0,0.41847,0.2221,-0.019566,-0.30826,-0.23456,-0.4028,-0.3033,0.40354,0.15446,0.16985,0.17233,0.3566,-0.074461,0.62214,0.20819,0.41084,0.18252,0.070399,-0.46568,0.28999,-0.10979,0.40608,-0.013335,0.22692,-0.10112,-0.26703,-0.49552,0.41606,0.33812,0.74353,0.71568,-0.056149,0.0068533,-0.16647,-0.037942,0.054119,-0.21508,0.38869,0.013027,0.20128,-0.33868,-0.34747,0.35489,0.45525,0.53864,0.39289,0.28227,-0.081627,-0.015731,0.039078,-0.1063,0.1286,-0.19964,0.0062542,-0.068864,-0.15178,0.51075,0.52027,0.73569,0.50303,0.36317,0.44839,0.12805,-0.02459,0.78916,0.19469,0.17872,0.03413,-0.25966,-0.24018,-0.095084,-0.34031,-0.073323,0.0016847,0.47177,0.87951,-0.055017,-0.17199,0.37773,0.25638,0.33489,0.19491,-0.3065,-0.1837,0.41947,0.33511,0.076135,0.077134,0.1602,0.12877
0.099971,0.45211,0.12422,-0.011544,-0.17787,0.14447,-0.1745,0.15191,0.35617,-0.219,-0.0080321,0.062689,0.20964,0.51037,0.41847,0,-0.069995,0.013129,-0.25209,-0.37148,-0.33585,0.03453,0.014227,0.29871,-0.058127,0.083677,0.11462,0.15827,-0.11709,-0.6121,-0.10141,-0.28374,-0.16287,-0.38062,0.15445,0.0045438,-0.20762,0.045016,-0.23802,0.1183,-0.080814,0.1648,-0.17964,-0.009822,0.069124,0.12441,0.069081,0.12561,0.22185,-0.042869,0.27709,-0.17165,0.44343,0.79038,0.26646,0.03906,-0.022508,0.1641,0.39935,0.27914,0.77252,-0.1767,0.14941,-0.26749,-0.053097,0.092081,0.14232,-0.12008,-0.077897,-0.14299,-0.1693,-0.014635,0.021826,0.20451,0.18544,0.082624,0.63889,-0.0044119,-0.0809,0.18491,0.51672,-0.078889,-0.14555,-0.14103,-0.16337,-0.097025,-0.11606,0.023194,0.053152,0.28733,0.36108,0.23061,0.59663,0.49733,0.57741,-0.011674,0.38122,-0.14791,0.18763,0.016504,-0.016069,0.2019,0.17987,0.17955,0.23831
0.15124,0.3645,0.60823,0.14312,0.15407,0.16136,-0.44931,-0.15346,-0.057721,0.071485,-0.18875,-0.088125,0.20533,0.020532,0.2221,-0.069995,0,0.98512,-0.026928,0.13315,-0.25804,0.16396,0.13621,0.014831,0.47613,0.19796,-0.22186,0.40631,0.2612,-0.019551,-0.048853,-0.090106,0.43456,0.14367,0.11723,0.14744,0.29972,0.03517,-0.43526,-0.025349,-0.26712,0.025586,-0.036762,-0.092953,0.22143,0.0019537,0.32031,0.077799,0.324,-0.0032384,0.22827,0.12015,-0.2845,-0.25937,0.25747,-0.057144,0.1971,0.18954,0.29302,-0.080747,-0.12802,-0.051963,-0.31263,-0.21382,-0.41498,0.08079,0.24956,-0.086323,-0.16736,-0.0092397,-0.090978,-0.30403,-0.25392,-0.13727,-0.36171,0.37126,0.33517,0.19536,0.1802,0.33488,0.27485,1.3346,1.2062,0.19826,-0.13408,0.38304,0.19973,0.2455,0.12159,0.6112,0.16329,-0.17971,-0.0025521,-0.35637,-0.28063,0.31544,-0.066321,0.31343,0.062798,0.12685,-0.21496,0.22337,-0.26866,0.056513,0.35412
0.059161,0.5449,0.61448,0.34695,0.1278,0.40797,-0.76887,-0.23604,-0.14783,-0.16276,-0.43829,-0.3137,0.09214,0.098547,-0.019566,0.013129,0.98512,0,0.20404,0.32547,-0.14157,0.30792,-0.1114,0.021262,0.15204,0.015182,-0.33286,0.35619,-0.056209,-0.48437,-0.35664,-0.26773,0.36257,0.58049,0.036906,0.070656,0.12981,0.096849,-0.6288,-0.158,-0.42069,0.053361,-0.35104,-0.31862,-0.070327,-0.30253,0.49933,0.35742,0.28879,0.086817,0.32418,0.13874,-0.30042,-0.18257,0.30773,0.16941,0.25721,0.23451,0.33938,-0.024831,-0.035305,-0.11533,-0.21236,-0.075493,-0.2218,0.36313,0.31314,0.0026276,-0.13001,-0.10473,-0.27132,-0.40286,-0.41973,-0.18014,-0.47403,0.27391,0.30256,0.41124,0.49278,0.10116,0.33289,0.75435,0.65559,0.36115,0.092223,0.58685,0.5244,0.47223,0.34187,0.61558,0.11616,-0.10442,0.17573,-0.50284,-0.35119,0.29968,0.088317,0.47043,0.2419,0.11602,-0.29351,0.36971,-0.15066,-0.090976,0.39764
0.33187,-0.027684,0.10833,0.38253,-0.090535,0.052321,0.049122,-0.11818,0.13342,-0.081736,-0.0040309,-0.14716,-0.18922,-0.25818,-0.30826,-0.25209,-0.026928,0.20404,0,0.97887,0.40031,0.42084,0.39772,0.61642,0.22465,0.50146,-0.2167,-0.085673,0.025574,-0.045771,-0.29513,0.26063,0.017101,0.71454,0.3535,0.16863,0.032443,0.085109,0.022006,-0.088075,0.24266,-0.082398,0.22037,0.063078,-0.39646,-0.075198,0.42582,0.50814,0.23139,-0.20551,-0.22328,0.28073,0.028164,-0.3416,-0.12316,0.50777,0.68911,0.46112,0.4178,0.15337,0.13244,0.095676,-0.28725,0.05681,0.25421,0.77852,0.45252,0.13867,-0.4204,0.18562,0.20728,0.12615,0.068859,0.070473,0.076756,0.060442,0.096438,0.41064,0.55431,-0.33896,-0.09808,0.21043,0.083107,0.94301,0.76997,0.48231,0.67267,0.58296,0.6597,0.15988,-0.012278,0.18971,0.34244,-0.24785,-0.50875,-0.0032614,-0.060453,0.63702,0.5344,0.24626,0.026509,0.087553,0.33034,0.014326,0.36217
0.095049,-0.27055,0.07816,0.16558,0.1651,-0.052141,0.010052,-0.28797,0.095344,-0.21952,-0.064488,-0.32629,0.12546,-0.038939,-0.23456,-0.37148,0.13315,0.32547,0.97887,0,0.52163,0.41537,0.41691,0.3671,0.24063,0.2814,0.1663,0.08935,0.23834,-0.10146,-0.35841,0.048048,0.39679,0.68033,0.43669,-0.039939,0.043214,-0.27154,-0.16387,-0.25694,0.16797,-0.13149,0.21466,-0.13106,-0.36497,-0.19659,0.3057,0.30332,-0.077785,0.18863,-0.019649,0.20123,-0.068074,-0.56915,-0.06447,0.27325,0.57156,0.35253,0.33049,-0.035318,-0.16161,0.18336,-0.40055,-0.098698,-0.015753,0.52862,0.27089,0.1782,-0.29118,0.48884,0.38113,0.037588,-0.05195,-0.097468,-0.09399,0.18606,0.10459,0.28082,0.68794,-0.16974,-0.1744,0.25199,0.14214,0.63287,0.34519,0.42476,0.70512,0.454,0.45468,0.17397,-0.078509,0.085219,0.031918,-0.35175,-0.76113,-0.19232,-0.51297,0.32418,0.16292,0.16454,-0.084743,0.037037,0.07318,-0.0066596,0.098771
-0.01946,-0.53817,-0.46638,-0.36182,0.21709,0.059288,0.3289,-0.027255,-0.20911,-0.28502,-0.067655,-0.36413,-0.42696,-0.34596,-0.4028,-0.33585,-0.25804,-0.14157,0.40031,0.52163,0,0.6556,0.10663,0.22119,-0.0041299,-0.038765,0.25739,-0.2091,-0.094662,0.024161,-0.22379,0.1446,0.066997,0.39632,-0.059683,-0.11531,-0.41503,-0.45976,-0.096689,-0.13818,0.53475,0.19522,0.22768,-0.032122,-0.56643,-0.23889,0.12549,0.28955,-0.053136,0.22103,-0.18403,0.60764,0.0939,-0.19591,-0.30562,0.59902,0.52929,-0.44898,-0.18832,-0.32587,-0.32562,0.47745,0.33917,0.4621,0.58408,0.3689,0.15965,0.48764,0.23157,0.97506,1.0389,0.28744,0.1637,-0.045066,0.039271,-0.43838,-0.54205,-0.14224,-0.01773,-0.733,-0.85209,-0.2721,-0.21667,0.18023,0.093632,-0.13864,0.093025,0.13805,0.25187,-0.50236,-0.46493,0.30686,0.13892,-0.012732,-0.28167,-0.34758,-0.39488,0.21266,-0.18282,0.18361,0.2069,-0.24462,0.3699,0.028472,-0.30927
-0.007681,0.14027,-0.041366,-0.12656,0.011808,0.46079,-0.21504,0.086023,-0.38793,-0.46101,-0.26815,-0.39753,-0.19367,-0.16214,-0.3033,0.03453,0.16396,0.30792,0.42084,0.41537,0.6556,0,0.036627,0.60753,0.3118,0.25501,-0.1671,0.17234,-0.17845,-0.23397,-0.16674,0.039923,0.30111,0.36938,-0.014377,0.083975,-0.37687,-0.2147,-0.35826,0.24589,0.38201,0.60354,0.13606,0.015587,-0.40888,-0.24569,0.34848,0.45802,0.38161,-0.057616,-0.1329,0.38319,0.029418,0.27423,0.10934,0.64107,0.90419,-0.075843,0.038945,-0.37849,-0.088734,0.20013,0.28844,0.097879,0.24659,0.4507,0.31306,0.32296,0.0055832,0.57807,0.57677,0.059129,-0.1241,-0.24676,-0.34608,-0.12317,0.0051325,0.28054,0.04387,-0.54357,-0.30169,0.1924,0.11142,0.42045,0.2323,0.12233,0.23328,0.34465,0.44603,0.012815,-0.28221,0.23303,0.36049,-0.21441,-0.2211,-0.25911,-0.13003,0.59673,0.12107,0.28484,0.019142,-0.083648,0.28665,-0.066794,-0.066065
0.42683,-0.21271,0.064013,0.1805,-0.035614,-0.55494,0.66647,0.13734,0.9541,0.47478,0.84463,0.44981,0.35582,0.16438,0.40354,0.014227,0.13621,-0.1114,0.39772,0.41691,0.10663,0.036627,0,0.63525,0.7674,0.98617,0.30778,-0.23271,0.90687,0.4206,0.22322,0.58279,-0.21148,-0.28278,0.19012,-0.03966,0.26521,0.073934,0.39941,0.18617,0.45001,-0.1437,0.79417,0.55892,0.19738,0.64277,0.031323,0.13416,0.059252,-0.43499,-0.47797,0.1642,0.47701,-0.32137,-0.27056,-0.037909,0.18367,0.4062,0.47706,0.5182,0.30404,0.32774,-0.2642,-0.27688,-0.17943,0.17716,0.29761,-0.30823,-0.56901,0.33958,0.31765,0.47697,0.55399,0.17983,0.55913,0.16757,0.25777,-0.0064163,0.12043,0.096229,0.034725,0.354,0.2885,0.12925,0.19241,-0.089604,0.13229,-0.0019531,0.1759,0.082368,0.20096,0.1597,-0.061382,0.17417,-0.099058,-0.030706,-0.18422,-0.21776,-0.18931,0.13466,-0.10035,-0.26834,0.17806,0.35684,0.2461
0.41082,0.14558,0.17533,0.29513,-0.2734,-0.047759,0.10941,0.15249,0.35143,-0.085579,0.19659,0.0092776,0.13717,0.062214,0.15446,0.29871,0.014831,0.021262,0.61642,0.3671,0.22119,0.60753,0.63525,0,0.42431,0.68332,0.12738,0.12993,0.20652,-0.035008,0.071692,0.22017,0.010516,-0.039437,0.34343,-0.03798,-0.12739,-0.14907,-0.062729,0.22775,0.33764,0.15919,0.42193,0.38647,0.0053696,0.24194,0.06742,0.2499,0.2748,-0.24664,-0.16096,0.24619,0.33825,0.13831,-0.02205,0.34928,0.52199,0.25821,0.51416,0.33641,0.60293,0.16929,-0.010676,-0.065247,0.11484,0.42982,0.37422,-0.0021156,-0.26699,0.39675,0.2976,0.37067,0.19792,0.18298,0.28109,0.13929,0.44304,0.44113,0.22327,-0.090825,0.097075,0.23812,-0.027186,0.6414,0.55615,0.23422,0.2761,0.073855,0.46409,0.093906,0.10005,0.13402,0.3171,0.072714,-0.11489,0.10145,0.19259,0.41058,0.37461,0.41817,0.25388,0.11408,0.41226,0.24411,0.43633
0.38721,0.15997,0.27023,0.25927,0.25803,-0.048526,0.29776,0.31894,0.36801,0.28254,0.52328,0.31084,0.40199,0.1684,0.16985,-0.058127,0.47613,0.15204,0.22465,0.24063,-0.0041299,0.3118,0.7674,0.42431,0,1.1539,-0.13393,-0.32208,0.44367,0.30308,0.20839,0.70836,0.066446,-0.17529,0.19649,0.49493,0.54521,0.28819,0.23657,0.2948,0.50861,0.1799,0.83053,0.81795,0.12452,0.43063,0.33047,0.30398,0.53101,-0.67092,-0.53267,0.018319,0.44615,-0.080336,0.14572,0.29084,0.5936,0.40818,0.53829,0.13125,0.00037459,0.25684,-0.19831,-0.57553,-0.31687,0.27231,0.43616,-0.17124,-0.72936,0.43395,0.44598,0.078042,0.1637,-0.24814,0.013126,0.38109,0.37412,0.15522,0.13493,0.090952,0.17193,0.83429,0.81417,0.2437,0.23362,0.11088,0.28267,0.23068,0.44563,0.2247,0.16365,0.04286,-0.046036,-0.18113,-0.30083,0.056747,-0.088487,0.021516,-0.16965,0.11034,-0.2495,-0.32194,-0.0010436,0.065433,0.22348
0.28445,0.26039,0.11625,0.28521,0.05984,-0.015364,0.41238,0.46487,0.52696,0.42709,0.67852,0.59698,0.35572,0.15086,0.17233,0.083677,0.19796,0.015182,0.50146,0.2814,-0.038765,0.25501,0.98617,0.68332,1.1539,0,-0.2339,-0.24061,0.52652,0.34406,0.35239,0.89045,-0.094831,-0.12422,0.23288,0.46223,0.36012,0.49755,0.44854,0.53596,0.62629,0.21276,0.79531,0.78355,0.21306,0.62794,0.24915,0.3243,0.41164,-0.79642,-0.44702,0.026025,0.40291,-0.026337,-0.16001,0.21453,0.49525,0.52974,0.55344,0.30425,0.32758,0.034868,-0.30797,-0.53526,-0.17446,0.30926,0.38698,-0.34209,-1.0102,0.16665,0.22808,0.3201,0.36469,0.079888,0.29954,0.18061,0.40416,0.18138,0.081214,-0.014042,0.20596,0.47279,0.43031,0.37139,0.40231,0.11531,0.32109,0.21144,0.37591,0.25871,0.26192,0.12545,0.13489,0.091621,-0.049842,0.0056042,0.059581,-0.00022747,-0.0084916,0.12737,-0.18582,-0.22767,0.28928,0.10653,0.35214
0.040996,-0.57719,-0.12413,-0.18389,0.15944,-0.45759,0.37081,-0.10392,0.30607,-0.22026,0.16273,-0.19695,0.17979,0.10378,0.3566,0.11462,-0.22186,-0.33286,-0.2167,0.1663,0.25739,-0.1671,0.30778,0.12738,-0.13393,-0.2339,0,0.048342,0.39524,0.070045,0.0085025,-0.1762,-0.086243,-0.4092,0.10234,-0.51868,-0.2056,-0.74007,0.029225,-0.24032,0.12593,-0.22014,0.2375,-0.030209,0.041398,0.10235,-0.36391,-0.2926,-0.66771,0.44605,0.10506,-0.10106,0.23507,-0.11284,-0.026477,-0.19098,-0.18927,-0.13916,0.044791,0.11548,-0.010986,0.33235,0.022225,0.16552,-0.084099,-0.14502,-0.12894,0.23978,0.45307,0.48372,0.28149,0.26048,0.14588,0.095981,0.2912,0.0039071,0.032518,-0.17775,-0.029464,0.23681,-0.05163,-0.25859,-0.3355,-0.21112,-0.17629,-0.16821,-0.058212,-0.33399,-0.15243,-0.21721,0.11154,-0.088269,-0.3195,0.14975,-0.078203,-0.1493,-0.2262,-0.35516,-0.31017,0.12477,0.21962,-0.042189,0.0021647,0.023018,-0.31922
-0.36798,0.23491,0.074606,-0.20525,-0.31922,0.21656,-0.70266,-0.16851,-0.38286,-0.24513,-0.64041,-0.22021,-0.03019,-0.19383,-0.074461,0.15827,0.40631,0.35619,-0.085673,0.08935,-0.2091,0.17234,-0.23271,0.12993,-0.32208,-0.24061,0.048342,0,-0.0084992,-0.23575,-0.040848,-0.70454,0.43055,0.11502,0.010443,-0.38255,-0.43105,-0.35053,-0.62999,0.14064,-0.33903,0.22635,-0.54228,-0.67111,0.13685,-0.28142,-0.29529,-0.46692,-0.15661,0.4551,0.71624,0.059191,-0.7251,0.068395,-0.057905,-0.39216,-0.12445,-0.15977,-0.22029,-0.24723,0.091849,-0.47714,-0.14612,-0.0026332,-0.2946,-0.30915,-0.32765,0.011655,0.22981,-0.24289,-0.31942,-0.2506,-0.40458,-0.016859,-0.29454,-0.020456,0.17314,0.12162,0.0059572,0.10431,0.13351,0.13178,0.0034457,0.1606,-0.12049,0.21726,0.028831,-0.23081,-0.38881,0.19501,-0.17996,-0.23071,0.068865,-0.023125,0.10749,-0.040327,-0.044806,0.29061,0.32805,-0.020727,0.020017,0.55162,-0.11379,0.083583,0.15353
0.16405,-0.1536,0.278,0.22985,-0.00072375,-0.64836,0.43855,0.012941,0.61377,0.34706,0.65597,0.35897,0.55494,0.18672,0.62214,-0.11709,0.2612,-0.056209,0.025574,0.23834,-0.094662,-0.17845,0.90687,0.20652,0.44367,0.52652,0.39524,-0.0084992,0,0.63273,0.66346,0.54978,0.0035347,-0.38041,0.13905,-0.22486,0.37672,-0.041483,0.46386,0.2492,0.1923,-0.2295,0.65472,0.37369,0.72066,0.90793,-0.28964,-0.28962,-0.4996,-0.21442,-0.22738,-0.12823,0.18357,-0.35392,-0.20543,-0.4882,-0.23795,0.22616,0.19638,0.3821,0.11272,0.067846,-0.45951,-0.24659,-0.29252,-0.29966,-0.18488,-0.098263,-0.17231,0.17813,0.08874,0.65122,0.62036,0.25649,0.56423,0.35693,0.29351,0.13287,0.090391,0.35452,0.084887,0.31445,0.17293,0.012406,0.076093,0.0052263,0.052447,-0.28067,-0.19377,0.15316,0.47298,-0.22083,-0.46495,0.03591,-0.14012,0.027566,-0.20305,-0.33192,-0.30617,-0.020805,-0.10276,-0.20127,-0.021374,0.083891,0.039346
-0.05426,-0.42037,-0.18712,-0.076049,0.029494,-0.38511,0.6427,0.17588,0.10974,0.60626,0.68417,0.46058,0.097567,-0.24283,0.20819,-0.6121,-0.019551,-0.48437,-0.045771,-0.10146,0.024161,-0.23397,0.4206,-0.035008,0.30308,0.34406,0.070045,-0.23575,0.63273,0,0.84324,0.7944,-0.1091,-0.32156,-0.1858,0.05501,0.30395,0.11078,0.92933,0.28656,0.31639,-0.1605,0.6731,0.52633,0.47813,0.59904,-0.28911,-0.267,-0.27537,-0.26499,-0.37336,0.065737,-0.087937,-0.40043,-0.43597,-0.28158,-0.20898,-0.10458,-0.30554,0.097502,-0.19207,0.13697,-0.1162,0.12419,-0.0042567,-0.34101,-0.133,-0.1959,-0.010085,0.0079512,0.12043,0.53727,0.48735,0.18568,0.32008,-0.12651,-0.33707,-0.15149,-0.42657,0.14881,-0.32386,0.00078539,0.060108,-0.10293,0.053489,-0.20076,-0.22666,-0.35364,-0.24496,-0.27989,-0.0019397,-0.25572,-0.6891,0.11196,-0.0094757,0.078884,-0.019887,-0.22724,-0.41199,0.16332,0.22716,-0.27484,0.19017,0.0092803,-0.18821
-0.068552,0.14684,-0.00093171,0.094638,-0.059427,-0.22341,0.44674,0.47059,0.15439,0.37726,0.6258,0.61312,0.34868,0.070023,0.41084,-0.10141,-0.048853,-0.35664,-0.29513,-0.35841,-0.22379,-0.16674,0.22322,0.071692,0.20839,0.35239,0.0085025,-0.040848,0.66346,0.84324,0,0.75098,-0.05221,-0.4672,-0.18004,-0.079419,0.29731,0.20668,0.79884,0.68069,0.28351,0.13601,0.49341,0.5616,1.2446,1.1008,-0.66349,-0.50554,-0.38064,-0.38638,-0.21833,-0.16587,0.10654,0.068801,-0.30856,-0.44152,-0.41061,-0.14203,-0.23089,0.20422,0.15816,-0.17122,-0.070781,-0.037737,0.018627,-0.67743,-0.52182,-0.11332,-0.023913,-0.11745,-0.087564,0.82875,0.70409,0.35698,0.55755,0.025441,-0.02583,0.13161,-0.31696,0.23631,-0.04314,-0.097051,-0.18318,-0.096765,0.16876,-0.12568,-0.23327,-0.67586,-0.45186,-0.15866,0.28362,-0.42035,-0.56339,0.28556,0.31525,0.099332,0.25865,-0.32413,-0.32808,-0.036112,0.23623,-0.080866,0.14078,-0.082519,-0.058408
0.2139,0.010296,-0.010503,0.28956,0.14044,-0.17307,0.77022,0.49022,0.39309,0.50317,1.0095,0.60293,0.2127,0.040292,0.18252,-0.28374,-0.090106,-0.26773,0.26063,0.048048,0.1446,0.039923,0.58279,0.22017,0.70836,0.89045,-0.1762,-0.70454,0.54978,0.7944,0.75098,0,-0.20417,-0.12926,-0.028908,0.36038,0.51347,0.4705,1.0262,0.41562,0.63566,0.039194,1.0379,1.1277,0.38126,0.87311,0.0034693,0.15327,0.058097,-0.8017,-0.71507,0.054826,0.42879,-0.16555,-0.30726,0.18601,0.17587,0.13479,0.14736,0.29802,0.076958,0.20303,-0.072867,-0.11494,0.20452,0.053839,0.092612,-0.087962,-0.43843,0.21088,0.32546,0.72472,0.78654,0.20778,0.56084,0.023804,-0.051254,0.12646,-0.049665,-0.07837,-0.17321,0.09221,0.10266,0.15252,0.4374,-0.06615,0.084448,-0.033826,0.20004,-0.12613,0.23583,-0.031135,-0.2423,0.11635,-0.048005,0.0865,0.13909,-0.14312,-0.28519,0.10728,0.068617,-0.35455,0.37739,-0.044423,0.065409
-0.19186,-0.041566,0.24231,-0.039363,0.12833,0.16577,-0.47607,-0.39539,-0.24528,-0.32784,-0.26002,-0.42159,0.50861,0.33608,0.070399,-0.16287,0.43456,0.36257,0.017101,0.39679,0.066997,0.30111,-0.21148,0.010516,0.066446,-0.094831,-0.086243,0.43055,0.0035347,-0.1091,-0.05221,-0.20417,0,0.42866,0.56714,0.074893,0.19142,-0.43882,-0.47878,-0.35099,-0.3696,-0.1662,-0.050877,-0.2061,0.10182,-0.21728,0.1508,0.017909,-0.0051349,0.59805,0.55961,0.12687,-0.36394,-0.25615,0.2412,0.040148,0.20812,0.018164,0.061102,-0.23467,-0.17223,-0.047551,-0.22013,-0.19024,0.0030259,0.083977,0.052456,0.0556,-0.0056214,0.23022,0.17747,-0.0851,-0.20145,0.05071,-0.35558,0.3584,0.20299,0.27455,0.31591,0.29785,-0.17928,0.27572,0.14178,0.32206,-0.16057,0.38625,0.10006,0.17895,0.1599,0.29626,-0.031654,-0.18279,-0.11828,-0.14192,-0.34809,0.10077,-0.24485,0.31285,0.12608,0.29393,0.32129,0.40413,-0.028725,0.084847,0.1229
0.0082404,0.046114,0.049026,0.10302,0.14257,0.39543,-0.35648,-0.33074,-0.35405,-0.33349,-0.4519,-0.4884,-0.27827,-0.21127,-0.46568,-0.38062,0.14367,0.58049,0.71454,0.68033,0.39632,0.36938,-0.28278,-0.039437,-0.17529,-0.12422,-0.4092,0.11502,-0.38041,-0.32156,-0.4672,-0.12926,0.42866,0,0.13959,0.1161,0.038046,0.0037576,-0.32104,-0.39572,-0.17088,-0.064142,-0.30327,-0.4567,-0.42365,-0.46759,0.43011,0.42891,0.15116,0.23645,0.21626,0.35876,-0.34899,-0.42135,0.003633,0.42368,0.41172,0.079888,0.041746,-0.21456,-0.24575,-0.042093,-0.13444,0.29198,0.39422,0.52407,0.21556,0.26507,-0.11024,0.0040655,0.018325,-0.13853,-0.17183,0.040247,-0.30508,-0.070016,-0.23713,0.27086,0.50482,-0.27716,-0.27598,0.064675,0.056046,0.55428,0.30628,0.5179,0.50145,0.59037,0.37605,0.1575,-0.20516,0.012628,0.21754,-0.30523,-0.39937,-0.0021491,-0.093273,0.62677,0.34463,0.16404,0.1034,0.36365,0.14691,-0.13663,0.17862
0.38834,-0.0052979,0.50769,0.37706,0.08952,-0.13739,-0.040556,-0.29213,0.34468,-0.28357,0.017226,-0.23884,0.53978,0.46729,0.28999,0.15445,0.11723,0.036906,0.3535,0.43669,-0.059683,-0.014377,0.19012,0.34343,0.19649,0.23288,0.10234,0.010443,0.13905,-0.1858,-0.18004,-0.028908,0.56714,0.13959,0,0.19811,0.31923,-0.26359,-0.21118,-0.45268,-0.14561,-0.4497,0.28868,0.12704,0.020031,0.047401,0.31268,0.21484,0.057201,0.26782,0.28221,-0.2117,0.24587,-0.10214,0.37038,0.20239,0.34662,0.60081,0.87627,0.2094,0.24344,0.079528,-0.44166,-0.34148,0.029537,0.43688,0.34241,0.14261,-0.25716,0.27745,0.2024,0.026846,-0.041417,0.2504,0.080551,0.73887,0.7747,0.46013,0.62234,0.37608,0.24714,0.3223,0.056777,0.54283,0.12987,0.52762,0.3083,0.42976,0.54643,0.52594,0.53025,0.12036,0.27287,-0.033589,-0.4376,0.28188,-0.096454,0.30641,0.52969,0.32463,0.28897,0.19329,-0.054264,0.13394,0.35927
0.0033433,0.2852,-0.02698,-0.01781,0.5526,0.63103,-0.025265,0.30736,-0.095617,0.097381,0.13247,0.18267,0.061999,0.044548,-0.10979,0.0045438,0.14744,0.070656,0.16863,-0.039939,-0.11531,0.083975,-0.03966,-0.03798,0.49493,0.46223,-0.51868,-0.38255,-0.22486,0.05501,-0.079419,0.36038,0.074893,0.1161,0.19811,0,0.36365,0.6406,0.17664,0.089533,0.25992,0.18131,0.2643,0.29591,-0.14684,0.010492,0.72708,0.55593,0.66751,-0.32379,-0.053187,-0.21775,0.0064299,0.036527,0.26816,0.45292,0.55615,0.36624,0.31951,-0.26993,-0.20093,-0.097313,-0.27807,-0.42629,-0.11368,0.47713,0.58569,-0.24486,-0.56001,-0.058629,0.050534,-0.3115,-0.17945,-0.076878,-0.31908,0.0070012,0.12455,-0.16084,-0.17084,0.079612,0.21673,0.26552,0.52976,0.14074,-0.022524,0.19256,0.19026,0.66077,0.49049,0.3965,0.18392,-0.021187,0.14259,-0.15438,-0.075736,-0.072372,0.072905,0.047775,-0.057686,0.12752,-0.1625,-0.089853,0.17898,-0.4027,0.0056232
0.5539,0.075142,0.56409,0.56961,0.27032,-0.33126,0.1579,-0.15756,0.46251,0.2159,0.46354,0.17101,0.58993,0.36631,0.40608,-0.20762,0.29972,0.12981,0.032443,0.043214,-0.41503,-0.37687,0.26521,-0.12739,0.54521,0.36012,-0.2056,-0.43105,0.37672,0.30395,0.29731,0.51347,0.19142,0.038046,0.31923,0.36365,0,0.34995,0.40284,-0.22126,-0.14641,-0.49584,0.34631,0.39412,0.52327,0.59838,0.093543,0.033522,0.079336,-0.37099,-0.22966,-0.24007,0.28079,-0.44611,0.37519,-0.14226,-0.11837,0.49954,0.4142,0.39549,-0.037456,-0.035252,-0.58732,-0.39451,-0.18639,-0.021362,0.074263,-0.16713,-0.5555,-0.10204,-0.14294,0.16237,0.36532,0.12887,0.18354,0.77386,0.27808,0.23714,0.37596,0.71823,0.28475,0.49111,0.42142,0.14097,0.2156,0.37829,0.19135,0.098898,0.13697,0.31685,0.49808,-0.45679,-0.45776,-0.22413,-0.30105,0.29239,0.088823,-0.14686,-0.090443,-0.064478,0.0082076,0.071585,-0.22387,-0.077681,0.30998
0.029364,0.63522,-0.034184,0.17672,0.091179,0.31149,0.13818,0.60538,0.12328,0.60118,0.37314,0.81235,-0.043312,0.040735,-0.013335,0.045016,0.03517,0.096849,0.085109,-0.27154,-0.45976,-0.2147,0.073934,-0.14907,0.28819,0.49755,-0.74007,-0.35053,-0.041483,0.11078,0.20668,0.4705,-0.43882,0.0037576,-0.26359,0.6406,0.34995,0,0.50212,0.5047,0.18364,0.24293,0.1175,0.30724,0.16849,0.2997,0.22292,0.25844,0.44701,-0.90721,-0.37004,-0.29928,0.094303,0.12865,-0.1106,-0.023063,0.0018886,0.40612,0.15547,0.044077,0.04625,-0.1708,-0.12419,-0.25715,-0.10328,0.042315,0.11778,-0.48485,-0.7279,-0.60134,-0.43374,-0.092187,0.11622,0.10635,0.055447,-0.13531,-0.017548,-0.099184,-0.14965,-0.089349,0.29031,0.10914,0.31652,-0.16736,0.1009,-0.11095,0.0088993,0.2391,0.036199,0.33233,0.2356,0.078535,0.10946,0.056439,0.373,-0.019248,0.21903,-0.23666,-0.13061,-0.18509,-0.4535,-0.24186,-0.0066382,-0.26503,0.095725
0.052835,-0.16435,-0.24632,0.086042,0.13013,-0.29062,0.94508,0.43868,0.33625,0.49545,0.98418,0.66879,0.13766,-0.014383,0.22692,-0.23802,-0.43526,-0.6288,0.022006,-0.16387,-0.096689,-0.35826,0.39941,-0.062729,0.23657,0.44854,0.029225,-0.62999,0.46386,0.92933,0.79884,1.0262,-0.47878,-0.32104,-0.21118,0.17664,0.40284,0.50212,0,0.40455,0.50224,-0.076534,0.67775,0.64653,0.42316,0.83498,-0.23929,-0.082242,-0.27081,-0.59327,-0.59267,-0.25968,0.32245,-0.08801,-0.31832,-0.19462,-0.23837,0.17689,-0.094761,0.26948,0.0037511,0.049095,-0.11625,0.010361,0.084476,-0.23191,-0.14933,-0.19253,-0.24047,-0.17017,-0.04845,0.6503,0.70755,0.26553,0.54661,-0.13056,-0.22411,-0.11124,-0.31116,0.095523,-0.087229,-0.28903,-0.19368,-0.19061,0.23546,-0.23323,-0.090089,-0.21174,-0.15831,-0.19903,0.26428,-0.15939,-0.48146,0.25339,0.2107,-0.094685,0.149,-0.50351,-0.42205,-0.020526,0.069517,-0.37312,0.23316,-0.21932,-0.24445
-0.26343,0.50922,-0.25231,-0.13898,-0.10336,0.25021,0.2146,0.9635,-0.13616,0.3072,0.22882,0.69126,-0.074384,-0.21486,-0.10112,0.1183,-0.025349,-0.158,-0.088075,-0.25694,-0.13818,0.24589,0.18617,0.22775,0.2948,0.53596,-0.24032,0.14064,0.2492,0.28656,0.68069,0.41562,-0.35099,-0.39572,-0.45268,0.089533,-0.22126,0.5047,0.40455,0,0.67261,0.99568,0.25043,0.31903,0.33315,0.41837,-0.31497,-0.22714,0.058106,-0.68095,-0.35902,-0.20576,0.033226,0.52856,-0.34709,-0.19113,0.021043,-0.052165,-0.22575,-0.18942,0.092157,-0.27588,0.079582,-0.21416,-0.21204,-0.3849,-0.3269,-0.16977,-0.22802,-0.15028,-0.066011,0.20954,0.16041,-0.094662,0.10198,-0.28673,-0.010193,-0.023749,-0.46735,-0.32983,0.10253,-0.023724,0.02717,-0.11467,0.14063,-0.2743,-0.083796,-0.30829,-0.33605,-0.052754,-0.0090549,-0.0043358,0.001966,0.14183,0.45808,-0.31414,0.071947,-0.19456,-0.21647,-0.26482,-0.36364,-0.36903,0.049824,-0.21545,-0.1781
0.039152,-0.045791,-0.50232,-0.27421,0.38624,0.14168,0.81203,0.77278,0.0061323,0.056847,0.34605,0.32786,-0.2013,-0.3295,-0.26703,-0.080814,-0.26712,-0.42069,0.24266,0.16797,0.53475,0.38201,0.45001,0.33764,0.50861,0.62629,0.12593,-0.33903,0.1923,0.31639,0.28351,0.63566,-0.3696,-0.17088,-0.14561,0.25992,-0.14641,0.18364,0.50224,0.67261,0,0.72352,0.66893,0.45014,-0.12308,0.32145,-0.036877,0.10082,0.085256,-0.4749,-0.55028,-0.012542,0.4177,0.19385,-0.31017,0.32197,0.50794,-0.056412,-0.0047259,-0.25732,-0.15818,0.12363,0.05857,-0.090629,0.042354,0.090461,0.028763,0.1643,-0.27223,0.51146,0.62933,0.31798,0.28503,-0.15717,0.18333,-0.33318,-0.19527,-0.1998,-0.30948,-0.49558,-0.16241,-0.11946,0.0016348,0.066384,0.24604,-0.20206,0.17497,-0.0105,0.066723,-0.30008,-0.09964,0.15567,0.057984,0.10567,0.042456,-0.52427,-0.20099,-0.16458,-0.34355,-0.11121,-0.16758,-0.5774,0.21667,-0.24403,-0.34202
-0.32892,0.51691,-0.40351,-0.40047,0.18906,0.73397,-0.019814,0.82171,-0.52517,-0.11228,-0.23258,0.18838,-0.34239,-0.35488,-0.49552,0.1648,0.025586,0.053361,-0.082398,-0.13149,0.19522,0.60354,-0.1437,0.15919,0.1799,0.21276,-0.22014,0.22635,-0.2295,-0.1605,0.13601,0.039194,-0.1662,-0.064142,-0.4497,0.18131,-0.49584,0.24293,-0.076534,0.99568,0.72352,0,-0.042224,-0.006144,-0.12798,-0.083333,-0.077492,-0.028688,0.27532,-0.29241,-0.10511,-0.029282,-0.035061,0.62635,-0.15429,0.19703,0.37064,-0.29037,-0.256,-0.61917,-0.14427,-0.24795,0.24789,-0.11456,-0.12857,-0.10249,-0.16434,0.093018,-0.084765,0.11483,0.16095,-0.14825,-0.20862,-0.38208,-0.28603,-0.4501,-0.14653,-0.13646,-0.40484,-0.58873,0.030933,-0.053203,0.080349,-0.026405,0.042,-0.1548,0.083108,-0.081955,-0.1484,-0.13728,-0.30529,0.072212,0.24705,-0.0060014,0.29929,-0.47838,-0.031981,0.017206,-0.16986,-0.2743,-0.37133,-0.23805,0.016417,-0.32032,-0.26619
0.31996,-0.16192,0.048491,0.16738,0.218,-0.2704,0.85899,0.4155,0.44319,0.27373,0.98338,0.35675,0.35036,0.17925,0.41606,-0.17964,-0.036762,-0.35104,0.22037,0.21466,0.22768,0.13606,0.79417,0.42193,0.83053,0.79531,0.2375,-0.54228,0.65472,0.6731,0.49341,1.0379,-0.050877,-0.30327,0.28868,0.2643,0.34631,0.1175,0.67775,0.25043,0.66893,-0.042224,0,1.1131,0.23551,0.66204,0.085114,0.20992,0.018575,-0.44611,-0.63059,-0.12935,0.58058,-0.073492,-0.089833,0.19746,0.35303,0.3308,0.40256,0.1514,-0.023274,0.62288,-0.027037,-0.096072,0.13331,0.17088,0.27062,0.037282,-0.27611,0.55883,0.60037,0.60989,0.53026,0.216,0.40233,0.1523,0.1346,0.14037,-0.022606,0.024417,-0.16845,0.19015,0.12243,0.074968,0.20193,-0.13411,0.0047693,0.10291,0.35996,0.075414,0.37846,0.15966,-0.18719,0.091636,-0.17178,0.025503,-0.13739,-0.12328,-0.29947,0.40184,0.16255,-0.53948,0.20352,-0.054319,-0.13735
0.28249,0.08719,0.13053,0.41743,-0.024423,-0.22106,0.63539,0.57529,0.54124,0.49591,1.023,0.58308,0.39184,0.29613,0.33812,-0.009822,-0.092953,-0.31862,0.063078,-0.13106,-0.032122,0.015587,0.55892,0.38647,0.81795,0.78355,-0.030209,-0.67111,0.37369,0.52633,0.5616,1.1277,-0.2061,-0.4567,0.12704,0.29591,0.39412,0.30724,0.64653,0.31903,0.45014,-0.006144,1.1131,0,0.30562,0.63825,0.025253,0.17412,0.24754,-0.70863,-0.65197,-0.0185,0.67628,0.10901,-0.12245,0.30038,0.23517,0.18575,0.37117,0.46733,0.31807,0.43406,0.18807,-0.20962,0.12108,0.12455,0.25011,-0.14718,-0.33675,0.30875,0.37962,0.45536,0.45586,0.0887,0.4826,0.167,0.22741,0.23226,0.010042,0.013036,-0.0010514,0.16949,0.087166,0.089693,0.35469,-0.15905,-0.024861,-0.077429,0.38871,-0.10271,0.25712,0.16617,-0.091205,0.19905,-0.008536,0.36162,0.30517,-0.094167,-0.13018,0.29517,0.16547,-0.34185,0.28589,0.17658,0.19661
