,,,,,,,,,,,,,,,,,,,,,,,,,,,,,,,,,,,,,,,,,,,,,,,,,,,,,,,,,,,,,,,,,,,,,,,,,,,,,,,,,,,,,,,,,,,,,,,,,,,,,,,,
0,0.059534,0.71355,0.60552,0.15095,-0.32811,0.38256,-0.21059,0.64187,-0.040143,0.17751,-0.07592,0.15741,0.2102,0.35645,-0.0082337,0.15851,0.023589,0.31948,0.17618,-0.25224,-0.18238,0.41848,0.15175,0.38388,0.40665,-0.054463,-0.34461,0.26447,0.13632,-0.038189,0.27631,-0.039447,0.11981,0.39755,-0.0031572,0.73433,0.16891,0.2611,-0.28309,-0.066566,-0.45905,0.19736,0.15041,0.084924,0.3318,0.31141,0.34146,0.16802,-0.27134,-0.24836,-0.037727,0.79214,0.01333,0.41169,0.15835,0.10707,0.67883,0.93397,0.68395,0.3055,0.16762,-0.26551,0.080795,0.12175,0.38271,0.31722,0.36627,-0.37498,-0.0067633,0.087233,0.30313,0.41084,0.16333,0.28464,0.81842,0.47642,0.40067,0.5534,0.32801,0.23083,0.37874,0.12977,0.323,0.34457,0.38261,0.29995,0.37439,0.39821,0.29748,0.56589,0.054756,0.18282,-0.029906,-0.29962,0.45778,0.20419,0.26711,0.42838,0.078192,0.073975,0.026851,-0.2677,0.22444,0.60032
0.059534,0,0.26411,0.27887,0.095659,0.92884,-0.34753,0.78909,-0.40358,0.083779,-0.38894,0.27977,-0.42963,-0.30321,-0.25083,0.053541,0.21342,0.39447,-0.023478,-0.30468,-0.29766,0.39061,-0.28173,0.30257,-0.047284,0.13081,-0.30467,0.24454,-0.075724,-0.26709,0.027433,-0.013326,-0.36963,-0.18089,-0.47815,0.11467,-0.18173,0.58368,-0.22109,0.73225,0.043801,0.74191,-0.32136,-0.12813,0.0085609,-0.15774,0.075757,0.050645,0.28229,-0.40991,-0.10536,-0.20381,0.027551,0.77205,0.09833,0.10584,0.10787,0.028072,0.0065543,-0.20591,0.21135,-0.3421,0.069046,0.20339,-0.13335,0.012932,-0.071022,0.18816,0.20873,-0.31414,-0.3228,-0.16828,-0.17685,-0.20937,-0.16615,-0.080328,0.19606,0.13373,-0.12484,-0.35057,0.36163,0.12851,0.071808,0.12006,0.15352,0.068969,0.088139,0.10223,0.048761,0.28451,0.09466,-0.1651,0.24745,-0.52257,0.15537,0.10451,0.35606,0.41472,0.2031,-0.23109,-0.50912,-0.026018,-0.1881,-0.5505,0.16148
0.71355,0.26411,0,0.96563,0.15757,-0.1194,-0.18165,-0.33241,0.23162,-0.16897,-0.1717,-0.36305,0.2486,0.16369,0.37542,-0.1083,0.65079,0.63335,0.1268,0.23597,-0.48283,-0.09354,0.15097,0.12752,0.25868,0.12831,0.055237,0.068066,0.37236,0.007172,-0.10378,-0.035309,0.13567,0.061005,0.28175,-0.15196,0.455,-0.086508,-0.17366,-0.25251,-0.4632,-0.36188,0.0079286,-0.023555,0.14425,0.043011,0.32691,0.19164,-0.058088,0.052771,0.12504,-0.18659,0.23833,-0.0079728,0.6725,0.014964,0.038873,0.49417,0.83542,0.41868,0.13294,0.042757,-0.38094,0.06359,-0.2495,0.29186,0.28609,0.3789,0.063086,-0.024826,-0.2045,-0.03996,-0.11119,-0.092322,-0.096236,1.1075,0.96087,0.81158,0.72985,0.44989,0.55466,0.89336,0.42956,0.50239,0.26768,0.77261,0.53874,0.33223,0.43185,0.64944,0.65626,-0.1996,0.0098159,-0.54454,-0.71975,0.79243,0.27179,0.51281,0.4682,0.20089,-0.080421,0.1389,-0.4688,-0.034674,0.50978
0.60552,0.27887,0.96563,0,-0.15097,-0.21422,-0.065054,-0.084012,0.31513,0.048815,0.075497,-0.06516,0.093782,0.018444,0.099335,-0.25415,0.063555,0.26058,0.45539,0.15467,-0.28249,-0.091664,0.14647,0.29282,0.18615,0.19835,-0.11745,-0.24398,0.19832,0.030722,0.076337,0.29953,-0.17062,0.033975,0.15499,-0.059744,0.33238,0.12618,0.11126,-0.08958,-0.22749,-0.30687,0.15697,0.3404,0.15684,0.16356,0.05716,0.093988,-0.038185,-0.35301,-0.30058,-0.13678,0.21254,-0.061955,0.26882,0.1842,0.020013,0.33062,0.55195,0.65292,0.38853,0.078189,-0.18351,0.038675,0.022064,0.26555,0.10331,0.26273,-0.010937,-0.011117,-0.16759,0.13235,0.069708,-0.069877,0.18519,0.61087,0.53936,0.99768,0.76834,0.1092,0.32304,0.3649,0.048355,0.6457,0.87588,0.55091,0.44583,0.078179,0.50297,0.13932,0.43943,-0.21622,-0.12724,-0.54425,-0.6526,0.69197,0.47003,0.45385,0.55721,0.088431,-0.0035902,0.10434,-0.12413,-0.071307,0.60002
0.15095,0.095659,0.15757,-0.15097,0,0.3666,0.31929,0.13763,-0.0011449,-0.13241,-0.14036,-0.027447,0.30048,0.23728,0.065403,-0.10974,0.33143,0.18257,-0.42278,0.16182,-0.3945,-0.32769,-0.084393,-0.62351,0.28985,0.13657,0.07912,-0.034171,0.090886,0.13481,-0.21238,-0.077693,0.20211,0.016714,0.057924,0.21711,0.71929,0.22444,0.16771,-0.15986,0.087226,0.0052005,-0.11748,-0.30451,-0.13354,-0.15712,0.45649,0.26804,-0.023646,0.33581,0.4705,-0.43834,0.49735,0.18189,0.52963,0.024292,0.11067,0.37223,0.40797,-0.16613,-0.50402,-0.27172,-0.53782,-0.26498,-0.52746,0.15145,0.18203,0.11263,-0.3416,-0.15475,-0.090415,-0.33789,-0.24161,-0.31541,-0.46533,0.50011,0.24599,-0.25779,0.09833,0.50579,0.58336,0.24028,0.38225,-0.099511,-0.33786,0.36152,0.58714,0.48553,0.11872,0.40173,0.23713,-0.19642,-0.15558,-0.025212,-0.1505,0.059835,-0.049041,-0.26165,-0.33752,-0.077852,-0.25569,-0.10813,-0.50987,-0.30995,-0.1118
-0.32811,0.92884,-0.1194,-0.21422,0.3666,0,-0.48807,0.60515,-0.89055,-0.16527,-0.63691,0.017372,-0.40932,-0.2831,-0.54317,0.03893,0.12372,0.29049,-0.13502,-0.20288,-0.13497,0.47263,-0.67887,0.0050922,-0.13352,-0.067493,-0.38492,0.32735,-0.48836,-0.37763,-0.25966,-0.26503,-0.044908,0.0014482,-0.38699,0.39857,-0.2207,0.39877,-0.36139,0.43571,0.039166,0.79206,-0.50228,-0.36822,-0.36625,-0.59196,0.32979,0.21926,0.43813,-0.0020005,0.23786,-0.16545,-0.14492,0.71941,0.22307,0.29704,0.35507,-0.057015,-0.17958,-0.69304,-0.16761,-0.4558,0.057801,0.050729,-0.17943,0.19103,0.096829,0.081526,0.15666,-0.29414,-0.19678,-0.57232,-0.55499,-0.4134,-0.64192,-0.24305,-0.014252,-0.20878,-0.32378,-0.30042,0.23982,-0.047529,0.082393,0.03874,-0.15783,0.067283,0.10674,0.34094,0.11986,0.23408,-0.23804,-0.12486,0.27738,-0.37918,0.16673,-0.1489,0.16099,0.3394,0.08203,-0.11414,-0.38604,0.065703,-0.051812,-0.61896,-0.10109
0.38256,-0.34753,-0.18165,-0.065054,0.31929,-0.48807,0,0.23108,0.75195,0.37546,0.85054,0.54549,0.46564,0.44489,0.41343,-0.079974,-0.2179,-0.61178,-0.18831,0.013259,0.0015646,-0.4771,0.62577,-0.11849,0.41714,0.48898,0.33427,-0.56494,0.46161,0.72506,0.4504,0.60527,-0.052464,-0.14164,0.20385,-0.057626,0.53087,0.20886,1.0545,-0.015476,0.5575,-0.21396,0.6394,0.44841,0.3286,0.6674,-0.16811,0.0067685,-0.2101,-0.17791,-0.29506,-0.13667,0.82334,-0.088163,-0.26583,-0.10885,-0.14218,0.24722,0.27122,0.42378,0.02337,0.36016,0.0069194,-0.04748,0.10267,-0.16625,-0.055613,-0.028042,-0.51259,0.18391,0.32407,0.65729,0.72013,0.32045,0.55867,0.16271,-0.10878,-0.12793,0.010842,0.23331,-0.094901,-0.17083,-0.16361,-0.29756,-0.00092706,-0.25098,-0.0083826,-0.14947,-0.11092,-0.22851,0.27472,0.19322,-0.2285,0.69209,0.22742,0.062028,-0.042807,-0.62162,-0.45546,0.019106,0.18518,-0.38948,-0.055663,0.27817,-0.099929
-0.21059,0.78909,-0.33241,-0.084012,0.13763,0.60515,0.23108,0,-0.19892,0.40302,0.091216,0.90404,-0.27524,-0.19997,-0.2104,0.06085,-0.21566,-0.21213,-0.2198,-0.42491,-0.03353,0.27696,-0.048343,0.25744,0.073493,0.32647,-0.11474,-0.0012056,0.0088484,0.12242,0.33042,0.30367,-0.50475,-0.52002,-0.59669,0.10279,-0.2223,0.59811,0.2413,1.1293,0.60623,0.92978,0.051335,0.20104,0.080279,0.062409,-0.2207,-0.10493,0.15398,-0.51476,-0.31627,-0.18621,0.24301,0.78601,-0.33332,0.064048,0.053562,-0.17357,-0.23856,-0.22041,0.2061,-0.1399,0.29346,0.046452,-0.037379,-0.25091,-0.25776,-0.073391,0.042808,-0.092299,-0.001961,0.10439,0.082197,-0.1172,0.059845,-0.40174,-0.12555,-0.2219,-0.49472,-0.49291,0.085363,-0.2908,-0.20222,-0.22953,0.037408,-0.43904,-0.1675,-0.21749,-0.14223,-0.18294,-0.11538,0.040307,0.027412,0.035196,0.54591,-0.18205,0.19319,-0.14111,-0.29537,-0.21934,-0.33339,-0.39052,0.093805,-0.37176,-0.16906
0.64187,-0.40358,0.23162,0.31513,-0.0011449,-0.89055,0.75195,-0.19892,0,0.4923,0.86903,0.3416,0.70196,0.68451,0.74746,0.092058,0.002875,-0.24557,-0.061125,0.099572,-0.28598,-0.59423,1.03,0.064659,0.46589,0.44539,0.45475,-0.50148,0.64611,0.44044,0.23099,0.42218,-0.03541,-0.1705,0.34513,-0.13106,0.60709,0.040279,0.55587,-0.32222,-0.03203,-0.7152,0.47617,0.4682,0.37216,0.63374,-0.016062,0.085993,-0.12176,-0.17454,-0.27035,0.075781,0.61551,-0.3215,-0.10624,-0.15105,-0.26417,0.42034,0.60583,1.356,0.44446,0.44078,-0.1107,-0.22557,-0.039842,0.056955,0.23398,-0.25882,-0.47297,0.13834,0.16803,0.50879,0.6607,0.29439,0.68263,0.43811,0.28923,0.017703,0.28749,0.52911,0.034697,0.12529,0.021103,-0.15336,0.04172,-0.094392,0.0089296,-0.11516,0.089992,-0.047072,0.39726,0.09206,-0.27818,0.4197,-0.029608,0.38783,0.090536,-0.42277,-0.1577,0.12254,0.14577,-0.022513,-0.0085365,0.66814,0.41764
-0.040143,0.083779,-0.16897,0.048815,-0.13241,-0.16527,0.37546,0.40302,0.4923,0,0.68468,1.3231,0.23611,0.25209,0.25213,-0.27834,0.11274,-0.056108,-0.13781,-0.13857,-0.24147,-0.21784,0.60535,0.12461,0.307,0.47115,0.010618,-0.2165,0.45412,0.57398,0.39586,0.47002,-0.20766,-0.26108,-0.33813,-0.027045,0.15014,0.54117,0.40814,0.32237,0.053179,-0.0073509,0.23047,0.36537,0.40689,0.38138,-0.17965,-0.050422,0.12922,-0.45299,-0.41787,0.26693,0.060626,-0.10696,-0.6884,-0.31119,-0.32565,0.023794,-0.11401,0.39878,0.24813,0.26635,0.14041,-0.06507,-0.10309,-0.24948,0.02564,-0.90244,-0.3757,-0.15249,-0.073821,0.30945,0.45921,0.2229,0.41658,-0.22288,-0.25989,-0.30713,-0.19605,-0.026942,-0.17699,0.034814,0.13757,-0.40571,-0.13917,-0.54934,-0.34467,-0.31736,-0.22787,-0.13718,-0.1292,0.057362,-0.36582,0.22294,0.39339,0.13478,0.02352,-0.42527,-0.54531,-0.050992,-0.17828,-0.19532,0.093903,0.32661,0.19694
0.17751,-0.38894,-0.1717,0.075497,-0.14036,-0.63691,0.85054,0.091216,0.86903,0.68468,0,0.6488,0.67492,0.61895,0.654,-0.11192,-0.20337,-0.49924,-0.034703,-0.095026,0.028946,-0.28969,0.79254,0.079558,0.55244,0.57653,0.16348,-0.81766,0.51877,0.81415,0.79943,1.0978,0.050194,-0.091318,0.28465,0.25919,0.37687,0.27836,1.0738,-0.019482,0.32655,-0.38489,1.1889,1.117,0.65712,1.0786,-0.12308,0.11376,-0.050837,-0.46253,-0.61334,0.042436,0.24267,-0.43886,-0.42656,-0.048359,-0.12727,0.20428,0.18114,0.58277,0.13534,0.68488,0.15389,-0.18887,0.30942,-0.060712,0.15929,-0.42724,-0.48504,0.27136,0.35933,0.91512,0.98734,0.58122,0.82238,-0.053514,-0.18356,-0.018502,-0.13543,0.24259,-0.44515,-0.11944,-0.097088,-0.29653,0.058286,-0.38964,-0.35184,-0.21774,0.038634,-0.16673,0.35082,0.095352,-0.5106,0.52789,0.1832,0.12729,0.014431,-0.54518,-0.49935,0.29778,0.3543,-0.2035,0.37664,0.34857,-0.030005
-0.07592,0.27977,-0.36305,-0.06516,-0.027447,0.017372,0.54549,0.90404,0.3416,1.3231,0.6488,0,0.07784,0.097467,0.14356,-0.12559,-0.13337,-0.31377,-0.20848,-0.30533,-0.18041,-0.12394,0.4816,0.1864,0.24081,0.54055,0.05184,-0.22093,0.42636,0.5534,0.5842,0.58501,-0.42376,-0.46743,-0.45667,0.039564,0.045208,0.71098,0.60781,0.71188,0.41927,0.3017,0.27522,0.38547,0.442,0.4875,-0.34974,-0.18495,0.029321,-0.6461,-0.53179,0.0014956,0.1996,0.1848,-0.7089,-0.30796,-0.306,-0.02681,-0.21398,0.20256,0.26217,0.078684,0.14632,-0.077606,-0.071058,-0.42748,-0.2117,-0.57961,-0.29392,-0.1493,-0.034257,0.42882,0.55402,0.20949,0.48141,-0.35093,-0.28152,-0.40102,-0.43478,-0.17375,-0.1164,-0.2175,-0.094226,-0.47652,-0.075805,-0.67206,-0.37605,-0.41772,-0.36741,-0.22369,-0.048385,-0.010483,-0.34357,0.25746,0.62887,-0.11411,0.039388,-0.54169,-0.62506,-0.23405,-0.25773,-0.3491,0.11234,0.026914,-0.029062
0.15741,-0.42963,0.2486,0.093782,0.30048,-0.40932,0.46564,-0.27524,0.70196,0.23611,0.67492,0.07784,0,1.3169,0.71571,-0.22094,0.29548,-0.071803,-0.262,0.32323,-0.24211,-0.44224,0.58903,-0.076465,0.59184,0.36693,0.62495,-0.32576,0.70842,0.58943,0.37669,0.37769,0.73746,0.13874,0.79499,0.20155,0.65535,-0.10625,0.41318,-0.4404,-0.08559,-0.64111,0.65849,0.4342,0.51248,0.47949,0.15709,0.14867,-0.25089,0.24552,0.10419,-0.12336,0.17815,-0.50004,-0.0014177,-0.09014,-0.031107,0.47464,0.5645,0.51103,-0.1157,0.48849,-0.2067,-0.35041,-0.14999,0.12107,0.3625,-0.15809,-0.38439,0.37245,0.3275,0.38234,0.35075,0.25955,0.33086,0.50215,0.30093,0.12204,0.26724,0.86596,-0.093479,0.23785,0.13354,-0.053627,-0.18537,0.13901,0.13043,0.044904,0.17325,0.2073,0.49054,-0.12988,-0.57395,0.22458,-0.28555,0.47752,-0.065869,-0.26967,-0.26887,0.40833,0.2812,0.14365,-0.074839,0.36991,0.1062
0.2102,-0.30321,0.16369,0.018444,0.23728,-0.2831,0.44489,-0.19997,0.68451,0.25209,0.61895,0.097467,1.3169,0,0.69334,-0.043613,0.14981,-0.12913,-0.40808,0.089365,-0.22144,-0.44212,0.36886,-0.17439,0.36962,0.16997,0.56507,-0.51142,0.39277,0.27527,0.19503,0.26034,0.56562,0.14982,0.70451,0.2232,0.49873,0.025389,0.3089,-0.5046,-0.211,-0.62889,0.48056,0.38324,0.30442,0.31422,0.30042,0.37381,-0.07524,0.21718,0.018212,-0.11098,0.31427,-0.25958,0.014929,0.042878,-0.056192,0.48319,0.56783,0.50792,-0.042055,0.77986,0.12976,-0.11417,0.067341,0.25288,0.49157,-0.10918,-0.25927,0.30432,0.35369,0.32642,0.37068,0.33095,0.37365,0.33028,0.17072,-0.0054073,0.18999,0.58446,-0.20795,0.030285,-0.031164,-0.33234,-0.3845,-0.1296,-0.10835,0.17397,0.23911,0.20015,0.46951,0.18426,-0.22691,0.33626,-0.046878,0.50511,-0.031301,-0.26993,-0.24006,0.39786,0.23596,0.051858,-0.11845,0.44006,0.051784
0.35645,-0.25083,0.37542,0.099335,0.065403,-0.54317,0.41343,-0.2104,0.74746,0.25213,0.654,0.14356,0.71571,0.69334,0,0.22626,0.272,-0.073446,-0.44296,-0.22273,-0.47151,-0.51098,0.50654,-0.058485,0.24674,0.15665,0.48042,-0.1909,0.65428,0.55357,0.43006,0.23338,0.1662,-0.23552,0.33335,-0.1105,0.42351,-0.079474,0.40072,-0.26595,-0.24598,-0.63192,0.50052,0.32852,0.71491,0.65742,0.011894,0.062337,-0.27637,0.094582,0.072446,-0.14473,0.27613,-0.22509,0.10523,-0.34679,-0.40222,0.33296,0.46642,0.58996,0.19132,0.47842,-0.04438,0.13521,0.039972,-0.10524,0.24019,-0.17722,0.00080223,-0.022242,-0.055578,0.53741,0.47117,0.71109,0.41178,0.3269,0.29724,0.095807,-0.062161,0.85156,0.045201,0.20877,0.10269,-0.33935,-0.29251,-0.064847,-0.23892,-0.057005,-0.020272,0.38168,0.8582,-0.021301,-0.33706,0.45753,0.15031,0.48074,0.17246,-0.33298,-0.27924,0.57059,0.39926,0.040297,0.022178,0.28921,0.045407
-0.0082337,0.053541,-0.1083,-0.25415,-0.10974,0.03893,-0.079974,0.06085,0.092058,-0.27834,-0.11192,-0.12559,-0.22094,-0.043613,0.22626,0,-0.15994,-0.10041,-0.37585,-0.62186,-0.081722,0.081035,-0.050405,0.13032,-0.18044,-0.17576,0.21444,0.10035,-0.22488,-0.41854,-0.18384,-0.33916,-0.45771,-0.51007,-0.20348,-0.16009,-0.40516,-0.20319,-0.19658,0.079674,0.054353,0.18007,-0.18505,-0.061432,-0.18265,-0.066743,0.039785,0.094503,0.11125,0.040382,0.16345,0.0076405,0.22183,0.40731,0.19954,0.10809,-0.051431,-0.18804,0.06106,0.090384,0.51107,-0.065962,0.33201,0.068917,-0.026963,0.068949,0.15672,-0.023351,0.35473,-0.065298,-0.093771,-0.11779,-0.15564,-0.055629,-0.036832,-0.22083,0.25611,-0.2259,-0.46248,0.0030807,0.29731,-0.16176,-0.10414,-0.29854,-0.21332,-0.22879,-0.17453,-0.076734,-0.012698,-0.060608,0.078697,0.25342,0.49572,0.3693,0.47071,-0.093701,0.34837,-0.15694,0.012045,0.096159,0.019012,-0.010109,0.28704,0.090716,-0.071396
0.15851,0.21342,0.65079,0.063555,0.33143,0.12372,-0.2179,-0.21566,0.002875,0.11274,-0.20337,-0.13337,0.29548,0.14981,0.272,-0.15994,0,1.107,-0.12901,0.29966,-0.33132,0.070696,0.25547,-0.016121,0.43936,0.24545,-0.017949,0.41643,0.40838,0.13207,-0.097378,-0.16981,0.42311,0.1989,0.045461,-0.090949,0.29161,-0.021546,-0.35994,-0.081656,-0.29368,-0.013788,-0.11301,-0.25393,0.15397,-0.047982,0.3824,0.18463,0.171,0.23476,0.40708,0.19787,-0.0941,-0.16291,0.21488,-0.15076,0.12953,0.22079,0.35901,-0.0020834,-0.21766,-0.027503,-0.32059,-0.052679,-0.521,0.12835,0.35421,-0.089931,-0.18605,-0.03888,-0.14454,-0.22343,-0.22516,-0.14228,-0.3332,0.42434,0.37893,0.16208,0.2375,0.3849,0.32497,1.3249,1.129,0.17033,-0.24708,0.42006,0.37435,0.27526,0.064988,0.67413,0.12935,-0.11517,0.040927,-0.23887,-0.28238,0.41538,-0.041335,0.25375,-0.045057,0.16934,-0.22525,0.14762,-0.41064,0.15367,0.33646
0.023589,0.39447,0.63335,0.26058,0.18257,0.29049,-0.61178,-0.21213,-0.24557,-0.056108,-0.49924,-0.31377,-0.071803,-0.12913,-0.073446,-0.10041,1.107,0,0.077323,0.26014,-0.26819,0.16635,-0.11176,-0.13711,0.15095,-0.046707,-0.33272,0.41655,-0.032846,-0.32946,-0.41108,-0.36974,0.14506,0.31737,-0.16866,-0.091835,0.078615,0.063726,-0.62102,-0.10266,-0.43309,0.086716,-0.40303,-0.37518,-0.1631,-0.38985,0.45109,0.2741,0.28031,0.15282,0.36602,0.1667,-0.25329,-0.12157,0.31573,0.056537,0.19312,0.093156,0.26078,-0.11677,-0.21436,-0.14648,-0.21259,0.012105,-0.42048,0.28931,0.30093,-0.029929,-0.048985,-0.20722,-0.38235,-0.62433,-0.60689,-0.39121,-0.6111,0.25103,0.2822,0.28709,0.37591,0.08515,0.43908,0.9984,0.97205,0.27612,-0.015297,0.52408,0.52377,0.38648,0.22576,0.59981,-0.017708,-0.063335,0.20462,-0.51187,-0.38354,0.33769,0.075469,0.4032,0.15159,0.068811,-0.3589,0.17596,-0.36894,-0.06411,0.34166
0.31948,-0.023478,0.1268,0.45539,-0.42278,-0.13502,-0.18831,-0.2198,-0.061125,-0.13781,-0.034703,-0.20848,-0.262,-0.40808,-0.44296,-0.37585,-0.12901,0.077323,0,0.59983,0.29182,0.4346,0.1445,0.42393,0.21762,0.31823,-0.62559,-0.07583,-0.18602,-0.087682,-0.12866,0.23243,0.010398,0.48606,0.22128,0.1983,0.048956,0.10098,0.010256,-0.024737,0.1303,-0.072261,0.16501,0.17386,-0.2487,-0.023258,0.14845,0.19085,0.36104,-0.46458,-0.48909,0.19518,-0.15706,-0.27246,0.023061,0.36075,0.55437,0.26571,0.14873,0.051212,0.040184,0.011002,-0.17294,-0.13551,0.24667,0.43214,0.13231,0.13778,-0.40164,0.087599,0.14454,-0.0068094,0.0035495,-0.14079,-0.031279,0.11239,0.014215,0.53881,0.46658,-0.31668,-0.18563,0.20674,0.067824,0.83716,0.91386,0.36623,0.28397,0.2799,0.44089,0.013499,-0.15431,0.041161,0.15863,-0.39995,-0.54191,-0.093993,-0.09808,0.62562,0.69415,0.034063,0.044008,0.078468,0.1411,0.014656,0.35441
0.17618,-0.30468,0.23597,0.15467,0.16182,-0.20288,0.013259,-0.42491,0.099572,-0.13857,-0.095026,-0.30533,0.32323,0.089365,-0.22273,-0.62186,0.29966,0.26014,0.59983,0,0.093699,0.069451,0.31779,-0.0019402,0.39712,0.27588,0.015869,0.16413,0.22716,0.049148,-0.29708,-0.051242,0.58506,0.56467,0.4996,-0.026367,0.39069,-0.1741,-0.092557,-0.3337,-0.028631,-0.27884,0.10861,-0.15735,-0.24789,-0.19022,0.24642,0.09247,-0.019689,0.2012,0.045214,0.0097448,-0.010203,-0.41098,0.10564,0.020158,0.41764,0.50268,0.38104,-0.016161,-0.4084,0.07643,-0.52104,-0.42868,-0.28454,0.27708,0.11627,0.15864,-0.58924,0.26038,0.26639,-0.20215,-0.16896,-0.33447,-0.2377,0.57889,0.24456,0.28533,0.87899,0.12046,-0.016892,0.45699,0.30891,0.48281,0.19179,0.45632,0.61766,0.38094,0.25666,0.26171,-0.11778,0.034994,-0.093283,-0.30054,-0.84153,-0.026562,-0.60767,0.23857,0.25274,-0.014753,-0.14707,0.032647,-0.43857,0.18998,0.21035
-0.25224,-0.29766,-0.48283,-0.28249,-0.3945,-0.13497,0.0015646,-0.03353,-0.28598,-0.24147,0.028946,-0.18041,-0.24211,-0.22144,-0.47151,-0.081722,-0.33132,-0.26819,0.29182,0.093699,0,0.59802,-0.1178,0.12527,0.021471,-0.075918,-0.2507,-0.19272,-0.31993,-0.20014,0.083692,0.20149,0.15622,0.23845,0.13587,0.081436,-0.45381,-0.36136,-0.18098,0.038705,0.4993,0.26658,0.26156,0.29498,-0.17805,0.0036405,-0.1845,-0.061683,0.16355,-0.10229,-0.3242,0.48735,-0.19902,-0.19661,-0.38587,0.47026,0.45945,-0.62114,-0.40175,-0.36841,-0.17509,0.26299,0.49972,-0.072205,0.60242,0.016952,-0.18321,0.27336,0.05613,0.9085,0.92085,0.17646,0.12629,-0.062069,0.13684,-0.42403,-0.48291,0.056576,-0.055464,-0.73609,-0.81042,-0.23888,-0.20424,0.15044,0.17746,-0.26853,-0.26062,-0.19527,0.041613,-0.66609,-0.48405,0.40074,0.30482,0.12908,-0.073618,-0.37441,-0.37405,0.12923,0.0196,-0.090569,0.23842,-0.19249,0.34326,0.21811,-0.20974
-0.18238,0.39061,-0.09354,-0.091664,-0.32769,0.47263,-0.4771,0.27696,-0.59423,-0.21784,-0.28969,-0.12394,-0.44224,-0.44212,-0.51098,0.081035,0.070696,0.16635,0.4346,0.069451,0.59802,0,-0.11102,0.6471,0.23707,0.26421,-0.54349,0.20933,-0.2797,-0.29375,-0.069714,0.071126,0.014985,0.023332,-0.1362,0.26866,-0.5279,-0.01618,-0.44287,0.5251,0.38501,0.74714,0.06304,0.13471,-0.33234,-0.23787,0.19688,0.21047,0.65129,-0.371,-0.31741,0.30145,-0.22668,0.3264,-0.0041834,0.5557,0.91312,-0.22032,-0.17396,-0.53834,0.013602,0.014215,0.33272,-0.13695,0.15596,0.28179,0.14613,0.17567,0.072522,0.41659,0.4501,-0.14383,-0.23118,-0.39171,-0.29827,-0.27142,0.042425,0.18175,-0.19538,-0.78608,-0.24047,0.18641,0.15384,0.36234,0.21316,-0.082161,-0.086358,0.16643,0.31718,-0.024712,-0.38637,0.26474,0.52722,-0.3497,-0.10135,-0.30709,-0.13573,0.64045,0.27637,0.04037,-0.17481,-0.18242,0.28622,-0.11022,-0.014382
0.41848,-0.28173,0.15097,0.14647,-0.084393,-0.67887,0.62577,-0.048343,1.03,0.60535,0.79254,0.4816,0.58903,0.36886,0.50654,-0.050405,0.25547,-0.11176,0.1445,0.31779,-0.1178,-0.11102,0,0.3991,0.88454,1.0205,0.2943,-0.21285,0.99511,0.68085,0.37971,0.54486,0.022608,-0.18598,0.2182,-0.083584,0.37665,0.089542,0.4816,0.091884,0.31225,-0.23975,0.66143,0.48912,0.40013,0.71201,-0.038042,0.025413,0.0068116,-0.37519,-0.43014,0.15502,0.3502,-0.2992,-0.26623,-0.23491,0.0028559,0.39895,0.41236,0.6434,0.25453,0.34283,-0.19435,-0.43375,-0.24829,-0.033099,0.20508,-0.37161,-0.68099,0.2762,0.28883,0.51113,0.57333,0.11265,0.4816,0.31198,0.29078,0.039207,0.11878,0.27275,-0.024382,0.42115,0.31542,-0.016669,0.07917,-0.12112,0.044183,-0.13601,-0.0099274,0.040862,0.20344,0.10048,-0.2358,0.22422,-0.070988,0.10597,-0.16659,-0.2847,-0.24158,0.05601,-0.077991,-0.23855,-0.018108,0.55355,0.27771
0.15175,0.30257,0.12752,0.29282,-0.62351,0.0050922,-0.11849,0.25744,0.064659,0.12461,0.079558,0.1864,-0.076465,-0.17439,-0.058485,0.13032,-0.016121,-0.13711,0.42393,-0.0019402,0.12527,0.6471,0.3991,0,0.25548,0.54059,0.027736,0.18162,0.22969,0.13545,0.32896,0.27051,-0.12009,-0.25004,0.030828,-0.032186,-0.34256,-0.072875,-0.06292,0.54362,0.27128,0.31225,0.25423,0.39643,0.16426,0.2294,-0.20777,-0.12884,0.22451,-0.48443,-0.41019,0.25425,-0.037964,0.25585,-0.24191,0.15096,0.29297,-0.01248,0.026904,0.23638,0.75687,0.037315,0.20578,-0.031444,0.068734,0.044649,0.050007,0.042417,0.074644,0.28281,0.25653,0.35812,0.19749,-0.014945,0.31436,-0.043052,0.34503,0.39215,-0.067198,-0.29883,-0.099326,0.12478,-0.13955,0.49207,0.50459,-0.031389,-0.093773,-0.27664,0.1276,-0.17093,-0.081885,-0.00064258,0.19598,-0.15426,-0.023786,0.11561,0.24743,0.55426,0.49321,0.10759,0.035901,0.0743,0.36012,0.19794,0.39755
0.38388,-0.047284,0.25868,0.18615,0.28985,-0.13352,0.41714,0.073493,0.46589,0.307,0.55244,0.24081,0.59184,0.36962,0.24674,-0.18044,0.43936,0.15095,0.21762,0.39712,0.021471,0.23707,0.88454,0.25548,0,1.4175,-0.13223,-0.37392,0.50854,0.50652,0.23599,0.73011,0.26089,0.053992,0.30014,0.43146,0.59678,0.26679,0.37417,0.063081,0.46072,-0.041698,0.75399,0.61211,0.14531,0.42138,0.4843,0.52471,0.42908,-0.41238,-0.3687,0.12338,0.39351,-0.20075,0.089271,0.32546,0.6199,0.47335,0.64095,0.26742,-0.07676,0.33415,-0.19738,-0.65236,-0.20817,0.43681,0.60635,-0.18109,-0.92861,0.46425,0.52319,0.20812,0.25055,-0.2014,0.040191,0.42653,0.35879,0.17394,0.16973,0.21367,0.031078,0.71162,0.67025,0.22992,0.15145,0.15764,0.33386,0.33018,0.51357,0.22973,0.20336,0.090843,-0.12217,-0.033206,-0.36973,0.16873,-0.0871,-0.0065665,-0.21006,0.233,-0.10808,-0.26385,0.040936,0.23352,0.25477
0.40665,0.13081,0.12831,0.19835,0.13657,-0.067493,0.48898,0.32647,0.44539,0.47115,0.57653,0.54055,0.36693,0.16997,0.15665,-0.17576,0.24545,-0.046707,0.31823,0.27588,-0.075918,0.26421,1.0205,0.54059,1.4175,0,-0.12121,-0.27306,0.58673,0.65075,0.40157,0.84464,0.012495,-0.096904,0.11163,0.36082,0.44326,0.47342,0.55038,0.39042,0.63827,0.13554,0.68184,0.58914,0.23817,0.55026,0.21751,0.29064,0.37355,-0.71547,-0.57197,0.050674,0.39327,-0.0050837,-0.090968,0.14515,0.44159,0.48476,0.4266,0.29305,0.12689,0.1537,-0.20608,-0.50964,-0.20989,0.215,0.35214,-0.22769,-0.88911,0.24169,0.35243,0.36575,0.4098,-0.10742,0.20136,0.26389,0.28584,0.11382,0.010705,0.073703,0.042984,0.46021,0.39676,0.22402,0.28771,0.037475,0.2186,0.13768,0.27128,0.13021,0.15639,-0.011401,-0.14346,-0.036951,-0.1331,0.040907,-0.0061329,0.0021476,-0.14039,0.06688,-0.19163,-0.28248,0.089409,0.12809,0.26358
-0.054463,-0.30467,0.055237,-0.11745,0.07912,-0.38492,0.33427,-0.11474,0.45475,0.010618,0.16348,0.05184,0.62495,0.56507,0.48042,0.21444,-0.017949,-0.33272,-0.62559,0.015869,-0.2507,-0.54349,0.2943,0.027736,-0.13223,-0.12121,0,0.1476,0.62195,0.20582,0.23108,-0.17348,0.1835,-0.33401,0.30318,-0.46494,-0.0002351,-0.48372,0.091596,-0.13522,-0.10489,-0.26471,0.091353,-0.050845,0.3698,0.2251,-0.43143,-0.50471,-0.87659,0.51127,0.3214,-0.29234,0.17972,0.012362,-0.14022,-0.55475,-0.5415,0.056195,0.10553,0.34018,0.19225,0.088443,-0.063764,-0.041364,-0.29601,-0.45543,-0.26682,0.091533,0.2624,0.18956,0.062753,0.30244,0.19646,0.19632,0.4073,0.24591,0.33368,-0.091928,0.049872,0.4601,0.10869,-0.19082,-0.35835,-0.29156,-0.33488,-0.1286,-0.060844,-0.46822,-0.42439,-0.096504,0.28401,-0.10297,-0.28324,0.30955,0.1019,0.16812,-0.076311,-0.39586,-0.15868,-0.054761,0.08007,0.076665,-0.26321,0.26677,-0.11583
-0.34461,0.24454,0.068066,-0.24398,-0.034171,0.32735,-0.56494,-0.0012056,-0.50148,-0.2165,-0.81766,-0.22093,-0.32576,-0.51142,-0.1909,0.10035,0.41643,0.41655,-0.07583,0.16413,-0.19272,0.20933,-0.21285,0.18162,-0.37392,-0.27306,0.1476,0,0.0058903,-0.19311,-0.27121,-0.85412,0.064346,-0.097764,-0.33085,-0.57243,-0.40046,-0.38606,-0.70144,0.2292,-0.26799,0.35148,-0.6815,-0.86456,-0.12832,-0.50318,-0.24805,-0.50465,-0.18001,0.48504,0.69997,0.085691,-0.40431,0.23935,-0.011496,-0.43362,-0.11817,-0.22431,-0.29243,-0.38797,0.03226,-0.56707,-0.20585,0.19874,-0.47489,-0.34939,-0.32927,0.053152,0.3932,-0.31796,-0.42132,-0.43221,-0.57538,-0.20021,-0.46808,-0.048967,0.17937,-0.044154,-0.047542,-0.032532,0.32426,0.19904,0.12927,0.15886,-0.16489,0.19115,0.15392,-0.16869,-0.41334,0.19164,-0.35403,-0.21146,0.13845,-0.15565,0.080035,-0.1116,-0.075755,0.29327,0.22522,-0.075895,-0.18546,0.30475,-0.19783,-0.076086,0.07731
0.26447,-0.075724,0.37236,0.19832,0.090886,-0.48836,0.46161,0.0088484,0.64611,0.45412,0.51877,0.42636,0.70842,0.39277,0.65428,-0.22488,0.40838,-0.032846,-0.18602,0.22716,-0.31993,-0.2797,0.99511,0.22969,0.50854,0.58673,0.62195,0.0058903,0,0.8105,0.63201,0.41982,0.14714,-0.28338,0.18216,-0.21024,0.38707,0.0081622,0.41115,0.18725,0.13069,-0.18795,0.5023,0.25483,0.83441,0.77702,-0.28935,-0.35094,-0.49822,-0.13208,-0.16998,-0.20264,0.2004,-0.18349,-0.16999,-0.66801,-0.34557,0.31624,0.25923,0.41364,0.056471,0.12088,-0.40341,-0.28017,-0.41154,-0.45663,-0.17133,-0.098469,-0.22781,0.19065,0.082457,0.60422,0.56327,0.22211,0.48928,0.47486,0.38723,0.10835,0.12077,0.45404,0.10194,0.38694,0.20236,-0.077421,-0.058156,-0.0026969,0.036682,-0.31982,-0.31868,0.20282,0.49498,-0.29109,-0.60238,-0.014814,-0.11733,0.16348,-0.20128,-0.30767,-0.34166,-0.10364,-0.15605,-0.17215,-0.32371,0.15101,0.065225
0.13632,-0.26709,0.007172,0.030722,0.13481,-0.37763,0.72506,0.12242,0.44044,0.57398,0.81415,0.5534,0.58943,0.27527,0.55357,-0.41854,0.13207,-0.32946,-0.087682,0.049148,-0.20014,-0.29375,0.68085,0.13545,0.50652,0.65075,0.20582,-0.19311,0.8105,0,0.86001,0.73052,0.19097,-0.14407,0.12422,0.057312,0.51813,0.17204,0.92611,0.14655,0.28785,-0.22072,0.71152,0.46866,0.78075,0.83817,-0.25171,-0.18237,-0.25238,-0.18704,-0.1872,-0.044084,0.15569,-0.28012,-0.28297,-0.37964,-0.22008,0.20211,0.043946,0.3159,-0.037454,0.16627,-0.24364,-0.069172,-0.067814,-0.34566,-0.0481,-0.31177,-0.38333,0.028353,0.083572,0.74058,0.65345,0.45731,0.42557,0.17065,-0.057338,0.021132,-0.13273,0.45295,-0.12776,0.12725,0.085706,-0.046232,0.048937,-0.04269,-0.071738,-0.27845,-0.20649,-0.018763,0.2638,-0.29872,-0.74789,0.30191,0.079025,0.15982,0.03436,-0.32375,-0.43796,0.23283,0.27727,-0.10674,0.14683,0.12751,-0.020575
-0.038189,0.027433,-0.10378,0.076337,-0.21238,-0.25966,0.4504,0.33042,0.23099,0.39586,0.79943,0.5842,0.37669,0.19503,0.43006,-0.18384,-0.097378,-0.41108,-0.12866,-0.29708,0.083692,-0.069714,0.37971,0.32896,0.23599,0.40157,0.23108,-0.27121,0.63201,0.86001,0,0.95333,0.062971,-0.14771,0.11192,0.14513,0.044713,0.16335,0.72198,0.40541,0.44563,0.065053,0.81788,0.77495,1.4459,1.3323,-0.61206,-0.39759,-0.36469,-0.41416,-0.38717,-0.071195,-0.10117,-0.22022,-0.56291,-0.25313,-0.26832,-0.14218,-0.18676,0.21395,0.12836,0.17069,0.097405,0.06348,0.28789,-0.53659,-0.32649,-0.064109,-0.002028,0.24112,0.18937,1.3214,0.94022,0.70251,0.90348,-0.19753,-0.205,0.17655,-0.31916,0.1053,-0.38082,-0.16994,-0.26368,-0.044892,0.22502,-0.18715,-0.34867,-0.66342,-0.34226,-0.23401,0.39152,-0.37297,-0.61365,0.23017,0.24426,0.098039,0.17702,-0.22145,-0.33145,0.092954,0.3632,-0.0010794,0.36254,-0.047981,-0.13075
0.27631,-0.013326,-0.035309,0.29953,-0.077693,-0.26503,0.60527,0.30367,0.42218,0.47002,1.0978,0.58501,0.37769,0.26034,0.23338,-0.33916,-0.16981,-0.36974,0.23243,-0.051242,0.20149,0.071126,0.54486,0.27051,0.73011,0.84464,-0.17348,-0.85412,0.41982,0.73052,0.95333,0,0.015066,0.0031467,0.21082,0.52988,0.38556,0.46915,0.95777,0.2464,0.61158,-0.046433,1.1693,1.3061,0.61268,1.0601,-0.07816,0.13071,0.11147,-0.87564,-0.9093,0.014388,0.21733,-0.25436,-0.29723,0.20759,0.16545,0.14692,0.13997,0.33414,0.06084,0.36711,0.051423,-0.25698,0.35552,0.018465,0.074354,-0.1044,-0.50117,0.38995,0.47255,0.90702,0.93578,0.32039,0.67182,0.011759,-0.13791,0.21131,-0.062984,-0.0066857,-0.39077,-0.00095429,-0.034312,0.099675,0.43106,-0.12235,-0.13693,-0.13524,0.18441,-0.19061,0.32566,-0.11615,-0.43969,0.079615,-0.053989,0.080591,0.092049,-0.14755,-0.26579,0.092335,0.19856,-0.22611,0.36481,0.016035,0.049678
-0.039447,-0.36963,0.13567,-0.17062,0.20211,-0.044908,-0.052464,-0.50475,-0.03541,-0.20766,0.050194,-0.42376,0.73746,0.56562,0.1662,-0.45771,0.42311,0.14506,0.010398,0.58506,0.15622,0.014985,0.022608,-0.12009,0.26089,0.012495,0.1835,0.064346,0.14714,0.19097,0.062971,0.015066,0,0.72493,0.92841,0.27209,0.3376,-0.35864,-0.12695,-0.59084,-0.25108,-0.4168,0.25643,0.0162,0.15905,0.0012252,0.26961,0.15613,-0.031407,0.58264,0.38382,0.14852,-0.25696,-0.53798,0.055969,0.12118,0.30815,0.21808,0.227,-0.082768,-0.47938,0.31776,-0.13821,-0.099442,0.10663,0.24558,0.29795,0.15483,-0.19094,0.42678,0.457,0.081727,0.030616,0.20272,-0.044905,0.3029,0.023328,0.18882,0.3334,0.43762,-0.40672,0.24196,0.13994,0.23822,-0.20684,0.32596,0.10875,0.26149,0.20625,0.2559,0.072969,-0.088596,-0.19973,0.046408,-0.42892,0.27773,-0.30239,0.25533,0.087403,0.45989,0.43819,0.43819,-0.060756,0.29113,0.086393
0.11981,-0.18089,0.061005,0.033975,0.016714,0.0014482,-0.14164,-0.52002,-0.1705,-0.26108,-0.091318,-0.46743,0.13874,0.14982,-0.23552,-0.51007,0.1989,0.31737,0.48606,0.56467,0.23845,0.023332,-0.18598,-0.25004,0.053992,-0.096904,-0.33401,-0.097764,-0.28338,-0.14407,-0.14771,0.0031467,0.72493,0,0.53614,0.28803,0.26503,0.053986,-0.08178,-0.58103,-0.20215,-0.30918,0.014089,-0.088012,-0.098546,-0.09704,0.31587,0.33441,0.19561,0.18139,0.10908,0.2239,-0.3153,-0.65405,-0.0047837,0.30141,0.3491,0.22677,0.14634,-0.085485,-0.50517,0.19014,-0.049724,0.16201,0.3642,0.42204,0.23378,0.23556,-0.38505,0.060472,0.13889,-0.055723,-0.0078094,0.15482,-0.065457,0.066758,-0.33593,0.331,0.54172,0.058171,-0.3969,0.13559,0.10529,0.37537,0.21117,0.43568,0.27947,0.41729,0.25223,0.15931,-0.063815,0.024352,0.10767,-0.067341,-0.3678,0.17219,-0.13264,0.41895,0.34687,0.19565,0.30102,0.43663,-0.067857,0.1412,0.18187
0.39755,-0.47815,0.28175,0.15499,0.057924,-0.38699,0.20385,-0.59669,0.34513,-0.33813,0.28465,-0.45667,0.79499,0.70451,0.33335,-0.20348,0.045461,-0.16866,0.22128,0.4996,0.13587,-0.1362,0.2182,0.030828,0.30014,0.11163,0.30318,-0.33085,0.18216,0.12422,0.11192,0.21082,0.92841,0.53614,0,0.30397,0.42584,-0.35324,0.13214,-0.74719,-0.12075,-0.73741,0.55856,0.31671,0.17842,0.25952,0.27645,0.26422,-0.10065,0.28776,0.051183,-0.084846,0.082291,-0.50012,0.20938,0.26223,0.31182,0.50861,0.63876,0.29026,-0.13926,0.49433,-0.14671,-0.15161,0.30265,0.44994,0.3887,0.35207,-0.22577,0.55182,0.56831,0.32626,0.2598,0.31239,0.26874,0.51937,0.27036,0.43412,0.50365,0.49595,-0.31636,0.11415,-0.10233,0.33493,0.09009,0.37582,0.13639,0.31245,0.45026,0.21424,0.48202,0.032637,-0.09637,0.081728,-0.5644,0.35829,-0.16024,0.2317,0.34076,0.47268,0.57082,0.30575,-0.049909,0.30873,0.15027
-0.0031572,0.11467,-0.15196,-0.059744,0.21711,0.39857,-0.057626,0.10279,-0.13106,-0.027045,0.25919,0.039564,0.20155,0.2232,-0.1105,-0.16009,-0.090949,-0.091835,0.1983,-0.026367,0.081436,0.26866,-0.083584,-0.032186,0.43146,0.36082,-0.46494,-0.57243,-0.21024,0.057312,0.14513,0.52988,0.27209,0.28803,0.30397,0,0.2697,0.5079,0.28176,-0.011923,0.22505,0.031861,0.36519,0.41026,0.00089637,0.15165,0.60402,0.64129,0.53914,-0.35993,-0.29175,-0.12574,-0.10687,-0.099922,0.22318,0.56416,0.56381,0.29937,0.14382,-0.18615,-0.29926,0.060092,-0.090709,-0.45526,0.19805,0.57009,0.5462,-0.14891,-0.42714,0.13543,0.29571,0.015189,0.11625,-0.018054,-0.078847,-0.077096,-0.10182,-0.095348,-0.2365,0.0645,-0.24344,-0.025446,0.13229,0.099047,0.032957,0.091077,-0.039544,0.5171,0.50758,0.20186,0.17388,-0.17243,-0.158,-0.21002,-0.15109,-0.13575,0.0046519,0.078712,-0.084007,0.159,0.045944,0.060529,0.3274,-0.3266,-0.096138
0.73433,-0.18173,0.455,0.33238,0.71929,-0.2207,0.53087,-0.2223,0.60709,0.15014,0.37687,0.045208,0.65535,0.49873,0.42351,-0.40516,0.29161,0.078615,0.048956,0.39069,-0.45381,-0.5279,0.37665,-0.34256,0.59678,0.44326,-0.0002351,-0.40046,0.38707,0.51813,0.044713,0.38556,0.3376,0.26503,0.42584,0.2697,0,0.30089,0.56532,-0.48383,-0.10868,-0.66281,0.28915,0.12561,0.19732,0.30609,0.42334,0.35848,0.013159,0.0048337,0.035284,-0.17956,0.56284,-0.30727,0.38847,0.016616,0.032803,0.78625,0.78632,0.4823,-0.20062,0.10033,-0.63574,-0.23437,-0.15589,0.29387,0.35614,0.0034847,-0.77015,-0.099378,0.016583,0.14641,0.29844,0.11208,0.057293,0.89316,0.26568,0.10338,0.50016,0.83993,0.23507,0.38233,0.33598,0.13712,0.065133,0.47551,0.48047,0.45584,0.33117,0.39668,0.49333,-0.25902,-0.43849,0.032336,-0.39202,0.39691,0.044099,-0.13349,-0.098957,0.16947,0.091271,0.10016,-0.26714,0.0842,0.34344
0.16891,0.58368,-0.086508,0.12618,0.22444,0.39877,0.20886,0.59811,0.040279,0.54117,0.27836,0.71098,-0.10625,0.025389,-0.079474,-0.20319,-0.021546,0.063726,0.10098,-0.1741,-0.36136,-0.01618,0.089542,-0.072875,0.26679,0.47342,-0.48372,-0.38606,0.0081622,0.17204,0.16335,0.46915,-0.35864,0.053986,-0.35324,0.5079,0.30089,0,0.53015,0.43029,0.2397,0.25551,0.078982,0.16418,0.071503,0.19872,0.26172,0.39241,0.39483,-0.80239,-0.52316,-0.25013,0.19299,0.21238,-0.060071,0.041728,0.031585,0.40373,0.071676,0.0050357,-0.092355,-0.032941,-0.037773,-0.017834,-0.017907,0.11869,0.1529,-0.29435,-0.52905,-0.48389,-0.26666,0.050611,0.23468,0.026788,0.041342,-0.15546,-0.23471,-0.18088,-0.1935,-0.14016,0.077122,-0.025602,0.13998,-0.23515,0.082152,-0.16956,-0.010994,0.29228,0.06626,0.24871,0.14974,-0.049247,-0.092034,-0.14544,0.29416,-0.096002,0.14252,-0.14957,-0.26218,-0.1932,-0.42645,-0.27004,-0.067712,-0.39468,-0.029731
0.2611,-0.22109,-0.17366,0.11126,0.16771,-0.36139,1.0545,0.2413,0.55587,0.40814,1.0738,0.60781,0.41318,0.3089,0.40072,-0.19658,-0.35994,-0.62102,0.010256,-0.092557,-0.18098,-0.44287,0.4816,-0.06292,0.37417,0.55038,0.091596,-0.70144,0.41115,0.92611,0.72198,0.95777,-0.12695,-0.08178,0.13214,0.28176,0.56532,0.53015,0,0.10355,0.49097,-0.23819,0.78002,0.62944,0.52523,0.91744,-0.16497,0.027876,-0.21326,-0.47719,-0.49228,-0.34948,0.39979,-0.19351,-0.18808,-0.14883,-0.20206,0.36029,0.14693,0.38466,-0.023453,0.20117,-0.14261,-0.097949,0.15643,-0.16418,-0.050118,-0.18736,-0.52603,-0.074979,0.052616,0.74423,0.79375,0.45118,0.56097,0.053685,-0.18435,-0.025606,-0.13099,0.29731,-0.11127,-0.24858,-0.20657,-0.19613,0.22326,-0.13492,-0.053148,-0.12002,-0.067481,-0.099719,0.45054,-0.16876,-0.59987,0.36447,0.18788,-0.020577,0.12279,-0.55048,-0.41858,0.076531,0.21747,-0.24686,0.18679,-0.093494,-0.18497
-0.28309,0.73225,-0.25251,-0.08958,-0.15986,0.43571,-0.015476,1.1293,-0.32222,0.32237,-0.019482,0.71188,-0.4404,-0.5046,-0.26595,0.079674,-0.081656,-0.10266,-0.024737,-0.3337,0.038705,0.5251,0.091884,0.54362,0.063081,0.39042,-0.13522,0.2292,0.18725,0.14655,0.40541,0.2464,-0.59084,-0.58103,-0.74719,-0.011923,-0.48383,0.43029,0.10355,0,0.66353,1.2371,0.033648,0.11149,0.15723,0.15627,-0.38106,-0.31935,0.05949,-0.67535,-0.43612,-0.14102,-0.054311,0.63993,-0.35768,-0.18031,0.00229,-0.25269,-0.45277,-0.34769,0.17828,-0.31054,0.14516,-0.03894,-0.18616,-0.46306,-0.41305,-0.10156,0.12859,-0.076269,-0.082712,0.14529,0.078301,-0.17184,0.049684,-0.44349,-0.066538,-0.1383,-0.60199,-0.62138,0.080864,-0.096377,-0.054114,-0.10628,0.12066,-0.39337,-0.21026,-0.37177,-0.36286,-0.13604,-0.15727,-0.087739,0.022498,-0.20813,0.43248,-0.42989,0.026544,-0.037432,-0.22869,-0.40349,-0.51945,-0.45643,0.083473,-0.44803,-0.2543
-0.066566,0.043801,-0.4632,-0.22749,0.087226,0.039166,0.5575,0.60623,-0.03203,0.053179,0.32655,0.41927,-0.08559,-0.211,-0.24598,0.054353,-0.29368,-0.43309,0.1303,-0.028631,0.4993,0.38501,0.31225,0.27128,0.46072,0.63827,-0.10489,-0.26799,0.13069,0.28785,0.44563,0.61158,-0.25108,-0.20215,-0.12075,0.22505,-0.10868,0.2397,0.49097,0.66353,0,0.6473,0.53073,0.45754,0.062771,0.40624,-0.1923,-0.045969,0.083812,-0.56419,-0.52858,-0.080889,0.26694,0.1653,-0.30251,0.20091,0.37536,-0.13552,-0.13846,-0.23288,-0.08979,-0.035649,0.099406,-0.33936,0.042755,-0.13742,-0.19198,0.08029,-0.3389,0.4227,0.49113,0.34236,0.28742,-0.17389,0.17309,-0.2591,-0.16571,-0.085372,-0.34452,-0.4152,-0.12604,-0.14187,-0.054313,0.01868,0.27044,-0.23316,0.041674,-0.18692,-0.080203,-0.38125,-0.087073,0.11957,0.039523,0.15778,0.16017,-0.50793,-0.13807,-0.24207,-0.32998,-0.25218,-0.1346,-0.58255,0.20864,-0.17472,-0.35463
-0.45905,0.74191,-0.36188,-0.30687,0.0052005,0.79206,-0.21396,0.92978,-0.7152,-0.0073509,-0.38489,0.3017,-0.64111,-0.62889,-0.63192,0.18007,-0.013788,0.086716,-0.072261,-0.27884,0.26658,0.74714,-0.23975,0.31225,-0.041698,0.13554,-0.26471,0.35148,-0.18795,-0.22072,0.065053,-0.046433,-0.4168,-0.30918,-0.73741,0.031861,-0.66281,0.25551,-0.23819,1.2371,0.6473,0,-0.23395,-0.12555,-0.18308,-0.20627,-0.17764,-0.16946,0.22991,-0.33054,-0.12705,-0.0018336,-0.13046,0.68693,-0.23109,0.10166,0.25703,-0.46221,-0.51345,-0.70915,-0.01757,-0.42908,0.2474,-0.026976,-0.17857,-0.23938,-0.31441,0.065241,0.19201,0.017821,0.0051125,-0.19893,-0.26313,-0.45413,-0.26799,-0.5524,-0.14899,-0.20357,-0.54131,-0.82386,0.10615,-0.088549,0.030484,-0.026404,0.027748,-0.25493,-0.037213,-0.19006,-0.24809,-0.19531,-0.4227,0.036519,0.33991,-0.21781,0.3546,-0.49214,-0.0011383,0.10059,-0.13982,-0.43671,-0.5348,-0.34116,0.05234,-0.45119,-0.28712
0.19736,-0.32136,0.0079286,0.15697,-0.11748,-0.50228,0.6394,0.051335,0.47617,0.23047,1.1889,0.27522,0.65849,0.48056,0.50052,-0.18505,-0.11301,-0.40303,0.16501,0.10861,0.26156,0.06304,0.66143,0.25423,0.75399,0.68184,0.091353,-0.6815,0.5023,0.71152,0.81788,1.1693,0.25643,0.014089,0.55856,0.36519,0.28915,0.078982,0.78002,0.033648,0.53073,-0.23395,0,1.3262,0.549,0.94336,-0.0078006,0.18463,-0.03899,-0.41916,-0.62025,-0.088127,0.19313,-0.37224,-0.18987,0.16852,0.24831,0.26083,0.311,0.2815,-0.046328,0.73218,0.10957,-0.25848,0.35133,0.091038,0.20432,-0.036366,-0.37475,0.64325,0.65887,0.87293,0.68968,0.38904,0.54807,0.10892,0.03025,0.33649,-0.011793,0.14183,-0.44945,0.0708,-0.025135,0.037367,0.23436,-0.12727,-0.16017,-0.043362,0.27267,-0.021425,0.48117,0.12745,-0.34718,0.24051,-0.14883,0.10389,-0.096553,-0.17036,-0.24473,0.43389,0.39925,-0.30277,0.30026,0.15681,-0.14742
0.15041,-0.12813,-0.023555,0.3404,-0.30451,-0.36822,0.44841,0.20104,0.4682,0.36537,1.117,0.38547,0.4342,0.38324,0.32852,-0.061432,-0.25393,-0.37518,0.17386,-0.15735,0.29498,0.13471,0.48912,0.39643,0.61211,0.58914,-0.050845,-0.86456,0.25483,0.46866,0.77495,1.3061,0.0162,-0.088012,0.31671,0.41026,0.12561,0.16418,0.62944,0.11149,0.45754,-0.12555,1.3262,0,0.47473,0.80202,-0.043763,0.22175,0.15276,-0.64188,-0.77077,0.11935,0.16459,-0.26008,-0.29323,0.40697,0.24227,0.029277,0.20949,0.4574,0.27653,0.66794,0.36002,-0.19916,0.47861,0.18245,0.2522,-0.14039,-0.23949,0.59807,0.58137,0.77584,0.6418,0.2967,0.65328,-0.071588,-0.019263,0.34919,-0.063767,-0.042233,-0.4344,-0.039089,-0.11995,0.098532,0.41361,-0.19582,-0.22334,-0.17888,0.38921,-0.28127,0.29552,0.12246,-0.24135,0.19772,-0.065251,0.25243,0.23372,-0.075068,-0.13791,0.38855,0.40035,-0.17935,0.59489,0.21205,0.074948
