,,,,,,,,,,,,,,,,,,,,,,,,,,,,,,,,,,,,,,,,,,,,,,,,,,,,,,,,,,,,,,,,,,,,,,,,,,,,,,,,,,,,,,,,,,,,,,,,,,,,,,,,
0,-0.19154,0.63736,0.47855,0.49995,-0.21782,0.34609,-0.34714,0.61302,-0.20889,0.077471,-0.291,0.46226,0.38778,0.20334,-0.11428,0.20427,-0.029902,0.23652,0.44986,-0.18313,-0.13317,0.45395,0.06013,0.70014,0.53773,0.10927,-0.39825,0.24555,0.15094,-0.24657,0.19681,0.27888,0.10023,0.64566,0.25477,0.89822,-0.078316,0.17637,-0.46616,-0.0079049,-0.51142,0.21437,0.12175,-0.21898,0.077611,0.82299,0.67767,0.28868,0.025863,-0.054397,-0.10233,0.82677,0.019275,0.68678,0.39731,0.50986,0.81094,1.1031,0.58825,0.060923,0.14628,-0.49744,-0.52127,-0.21374,0.73841,0.67666,0.42031,-0.58473,0.30765,0.40594,0.028275,0.1209,-0.31993,-0.03229,1.2422,0.77345,0.27417,0.59463,0.57082,0.33764,0.51442,0.34435,0.43824,0.2092,0.5865,0.64391,0.71621,0.70627,0.24886,0.38544,0.038354,0.10148,-0.16964,-0.69166,0.38919,0.033024,0.22816,0.33223,0.094318,-0.011341,-0.032309,-0.29844,0.24545,0.48827
-0.19154,0,0.26053,0.13442,0.13832,1.3002,-0.52896,0.74374,-0.58718,0.0062883,-0.53927,0.1693,-0.31268,-0.20459,-0.24061,0.087736,0.31526,0.4013,-0.30692,-0.30051,-0.28394,0.46255,-0.46975,0.29257,-0.1755,-0.067892,-0.055652,0.4915,-0.013221,-0.32211,-0.021154,-0.21482,-0.16645,-0.33968,-0.39545,0.025801,-0.31132,0.31112,-0.55686,0.63333,-0.11676,0.77394,-0.41101,-0.24483,0.030239,-0.34146,-7.3896e-05,-0.16961,0.16847,-0.086049,0.16514,-0.18624,-0.091033,0.82559,0.10919,0.012509,0.049677,-0.14485,-0.085607,-0.40376,0.24393,-0.46646,0.064768,0.14851,-0.32348,-0.11592,-0.16865,0.25467,0.60711,-0.15156,-0.23397,-0.29891,-0.34897,-0.33281,-0.28848,-0.043449,0.32761,0.015161,-0.17381,-0.31331,0.3659,0.1129,0.036879,0.056663,-0.14616,0.020605,-0.024409,-0.013535,-0.042188,0.26169,0.027668,-0.38233,0.18873,-0.56919,0.10813,0.10846,0.26216,0.37594,0.14795,-0.21785,-0.56807,0.074632,-0.24127,-0.55799,0.11934
0.63736,0.26053,0,1.0189,0.29784,0.02745,-0.27237,-0.34449,0.094613,-0.23402,-0.26451,-0.47308,0.3545,0.21854,0.29787,-0.20943,0.84123,0.78945,0.12753,0.39918,-0.51589,-0.0062739,0.10332,0.090559,0.36391,0.14741,0.082936,0.11076,0.32329,-0.039973,-0.24803,-0.12419,0.30444,0.083196,0.37655,-0.047346,0.40143,-0.23017,-0.31159,-0.28034,-0.45149,-0.31682,0.016749,-0.051668,-0.029571,-0.17443,0.69248,0.42046,0.0043913,0.25265,0.24962,-0.27969,0.16361,0.020931,0.80028,0.1287,0.29072,0.61593,0.94305,0.27173,-0.058505,0.093464,-0.47233,-0.12245,-0.53262,0.51642,0.52312,0.42313,0.061465,0.08005,-0.14554,-0.29781,-0.42979,-0.40142,-0.42734,1.1579,1.2722,0.89195,0.73609,0.51963,0.67959,1.3231,0.80106,0.56332,0.19486,0.99101,0.79046,0.62797,0.64584,0.79191,0.5993,-0.19827,0.042405,-0.76217,-1.0042,0.7978,0.18813,0.56046,0.45472,0.27569,-0.18698,0.060169,-0.57407,-0.12184,0.40492
0.47855,0.13442,1.0189,0,-0.13998,-0.21742,-0.24205,-0.23521,0.30429,0.066287,0.011885,-0.18666,0.25972,0.14428,0.044098,-0.34819,0.25866,0.42077,0.46451,0.40608,-0.16735,0.11495,0.26656,0.32005,0.40266,0.26182,-0.10382,-0.18208,0.25614,-0.038959,-0.13222,0.17756,0.061213,-0.0052543,0.24491,-0.0012156,0.25787,-0.12432,-0.163,-0.17126,-0.3139,-0.33789,0.16919,0.30632,-0.058376,-0.072059,0.34724,0.28868,0.12394,-0.22696,-0.27339,-0.024321,0.10996,-0.099723,0.34114,0.29133,0.29251,0.34862,0.59362,0.58421,0.27675,0.27407,-0.20063,-0.39274,-0.22155,0.48606,0.36273,0.14591,-0.043868,0.29542,0.075222,-0.114,-0.17255,-0.47852,-0.062125,0.71489,0.77664,0.90134,0.80889,0.085368,0.27348,0.68682,0.37234,0.6292,0.65752,0.50194,0.48114,0.25472,0.75229,0.20965,0.24447,-0.078378,-0.12288,-0.79779,-1.0575,0.61816,0.17513,0.46518,0.45036,0.13591,-0.18214,-0.028095,-0.19446,0.075667,0.58743
0.49995,0.13832,0.29784,-0.13998,0,0.25614,0.42009,0.11557,0.20425,-0.085394,-0.076618,0.01301,0.34884,0.31296,0.35568,-0.014958,0.49445,0.23494,-0.51129,0.16719,-0.56383,-0.45158,0.065874,-0.62398,0.34402,0.18671,0.21354,0.01599,0.25,0.13352,-0.20808,-0.096878,0.20411,-0.016568,0.11439,0.073208,0.84375,0.33,0.16521,-0.20132,0.0032552,-0.10368,-0.085069,-0.31965,-0.039054,-0.061853,0.55732,0.33698,-0.053124,0.41462,0.50665,-0.41317,0.68799,0.19399,0.51837,-0.085407,0.036557,0.52938,0.61085,-0.042555,-0.47007,-0.18027,-0.60764,-0.20042,-0.59956,0.12713,0.20686,0.21349,-0.42179,-0.20145,-0.099364,-0.24781,-0.1126,-0.17044,-0.40085,0.61479,0.35425,-0.24548,0.15845,0.74206,0.6554,0.36156,0.54485,-0.18818,-0.54174,0.33297,0.54552,0.60768,0.084692,0.57195,0.42847,-0.14695,-0.091485,0.10087,-0.066763,0.14778,-0.11333,-0.26436,-0.31273,-0.017992,-0.25613,-0.12151,-0.63993,-0.18913,-0.0030542
-0.21782,1.3002,0.02745,-0.21742,0.25614,0,-0.54645,0.57921,-0.81779,-0.19401,-0.68219,-0.00046543,-0.42231,-0.23641,-0.27344,0.20605,0.20912,0.29125,-0.31885,-0.3305,-0.27377,0.40374,-0.85706,0.089043,-0.36499,-0.26674,-0.20618,0.60534,-0.35615,-0.41475,-0.19792,-0.41552,-0.01535,-0.12052,-0.31004,0.14667,-0.2577,0.27415,-0.58128,0.36775,-0.20348,0.63479,-0.59336,-0.47417,-0.15708,-0.54046,0.14831,-0.022192,0.3504,0.17794,0.45404,-0.11641,-0.12177,0.78864,0.18525,0.098246,0.12395,-0.12083,-0.13592,-0.62185,0.11606,-0.56623,0.076129,0.38144,-0.099011,0.0062609,-0.065625,0.2604,0.52403,-0.3735,-0.28162,-0.43873,-0.43113,-0.13034,-0.47666,-0.16765,0.11093,-0.19521,-0.29682,-0.19005,0.25508,-0.090033,-0.087591,-0.010478,-0.33866,0.04294,-0.089311,0.1901,-0.042732,0.30765,-0.080234,-0.31384,0.33612,-0.24461,0.29941,0.0011788,0.27734,0.38759,0.21164,-0.055673,-0.24816,0.34481,-0.098253,-0.51003,0.081874
0.34609,-0.52896,-0.27237,-0.24205,0.42009,-0.54645,0,0.19048,0.98606,0.4379,0.90706,0.57358,0.61527,0.50047,0.45427,-0.052957,-0.15365,-0.62748,-0.29273,0.055906,0.04946,-0.43715,1.0639,-0.14857,0.72104,0.78019,0.47855,-0.63282,0.60458,0.79735,0.43432,0.65688,-0.0011637,-0.19779,0.12899,0.05335,0.59126,0.33732,1.2399,0.011732,0.67968,-0.17251,0.63693,0.43988,0.30952,0.75154,-0.087854,0.087761,-0.18044,-0.25128,-0.35213,-0.058398,0.82285,-0.11724,-0.22515,-0.11403,-0.093585,0.22785,0.20786,0.45231,-0.10188,0.39449,-0.048891,-0.43347,-0.085424,-0.17393,0.033423,-0.22462,-0.90075,0.31043,0.49968,0.67662,0.82565,0.17673,0.55513,0.16761,-0.1063,-0.34458,-0.091949,0.31189,-0.10626,-0.099833,-0.0019974,-0.39487,-0.15504,-0.35604,0.0037671,-0.15365,-0.12824,-0.27376,0.14953,0.27409,-0.36714,0.70274,0.20444,-0.088804,-0.20245,-0.81173,-0.75629,-0.059757,0.056256,-0.58742,0.0082255,0.37876,-0.18301
-0.34714,0.74374,-0.34449,-0.23521,0.11557,0.57921,0.19048,0,-0.14702,0.45982,0.10014,0.96275,-0.21386,-0.14395,-0.095032,0.1646,-0.15407,-0.26012,-0.50076,-0.53401,-0.0048541,0.33067,0.017232,0.29472,0.071122,0.31989,0.061227,0.096192,0.17844,0.15915,0.40538,0.25805,-0.47371,-0.79371,-0.68703,0.0081706,-0.25235,0.63068,0.14695,1.176,0.50973,0.97888,0.013721,0.15216,0.22558,0.12468,-0.42296,-0.35335,0.086615,-0.53318,-0.26818,-0.075143,0.23073,0.79044,-0.35494,-0.086057,-0.10689,-0.3636,-0.35865,-0.24813,0.34824,-0.20863,0.32364,-0.052959,-0.13845,-0.50593,-0.41483,-0.15372,0.19147,0.016101,0.091458,0.19901,0.19646,-0.10967,0.15685,-0.36834,-0.08059,-0.43211,-0.6289,-0.49074,0.047167,-0.31444,-0.25375,-0.37359,-0.19676,-0.6704,-0.38626,-0.47382,-0.31755,-0.25063,-0.16801,-0.063677,-0.090498,0.0921,0.62888,-0.24717,0.13269,-0.2544,-0.4715,-0.29231,-0.40913,-0.41878,0.12682,-0.28394,-0.17513
0.61302,-0.58718,0.094613,0.30429,0.20425,-0.81779,0.98606,-0.14702,0,0.50083,0.90765,0.33225,0.84625,0.83563,0.50054,-0.13768,-0.12426,-0.34745,-0.091631,0.16137,-0.10223,-0.63011,1.0299,-0.1428,0.69571,0.56036,0.42809,-1.0653,0.47762,0.46518,0.15787,0.58153,0.031025,-0.070606,0.34193,0.10088,0.72249,0.24621,0.7835,-0.36877,0.14163,-0.66161,0.56233,0.58371,0.15399,0.51305,0.21316,0.41786,-0.022233,-0.23387,-0.43786,0.017667,0.75173,-0.29807,-0.048016,0.1014,-0.077441,0.42789,0.54087,1.324,0.13698,0.75319,-0.01283,-0.52986,-0.04395,0.23546,0.40613,-0.30775,-0.81894,0.34416,0.41786,0.43239,0.60652,0.048225,0.58569,0.41788,0.13033,-0.042898,0.30836,0.42943,-0.052271,0.067007,0.070764,-0.20172,0.02638,-0.16125,0.11398,0.046736,0.2775,-0.19306,0.24809,0.39134,-0.33456,0.33809,-0.16295,0.323,-0.0011617,-0.50279,-0.34635,0.060572,0.060026,-0.35401,-0.042778,0.6304,0.18606
-0.20889,0.0062883,-0.23402,0.066287,-0.085394,-0.19401,0.4379,0.45982,0.50083,0,0.6863,1.3552,0.29844,0.28197,0.24035,-0.42717,-0.013585,-0.19634,-0.31409,-0.22843,-0.18872,-0.36877,0.51793,0.018317,0.21827,0.37043,0.12726,-0.30647,0.47655,0.66321,0.53683,0.53015,-0.17685,-0.29741,-0.38296,-0.056846,0.16915,0.76681,0.52841,0.28864,0.052564,-0.028272,0.22031,0.39389,0.58329,0.43237,-0.41828,-0.24744,-0.055051,-0.44775,-0.40324,0.24841,0.057411,-0.10904,-0.73741,-0.34741,-0.58798,-0.15958,-0.27815,0.48195,0.24056,0.28513,0.21382,-0.029965,-0.067617,-0.45281,-0.15157,-1.092,-0.27913,-0.098477,-0.03795,0.44929,0.58889,0.29846,0.60973,-0.23071,-0.38736,-0.34729,-0.19476,-0.023051,-0.25968,-0.1368,-0.025407,-0.44006,-0.15446,-0.63909,-0.41652,-0.60269,-0.31842,-0.35536,-0.19393,-0.10151,-0.69907,0.25025,0.37564,0.17556,0.11094,-0.50399,-0.68818,-0.1028,-0.10094,-0.20736,0.14861,0.3184,0.12094
0.077471,-0.53927,-0.26451,0.011885,-0.076618,-0.68219,0.90706,0.10014,0.90765,0.6863,0,0.63997,0.79144,0.65606,0.65436,-0.20881,-0.27633,-0.61681,-0.096137,-0.10143,0.15252,-0.28519,0.91675,0.010722,0.68561,0.68157,0.18949,-1.1,0.52171,0.86589,0.87614,1.2685,0.11256,-0.092678,0.26786,0.42666,0.38818,0.43462,1.3959,-0.017964,0.41808,-0.3632,1.2337,1.1798,0.72612,1.2188,-0.11166,0.18884,-0.065143,-0.58269,-0.74406,0.039498,0.23094,-0.44036,-0.40119,0.016762,-0.09316,0.13722,0.08755,0.5826,-0.0060857,0.94334,0.20627,-0.40275,0.37899,-0.066357,0.19032,-0.5771,-0.62031,0.43115,0.54214,1.1131,1.1723,0.60911,0.96794,-0.073823,-0.27331,-0.085214,-0.18508,0.23864,-0.58032,-0.17582,-0.1148,-0.33725,0.024903,-0.48251,-0.40297,-0.25242,0.060596,-0.26911,0.27524,0.14516,-0.74176,0.50895,0.13335,0.059878,-0.052847,-0.61462,-0.68326,0.25122,0.38557,-0.35978,0.41827,0.34687,-0.17487
-0.291,0.1693,-0.47308,-0.18666,0.01301,-0.00046543,0.57358,0.96275,0.33225,1.3552,0.63997,0,0.13707,0.14674,0.13719,-0.2025,-0.21231,-0.4636,-0.45287,-0.38414,-0.059715,-0.15983,0.45992,0.091864,0.20606,0.47476,0.20013,-0.2748,0.49893,0.61196,0.69476,0.60532,-0.36052,-0.56919,-0.5238,0.022948,0.030441,0.97939,0.64374,0.68712,0.42385,0.32477,0.26019,0.37809,0.57416,0.52566,-0.5934,-0.40474,-0.12444,-0.67174,-0.54362,0.039314,0.18788,0.18803,-0.74097,-0.3723,-0.50812,-0.23717,-0.41461,0.1587,0.20992,0.094924,0.23142,-0.16331,-0.082657,-0.69892,-0.39736,-0.71165,-0.20331,-0.013693,0.096898,0.56404,0.71149,0.22676,0.64058,-0.36292,-0.39432,-0.58852,-0.5025,-0.22302,-0.24026,-0.36786,-0.22789,-0.61957,-0.23982,-0.97777,-0.56328,-0.71612,-0.50143,-0.41913,-0.15923,-0.10915,-0.60254,0.29046,0.62689,-0.17825,-0.041721,-0.68254,-0.92976,-0.31714,-0.27217,-0.47703,0.14844,0.042184,-0.16575
0.46226,-0.31268,0.3545,0.25972,0.34884,-0.42231,0.61527,-0.21386,0.84625,0.29844,0.79144,0.13707,0,1.4703,0.9101,-0.37839,0.34719,-0.0062945,-0.156,0.32065,-0.25653,-0.46404,0.7345,-0.1414,0.84261,0.5671,0.50547,-0.61409,0.71387,0.5986,0.43671,0.58537,0.73169,0.31771,0.82011,0.36215,0.85925,0.26848,0.64491,-0.41306,-0.014849,-0.67396,0.79913,0.54554,0.61641,0.65198,0.38722,0.52182,-0.14693,0.041076,-0.12225,-0.1861,0.31095,-0.46933,0.037597,0.033357,0.078008,0.74455,0.74679,0.65727,-0.29257,0.9908,-0.12068,-0.25716,0.022456,0.27853,0.55154,-0.067612,-0.68335,0.36487,0.38006,0.56115,0.54069,0.4314,0.44819,0.52224,0.20465,0.2938,0.35522,0.86839,-0.16822,0.33497,0.24771,-0.065255,-0.099474,0.14798,0.16926,0.27462,0.32274,0.32245,0.71345,0.029268,-0.51686,0.18581,-0.28835,0.59999,-0.043395,-0.18282,-0.25825,0.43677,0.28542,-0.027385,-0.16535,0.33264,0.082096
0.38778,-0.20459,0.21854,0.14428,0.31296,-0.23641,0.50047,-0.14395,0.83563,0.28197,0.65606,0.14674,1.4703,0,0.83112,-0.086038,0.15239,-0.092245,-0.36639,0.060064,-0.36516,-0.56641,0.42676,-0.20673,0.46926,0.28419,0.63365,-0.69736,0.38123,0.28429,0.23871,0.35982,0.52229,0.23474,0.69935,0.40473,0.61982,0.37082,0.48601,-0.47261,-0.16618,-0.65066,0.49551,0.43007,0.38343,0.4114,0.49024,0.70125,-0.017129,0.11178,-0.060652,-0.20842,0.36423,-0.24606,0.061938,0.11622,-0.028406,0.69248,0.69501,0.72361,-0.080463,1.0253,0.11741,-0.10562,0.10947,0.3853,0.68362,-0.12487,-0.44418,0.21041,0.28276,0.38847,0.44591,0.4405,0.46333,0.33816,0.1616,0.073778,0.21465,0.74526,-0.15274,0.05249,-0.0063713,-0.29567,-0.32802,-0.052196,-0.014392,0.31746,0.33187,0.26673,0.64125,0.23936,-0.26551,0.28806,-0.053469,0.61045,0.12254,-0.23277,-0.21353,0.3949,0.23842,0.050888,-0.12838,0.36314,0.07392
0.20334,-0.24061,0.29787,0.044098,0.35568,-0.27344,0.45427,-0.095032,0.50054,0.24035,0.65436,0.13719,0.9101,0.83112,0,0.046529,0.30208,-0.029232,-0.52729,-0.20651,-0.53692,-0.49825,0.40272,-0.25912,0.45843,0.27635,0.37154,-0.43991,0.47833,0.60972,0.38581,0.33209,0.26623,-0.13184,0.34677,0.26535,0.5005,0.2335,0.59997,-0.23374,-0.087711,-0.50533,0.63219,0.41684,0.56575,0.52821,0.42442,0.55694,-0.15862,0.10836,0.048589,-0.38725,0.26049,-0.17382,0.2633,-0.1266,-0.15996,0.5246,0.51705,0.34206,-0.23438,0.75319,-0.024521,0.038639,-0.04729,0.14379,0.6146,-0.3226,-0.15364,-0.019444,-0.040494,0.35184,0.24215,0.56049,0.11151,0.28337,0.22409,0.094141,-0.14603,1.0099,0.091432,0.28342,0.35477,-0.3959,-0.47204,-0.027302,-0.1127,0.28667,0.22429,0.52717,0.96045,0.11127,-0.4098,0.30793,0.041315,0.45519,0.19542,-0.35356,-0.48035,0.70978,0.33249,-0.25244,-0.027183,0.011376,-0.28787
-0.11428,0.087736,-0.20943,-0.34819,-0.014958,0.20605,-0.052957,0.1646,-0.13768,-0.42717,-0.20881,-0.2025,-0.37839,-0.086038,0.046529,0,-0.344,-0.18853,-0.46899,-0.79886,0.083377,0.14521,-0.36892,0.0010622,-0.31625,-0.36098,0.14159,-0.041447,-0.53823,-0.51552,-0.27264,-0.35534,-0.55462,-0.47088,-0.23008,-0.092725,-0.5131,-0.2735,-0.22333,0.085813,0.15637,0.31854,-0.19982,-0.055812,-0.44339,-0.23217,0.13549,0.265,0.21472,0.10224,0.16333,-0.091761,0.26834,0.55118,0.26369,0.32198,0.061403,-0.29547,-0.010667,-0.12833,0.41207,-0.033603,0.58583,0.23522,0.11202,0.16359,0.18111,0.14282,0.58238,-0.010359,-0.038574,-0.23956,-0.31919,-0.18864,-0.18801,-0.306,0.12741,-0.2362,-0.5052,-0.19872,0.28846,-0.33046,-0.25182,-0.33851,-0.28353,-0.28913,-0.19436,0.016101,0.076521,-0.1472,0.031962,0.75186,0.87815,0.34079,0.45793,-0.13593,0.48117,-0.12434,0.0052043,0.071049,0.025452,-0.21532,0.23222,-0.071977,-0.31261
0.20427,0.31526,0.84123,0.25866,0.49445,0.20912,-0.15365,-0.15407,-0.12426,-0.013585,-0.27633,-0.21231,0.34719,0.15239,0.30208,-0.344,0,1.1008,-0.2042,0.26669,-0.44106,-0.11129,0.035907,-0.11907,0.27807,0.088489,0.080474,0.42529,0.37309,0.16761,-0.0013136,-0.17458,0.53821,0.27871,0.14918,-0.17491,0.34603,-0.1145,-0.30918,-0.14961,-0.3376,-0.055116,-0.10967,-0.24326,0.30498,-0.066883,0.30937,0.091933,-0.068199,0.53609,0.68764,0.01127,-0.080366,-0.13723,0.24291,-0.13751,0.067177,0.20644,0.39915,-0.0064338,-0.3365,-0.086017,-0.38571,0.23942,-0.53666,0.0793,0.2335,0.18763,-0.01072,-0.087061,-0.27085,-0.19944,-0.31629,-0.061876,-0.37817,0.50733,0.3926,0.43983,0.38405,0.56823,0.45222,1.2286,1.1417,0.32748,-0.12405,0.77837,0.62736,0.25356,0.0824,0.62487,0.29584,-0.42176,-0.043323,-0.27879,-0.37552,0.7531,0.19053,0.35584,0.079007,0.24619,-0.047103,0.29335,-0.51118,-0.010139,0.33737
-0.029902,0.4013,0.78945,0.42077,0.23494,0.29125,-0.62748,-0.26012,-0.34745,-0.19634,-0.61681,-0.4636,-0.0062945,-0.092245,-0.029232,-0.18853,1.1008,0,-0.036362,0.25673,-0.33804,-0.034911,-0.37943,-0.23853,-0.09531,-0.36841,-0.16735,0.56198,-0.06426,-0.35046,-0.38364,-0.51983,0.28089,0.3321,-0.016994,-0.30406,0.054479,-0.27882,-0.80412,-0.26021,-0.64637,-0.035676,-0.4469,-0.42591,-0.07006,-0.51213,0.30575,0.074617,-0.0084705,0.6253,0.79257,0.061192,-0.3061,-0.14625,0.3018,0.0055848,0.059966,0.00075389,0.27794,-0.1066,-0.22766,-0.20845,-0.26078,0.26956,-0.43791,0.19861,0.14151,0.20439,0.25742,-0.20951,-0.51377,-0.71162,-0.84867,-0.3279,-0.69421,0.32413,0.34588,0.50876,0.54319,0.23619,0.53715,0.88213,0.86722,0.39105,0.020675,0.83594,0.6821,0.2852,0.18936,0.53392,0.088065,-0.28441,0.13415,-0.49514,-0.47661,0.62498,0.22748,0.46739,0.29631,0.15982,-0.14514,0.44018,-0.45907,-0.10918,0.40297
0.23652,-0.30692,0.12753,0.46451,-0.51129,-0.31885,-0.29273,-0.50076,-0.091631,-0.31409,-0.096137,-0.45287,-0.156,-0.36639,-0.52729,-0.46899,-0.2042,-0.036362,0,0.73674,0.54553,0.46736,0.070692,0.40825,0.11313,0.1289,-0.54389,0.0082681,-0.14986,-0.07117,-0.12678,0.14575,0.2471,0.45311,0.36813,0.11382,0.020909,-0.47874,-0.13045,-0.2077,-0.0015502,-0.23757,0.13782,0.1283,-0.25049,-0.074775,-0.014839,-0.056552,0.17393,-0.22115,-0.33528,0.29312,-0.27139,-0.39307,0.03862,0.33005,0.57099,0.060108,0.015574,0.050034,0.02119,-0.028445,-0.25108,-0.31383,0.33775,0.30733,-0.024609,0.31576,-0.22237,0.35432,0.35279,0.034485,0.007032,-0.18297,0.005178,0.20364,0.05173,0.58837,0.54833,-0.26006,-0.34014,0.13534,-0.082513,1.0454,1.231,0.45682,0.2552,0.11,0.36789,-0.16662,-0.26596,-0.16862,-0.018674,-0.42489,-0.77334,-0.11051,-0.27777,0.61281,0.74718,0.020591,0.23628,0.26867,0.21289,0.13516,0.381
0.44986,-0.30051,0.39918,0.40608,0.16719,-0.3305,0.055906,-0.53401,0.16137,-0.22843,-0.10143,-0.38414,0.32065,0.060064,-0.20651,-0.79886,0.26669,0.25673,0.73674,0,0.058158,-0.072985,0.28277,-0.057332,0.31198,0.21103,0.034359,0.12763,0.27917,0.079566,-0.21231,0.00268,0.62055,0.69554,0.55913,-0.12483,0.54121,-0.27361,-0.0060629,-0.42791,-0.10202,-0.43014,0.088494,-0.15873,-0.13655,-0.092701,0.14325,-0.022903,-0.25248,0.24694,0.057795,-0.045989,0.043912,-0.46063,0.14324,-0.026126,0.32662,0.53639,0.4187,0.1241,-0.47276,0.026161,-0.7084,-0.34508,-0.20651,0.20238,-0.041755,0.47876,-0.62256,0.21409,0.19998,-0.072077,-0.046343,-0.24042,-0.1234,0.73243,0.24344,0.52414,1.2505,0.2297,0.009262,0.44416,0.23042,0.64864,0.49634,0.73434,0.85309,0.35154,0.21834,0.22393,0.019289,-0.19739,-0.21168,-0.34028,-0.94852,0.10032,-0.61079,0.30015,0.3869,-0.050782,-0.037499,0.17546,-0.47698,0.15517,0.33034
-0.18313,-0.28394,-0.51589,-0.16735,-0.56383,-0.27377,0.04946,-0.0048541,-0.10223,-0.18872,0.15252,-0.059715,-0.25653,-0.36516,-0.53692,0.083377,-0.44106,-0.33804,0.54553,0.058158,0,0.63771,0.11737,0.39915,0.12747,0.15967,-0.33026,-0.17376,-0.22251,-0.10052,0.28598,0.36305,-0.022479,0.18888,0.089758,0.12514,-0.40708,-0.43778,0.0042645,0.15619,0.7146,0.31253,0.30023,0.41786,0.011351,0.29314,-0.46568,-0.2642,0.20223,-0.44475,-0.45187,0.59176,-0.22182,-0.30869,-0.50989,0.4563,0.49543,-0.66612,-0.37891,-0.11499,0.15572,0.01887,0.34956,-0.28651,0.68394,-0.042539,-0.27755,0.18871,-0.11956,0.83803,0.80922,0.3877,0.32523,-0.021637,0.43077,-0.45748,-0.40798,0.11819,-0.090489,-0.70962,-0.67631,-0.26342,-0.3008,0.37413,0.72111,-0.12134,-0.12571,-0.49549,-0.036135,-0.87204,-0.46508,0.15953,0.19929,0.18815,-0.02891,-0.3972,-0.1296,0.10231,0.11578,-0.1559,0.33954,0.054355,0.65862,0.28526,0.038943
-0.13317,0.46255,-0.0062739,0.11495,-0.45158,0.40374,-0.43715,0.33067,-0.63011,-0.36877,-0.28519,-0.15983,-0.46404,-0.56641,-0.49825,0.14521,-0.11129,-0.034911,0.46736,-0.072985,0.63771,0,-0.2059,1.0512,0.064896,0.19769,-0.44536,0.29743,-0.21112,-0.18504,0.18931,0.1307,-0.041654,-0.10879,-0.058425,0.15348,-0.55923,-0.34541,-0.3678,0.56463,0.39188,0.71911,0.087302,0.21165,-0.061476,-0.050746,-0.19253,-0.17639,0.40646,-0.42111,-0.24197,0.23546,-0.23064,0.33806,-0.043281,0.50493,0.78089,-0.40638,-0.21995,-0.39949,0.38746,-0.21958,0.28002,-0.016446,0.33394,0.073071,-0.13884,0.50959,0.3986,0.48568,0.42025,0.11484,-0.096567,-0.23899,-0.050879,-0.20276,0.15722,0.43375,-0.16253,-0.73251,-0.18087,0.022165,-0.19648,0.68077,0.6945,0.10964,-0.058769,-0.18187,0.20112,-0.21773,-0.23514,-0.10813,0.38123,-0.32663,-0.12056,-0.15217,0.19713,0.75615,0.52346,0.046162,0.10664,0.099792,0.45388,-0.19512,0.13371
0.45395,-0.46975,0.10332,0.26656,0.065874,-0.85706,1.0639,0.017232,1.0299,0.51793,0.91675,0.45992,0.7345,0.42676,0.40272,-0.36892,0.035907,-0.37943,0.070692,0.28277,0.11737,-0.2059,0,0.23526,1.0395,1.1735,0.42691,-0.5931,1.0767,0.99715,0.61494,0.92027,0.082781,-0.14904,0.24862,-0.021676,0.50714,0.12526,0.92673,0.075349,0.55647,-0.24053,0.90196,0.70678,0.50431,0.95701,-0.17041,-0.023118,-0.24707,-0.47419,-0.64152,0.02903,0.51069,-0.28286,-0.25032,-0.1133,0.0050424,0.26081,0.27106,0.69981,0.021018,0.51996,-0.12135,-0.55329,-0.14637,-0.1377,0.048491,-0.14618,-0.74731,0.5913,0.57801,0.8976,0.84894,0.066032,0.71546,0.37651,0.12635,0.16063,0.18954,0.21954,-0.14466,0.25366,0.16443,0.028952,0.27899,-0.11526,0.12806,-0.2683,0.016165,-0.25423,0.20243,0.087948,-0.48929,0.18393,-0.21311,0.13919,-0.1814,-0.34266,-0.38555,-0.032769,0.013248,-0.57152,-0.027019,0.43646,0.038612
0.06013,0.29257,0.090559,0.32005,-0.62398,0.089043,-0.14857,0.29472,-0.1428,0.018317,0.010722,0.091864,-0.1414,-0.20673,-0.25912,0.0010622,-0.11907,-0.23853,0.40825,-0.057332,0.39915,1.0512,0.23526,0,0.23443,0.50176,-0.048066,0.077974,0.14475,0.14553,0.37187,0.33533,-0.066489,-0.23605,-0.0039404,0.029735,-0.40392,-0.21245,-0.089185,0.58216,0.35186,0.43725,0.26265,0.43204,0.10508,0.17765,-0.2761,-0.17343,0.29014,-0.60808,-0.53449,0.26357,-0.043221,0.33081,-0.19483,0.30572,0.45926,-0.1925,-0.13694,0.091406,0.71708,0.075717,0.38537,0.0046973,0.21255,0.014913,-0.028207,0.26433,0.251,0.53834,0.48941,0.4423,0.2084,-0.14084,0.32448,-0.058587,0.24372,0.47255,-0.083418,-0.56895,-0.24101,0.042923,-0.29342,0.54998,0.70709,-0.073971,-0.14934,-0.35885,0.16187,-0.34866,-0.1967,0.015223,0.23757,-0.27044,-0.10379,0.075368,0.2902,0.63302,0.46581,0.038749,0.054666,-0.057864,0.38683,0.11991,0.24711
0.70014,-0.1755,0.36391,0.40266,0.34402,-0.36499,0.72104,0.071122,0.69571,0.21827,0.68561,0.20606,0.84261,0.46926,0.45843,-0.31625,0.27807,-0.09531,0.11313,0.31198,0.12747,0.064896,1.0395,0.23443,0,1.4646,0.077072,-0.56784,0.72415,0.73027,0.52474,1.013,0.36104,-0.0036675,0.48386,0.34543,0.77383,0.11707,0.62705,-0.033051,0.50016,-0.20061,1.001,0.81678,0.45605,0.75519,0.2572,0.36476,0.15071,-0.39173,-0.38715,0.046446,0.58592,-0.2191,0.07412,0.33878,0.53238,0.3596,0.65542,0.5344,-0.027794,0.49959,-0.19342,-0.67057,-0.024906,0.26865,0.38873,0.11832,-0.78418,0.80773,0.81101,0.63826,0.56222,-0.013786,0.3529,0.6039,0.38116,0.40035,0.28645,0.38144,-0.034055,0.55321,0.43663,0.33046,0.37533,0.25282,0.36238,0.12209,0.47327,0.020069,0.40465,-0.051398,-0.35917,0.06296,-0.45629,0.38144,0.042131,-0.022372,-0.18468,0.26152,0.18899,-0.26695,0.056008,0.28111,0.26689
0.53773,-0.067892,0.14741,0.26182,0.18671,-0.26674,0.78019,0.31989,0.56036,0.37043,0.68157,0.47476,0.5671,0.28419,0.27635,-0.36098,0.088489,-0.36841,0.1289,0.21103,0.15967,0.19769,1.1735,0.50176,1.4646,0,0.13043,-0.44109,0.86747,0.96122,0.71999,1.1643,0.17297,-0.20157,0.24376,0.27863,0.52726,0.26944,0.76073,0.30373,0.72258,0.034095,0.91045,0.75954,0.50673,0.84811,-0.033874,0.066474,0.085859,-0.67253,-0.63447,0.029433,0.55867,0.0054111,-0.11423,0.1416,0.37063,0.25887,0.3028,0.40064,0.10539,0.31085,-0.13969,-0.60101,-0.051039,-0.013079,0.10989,0.063558,-0.66478,0.68498,0.80881,0.89649,0.80204,0.0099257,0.52175,0.39913,0.25496,0.20924,0.063946,0.12557,-0.13342,0.29018,0.15256,0.24263,0.37913,-0.0064864,0.12524,-0.11744,0.19009,-0.14894,0.21354,-0.14234,-0.40428,0.044443,-0.2182,0.12832,-0.042247,-0.04988,-0.22251,0.04466,0.039026,-0.4128,0.10482,0.19672,0.15741
0.10927,-0.055652,0.082936,-0.10382,0.21354,-0.20618,0.47855,0.061227,0.42809,0.12726,0.18949,0.20013,0.50547,0.63365,0.37154,0.14159,0.080474,-0.16735,-0.54389,0.034359,-0.33026,-0.44536,0.42691,-0.048066,0.077072,0.13043,0,-0.11001,0.6018,0.15077,0.14945,-0.035901,0.016447,-0.14454,0.15258,-0.30108,0.062847,0.11504,0.26507,0.057332,0.11234,-0.045153,0.13497,-0.028443,0.19527,0.23568,-0.10032,-0.061755,-0.67209,0.17413,-0.020739,-0.49442,0.37742,0.16932,-0.0654,-0.44102,-0.39359,0.38486,0.23287,0.24491,-0.085349,0.31255,0.07342,0.032477,-0.41948,-0.2455,-0.062239,0.13953,-0.03813,0.081345,0.027705,0.26424,0.22188,0.048296,0.34076,0.20459,0.22,-0.0809,0.052426,0.22295,0.16091,-0.062786,-0.17844,-0.48609,-0.42761,-0.26541,0.033106,-0.10453,-0.29532,0.11229,0.37585,0.34188,0.0083722,0.15558,0.16785,0.0803,-0.19661,-0.3735,-0.26971,-0.19266,-0.34895,-0.43119,-0.57477,0.098297,-0.35206
-0.39825,0.4915,0.11076,-0.18208,0.01599,0.60534,-0.63282,0.096192,-1.0653,-0.30647,-1.1,-0.2748,-0.61409,-0.69736,-0.43991,-0.041447,0.42529,0.56198,0.0082681,0.12763,-0.17376,0.29743,-0.5931,0.077974,-0.56784,-0.44109,-0.11001,0,-0.19793,-0.27637,-0.34468,-0.86531,0.0012422,0.062277,-0.44028,-0.65104,-0.41833,-0.32509,-0.78873,0.27947,-0.26209,0.51022,-0.78938,-0.96934,-0.26643,-0.73171,-0.2383,-0.53233,-0.16774,0.54845,0.73154,0.0074537,-0.40666,0.33229,0.040437,-0.35474,-0.083023,-0.23988,-0.34325,-0.75707,-0.1393,-0.76278,-0.14749,0.69041,-0.41395,-0.33317,-0.44756,0.29517,0.5557,-0.51721,-0.62589,-0.59995,-0.80358,-0.26337,-0.77179,-0.093413,0.038289,0.086485,0.018165,-0.23646,0.36133,0.19004,0.13611,0.21891,-0.074849,0.28604,0.24167,-0.050977,-0.37124,0.24112,-0.37178,-0.25834,0.33348,-0.28839,0.075081,-0.087267,-0.024259,0.45879,0.33339,-0.10838,-0.25139,0.26042,-0.31671,-0.31935,0.0063656
0.24555,-0.013221,0.32329,0.25614,0.25,-0.35615,0.60458,0.17844,0.47762,0.47655,0.52171,0.49893,0.71387,0.38123,0.47833,-0.53823,0.37309,-0.06426,-0.14986,0.27917,-0.22251,-0.21112,1.0767,0.14475,0.72415,0.86747,0.6018,-0.19793,0,0.91247,0.71359,0.61546,0.15877,-0.19362,0.14428,-0.050847,0.42917,0.33227,0.63386,0.31175,0.35925,-0.033677,0.6291,0.3454,0.82616,0.80073,-0.20844,-0.23759,-0.62806,-0.31125,-0.37729,-0.37568,0.26199,-0.099794,-0.13596,-0.51778,-0.20668,0.39424,0.22235,0.2401,-0.2859,0.2384,-0.38071,-0.40839,-0.51084,-0.41186,-0.16552,-0.016992,-0.38793,0.29534,0.18874,0.66627,0.56294,0.087656,0.42882,0.4477,0.26256,0.1868,0.12801,0.30397,0.068027,0.41865,0.31162,-0.069973,0.0044769,-0.016254,0.14188,-0.20113,-0.20945,0.18205,0.49367,-0.3231,-0.71115,-0.16696,-0.20894,0.10945,-0.36341,-0.28229,-0.46688,-0.1544,-0.32109,-0.59635,-0.44257,-0.070243,-0.18451
0.15094,-0.32211,-0.039973,-0.038959,0.13352,-0.41475,0.79735,0.15915,0.46518,0.66321,0.86589,0.61196,0.5986,0.28429,0.60972,-0.51552,0.16761,-0.35046,-0.07117,0.079566,-0.10052,-0.18504,0.99715,0.14553,0.73027,0.96122,0.15077,-0.27637,0.91247,0,0.88196,0.8354,0.21915,-0.13537,0.079701,0.11814,0.50837,0.36916,1.0775,0.2078,0.39033,-0.16396,0.78817,0.50841,0.83183,0.94099,-0.20044,-0.09428,-0.19282,-0.34779,-0.35523,0.0054555,0.19691,-0.24291,-0.28733,-0.34543,-0.14141,0.21875,0.010105,0.2736,-0.17908,0.34969,-0.17295,-0.13529,-0.05735,-0.33619,0.013664,-0.42872,-0.57617,0.12446,0.22756,0.91374,0.79995,0.50356,0.45506,0.1399,-0.12735,-0.017008,-0.1724,0.38057,-0.24573,0.19055,0.21263,-0.11317,-0.0053719,-0.17253,-0.14667,-0.23537,-0.16864,-0.023509,0.19465,-0.2457,-0.80868,0.30537,0.085399,0.079878,-0.10599,-0.32795,-0.56808,0.22215,0.23182,-0.34842,0.13784,0.17515,-0.12372
-0.24657,-0.021154,-0.24803,-0.13222,-0.20808,-0.19792,0.43432,0.40538,0.15787,0.53683,0.87614,0.69476,0.43671,0.23871,0.38581,-0.27264,-0.0013136,-0.38364,-0.12678,-0.21231,0.28598,0.18931,0.61494,0.37187,0.52474,0.71999,0.14945,-0.34468,0.71359,0.88196,0,1.1104,0.16128,-0.13926,0.068398,0.36422,-0.021182,0.3782,0.71885,0.54523,0.64882,0.225,0.97967,0.8525,1.5267,1.4282,-0.48472,-0.26194,-0.19808,-0.69044,-0.62796,0.017444,-0.15766,-0.21287,-0.60967,-0.17871,-0.057867,-0.14967,-0.26446,0.012409,-0.092792,0.38926,0.21413,-0.17589,0.27723,-0.47089,-0.18214,-0.28286,-0.17951,0.47985,0.46067,1.4792,1.0119,0.63953,0.86649,-0.29563,-0.30213,0.038425,-0.46722,-0.056818,-0.62531,-0.066756,-0.077064,-0.15841,0.069083,-0.42093,-0.51426,-0.58905,-0.28114,-0.20144,0.22495,-0.28322,-0.64175,0.19011,0.23666,-0.085531,-0.087435,-0.26412,-0.58348,0.086178,0.2172,-0.29324,0.36978,-0.01817,-0.33178
0.19681,-0.21482,-0.12419,0.17756,-0.096878,-0.41552,0.65688,0.25805,0.58153,0.53015,1.2685,0.60532,0.58537,0.35982,0.33209,-0.35534,-0.17458,-0.51983,0.14575,0.00268,0.36305,0.1307,0.92027,0.33533,1.013,1.1643,-0.035901,-0.86531,0.61546,0.8354,1.1104,0,0.14848,-0.11017,0.27642,0.60972,0.34752,0.41029,0.97681,0.22872,0.66883,-0.076595,1.3547,1.3972,0.80029,1.3613,-0.14607,0.074186,0.091121,-1.0147,-1.0174,0.10326,0.195,-0.29702,-0.35403,0.18286,0.22237,0.062235,0.075852,0.39126,0.055687,0.547,0.066443,-0.6803,0.35534,-0.047134,0.08806,-0.24452,-0.60508,0.75516,0.86653,1.2926,1.2575,0.34644,0.92685,0.022188,-0.10961,0.098769,-0.13136,0.030836,-0.56583,-0.0011353,-0.028223,0.042302,0.3457,-0.2582,-0.26146,-0.27226,0.14618,-0.29357,0.23296,-0.15867,-0.68277,0.14796,-0.08251,0.006756,-0.080959,-0.24995,-0.42096,0.097455,0.24968,-0.32041,0.43047,0.17624,-0.0049818
0.27888,-0.16645,0.30444,0.061213,0.20411,-0.01535,-0.0011637,-0.47371,0.031025,-0.17685,0.11256,-0.36052,0.73169,0.52229,0.26623,-0.55462,0.53821,0.28089,0.2471,0.62055,-0.022479,-0.041654,0.082781,-0.066489,0.36104,0.17297,0.016447,0.0012422,0.15877,0.21915,0.16128,0.14848,0,1.1751,1.0619,0.42525,0.52813,-0.090699,0.045143,-0.56602,-0.2468,-0.49252,0.30122,0.075231,0.33907,0.16863,0.42131,0.36989,0.080135,0.41889,0.30143,0.078671,-0.20964,-0.59409,0.076256,0.17646,0.42513,0.51109,0.44249,0.07526,-0.51531,0.37774,-0.23638,0.095444,0.27881,0.41002,0.43475,0.27549,-0.44871,0.21238,0.28578,0.21207,0.1584,0.49353,0.055812,0.34928,0.027805,0.47098,0.46872,0.61937,-0.35599,0.36774,0.2225,0.41477,0.064667,0.6158,0.28515,0.46998,0.3111,0.45091,0.30707,-0.27523,-0.19146,0.01519,-0.41839,0.47886,-0.10692,0.41619,0.27753,0.5489,0.59386,0.71797,-0.072337,0.23082,0.28894
0.10023,-0.33968,0.083196,-0.0052543,-0.016568,-0.12052,-0.19779,-0.79371,-0.070606,-0.29741,-0.092678,-0.56919,0.31771,0.23474,-0.13184,-0.47088,0.27871,0.3321,0.45311,0.69554,0.18888,-0.10879,-0.14904,-0.23605,-0.0036675,-0.20157,-0.14454,0.062277,-0.19362,-0.13537,-0.13926,-0.11017,1.1751,0,0.75553,0.21846,0.27455,-0.26853,-0.18201,-0.8108,-0.37021,-0.51676,-0.023337,-0.14608,0.016549,-0.087707,0.249,0.20464,0.066296,0.53076,0.35946,0.29585,-0.43261,-0.86249,-0.051944,0.18703,0.28902,0.21201,0.17493,0.031286,-0.49443,0.1657,-0.17964,0.13758,0.37296,0.378,0.22051,0.22957,-0.39262,0.096509,0.14127,-0.047773,-0.0078173,0.31547,0.0035801,0.12146,-0.24137,0.33113,0.59936,0.3087,-0.43082,0.14708,0.080899,0.43572,0.18452,0.58974,0.31838,0.32725,0.1705,0.15525,-0.054214,-0.18407,-0.022122,0.018904,-0.40201,0.25747,-0.18817,0.37955,0.41062,0.25653,0.52372,1.0181,-0.029424,0.34095,0.34926
0.64566,-0.39545,0.37655,0.24491,0.11439,-0.31004,0.12899,-0.68703,0.34193,-0.38296,0.26786,-0.5238,0.82011,0.69935,0.34677,-0.23008,0.14918,-0.016994,0.36813,0.55913,0.089758,-0.058425,0.24862,-0.0039404,0.48386,0.24376,0.15258,-0.44028,0.14428,0.079701,0.068398,0.27642,1.0619,0.75553,0,0.61446,0.54246,-0.21939,0.17999,-0.74452,-0.10758,-0.7472,0.54573,0.31644,0.14278,0.28902,0.657,0.68647,0.085918,0.18233,-0.034534,-0.1245,0.074369,-0.51578,0.34248,0.40866,0.58496,0.76935,0.79267,0.31089,-0.31954,0.61608,-0.21667,-0.27594,0.36942,0.75308,0.6807,0.44642,-0.46519,0.5195,0.57781,0.29467,0.26204,0.30666,0.20479,0.55118,0.29107,0.54484,0.52695,0.60153,-0.29947,0.26364,0.066608,0.39489,0.18882,0.53562,0.26688,0.66218,0.63834,0.37658,0.60267,0.029369,-0.058246,-0.045455,-0.64643,0.35463,-0.16864,0.3067,0.36992,0.46655,0.52086,0.33352,-0.056943,0.22715,0.17022
0.25477,0.025801,-0.047346,-0.0012156,0.073208,0.14667,0.05335,0.0081706,0.10088,-0.056846,0.42666,0.022948,0.36215,0.40473,0.26535,-0.092725,-0.17491,-0.30406,0.11382,-0.12483,0.12514,0.15348,-0.021676,0.029735,0.34543,0.27863,-0.30108,-0.65104,-0.050847,0.11814,0.36422,0.60972,0.42525,0.21846,0.61446,0,0.32176,0.4136,0.33665,-0.15885,0.077226,-0.23609,0.52272,0.52911,0.35168,0.44411,0.4548,0.55563,0.44149,-0.35605,-0.32473,-0.10396,-0.02566,-0.15509,0.16535,0.47699,0.42247,0.29701,0.2354,0.026479,-0.108,0.30386,-0.026685,-0.36832,0.68717,0.44762,0.46319,0.027918,-0.26387,0.30524,0.51041,0.41657,0.51241,0.51588,0.32183,0.01403,-0.044512,-0.0012241,-0.18588,0.25071,-0.49381,-0.15506,-0.14468,0.054061,-0.0073713,0.0224,-0.34115,0.38715,0.43877,0.19172,0.47584,-0.30368,-0.2782,-0.0094553,-0.087417,0.021311,0.012121,0.078456,0.001903,0.29748,0.42548,0.24813,0.37214,-0.16143,0.0047822
0.89822,-0.31132,0.40143,0.25787,0.84375,-0.2577,0.59126,-0.25235,0.72249,0.16915,0.38818,0.030441,0.85925,0.61982,0.5005,-0.5131,0.34603,0.054479,0.020909,0.54121,-0.40708,-0.55923,0.50714,-0.40392,0.77383,0.52726,0.062847,-0.41833,0.42917,0.50837,-0.021182,0.34752,0.52813,0.27455,0.54246,0.32176,0,0.3362,0.53841,-0.55971,-0.098774,-0.7545,0.33741,0.1268,0.13128,0.23788,0.6597,0.56423,0.06158,0.13616,0.065622,-0.1593,0.59219,-0.30973,0.36685,0.060056,0.15943,0.90984,0.85262,0.49699,-0.3865,0.28072,-0.67809,-0.44468,-0.22129,0.39261,0.50376,-0.023968,-1.1309,0.032213,0.18339,0.10659,0.26923,0.07236,-0.013267,0.91512,0.28073,0.05427,0.51727,1.0522,0.16672,0.4496,0.49815,0.087201,-0.078565,0.42838,0.50392,0.65274,0.41007,0.41034,0.43726,-0.18684,-0.49182,0.075343,-0.44316,0.38404,-0.15625,-0.15752,-0.16239,0.22975,0.10302,0.012982,-0.32189,0.19478,0.30101
-0.078316,0.31112,-0.23017,-0.12432,0.33,0.27415,0.33732,0.63068,0.24621,0.76681,0.43462,0.97939,0.26848,0.37082,0.2335,-0.2735,-0.1145,-0.27882,-0.47874,-0.27361,-0.43778,-0.34541,0.12526,-0.21245,0.11707,0.26944,0.11504,-0.32509,0.33227,0.36916,0.3782,0.41029,-0.090699,-0.26853,-0.21939,0.4136,0.3362,0,0.55172,0.29786,0.041018,0.047915,0.11152,0.14592,0.44471,0.3064,-0.059183,-0.029196,-0.048272,-0.38162,-0.28334,-0.29049,0.18124,0.20045,-0.21375,-0.30652,-0.44669,0.1933,-0.10742,0.071942,-0.069041,0.023974,-0.073745,-0.19665,-0.10054,-0.30148,-0.11798,-0.49911,-0.26673,-0.27754,-0.083138,0.27275,0.50911,0.3039,0.33302,-0.1021,-0.22882,-0.61065,-0.33712,0.13428,-0.10585,-0.335,-0.17892,-0.63444,-0.48212,-0.51818,-0.42391,-0.077335,-0.24344,0.072192,0.1701,-0.39273,-0.70821,0.066351,0.41753,-0.094773,-0.092477,-0.5301,-0.66439,-0.22451,-0.30477,-0.18504,-0.080638,-0.2504,-0.15038
0.17637,-0.55686,-0.31159,-0.163,0.16521,-0.58128,1.2399,0.14695,0.7835,0.52841,1.3959,0.64374,0.64491,0.48601,0.59997,-0.22333,-0.30918,-0.80412,-0.13045,-0.0060629,0.0042645,-0.3678,0.92673,-0.089185,0.62705,0.76073,0.26507,-0.78873,0.63386,1.0775,0.71885,0.97681,0.045143,-0.18201,0.17999,0.33665,0.53841,0.55172,0,0.069335,0.54591,-0.29294,0.96217,0.65709,0.56344,1.0636,-0.12347,0.078631,-0.2412,-0.49194,-0.62756,-0.20653,0.41251,-0.24199,-0.23178,-0.2119,-0.17658,0.31261,0.071558,0.34431,-0.20495,0.51542,-0.083541,-0.44527,0.12541,-0.22232,0.025741,-0.42461,-0.75849,0.20945,0.39747,0.95798,1.1,0.50301,0.66543,0.052783,-0.22392,-0.26878,-0.24301,0.32739,-0.35118,-0.21508,-0.12508,-0.43071,-0.10167,-0.44734,-0.29288,-0.13997,-0.10691,-0.14092,0.30829,0.02102,-0.80876,0.49642,0.19042,-0.19594,-0.28298,-0.78372,-0.79453,0.079015,0.18648,-0.56618,0.18786,0.12293,-0.37963
-0.46616,0.63333,-0.28034,-0.17126,-0.20132,0.36775,0.011732,1.176,-0.36877,0.28864,-0.017964,0.68712,-0.41306,-0.47261,-0.23374,0.085813,-0.14961,-0.26021,-0.2077,-0.42791,0.15619,0.56463,0.075349,0.58216,-0.033051,0.30373,0.057332,0.27947,0.31175,0.2078,0.54523,0.22872,-0.56602,-0.8108,-0.74452,-0.15885,-0.55971,0.29786,0.069335,0,0.63646,1.3056,0.046008,0.10845,0.31343,0.22346,-0.81102,-0.79452,-0.18498,-0.674,-0.41243,-0.12151,-0.054307,0.65947,-0.39881,-0.31523,-0.16768,-0.48708,-0.63375,-0.45022,0.25888,-0.38519,0.2028,-0.028574,-0.20196,-0.85293,-0.75977,-0.024705,0.40231,0.072676,0.022698,0.30691,0.18199,-0.13733,0.18055,-0.41206,-0.069452,-0.19759,-0.66227,-0.73434,0.0062315,-0.21193,-0.24139,-0.16561,0.04082,-0.54763,-0.39914,-0.7587,-0.55139,-0.28575,-0.18401,-0.24573,-0.090819,-0.16247,0.44767,-0.47005,-0.043986,-0.10299,-0.31057,-0.45228,-0.49195,-0.55514,0.096004,-0.4584,-0.36394
-0.0079049,-0.11676,-0.45149,-0.3139,0.0032552,-0.20348,0.67968,0.50973,0.14163,0.052564,0.41808,0.42385,-0.014849,-0.16618,-0.087711,0.15637,-0.3376,-0.64637,-0.0015502,-0.10202,0.7146,0.39188,0.55647,0.35186,0.50016,0.72258,0.11234,-0.26209,0.35925,0.39033,0.64882,0.66883,-0.2468,-0.37021,-0.10758,0.077226,-0.098774,0.041018,0.54591,0.63646,0,0.56561,0.58002,0.48577,0.27709,0.7078,-0.51125,-0.33136,-0.11312,-0.69228,-0.60662,0.024473,0.34038,0.12628,-0.35187,0.063761,0.23936,-0.30782,-0.21554,-0.13881,0.031858,-0.028295,0.11676,-0.51952,0.094868,-0.39969,-0.40979,0.16585,-0.27302,0.70803,0.76713,0.71991,0.61985,-0.069071,0.47902,-0.1901,-0.13466,-0.15,-0.38573,-0.39182,-0.22408,-0.19549,-0.1773,-0.043111,0.26521,-0.3661,-0.11483,-0.51811,-0.25761,-0.55616,-0.066746,0.084413,-0.072031,0.29613,0.20555,-0.56347,-0.24771,-0.35241,-0.43455,-0.31603,-0.053331,-0.67105,0.27324,-0.01895,-0.3593
-0.51142,0.77394,-0.31682,-0.33789,-0.10368,0.63479,-0.17251,0.97888,-0.66161,-0.028272,-0.3632,0.32477,-0.67396,-0.65066,-0.50533,0.31854,-0.055116,-0.035676,-0.23757,-0.43014,0.31253,0.71911,-0.24053,0.43725,-0.20061,0.034095,-0.045153,0.51022,-0.033677,-0.16396,0.225,-0.076595,-0.49252,-0.51676,-0.7472,-0.23609,-0.7545,0.047915,-0.29294,1.3056,0.56561,0,-0.24744,-0.13802,0.041064,-0.066607,-0.64596,-0.69377,-0.010615,-0.31212,-0.056518,0.050481,-0.10101,0.70539,-0.32131,-0.086832,0.017232,-0.75245,-0.6228,-0.67632,0.24791,-0.63558,0.28642,0.11199,-0.15545,-0.60824,-0.71716,0.21688,0.52704,0.0798,0.014507,0.0070144,-0.097858,-0.31413,-0.045681,-0.50475,-0.09559,-0.21195,-0.5663,-0.88566,0.10129,-0.19787,-0.18878,-0.04542,0.022928,-0.32905,-0.19178,-0.6162,-0.50677,-0.32754,-0.36423,-0.13694,0.30151,-0.099866,0.46188,-0.4441,0.067612,0.056569,-0.11801,-0.48827,-0.43768,-0.24518,0.083127,-0.38745,-0.22271
0.21437,-0.41101,0.016749,0.16919,-0.085069,-0.59336,0.63693,0.013721,0.56233,0.22031,1.2337,0.26019,0.79913,0.49551,0.63219,-0.19982,-0.10967,-0.4469,0.13782,0.088494,0.30023,0.087302,0.90196,0.26265,1.001,0.91045,0.13497,-0.78938,0.6291,0.78817,0.97967,1.3547,0.30122,-0.023337,0.54573,0.52272,0.33741,0.11152,0.96217,0.046008,0.58002,-0.24744,0,1.354,0.74634,1.3158,0.0020693,0.23244,-0.08498,-0.58327,-0.72703,-0.10226,0.18207,-0.39267,-0.13196,0.17227,0.29825,0.25072,0.27757,0.33894,-0.11646,0.86941,0.060471,-0.52764,0.36929,0.072454,0.24319,-0.080072,-0.47736,0.81712,0.80568,1.1896,0.86431,0.44281,0.67692,0.14233,0.052051,0.33383,-0.060525,0.23271,-0.47638,0.10591,0.023442,0.045072,0.29171,-0.11369,-0.16255,-0.077301,0.2713,-0.048225,0.52742,0.045199,-0.55822,0.20162,-0.19223,0.06877,-0.12047,-0.21336,-0.33508,0.38684,0.43971,-0.37721,0.35322,0.13351,-0.21113
0.12175,-0.24483,-0.051668,0.30632,-0.31965,-0.47417,0.43988,0.15216,0.58371,0.39389,1.1798,0.37809,0.54554,0.43007,0.41684,-0.055812,-0.24326,-0.42591,0.1283,-0.15873,0.41786,0.21165,0.70678,0.43204,0.81678,0.75954,-0.028443,-0.96934,0.3454,0.50841,0.8525,1.3972,0.075231,-0.14608,0.31644,0.52911,0.1268,0.14592,0.65709,0.10845,0.48577,-0.13802,1.354,0,0.58712,0.97942,-0.036911,0.28187,0.2278,-0.86656,-0.93,0.18805,0.14903,-0.28764,-0.27844,0.43686,0.31709,-0.030566,0.16034,0.5525,0.30419,0.92509,0.40788,-0.46764,0.55098,0.17613,0.32019,-0.25404,-0.3006,0.8978,0.85008,0.99258,0.79605,0.31044,0.83659,-0.057793,-0.010025,0.29058,-0.12049,-0.029469,-0.54586,-0.0081934,-0.084081,0.06445,0.41854,-0.27668,-0.31056,-0.24911,0.38612,-0.33426,0.25161,0.18011,-0.359,0.2009,-0.092925,0.20072,0.21142,-0.13125,-0.2454,0.35316,0.43559,-0.26122,0.66048,0.31136,0.040855
