,,,,,,,,,,,,,,,,,,,,,,,,,,,,,,,,,,,,,,,,,,,,,,,,,,,,,,,,,,,,,,,,,,,,,,,,,,,,,,,,,,,,,,,,,,,,,,,,,,,,,,,,
0,-0.16214,0.83619,0.56253,0.52217,-0.14615,0.32481,-0.37084,0.82957,-0.073998,0.11998,-0.30445,0.62757,0.67745,0.39304,-0.19662,0.28871,0.15077,0.14484,0.48542,-0.58512,-0.32294,0.46155,-0.064401,0.77158,0.64491,0.13456,-0.39157,0.09572,0.11598,-0.5343,0.096434,0.50496,0.26837,0.70984,0.22593,1.075,0.024861,0.12167,-0.86047,-0.83797,-0.85755,0.14454,0.12907,-0.38718,-0.18497,1.5877,1.1274,0.44547,0.26776,0.12422,-0.023058,1.0551,-0.0094311,1.0503,0.54599,0.58082,1.1302,1.7921,1.126,0.2077,0.4809,-0.34686,-0.3084,-0.13025,1.0983,1.0395,0.38717,-0.66888,0.18456,0.40756,-0.18773,-0.032186,-0.27392,-0.12446,1.3813,0.96505,0.31428,0.79262,0.85924,0.33974,0.53279,0.33102,0.35895,0.11774,0.72317,0.65972,1.4196,0.99457,0.92324,0.52278,0.48671,0.10623,-0.052874,-0.66137,0.83184,0.25666,0.2543,0.3674,0.47642,0.11567,0.25597,-0.2651,0.68863,0.88505
-0.16214,0,0.18817,0.15591,-0.03197,1.1859,-0.44197,1.114,-0.43686,0.4011,-0.49643,0.49106,-0.41094,-0.30451,-0.45361,0.074714,0.26997,0.26772,-0.27539,-0.40193,-0.2928,0.55091,-0.31319,0.66751,-0.16716,0.17091,-0.0099334,0.46463,0.10796,-0.27985,0.063626,-0.1442,-0.4957,-0.76992,-0.69968,-0.17541,-0.39462,0.30673,-0.5565,1.0896,-0.0010004,1.0193,-0.56039,-0.18473,0.033203,-0.31965,-0.25378,-0.36434,0.21998,-0.35918,-0.031902,0.056493,0.013208,1.1826,-0.14194,-0.05958,-0.073317,-0.33047,-0.25912,-0.20984,0.72279,-0.58192,0.23625,0.18831,-0.38315,-0.26622,-0.26089,0.13637,0.64513,-0.16323,-0.26073,-0.19599,-0.21244,-0.45274,-0.10004,-0.11233,0.32567,-0.083583,-0.23805,-0.60577,0.34686,0.078954,-0.043559,0.068223,-0.043576,-0.22032,-0.12627,-0.37766,-0.16489,-0.12079,-0.38175,-0.58351,0.24136,-0.55192,0.23329,0.10472,0.35846,0.33162,0.11922,-0.4774,-0.67969,-0.07187,-0.14836,-0.40202,0.28243
0.83619,0.18817,0,1.2223,0.15131,-0.13299,-0.11812,-0.25105,0.41649,-0.019921,-0.21625,-0.34109,0.31709,0.24084,0.021639,-0.24885,0.77191,1.0041,0.23152,0.515,-0.35334,0.030534,0.4522,0.30812,0.61248,0.4783,0.15198,0.0092481,0.27991,-0.22405,-0.46341,-0.084721,0.17884,0.078766,0.24896,-0.31992,0.35952,-0.30828,-0.41344,-0.31913,-0.77812,-0.2776,-0.065087,0.082883,-0.30487,-0.34162,0.54451,0.39329,0.21732,0.15774,0.11824,0.20473,0.486,0.040755,0.57546,0.39404,0.4824,0.38531,0.95487,0.90739,0.43726,0.2439,-0.17812,-0.19911,-0.47381,0.5985,0.49035,0.64903,-0.1297,0.39748,0.12961,-0.38742,-0.42518,-0.89109,-0.23215,1.1472,1.8142,0.90475,1.1311,0.22822,0.63414,1.4499,0.7173,0.76945,0.52402,1.041,1.0849,0.39238,0.71521,0.43716,0.17184,0.3157,0.26367,-0.57738,-1.0574,1.1399,0.39397,0.54405,0.52303,0.17986,-0.2252,0.10282,-0.4285,0.57091,1.195
0.56253,0.15591,1.2223,0,-0.19045,-0.26333,-0.28086,-0.21389,0.40212,0.096474,-0.0047246,-0.21445,0.23472,0.14335,-0.16052,-0.48202,0.22266,0.5927,0.59688,0.53521,-0.023533,0.20848,0.42103,0.43269,0.5651,0.49154,-0.13183,-0.21882,0.21545,-0.34062,-0.25322,0.23824,0.058655,0.056247,0.27091,-0.043026,0.23053,-0.18071,-0.28267,-0.21366,-0.59201,-0.31212,0.17947,0.40277,-0.20274,-0.17543,0.34786,0.29121,0.21294,-0.33762,-0.41257,0.16023,0.1999,-0.11376,0.35075,0.48828,0.53066,0.28775,0.6549,0.8403,0.48098,0.35153,-0.13369,-0.58126,-0.16336,0.56917,0.32855,0.39685,-0.12102,0.65476,0.33721,-0.19495,-0.21196,-0.76018,-0.0057593,0.76453,1.0433,1.0324,1.0465,-0.070967,0.24168,0.76402,0.34643,0.85029,0.96919,0.66479,0.60647,0.24892,0.83655,0.10806,0.1551,0.080923,-0.03383,-0.948,-1.4423,0.67026,0.18786,0.50469,0.52233,0.08,-0.21297,0.02453,-0.17146,0.31041,0.96182
0.52217,-0.03197,0.15131,-0.19045,0,0.090047,1.0429,0.22343,0.53355,0.30631,0.14472,0.31647,0.42348,0.42439,0.64646,-0.02134,0.42369,0.050798,-0.70904,0.10316,-1.1105,-0.86293,0.40089,-0.79162,0.45913,0.46432,0.42994,-0.091349,0.40161,0.74774,-0.21785,-0.042927,0.073066,-0.20149,-0.025842,-0.09221,0.96728,0.47166,0.47731,-0.20701,0.06997,-0.20097,-0.062734,-0.27825,-0.051962,-0.0093492,0.45602,0.29973,-0.0887,0.45663,0.4932,-0.50276,1.3705,0.2257,0.44701,-0.21008,-0.21013,0.56288,0.54743,0.20353,-0.35207,-0.0374,-0.61632,-0.16493,-0.64189,0.01398,0.18418,-0.12394,-0.64892,-0.4025,-0.18217,-0.20072,0.025738,-0.11955,-0.27721,0.56808,0.27015,-0.47442,0.095494,0.94041,0.65688,0.24434,0.51676,-0.46957,-0.71443,0.076211,0.41395,0.51362,-0.014945,1.0891,0.47157,0.12766,-0.19783,0.42554,0.1376,0.16595,-0.07201,-0.53244,-0.51448,-0.022488,-0.25438,-0.39683,-0.60607,0.049709,-0.0069066
-0.14615,1.1859,-0.13299,-0.26333,0.090047,0,-0.36488,0.94305,-0.66378,0.061958,-0.62209,0.30011,-0.58304,-0.38113,-0.42564,0.36226,0.074802,-0.049627,-0.32642,-0.55197,-0.30108,0.53876,-0.72852,0.48961,-0.38979,-0.039969,-0.15161,0.58682,-0.26818,-0.25295,-0.097114,-0.35837,-0.36231,-0.59188,-0.63178,-0.03983,-0.35789,0.2682,-0.46644,0.78886,0.0022128,0.92295,-0.77682,-0.42962,-0.18508,-0.4819,-0.10263,-0.2121,0.42218,-0.071537,0.25801,0.10815,0.059803,1.6155,0.01514,-0.0042557,0.012451,-0.28663,-0.35487,-0.46223,0.59169,-0.77843,0.26443,0.52182,-0.1555,-0.18285,-0.14942,0.1469,0.59075,-0.51783,-0.31162,-0.26484,-0.23493,-0.17231,-0.28479,-0.26285,0.085329,-0.38173,-0.52266,-0.41822,0.24704,-0.21276,-0.25789,-0.043704,-0.28298,-0.27193,-0.27404,-0.13146,-0.20521,-0.051386,-0.57595,-0.405,0.46179,-0.1156,0.58053,-0.076118,0.40945,0.32591,0.16283,-0.22537,-0.29579,0.17898,0.058723,-0.3854,0.15029
0.32481,-0.44197,-0.11812,-0.28086,1.0429,-0.36488,0,0.0065835,0.942,0.51026,0.83658,0.44003,0.93668,0.88613,1.2337,-0.19712,0.1458,-0.26064,-0.62768,0.11257,-0.4868,-1.3902,0.82495,-1.1384,0.63385,0.55066,0.58058,-0.6024,0.60925,1.6357,0.27102,0.44992,0.34297,0.10646,0.32745,0.26082,1.0322,0.60736,1.3004,-0.39525,0.3553,-0.50576,0.54437,0.16742,0.43821,0.64916,0.29847,0.3301,-0.3035,0.20662,0.077169,-0.56125,0.71053,-0.32488,0.033728,-0.24428,-0.33427,0.58286,0.45651,0.32575,-0.74134,0.44785,-0.42825,-0.41147,-0.17769,-0.03947,0.183,-0.47652,-1.102,-0.01735,0.19781,0.38221,0.61138,0.3977,0.28288,0.30466,-0.13794,-0.46704,0.026291,1.1614,0.035381,-0.012436,0.27521,-0.7473,-0.70156,-0.17519,0.094552,0.30857,-0.08198,0.61404,1.0596,0.11979,-0.65622,0.69258,0.15375,0.052431,-0.32818,-1.0062,-0.90857,0.05751,0.028997,-0.41197,-0.34573,0.16238,-0.30264
-0.37084,1.114,-0.25105,-0.21389,0.22343,0.94305,0.0065835,0,-0.2843,0.75861,-0.082689,1.1428,-0.30564,-0.21197,-0.12325,0.11528,0.021072,-0.091472,-0.64187,-0.64808,-0.29508,0.18601,-0.2193,0.11236,-0.11849,0.21266,-0.014954,0.19135,0.19351,0.14271,0.34264,0.11552,-0.64115,-1.0702,-0.87076,0.035943,-0.22047,0.77794,-0.011553,1.2265,0.52663,0.96647,-0.2712,-0.082951,0.29596,0.029417,-0.36938,-0.41265,0.044197,-0.49266,-0.12422,-0.22171,0.10347,0.88479,-0.32035,-0.26759,-0.37977,-0.3689,-0.41561,-0.40689,0.25223,-0.53674,0.12242,-0.017235,-0.29858,-0.55435,-0.42996,-0.39801,0.34011,-0.3065,-0.26463,0.016848,0.099071,-0.10849,0.025448,-0.34546,-0.08767,-0.60347,-0.63425,-0.40743,0.2019,-0.2456,-0.086793,-0.46691,-0.43352,-0.71902,-0.41194,-0.45575,-0.41471,-0.13714,-0.1496,-0.71269,-0.1591,-0.1128,0.64107,-0.23916,0.083562,-0.23933,-0.45585,-0.57097,-0.6183,-0.4338,-0.07215,-0.72894,-0.17288
0.82957,-0.43686,0.41649,0.40212,0.53355,-0.66378,0.942,-0.2843,0,0.4704,0.93531,0.16045,1.427,1.29,1.015,-0.41404,0.15673,-0.035715,-0.11868,0.37149,-0.37207,-0.87583,1.3679,-0.50601,1.2057,0.87444,0.4091,-1.1026,0.60398,0.69501,0.10868,0.7055,0.45849,0.235,0.7553,0.4009,1.2722,0.36044,0.79606,-0.7416,-0.13626,-1.0426,0.83156,0.57824,0.27507,0.55067,0.67868,0.73126,-0.041593,-0.042846,-0.2647,-0.31729,0.76204,-0.49814,0.28367,0.18677,0.072278,0.89502,1.108,1.2053,-0.24119,1.0174,-0.35467,-0.83965,-0.066198,0.46561,0.59041,-0.22661,-1.1588,0.46806,0.58266,0.33789,0.52344,0.098038,0.40553,0.76665,0.34098,0.10908,0.54029,1.0311,0.025151,0.32116,0.36702,-0.14475,-0.083485,0.18111,0.31852,0.55856,0.49692,0.58693,1.6496,0.31364,-0.55843,0.1467,-0.46859,0.50483,-0.12297,-0.39412,-0.29744,0.24202,0.064316,-0.22331,-0.29012,0.5006,0.22099
-0.073998,0.4011,-0.019921,0.096474,0.30631,0.061958,0.51026,0.75861,0.4704,0,0.62352,1.5922,0.44035,0.46838,0.40544,-0.35152,0.084754,-0.1151,-0.60816,-0.22743,-0.33865,-0.36214,0.61261,-0.18746,0.42103,0.70664,0.4498,-0.46312,0.95018,0.65599,0.74287,0.75927,-0.1901,-0.48577,-0.15595,0.26394,0.23221,1.1488,0.53948,0.43448,0.48272,0.15845,0.39842,0.41712,0.8938,0.69981,-0.19977,-0.15267,-0.27731,-0.64737,-0.54744,-0.5154,0.25063,0.10045,-0.44373,-0.30879,-0.52436,0.080943,0.030839,0.19999,-0.076771,0.18803,-0.064452,-0.60958,-0.27108,-0.37889,-0.20678,-0.63455,-0.21774,0.19679,0.15643,0.51737,0.6785,0.099419,0.63874,-0.00060026,-0.024871,-0.34375,-0.16229,0.047406,-0.01674,-0.072812,0.059176,-0.61859,-0.37815,-0.63987,-0.26663,-0.33941,-0.23336,0.058276,0.65135,-0.5309,-0.80204,-0.10691,0.18835,0.01443,-0.20729,-0.62072,-0.80579,-0.52113,-0.56804,-0.69721,-0.31268,-0.29791,-0.18685
0.11998,-0.49643,-0.21625,-0.0047246,0.14472,-0.62209,0.83658,-0.082689,0.93531,0.62352,0,0.43832,0.94825,0.91783,0.92788,-0.28136,-0.25719,-0.4788,-0.17005,-0.018319,0.15122,-0.55866,0.81965,-0.47332,0.70105,0.59115,0.19156,-1.5674,0.42076,0.88223,0.76383,1.4849,0.36751,0.22009,0.58597,0.84965,0.52906,0.5335,1.2936,-0.35555,0.44528,-0.58823,1.7339,1.0339,0.81939,1.4766,0.16923,0.38466,-0.10437,-0.42064,-0.62723,-0.2179,0.1512,-0.73304,-0.28404,0.10549,-0.083396,0.29565,0.28034,0.48427,-0.37947,1.0655,0.029916,-0.74608,0.42389,0.1194,0.26262,-0.75235,-0.77445,0.59711,0.823,1.019,1.2445,0.69357,0.95908,-0.0059854,-0.32767,-0.14256,-0.030688,0.48546,-0.5907,-0.21358,-0.043606,-0.44776,-0.1693,-0.36175,-0.29963,0.058136,0.14906,-0.035698,1.1732,0.054332,-0.89289,0.40095,-0.017985,0.048467,-0.25089,-0.67735,-0.64254,0.20076,0.31181,-0.21666,0.18522,0.21078,-0.2369
-0.30445,0.49106,-0.34109,-0.21445,0.31647,0.30011,0.44003,1.1428,0.16045,1.5922,0.43832,0,0.14929,0.2061,0.23493,-0.20885,-0.091735,-0.32229,-0.72711,-0.407,-0.32315,-0.27529,0.25286,-0.23471,0.10966,0.42143,0.32038,-0.24389,0.64133,0.61025,0.71953,0.53039,-0.35717,-0.6557,-0.40071,0.24882,0.070744,1.4405,0.52579,0.70654,0.7038,0.39585,0.18062,0.1743,0.76478,0.54813,-0.3818,-0.35184,-0.30112,-0.61338,-0.43031,-0.61563,0.14499,0.29713,-0.53272,-0.48658,-0.71074,-0.065441,-0.26355,-0.16313,-0.14767,-0.10697,-0.069428,-0.39411,-0.23928,-0.64627,-0.43939,-0.74645,-0.07635,-0.10577,-0.042291,0.43187,0.61817,0.19512,0.47332,-0.25151,-0.2683,-0.7144,-0.48352,-0.09671,-0.050046,-0.36542,-0.1377,-0.89828,-0.60039,-1.0262,-0.49962,-0.43814,-0.50085,-0.0089931,0.35981,-0.76143,-0.74007,0.0056054,0.53054,-0.30378,-0.29945,-0.73568,-0.96019,-0.69063,-0.60139,-0.73198,-0.23222,-0.63021,-0.44038
0.62757,-0.41094,0.31709,0.23472,0.42348,-0.58304,0.93668,-0.30564,1.427,0.44035,0.94825,0.14929,0,1.9463,0.99002,-0.48681,0.30737,-0.02839,-0.16567,0.39472,-0.23518,-0.72342,1.5275,-0.33024,1.1572,0.97717,0.67117,-0.85678,0.75102,0.9544,0.36766,0.73765,0.90586,0.53591,0.9811,0.4038,0.97456,0.32004,0.7701,-0.65434,-0.01875,-0.827,0.94056,0.57706,0.54995,0.77834,0.46931,0.57929,-0.11758,0.062862,-0.17689,-0.18122,0.48166,-0.6179,-0.00749,0.12021,0.073803,0.79284,0.85411,1.0152,-0.32679,1.1917,-0.15898,-0.48373,0.032475,0.34542,0.52044,-0.067777,-1.1179,0.61531,0.77169,0.67266,0.7517,0.33619,0.66827,0.56718,0.16496,0.17621,0.48133,0.99615,-0.19477,0.2722,0.22928,-0.11643,-0.10221,0.16661,0.25591,0.3441,0.30764,0.44803,1.3629,0.19148,-0.49208,0.25566,-0.33545,0.57159,-0.10302,-0.28472,-0.26064,0.28231,0.19122,0.02187,-0.25265,0.69917,0.18835
0.67745,-0.30451,0.24084,0.14335,0.42439,-0.38113,0.88613,-0.21197,1.29,0.46838,0.91783,0.2061,1.9463,0,1.057,-0.33108,0.22941,-0.17745,-0.26153,0.20188,-0.3125,-0.67649,1.0898,-0.26207,0.9601,0.92616,0.66835,-0.92691,0.60521,0.8762,0.37046,0.71964,0.84888,0.43213,0.97569,0.57375,0.89457,0.42585,0.74785,-0.59883,-0.086863,-0.76258,0.82089,0.56657,0.5364,0.75425,0.56439,0.68548,0.024655,0.032085,-0.17783,-0.17188,0.52168,-0.41759,0.0283,0.17218,0.070939,0.80992,0.79854,0.99127,-0.18125,1.1183,-0.046825,-0.3776,0.11516,0.3982,0.63755,-0.1232,-0.91672,0.50825,0.803,0.72549,0.8655,0.44654,0.74529,0.47248,0.14777,0.040758,0.30519,0.99903,-0.23876,0.1341,0.093746,-0.19773,-0.24022,0.040792,0.083782,0.39431,0.31425,0.45064,1.4192,0.20458,-0.37875,0.3106,-0.17838,0.57581,-0.00077673,-0.25007,-0.22927,0.30658,0.22409,0.10551,-0.17483,0.67784,0.20167
0.39304,-0.45361,0.021639,-0.16052,0.64646,-0.42564,1.2337,-0.12325,1.015,0.40544,0.92788,0.23493,0.99002,1.057,0,0.14428,0.25288,-0.13435,-0.64787,-0.15657,-0.24873,-0.88802,0.76462,-0.70139,0.77719,0.49247,0.42742,-0.84943,0.365,0.9371,0.32546,0.52861,0.36696,0.10484,0.47016,0.38914,0.72226,0.29327,0.80333,-0.54414,0.22479,-0.55646,0.71615,0.47928,0.48948,0.76464,0.50759,0.66086,0.025931,0.17274,0.0861,-0.096768,0.59354,-0.40759,0.08429,0.12027,-0.080157,0.34409,0.57951,0.59436,-0.29724,0.79825,0.021877,-0.25945,0.069953,0.24226,0.58249,-0.54776,-0.67921,0.28189,0.4187,0.46221,0.55816,0.46637,0.38734,0.21221,-0.037842,-0.22895,-0.035029,1.15,-0.033784,0.14837,0.42844,-0.51376,-0.54655,-0.095684,0.016383,0.28354,0.1698,0.32377,1.2536,0.53291,-0.27888,0.80882,0.11058,0.38828,0.1101,-0.63114,-0.63953,0.42346,0.33002,-0.17081,-0.023209,0.52059,-0.081902
-0.19662,0.074714,-0.24885,-0.48202,-0.02134,0.36226,-0.19712,0.11528,-0.41404,-0.35152,-0.28136,-0.20885,-0.48681,-0.33108,0.14428,0,0.05771,0.010826,-0.40218,-1.0311,0.14857,0.25588,-0.67644,0.033366,-0.32208,-0.53456,-0.38576,0.19682,-0.79262,-0.32293,-0.15711,-0.39114,-0.35517,-0.37241,-0.35144,-0.0419,-0.42234,-0.36618,-0.36957,0.074415,0.07654,0.33668,-0.32587,-0.11545,-0.22053,-0.22133,0.13811,0.1939,0.56076,0.2688,0.56325,0.60679,-0.039795,0.32624,0.18223,0.30443,0.12952,-0.64805,-0.23095,-0.277,0.40969,-0.22503,0.67014,0.72259,0.23561,0.10703,0.27932,-0.26305,0.61041,-0.25718,-0.24039,-0.27291,-0.37318,0.11443,-0.37151,-0.48932,-0.14549,-0.26575,-0.71432,-0.054177,0.15934,-0.050502,0.17774,-0.12029,-0.32155,-0.12795,-0.28488,-0.059411,0.0018474,-0.33036,-0.3117,0.63126,0.83925,0.56037,0.58847,0.054157,0.80377,0.089339,0.0040398,0.46542,0.43213,0.20722,0.58867,0.10341,-0.047425
0.28871,0.26997,0.77191,0.22266,0.42369,0.074802,0.1458,0.021072,0.15673,0.084754,-0.25719,-0.091735,0.30737,0.22941,0.25288,0.05771,0,1.1416,-0.41355,0.1317,-0.40303,-0.11461,0.39174,0.087067,0.42037,0.33151,0.56069,0.31909,0.46535,0.16869,-0.08712,-0.26266,0.21093,0.020748,-0.035797,-0.62723,0.16279,-0.24921,-0.33708,-0.026424,-0.13676,0.14022,-0.19073,-0.1692,0.084359,-0.11249,0.14951,0.072799,-0.047809,0.56236,0.67128,0.23884,0.36633,0.11496,0.10707,-0.015662,0.062101,0.034881,0.43657,0.34334,0.1099,0.035494,0.027303,0.29661,-0.68455,0.048816,0.19931,0.43914,0.0029826,0.15344,-0.12893,-0.18853,-0.33431,-0.41953,-0.19974,0.47244,0.61208,0.3705,0.37742,0.3213,0.67314,1.1476,0.94669,0.21675,-0.046995,0.54968,0.775,-0.034222,0.036639,0.33752,0.098441,0.24676,0.36109,-0.010962,-0.18495,0.8576,0.44605,0.19956,0.042692,0.098302,-0.20117,0.033571,-0.50421,0.51947,0.45311
0.15077,0.26772,1.0041,0.5927,0.050798,-0.049627,-0.26064,-0.091472,-0.035715,-0.1151,-0.4788,-0.32229,-0.02839,-0.17745,-0.13435,0.010826,1.1416,0,0.036672,0.26586,-0.096732,0.19363,0.19381,0.2729,0.26158,0.098025,0.099663,0.45569,0.2169,-0.27768,-0.3081,-0.36303,-0.07597,-0.063585,-0.20479,-0.92429,-0.072174,-0.59733,-0.69999,0.035317,-0.24285,0.19464,-0.2846,-0.1397,-0.19476,-0.38661,0.021397,-0.065894,-0.02365,0.31306,0.42172,0.38881,0.1222,0.056083,0.18696,0.10663,0.22188,-0.18259,0.31083,0.26112,0.26837,-0.092732,-0.0045577,0.14747,-0.64169,0.09327,0.057202,0.54103,0.22017,0.23579,-0.24229,-0.51372,-0.77768,-0.94487,-0.45322,0.45057,0.77596,0.77358,0.58268,-0.061129,0.77126,1.5766,1.0355,0.61079,0.44344,0.80962,0.99455,-0.11614,0.19232,0.073895,-0.20677,0.24545,0.40743,-0.39258,-0.53315,0.67455,0.41758,0.41955,0.2863,0.051909,-0.26792,-0.037665,-0.35084,0.33743,0.57458
0.14484,-0.27539,0.23152,0.59688,-0.70904,-0.32642,-0.62768,-0.64187,-0.11868,-0.60816,-0.17005,-0.72711,-0.16567,-0.26153,-0.64787,-0.40218,-0.41355,0.036672,0,0.66506,0.53228,0.48497,-0.14762,0.44636,-0.076522,-0.14362,-0.54674,0.0069231,-0.38002,-0.6332,-0.3553,-0.013367,0.21012,0.5316,0.378,0.070465,-0.096132,-0.51174,-0.28422,-0.32874,-0.50003,-0.35799,0.077764,0.13204,-0.49158,-0.32894,0.087817,0.084589,0.1529,-0.18347,-0.376,0.24413,-0.37054,-0.34512,0.20693,0.40487,0.6283,0.14085,0.086824,0.13579,0.15374,0.13568,-0.10035,-0.20688,0.37884,0.44754,0.07919,0.55153,-0.023066,0.32029,0.27962,-0.16198,-0.22369,-0.23823,-0.1,0.19429,0.17475,0.78343,0.60301,-0.32564,-0.29005,0.043236,-0.29297,0.98385,1.3221,0.54088,0.22179,0.24669,0.51789,-0.19051,-0.33314,0.013715,0.059427,-0.57701,-0.85377,-0.016645,-0.13034,0.65394,0.89692,0.19349,0.23898,0.42871,0.24751,0.12407,0.37259
0.48542,-0.40193,0.515,0.53521,0.10316,-0.55197,0.11257,-0.64808,0.37149,-0.22743,-0.018319,-0.407,0.39472,0.20188,-0.15657,-1.0311,0.1317,0.26586,0.66506,0,-0.15032,-0.25909,0.50429,-0.10016,0.30788,0.25997,0.23336,0.010284,0.3531,0.084985,-0.36599,-0.040099,0.53537,0.7092,0.51466,-0.24138,0.54698,-0.1775,0.10872,-0.53971,-0.4426,-0.63359,0.11148,-0.13187,-0.27204,-0.16937,0.17801,0.065465,-0.36973,0.26413,-0.041678,-0.28569,0.17449,-0.44386,0.27024,-0.082049,0.18327,0.78537,0.52042,0.37725,-0.40894,0.20789,-0.81966,-0.37756,-0.28064,0.22537,0.0056494,0.69583,-0.66517,0.15218,0.10974,-0.14241,-0.095132,-0.33074,-0.10518,0.88145,0.38515,0.56838,1.393,0.2935,0.10553,0.38357,0.10861,0.48124,0.51773,0.77772,0.87341,0.43958,0.26007,0.55052,0.1219,-0.056363,-0.28362,-0.3818,-1.0018,0.14993,-0.5022,0.16244,0.3326,-0.050187,-0.13157,0.052446,-0.56429,0.24622,0.28098
-0.58512,-0.2928,-0.35334,-0.023533,-1.1105,-0.30108,-0.4868,-0.29508,-0.37207,-0.33865,0.15122,-0.32315,-0.23518,-0.3125,-0.24873,0.14857,-0.40303,-0.096732,0.53228,-0.15032,0,0.62631,-0.26211,0.35234,-0.18217,-0.346,-0.59464,-0.090097,-0.45878,-0.31485,0.39545,0.24908,0.0749,0.33731,0.11766,0.21644,-0.63486,-0.50949,-0.14741,0.014072,0.33172,0.077011,0.39211,0.50135,0.19726,0.26878,-0.36115,-0.11875,0.11953,-0.34357,-0.35245,0.67994,-1.0785,-0.5767,-0.49524,0.33252,0.32213,-0.67675,-0.45977,-0.21268,0.068626,0.24265,0.67073,0.10126,0.94468,0.02921,-0.069102,-0.11037,0.31037,0.55899,0.37415,0.35144,0.088097,0.35217,0.26798,-0.68681,-0.54274,0.3871,-0.19582,-0.53549,-0.81531,-0.22322,-0.26976,0.32216,0.59901,-0.065262,-0.37666,-0.45465,0.059808,-1.3141,-0.321,0.075932,0.063482,0.04732,-0.044863,-0.18321,0.094296,0.22948,0.18398,0.34718,0.67245,0.35572,1.0151,0.093336,-0.14067
-0.32294,0.55091,0.030534,0.20848,-0.86293,0.53876,-1.3902,0.18601,-0.87583,-0.36214,-0.55866,-0.27529,-0.72342,-0.67649,-0.88802,0.25588,-0.11461,0.19363,0.48497,-0.25909,0.62631,0,-0.77207,1.3518,-0.34932,-0.23806,-0.74882,0.44646,-0.63914,-0.91726,-0.037675,-0.17138,-0.19904,-0.095299,-0.27707,-0.012995,-0.86258,-0.42123,-0.94755,0.45511,-0.093343,0.60431,-0.31282,0.060788,-0.23925,-0.42056,-0.21875,-0.17478,0.572,-0.34109,-0.10837,0.84408,-0.60858,0.33496,-0.13161,0.48044,0.56786,-0.68242,-0.41355,-0.28468,0.87837,-0.3005,0.69619,0.39476,0.37257,0.12193,-0.049804,0.36279,0.86915,0.18761,0.07674,-0.16529,-0.38868,-0.23347,-0.16119,-0.40194,0.058878,0.4277,-0.15387,-1.0475,-0.17105,-0.019566,-0.27274,0.73137,0.67807,0.10535,-0.18489,-0.31833,0.18136,-0.80617,-0.9666,-0.16305,0.59634,-0.44153,-0.037787,0.048553,0.54886,1.0017,0.73656,0.14162,0.15715,0.56918,0.64069,-0.068451,0.3964
0.46155,-0.31319,0.4522,0.42103,0.40089,-0.72852,0.82495,-0.2193,1.3679,0.61261,0.81965,0.25286,1.5275,1.0898,0.76462,-0.67644,0.39174,0.19381,-0.14762,0.50429,-0.26211,-0.77207,0,-0.39078,1.1082,0.90358,0.69858,-0.69597,1.1527,0.82437,0.34532,0.68362,0.50704,0.3136,0.5908,0.12637,0.83261,0.30542,0.65666,-0.43633,0.052025,-0.63879,0.81909,0.5125,0.56739,0.70608,0.23916,0.28944,-0.3712,-0.040519,-0.26651,-0.32834,0.43399,-0.62403,-0.069353,-0.067637,-0.10345,0.62767,0.74394,0.89833,-0.40151,0.87048,-0.33812,-0.72442,-0.23679,0.13336,0.23588,-0.10822,-0.93463,0.60807,0.47356,0.47478,0.5365,0.059343,0.54105,0.63932,0.25727,0.25001,0.62226,0.70111,-0.00045251,0.44861,0.43356,-0.11634,-0.0030076,0.17893,0.40283,0.1523,0.19453,0.42982,1.2322,0.062559,-0.68939,0.0096448,-0.48781,0.47342,-0.2589,-0.396,-0.37869,0.011685,-0.11232,-0.30853,-0.48751,0.43186,0.11932
-0.064401,0.66751,0.30812,0.43269,-0.79162,0.48961,-1.1384,0.11236,-0.50601,-0.18746,-0.47332,-0.23471,-0.33024,-0.26207,-0.70139,0.033366,0.087067,0.2729,0.44636,-0.10016,0.35234,1.3518,-0.39078,0,-0.16576,0.0059913,-0.28105,0.32138,-0.28176,-0.74747,0.018052,-0.086679,0.041844,0.046079,-0.025435,0.025747,-0.61582,-0.30828,-0.91988,0.34416,-0.36638,0.4131,-0.24095,0.12564,-0.10258,-0.31344,-0.095496,-0.075167,0.51083,-0.31194,-0.17789,0.6983,-0.46221,0.32461,-0.13311,0.46199,0.5445,-0.32151,-0.1604,0.034008,1.0451,-0.091531,0.66151,0.34305,0.2548,0.23013,0.09216,0.5814,0.67775,0.35393,0.2273,-0.0067508,-0.21106,-0.2339,0.078364,-0.13622,0.2925,0.61469,0.078074,-0.73389,-0.17417,0.12033,-0.2886,0.83497,0.6677,0.19694,-0.08367,-0.23912,0.25826,-0.50376,-0.55281,-0.19527,0.56853,-0.65137,-0.20053,0.34074,0.57033,1.3313,0.94481,0.08596,0.0411,0.70859,0.33497,0.14359,0.65905
0.77158,-0.16716,0.61248,0.5651,0.45913,-0.38979,0.63385,-0.11849,1.2057,0.42103,0.70105,0.10966,1.1572,0.9601,0.77719,-0.32208,0.42037,0.26158,-0.076522,0.30788,-0.18217,-0.34932,1.1082,-0.16576,0,1.3808,0.18584,-0.76088,0.49931,0.58817,0.17415,0.75944,0.51753,0.2189,0.61179,0.34095,0.96407,0.20723,0.44469,-0.52672,-0.015498,-0.60018,0.80199,0.74612,0.28756,0.44719,0.68159,0.78438,0.21935,-0.098161,-0.16677,0.077491,0.70641,-0.38441,0.23355,0.4873,0.42183,0.52554,1.1635,1.2289,0.016638,0.96133,-0.094323,-0.64039,-0.03139,0.59389,0.70659,-0.047114,-0.85613,0.77764,0.79885,0.29494,0.33671,-0.064224,0.29016,0.73171,0.49903,0.37489,0.5823,0.71654,0.084167,0.62077,0.58395,0.15473,0.16182,0.38155,0.47889,0.42928,0.71141,0.34125,0.88405,0.29078,-0.32508,0.090216,-0.55147,0.8659,0.21705,-0.093963,-0.14248,0.45388,0.15948,-0.023966,-0.094294,0.68361,0.55218
0.64491,0.17091,0.4783,0.49154,0.46432,-0.039969,0.55066,0.21266,0.87444,0.70664,0.59115,0.42143,0.97717,0.92616,0.49247,-0.53456,0.33151,0.098025,-0.14362,0.25997,-0.346,-0.23806,0.90358,0.0059913,1.3808,0,0.29675,-0.59211,0.67362,0.65404,0.30679,0.82295,0.46201,0.091021,0.44422,0.43693,0.83329,0.58651,0.45049,-0.17104,0.026024,-0.31672,0.59161,0.58679,0.3991,0.4253,0.46067,0.48848,0.17852,-0.29014,-0.3111,-0.11315,0.65996,-0.077466,0.065704,0.29484,0.26937,0.58892,0.78688,0.85454,0.084242,0.61827,-0.12627,-0.6299,-0.10619,0.35552,0.42735,0.00154,-0.73458,0.56744,0.74125,0.40379,0.5114,-0.041078,0.42855,0.61997,0.44976,0.18531,0.43011,0.46616,0.020713,0.34805,0.23926,0.056132,0.05444,0.13882,0.27266,0.30323,0.46038,0.37335,0.73329,-0.13711,-0.44476,-0.085573,-0.35229,0.63642,0.1037,-0.062603,-0.14878,0.1287,-0.097269,-0.031209,-0.21379,0.35504,0.51134
0.13456,-0.0099334,0.15198,-0.13183,0.42994,-0.15161,0.58058,-0.014954,0.4091,0.4498,0.19156,0.32038,0.67117,0.66835,0.42742,-0.38576,0.56069,0.099663,-0.54674,0.23336,-0.59464,-0.74882,0.69858,-0.28105,0.18584,0.29675,0,-0.028028,1.0892,0.68189,0.29484,0.02049,0.39519,0.21174,0.21283,-0.21432,0.31397,0.32808,0.3155,-0.042362,-0.010976,-0.11847,0.070344,-0.18094,0.53871,0.38511,-0.11513,-0.16213,-0.68047,0.365,0.17538,-0.51382,0.20795,-0.10552,-0.28192,-0.66023,-0.62658,0.44398,0.18646,0.21852,-0.46771,0.16885,-0.2654,0.045383,-0.51656,-0.34066,-0.12565,0.087814,-0.32758,-0.03802,-0.084755,0.36775,0.39367,0.20167,0.41573,0.27341,0.032667,-0.14154,0.17749,0.49197,0.087909,0.14151,0.10795,-0.4173,-0.52931,-0.080739,0.16051,-0.1146,-0.45243,0.53243,0.55934,-0.17189,-0.26699,0.09822,0.095951,0.18684,-0.32056,-0.33955,-0.35042,-0.37228,-0.36633,-0.19245,-0.89255,0.17148,-0.18073
-0.39157,0.46463,0.0092481,-0.21882,-0.091349,0.58682,-0.6024,0.19135,-1.1026,-0.46312,-1.5674,-0.24389,-0.85678,-0.92691,-0.84943,0.19682,0.31909,0.45569,0.0069231,0.010284,-0.090097,0.44646,-0.69597,0.32138,-0.76088,-0.59211,-0.028028,0,-0.21995,-0.50368,-0.41742,-1.2826,-0.32256,-0.1734,-0.73535,-1.051,-0.60129,-0.41497,-0.90179,0.53716,-0.092885,0.81757,-1.3785,-1.1695,-0.45204,-0.89193,-0.47826,-0.7041,-0.16496,0.46457,0.69006,0.12243,-0.28155,0.58638,-0.029107,-0.38157,-0.14386,-0.42583,-0.50433,-0.76174,0.091088,-1.2226,-0.042656,0.84252,-0.49572,-0.45248,-0.56237,0.60564,0.69961,-0.64572,-0.96012,-0.69258,-0.89962,-0.47859,-0.75682,-0.16465,0.057199,0.016593,-0.093943,-0.51312,0.47104,0.11849,0.026067,0.22795,0.032733,0.19027,0.23144,-0.31801,-0.48658,-0.045673,-1.2171,-0.24308,0.60283,-0.24194,0.20726,-0.21596,0.069898,0.39989,0.32276,-0.35462,-0.36503,0.096381,-0.25248,-0.32258,-0.028441
0.09572,0.10796,0.27991,0.21545,0.40161,-0.26818,0.60925,0.19351,0.60398,0.95018,0.42076,0.64133,0.75102,0.60521,0.365,-0.79262,0.46535,0.2169,-0.38002,0.3531,-0.45878,-0.63914,1.1527,-0.28176,0.49931,0.67362,1.0892,-0.21995,0,0.77734,0.46582,0.39998,0.18854,0.012934,0.099441,-0.14271,0.4212,0.55472,0.45363,0.11165,0.21526,-0.085101,0.32555,0.1265,0.72278,0.54718,-0.20575,-0.23353,-0.75376,-0.095955,-0.22177,-0.63298,0.25543,-0.19058,-0.36968,-0.56677,-0.55446,0.38381,0.24822,0.32979,-0.44522,0.24898,-0.41353,-0.48212,-0.61309,-0.38266,-0.25854,-0.082512,-0.47023,0.22419,0.054022,0.39956,0.46307,-0.035516,0.49387,0.37515,0.14107,-0.0048774,0.33736,0.29326,0.12082,0.27112,0.2609,-0.33385,-0.21661,-0.10655,0.24022,-0.22136,-0.29349,0.39782,0.6892,-0.42711,-0.74628,-0.18812,-0.15706,0.16497,-0.46149,-0.47472,-0.53787,-0.55288,-0.63623,-0.5643,-0.90871,-0.022779,-0.11418
0.11598,-0.27985,-0.22405,-0.34062,0.74774,-0.25295,1.6357,0.14271,0.69501,0.65599,0.88223,0.61025,0.9544,0.8762,0.9371,-0.32293,0.16869,-0.27768,-0.6332,0.084985,-0.31485,-0.91726,0.82437,-0.74747,0.58817,0.65404,0.68189,-0.50368,0.77734,0,0.59827,0.589,0.45,0.18081,0.29979,0.29851,0.72351,0.71883,1.2419,-0.17068,0.58029,-0.28433,0.62319,0.23315,0.77152,0.89081,0.055908,0.13098,-0.38814,0.078438,-0.024052,-0.48742,0.41788,-0.33842,-0.28761,-0.32533,-0.37618,0.42155,0.24921,0.20516,-0.75757,0.43546,-0.26047,-0.32961,-0.10288,-0.2094,0.020083,-0.42474,-0.92295,0.097133,0.29742,0.67446,0.85883,0.54997,0.51442,0.12386,-0.29604,-0.42598,-0.056294,0.76676,-0.16376,-0.10523,0.11444,-0.73142,-0.63193,-0.30151,-0.033896,0.04856,-0.24358,0.37699,0.87123,-0.1357,-0.76174,0.61605,0.24991,0.005897,-0.36612,-0.8869,-0.94523,-0.040608,0.011207,-0.31543,-0.28948,0.11226,-0.36028
-0.5343,0.063626,-0.46341,-0.25322,-0.21785,-0.097114,0.27102,0.34264,0.10868,0.74287,0.76383,0.71953,0.36766,0.37046,0.32546,-0.15711,-0.08712,-0.3081,-0.3553,-0.36599,0.39545,-0.037675,0.34532,0.018052,0.17415,0.30679,0.29484,-0.41742,0.46582,0.59827,0,0.86549,0.16527,0.045968,0.077676,0.44579,-0.18687,0.47402,0.48016,0.35224,0.90348,0.2087,0.71937,0.65693,2.0176,1.382,-0.51293,-0.24783,-0.26004,-0.55157,-0.53402,-0.015125,-0.41727,-0.33786,-1.3329,-0.18721,-0.33519,-0.29784,-0.36095,-0.055512,-0.20345,0.39575,0.48023,-0.14773,0.36177,-0.43382,-0.23365,-0.58212,-0.042065,0.50597,0.46112,1.4467,1.0539,0.7736,1.251,-0.59503,-0.66696,-0.17978,-0.44507,-0.13692,-0.77748,-0.36759,-0.26688,-0.4679,-0.20505,-0.7578,-0.67843,-0.76002,-0.39873,-0.55038,0.36749,-0.42016,-0.54686,0.22161,0.39983,-0.12499,-0.14564,-0.41204,-0.61192,-0.1482,0.09483,-0.11816,0.2467,-0.067469,-0.43408
0.096434,-0.1442,-0.084721,0.23824,-0.042927,-0.35837,0.44992,0.11552,0.7055,0.75927,1.4849,0.53039,0.73765,0.71964,0.52861,-0.39114,-0.26266,-0.36303,-0.013367,-0.040099,0.24908,-0.17138,0.68362,-0.086679,0.75944,0.82295,0.02049,-1.2826,0.39998,0.589,0.86549,0,0.28445,0.11025,0.47402,0.97472,0.36158,0.58811,0.79435,-0.11933,0.40943,-0.35111,1.5022,1.4479,0.82317,1.1537,0.1121,0.31948,0.06968,-0.83327,-0.98267,-0.076039,0.061242,-0.49511,-0.35148,0.27165,0.098194,0.1834,0.23428,0.50863,-0.064686,0.93095,0.16357,-0.85838,0.46682,0.16861,0.23271,-0.57216,-0.53539,0.85089,1.0733,1.011,1.1205,0.45857,1.0453,-0.017688,-0.17155,0.033281,0.013186,0.16777,-0.62719,-0.16078,-0.11991,-0.19071,0.083581,-0.33922,-0.3281,-0.042243,0.27614,-0.20113,0.81461,-0.15899,-0.82009,0.074208,-0.13074,0.13468,-0.11111,-0.34775,-0.39969,0.13889,0.19822,-0.12685,0.27962,0.13636,-0.0043587
0.50496,-0.4957,0.17884,0.058655,0.073066,-0.36231,0.34297,-0.64115,0.45849,-0.1901,0.36751,-0.35717,0.90586,0.84888,0.36696,-0.35517,0.21093,-0.07597,0.21012,0.53537,0.0749,-0.19904,0.50704,0.041844,0.51753,0.46201,0.39519,-0.32256,0.18854,0.45,0.16527,0.28445,0,1.4637,1.3592,0.34229,0.50364,-0.10351,0.31185,-0.77022,-0.21465,-0.69324,0.52562,0.27131,0.20913,0.34796,0.41854,0.52343,0.069991,0.3533,0.076175,0.18228,0.09771,-0.59637,0.00037738,0.27972,0.42363,0.63111,0.53684,0.55849,-0.23094,0.80106,0.041719,0.049716,0.34617,0.49081,0.545,0.43918,-0.69189,0.49569,0.80561,0.55382,0.45855,0.46583,0.4362,0.35944,0.026104,0.38766,0.47161,0.64457,-0.45004,0.12601,-0.10305,0.27079,0.14065,0.42679,0.24705,0.40428,0.31988,0.25213,0.39781,0.22374,-0.028409,0.29435,-0.3099,0.4829,0.017977,0.2156,0.2567,0.56745,0.60775,0.7317,0.024619,0.9708,0.30422
0.26837,-0.76992,0.078766,0.056247,-0.20149,-0.59188,0.10646,-1.0702,0.235,-0.48577,0.22009,-0.6557,0.53591,0.43213,0.10484,-0.37241,0.020748,-0.063585,0.5316,0.7092,0.33731,-0.095299,0.3136,0.046079,0.2189,0.091021,0.21174,-0.1734,0.012934,0.18081,0.045968,0.11025,1.4637,0,1.1451,0.163,0.25582,-0.39119,0.18007,-0.81309,-0.2458,-0.70695,0.42906,0.15958,0.048927,0.2128,0.20311,0.29827,-0.085397,0.38582,0.044232,0.21182,-0.19549,-0.8636,-0.043559,0.19098,0.38462,0.43996,0.29979,0.32946,-0.35227,0.62505,-0.0084899,0.09231,0.42894,0.38341,0.31489,0.51255,-0.5072,0.42995,0.5649,0.39496,0.26079,0.40916,0.29769,0.22324,-0.11245,0.52317,0.52232,0.38256,-0.54673,0.054475,-0.19077,0.40014,0.35911,0.50167,0.25241,0.28929,0.23449,0.075025,0.15181,0.24465,-0.0039104,0.19206,-0.41599,0.22561,-0.15139,0.267,0.38328,0.4985,0.67286,0.7163,0.094949,0.76027,0.15001
0.70984,-0.69968,0.24896,0.27091,-0.025842,-0.63178,0.32745,-0.87076,0.7553,-0.15595,0.58597,-0.40071,0.9811,0.97569,0.47016,-0.35144,-0.035797,-0.20479,0.378,0.51466,0.11766,-0.27707,0.5908,-0.025435,0.61179,0.44422,0.21283,-0.73535,0.099441,0.29979,0.077676,0.47402,1.3592,1.1451,0,0.59263,0.61412,-0.090689,0.41299,-1.1658,-0.38831,-1.2685,0.77602,0.53462,0.12204,0.4038,0.66079,0.82334,0.17676,0.12576,-0.19913,0.12161,0.15696,-0.76516,0.18572,0.47221,0.50225,0.78522,0.73671,0.88266,-0.129,1.2416,-0.0026545,-0.2488,0.50891,0.79852,0.7972,0.23075,-0.77592,0.65254,1.0533,0.52732,0.52293,0.43075,0.51593,0.45275,0.11758,0.43179,0.55773,0.69139,-0.50665,0.096748,-0.11002,0.28357,0.24335,0.40067,0.16846,0.6131,0.62199,0.25239,0.65689,0.40153,-0.12625,0.18414,-0.52605,0.49172,-0.008371,0.15972,0.28493,0.6571,0.66919,0.56972,0.12095,0.96008,0.35121
0.22593,-0.17541,-0.31992,-0.043026,-0.09221,-0.03983,0.26082,0.035943,0.4009,0.26394,0.84965,0.24882,0.4038,0.57375,0.38914,-0.0419,-0.62723,-0.92429,0.070465,-0.24138,0.21644,-0.012995,0.12637,0.025747,0.34095,0.43693,-0.21432,-1.051,-0.14271,0.29851,0.44579,0.97472,0.34229,0.163,0.59263,0,0.28361,0.50708,0.61971,-0.25073,0.1111,-0.40903,0.78587,0.84641,0.33142,0.60295,0.39083,0.59926,0.49533,-0.57932,-0.6634,0.036826,0.074309,-0.19781,-0.052874,0.51248,0.30961,0.26597,0.16203,0.32722,0.141,0.66615,0.29916,-0.38791,0.95809,0.4368,0.49649,-0.43992,-0.37185,0.40058,1.0636,0.76015,0.96171,0.73327,0.72666,-0.14655,-0.25985,-0.19188,-0.23645,0.19602,-0.8208,-0.54919,-0.53464,-0.16767,-0.066945,-0.3894,-0.63857,0.28591,0.39755,-0.14614,0.50976,0.001118,-0.32148,0.27049,0.10449,0.022275,0.061939,-0.10818,-0.082028,0.38801,0.53211,0.27948,0.61679,0.15308,0.041098
1.075,-0.39462,0.35952,0.23053,0.96728,-0.35789,1.0322,-0.22047,1.2722,0.23221,0.52906,0.070744,0.97456,0.89457,0.72226,-0.42234,0.16279,-0.072174,-0.096132,0.54698,-0.63486,-0.86258,0.83261,-0.61582,0.96407,0.83329,0.31397,-0.60129,0.4212,0.72351,-0.18687,0.36158,0.50364,0.25582,0.61412,0.28361,0,0.3902,0.74856,-0.76444,-0.19186,-0.9371,0.42674,0.16922,-0.043711,0.18495,0.85574,0.73883,0.019069,0.20874,0.027696,-0.42282,1.2195,-0.23766,0.56334,0.13805,0.15391,1.2933,1.1869,0.77692,-0.33856,0.53079,-0.67996,-0.624,-0.21106,0.47906,0.53351,-0.0040712,-1.6155,0.093338,0.36693,0.055706,0.29245,-0.020684,0.037559,1.0247,0.39612,-0.035157,0.57483,1.288,0.22044,0.2782,0.33077,-0.10812,-0.16803,0.32722,0.51899,0.97946,0.47136,1.0582,0.88063,0.2375,-0.4361,0.2287,-0.38914,0.36662,-0.17698,-0.3279,-0.20533,0.24215,0.026343,-0.14211,-0.41093,0.38144,0.25804
0.024861,0.30673,-0.30828,-0.18071,0.47166,0.2682,0.60736,0.77794,0.36044,1.1488,0.5335,1.4405,0.32004,0.42585,0.29327,-0.36618,-0.24921,-0.59733,-0.51174,-0.1775,-0.50949,-0.42123,0.30542,-0.30828,0.20723,0.58651,0.32808,-0.41497,0.55472,0.71883,0.47402,0.58811,-0.10351,-0.39119,-0.090689,0.50708,0.3902,0,0.78228,0.34083,0.38722,0.062289,0.23854,0.15446,0.51063,0.46958,-0.064199,-0.075768,-0.17385,-0.51083,-0.46265,-0.82371,0.37237,0.27626,-0.23963,-0.3487,-0.4932,0.33427,-0.022781,0.0035646,-0.19363,0.014435,-0.26861,-0.52323,-0.13937,-0.32467,-0.2049,-0.56281,-0.38092,-0.16744,0.12259,0.44001,0.79438,0.27546,0.47996,-0.015039,-0.179,-0.76916,-0.29817,0.14445,-0.11689,-0.48457,-0.31343,-0.80703,-0.61407,-0.79732,-0.42847,-0.02284,-0.26438,0.27109,0.51284,-0.68311,-0.82796,0.047792,0.38755,-0.27089,-0.39641,-0.66015,-0.698,-0.51652,-0.45837,-0.49705,-0.26939,-0.48399,-0.30214
0.12167,-0.5565,-0.41344,-0.28267,0.47731,-0.46644,1.3004,-0.011553,0.79606,0.53948,1.2936,0.52579,0.7701,0.74785,0.80333,-0.36957,-0.33708,-0.69999,-0.28422,0.10872,-0.14741,-0.94755,0.65666,-0.91988,0.44469,0.45049,0.3155,-0.90179,0.45363,1.2419,0.48016,0.79435,0.31185,0.18007,0.41299,0.61971,0.74856,0.78228,0,-0.32432,0.47376,-0.56549,0.84811,0.38537,0.54925,0.91499,0.12278,0.22368,-0.32647,-0.16342,-0.35947,-0.64975,0.32341,-0.49767,-0.16972,-0.2215,-0.33487,0.5142,0.20237,0.20159,-0.79472,0.53333,-0.35997,-0.6614,0.167,-0.08571,0.041495,-0.68865,-1.071,0.082202,0.39047,0.67259,1.0557,0.67548,0.57309,0.057227,-0.43906,-0.5102,-0.083697,0.65255,-0.38726,-0.40608,-0.1374,-0.77349,-0.47894,-0.43752,-0.24033,0.19962,-0.097107,0.28388,0.96021,-0.10021,-1.1232,0.53756,0.15788,-0.24862,-0.60596,-1.0763,-0.86608,-0.021805,0.11876,-0.3811,-0.085498,-0.039871,-0.49777
-0.86047,1.0896,-0.31913,-0.21366,-0.20701,0.78886,-0.39525,1.2265,-0.7416,0.43448,-0.35555,0.70654,-0.65434,-0.59883,-0.54414,0.074415,-0.026424,0.035317,-0.32874,-0.53971,0.014072,0.45511,-0.43633,0.34416,-0.52672,-0.17104,-0.042362,0.53716,0.11165,-0.17068,0.35224,-0.11933,-0.77022,-0.81309,-1.1658,-0.25073,-0.76444,0.34083,-0.32432,0,0.49219,1.6893,-0.46203,-0.24196,0.26676,-0.082385,-0.9501,-1.0164,-0.19113,-0.46554,-0.14478,-0.11601,-0.39863,0.70479,-0.62798,-0.4736,-0.50371,-0.73692,-0.93426,-0.77183,0.2158,-0.81141,0.21874,0.19466,-0.27119,-0.93042,-0.90261,-0.19263,0.78636,-0.30453,-0.49014,-0.03107,-0.078021,-0.15488,0.0043884,-0.63062,-0.23979,-0.3565,-0.62268,-0.98573,0.078915,-0.28698,-0.23045,-0.26896,-0.1771,-0.66984,-0.46162,-0.98944,-0.72569,-0.44769,-0.51517,-0.92568,-0.036589,-0.34829,0.57521,-0.44624,-0.041939,-0.051944,-0.24044,-0.84637,-0.68553,-0.35303,-0.054739,-0.93806,-0.31599
-0.83797,-0.0010004,-0.77812,-0.59201,0.06997,0.0022128,0.3553,0.52663,-0.13626,0.48272,0.44528,0.7038,-0.01875,-0.086863,0.22479,0.07654,-0.13676,-0.24285,-0.50003,-0.4426,0.33172,-0.093343,0.052025,-0.36638,-0.015498,0.026024,-0.010976,-0.092885,0.21526,0.58029,0.90348,0.40943,-0.21465,-0.2458,-0.38831,0.1111,-0.19186,0.38722,0.47376,0.49219,0,0.43474,0.34046,0.21746,0.78608,0.67573,-0.65314,-0.44235,-0.35402,-0.30737,-0.15397,-0.1161,-0.27351,-0.17166,-0.8498,-0.37523,-0.47371,-0.55532,-0.58031,-0.51473,-0.46754,-0.061244,0.17629,-0.087588,0.11504,-0.74463,-0.52824,-0.80148,-0.0084481,0.021538,-0.016762,0.48398,0.42371,0.4663,0.30302,-0.72927,-0.88487,-0.50525,-0.69515,-0.16789,-0.30906,-0.38327,-0.022822,-0.69209,-0.37037,-0.75904,-0.49399,-0.71813,-0.63101,-0.47038,0.052099,-0.37645,-0.52718,0.45955,0.6571,-0.51278,-0.25621,-0.76488,-1.0615,-0.2176,0.0065223,-0.46336,0.22439,-0.42696,-0.81514
-0.85755,1.0193,-0.2776,-0.31212,-0.20097,0.92295,-0.50576,0.96647,-1.0426,0.15845,-0.58823,0.39585,-0.827,-0.76258,-0.55646,0.33668,0.14022,0.19464,-0.35799,-0.63359,0.077011,0.60431,-0.63879,0.4131,-0.60018,-0.31672,-0.11847,0.81757,-0.085101,-0.28433,0.2087,-0.35111,-0.69324,-0.70695,-1.2685,-0.40903,-0.9371,0.062289,-0.56549,1.6893,0.43474,0,-0.65178,-0.36947,0.11988,-0.24301,-0.81057,-0.86453,-0.050355,-0.18541,0.15822,0.14314,-0.41588,0.76152,-0.497,-0.33687,-0.32785,-0.9924,-0.92281,-0.87079,0.30057,-0.93754,0.37358,0.51855,-0.24944,-0.76303,-0.70086,-0.05112,1.0414,-0.35174,-0.5803,-0.17608,-0.30435,-0.19155,-0.19815,-0.67855,-0.2059,-0.26705,-0.66707,-0.91647,0.17897,-0.14944,-0.091645,-0.13555,-0.16053,-0.4381,-0.33459,-0.92039,-0.66265,-0.49937,-0.76799,-0.56018,0.2731,-0.19056,0.64011,-0.31289,0.19268,0.10603,-0.10823,-0.51782,-0.44555,-0.15176,0.052654,-0.64331,-0.21929
0.14454,-0.56039,-0.065087,0.17947,-0.062734,-0.77682,0.54437,-0.2712,0.83156,0.39842,1.7339,0.18062,0.94056,0.82089,0.71615,-0.32587,-0.19073,-0.2846,0.077764,0.11148,0.39211,-0.31282,0.81909,-0.24095,0.80199,0.59161,0.070344,-1.3785,0.32555,0.62319,0.71937,1.5022,0.52562,0.42906,0.77602,0.78587,0.42674,0.23854,0.84811,-0.46203,0.34046,-0.65178,0,1.3764,0.72818,1.2695,0.19141,0.44254,-0.014085,-0.42051,-0.65964,0.03119,0.0077052,-1.0186,-0.28212,0.30221,0.16143,0.22997,0.33901,0.60082,-0.26592,1.4333,0.14414,-0.68991,0.57068,0.27766,0.35887,-0.46723,-0.69591,0.99939,1.1463,1.0065,0.97033,0.58583,0.93796,0.034154,-0.23422,0.17569,0.14326,0.3801,-0.69735,-0.051665,0.003814,-0.11603,0.13707,-0.11954,-0.16705,0.0498,0.32477,-0.1702,0.91455,0.13839,-0.68148,0.27365,-0.24349,0.19642,-0.13505,-0.35689,-0.34685,0.37635,0.48204,-0.015301,0.31389,0.40565,-0.047938
0.12907,-0.18473,0.082883,0.40277,-0.27825,-0.42962,0.16742,-0.082951,0.57824,0.41712,1.0339,0.1743,0.57706,0.56657,0.47928,-0.11545,-0.1692,-0.1397,0.13204,-0.13187,0.50135,0.060788,0.5125,0.12564,0.74612,0.58679,-0.18094,-1.1695,0.1265,0.23315,0.65693,1.4479,0.27131,0.15958,0.53462,0.84641,0.16922,0.15446,0.38537,-0.24196,0.21746,-0.36947,1.3764,0,0.59366,0.8606,0.23121,0.49962,0.32281,-0.73005,-0.80319,0.32194,-0.053639,-0.57781,-0.22481,0.63593,0.38242,-0.0081719,0.29455,0.66243,0.2102,1.1625,0.46857,-0.5935,0.6708,0.42924,0.48523,-0.43982,-0.27933,1.3413,1.257,0.77218,0.66697,0.34439,0.82268,-0.044239,-0.038146,0.32744,0.067754,0.086755,-0.59304,0.041384,0.024467,0.094551,0.32887,-0.11138,-0.24806,-0.036196,0.54508,-0.41982,0.61435,0.16456,-0.36087,0.048021,-0.27597,0.37641,0.22297,-0.05735,-0.12206,0.44988,0.45117,0.090878,0.56053,0.39982,0.21763
-0.38718,0.033203,-0.30487,-0.20274,-0.051962,-0.18508,0.43821,0.29596,0.27507,0.8938,0.81939,0.76478,0.54995,0.5364,0.48948,-0.22053,0.084359,-0.19476,-0.49158,-0.27204,0.19726,-0.23925,0.56739,-0.10258,0.28756,0.3991,0.53871,-0.45204,0.72278,0.77152,2.0176,0.82317,0.20913,0.048927,0.12204,0.33142,-0.043711,0.51063,0.54925,0.26676,0.78608,0.11988,0.72818,0.59366,0,1.5387,-0.43339,-0.21355,-0.38381,-0.40408,-0.43442,-0.128,-0.25055,-0.36713,-1.1261,-0.28386,-0.44513,-0.1584,-0.20328,0.068374,-0.29164,0.45736,0.33264,-0.19562,0.16653,-0.44217,-0.19715,-0.55381,-0.14722,0.4953,0.40076,1.3446,1.0549,0.67651,1.2516,-0.38577,-0.50406,-0.174,-0.3114,0.032695,-0.56324,-0.209,-0.10324,-0.54343,-0.30268,-0.64816,-0.48188,-0.67108,-0.41557,-0.32323,0.56282,-0.35219,-0.60136,0.22743,0.32953,-0.016672,-0.18479,-0.51633,-0.72458,-0.19645,-0.0093545,-0.2255,0.031845,0.0055343,-0.4121
