,,,,,,,,,,,,,,,,,,,,,,,,,,,,,,,,,,,,,,,,,,,,,,,,,,,,,,,,,,,,,,,,,,,,,,,,,,,,,,,,,,,,,,,,,,,,,,,,,,,,,,,,
0,0.15057,1.2896,-0.24126,1.6149,0.4027,1.0938,0.14089,0.78261,0.099754,-0.29864,0.12175,0.47315,0.50999,0.36655,-0.55511,1.4194,0.22924,-0.92694,0.91553,-1.3194,-1.1612,0.419,-0.37973,0.81232,1.0315,0.64351,0.38545,0.56167,0.79626,-0.52521,-0.50362,0.39092,0.10876,0.17884,-0.28405,1.737,0.59557,0.41729,-0.31274,-1.245,-0.33874,-0.43285,-0.85991,-0.35014,-0.40304,1.6287,0.83209,0.12219,1.0006,1.008,-1.0336,1.4861,0.412,0.70334,-0.67133,0.05692,1.7645,1.6961,0.60348,-0.23873,-0.16287,-0.99514,0.54726,-0.89734,0.69293,0.68845,1.4985,-0.91993,-0.62057,-0.18053,-0.25974,-0.071945,-0.26494,-0.28985,2.2332,0.93161,-0.59579,1.1878,1.0985,0.59717,0.63585,0.22813,-0.58799,-1.3318,0.68534,0.95038,1.3704,0.35597,2.1894,0.32346,-0.066286,0.17981,0.20584,-0.1045,0.77532,-0.11169,-0.011569,0.21857,-0.054561,-0.34808,0.14863,-1.4672,0.25722,1.3249
0.15057,0,0.57337,1.3894,0.14173,1.8361,-0.48171,2.2773,-0.4574,1.1108,-0.77418,1.8469,-0.37432,-0.14741,-0.81,-0.23428,0.13818,-0.091371,-0.73236,-0.53081,-0.6884,0.44515,-0.42793,0.77797,-0.52846,0.35892,0.17247,0.63495,0.34143,-0.37202,-0.1161,-0.25572,-0.49643,-0.91849,-0.61627,-0.0078295,-0.18009,1.2058,-0.86367,1.4391,-0.75206,1.2519,-0.86249,-0.44773,-0.092961,-0.43439,-0.11787,-0.70242,0.86646,-0.5421,-0.24132,-0.86945,0.25694,1.4819,0.097709,-1.1824,-1.445,0.10747,-0.19692,-0.25783,1.5827,-0.77556,-0.13181,-0.081827,-0.65707,-0.85989,-0.62358,0.26018,0.59759,-0.50107,-0.4315,-0.21675,-0.075016,-0.51392,-0.040793,0.13466,0.78582,-1.0096,-0.42964,-0.48976,0.39072,-0.25544,-0.3839,-0.88635,-0.63134,-0.6523,-0.28322,-0.088485,-0.71554,0.29038,-0.22994,-1.3979,0.48881,-1.7049,1.5828,-0.013475,0.54115,1.0773,0.81734,-2.6891,-1.7752,-0.34615,-0.64137,-0.87467,0.71999
1.2896,0.57337,0,0.2598,1.2092,0.79429,0.50076,0.5721,0.37909,0.41543,-0.58546,0.49254,0.1546,0.25808,0.084932,-0.32322,1.3044,0.40498,-1.752,0.28958,-1.7304,-0.57909,0.14156,-0.11589,0.3939,0.8545,0.49692,0.58281,0.54424,0.34365,-0.53666,-0.59365,0.0086034,-0.3196,-0.16399,-0.36262,0.80616,0.83191,-0.049042,0.11591,-1.4314,0.10866,-0.74706,-0.92306,-0.36661,-0.55711,0.95645,0.35403,0.50443,0.4634,0.66875,-1.2685,1.3235,0.8417,0.69679,-0.90673,-0.33705,0.90227,0.87428,0.33701,0.21803,-0.45128,-0.81715,0.25302,-1.333,0.22995,0.31426,0.87853,-0.31687,-0.75923,-0.4161,-0.39717,-0.19824,-0.53403,-0.3364,1.2506,1.6011,-0.95991,0.49931,0.50758,0.83595,0.64032,0.24945,-1.0398,-1.8682,0.29949,0.59728,0.81235,0.12832,1.4776,0.17876,-0.2876,0.57667,-0.19815,0.24195,0.62781,0.40247,0.17498,0.21491,-0.43656,-0.8049,-0.17678,-1.8034,-0.10132,1.6992
-0.24126,1.3894,0.2598,0,-0.16736,0.94146,-0.91911,1.4107,-0.79553,0.8462,-0.63297,1.1558,-0.66205,-0.42634,-0.91515,0.15235,-0.13752,0.060691,-0.41528,-1.1331,-0.25302,0.82979,-0.64951,0.78454,-0.86152,-0.04234,-0.13746,0.45663,0.050819,-0.78044,-0.011043,-0.14617,-0.84456,-1.2008,-0.83721,-0.044598,-0.58703,0.5587,-1.4418,1.9246,-0.24775,1.904,-0.62139,-0.16239,-0.035257,-0.31517,-0.43525,-1.099,0.88503,-0.92021,-0.46457,-0.34781,-0.049378,0.92126,-0.041152,-0.53011,-1.2851,-0.3431,-0.55938,-0.517,2.322,-0.70751,0.12562,-0.41825,-0.36519,-1.2962,-0.9163,-0.21043,1.1894,-0.27594,-0.45292,-0.21998,-0.17421,-0.49534,-0.038834,-0.22556,0.44507,-0.61189,-0.91784,-0.92004,0.27457,-0.25403,-0.22973,-0.55702,-0.22102,-0.88271,-0.51033,-0.41764,-0.69279,-0.088377,-0.36883,-0.85091,0.61371,-1.7798,1.26,-0.25617,0.94174,0.72268,0.36494,-1.4171,-1.074,-0.59677,-0.19932,-1.093,0.25295
1.6149,0.14173,1.2092,-0.16736,0,0.43757,0.81314,0.21222,0.43925,-0.12314,-0.61236,-0.0015884,0.10754,0.10911,0.1549,-0.17119,0.93844,0.58702,-0.7162,0.76972,-1.3012,-0.91387,0.075199,-0.63346,0.51452,0.53976,0.21696,0.73069,0.16477,0.4064,-1.0375,-0.99344,0.051095,-0.14689,-0.14262,-0.72867,1.4661,0.38602,0.17559,-0.25221,-0.97209,-0.20098,-0.72692,-1.3639,-0.80006,-0.81742,1.8879,0.70506,0.40008,1.044,1.5339,-0.99861,2.8,0.53927,1.3076,-0.4856,0.19132,0.99753,1.3077,0.22071,-0.20254,-0.46571,-1.7496,0.13689,-1.284,0.64486,0.43357,0.93578,-0.70536,-1.0529,-0.56565,-0.69033,-0.48091,-0.64677,-0.73545,2.3649,1.1685,-0.81508,0.9734,0.84184,1.089,0.93937,0.55779,-0.34997,-0.96384,0.90279,1.4291,2.0108,0.63392,2.033,-0.032652,0.073252,0.50465,0.17857,-0.21278,0.36508,-0.00083474,-0.22008,0.038703,-0.058232,-0.439,-0.21066,-1.2194,0.0029047,1.0557
0.4027,1.8361,0.79429,0.94146,0.43757,0,-0.25155,1.965,-0.34192,0.78194,-1.0656,1.253,-0.35956,-0.15521,-0.75674,-0.26709,0.26629,0.032684,-0.81823,-0.23822,-1.058,0.21355,-0.4357,0.45696,-0.3803,0.44653,0.16703,0.95395,0.29714,-0.25704,-0.38314,-0.52579,-0.46018,-0.89502,-0.6538,-0.21062,0.08939,1.3051,-0.69262,0.98783,-1.0673,0.93502,-1.2445,-0.81087,-0.33767,-0.71223,0.15146,-0.43704,1.0087,-0.23911,0.046719,-1.3394,0.56514,2.2565,0.37378,-1.4066,-0.92491,0.31711,0.038655,-0.24023,1.0312,-0.99926,-0.44813,-0.065455,-1.0247,-0.5365,-0.48404,0.48772,0.3277,-0.845,-0.62091,-0.42612,-0.23584,-0.72815,-0.26123,0.41949,1.1602,-1.5534,-0.15838,-0.25278,0.65882,-0.071171,-0.21983,-0.81339,-0.83004,-0.32128,0.012079,0.21388,-0.41715,0.58537,-0.30627,-1.1218,0.58553,-1.1436,1.0328,0.0045783,0.378,0.81418,0.83269,-1.6777,-2.4754,-0.39224,-0.95145,-0.84037,1.018
1.0938,-0.48171,0.50076,-0.91911,0.81314,-0.25155,0,-0.52257,1.6277,-0.27679,0.25735,-0.41154,0.9448,0.77806,1.0955,-0.45491,1.0298,0.1454,-0.35082,1.5432,-0.41472,-2.8789,0.92674,-0.69573,1.8951,0.67258,0.61519,-0.14156,0.43355,1.4456,-0.20686,-0.11353,0.90994,0.72125,0.70862,-0.083174,1.5711,0.036074,1.1937,-1.1017,-0.4102,-1.1729,0.16157,-0.26146,-0.07501,0.052169,1.2424,2.1199,-0.4439,1.636,0.91847,-0.25351,0.66703,-0.24502,0.35751,-0.070081,0.54336,1.1325,1.8053,1.0081,-0.95185,0.38885,-0.52102,0.73648,-0.21862,1.6589,1.6558,0.83174,-2.1266,-0.085163,0.23807,0.063601,0.15015,0.1935,-0.058641,0.9748,0.21221,0.05995,2.103,3.8433,0.12941,0.66262,0.31412,-0.14814,-0.52479,1.0543,0.91232,0.97636,0.62382,0.80758,0.65166,0.43718,-0.22185,0.92813,-0.65945,0.90674,-0.39787,-0.41533,-0.16958,0.59633,0.30633,0.50107,-0.50384,0.95459,0.44783
0.14089,2.2773,0.5721,1.4107,0.21222,1.965,-0.52257,0,-0.58817,0.80982,-1.0538,1.3312,-0.56732,-0.33156,-0.98676,-0.072475,0.073823,0.066776,-0.64207,-0.52973,-0.71163,0.46748,-0.62701,0.57969,-0.634,0.21762,-0.0022698,0.87122,0.15415,-0.51311,-0.29602,-0.4453,-0.70061,-1.213,-0.86519,-0.20019,-0.16425,0.97551,-1.0561,1.4426,-0.69696,1.4078,-1.1326,-0.59657,-0.28649,-0.64843,-0.069432,-0.7118,1.1716,-0.48344,-0.13018,-0.88512,0.33607,1.8458,0.25772,-1.0022,-1.0989,0.04384,-0.20138,-0.42852,1.5137,-1.0693,-0.25929,-0.25785,-0.79702,-0.82699,-0.73673,0.19786,0.63107,-0.69052,-0.66328,-0.42363,-0.28068,-0.75042,-0.23695,0.16886,0.89338,-1.2328,-0.43346,-0.52133,0.57417,-0.14687,-0.21422,-0.69804,-0.55973,-0.51786,-0.16647,-0.0082827,-0.51756,0.31552,-0.42402,-1.101,0.68388,-1.6179,1.2265,-0.15924,0.57681,0.81466,0.67275,-2.1947,-2.225,-0.55422,-0.62204,-1.1407,0.6755
0.78261,-0.4574,0.37909,-0.79553,0.43925,-0.34192,1.6277,-0.58817,0,-0.041382,0.58077,-0.26893,1.6185,1.3126,1.5582,-0.64728,1.0319,-0.10117,-0.37944,0.98906,-0.23636,-1.4749,1.6584,-0.3475,2.6692,0.82161,0.96661,-0.48059,0.73996,2.2003,0.16448,0.24692,1.3969,1.0026,1.1574,0.27026,0.93232,0.081482,1.4207,-0.96595,-0.3146,-1.1737,0.44448,0.058979,0.30789,0.41121,0.73369,1.3746,-0.73535,0.91766,0.45773,-0.098787,0.33467,-0.40154,-0.0068843,-0.072534,0.3168,0.96814,1.1347,1.7906,-0.8005,0.74223,-0.14165,1.1395,0.029724,1.1138,2.2246,0.69949,-1.3464,0.24385,0.60947,0.43493,0.52567,0.53868,0.31469,0.60039,0.016509,0.28355,1.1729,1.5489,-0.18629,0.38624,0.054102,-0.28885,-0.48195,0.57951,0.44494,0.50554,0.28581,0.51482,1.2176,0.31582,-0.4629,0.81887,-0.45953,1.4034,-0.32828,-0.21603,-0.11524,0.57382,0.41979,0.8521,-0.36258,1.4128,0.3456
0.099754,1.1108,0.41543,0.8462,-0.12314,0.78194,-0.27679,0.80982,-0.041382,0,-0.084901,1.7891,0.1632,0.3878,-0.23518,-0.63421,0.30071,-0.50423,-0.7767,-0.4617,-0.38837,0.28769,0.13511,1.2914,-0.14936,0.68414,0.69674,-0.013992,0.94681,0.037106,0.45841,0.32454,0.040589,-0.25228,0.0036742,0.5914,-0.22591,1.1836,-0.32108,0.8276,-0.58943,0.61059,-0.17402,0.05688,0.53262,0.18371,-0.25799,-0.48549,0.17513,-0.59059,-0.55806,-0.48848,-0.050197,0.57003,-0.41028,-1.0089,-1.9519,0.20645,-0.16006,0.24795,0.95867,-0.074759,0.30488,0.41059,-0.17013,-0.67643,-0.204,0.29772,0.40081,0.077252,0.19637,0.39903,0.55579,0.11167,0.58682,-0.034991,0.32779,-0.3332,-0.35521,-0.30373,-0.14597,-0.48012,-0.81777,-1.2701,-0.61623,-0.9266,-0.61866,-0.35493,-1.2695,0.10609,0.36235,-1.3221,-0.021734,-0.94659,1.5139,0.438,0.41302,1.506,0.81942,-1.0333,-0.69716,0.20352,-0.45706,-0.21459,0.56228
-0.29864,-0.77418,-0.58546,-0.63297,-0.61236,-1.0656,0.25735,-1.0538,0.58077,-0.084901,0,-0.40982,0.89222,0.73154,0.89985,-0.28415,-0.041049,-0.58237,0.37779,0.15661,0.7895,-0.18239,0.97189,0.08867,0.51535,0.057021,0.40166,-2.4642,0.30786,0.57446,1.1238,1.3856,0.97728,1.3448,1.3699,0.95572,-0.14439,-0.42461,0.86209,-0.62448,0.56329,-0.77663,2.5873,1.3157,1.1426,1.8932,-0.3002,0.30621,-1.8993,0.010111,-0.40937,0.85637,-0.74566,-1.4243,-0.9887,0.51761,0.26292,-0.064448,-0.050624,0.71277,-0.59927,2.7138,0.88131,0.62224,1.299,0.29848,0.59029,-0.18208,-0.29405,1.7189,1.7836,1.3506,1.0427,2.023,1.0489,-0.45926,-1.1348,1.677,0.10191,0.23411,-1.4488,-0.30546,-0.34166,0.20748,0.40638,-0.084273,-0.38957,-0.45595,-0.14214,-0.54197,0.93127,0.35503,-1.2085,0.63743,-0.35068,0.42827,-0.38445,-0.12913,-0.23987,0.77014,1.2366,1.0914,0.60648,1.2068,-0.57109
0.12175,1.8469,0.49254,1.1558,-0.0015884,1.253,-0.41154,1.3312,-0.26893,1.7891,-0.40982,0,-0.10939,0.11302,-0.54506,-0.46322,0.20145,-0.33665,-0.76815,-0.51698,-0.55265,0.40409,-0.15484,1.1212,-0.36646,0.53679,0.4261,0.30306,0.62535,-0.17514,0.17034,0.036945,-0.22101,-0.55641,-0.29421,0.29473,-0.22129,1.3842,-0.58869,1.2029,-0.71233,0.94532,-0.49571,-0.19465,0.21021,-0.12166,-0.21271,-0.65027,0.48933,-0.61811,-0.42877,-0.70997,0.095286,0.96473,-0.16411,-1.2408,-2.1527,0.16515,-0.20433,-0.01904,1.3541,-0.40613,0.089003,0.16702,-0.40201,-0.84532,-0.44496,0.30311,0.52718,-0.20795,-0.10824,0.092597,0.23688,-0.18668,0.26716,0.042808,0.54766,-0.65123,-0.41893,-0.43194,0.10753,-0.42534,-0.65636,-1.1061,-0.64445,-0.85765,-0.47876,-0.23518,-1.0627,0.19835,0.046904,-1.7457,0.20633,-1.4177,2.077,0.19055,0.45571,1.5387,0.95483,-1.7125,-1.1365,-0.056809,-0.57005,-0.53617,0.67197
0.47315,-0.37432,0.1546,-0.66205,0.10754,-0.35956,0.9448,-0.56732,1.6185,0.1632,0.89222,-0.10939,0,2.1904,1.241,-0.94976,0.70308,-0.49062,-0.2636,0.68526,-0.054608,-0.82753,2.6516,-0.0050936,1.3288,0.87331,1.2882,-0.78372,1.0004,1.8735,0.5447,0.62739,2.2751,1.2923,1.8229,0.70237,0.52758,0.15908,1.3794,-0.69975,-0.21597,-0.94658,0.70055,0.33712,0.70814,0.78051,0.3283,0.79026,-1.0699,0.47466,0.072175,0.016038,0.023842,-0.50469,-0.37737,-0.11633,0.11646,0.7656,0.6411,2.2686,-0.60177,1.0845,0.1798,1.7722,0.29149,0.65414,1.2691,0.59875,-0.89613,0.54618,1.0918,0.89099,1.0338,0.9668,0.7425,0.27932,-0.2077,0.47045,0.72598,0.89177,-0.55107,-0.0053691,-0.31761,-0.31227,-0.34245,0.20507,0.06744,0.15702,-0.060966,0.23935,1.7565,0.0927,-0.86055,0.58988,-0.22421,1.3821,-0.43448,0.056115,0.095804,0.44736,0.482,1.4942,-0.19819,1.5383,0.21648
0.50999,-0.14741,0.25808,-0.42634,0.10911,-0.15521,0.77806,-0.33156,1.3126,0.3878,0.73154,0.11302,2.1904,0,0.9331,-1.2194,0.77039,-0.5943,-0.42116,0.54093,-0.16983,-0.68425,1.871,0.17578,1.0692,1.1355,1.8083,-0.67234,1.3913,1.564,0.59203,0.63581,1.6743,0.97025,1.4031,0.81133,0.46952,0.37231,1.0087,-0.44712,-0.36761,-0.65565,0.5499,0.28595,0.7795,0.73021,0.27939,0.59311,-0.84264,0.33334,-0.016407,-0.12395,0.046844,-0.30768,-0.41705,-0.31593,-0.097992,0.8373,0.5785,2.1386,-0.36026,0.88153,0.19647,2.3686,0.20078,0.45137,0.99528,0.70267,-0.7087,0.48271,1.0272,0.93112,1.1779,0.87905,0.84231,0.29193,-0.094075,0.31839,0.59685,0.72955,-0.5194,-0.099768,-0.47139,-0.52114,-0.49273,0.049116,-0.03032,0.10873,-0.23965,0.28872,1.8264,-0.11975,-0.78138,0.34551,-0.0044038,1.5889,-0.33534,0.26732,0.27446,0.21402,0.27325,1.4416,-0.32229,1.1034,0.35943
0.36655,-0.81,0.084932,-0.91515,0.1549,-0.75674,1.0955,-0.98676,1.5582,-0.23518,0.89985,-0.54506,1.241,0.9331,0,-0.28561,0.63463,-0.010382,-0.10533,0.67917,0.1218,-1.0432,1.4538,-0.43921,1.6084,0.37557,0.58296,-0.79782,0.42556,1.2017,0.29634,0.41008,1.1431,1.1489,1.2088,0.28461,0.55025,-0.28495,1.3426,-1.2321,0.075807,-1.4225,0.78473,0.34997,0.40953,0.63259,0.45405,1.2176,-0.96041,0.7346,0.3119,0.2907,0.049521,-0.79527,-0.15051,0.3126,0.49772,0.45049,0.71733,1.2527,-1.0003,1.069,0.090241,0.74043,0.31499,1.0922,1.928,0.23746,-0.96128,0.52075,0.73688,0.5158,0.4956,0.70719,0.36221,0.25382,-0.27977,0.64561,0.7772,1.0773,-0.36144,0.40925,0.18934,-0.045162,-0.12348,0.54356,0.30509,0.24915,0.38256,0.15586,1.1457,0.65663,-0.48836,1.1449,-0.70488,0.94965,-0.22457,-0.47779,-0.47457,0.97097,0.80458,0.73871,0.011775,1.8362,-0.032654
-0.55511,-0.23428,-0.32322,0.15235,-0.17119,-0.26709,-0.45491,-0.072475,-0.64728,-0.63421,-0.28415,-0.46322,-0.94976,-1.2194,-0.28561,0,-0.55421,0.88426,0.4673,-0.45691,0.42247,0.37218,-0.7801,-0.44291,-0.51142,-1.419,-1.531,0.23241,-1.3952,-0.90633,-0.41362,-0.39352,-0.92917,-0.52305,-0.72102,-0.73679,-0.40814,-0.85901,-0.55398,0.058534,0.70114,0.23479,-0.14875,-0.0063582,-0.53199,-0.36096,-0.19737,-0.22762,0.43072,-0.13493,0.0964,0.49589,-0.15205,-0.086872,0.31796,0.80455,0.35682,-0.97255,-0.40456,-0.90166,0.034658,-0.36684,-0.043461,-1.5701,0.025537,-0.11895,-0.40944,-1.0708,0.47366,-0.15352,-0.61373,-0.65018,-0.93169,-0.51028,-0.66633,-0.35643,-0.12085,0.049383,-0.44293,-0.41436,0.33403,0.39018,0.86306,0.61039,0.63899,0.14219,0.10087,-0.13671,0.51415,-0.41325,-0.77636,0.61654,0.68081,0.052428,-0.35086,-0.87597,0.48456,-0.73121,-0.93687,0.20802,0.11219,-1.0648,0.56189,-0.46216,-0.62916
1.4194,0.13818,1.3044,-0.13752,0.93844,0.26629,1.0298,0.073823,1.0319,0.30071,-0.041049,0.20145,0.70308,0.77039,0.63463,-0.55421,0,0.20324,-1.2531,0.59088,-0.92056,-1.1044,0.70954,-0.21201,1.031,1.1742,0.91955,0.067466,0.86346,0.93215,-0.18711,-0.17779,0.5158,0.1944,0.35158,-0.051638,1.0673,0.55125,0.4471,-0.30101,-0.94744,-0.35806,-0.17129,-0.42476,-0.017105,-0.082171,1.0655,0.8075,-0.032844,0.73729,0.64307,-0.68175,0.88669,0.25081,0.3626,-0.56883,-0.10561,1.2364,1.3432,0.95264,-0.17435,0.082469,-0.50178,0.69884,-0.60166,0.60938,0.91566,0.98174,-0.73385,-0.25499,0.059059,0.0085557,0.16502,-0.034717,-0.0041554,1.1297,0.70695,-0.33413,0.86801,1.0201,0.33708,0.64106,0.17987,-0.89054,-1.3592,0.44675,0.58298,0.75323,0.19124,1.1473,0.70338,-0.035009,0.12126,0.20604,-0.036269,1.3463,0.15673,0.023602,0.057843,-0.013212,-0.2386,0.26105,-1.0951,0.43812,1.0657
0.22924,-0.091371,0.40498,0.060691,0.58702,0.032684,0.1454,0.066776,-0.10117,-0.50423,-0.58237,-0.33665,-0.49062,-0.5943,-0.010382,0.88426,0.20324,0,-0.16734,0.041405,-0.25883,-0.24917,-0.39883,-0.86878,0.023316,-0.35609,-0.57677,0.57717,-0.57404,-0.27986,-1.0265,-0.97032,-0.58062,-0.51339,-0.61619,-1.4583,0.29479,-0.33198,-0.28557,-0.13371,-0.0056522,0.035621,-0.52146,-0.58607,-0.98374,-0.78268,0.54022,0.27258,0.60886,0.44306,0.82728,-0.10324,0.59816,0.23406,1.0619,0.25247,0.36303,-0.10004,0.31766,-0.34573,-0.094142,-0.55525,-0.70444,-0.71938,-0.61701,0.31055,0.045538,-0.17948,-0.044736,-0.65174,-0.93458,-1.1154,-1.219,-0.90931,-1.1853,0.40212,0.50843,-0.37668,0.16599,0.18206,1.0355,1.3926,1.8804,0.11473,-0.095166,0.66536,0.79802,0.54693,0.96544,0.34156,-0.45429,0.59214,1.1492,0.18039,-0.44259,-0.2116,0.56985,-0.81911,-0.81763,0.1486,-0.175,-1.018,-0.16697,-0.28599,0.093247
-0.92694,-0.73236,-1.752,-0.41528,-0.7162,-0.81823,-0.35082,-0.64207,-0.37944,-0.7767,0.37779,-0.76815,-0.2636,-0.42116,-0.10533,0.4673,-1.2531,-0.16734,0,-0.088439,1.2272,0.40429,-0.25763,-0.17508,-0.34945,-1.0343,-0.72625,-0.33081,-0.84829,-0.35762,0.1938,0.26202,-0.087082,0.27028,0.048768,0.057178,-0.51496,-1.053,0.079571,-0.25792,1.3025,-0.19988,0.52358,0.54069,0.048865,0.26743,-0.58749,-0.19226,-0.38008,-0.20339,-0.30884,1.0399,-0.78462,-0.77166,-0.32292,1.0524,0.63796,-0.77523,-0.6174,-0.46104,-0.38934,0.27693,0.41353,-0.39837,0.8777,-0.043863,-0.28159,-0.76087,0.15631,0.43284,0.17784,0.11115,-0.069333,0.28948,0.02612,-0.79356,-1.1191,0.74026,-0.28783,-0.3465,-0.48478,-0.36656,0.00089841,1.7461,1.9039,-0.0072018,-0.24466,-0.43377,0.16406,-0.95856,-0.37957,0.48159,-0.40865,0.34836,-0.48467,-0.81117,-0.52272,-0.41868,-0.32693,0.57151,0.8034,0.024257,1.3753,0.057386,-1.4613
0.91553,-0.53081,0.28958,-1.1331,0.76972,-0.23822,1.5432,-0.52973,0.98906,-0.4617,0.15661,-0.51698,0.68526,0.54093,0.67917,-0.45691,0.59088,0.041405,-0.088439,0,-0.35905,-1.4002,0.61243,-0.7494,1.0759,0.4978,0.40099,-0.0028857,0.22278,1.062,-0.31856,-0.21403,0.78238,0.70746,0.57979,-0.15287,1.4494,-0.0077946,1.1328,-1.0632,-0.3496,-1.0965,0.087221,-0.35921,-0.22578,-0.071889,1.0584,1.3696,-0.41758,1.5453,0.92618,-0.26748,0.63144,-0.23267,0.41722,-0.050312,0.73251,1.0264,1.2435,0.63324,-1.0689,0.26474,-0.63564,0.59375,-0.19466,1.394,0.96393,0.86632,-2.2137,-0.19426,0.14489,-0.036326,0.044984,0.12451,-0.17405,0.89856,0.14044,0.022811,2.1328,1.5344,0.14276,0.44557,0.23096,0.11039,-0.32848,1.1469,0.97659,1.0641,0.66221,0.73013,0.33521,0.38561,-0.31782,0.90177,-0.72437,0.49526,-0.81261,-0.40166,-0.018214,0.58559,0.3193,0.47477,-0.4116,0.73205,0.3513
-1.3194,-0.6884,-1.7304,-0.25302,-1.3012,-1.058,-0.41472,-0.71163,-0.23636,-0.38837,0.7895,-0.55265,-0.054608,-0.16983,0.1218,0.42247,-0.92056,-0.25883,1.2272,-0.35905,0,0.46664,0.0025546,0.068073,-0.24081,-0.8465,-0.4275,-0.83539,-0.46248,-0.27014,0.6585,0.73648,0.040688,0.37319,0.25107,0.39132,-0.82398,-1.0346,0.09434,-0.20208,2.0319,-0.18959,0.99801,1.2776,0.4993,0.75053,-0.90601,-0.24472,-0.6013,-0.42511,-0.66016,2.1811,-1.4872,-1.0888,-0.7816,1.1855,0.33248,-0.99693,-0.77158,-0.18914,-0.26146,0.63236,1.02,-0.23111,1.6106,-0.14982,-0.14467,-1.1203,0.31005,1.0382,0.52171,0.48966,0.25399,0.64299,0.41835,-1.3529,-1.8539,1.3187,-0.50234,-0.41904,-0.91751,-0.42606,-0.1151,0.83906,1.656,-0.27605,-0.6083,-0.91412,-0.076425,-1.7214,0.00095545,0.45743,-0.51013,0.29973,-0.32044,-0.42061,-0.16728,-0.29986,-0.47685,0.57895,0.99522,0.17828,2.5841,0.23775,-2.2348
-1.1612,0.44515,-0.57909,0.82979,-0.91387,0.21355,-2.8789,0.46748,-1.4749,0.28769,-0.18239,0.40409,-0.82753,-0.68425,-1.0432,0.37218,-1.1044,-0.24917,0.40429,-1.4002,0.46664,0,-0.8269,0.76393,-1.7381,-0.63681,-0.55356,0.076818,-0.38967,-1.2609,0.28571,0.19277,-0.7735,-0.60419,-0.5973,0.16943,-1.6682,-0.032398,-1.0278,1.0407,0.43453,1.0638,-0.091777,0.32588,0.14671,0.02107,-1.4087,-2.1712,0.34688,-1.7698,-1.04,0.28533,-0.75827,0.188,-0.4473,0.070858,-0.53611,-1.0946,-2.0452,-0.91902,0.88616,-0.30995,0.59609,-0.63381,0.2957,-1.6714,-1.5723,-0.79719,1.8107,0.15251,-0.15009,0.020179,-0.066007,-0.10556,0.13777,-1.0634,-0.28636,0.001075,-1.973,-3.1896,-0.22018,-0.79752,-0.41105,0.17402,0.56774,-1.1355,-1.0199,-1.0703,-0.69762,-0.87913,-0.59057,-0.46619,0.11219,-0.8884,0.66338,-0.87449,0.29882,0.46222,0.2234,-0.56601,-0.25095,-0.38935,0.54731,-0.84606,-0.48292
0.419,-0.42793,0.14156,-0.64951,0.075199,-0.4357,0.92674,-0.62701,1.6584,0.13511,0.97189,-0.15484,2.6516,1.871,1.4538,-0.7801,0.70954,-0.39883,-0.25763,0.61243,0.0025546,-0.8269,0,-0.039776,1.388,0.76773,1.1603,-0.87365,0.92479,1.669,0.56697,0.65749,1.8911,1.2712,1.7873,0.67152,0.48156,0.078862,1.3267,-0.74007,-0.14145,-0.97821,0.77377,0.39937,0.73555,0.84004,0.31004,0.81467,-1.0988,0.46818,0.068471,0.095135,-0.010807,-0.57294,-0.39054,-0.033137,0.1375,0.65852,0.6196,2.3054,-0.62177,1.1813,0.22289,1.4561,0.32779,0.67424,1.372,0.48253,-0.84154,0.61206,1.1064,0.89331,0.98954,0.98615,0.73954,0.23486,-0.24082,0.54171,0.67659,0.87912,-0.56139,0.058958,-0.2359,-0.29955,-0.29961,0.21426,0.060717,0.11921,-0.02239,0.18824,1.9804,0.1758,-0.78858,0.64153,-0.27239,1.408,-0.33042,-0.01827,-0.023996,0.51376,0.54199,1.3118,-0.14002,1.6839,0.15542
-0.37973,0.77797,-0.11589,0.78454,-0.63346,0.45696,-0.69573,0.57969,-0.3475,1.2914,0.08867,1.1212,-0.0050936,0.17578,-0.43921,-0.44291,-0.21201,-0.86878,-0.17508,-0.7494,0.068073,0.76393,-0.039776,0,-0.48962,0.23843,0.34937,-0.19232,0.50905,-0.22137,0.77953,0.60855,-0.046384,-0.18698,-0.0064181,0.86324,-0.71459,0.63333,-0.40849,0.95468,-0.12044,0.70708,0.057744,0.39194,0.74033,0.38845,-0.83386,-0.94406,0.025917,-1.2035,-1.263,-0.087858,-0.53547,0.27669,-0.8416,-0.5238,-1.3646,-0.18461,-0.67485,-0.014584,0.95787,0.038826,0.73009,0.22099,0.23085,-1.1444,-0.5249,-0.059089,0.72716,0.34934,0.34018,0.58754,0.65137,0.30111,0.80789,-0.52812,-0.10666,-0.032051,-0.77163,-0.74139,-0.49396,-1.1432,-1.3158,-0.51487,-0.072514,-1.8932,-1.3298,-0.88258,-3.1729,-0.36973,0.16579,-1.226,-0.25948,-1.0017,1.4393,0.050454,0.19788,1.5766,0.82477,-0.84517,-0.38652,0.24381,0.025424,-0.28829,0.068154
0.81232,-0.52846,0.3939,-0.86152,0.51452,-0.3803,1.8951,-0.634,2.6692,-0.14936,0.51535,-0.36646,1.3288,1.0692,1.6084,-0.51142,1.031,0.023316,-0.34945,1.0759,-0.24081,-1.7381,1.388,-0.48962,0,0.70565,0.79185,-0.41194,0.59494,1.8005,0.059448,0.14858,1.1923,0.93259,1.0078,0.143,1.0322,0.0024,1.3837,-1.0978,-0.28173,-1.2699,0.3978,0.00023262,0.19493,0.32197,0.84412,1.6621,-0.6706,1.0931,0.58463,-0.084635,0.39956,-0.40935,0.094745,-0.0060449,0.42304,0.92449,1.263,1.4524,-0.90598,0.66663,-0.22491,0.92989,-0.015721,1.326,2.5936,0.65315,-1.4855,0.17694,0.49549,0.31616,0.38649,0.43891,0.19221,0.66042,0.043887,0.26494,1.3125,1.8137,-0.098771,0.5206,0.18689,-0.21666,-0.4502,0.73221,0.57357,0.60049,0.42521,0.55027,1.0236,0.43065,-0.37229,0.93939,-0.58409,1.2128,-0.30733,-0.34377,-0.21913,0.65805,0.4406,0.70218,-0.35366,1.3392,0.32344
1.0315,0.35892,0.8545,-0.04234,0.53976,0.44653,0.67258,0.21762,0.82161,0.68414,0.057021,0.53679,0.87331,1.1355,0.37557,-1.419,1.1742,-0.35609,-1.0343,0.4978,-0.8465,-0.63681,0.76773,0.23843,0.70565,0,1.7247,-0.026594,1.654,0.98368,0.12663,0.10234,0.72122,0.29631,0.50818,0.36792,0.70558,1.0644,0.44878,-0.061539,-1.1756,-0.20002,-0.092714,-0.26296,0.27811,0.11103,0.54981,0.41236,-0.1657,0.34373,0.19899,-0.81573,0.52844,0.30934,0.0041896,-1.0317,-0.4004,1.4434,0.76778,1.0236,0.016909,0.16553,-0.23085,1.2473,-0.38321,0.25786,0.5822,1.4352,-0.56215,-0.098949,0.31386,0.33121,0.56733,0.20452,0.35764,0.74883,0.50908,-0.30788,0.61746,0.63825,0.020381,0.025229,-0.40292,-1.0564,-1.2914,0.048535,0.16822,0.4156,-0.28006,0.84382,0.80534,-0.50968,-0.23842,-0.056455,0.32183,1.3027,-0.12909,0.54535,0.64237,-0.2719,-0.32518,0.63201,-1.0655,0.39079,1.1514
0.64351,0.17247,0.49692,-0.13746,0.21696,0.16703,0.61519,-0.0022698,0.96661,0.69674,0.40166,0.4261,1.2882,1.8083,0.58296,-1.531,0.91955,-0.57677,-0.72625,0.40099,-0.4275,-0.55356,1.1603,0.34937,0.79185,1.7247,0,-0.38323,2.3513,1.1534,0.47103,0.45883,1.0505,0.55961,0.86032,0.72234,0.46528,0.74225,0.62154,-0.15675,-0.67605,-0.3315,0.24489,0.089824,0.65091,0.47961,0.30095,0.39596,-0.4736,0.21844,-0.030964,-0.40588,0.18815,0.013191,-0.31464,-0.66991,-0.37442,0.9871,0.56141,1.4452,-0.072727,0.51027,0.091067,1.8573,-0.035679,0.24354,0.69849,0.91455,-0.51868,0.25567,0.70064,0.72087,1.0053,0.56924,0.73302,0.40404,0.16153,0.027156,0.48731,0.57378,-0.31648,-0.12996,-0.56869,-0.88284,-0.80509,-0.081374,-0.057221,0.14182,-0.40617,0.45321,1.3055,-0.4061,-0.52136,0.052089,0.26934,1.6151,-0.1725,0.53204,0.51549,-0.10001,-0.052613,1.0129,-0.59541,0.65467,0.66027
0.38545,0.63495,0.58281,0.45663,0.73069,0.95395,-0.14156,0.87122,-0.48059,-0.013992,-2.4642,0.30306,-0.78372,-0.67234,-0.79782,0.23241,0.067466,0.57717,-0.33081,-0.0028857,-0.83539,0.076818,-0.87365,-0.19232,-0.41194,-0.026594,-0.38323,0,-0.31981,-0.46008,-1.3165,-1.61,-0.8156,-1.0561,-1.1521,-1.0401,0.26458,0.39431,-0.6695,0.47081,-0.5918,0.60046,-2.2504,-1.5773,-1.3282,-2.2947,0.40535,-0.19099,1.4494,0.11564,0.53439,-0.90023,0.86142,1.2435,1.1453,-0.50115,-0.13873,0.15475,0.14774,-0.64902,0.43491,-2.0301,-1.0776,-0.5517,-1.3487,-0.17336,-0.49208,0.27377,0.15095,-2.1418,-1.711,-1.4431,-1.0781,-1.8876,-1.1711,0.56812,1.1216,-1.5949,0.032383,-0.1197,1.5378,0.34522,0.37263,-0.13278,-0.40807,0.21063,0.52366,0.59829,0.23775,0.63541,-0.92722,-0.29052,1.0316,-0.4913,0.2346,-0.41045,0.22883,0.063613,0.246,-0.63534,-1.0607,-0.95355,-0.64582,-1.003,0.59611
0.56167,0.34143,0.54424,0.050819,0.16477,0.29714,0.43355,0.15415,0.73996,0.94681,0.30786,0.62535,1.0004,1.3913,0.42556,-1.3952,0.86346,-0.57404,-0.84829,0.22278,-0.46248,-0.38967,0.92479,0.50905,0.59494,1.654,2.3513,-0.31981,0,0.86943,0.49835,0.45501,0.79893,0.38133,0.66698,0.73982,0.33408,0.90354,0.41286,0.021316,-0.72494,-0.14669,0.1602,0.084485,0.67686,0.43943,0.20289,0.22758,-0.33898,0.068619,-0.13041,-0.45885,0.15785,0.13297,-0.34876,-0.8039,-0.58097,0.83763,0.4292,1.1469,0.11005,0.39655,0.13902,1.4035,-0.080877,0.073507,0.51425,0.81528,-0.32715,0.22892,0.61298,0.69123,0.97376,0.48457,0.75709,0.33693,0.22393,-0.053502,0.31794,0.39757,-0.28537,-0.18625,-0.6409,-1.1086,-0.86339,-0.22993,-0.16406,0.046985,-0.56137,0.41233,1.1382,-0.56485,-0.41283,-0.12179,0.45115,1.4017,-0.027892,0.70051,0.59283,-0.26458,-0.18863,0.82847,-0.62689,0.47057,0.71144
0.79626,-0.37202,0.34365,-0.78044,0.4064,-0.25704,1.4456,-0.51311,2.2003,0.037106,0.57446,-0.17514,1.8735,1.564,1.2017,-0.90633,0.93215,-0.27986,-0.35762,1.062,-0.27014,-1.2609,1.669,-0.22137,1.8005,0.98368,1.1534,-0.46008,0.86943,0,0.21955,0.29413,1.7067,1.0794,1.2677,0.37964,0.91301,0.19978,1.497,-0.83692,-0.3918,-1.0678,0.42762,0.048933,0.36065,0.43113,0.65601,1.1324,-0.78272,0.80936,0.37025,-0.17357,0.30911,-0.34973,-0.072008,-0.18981,0.24411,1.1248,1.0354,1.8397,-0.72646,0.73396,-0.12347,1.4803,0.044283,0.94073,1.5534,0.86999,-1.3528,0.24082,0.68274,0.51653,0.64707,0.60067,0.39862,0.59192,0.0059099,0.2497,1.1638,1.3606,-0.25021,0.20713,-0.12265,-0.30382,-0.50572,0.47465,0.36603,0.47667,0.15479,0.52456,1.199,0.15587,-0.61212,0.68904,-0.34219,1.3615,-0.49141,-0.060039,0.082567,0.45948,0.3652,1.0696,-0.40559,1.3196,0.40001
-0.52521,-0.1161,-0.53666,-0.011043,-1.0375,-0.38314,-0.20686,-0.29602,0.16448,0.45841,1.1238,0.17034,0.5447,0.59203,0.29634,-0.41362,-0.18711,-1.0265,0.1938,-0.31856,0.6585,0.28571,0.56697,0.77953,0.059448,0.12663,0.47103,-1.3165,0.49835,0.21955,0,2.6543,0.54651,0.57937,0.74106,1.889,-0.57162,-0.016167,0.26748,0.032914,0.38195,-0.11093,1.0717,1.4776,2.4678,1.7736,-0.78675,-0.24162,-0.8518,-0.56949,-1.1426,0.5734,-1.0954,-0.58728,-2.4303,0.12203,-0.33418,-0.22171,-0.45347,0.44631,0.048728,1.0123,1.653,0.54029,1.1088,-0.29373,0.092208,-0.24194,0.19865,1.6119,1.4321,1.9391,1.478,1.4253,2.1664,-0.78047,-0.86138,0.87835,-0.36749,-0.24032,-1.7992,-0.84972,-0.92173,-0.10515,0.29624,-0.76298,-1.1372,-1.0378,-0.84132,-0.73594,0.73735,-0.21285,-0.97402,-0.029979,0.27143,0.31212,-0.11134,0.44282,0.17056,0.091813,0.46255,0.86947,0.50782,0.47806,-0.41712
-0.50362,-0.25572,-0.59365,-0.14617,-0.99344,-0.52579,-0.11353,-0.4453,0.24692,0.32454,1.3856,0.036945,0.62739,0.63581,0.41008,-0.39352,-0.17779,-0.97032,0.26202,-0.21403,0.73648,0.19277,0.65749,0.60855,0.14858,0.10234,0.45883,-1.61,0.45501,0.29413,2.6543,0,0.64873,0.7313,0.88133,1.7298,-0.49093,-0.11538,0.38956,-0.10349,0.44964,-0.24466,1.3188,1.6381,2.2303,2.2698,-0.69861,-0.12838,-1.0451,-0.44196,-0.97119,0.66943,-1.0898,-0.75221,-2.0722,0.21987,-0.19249,-0.20139,-0.38048,0.50585,-0.08978,1.2374,1.5431,0.57276,1.2706,-0.16671,0.18931,-0.2436,0.09414,1.949,1.6962,2.1246,1.4772,1.7423,1.9581,-0.74661,-0.99461,1.0661,-0.26967,-0.14463,-2.147,-0.74867,-0.79987,-0.019095,0.34953,-0.5991,-0.95615,-0.92262,-0.66678,-0.73801,0.79558,-0.087525,-1.1088,0.10886,0.13094,0.33212,-0.19089,0.31173,0.08428,0.2318,0.61817,0.96813,0.5678,0.61405,-0.48329
0.39092,-0.49643,0.0086034,-0.84456,0.051095,-0.46018,0.90994,-0.70061,1.3969,0.040589,0.97728,-0.22101,2.2751,1.6743,1.1431,-0.92917,0.5158,-0.58062,-0.087082,0.78238,0.040688,-0.7735,1.8911,-0.046384,1.1923,0.72122,1.0505,-0.8156,0.79893,1.7067,0.54651,0.64873,0,1.6597,2.1839,0.71353,0.50078,0.067338,1.6826,-0.80307,-0.12134,-1.0873,0.78993,0.37217,0.67558,0.80468,0.27769,0.78136,-1.283,0.48635,0.058312,0.09012,-0.041303,-0.62311,-0.40417,-0.031245,0.2368,0.69882,0.56924,1.5816,-0.7389,1.1727,0.19214,1.6039,0.39227,0.68767,1.1475,0.5595,-0.96332,0.58101,1.1649,0.90755,1.0139,1.0676,0.72457,0.21906,-0.32851,0.56298,0.74679,0.85859,-0.63586,-0.085694,-0.35292,-0.1358,-0.20054,0.23937,0.067275,0.14653,-0.026013,0.16525,1.3353,0.13863,-1.0882,0.68732,-0.31,1.0274,-0.66088,0.012657,0.11287,0.548,0.61256,1.7767,-0.094278,1.6525,0.10738
0.10876,-0.91849,-0.3196,-1.2008,-0.14689,-0.89502,0.72125,-1.213,1.0026,-0.25228,1.3448,-0.55641,1.2923,0.97025,1.1489,-0.52305,0.1944,-0.51339,0.27028,0.70746,0.37319,-0.60419,1.2712,-0.18698,0.93259,0.29631,0.55961,-1.0561,0.38133,1.0794,0.57937,0.7313,1.6597,0,1.9846,0.63582,0.31184,-0.29156,1.8146,-1.0779,0.23153,-1.4003,1.184,0.58678,0.63921,0.94473,0.11566,0.73258,-1.9893,0.44346,0.0030475,0.43226,-0.26093,-1.1165,-0.4792,0.3282,0.52282,0.34745,0.35497,0.97656,-1.0661,1.5499,0.31873,0.91986,0.70771,0.72918,0.97087,0.2253,-0.84828,0.79159,1.2353,0.88285,0.82518,1.2586,0.6504,-0.012195,-0.68447,0.96564,0.60068,0.68895,-0.82264,-0.10998,-0.23136,0.22166,0.15925,0.29542,0.030181,0.020387,0.11408,-0.10305,0.93041,0.41063,-1.3003,0.99923,-0.58351,0.58809,-0.81555,-0.2283,-0.1182,0.93945,1.1203,1.4032,0.24556,1.8773,-0.2461
0.17884,-0.61627,-0.16399,-0.83721,-0.14262,-0.6538,0.70862,-0.86519,1.1574,0.0036742,1.3699,-0.29421,1.8229,1.4031,1.2088,-0.72102,0.35158,-0.61619,0.048768,0.57979,0.25107,-0.5973,1.7873,-0.0064181,1.0078,0.50818,0.86032,-1.1521,0.66698,1.2677,0.74106,0.88133,2.1839,1.9846,0,0.84991,0.29811,-0.084936,1.5164,-0.80809,0.079999,-1.0841,1.1171,0.61349,0.86554,1.1051,0.10467,0.65887,-1.7037,0.346,-0.084332,0.3052,-0.24202,-0.86087,-0.58674,0.13808,0.25769,0.4443,0.37783,1.352,-0.7462,1.6539,0.39176,1.2681,0.62546,0.59431,1.0346,0.31638,-0.75071,0.85193,1.5318,1.1343,1.1428,1.4344,0.88575,0.015852,-0.54454,0.82653,0.53921,0.66928,-0.87288,-0.15398,-0.36439,-0.038763,-0.021807,0.14435,-0.073831,-0.034756,-0.062703,-0.042685,1.38,0.2211,-1.2469,0.72689,-0.3421,0.8701,-0.5909,-0.036707,-0.0034747,0.66002,0.82205,1.8083,0.1099,1.8751,-0.091989
-0.28405,-0.0078295,-0.36262,-0.044598,-0.72867,-0.21062,-0.083174,-0.20019,0.27026,0.5914,0.95572,0.29473,0.70237,0.81133,0.28461,-0.73679,-0.051638,-1.4583,0.057178,-0.15287,0.39132,0.16943,0.67152,0.86324,0.143,0.36792,0.72234,-1.0401,0.73982,0.37964,1.889,1.7298,0.71353,0.63582,0.84991,0,-0.36035,0.20816,0.35784,0.041603,0.12597,-0.13227,0.84967,0.98079,2.0082,1.387,-0.5766,-0.17191,-0.82385,-0.45384,-0.94938,0.29964,-0.76244,-0.42274,-1.6235,-0.1051,-0.40498,0.023848,-0.28648,0.58524,0.056693,0.91749,1.0953,0.8161,0.8187,-0.24128,0.15144,0.028642,0.062177,1.1243,1.4768,2.095,2.0927,1.3782,2.6323,-0.50843,-0.62881,0.63218,-0.20668,-0.1194,-1.4556,-0.949,-1.2626,-0.24289,0.088847,-0.71183,-0.9513,-0.73638,-0.95218,-0.45464,0.84077,-0.38887,-1.1176,-0.072383,0.37041,0.44919,-0.25613,0.64127,0.42764,-0.011433,0.32512,1.1493,0.25922,0.505,-0.17758
1.737,-0.18009,0.80616,-0.58703,1.4661,0.08939,1.5711,-0.16425,0.93232,-0.22591,-0.14439,-0.22129,0.52758,0.46952,0.55025,-0.40814,1.0673,0.29479,-0.51496,1.4494,-0.82398,-1.6682,0.48156,-0.71459,1.0322,0.70558,0.46528,0.26458,0.33408,0.91301,-0.57162,-0.49093,0.50078,0.31184,0.29811,-0.36035,0,0.24388,0.67256,-0.66639,-0.73928,-0.6603,-0.24077,-0.71845,-0.41157,-0.33727,2.0717,1.278,-0.059217,1.6699,1.3544,-0.63463,1.2346,0.12448,0.74607,-0.31425,0.41134,1.4036,2.3076,0.60381,-0.59984,-0.018274,-1.0255,0.49414,-0.63001,1.1486,0.90399,1.1367,-1.4265,-0.50547,-0.11978,-0.26734,-0.12728,-0.17349,-0.36279,1.7592,0.59304,-0.3351,1.9547,1.6071,0.50511,0.77007,0.3932,-0.23228,-0.77734,1.1362,1.3277,1.7296,0.66531,1.4124,0.29682,0.234,0.060794,0.54912,-0.4549,0.64432,-0.32071,-0.30486,0.0023674,0.26683,-0.046286,0.20021,-0.88065,0.44855,0.78185
0.59557,1.2058,0.83191,0.5587,0.38602,1.3051,0.036074,0.97551,0.081482,1.1836,-0.42461,1.3842,0.15908,0.37231,-0.28495,-0.85901,0.55125,-0.33198,-1.053,-0.0077946,-1.0346,-0.032398,0.078862,0.63333,0.0024,1.0644,0.74225,0.39431,0.90354,0.19978,-0.016167,-0.11538,0.067338,-0.29156,-0.084936,0.20816,0.24388,0,-0.19597,0.60496,-1.413,0.4604,-0.56963,-0.47326,0.07191,-0.22489,0.20086,-0.18792,0.36277,-0.13049,-0.04578,-1.275,0.46425,0.98687,0.066304,-2.7901,-1.0095,0.68749,0.22984,0.24884,0.66885,-0.35657,-0.23907,0.47328,-0.64583,-0.3225,-0.096241,0.88388,0.035379,-0.39794,-0.090725,0.040345,0.25018,-0.18915,0.1623,0.48214,0.81008,-0.82032,0.067323,0.017775,0.24273,-0.21904,-0.56074,-1.249,-1.1623,-0.35289,-0.081557,0.18482,-0.63607,0.65338,0.18905,-1.3407,0.10712,-0.75683,1.0236,0.46053,0.13514,1.1656,1.2016,-1.0922,-1.0568,0.13401,-1.1202,-0.26392,1.2844
0.41729,-0.86367,-0.049042,-1.4418,0.17559,-0.69262,1.1937,-1.0561,1.4207,-0.32108,0.86209,-0.58869,1.3794,1.0087,1.3426,-0.55398,0.4471,-0.28557,0.079571,1.1328,0.09434,-1.0278,1.3267,-0.40849,1.3837,0.44878,0.62154,-0.6695,0.41286,1.497,0.26748,0.38956,1.6826,1.8146,1.5164,0.35784,0.67256,-0.19597,0,-1.3902,0.0073844,-1.887,0.74555,0.25397,0.35184,0.5704,0.45241,1.1761,-1.2096,0.81685,0.31572,0.18361,0.061267,-0.79315,-0.15878,0.20245,0.63361,0.63286,0.71806,1.124,-1.305,1.0269,0.0036748,0.96624,0.35159,1.1408,1.3854,0.46504,-1.3864,0.43294,0.80835,0.55102,0.56871,0.79159,0.36993,0.30628,-0.35029,0.60315,1.0326,1.1494,-0.43915,0.14755,-0.036385,0.12847,-0.065459,0.59239,0.3386,0.34465,0.32889,0.20103,0.88617,0.47343,-0.86082,1.1972,-0.71504,0.7371,-0.79445,-0.33519,-0.13807,0.93943,0.84508,1.1008,-0.012264,1.8765,-0.0082181
-0.31274,1.4391,0.11591,1.9246,-0.25221,0.98783,-1.1017,1.4426,-0.96595,0.8276,-0.62448,1.2029,-0.69975,-0.44712,-1.2321,0.058534,-0.30101,-0.13371,-0.25792,-1.0632,-0.20208,1.0407,-0.74007,0.95468,-1.0978,-0.061539,-0.15675,0.47081,0.021316,-0.83692,0.032914,-0.10349,-0.80307,-1.0779,-0.80809,0.041603,-0.66639,0.60496,-1.3902,0,-0.23215,2.3344,-0.60539,-0.14637,-0.015846,-0.30063,-0.55828,-1.4381,0.81344,-1.0957,-0.58598,-0.35435,-0.12955,0.90796,-0.11443,-0.57414,-1.2629,-0.35135,-0.70309,-0.61334,2.5406,-0.71575,0.16114,-0.38382,-0.28094,-1.6915,-1.2003,-0.1762,1.2476,-0.26525,-0.4035,-0.16918,-0.11904,-0.43162,0.0095203,-0.2993,0.34425,-0.59879,-0.99604,-1.1136,0.18099,-0.49414,-0.42215,-0.4299,-0.13337,-1.0469,-0.62075,-0.47516,-0.85424,-0.15113,-0.46083,-1.0937,0.43536,-2.7828,1.5044,-0.38063,0.58558,0.92497,0.59111,-1.6602,-1.0417,-0.48709,-0.14448,-1.2155,0.20355
-1.245,-0.75206,-1.4314,-0.24775,-0.97209,-1.0673,-0.4102,-0.69696,-0.3146,-0.58943,0.56329,-0.71233,-0.21597,-0.36761,0.075807,0.70114,-0.94744,-0.0056522,1.3025,-0.3496,2.0319,0.43453,-0.14145,-0.12044,-0.28173,-1.1756,-0.67605,-0.5918,-0.72494,-0.3918,0.38195,0.44964,-0.12134,0.23153,0.079999,0.12597,-0.73928,-1.413,0.0073844,-0.23215,0,-0.16918,0.74613,0.90564,0.24684,0.48409,-0.72778,-0.20335,-0.4166,-0.32066,-0.44086,2.0778,-1.0662,-0.96566,-0.48394,1.581,0.47091,-1.1588,-0.70431,-0.33816,-0.29498,0.43706,0.71348,-0.45212,1.1004,-0.089556,-0.17934,-1.3695,0.31554,0.72682,0.27899,0.23073,0.0060091,0.38771,0.1611,-1.1128,-1.2939,1.0479,-0.47248,-0.40338,-0.58847,-0.20795,0.12642,1.0408,1.9314,-0.12072,-0.39738,-0.70317,0.12364,-1.3987,-0.16634,0.64686,-0.27847,0.34882,-0.46075,-0.57154,-0.075706,-0.51607,-0.70776,0.64155,0.92396,-0.038037,2.4087,0.13465,-2.8144
-0.33874,1.2519,0.10866,1.904,-0.20098,0.93502,-1.1729,1.4078,-1.1737,0.61059,-0.77663,0.94532,-0.94658,-0.65565,-1.4225,0.23479,-0.35806,0.035621,-0.19988,-1.0965,-0.18959,1.0638,-0.97821,0.70708,-1.2699,-0.20002,-0.3315,0.60046,-0.14669,-1.0678,-0.11093,-0.24466,-1.0873,-1.4003,-1.0841,-0.13227,-0.6603,0.4604,-1.887,2.3344,-0.16918,0,-0.72108,-0.22541,-0.17261,-0.44357,-0.50591,-1.3966,1.0222,-0.9827,-0.46041,-0.32299,-0.078714,0.94154,0.017292,-0.45116,-0.98075,-0.44353,-0.70981,-0.81636,1.9892,-0.90019,0.068532,-0.59019,-0.34573,-1.4995,-1.3736,-0.26608,1.3402,-0.37153,-0.58828,-0.34051,-0.30686,-0.60522,-0.15952,-0.2832,0.38282,-0.65775,-1.0176,-1.163,0.31135,-0.35069,-0.23387,-0.3148,-0.071691,-0.83967,-0.48865,-0.40426,-0.61966,-0.14938,-0.6476,-0.83801,0.61112,-1.9282,1.1341,-0.52744,0.66485,0.67347,0.42638,-1.4075,-1.0481,-0.71244,-0.10812,-1.58,0.15156
-0.43285,-0.86249,-0.74706,-0.62139,-0.72692,-1.2445,0.16157,-1.1326,0.44448,-0.17402,2.5873,-0.49571,0.70055,0.5499,0.78473,-0.14875,-0.17129,-0.52146,0.52358,0.087221,0.99801,-0.091777,0.77377,0.057744,0.3978,-0.092714,0.24489,-2.2504,0.1602,0.42762,1.0717,1.3188,0.78993,1.184,1.1171,0.84967,-0.24077,-0.56963,0.74555,-0.60539,0.74613,-0.72108,0,1.4847,1.0299,1.7139,-0.38845,0.2375,-1.6677,-0.042865,-0.44814,1.0776,-0.87973,-1.6774,-0.99346,0.67405,0.3228,-0.20069,-0.15215,0.54003,-0.59928,1.9942,0.95194,0.45473,1.5642,0.25242,0.47859,-0.32183,-0.21098,1.836,1.4654,1.1763,0.87241,1.6935,0.92942,-0.58418,-1.3912,2.1849,0.017959,0.1424,-1.4694,-0.31768,-0.28573,0.33713,0.5709,-0.094816,-0.42153,-0.53205,-0.10538,-0.6906,0.73555,0.42916,-1.1131,0.64328,-0.39995,0.27696,-0.37005,-0.19973,-0.32274,0.83314,1.4154,0.89694,0.79152,1.0352,-0.75485
-0.85991,-0.44773,-0.92306,-0.16239,-1.3639,-0.81087,-0.26146,-0.59657,0.058979,0.05688,1.3157,-0.19465,0.33712,0.28595,0.34997,-0.0063582,-0.42476,-0.58607,0.54069,-0.35921,1.2776,0.32588,0.39937,0.39194,0.00023262,-0.26296,0.089824,-1.5773,0.084485,0.048933,1.4776,1.6381,0.37217,0.58678,0.61349,0.98079,-0.71845,-0.47326,0.25397,-0.14637,0.90564,-0.22541,1.4847,0,1.2453,1.6165,-0.88373,-0.18782,-0.90453,-0.49441,-0.95161,1.2079,-1.575,-1.0077,-1.5421,0.59676,-0.0044598,-0.55093,-0.57941,0.23128,-0.14732,1.0907,1.8516,0.20496,1.8586,-0.1785,0.075918,-0.63889,0.23281,2.348,1.1115,1.1593,0.82248,1.2387,1.0789,-1.1248,-1.4552,1.4755,-0.43212,-0.28237,-1.6753,-0.58502,-0.44992,0.25507,0.71849,-0.5151,-0.92254,-1.1328,-0.41994,-1.1977,0.48853,0.17037,-0.80214,0.19802,-0.053027,0.057521,-0.084638,0.033847,-0.22419,0.4034,0.84198,0.57149,1.0381,0.4912,-0.92965
-0.35014,-0.092961,-0.36661,-0.035257,-0.80006,-0.33767,-0.07501,-0.28649,0.30789,0.53262,1.1426,0.21021,0.70814,0.7795,0.40953,-0.53199,-0.017105,-0.98374,0.048865,-0.22578,0.4993,0.14671,0.73555,0.74033,0.19493,0.27811,0.65091,-1.3282,0.67686,0.36065,2.4678,2.2303,0.67558,0.63921,0.86554,2.0082,-0.41157,0.07191,0.35184,-0.015846,0.24684,-0.17261,1.0299,1.2453,0,1.792,-0.59367,-0.12755,-0.88479,-0.44363,-0.93461,0.45166,-0.84894,-0.54087,-1.7575,0.033393,-0.36177,-0.075606,-0.29033,0.62309,0.020722,1.0811,1.3146,0.70403,0.91805,-0.20018,0.2209,-0.11068,0.092197,1.4505,1.5765,2.2514,1.7908,1.4754,2.6962,-0.58273,-0.69963,0.7945,-0.24241,-0.10831,-1.5149,-0.70628,-0.88997,-0.23401,0.14214,-0.6671,-0.94684,-0.83017,-0.80593,-0.54453,0.95606,-0.2253,-0.95803,0.0032263,0.27186,0.49389,-0.088494,0.4595,0.18752,0.089652,0.42179,0.99259,0.35205,0.57983,-0.27142
-0.40304,-0.43439,-0.55711,-0.31517,-0.81742,-0.71223,0.052169,-0.64843,0.41121,0.18371,1.8932,-0.12166,0.78051,0.73021,0.63259,-0.36096,-0.082171,-0.78268,0.26743,-0.071889,0.75053,0.02107,0.84004,0.38845,0.32197,0.11103,0.47961,-2.2947,0.43943,0.43113,1.7736,2.2698,0.80468,0.94473,1.1051,1.387,-0.33727,-0.22489,0.5704,-0.30063,0.48409,-0.44357,1.7139,1.6165,1.792,0,-0.51102,0.060967,-1.3201,-0.24633,-0.70805,0.74724,-0.93368,-0.96836,-1.4795,0.32767,-0.030395,-0.13429,-0.2239,0.64348,-0.27377,1.677,1.2553,0.63044,1.2996,0.027659,0.37677,-0.21647,-0.064261,2.2358,2.0274,1.9543,1.3801,2.1585,1.577,-0.61491,-1.0385,1.294,-0.11318,0.024571,-1.8879,-0.52387,-0.58615,0.030265,0.34364,-0.37905,-0.69662,-0.71712,-0.44171,-0.6466,0.94771,0.089742,-1.147,0.30686,-0.051643,0.42635,-0.22785,0.13235,-0.062601,0.42543,0.81699,1.0582,0.56921,0.85139,-0.50241
