,,,,,,,,,,,,,,,,,,,,,,,,,,,,,,,,,,,,,,,,,,,,,,,,,,,,,,,,,,,,,,,,,,,,,,,,,,,,,,,,,,,,,,,,,,,,,,,,,,,,,,,,
0,-0.14539,0.0080035,-0.16276,0.33308,-0.63276,0.009447,-0.50062,0.22016,-0.58878,0.041962,-0.54046,0.34954,0.12035,0.5019,0.23404,-0.28654,0.4041,0.026225,0.2644,0.40005,0.37446,0.36549,0.010489,0.42782,-0.099221,0.0034474,0.37303,-0.29864,-0.50788,-0.14399,-0.61936,-0.099613,-0.35154,0.22444,-0.23323,0.26877,-0.40129,0.19432,-0.26078,0.22579,-0.1623,0.094059,-0.048775,0.26082,0.36486,0.125,0.14058,0.16363,0.19261,-0.03319,-0.018118,0.11685,-0.15174,0.26304,0.24005,0.36393,0.3661,0.50127,0.18367,-0.12629,0.29212,-0.093764,0.081298,0.10696,0.1594,0.1203,0.31887,0.16696,-0.047703,-0.1215,0.2141,-0.0099025,-0.16668,-0.25582,-0.14611,-0.17415,-0.3674,-0.24732,0.7228,-0.11376,-0.28714,-0.21547,-0.19343,0.0063094,0.12899,0.0409,0.082652,0.22106,0.19028,0.40576,-0.34106,-0.65413,-0.29963,-0.62842,-0.090347,-0.3435,-0.019273,0.26981,0.35985,0.085311,0.30908,0.09484,-0.14368,-0.21957
-0.14539,0,-0.45366,-0.14345,-0.13016,0.79593,0.21321,1.1104,-0.1545,0.50993,0.11236,0.47291,-0.047466,0.18707,0.26262,0.024791,-0.15193,-0.54216,-0.18074,-0.45365,-0.42878,0.12432,0.11487,0.21807,-0.32358,0.33729,0.37339,-0.37268,0.11102,0.41766,0.13367,0.40732,-0.10684,0.13412,0.17411,0.60197,0.044752,0.76804,0.51833,0.66759,0.039446,0.54535,0.26189,0.5551,0.086447,-0.055729,0.35985,0.22375,0.42938,-0.28425,-0.25093,0.23567,0.64504,1.1113,0.18745,0.049587,0.14009,0.60532,0.22907,0.39146,0.7867,-0.18565,-0.02608,-0.22751,0.36491,0.45983,0.50939,-0.48767,0.043613,0.21235,0.0075367,0.23664,0.43555,0.40764,0.35049,-0.29274,-0.20669,-0.61158,-0.5461,-0.26111,-0.60074,0.07443,-0.1184,-0.45682,-0.42693,-0.60728,-0.61198,0.4824,0.22936,0.46794,0.11495,-0.083558,0.092858,-0.126,0.44586,-0.37589,-0.42111,-0.34431,-0.12385,0.10822,0.21369,0.047258,-0.10597,-0.049273,0.3086
0.0080035,-0.45366,0,0.85945,0.19663,-0.47987,-0.85721,-0.67462,0.081628,-0.51964,-0.16399,-0.57519,0.21937,0.14461,-0.092836,0.05591,0.42642,0.32398,-0.12646,0.30196,-0.071935,-0.8313,-0.64371,-0.77451,0.11442,-0.60882,-0.35241,0.011238,-0.2685,-0.38948,-0.35384,-0.73794,0.23142,-0.20014,-0.1616,-0.6445,0.41509,-0.44831,-0.59333,-0.91971,-0.54556,-0.53411,-0.41892,-0.54514,-0.022209,-0.073269,-0.26811,-0.19905,-0.079928,0.70145,0.90235,-0.23729,-0.14212,-0.29268,0.15066,0.025677,-0.14111,-0.45787,-0.16498,-0.17042,-0.44871,-0.094225,0.045481,-0.27132,-0.41918,-0.47017,-0.38867,0.29111,-0.31157,-0.24717,-0.20399,-0.21747,-0.4253,-0.11247,-0.33263,1.0908,0.47631,0.58796,0.91857,0.37912,0.50779,0.40225,0.5554,0.28014,0.16627,0.64034,0.53951,-0.42239,-0.29804,-0.13807,-0.18112,0.3593,0.13229,0.11606,-0.22471,0.87134,0.54871,0.45747,0.18372,-0.23256,-0.21151,0.1179,0.010985,0.19983,-0.23624
-0.16276,-0.14345,0.85945,0,0.22455,-0.12938,-0.51171,-0.27885,-0.034489,-0.13555,-0.2836,-0.19041,0.023384,0.16325,-0.41955,-0.17566,0.13195,0.11305,0.13761,0.24746,-0.25854,-0.66495,-0.40207,-0.36756,-0.2553,-0.18949,-0.54137,-0.12207,-0.14434,-0.31445,-0.24668,-0.43906,-0.096028,0.0062235,-0.19293,-0.48005,0.02535,-0.1895,-0.30621,-0.46937,-0.30837,-0.33803,-0.47334,-0.63117,-0.20523,-0.35625,-0.13305,-0.090772,-0.28498,0.69455,0.68357,-0.38488,-0.20527,-0.027006,-0.061419,-0.27356,-0.30142,-0.20829,-0.34479,-0.017516,-0.061797,-0.27432,0.037256,-0.18263,-0.41537,-0.24351,-0.17644,-0.042367,-0.026913,-0.53946,-0.35101,-0.12359,-0.3565,-0.053812,-0.31462,0.6357,0.59463,0.57523,0.83473,0.090458,0.4686,0.26255,0.28595,0.52524,0.38266,0.66695,0.42914,-0.19143,-0.22412,-0.11942,-0.32939,0.69024,0.58582,0.31591,0.092526,0.85431,0.6802,0.56572,0.15975,-0.45621,-0.1507,-0.070627,0.15446,0.29172,0.19426
0.33308,-0.13016,0.19663,0.22455,0,0.010504,0.12793,-0.11407,-0.02306,-0.039422,-0.27285,-0.059607,0.090898,0.11423,-0.10251,0.23943,0.089063,0.34269,0.15061,0.29406,-0.023992,-0.077445,0.029925,-0.034563,0.032274,-0.14537,-0.11667,0.078535,-0.1119,-0.10801,-0.55082,-0.34696,0.015523,-0.069312,-0.10278,-0.27397,0.27656,-0.1022,-0.046274,-0.15994,0.14627,-0.017463,-0.32889,-0.22898,-0.38848,-0.35484,0.16214,0.17285,0.02807,0.33033,0.1807,-0.28087,0.61863,0.26059,0.16832,0.019352,-0.038323,0.044413,0.036788,0.095873,0.024742,0.1658,0.32751,0.15965,-0.024753,0.061252,0.08429,-0.0084542,-0.15068,-0.36941,-0.016979,-0.22781,-0.22382,-0.19415,-0.52876,0.30954,0.32402,0.063045,0.25173,-0.10049,0.2821,0.1244,-0.00055849,0.30221,0.040821,0.29691,0.24452,0.20428,0.23864,-0.045782,-0.44211,0.26753,0.23114,0.40539,0.17637,0.20552,0.16474,0.14511,-0.091246,-0.13736,0.28934,0.056409,0.15885,0.31911,-0.0054812
-0.63276,0.79593,-0.47987,-0.12938,0.010504,0,0.30969,1.2539,-0.44415,0.7395,-0.24602,0.84493,-0.28127,0.061178,-0.26773,-0.11186,0.05274,-0.51303,-0.058727,-0.29761,-0.47109,0.15695,-0.050351,0.49918,-0.80847,0.26832,0.23277,-0.45507,0.16467,0.86621,-0.1271,0.52474,-0.041786,0.42837,-0.03641,0.52556,-0.31698,0.61323,0.022969,0.70244,0.078929,0.81251,0.012192,0.41816,-0.34999,-0.52146,0.33882,0.25707,0.2898,-0.20099,-0.16142,0.17466,0.57014,1.0261,-0.13964,0.13882,0.0087329,0.12207,-0.10621,0.11893,0.6814,0.0051436,0.35395,-0.057276,0.31135,0.40124,0.38849,-0.55738,-0.12716,0.11114,0.073673,-0.11864,0.097127,0.2123,0.23532,-0.19413,-0.095909,-0.09606,-0.16717,-0.91388,-0.2363,0.2281,-0.10566,-0.015815,-0.20098,-0.44077,-0.35303,0.41789,0.38502,0.010657,-0.30576,0.2017,0.65862,0.19071,1.0261,-0.17116,0.012487,-0.11693,-0.2275,-0.053036,0.40907,-0.17549,-0.028934,0.18788,0.54731
0.009447,0.21321,-0.85721,-0.51171,0.12793,0.30969,0,0.56597,0.010869,0.48551,0.048672,0.60299,-0.17245,-0.26218,-0.15684,-0.086658,-0.10169,-0.018856,0.57439,0.15687,0.30629,0.68697,0.85839,0.73844,0.0077876,0.45843,0.23829,0.084099,0.42785,0.34392,0.090668,0.54182,-0.16408,0.20822,0.17748,0.59046,-0.45347,0.28313,0.5876,0.9905,1.0916,0.69529,0.49838,0.48386,-0.053167,0.013862,0.034102,-0.17619,-0.055705,-0.46922,-0.48449,-0.12216,0.076112,0.081751,-0.54019,-0.10022,0.24297,0.113,-0.02726,-0.057063,0.20762,-0.02975,-0.18499,0.34395,-0.10015,0.11693,0.041843,-0.3856,0.020252,0.016931,0.10529,-0.21967,0.071186,-0.12597,0.067047,-0.64056,-0.19268,-0.20019,-0.55303,-0.40531,-0.16321,-0.18597,-0.35342,0.056205,0.14465,-0.24038,-0.11119,0.16225,0.04665,-0.082594,0.059248,-0.34414,-0.092115,0.015292,0.15441,-0.48128,-0.38214,-0.29915,0.068976,0.094786,-0.080446,-0.1983,-0.26787,-0.21994,0.12066
-0.50062,1.1104,-0.67462,-0.27885,-0.11407,1.2539,0.56597,0,-0.23497,0.82363,0.060005,0.86131,-0.18754,-0.025355,-0.11096,-0.14513,-0.11623,-0.69689,0.032013,-0.37545,-0.33144,0.23306,0.20819,0.37888,-0.31933,0.36837,0.413,-0.42214,0.31117,0.72557,0.19208,0.82567,-0.12126,0.20458,-0.024504,0.81622,-0.27974,0.69147,0.4268,1.1823,0.34427,0.87561,0.3704,0.77942,-0.048718,-0.15189,0.19269,0.02507,0.19223,-0.53089,-0.4858,0.030325,0.51329,0.96727,-0.072399,-0.010961,0.14094,0.24702,-0.090682,0.056524,0.53055,-0.10629,0.11465,-0.14766,0.22999,0.23576,0.2198,-0.49327,0.009441,0.33018,0.25326,-0.027345,0.36044,0.23302,0.46766,-0.34356,-0.16587,-0.34264,-0.51114,-0.72038,-0.54517,0.12641,-0.17128,-0.19627,-0.2007,-0.61712,-0.48983,0.35273,0.18936,0.13991,-0.0873,-0.096977,0.24351,-0.032769,0.64554,-0.51377,-0.33087,-0.29576,-0.1615,-0.01195,0.13384,-0.18468,-0.21356,-0.12063,0.37249
0.22016,-0.1545,0.081628,-0.034489,-0.02306,-0.44415,0.010869,-0.23497,0,0.28707,0.91909,0.25557,0.22163,-0.013162,0.32614,0.57002,-0.084558,0.090955,0.14869,0.13262,0.55529,-0.067919,0.5287,0.0021746,0.50861,0.56344,0.55763,0.8738,0.45335,-0.015357,0.28228,0.23244,-0.15703,-0.26709,0.25178,0.15488,-0.05693,0.11387,0.40304,0.11319,0.036418,-0.44974,0.24725,-0.066406,0.61207,0.56942,-0.068711,-0.16231,-0.47189,0.20631,0.25554,-0.45397,-0.1019,-0.31373,0.28091,-0.66751,-0.23672,0.22881,0.50234,0.48166,0.021467,-0.026162,-0.28653,0.12292,-0.19431,-0.18854,-0.13717,0.25987,0.2333,0.19341,0.42794,0.48908,0.5294,0.34588,0.41912,0.24287,0.61409,0.089548,0.055197,0.65522,0.39241,-0.23991,0.15755,-0.20435,-0.081195,0.14951,0.18273,0.037787,-0.38622,0.30456,0.32813,-0.10943,-0.32106,0.066907,-0.10935,0.099872,-0.34643,-0.17186,0.017711,-0.20648,-0.19775,0.072064,-0.46343,-0.35429,-0.74978
-0.58878,0.50993,-0.51964,-0.13555,-0.039422,0.7395,0.48551,0.82363,0.28707,0,0.30411,1.8357,-0.31044,-0.089928,-0.13126,0.13725,0.082011,-0.32288,0.1455,-0.23226,-0.057844,0.081059,0.38626,0.4763,-0.32282,0.88722,0.47385,0.11132,0.74209,0.82432,0.14207,1.0073,-0.33607,0.15804,0.013666,0.72062,-0.52509,0.83995,0.47384,1.0069,0.14223,0.27463,0.13625,0.26365,0.018263,-0.17198,0.16602,-0.015738,-0.29759,-0.17488,-0.11863,-0.1296,0.21693,0.42545,-0.10247,-0.60096,-0.29123,0.26132,-0.017655,0.4244,0.64428,-0.35469,-0.15316,0.18198,-0.05174,0.15707,0.23533,-0.56411,0.046882,0.018003,0.19832,0.090297,0.36447,0.37946,0.34268,-0.068468,0.26596,-0.13504,-0.24577,-0.36091,0.10656,-0.0075164,-0.023153,-0.073306,-0.22098,-0.31516,-0.21633,0.33405,-0.11823,0.14082,-0.21501,0.092051,0.37106,0.32941,0.80081,-0.18212,-0.25983,-0.31385,-0.34,-0.35196,0.07066,-0.36475,-0.47441,0.012277,0.11773
0.041962,0.11236,-0.16399,-0.2836,-0.27285,-0.24602,0.048672,0.060005,0.91909,0.30411,0,0.25077,0.34921,0.1018,0.61115,0.55702,-0.24148,-0.31567,-0.2136,-0.29311,0.44722,-0.022878,0.40411,-0.1164,0.58582,0.56912,0.68148,0.36814,0.55374,0.0013778,0.8194,0.45569,0.071985,-0.12653,0.34548,0.42439,0.19806,0.32891,0.63724,0.23711,0.10874,-0.28017,0.74569,0.32839,0.90934,0.88508,0.12147,0.07085,-0.46994,-0.31597,-0.1987,-0.11029,-0.047977,-0.10533,0.34701,-0.34866,-0.04426,0.39684,0.53952,0.46402,0.13078,0.098008,-0.11954,0.25764,0.27855,-0.011608,0.033992,0.39576,0.33844,0.5995,0.69662,0.83972,1.084,0.69769,0.60137,0.0025319,0.26111,-0.17822,-0.26622,0.37506,-0.090084,-0.54743,-0.1056,-0.76804,-0.39926,-0.36595,-0.32073,0.22428,-0.15813,0.51079,0.39284,-0.35117,-0.58642,-0.075354,-0.0093467,-0.17792,-0.5117,-0.56763,-0.26783,0.030091,0.018429,0.044014,-0.32076,-0.30175,-0.75644
-0.54046,0.47291,-0.57519,-0.19041,-0.059607,0.84493,0.60299,0.86131,0.25557,1.8357,0.25077,0,-0.28798,-0.11982,-0.21049,0.12983,0.097308,-0.32744,0.20459,-0.13612,0.022384,0.19192,0.46824,0.69948,-0.38606,0.90704,0.47497,0.12091,0.75805,0.9885,0.09546,0.94254,-0.27345,0.26759,0.11802,0.75967,-0.64852,0.69593,0.38716,1.1208,0.292,0.43766,0.27111,0.37375,-0.01859,-0.18975,0.24486,0.025449,-0.23276,-0.13761,-0.063253,-0.18837,0.2142,0.39742,-0.25033,-0.40241,-0.13029,0.20107,0.040608,0.3817,0.66549,-0.17531,-0.050897,0.23954,-0.023462,0.21796,0.24474,-0.54231,0.044501,0.081001,0.23488,0.054232,0.28914,0.3554,0.3833,-0.15194,0.27407,-0.019065,-0.19305,-0.38604,0.14184,-0.021295,-0.032867,-0.060073,-0.14861,-0.31061,-0.1656,0.37425,0.028571,0.089609,-0.17409,0.11818,0.39912,0.35594,0.9322,-0.10145,-0.18307,-0.25446,-0.17636,-0.26108,0.12943,-0.26615,-0.47449,0.014334,0.16362
0.34954,-0.047466,0.21937,0.023384,0.090898,-0.28127,-0.17245,-0.18754,0.22163,-0.31044,0.34921,-0.28798,0,1.2304,0.72447,0.59679,-0.1068,-0.11648,-0.4482,-0.20912,0.3965,-0.017945,0.2045,-0.27586,0.46118,0.022182,0.43784,0.19089,0.22587,-0.3095,0.43167,-0.41634,0.77069,0.32958,0.69187,0.23579,0.40714,-0.011646,0.25677,-0.29237,0.1041,-0.25822,0.33303,-0.045077,0.839,0.85318,0.0073885,-0.031681,-0.19272,0.0048036,0.0077647,-0.027485,0.19593,0.035163,0.54253,0.067194,0.1598,0.4103,0.52749,0.13356,0.026219,0.77668,0.27693,0.059816,0.28101,-0.072981,-0.092493,0.65844,0.078769,0.42418,0.33298,0.55131,0.46002,0.37934,0.34219,0.29633,0.20136,-0.063685,0.09249,0.21488,-0.21243,-0.32118,-0.049832,-0.55031,-0.34087,-0.35642,-0.39381,0.22797,-0.077346,0.56892,0.7896,-0.10042,-0.38505,-0.25179,-0.22158,0.071447,-0.095744,-0.28772,-0.10999,0.60142,0.29873,0.19812,0.023825,-0.02585,-0.69975
0.12035,0.18707,0.14461,0.16325,0.11423,0.061178,-0.26218,-0.025355,-0.013162,-0.089928,0.1018,-0.11982,1.2304,0,0.59981,0.58009,-0.049654,-0.16488,-0.527,-0.3387,0.11512,-0.033882,0.056772,-0.12766,0.0099216,0.10943,0.34284,0.032884,0.21851,-0.17314,0.23639,-0.37257,0.66928,0.6246,0.67099,0.3075,0.30333,0.22645,0.177,-0.24068,-0.13128,-0.17753,0.011594,-0.19261,0.49619,0.39216,0.11435,0.13167,-0.10606,0.062512,0.088798,0.2181,0.31769,0.29692,0.50191,0.015348,-0.027218,0.55147,0.45158,0.33378,0.39574,0.56738,0.3266,0.032459,0.37487,0.14,0.16024,0.27333,-0.022385,0.18814,0.089174,0.51716,0.38649,0.46888,0.2457,0.32288,0.16525,-0.12189,0.13316,-0.011094,-0.18721,-0.23626,-0.088044,-0.45381,-0.44023,-0.43208,-0.53971,0.36879,-0.0087956,0.61282,0.56062,0.1281,-0.014161,-0.10996,0.065232,0.1436,0.029821,-0.26904,-0.30358,0.48543,0.48132,0.056385,0.11542,0.23943,-0.32358
0.5019,0.26262,-0.092836,-0.41955,-0.10251,-0.26773,-0.15684,-0.11096,0.32614,-0.13126,0.61115,-0.21049,0.72447,0.59981,0,0.63987,-0.088972,-0.054929,-0.70954,-0.50822,0.19937,0.034589,0.16192,-0.25449,0.3923,0.14689,0.62863,0.22608,0.106,-0.13454,0.43209,-0.14919,0.3954,0.005309,0.56738,0.25877,0.62014,0.3573,0.52241,-0.12754,-0.19829,-0.33908,0.31137,0.085444,0.91362,0.83765,0.27947,0.23972,0.13335,-0.16547,-0.16676,0.38948,0.31791,0.12402,0.80146,0.064022,0.032499,0.80263,0.8984,0.46194,0.18786,0.27433,-0.1309,0.13549,0.5352,0.25722,0.34526,0.35505,0.14533,0.32625,0.12779,0.79931,0.66956,0.62223,0.24281,-0.067831,-0.17975,-0.68139,-0.45181,0.42288,-0.38766,-0.37452,-0.061385,-1.2276,-0.94608,-0.65559,-0.71084,0.43321,-0.0083058,0.94631,0.79069,-0.45171,-0.76897,-0.30716,-0.27722,-0.32302,-0.62816,-0.82071,-0.36419,0.67884,0.40046,0.33753,0.029966,-0.10969,-0.71573
0.23404,0.024791,0.05591,-0.17566,0.23943,-0.11186,-0.086658,-0.14513,0.57002,0.13725,0.55702,0.12983,0.59679,0.58009,0.63987,0,0.14407,0.26415,-0.16458,0.0061025,0.61092,0.11087,0.38686,0.081363,0.33048,0.3366,0.68702,0.72143,0.53858,0.13991,0.12559,-0.036895,0.52028,0.30968,0.82126,0.38057,0.28245,0.12112,0.14812,-0.034133,-0.087357,-0.22175,0.16919,0.015736,0.50293,0.53563,0.062993,0.07074,-0.14576,0.04366,0.24921,-0.034415,0.33365,0.04189,0.41415,-0.20247,-0.12222,0.29937,0.65033,0.61322,0.37638,0.42516,0.17947,0.25395,0.23408,-0.036014,0.024967,0.23919,-0.096222,0.25231,0.41077,0.50292,0.47507,0.35649,0.18098,0.4251,0.53344,-0.087986,0.12964,0.28206,0.12986,-0.15851,0.17186,-0.45983,-0.35221,-0.23832,-0.079455,0.19361,-0.10917,0.41321,0.31159,0.038761,-0.22194,-0.038206,0.13336,0.22179,-0.039623,-0.32867,-0.43617,0.027165,0.24649,0.13044,-0.18068,-0.07354,-0.75234
-0.28654,-0.15193,0.42642,0.13195,0.089063,0.05274,-0.10169,-0.11623,-0.084558,0.082011,-0.24148,0.097308,-0.1068,-0.049654,-0.088972,0.14407,0,0.54469,-0.072936,0.11631,-0.075338,-0.45013,-0.26997,-0.17954,-0.23899,-0.37014,-0.049088,0.028091,0.29131,0.46488,-0.42236,-0.15373,0.32433,0.15708,0.039963,-0.11019,-0.04714,0.033837,-0.34604,-0.17762,-0.40196,-0.17639,-0.23875,-0.28604,-0.1104,-0.27362,-0.12013,-0.29816,0.024735,0.28316,0.58513,-0.19805,-0.013112,-0.12835,-0.18201,-0.088247,-0.25266,-0.41516,-0.28517,-0.23497,-0.19896,-0.30665,-0.30574,0.063598,-0.49842,-0.30845,-0.17462,-0.46732,-0.51716,-0.46389,-0.45637,-0.57475,-0.58229,-0.011004,-0.41804,0.41146,0.28406,0.22445,0.37039,-0.081038,0.43475,0.69233,1.051,0.12476,-0.16147,0.039801,0.19001,-0.15482,-0.36286,-0.006537,-0.23748,0.42377,0.28124,0.43505,0.30679,0.40053,0.31904,-0.10261,-0.13173,-0.03581,-0.051554,0.040957,-0.25865,0.29197,-0.064595
0.4041,-0.54216,0.32398,0.11305,0.34269,-0.51303,-0.018856,-0.69689,0.090955,-0.32288,-0.31567,-0.32744,-0.11648,-0.16488,-0.054929,0.26415,0.54469,0,0.43104,0.72606,0.37644,0.034234,0.082072,-0.0029096,0.095433,-0.29656,-0.20869,0.59671,-0.051433,-0.073966,-0.52941,-0.47123,0.090643,-0.049982,0.12735,-0.39846,-0.025152,-0.44836,-0.36643,-0.3867,-0.15527,-0.28851,-0.43438,-0.53291,-0.14791,-0.073756,-0.30428,-0.28682,0.056865,0.41609,0.4865,-0.18691,-0.2284,-0.50312,-0.21281,-0.15156,-0.22964,-0.38485,-0.15802,-0.1383,-0.30442,-0.1724,-0.29584,0.20204,-0.53824,-0.35947,-0.28851,-0.13323,-0.23816,-0.7005,-0.45766,-0.4075,-0.64424,-0.52139,-0.82139,0.2508,0.23505,0.15468,0.3075,0.28508,0.48528,0.33386,0.47372,0.43718,0.34263,0.54677,0.69166,-0.41224,-0.38188,-0.27265,-0.12941,0.1477,-0.037691,0.028742,-0.32108,0.36458,0.31444,0.17038,-0.015543,-0.20252,-0.25512,0.07359,0.0053023,-0.083098,-0.20339
0.026225,-0.18074,-0.12646,0.13761,0.15061,-0.058727,0.57439,0.032013,0.14869,0.1455,-0.2136,0.20459,-0.4482,-0.527,-0.70954,-0.16458,-0.072936,0.43104,0,0.9986,0.34871,0.40013,0.48087,0.47135,0.0032988,0.12043,-0.13749,0.28716,0.11455,0.019995,-0.28948,0.24404,-0.40437,-0.034368,-0.10897,0.020077,-0.64668,-0.27858,-0.061527,0.37674,0.50111,0.34017,-0.076922,-0.02159,-0.31206,-0.18335,-0.49579,-0.49698,-0.1426,0.019169,0.080954,-0.50846,-0.34273,-0.28378,-0.73908,-0.35963,-0.051316,-0.45758,-0.40037,-0.24567,-0.12082,-0.26866,-0.18509,-0.038703,-0.65704,-0.39208,-0.48908,-0.32907,-0.057072,-0.27808,-0.028728,-0.5201,-0.30086,-0.64103,-0.14654,-0.091132,0.21988,0.35273,0.11015,-0.12388,0.25012,0.20855,-0.0076376,0.88417,1.1951,0.65849,0.7823,-0.49293,-0.30298,-0.58489,-0.18737,0.03303,0.17451,-0.036018,-0.089397,0.071314,0.11977,0.39586,0.31704,-0.57777,-0.70642,-0.3066,-0.23997,-0.43219,0.1961
0.2644,-0.45365,0.30196,0.24746,0.29406,-0.29761,0.15687,-0.37545,0.13262,-0.23226,-0.29311,-0.13612,-0.20912,-0.3387,-0.50822,0.0061025,0.11631,0.72606,0.9986,0,0.4564,0.24538,0.18423,0.25898,0.0030272,-0.17049,-0.22943,0.32553,-0.1445,-0.20316,-0.6786,-0.22426,-0.1929,-0.10477,-0.0062967,-0.29768,-0.29605,-0.61771,-0.45485,-0.082719,0.23898,0.18851,-0.23609,-0.22343,-0.31133,-0.17689,-0.41369,-0.27381,-0.052382,0.44797,0.48705,-0.3641,-0.31439,-0.4343,-0.5799,-0.0062034,0.070881,-0.6456,-0.23125,-0.22193,-0.26794,-0.086215,0.037009,0.051243,-0.55608,-0.34551,-0.44557,-0.065001,-0.22356,-0.25962,-0.090354,-0.53714,-0.50994,-0.65973,-0.39251,0.23927,0.3076,0.62323,0.45384,0.14156,0.51982,0.2315,0.071313,0.80974,0.99133,1.0919,1.1574,-0.60995,-0.17814,-0.67312,-0.23507,0.14949,0.11485,-0.020994,-0.20989,0.47944,0.28717,0.61062,0.44089,-0.47677,-0.51814,-0.24623,-0.30846,-0.18102,0.0088697
0.40005,-0.42878,-0.071935,-0.25854,-0.023992,-0.47109,0.30629,-0.33144,0.55529,-0.057844,0.44722,0.022384,0.3965,0.11512,0.19937,0.61092,-0.075338,0.37644,0.34871,0.4564,0,0.60747,0.85576,0.35585,0.53354,0.3418,0.31882,0.91538,0.53891,-0.07441,0.1871,-0.0037914,0.16668,0.12452,0.58624,0.38278,-0.1893,-0.3567,0.1676,0.1042,0.48802,-0.011569,0.44168,0.1285,0.51945,0.74125,-0.36164,-0.35471,-0.49658,-0.077877,0.011835,-0.21695,-0.34589,-0.54358,-0.19204,-0.19008,0.14081,-0.08223,0.20831,0.10922,-0.05892,0.33351,-0.09204,0.29197,-0.15831,-0.3575,-0.4179,0.32914,-0.12588,0.26237,0.32761,0.16441,0.17246,-0.15925,0.11469,0.12554,0.21715,0.12306,-0.00080344,0.39914,0.12472,-0.34127,-0.13229,-0.067907,0.29013,0.067204,0.23002,-0.31925,-0.27575,-0.15813,0.43141,-0.29142,-0.4578,-0.34121,-0.33472,0.10877,-0.1232,-0.035122,0.005759,-0.038722,-0.22999,-0.25082,-0.36706,-0.42054,-0.54696
0.37446,0.12432,-0.8313,-0.66495,-0.077445,0.15695,0.68697,0.23306,-0.067919,0.081059,-0.022878,0.19192,-0.017945,-0.033882,0.034589,0.11087,-0.45013,0.034234,0.40013,0.24538,0.60747,0,0.84434,1.0237,0.034486,0.35947,0.23475,0.24471,0.15498,0.11229,0.00075648,0.22458,-0.16244,0.17448,0.30239,0.57635,-0.42964,-0.12971,0.23658,0.59089,0.7367,0.70795,0.34088,0.50916,0.058908,0.22093,-0.090382,-0.039424,0.071166,-0.41429,-0.49075,0.20308,-0.011196,0.025348,-0.32954,0.18964,0.42039,0.14109,0.14646,0.077545,0.27693,0.30446,0.050652,0.090803,0.18538,0.16218,0.026215,-0.082212,-0.063904,0.2939,0.15248,0.013766,0.13794,-0.31251,0.154,-0.5309,-0.44847,-0.30885,-0.55937,-0.064655,-0.39571,-0.32109,-0.64256,-0.036327,0.27146,-0.20552,-0.09568,-0.053649,0.24577,-0.23041,0.31898,-0.47945,-0.27202,-0.51039,-0.14512,-0.429,-0.37723,-0.042288,0.088563,0.13302,-0.03508,-0.30873,-0.14558,-0.36266,0.16922
0.36549,0.11487,-0.64371,-0.40207,0.029925,-0.050351,0.85839,0.20819,0.5287,0.38626,0.40411,0.46824,0.2045,0.056772,0.16192,0.38686,-0.26997,0.082072,0.48087,0.18423,0.85576,0.84434,0,0.72272,0.34438,0.78448,0.47529,0.66553,0.70367,0.16077,0.29289,0.33239,-0.16569,0.12902,0.52402,0.72297,-0.46669,0.06356,0.75606,0.70435,0.91671,0.2636,0.59686,0.36495,0.41995,0.49723,-0.07799,-0.26739,-0.34426,-0.26268,-0.28921,-0.29653,-0.028509,-0.081944,-0.17246,-0.36991,0.22655,0.38037,0.30326,0.30688,0.31064,0.15315,-0.24106,0.25654,-0.12219,-0.010063,-0.068669,-0.094742,0.17056,0.19501,0.28215,0.2273,0.36387,-0.017076,0.31049,-0.29318,0.11687,-0.28121,-0.42873,0.17223,-0.090482,-0.40449,-0.28361,-0.1635,0.13523,-0.20544,-0.066292,0.10514,-0.11514,0.13309,0.45701,-0.31292,-0.33805,-0.19886,-0.043324,-0.27162,-0.44819,-0.22642,0.09998,0.042124,-0.16942,-0.14819,-0.44155,-0.39736,-0.1737
0.010489,0.21807,-0.77451,-0.36756,-0.034563,0.49918,0.73844,0.37888,0.0021746,0.4763,-0.1164,0.69948,-0.27586,-0.12766,-0.25449,0.081363,-0.17954,-0.0029096,0.47135,0.25898,0.35585,1.0237,0.72272,0,-0.40304,0.69346,0.1428,0.2446,0.31766,0.46622,-0.16808,0.38623,-0.26374,0.40955,0.34722,0.56306,-0.71181,0.11438,0.16364,0.7456,0.57037,0.7766,0.21113,0.35054,-0.22962,-0.18114,0.13626,0.094894,0.031945,-0.07169,-0.07849,0.083758,0.025917,0.10736,-0.58686,0.030194,0.20482,0.11321,0.1409,0.30692,0.63825,0.11903,0.034733,0.23931,0.056303,0.35821,0.25024,-0.43837,-0.10528,0.035829,0.016445,-0.039775,0.0038868,-0.13629,0.13313,-0.44747,-0.11718,-0.010768,-0.22177,-0.19728,0.051393,-0.20294,-0.39269,0.13066,0.23492,-0.087151,0.041017,0.12816,0.3073,-0.24553,0.034695,-0.01851,0.22998,0.0067352,0.36118,-0.058073,-0.0856,0.07939,0.15978,-0.088913,0.078996,-0.27013,-0.20195,-0.054698,0.39208
0.42782,-0.32358,0.11442,-0.2553,0.032274,-0.80847,0.0077876,-0.31933,0.50861,-0.32282,0.58582,-0.38606,0.46118,0.0099216,0.3923,0.33048,-0.23899,0.095433,0.0032988,0.0030272,0.53354,0.034486,0.34438,-0.40304,0,-0.048276,0.21608,0.46117,0.12396,-0.41259,0.50537,-0.083417,0.18009,-0.40213,0.10311,0.03378,0.383,-0.38299,0.30091,-0.12895,0.29506,-0.33475,0.4508,0.22461,0.57463,0.93083,-0.31313,-0.37995,-0.22043,-0.31341,-0.28792,-0.24862,-0.079055,-0.40954,0.36329,-0.12739,0.26869,0.046232,0.20302,-0.069731,-0.42889,0.22803,-0.10226,-0.054308,-0.10742,-0.4521,-0.48265,0.69838,0.18296,0.44485,0.55063,0.24605,0.32953,-0.12797,0.20755,0.14791,0.11569,-0.22084,-0.16996,0.53777,-0.16699,-0.26291,-0.008269,-0.29957,0.018257,-0.038848,0.079875,-0.23988,-0.27737,0.11316,0.36501,-0.51886,-0.99347,-0.45006,-0.71157,-0.21911,-0.24967,-0.099763,0.086768,0.078832,-0.39144,0.22915,-0.14943,-0.47037,-0.71991
-0.099221,0.33729,-0.60882,-0.18949,-0.14537,0.26832,0.45843,0.36837,0.56344,0.88722,0.56912,0.90704,0.022182,0.10943,0.14689,0.3366,-0.37014,-0.29656,0.12043,-0.17049,0.3418,0.35947,0.78448,0.69346,-0.048276,0,0.45014,0.49534,0.60465,0.31904,0.43893,0.58007,-0.26355,0.24685,0.46933,0.73091,-0.34874,0.5379,0.71891,0.67645,0.36382,0.16344,0.40358,0.26654,0.27764,0.2247,0.28654,0.15025,-0.34988,-0.077026,-0.12746,0.023809,0.037661,0.1418,-0.053242,-0.47202,-0.06627,0.59229,0.4339,0.88421,0.8925,-0.012877,-0.10017,0.41458,0.15137,0.36004,0.37219,-0.097063,0.2981,0.17967,0.3196,0.64048,0.6281,0.408,0.46431,-0.22331,0.22657,-0.17169,-0.28497,0.069028,0.10726,-0.58013,-0.38644,-0.27865,-0.1604,-0.27254,-0.20899,0.40173,0.01664,0.21783,0.18075,-0.10879,0.027616,0.03608,0.31171,-0.082633,-0.28037,-0.22639,-0.12535,-0.15957,0.13715,-0.15777,-0.27897,-0.11241,-0.099213
0.0034474,0.37339,-0.35241,-0.54137,-0.11667,0.23277,0.23829,0.413,0.55763,0.47385,0.68148,0.47497,0.43784,0.34284,0.62863,0.68702,-0.049088,-0.20869,-0.13749,-0.22943,0.31882,0.23475,0.47529,0.1428,0.21608,0.45014,0,0.34736,0.51801,0.45332,0.39685,0.49153,0.26436,0.14408,0.44022,0.76391,-0.042845,0.57702,0.44786,0.5099,0.088147,0.095785,0.39955,0.34386,0.7843,0.65998,0.068855,-0.031905,-0.017261,-0.27727,-0.1822,-0.047869,0.42136,0.34272,0.45894,-0.23269,-0.12974,0.4014,0.53968,0.28564,0.26745,0.31099,0.091811,0.05461,0.31965,0.003597,0.029064,0.15192,0.13322,0.62134,0.66473,0.4824,0.94562,0.58733,0.79114,-0.0073336,0.16828,-0.26795,-0.34671,-0.064933,-0.28078,-0.078269,0.04343,-0.58733,-0.47753,-0.5778,-0.42519,0.35387,-0.16519,0.55161,0.52692,-0.33721,-0.30248,-0.21559,0.14962,-0.41571,-0.63892,-0.74363,-0.43601,0.22276,0.23538,0.029369,-0.35837,-0.48089,-0.70332
0.37303,-0.37268,0.011238,-0.12207,0.078535,-0.45507,0.084099,-0.42214,0.8738,0.11132,0.36814,0.12091,0.19089,0.032884,0.22608,0.72143,0.028091,0.59671,0.28716,0.32553,0.91538,0.24471,0.66553,0.2446,0.46117,0.49534,0.34736,0,0.3783,0.084126,0.11708,-0.051566,-0.0076906,-0.054363,0.44741,0.15131,-0.16398,-0.20502,0.1259,0.0024416,0.12108,-0.31424,0.074466,-0.12193,0.39717,0.48599,-0.16152,-0.25674,-0.29496,0.25893,0.25481,-0.27173,-0.15668,-0.4155,0.086412,-0.48395,-0.15094,0.071488,0.30916,0.40155,0.078924,0.10589,-0.19599,0.3062,-0.28347,-0.25004,-0.20687,0.2508,0.11257,-0.034394,0.21603,0.30044,0.12883,-0.0971,0.029317,0.25113,0.51276,0.011635,0.085102,0.60113,0.42588,-0.16645,0.16097,-0.010529,0.12776,0.1954,0.40536,-0.14147,-0.37501,-0.024857,0.21998,-0.11964,-0.27573,-0.18695,-0.27737,0.20756,-1.6097e-05,0.016465,-0.065738,-0.24875,-0.16788,0.079036,-0.25112,-0.39459,-0.62055
-0.29864,0.11102,-0.2685,-0.14434,-0.1119,0.16467,0.42785,0.31117,0.45335,0.74209,0.55374,0.75805,0.22587,0.21851,0.106,0.53858,0.29131,-0.051433,0.11455,-0.1445,0.53891,0.15498,0.70367,0.31766,0.12396,0.60465,0.51801,0.3783,0,0.51547,0.39229,0.53314,0.17707,0.4162,0.46428,0.89283,-0.39015,0.34528,0.51076,0.54912,0.28918,0.0096141,0.49186,0.20807,0.47245,0.35453,-0.15187,-0.38348,-0.7123,-0.30852,-0.047,-0.36635,-0.082665,-0.04091,-0.1369,-0.6397,-0.15933,0.14894,0.048404,0.22266,0.29269,-0.01056,-0.27616,0.22182,-0.19549,-0.24933,-0.18793,-0.26287,-0.12489,0.14266,0.24522,0.13495,0.3478,0.33542,0.36332,0.11985,0.42202,-0.02339,-0.072771,-0.079735,0.076929,-0.1117,0.17994,-0.25033,-0.1444,-0.42974,-0.2227,0.088637,-0.39251,0.25697,0.24273,0.076353,0.011567,0.18869,0.43655,-0.0032357,-0.14427,-0.42739,-0.31051,-0.067867,-0.07666,-0.29863,-0.52287,-0.07733,-0.24392
-0.50788,0.41766,-0.38948,-0.31445,-0.10801,0.86621,0.34392,0.72557,-0.015357,0.82432,0.0013778,0.9885,-0.3095,-0.17314,-0.13454,0.13991,0.46488,-0.073966,0.019995,-0.20316,-0.07441,0.11229,0.16077,0.46622,-0.41259,0.31904,0.45332,0.084126,0.51547,0,-0.033641,0.61735,0.024729,0.2291,0.078479,0.58078,-0.44628,0.44313,0.043525,0.68287,0.012179,0.42414,0.15044,0.39507,-0.064816,-0.20747,0.12032,-0.099779,0.14463,-0.10948,0.00027988,-0.15233,0.34171,0.47813,-0.11548,-0.15001,-0.18508,-0.066509,-0.13733,0.050722,0.33514,-0.11644,-0.044834,0.012755,-0.020545,0.0051701,0.077122,-0.54685,-0.22362,0.053397,0.08193,-0.15118,0.029921,0.13789,0.2097,-0.062483,0.11406,-0.090648,-0.14683,-0.42577,-0.034558,0.45145,0.39539,-0.058909,-0.21515,-0.40686,-0.11461,0.17582,-0.011768,-0.02409,-0.20356,0.15274,0.40288,0.15769,0.75769,-0.12813,-0.039206,-0.23681,-0.33027,-0.15992,0.2136,-0.080592,-0.2242,-0.13731,0.14868
-0.14399,0.13367,-0.35384,-0.24668,-0.55082,-0.1271,0.090668,0.19208,0.28228,0.14207,0.8194,0.09546,0.43167,0.23639,0.43209,0.12559,-0.42236,-0.52941,-0.28948,-0.6786,0.1871,0.00075648,0.29289,-0.16808,0.50537,0.43893,0.39685,0.11708,0.39229,-0.033641,0,0.39066,0.2512,0.13535,0.31439,0.45179,0.08928,0.28918,0.63821,0.17511,0.20001,-0.2079,0.71136,0.29316,0.77964,0.86899,0.010438,-0.084091,-0.34177,-0.59619,-0.59754,0.0094924,-0.18246,-0.04631,0.29976,-0.29186,-0.028837,0.40221,0.20739,0.089269,0.054666,0.20588,-0.070648,0.13213,0.31234,-0.060168,-0.057889,0.4331,0.53618,0.56441,0.5374,0.80295,0.8785,0.45279,0.71443,-0.26729,-0.020679,-0.29102,-0.35929,0.029895,-0.4619,-0.53227,-0.18251,-0.63158,-0.29267,-0.63546,-0.56889,0.20239,-0.20543,0.43475,0.55145,-0.34093,-0.44468,-0.31289,-0.15392,-0.42386,-0.27675,-0.4798,-0.26877,0.26635,0.034262,0.11951,0.092404,-0.37825,-0.43281
-0.61936,0.40732,-0.73794,-0.43906,-0.34696,0.52474,0.54182,0.82567,0.23244,1.0073,0.45569,0.94254,-0.41634,-0.37257,-0.14919,-0.036895,-0.15373,-0.47123,0.24404,-0.22426,-0.0037914,0.22458,0.33239,0.38623,-0.083417,0.58007,0.49153,-0.051566,0.53314,0.61735,0.39066,0,-0.24821,0.056023,-0.088323,0.68596,-0.44535,0.60489,0.40499,1.0486,0.21136,0.36689,0.34108,0.49201,0.040516,0.03537,-0.085624,-0.12143,-0.17481,-0.61732,-0.45972,-0.087358,0.0083078,0.21493,-0.14917,-0.43453,-0.24414,0.018337,-0.11226,0.048848,0.2422,-0.2553,-0.13319,-0.014922,0.091134,-0.02661,-0.027675,-0.34685,0.067754,0.37444,0.47169,0.070828,0.55191,0.22234,0.63092,-0.35196,-0.031806,-0.10248,-0.39253,-0.4591,-0.22261,-0.017073,-0.10319,-0.080712,-0.049555,-0.34494,-0.22189,0.068471,-0.14687,-0.0098159,-0.056992,-0.13382,0.11059,0.053094,0.44687,-0.53447,-0.41707,-0.32868,-0.30193,-0.28051,-0.14081,-0.37403,-0.32418,-0.37463,0.061765
-0.099613,-0.10684,0.23142,-0.096028,0.015523,-0.041786,-0.16408,-0.12126,-0.15703,-0.33607,0.071985,-0.27345,0.77069,0.66928,0.3954,0.52028,0.32433,0.090643,-0.40437,-0.1929,0.16668,-0.16244,-0.16569,-0.26374,0.18009,-0.26355,0.26436,-0.0076906,0.17707,0.024729,0.2512,-0.24821,0,0.72693,0.65595,0.13775,0.50468,0.030649,-0.16937,-0.37324,-0.15456,-0.11508,0.15995,-0.060929,0.27438,0.38653,-0.066924,-0.042687,0.14098,-0.13333,0.11688,0.1441,0.17305,-0.018132,0.22342,0.23688,-0.039146,-0.076933,0.20311,-0.17084,-0.060177,0.64315,0.35877,0.094847,0.29143,-0.17281,-0.17329,0.34658,-0.23404,0.26721,0.21066,0.14542,0.13324,0.20841,0.12048,0.23824,0.12272,0.15514,0.30308,-0.21556,-0.14969,0.067299,0.29347,-0.31918,-0.30409,-0.37696,-0.23608,0.060709,-0.099005,0.26397,0.36381,0.11256,-0.091533,-0.091972,0.016072,0.16018,0.30543,-0.27906,-0.32751,0.47737,0.30815,0.29553,0.27672,0.026961,-0.53967
-0.35154,0.13412,-0.20014,0.0062235,-0.069312,0.42837,0.20822,0.20458,-0.26709,0.15804,-0.12653,0.26759,0.32958,0.6246,0.005309,0.30968,0.15708,-0.049982,-0.034368,-0.10477,0.12452,0.17448,0.12902,0.40955,-0.40213,0.24685,0.14408,-0.054363,0.4162,0.2291,0.13535,0.056023,0.72693,0,0.79386,0.43533,-0.12575,0.31659,-0.02293,0.080284,0.079519,0.2386,0.08501,-0.082777,-0.019944,-0.011456,0.087843,0.08909,-0.021862,-0.12391,0.10863,0.22769,0.028954,0.10576,-0.27585,0.036885,-0.094047,0.092055,0.13932,0.10558,0.5208,0.42264,0.29246,0.29812,0.24138,0.17888,0.13216,-0.16622,-0.15067,0.0086174,-0.0090741,0.10757,0.078928,0.248,0.15068,-0.076853,0.11281,0.23188,0.23677,-0.55542,0.0043886,-0.12294,-0.044145,-0.069045,-0.089162,-0.35894,-0.28162,0.25383,0.041419,0.1649,0.25246,0.33033,0.36837,0.15226,0.45455,0.2208,0.37766,-0.18399,-0.23,0.2914,0.34603,-0.024543,0.1806,0.24636,0.01345
0.22444,0.17411,-0.1616,-0.19293,-0.10278,-0.03641,0.17748,-0.024504,0.25178,0.013666,0.34548,0.11802,0.69187,0.67099,0.56738,0.82126,0.039963,0.12735,-0.10897,-0.0062967,0.58624,0.30239,0.52402,0.34722,0.10311,0.46933,0.44022,0.44741,0.46428,0.078479,0.31439,-0.088323,0.65595,0.79386,0,0.51782,0.11449,0.18319,0.29493,0.041872,0.18143,0.064056,0.44767,0.081552,0.48653,0.56806,0.14044,0.072252,0.00025732,0.0072116,0.16118,0.14683,0.078628,-0.031128,0.022807,0.0019448,0.1221,0.39472,0.66873,0.46338,0.52897,0.46543,0.066878,0.3942,0.25933,0.18269,0.16119,0.10244,-0.0014787,0.23207,0.1497,0.53084,0.36448,0.33437,0.24307,-0.033406,0.20342,-0.060654,0.02664,0.14554,-0.025856,-0.34733,-0.02253,-0.49749,-0.2537,-0.36945,-0.24256,0.25126,-0.040247,0.41696,0.67525,0.02463,-0.19532,-0.16492,0.062865,0.19967,0.0072308,-0.30007,-0.086081,0.3732,0.23771,0.19268,-0.088954,-0.060612,-0.441
-0.23323,0.60197,-0.6445,-0.48005,-0.27397,0.52556,0.59046,0.81622,0.15488,0.72062,0.42439,0.75967,0.23579,0.3075,0.25877,0.38057,-0.11019,-0.39846,0.020077,-0.29768,0.38278,0.57635,0.72297,0.56306,0.03378,0.73091,0.76391,0.15131,0.89283,0.58078,0.45179,0.68596,0.13775,0.43533,0.51782,0,-0.29557,0.50394,0.65,1.0019,0.43831,0.54678,0.64539,0.71652,0.46201,0.42893,-0.07266,-0.23436,-0.14849,-0.60284,-0.40588,0.087893,0.219,0.37228,-0.040778,-0.20984,0.13047,0.34731,0.18045,0.28295,0.61055,0.1205,-0.069467,-0.0096436,0.16031,0.016017,0.0085254,-0.21483,-0.17313,0.54149,0.38453,0.24574,0.60794,0.26599,0.67529,-0.15423,-0.070458,-0.36527,-0.51244,-0.2486,-0.45748,-0.16178,-0.21501,-0.44207,-0.2187,-0.78878,-0.5077,0.15461,-0.11045,0.20557,0.42089,-0.30371,-0.10276,-0.32078,0.29264,-0.39895,-0.45354,-0.4448,-0.28151,0.096275,0.034097,-0.34203,-0.43527,-0.31532,-0.079309
0.26877,0.044752,0.41509,0.02535,0.27656,-0.31698,-0.45347,-0.27974,-0.05693,-0.52509,0.19806,-0.64852,0.40714,0.30333,0.62014,0.28245,-0.04714,-0.025152,-0.64668,-0.29605,-0.1893,-0.42964,-0.46669,-0.71181,0.383,-0.34874,-0.042845,-0.16398,-0.39015,-0.44628,0.08928,-0.44535,0.50468,-0.12575,0.11449,-0.29557,0,0.014353,0.010887,-0.59141,-0.3407,-0.3207,0.025932,-0.012697,0.11584,0.21817,0.25045,0.35896,0.35252,0.0078778,0.05455,0.363,0.40944,0.099413,0.62496,0.39117,0.10624,0.20268,0.40511,0.16657,-0.064821,0.20574,0.21085,-0.020881,0.44369,0.14522,0.21086,0.49947,-0.070862,0.13919,0.086475,0.31342,0.18128,0.22179,-0.16404,0.21701,-0.086491,-0.2026,0.037136,0.25115,-0.16903,-0.11673,0.0093094,-0.4609,-0.49455,-0.12782,-0.19333,0.17337,0.2015,0.33942,0.056898,-0.1591,-0.38023,-0.090225,-0.25656,0.055963,0.0081982,-0.16915,-0.16964,0.27159,0.29151,0.49537,0.42024,0.16932,-0.40188
-0.40129,0.76804,-0.44831,-0.1895,-0.1022,0.61323,0.28313,0.69147,0.11387,0.83995,0.32891,0.69593,-0.011646,0.22645,0.3573,0.12112,0.033837,-0.44836,-0.27858,-0.61771,-0.3567,-0.12971,0.06356,0.11438,-0.38299,0.5379,0.57702,-0.20502,0.34528,0.44313,0.28918,0.60489,0.030649,0.31659,0.18319,0.50394,0.014353,0,0.62386,0.51727,-0.14052,0.090171,0.11976,0.09786,0.19436,-0.028372,0.46429,0.3102,0.054245,-0.23183,-0.16464,0.2728,0.39722,0.57386,0.20082,-0.2787,-0.36112,0.63274,0.32866,0.43906,0.63385,-0.20152,-0.13955,0.21451,0.36114,0.48273,0.62025,-0.36788,0.1585,0.013105,0.028224,0.35811,0.58357,0.93535,0.34686,-0.29425,-0.045502,-0.32643,-0.39574,-0.41376,-0.16421,-0.12983,-0.075237,-0.45397,-0.75843,-0.64146,-0.75084,0.78147,-0.0056827,0.70026,0.12624,-0.061564,0.14451,0.30075,0.55804,-0.37151,-0.45696,-0.86672,-0.5089,0.20937,0.44797,0.0062413,-0.044837,0.11532,-0.086535
0.19432,0.51833,-0.59333,-0.30621,-0.046274,0.022969,0.5876,0.4268,0.40304,0.47384,0.63724,0.38716,0.25677,0.177,0.52241,0.14812,-0.34604,-0.36643,-0.061527,-0.45485,0.1676,0.23658,0.75606,0.16364,0.30091,0.71891,0.44786,0.1259,0.51076,0.043525,0.63821,0.40499,-0.16937,-0.02293,0.29493,0.65,0.010887,0.62386,0,0.60851,0.47503,0.047955,0.65587,0.37094,0.57428,0.48455,0.21639,-0.026744,-0.24643,-0.42589,-0.52282,-0.02634,0.18054,0.21585,0.20148,-0.37491,0.098709,0.94701,0.41062,0.43519,0.38209,-0.10874,-0.44326,0.1642,0.12931,0.24412,0.29395,-0.11078,0.29486,0.17179,0.14129,0.50257,0.69972,0.45414,0.38111,-0.42254,-0.12824,-0.70255,-0.81368,0.11953,-0.375,-0.52548,-0.34591,-0.59694,-0.41134,-0.59589,-0.6454,0.486,-0.070392,0.6456,0.48839,-0.45374,-0.4294,-0.068691,-0.00057631,-0.593,-0.86069,-0.67084,-0.10657,0.28019,0.062579,-0.0015342,-0.19766,-0.17107,-0.16702
-0.26078,0.66759,-0.91971,-0.46937,-0.15994,0.70244,0.9905,1.1823,0.11319,1.0069,0.23711,1.1208,-0.29237,-0.24068,-0.12754,-0.034133,-0.17762,-0.3867,0.37674,-0.082719,0.1042,0.59089,0.70435,0.7456,-0.12895,0.67645,0.5099,0.0024416,0.54912,0.68287,0.17511,1.0486,-0.37324,0.080284,0.041872,1.0019,-0.59141,0.51727,0.60851,0,0.64357,0.82873,0.52058,0.83082,0.077043,0.012513,0.071369,-0.132,-0.042017,-0.54806,-0.4722,-0.088744,0.20849,0.42069,-0.30283,-0.20437,0.1826,0.22447,-0.00063906,0.16634,0.48358,-0.1779,-0.15152,0.013687,-0.00012138,0.14689,0.11256,-0.50389,0.041922,0.27791,0.27396,-0.037273,0.35388,0.11499,0.45265,-0.45694,-0.12241,-0.32555,-0.68017,-0.36629,-0.31333,-0.063467,-0.27951,-0.12176,0.0049222,-0.4175,-0.25289,0.20523,0.058004,0.027754,0.029454,-0.33104,0.012207,-0.080926,0.40997,-0.54735,-0.53652,-0.31214,-0.028252,-0.1232,-0.10584,-0.30124,-0.48857,-0.31569,0.23641
0.22579,0.039446,-0.54556,-0.30837,0.14627,0.078929,1.0916,0.34427,0.036418,0.14223,0.10874,0.292,0.1041,-0.13128,-0.19829,-0.087357,-0.40196,-0.15527,0.50111,0.23898,0.48802,0.7367,0.91671,0.57037,0.29506,0.36382,0.088147,0.12108,0.28918,0.012179,0.20001,0.21136,-0.15456,0.079519,0.18143,0.43831,-0.3407,-0.14052,0.47503,0.64357,0,0.64077,0.75813,0.63276,0.065503,0.20178,0.022603,-0.15546,-0.20335,-0.38424,-0.49214,-0.26658,-0.0022202,-0.016218,-0.44899,0.096814,0.68892,0.10653,0.03308,-0.068432,0.093013,0.27839,0.084249,0.25492,-0.059877,0.053411,-0.099246,0.037999,0.17816,0.26223,0.32901,-0.067533,0.092106,-0.22765,0.14684,-0.43501,-0.084048,-0.091648,-0.38003,-0.12129,-0.19502,-0.41105,-0.56452,0.01787,0.34111,-0.11363,-0.0069528,0.073722,0.23068,-0.16109,0.12669,-0.38418,-0.25997,-0.16687,-0.043709,-0.26933,-0.21489,0.0030893,0.38479,0.1027,-0.14463,-0.10647,-0.24024,-0.2143,0.1006
-0.1623,0.54535,-0.53411,-0.33803,-0.017463,0.81251,0.69529,0.87561,-0.44974,0.27463,-0.28017,0.43766,-0.25822,-0.17753,-0.33908,-0.22175,-0.17639,-0.28851,0.34017,0.18851,-0.011569,0.70795,0.2636,0.7766,-0.33475,0.16344,0.095785,-0.31424,0.0096141,0.42414,-0.2079,0.36689,-0.11508,0.2386,0.064056,0.54678,-0.3207,0.090171,0.047955,0.82873,0.64077,0,0.32002,0.83499,-0.33309,-0.25075,0.049488,0.011142,0.40154,-0.32412,-0.29442,0.16302,0.30341,0.48492,-0.51047,0.4408,0.55009,-0.096432,-0.12329,-0.097851,0.38016,0.075329,0.26699,-0.10937,0.12757,0.22374,0.091471,-0.37875,-0.26239,0.29476,0.12613,-0.33011,-0.049865,-0.26294,0.1475,-0.38166,-0.35891,-0.078109,-0.33475,-0.54003,-0.38276,0.10394,-0.39175,0.10887,0.24116,-0.18088,-0.047278,-0.0016201,0.40518,-0.35934,-0.12792,-0.19098,0.17669,-0.25235,0.29613,-0.24783,-0.11383,0.1282,0.23785,-0.038264,-0.022756,-0.25897,-0.20458,-0.14311,0.53164
0.094059,0.26189,-0.41892,-0.47334,-0.32889,0.012192,0.49838,0.3704,0.24725,0.13625,0.74569,0.27111,0.33303,0.011594,0.31137,0.16919,-0.23875,-0.43438,-0.076922,-0.23609,0.44168,0.34088,0.59686,0.21113,0.4508,0.40358,0.39955,0.074466,0.49186,0.15044,0.71136,0.34108,0.15995,0.08501,0.44767,0.64539,0.025932,0.11976,0.65587,0.52058,0.75813,0.32002,0,0.98722,0.59902,0.6781,0.19906,-0.024632,-0.16258,-0.57208,-0.43737,-0.10128,-0.00045408,-0.0002023,-0.10395,0.14875,0.61948,0.28862,0.35771,0.12212,0.1389,0.30152,-0.047496,0.21284,0.23641,0.094517,0.025682,0.21301,0.21141,0.68968,0.49345,0.37613,0.51142,0.32391,0.51027,-0.38586,-0.093564,-0.24585,-0.49878,0.125,-0.39528,-0.49543,-0.2675,-0.697,-0.18466,-0.59032,-0.39325,0.22741,0.17897,0.28267,0.45843,-0.51647,-0.6037,-0.23608,0.01424,-0.28762,-0.39822,-0.41749,0.1568,0.33937,0.0091467,0.16313,-0.25342,-0.28137,-0.23473
-0.048775,0.5551,-0.54514,-0.63117,-0.22898,0.41816,0.48386,0.77942,-0.066406,0.26365,0.32839,0.37375,-0.045077,-0.19261,0.085444,0.015736,-0.28604,-0.53291,-0.02159,-0.22343,0.1285,0.50916,0.36495,0.35054,0.22461,0.26654,0.34386,-0.12193,0.20807,0.39507,0.29316,0.49201,-0.060929,-0.082777,0.081552,0.71652,-0.012697,0.09786,0.37094,0.83082,0.63276,0.83499,0.98722,0,0.16524,0.2454,0.1683,0.012177,0.21823,-0.7032,-0.57816,0.097609,0.32162,0.37246,-0.098104,0.3659,0.76578,0.14171,0.14125,0.081387,0.26766,0.15976,0.12169,-0.10587,0.28549,0.15438,0.075537,-0.00055628,-0.020943,0.76279,0.49277,0.083389,0.34396,0.037444,0.43499,-0.36126,-0.32248,-0.42479,-0.68822,-0.094667,-0.61577,-0.15135,-0.33435,-0.46142,-0.10858,-0.5627,-0.29666,0.11401,0.39395,-0.015966,0.085881,-0.59364,-0.3648,-0.41276,0.12621,-0.47067,-0.40203,-0.18886,0.12715,0.083638,-0.027927,0.03089,-0.26383,-0.31608,0.12475
