,,,,,,,,,,,,,,,,,,,,,,,,,,,,,,,,,,,,,,,,,,,,,,,,,,,,,,,,,,,,,,,,,,,,,,,,,,,,,,,,,,,,,,,,,,,,,,,,,,,,,,,,
0,0.038121,0.14073,-0.065254,0.17112,-0.6822,-0.20058,-0.34622,0.14097,-0.68843,-0.0068463,-0.62288,0.43204,0.36714,0.69407,0.14524,-0.23395,0.098704,-0.1027,0.13494,0.12845,0.14913,0.16351,-0.31235,0.30869,-0.47958,0.23614,0.064112,-0.38267,-0.44666,-0.22305,-0.69958,-0.028787,-0.22347,0.12355,-0.27787,0.29561,-0.37635,0.16621,-0.2626,0.11752,-0.14017,-0.023579,-0.13405,0.46239,0.50305,-0.16379,-0.14222,0.37233,0.081977,-0.019312,-0.052696,0.41519,0.17369,0.55365,0.19767,0.37384,0.24166,0.34963,0.12012,-0.16669,0.3512,-0.058556,-0.41614,0.067013,-0.054205,-0.10538,0.07896,-0.14015,-0.0012259,-0.17439,0.2503,0.10705,0.015951,0.15242,0.043759,-0.09694,-0.25695,-0.086663,0.5958,-0.20979,-0.022214,-0.16984,-0.23907,-0.024595,0.017633,-0.091467,-0.096624,0.011173,0.28679,0.6344,-0.29297,-0.58899,-0.42407,-0.57814,-0.17613,-0.35629,-0.15572,0.098497,0.3539,-0.042445,0.51602,-0.10422,-0.15251,-0.13047
0.038121,0,-0.42117,-0.16939,-0.19875,0.68773,0.17004,0.95535,0.01227,0.48405,0.25295,0.44748,-0.30913,-0.16836,0.32197,-0.090805,-0.19413,-0.52629,-0.43141,-0.70668,-0.55457,-0.058517,-0.048425,0.026372,-0.32546,0.23713,0.24847,-0.32774,0.057714,0.4226,0.16046,0.41209,-0.32085,-0.21946,-0.043052,0.46739,0.1075,0.7615,0.41985,0.47289,-0.14407,0.16826,0.24973,0.52582,0.051138,-0.11867,0.45167,0.31197,0.3474,-0.34113,-0.36943,0.21919,0.5256,1.0001,0.24457,0.10637,0.041225,0.46287,0.21739,0.40172,0.64677,-0.3177,-0.31679,-0.22116,0.39429,0.59028,0.5321,-0.37159,0.03096,0.19096,-0.10929,0.22489,0.30333,0.38588,0.14344,-0.43749,-0.30382,-0.68615,-0.67404,-0.12339,-0.5841,0.12174,-0.027225,-0.5244,-0.52982,-0.63288,-0.67129,0.36245,0.39355,0.35456,0.041113,-0.089028,0.02381,0.0052411,0.39247,-0.44644,-0.53934,-0.45019,-0.17705,0.20174,0.24205,0.045494,0.06855,-0.034857,0.41567
0.14073,-0.42117,0,1.051,0.18852,-0.42362,-0.61878,-0.72042,0.24604,-0.3592,-0.058509,-0.34642,0.40563,0.42905,-0.15488,0.098186,0.21573,0.2062,0.16368,0.56513,-0.033281,-0.63084,-0.51277,-0.50029,0.1215,-0.15064,-0.52363,0.023747,-0.18611,-0.61361,-0.33819,-0.52959,0.16143,0.03856,0.14293,-0.49892,0.24178,-0.22876,-0.5043,-0.97632,-0.41462,-0.58154,-0.24177,-0.4842,-0.11722,-0.1135,0.0060544,0.0936,-0.060203,0.55621,0.77537,-0.080366,-0.042132,-0.28568,0.078052,0.045894,0.1523,-0.10415,0.16255,0.22537,-0.049146,0.1946,0.36563,0.10776,-0.1947,-0.11242,-0.14122,0.40232,-0.00066335,-0.12012,-0.07147,-0.049372,-0.26508,0.022614,-0.2756,1.1257,0.7231,0.66651,0.91534,0.26845,0.60905,0.1869,0.10115,0.35126,0.26773,0.7048,0.55364,-0.057636,0.035246,-0.0027404,-0.10862,0.49713,0.21029,0.14806,-0.21777,1.0727,0.73772,0.59823,0.50095,-0.069324,-0.12552,0.1948,-0.051813,0.35858,-0.37652
-0.065254,-0.16939,1.051,0,0.10861,-0.15849,-0.2996,-0.28026,0.32925,0.088032,0.0083748,0.074668,0.14708,0.26467,-0.42188,-0.13638,0.11046,0.03777,0.25052,0.37435,-0.20928,-0.79916,-0.36738,-0.35257,-0.13521,0.12698,-0.70257,-0.036429,0.066963,-0.33145,-0.15439,-0.13802,-0.13504,0.038006,0.025395,-0.27036,-0.14795,0.018583,-0.24897,-0.58423,-0.34293,-0.67731,-0.22703,-0.54003,-0.22801,-0.30071,-0.12611,-0.054908,-0.32809,0.48787,0.52213,-0.33164,-0.17602,-0.11606,-0.027104,-0.39947,-0.2471,-0.083399,-0.14847,0.25058,0.090508,-0.12309,0.092892,0.072468,-0.33278,-0.21394,-0.19235,0.059005,0.028086,-0.26566,-0.17851,-0.027327,-0.18395,0.025776,-0.22804,0.91771,0.89858,0.64613,0.8501,0.032618,0.52097,0.29302,0.14142,0.56691,0.40462,0.64732,0.47192,-0.10167,-0.19512,-0.078396,-0.27568,0.90305,0.68929,0.38209,0.10014,0.84746,0.71226,0.65769,0.29238,-0.33172,-0.21754,-0.094401,0.018614,0.32539,-0.013178
0.17112,-0.19875,0.18852,0.10861,0,0.038118,0.015089,-0.19932,-0.17975,-0.19256,-0.42463,-0.23223,0.14841,0.14312,-0.070184,0.3452,0.27045,0.4898,0.17185,0.24398,0.04804,0.043308,0.038971,0.040272,0.037932,-0.27574,-0.053174,0.023385,-0.039421,-0.14928,-0.61704,-0.48981,0.23484,0.050469,-0.090757,-0.33868,0.47102,-0.12106,-0.054203,-0.11772,0.085267,0.13202,-0.33206,-0.26654,-0.28814,-0.3191,0.29616,0.24406,-0.0027482,0.37471,0.39456,-0.28391,0.62291,0.28875,0.13871,0.055472,-0.11244,0.11564,0.11202,-0.098332,-0.083981,0.18891,0.22532,-0.01862,-0.051664,0.063902,0.18527,-0.027973,-0.25814,-0.58594,-0.14452,-0.32503,-0.27886,-0.10951,-0.50288,0.24205,0.15672,0.05968,0.23409,-0.023199,0.33099,0.16737,0.18171,0.26779,-0.048937,0.28021,0.2264,0.37126,0.30826,0.14373,-0.24831,0.11023,0.16945,0.43812,0.22734,0.16,0.081121,0.028358,-0.1613,-0.088968,0.4433,0.011658,0.34122,0.32092,-0.080217
-0.6822,0.68773,-0.42362,-0.15849,0.038118,0,0.35358,0.93083,-0.39573,0.64381,-0.13035,0.59427,-0.57102,-0.37971,-0.28571,-0.11905,0.047081,-0.22112,-0.1357,-0.43501,-0.37961,0.09785,-0.18151,0.44571,-0.64482,0.31681,-0.028703,-0.29562,0.14875,0.78026,0.013828,0.60886,-0.074852,0.089055,-0.16478,0.5156,-0.030814,0.63875,-0.015084,0.50939,-0.11215,0.51277,0.045009,0.49671,-0.53754,-0.65774,0.46013,0.40537,0.16705,-0.26547,-0.22634,0.26001,0.27026,0.64501,-0.2547,0.19321,-0.21265,0.023281,-0.14271,0.024789,0.51572,-0.28303,0.037051,0.083921,0.32863,0.45939,0.45305,-0.26823,-0.098161,0.039497,-0.010262,-0.23704,-0.06997,0.004764,-0.23249,-0.37427,-0.3234,-0.24077,-0.37787,-0.75728,-0.3213,0.29531,0.06658,-0.022607,-0.24263,-0.3759,-0.29335,0.32025,0.5557,-0.13988,-0.49602,0.071888,0.51571,0.21653,0.70627,-0.18577,-0.056256,-0.099512,-0.2927,-0.050189,0.46394,-0.37767,0.42591,0.034471,0.47519
-0.20058,0.17004,-0.61878,-0.2996,0.015089,0.35358,0,0.79728,-0.095926,0.4152,0.06119,0.56054,-0.19682,-0.32959,-0.32299,-0.33648,0.10728,-0.16062,0.1659,-0.12648,0.041057,0.23929,0.58195,0.45136,0.036857,0.11204,0.092592,-0.17732,0.4864,0.59087,0.20774,0.54355,-0.08393,-0.0044488,-0.094501,0.53231,-0.39325,0.12641,0.55554,0.78014,1.0325,0.43275,0.58959,0.59264,-0.067399,-0.037249,-0.092071,-0.36537,-0.16643,-0.36939,-0.50471,-0.36345,-0.011485,0.053537,-0.44044,-0.080281,0.14409,-0.091337,-0.379,-0.36121,-0.15896,-0.11107,-0.3111,0.011927,-0.23425,-0.16803,-0.13777,-0.43223,-0.16168,0.087868,0.066024,-0.28419,0.041244,-0.13633,0.14052,-0.3936,-0.16915,-0.17025,-0.39479,-0.41273,-0.29947,0.035874,-0.0070961,0.058155,0.089853,-0.35357,-0.13659,-0.0019276,-0.016457,-0.11707,-0.069422,-0.10372,0.046463,0.24888,0.35538,-0.42242,-0.21309,-0.2551,-0.012396,-0.029662,-0.1722,-0.19892,-0.035063,-0.14287,0.36053
-0.34622,0.95535,-0.72042,-0.28026,-0.19932,0.93083,0.79728,0,-0.039342,0.82067,0.26148,0.88868,-0.50743,-0.51254,-0.12234,-0.35123,-0.14683,-0.59251,-0.21036,-0.6124,-0.36211,0.03675,0.14805,0.2343,-0.23696,0.29102,0.22556,-0.32435,0.36076,0.76861,0.3087,0.84988,-0.33841,-0.21912,-0.24737,0.70385,-0.23889,0.61134,0.46578,0.97633,0.3213,0.40383,0.51158,0.83715,-0.025713,-0.15039,0.21557,0.014453,-0.00051445,-0.48742,-0.62398,-0.067416,0.21349,0.62545,-0.14341,-0.023152,-0.018292,0.11191,-0.20075,-0.033734,0.23235,-0.376,-0.38699,-0.1417,0.12184,0.17413,0.18608,-0.425,-0.064729,0.24003,0.085889,-0.031986,0.24205,0.17609,0.20899,-0.51698,-0.26713,-0.40696,-0.66972,-0.43831,-0.49357,0.10309,-0.064383,-0.21475,-0.22922,-0.59948,-0.43955,0.18022,0.19352,0.02913,-0.18145,-0.12515,0.16546,0.16018,0.58932,-0.6308,-0.47622,-0.39828,-0.27504,-0.065017,0.06229,-0.28035,0.040522,-0.16886,0.53572
0.14097,0.01227,0.24604,0.32925,-0.17975,-0.39573,-0.095926,-0.039342,0,0.34608,0.9749,0.39819,0.34126,0.22546,0.15958,0.26217,-0.3485,-0.3213,-0.011565,-0.0020007,0.18975,-0.36883,0.36446,-0.1633,0.54883,0.62236,0.38383,0.44755,0.43395,-0.088181,0.40474,0.24155,-0.19581,-0.28506,0.23527,0.19248,-0.10675,0.13578,0.44361,0.01154,0.04095,-0.64982,0.38987,0.032087,0.64764,0.55994,-0.02406,-0.11798,-0.46775,0.21167,0.17681,-0.48172,-0.033293,-0.14634,0.45101,-0.66524,-0.073807,0.34309,0.38181,0.62381,0.15801,0.079567,-0.13163,-0.07472,-0.15345,-0.18108,-0.1213,0.24335,0.27481,0.39947,0.49977,0.71021,0.72302,0.50487,0.70914,0.52985,0.8214,0.14766,0.21151,0.61104,0.27844,-0.33588,0.012965,-0.14873,-0.020574,0.098247,0.14428,0.089937,-0.3084,0.36683,0.28659,0.18938,-0.095498,0.14273,0.034148,0.19251,-0.062698,0.0097016,0.14811,-0.27906,-0.29836,0.12031,-0.39168,-0.16521,-0.45502
-0.68843,0.48405,-0.3592,0.088032,-0.19256,0.64381,0.4152,0.82067,0.34608,0,0.44957,1.712,-0.45702,-0.33926,-0.27678,-0.081133,-0.016589,-0.35326,-0.044185,-0.42075,-0.19073,-0.19774,0.20982,0.25215,-0.19701,0.93875,0.11559,0.11081,0.6529,0.74024,0.38509,1.0725,-0.47774,-0.20205,-0.18181,0.64836,-0.42443,0.70047,0.44492,0.67579,0.024309,-0.046717,0.23771,0.34593,-0.04971,-0.22535,0.16207,-0.0042572,-0.45444,-0.1784,-0.23196,-0.16644,-0.070314,0.25577,-0.11312,-0.65074,-0.43944,0.14725,-0.23019,0.36698,0.51546,-0.62081,-0.35369,0.18158,-0.10842,0.064881,0.1815,-0.34565,0.14803,0.05058,0.15872,0.12533,0.28966,0.23948,0.11709,-0.021655,0.20466,-0.19254,-0.26901,-0.23594,-0.0081021,-0.030495,0.081791,-0.04239,-0.15166,-0.26393,-0.14484,0.15269,-0.16186,-0.020702,-0.43986,0.16749,0.40276,0.37741,0.71384,-0.11957,-0.10582,-0.14218,-0.31543,-0.50624,-0.063187,-0.43637,-0.1554,-0.0066233,0.25627
-0.0068463,0.25295,-0.058509,0.0083748,-0.42463,-0.13035,0.06119,0.26148,0.9749,0.44957,0,0.50385,0.35576,0.26287,0.42038,0.32666,-0.38603,-0.67025,-0.33341,-0.37362,0.18306,-0.26416,0.31224,-0.21318,0.48481,0.64327,0.66151,0.17177,0.54925,0.099477,0.89237,0.52839,0.020176,-0.073158,0.36034,0.54123,0.065054,0.40631,0.62466,0.18236,0.12677,-0.4477,0.81992,0.39884,0.88757,0.7807,0.16886,0.10328,-0.4159,-0.27536,-0.26722,-0.14335,0.0069947,0.026793,0.41485,-0.34118,0.054078,0.39814,0.40239,0.62524,0.31571,0.19596,0.028408,0.22221,0.29695,0.0351,0.033426,0.31707,0.39345,0.8572,0.79252,1.0269,1.268,0.88116,0.81817,0.17831,0.42515,-0.092808,-0.12485,0.24045,-0.15265,-0.67199,-0.21788,-0.65856,-0.33661,-0.45376,-0.3649,0.2319,-0.070629,0.47504,0.31836,-0.034453,-0.32476,0.039356,0.18669,-0.042494,-0.201,-0.49059,-0.18145,0.017618,-0.039967,0.13545,-0.30525,-0.14529,-0.50056
-0.62288,0.44748,-0.34642,0.074668,-0.23223,0.59427,0.56054,0.88868,0.39819,1.712,0.50385,0,-0.37529,-0.34276,-0.33452,-0.14437,-0.011762,-0.46363,0.022887,-0.30859,-0.13861,-0.17304,0.26619,0.36011,-0.15571,0.88792,0.094069,0.03017,0.72129,0.80982,0.3544,1.1005,-0.40358,-0.11199,-0.087217,0.65348,-0.4571,0.58199,0.47536,0.75172,0.19645,0.05605,0.44888,0.47044,-0.03201,-0.15126,0.13198,-0.056003,-0.41493,-0.13834,-0.17188,-0.27324,-0.054972,0.21882,-0.20568,-0.54423,-0.25569,0.08235,-0.19881,0.31305,0.44605,-0.45998,-0.35279,0.088724,-0.14182,0.018562,0.11362,-0.40047,-0.012727,0.13575,0.19167,0.12823,0.31602,0.26497,0.28209,-0.0080657,0.26791,-0.030187,-0.16053,-0.17852,0.058997,-0.036231,0.031653,-0.003049,-0.056698,-0.22312,-0.049268,0.11192,-0.090664,-0.039735,-0.33972,0.20937,0.41077,0.42364,0.83291,-0.078987,-0.068046,-0.08873,-0.17547,-0.53084,-0.13191,-0.33823,-0.19923,-0.022983,0.28722
0.43204,-0.30913,0.40563,0.14708,0.14841,-0.57102,-0.19682,-0.50743,0.34126,-0.45702,0.35576,-0.37529,0,1.4969,0.53385,0.48895,-0.17697,-0.099958,-0.18793,0.048985,0.35365,-0.058216,0.17986,-0.20389,0.68548,0.091666,0.19701,0.024201,0.21815,-0.61593,0.23626,-0.3796,0.78148,0.43164,0.84024,0.02022,0.49433,-0.0017498,0.28637,-0.53924,0.047302,-0.51002,0.349,-0.15939,0.64731,0.76275,0.20972,0.2347,-0.2088,0.17792,0.14528,0.01311,0.1874,-0.16933,0.57995,0.056812,0.33629,0.59761,0.77572,0.258,0.0069634,1.0641,0.36608,0.14706,0.29983,0.124,0.10443,0.60961,0.098221,0.36224,0.27088,0.5564,0.48668,0.50208,0.33709,0.47758,0.36658,0.10865,0.27808,0.37471,0.085554,-0.64508,-0.3386,-0.2907,-0.25989,-0.13091,-0.17069,0.47532,0.20517,0.72652,0.78992,0.16945,-0.34858,0.034576,-0.2445,0.28046,0.12743,-0.2055,0.15768,0.55647,0.26857,0.30664,0.13649,0.21317,-0.92656
0.36714,-0.16836,0.42905,0.26467,0.14312,-0.37971,-0.32959,-0.51254,0.22546,-0.33926,0.26287,-0.34276,1.4969,0,0.58124,0.51834,-0.15679,-0.10082,-0.28403,-0.067362,0.16343,-0.13297,0.00032755,-0.20393,0.32483,0.15134,0.061994,-0.056287,0.15483,-0.60838,0.15863,-0.35718,0.69228,0.60232,0.83098,0.039463,0.53912,0.18649,0.22754,-0.68415,-0.23994,-0.65471,0.1052,-0.32487,0.411,0.46118,0.26578,0.39569,-0.13235,0.14378,0.15419,0.2658,0.23924,-0.049708,0.62058,0.022256,0.12248,0.70174,0.77693,0.49895,0.30858,0.84016,0.38041,0.20123,0.43823,0.32646,0.28731,0.45401,0.048974,0.21235,0.085452,0.5933,0.44038,0.55622,0.18678,0.4887,0.29633,0.033169,0.27812,0.23282,0.044967,-0.57987,-0.39341,-0.29054,-0.35891,-0.18275,-0.30537,0.52511,0.26577,0.73344,0.65463,0.28462,-0.15866,0.093474,-0.13972,0.34519,0.20061,-0.21571,0.0062399,0.58935,0.39934,0.25922,0.27929,0.42017,-0.67408
0.69407,0.32197,-0.15488,-0.42188,-0.070184,-0.28571,-0.32299,-0.12234,0.15958,-0.27678,0.42038,-0.33452,0.53385,0.58124,0,0.48558,-0.33367,-0.26795,-0.77987,-0.54436,0.028147,0.071601,0.081087,-0.33988,0.28999,-0.023436,0.73907,0.028818,-0.17037,-0.2431,0.2832,-0.27297,0.25786,0.032704,0.38655,0.083386,0.74082,0.24493,0.44931,-0.14791,-0.15169,-0.23653,0.16742,0.064755,0.78475,0.71961,0.38536,0.39975,0.30675,-0.20996,-0.25347,0.46956,0.54156,0.33258,1.0087,0.24795,0.22495,0.75381,0.89472,0.52552,0.31475,0.43473,0.0901,0.022714,0.73076,0.5337,0.45553,0.298,0.19867,0.35195,0.14504,0.88048,0.65765,0.66011,0.36639,-0.1817,-0.26095,-0.64174,-0.41487,0.39552,-0.42853,-0.63131,-0.33618,-1.2447,-0.89332,-0.66784,-0.84621,0.43248,0.25467,0.80388,0.75275,-0.45736,-0.84553,-0.3341,-0.26659,-0.33197,-0.54931,-0.87483,-0.29094,0.75048,0.4589,0.56256,0.036091,0.032339,-0.44731
0.14524,-0.090805,0.098186,-0.13638,0.3452,-0.11905,-0.33648,-0.35123,0.26217,-0.081133,0.32666,-0.14437,0.48895,0.51834,0.48558,0,0.04347,0.3079,-0.16017,-0.035392,0.62583,0.20015,0.33292,0.12,0.39675,0.3072,0.49478,0.61132,0.27042,-0.013865,0.14097,-0.15223,0.59091,0.30249,0.69343,0.22949,0.57921,-0.039764,0.060698,-0.18155,-0.12781,-0.16422,0.079523,0.05575,0.28924,0.34951,0.33576,0.38481,-0.11403,0.027146,0.23864,0.046124,0.30668,-0.0044975,0.41191,0.011632,0.010662,0.34948,0.65145,0.54536,0.46198,0.54066,0.51489,0.3804,0.42454,0.17643,0.2138,0.47486,0.18937,0.26101,0.50388,0.43196,0.333,0.23575,-0.032497,0.29642,0.26415,-0.16785,0.085976,0.26411,0.0099599,-0.37029,0.19085,-0.47381,-0.3695,-0.21295,-0.12394,0.36978,0.26631,0.35369,0.15951,0.0092425,-0.28339,-0.032634,0.090927,0.33708,0.13163,-0.18367,-0.23413,0.13192,0.46798,0.17643,0.10148,0.040979,-0.70019
-0.23395,-0.19413,0.21573,0.11046,0.27045,0.047081,0.10728,-0.14683,-0.3485,-0.016589,-0.38603,-0.011762,-0.17697,-0.15679,-0.33367,0.04347,0,0.72754,0.059493,0.34335,-0.060517,-0.20794,-0.10394,0.12599,-0.19232,-0.20448,-0.517,0.045468,0.070989,0.25095,-0.42176,-0.25171,0.20299,0.12456,0.13616,-0.25278,0.082901,-0.19632,-0.26035,-0.18085,-0.024249,0.1063,-0.12587,-0.1207,-0.53111,-0.5235,0.16285,0.028838,0.044424,0.37655,0.50597,-0.044366,-0.080506,-0.2579,-0.48955,0.15578,0.11604,-0.3033,-0.2849,-0.11589,-0.026735,-0.32324,-0.059661,0.47965,-0.41894,0.041913,0.13877,-0.40572,-0.19662,-0.54359,-0.43559,-0.53441,-0.70517,-0.30287,-0.80249,0.21025,0.16692,0.11876,0.30163,-0.038338,0.44948,0.32567,0.69059,0.20576,-0.0063245,0.20943,0.38001,-0.065876,-0.028518,-0.22062,-0.61489,0.36462,0.26812,0.46199,0.32688,0.50364,0.53679,0.25422,0.20118,-0.21572,-0.086972,-0.0029318,-0.16723,0.59057,0.1615
0.098704,-0.52629,0.2062,0.03777,0.4898,-0.22112,-0.16062,-0.59251,-0.3213,-0.35326,-0.67025,-0.46363,-0.099958,-0.10082,-0.26795,0.3079,0.72754,0,0.40327,0.66397,0.33376,0.22406,0.10416,0.19376,0.0023537,-0.31468,-0.29538,0.51927,-0.17708,0.026635,-0.52458,-0.49531,0.16226,-0.02132,0.046572,-0.40401,-0.014645,-0.69929,-0.5221,-0.31493,-0.079118,0.091498,-0.55244,-0.36829,-0.44223,-0.32612,-0.19043,-0.15543,0.090033,0.40889,0.46329,-0.16964,-0.12472,-0.33891,-0.24172,0.034585,-0.10016,-0.3801,-0.29062,-0.27468,-0.25433,-0.091284,0.16188,0.25117,-0.39009,-0.28379,-0.18347,-0.057059,-0.013227,-0.56992,-0.25319,-0.54907,-0.76509,-0.84257,-0.91758,0.21305,0.085671,0.049334,0.28731,0.074271,0.28597,0.48523,0.76188,0.41571,0.31217,0.49097,0.61209,-0.27781,-0.19285,-0.40093,-0.40862,0.17079,0.097933,-0.037753,-0.18646,0.41192,0.46292,0.50318,0.11313,-0.25055,-0.075308,-0.052697,0.0059031,0.012826,-0.042504
-0.1027,-0.43141,0.16368,0.25052,0.17185,-0.1357,0.1659,-0.21036,-0.011565,-0.044185,-0.33341,0.022887,-0.18793,-0.28403,-0.77987,-0.16017,0.059493,0.40327,0,0.95628,0.26309,0.25203,0.19829,0.25272,0.077133,-0.11117,-0.34194,0.093371,-0.019273,-0.06129,-0.34367,0.13251,-0.25574,-0.072614,-0.32594,-0.23456,-0.60379,-0.47371,-0.30106,0.15992,0.23925,0.21159,-0.24678,-0.15001,-0.41616,-0.26832,-0.63619,-0.56407,-0.13688,0.038927,0.1621,-0.59165,-0.35351,-0.34542,-0.54464,-0.33733,-0.045416,-0.54072,-0.47968,-0.43219,-0.39878,-0.12842,0.071791,-0.17239,-0.5766,-0.70612,-0.69795,-0.1567,-0.010534,-0.27724,0.01322,-0.65323,-0.41503,-0.66598,-0.17137,0.1243,0.23676,0.46169,0.29856,-0.12104,0.25954,0.51893,0.17377,0.9144,1.171,0.77745,0.7979,-0.46172,-0.30837,-0.49763,-0.25327,0.14768,0.18926,-0.046198,-0.13306,0.23295,0.31658,0.61352,0.41123,-0.47582,-0.59917,-0.13746,-0.23383,-0.35625,0.097103
0.13494,-0.70668,0.56513,0.37435,0.24398,-0.43501,-0.12648,-0.6124,-0.0020007,-0.42075,-0.37362,-0.30859,0.048985,-0.067362,-0.54436,-0.035392,0.34335,0.66397,0.95628,0,0.33963,0.088239,-0.0020193,0.11006,0.033446,-0.38059,-0.38862,0.11297,-0.2048,-0.26579,-0.66385,-0.31377,-0.027994,-0.058804,-0.072881,-0.56935,-0.27277,-0.80549,-0.58004,-0.27887,0.085082,0.09351,-0.30014,-0.36696,-0.32852,-0.19063,-0.50605,-0.30737,-0.05943,0.50482,0.63502,-0.44643,-0.33096,-0.51031,-0.43169,-0.018495,0.088389,-0.64364,-0.30618,-0.36666,-0.53737,0.026369,0.23699,-0.04224,-0.54152,-0.56492,-0.54988,-0.02818,-0.18406,-0.27429,-0.096023,-0.54023,-0.51271,-0.56447,-0.29131,0.47043,0.37177,0.77226,0.71636,0.15632,0.53755,0.45643,0.24381,0.82484,0.94487,1.2233,1.167,-0.53312,-0.23975,-0.48985,-0.23241,0.28872,0.16095,0.022747,-0.19895,0.60736,0.48549,0.81826,0.53615,-0.43468,-0.48475,-0.075037,-0.34634,-0.071612,-0.073499
0.12845,-0.55457,-0.033281,-0.20928,0.04804,-0.37961,0.041057,-0.36211,0.18975,-0.19073,0.18306,-0.13861,0.35365,0.16343,0.028147,0.62583,-0.060517,0.33376,0.26309,0.33963,0,0.68822,0.8148,0.41341,0.54861,0.17912,0.30698,0.73568,0.3901,-0.015842,0.17397,-0.10412,0.28423,0.14412,0.38651,0.31666,-0.14947,-0.69019,0.012064,0.094719,0.51538,0.1631,0.2855,0.19993,0.41607,0.57537,-0.36394,-0.34554,-0.47728,-0.038453,0.056492,-0.29583,-0.35643,-0.53213,-0.16233,-0.062429,0.24149,-0.15818,0.027935,-0.084907,-0.15538,0.42147,0.22122,0.14487,-0.11415,-0.52375,-0.4754,0.40011,-0.025093,0.32375,0.47161,0.06536,0.079745,-0.26929,0.10409,0.1931,0.11823,0.10095,0.072524,0.31865,0.0086214,-0.35197,0.0051869,-0.06788,0.29241,0.03476,0.20159,-0.27862,-0.17755,-0.20748,0.23629,-0.20866,-0.37971,-0.35182,-0.24823,0.19475,0.07403,0.15141,0.05021,-0.10618,-0.11987,-0.21106,-0.27917,-0.35714,-0.39478
0.14913,-0.058517,-0.63084,-0.79916,0.043308,0.09785,0.23929,0.03675,-0.36883,-0.19774,-0.26416,-0.17304,-0.058216,-0.13297,0.071601,0.20015,-0.20794,0.22406,0.25203,0.088239,0.68822,0,0.61021,0.78813,0.08522,-0.06452,0.30733,0.17851,0.051685,0.15649,-0.09495,0.015542,0.046256,0.05982,0.0076011,0.34141,-0.20087,-0.393,0.040544,0.51098,0.42526,0.8267,0.058721,0.37093,0.093435,0.19881,-0.26126,-0.20732,0.057538,-0.30719,-0.29663,0.091995,-0.073045,-0.029298,-0.2238,0.23566,0.23551,-0.065367,-0.047979,-0.36017,-0.11851,0.18116,-0.022785,-0.26625,0.087657,-0.13409,-0.13984,-0.051644,-0.25338,0.13075,0.049904,-0.2414,-0.07483,-0.44769,0.030139,-0.47807,-0.6781,-0.34369,-0.49751,0.017796,-0.41506,-0.081754,-0.20361,-0.072003,0.1463,-0.19836,-0.10922,-0.16593,0.12156,-0.21446,0.27455,-0.55043,-0.37856,-0.55176,-0.23679,-0.41384,-0.40809,-0.07352,-0.078372,0.11058,0.057213,-0.30068,-0.034055,-0.47568,0.13596
0.16351,-0.048425,-0.51277,-0.36738,0.038971,-0.18151,0.58195,0.14805,0.36446,0.20982,0.31224,0.26619,0.17986,0.00032755,0.081087,0.33292,-0.10394,0.10416,0.19829,-0.0020193,0.8148,0.61021,0,0.58224,0.52324,0.39877,0.47915,0.54352,0.6917,0.27065,0.34292,0.22612,-0.016354,-0.058083,0.28241,0.57707,-0.32874,-0.21222,0.7204,0.58429,0.87096,0.1832,0.53921,0.38405,0.48891,0.53418,-0.22131,-0.46245,-0.46151,-0.13537,-0.20694,-0.54592,-0.1332,-0.20732,-0.047923,-0.38053,0.1369,0.19382,0.029158,-0.012027,-0.042374,0.095885,-0.29762,-0.043898,-0.25207,-0.32919,-0.22625,-0.10077,0.030088,0.21003,0.28528,0.13678,0.30453,-0.089956,0.34062,-0.13393,0.031673,-0.29864,-0.30691,0.29834,-0.16341,-0.3393,0.08912,-0.18992,0.057259,-0.2541,-0.05655,-0.02557,-0.26538,0.10114,0.34456,-0.19796,-0.34147,-0.067259,0.023858,-0.22255,-0.3257,-0.16985,0.030795,-0.088779,-0.20675,-0.16485,-0.31221,-0.37379,-0.081335
-0.31235,0.026372,-0.50029,-0.35257,0.040272,0.44571,0.45136,0.2343,-0.1633,0.25215,-0.21318,0.36011,-0.20389,-0.20393,-0.33988,0.12,0.12599,0.19376,0.25272,0.11006,0.41341,0.78813,0.58224,0,-0.22957,0.39135,0.012035,0.18062,0.40899,0.58394,-0.11627,0.30588,0.037931,0.23961,0.2099,0.49738,-0.36766,-0.09062,0.10581,0.53562,0.3182,0.67771,0.16562,0.35036,-0.25647,-0.18726,-0.0050021,-0.038725,-0.12135,0.084872,0.10933,-0.055316,-0.1473,-0.088773,-0.49329,0.013621,-0.01559,-0.052173,-0.094983,-0.1031,0.21363,-0.042558,-0.13579,-0.078607,-0.1072,0.057845,0.1232,-0.36104,-0.39429,0.0065762,-0.051628,-0.255,-0.11394,-0.31143,0.0053856,-0.21508,-0.23213,-0.043881,-0.12662,-0.064103,-0.0017031,0.027314,0.10827,0.15753,0.1214,-0.069057,0.12585,-0.00112,0.18398,-0.25835,-0.044997,0.073194,0.25637,0.1051,0.37674,0.0087118,-0.019081,0.21357,0.079703,-0.2284,0.06702,-0.48831,0.045146,-0.10788,0.34343
0.30869,-0.32546,0.1215,-0.13521,0.037932,-0.64482,0.036857,-0.23696,0.54883,-0.19701,0.48481,-0.15571,0.68548,0.32483,0.28999,0.39675,-0.19232,0.0023537,0.077133,0.033446,0.54861,0.08522,0.52324,-0.22957,0,0.090155,0.38268,0.40814,0.38805,-0.31227,0.39767,-0.10306,0.29713,-0.12001,0.28682,0.14188,0.13412,-0.26207,0.31939,-0.022448,0.38259,-0.31866,0.5224,0.21271,0.82897,0.98679,-0.08146,-0.28588,-0.33259,-0.12058,-0.12918,-0.36106,0.011577,-0.32996,0.37139,-0.18442,0.47157,0.29548,0.36156,0.0051094,-0.31659,0.49693,0.011283,-0.041603,-0.11483,-0.38077,-0.32467,0.53405,0.25991,0.41215,0.53722,0.28138,0.37277,0.14579,0.39003,0.29151,0.3633,-0.10424,-0.039155,0.5097,0.043524,-0.42013,-0.06158,-0.24494,-0.029043,-0.11501,0.052836,0.135,-0.15956,0.41925,0.51848,-0.19056,-0.69741,-0.20213,-0.42115,-0.05711,-0.087157,-0.19979,0.16345,0.15905,-0.21946,0.253,-0.22585,-0.26928,-0.78516
-0.47958,0.23713,-0.15064,0.12698,-0.27574,0.31681,0.11204,0.29102,0.62236,0.93875,0.64327,0.88792,0.091666,0.15134,-0.023436,0.3072,-0.20448,-0.31468,-0.11117,-0.38059,0.17912,-0.06452,0.39877,0.39135,0.090155,0,0.23638,0.4137,0.79482,0.45778,0.6656,0.70783,-0.053213,0.08743,0.36639,0.80849,-0.23387,0.54848,0.48385,0.28979,-0.064144,-0.26614,0.38744,0.27298,0.2418,0.1523,0.26861,0.13357,-0.53781,0.0026161,-0.026047,-0.086669,-0.12403,0.022902,0.1386,-0.59169,-0.28955,0.4446,0.21352,0.66067,0.72028,-0.075072,-0.073943,0.2792,0.091937,0.16107,0.2485,0.10825,0.30983,0.35774,0.39945,0.53227,0.55325,0.38359,0.33852,0.18521,0.36292,-0.11849,-0.088035,0.067232,0.028959,-0.3526,0.036657,-0.21461,-0.24266,-0.3021,-0.1629,0.34965,-0.028514,0.20179,0.0082025,0.27549,0.23308,0.19067,0.39723,0.17031,0.072153,-0.031659,-0.093768,-0.20983,0.12305,-0.26507,-0.0035779,-0.075288,-0.19385
0.23614,0.24847,-0.52363,-0.70257,-0.053174,-0.028703,0.092592,0.22556,0.38383,0.11559,0.66151,0.094069,0.19701,0.061994,0.73907,0.49478,-0.517,-0.29538,-0.34194,-0.38862,0.30698,0.30733,0.47915,0.012035,0.38268,0.23638,0,0.28381,0.072777,0.17964,0.49404,0.26862,0.087528,-0.19955,0.14471,0.36409,0.28202,0.22107,0.52191,0.39485,0.24415,0.098044,0.37825,0.42142,0.73266,0.71237,0.22476,0.20461,0.033957,-0.33539,-0.40631,0.0084754,0.34844,0.27089,0.5743,0.019072,-1.3496e-05,0.35912,0.5002,0.22931,0.098455,0.32624,0.17492,0.071464,0.55441,0.17324,0.15189,0.35994,0.38165,0.67589,0.80564,0.66969,0.93948,0.45743,0.61025,-0.34057,-0.18331,-0.45085,-0.53902,0.13949,-0.47411,-0.53517,-0.1688,-0.82982,-0.50454,-0.56115,-0.5324,0.29334,0.10349,0.38419,0.39969,-0.62453,-0.70799,-0.27652,-0.044409,-0.52245,-0.73434,-0.7835,-0.39022,0.24751,0.31749,0.20381,-0.096042,-0.48184,-0.49237
0.064112,-0.32774,0.023747,-0.036429,0.023385,-0.29562,-0.17732,-0.32435,0.44755,0.11081,0.17177,0.03017,0.024201,-0.056287,0.028818,0.61132,0.045468,0.51927,0.093371,0.11297,0.73568,0.17851,0.54352,0.18062,0.40814,0.4137,0.28381,0,0.22576,0.24603,0.24315,-0.059476,-0.015674,-0.21099,0.22003,0.17125,-0.16308,-0.4267,-0.039518,-0.025971,0.066653,-0.19104,-0.03187,0.0060727,0.24626,0.2924,-0.21209,-0.31914,-0.28165,0.18384,0.17709,-0.32686,-0.2129,-0.34141,0.12129,-0.38193,-0.17439,-0.08569,-0.013876,0.2237,0.058271,0.0066849,0.044863,0.2319,-0.25817,-0.42301,-0.30303,0.33787,0.30123,0.07891,0.36688,0.20531,0.014198,-0.31386,-0.06226,0.27518,0.31581,-0.099476,0.070323,0.41513,0.13497,-0.033897,0.53062,-0.046842,0.128,0.11272,0.32469,-0.25038,-0.4321,-0.23258,-0.082744,-0.054801,-0.13943,-0.29386,-0.23098,0.239,0.17371,0.28884,-0.049659,-0.35695,-0.12726,-0.035042,-0.1772,-0.4234,-0.35077
-0.38267,0.057714,-0.18611,0.066963,-0.039421,0.14875,0.4864,0.36076,0.43395,0.6529,0.54925,0.72129,0.21815,0.15483,-0.17037,0.27042,0.070989,-0.17708,-0.019273,-0.2048,0.3901,0.051685,0.6917,0.40899,0.38805,0.79482,0.072777,0.22576,0,0.27061,0.47422,0.47424,0.14002,0.20875,0.42389,0.85724,-0.26877,0.20584,0.56837,0.37376,0.39095,-0.13059,0.74106,0.38439,0.32653,0.27156,0.065119,-0.13605,-1.0048,-0.070754,-0.076232,-0.37092,-0.19646,-0.16102,-0.11342,-0.5136,0.030957,0.32496,0.026177,0.20571,0.26044,0.010369,-0.29267,0.1393,-0.19231,-0.15451,-0.0060855,-0.10369,-0.089855,0.24525,0.25967,0.17732,0.35995,0.24463,0.25601,0.28847,0.44621,-0.048593,-0.009094,0.088695,0.13192,-0.41483,0.0028311,-0.090901,-0.090924,-0.31385,-0.060282,0.2426,-0.10676,0.2457,0.065645,0.34183,0.1593,0.42587,0.52879,0.08898,0.060863,-0.098613,-0.091186,-0.24687,-0.10633,-0.48766,-0.15103,0.13912,-0.060405
-0.44666,0.4226,-0.61361,-0.33145,-0.14928,0.78026,0.59087,0.76861,-0.088181,0.74024,0.099477,0.80982,-0.61593,-0.60838,-0.2431,-0.013865,0.25095,0.026635,-0.06129,-0.26579,-0.015842,0.15649,0.27065,0.58394,-0.31227,0.45778,0.17964,0.24603,0.27061,0,0.23121,0.68236,-0.17722,-0.12308,-0.020675,0.56226,-0.27267,0.23056,0.15944,0.67267,0.23539,0.44861,0.28765,0.66842,-0.26986,-0.27983,0.18988,0.0014727,0.089793,-0.19075,-0.24388,-0.083325,0.061595,0.28441,-0.31546,-0.030763,-0.16586,-0.18376,-0.32685,0.060857,0.33722,-0.36994,-0.10597,0.30238,0.020701,0.086843,0.14412,-0.32715,0.047937,0.10321,0.155,-0.071538,-0.016565,-0.17389,-0.10391,-0.35955,-0.14071,-0.29929,-0.38613,-0.34784,-0.2675,0.26427,0.42175,-0.11538,-0.1056,-0.35992,-0.063917,-0.02513,0.089022,-0.36334,-0.53416,-0.033408,0.24457,0.062461,0.55909,-0.15563,-0.011938,-0.054846,-0.25013,-0.31778,0.10971,-0.16126,0.045866,-0.26904,0.3472
-0.22305,0.16046,-0.33819,-0.15439,-0.61704,0.013828,0.20774,0.3087,0.40474,0.38509,0.89237,0.3544,0.23626,0.15863,0.2832,0.14097,-0.42176,-0.52458,-0.34367,-0.66385,0.17397,-0.09495,0.34292,-0.11627,0.39767,0.6656,0.49404,0.24315,0.47422,0.23121,0,0.60275,0.17624,0.12829,0.36135,0.68776,-0.10796,0.38163,0.52846,0.17197,0.18722,-0.34265,0.66622,0.364,0.63749,0.65946,0.046972,-0.072058,-0.34654,-0.52471,-0.64511,-0.033068,-0.22671,-0.085028,0.25067,-0.31043,-0.080579,0.28156,0.12718,0.21117,0.18149,0.19103,0.046291,0.38722,0.31392,-0.038245,-0.077657,0.42113,0.71967,0.78939,0.72696,0.74784,0.7962,0.41402,0.58226,-0.19218,0.096534,-0.25452,-0.32063,-0.1304,-0.47172,-0.56768,-0.087843,-0.58313,-0.29251,-0.72967,-0.56545,0.17295,-0.19297,0.25397,0.31419,-0.096928,-0.26091,-0.17762,-0.017239,-0.22968,-0.094187,-0.44284,-0.21962,0.264,0.050991,0.069591,0.059214,-0.35048,-0.38972
-0.69958,0.41209,-0.52959,-0.13802,-0.48981,0.60886,0.54355,0.84988,0.24155,1.0725,0.52839,1.1005,-0.3796,-0.35718,-0.27297,-0.15223,-0.25171,-0.49531,0.13251,-0.31377,-0.10412,0.015542,0.22612,0.30588,-0.10306,0.70783,0.26862,-0.059476,0.47424,0.68236,0.60275,0,-0.27906,-0.050179,-0.11329,0.71945,-0.4953,0.60454,0.34247,0.74985,0.13864,0.1005,0.40702,0.54311,-0.030623,-0.048455,0.010153,-0.031995,-0.24268,-0.53359,-0.52127,-0.093437,-0.2014,0.1147,-0.2138,-0.39947,-0.28439,-0.011044,-0.20535,0.10933,0.28801,-0.28043,-0.083154,0.16877,0.12172,0.0043702,-0.0076429,-0.16019,0.32658,0.44615,0.48362,0.13422,0.46292,0.19641,0.38443,-0.29733,0.026792,-0.10713,-0.35956,-0.48825,-0.31704,-0.043606,-0.048132,-0.083742,-0.0032895,-0.35809,-0.22645,0.06215,-0.065834,-0.07289,-0.19623,0.029952,0.1809,0.11845,0.47052,-0.26138,-0.12157,-0.22511,-0.1933,-0.23394,-0.13675,-0.27258,-0.08071,-0.34492,0.12278
-0.028787,-0.32085,0.16143,-0.13504,0.23484,-0.074852,-0.08393,-0.33841,-0.19581,-0.47774,0.020176,-0.40358,0.78148,0.69228,0.25786,0.59091,0.20299,0.16226,-0.25574,-0.027994,0.28423,0.046256,-0.016354,0.037931,0.29713,-0.053213,0.087528,-0.015674,0.14002,-0.17722,0.17624,-0.27906,0,0.9489,0.94051,0.046274,0.68799,-0.022652,-0.1023,-0.50248,-0.005804,-0.089743,0.23022,-0.024574,0.06999,0.25319,0.38901,0.45667,0.049761,0.032452,0.15338,0.22193,0.18628,-0.18155,0.15587,0.44343,0.22699,0.18943,0.49411,-0.02828,0.047171,1.0529,0.71138,0.47443,0.50315,0.26588,0.20901,0.53092,0.057479,0.2986,0.31676,0.18564,0.13323,0.20377,-0.030411,0.14173,0.10765,0.13855,0.28618,-0.14235,-0.0021408,-0.35261,0.038827,-0.261,-0.33413,-0.27249,-0.1728,0.47541,0.47848,0.33999,0.28179,0.21083,-0.1153,0.13764,0.054824,0.3236,0.42015,-0.16301,-0.01047,0.60088,0.58497,0.26556,0.52849,0.29029,-0.63289
-0.22347,-0.21946,0.03856,0.038006,0.050469,0.089055,-0.0044488,-0.21912,-0.28506,-0.20205,-0.073158,-0.11199,0.43164,0.60232,0.032704,0.30249,0.12456,-0.02132,-0.072614,-0.058804,0.14412,0.05982,-0.058083,0.23961,-0.12001,0.08743,-0.19955,-0.21099,0.20875,-0.12308,0.12829,-0.050179,0.9489,0,0.72991,0.12043,0.24857,0.11034,-0.076967,-0.3411,-0.063599,-0.050735,0.060385,-0.19423,-0.18258,-0.0049985,0.10975,0.2722,-0.046019,-0.0876,0.10681,0.28702,-0.037798,-0.19564,-0.13118,0.15858,-0.034326,0.074473,0.22063,0.055874,0.30421,0.6071,0.44558,0.32965,0.38232,0.23561,0.14511,0.094583,-0.16649,0.080796,0.047656,0.11651,0.064674,0.16447,0.03162,0.031243,0.049094,0.29441,0.37653,-0.35026,0.040354,-0.31359,-0.14571,-0.043244,-0.10501,-0.20978,-0.20229,0.24089,0.29007,0.14662,0.22403,0.37997,0.21738,0.24867,0.27943,0.33735,0.50342,-0.042877,-0.066676,0.38514,0.3727,0.087756,0.48707,0.43951,-0.13757
0.12355,-0.043052,0.14293,0.025395,-0.090757,-0.16478,-0.094501,-0.24737,0.23527,-0.18181,0.36034,-0.087217,0.84024,0.83098,0.38655,0.69343,0.13616,0.046572,-0.32594,-0.072881,0.38651,0.0076011,0.28241,0.2099,0.28682,0.36639,0.14471,0.22003,0.42389,-0.020675,0.36135,-0.11329,0.94051,0.72991,0,0.3326,0.34755,0.051549,0.19196,-0.39045,-0.033429,-0.29891,0.4705,0.058468,0.32947,0.46516,0.30118,0.30927,-0.095539,0.15794,0.23841,0.098985,0.058351,-0.20022,0.24761,0.11777,0.21878,0.41984,0.63174,0.41996,0.40301,0.69112,0.30667,0.37686,0.35231,0.27515,0.24478,0.30162,0.06889,0.45199,0.25049,0.5599,0.37967,0.35547,0.22007,0.28071,0.31233,0.021343,0.26093,0.22534,-0.010147,-0.42895,0.12245,-0.42592,-0.34838,-0.33666,-0.19332,0.37264,0.26102,0.4558,0.49091,0.41706,-0.074385,0.11053,0.13607,0.45478,0.34193,-0.069659,0.13413,0.407,0.3066,0.21383,0.18335,0.21819,-0.49803
-0.27787,0.46739,-0.49892,-0.27036,-0.33868,0.5156,0.53231,0.70385,0.19248,0.64836,0.54123,0.65348,0.02022,0.039463,0.083386,0.22949,-0.25278,-0.40401,-0.23456,-0.56935,0.31666,0.34141,0.57707,0.49738,0.14188,0.80849,0.36409,0.17125,0.85724,0.56226,0.68776,0.71945,0.046274,0.12043,0.3326,0,-0.20775,0.37394,0.5402,0.60545,0.33089,0.14405,0.77429,0.93458,0.32226,0.28341,0.12331,-0.036427,-0.32898,-0.55594,-0.53262,0.066914,-0.035963,0.13681,-0.061574,-0.086533,0.14736,0.3136,0.10244,0.2885,0.53176,0.06846,-0.12835,0.10765,0.23279,0.093176,0.091308,0.04889,0.036786,0.68059,0.40129,0.26542,0.4595,0.18289,0.31091,-0.16861,-0.11727,-0.45249,-0.57157,-0.16056,-0.55607,-0.32285,-0.15972,-0.45582,-0.25096,-0.85136,-0.51812,0.19344,0.18774,0.10874,0.17766,-0.1084,-0.070693,-0.095267,0.28041,-0.23539,-0.2208,-0.30776,-0.17802,0.12432,0.10899,-0.36046,0.018255,-0.2197,0.048653
0.29561,0.1075,0.24178,-0.14795,0.47102,-0.030814,-0.39325,-0.23889,-0.10675,-0.42443,0.065054,-0.4571,0.49433,0.53912,0.74082,0.57921,0.082901,-0.014645,-0.60379,-0.27277,-0.14947,-0.20087,-0.32874,-0.36766,0.13412,-0.23387,0.28202,-0.16308,-0.26877,-0.27267,-0.10796,-0.4953,0.68799,0.24857,0.34755,-0.20775,0,0.22944,0.0088967,-0.43628,-0.29367,-0.12634,-0.011326,-0.035302,0.11864,0.11143,0.9139,0.92069,0.42641,0.062558,0.19828,0.42493,0.89084,0.34878,0.61619,0.6064,0.23622,0.4708,0.91296,0.35467,0.26993,0.59921,0.51866,0.21712,0.73544,0.75071,0.67063,0.41289,0.052619,0.09151,0.11968,0.32566,0.19398,0.54181,-0.097454,0.068941,-0.050743,-0.18114,0.019168,0.097034,-0.038049,-0.29276,-0.052972,-0.59733,-0.83084,-0.29812,-0.38971,0.76097,0.81,0.66182,0.19879,-0.12711,-0.3237,0.13181,0.050481,0.11124,-0.027905,-0.4825,-0.1607,0.64299,0.89124,0.62933,0.41939,0.43956,-0.50486
-0.37635,0.7615,-0.22876,0.018583,-0.12106,0.63875,0.12641,0.61134,0.13578,0.70047,0.40631,0.58199,-0.0017498,0.18649,0.24493,-0.039764,-0.19632,-0.69929,-0.47371,-0.80549,-0.69019,-0.393,-0.21222,-0.09062,-0.26207,0.54848,0.22107,-0.4267,0.20584,0.23056,0.38163,0.60454,-0.022652,0.11034,0.051549,0.37394,0.22944,0,0.52234,0.1981,-0.34492,-0.22419,0.16138,0.1463,0.018955,-0.14418,0.74591,0.65911,0.019366,-0.21643,-0.27637,0.35525,0.40194,0.61085,0.37809,-0.14835,-0.30233,0.69137,0.34844,0.53182,0.70904,-0.12443,-0.02653,0.20211,0.54079,0.84942,0.8301,-0.10336,0.28092,0.17985,0.092128,0.42954,0.5876,0.87793,0.23371,-0.16924,-0.022987,-0.32973,-0.32629,-0.35453,-0.22608,-0.25039,-0.23367,-0.40684,-0.78671,-0.58783,-0.73336,0.85881,0.35376,0.60666,-0.0085816,0.14894,0.20382,0.41957,0.55197,-0.21113,-0.22023,-0.60781,-0.31315,0.25064,0.48159,0.02421,0.28441,0.29888,-0.02
0.16621,0.41985,-0.5043,-0.24897,-0.054203,-0.015084,0.55554,0.46578,0.44361,0.44492,0.62466,0.47536,0.28637,0.22754,0.44931,0.060698,-0.26035,-0.5221,-0.30106,-0.58004,0.012064,0.040544,0.7204,0.10581,0.31939,0.48385,0.52191,-0.039518,0.56837,0.15944,0.52846,0.34247,-0.1023,-0.076967,0.19196,0.5402,0.0088967,0.52234,0,0.51862,0.47276,-0.12024,0.66682,0.337,0.6551,0.49001,0.26246,-0.019143,-0.30109,-0.227,-0.41742,-0.17615,0.24243,0.23639,0.35775,-0.36256,0.086167,0.81365,0.32626,0.34613,0.25292,0.014804,-0.45664,-0.031751,0.077021,0.23799,0.31135,-0.20809,0.11877,0.21053,0.11563,0.52862,0.75661,0.6281,0.59385,-0.22569,-0.023691,-0.53924,-0.52628,0.20805,-0.26178,-0.64824,-0.27684,-0.56995,-0.52433,-0.67205,-0.63406,0.49474,-0.020373,0.71404,0.48178,-0.18209,-0.3268,0.22608,0.23251,-0.46502,-0.63401,-0.79068,-0.13702,0.22712,0.071302,0.084288,-0.14992,0.041438,-0.057233
-0.2626,0.47289,-0.97632,-0.58423,-0.11772,0.50939,0.78014,0.97633,0.01154,0.67579,0.18236,0.75172,-0.53924,-0.68415,-0.14791,-0.18155,-0.18085,-0.31493,0.15992,-0.27887,0.094719,0.51098,0.58429,0.53562,-0.022448,0.28979,0.39485,-0.025971,0.37376,0.67267,0.17197,0.74985,-0.50248,-0.3411,-0.39045,0.60545,-0.43628,0.1981,0.51862,0,0.62326,0.73523,0.4085,0.82472,0.080704,-0.0028488,-0.042073,-0.26288,-0.14134,-0.48936,-0.52529,-0.22933,0.015845,0.282,-0.30598,-0.16695,0.06869,-0.0046199,-0.24056,-0.15365,0.053055,-0.41051,-0.47858,-0.25232,-0.11568,-0.077455,-0.022349,-0.46235,-0.099819,0.13123,0.14518,-0.16685,0.1629,-0.04578,0.2654,-0.61986,-0.37482,-0.40378,-0.78094,-0.13958,-0.33197,-0.033878,-0.10468,-0.14482,-0.0092244,-0.36131,-0.21308,-0.023877,-0.019683,-0.10958,-0.09603,-0.47779,-0.13604,-0.042715,0.33295,-0.70242,-0.69703,-0.3292,-0.16316,-0.25027,-0.15724,-0.32973,-0.32141,-0.39712,0.43712
0.11752,-0.14407,-0.41462,-0.34293,0.085267,-0.11215,1.0325,0.3213,0.04095,0.024309,0.12677,0.19645,0.047302,-0.23994,-0.15169,-0.12781,-0.024249,-0.079118,0.23925,0.085082,0.51538,0.42526,0.87096,0.3182,0.38259,-0.064144,0.24415,0.066653,0.39095,0.23539,0.18722,0.13864,-0.005804,-0.063599,-0.033429,0.33089,-0.29367,-0.34492,0.47276,0.62326,0,0.48029,0.68541,0.53092,0.27493,0.34886,-0.30995,-0.62228,-0.28974,-0.27518,-0.34083,-0.62604,-0.11232,-0.16975,-0.37509,-0.013968,0.40917,-0.19908,-0.26215,-0.46949,-0.45222,0.13357,-0.21714,-0.10619,-0.33048,-0.49512,-0.46823,-0.124,-0.19439,0.1713,0.22181,-0.18809,0.042115,-0.19995,0.26808,-0.27321,-0.10486,-0.010102,-0.24062,-0.0088395,-0.18453,-0.16929,-0.071112,-0.014341,0.26342,-0.168,0.013502,-0.21011,-0.14643,-0.15462,0.16996,-0.36239,-0.31041,-0.023453,0.026017,-0.33439,-0.28501,-0.16405,0.11486,-0.024647,-0.28014,-0.07597,-0.2685,-0.31123,0.11537
-0.14017,0.16826,-0.58154,-0.67731,0.13202,0.51277,0.43275,0.40383,-0.64982,-0.046717,-0.4477,0.05605,-0.51002,-0.65471,-0.23653,-0.16422,0.1063,0.091498,0.21159,0.09351,0.1631,0.8267,0.1832,0.67771,-0.31866,-0.26614,0.098044,-0.19104,-0.13059,0.44861,-0.34265,0.1005,-0.089743,-0.050735,-0.29891,0.14405,-0.12634,-0.22419,-0.12024,0.73523,0.48029,0,0.069045,0.54569,-0.32491,-0.28669,-0.018455,-0.068773,0.29538,-0.21891,-0.13885,0.020687,0.073308,0.20102,-0.60677,0.53351,0.28252,-0.37686,-0.26086,-0.56925,-0.16435,-0.13007,-0.055157,-0.23938,0.0020893,0.020297,-0.0095851,-0.33544,-0.41151,-0.047027,-0.094639,-0.62093,-0.37191,-0.43812,-0.15834,-0.69633,-0.74788,-0.11808,-0.40726,-0.26567,-0.26275,0.24831,0.0076117,0.050872,0.13839,-0.08356,0.0014047,-0.15896,0.33188,-0.42657,-0.18252,-0.48086,-0.069129,-0.17889,0.16105,-0.36984,-0.34544,-0.0048651,0.034394,-0.036618,0.092861,-0.23913,-0.050101,-0.25157,0.51413
-0.023579,0.24973,-0.24177,-0.22703,-0.33206,0.045009,0.58959,0.51158,0.38987,0.23771,0.81992,0.44888,0.349,0.1052,0.16742,0.079523,-0.12587,-0.55244,-0.24678,-0.30014,0.2855,0.058721,0.53921,0.16562,0.5224,0.38744,0.37825,-0.03187,0.74106,0.28765,0.66622,0.40702,0.23022,0.060385,0.4705,0.77429,-0.011326,0.16138,0.66682,0.4085,0.68541,0.069045,0,0.9516,0.64006,0.6592,0.18472,-0.070976,-0.29123,-0.29945,-0.32524,-0.23427,0.012256,-0.021867,1.064e-05,0.059796,0.58784,0.27036,0.24564,0.10412,0.063319,0.3,-0.13104,0.058312,0.10873,-0.0078027,-0.015002,0.11441,0.010377,0.83147,0.48586,0.37139,0.57843,0.42458,0.63899,-0.045568,0.13514,-0.12531,-0.25693,0.1379,-0.25994,-0.46981,-0.15997,-0.50852,-0.22324,-0.6009,-0.30203,0.2246,0.18189,0.32625,0.39105,-0.073304,-0.31318,0.060269,0.22713,-0.15222,-0.19961,-0.37431,0.1294,0.19279,-0.061904,0.041118,-0.19188,-0.13316,-0.1789
-0.13405,0.52582,-0.4842,-0.54003,-0.26654,0.49671,0.59264,0.83715,0.032087,0.34593,0.39884,0.47044,-0.15939,-0.32487,0.064755,0.05575,-0.1207,-0.36829,-0.15001,-0.36696,0.19993,0.37093,0.38405,0.35036,0.21271,0.27298,0.42142,0.0060727,0.38439,0.66842,0.364,0.54311,-0.024574,-0.19423,0.058468,0.93458,-0.035302,0.1463,0.337,0.82472,0.53092,0.54569,0.9516,0,0.23717,0.22906,0.21936,-0.034526,0.062875,-0.59122,-0.50364,-0.0021422,0.16319,0.25182,-0.1724,0.31845,0.58436,0.06045,0.075614,0.018198,0.17845,0.042919,-0.098255,-0.047327,0.19427,0.074651,0.039235,0.024421,-0.037399,0.69211,0.41387,0.01624,0.23519,0.065897,0.25141,-0.36262,-0.28383,-0.43156,-0.722,-0.088446,-0.57243,-0.071811,-0.060898,-0.48451,-0.19214,-0.66866,-0.32413,0.10348,0.41064,-0.0023738,0.056012,-0.43213,-0.32832,-0.22734,0.18493,-0.37617,-0.36754,-0.33233,0.012212,0.12219,0.032256,-0.058878,-0.12288,-0.38739,0.097568
