,,,,,,,,,,,,,,,,,,,,,,,,,,,,,,,,,,,,,,,,,,,,,,,,,,,,,,,,,,,,,,,,,,,,,,,,,,,,,,,,,,,,,,,,,,,,,,,,,,,,,,,,
0,0.024529,-0.13725,-0.13428,0.049785,-0.73684,0.48958,-0.044005,0.39619,-0.36492,0.59253,-0.20615,0.1204,-0.052845,1.1595,-0.175,-0.2391,-0.19552,-0.18549,-0.022441,0.25596,-0.24438,0.5612,-0.17303,0.21215,-0.14362,0.44751,-0.22269,0.059426,0.10473,0.041356,0.069133,-0.17072,-0.18962,0.29129,0.026731,0.42151,-0.097004,0.86403,-0.11839,0.55148,-0.32467,0.33238,-0.071232,0.35108,0.57877,0.098156,0.11455,0.79583,-0.15604,-0.37748,0.26357,0.52949,-0.17465,0.45603,0.20637,0.168,0.29522,0.70093,0.3478,0.081819,0.32885,-0.28237,0.041509,0.36428,0.31228,0.21661,-0.14053,-0.12376,0.39866,0.30114,0.76276,0.8419,0.52375,0.65823,-0.0020295,0.064833,-0.33277,-0.30775,0.3346,-0.26248,-0.52735,-0.078586,-0.56846,-0.17154,-0.41762,-0.67648,0.056897,0.12191,0.43261,0.78923,-0.55795,-0.83373,-0.079519,-0.48578,-0.37928,-0.24078,-0.38319,-0.40623,0.42726,-0.15908,0.26294,-0.11647,-0.21953,-0.329
0.024529,0,-0.25374,0.38796,-0.44815,0.46968,-0.27699,0.57236,0.28773,0.53536,0.1464,0.46222,-0.80901,-0.85947,-0.037887,-0.37359,-0.59138,-0.35442,0.021697,-0.52858,-0.49077,-0.12452,-0.18701,-0.1329,0.36973,0.58681,-0.6599,0.10979,0.38383,0.1276,0.46837,0.42076,-0.5358,-0.45292,0.0062139,0.46555,-0.027047,0.4944,-0.19016,0.37524,-0.29505,0.10776,0.10471,0.39609,0.25868,0.23762,-0.073719,-0.2213,0.036746,-0.39291,-0.65084,-0.095192,0.13749,0.57467,-0.022058,-0.1524,0.19107,0.15527,0.11978,0.25093,0.43137,-0.5787,-0.5742,-0.3662,0.10517,-0.058835,-0.2528,-0.44625,-0.51815,0.34064,0.26014,0.29268,0.11318,0.10161,0.12854,0.26008,0.29069,-0.48272,-0.50831,-0.045859,0.030848,-0.045653,-0.10973,0.020998,0.36831,-0.13675,-0.057971,-0.018798,0.12179,0.037147,6.6316e-05,0.02709,0.15579,-0.41073,-0.22439,-0.7344,-0.3825,0.46554,-0.10758,-0.039811,0.1319,-0.23032,0.066875,-0.20965,0.21379
-0.13725,-0.25374,0,0.83407,0.20096,-0.0061441,-0.30388,-0.41065,0.018794,-0.045947,-0.091483,-0.071576,0.5265,0.5272,0.020708,0.45135,0.26244,0.26418,0.46621,0.29476,-0.038629,-0.092889,-0.21214,0.14509,0.088857,0.21023,-0.329,-0.43685,-0.152,-0.33226,0.05792,-0.20114,0.17606,-0.16403,-0.15287,-0.47617,-0.11438,-0.17136,-0.082259,-0.43094,-0.17202,-0.17589,-0.30535,-0.61293,0.033986,-0.070211,-0.06902,0.14999,-0.11476,0.3427,0.4848,0.23716,0.18429,0.11949,0.56737,-0.51263,-0.28184,-0.027494,-0.039995,0.33416,0.54337,-0.10144,0.18236,-0.040136,-0.22591,-0.38854,-0.16768,0.063607,0.20533,-0.26928,-0.23089,0.080836,-0.0051971,0.24424,-0.098269,0.75458,0.63873,0.47795,0.69454,-0.01203,0.42111,0.36752,0.16138,0.56513,0.35619,0.5015,0.39646,0.0086586,-0.11625,0.14139,0.069938,0.48757,0.20517,0.1127,-0.058447,0.59083,0.80463,0.12847,0.27795,-0.44524,0.07453,0.1037,0.051445,0.14382,-0.4297
-0.13428,0.38796,0.83407,0,-0.22593,0.22034,-0.51078,-0.11156,0.30275,0.25389,0.0864,0.23942,0.0061904,0.057446,-0.18625,0.058494,-0.11264,-0.09757,0.43729,0.017246,-0.45979,-0.33823,-0.33526,0.11712,0.28365,0.75103,-0.89347,-0.29858,0.086685,-0.13381,0.37141,0.20132,-0.055616,-0.22847,-0.20205,-0.095431,-0.31891,0.30991,-0.23026,-0.15719,-0.34588,-0.17404,-0.13394,-0.21317,0.044598,0.038853,-0.30912,-0.20489,-0.15597,0.096562,0.0083943,0.23259,0.034077,0.29714,0.27748,-0.74213,-0.26276,-0.1998,-0.17212,0.47727,0.79944,-0.42511,-0.037194,-0.35465,-0.25496,-0.53802,-0.41376,-0.35743,-0.032755,0.044838,0.01856,0.30101,0.053616,0.22145,-0.05009,0.90559,0.80519,0.23927,0.27747,-0.089656,0.31121,0.20953,0.11682,0.58752,0.84241,0.38011,0.39936,-0.28351,-0.26511,-0.068963,-0.10463,0.52651,0.43801,-0.12465,-0.13383,0.16808,0.49708,0.50779,0.41829,-0.50155,0.060455,-0.043621,0.15189,0.064012,-0.069667
0.049785,-0.44815,0.20096,-0.22593,0,0.22132,0.28713,0.070563,-0.40638,-0.23115,-0.32681,-0.15044,0.37421,0.10928,0.1808,0.4368,0.44048,0.65075,0.20075,0.38327,0.71443,0.48129,0.40237,0.55214,-0.12854,-0.17789,0.37813,-0.16761,-0.016694,0.0092473,-0.68492,-0.43952,0.16384,-0.22229,-0.35677,-0.46338,0.12257,-0.38525,0.36174,0.47139,0.59923,0.6276,-0.23754,-0.25278,-0.30879,-0.38771,0.40579,0.4718,0.095513,0.72381,0.70327,-0.071232,0.31297,0.050359,0.21636,0.17216,0.030256,0.22218,0.19552,-0.29915,-0.045276,0.018108,-0.12173,0.16061,-0.23184,0.10412,0.35826,0.26482,0.019653,-0.65012,-0.45989,-0.3464,-0.17723,-0.17333,-0.29938,-0.12767,-0.14105,0.062751,0.16061,0.056514,0.32369,0.019597,0.13143,0.28131,-0.16449,0.27208,0.14655,0.40539,0.32005,0.1673,0.11666,-0.28261,-0.16502,0.18482,0.1073,0.18121,0.19297,-0.15994,-0.18974,-0.24564,0.32958,0.12055,-0.064981,-0.45252,-0.42131
-0.73684,0.46968,-0.0061441,0.22034,0.22132,0,-0.29509,0.65617,-0.20555,0.58482,-0.32947,0.45269,-0.21922,-0.27978,-0.55302,0.099794,-0.1083,0.11744,0.24877,-0.16337,-0.054982,0.29934,-0.26951,0.25472,0.013625,0.4051,-0.41008,0.31341,0.14086,0.061487,-0.017191,0.0050824,0.042531,-0.16298,-0.31355,0.14376,-0.35096,0.22017,-0.46037,0.73578,-0.15134,0.76418,-0.16808,0.29162,-0.22157,-0.37945,-0.012883,-0.15482,-0.4425,0.18831,0.19008,-0.22812,-0.2351,0.57548,-0.29151,-0.049619,0.16416,-0.031163,-0.28889,-0.27808,0.29115,-0.73453,-0.26164,-0.13892,-0.29432,-0.26631,-0.29193,0.093278,-0.16996,-0.32423,-0.17589,-0.40004,-0.52543,-0.35351,-0.47246,-0.051498,0.013347,0.00053602,-0.082554,-0.31526,0.25215,0.18357,-0.038748,0.53311,0.28294,0.32738,0.32952,0.060872,0.11228,-0.26302,-0.42368,0.22157,0.61875,-0.17692,0.22115,-0.051246,0.029253,0.57687,0.064957,-0.40324,0.2208,-0.23254,0.017354,-0.37645,0.040117
0.48958,-0.27699,-0.30388,-0.51078,0.28713,-0.29509,0,0.40699,0.38035,0.13432,0.73274,0.30073,0.22361,0.13118,0.396,-0.13429,0.39044,0.15408,-0.49511,-0.026248,0.31244,-0.33618,0.95007,0.21543,-0.079142,-0.14994,0.92096,-0.13609,0.45265,0.62729,-0.16536,0.31302,-0.068069,-0.11615,0.35596,0.3862,0.24393,0.098923,1.0931,0.067667,1.0331,-0.12561,0.81271,0.42546,-0.042206,0.11601,0.65989,0.6361,0.28064,-0.074405,-0.18725,-0.10624,0.10249,-0.75299,-0.15271,0.501,0.27363,0.414,0.45787,0.1226,-0.31751,0.47927,-0.10363,0.54526,0.19329,0.85253,0.78931,0.26602,0.09147,0.28623,0.26042,0.15297,0.40249,0.17498,0.20436,-0.32698,-0.095586,-0.40943,-0.21227,-0.096694,-0.38568,-0.13171,0.25774,-0.6077,-0.85246,-0.75648,-0.68073,0.45083,0.62581,0.33251,0.47976,-0.35017,-0.58256,0.4291,0.1468,-0.083815,-0.24014,-0.79426,-0.1687,0.35592,-0.19217,-0.059136,-0.33698,-0.23172,-0.23919
-0.044005,0.57236,-0.41065,-0.11156,0.070563,0.65617,0.40699,0,0.26107,0.85513,0.31253,1.0136,-0.22814,-0.34623,-0.046415,-0.29786,-0.11406,-0.095815,-0.27434,-0.49718,-0.2013,-0.11081,0.11719,0.057,0.050571,0.1492,0.023462,0.19505,0.50478,0.42579,0.028459,0.30818,-0.22428,-0.29578,0.043359,0.49462,-0.14633,0.33818,0.14295,0.68868,0.35071,0.3961,0.51006,0.7921,0.053935,0.033614,0.18695,0.052585,-0.1156,-0.020921,-0.23194,-0.3352,-0.00076031,0.22759,-0.24902,0.30603,0.55984,0.28466,0.08909,-0.10836,-0.014778,-0.36871,-0.60079,0.039814,-0.12164,0.16492,0.015476,0.026989,-0.27295,0.045166,0.049596,-0.058391,-0.054612,-0.054066,0.0091492,-0.17321,0.088641,-0.40237,-0.24809,-0.137,0.0071676,0.014676,-0.04592,-0.060622,-0.11429,-0.28178,-0.2658,0.21462,0.4157,0.028833,0.066586,-0.072055,0.029492,-0.037219,0.21107,-0.49258,-0.47185,0.086693,-0.094667,-0.1112,-0.25112,-0.39849,-0.40901,-0.38695,0.076142
0.39619,0.28773,0.018794,0.30275,-0.40638,-0.20555,0.38035,0.26107,0,0.48224,1.5503,0.61024,0.13122,0.083223,0.19932,-0.40225,-0.21499,-0.29153,-0.032999,-0.27236,-0.29367,-0.76661,0.34358,0.080142,0.52957,0.5077,-0.11287,-0.28351,0.61412,0.29617,0.63067,0.66476,-0.11766,-0.24432,0.45307,0.57006,0.06277,0.51469,0.41967,-0.20613,0.15987,-0.49804,1.0013,0.39146,0.52061,0.75496,0.027779,0.048433,-0.12908,-0.35042,-0.51144,0.08126,0.011642,-0.30359,-0.11337,-0.081055,0.13615,0.24653,0.40016,0.70813,0.32092,-0.073444,-0.46506,-0.16693,0.039158,0.093126,0.027463,-0.37942,-0.37573,0.53183,0.6441,0.79423,0.73747,0.90899,0.67824,0.32193,0.38798,-0.31477,-0.24719,0.16768,-0.039659,-0.35101,0.078986,-0.17515,-0.12312,-0.33568,-0.33259,0.059161,0.19553,0.26889,0.47362,0.21053,-0.086797,0.34177,-0.013271,-0.32991,-0.26903,-0.26178,0.012859,0.03881,-0.30226,-0.2762,-0.26207,0.14895,-0.14373
-0.36492,0.53536,-0.045947,0.25389,-0.23115,0.58482,0.13432,0.85513,0.48224,0,0.39168,1.4309,-0.2591,-0.28872,-0.33204,-0.14773,0.1093,0.15336,0.074385,-0.3421,-0.48075,-0.32433,0.033095,0.20902,0.21481,0.60464,-0.27717,0.15126,0.61834,0.60216,0.52247,0.64089,-0.27213,-0.39803,-0.0024201,0.43179,-0.24629,0.66198,-0.029833,0.25634,-0.077997,0.077189,0.42374,0.49224,0.12202,0.01246,0.0094752,0.067802,-0.31779,-0.19248,-0.19285,-0.33771,0.0078362,0.18179,-0.29904,-0.059013,0.048458,0.035911,-0.12637,0.1925,0.24623,-0.53018,-0.43563,0.039317,-0.30196,-0.14444,-0.16603,-0.17326,-0.11869,0.050985,0.20377,-0.027509,-0.071233,0.038896,-0.079773,0.19393,0.3322,-0.39507,-0.154,-0.2997,0.075709,0.30872,0.3972,0.11364,0.029576,-0.15982,-0.0099482,0.056167,0.20552,-0.14544,-0.2149,0.33439,0.21784,0.11332,0.29083,-0.29725,-0.093945,0.10558,0.16722,-0.31302,-0.1791,-0.7103,-0.43482,-0.010756,0.12509
0.59253,0.1464,-0.091483,0.0864,-0.32681,-0.32947,0.73274,0.31253,1.5503,0.39168,0,0.54728,0.17735,0.12631,0.36336,-0.43644,-0.097351,-0.20127,-0.17878,-0.17997,-0.1503,-0.91801,0.49359,-0.018143,0.29253,0.30356,0.1955,-0.20378,0.52002,0.49978,0.47445,0.72956,-0.12081,-0.15883,0.54055,0.60563,0.12241,0.48883,0.66822,-0.23346,0.36573,-0.53377,1.1549,0.44594,0.36167,0.62973,0.13588,0.16392,0.14217,-0.39781,-0.58632,0.10954,0.032539,-0.49485,-0.13922,0.10899,0.18218,0.25567,0.46025,0.6182,0.16096,0.11961,-0.31653,0.13407,0.21814,0.31245,0.17931,-0.13335,-0.13967,0.62923,0.73039,0.76587,0.81516,0.72814,0.62625,0.076597,0.25554,-0.40984,-0.30039,-0.012168,-0.32627,-0.32536,0.13613,-0.43806,-0.30152,-0.57507,-0.64107,0.093922,0.28743,0.26615,0.5215,-0.0092878,-0.32257,0.27545,-0.08224,-0.25988,-0.23915,-0.45994,-0.082838,0.24048,-0.39749,-0.14983,-0.33621,-0.034383,-0.2361
-0.20615,0.46222,-0.071576,0.23942,-0.15044,0.45269,0.30073,1.0136,0.61024,1.4309,0.54728,0,-0.13084,-0.20112,-0.22649,-0.37052,0.11908,0.027562,-0.040224,-0.31084,-0.55764,-0.54975,0.014567,0.10588,0.068702,0.42314,-0.28467,-0.037433,0.68158,0.54942,0.23573,0.55187,-0.27146,-0.30504,-0.034816,0.36528,-0.28585,0.59074,0.11235,0.30422,0.11971,0.1215,0.5368,0.55233,0.0023632,-0.010353,0.023381,0.078942,-0.31298,-0.040453,-0.23698,-0.29818,-0.033468,0.077447,-0.35588,-0.053078,0.16704,0.070527,-0.051427,0.21185,0.11894,-0.45541,-0.49413,0.062509,-0.33617,-0.052031,-0.083609,-0.21062,-0.20888,-0.0078879,0.079091,-0.018388,-0.041406,0.093234,-0.033486,0.13908,0.34924,-0.23375,0.012452,-0.26534,0.12346,0.16794,0.181,0.15865,0.055695,-0.13639,-0.024639,0.050517,0.23389,-0.11062,-0.12161,0.32012,0.21307,0.25519,0.40036,-0.21854,-0.14428,-0.02655,0.11188,-0.36405,-0.31454,-0.46721,-0.43189,-0.10057,0.15643
0.1204,-0.80901,0.5265,0.0061904,0.37421,-0.21922,0.22361,-0.22814,0.13122,-0.2591,0.17735,-0.13084,0,1.341,0.16205,0.24536,0.11239,0.092938,0.10817,0.34148,0.34734,-0.047908,0.11195,0.090546,0.043577,-0.22678,0.30212,-0.16747,-0.12874,-0.23852,-0.17625,-0.27171,0.87866,0.39225,0.34305,-0.22231,0.062373,-0.20743,0.26558,-0.42805,0.2686,-0.1798,0.22452,-0.21296,0.11873,0.17005,0.087029,0.1664,-0.16233,0.60396,0.70385,0.14929,-0.032224,-0.27096,0.29145,0.090653,0.20041,0.22236,0.23802,-0.060526,-0.035812,0.29394,0.16608,0.18929,-0.052397,-0.016052,0.085023,0.41089,0.17957,-0.16373,-0.076498,0.10412,0.18837,0.37834,0.22437,0.046572,0.23585,0.46821,0.62437,0.26533,0.24707,-0.21848,-0.1782,0.15024,-0.20138,0.22898,0.007577,0.23573,0.03425,0.28632,0.34391,0.2545,-0.050558,0.3413,0.075732,0.54547,0.33597,-0.14388,0.085493,-0.0092454,-0.2792,0.14222,-0.15977,0.11186,-0.70891
-0.052845,-0.85947,0.5272,0.057446,0.10928,-0.27978,0.13118,-0.34623,0.083223,-0.28872,0.12631,-0.20112,1.341,0,0.033903,0.20988,0.11045,-0.011283,-0.067952,0.23486,0.13918,-0.082657,-0.077027,0.06297,-0.13423,-0.30128,0.24284,-0.13253,-0.29681,-0.32678,-0.070828,-0.17828,0.85577,0.55015,0.36786,-0.077873,-0.026224,-0.19648,0.033213,-0.6974,0.10271,-0.36883,0.21568,-0.10606,0.098371,0.16412,0.024325,0.11013,-0.24336,0.36806,0.51729,0.27872,-0.28165,-0.46378,0.14621,0.052468,0.073724,0.020756,0.026048,-0.032619,-0.1134,0.41239,0.53146,0.16378,0.099277,0.0080058,0.08829,0.45992,0.32229,-0.0032764,0.032242,0.11244,0.14642,0.31612,0.20195,0.084623,0.13915,0.55499,0.65516,0.10954,0.043863,-0.06999,-0.19788,0.037521,-0.21301,0.10523,-0.065229,0.071229,-0.031384,0.18044,0.27148,0.26277,0.025668,0.28943,0.091838,0.67521,0.29126,-0.18052,0.30207,-0.037373,-0.27187,0.095562,-0.034413,0.36409,-0.41462
1.1595,-0.037887,0.020708,-0.18625,0.1808,-0.55302,0.396,-0.046415,0.19932,-0.33204,0.36336,-0.22649,0.16205,0.033903,0,0.098739,-0.10998,0.047753,-0.15194,-0.11394,0.29907,0.059491,0.47742,-0.069564,0.073661,-0.34629,0.39377,-0.17659,-0.15934,0.08203,0.0157,-0.073535,-0.14185,-0.36248,0.20711,-0.11373,0.68474,-0.35102,0.74543,-0.094763,0.58546,-0.077594,0.15177,-0.07717,0.40698,0.52484,0.098823,0.23879,0.78652,-0.14575,-0.22433,0.16636,0.64732,-0.099572,0.54209,0.35788,0.22989,0.26249,0.62162,0.43074,0.13399,0.17796,-0.17725,0.2642,0.37999,0.27333,0.15415,-0.070105,-0.16146,0.1403,0.14255,0.57475,0.59937,0.46871,0.53184,0.13511,-0.017944,-0.30296,-0.14741,0.22006,-0.22278,-0.35373,-0.12603,-0.56809,-0.16112,-0.34346,-0.70319,0.12375,0.30659,0.39133,0.82848,-0.68621,-1.0748,-0.035822,-0.38673,-0.30905,-0.30481,-0.48441,-0.35151,0.26287,-0.052981,0.34977,-0.17225,-0.13376,-0.42913
-0.175,-0.37359,0.45135,0.058494,0.4368,0.099794,-0.13429,-0.29786,-0.40225,-0.14773,-0.43644,-0.37052,0.24536,0.20988,0.098739,0,0.40676,0.33446,0.026591,-0.01107,0.56455,0.63216,0.21165,0.38956,0.063308,-0.070085,0.19798,0.2036,-0.20862,-0.16387,-0.15169,-0.58175,0.30258,-0.054221,-0.2131,-0.43291,0.10443,-0.46296,0.0095326,0.0048279,0.18728,0.19837,-0.37113,-0.45012,-0.10132,-0.29292,0.017366,0.12241,-0.062813,0.23128,0.65453,-0.092387,0.26764,0.13293,0.46965,0.070706,-0.10892,-0.12469,-0.18253,0.083216,0.27364,0.16439,0.35759,0.28696,-0.27746,-0.19688,-0.11777,0.25316,0.33351,-0.29026,-0.44037,-0.29874,-0.31158,-0.21502,-0.37213,0.19984,0.030543,0.30604,0.30373,-0.0029805,0.097954,0.15749,0.20604,0.01291,0.007306,0.073163,0.15612,-0.0020368,-0.077098,-0.077219,-0.13491,0.11626,0.002559,0.19704,0.29639,0.40496,0.48093,0.038376,0.27351,0.032669,0.31023,0.17212,0.12045,0.27178,-0.14623
-0.2391,-0.59138,0.26244,-0.11264,0.44048,-0.1083,0.39044,-0.11406,-0.21499,0.1093,-0.097351,0.11908,0.11239,0.11045,-0.10998,0.40676,0,0.81249,-0.0083997,0.40014,0.16589,-0.07822,0.32871,0.3414,-0.21436,-0.070688,0.33883,-0.18782,0.14499,0.3383,-0.35554,-0.057126,-0.19043,-0.14873,-0.43147,-0.36377,-0.15092,-0.046881,0.24967,0.06113,0.33897,0.12994,-0.090396,-0.1942,-0.54903,-0.65126,0.25918,0.50481,0.047134,0.16537,0.39572,-0.35431,0.048787,-0.4193,-0.10586,-0.070319,-0.26607,-0.14675,-0.29185,-0.053358,-0.33251,0.27688,0.33489,0.55409,-0.39617,0.11698,0.30505,0.23099,0.48126,-0.37445,-0.40892,-0.58,-0.41442,-0.41763,-0.62984,-0.09162,0.012307,0.077002,0.35169,-0.28432,0.057463,0.70539,0.7453,0.043077,-0.24291,-0.033069,0.23774,0.095305,0.16611,-0.12474,-0.26346,0.039126,-0.1519,0.37824,0.38311,0.42321,0.45989,-0.46797,0.33681,-0.13475,-0.0012509,-0.049082,-0.30582,-0.00050321,0.014707
-0.19552,-0.35442,0.26418,-0.09757,0.65075,0.11744,0.15408,-0.095815,-0.29153,0.15336,-0.20127,0.027562,0.092938,-0.011283,0.047753,0.33446,0.81249,0,0.43047,0.61444,0.30423,0.18887,0.30668,0.54682,-0.10476,0.098996,0.20065,0.015679,0.015665,0.38651,-0.036367,0.068692,-0.14244,-0.38152,-0.37878,-0.36478,0.04331,0.033543,0.17234,0.13126,0.11356,0.27921,-0.23087,-0.24555,-0.2171,-0.37511,0.24539,0.56018,0.20089,0.26947,0.48755,-0.17623,0.27935,-0.096036,0.01503,-0.074689,-0.40048,-0.05239,-0.042275,-0.14733,-0.063488,-0.092763,0.05712,0.42425,-0.11696,-0.031912,0.22578,0.16663,0.25319,-0.48077,-0.10617,-0.29174,-0.19361,-0.19529,-0.40523,-0.0082702,-0.027153,-0.26764,0.04379,-0.25505,0.15445,0.4643,0.71961,0.13841,-0.17329,0.14074,0.13616,0.21998,0.27975,-0.017767,-0.15468,-0.21185,-0.30059,0.01964,-0.066368,0.11127,0.33436,-0.30616,-0.024639,-0.35301,0.30017,-0.19838,-0.31609,-0.26081,-0.37145
-0.18549,0.021697,0.46621,0.43729,0.20075,0.24877,-0.49511,-0.27434,-0.032999,0.074385,-0.17878,-0.040224,0.10817,-0.067952,-0.15194,0.026591,-0.0083997,0.43047,0,0.57563,-0.077811,0.083686,-0.12087,0.17574,0.22195,0.39256,-0.38599,-0.34558,-0.23003,0.04192,0.20685,0.10878,-0.010238,-0.328,-0.35377,-0.46534,0.026125,0.12747,-0.10427,0.094804,-0.37401,0.21729,-0.46199,-0.45119,0.0231,-0.059009,-0.3443,-0.17042,0.0034082,0.12107,0.24126,-0.041127,0.15332,0.40648,0.041511,-0.36038,-0.39061,-0.16639,-0.11123,0.038241,0.42569,-0.73954,-0.32914,-0.32287,-0.35923,-0.63602,-0.35338,-0.36723,-0.21454,-0.55423,-0.037876,0.015613,-0.024998,0.068167,-0.046613,0.28748,0.081478,0.00031468,-0.013032,0.011542,0.38115,0.1195,0.24525,0.84885,0.54219,1.0119,0.61511,-0.096345,-0.18433,-0.20083,-0.2075,0.062324,0.16651,-0.14793,-0.30144,-0.00023516,0.33896,0.33755,-0.058403,-0.5037,0.096502,0.015064,-0.076373,-0.26836,-0.30244
-0.022441,-0.52858,0.29476,0.017246,0.38327,-0.16337,-0.026248,-0.49718,-0.27236,-0.3421,-0.17997,-0.31084,0.34148,0.23486,-0.11394,-0.01107,0.40014,0.61444,0.57563,0,0.28386,-0.13214,0.090209,0.046664,-0.084043,0.065918,0.17139,-0.22219,-0.20392,-0.085008,-0.12868,-0.07481,-0.022531,0.078246,-0.22834,-0.4628,-0.18636,0.095819,0.086591,-0.14124,-0.10383,-0.084544,-0.29067,-0.60436,-0.23714,-0.28516,0.0082842,0.068048,0.13185,0.36146,0.46612,-0.13852,-0.060981,-0.15342,0.02474,-0.44494,-0.49423,-0.060201,-0.11021,-0.32175,-0.19694,0.13336,0.15186,0.10314,-0.032443,-0.10992,0.12361,0.13372,0.16769,-0.31013,-0.13726,-0.10408,-0.0099271,-0.042918,-0.12722,-0.23716,0.0564,0.13186,0.12883,0.03653,0.17577,0.11818,0.19644,0.29928,-0.064444,0.43365,0.4164,0.039692,-0.13482,0.061306,-0.12348,-0.028438,-0.012115,-0.07475,-0.26751,0.32888,0.6035,-0.16264,-0.1734,-0.11056,0.043822,0.24508,0.0066803,-0.3204,-0.36396
0.25596,-0.49077,-0.038629,-0.45979,0.71443,-0.054982,0.31244,-0.2013,-0.29367,-0.48075,-0.1503,-0.55764,0.34734,0.13918,0.29907,0.56455,0.16589,0.30423,-0.077811,0.28386,0,0.4799,0.65284,0.33112,0.044092,-0.12757,0.72691,0.27412,-0.04519,-0.063423,-0.3066,-0.49474,0.33748,0.067588,0.11781,-0.12095,0.15071,-0.45969,0.32851,0.1484,0.52694,0.18701,-0.066877,-0.25783,-0.063771,-0.073913,0.40375,0.22759,0.14895,0.29551,0.43908,0.050198,0.060133,-0.20115,0.19876,0.18376,0.046635,0.23494,0.26063,-0.23349,0.0093721,0.38548,0.089992,0.29495,0.15484,0.26642,0.29706,0.44457,0.17013,-0.044065,-0.047817,-0.025286,0.074683,-0.0011166,-0.073001,-0.41312,-0.26955,0.038519,-0.16099,0.14219,-0.051359,-0.31467,0.070475,-0.25334,-0.49144,-0.11227,-0.17782,0.30092,0.12687,0.28956,0.23019,-0.24579,-0.22603,0.098496,-0.036452,0.1871,0.17644,-0.27053,-0.37325,0.361,0.37921,0.29924,0.11587,-0.29992,-0.56838
-0.24438,-0.12452,-0.092889,-0.33823,0.48129,0.29934,-0.33618,-0.11081,-0.76661,-0.32433,-0.91801,-0.54975,-0.047908,-0.082657,0.059491,0.63216,-0.07822,0.18887,0.083686,-0.13214,0.4799,0,0.0067653,0.34242,0.00087631,-0.34217,0.10761,0.27284,-0.41192,-0.27383,-0.26611,-0.59778,0.28573,-0.060398,-0.17995,-0.2941,0.28861,-0.64862,-0.23552,0.3847,0.041544,0.65924,-0.50278,-0.1358,0.051567,-0.10677,0.034406,-0.029448,-0.059483,0.24546,0.48752,-0.10905,0.12431,0.3618,0.20828,0.30913,0.13519,0.01093,-0.078773,-0.4175,-0.03353,-0.15437,0.044002,-0.1275,-0.098926,-0.11987,-0.062325,0.068326,-0.12345,-0.43772,-0.34286,-0.3421,-0.34523,-0.30578,-0.19062,-0.046156,-0.43166,0.068901,-0.020427,0.23589,0.23474,-0.0099062,-0.12863,0.10395,0.02243,0.27094,0.16454,0.13344,0.040758,-0.027538,-0.031154,-0.30047,-0.051582,-0.15068,0.026108,-0.099173,-0.19319,0.26422,-0.022745,-0.090206,0.42521,0.025201,0.12229,0.046593,-0.053954
0.5612,-0.18701,-0.21214,-0.33526,0.40237,-0.26951,0.95007,0.11719,0.34358,0.033095,0.49359,0.014567,0.11195,-0.077027,0.47742,0.21165,0.32871,0.30668,-0.12087,0.090209,0.65284,0.0067653,0,0.59311,0.33681,0.15132,0.77713,-0.12614,0.42955,0.55065,0.070114,0.22024,-0.11228,-0.4192,0.24833,0.22242,0.39214,0.03888,1.1852,0.19743,0.88756,-0.058484,0.51355,0.10924,0.17064,0.25022,0.53577,0.47636,0.28268,-0.092103,-0.05361,-0.22161,0.30386,-0.47896,0.067683,0.26983,0.047993,0.39393,0.46057,0.22687,0.0042589,0.28846,-0.27745,0.2635,0.041353,0.49507,0.58093,-0.064974,-0.12425,0.23299,0.27564,0.31535,0.52331,0.28913,0.27479,-0.11288,-0.063839,-0.5407,-0.47962,0.18048,-0.17927,-0.2667,0.46335,-0.48203,-0.64034,-0.50909,-0.3908,0.41175,0.45919,0.38879,0.50473,-0.39266,-0.59118,0.37851,0.006938,-0.2744,-0.1599,-0.56086,-0.20619,0.32661,0.12173,-0.036573,-0.2081,-0.17893,-0.36742
-0.17303,-0.1329,0.14509,0.11712,0.55214,0.25472,0.21543,0.057,0.080142,0.20902,-0.018143,0.10588,0.090546,0.06297,-0.069564,0.38956,0.3414,0.54682,0.17574,0.046664,0.33112,0.34242,0.59311,0,0.20857,0.40133,0.079419,-0.095502,0.31182,0.34908,0.088855,0.18647,0.17595,-0.378,-0.070352,0.1019,0.11144,0.036594,0.26408,0.2867,0.34903,0.24008,0.14586,0.11185,-0.0013038,-0.017429,0.41644,0.46388,-0.19126,0.29621,0.345,0.00015663,0.089792,-0.21643,-0.023619,-0.020377,-0.19957,0.090344,0.092844,0.066587,0.21985,-0.1412,-0.082128,-0.05815,-0.20995,0.061973,0.37461,-0.16604,-0.091233,-0.10972,0.13494,0.048786,0.090275,0.099453,-0.10623,0.30429,0.014099,-0.21233,-0.11099,-0.0042078,0.22947,0.068572,0.56593,0.16772,-0.1433,-0.00023413,0.077465,0.30715,0.32551,0.14076,0.11535,-0.058424,-0.02809,0.32849,0.17406,-0.028919,0.031582,-0.074718,0.21927,-0.41047,0.54487,-0.38522,-0.021272,0.015205,-0.25466
0.21215,0.36973,0.088857,0.28365,-0.12854,0.013625,-0.079142,0.050571,0.52957,0.21481,0.29253,0.068702,0.043577,-0.13423,0.073661,0.063308,-0.21436,-0.10476,0.22195,-0.084043,0.044092,0.00087631,0.33681,0.20857,0,0.65854,-0.15887,-0.10558,0.55495,-0.063967,0.55996,0.23421,-0.11681,-0.35587,0.27884,0.28225,0.086843,0.40779,0.11283,0.052068,-0.069658,-0.17922,0.42178,0.11708,0.66005,0.6409,0.12559,-0.0024316,-0.088737,-0.15341,0.016019,-0.26122,0.14541,0.094552,0.25875,-0.21275,0.30996,0.51512,0.36727,0.14591,0.24068,-0.095823,-0.49809,-0.46426,-0.08593,-0.030648,-0.073975,-0.26015,-0.44903,0.34817,0.31278,0.43732,0.33664,0.49249,0.38398,0.29516,0.55666,-0.382,-0.31334,0.72243,0.46451,-0.11101,0.16512,0.018011,-0.057622,-0.024607,0.12441,0.30767,0.22603,0.53399,0.44077,0.19007,-0.10554,-0.1271,-0.34604,-0.56836,-0.18297,0.22924,0.1513,0.15375,-0.023737,-0.4384,-0.30459,0.054032,-0.37656
-0.14362,0.58681,0.21023,0.75103,-0.17789,0.4051,-0.14994,0.1492,0.5077,0.60464,0.30356,0.42314,-0.22678,-0.30128,-0.34629,-0.070085,-0.070688,0.098996,0.39256,0.065918,-0.12757,-0.34217,0.15132,0.40133,0.65854,0,-0.4956,-0.019017,0.69119,0.24402,0.67247,0.57366,-0.2224,-0.37792,0.01201,0.39017,-0.28542,0.81508,-0.06001,0.11218,-0.26562,-0.15117,0.2184,0.10066,0.12275,0.10544,0.10279,0.0149,-0.20879,-0.12276,-0.13742,-0.021374,-0.035364,0.11535,-0.077931,-0.61332,-0.2388,0.10812,0.060314,0.30932,0.6458,-0.35789,-0.33266,-0.29728,-0.0928,-0.15673,-0.084268,-0.30006,-0.18343,0.32566,0.42805,0.3307,0.19401,0.26538,-0.021629,0.35684,0.57127,-0.31038,-0.35497,-0.087725,0.20451,0.072775,0.44948,0.267,0.18758,0.015468,0.21786,0.073856,0.059196,0.12054,-0.079504,0.42556,0.35314,-0.068184,-0.14029,-0.1878,0.24319,0.28507,0.11064,-0.17496,0.30814,-0.39461,0.045169,-0.15678,-0.1719
0.44751,-0.6599,-0.329,-0.89347,0.37813,-0.41008,0.92096,0.023462,-0.11287,-0.27717,0.1955,-0.28467,0.30212,0.24284,0.39377,0.19798,0.33883,0.20065,-0.38599,0.17139,0.72691,0.10761,0.77713,0.079419,-0.15887,-0.4956,0,0.13208,-0.085939,0.27278,-0.25099,-0.10041,0.14418,0.13981,0.26132,0.049275,0.21987,-0.25937,0.64735,-0.0071094,0.78296,-0.087842,0.30681,0.039741,-0.025178,0.034347,0.34811,0.2895,0.39068,-0.030325,0.10476,-0.089273,0.061643,-0.53948,0.017154,0.57441,0.14259,0.16915,0.18541,-0.24342,-0.45516,0.67303,0.16259,0.4857,0.20519,0.50456,0.46846,0.47902,0.3522,0.11712,0.097381,-0.010442,0.20748,-0.046808,0.12801,-0.65384,-0.41284,-0.19133,-0.20295,0.050561,-0.45749,-0.12338,0.19869,-0.70197,-0.8585,-0.50327,-0.57526,0.21171,0.20904,0.18659,0.31734,-0.54879,-0.64681,0.13585,-0.0048278,0.012846,-0.095533,-0.6177,-0.21299,0.53735,-0.20088,0.099081,-0.27565,-0.15578,-0.2565
-0.22269,0.10979,-0.43685,-0.29858,-0.16761,0.31341,-0.13609,0.19505,-0.28351,0.15126,-0.20378,-0.037433,-0.16747,-0.13253,-0.17659,0.2036,-0.18782,0.015679,-0.34558,-0.22219,0.27412,0.27284,-0.12614,-0.095502,-0.10558,-0.019017,0.13208,0,-0.042777,0.044567,0.14365,-0.14501,0.25102,0.42004,0.081909,0.20331,-0.29651,0.058937,-0.41076,0.10921,-0.1135,0.13272,0.0095472,0.19218,-0.042939,-0.12904,-0.14281,-0.2653,-0.086557,0.030441,0.12443,0.021764,-0.22522,0.15194,-0.14777,0.16593,0.090615,-0.24839,-0.2569,-0.41123,-0.087689,0.07659,0.24009,0.29733,0.18816,-0.10136,-0.30749,0.41533,0.38202,0.16355,0.10069,-0.19604,-0.32327,-0.33325,-0.27468,-0.468,-0.19568,-0.03865,-0.1611,-0.2005,-0.24061,-0.11444,-0.074252,-0.38091,-0.13401,-0.30863,-0.2784,-0.23473,-0.21892,-0.26654,-0.39098,0.022908,0.095742,-0.34993,0.076926,-0.030393,-0.0027314,0.15585,-0.035703,0.23645,0.062882,-0.16844,-0.017578,0.010635,0.086978
0.059426,0.38383,-0.152,0.086685,-0.016694,0.14086,0.45265,0.50478,0.61412,0.61834,0.52002,0.68158,-0.12874,-0.29681,-0.15934,-0.20862,0.14499,0.015665,-0.23003,-0.20392,-0.04519,-0.41192,0.42955,0.31182,0.55495,0.69119,-0.085939,-0.042777,0,0.35139,0.19735,0.45111,-0.26887,-0.27726,0.2406,0.60405,-0.093619,0.63028,0.29628,0.1825,0.16009,-0.13619,0.72215,0.44485,0.086889,0.11786,0.65281,0.4872,-0.19842,-0.030157,-0.16281,-0.21004,0.10174,-0.18461,-0.11287,-0.13076,0.21006,0.6046,0.44538,0.17719,0.041234,0.093992,-0.42646,-0.020191,-0.030853,0.4259,0.42915,-0.056847,-0.21104,0.42518,0.27364,0.12351,0.1952,0.24051,0.029756,0.091907,0.50212,-0.45716,-0.24192,0.090976,0.22822,0.014679,0.33728,-0.093036,-0.36232,-0.45093,-0.065016,0.55321,0.51083,0.45845,0.18872,0.33725,0.041648,0.28619,0.17287,-0.28908,-0.12346,-0.12027,0.0092061,0.11468,0.14505,-0.57048,-0.17696,-0.072009,-0.081841
0.10473,0.1276,-0.33226,-0.13381,0.0092473,0.061487,0.62729,0.42579,0.29617,0.60216,0.49978,0.54942,-0.23852,-0.32678,0.08203,-0.16387,0.3383,0.38651,0.04192,-0.085008,-0.063423,-0.27383,0.55065,0.34908,-0.063967,0.24402,0.27278,0.044567,0.35139,0,0.17041,0.84884,-0.18884,-0.31351,0.030221,0.29978,0.20273,0.43999,0.56514,0.28086,0.38962,0.12764,0.37274,0.47196,-0.21288,-0.077729,0.18015,0.32372,0.38274,-0.27875,-0.35029,-0.11946,0.14789,-0.30085,-0.40271,0.37178,-0.028439,-0.080332,0.059216,0.22511,-0.013185,-0.17539,-0.18515,0.47926,-0.053823,0.25559,0.24993,-0.11805,0.15207,0.10417,0.3946,0.042327,0.13404,-0.1503,-0.1153,-0.090435,-0.15221,-0.67973,-0.39395,-0.55556,-0.45949,0.14891,0.7556,-0.25622,-0.1167,-0.38356,-0.36409,0.060959,0.32811,-0.25662,-0.11042,-0.34632,-0.39896,0.10679,0.051057,-0.22803,-0.12523,-0.20532,0.065466,0.033538,-0.075082,-0.26509,-0.39989,-0.3338,-0.033208
0.041356,0.46837,0.05792,0.37141,-0.68492,-0.017191,-0.16536,0.028459,0.63067,0.52247,0.47445,0.23573,-0.17625,-0.070828,0.0157,-0.15169,-0.35554,-0.036367,0.20685,-0.12868,-0.3066,-0.26611,0.070114,0.088855,0.55996,0.67247,-0.25099,0.14365,0.19735,0.17041,0,0.6821,-0.17557,-0.28944,0.42696,0.50519,0.0085322,0.54543,-0.079157,-0.34685,-0.42578,-0.58093,0.38647,0.1365,0.85403,0.74048,-0.15744,-0.14839,-0.080234,-0.49361,-0.34973,0.01487,0.032988,0.056272,0.055752,-0.30754,-0.22409,0.048271,0.0858,0.39264,0.46736,-0.26051,-0.23608,-0.24514,0.23433,-0.20308,-0.23635,-0.36622,-0.20931,0.56071,0.83585,0.77631,0.56513,0.6483,0.56326,0.39365,0.37965,-0.47819,-0.44362,0.10146,-0.069972,-0.048585,0.23591,-0.19349,-0.016546,-0.22733,-0.20936,-0.073657,-0.040481,0.17807,0.19075,0.17507,-0.017172,-0.17734,-0.33922,-0.46011,-0.12902,0.06596,0.0042335,-0.031752,-0.037952,-0.47009,-0.1374,0.27655,-0.13916
0.069133,0.42076,-0.20114,0.20132,-0.43952,0.0050824,0.31302,0.30818,0.66476,0.64089,0.72956,0.55187,-0.27171,-0.17828,-0.073535,-0.58175,-0.057126,0.068692,0.10878,-0.07481,-0.49474,-0.59778,0.22024,0.18647,0.23421,0.57366,-0.10041,-0.14501,0.45111,0.84884,0.6821,0,-0.27702,-0.2757,0.32595,0.75979,0.14715,1.056,0.25624,-0.088492,-0.10104,-0.33534,0.62271,0.65198,0.15404,0.32395,0.17895,0.23857,0.20064,-0.52391,-0.63443,0.015951,-0.043524,-0.332,-0.39149,0.060848,-0.036415,0.11068,0.20785,0.34407,0.067843,-0.17549,-0.19712,0.032371,0.26163,0.28037,0.25417,-0.22908,-0.09484,0.55405,0.96373,0.45077,0.47365,0.23879,0.26123,0.16435,0.16538,-0.84514,-0.53153,-0.30612,-0.35186,0.10304,0.46104,-0.19001,-0.087368,-0.37727,-0.3163,0.14003,0.38765,0.036206,0.12339,-0.12541,-0.22137,-0.085433,-0.29414,-0.40443,-0.26373,-0.029776,0.15493,0.025247,-0.094011,-0.50263,-0.2417,-0.12265,-0.053174
-0.17072,-0.5358,0.17606,-0.055616,0.16384,0.042531,-0.068069,-0.22428,-0.11766,-0.27213,-0.12081,-0.27146,0.87866,0.85577,-0.14185,0.30258,-0.19043,-0.14244,-0.010238,-0.022531,0.33748,0.28573,-0.11228,0.17595,-0.11681,-0.2224,0.14418,0.25102,-0.26887,-0.18884,-0.17557,-0.27702,0,0.79519,0.385,-0.035869,0.062633,-0.26745,-0.099115,-0.28514,0.052819,0.00021462,0.050538,-0.0066071,-0.044309,0.043876,-0.02312,-0.058373,-0.29057,0.521,0.5763,0.39167,-0.25301,-0.13451,0.061382,0.2881,0.19424,-0.046132,0.03357,-0.20852,0.023844,0.16357,0.37156,0.09742,0.011586,-0.080028,-0.036194,0.39905,0.30492,-0.072062,0.034734,-0.03673,-0.024013,0.047461,0.014859,-0.020849,-0.09489,0.53635,0.43241,0.036512,0.033906,-0.31525,-0.24876,0.13244,-0.014932,0.20391,-0.022892,0.043737,-0.17219,-0.061102,-0.0027093,0.25019,0.2022,0.18152,0.18652,0.57618,0.21536,0.24878,0.2142,0.037485,-0.010369,0.073769,0.15673,0.22129,-0.33235
-0.18962,-0.45292,-0.16403,-0.22847,-0.22229,-0.16298,-0.11615,-0.29578,-0.24432,-0.39803,-0.15883,-0.30504,0.39225,0.55015,-0.36248,-0.054221,-0.14873,-0.38152,-0.328,0.078246,0.067588,-0.060398,-0.4192,-0.378,-0.35587,-0.37792,0.13981,0.42004,-0.27726,-0.31351,-0.28944,-0.2757,0.79519,0,0.22299,0.010032,-0.27124,-0.052264,-0.36916,-0.38677,-0.17946,-0.20389,0.0076428,0.022826,-0.32527,-0.19717,-0.18009,-0.28377,-0.20089,0.2199,0.23716,0.29132,-0.55294,-0.24367,-0.22239,0.1299,0.10384,-0.27477,-0.23117,-0.4301,-0.42635,0.52215,0.73226,0.15508,0.17366,0.015757,-0.095826,0.52649,0.5313,0.1219,-0.033408,-0.25471,-0.2553,-0.24854,-0.1622,-0.47468,-0.21683,0.61828,0.38107,-0.092491,-0.21164,-0.20069,-0.39855,-0.10535,-0.067373,-0.007452,-0.031385,-0.246,-0.41111,-0.24705,-0.31737,0.26382,0.2762,-0.017734,0.19055,0.58693,0.22252,0.099468,0.20211,0.33189,-0.20034,0.18266,0.22887,0.25338,0.14522
0.29129,0.0062139,-0.15287,-0.20205,-0.35677,-0.31355,0.35596,0.043359,0.45307,-0.0024201,0.54055,-0.034816,0.34305,0.36786,0.20711,-0.2131,-0.43147,-0.37878,-0.35377,-0.22834,0.11781,-0.17995,0.24833,-0.070352,0.27884,0.01201,0.26132,0.081909,0.2406,0.030221,0.42696,0.32595,0.385,0.22299,0,0.78319,0.41237,0.13253,0.28844,-0.56891,-0.0013876,-0.67743,0.75889,0.34894,0.65434,0.83465,0.4421,0.22542,-0.023074,-0.16428,-0.20183,0.13657,-0.055991,-0.37224,0.1327,0.27598,0.36169,0.69051,0.67667,0.16537,-0.0092197,0.36467,-0.033731,0.1023,0.65784,0.57073,0.40711,0.19714,-0.10389,0.85195,0.74895,0.6778,0.8445,0.69015,0.82621,0.046506,0.21171,-0.25113,-0.19917,0.2577,-0.22328,-0.41779,-0.19285,-0.51781,-0.59949,-0.52157,-0.55121,0.54188,0.31546,0.66757,0.69877,0.10657,-0.19769,0.13164,-0.18287,-0.10026,-0.30697,-0.075278,-0.1852,0.56572,-0.089976,-0.12854,0.062459,0.22364,-0.42242
0.026731,0.46555,-0.47617,-0.095431,-0.46338,0.14376,0.3862,0.49462,0.57006,0.43179,0.60563,0.36528,-0.22231,-0.077873,-0.11373,-0.43291,-0.36377,-0.36478,-0.46534,-0.4628,-0.12095,-0.2941,0.22242,0.1019,0.28225,0.39017,0.049275,0.20331,0.60405,0.29978,0.50519,0.75979,-0.035869,0.010032,0.78319,0,0.081269,0.61048,0.074779,-0.050493,-0.0058265,-0.33836,0.94502,1.0675,0.30856,0.4672,0.4835,0.18766,-0.12953,-0.49905,-0.60054,0.040703,-0.33501,-0.37493,-0.39428,0.21308,0.35173,0.44492,0.36719,0.14633,-0.0019055,0.12974,-0.11671,-0.022256,0.57043,0.64009,0.37812,0.11144,-0.1955,1.0805,0.96595,0.43563,0.4555,0.32038,0.36604,-0.10486,0.062245,-0.58711,-0.64563,-0.094746,-0.37719,-0.20509,-0.010958,-0.5017,-0.49978,-0.77979,-0.56107,0.37751,0.5143,0.34404,0.33901,0.023606,-0.010371,-0.0042454,-0.087764,-0.38121,-0.54048,-0.044982,-0.015745,0.39524,0.052552,-0.42934,0.027634,0.0033729,-0.034833
0.42151,-0.027047,-0.11438,-0.31891,0.12257,-0.35096,0.24393,-0.14633,0.06277,-0.24629,0.12241,-0.28585,0.062373,-0.026224,0.68474,0.10443,-0.15092,0.04331,0.026125,-0.18636,0.15071,0.28861,0.39214,0.11144,0.086843,-0.28542,0.21987,-0.29651,-0.093619,0.20273,0.0085322,0.14715,0.062633,-0.27124,0.41237,0.081269,0,-0.19008,0.59945,-0.14966,0.16711,-0.04035,0.053106,0.084585,0.2845,0.37218,0.34255,0.49009,0.46672,-0.2649,-0.23779,0.046047,0.62005,-0.10871,0.25748,0.72291,0.20528,0.44658,0.76737,0.43953,0.055691,0.1092,-0.12742,0.23246,0.3956,0.50868,0.47498,-0.10001,-0.31356,0.10986,0.23099,0.28257,0.51627,0.26907,0.4398,0.25338,-0.21391,-0.46141,-0.26528,0.10865,-0.27034,-0.33756,-0.085494,-0.34191,-0.23134,-0.22442,-0.38399,0.5144,0.56723,0.28104,0.52618,-0.51726,-0.69038,0.20842,-0.19289,-0.22427,-0.42539,-0.17731,-0.23861,0.38295,0.25469,0.2114,0.15172,0.091683,-0.23379
-0.097004,0.4944,-0.17136,0.30991,-0.38525,0.22017,0.098923,0.33818,0.51469,0.66198,0.48883,0.59074,-0.20743,-0.19648,-0.35102,-0.46296,-0.046881,0.033543,0.12747,0.095819,-0.45969,-0.64862,0.03888,0.036594,0.40779,0.81508,-0.25937,0.058937,0.63028,0.43999,0.54543,1.056,-0.26745,-0.052264,0.13253,0.61048,-0.19008,0,0.004328,0.012567,-0.2691,-0.25874,0.52838,0.51251,0.0041552,0.084716,0.086482,0.070363,-0.011187,-0.29269,-0.31994,-0.1844,-0.1402,-0.11281,-0.37825,-0.1641,0.029822,0.10892,0.069615,0.10037,-2.5713e-05,-0.089885,-0.15079,-0.015736,0.12618,0.12322,0.049814,-0.052927,-0.066481,0.46835,0.54232,0.17726,0.14832,0.079984,0.023371,-0.0066058,0.38394,-0.54885,-0.36875,-0.19632,-0.10018,0.079084,0.2663,-0.035015,-0.023251,-0.24252,-0.028817,0.090552,0.25353,0.0052242,-0.12236,0.16805,0.060351,-0.18256,-0.19036,-0.2981,-0.025029,0.1363,0.23348,0.092645,-0.10245,-0.48374,-0.19448,-0.14785,0.01181
0.86403,-0.19016,-0.082259,-0.23026,0.36174,-0.46037,1.0931,0.14295,0.41967,-0.029833,0.66822,0.11235,0.26558,0.033213,0.74543,0.0095326,0.24967,0.17234,-0.10427,0.086591,0.32851,-0.23552,1.1852,0.26408,0.11283,-0.06001,0.64735,-0.41076,0.29628,0.56514,-0.079157,0.25624,-0.099115,-0.36916,0.28844,0.074779,0.59945,0.004328,0,0.034761,0.93801,-0.13853,0.48129,0.051703,0.1168,0.26351,0.43013,0.52932,0.50335,-0.016802,-0.16491,-0.103,0.55174,-0.40006,0.22341,0.38626,0.12247,0.43095,0.6441,0.42433,0.0072066,0.2706,-0.31207,0.38655,0.075997,0.52852,0.60092,-0.10287,-0.13049,0.15747,0.17298,0.3955,0.68905,0.36975,0.41262,0.039779,0.054166,-0.41542,-0.20332,0.10239,-0.2406,-0.31934,0.23584,-0.39551,-0.40424,-0.41825,-0.46394,0.39739,0.46075,0.36288,0.60897,-0.42635,-0.73518,0.43833,-0.018472,-0.16044,-0.12647,-0.55125,-0.26764,0.29241,-0.088123,0.18188,-0.18318,-0.21603,-0.36486
-0.11839,0.37524,-0.43094,-0.15719,0.47139,0.73578,0.067667,0.68868,-0.20613,0.25634,-0.23346,0.30422,-0.42805,-0.6974,-0.094763,0.0048279,0.06113,0.13126,0.094804,-0.14124,0.1484,0.3847,0.19743,0.2867,0.052068,0.11218,-0.0071094,0.10921,0.1825,0.28086,-0.34685,-0.088492,-0.28514,-0.38677,-0.56891,-0.050493,-0.14966,0.012567,0.034761,0,0.40629,1.2656,-0.1091,0.2848,-0.30278,-0.33409,0.0066424,-0.14211,-0.013434,0.11718,0.017927,-0.43718,-0.0099255,0.37555,-0.29812,0.15323,0.28054,-0.030906,-0.18282,-0.33869,-0.039645,-0.52885,-0.52729,-0.1499,-0.45712,-0.079319,-0.11433,-0.19513,-0.34817,-0.42197,-0.33651,-0.39441,-0.43464,-0.46563,-0.38386,-0.31892,-0.29379,-0.20716,-0.30975,-0.043359,0.19599,0.02923,0.060893,0.23269,0.18012,0.16616,0.18832,-0.0027554,0.16346,-0.24069,-0.21676,-0.32684,0.069781,-0.14104,0.16781,-0.4365,-0.29805,0.19585,-0.081712,-0.22977,0.095694,-0.067449,-0.21428,-0.64532,0.16526
0.55148,-0.29505,-0.17202,-0.34588,0.59923,-0.15134,1.0331,0.35071,0.15987,-0.077997,0.36573,0.11971,0.2686,0.10271,0.58546,0.18728,0.33897,0.11356,-0.37401,-0.10383,0.52694,0.041544,0.88756,0.34903,-0.069658,-0.26562,0.78296,-0.1135,0.16009,0.38962,-0.42578,-0.10104,0.052819,-0.17946,-0.0013876,-0.0058265,0.16711,-0.2691,0.93801,0.40629,0,0.28229,0.40264,0.21183,-0.12122,0.027662,0.30154,0.28543,0.28819,0.1738,0.050284,-0.083723,0.1551,-0.38862,0.041903,0.46707,0.36021,0.15632,0.22665,0.060823,-0.14134,0.24113,-0.13905,0.35617,-0.12547,0.37264,0.34389,0.10712,0.026208,-0.04913,-0.10239,0.061977,0.15927,0.037493,0.054737,-0.23878,-0.17836,-0.095846,-0.034172,0.043833,-0.16146,-0.20947,0.12121,-0.35035,-0.33588,-0.35586,-0.44612,0.14972,0.33792,0.1451,0.41492,-0.47623,-0.51906,0.32317,0.20183,-0.065203,-0.18387,-0.51001,-0.051802,0.12444,-0.16597,0.16821,-0.33098,-0.31639,-0.23747
-0.32467,0.10776,-0.17589,-0.17404,0.6276,0.76418,-0.12561,0.3961,-0.49804,0.077189,-0.53377,0.1215,-0.1798,-0.36883,-0.077594,0.19837,0.12994,0.27921,0.21729,-0.084544,0.18701,0.65924,-0.058484,0.24008,-0.17922,-0.15117,-0.087842,0.13272,-0.13619,0.12764,-0.58093,-0.33534,0.00021462,-0.20389,-0.67743,-0.33836,-0.04035,-0.25874,-0.13853,1.2656,0.28229,0,-0.41,0.13467,-0.44973,-0.51219,-0.084141,-0.097886,-0.037241,0.29789,0.28217,-0.28399,-0.021607,0.41786,-0.24356,0.26379,0.28729,-0.16283,-0.26129,-0.39617,-0.062468,-0.57373,-0.23948,0.018092,-0.46768,-0.19204,-0.20773,-0.0082965,-0.17968,-0.84182,-0.56397,-0.66706,-0.73325,-0.63428,-0.60081,-0.24144,-0.41424,0.058032,0.030887,-0.16001,0.25966,0.11997,-0.053645,0.40796,0.31087,0.43853,0.29933,-0.025496,0.12896,-0.39355,-0.33695,-0.284,0.087681,-0.1196,0.21803,-0.098814,-0.15136,0.24734,0.01281,-0.35639,0.1462,0.083266,-0.1655,-0.52265,0.06669
0.33238,0.10471,-0.30535,-0.13394,-0.23754,-0.16808,0.81271,0.51006,1.0013,0.42374,1.1549,0.5368,0.22452,0.21568,0.15177,-0.37113,-0.090396,-0.23087,-0.46199,-0.29067,-0.066877,-0.50278,0.51355,0.14586,0.42178,0.2184,0.30681,0.0095472,0.72215,0.37274,0.38647,0.62271,0.050538,0.0076428,0.75889,0.94502,0.053106,0.52838,0.48129,-0.1091,0.40264,-0.41,0,0.8164,0.43415,0.66189,0.38096,0.24979,-0.090442,-0.19712,-0.29124,-0.090445,-0.15094,-0.57555,-0.19654,0.23564,0.4864,0.48986,0.45055,0.16742,-0.16398,0.26595,-0.24215,0.070936,0.22983,0.50842,0.35253,0.056582,-0.16535,0.72269,0.66836,0.51751,0.58693,0.56772,0.56747,-0.074291,0.26092,-0.44477,-0.26493,0.20493,-0.13495,-0.26961,0.063741,-0.51092,-0.6127,-0.72327,-0.58532,0.34914,0.48118,0.46466,0.59587,0.036297,-0.27422,0.23676,0.018091,-0.36009,-0.46581,-0.33131,0.086869,0.28717,-0.37649,-0.47082,-0.43468,0.078087,-0.22292
-0.071232,0.39609,-0.61293,-0.21317,-0.25278,0.29162,0.42546,0.7921,0.39146,0.49224,0.44594,0.55233,-0.21296,-0.10606,-0.07717,-0.45012,-0.1942,-0.24555,-0.45119,-0.60436,-0.25783,-0.1358,0.10924,0.11185,0.11708,0.10066,0.039741,0.19218,0.44485,0.47196,0.1365,0.65198,-0.0066071,0.022826,0.34894,1.0675,0.084585,0.51251,0.051703,0.2848,0.21183,0.13467,0.8164,0,0.038927,0.23961,0.30237,0.15804,-0.053062,-0.35819,-0.46245,-0.071717,-0.37337,-0.33367,-0.64189,0.54196,0.71781,0.22777,0.17964,-0.033636,-0.27005,-0.051259,-0.11988,0.077819,0.2575,0.52517,0.23796,0.132,-0.17262,0.45378,0.51964,0.073963,0.061532,-0.020646,0.085742,-0.21715,-0.14414,-0.52552,-0.3948,-0.18818,-0.2887,-0.056608,-0.039715,-0.34994,-0.27981,-0.53599,-0.48253,0.24431,0.63987,0.036085,0.18127,-0.19519,-0.15151,-0.064739,0.023292,-0.43349,-0.80565,-0.005592,0.24404,0.18025,-0.16732,-0.47206,-0.30826,-0.13207,0.074423
