,,,,,,,,,,,,,,,,,,,,,,,,,,,,,,,,,,,,,,,,,,,,,,,,,,,,,,,,,,,,,,,,,,,,,,,,,,,,,,,,,,,,,,,,,,,,,,,,,,,,,,,,
0,0.21759,-0.20044,-0.099955,0.33038,-0.25553,0.49772,0.20706,0.42381,-0.1749,0.57793,-0.12789,0.079123,-0.20977,1.1049,0.13914,-0.2158,0.071838,-0.098292,0.025168,0.30673,-0.027616,0.83407,0.16364,0.42216,0.17386,0.45264,0.12059,0.30819,0.049541,0.061686,0.10461,-0.10413,-0.27711,0.37135,0.21346,0.51943,0.14614,0.86526,0.1559,0.57786,-0.16883,0.38536,0.056391,0.23807,0.41589,0.50585,0.51174,0.60241,-0.049,-0.16035,0.13302,0.61707,-0.016807,0.3698,0.39321,0.29319,0.61498,1.0151,0.42233,0.28168,0.23829,-0.41812,0.20037,0.32668,0.5729,0.55288,0.068425,-0.1038,0.36814,0.32362,0.52051,0.67828,0.36683,0.44552,0.10508,0.24895,-0.59532,-0.51111,0.37847,-0.16074,-0.39881,0.023027,-0.60769,-0.23291,-0.47082,-0.53535,0.45877,0.40519,0.57002,0.78647,-0.76367,-0.82527,-0.11138,-0.46787,-0.4038,-0.21957,-0.15225,-0.24091,0.50742,0.10181,0.084154,0.0041353,-0.3133,-0.41521
0.21759,0,-0.40169,0.45839,-0.32491,0.57627,-0.30133,0.61334,0.6049,0.53638,0.34554,0.44312,-0.60673,-0.59866,0.13741,-0.014173,-0.73238,-0.20285,0.39715,-0.28798,-0.72675,0.30565,0.18098,0.37906,0.5171,0.77639,-0.53228,-0.063976,0.3835,-0.11618,0.49961,0.45463,-0.3597,-0.44033,0.16376,0.59938,-0.043998,0.35719,-0.093781,0.75147,-0.15966,0.31975,0.035684,0.37396,0.28389,0.33753,0.074045,-0.018799,0.27791,-0.54781,-0.7344,-0.152,0.081271,0.58432,-0.1831,-0.18566,0.2849,0.44502,0.48729,0.54002,0.7532,-0.52303,-0.50262,-0.49231,-0.027944,0.1003,-0.040864,-0.79997,-0.88304,0.19153,0.25879,0.3292,0.25092,0.27267,0.25542,0.19677,0.15603,-0.43926,-0.66099,0.050758,-0.031612,-0.055148,-0.066818,0.075326,0.55911,0.014127,-0.067029,0.16868,0.1829,0.30089,0.2563,-0.14398,0.073513,-0.41369,-0.1492,-1.0795,-0.48287,0.33997,0.00050603,-0.10253,0.10297,-0.11701,0.087639,-0.26267,0.11712
-0.20044,-0.40169,0,0.58281,0.37732,-0.13589,-0.2807,-0.49353,-0.20588,-0.15911,-0.37011,-0.17803,0.26821,0.18807,0.062685,0.32626,0.54489,0.40872,0.21239,0.21826,0.22097,-0.038376,-0.1546,0.14915,-0.0066791,0.023946,-0.08074,-0.27188,-0.28964,-0.11197,-0.071342,-0.39651,-0.0069905,-0.33168,-0.42793,-0.75799,-0.012427,-0.48915,-0.053163,-0.23095,-0.012775,-0.054793,-0.51276,-0.77707,-0.012498,-0.12839,-0.061068,0.12594,-0.24901,0.48299,0.5912,0.13522,0.24889,0.098247,0.58764,-0.43896,-0.43711,-0.24698,-0.19082,0.12439,0.18886,-0.2232,-0.030725,-0.00054771,-0.46571,-0.42622,-0.10689,0.082906,0.25043,-0.50725,-0.37779,-0.038005,-0.15261,0.081254,-0.22329,0.75339,0.50476,0.44587,0.66558,0.13509,0.64061,0.42611,0.43621,0.5132,0.16353,0.52284,0.50681,-0.097845,-0.22334,0.023563,0.02377,0.2586,0.122,0.23984,0.04085,0.52226,0.67932,0.021419,0.1843,-0.48467,0.23317,-0.052052,-0.070369,0.18877,-0.26178
-0.099955,0.45839,0.58281,0,-0.076235,0.29645,-0.6965,-0.11819,0.27883,0.21895,-0.049595,0.15979,-0.29516,-0.214,-0.090907,0.17093,-0.10223,0.025399,0.60779,0.0053765,-0.43543,0.089716,-0.10004,0.54782,0.31209,0.80974,-0.66085,-0.32736,-0.041138,-0.1113,0.33676,0.14985,-0.16684,-0.42329,-0.3872,-0.1287,-0.23888,0.046469,-0.26366,0.28825,-0.21722,0.13668,-0.42946,-0.24686,0.017968,0.044544,-0.24799,-0.16456,-0.057696,-0.035243,-0.073271,0.17306,0.064962,0.41679,0.13838,-0.72676,-0.32666,-0.24726,-0.040623,0.50617,0.80459,-0.68023,-0.20783,-0.57934,-0.52122,-0.47401,-0.28477,-0.64435,-0.23943,-0.18019,-0.014276,0.23944,0.0041909,0.16386,-0.098213,0.84784,0.44179,0.17979,0.058492,-0.0037957,0.38883,0.30053,0.35732,0.6796,0.99356,0.57808,0.48505,-0.32652,-0.32047,-0.036829,-0.017543,0.16405,0.37015,-0.15852,-0.052147,-0.10928,0.29596,0.44611,0.41549,-0.62791,0.28119,-0.11739,0.13766,0.022822,0.074132
0.33038,-0.32491,0.37732,-0.076235,0,0.22148,0.33875,0.24689,-0.20303,-0.18034,-0.15882,0.043148,0.394,0.026735,0.55322,0.34515,0.48363,0.59519,0.049898,0.58446,0.6053,0.10367,0.3061,0.14056,-0.0028381,-0.086859,0.50731,0.055284,-0.1389,-0.098815,-0.63533,-0.44766,-0.11185,-0.26629,-0.39552,-0.5879,0.22117,-0.040198,0.40431,0.29818,0.71304,0.42027,-0.147,-0.27085,-0.2868,-0.3157,0.35066,0.47241,-0.017047,0.7176,0.72707,-0.25134,0.4394,0.12575,0.35723,0.29624,0.16938,0.18521,0.26427,-0.013657,0.015813,-0.046228,-0.34667,0.48093,-0.24036,0.20425,0.32843,0.55428,0.14799,-0.62801,-0.52146,-0.28244,-0.1808,-0.22749,-0.25494,0.089993,0.35919,0.0028629,0.24675,0.23188,0.47465,-0.0026666,-0.033886,0.074755,-0.18574,0.26838,0.23485,0.34851,0.3461,0.15235,0.25514,-0.54947,-0.34233,0.098544,0.024791,0.28248,0.33853,-0.10684,-0.0096195,0.072399,-0.013827,0.30544,-0.1796,-0.48421,-0.39196
-0.25553,0.57627,-0.13589,0.29645,0.22148,0,-0.31152,0.83679,0.098013,0.59261,-0.10219,0.66781,-0.136,-0.17915,-0.11216,0.12762,-0.31729,-0.0079707,0.51954,0.055207,-0.28082,0.6149,-0.082193,0.41105,0.13342,0.44498,-0.39179,0.024219,0.014231,-0.17102,-0.033731,0.03346,-0.053573,-0.17289,-0.30887,0.075219,-0.34693,0.24886,-0.34742,0.99654,0.061339,1.1316,-0.17346,0.28168,-0.1113,-0.17616,-0.11227,-0.24668,-0.17096,0.075476,0.022477,-0.33765,-0.15017,0.71066,-0.26646,-0.1111,0.33044,0.091751,-0.00085797,-0.0084574,0.4529,-0.79166,-0.37958,-0.32499,-0.3628,-0.20177,-0.35911,-0.28278,-0.57075,-0.43678,-0.21599,-0.21206,-0.31705,-0.12256,-0.18157,-0.085867,0.030641,0.07072,-0.071468,-0.10609,0.3361,0.061999,-0.30444,0.57122,0.58179,0.60201,0.3389,0.028899,0.092939,-0.039488,-0.098977,-0.011251,0.40515,-0.29875,0.21809,-0.31209,-0.070448,0.40062,0.091253,-0.36919,-0.1155,0.11995,-0.055525,-0.49631,-0.0013544
0.49772,-0.30133,-0.2807,-0.6965,0.33875,-0.31152,0,0.30063,0.17214,-0.029218,0.6114,0.12333,0.29803,0.19214,0.39793,-0.11338,0.30747,0.19538,-0.32926,0.036852,0.32621,-0.25353,0.70116,0.10508,-0.10183,-0.24902,0.82254,-0.17692,0.39263,0.45108,-0.25239,0.23052,-0.061734,-0.11051,0.32095,0.2319,0.30078,0.043847,0.99647,-0.035919,0.93259,-0.071286,0.75715,0.36045,-0.038386,0.086267,0.63582,0.6898,0.33844,-0.10067,-0.12404,0.0061202,0.10358,-0.74808,-0.1529,0.56218,0.25825,0.42308,0.31341,-0.040244,-0.32106,0.46707,-0.009275,0.38963,0.32812,0.73736,0.73997,0.31031,0.18827,0.22457,0.26051,0.092878,0.33105,0.090987,0.15366,-0.38668,-0.22358,-0.46854,-0.23846,-0.1108,-0.36067,-0.13336,0.1501,-0.5569,-0.72834,-0.63134,-0.60012,0.50916,0.68745,0.27934,0.41933,-0.51772,-0.77651,0.28914,-0.071957,-0.052582,-0.26583,-0.74721,-0.17042,0.33085,-0.13715,-0.05037,-0.38452,-0.33396,-0.31433
0.20706,0.61334,-0.49353,-0.11819,0.24689,0.83679,0.30063,0,0.34771,0.64601,0.38514,0.92441,-0.083833,-0.22238,0.29652,-0.059834,-0.27427,-0.0073484,0.1236,-0.13637,-0.28362,0.31371,0.24055,0.29059,0.21491,0.25677,0.079293,0.039231,0.32384,0.061364,-0.029431,0.2695,-0.17168,-0.24816,0.14015,0.34077,0.03586,0.37802,0.12728,0.8626,0.41144,0.71038,0.38834,0.69116,0.068686,0.12315,0.28319,0.2196,0.10112,-0.14171,-0.18236,-0.34768,0.085286,0.33012,-0.26705,0.34952,0.75192,0.54609,0.42608,0.096873,0.24477,-0.42625,-0.56406,-0.059286,-0.056862,0.34387,0.11565,-0.08775,-0.40538,-0.1097,0.068504,-0.021855,0.002282,0.0012216,0.08173,-0.15685,0.10538,-0.43145,-0.2978,0.0055181,0.14276,-0.028513,-0.22989,-0.047587,0.12004,0.0047517,-0.12855,0.40901,0.55749,0.2519,0.32263,-0.47084,-0.24034,-0.28773,0.067397,-0.62873,-0.46783,0.09118,0.053542,0.037326,-0.34668,-0.12069,-0.45028,-0.59647,-0.093369
0.42381,0.6049,-0.20588,0.27883,-0.20303,0.098013,0.17214,0.34771,0,0.48938,1.3994,0.40884,-0.041874,-0.083041,0.27254,-0.017943,-0.36177,0.0069488,0.37736,-0.17831,-0.42508,-0.10893,0.65051,0.57289,0.69202,0.71552,-0.044967,-0.16614,0.46776,0.089338,0.67485,0.62527,-0.12501,-0.44167,0.36062,0.71693,0.10559,0.34195,0.29011,0.38884,0.15293,-0.056532,0.56855,0.41868,0.42637,0.67528,0.17006,0.24157,0.11009,-0.71603,-0.65253,0.020469,-0.041384,-0.083678,-0.39334,0.012478,0.18806,0.3925,0.69744,0.89567,0.64919,-0.27829,-0.55857,-0.3108,-0.10921,0.20671,0.21086,-0.54975,-0.61914,0.2286,0.64372,0.54435,0.58211,0.70864,0.53472,0.24573,0.016341,-0.52988,-0.77417,0.18433,-0.14198,-0.17543,0.26738,-0.12497,0.086277,-0.15197,-0.28457,0.20402,0.29969,0.3219,0.57598,-0.21608,-0.16497,0.18269,-0.072991,-0.73636,-0.53672,-0.22571,0.083466,-0.033365,-0.16815,-0.38818,-0.22184,-0.037552,-0.10229
-0.1749,0.53638,-0.15911,0.21895,-0.18034,0.59261,-0.029218,0.64601,0.48938,0,0.36075,1.3059,-0.35189,-0.294,-0.092959,-0.051884,-0.079886,0.14602,0.49183,-0.16939,-0.5941,0.2272,0.096181,0.55748,0.27795,0.5898,-0.37406,-0.15612,0.53313,0.47133,0.40786,0.67005,-0.31664,-0.34995,-0.1622,0.31924,-0.16916,0.51823,-0.086305,0.50911,-0.029743,0.36886,0.21349,0.48255,0.052107,0.0063563,0.051369,0.10625,0.098621,-0.41455,-0.23455,-0.22044,0.095668,0.30128,-0.27693,-0.13311,0.12749,0.11322,0.064575,0.20227,0.35608,-0.58303,-0.33649,-0.29158,-0.26997,-0.094451,-0.19241,-0.52598,-0.45086,-0.079881,0.24618,-0.054266,-0.07825,0.12807,-0.050617,0.0637,0.040411,-0.27655,-0.15952,-0.31677,0.15841,0.4325,0.32698,0.29124,0.39722,0.1502,0.049705,0.15099,0.26275,0.068057,-0.081511,0.083999,0.012064,-0.085234,0.17217,-0.64603,-0.17834,-0.076785,0.15457,-0.37952,-0.22886,-0.4976,-0.41505,-0.12783,-0.0084958
0.57793,0.34554,-0.37011,-0.049595,-0.15882,-0.10219,0.6114,0.38514,1.3994,0.36075,0,0.37199,0.089539,0.023392,0.33091,-0.19372,-0.2695,-0.0025116,0.16116,-0.16894,-0.22993,-0.28167,0.78468,0.4053,0.42011,0.41686,0.22014,-0.20564,0.55144,0.30954,0.51025,0.71882,-0.070005,-0.32493,0.55842,0.74207,0.18313,0.31531,0.59993,0.19302,0.35963,-0.16154,0.94,0.51225,0.40593,0.68465,0.26652,0.3374,0.24553,-0.64912,-0.68701,0.11486,-0.022097,-0.35876,-0.41977,0.18417,0.19067,0.44388,0.6263,0.55114,0.32217,-0.046824,-0.41166,-0.15525,0.13962,0.36834,0.35695,-0.3444,-0.35668,0.3887,0.84064,0.63201,0.77657,0.70265,0.62066,-0.014957,-0.12585,-0.70283,-0.82534,0.059092,-0.35037,-0.28715,0.2393,-0.35442,-0.18145,-0.4222,-0.58682,0.2612,0.40637,0.32252,0.6035,-0.34448,-0.40968,0.19712,-0.16199,-0.6391,-0.58551,-0.43874,-0.088917,0.10021,-0.18236,-0.35887,-0.34753,-0.16936,-0.2037
-0.12789,0.44312,-0.17803,0.15979,0.043148,0.66781,0.12333,0.92441,0.40884,1.3059,0.37199,0,-0.34045,-0.32145,-0.02062,-0.25043,0.00021839,0.051259,0.32216,-0.10903,-0.53338,0.04006,-0.011762,0.40577,0.052723,0.48025,-0.23224,-0.24696,0.4197,0.39732,0.09231,0.52987,-0.37292,-0.28801,-0.19162,0.15548,-0.086222,0.50303,-0.049918,0.55029,0.11988,0.48184,0.21726,0.50952,-0.12329,-0.094019,0.10728,0.16857,-0.08185,-0.2907,-0.16259,-0.16819,0.090076,0.24252,-0.36986,-0.019142,0.16103,0.080887,0.076279,0.20152,0.29702,-0.69974,-0.44454,-0.21026,-0.26404,0.056858,-0.054443,-0.31608,-0.31166,-0.19826,0.14535,-0.10237,-0.1331,0.0045813,-0.1246,0.078722,0.11021,-0.20909,-0.045796,-0.37306,0.2942,0.34753,0.12364,0.28621,0.36811,0.22342,0.15272,0.11844,0.28838,-0.011599,-0.046342,-0.098877,0.0039783,-0.0096692,0.31316,-0.38625,-0.12307,-0.08114,0.17923,-0.28387,-0.20031,-0.26888,-0.41185,-0.29105,0.12375
0.079123,-0.60673,0.26821,-0.29516,0.394,-0.136,0.29803,-0.083833,-0.041874,-0.35189,0.089539,-0.34045,0,1.0395,0.18671,0.28584,0.098006,0.28788,-0.046762,0.18089,0.4715,0.028496,0.19151,-0.047927,-0.099926,-0.49232,0.61737,0.2268,-0.42018,-0.1648,-0.15417,-0.43882,0.86016,0.2161,0.20429,-0.19043,-0.020061,-0.49384,0.26283,-0.1518,0.42495,0.035304,0.15256,-0.19292,0.16671,0.16113,-0.10872,0.01827,-0.10569,0.57421,0.39279,0.089917,-0.15118,-0.22586,0.087262,0.2854,0.14288,0.019288,0.058693,-0.19454,-0.13963,0.21132,0.075904,0.3258,-0.10027,-0.14084,-0.025274,0.42846,0.28696,-0.33143,-0.15325,0.0041977,0.069572,0.17284,0.15264,-0.18746,-0.15225,0.21036,0.20364,0.25396,-0.058318,-0.30425,-0.085002,-0.083101,-0.37826,0.035324,-0.2545,0.0010806,-0.048916,-0.0089143,0.22438,-0.074346,-0.14547,0.23834,0.025039,0.35418,0.070529,-0.20861,-0.12961,-0.046411,-0.4162,0.0048206,-0.33381,-0.028539,-0.5442
-0.20977,-0.59866,0.18807,-0.214,0.026735,-0.17915,0.19214,-0.22238,-0.083041,-0.294,0.023392,-0.32145,1.0395,0,-0.11254,0.19807,0.006399,0.0035293,-0.1391,-0.0037782,0.13898,0.14558,-0.014826,0.12721,-0.36622,-0.51387,0.35281,0.016897,-0.55413,-0.2189,-0.01811,-0.20126,0.95727,0.40004,0.29227,0.016736,-0.19472,-0.52245,-0.032181,-0.3617,0.19569,-0.17259,0.1747,-0.025914,0.16944,0.16096,-0.18105,-0.10829,-0.2252,0.26548,0.16817,0.31558,-0.46761,-0.45826,-0.11152,0.12499,-0.073401,-0.19967,-0.2237,-0.23226,-0.16138,0.28831,0.53562,0.013354,0.075854,-0.17152,-0.046088,0.18577,0.32895,-0.071123,0.049045,0.079128,0.1027,0.19896,0.20377,-0.18805,-0.39505,0.36867,0.26213,-0.020434,-0.26525,-0.15841,-0.13363,-0.052035,-0.25997,-0.03366,-0.29553,-0.19544,-0.18427,-0.088983,0.097758,0.11814,0.084139,0.26884,0.15609,0.4278,0.0030094,-0.24207,0.090849,-0.24373,-0.2765,-0.042788,-0.087615,0.31199,-0.17337
1.1049,0.13741,0.062685,-0.090907,0.55322,-0.11216,0.39793,0.29652,0.27254,-0.092959,0.33091,-0.02062,0.18671,-0.11254,0,0.34328,-0.040121,0.28459,-0.16004,-0.037069,0.32911,0.1689,0.6128,0.15454,0.34673,-0.020641,0.38523,0.16805,0.10935,-0.048609,-0.016276,-0.10524,-0.15019,-0.47185,0.23826,0.0050596,0.81173,-0.016903,0.74028,0.15443,0.61673,0.036596,0.24843,0.026163,0.30975,0.37583,0.51642,0.69943,0.37524,0.11475,0.091853,-0.085493,0.83664,0.11382,0.57663,0.5275,0.42321,0.64852,0.95201,0.49701,0.2578,0.081577,-0.46245,0.45752,0.22657,0.5248,0.48231,0.2076,-0.19169,0.051561,0.027649,0.32837,0.42444,0.34005,0.36327,0.35196,0.43109,-0.49125,-0.17942,0.4519,0.089235,-0.27277,-0.10941,-0.54749,-0.26153,-0.33938,-0.39266,0.61016,0.65323,0.59113,0.90114,-0.8114,-0.98222,0.024654,-0.26553,-0.29206,-0.24591,-0.21042,-0.153,0.35964,0.091499,0.13739,-0.096924,-0.15427,-0.48033
0.13914,-0.014173,0.32626,0.17093,0.34515,0.12762,-0.11338,-0.059834,-0.017943,-0.051884,-0.19372,-0.25043,0.28584,0.19807,0.34328,0,0.15441,0.28475,0.06573,-0.034925,0.19647,0.68522,0.408,0.37007,0.25868,-0.028921,0.12088,0.21926,-0.15841,-0.3659,-0.080971,-0.5259,0.14722,-0.19742,-0.24972,-0.24193,-0.031429,-0.35935,0.12372,0.26211,0.37931,0.26515,-0.28899,-0.33291,0.028907,-0.12354,-0.049953,0.09262,0.10446,0.18678,0.24253,-0.25921,0.28183,0.27533,0.39402,0.093861,0.12856,0.026096,0.10354,0.30617,0.34841,0.15994,0.11166,0.20284,-0.42689,-0.16893,-0.13415,-0.016858,0.017968,-0.32308,-0.57842,-0.22186,-0.20016,-0.095279,-0.17826,0.17812,0.11067,0.18936,0.14804,0.24484,0.013483,-0.025748,0.05813,-0.04903,0.094897,0.012303,0.013269,-0.0098155,-0.021209,0.045765,0.083459,0.043862,-0.056574,0.20952,0.30595,0.085074,0.19893,-0.011318,0.26112,-0.030931,-0.030263,0.20583,0.053873,0.24096,-0.076345
-0.2158,-0.73238,0.54489,-0.10223,0.48363,-0.31729,0.30747,-0.27427,-0.36177,-0.079886,-0.2695,0.00021839,0.098006,0.006399,-0.040121,0.15441,0,0.65888,-0.19839,0.41558,0.32404,-0.40026,0.032164,-0.10514,-0.16311,-0.24112,0.3634,-0.10429,0.049702,0.28844,-0.49722,-0.24015,-0.34986,-0.10342,-0.63411,-0.63573,0.0060594,-0.031759,0.18458,-0.16878,0.25817,-0.025807,-0.14875,-0.31764,-0.53476,-0.62535,0.21268,0.4426,-0.087205,0.29479,0.6039,-0.30451,0.16078,-0.37497,0.1517,-0.012937,-0.20798,-0.24758,-0.27883,-0.14705,-0.49779,0.26687,0.18766,0.60061,-0.36945,0.081236,0.25105,0.52631,0.61856,-0.40957,-0.52452,-0.64101,-0.53528,-0.53596,-0.71435,0.08102,0.2402,0.1635,0.58096,-0.10313,0.30684,0.57662,0.58637,0.035926,-0.31585,0.031697,0.37784,0.061778,0.13882,-0.1493,-0.2236,-0.0026513,-0.23227,0.36815,0.24074,0.58582,0.55921,-0.43254,0.31848,0.025405,-0.092951,-0.078257,-0.35524,0.065413,-0.0012354
0.071838,-0.20285,0.40872,0.025399,0.59519,-0.0079707,0.19538,-0.0073484,0.0069488,0.14602,-0.0025116,0.051259,0.28788,0.0035293,0.28459,0.28475,0.65888,0,0.27601,0.66237,0.18275,-0.15372,0.3565,0.19172,0.15233,0.022865,0.1787,0.13208,0.11395,0.20767,-0.038687,-0.034442,-0.31783,-0.4528,-0.49455,-0.28702,0.0092035,0.16978,0.34075,0.16389,0.22274,0.19071,-0.09511,-0.23133,-0.12235,-0.23334,0.22908,0.61796,0.28669,0.39722,0.36764,-0.37865,0.33165,-0.027039,0.15504,-0.02019,-0.078039,0.10169,0.21387,0.04939,-0.10994,0.04973,-0.16158,0.59002,-0.23311,0.0072278,0.24503,0.2273,0.041449,-0.53048,-0.29912,-0.28941,-0.16256,-0.07721,-0.27642,0.084069,0.24116,-0.27183,0.076575,0.057014,0.17323,0.23019,0.51574,0.058182,-0.2387,0.047329,0.043136,0.31808,0.41752,0.12629,0.072481,-0.26807,-0.42638,0.07056,-0.17723,-0.015146,0.18555,-0.4461,-0.040674,-0.24935,-0.085913,-0.24695,-0.42756,-0.23278,-0.46509
-0.098292,0.39715,0.21239,0.60779,0.049898,0.51954,-0.32926,0.1236,0.37736,0.49183,0.16116,0.32216,-0.046762,-0.1391,-0.16004,0.06573,-0.19839,0.27601,0,0.35513,-0.41278,0.18403,0.19352,0.59698,0.24086,0.68842,-0.37321,-0.44522,-0.076362,0.12078,0.42183,0.38168,-0.11419,-0.53299,-0.23009,-0.022538,-0.14812,0.16266,0.040701,0.47469,-0.16719,0.33161,-0.32095,-0.193,0.11405,0.054129,-0.25168,-0.15828,0.070629,-0.14605,-0.20332,-0.13258,0.060079,0.49326,-0.18535,-0.40314,-0.31319,-0.01642,0.063596,0.33074,0.73876,-0.90024,-0.51748,-0.53724,-0.5342,-0.47744,-0.23807,-0.81055,-0.59282,-0.46495,0.082541,0.16166,0.18285,0.27016,0.14881,0.24073,-0.037334,-0.09164,-0.29748,-0.10353,0.11922,0.096829,0.32036,0.87728,0.63365,0.79814,0.35383,-0.059452,-0.14765,-0.074386,-0.046894,0.034516,0.32267,0.0021527,-0.057818,-0.32852,0.1041,0.22831,-0.086102,-0.68055,-0.025392,-0.05169,-0.026777,-0.31214,-0.12067
0.025168,-0.28798,0.21826,0.0053765,0.58446,0.055207,0.036852,-0.13637,-0.17831,-0.16939,-0.16894,-0.10903,0.18089,-0.0037782,-0.037069,-0.034925,0.41558,0.66237,0.35513,0,0.26517,-0.24696,0.14411,0.022354,-0.0081054,0.15351,0.36921,0.022222,-0.22353,-0.068699,-0.15437,-0.097863,-0.26846,-0.048353,-0.38032,-0.36332,-0.13457,0.29424,0.10136,0.14197,-0.0002461,-0.016869,-0.27177,-0.46712,-0.28605,-0.34709,0.13007,0.14353,-0.031735,0.36342,0.45574,-0.37144,0.03414,0.028409,0.02727,-0.25148,-0.33502,-0.017705,0.037447,-0.15748,-0.094776,-0.015224,-0.17514,0.22248,-0.17066,0.035852,0.25516,0.27255,0.088023,-0.40932,-0.22202,-0.21966,-0.097731,-0.16298,-0.17672,-0.11652,0.20975,0.016984,0.0079198,0.12709,0.28134,0.14225,0.18975,0.19379,-0.1436,0.38246,0.4535,0.11667,-0.025913,0.071351,-0.046159,-0.31072,-0.011194,-0.066285,-0.14622,0.20817,0.54072,-0.18363,-0.15472,0.026879,-0.066617,0.17066,-0.014845,-0.39102,-0.20292
0.30673,-0.72675,0.22097,-0.43543,0.6053,-0.28082,0.32621,-0.28362,-0.42508,-0.5941,-0.22993,-0.53338,0.4715,0.13898,0.32911,0.19647,0.32404,0.18275,-0.41278,0.26517,0,-0.06277,0.17205,-0.33541,0.0038573,-0.35965,0.50869,0.37177,-0.0095479,-0.044807,-0.43666,-0.63856,0.17306,0.15788,-0.070709,-0.37571,0.15757,-0.20224,0.29845,-0.3146,0.42413,-0.097118,0.085398,-0.30026,-0.082091,-0.12321,0.19257,0.067172,-0.033294,0.63761,0.70714,0.021915,0.17507,-0.22473,0.50318,0.24203,0.10837,0.054617,-0.025605,-0.43226,-0.40526,0.52552,0.069362,0.54196,0.24861,0.10096,0.066635,0.90416,0.35083,0.031757,-0.20186,-0.078923,-0.056157,-0.065834,-0.097203,-0.27359,0.098524,0.11828,0.19684,0.31701,0.13424,-0.27389,-0.16078,-0.29349,-0.65052,-0.17959,-0.10173,0.17333,0.11612,0.13295,0.093558,-0.05291,-0.26478,0.065939,-0.21704,0.41623,0.28951,-0.19668,-0.33921,0.43476,0.16443,0.31734,0.016268,-0.16561,-0.57292
-0.027616,0.30565,-0.038376,0.089716,0.10367,0.6149,-0.25353,0.31371,-0.10893,0.2272,-0.28167,0.04006,0.028496,0.14558,0.1689,0.68522,-0.40026,-0.15372,0.18403,-0.24696,-0.06277,0,0.077704,0.47219,0.070108,0.0079754,-0.17924,0.070682,-0.20178,-0.28191,-0.0063428,-0.16706,0.26841,-0.06353,0.014832,0.10732,-0.014231,-0.24148,-0.13781,0.41111,0.16266,0.48709,-0.23111,0.096686,0.12243,-0.018872,0.025068,-0.11844,0.12545,0.067256,0.051115,-0.12846,0.12356,0.57579,0.26086,0.122,0.33244,0.21784,0.068845,0.042059,0.43144,-0.17891,0.047314,-0.20966,-0.070267,-0.090562,-0.22032,-0.25145,-0.38292,-0.11522,-0.21132,-0.067797,-0.071208,0.019982,0.061722,0.011288,-0.093719,0.18087,0.057115,0.011918,0.0084058,0.031415,-0.33764,0.17674,0.37445,0.19903,-0.029753,0.17863,0.074135,0.19292,0.095642,0.020714,0.14149,-0.16232,0.1776,-0.21227,-0.091875,0.31213,0.043509,-0.16444,0.0062339,0.26067,0.25556,0.010109,-0.11229
0.83407,0.18098,-0.1546,-0.10004,0.3061,-0.082193,0.70116,0.24055,0.65051,0.096181,0.78468,-0.011762,0.19151,-0.014826,0.6128,0.408,0.032164,0.3565,0.19352,0.14411,0.17205,0.077704,0,0.56943,0.56872,0.30758,0.48365,-0.12738,0.43994,0.16412,0.18714,0.27002,-0.18375,-0.56181,0.23595,0.38488,0.26632,0.149,1.0759,0.37868,0.77042,0.024167,0.46398,0.14817,0.22486,0.31918,0.51022,0.57342,0.53806,-0.31064,-0.30483,-0.2267,0.24813,-0.23496,-0.029341,0.26909,0.24883,0.64336,0.72524,0.50031,0.30253,0.21419,-0.32696,0.13075,0.0031093,0.47159,0.5521,-0.1511,-0.30878,0.16427,0.24492,0.30838,0.54702,0.36304,0.33965,-0.060443,-0.03854,-0.66141,-0.73499,0.24036,-0.32913,-0.23516,0.33246,-0.38523,-0.30318,-0.3998,-0.43897,0.53825,0.60068,0.49142,0.67852,-0.53862,-0.61687,0.20627,-0.20986,-0.48565,-0.29386,-0.44303,-0.097587,0.23608,-0.060185,-0.036647,-0.19936,-0.30953,-0.42459
0.16364,0.37906,0.14915,0.54782,0.14056,0.41105,0.10508,0.29059,0.57289,0.55748,0.4053,0.40577,-0.047927,0.12721,0.15454,0.37007,-0.10514,0.19172,0.59698,0.022354,-0.33541,0.47219,0.56943,0,0.25997,0.66544,-0.16142,-0.46589,0.22692,0.15085,0.28989,0.49806,-0.078629,-0.52167,-0.10941,0.327,-0.12997,0.13417,0.23637,0.54034,0.39338,0.26167,0.090192,0.21401,0.051899,0.095041,0.24758,0.29206,0.27289,-0.2435,-0.26502,0.092843,0.062614,0.051721,-0.097218,-0.19742,-0.043234,0.17726,0.25527,0.51627,0.77737,-0.32001,-0.12833,-0.43731,-0.22958,0.026303,0.16096,-0.66607,-0.43221,-0.023553,0.25683,0.25954,0.28207,0.35081,0.11922,0.26368,-0.023764,-0.14395,-0.25447,-0.20919,-0.047527,0.2263,0.37394,0.31438,0.43432,0.1621,-0.059182,0.18492,0.25817,0.29202,0.30553,-0.17009,-0.017321,0.080097,0.042822,-0.37875,-0.04305,-0.13709,0.24875,-0.52761,0.10459,-0.13779,0.0041163,-0.17087,-0.19717
0.42216,0.5171,-0.0066791,0.31209,-0.0028381,0.13342,-0.10183,0.21491,0.69202,0.27795,0.42011,0.052723,-0.099926,-0.36622,0.34673,0.25868,-0.16311,0.15233,0.24086,-0.0081054,0.0038573,0.070108,0.56872,0.25997,0,0.7189,0.033944,0.20147,0.45784,-0.087034,0.58599,0.18985,-0.29037,-0.5122,0.15737,0.35269,0.12034,0.42796,0.14388,0.40235,0.056898,-0.017888,0.35668,0.15047,0.48734,0.56382,0.19662,0.12276,0.10959,-0.3184,-0.077258,-0.41327,0.15046,0.20442,0.13601,-0.042246,0.40924,0.51598,0.56943,0.41655,0.37476,-0.17045,-0.66992,-0.12586,-0.20572,0.11866,0.044391,-0.13962,-0.474,0.20482,0.24837,0.31707,0.24218,0.35343,0.29163,0.29411,0.53291,-0.53368,-0.5725,0.82896,0.26849,-0.027234,0.3048,-0.18211,-0.025546,-0.086616,0.021518,0.33824,0.30843,0.5024,0.5546,-0.20043,-0.28517,-0.27147,-0.41565,-0.80322,-0.29689,0.16828,0.19235,0.2512,-0.19571,-0.44807,-0.35688,-0.086496,-0.34796
0.17386,0.77639,0.023946,0.80974,-0.086859,0.44498,-0.24902,0.25677,0.71552,0.5898,0.41686,0.48025,-0.49232,-0.51387,-0.020641,-0.028921,-0.24112,0.022865,0.68842,0.15351,-0.35965,0.0079754,0.30758,0.66544,0.7189,0,-0.37421,-0.25953,0.49508,0.041625,0.59759,0.5279,-0.51823,-0.55303,-0.13644,0.29405,-0.23378,0.59662,-0.049396,0.55038,-0.10687,0.078372,0.062706,0.074708,0.16083,0.21192,0.065055,-0.028272,0.028525,-0.43203,-0.3059,-0.083609,0.05546,0.32364,-0.12818,-0.60304,-0.1416,0.16331,0.24819,0.49209,0.8209,-0.58686,-0.57796,-0.66211,-0.25907,-0.09457,-0.065341,-0.67602,-0.5722,0.13139,0.37679,0.38756,0.25372,0.37359,0.13589,0.32006,0.37221,-0.29894,-0.53691,0.095766,0.28713,0.14911,0.35196,0.31567,0.49632,0.25839,0.27335,0.023672,0.015573,0.27072,0.16982,-0.019858,0.17188,-0.23573,-0.17976,-0.64071,0.033948,0.14559,0.11713,-0.21593,0.19377,-0.24189,-0.020872,-0.27655,-0.038333
0.45264,-0.53228,-0.08074,-0.66085,0.50731,-0.39179,0.82254,0.079293,-0.044967,-0.37406,0.22014,-0.23224,0.61737,0.35281,0.38523,0.12088,0.3634,0.1787,-0.37321,0.36921,0.50869,-0.17924,0.48365,-0.16142,0.033944,-0.37421,0,0.11756,-0.11042,-0.047522,-0.30944,-0.23052,0.12258,0.15271,0.34078,-0.10449,0.30088,-0.071913,0.59533,-0.093026,0.60184,-0.25235,0.38658,-0.093822,0.018978,0.07899,0.40863,0.40536,0.027687,0.15222,0.32552,-0.25447,0.11747,-0.40035,0.1439,0.4976,0.23314,0.35275,0.29444,-0.1115,-0.33601,0.51115,-0.056116,0.49924,0.06155,0.5545,0.58905,0.6775,0.4283,0.0082227,-0.068249,-0.052199,0.15561,-0.049299,0.14994,-0.24603,0.10856,-0.13743,-0.0085917,0.40824,-0.014024,-0.11082,0.028818,-0.59933,-0.76282,-0.30589,-0.16547,0.36063,0.22753,0.28234,0.43254,-0.55749,-0.61112,0.18154,0.0062864,0.19368,0.078988,-0.38513,-0.027039,0.70715,-0.45715,0.06577,-0.35549,-0.10519,-0.24764
0.12059,-0.063976,-0.27188,-0.32736,0.055284,0.024219,-0.17692,0.039231,-0.16614,-0.15612,-0.20564,-0.24696,0.2268,0.016897,0.16805,0.21926,-0.10429,0.13208,-0.44522,0.022222,0.37177,0.070682,-0.12738,-0.46589,0.20147,-0.25953,0.11756,0,-0.0062261,-0.27481,-0.08525,-0.46104,0.25841,0.52716,-0.068654,-0.003468,-0.14692,0.21498,-0.2788,0.0097325,-0.047779,0.050567,0.12233,0.089645,-0.027716,-0.059917,-0.13668,-0.15624,0.017485,0.42538,0.40299,-0.1825,-0.015783,0.15984,0.16989,0.29243,0.46244,-0.043847,0.10153,-0.32805,-0.34689,0.4125,0.12859,0.59031,0.17206,-0.012569,-0.25525,0.62391,0.18593,0.058428,-0.21827,-0.3038,-0.38084,-0.25543,-0.19353,-0.34704,0.11738,0.027616,0.092349,0.35415,0.021596,-0.28238,-0.36959,-0.48739,-0.27817,-0.30375,-0.22438,-0.063547,-0.0013593,-0.040306,-0.12223,-0.012456,-0.14997,-0.38212,-0.11029,-0.02906,-0.066695,0.054983,-0.018954,0.43035,-0.29561,-0.058304,-0.088492,0.099236,-0.13687
0.30819,0.3835,-0.28964,-0.041138,-0.1389,0.014231,0.39263,0.32384,0.46776,0.53313,0.55144,0.4197,-0.42018,-0.55413,0.10935,-0.15841,0.049702,0.11395,-0.076362,-0.22353,-0.0095479,-0.20178,0.43994,0.22692,0.45784,0.49508,-0.11042,-0.0062261,0,0.4926,0.19038,0.47512,-0.52532,-0.33445,0.0037426,0.54135,-0.11005,0.45154,0.2659,0.25733,0.22619,0.02374,0.53123,0.47771,-0.0050209,0.069066,0.54785,0.4255,0.42029,-0.38569,-0.36506,-0.0024342,0.11406,-0.18954,-0.1309,-0.096685,0.23827,0.42345,0.33017,0.11941,0.03474,0.13837,-0.21482,-0.020639,0.18217,0.38089,0.2449,-0.13761,-0.20947,0.48854,0.40687,0.10689,0.12164,0.16363,-0.078965,-0.17171,0.080705,-0.55215,-0.44694,-0.12843,-0.079683,0.16571,0.44426,-0.23378,-0.15112,-0.52223,-0.33634,0.42607,0.55253,0.41489,0.15847,0.021688,-0.3002,-0.1097,-0.22317,-0.59815,-0.26381,-0.37421,-0.12746,0.12238,0.16552,-0.46077,-0.27327,-0.32565,-0.24196
0.049541,-0.11618,-0.11197,-0.1113,-0.098815,-0.17102,0.45108,0.061364,0.089338,0.47133,0.30954,0.39732,-0.1648,-0.2189,-0.048609,-0.3659,0.28844,0.20767,0.12078,-0.068699,-0.044807,-0.28191,0.16412,0.15085,-0.087034,0.041625,-0.047522,-0.27481,0.4926,0,-0.0094182,0.71519,-0.14648,-0.11795,-0.18072,0.10942,0.15944,0.35551,0.47653,-0.029028,0.24036,0.057187,0.30368,0.3686,-0.29349,-0.18118,0.14118,0.23668,0.53153,-0.1466,-0.1314,0.10364,0.17926,-0.32051,-0.12601,0.15422,-0.02835,-0.10826,-0.11173,-0.10561,-0.2601,-0.015811,0.027549,0.15392,0.04284,0.084109,0.086973,-0.12503,0.049202,0.13173,0.33426,-0.044883,0.037159,-0.091114,-0.16498,-0.13494,-0.23364,-0.28919,-0.020518,-0.61904,-0.23359,0.31716,0.5756,0.073361,0.035709,-0.15518,-0.2099,0.12264,0.31181,-0.15137,-0.21591,-0.10649,-0.37696,0.05448,-0.15011,-0.17272,-0.034765,-0.26103,-0.024212,-0.1218,-0.09765,-0.27493,-0.31825,-0.25971,-0.21665
0.061686,0.49961,-0.071342,0.33676,-0.63533,-0.033731,-0.25239,-0.029431,0.67485,0.40786,0.51025,0.09231,-0.15417,-0.01811,-0.016276,-0.080971,-0.49722,-0.038687,0.42183,-0.15437,-0.43666,-0.0063428,0.18714,0.28989,0.58599,0.59759,-0.30944,-0.08525,0.19038,-0.0094182,0,0.61022,-0.1199,-0.36266,0.46517,0.52084,-0.023442,0.29146,-0.075767,-0.11064,-0.47795,-0.42344,0.3397,0.10666,1.0304,0.92945,-0.20914,-0.16574,0.019254,-0.62577,-0.49571,0.035731,-0.029272,0.08908,-0.086082,-0.35416,-0.2057,0.15753,0.15203,0.32655,0.42146,-0.26897,-0.24116,-0.57442,0.14849,-0.25991,-0.21381,-0.65356,-0.48308,0.41921,0.79308,0.83485,0.66898,0.91817,0.78726,0.26278,0.10888,-0.49888,-0.63724,0.26378,-0.10926,-0.13096,0.20153,-0.072749,0.076574,-0.1257,-0.21847,-0.0573,-0.058012,0.24711,0.27695,0.13966,-0.01183,-0.19294,-0.40905,-0.78471,-0.38658,0.036706,-0.052397,-0.22079,0.039154,-0.58779,-0.14858,0.27795,-0.09218
0.10461,0.45463,-0.39651,0.14985,-0.44766,0.03346,0.23052,0.2695,0.62527,0.67005,0.71882,0.52987,-0.43882,-0.20126,-0.10524,-0.5259,-0.24015,-0.034442,0.38168,-0.097863,-0.63856,-0.16706,0.27002,0.49806,0.18985,0.5279,-0.23052,-0.46104,0.47512,0.71519,0.61022,0,-0.29824,-0.30443,0.23082,0.72508,0.073993,0.67178,0.22931,0.13978,-0.07598,-0.13251,0.51943,0.65529,0.1689,0.33099,0.15677,0.1638,0.38214,-0.75542,-0.72093,0.10188,-0.067624,-0.23177,-0.46559,-0.060494,-0.068265,0.14756,0.15603,0.22311,0.15002,-0.25834,-0.16338,-0.42396,0.19968,0.18646,0.2142,-0.65615,-0.41552,0.44456,1.0018,0.45147,0.50977,0.34852,0.36432,0.021118,-0.19282,-0.66538,-0.61902,-0.33768,-0.32592,0.14906,0.39759,0.028989,0.16948,-0.16293,-0.26349,0.15455,0.31987,0.12552,0.14184,-0.23837,-0.2112,-0.15176,-0.33095,-0.76709,-0.46888,-0.11527,0.065424,-0.22032,-0.048131,-0.49896,-0.17777,-0.16384,0.00087379
-0.10413,-0.3597,-0.0069905,-0.16684,-0.11185,-0.053573,-0.061734,-0.17168,-0.12501,-0.31664,-0.070005,-0.37292,0.86016,0.95727,-0.15019,0.14722,-0.34986,-0.31783,-0.11419,-0.26846,0.17306,0.26841,-0.18375,-0.078629,-0.29037,-0.51823,0.12258,0.25841,-0.52532,-0.14648,-0.1199,-0.29824,0,0.70649,0.2675,0.019404,-0.17462,-0.53002,-0.1241,-0.21373,0.12781,0.029701,0.050788,0.033588,0.05465,0.11547,-0.42056,-0.46369,-0.090734,0.37104,0.12575,0.47821,-0.39488,-0.10494,-0.032767,0.25932,0.15286,-0.28497,-0.20222,-0.29677,-0.079547,0.167,0.404,-0.031083,0.01593,-0.33682,-0.37004,0.125,0.24852,-0.037131,0.0086408,0.032908,-0.0043581,0.05533,0.12598,-0.26308,-0.49544,0.52351,0.26212,-0.043263,-0.30986,-0.33504,-0.32369,0.051391,0.046008,0.070158,-0.31474,-0.35228,-0.40604,-0.2859,-0.097052,0.22271,0.23102,0.061785,0.11754,0.33994,-0.024662,0.18587,-0.0064551,-0.11836,-0.33968,0.096,0.068674,0.18087,-0.16703
-0.27711,-0.44033,-0.33168,-0.42329,-0.26629,-0.17289,-0.11051,-0.24816,-0.44167,-0.34995,-0.32493,-0.28801,0.2161,0.40004,-0.47185,-0.19742,-0.10342,-0.4528,-0.53299,-0.048353,0.15788,-0.06353,-0.56181,-0.52167,-0.5122,-0.55303,0.15271,0.52716,-0.33445,-0.11795,-0.36266,-0.30443,0.70649,0,0.042429,-0.020705,-0.36765,-0.084795,-0.48318,-0.31385,-0.16715,-0.18411,-0.0051866,0.074622,-0.3908,-0.32222,-0.29954,-0.50715,-0.19866,0.2753,0.23315,0.27955,-0.51875,-0.20186,-0.16195,0.131,0.04115,-0.49204,-0.43274,-0.64601,-0.54325,0.47079,0.70463,0.15654,0.19566,-0.078878,-0.25401,0.43316,0.57031,0.16853,-0.076325,-0.35757,-0.39327,-0.42834,-0.26316,-0.59782,-0.39448,0.63873,0.39724,-0.20696,-0.22861,-0.07947,-0.39101,-0.15684,-0.080105,-0.092266,-0.078454,-0.44561,-0.51849,-0.40023,-0.52057,0.27748,0.32607,-0.10486,0.25156,0.51828,0.19839,0.06851,0.043038,0.28243,-0.31281,0.16769,0.2326,0.24035,0.26327
0.37135,0.16376,-0.42793,-0.3872,-0.39552,-0.30887,0.32095,0.14015,0.36062,-0.1622,0.55842,-0.19162,0.20429,0.29227,0.23826,-0.24972,-0.63411,-0.49455,-0.23009,-0.38032,-0.070709,0.014832,0.23595,-0.10941,0.15737,-0.13644,0.34078,-0.068654,0.0037426,-0.18072,0.46517,0.23082,0.2675,0.042429,0,0.66245,0.3438,-0.17134,0.23283,-0.26969,-0.014492,-0.50347,0.66165,0.29002,0.92544,1.143,0.18318,0.023992,0.038462,-0.46641,-0.50371,0.17819,-0.12142,-0.23728,-0.059789,0.26868,0.24843,0.60557,0.40368,0.093892,0.047571,0.17164,-0.12255,-0.25232,0.60168,0.36492,0.2694,-0.089498,-0.199,0.67016,0.72149,0.81521,0.94986,0.75023,1.2662,-0.095106,-0.1395,-0.39247,-0.53893,0.37784,-0.36296,-0.44889,-0.27903,-0.5828,-0.41223,-0.49588,-0.64425,0.29328,0.14257,0.48723,0.72548,-0.18293,-0.26955,-0.044384,-0.30777,-0.40215,-0.71102,-0.063003,-0.3056,0.35898,-0.11947,-0.16218,-0.060458,0.12887,-0.15048
0.21346,0.59938,-0.75799,-0.1287,-0.5879,0.075219,0.2319,0.34077,0.71693,0.31924,0.74207,0.15548,-0.19043,0.016736,0.0050596,-0.24193,-0.63573,-0.28702,-0.022538,-0.36332,-0.37571,0.10732,0.38488,0.327,0.35269,0.29405,-0.10449,-0.003468,0.54135,0.10942,0.52084,0.72508,0.019404,-0.020705,0.66245,0,-0.062793,0.31517,0.077307,0.24281,0.029192,-0.10215,0.74576,0.95989,0.34732,0.55536,0.3513,0.1101,0.3417,-0.74829,-0.89706,0.072925,-0.41707,-0.28841,-0.5189,0.071969,0.41506,0.54189,0.44344,0.18551,0.1308,0.12773,-0.020293,-0.30909,0.4684,0.47372,0.27949,-0.3986,-0.59319,0.80318,0.87147,0.4407,0.50469,0.47705,0.50479,-0.29551,-0.35806,-0.49717,-0.85525,-0.032955,-0.56003,-0.15494,-0.017164,-0.34825,-0.10168,-0.53353,-0.6581,0.37139,0.44152,0.46738,0.42324,-0.12094,-0.1112,-0.17794,-0.2729,-0.85897,-0.95358,-0.19233,-0.10023,0.11596,-0.093666,-0.33375,0.012684,-0.10057,-0.12173
0.51943,-0.043998,-0.012427,-0.23888,0.22117,-0.34693,0.30078,0.03586,0.10559,-0.16916,0.18313,-0.086222,-0.020061,-0.19472,0.81173,-0.031429,0.0060594,0.0092035,-0.14812,-0.13457,0.15757,-0.014231,0.26632,-0.12997,0.12034,-0.23378,0.30088,-0.14692,-0.11005,0.15944,-0.023442,0.073993,-0.17462,-0.36765,0.3438,-0.062793,0,-0.029193,0.65284,-0.16649,0.18942,-0.17539,0.15959,0.030506,0.28057,0.36518,0.30164,0.44826,0.13134,-0.15645,-0.0073751,-0.14026,0.67878,-0.029752,0.35989,0.70443,0.20446,0.39394,0.4927,0.41325,-0.0083799,-0.024776,-0.40561,0.34316,0.21405,0.47536,0.46986,0.13345,-0.22192,0.060715,0.10075,0.2688,0.44101,0.20968,0.47818,0.44077,0.17581,-0.44982,-0.1351,0.33519,0.013565,-0.23065,-0.14229,-0.39427,-0.2755,-0.19402,-0.14611,0.47198,0.48066,0.21632,0.53171,-0.67417,-0.72667,0.27623,-0.15402,-0.1453,-0.33659,-0.054026,-0.12933,0.45481,0.060066,0.19452,0.037719,0.11698,-0.094946
0.14614,0.35719,-0.48915,0.046469,-0.040198,0.24886,0.043847,0.37802,0.34195,0.51823,0.31531,0.50303,-0.49384,-0.52245,-0.016903,-0.35935,-0.031759,0.16978,0.16266,0.29424,-0.20224,-0.24148,0.149,0.13417,0.42796,0.59662,-0.071913,0.21498,0.45154,0.35551,0.29146,0.67178,-0.53002,-0.084795,-0.17134,0.31517,-0.029193,0,-0.025815,0.33147,-0.10106,0.025903,0.41267,0.50307,-0.094931,0.012257,0.088887,0.057364,0.11382,-0.28401,-0.073875,-0.33747,0.017084,0.015875,-0.3165,0.037739,0.13382,0.031275,0.14646,-0.00017395,-0.077547,-0.16028,-0.31123,0.0050649,0.074953,0.20204,0.075926,-0.03689,-0.24083,0.22649,0.38734,0.010217,-0.012668,-0.09872,-0.026017,-0.12149,0.18712,-0.60557,-0.45764,0.031306,0.091415,0.06107,0.128,-0.14389,0.01822,-0.094984,0.065874,0.078025,0.3042,0.014215,-0.046208,-0.39796,-0.24427,-0.43734,-0.29831,-0.60482,-0.19663,0.016212,0.19743,0.18905,-0.19067,-0.34339,-0.24529,-0.2583,0.067807
0.86526,-0.093781,-0.053163,-0.26366,0.40431,-0.34742,0.99647,0.12728,0.29011,-0.086305,0.59993,-0.049918,0.26283,-0.032181,0.74028,0.12372,0.18458,0.34075,0.040701,0.10136,0.29845,-0.13781,1.0759,0.23637,0.14388,-0.049396,0.59533,-0.2788,0.2659,0.47653,-0.075767,0.22931,-0.1241,-0.48318,0.23283,0.077307,0.65284,-0.025815,0,0.080048,0.84417,-0.026572,0.35402,0.034844,0.09162,0.20398,0.47746,0.68357,0.63761,-0.091711,-0.18332,-0.042244,0.51456,-0.32046,0.14792,0.47424,0.13195,0.48349,0.55501,0.33946,0.051226,0.2171,-0.27864,0.3593,0.12414,0.49585,0.64074,0.017093,-0.065969,0.077908,0.17763,0.29196,0.57525,0.24842,0.29896,0.0058397,-0.060107,-0.59538,-0.38301,0.043624,-0.33373,-0.23317,0.28507,-0.3741,-0.35631,-0.3918,-0.47293,0.50807,0.57927,0.29521,0.53521,-0.69803,-0.92084,0.30599,-0.23657,-0.19975,-0.17646,-0.44611,-0.26691,0.25951,0.026905,0.10936,-0.19847,-0.36503,-0.44944
0.1559,0.75147,-0.23095,0.28825,0.29818,0.99654,-0.035919,0.8626,0.38884,0.50911,0.19302,0.55029,-0.1518,-0.3617,0.15443,0.26211,-0.16878,0.16389,0.47469,0.14197,-0.3146,0.41111,0.37868,0.54034,0.40235,0.55038,-0.093026,0.0097325,0.25733,-0.029028,-0.11064,0.13978,-0.21373,-0.31385,-0.26969,0.24281,-0.16649,0.33147,0.080048,0,0.37199,1.0002,-0.080276,0.31725,-0.25859,-0.18123,0.2374,0.14832,0.24817,-0.08637,-0.159,-0.4916,0.0039397,0.50171,-0.25394,0.020905,0.53851,0.3842,0.4523,0.34779,0.53355,-0.46412,-0.51433,-0.0759,-0.49064,0.20328,0.087763,-0.30371,-0.58605,-0.33779,-0.22279,-0.24071,-0.19992,-0.17293,-0.22445,-0.03693,0.098532,-0.136,-0.28552,-0.021577,0.15056,0.14021,0.038182,0.27754,0.49448,0.3087,0.19624,0.30937,0.33462,0.18247,0.14877,-0.35126,0.04831,-0.19673,0.16226,-0.48197,-0.12029,0.17815,0.16243,-0.061389,-0.26297,0.1044,-0.10585,-0.68175,-0.075379
0.57786,-0.15966,-0.012775,-0.21722,0.71304,0.061339,0.93259,0.41144,0.15293,-0.029743,0.35963,0.11988,0.42495,0.19569,0.61673,0.37931,0.25817,0.22274,-0.16719,-0.0002461,0.42413,0.16266,0.77042,0.39338,0.056898,-0.10687,0.60184,-0.047779,0.22619,0.24036,-0.47795,-0.07598,0.12781,-0.16715,-0.014492,0.029192,0.18942,-0.10106,0.84417,0.37199,0,0.39186,0.36361,0.24996,-0.22592,-0.085127,0.49888,0.52754,0.36715,0.19738,0.1122,-0.029942,0.19128,-0.28033,0.075326,0.54032,0.50468,0.32261,0.35925,0.12529,0.035723,0.23073,-0.077015,0.39112,-0.062119,0.47176,0.4246,0.25927,0.10491,-0.074515,-0.10492,-0.055622,0.063168,-0.06492,-0.10206,-0.15969,-0.047581,-0.1327,-0.017645,-0.040534,-0.12365,-0.085223,0.090694,-0.2474,-0.20981,-0.24763,-0.34675,0.38719,0.56363,0.22647,0.41653,-0.53784,-0.5639,0.20522,0.075757,0.026728,-0.053267,-0.33698,0.091734,0.18351,-0.15878,0.18941,-0.27248,-0.46886,-0.4422
-0.16883,0.31975,-0.054793,0.13668,0.42027,1.1316,-0.071286,0.71038,-0.056532,0.36886,-0.16154,0.48184,0.035304,-0.17259,0.036596,0.26515,-0.025807,0.19071,0.33161,-0.016869,-0.097118,0.48709,0.024167,0.26167,-0.017888,0.078372,-0.25235,0.050567,0.02374,0.057187,-0.42344,-0.13251,0.029701,-0.18411,-0.50347,-0.10215,-0.17539,0.025903,-0.026572,1.0002,0.39186,0,-0.25094,0.25459,-0.39948,-0.42228,-0.050209,-0.044822,0.090927,0.28312,0.086975,-0.35677,-0.026542,0.48993,-0.19913,0.17224,0.50644,0.048308,0.015903,-0.016281,0.20495,-0.4892,-0.24838,0.09792,-0.48077,-0.10887,-0.23648,-0.091008,-0.33955,-0.68197,-0.54222,-0.49836,-0.52171,-0.41218,-0.47266,-0.14383,-0.10288,0.10675,0.10678,-0.2543,0.15525,0.058785,-0.18014,0.4858,0.45859,0.44136,0.20099,0.086235,0.24851,-0.19909,-0.16996,-0.10962,0.16355,-0.098681,0.28587,-0.099461,-0.05606,0.2749,0.10091,-0.31317,-0.18241,0.25387,-0.13869,-0.62428,-0.090679
0.38536,0.035684,-0.51276,-0.42946,-0.147,-0.17346,0.75715,0.38834,0.56855,0.21349,0.94,0.21726,0.15256,0.1747,0.24843,-0.28899,-0.14875,-0.09511,-0.32095,-0.27177,0.085398,-0.23111,0.46398,0.090192,0.35668,0.062706,0.38658,0.12233,0.53123,0.30368,0.3397,0.51943,0.050788,-0.0051866,0.66165,0.74576,0.15959,0.41267,0.35402,-0.080276,0.36361,-0.25094,0,0.87498,0.4184,0.65688,0.312,0.23756,0.10028,-0.39053,-0.27161,0.046799,-0.18158,-0.62565,-0.30664,0.44381,0.47842,0.38662,0.31123,-0.037686,-0.22846,0.26328,-0.11292,0.039313,0.46319,0.47096,0.28616,0.1548,-0.061124,0.6741,0.85288,0.4398,0.46746,0.4045,0.49688,-0.28619,-0.096532,-0.68659,-0.52661,0.19568,-0.27358,-0.26567,0.029188,-0.70263,-0.60314,-0.74158,-0.72405,0.30536,0.56419,0.32325,0.52584,-0.31833,-0.59234,-0.077548,-0.33592,-0.51197,-0.7426,-0.34704,0.046404,0.33592,-0.31961,-0.54413,-0.56265,-0.066787,-0.29407
0.056391,0.37396,-0.77707,-0.24686,-0.27085,0.28168,0.36045,0.69116,0.41868,0.48255,0.51225,0.50952,-0.19292,-0.025914,0.026163,-0.33291,-0.31764,-0.23133,-0.193,-0.46712,-0.30026,0.096686,0.14817,0.21401,0.15047,0.074708,-0.093822,0.089645,0.47771,0.3686,0.10666,0.65529,0.033588,0.074622,0.29002,0.95989,0.030506,0.50307,0.034844,0.31725,0.24996,0.25459,0.87498,0,0.020455,0.2331,0.26359,0.12114,0.20068,-0.41509,-0.43123,-0.027645,-0.35255,-0.29758,-0.58791,0.45922,0.75956,0.26605,0.20348,-0.040182,-0.15905,-0.0022479,-0.011784,-0.040389,0.31169,0.46126,0.16102,-0.080147,-0.34382,0.43856,0.52621,0.070162,0.071239,0.027997,0.1307,-0.32782,-0.31827,-0.43576,-0.37519,-0.19685,-0.32099,-0.04915,-0.13406,-0.27319,-0.069517,-0.40328,-0.48845,0.28027,0.64899,0.11512,0.19781,-0.27438,-0.24639,-0.21414,-0.10689,-0.59823,-0.95352,-0.063731,0.2086,0.092073,-0.32331,-0.33969,-0.26774,-0.19511,-0.034737
