,,,,,,,,,,,,,,,,,,,,,,,,,,,,,,,,,,,,,,,,,,,,,,,,,,,,,,,,,,,,,,,,,,,,,,,,,,,,,,,,,,,,,,,,,,,,,,,,,,,,,,,,
0,0.33138,-0.41809,-0.10363,0.16263,-0.10746,0.2265,0.11089,0.30507,-0.0091157,0.31245,-0.095697,-0.37867,-0.49177,0.68534,0.087571,-0.32493,0.073108,0.2907,0.27018,0.0024495,0.1493,0.79381,0.22072,0.48092,0.32994,0.046712,0.27076,0.13393,0.041069,0.3218,0.30847,-0.37255,-0.40105,0.17192,0.20713,0.31321,0.48588,0.66175,0.23158,0.13029,-0.15727,0.20556,0.096572,0.21386,0.27381,0.18081,0.14515,0.52726,-0.285,-0.25528,-0.070127,0.40542,0.18594,0.013738,0.25125,0.05262,0.33647,0.57451,0.29528,0.25387,0.081806,-0.49076,0.033638,0.2644,0.2891,0.32216,-0.14482,-0.18405,0.21928,0.3482,0.35639,0.54275,0.029038,0.36479,-0.036797,-0.075949,-0.70537,-0.67117,0.29207,-0.31076,-0.35711,0.0063239,-0.38195,-0.076383,-0.21169,-0.26361,0.17294,0.10365,0.33259,0.48634,-0.66916,-0.73581,-0.39674,-0.53857,-0.57697,-0.31505,0.15769,-0.042036,0.37573,-0.0025781,0.039609,0.13757,-0.2129,-0.18997
0.33138,0,-0.50523,0.38705,-0.39265,0.50387,-0.061636,0.67723,0.83792,0.37509,0.81941,0.38742,-0.42048,-0.40616,0.19642,-0.19554,-0.77247,-0.35605,0.20744,-0.3248,-0.95413,0.055094,0.28923,0.38774,0.46853,0.8822,-0.53359,0.11433,0.51532,0.075965,0.69813,0.67372,-0.20602,-0.41042,0.31685,0.95454,0.087087,0.55713,0.028546,0.9039,-0.20063,0.35536,0.36037,0.6928,0.44487,0.5478,-0.19874,-0.33233,0.18675,-0.61568,-0.69731,-0.25191,-0.17552,0.5519,-0.565,-0.17626,0.2244,0.27859,0.31596,0.51783,0.65763,-0.5551,-0.51183,-0.37873,0.034382,0.010214,-0.16375,-0.79359,-0.79061,0.19994,0.21507,0.45112,0.4332,0.32393,0.29605,0.051874,-0.11358,-0.45381,-0.71697,0.18721,-0.24744,-0.21865,-0.10108,-0.1252,0.40594,-0.18314,-0.16423,-0.16873,-0.065132,0.16354,0.19074,-0.47063,-0.011763,-0.39824,-0.10526,-1.1253,-0.41787,0.17845,-0.12259,0.062567,0.13116,-0.11724,0.12739,-0.48033,0.10984
-0.41809,-0.50523,0,0.65711,0.19692,-0.2827,-0.62618,-0.71069,-0.32502,-0.65496,-0.58251,-0.55991,0.45074,0.3917,-0.18131,0.32474,0.64694,0.40548,0.086903,0.32012,0.29107,-0.20877,-0.42527,-0.092528,-0.013827,-0.25167,0.059013,-0.14471,-0.58523,-0.16128,-0.23138,-0.46836,0.49459,0.15197,-0.32438,-0.64817,0.16032,-0.55859,-0.18421,-0.4131,-0.049883,-0.091306,-0.53395,-0.61479,-0.20439,-0.17056,-0.17551,-0.049946,-0.17543,0.37505,0.56136,-0.0049469,0.11071,-0.078174,0.69305,-0.18999,-0.21174,-0.46931,-0.2308,-0.095543,-0.12662,-0.080303,0.12852,-0.00093614,-0.54632,-0.44194,-0.15021,0.3532,0.26291,-0.33234,-0.39448,-0.14525,-0.25693,-0.1375,-0.36896,0.82798,0.52542,1.089,1.1189,0.1131,0.53103,0.5326,0.50466,0.73745,0.33077,0.73391,0.81609,-0.13879,-0.21741,-0.12747,-0.043647,0.20187,0.32446,0.24141,-0.028854,0.71693,0.7073,0.19401,0.27561,-0.37912,0.032234,-0.030215,0.017087,0.058598,-0.26452
-0.10363,0.38705,0.65711,0,-0.087093,0.19753,-0.7336,-0.11157,0.36297,-0.10487,0.11867,-0.04055,0.055566,0.064028,-0.037677,0.095051,-0.018669,0.016899,0.28664,-0.012438,-0.37189,-0.1716,-0.14867,0.39954,0.34368,0.62231,-0.44063,-0.16725,-0.019494,-0.042104,0.30137,0.15385,0.22778,-0.23839,-0.18708,0.03724,0.033445,0.025372,-0.21382,0.23136,-0.17622,0.13395,-0.17491,-0.043505,0.1019,0.21899,-0.36509,-0.3237,-0.070972,-0.01144,0.034753,0.035594,-0.010749,0.34855,0.1604,-0.47796,-0.13162,-0.34833,-0.030558,0.39162,0.55254,-0.577,-0.1727,-0.45151,-0.46813,-0.50705,-0.3235,-0.34046,-0.1988,-0.07433,-0.070937,0.3181,0.12303,0.24735,-0.08934,0.94684,0.47183,0.3856,0.2107,0.19565,0.34417,0.27189,0.38992,0.56799,0.80886,0.45939,0.50447,-0.39669,-0.34333,-0.062452,0.021936,-0.063018,0.41363,-0.071481,-0.048078,-0.045771,0.38588,0.39836,0.25714,-0.4296,0.29435,-0.14843,0.17525,-0.19738,-0.089107
0.16263,-0.39265,0.19692,-0.087093,0,0.41361,0.12044,0.1705,-0.38465,-0.042905,-0.6012,0.091319,0.24673,0.10563,0.54738,0.41706,0.50364,0.48244,0.066704,0.56433,0.5162,0.36776,0.16989,0.085888,-0.11531,-0.1506,0.405,-0.098584,-0.37089,-0.35253,-0.85553,-0.53902,-0.10382,-0.099983,-0.70977,-0.696,-0.11599,-0.10033,0.089227,0.19444,0.97769,0.36504,-0.36638,-0.25921,-0.55097,-0.57858,0.41359,0.50139,-0.095926,0.69877,0.75751,0.026907,0.61446,0.35064,0.46867,0.57829,0.37146,0.10048,0.24624,0.031005,0.10358,0.12825,-0.021823,0.44435,-0.1362,0.29569,0.37439,0.59169,0.30403,-0.58113,-0.43018,-0.63373,-0.52063,-0.52844,-0.3055,0.047723,0.34035,0.20244,0.32637,0.086652,0.39178,0.1061,-0.11732,0.17778,-0.16372,0.37801,0.3035,0.40193,0.40692,0.024383,0.078955,-0.00078793,0.044341,0.29318,0.26948,0.43518,0.2928,0.24859,0.3292,0.042662,0.082418,0.59879,0.13422,0.11168,-0.057291
-0.10746,0.50387,-0.2827,0.19753,0.41361,0,0.045898,1.076,0.12342,0.64679,0.046573,0.83439,0.019005,0.052394,0.34444,0.05347,-0.23139,-0.19424,-0.021789,-0.23404,-0.33011,0.5096,0.053755,0.44577,-0.03804,0.4395,-0.2087,-0.12562,0.19729,-0.12324,-0.18365,0.058849,-0.028615,-0.14292,-0.30765,0.20661,-0.33712,0.24016,-0.28304,1.0361,0.50677,0.96275,0.053091,0.51948,-0.10334,-0.11063,0.066169,-0.050176,-0.16333,0.22569,0.14321,0.012159,0.074906,0.91854,-0.15685,0.18322,0.61206,0.17031,0.117,0.22708,0.62675,-0.36591,-0.020046,-0.035624,-0.017774,0.10452,-0.10823,-0.18107,-0.23611,-0.25008,-0.22224,-0.22709,-0.2803,-0.011386,-0.076224,-0.10233,0.075473,-0.0072772,-0.10856,0.0066827,0.18375,-0.011979,-0.40903,0.088022,0.18243,0.070699,-0.027037,0.058337,0.22067,0.0032817,-0.10715,-0.0122,0.40486,0.025914,0.53046,-0.20044,-0.01456,0.29863,0.10548,-0.089505,0.2808,0.36948,0.21955,-0.12085,0.10905
0.2265,-0.061636,-0.62618,-0.7336,0.12044,0.045898,0,0.47428,-0.041678,0.37257,0.34949,0.36242,-0.071767,0.016294,0.10117,-0.14923,0.14183,0.041418,-0.25073,-0.039399,-0.15975,-0.020059,0.43001,-0.020309,-0.11171,-0.076086,0.36127,0.10765,0.35663,0.316,0.096199,0.29028,-0.25152,0.03561,0.18857,0.20387,-0.1084,0.36435,0.4037,0.10423,0.32189,-0.044548,0.6756,0.41543,0.16191,0.075604,0.10291,0.14868,0.079364,-0.20086,-0.091771,-0.12779,0.030873,-0.14174,-0.41205,0.39687,0.16372,0.1472,-0.086431,-0.21397,-0.23308,0.39945,0.15668,0.25963,0.28171,0.23694,0.18322,0.10415,0.46869,0.042043,0.12063,-0.15019,0.042349,-0.19393,0.08297,-0.67414,-0.3693,-0.57902,-0.35736,0.033605,-0.40047,-0.10571,0.0052072,-0.58526,-0.67935,-0.63178,-0.49157,0.055027,0.12328,-0.059737,-0.074077,-0.1888,-0.52062,-0.041325,0.041678,-0.20987,-0.26107,-0.38795,0.013791,0.28888,-0.2032,-0.23051,-0.40965,-0.0010624,0.097929
0.11089,0.67723,-0.71069,-0.11157,0.1705,1.076,0.47428,0,0.31854,0.75687,0.46115,1.0025,-0.11352,-0.10308,0.36771,-0.20126,-0.3428,-0.23231,-0.078623,-0.27936,-0.58744,0.27766,0.18643,0.27534,0.062167,0.36894,-0.040003,0.06976,0.33335,0.083474,0.084265,0.36116,-0.16833,-0.13842,0.08061,0.44846,-0.10469,0.5342,-0.020545,1.0242,0.36687,0.70951,0.4939,0.90082,0.14293,0.15879,0.021648,-0.033286,-0.086328,-0.1207,-0.12833,-0.22299,-0.01431,0.61393,-0.50085,0.32565,0.65054,0.33126,0.20124,0.17619,0.35591,-0.39626,-0.29095,0.032733,0.060831,0.25057,-0.025698,-0.19722,-0.21232,-0.1495,-0.018768,-0.089032,-0.065381,-0.033081,0.10609,-0.27335,-0.063756,-0.43173,-0.37952,0.090603,0.0018261,-0.12386,-0.38693,-0.24494,0.012036,-0.18744,-0.22543,0.049118,0.237,0.01845,0.057637,-0.39288,-0.10829,-0.1988,0.29391,-0.56568,-0.35632,0.13565,0.085802,0.14941,-0.10142,0.01976,-0.18825,-0.27242,0.17038
0.30507,0.83792,-0.32502,0.36297,-0.38465,0.12342,-0.041678,0.31854,0,0.47341,1.165,0.37462,-0.30279,-0.28158,0.11496,-0.099855,-0.3839,-0.10429,0.34141,-0.28403,-0.74559,-0.11143,0.45103,0.48248,0.60255,0.74898,-0.25387,-0.12844,0.47896,0.1186,0.57054,0.75378,-0.31375,-0.67187,0.19929,0.67318,0.010651,0.43562,0.161,0.50588,-0.13556,-0.0062887,0.34735,0.40918,0.25563,0.42583,0.017453,0.15906,0.1721,-0.56577,-0.66103,-0.045382,-0.10408,0.063625,-0.52292,-0.099564,0.09963,0.25544,0.53885,0.94154,0.57315,-0.36689,-0.48609,-0.3289,-0.2208,0.16714,0.17755,-0.74997,-0.52631,0.17699,0.40951,0.35539,0.38724,0.38819,0.32996,0.27659,0.0041945,-0.58911,-0.65767,0.10012,-0.1898,-0.056811,0.2325,-0.13807,0.25662,-0.18586,-0.18522,-0.0094082,0.10155,0.14439,0.36315,-0.2348,-0.12907,-0.020613,0.00073744,-0.79743,-0.4659,-6.8017e-06,0.27864,-0.032905,-0.15217,-0.43677,-0.14112,0.052302,0.30344
-0.0091157,0.37509,-0.65496,-0.10487,-0.042905,0.64679,0.37257,0.75687,0.47341,0,0.52872,1.5788,-0.27596,-0.13887,0.13309,-0.14807,-0.25663,-0.37293,-0.046679,-0.6004,-0.50053,0.24782,0.20747,0.51155,-0.057236,0.53831,-0.20129,-0.17055,0.68479,0.45204,0.078024,0.52357,-0.3032,-0.18441,-0.14941,0.4276,-0.34567,0.55263,-0.059885,0.62105,0.23046,0.26663,0.35519,0.63961,-0.048069,-0.063521,0.12774,0.13136,-0.036461,-0.11218,-0.11536,0.19974,0.031884,0.28749,-0.48506,0.071917,0.19408,0.045535,0.046427,0.3319,0.46862,-0.18911,0.041986,-0.055907,0.032417,0.17615,-0.012995,-0.50501,-0.095464,0.021823,0.159,-0.12796,-0.11118,0.19977,0.054029,-0.26729,-0.20668,-0.44262,-0.42283,-0.27574,-0.045496,0.033831,-0.15946,-0.27062,-0.02876,-0.36059,-0.42779,-0.00472,0.12267,-0.080671,-0.26418,0.12382,0.087414,0.13193,0.57999,-0.32863,-0.1537,-0.18709,0.13005,0.02235,0.018107,-0.091481,-0.014751,0.24435,0.36278
0.31245,0.81941,-0.58251,0.11867,-0.6012,0.046573,0.34949,0.46115,1.165,0.52872,0,0.45983,-0.21509,-0.16521,0.079417,-0.3585,-0.49753,-0.27076,0.0032441,-0.45669,-1.1071,-0.31915,0.35589,0.24922,0.37683,0.63638,-0.13817,0.071928,0.62672,0.31383,0.93838,0.91191,-0.19354,-0.31783,0.52037,0.86288,0.052482,0.62591,0.27958,0.40224,-0.30835,-0.12625,0.7642,0.59714,0.62893,0.73725,-0.28172,-0.13058,0.093541,-0.64167,-0.6953,-0.091714,-0.2087,0.039185,-0.75088,-0.17403,-0.033642,0.12453,0.20508,0.48591,0.33283,-0.22265,-0.30073,-0.22421,0.01364,-0.016702,-0.050398,-0.71023,-0.19217,0.27862,0.39722,0.5482,0.59553,0.51736,0.46232,-0.0051239,-0.14324,-0.86519,-0.85721,0.19991,-0.3441,-0.26839,0.090609,-0.51307,0.0035651,-0.6046,-0.47756,-0.3224,-0.19095,-0.014844,0.14254,-0.42205,-0.35199,-0.22168,-0.041571,-0.89253,-0.41932,-0.20616,-0.02698,0.14321,-0.1302,-0.64595,-0.3123,-0.076855,0.25971
-0.095697,0.38742,-0.55991,-0.04055,0.091319,0.83439,0.36242,1.0025,0.37462,1.5788,0.45983,0,-0.22544,-0.13468,0.16412,-0.33251,-0.18872,-0.38642,-0.12745,-0.4975,-0.56622,0.11121,0.00021156,0.3415,-0.18869,0.50636,-0.16656,-0.22046,0.52806,0.31545,-0.037684,0.41519,-0.32478,-0.13233,-0.19015,0.26723,-0.29089,0.53018,-0.16971,0.64988,0.20802,0.37105,0.30152,0.61565,-0.086891,-0.084798,0.068324,0.10411,-0.25857,-0.020989,-0.027583,0.17581,0.079335,0.4254,-0.4756,0.098415,0.22535,0.0053701,0.026085,0.32568,0.46422,-0.36363,-0.072725,-0.029608,0.0075085,0.17966,-0.011504,-0.35429,-0.022541,-0.12093,0.044346,-0.16487,-0.17942,0.12155,0.0036387,-0.15612,-0.040183,-0.32918,-0.27393,-0.21872,0.14849,0.027977,-0.27671,-0.18417,0.009044,-0.21293,-0.22222,-0.061417,0.095292,-0.17942,-0.29217,0.041403,0.172,0.16312,0.70389,-0.2094,-0.065509,-0.10232,0.1166,0.025065,0.096734,0.011344,-0.021532,0.14843,0.52349
-0.37867,-0.42048,0.45074,0.055566,0.24673,0.019005,-0.071767,-0.11352,-0.30279,-0.27596,-0.21509,-0.22544,0,1.2764,0.18082,0.19263,0.18515,0.28951,-0.39763,0.013897,0.092685,-0.072155,-0.27671,-0.2932,-0.18796,-0.49568,0.63561,0.015208,-0.57798,-0.39548,-0.23048,-0.63201,0.99646,0.43647,0.081281,-0.32691,-0.061086,-0.58503,0.045542,-0.1614,0.1189,0.0059723,-0.15213,-0.33417,0.1492,0.097294,-0.23125,0.033679,-0.24029,0.86954,0.6002,0.077356,0.057281,0.12172,0.48647,0.071109,0.1653,0.0076459,-0.0038122,-0.13333,-0.11632,0.2568,0.39978,0.41985,-0.16378,-0.22098,-0.080887,0.42679,0.48,-0.34758,-0.50066,-0.099063,-0.10496,0.22003,0.089595,0.16828,0.39671,0.37692,0.45852,0.3815,0.25303,-0.068051,-0.11424,-0.044856,-0.23809,0.0069868,-0.04571,-0.09272,-0.13585,-0.059604,0.03903,0.074712,0.08525,0.24264,0.31228,0.44924,0.38745,0.020108,-0.12196,-0.019408,-0.055126,0.0054518,-0.19764,0.26381,-0.3438
-0.49177,-0.40616,0.3917,0.064028,0.10563,0.052394,0.016294,-0.10308,-0.28158,-0.13887,-0.16521,-0.13468,1.2764,0,-0.0049389,0.1713,0.077506,0.068282,-0.38083,-0.14806,-0.047187,0.083525,-0.28934,-0.0087569,-0.34109,-0.40742,0.39611,-0.099073,-0.5198,-0.3524,-0.07953,-0.38126,1.0811,0.48676,0.1767,-0.12765,-0.21407,-0.5593,-0.18596,-0.22394,0.073557,-0.082851,-0.016725,-0.15175,0.2502,0.16963,-0.23043,-0.059319,-0.30257,0.5961,0.43671,0.27152,-0.15891,-0.022007,0.2846,-0.0369,0.029149,-0.11267,-0.21118,-0.2066,-0.042796,0.26594,0.74763,0.087865,-0.012548,-0.29877,-0.12515,0.21328,0.51993,-0.17877,-0.26097,0.031084,0.0069404,0.34484,0.17453,0.091246,0.13059,0.40807,0.40216,0.22567,0.10658,0.011387,-0.10855,-0.011828,-0.21473,-0.043561,-0.17348,-0.18318,-0.22907,-0.020343,0.027258,0.18086,0.20948,0.1982,0.29849,0.4333,0.29867,-0.067062,-0.030434,-0.25719,0.020189,-0.10954,-0.1096,0.35867,-0.26855
0.68534,0.19642,-0.18131,-0.037677,0.54738,0.34444,0.10117,0.36771,0.11496,0.13309,0.079417,0.16412,0.18082,-0.0049389,0,0.17744,-0.20388,0.048411,-0.18601,-0.039124,-0.052164,0.258,0.29947,0.02775,0.25843,0.1049,0.21872,0.23424,-0.11888,-0.19427,-0.016101,-0.11834,0.030727,-0.18143,0.025351,0.0074089,0.4622,0.25475,0.36895,0.3763,0.26692,0.15196,0.10402,0.15488,0.24075,0.25638,0.068836,0.18198,0.021786,0.25924,0.32588,-0.078885,0.7098,0.75352,0.3148,0.61457,0.48748,0.31938,0.61798,0.40954,0.3611,0.022048,-0.32301,0.4839,0.15785,0.26176,0.19878,0.15286,-0.084911,-0.16782,-0.18419,0.034842,0.16648,0.15646,0.3707,0.22324,0.28391,-0.33943,-0.21461,0.62957,0.14237,-0.3726,-0.37337,-0.42857,-0.24363,-0.17914,-0.18769,0.16663,0.19978,0.17845,0.36627,-0.53009,-0.37649,0.026767,0.09604,-0.20751,-0.08909,0.25255,-0.074654,0.5218,0.15279,0.28821,0.23673,0.12849,-0.15375
0.087571,-0.19554,0.32474,0.095051,0.41706,0.05347,-0.14923,-0.20126,-0.099855,-0.14807,-0.3585,-0.33251,0.19263,0.1713,0.17744,0,0.28115,0.48168,0.40201,0.27067,0.30374,0.62063,0.54969,0.46305,0.25694,-0.096278,0.11696,0.1147,-0.3368,-0.24497,-0.15281,-0.43288,0.15469,-0.32047,-0.37995,-0.30078,-0.020992,-0.27889,0.25483,0.20532,0.59306,0.33266,-0.39269,-0.31425,-0.15437,-0.26019,-0.00070157,0.07115,0.16574,0.085398,0.20416,-0.31711,0.11105,0.081721,0.22094,0.13549,0.055436,-0.054564,0.0081299,0.14616,0.1722,0.11883,0.09167,0.157,-0.57415,-0.19813,-0.083442,0.021127,-0.073784,-0.50818,-0.51702,-0.36695,-0.30048,-0.32932,-0.30785,0.066094,-0.12403,0.2567,0.13917,0.082239,-0.05983,0.067319,0.18567,0.21173,0.14276,0.31273,0.20462,0.073804,0.047099,-0.04318,0.068281,0.00089452,-0.037266,0.1967,0.065199,0.15692,0.14228,0.033224,0.35302,-0.17107,-0.20133,0.24283,0.028366,0.0642,-0.22779
-0.32493,-0.77247,0.64694,-0.018669,0.50364,-0.23139,0.14183,-0.3428,-0.3839,-0.25663,-0.49753,-0.18872,0.18515,0.077506,-0.20388,0.28115,0,0.79609,-0.04064,0.56318,0.4853,-0.25434,-0.053429,-0.20744,-0.024642,-0.32075,0.35729,-0.05696,-0.091858,0.078035,-0.52063,-0.38048,-0.10878,0.098312,-0.65989,-0.70624,-0.077636,-0.18555,0.0074744,-0.28625,0.34918,-0.03027,-0.21412,-0.3728,-0.58195,-0.60593,0.21028,0.37688,-0.11972,0.26693,0.60468,-0.21897,0.21512,-0.30925,0.32448,0.17585,0.012936,-0.28054,-0.20236,-0.23405,-0.47653,0.32025,0.16667,0.43428,-0.45379,0.018302,0.1738,0.74069,0.60523,-0.39186,-0.39767,-0.83541,-0.77102,-0.76732,-0.81064,0.13738,0.31873,0.48247,0.76109,-0.044102,0.35897,0.68382,0.64192,0.32951,-0.18181,0.3102,0.61789,0.17005,0.18961,-0.17922,-0.24358,0.28124,0.023923,0.41735,0.12528,0.6493,0.48589,-0.22208,0.47627,-0.052894,-0.1853,-0.068075,-0.30724,0.13277,-0.030631
0.073108,-0.35605,0.40548,0.016899,0.48244,-0.19424,0.041418,-0.23231,-0.10429,-0.37293,-0.27076,-0.38642,0.28951,0.068282,0.048411,0.48168,0.79609,0,0.2557,0.84927,0.39152,-0.11632,0.24032,-0.044593,0.17261,-0.3058,0.28278,0.27067,-0.14536,-0.0088851,-0.32497,-0.25345,0.051495,0.040356,-0.54023,-0.3881,-0.04682,-0.086839,0.26691,-0.037829,0.42419,0.16291,-0.20822,-0.27832,-0.49154,-0.44736,0.18165,0.48762,0.41821,0.278,0.29387,-0.29371,0.24041,-0.1855,0.24829,0.29688,0.15657,-0.059878,0.23643,-0.11005,-0.35454,0.34338,0.015889,0.57822,-0.36401,0.055008,0.24164,0.55828,0.21908,-0.4098,-0.29558,-0.62473,-0.47508,-0.69124,-0.62122,0.037305,0.15609,0.20553,0.40802,-0.019079,-0.028948,0.31418,0.5829,0.26386,-0.021161,0.24081,0.24403,0.25959,0.35537,-0.058943,-0.0074647,-0.077576,-0.26172,0.098515,-0.18717,0.18684,0.15786,-0.18626,0.31082,-0.16824,-0.3378,-0.12083,-0.30407,-0.16008,-0.32969
0.2907,0.20744,0.086903,0.28664,0.066704,-0.021789,-0.25073,-0.078623,0.34141,-0.046679,0.0032441,-0.12745,-0.39763,-0.38083,-0.18601,0.40201,-0.04064,0.2557,0,0.36073,0.063994,0.37817,0.47385,0.66091,0.17877,0.1912,-0.28181,-0.35346,-0.1406,0.074201,-0.04383,0.27487,-0.23353,-0.72381,-0.25476,-0.095942,-0.068161,-0.12699,0.32293,0.19763,0.35836,0.26133,-0.42268,-0.20152,-0.39345,-0.29252,0.22767,0.23422,0.6063,-0.32884,-0.50475,0.018608,0.12084,-0.035221,-0.077019,0.016729,-0.12003,0.086507,0.26679,0.35482,0.37874,-0.44327,-0.39573,-0.52885,-0.43883,0.019072,0.18077,-0.48336,-0.48902,-0.17288,0.24776,0.0089506,0.072175,-0.30386,-0.13581,0.16494,-0.24816,0.027189,-0.085191,-0.50656,-0.28987,0.2067,0.42707,0.73152,0.83729,0.68771,0.24914,0.26171,0.20261,0.01984,0.21958,0.0031512,0.03549,-0.0016223,-0.25659,-0.21296,-0.19668,0.33804,0.41686,-0.62701,-0.2328,0.12535,0.039556,-0.25119,0.074821
0.27018,-0.3248,0.32012,-0.012438,0.56433,-0.23404,-0.039399,-0.27936,-0.28403,-0.6004,-0.45669,-0.4975,0.013897,-0.14806,-0.039124,0.27067,0.56318,0.84927,0.36073,0,0.58267,-0.040085,0.20624,-0.047981,0.11491,-0.13936,0.42967,0.079487,-0.28782,-0.30647,-0.38689,-0.30287,-0.24926,0.025263,-0.36441,-0.49723,-0.080532,-0.092928,0.15616,-0.097483,0.2987,-0.062122,-0.39944,-0.56124,-0.53233,-0.49627,0.43107,0.4349,0.2755,0.1821,0.23183,-0.24173,0.23782,-0.15166,0.3721,0.029114,-0.071082,0.15607,0.26156,-0.18567,-0.23973,0.23581,-0.17256,0.15732,-0.16385,0.28699,0.49519,0.53302,0.16728,-0.17177,-0.11426,-0.32638,-0.22181,-0.64065,-0.41519,0.000914,0.31324,0.24351,0.28844,-0.0056049,0.16523,0.31747,0.36057,0.31228,0.049497,0.46611,0.54936,0.39197,0.23209,0.30935,0.21245,-0.16691,-0.15573,-0.11393,-0.33582,0.21986,0.3063,-0.013,0.17233,0.019994,-0.16312,0.18153,-0.041065,-0.3334,-0.20983
0.0024495,-0.95413,0.29107,-0.37189,0.5162,-0.33011,-0.15975,-0.58744,-0.74559,-0.50053,-1.1071,-0.56622,0.092685,-0.047187,-0.052164,0.30374,0.4853,0.39152,0.063994,0.58267,0,0.19718,-0.040473,-0.31931,-0.11281,-0.6009,0.34388,-0.029284,-0.38917,-0.18854,-0.81935,-0.62947,-0.071248,0.13279,-0.43218,-0.75694,-0.055361,-0.38471,0.031648,-0.56982,0.35076,-0.14053,-0.47876,-0.63757,-0.6542,-0.68876,0.48719,0.37682,0.13049,0.51174,0.49415,0.10504,0.27341,-0.37817,0.68305,0.29867,0.02288,0.046416,-0.0065067,-0.47838,-0.55056,0.48757,0.17188,0.29451,0.097391,0.2537,0.28993,0.76751,0.19359,0.00047187,-0.061905,-0.41805,-0.4095,-0.51247,-0.29415,-0.15938,0.13174,0.27004,0.40584,-0.19585,0.164,0.095302,0.00090671,0.20744,-0.24333,0.29912,0.2295,0.52592,0.42632,0.099504,0.022543,0.36101,-0.021454,0.12396,-0.18989,0.54682,0.15399,0.16645,0.10196,0.069324,-0.06013,0.41011,0.086842,0.17425,-0.25666
0.1493,0.055094,-0.20877,-0.1716,0.36776,0.5096,-0.020059,0.27766,-0.11143,0.24782,-0.31915,0.11121,-0.072155,0.083525,0.258,0.62063,-0.25434,-0.11632,0.37817,-0.040085,0.19718,0,0.38269,0.65406,-0.027627,-0.036034,-0.064567,-0.15678,-0.21104,-0.18515,-0.25223,-0.094499,0.074308,-0.21057,-0.15433,0.019896,-0.16002,-0.20014,0.011368,0.35617,0.73827,0.4948,-0.21247,0.10852,-0.17906,-0.24649,0.34867,0.12618,0.22122,0.057322,-0.0031265,0.096822,0.15363,0.32904,0.13489,0.36657,0.37763,0.33769,0.14336,0.083435,0.40052,-0.064762,0.12303,-0.17753,0.037787,0.19075,0.06827,-0.17618,-0.33194,-0.10676,0.012135,-0.18375,-0.1135,-0.15545,0.049304,-0.22056,-0.34986,0.080603,-0.070257,-0.20081,-0.17421,0.014089,-0.28737,0.18362,0.20175,0.25143,-0.11657,0.42183,0.34463,0.24551,0.18549,0.094527,0.09408,0.04334,0.14428,-0.12352,-0.22078,0.3168,0.18167,-0.18647,-0.015466,0.53562,0.2971,0.090257,-0.15125
0.79381,0.28923,-0.42527,-0.14867,0.16989,0.053755,0.43001,0.18643,0.45103,0.20747,0.35589,0.00021156,-0.27671,-0.28934,0.29947,0.54969,-0.053429,0.24032,0.47385,0.20624,-0.040473,0.38269,0,0.54459,0.61663,0.35934,0.12261,0.049046,0.29172,-0.004084,0.25431,0.26783,-0.43861,-0.76125,0.0049073,0.27819,-0.10607,0.27926,0.71624,0.45912,0.52265,0.066309,0.20082,0.12214,0.094852,0.083708,0.27287,0.25909,0.51667,-0.41308,-0.37705,-0.24137,0.13114,0.023596,-0.23622,0.23841,0.18613,0.42802,0.41283,0.40106,0.32983,0.22598,-0.19834,-0.027965,-0.096411,0.26637,0.31996,-0.30012,-0.17254,0.042071,0.17167,0.018952,0.21497,-0.13707,0.13616,-0.25229,-0.2959,-0.61859,-0.74193,0.15383,-0.54209,-0.15516,0.25585,-0.26591,-0.13085,-0.24076,-0.25989,0.26929,0.24516,0.2625,0.37073,-0.23105,-0.43817,-0.058187,-0.19474,-0.55864,-0.38278,-0.012838,0.28814,0.15921,-0.17804,-0.018701,-0.079173,-0.029338,-0.048866
0.22072,0.38774,-0.092528,0.39954,0.085888,0.44577,-0.020309,0.27534,0.48248,0.51155,0.24922,0.3415,-0.2932,-0.0087569,0.02775,0.46305,-0.20744,-0.044593,0.66091,-0.047981,-0.31931,0.65406,0.54459,0,0.20505,0.66073,-0.33888,-0.23398,0.17938,0.1183,0.21609,0.47044,-0.094278,-0.46606,-0.23988,0.28565,-0.3159,0.23832,0.0012262,0.57004,0.42598,0.30467,0.018534,0.26328,-0.072452,-0.055758,0.090938,0.03873,0.27279,-0.25987,-0.2415,0.13687,-0.010798,0.20414,-0.21369,-0.10873,-0.02472,-0.050878,0.065554,0.39041,0.773,-0.30537,0.027311,-0.57406,-0.245,-0.088322,-0.021913,-0.70018,-0.27824,-0.02393,0.21729,0.087587,0.091084,0.05201,-0.028235,0.066359,-0.24353,-0.070078,-0.24969,-0.23305,-0.17302,0.21055,0.21905,0.27419,0.53621,0.20187,-0.042639,-0.023743,0.014968,0.099397,0.07668,-0.053598,0.12088,-0.080008,0.06427,-0.3435,-0.051666,0.10806,0.46848,-0.50425,0.0096225,-0.044424,0.14236,-0.047795,0.04303
0.48092,0.46853,-0.013827,0.34368,-0.11531,-0.03804,-0.11171,0.062167,0.60255,-0.057236,0.37683,-0.18869,-0.18796,-0.34109,0.25843,0.25694,-0.024642,0.17261,0.17877,0.11491,-0.11281,-0.027627,0.61663,0.20505,0,0.51976,-0.00028063,0.2998,0.3329,-4.998e-05,0.52579,0.2746,-0.21778,-0.48346,0.14315,0.39879,0.22188,0.41317,0.24632,0.36063,0.057324,-0.0060935,0.39935,0.25079,0.30924,0.4499,0.043725,-0.050027,0.24479,-0.43303,-0.16154,-0.56716,-0.047732,0.049968,-0.011969,0.016286,0.36934,0.32465,0.38247,0.31305,0.13148,-0.058438,-0.52455,-0.051713,-0.25223,0.11713,0.042562,-0.073668,-0.36164,0.2599,0.16778,0.2261,0.18309,-0.0058407,0.092579,0.26766,0.30844,-0.34066,-0.35751,0.63739,0.031116,0.07887,0.4207,-0.15717,0.083264,-0.090512,0.15405,0.11165,0.17227,0.40381,0.56688,-0.42504,-0.43816,-0.38244,-0.46883,-0.71984,-0.27791,0.28377,0.42016,0.34479,-0.26267,-0.39949,-0.28054,-0.21542,-0.33343
0.32994,0.8822,-0.25167,0.62231,-0.1506,0.4395,-0.076086,0.36894,0.74898,0.53831,0.63638,0.50636,-0.49568,-0.40742,0.1049,-0.096278,-0.32075,-0.3058,0.1912,-0.13936,-0.6009,-0.036034,0.35934,0.66073,0.51976,0,-0.39639,-0.077039,0.70729,0.13665,0.53747,0.61483,-0.46251,-0.48079,-0.076642,0.51612,-0.20069,0.76039,-0.06101,0.7082,-0.084696,0.069437,0.26495,0.36932,0.19252,0.26048,-0.077784,-0.20531,0.0085308,-0.38526,-0.27995,-0.016665,-0.041656,0.39058,-0.32724,-0.44947,-0.069874,-0.0083527,0.11656,0.54437,0.80159,-0.36724,-0.28996,-0.47282,-0.088799,-0.043361,-0.091605,-0.69283,-0.29434,0.26159,0.23896,0.37642,0.27318,0.31729,0.096331,0.16851,0.16914,-0.3499,-0.58342,0.15603,0.078811,0.015526,0.1338,-0.083248,0.32466,-0.13491,0.04181,-0.26247,-0.20041,0.15037,0.013127,-0.20409,0.13155,-0.25557,0.027222,-0.57886,0.060085,0.098205,0.14947,0.057508,0.32493,-0.14199,0.19251,-0.1876,0.20065
0.046712,-0.53359,0.059013,-0.44063,0.405,-0.2087,0.36127,-0.040003,-0.25387,-0.20129,-0.13817,-0.16656,0.63561,0.39611,0.21872,0.11696,0.35729,0.28278,-0.28181,0.42967,0.34388,-0.064567,0.12261,-0.33888,-0.00028063,-0.39639,0,-0.058827,-0.37582,-0.37215,-0.32907,-0.44202,0.063019,0.18144,0.16533,-0.38273,0.041334,-0.23083,0.3636,-0.19073,0.24455,-0.31771,-0.022299,-0.44031,-0.0072325,-0.062679,0.2833,0.45615,-0.17674,0.40304,0.46656,-0.18671,0.24759,-0.12338,0.40952,0.22175,0.10938,0.43037,0.23997,-0.13393,-0.28717,0.43954,0.0099107,0.41548,-0.077598,0.39859,0.50013,0.59196,0.48854,-0.12894,-0.2168,-0.18612,-0.033533,-0.032622,0.16928,-0.078367,0.46458,-0.050369,0.12748,0.37856,0.30763,0.016758,-0.056445,-0.34056,-0.58755,-0.081605,0.077209,0.328,0.14182,0.30712,0.33033,-0.134,-0.33273,0.17624,0.18389,0.25989,0.24172,-0.13711,-0.0019487,0.54551,-0.34154,0.048837,-0.36301,0.26186,-0.067573
0.27076,0.11433,-0.14471,-0.16725,-0.098584,-0.12562,0.10765,0.06976,-0.12844,-0.17055,0.071928,-0.22046,0.015208,-0.099073,0.23424,0.1147,-0.05696,0.27067,-0.35346,0.079487,-0.029284,-0.15678,0.049046,-0.23398,0.2998,-0.077039,-0.058827,0,0.14784,0.12026,0.35643,-0.10646,0.15508,0.43109,0.11208,0.21795,0.22249,0.4507,-0.029607,0.15006,-0.15284,0.13424,0.39676,0.31537,0.30572,0.2546,-0.37278,-0.39313,0.1153,-0.08938,0.11405,-0.57284,-0.26815,0.0018837,-0.1754,-0.010496,0.11363,-0.17808,-0.11198,-0.37662,-0.42378,0.20217,-0.06158,0.60686,0.096044,-0.22806,-0.40749,0.32088,0.05969,-0.058397,-0.28232,-0.061612,-0.13551,-0.21177,-0.2548,-0.28321,-0.11922,-0.15127,-0.080547,0.38975,-0.078153,-0.23242,-0.08692,-0.47957,-0.19866,-0.3549,-0.17998,-0.31825,-0.18715,-0.05636,-0.082256,-0.63602,-0.64652,-0.6989,-0.45385,-0.23448,-0.098547,-0.27706,-0.17922,0.34828,-0.28917,-0.32859,-0.28388,-0.50675,-0.56598
0.13393,0.51532,-0.58523,-0.019494,-0.37089,0.19729,0.35663,0.33335,0.47896,0.68479,0.62672,0.52806,-0.57798,-0.5198,-0.11888,-0.3368,-0.091858,-0.14536,-0.1406,-0.28782,-0.38917,-0.21104,0.29172,0.17938,0.3329,0.70729,-0.37582,0.14784,0,0.62317,0.40078,0.73873,-0.55484,-0.10785,-0.074946,0.73356,-0.27273,0.88224,-0.033575,0.37866,-0.11907,0.0027828,0.62387,0.69587,0.044344,0.075817,0.071322,-0.054129,0.23265,-0.44891,-0.33761,-0.066408,-0.14267,-0.010444,-0.5381,-0.15958,0.10821,0.019481,-0.015994,0.088769,0.06924,0.14037,0.031677,-0.030483,0.22817,0.14278,-0.059864,-0.32997,-0.12434,0.50725,0.35635,0.0072522,0.0036932,0.053109,-0.11668,-0.37279,-0.18616,-0.53133,-0.55214,-0.092319,-0.27533,0.084283,0.22295,-0.34811,-0.12823,-0.66133,-0.33143,-0.070144,0.097005,0.043795,-0.32353,0.049828,-0.069729,-0.18717,-0.010602,-0.61077,-0.19694,-0.35673,-0.042234,0.22161,0.16009,-0.37367,-0.039206,-0.11995,0.11703
0.041069,0.075965,-0.16128,-0.042104,-0.35253,-0.12324,0.316,0.083474,0.1186,0.45204,0.31383,0.31545,-0.39548,-0.3524,-0.19427,-0.24497,0.078035,-0.0088851,0.074201,-0.30647,-0.18854,-0.18515,-0.004084,0.1183,-4.998e-05,0.13665,-0.37215,0.12026,0.62317,0,0.24881,0.74044,-0.08109,0.076657,-0.10784,0.22542,0.14225,0.51561,0.22418,-0.036456,-0.05086,0.016825,0.40798,0.45284,-0.080565,-0.050109,-0.15073,-0.11789,0.44194,-0.31252,-0.14206,0.005803,0.10949,-0.14015,-0.21203,0.071007,-0.098905,-0.41505,-0.30222,-0.21584,-0.22014,-0.098619,0.012169,0.0057364,0.029437,-0.20979,-0.30966,-0.21082,0.040143,0.2061,0.31196,-0.042943,-0.042429,-0.13629,-0.22764,-0.13958,-0.29953,-0.22576,-0.010226,-0.42884,-0.23872,0.27987,0.42887,0.018944,0.1602,-0.20781,-0.22187,-0.17804,-0.0082233,-0.35132,-0.50849,-0.018423,-0.3059,-0.19301,-0.17388,-0.2776,-0.06841,-0.18086,0.050809,-0.12508,-0.17698,-0.52122,-0.27297,-0.19117,-0.083588
0.3218,0.69813,-0.23138,0.30137,-0.85553,-0.18365,0.096199,0.084265,0.57054,0.078024,0.93838,-0.037684,-0.23048,-0.07953,-0.016101,-0.15281,-0.52063,-0.32497,-0.04383,-0.38689,-0.81935,-0.25223,0.25431,0.21609,0.52579,0.53747,-0.32907,0.35643,0.40078,0.24881,0,0.67481,0.073457,-0.12623,0.73269,0.85234,0.23158,0.47031,0.14521,0.14833,-0.55992,-0.26441,0.73033,0.47456,1.1525,1.2013,-0.59845,-0.66097,0.10761,-0.81946,-0.59477,-0.21728,-0.38126,-0.0078699,-0.45537,-0.41086,-0.20996,-0.10007,-0.12628,0.16376,0.18789,-0.14652,-0.13167,-0.36933,0.097666,-0.40785,-0.42064,-0.59999,-0.16383,0.44626,0.34574,0.91962,0.79839,0.52075,0.43165,0.094101,-0.19278,-0.44617,-0.59232,0.42049,-0.38033,-0.24222,0.18085,-0.4048,0.10517,-0.49837,-0.3154,-0.60671,-0.54897,0.048776,0.15646,-0.50618,-0.38091,-0.57231,-0.45578,-0.78417,-0.27167,-0.085326,-0.099854,0.095065,-0.013243,-0.71487,-0.17373,-0.26274,-0.13056
0.30847,0.67372,-0.46836,0.15385,-0.53902,0.058849,0.29028,0.36116,0.75378,0.52357,0.91191,0.41519,-0.63201,-0.38126,-0.11834,-0.43288,-0.38048,-0.25345,0.27487,-0.30287,-0.62947,-0.094499,0.26783,0.47044,0.2746,0.61483,-0.44202,-0.10646,0.73873,0.74044,0.67481,0,-0.29305,-0.27965,0.27776,0.85193,0.056844,0.72997,0.15519,0.21662,-0.17254,-0.094968,0.69789,0.76344,0.23152,0.36398,0.01105,-0.043398,0.45202,-0.74356,-0.68557,0.069497,-0.061926,-0.070198,-0.50718,-0.030618,-0.011007,0.042101,0.10721,0.16957,0.19963,-0.2716,-0.21728,-0.54262,0.22466,0.082822,0.020634,-0.66396,-0.33649,0.59362,0.93762,0.46367,0.51107,0.23564,0.28858,-0.034292,-0.25651,-0.6256,-0.53212,-0.21028,-0.42101,0.10849,0.32062,-0.072972,0.24971,-0.29388,-0.34196,-0.049734,0.098626,0.092622,0.078248,-0.24012,-0.25547,-0.37356,-0.31706,-0.95411,-0.47145,-0.0018927,0.12984,-0.14009,-0.057321,-0.61513,-0.13511,-0.22669,0.12055
-0.37255,-0.20602,0.49459,0.22778,-0.10382,-0.028615,-0.25152,-0.16833,-0.31375,-0.3032,-0.19354,-0.32478,0.99646,1.0811,0.030727,0.15469,-0.10878,0.051495,-0.23353,-0.24926,-0.071248,0.074308,-0.43861,-0.094278,-0.21778,-0.46251,0.063019,0.15508,-0.55484,-0.08109,0.073457,-0.29305,0,0.56547,0.24533,-0.064562,0.1108,-0.5248,-0.10181,-0.20953,-0.074528,0.09547,-0.055274,-0.061939,0.3278,0.29124,-0.50582,-0.37058,-0.029743,0.45434,0.31525,0.13201,-0.13928,0.1163,0.35979,-0.038536,0.061427,-0.24145,-0.25103,-0.3024,-0.10492,0.0043723,0.44534,0.091533,-0.053741,-0.5934,-0.48138,0.13366,0.21063,-0.1731,-0.2705,0.1524,0.06469,0.28609,0.1069,0.21248,0.046436,0.50748,0.50296,0.1922,0.034141,-0.01558,-0.063745,0.15236,0.12717,0.099323,-0.13353,-0.31164,-0.32604,-0.1355,-0.031775,-0.0095689,0.078809,-0.084447,-0.012667,0.24464,0.21291,0.15579,-0.17675,-0.33213,-0.05293,-0.1544,-0.096785,-0.0044988,-0.62478
-0.40105,-0.41042,0.15197,-0.23839,-0.099983,-0.14292,0.03561,-0.13842,-0.67187,-0.18441,-0.31783,-0.13233,0.43647,0.48676,-0.18143,-0.32047,0.098312,0.040356,-0.72381,0.025263,0.13279,-0.21057,-0.76125,-0.46606,-0.48346,-0.48079,0.18144,0.43109,-0.10785,0.076657,-0.12623,-0.27965,0.56547,0,0.098135,-0.057012,-0.093338,-0.10526,-0.46409,-0.35556,-0.28958,-0.15348,0.081629,0.0082081,0.00034437,-0.070878,-0.12935,-0.18137,-0.12703,0.45764,0.48344,0.099367,-0.21577,-0.12305,0.22668,-0.1841,-0.06887,-0.22911,-0.36615,-0.87721,-0.61109,0.36387,0.58044,0.36796,0.36146,-0.14062,-0.2197,0.5507,0.49056,0.092994,-0.16803,-0.14749,-0.22452,0.018089,-0.21139,-0.27255,0.07148,0.42141,0.5231,-0.013698,0.19905,0.16855,-0.16582,-0.13246,-0.24287,-0.16401,-0.11522,-0.16004,-0.22534,0.044562,-0.34774,0.039257,0.0049522,-0.25613,-0.013983,0.36862,0.38101,-0.38774,-0.45696,0.078448,-0.0086219,-0.16193,-0.069524,-0.1093,-0.46006
0.17192,0.31685,-0.32438,-0.18708,-0.70977,-0.30765,0.18857,0.08061,0.19929,-0.14941,0.52037,-0.19015,0.081281,0.1767,0.025351,-0.37995,-0.65989,-0.54023,-0.25476,-0.36441,-0.43218,-0.15433,0.0049073,-0.23988,0.14315,-0.076642,0.16533,0.11208,-0.074946,-0.10784,0.73269,0.27776,0.24533,0.098135,0,0.59756,0.37302,-0.014173,0.17536,-0.15249,-0.57325,-0.4402,0.52076,0.22586,1.1409,1.149,-0.24313,-0.34473,-0.031249,-0.45154,-0.47481,-0.12731,-0.34746,-0.10799,-0.2147,-0.1144,-0.034581,0.38258,0.077518,-0.038174,-0.066061,-0.009611,-0.13606,-0.27138,0.36579,0.020778,-0.026229,-0.24142,-0.14251,0.47073,0.35852,0.87243,0.9791,0.65392,1.0088,-0.045891,-0.13533,-0.39478,-0.44755,0.43713,-0.3027,-0.37694,-0.21313,-0.52524,-0.21455,-0.45057,-0.40837,-0.1354,-0.27353,0.33195,0.52896,-0.39821,-0.36143,-0.37934,-0.32896,-0.47001,-0.44821,0.029711,-0.37491,0.33658,-0.16863,-0.35983,-0.17972,-0.070332,-0.098246
0.20713,0.95454,-0.64817,0.03724,-0.696,0.20661,0.20387,0.44846,0.67318,0.4276,0.86288,0.26723,-0.32691,-0.12765,0.0074089,-0.30078,-0.70624,-0.3881,-0.095942,-0.49723,-0.75694,0.019896,0.27819,0.28565,0.39879,0.51612,-0.38273,0.21795,0.73356,0.22542,0.85234,0.85193,-0.064562,-0.057012,0.59756,0,-0.055042,0.55824,-0.084516,0.43636,-0.30808,-0.0061435,0.81195,0.99471,0.58651,0.67221,-0.032279,-0.23155,0.29993,-0.62874,-0.6498,-0.11184,-0.46385,0.059824,-0.63186,-0.14432,0.24463,0.33283,0.19998,0.12975,0.2093,-0.016468,-0.038967,-0.3039,0.39267,0.13804,-0.047302,-0.56447,-0.48393,0.63118,0.51135,0.46143,0.49495,0.47366,0.42718,-0.26025,-0.3259,-0.57822,-0.76311,0.14939,-0.4977,-0.12092,-0.0055668,-0.41545,-0.032002,-0.6509,-0.60399,-0.048744,0.034418,0.39467,0.23345,-0.25145,-0.13829,-0.48668,-0.24284,-1.1013,-0.62039,-0.12216,-0.15825,0.12623,-0.0065525,-0.50555,-0.0070039,-0.23104,-0.11266
0.31321,0.087087,0.16032,0.033445,-0.11599,-0.33712,-0.1084,-0.10469,0.010651,-0.34567,0.052482,-0.29089,-0.061086,-0.21407,0.4622,-0.020992,-0.077636,-0.04682,-0.068161,-0.080532,-0.055361,-0.16002,-0.10607,-0.3159,0.22188,-0.20069,0.041334,0.22249,-0.27273,0.14225,0.23158,0.056844,0.1108,-0.093338,0.37302,-0.055042,0,0.080493,0.40144,-0.20797,-0.33533,-0.14365,0.084759,0.0078932,0.37342,0.41803,-0.26021,-0.14481,0.030412,-0.2607,0.019484,-0.42875,0.4228,0.15705,0.27381,0.33849,0.0099272,-0.0047172,0.16106,0.099243,-0.15397,-0.25277,-0.59308,0.15764,-0.023898,-0.044338,-0.076027,0.10711,-0.27897,0.0012303,-0.058981,0.24836,0.34514,0.066371,0.30538,0.5296,0.17333,-0.11031,0.093024,0.39437,0.1079,-0.13654,-0.029956,-0.10778,0.074407,0.067008,0.18364,-0.059497,-0.031071,-0.052507,0.27051,-0.64857,-0.52611,-0.083167,-0.28973,-0.17413,-0.13299,0.18625,-0.15029,0.38412,-0.13497,-0.057235,-0.010554,-0.12972,-0.041957
0.48588,0.55713,-0.55859,0.025372,-0.10033,0.24016,0.36435,0.5342,0.43562,0.55263,0.62591,0.53018,-0.58503,-0.5593,0.25475,-0.27889,-0.18555,-0.086839,-0.12699,-0.092928,-0.38471,-0.20014,0.27926,0.23832,0.41317,0.76039,-0.23083,0.4507,0.88224,0.51561,0.47031,0.72997,-0.5248,-0.10526,-0.014173,0.55824,0.080493,0,0.039086,0.47414,-0.079914,0.049137,0.77653,0.76892,0.17434,0.22649,-0.053846,-0.11514,0.13635,-0.3795,-0.11631,-0.27153,0.0037587,0.1325,-0.45195,-0.0055853,0.08318,-0.077157,0.073625,0.037532,0.056115,-0.1048,-0.33286,0.057546,0.20633,0.12092,-0.070495,-0.16435,-0.13586,0.30053,0.26583,0.13643,0.10455,0.015238,-0.0097395,-0.1836,0.022541,-0.75192,-0.54821,0.13539,-0.0074907,-0.080969,0.023522,-0.47945,-0.083014,-0.47979,-0.21455,-0.18763,0.04693,0.031624,-0.072439,-0.57145,-0.4544,-0.56741,-0.22005,-0.69504,-0.19013,-0.15572,0.076386,0.35819,-0.031564,-0.42096,-0.1457,-0.35836,0.050406
0.66175,0.028546,-0.18421,-0.21382,0.089227,-0.28304,0.4037,-0.020545,0.161,-0.059885,0.27958,-0.16971,0.045542,-0.18596,0.36895,0.25483,0.0074744,0.26691,0.32293,0.15616,0.031648,0.011368,0.71624,0.0012262,0.24632,-0.06101,0.3636,-0.029607,-0.033575,0.22418,0.14521,0.15519,-0.10181,-0.46409,0.17536,-0.084516,0.40144,0.039086,0,0.017381,0.2363,-0.11703,0.038673,-0.18549,0.16034,0.14214,-0.023958,0.19683,0.52681,-0.17482,-0.21498,-0.19528,0.56068,0.063445,0.10552,0.37515,-0.023157,0.24077,0.32133,0.2533,0.061104,0.12986,-0.3133,0.17903,-0.10508,0.062804,0.19057,-0.13063,0.0010971,-0.069958,0.055829,0.13096,0.39826,-0.031895,0.29433,-0.015405,-0.11523,-0.50432,-0.35141,0.13643,-0.43248,-0.28716,0.20909,-0.2275,-0.11157,-0.17301,-0.21749,0.11805,0.066815,-0.068557,0.1871,-0.33849,-0.65043,0.083245,-0.1768,-0.2883,-0.15001,0.047687,-0.076937,0.24978,-0.19192,0.016133,-0.16661,-0.022797,-0.033716
0.23158,0.9039,-0.4131,0.23136,0.19444,1.0361,0.10423,1.0242,0.50588,0.62105,0.40224,0.64988,-0.1614,-0.22394,0.3763,0.20532,-0.28625,-0.037829,0.19763,-0.097483,-0.56982,0.35617,0.45912,0.57004,0.36063,0.7082,-0.19073,0.15006,0.37866,-0.036456,0.14833,0.21662,-0.20953,-0.35556,-0.15249,0.43636,-0.20797,0.47414,0.017381,0,0.39819,0.85035,0.14943,0.54353,0.042779,0.059214,0.020007,-0.054502,0.081365,-0.16206,-0.15325,-0.34877,-0.051141,0.79433,-0.42725,0.025257,0.49248,0.28888,0.32935,0.47793,0.71978,-0.41021,-0.36506,0.0069546,-0.27527,0.11914,-0.059002,-0.39247,-0.40734,-0.3044,-0.24079,-0.15445,-0.14102,-0.055598,-0.10967,-0.10627,-0.020958,-0.23314,-0.41322,0.15137,0.017352,-0.018561,-0.12191,-0.067734,0.26931,-0.012035,-0.023718,0.0061485,0.092423,0.12473,0.069566,-0.3516,0.04857,-0.16526,0.26637,-0.54421,-0.13447,0.10499,0.14412,0.073242,-0.045097,0.10953,0.018114,-0.3694,0.034391
0.13029,-0.20063,-0.049883,-0.17622,0.97769,0.50677,0.32189,0.36687,-0.13556,0.23046,-0.30835,0.20802,0.1189,0.073557,0.26692,0.59306,0.34918,0.42419,0.35836,0.2987,0.35076,0.73827,0.52265,0.42598,0.057324,-0.084696,0.24455,-0.15284,-0.11907,-0.05086,-0.55992,-0.17254,-0.074528,-0.28958,-0.57325,-0.30808,-0.33533,-0.079914,0.2363,0.39819,0,0.63474,-0.11527,0.045386,-0.50452,-0.51597,0.43357,0.4321,0.20465,0.30842,0.28523,-0.022152,0.3062,0.19146,0.13251,0.66252,0.59069,0.21419,0.16635,0.016527,0.14354,0.06129,0.043522,0.19706,-0.25576,0.2446,0.23081,0.22338,0.1331,-0.45151,-0.17249,-0.62468,-0.51703,-0.64528,-0.32562,-0.21873,-0.059521,0.034548,0.10533,-0.13949,-0.0042643,0.19394,0.074026,0.23875,-0.010517,0.29573,0.05931,0.48487,0.56751,0.00080891,0.086406,0.097145,-0.063466,0.17488,0.18123,0.063957,-0.06725,0.30524,0.61148,-0.1854,-0.22554,0.31107,-0.16609,0.03742,-0.16093
-0.15727,0.35536,-0.091306,0.13395,0.36504,0.96275,-0.044548,0.70951,-0.0062887,0.26663,-0.12625,0.37105,0.0059723,-0.082851,0.15196,0.33266,-0.03027,0.16291,0.26133,-0.062122,-0.14053,0.4948,0.066309,0.30467,-0.0060935,0.069437,-0.31771,0.13424,0.0027828,0.016825,-0.26441,-0.094968,0.09547,-0.15348,-0.4402,-0.0061435,-0.14365,0.049137,-0.11703,0.85035,0.63474,0,-0.11899,0.3787,-0.27648,-0.28244,-0.10107,-0.13348,0.061467,0.098944,0.032391,-0.31083,-0.030251,0.58622,-0.22509,0.29805,0.58677,-0.0092963,-0.0030816,0.055429,0.251,-0.48953,-0.17366,0.1365,-0.3676,-0.11878,-0.32721,-0.062131,-0.33538,-0.63752,-0.47119,-0.50481,-0.58263,-0.49539,-0.48178,-0.13231,-0.16923,0.17237,0.11868,-0.16787,0.023901,0.042893,-0.18416,0.36513,0.43502,0.36026,0.1439,0.021245,0.2429,-0.29847,-0.20872,-0.10571,0.18547,-0.039481,0.24636,-0.13553,-0.13042,0.29594,0.20669,-0.30708,-0.11816,0.30399,-0.064424,-0.44781,-0.056614
0.20556,0.36037,-0.53395,-0.17491,-0.36638,0.053091,0.6756,0.4939,0.34735,0.35519,0.7642,0.30152,-0.15213,-0.016725,0.10402,-0.39269,-0.21412,-0.20822,-0.42268,-0.39944,-0.47876,-0.21247,0.20082,0.018534,0.39935,0.26495,-0.022299,0.39676,0.62387,0.40798,0.73033,0.69789,-0.055274,0.081629,0.52076,0.81195,0.084759,0.77653,0.038673,0.14943,-0.11527,-0.11899,0,1.0809,0.66137,0.72776,-0.18526,-0.24961,0.015177,-0.43879,-0.21032,-0.21729,-0.30017,-0.1432,-0.48867,0.14668,0.30548,0.068973,-0.08781,-0.1814,-0.20866,0.11175,-0.013127,0.0091905,0.36054,0.036429,-0.1515,-0.044302,0.10153,0.50078,0.43692,0.33717,0.29689,0.17947,0.30206,-0.2623,-0.11421,-0.72583,-0.48027,0.37483,-0.23555,-0.12939,0.040649,-0.68797,-0.38932,-0.81609,-0.51254,-0.19392,0.033032,0.075073,0.14363,-0.42791,-0.61344,-0.54704,-0.31294,-0.73871,-0.51312,-0.10094,0.12068,0.3134,-0.21518,-0.86812,-0.54572,-0.14072,-0.154
0.096572,0.6928,-0.61479,-0.043505,-0.25921,0.51948,0.41543,0.90082,0.40918,0.63961,0.59714,0.61565,-0.33417,-0.15175,0.15488,-0.31425,-0.3728,-0.27832,-0.20152,-0.56124,-0.63757,0.10852,0.12214,0.26328,0.25079,0.36932,-0.44031,0.31537,0.69587,0.45284,0.47456,0.76344,-0.061939,0.0082081,0.22586,0.99471,0.0078932,0.76892,-0.18549,0.54353,0.045386,0.3787,1.0809,0,0.3443,0.41662,-0.089762,-0.23685,0.10927,-0.42055,-0.28251,-0.1696,-0.27527,0.18841,-0.63293,0.24495,0.5614,0.084021,0.0027722,-0.034026,0.067522,-0.18941,-0.073977,-0.057013,0.2965,0.076733,-0.21923,-0.23492,-0.26095,0.27279,0.31319,0.10042,0.059223,0.052103,0.10305,-0.26447,-0.2909,-0.48428,-0.39422,0.080709,-0.2517,-0.019989,-0.090647,-0.30299,-0.032938,-0.46022,-0.44532,-0.079319,0.20561,0.030154,0.015173,-0.3195,-0.24005,-0.44776,-0.11408,-0.82241,-0.62672,0.020293,0.12806,0.049662,-0.099561,-0.46098,-0.22202,-0.28085,-0.089433
