,,,,,,,,,,,,,,,,,,,,,,,,,,,,,,,,,,,,,,,,,,,,,,,,,,,,,,,,,,,,,,,,,,,,,,,,,,,,,,,,,,,,,,,,,,,,,,,,,,,,,,,,
0,-0.073099,-0.51705,-0.47106,0.94233,-0.079578,1.1083,-0.088831,0.50288,-0.014398,-0.0027225,-0.54916,-0.24578,-0.6852,-0.053365,-0.26494,0.23021,0.36058,-0.0059251,-0.4001,0.40034,0.010494,0.64722,-0.095927,0.4032,0.078697,0.28383,0.0012094,0.73149,0.36093,-0.0083828,-0.034234,-0.76203,-0.39784,-0.35408,-0.22798,-0.40138,-0.24082,0.98676,-0.14085,0.94881,0.17383,0.20196,0.19444,-0.091256,0.13085,-0.10522,-0.23796,0.48716,-0.78184,-0.94639,0.52186,0.61216,0.054542,0.19485,0.37279,0.33019,0.27138,0.10636,0.29123,-0.08591,0.031378,-0.3491,0.062542,0.14231,-0.2851,-0.27942,-0.23232,-0.081424,-0.089831,0.074529,-0.35364,-0.27942,-0.12251,-0.22416,0.33871,-0.38814,-0.81462,-0.86679,-0.63122,-0.68615,0.0064803,0.090645,-0.063301,-0.19011,-0.26232,-0.41955,-0.022537,0.1619,0.032212,0.040068,0.089765,-0.46137,0.35072,-0.38142,-0.5954,-0.55988,0.032703,-0.32277,0.16904,-0.24788,0.071021,-0.48214,0.071994,-0.2207
-0.073099,0,0.34401,0.36509,-0.53958,0.55619,-0.3043,0.55829,-0.46212,0.060975,-0.15091,0.27731,-0.15523,-0.014508,-0.22157,-0.43272,-0.42048,-0.61434,0.15153,-0.10905,-0.60107,-0.53499,-0.16363,-0.071482,-0.3604,0.019751,-0.56085,-0.56334,-0.24677,0.00094668,0.014767,0.076347,-0.023865,-0.24842,-0.037303,0.28229,-0.017651,0.2034,-0.11375,0.57143,-0.41844,-0.1022,0.055172,0.11029,0.30384,0.46002,0.038869,-0.032716,-0.21474,0.073098,0.20564,0.0048824,0.079993,0.42861,0.37563,-0.055673,-0.22953,-0.22059,0.018708,0.10758,0.20576,-0.35456,-0.18416,-0.4131,-0.02809,-0.03488,0.081045,-0.19571,-0.272,-0.20294,-0.44473,0.033617,-0.02367,0.51825,0.2303,0.27426,0.63065,-0.011097,-0.037928,-0.20267,-0.0046077,-0.19487,-0.13259,-0.024737,0.1219,-0.061512,-0.01058,-0.070101,-0.10636,0.15001,0.49093,-0.036216,0.48711,0.15082,0.4229,0.028833,0.13912,-0.043291,0.19897,-0.5556,0.055578,-0.20666,-0.082524,0.21087,0.47774
-0.51705,0.34401,0,1.1129,-0.27449,0.51378,-0.62993,-0.087338,-0.16671,-0.22182,-0.16053,0.69946,-0.059447,0.37444,0.28701,0.38005,0.15097,-0.064444,0.16488,0.64123,-0.19365,0.23742,-0.30626,0.4873,-0.19695,-0.24796,-0.11075,0.096966,-0.57749,-0.43358,-0.13183,-0.2761,0.22086,0.057684,-0.045669,-0.27906,-0.057627,-0.26377,-0.77678,0.20805,-0.37986,0.16626,-0.22578,-0.080688,-0.02843,0.1047,0.20355,0.33291,-0.32156,0.47608,0.45534,-0.20676,-0.013029,0.27129,0.12308,0.024693,-0.009264,0.22164,0.30745,0.39608,0.81278,-0.12786,0.23717,0.07519,-0.12888,0.45021,0.45498,-0.22281,-0.3967,-0.25882,-0.21006,0.42529,0.461,0.020168,0.48294,0.18484,0.92873,0.67858,0.6127,0.3628,0.44533,0.50624,0.29182,0.32907,0.54069,0.40644,0.53864,0.11951,0.082008,0.045776,0.059921,0.4155,0.8485,-0.15357,0.34242,0.60441,0.69994,0.13747,0.70434,0.18453,0.71883,0.40422,0.57918,0.038155,0.39911
-0.47106,0.36509,1.1129,0,-0.27827,0.11996,-0.44978,-0.070552,-0.13246,-0.21446,0.18977,0.73859,0.17875,0.69386,0.19755,0.30123,-0.15053,-0.085247,-0.15311,0.46966,-0.41892,0.10157,-0.30161,0.087182,-0.24117,-0.34205,-0.228,0.10139,-0.68563,-0.55879,0.13204,-0.094789,0.49856,0.2838,0.30307,0.10842,0.030324,0.039439,-0.51562,0.30827,-0.4607,-0.13532,-0.20185,-0.30977,0.36338,0.34285,0.052074,0.14714,-0.55995,0.45206,0.48748,-0.37332,-0.41593,-0.13718,-0.18649,-0.45609,-0.40845,-0.1436,-0.15314,0.26244,0.58265,-0.13273,0.38729,-0.1292,-0.027479,0.16415,0.19787,-0.053378,-0.38159,-0.26184,-0.47935,0.4371,0.30721,0.22295,0.41862,0.41889,1.0078,0.48177,0.51136,0.29558,0.49912,0.35063,0.36538,0.010743,0.37418,0.1168,0.17679,-0.14696,-0.28295,0.13104,0.27471,0.10688,0.41594,-0.20396,0.21122,0.6797,0.70031,0.3264,0.58326,-0.020628,0.51242,0.29812,0.64631,-0.032491,0.2773
0.94233,-0.53958,-0.27449,-0.27827,0,-0.066455,0.99941,-0.31493,0.91179,-0.076856,0.011773,-0.30648,0.011374,-0.23631,0.19152,0.12427,0.65217,0.99781,-0.18379,0.01023,0.87123,0.52098,0.66677,0.16095,0.27821,-0.017399,0.77725,0.4729,0.51634,0.10465,-0.17209,-0.2047,-0.41061,-0.0054413,-0.31828,-0.41554,-0.46546,-0.42857,0.58862,-0.23792,1.3475,0.4745,0.0090413,0.13823,-0.28119,-0.21895,0.0084315,-0.0059498,0.38263,-0.4895,-0.66806,0.36126,0.35158,-0.17204,-0.14179,0.28832,0.47253,0.45904,0.14428,0.37286,0.029069,0.17523,-0.13654,0.34652,0.191,-0.064549,-0.11815,-0.28777,-0.041043,-0.04584,0.20556,-0.37973,-0.26097,-0.2486,-0.23605,0.15419,-0.36885,-0.38255,-0.34491,-0.26655,-0.40086,0.36531,0.29164,0.17606,8.907e-05,-0.060197,-0.19631,0.1303,0.32907,0.054484,-0.3006,0.20394,-0.44784,0.058324,-0.43079,-0.47592,-0.43467,0.046761,-0.25478,0.48446,-0.062932,0.26846,-0.20487,-0.21733,-0.61587
-0.079578,0.55619,0.51378,0.11996,-0.066455,0,-0.15159,0.32812,-0.16527,-0.047263,-0.55978,0.19587,-0.26172,-0.14771,0.009532,-0.073795,0.29986,-0.013319,0.20925,0.17335,-0.026088,-0.028663,-0.047803,0.33684,-0.26318,0.14934,-0.1436,-0.26122,-0.050341,-0.014298,-0.18119,-0.090461,-0.16896,-0.11551,-0.45582,-0.24117,-0.34787,-0.3189,-0.22124,0.3746,0.010779,0.59138,0.096538,0.45563,-0.13718,-0.024341,0.4742,0.49623,0.11988,0.0024044,0.040465,0.27607,0.49513,0.89158,0.43197,0.48591,0.49107,0.44502,0.59094,0.36118,0.50101,-0.38692,-0.24153,0.19126,0.20048,0.58959,0.64994,-0.52242,-0.47404,0.019841,0.003989,0.12043,0.23093,0.10628,0.43872,-0.088899,0.30212,0.13972,0.12063,-0.10305,-0.12722,0.40158,0.10379,0.41881,0.29593,0.18295,0.18079,0.5491,0.70594,0.14562,-0.043192,0.21619,0.59679,-0.051365,0.38905,-0.20557,0.042951,-0.34444,0.12572,-0.015636,0.43855,0.11912,-0.00095244,0.0055514,0.2235
1.1083,-0.3043,-0.62993,-0.44978,0.99941,-0.15159,0,0.1826,0.48065,0.20148,0.23168,-0.54017,-0.10167,-0.47046,-0.16048,-0.13057,0.20736,0.47056,-0.22981,-0.40982,0.33785,0.089904,0.61439,-0.23724,0.40828,0.30479,0.18592,0.036125,0.63822,0.20416,0.18146,0.27703,-0.45885,-0.18384,-0.20864,-0.042307,-0.14413,0.12177,1.226,-0.008363,1.0651,0.22278,0.50418,0.40722,0.12063,0.11867,-0.13426,-0.13569,0.40161,-0.94989,-1.1003,0.43579,0.23908,-0.23561,-0.1669,0.23613,0.43189,0.28501,0.028087,0.058252,-0.29456,-0.013204,-0.25423,0.39127,0.46128,-0.18116,-0.20332,-0.11059,-0.12587,0.2042,0.23396,-0.28579,-0.18278,0.047183,-0.22328,0.053472,-0.5146,-0.898,-0.8142,-0.7495,-0.76073,-0.017033,-0.0050934,-0.2389,-0.37669,-0.43755,-0.57019,-2.1782e-05,0.13356,0.083085,-0.063344,-0.10298,-0.74666,0.05254,-0.52444,-0.64952,-0.58488,0.14256,-0.41355,0.13484,-0.2124,0.036047,-0.44436,-0.24693,-0.46586
-0.088831,0.55829,-0.087338,-0.070552,-0.31493,0.32812,0.1826,0,-0.35603,0.69151,0.15594,-0.0082417,-0.094699,-0.13275,-0.60265,-0.49459,-0.48982,-0.55227,0.011704,-0.41309,-0.55086,-0.62446,0.080612,-0.32237,-0.12886,0.56322,-0.68701,-0.75061,0.081958,0.19729,0.31257,0.71107,0.0078612,-0.1644,-0.01515,0.49212,0.39381,0.86468,0.26904,0.57115,-0.16817,-0.014293,0.52496,0.55809,0.32239,0.32297,-0.11435,-0.050633,-0.25639,-0.26613,-0.14127,0.063076,-0.054268,0.137,0.10858,0.049752,0.075862,-0.15687,0.0030838,-0.22188,-0.2234,-0.23262,-0.29469,0.13745,0.4459,0.014131,0.056892,-0.019971,-0.17106,0.38678,-0.0071428,-0.024852,0.028026,0.5622,0.10739,-0.17167,0.068695,-0.28682,-0.26568,-0.51139,-0.28523,-0.35181,-0.39221,-0.29339,-0.24447,-0.30128,-0.19271,-0.11094,-0.083676,0.037164,0.15232,-0.37148,-0.095241,-0.079172,0.086924,-0.25739,-0.16093,0.0045951,-0.20815,-0.5742,-0.11494,-0.26714,-0.28506,-0.13459,0.075515
0.50288,-0.46212,-0.16671,-0.13246,0.91179,-0.16527,0.48065,-0.35603,0,0.083921,0.23318,-0.051258,0.14881,-0.17588,0.17418,0.064591,0.38754,0.75799,-0.12345,-0.10441,0.60022,0.41492,0.52776,0.2042,0.41766,0.024445,0.67822,0.41304,0.30216,0.050364,-0.089975,-0.18878,-0.10492,0.17309,-0.13543,-0.26952,-0.21683,-0.28726,0.42885,-0.068657,0.72889,0.49177,-0.076661,0.069562,-0.306,-0.2732,-0.03226,0.012309,0.047905,-0.36972,-0.53425,0.41393,0.15629,-0.19723,0.02042,0.22034,0.34014,0.35559,0.16776,0.59342,0.089096,0.16112,-0.22117,0.070682,0.23927,-0.072061,-0.15085,0.10338,0.22184,-0.067429,0.036133,-0.32005,-0.34121,-0.37286,-0.23695,0.36598,-0.22146,-0.23191,-0.23357,-0.029694,-0.17009,0.28416,0.14042,0.34918,0.14302,-0.0023112,-0.16071,0.10565,0.24715,-0.12875,-0.18163,0.18918,-0.20342,0.30443,-0.089018,-0.25876,-0.24079,0.15595,-0.061054,0.26183,-0.078561,0.26456,-0.041488,0.10826,-0.28585
-0.014398,0.060975,-0.22182,-0.21446,-0.076856,-0.047263,0.20148,0.69151,0.083921,0,0.57936,-0.18911,0.27364,-0.12336,-0.60786,-0.53833,-0.42994,-0.25187,0.18226,-0.64921,-0.12281,-0.37107,0.57197,-0.090438,0.37777,1.1983,-0.28549,-0.5596,0.40519,0.51083,0.60724,1.0654,0.21237,0.010627,0.22527,0.40126,0.80856,0.8235,0.51504,0.27032,0.069935,0.15263,0.68502,0.81217,0.04042,0.1285,-0.0091399,-0.0053435,-0.055957,-0.21732,-0.23652,0.30394,-0.099036,-0.090313,0.089846,0.16039,0.19301,0.027754,0.094184,-0.24328,-0.52882,0.26774,-0.18109,0.27613,0.56277,0.056286,0.04932,0.58049,0.24821,0.69079,0.46145,0.054033,0.11105,0.14422,0.020157,-0.23361,-0.1802,-0.21243,-0.15655,-0.24202,-0.20384,-0.38267,-0.63329,-0.097557,-0.11368,-0.0075861,-0.01434,0.0025019,0.05832,-0.14311,-0.25243,-0.28732,-0.26115,0.16265,0.069909,-0.28684,-0.28966,0.064886,-0.22508,-0.1347,0.031838,-0.17609,-0.073451,0.15339,-0.075373
-0.0027225,-0.15091,-0.16053,0.18977,0.011773,-0.55978,0.23168,0.15594,0.23318,0.57936,0,0.091237,0.44389,0.22969,-0.36869,-0.08021,-0.54805,-0.14968,-0.022174,-0.25877,-0.27441,-0.18376,0.16745,-0.39367,0.58165,0.47938,-0.21157,-0.16219,0.05331,-0.064479,0.85335,0.72218,0.46808,0.1631,0.72977,0.42666,0.93555,0.84476,0.42159,0.21406,-0.075332,-0.19704,0.50365,0.12343,0.3274,0.29124,-0.2219,-0.20332,-0.19715,-0.044753,-0.11938,-0.13896,-0.43315,-0.53671,-0.20234,-0.33032,-0.20536,-0.1834,-0.31502,-0.020235,-0.25041,0.10972,-0.085918,0.043908,0.26425,-0.13577,-0.19666,0.82347,0.096424,0.42816,0.071413,0.29766,0.18311,-0.091956,-0.011273,0.30772,0.078655,-0.11088,-0.0033775,0.10763,0.21383,-0.35097,-0.34693,-0.45724,-0.31562,-0.0099337,-0.27274,-0.32786,-0.36625,-0.23143,-0.11971,-0.20704,-0.36861,0.30084,0.11479,0.32469,0.1581,0.65861,0.020249,-0.21438,-0.064217,-0.14323,0.1607,0.30399,0.030692
-0.54916,0.27731,0.69946,0.73859,-0.30648,0.19587,-0.54017,-0.0082417,-0.051258,-0.18911,0.091237,0,-0.081298,0.502,0.21499,0.20863,-0.0085797,0.012152,0.30584,0.65371,-0.29551,0.20379,-0.31399,0.35248,-0.28797,-0.20696,-0.12195,0.31765,-0.94163,-0.64179,-0.096892,-0.32212,0.30819,0.00088001,-0.00050871,-0.1366,-0.00099131,0.012197,-0.46291,0.77294,-0.49463,0.15663,-0.39598,-0.35575,0.26946,0.30247,-0.30209,-0.22319,-0.43959,0.30976,0.45433,-0.78511,-0.49526,-0.16655,-0.16803,-0.53704,-0.5451,-0.30102,-0.33997,0.29767,0.50967,-0.11962,0.21357,-0.44854,-0.36913,-0.18464,-0.19514,-0.071689,-0.049773,-0.55733,-0.80111,0.10226,-0.042209,-0.098931,-0.025265,0.43476,1.275,0.76714,0.6614,0.55785,0.87797,0.14904,0.015586,0.3254,0.32754,0.57091,0.35851,-0.24077,-0.35716,-0.38663,0.14841,0.033812,0.34248,0.022158,0.66167,0.8478,0.91632,0.40121,0.62646,-0.29542,0.20695,-0.050073,0.37997,0.19463,0.45047
-0.24578,-0.15523,-0.059447,0.17875,0.011374,-0.26172,-0.10167,-0.094699,0.14881,0.27364,0.44389,-0.081298,0,0.85883,-0.16398,-0.033193,-0.25981,-0.073612,-0.14671,-0.03083,0.12161,-0.061879,0.19317,-0.17968,-0.096189,0.085791,0.058005,0.034445,0.095226,0.025474,0.19623,0.30495,1.1057,1.1472,1.1247,0.76085,0.24869,0.24226,-0.0057893,-0.1524,-0.064473,-0.091841,0.033713,-0.01262,-0.12372,-0.33244,0.31997,0.28572,-0.29015,0.44823,0.43569,-0.039858,-0.33503,-0.28995,-0.27734,-0.29347,-0.17118,-0.12465,-0.16851,-0.36412,-0.37725,0.16243,0.11795,0.13597,0.37206,0.15421,0.15481,0.32915,0.12912,0.40748,0.16251,-0.073662,-0.020732,0.028209,0.064769,-0.11246,-0.15024,0.17045,0.38968,0.28911,0.25612,0.0062995,0.050475,-0.090201,-0.068198,0.12724,0.13757,0.19635,-0.021601,0.14487,-0.1652,-0.20145,-0.10583,-0.17575,-0.082896,-0.0044553,-0.31805,-0.0090668,-0.30855,-0.12611,0.10653,-0.22629,0.084095,-0.20503,-0.66595
-0.6852,-0.014508,0.37444,0.69386,-0.23631,-0.14771,-0.47046,-0.13275,-0.17588,-0.12336,0.22969,0.502,0.85883,0,0.033893,0.19274,-0.21995,-0.080365,-0.14951,0.5634,-0.15752,0.06808,-0.19358,-0.02481,-0.55734,-0.33427,-0.052494,0.26696,-0.46778,-0.40991,0.0051693,-0.057091,1.1941,0.93802,0.80725,0.49819,0.10942,0.13653,-0.46479,0.080486,-0.48777,-0.20971,-0.37165,-0.46258,0.11629,-0.072984,0.13217,0.15898,-0.60891,0.79648,0.96812,-0.69049,-0.67353,-0.37994,-0.48794,-0.80874,-0.62079,-0.43179,-0.48897,-0.28161,0.011866,0.011349,0.4409,-0.11518,-0.081292,0.0467,0.071468,0.032609,-0.045578,-0.030594,-0.29349,0.057325,-0.021344,0.15354,0.18821,0.044809,0.39852,0.7486,1.0106,0.66476,0.85894,0.11628,0.19544,0.028802,0.23852,0.27572,0.40474,-0.031507,-0.30313,0.10776,0.098759,-0.26552,0.017757,-0.51284,0.015953,0.54506,0.26848,0.17044,0.095327,-0.22126,0.17819,-0.15481,0.36708,-0.2879,-0.3035
-0.053365,-0.22157,0.28701,0.19755,0.19152,0.009532,-0.16048,-0.60265,0.17418,-0.60786,-0.36869,0.21499,-0.16398,0.033893,0,0.78739,0.92142,0.52358,0.026559,0.48705,0.62688,0.61665,-0.106,0.5207,0.0082044,-0.33858,0.65897,0.65937,-0.1442,-0.098301,-0.44945,-0.53265,-0.2617,-0.13234,-0.28284,-0.53755,-0.42083,-0.67687,-0.3945,-0.12377,0.26976,0.25499,-0.42904,-0.2208,-0.32791,-0.24277,-0.16158,-0.11474,0.27872,0.41334,0.28276,-0.1568,-0.0617,-0.16109,-0.19634,0.13924,0.045804,0.39531,0.20717,0.31211,0.26896,0.25057,0.50659,0.017776,-0.21201,-0.10643,-0.11706,-0.12743,0.36405,-0.56051,-0.07074,-0.11415,-0.0046103,-0.45377,-0.38164,-0.0065346,0.16456,0.29428,0.14743,0.22197,0.12517,0.70198,0.61771,0.28342,0.16448,0.3809,0.20394,0.097333,0.053856,-0.23723,-0.31737,0.8035,0.41541,-0.019408,-0.10258,0.10137,0.045771,-0.26753,-0.074364,0.5451,0.04629,0.22502,0.0062313,-0.0064761,-0.02895
-0.26494,-0.43272,0.38005,0.30123,0.12427,-0.073795,-0.13057,-0.49459,0.064591,-0.53833,-0.08021,0.20863,-0.033193,0.19274,0.78739,0,0.65296,0.45317,-0.020527,0.73383,0.32755,0.99584,-0.2468,0.40308,0.079644,-0.32586,0.33812,0.75422,-0.45571,-0.66157,-0.22822,-0.34224,0.069402,0.10011,0.057722,-0.36049,-0.070646,-0.3567,-0.45234,-0.25183,0.11776,0.1033,-0.23204,-0.17949,-0.18259,-0.30173,-0.20201,-0.013765,0.076745,0.3016,0.15837,-0.16721,-0.11466,-0.19066,-0.27852,0.099054,0.14069,0.33535,0.20452,0.2158,0.40953,0.24618,0.5493,0.40214,-0.07679,0.090845,-0.012028,-0.19113,-0.099424,-0.27206,0.03747,0.16595,0.27073,-0.41021,-0.20321,-0.23496,0.073443,0.25605,0.19249,0.25699,0.18949,0.39909,0.40647,0.010352,-0.04712,0.21238,0.11007,-0.099122,-0.088815,-0.18369,-0.30812,0.67684,0.36894,-0.15254,-0.06256,0.38693,0.32992,0.18477,0.22956,0.67645,0.38738,0.558,0.4892,-0.29421,-0.057283
0.23021,-0.42048,0.15097,-0.15053,0.65217,0.29986,0.20736,-0.48982,0.38754,-0.42994,-0.54805,-0.0085797,-0.25981,-0.21995,0.92142,0.65296,0,1.0377,0.10584,0.49386,1.1389,1.0033,0.18951,0.81361,0.065829,-0.11812,0.89286,0.75246,0.094807,-0.092708,-0.62311,-0.55744,-0.46496,-0.14691,-0.59375,-0.87877,-0.61212,-0.90875,-0.060566,-0.13572,0.79001,0.79797,-0.21339,0.14388,-0.53433,-0.45946,0.045149,0.10815,0.61175,-0.027778,-0.15595,0.18491,0.33217,0.077282,-0.064218,0.53271,0.59418,0.81394,0.5025,0.38063,0.22432,0.1479,0.20956,0.35263,-0.064083,0.097425,0.061782,-0.40113,0.08232,-0.37182,0.21785,-0.30071,-0.090721,-0.47767,-0.33361,-0.22267,-0.092866,0.1288,0.02463,0.044647,-0.13274,0.6504,0.34663,0.6092,0.2402,0.35131,0.24699,0.40005,0.51334,-0.14634,-0.4586,0.73813,0.24134,-0.058625,-0.13982,-0.22307,-0.14702,-0.25957,-0.063927,0.77419,0.17423,0.30219,-0.083969,-0.17015,-0.24293
0.36058,-0.61434,-0.064444,-0.085247,0.99781,-0.013319,0.47056,-0.55227,0.75799,-0.25187,-0.14968,0.012152,-0.073612,-0.080365,0.52358,0.45317,1.0377,0,-0.11371,0.28671,0.8825,1.1348,0.38662,0.50298,0.13371,-0.113,0.79586,0.95913,0.034723,-0.23065,-0.27197,-0.40753,-0.22882,0.074816,-0.34984,-0.55561,-0.51571,-0.54538,0.21988,-0.060977,0.88784,0.62588,-0.14369,0.051546,-0.12828,-0.20765,-0.048357,0.016069,0.42118,-0.31606,-0.3999,0.21833,-0.0021983,-0.35504,-0.41998,0.12119,0.33069,0.44822,0.11722,0.29056,0.10167,0.20582,0.23758,0.23891,0.063289,-0.075922,-0.13064,-0.2184,0.084447,-0.29415,0.092243,-0.27122,-0.23996,-0.25729,-0.29214,-0.054273,-0.17117,-0.05415,-0.071785,-0.038312,-0.16569,0.48655,0.28343,0.43955,0.21177,0.093018,-0.031494,0.1764,0.26962,-0.03742,-0.23027,0.21707,-0.19332,-0.16509,-0.27571,-0.22713,-0.11809,0.094591,0.047062,0.63539,0.16854,0.36752,0.12105,-0.27525,-0.41497
-0.0059251,0.15153,0.16488,-0.15311,-0.18379,0.20925,-0.22981,0.011704,-0.12345,0.18226,-0.022174,0.30584,-0.14671,-0.14951,0.026559,-0.020527,0.10584,-0.11371,0,0.10461,0.061247,0.044631,0.19692,0.49078,0.28162,0.35521,-0.18741,-0.011462,-0.061781,0.025831,0.028451,0.0085981,-0.083928,-0.42129,-0.038843,-0.19812,0.14603,-0.073728,0.0069579,0.31696,-0.10336,0.27133,0.07678,0.22511,-0.21827,0.16712,-0.3029,-0.37728,0.21487,0.052899,0.075771,-0.1197,0.18311,0.19612,0.27391,0.25118,-0.0047114,0.14276,0.19034,0.0072976,0.034395,0.19253,-0.020314,-0.058657,-0.18366,-0.20014,-0.25205,0.036684,0.13856,-0.19,-0.043661,-0.0059778,0.12626,-0.58259,-0.22304,-0.0093261,0.2217,0.27499,0.13755,0.15396,0.25472,-0.078655,-0.2908,0.25815,-0.049415,0.93554,0.49962,-0.061395,-0.083895,-0.81741,-0.16417,0.19183,0.22381,0.31745,0.37678,0.29822,0.10889,0.22781,0.095881,-0.055695,0.21955,-0.15416,0.003679,0.42607,0.32483
-0.4001,-0.10905,0.64123,0.46966,0.01023,0.17335,-0.40982,-0.41309,-0.10441,-0.64921,-0.25877,0.65371,-0.03083,0.5634,0.48705,0.73383,0.49386,0.28671,0.10461,0,0.18337,0.6384,-0.29205,0.57995,-0.42315,-0.56049,0.32743,0.68298,-0.59246,-0.69089,-0.54308,-0.69108,0.18392,0.1697,-0.016261,-0.37197,-0.24994,-0.4644,-0.57116,0.056382,-0.14317,0.16666,-0.6544,-0.47061,-0.20072,-0.19094,-0.057762,0.016403,-0.099716,0.56201,0.53683,-0.59879,-0.064773,0.030419,-0.098646,-0.19409,-0.15541,-0.023165,-0.095919,0.26318,0.51719,0.040346,0.48288,-0.024304,-0.5425,-0.0033743,-0.0052746,-0.44165,-0.21437,-0.59879,-0.30516,-0.045076,-0.071858,-0.25487,-0.049178,0.046381,0.5883,0.96564,0.83438,0.73496,0.8299,0.26451,0.2011,0.49133,0.52778,0.53204,0.69366,-0.011471,-0.042554,-0.18047,-0.080111,0.36905,0.36729,-0.21613,0.19996,0.63794,0.62152,0.12824,0.42409,0.23421,0.25187,0.15953,0.37204,-0.11868,0.068028
0.40034,-0.60107,-0.19365,-0.41892,0.87123,-0.026088,0.33785,-0.55086,0.60022,-0.12281,-0.27441,-0.29551,0.12161,-0.15752,0.62688,0.32755,1.1389,0.8825,0.061247,0.18337,0,0.71358,0.52051,0.61338,0.1661,0.030676,1.3554,0.65455,0.47361,0.26067,-0.5239,-0.34518,-0.31278,0.025596,-0.28599,-0.50288,-0.39664,-0.66071,0.18972,-0.36338,1.0794,0.68778,-0.16611,0.19368,-0.7902,-0.69406,0.11964,0.088487,0.63151,0.0032592,-0.1648,0.27445,0.30549,-0.078702,-0.073923,0.48819,0.52203,0.66663,0.37104,0.1553,-0.18354,0.37467,0.11745,0.33079,0.0068218,-0.0036251,-0.033334,-0.10288,0.42439,-0.1376,0.46069,-0.54389,-0.27194,-0.49766,-0.49692,-0.24808,-0.40151,0.014487,-0.015983,0.081392,-0.17505,0.36398,0.1762,0.51644,0.13775,0.35722,0.24144,0.44645,0.51399,-0.091626,-0.62006,0.55134,-0.021834,0.066769,-0.29315,-0.44768,-0.5449,-0.35421,-0.37442,0.70579,-0.053503,0.05629,-0.29692,-0.11213,-0.6189
0.010494,-0.53499,0.23742,0.10157,0.52098,-0.028663,0.089904,-0.62446,0.41492,-0.37107,-0.18376,0.20379,-0.061879,0.06808,0.61665,0.99584,1.0033,1.1348,0.044631,0.6384,0.71358,0,0.1192,0.80838,0.035602,-0.24773,0.69829,1.3712,-0.32463,-0.56654,-0.45452,-0.57443,-0.076069,0.06305,-0.20748,-0.61706,-0.29532,-0.53008,-0.15008,-0.15,0.48325,0.50795,-0.2902,-0.044092,-0.228,-0.3575,-0.14149,-0.00056364,0.26013,-0.056274,-0.14556,0.0093391,-0.069357,-0.29605,-0.37523,0.1237,0.24683,0.41449,0.19539,0.24503,0.2447,0.27641,0.39308,0.28855,-0.15229,-0.015072,-0.10912,-0.26593,0.010404,-0.42803,0.080266,-0.17748,-0.084349,-0.31608,-0.35116,-0.21425,0.011018,0.19182,0.14989,0.18888,0.065191,0.3378,0.19055,0.41735,0.18901,0.28904,0.18852,0.043807,0.092459,-0.098489,-0.27174,0.49562,0.15747,-0.15545,-0.089491,0.11977,0.16771,0.24234,0.34184,0.7757,0.36157,0.4787,0.384,-0.3336,-0.26379
0.64722,-0.16363,-0.30626,-0.30161,0.66677,-0.047803,0.61439,0.080612,0.52776,0.57197,0.16745,-0.31399,0.19317,-0.19358,-0.106,-0.2468,0.18951,0.38662,0.19692,-0.29205,0.52051,0.1192,0,0.3107,0.25796,0.43341,0.27153,0.047215,0.73211,0.54358,0.12642,0.25826,-0.11099,0.049411,-0.0022928,0.081827,-0.048502,-0.014139,0.87685,0.038423,0.80219,0.51242,0.14058,0.47631,-0.30019,-0.043485,-0.056519,-0.13784,0.14829,-0.36991,-0.47246,0.41854,0.26431,-0.1159,0.10253,0.32033,0.2594,0.21281,0.071141,0.085074,-0.27787,0.47939,0.07053,0.27395,0.44771,-0.20288,-0.19719,-0.03617,0.18421,0.073097,0.24362,-0.39529,-0.26521,-0.15336,-0.22299,-0.0099773,-0.32881,-0.26127,-0.29143,-0.29286,-0.33283,-0.004505,-0.080067,0.25851,0.14453,0.10464,0.054589,0.049487,0.16178,-0.14617,-0.18303,-0.047893,-0.47928,0.1279,-0.36103,-0.55344,-0.64936,-0.019135,-0.43365,0.3118,0.094815,0.11375,-0.14643,-0.044293,-0.46568
-0.095927,-0.071482,0.4873,0.087182,0.16095,0.33684,-0.23724,-0.32237,0.2042,-0.090438,-0.39367,0.35248,-0.17968,-0.02481,0.5207,0.40308,0.81361,0.50298,0.49078,0.57995,0.61338,0.80838,0.3107,0,-0.090322,-0.015029,0.52786,0.61199,-0.13474,-0.088996,-0.59403,-0.51316,-0.13711,-0.12113,-0.35635,-0.61464,-0.22433,-0.56371,-0.20086,0.12266,0.2874,0.90966,-0.36486,0.17267,-0.53955,-0.31935,0.017087,0.065915,0.19772,0.14567,0.069492,-0.0079882,0.1757,0.1251,0.14291,0.37328,0.2507,0.44925,0.38434,0.32336,0.22715,0.24048,0.32294,0.091681,-0.2568,0.045942,0.0331,-0.22769,0.18497,-0.52219,0.072453,-0.26444,-0.11998,-0.34866,-0.22722,-0.15491,0.28108,0.56383,0.38237,0.36918,0.23996,0.22907,-0.065215,1.1036,0.66438,0.7744,0.76514,0.27601,0.29598,-0.2393,-0.2153,0.56116,0.44934,0.030211,0.15215,0.10508,0.13736,-0.051886,0.30184,0.54998,0.38793,0.21429,0.18492,0.061175,0.041973
0.4032,-0.3604,-0.19695,-0.24117,0.27821,-0.26318,0.40828,-0.12886,0.41766,0.37777,0.58165,-0.28797,-0.096189,-0.55734,0.0082044,0.079644,0.065829,0.13371,0.28162,-0.42315,0.1661,0.035602,0.25796,-0.090322,0,0.62342,0.019984,-0.17391,0.39229,0.20118,0.61318,0.46848,-0.23776,-0.37398,0.0087085,-0.25448,0.41066,0.13438,0.47875,-0.090385,0.37129,0.070349,0.70223,0.427,-0.035917,0.17898,-0.18196,-0.17366,0.47854,-0.32364,-0.55923,0.43829,0.21721,-0.056633,0.16261,0.4389,0.43201,0.48701,0.34603,0.24106,-0.067169,0.29835,-0.17444,0.36771,0.31209,0.02193,-0.075437,0.59405,0.12853,0.35117,0.46304,0.3797,0.45273,-0.59032,-0.10691,0.11032,-0.26284,-0.41066,-0.45451,-0.21914,-0.27874,0.026096,-0.14266,-0.25416,-0.39645,0.059317,-0.26244,-0.059001,0.098366,-0.45335,-0.46685,0.32741,-0.10458,0.62248,0.065187,-0.031997,-0.049567,0.25751,-0.040991,0.343,0.10108,0.20753,0.022624,0.50103,0.22288
0.078697,0.019751,-0.24796,-0.34205,-0.017399,0.14934,0.30479,0.56322,0.024445,1.1983,0.47938,-0.20696,0.085791,-0.33427,-0.33858,-0.32586,-0.11812,-0.113,0.35521,-0.56049,0.030676,-0.24773,0.43341,-0.015029,0.62342,0,-0.21633,-0.50271,0.46104,0.45384,0.60619,1.0775,-0.0021978,-0.22051,0.068908,0.14668,0.68389,0.60071,0.55496,0.37507,0.23409,0.37949,1.1226,1.2694,0.015215,0.11093,0.049828,0.031352,0.38644,-0.24652,-0.31269,0.3411,0.034055,0.023418,0.10867,0.38406,0.44079,0.34788,0.29996,-0.13988,-0.48357,0.097241,-0.25518,0.38292,0.55581,0.16046,0.14193,0.59845,0.20702,0.70589,0.63397,0.15772,0.3011,-0.10549,-0.047242,-0.30047,-0.17866,-0.23756,-0.201,-0.24295,-0.26588,-0.23775,-0.62267,-0.087452,-0.28249,0.16197,-0.099589,0.22521,0.28261,-0.27565,-0.49279,-0.038108,-0.11324,0.30748,0.2048,-0.30342,-0.28238,-0.022528,-0.28626,-0.04687,0.067455,-0.27019,-0.21319,0.31736,0.042179
0.28383,-0.56085,-0.11075,-0.228,0.77725,-0.1436,0.18592,-0.68701,0.67822,-0.28549,-0.21157,-0.12195,0.058005,-0.052494,0.65897,0.33812,0.89286,0.79586,-0.18741,0.32743,1.3554,0.69829,0.27153,0.52786,0.019984,-0.21633,0,0.79165,0.289,0.13572,-0.71637,-0.59686,-0.29628,0.054298,-0.30948,-0.59001,-0.37102,-0.68075,0.037581,-0.3905,0.7423,0.51403,-0.43203,-0.10005,-0.75202,-0.78125,0.10019,0.076027,0.3733,0.10616,-0.072344,0.072029,0.18681,-0.13853,-0.064027,0.25618,0.30721,0.41179,0.19276,0.36032,-0.035187,0.24035,0.041183,0.038386,-0.27655,-0.046763,-0.071101,-0.063678,0.46519,-0.28333,0.2577,-0.55777,-0.43886,-0.40242,-0.47018,-0.002678,-0.19051,0.13467,0.10985,0.30156,0.027654,0.27456,0.16675,0.56356,0.31774,0.26547,0.18133,0.29229,0.38923,0.0096263,-0.49183,0.55781,0.014894,0.13888,-0.182,-0.22875,-0.24713,-0.28469,-0.17641,0.56062,-0.26966,0.051918,-0.22241,0.012035,-0.44681
0.0012094,-0.56334,0.096966,0.10139,0.4729,-0.26122,0.036125,-0.75061,0.41304,-0.5596,-0.16219,0.31765,0.034445,0.26696,0.65937,0.75422,0.75246,0.95913,-0.011462,0.68298,0.65455,1.3712,0.047215,0.61199,-0.17391,-0.50271,0.79165,0,-0.35437,-0.53786,-0.6277,-0.816,-0.0065956,0.15706,-0.10329,-0.43832,-0.39456,-0.51543,-0.17838,-0.1378,0.33482,0.33084,-0.59405,-0.38513,-0.19777,-0.36902,-0.23637,-0.14861,0.078369,0.046904,0.023946,-0.315,-0.27137,-0.54298,-0.55226,-0.18872,-0.10296,0.10898,-0.13199,0.12328,0.10882,0.15515,0.37129,-0.055602,-0.39204,-0.26061,-0.34073,-0.23973,0.19933,-0.63252,-0.17721,-0.41359,-0.37443,-0.29326,-0.4976,-0.013743,0.054937,0.30609,0.27036,0.36662,0.26863,0.25512,0.24048,0.39944,0.18607,0.32827,0.20037,-0.047313,-0.12884,-0.096993,-0.075815,0.26113,-0.028354,-0.22268,-0.18886,0.23658,0.1335,0.26139,0.21122,0.39586,0.029252,0.1705,0.17962,-0.32026,-0.37579
0.73149,-0.24677,-0.57749,-0.68563,0.51634,-0.050341,0.63822,0.081958,0.30216,0.40519,0.05331,-0.94163,0.095226,-0.46778,-0.1442,-0.45571,0.094807,0.034723,-0.061781,-0.59246,0.47361,-0.32463,0.73211,-0.13474,0.39229,0.46104,0.289,-0.35437,0,1.2858,0.12366,0.37108,-0.36535,-0.076285,-0.11359,0.021782,-0.02053,-0.058367,0.73464,-0.33016,0.69415,0.2294,0.34755,0.47649,-0.48578,-0.24419,0.31551,0.16103,0.40674,-0.24283,-0.4164,0.53863,0.61003,0.20863,0.35554,0.59263,0.5302,0.38453,0.28542,0.0023482,-0.45013,0.12578,-0.3201,0.32097,0.37942,0.12309,0.15685,0.15088,0.23207,0.4865,0.65205,-0.22181,-0.052731,-0.17873,-0.013221,-0.057039,-0.70607,-0.43354,-0.4126,-0.30758,-0.52731,0.0065774,-0.042944,0.0031618,-0.080517,-0.1117,-0.11807,0.39352,0.53539,0.087075,-0.33763,0.019896,-0.43859,0.23602,-0.4403,-0.81509,-0.97297,-0.50059,-0.88683,0.19708,-0.29361,-0.14755,-0.66404,0.15425,-0.38043
0.36093,0.00094668,-0.43358,-0.55879,0.10465,-0.014298,0.20416,0.19729,0.050364,0.51083,-0.064479,-0.64179,0.025474,-0.40991,-0.098301,-0.66157,-0.092708,-0.23065,0.025831,-0.69089,0.26067,-0.56654,0.54358,-0.088996,0.20118,0.45384,0.13572,-0.53786,1.2858,0,0.11334,0.37393,-0.3189,-0.17058,-0.15804,0.09139,0.066999,0.023552,0.39328,-0.21876,0.29377,0.11177,0.1944,0.38717,-0.4222,-0.14098,0.25952,0.083316,0.23168,-0.0277,-0.11951,0.35264,0.3842,0.23058,0.3987,0.43456,0.24353,0.16842,0.19856,-0.11862,-0.47569,0.20398,-0.20546,0.072672,0.22815,0.059803,0.12962,0.26271,0.49612,0.38836,0.4975,-0.16868,-0.043977,-0.050735,-0.00033365,-0.096126,-0.46738,-0.23992,-0.27131,-0.21377,-0.38262,-0.055227,-0.092738,0.035948,0.020369,-0.018453,0.013819,0.30564,0.37476,0.053683,-0.25958,-0.043618,-0.24958,0.22767,-0.28052,-0.68354,-0.77474,-0.73035,-0.79707,0.062042,-0.33508,-0.25833,-0.61992,0.27688,-0.16001
-0.0083828,0.014767,-0.13183,0.13204,-0.17209,-0.18119,0.18146,0.31257,-0.089975,0.60724,0.85335,-0.096892,0.19623,0.0051693,-0.44945,-0.22822,-0.62311,-0.27197,0.028451,-0.54308,-0.5239,-0.45452,0.12642,-0.59403,0.61318,0.60619,-0.71637,-0.6277,0.12366,0.11334,0,1.1714,0.32581,0.050417,0.47582,0.45543,0.62448,0.70564,0.33978,0.19251,-0.18609,-0.3279,0.79287,0.28638,0.58555,0.66493,-0.061903,-0.074821,-0.072182,-0.14492,-0.15385,0.13741,-0.23817,-0.18407,-0.092931,-0.17099,-0.09696,-0.13027,-0.17071,-0.15984,-0.097839,0.15791,0.03776,0.23945,0.61725,0.083596,0.057871,0.55448,-0.15669,0.66672,0.13824,0.82261,0.64399,0.029034,0.36636,0.089815,-0.066794,-0.29866,-0.21159,-0.25095,-0.11228,-0.087235,-0.085571,-0.68229,-0.40845,-0.20653,-0.40443,-0.23613,-0.20292,-0.14585,-0.060763,-0.37518,-0.33369,0.11439,0.05468,0.078511,0.08616,0.29987,-0.051264,-0.10334,0.28638,0.10321,0.30886,0.19626,0.20916
-0.034234,0.076347,-0.2761,-0.094789,-0.2047,-0.090461,0.27703,0.71107,-0.18878,1.0654,0.72218,-0.32212,0.30495,-0.057091,-0.53265,-0.34224,-0.55744,-0.40753,0.0085981,-0.69108,-0.34518,-0.57443,0.25826,-0.51316,0.46848,1.0775,-0.59686,-0.816,0.37108,0.37393,1.1714,0,0.28725,0.056916,0.46602,0.65093,0.84778,1.0507,0.47424,0.21719,-0.037918,-0.15078,1.13,0.69276,0.31495,0.31868,0.028797,0.02868,0.020567,-0.1191,-0.14399,0.23672,-0.16198,-0.10662,-0.027355,0.05395,0.12764,0.0021781,0.0090871,-0.3681,-0.48403,0.11144,-0.067757,0.41041,0.81686,0.14033,0.14796,0.60121,-0.00074209,0.9788,0.43743,0.39127,0.44689,0.16299,0.18183,-0.24038,-0.22758,-0.35363,-0.25112,-0.36284,-0.2643,-0.27451,-0.34196,-0.58052,-0.4521,-0.21581,-0.29758,-0.023922,-0.034456,-0.073551,-0.20666,-0.31582,-0.28957,0.069512,-0.027757,-0.21018,-0.25655,0.041651,-0.37227,-0.17638,0.088906,-0.16673,-0.055675,0.07844,-0.021118
-0.76203,-0.023865,0.22086,0.49856,-0.41061,-0.16896,-0.45885,0.0078612,-0.10492,0.21237,0.46808,0.30819,1.1057,1.1941,-0.2617,0.069402,-0.46496,-0.22882,-0.083928,0.18392,-0.31278,-0.076069,-0.11099,-0.13711,-0.23776,-0.0021978,-0.29628,-0.0065956,-0.36535,-0.3189,0.32581,0.28725,0,1.1725,1.2331,0.79956,0.40876,0.40113,-0.27664,0.10995,-0.53859,-0.20778,-0.048848,-0.16973,0.1717,-0.071559,0.20657,0.25919,-0.62858,0.54245,0.63804,-0.2993,-0.61078,-0.26262,-0.27678,-0.57686,-0.42234,-0.3908,-0.34673,-0.34444,-0.10743,0.052784,0.3112,0.0038476,0.23449,0.17853,0.1783,0.32427,-0.060656,0.27671,-0.10756,0.23358,0.13004,0.11779,0.27612,-0.08224,0.17598,0.47921,0.68996,0.5078,0.6088,-0.08145,-0.054669,-0.060521,0.096081,0.13906,0.23907,0.01623,-0.22649,0.046914,0.075415,-0.37672,0.0261,-0.29297,0.17143,0.40702,0.19737,0.2052,0.10729,-0.25213,0.3346,-0.10389,0.5008,-0.15344,-0.17763
-0.39784,-0.24842,0.057684,0.2838,-0.0054413,-0.11551,-0.18384,-0.1644,0.17309,0.010627,0.1631,0.00088001,1.1472,0.93802,-0.13234,0.10011,-0.14691,0.074816,-0.42129,0.1697,0.025596,0.06305,0.049411,-0.12113,-0.37398,-0.22051,0.054298,0.15706,-0.076285,-0.17058,0.050417,0.056916,1.1725,0,0.78326,0.62808,-0.006972,0.038328,-0.18205,-0.18969,-0.14203,-0.056452,-0.22506,-0.21248,-0.082172,-0.41091,0.44956,0.50776,-0.53373,0.38429,0.40996,-0.041729,-0.30374,-0.17739,-0.25506,-0.34653,-0.15236,-0.19485,-0.20806,-0.21775,-0.079645,0.0087514,0.23612,0.12733,0.35259,0.3015,0.30764,0.045604,-0.092088,0.27171,-0.0082718,-0.01502,-0.073712,0.13352,0.29095,-0.12696,-0.14959,0.28342,0.48124,0.35559,0.28753,0.1604,0.23581,0.081177,0.20874,-0.080597,0.12596,0.24177,0.064781,0.32156,0.063369,-0.34176,-0.11318,-0.46462,-0.16071,0.020288,-0.13315,-0.06684,-0.1337,-0.045786,0.22829,0.053172,0.31741,-0.42209,-0.57683
-0.35408,-0.037303,-0.045669,0.30307,-0.31828,-0.45582,-0.20864,-0.01515,-0.13543,0.22527,0.72977,-0.00050871,1.1247,0.80725,-0.28284,0.057722,-0.59375,-0.34984,-0.038843,-0.016261,-0.28599,-0.20748,-0.0022928,-0.35635,0.0087085,0.068908,-0.30948,-0.10329,-0.11359,-0.15804,0.47582,0.46602,1.2331,0.78326,0,1.0284,0.58356,0.52188,-0.023785,-0.072189,-0.39151,-0.44425,0.11666,-0.14135,0.13092,-0.019381,0.047397,0.030453,-0.42152,0.46366,0.45582,-0.2308,-0.46097,-0.34682,-0.22211,-0.45882,-0.42815,-0.37039,-0.3503,-0.40864,-0.29215,0.1194,0.22563,0.016405,0.23422,-0.0079027,-0.019239,0.4499,0.010056,0.35145,-0.0031932,0.20047,0.14108,0.021317,0.11937,-0.022366,-0.017778,0.16995,0.32724,0.31462,0.41006,-0.27781,-0.085937,-0.39629,-0.19871,0.037479,0.021993,-0.15945,-0.39943,-0.006543,0.062844,-0.29854,-0.13158,-0.11251,-0.038135,0.36285,0.0031019,0.30716,-0.12471,-0.24754,0.1129,-0.17621,0.29305,-0.048439,-0.23276
-0.22798,0.28229,-0.27906,0.10842,-0.41554,-0.24117,-0.042307,0.49212,-0.26952,0.40126,0.42666,-0.1366,0.76085,0.49819,-0.53755,-0.36049,-0.87877,-0.55561,-0.19812,-0.37197,-0.50288,-0.61706,0.081827,-0.61464,-0.25448,0.14668,-0.59001,-0.43832,0.021782,0.09139,0.45543,0.65093,0.79956,0.62808,1.0284,0,0.39028,0.79642,0.16484,0.13833,-0.37128,-0.46555,0.19056,0.006306,0.32542,0.12897,0.0243,-0.0068803,-0.54784,0.15477,0.2786,-0.078201,-0.41802,-0.22924,-0.16203,-0.45173,-0.43987,-0.58036,-0.43939,-0.59727,-0.47252,-0.042537,0.073421,-0.085908,0.46321,-0.11565,-0.058016,0.23795,-0.009886,0.38798,-0.13805,-0.027651,-0.093399,0.45494,0.11786,-0.094432,-0.12941,-0.13094,0.0022548,-0.11681,0.035674,-0.40296,-0.13041,-0.47843,-0.26379,-0.33048,-0.19608,-0.16471,-0.39476,0.16711,0.34127,-0.6885,-0.28038,-0.23381,-0.14534,-0.06808,-0.29633,0.052855,-0.37942,-0.60855,-0.08819,-0.33879,-0.030223,-0.23361,-0.28339
-0.40138,-0.017651,-0.057627,0.030324,-0.46546,-0.34787,-0.14413,0.39381,-0.21683,0.80856,0.93555,-0.00099131,0.24869,0.10942,-0.42083,-0.070646,-0.61212,-0.51571,0.14603,-0.24994,-0.39664,-0.29532,-0.048502,-0.22433,0.41066,0.68389,-0.37102,-0.39456,-0.02053,0.066999,0.62448,0.84778,0.40876,-0.006972,0.58356,0.39028,0,1.043,0.079621,0.11094,-0.36859,-0.24626,0.55556,0.32883,0.12654,0.10366,-0.14905,-0.091611,-0.14918,0.16908,0.093447,-0.12964,-0.36298,-0.23367,-0.016197,-0.076893,-0.065082,-0.12273,-0.027926,-0.27638,-0.38277,0.14611,-0.065448,0.14366,0.11706,0.055751,0.0024587,0.94421,0.23861,0.60647,0.37747,0.3803,0.34974,0.01562,0.029529,-0.19386,0.028418,0.054899,0.1119,0.16936,0.22093,-0.61869,-0.7171,-0.39903,-0.26456,0.067311,-0.014851,-0.23657,-0.26,-0.21375,-0.22981,-0.12026,-0.047512,0.18702,0.20556,0.3462,0.20743,0.36156,0.054053,-0.18409,-0.058166,-0.21116,0.16917,0.31306,0.20684
-0.24082,0.2034,-0.26377,0.039439,-0.42857,-0.3189,0.12177,0.86468,-0.28726,0.8235,0.84476,0.012197,0.24226,0.13653,-0.67687,-0.3567,-0.90875,-0.54538,-0.073728,-0.4644,-0.66071,-0.53008,-0.014139,-0.56371,0.13438,0.60071,-0.68075,-0.51543,-0.058367,0.023552,0.70564,1.0507,0.40113,0.038328,0.52188,0.79642,1.043,0,0.32714,0.42431,-0.32757,-0.35241,0.64523,0.2919,0.60838,0.41031,-0.26357,-0.20969,-0.2837,-0.13163,-0.0414,-0.15387,-0.57566,-0.39192,-0.23787,-0.37769,-0.26915,-0.42925,-0.36478,-0.49683,-0.55769,-0.052679,-0.087955,0.0055805,0.31738,-0.17656,-0.16567,0.59085,0.065502,0.50268,0.045571,0.15327,0.081329,0.43821,-0.019362,-0.10773,0.036249,-0.21485,-0.12015,-0.20203,-0.00026448,-0.71059,-0.63586,-0.60152,-0.42605,-0.28441,-0.28455,-0.34338,-0.4673,-0.056618,0.12303,-0.54351,-0.31953,-0.0014152,0.085837,0.084357,0.027186,0.36194,-0.075856,-0.58219,-0.18404,-0.40407,-0.055331,0.0095925,0.059281
0.98676,-0.11375,-0.77678,-0.51562,0.58862,-0.22124,1.226,0.26904,0.42885,0.51504,0.42159,-0.46291,-0.0057893,-0.46479,-0.3945,-0.45234,-0.060566,0.21988,0.0069579,-0.57116,0.18972,-0.15008,0.87685,-0.20086,0.47875,0.55496,0.037581,-0.17838,0.73464,0.39328,0.33978,0.47424,-0.27664,-0.18205,-0.023785,0.16484,0.079621,0.32714,0,0.19466,0.75286,0.20368,0.5375,0.45634,0.12488,0.23299,-0.18867,-0.28761,0.34294,-0.83559,-0.91233,0.41751,0.21741,-0.16788,0.067106,0.16105,0.22748,0.049007,-0.1263,0.014879,-0.48242,0.099092,-0.24145,0.11751,0.4076,-0.37511,-0.34933,0.14074,0.037233,0.18406,0.16558,-0.32759,-0.3198,-0.01759,-0.28925,0.14808,-0.39208,-0.70146,-0.68547,-0.55474,-0.49877,-0.35407,-0.35995,-0.10543,-0.22438,-0.27665,-0.39292,-0.066389,0.041227,-0.13283,-0.006501,-0.24037,-0.77018,0.3321,-0.24193,-0.57841,-0.54968,0.14706,-0.40523,-0.05174,-0.25658,-0.17702,-0.4437,0.10255,-0.23436
-0.14085,0.57143,0.20805,0.30827,-0.23792,0.3746,-0.008363,0.57115,-0.068657,0.27032,0.21406,0.77294,-0.1524,0.080486,-0.12377,-0.25183,-0.13572,-0.060977,0.31696,0.056382,-0.36338,-0.15,0.038423,0.12266,-0.090385,0.37507,-0.3905,-0.1378,-0.33016,-0.21876,0.19251,0.21719,0.10995,-0.18969,-0.072189,0.13833,0.11094,0.42431,0.19466,0,-0.15052,0.33825,0.21625,0.2393,0.52016,0.58833,-0.26322,-0.2414,-0.11131,-0.15173,0.0093585,-0.2609,-0.32381,-0.078071,-0.051743,-0.27358,-0.22997,-0.18132,-0.24174,0.14159,0.052198,-0.29117,-0.026446,-0.31393,0.095624,-0.25589,-0.19149,0.051487,-0.081476,-0.22928,-0.51271,-0.042889,-0.13671,0.14657,-0.08046,0.29842,0.76112,0.1777,0.12394,-0.023551,0.23677,-0.11174,-0.34103,0.20872,0.12362,0.23266,0.047433,-0.070414,-0.16553,-0.35325,0.21918,-0.19407,0.093597,0.13642,0.5693,0.16755,0.29551,0.26274,0.21244,-0.56738,0.069661,-0.34824,-0.065753,0.24755,0.39967
0.94881,-0.41844,-0.37986,-0.4607,1.3475,0.010779,1.0651,-0.16817,0.72889,0.069935,-0.075332,-0.49463,-0.064473,-0.48777,0.26976,0.11776,0.79001,0.88784,-0.10336,-0.14317,1.0794,0.48325,0.80219,0.2874,0.37129,0.23409,0.7423,0.33482,0.69415,0.29377,-0.18609,-0.037918,-0.53859,-0.14203,-0.39151,-0.37128,-0.36859,-0.32757,0.75286,-0.15052,0,0.66876,0.20423,0.46305,-0.33756,-0.27067,0.02496,0.013507,0.67307,-0.5394,-0.76641,0.59289,0.42819,-0.077908,-0.025978,0.56823,0.71467,0.67566,0.33674,0.26312,-0.18659,0.21925,-0.059995,0.45877,0.33929,-0.064592,-0.080318,-0.16848,0.10135,-0.014138,0.41129,-0.46957,-0.24913,-0.23289,-0.39739,-0.091916,-0.48648,-0.48721,-0.51095,-0.42068,-0.6355,0.23581,0.10241,0.23208,-0.039745,-0.069172,-0.18186,0.29321,0.4692,0.0078043,-0.37424,0.35013,-0.28211,0.15609,-0.40299,-0.78968,-0.68037,-0.16897,-0.39864,0.5826,-0.048638,0.16376,-0.3867,-0.16651,-0.5389
0.17383,-0.1022,0.16626,-0.13532,0.4745,0.59138,0.22278,-0.014293,0.49177,0.15263,-0.19704,0.15663,-0.091841,-0.20971,0.25499,0.1033,0.79797,0.62588,0.27133,0.16666,0.68778,0.50795,0.51242,0.90966,0.070349,0.37949,0.51403,0.33084,0.2294,0.11177,-0.3279,-0.15078,-0.20778,-0.056452,-0.44425,-0.46555,-0.24626,-0.35241,0.20368,0.33825,0.66876,0,0.067554,0.62119,-0.43834,-0.35288,0.26338,0.30165,0.3521,-0.19839,-0.27882,0.2605,0.2882,0.17689,0.14245,0.54788,0.63755,0.74272,0.5,0.42688,0.075467,-0.086331,-0.12516,0.25411,0.1861,0.26127,0.24456,-0.13938,0.094469,-0.079241,0.23875,-0.30496,-0.11625,-0.2801,-0.12547,-0.090816,0.060221,0.16434,0.11936,0.091724,-0.086908,0.31477,-0.11404,0.88766,0.36913,0.49019,0.25479,0.65688,0.74585,-0.10084,-0.34928,0.353,0.18668,0.12347,0.16767,-0.30348,-0.18809,-0.17486,-0.02172,0.30455,0.23591,0.021325,-0.15615,0.07264,-0.14524
0.20196,0.055172,-0.22578,-0.20185,0.0090413,0.096538,0.50418,0.52496,-0.076661,0.68502,0.50365,-0.39598,0.033713,-0.37165,-0.42904,-0.23204,-0.21339,-0.14369,0.07678,-0.6544,-0.16611,-0.2902,0.14058,-0.36486,0.70223,1.1226,-0.43203,-0.59405,0.34755,0.1944,0.79287,1.13,-0.048848,-0.22506,0.11666,0.19056,0.55556,0.64523,0.5375,0.21625,0.20423,0.067554,0,1.0346,0.33816,0.31488,0.13935,0.1654,0.43573,-0.4192,-0.47613,0.47418,0.052442,0.013027,-0.02188,0.31326,0.49402,0.39988,0.33478,-0.21095,-0.38745,-0.16094,-0.33106,0.52956,0.67244,0.29749,0.27787,0.47621,-0.15912,0.8532,0.604,0.39423,0.54331,0.13667,0.18947,-0.23444,-0.2409,-0.54942,-0.42313,-0.52653,-0.50467,-0.17547,-0.39418,-0.47108,-0.55141,-0.21793,-0.40331,0.20922,0.23153,0.03848,-0.20494,-0.091734,-0.13607,0.13039,0.020497,-0.27635,-0.22691,0.14033,-0.14654,-0.065451,0.13524,-0.14095,-0.17204,0.10594,0.04782
0.19444,0.11029,-0.080688,-0.30977,0.13823,0.45563,0.40722,0.55809,0.069562,0.81217,0.12343,-0.35575,-0.01262,-0.46258,-0.2208,-0.17949,0.14388,0.051546,0.22511,-0.47061,0.19368,-0.044092,0.47631,0.17267,0.427,1.2694,-0.10005,-0.38513,0.47649,0.38717,0.28638,0.69276,-0.16973,-0.21248,-0.14135,0.006306,0.32883,0.2919,0.45634,0.2393,0.46305,0.62119,1.0346,0,-0.10845,-0.039153,0.26412,0.31066,0.46398,-0.36148,-0.46132,0.68765,0.28162,0.2219,0.1756,0.7652,0.89681,0.74922,0.73065,-0.038779,-0.31266,-0.033859,-0.28801,0.66699,0.70527,0.4117,0.3987,0.21007,0.00041256,0.61421,0.77316,0.063913,0.31387,0.078279,0.078513,-0.45434,-0.252,-0.35282,-0.31433,-0.45207,-0.57789,-0.043649,-0.40248,0.038019,-0.1677,0.023853,-0.091661,0.47976,0.59232,0.041706,-0.36032,0.13429,0.080152,0.10447,0.022888,-0.55139,-0.43798,-0.12733,-0.22422,0.15495,0.24181,-0.042264,-0.22474,0.029248,-0.09627
