,,,,,,,,,,,,,,,,,,,,,,,,,,,,,,,,,,,,,,,,,,,,,,,,,,,,,,,,,,,,,,,,,,,,,,,,,,,,,,,,,,,,,,,,,,,,,,,,,,,,,,,,
0,-0.18861,-0.41123,-0.40205,1.0276,-0.11738,0.88619,-0.25612,0.59051,-0.11015,-0.094338,-0.63035,-0.17102,-0.74883,0.11288,-0.11941,0.43344,0.43245,-0.072485,-0.14856,0.52855,0.036554,0.41157,-0.14625,0.53063,-0.026046,0.46563,-0.041041,0.6506,0.26189,-0.17117,-0.14725,-0.71912,-0.34543,-0.41228,-0.39049,-0.41116,-0.48283,0.86121,-0.17004,1.0871,0.13381,0.14576,0.11967,-0.17572,0.094212,-0.032601,-0.11286,0.61965,-0.47011,-0.88534,0.7278,1.0333,0.31862,0.48902,0.77489,0.58461,0.47513,0.30621,0.47203,0.067186,0.23976,-0.17615,0.2727,0.17305,-0.20114,-0.23175,-0.31636,-0.1059,-0.045635,0.20263,-0.30749,-0.28837,-0.24926,-0.19234,0.20051,-0.4905,-0.7789,-0.76784,-0.45462,-0.47829,0.078946,0.11501,0.095224,-0.029027,-0.26445,-0.25305,0.17327,0.42677,0.066852,0.032799,0.31057,-0.41077,0.51639,-0.38802,-0.82537,-0.69322,-0.18022,-0.38058,0.49262,-0.22269,0.09934,-0.47254,0.13212,-0.18692
-0.18861,0,0.07573,-0.069381,-0.57081,0.8134,-0.29146,0.56338,-0.38369,0.01982,-0.3483,0.17685,-0.13142,-0.056402,-0.27313,-0.38041,-0.36688,-0.6282,0.34219,-0.017016,-0.21418,-0.35152,-0.10883,0.23453,-0.42,0.045841,-0.42663,-0.38217,-0.22787,0.095469,-0.093963,0.032787,-0.015709,-0.255,0.0037298,0.25068,-0.073679,0.10994,-0.23282,0.1826,-0.3321,-0.0095045,0.12824,0.37032,0.21903,0.33559,0.28745,0.18107,-0.12688,0.11774,0.26238,-0.045294,0.087598,0.51563,0.31249,0.082485,-0.045103,-0.10361,0.077265,-0.2171,0.0037712,-0.29503,-0.18948,-0.25616,-0.21346,0.13535,0.23757,-0.23396,-0.18786,-0.14268,-0.18899,0.17147,0.12339,0.51104,0.33401,-0.034526,0.35515,0.11913,0.014271,-0.10445,-0.079227,-0.4623,-0.50466,0.10059,0.041107,0.064328,0.30113,0.16572,0.0038655,0.25275,0.47942,0.031898,0.71666,0.20492,0.62587,0.1261,0.21367,0.059729,0.36759,-0.46877,0.18842,-0.32668,-0.051201,0.21554,0.42682
-0.41123,0.07573,0,1.6385,-0.27796,-0.0012777,-0.79085,-0.21146,0.055588,0.04968,0.16033,0.91469,0.016128,0.35878,0.14633,0.081933,0.0073159,0.064948,0.35712,0.24585,-0.52301,0.096488,-0.0022137,0.36336,-0.12229,-0.17953,-0.13107,0.15678,-0.48226,-0.3754,-0.33242,-0.50211,0.26698,0.094516,-0.018943,-0.15844,0.18465,-0.1914,-0.34677,0.64389,-0.47381,0.31262,-0.60802,-0.44395,-0.18168,-0.1603,-0.043202,0.028974,-0.45648,0.36883,0.41836,-0.23962,-0.23845,-0.012729,0.079672,-0.29382,-0.49352,-0.1253,0.073038,0.50058,0.66538,-0.31295,-0.039563,-0.44057,-0.20244,0.060014,0.15016,0.068783,-0.11795,-0.53411,-0.63308,-0.19145,-0.13406,0.16929,0.081171,0.66049,1.1738,0.67803,0.76492,0.62459,0.68875,0.59737,0.52331,0.73699,0.96955,0.6614,0.30108,-0.14734,-0.17347,0.014325,0.047574,0.15437,0.50695,-0.22211,0.29327,0.47377,0.41217,0.077441,0.38815,-0.17702,0.31935,0.20389,0.34919,0.31274,0.45432
-0.40205,-0.069381,1.6385,0,-0.21277,-0.20986,-0.64309,-0.32894,0.085784,0.027441,0.36698,0.71024,0.18859,0.46801,0.038117,0.1183,-0.15187,0.044453,0.18598,0.12113,-0.49428,0.11607,0.024251,0.217,-0.071728,-0.22804,-0.16075,0.15741,-0.48701,-0.46113,-0.12995,-0.35669,0.39791,0.25185,0.16145,-0.079315,0.24552,-0.082782,-0.32157,0.41499,-0.47563,0.12369,-0.49663,-0.50552,-0.033411,-0.10928,-0.026067,0.0007249,-0.43297,0.34178,0.36513,-0.23428,-0.34461,-0.17671,-0.012219,-0.49254,-0.62476,-0.22547,-0.13223,0.42622,0.53325,-0.29479,0.010578,-0.37976,-0.081865,0.069166,0.11614,0.28712,-0.18237,-0.44725,-0.62462,-0.077168,-0.018691,0.16989,0.079745,0.70807,0.96024,0.5734,0.72319,0.59668,0.67875,0.53117,0.51982,0.49916,0.76553,0.5884,0.14674,-0.24649,-0.35533,0.041363,0.059344,0.045555,0.29558,-0.19738,0.1922,0.53932,0.42404,0.25885,0.45732,-0.10058,0.44227,0.25627,0.47522,0.30355,0.34147
1.0276,-0.57081,-0.27796,-0.21277,0,-0.14694,1.0463,-0.38584,0.92692,-0.14919,0.10639,-0.32067,0.1145,-0.22284,0.25957,0.20097,0.64042,0.85054,-0.25697,0.092956,0.86064,0.42782,0.36893,-0.06827,0.49374,-0.061634,0.79363,0.29971,0.42357,-0.0052181,-0.10305,-0.13963,-0.34709,0.022369,-0.27712,-0.48123,-0.40826,-0.44925,0.60536,-0.18092,1.3532,0.25875,0.15116,0.092622,-0.095441,0.012744,-0.001247,0.0050302,0.53077,-0.33265,-0.65879,0.47097,0.45654,-0.073037,0.0061254,0.37816,0.58402,0.6073,0.16105,0.43701,0.081142,0.25808,-0.031374,0.4647,0.30688,-0.061385,-0.15755,-0.1892,-0.08759,0.029671,0.20555,-0.22497,-0.17852,-0.39357,-0.20293,0.1837,-0.37235,-0.4326,-0.3492,-0.24344,-0.25239,0.34585,0.24665,0.17192,-0.038318,-0.060377,-0.13757,0.24067,0.39846,-0.010032,-0.21862,0.33524,-0.50296,0.21407,-0.38542,-0.53884,-0.47517,0.029377,-0.26514,0.63387,-0.054628,0.1762,-0.28349,-0.13381,-0.55395
-0.11738,0.8134,-0.0012777,-0.20986,-0.14694,0,0.030969,0.52188,-0.23245,-0.093676,-0.59048,0.16798,-0.14451,-0.030698,-0.12253,-0.28394,0.061677,-0.16488,0.13009,0.087962,0.088811,-0.12619,-0.14607,0.20881,-0.42171,0.1521,-0.24123,-0.24085,-0.08074,0.058635,0.0047461,0.1076,-0.065684,-0.082798,-0.25513,-0.0023921,-0.45495,-0.089129,-0.18769,0.19518,-0.0012614,0.27256,0.32543,0.57398,0.28349,0.31685,0.52602,0.48296,0.098266,-0.090324,0.092567,0.026696,0.16911,0.55266,0.069322,0.19273,0.32708,0.26071,0.16711,-0.21278,0.023867,-0.34878,-0.16008,0.069028,0.1088,0.44531,0.5397,-0.46301,-0.396,0.081585,-0.029749,0.25109,0.26699,0.2591,0.43769,-0.19132,0.19784,0.10938,0.036445,-0.25413,-0.23424,-0.017547,-0.26966,0.25612,-0.024616,0.036482,0.28222,0.60252,0.43954,0.14575,0.18712,-0.028388,0.46701,-0.05957,0.53913,-0.10494,0.10851,-0.12513,0.20739,-0.30425,0.34185,-0.24385,-0.16712,-0.11429,0.12067
0.88619,-0.29146,-0.79085,-0.64309,1.0463,0.030969,0,0.092963,0.44042,-0.047386,0.016809,-0.74629,0.055634,-0.39466,-0.11351,0.0037206,0.25655,0.35716,-0.39755,-0.18761,0.78431,0.163,0.27854,-0.22788,0.33141,0.15419,0.31922,-0.0085551,0.53095,0.13112,0.16745,0.29666,-0.36776,-0.037303,-0.18064,-0.15705,-0.3302,-0.0023978,0.69435,-0.37886,1.1946,0.042831,0.69142,0.55498,0.24293,0.24388,0.15788,0.14228,0.62908,-0.6001,-0.91745,0.52637,0.43952,-0.0016739,-0.025,0.46606,0.83153,0.55478,0.071613,-0.054864,-0.36223,0.10766,-0.083252,0.70871,0.50466,0.081612,-0.020135,-0.11565,-0.20877,0.34174,0.46771,0.0057395,0.065744,-0.027873,-0.036141,-0.2147,-0.76006,-0.75172,-0.70288,-0.66879,-0.67915,-0.13589,-0.23993,-0.1983,-0.44378,-0.44096,-0.23753,0.36587,0.35547,0.14626,0.03569,-0.012244,-0.65966,0.11588,-0.48567,-0.6664,-0.55218,0.14232,-0.22826,0.40054,-0.030119,-0.065045,-0.46416,-0.36691,-0.61586
-0.25612,0.56338,-0.21146,-0.32894,-0.38584,0.52188,0.092963,0,-0.28811,0.62014,-0.0091054,-0.042477,-0.027944,-0.13486,-0.7103,-0.45677,-0.47669,-0.53561,0.20362,-0.32531,-0.25203,-0.42193,0.12098,0.025231,-0.21027,0.65931,-0.57387,-0.47878,0.063808,0.23161,0.16391,0.52369,0.085714,-0.081306,0.063647,0.5393,0.32414,0.80884,0.14392,0.25159,-0.15151,0.118,0.44229,0.82231,0.1957,0.12039,0.13828,0.17374,-0.24616,-0.16373,-0.049248,-0.035733,-0.10107,0.15546,0.011024,0.14674,0.17449,-0.1024,0.038404,-0.52674,-0.41338,-0.29292,-0.36962,0.056751,0.16736,0.16968,0.22018,-0.025762,-0.06269,0.29185,0.15544,0.014013,0.059529,0.6967,0.20707,-0.39808,-0.088767,-0.1153,-0.15759,-0.29551,-0.31916,-0.5648,-0.7177,-0.16278,-0.28382,-0.17757,0.082062,0.10743,-0.0055068,0.17278,0.14884,-0.49039,0.058386,-0.17583,0.19103,-0.10294,-0.063306,0.11344,0.032122,-0.64336,-0.02512,-0.43772,-0.281,-0.26092,-0.059197
0.59051,-0.38369,0.055588,0.085784,0.92692,-0.23245,0.44042,-0.28811,0,0.073464,0.49782,0.0067695,0.24114,-0.13054,0.22583,0.37082,0.40739,0.83823,-0.0064365,0.13461,0.27274,0.36665,0.38811,-0.029646,0.94444,-0.031262,0.55075,0.31009,0.12241,-0.21067,-0.20282,-0.39004,-0.04054,0.19412,0.0008618,-0.13905,0.041185,-0.35729,0.58638,0.24288,0.67568,0.4137,-0.10485,-0.027095,-0.22994,-0.1766,-0.049101,0.08124,0.033704,0.0041259,-0.3565,0.46481,0.17717,-0.16378,-0.0068497,0.28963,0.38062,0.47416,0.40846,0.67034,0.44188,0.034273,-0.289,0.11296,0.13334,-0.070557,-0.10452,-0.041032,0.05619,-0.16352,-0.051142,-0.31552,-0.37874,-0.15156,-0.032256,0.51932,-0.16498,-0.32434,-0.20017,0.12587,-0.023292,0.44014,0.45162,0.17195,0.10795,-0.04,-0.21785,0.093957,0.286,0.21803,-0.12669,0.33556,-0.095159,0.066261,-0.19049,-0.23892,-0.27385,0.20369,-0.10621,0.24566,-0.12915,0.30944,-0.059704,0.01022,-0.30926
-0.11015,0.01982,0.04968,0.027441,-0.14919,-0.093676,-0.047386,0.62014,0.073464,0,0.5483,-0.036338,0.21798,-0.094554,-0.54404,-0.48336,-0.34255,-0.094337,0.26639,-0.53365,-0.31361,-0.24015,0.65522,0.10737,0.30739,1.2862,-0.2113,-0.289,0.34432,0.39426,0.29395,0.48031,0.25855,0.089272,0.2224,0.51616,0.83942,0.73824,0.54063,0.44447,-0.006188,0.36474,0.12494,0.46871,-0.25961,-0.2804,-0.064206,-0.032286,-0.34871,-0.10246,-0.11664,0.07398,-0.20649,-0.18767,-0.029425,0.10613,-0.010867,-0.14959,0.11703,-0.16517,-0.33149,0.077471,-0.28255,-0.11195,0.21806,-0.060348,0.045207,0.42439,0.33127,0.23904,0.29436,-0.28855,-0.2514,0.36269,-0.065944,-0.09928,-0.051026,-0.10952,-0.046661,-0.0089311,-0.14495,-0.18758,-0.25123,0.038769,0.10007,-0.013573,-0.075724,-0.16752,-0.0091634,-0.0015098,-0.39442,-0.35423,-0.12061,-0.024796,0.03447,-0.18606,-0.21079,-0.054458,-0.16596,-0.25482,-0.080933,-0.052559,-0.020167,0.035119,-0.17726
-0.094338,-0.3483,0.16033,0.36698,0.10639,-0.59048,0.016809,-0.0091054,0.49782,0.5483,0,0.092917,0.69668,0.35667,-0.37749,0.16149,-0.39117,0.12473,0.051247,-0.050229,-0.28203,0.022153,0.27817,-0.19269,0.65244,0.30021,-0.038721,0.034021,-0.051026,-0.28432,0.27145,0.12158,0.66975,0.54597,0.78038,0.48116,1.0474,0.50567,0.40077,0.27144,-0.05758,0.041247,0.031809,-0.049454,-0.021379,-0.19371,-0.017611,0.046007,-0.31023,0.2866,0.068014,0.017964,-0.37271,-0.48333,-0.19367,-0.32578,-0.16013,-0.1656,-0.076982,0.097676,-7.3754e-05,-0.10478,-0.24843,-0.068553,0.077574,-0.025867,-0.014251,0.73452,0.078159,0.09877,0.0099687,-0.087318,-0.1669,0.19089,0.083304,0.35577,0.039532,0.037605,0.2501,0.49478,0.3735,-0.061926,-0.0011509,-0.16401,0.052836,0.074534,-0.12283,-0.20836,-0.20878,0.18545,-0.18474,-0.21781,-0.18236,-0.083928,-0.0092047,0.27634,0.08669,0.56043,0.11672,-0.21051,-0.064374,-0.054439,0.21096,0.15683,-0.19207
-0.63035,0.17685,0.91469,0.71024,-0.32067,0.16798,-0.74629,-0.042477,0.0067695,-0.036338,0.092917,0,-0.087352,0.49845,0.10753,0.28039,0.021849,0.12726,0.55904,0.59736,-0.40975,0.39739,-0.051498,0.62645,-0.2869,-0.23069,-0.05773,0.51274,-0.8572,-0.57956,-0.38248,-0.64504,0.33136,0.061962,0.040039,-0.0787,0.14326,-0.12004,-0.40077,0.73939,-0.51512,0.38148,-0.74862,-0.42526,-0.059221,-0.11824,-0.26549,-0.18535,-0.66799,0.36352,0.55016,-0.70605,-0.58644,-0.26805,-0.30898,-0.67962,-0.67382,-0.40985,-0.22273,0.15578,0.58054,-0.28327,0.020988,-0.65027,-0.58286,-0.2175,-0.14066,-0.19823,-0.020942,-0.7404,-0.91983,-0.17787,-0.29834,0.0091994,-0.028228,0.46298,1.213,0.94422,0.83086,0.7775,0.78441,0.23405,0.20337,0.60559,0.53473,0.72697,0.40761,-0.35249,-0.39686,-0.16952,-0.016324,0.056353,0.52166,-0.24468,0.62513,0.92602,0.91498,0.36942,0.64253,-0.38485,0.19424,0.13725,0.46792,0.089086,0.34547
-0.17102,-0.13142,0.016128,0.18859,0.1145,-0.14451,0.055634,-0.027944,0.24114,0.21798,0.69668,-0.087352,0,0.82901,-0.14591,0.21625,-0.26458,-0.065759,-0.071418,0.034695,0.13915,-0.039216,0.11547,-0.23862,0.18798,0.15865,-0.021864,-0.052671,0.044664,-0.13756,0.37507,0.38962,1.0509,1.2406,1.154,0.7102,0.3407,0.31921,0.031184,-0.11662,0.016355,-0.099707,0.26347,0.14395,-0.0063038,-0.13374,0.34517,0.35243,-0.11329,0.50133,0.38752,0.085295,-0.20724,-0.20173,-0.17263,-0.17616,0.036314,0.10399,-0.019333,-0.15294,-0.19206,0.057174,0.060198,0.31339,0.48561,0.30748,0.2699,0.44781,-0.052544,0.39968,0.18268,0.12635,0.21874,-0.034182,0.19064,-0.0082871,-0.10799,0.11009,0.32835,0.23508,0.24221,0.062801,0.058842,-0.26302,-0.21796,0.17867,0.15984,0.23648,0.0060298,0.1179,-0.18889,-0.015582,0.011598,-0.10226,-0.018419,0.090986,-0.20504,0.23553,-0.14663,-0.091351,0.24733,-0.21544,0.084568,-0.15365,-0.62113
-0.74883,-0.056402,0.35878,0.46801,-0.22284,-0.030698,-0.39466,-0.13486,-0.13054,-0.094554,0.35667,0.49845,0.82901,0,0.018324,0.37988,-0.21372,-0.13121,0.028674,0.54858,-0.060776,0.15166,-0.20564,0.058124,-0.32487,-0.20288,-0.11279,0.21425,-0.46677,-0.43856,0.20089,0.10038,1.2172,0.96424,0.82417,0.37782,0.2031,0.19578,-0.53937,-0.017676,-0.45524,-0.15653,-0.096218,-0.2268,0.11395,-0.004195,0.15825,0.19823,-0.34705,0.71292,0.90494,-0.47302,-0.56299,-0.30763,-0.36538,-0.74789,-0.38599,-0.22207,-0.33679,-0.18982,0.04277,0.0039567,0.40534,0.075252,0.03502,0.21782,0.17683,0.2139,-0.12562,0.091108,-0.18349,0.29192,0.29321,-0.12263,0.22993,0.018871,0.40457,0.87911,1.1076,0.62364,0.85444,0.090566,0.048922,0.010209,0.10908,0.52095,0.5811,0.025886,-0.2618,-0.1089,-0.036609,-0.10288,0.15486,-0.37387,0.20099,0.7326,0.41552,0.36718,0.22479,-0.15441,0.40994,-0.1099,0.48535,-0.15103,-0.19123
0.11288,-0.27313,0.14633,0.038117,0.25957,-0.12253,-0.11351,-0.7103,0.22583,-0.54404,-0.37749,0.10753,-0.14591,0.018324,0,0.71023,1.0816,0.58088,0.045583,0.53727,0.49167,0.47372,-0.17318,0.20566,0.11328,-0.40682,0.68456,0.50993,-0.10571,-0.069256,-0.50546,-0.54411,-0.29295,-0.16278,-0.30857,-0.55333,-0.37863,-0.87177,-0.29199,-0.057201,0.27206,0.13329,-0.34648,-0.31468,-0.34299,-0.1483,-0.22514,-0.12479,0.34841,0.35967,0.22969,0.081883,0.042879,-0.11021,-0.12712,0.25513,0.14764,0.52197,0.41184,0.37906,0.31573,0.37293,0.50629,0.11774,-0.17963,-0.15272,-0.20279,-0.22394,0.47484,-0.2956,0.031253,-0.14042,-0.076973,-0.57791,-0.30497,-0.046441,0.0018752,0.15337,0.09205,0.15434,0.16479,0.64173,0.62683,0.23802,0.16065,0.28721,0.19504,0.15412,0.22722,-0.17742,-0.18606,0.86634,0.25009,-0.14501,-0.28557,-0.096417,-0.17446,-0.38805,-0.32543,0.63314,-0.14633,0.19735,-0.0267,-0.033049,-0.055562
-0.11941,-0.38041,0.081933,0.1183,0.20097,-0.28394,0.0037206,-0.45677,0.37082,-0.48336,0.16149,0.28039,0.21625,0.37988,0.71023,0,0.49017,0.59891,0.076916,0.74808,0.22533,0.78906,-0.22637,0.097846,0.20647,-0.44181,0.32182,0.84544,-0.55613,-0.74612,-0.31734,-0.48162,0.24772,0.30347,0.27501,-0.025916,0.020282,-0.273,-0.18261,0.074968,0.12596,0.076053,-0.20194,-0.28201,0.036608,-0.11389,-0.23401,-0.024118,0.029081,0.41589,0.24393,-0.085142,-0.40534,-0.55729,-0.58696,-0.17736,0.010033,0.2628,0.1406,0.10565,0.26728,0.021978,0.38052,0.13301,-0.15729,-0.13423,-0.23329,-0.10941,0.15567,-0.26642,-0.16741,-0.054409,-0.084409,-0.23489,-0.13155,-0.023086,-0.038885,0.17129,0.20886,0.37876,0.34205,0.26997,0.36163,-0.10801,-0.16286,0.16473,0.067042,0.027027,-0.11122,0.056721,0.070455,0.32857,0.14379,-0.51911,-0.25037,0.32108,0.10638,0.36557,0.03059,0.21877,-0.025444,0.11437,0.20914,-0.42289,-0.26231
0.43344,-0.36688,0.0073159,-0.15187,0.64042,0.061677,0.25655,-0.47669,0.40739,-0.34255,-0.39117,0.021849,-0.26458,-0.21372,1.0816,0.49017,0,1.0781,0.069607,0.48135,0.63168,0.65859,0.07729,0.28521,0.20957,-0.10849,0.82593,0.57861,0.10196,-0.063267,-0.56098,-0.49535,-0.47476,-0.22909,-0.54476,-0.67684,-0.49779,-0.85384,0.14765,0.13872,0.72418,0.52028,-0.18464,-0.045807,-0.38207,-0.2251,-0.19551,-0.073021,0.49823,-0.06759,-0.19471,0.22695,0.24741,-0.041324,-0.13911,0.48511,0.46482,0.74114,0.5244,0.42954,0.2417,0.26396,0.23737,0.20289,-0.062481,-0.16468,-0.18796,-0.49482,0.22484,-0.24455,0.14606,-0.3793,-0.30385,-0.53899,-0.38464,-0.089962,-0.1173,-0.061974,-0.096575,-0.040396,-0.068592,0.60273,0.45163,0.45066,0.16607,0.15875,0.067428,0.2773,0.51642,-0.17637,-0.29121,0.65826,0.032384,-0.13872,-0.2821,-0.38237,-0.33482,-0.39293,-0.38998,0.60254,-0.16568,0.18798,-0.19464,-0.20265,-0.24988
0.43245,-0.6282,0.064948,0.044453,0.85054,-0.16488,0.35716,-0.53561,0.83823,-0.094337,0.12473,0.12726,-0.065759,-0.13121,0.58088,0.59891,1.0781,0,0.054786,0.34275,0.40594,0.95431,0.28377,0.23272,0.5826,0.011936,0.67867,0.73711,-0.0198,-0.32413,-0.24233,-0.44947,-0.17397,0.012794,-0.25135,-0.46044,-0.16909,-0.52762,0.42168,0.30396,0.74733,0.60184,-0.15982,-0.069249,-0.16924,-0.18594,-0.24657,-0.092754,0.28823,-0.16369,-0.37382,0.26013,-0.012687,-0.38154,-0.37665,0.17167,0.31196,0.50979,0.32073,0.47128,0.32912,0.19306,0.13717,0.12415,0.03031,-0.2154,-0.24492,-0.204,0.12529,-0.26211,0.025191,-0.32634,-0.36815,-0.36056,-0.29189,0.13447,-0.10096,-0.1496,-0.097455,0.078261,-0.022092,0.59425,0.48229,0.35113,0.16759,0.078106,-0.17939,0.063692,0.30412,-0.078498,-0.31959,0.33235,-0.14833,-0.19139,-0.2376,-0.21931,-0.14673,0.034813,-0.11054,0.55088,-0.0024608,0.44072,0.11225,-0.20926,-0.29808
-0.072485,0.34219,0.35712,0.18598,-0.25697,0.13009,-0.39755,0.20362,-0.0064365,0.26639,0.051247,0.55904,-0.071418,0.028674,0.045583,0.076916,0.069607,0.054786,0,0.29689,-0.29315,0.049304,0.41163,0.53467,0.054673,0.19088,-0.16646,0.15355,-0.2018,-0.085249,-0.41842,-0.40426,0.083201,-0.19622,0.1055,0.2395,0.27105,-0.080248,0.21853,0.95845,-0.14906,0.4903,-0.49005,-0.065705,-0.33351,-0.11665,-0.39071,-0.42453,-0.29613,0.35344,0.35892,-0.24337,-0.091491,0.0089223,0.066284,-0.027962,-0.37222,-0.26187,0.065827,0.07463,0.25464,-0.065247,-0.0003714,-0.51353,-0.42929,-0.57875,-0.3923,-0.33848,0.18039,-0.6946,-0.51267,-0.56705,-0.60175,-0.032922,-0.2308,0.23375,0.42384,0.35338,0.25599,0.40783,0.37356,0.0058798,0.092461,0.44358,0.30215,0.68515,0.41683,-0.26699,-0.23482,-0.1964,-0.02663,0.070619,0.33685,-0.089937,0.26074,0.2258,0.061067,0.059983,-0.011486,-0.3723,-0.053838,-0.19374,-0.037892,0.1596,0.17831
-0.14856,-0.017016,0.24585,0.12113,0.092956,0.087962,-0.18761,-0.32531,0.13461,-0.53365,-0.050229,0.59736,0.034695,0.54858,0.53727,0.74808,0.48135,0.34275,0.29689,0,0.12551,0.4359,-0.31079,0.21815,-0.11153,-0.49245,0.26505,0.52838,-0.56386,-0.61325,-0.44918,-0.58525,0.18004,0.12138,0.081564,-0.20955,-0.12376,-0.41032,-0.28658,0.24352,-0.069358,0.1119,-0.31878,-0.36541,-0.044257,0.086768,-0.13729,-0.01147,0.040062,0.55227,0.47695,-0.25215,-0.094905,-0.047525,-0.1402,-0.20413,-0.028848,0.11246,0.093999,0.27555,0.48623,0.046568,0.34743,0.033353,-0.4729,-0.1131,-0.15472,-0.43837,-0.069625,-0.32981,-0.28464,-0.0047693,-0.12517,-0.32897,0.050866,0.11779,0.37074,0.64187,0.63555,0.61876,0.85901,0.15797,0.12005,0.30722,0.27745,0.48337,0.66476,0.11035,0.081703,-0.10876,0.1454,0.28803,0.2332,-0.30135,0.15247,0.46807,0.35674,0.22117,0.1196,0.032911,-0.038617,-0.11101,0.20971,-0.040244,0.088072
0.52855,-0.21418,-0.52301,-0.49428,0.86064,0.088811,0.78431,-0.25203,0.27274,-0.31361,-0.28203,-0.40975,0.13915,-0.060776,0.49167,0.22533,0.63168,0.40594,-0.29315,0.12551,0,0.4425,0.20261,0.1637,0.035056,-0.066701,0.90802,0.33281,0.44698,0.26275,-0.10443,0.073951,-0.34547,-0.039586,-0.19337,-0.34879,-0.62176,-0.36756,0.16346,-0.53774,1.0788,0.11669,0.28452,0.33296,-0.068388,0.042591,0.12591,0.045921,0.65037,-0.12765,-0.22176,0.16114,0.24381,-0.13944,-0.20124,0.34059,0.51412,0.64251,0.036081,-0.11116,-0.38392,0.36126,0.31793,0.5083,0.21424,-0.021254,-0.095359,-0.15169,0.21236,0.10209,0.42975,-0.054363,0.068316,-0.47477,-0.28245,-0.27192,-0.393,-0.18528,-0.25671,-0.34265,-0.36566,0.076862,-0.05083,0.071257,-0.26135,0.059789,0.17547,0.42439,0.30886,-0.10398,-0.25438,0.56855,-0.20971,0.1937,-0.37141,-0.41065,-0.44534,-0.12978,-0.29555,0.70516,-0.01569,-0.1044,-0.43791,-0.27639,-0.75455
0.036554,-0.35152,0.096488,0.11607,0.42782,-0.12619,0.163,-0.42193,0.36665,-0.24015,0.022153,0.39739,-0.039216,0.15166,0.47372,0.78906,0.65859,0.95431,0.049304,0.4359,0.4425,0,0.18639,0.65186,0.029397,-0.19722,0.63715,1.6826,-0.33411,-0.49492,-0.35864,-0.48001,-0.0032924,0.058515,-0.063164,-0.31007,-0.20307,-0.29471,0.053784,0.14192,0.42761,0.48798,-0.28703,-0.10037,-0.030974,-0.22985,-0.33568,-0.21997,-0.0093448,-0.15209,-0.14225,-0.25846,-0.44881,-0.8328,-0.85997,-0.25533,-0.077415,0.14777,-0.11759,0.0078303,0.064655,0.056021,0.30668,-0.099911,-0.21463,-0.35906,-0.39187,-0.21855,0.15251,-0.502,-0.19899,-0.31603,-0.35286,-0.27335,-0.47196,0.025193,0.15233,0.1451,0.080766,0.15104,0.038772,0.19052,0.15395,0.32569,0.035398,0.22173,-0.0039931,-0.15206,-0.18241,-0.1514,-0.19301,0.37012,0.052286,-0.19709,-0.076337,0.23813,0.23451,0.38256,0.29718,0.3663,0.13535,0.35636,0.23771,-0.45722,-0.38503
0.41157,-0.10883,-0.0022137,0.024251,0.36893,-0.14607,0.27854,0.12098,0.38811,0.65522,0.27817,-0.051498,0.11547,-0.20564,-0.17318,-0.22637,0.07729,0.28377,0.41163,-0.31079,0.20261,0.18639,0,0.55122,0.26533,0.49874,0.24985,0.18605,0.56345,0.43927,-0.071686,0.014366,-0.066684,0.001793,0.046226,0.17114,0.13673,-0.001936,0.88489,0.2955,0.53462,0.69879,-0.17999,0.2924,-0.43202,-0.28738,-0.10575,-0.21412,-0.20306,-0.21613,-0.3216,0.015243,0.032612,-0.29405,-0.029596,0.17436,-0.080981,-0.026567,-0.077842,0.018068,-0.17707,0.10887,-0.049883,-0.18509,0.087487,-0.34981,-0.23928,-0.036542,0.24439,-0.2744,0.0071575,-0.58707,-0.4771,-0.076979,-0.28137,0.20347,-0.074032,-0.10027,-0.15034,-0.005356,-0.21567,0.003623,0.038534,0.43676,0.26712,0.28631,0.015734,-0.14615,-0.089779,-0.0081683,-0.25411,-0.038882,-0.32769,0.1069,-0.3043,-0.24476,-0.37719,0.018606,-0.18765,0.20993,0.093925,0.14866,-0.13341,-0.025463,-0.46205
-0.14625,0.23453,0.36336,0.217,-0.06827,0.20881,-0.22788,0.025231,-0.029646,0.10737,-0.19269,0.62645,-0.23862,0.058124,0.20566,0.097846,0.28521,0.23272,0.53467,0.21815,0.1637,0.65186,0.55122,0,-0.32792,0.059431,0.33872,0.7332,-0.09581,0.071084,-0.55106,-0.43432,-0.086331,-0.20999,-0.14354,-0.11818,-0.095486,-0.204,0.020031,0.42805,0.11915,0.85413,-0.53902,0.076928,-0.32636,-0.29478,-0.16604,-0.21583,-0.37077,-0.0040971,0.13583,-0.61196,-0.3642,-0.41169,-0.36394,-0.16933,-0.38602,-0.11238,-0.1807,-0.15024,-0.0385,-0.14798,0.17059,-0.57745,-0.50802,-0.38154,-0.22113,-0.28506,0.30986,-0.82949,-0.34344,-0.49972,-0.46663,-0.062973,-0.33905,0.14589,0.56876,0.54431,0.29636,0.29521,0.093311,-0.013215,-0.057153,0.89544,0.47,0.6498,0.42272,-0.14763,-0.26245,-0.11135,-0.11228,0.29478,0.33175,-0.062703,0.11816,0.35081,0.2945,0.11026,0.33989,0.048038,0.15417,0.085055,0.034564,-0.07715,-0.090816
0.53063,-0.42,-0.12229,-0.071728,0.49374,-0.42171,0.33141,-0.21027,0.94444,0.30739,0.65244,-0.2869,0.18798,-0.32487,0.11328,0.20647,0.20957,0.5826,0.054673,-0.11153,0.035056,0.029397,0.26533,-0.32792,0,0.3015,0.24884,-0.037501,0.26747,-0.033178,0.096584,-0.076418,-0.042506,0.042449,0.11204,0.04399,0.40299,-0.064767,0.77421,0.24705,0.4652,0.16616,0.11279,0.046943,-0.18483,-0.11991,-0.095742,0.0063638,0.22425,0.063341,-0.31117,0.6391,0.1806,-0.099865,0.06247,0.38128,0.39771,0.38591,0.53172,0.42868,0.17919,0.14527,-0.2682,0.12455,0.15604,-0.12007,-0.099726,0.31478,0.25709,0.082845,0.24721,-0.19642,-0.28454,-0.050797,-0.026609,0.25444,-0.38484,-0.50954,-0.33695,0.06881,-0.090926,0.25,0.30178,-0.16726,-0.053783,-0.24457,-0.37788,0.045997,0.33222,0.16316,-0.25437,0.16084,-0.14532,0.07082,-0.23378,-0.35285,-0.38067,0.0066467,-0.30118,0.15688,-0.33865,0.12378,-0.11781,0.21253,-0.10882
-0.026046,0.045841,-0.17953,-0.22804,-0.061634,0.1521,0.15419,0.65931,-0.031262,1.2862,0.30021,-0.23069,0.15865,-0.20288,-0.40682,-0.44181,-0.10849,0.011936,0.19088,-0.49245,-0.066701,-0.19722,0.49874,0.059431,0.3015,0,-0.1343,-0.32244,0.45601,0.44387,0.32192,0.63345,0.10591,-0.001462,0.10604,0.40511,0.56398,0.62916,0.58792,0.37963,0.19594,0.43426,0.43887,0.85889,-0.13755,-0.21404,0.13504,0.13569,0.044506,-0.1522,-0.16222,0.17797,-0.12274,-0.095056,-0.14098,0.28109,0.27642,0.12978,0.23886,-0.3146,-0.55398,0.0039563,-0.26436,0.060856,0.29685,0.094508,0.21035,0.37283,0.29569,0.40353,0.60963,-0.18116,-0.10101,0.33489,-0.038543,-0.39083,-0.22075,-0.20868,-0.13248,-0.16539,-0.33561,-0.19122,-0.37407,-0.0078423,-0.083804,-0.06295,-0.11874,0.16106,0.27633,0.056938,-0.49706,-0.29002,-0.10973,-0.097015,0.029721,-0.39727,-0.35544,-0.21322,-0.29726,-0.18076,-0.093806,-0.29357,-0.23069,-0.041383,-0.28834
0.46563,-0.42663,-0.13107,-0.16075,0.79363,-0.24123,0.31922,-0.57387,0.55075,-0.2113,-0.038721,-0.05773,-0.021864,-0.11279,0.68456,0.32182,0.82593,0.67867,-0.16646,0.26505,0.90802,0.63715,0.24985,0.33872,0.24884,-0.1343,0,0.69524,0.34646,0.16393,-0.5257,-0.42629,-0.39394,-0.14657,-0.27311,-0.55561,-0.28243,-0.58127,0.21633,-0.16124,0.79826,0.39246,-0.26326,-0.10453,-0.56774,-0.46082,-0.11154,-0.13069,0.27577,0.0060621,-0.15503,-0.032176,0.1168,-0.31145,-0.19259,0.22435,0.2221,0.42528,0.13879,0.27372,-0.034921,0.24026,0.029911,-0.020482,-0.26341,-0.25717,-0.2644,-0.077043,0.51716,-0.24721,0.20391,-0.44931,-0.4226,-0.65516,-0.52519,0.15376,-0.091342,-0.0090856,-0.052426,0.1402,-0.039809,0.24656,0.20747,0.34959,0.10625,0.21028,0.040031,0.10558,0.23779,-0.11806,-0.54036,0.91006,-0.048032,0.32546,-0.21264,-0.16207,-0.20733,-0.1944,-0.22989,0.55324,-0.4194,0.044047,-0.32548,0.066381,-0.45982
-0.041041,-0.38217,0.15678,0.15741,0.29971,-0.24085,-0.0085551,-0.47878,0.31009,-0.289,0.034021,0.51274,-0.052671,0.21425,0.50993,0.84544,0.57861,0.73711,0.15355,0.52838,0.33281,1.6826,0.18605,0.7332,-0.037501,-0.32244,0.69524,0,-0.31092,-0.4222,-0.56213,-0.696,0.023119,0.07008,0.0053317,-0.24692,-0.1352,-0.36197,-0.010454,0.16147,0.2743,0.49398,-0.58657,-0.3156,-0.24523,-0.43812,-0.39486,-0.30169,-0.20396,0.015765,0.029387,-0.5018,-0.48023,-0.85799,-0.7657,-0.34424,-0.27682,-0.02037,-0.20145,0.01593,0.11895,-0.018911,0.25135,-0.30581,-0.45894,-0.47103,-0.47269,-0.26023,0.26231,-0.68114,-0.33719,-0.45517,-0.50886,-0.42035,-0.53326,0.1535,0.21605,0.31546,0.21558,0.39326,0.20863,0.17189,0.23641,0.35541,0.089183,0.36126,0.064786,-0.25476,-0.30547,-0.17571,-0.21882,0.40132,0.081007,-0.16666,-0.08512,0.41569,0.29366,0.32265,0.23661,0.23761,-0.042841,0.27115,0.17157,-0.34842,-0.35084
0.6506,-0.22787,-0.48226,-0.48701,0.42357,-0.08074,0.53095,0.063808,0.12241,0.34432,-0.051026,-0.8572,0.044664,-0.46677,-0.10571,-0.55613,0.10196,-0.0198,-0.2018,-0.56386,0.44698,-0.33411,0.56345,-0.09581,0.26747,0.45601,0.34646,-0.31092,0,1.2201,0.12817,0.38856,-0.37072,-0.095786,-0.15932,0.0009283,-0.11239,-0.044645,0.65242,-0.32083,0.64084,0.15466,0.23292,0.3586,-0.49054,-0.25819,0.24888,0.092462,0.27463,-0.29044,-0.41209,0.29699,0.60556,0.21856,0.35041,0.65747,0.40982,0.28451,0.14376,-0.058241,-0.50201,0.21266,-0.17296,0.20834,0.31452,0.049673,0.1157,0.10687,0.25009,0.36467,0.65186,-0.23238,-0.094158,-0.27298,-0.12083,-0.098387,-0.59234,-0.40496,-0.43117,-0.34746,-0.53959,-0.025172,-0.048396,0.017734,-0.05669,-0.18919,-0.10408,0.28723,0.43616,-0.022411,-0.39055,0.067723,-0.46835,0.39526,-0.46951,-0.756,-0.82173,-0.62434,-0.72183,0.28583,-0.30793,-0.14053,-0.69473,0.12978,-0.43957
0.26189,0.095469,-0.3754,-0.46113,-0.0052181,0.058635,0.13112,0.23161,-0.21067,0.39426,-0.28432,-0.57956,-0.13756,-0.43856,-0.069256,-0.74612,-0.063267,-0.32413,-0.085249,-0.61325,0.26275,-0.49492,0.43927,0.071084,-0.033178,0.44387,0.16393,-0.4222,1.2201,0,0.11865,0.40978,-0.39388,-0.28099,-0.23447,0.039742,-0.082571,0.018557,0.243,-0.30973,0.24224,0.073173,0.10875,0.36454,-0.44528,-0.16735,0.21508,0.031818,0.094893,-0.14659,-0.13386,0.087091,0.36292,0.24229,0.34376,0.5057,0.16001,0.074646,0.069082,-0.2215,-0.5109,0.27188,-0.032164,0.026468,0.11409,0.047092,0.13215,0.098371,0.46989,0.28887,0.56147,-0.081295,0.040343,-0.1324,-0.057683,-0.23836,-0.38095,-0.19081,-0.30928,-0.31195,-0.49016,-0.15592,-0.16235,0.017713,0.010455,-0.085737,0.029251,0.17401,0.26279,-0.023631,-0.29394,0.016909,-0.22704,0.35641,-0.29564,-0.54261,-0.54546,-0.80091,-0.57148,0.22152,-0.24395,-0.13772,-0.48577,0.20106,-0.17495
-0.17117,-0.093963,-0.33242,-0.12995,-0.10305,0.0047461,0.16745,0.16391,-0.20282,0.29395,0.27145,-0.38248,0.37507,0.20089,-0.50546,-0.31734,-0.56098,-0.24233,-0.41842,-0.44918,-0.10443,-0.35864,-0.071686,-0.55106,0.096584,0.32192,-0.5257,-0.56213,0.12817,0.11865,0,1.129,0.44658,0.44325,0.38184,0.3927,0.15362,0.57459,0.004175,-0.38185,-0.16268,-0.53444,0.68654,0.27628,0.60966,0.4913,0.27592,0.22431,0.093334,-0.15032,-0.067124,0.22496,-0.1214,-0.01333,-0.09191,-0.22561,0.072088,-0.1469,-0.27037,-0.40606,-0.33856,0.27749,0.23841,0.44426,0.72192,0.36405,0.29745,0.52468,-0.22463,0.86451,0.36861,0.8393,0.73233,0.16529,0.45101,-0.3408,-0.3362,-0.20203,-0.10745,-0.33897,-0.20126,-0.15299,-0.23099,-0.5955,-0.30673,-0.43557,-0.17642,0.042325,0.0086343,-0.052541,-0.013951,-0.71998,-0.40161,-0.076749,-0.020523,-0.10165,0.018762,0.10694,0.032735,0.059425,0.46028,0.16466,0.39519,-0.093641,-0.054747
-0.14725,0.032787,-0.50211,-0.35669,-0.13963,0.1076,0.29666,0.52369,-0.39004,0.48031,0.12158,-0.64504,0.38962,0.10038,-0.54411,-0.48162,-0.49535,-0.44947,-0.40426,-0.58525,0.073951,-0.48001,0.014366,-0.43432,-0.076418,0.63345,-0.42629,-0.696,0.38856,0.40978,1.129,0,0.29251,0.29854,0.31287,0.49172,0.19617,0.87489,0.073775,-0.44055,-0.01753,-0.3991,1.019,0.68993,0.36897,0.28231,0.33414,0.27637,0.19405,-0.19842,-0.097481,0.22863,-0.027848,0.052526,-0.033696,0.06945,0.28103,0.023899,-0.11956,-0.65113,-0.87164,0.23928,0.14138,0.60048,0.82027,0.40772,0.35483,0.50673,-0.061874,1.1923,0.75938,0.49723,0.62211,0.27957,0.24736,-0.735,-0.47654,-0.2651,-0.19329,-0.54721,-0.40314,-0.37606,-0.54679,-0.55517,-0.43371,-0.40604,-0.049283,0.22255,0.11127,-0.027685,-0.094071,-0.55186,-0.37291,-0.066081,-0.1482,-0.32721,-0.28944,-0.080468,-0.22231,-0.00556,0.23079,-0.20466,-0.036337,-0.23156,-0.30384
-0.71912,-0.015709,0.26698,0.39791,-0.34709,-0.065684,-0.36776,0.085714,-0.04054,0.25855,0.66975,0.33136,1.0509,1.2172,-0.29295,0.24772,-0.47476,-0.17397,0.083201,0.18004,-0.34547,-0.0032924,-0.066684,-0.086331,-0.042506,0.10591,-0.39394,0.023119,-0.37072,-0.39388,0.44658,0.29251,0,1.3437,1.3609,0.90585,0.5455,0.50642,-0.22248,0.14699,-0.49355,-0.097428,0.042499,-0.042521,0.1355,-0.090063,0.20199,0.29289,-0.53658,0.52962,0.62467,-0.24647,-0.60963,-0.30555,-0.34203,-0.60137,-0.3116,-0.27381,-0.18746,-0.28022,-0.020875,-0.095092,0.14991,0.022117,0.21268,0.2626,0.26765,0.37544,-0.14485,0.24964,-0.10129,0.26078,0.21843,0.12355,0.34802,-0.010441,0.1921,0.45342,0.65749,0.49165,0.52362,-0.02443,-0.0048288,-0.21113,-0.0446,0.18467,0.21985,-0.015116,-0.23106,0.04583,-0.020817,-0.36039,0.15301,-0.40209,0.21421,0.55638,0.2912,0.41551,0.1896,-0.37401,0.38517,-0.036527,0.54054,-0.19884,-0.20312
-0.34543,-0.255,0.094516,0.25185,0.022369,-0.082798,-0.037303,-0.081306,0.19412,0.089272,0.54597,0.061962,1.2406,0.96424,-0.16278,0.30347,-0.22909,0.012794,-0.19622,0.12138,-0.039586,0.058515,0.001793,-0.20999,0.042449,-0.001462,-0.14657,0.07008,-0.095786,-0.28099,0.44325,0.29854,1.3437,0,1.0347,0.68275,0.21538,0.23567,-0.1048,-0.087338,-0.1327,-0.064879,0.12473,-0.014127,0.061508,-0.16135,0.37057,0.47963,-0.34441,0.34744,0.33776,-0.038031,-0.31836,-0.24005,-0.29109,-0.33443,-0.036892,0.0024011,-0.093453,-0.1547,-0.011833,-0.055477,0.13351,0.26279,0.47948,0.43537,0.38037,0.25309,-0.24225,0.39586,0.040974,0.26719,0.28936,-0.071853,0.37919,-0.0074601,-0.092608,0.21402,0.41313,0.29275,0.27991,0.17677,0.18888,-0.22986,-0.12928,0.030324,0.065387,0.20081,0.00057577,0.1229,-0.04713,-0.27344,-0.057569,-0.37834,-0.061948,0.23938,0.0082195,0.2625,-0.030397,-0.10247,0.39807,0.094117,0.37144,-0.35755,-0.50543
-0.41228,0.0037298,-0.018943,0.16145,-0.27712,-0.25513,-0.18064,0.063647,0.0008618,0.2224,0.78038,0.040039,1.154,0.82417,-0.30857,0.27501,-0.54476,-0.25135,0.1055,0.081564,-0.19337,-0.063164,0.046226,-0.14354,0.11204,0.10604,-0.27311,0.0053317,-0.15932,-0.23447,0.38184,0.31287,1.3609,1.0347,0,1.2185,0.62591,0.52827,-0.0084156,-0.012561,-0.30609,-0.20274,0.10437,0.013665,0.058939,-0.13322,0.17511,0.18298,-0.39611,0.56687,0.53019,-0.19054,-0.46499,-0.34191,-0.26705,-0.441,-0.27483,-0.2689,-0.20938,-0.39029,-0.22711,-0.077875,0.10245,-0.003672,0.12101,0.09042,0.1055,0.45673,0.00077423,0.21317,0.004076,0.15988,0.11602,0.063786,0.21765,-0.026143,-0.039181,0.24222,0.3781,0.43278,0.37201,-0.27861,-0.13435,-0.41418,-0.23935,0.098731,0.13486,-0.039513,-0.30758,0.12361,0.020358,-0.24545,0.068099,-0.20325,0.036221,0.46448,0.10293,0.45719,0.056637,-0.33244,0.14987,-0.21338,0.27358,-0.11594,-0.32484
-0.39049,0.25068,-0.15844,-0.079315,-0.48123,-0.0023921,-0.15705,0.5393,-0.13905,0.51616,0.48116,-0.0787,0.7102,0.37782,-0.55333,-0.025916,-0.67684,-0.46044,0.2395,-0.20955,-0.34879,-0.31007,0.17114,-0.11818,0.04399,0.40511,-0.55561,-0.24692,0.0009283,0.039742,0.3927,0.49172,0.90585,0.68275,1.2185,0,0.64546,0.74067,0.12342,0.11619,-0.3182,-0.077074,0.20129,0.30833,0.0095938,-0.16256,0.17933,0.20003,-0.51469,0.30157,0.34002,-0.092855,-0.33818,-0.1314,-0.1345,-0.15605,-0.1465,-0.2892,-0.063935,-0.57607,-0.34975,-0.14759,-0.090501,-0.041304,0.21206,0.10854,0.16599,0.26218,0.022885,0.30449,0.081821,0.07093,0.061404,0.2763,0.24716,-0.23009,-0.20452,0.01878,0.08402,0.13283,0.022004,-0.44269,-0.28318,-0.47622,-0.37288,-0.099529,0.0092223,-0.016232,-0.21792,0.18,0.07593,-0.46154,0.091679,-0.22896,0.045143,0.18803,-0.080816,0.23567,-0.086396,-0.55715,0.082519,-0.24761,0.098985,-0.24209,-0.29508
-0.41116,-0.073679,0.18465,0.24552,-0.40826,-0.45495,-0.3302,0.32414,0.041185,0.83942,1.0474,0.14326,0.3407,0.2031,-0.37863,0.020282,-0.49779,-0.16909,0.27105,-0.12376,-0.62176,-0.20307,0.13673,-0.095486,0.40299,0.56398,-0.28243,-0.1352,-0.11239,-0.082571,0.15362,0.19617,0.5455,0.21538,0.62591,0.64546,0,0.82341,0.21741,0.46291,-0.37974,0.052386,-0.009497,0.055236,-0.13182,-0.29228,-0.12981,-0.029316,-0.42433,0.38196,0.25802,-0.11787,-0.52232,-0.38161,-0.15476,-0.22042,-0.24625,-0.29252,0.066413,-0.10671,-0.14639,-0.13602,-0.25059,-0.23834,-0.13178,-0.076794,-0.0071405,0.73812,0.36312,0.11429,0.11417,-0.14728,-0.20527,0.41857,0.02538,0.038983,0.085871,0.13087,0.27194,0.49569,0.34953,-0.27964,-0.20381,-0.21816,0.044968,0.065046,-0.054098,-0.27136,-0.24402,0.16213,-0.17584,-0.30126,0.037906,-0.21866,0.06478,0.29733,0.10834,0.26032,0.01394,-0.45714,-0.28568,-0.25998,0.12901,0.18103,0.042799
-0.48283,0.10994,-0.1914,-0.082782,-0.44925,-0.089129,-0.0023978,0.80884,-0.35729,0.73824,0.50567,-0.12004,0.31921,0.19578,-0.87177,-0.273,-0.85384,-0.52762,-0.080248,-0.41032,-0.36756,-0.29471,-0.001936,-0.204,-0.064767,0.62916,-0.58127,-0.36197,-0.044645,0.018557,0.57459,0.87489,0.50642,0.23567,0.52827,0.74067,0.82341,0,0.076593,0.0021896,-0.34296,-0.24071,0.50354,0.44638,0.32084,0.054842,0.0082104,0.04691,-0.27195,-0.08319,0.027432,-0.13461,-0.46374,-0.26875,-0.23435,-0.2727,-0.093458,-0.35563,-0.24942,-0.68399,-0.68642,-0.094537,-0.13645,0.095053,0.2465,0.099069,0.0986,0.61679,0.028949,0.51234,0.27908,0.15975,0.15897,0.61534,0.082258,-0.41275,-0.096993,-0.052201,0.010104,-0.11699,-0.084199,-0.69952,-0.76651,-0.49493,-0.35913,-0.25642,-0.05872,-0.18019,-0.32316,0.025461,-0.025526,-0.63401,-0.14175,-0.15558,0.10289,0.16165,0.1181,0.37622,0.15311,-0.50229,0.0026066,-0.3208,0.059905,-0.19774,-0.12269
0.86121,-0.23282,-0.34677,-0.32157,0.60536,-0.18769,0.69435,0.14392,0.58638,0.54063,0.40077,-0.40077,0.031184,-0.53937,-0.29199,-0.18261,0.14765,0.42168,0.21853,-0.28658,0.16346,0.053784,0.88489,0.020031,0.77421,0.58792,0.21633,-0.010454,0.65242,0.243,0.004175,0.073775,-0.22248,-0.1048,-0.0084156,0.12342,0.21741,0.076593,0,0.2732,0.79189,0.4675,0.16582,0.369,-0.26687,-0.17698,-0.095343,-0.12184,0.16428,-0.41181,-0.73505,0.41699,0.36218,-0.045945,0.13436,0.4718,0.3709,0.19537,0.21272,0.14193,-0.17402,0.044723,-0.36545,0.043947,0.15051,-0.29725,-0.22203,-0.025939,0.056418,0.00019044,0.24866,-0.52824,-0.55549,-0.01194,-0.20968,0.12841,-0.42563,-0.57383,-0.51589,-0.18219,-0.37119,-0.13608,-0.11043,0.087941,-0.028736,-0.18903,-0.2793,0.0049855,0.23672,0.078028,-0.19679,-0.071442,-0.45825,0.21246,-0.28522,-0.51701,-0.53158,0.040868,-0.31166,0.07815,-0.2692,-0.0279,-0.36911,0.029102,-0.35624
-0.17004,0.1826,0.64389,0.41499,-0.18092,0.19518,-0.37886,0.25159,0.24288,0.44447,0.27144,0.73939,-0.11662,-0.017676,-0.057201,0.074968,0.13872,0.30396,0.95845,0.24352,-0.53774,0.14192,0.2955,0.42805,0.24705,0.37963,-0.16124,0.16147,-0.32083,-0.30973,-0.38185,-0.44055,0.14699,-0.087338,-0.012561,0.11619,0.46291,0.0021896,0.2732,0,-0.146,0.84236,-0.37259,0.01944,-0.2509,-0.25655,-0.18862,-0.064506,-0.36793,0.19247,0.14684,-0.094751,-0.21637,-0.043552,-0.061577,-0.011006,-0.15027,-0.054963,0.31786,0.30678,0.46239,-0.37871,-0.34951,-0.50503,-0.31653,-0.18869,-0.034249,-0.1576,0.032901,-0.50552,-0.39795,-0.49806,-0.57094,0.26198,-0.017496,0.34514,0.53323,0.27843,0.32193,0.49404,0.35105,0.21883,0.16327,0.578,0.48835,0.42754,0.11088,-0.1131,0.032183,0.072188,-0.092119,-0.041259,0.39502,-0.30223,0.38214,0.19537,0.19075,0.11415,0.15738,-0.46761,-0.032938,-0.040428,0.09524,0.14733,0.25708
1.0871,-0.3321,-0.47381,-0.47563,1.3532,-0.0012614,1.1946,-0.15151,0.67568,-0.006188,-0.05758,-0.51512,0.016355,-0.45524,0.27206,0.12596,0.72418,0.74733,-0.14906,-0.069358,1.0788,0.42761,0.53462,0.11915,0.4652,0.19594,0.79826,0.2743,0.64084,0.24224,-0.16268,-0.01753,-0.49355,-0.1327,-0.30609,-0.3182,-0.37974,-0.34296,0.79189,-0.146,0,0.43871,0.28481,0.44557,-0.18054,-0.081191,0.053944,0.045745,0.60664,-0.42363,-0.73885,0.50051,0.44124,-0.083771,-0.056721,0.67692,0.77145,0.80113,0.31145,0.15237,-0.21535,0.21676,-0.029925,0.42534,0.2946,-0.091093,-0.12133,-0.20729,0.11491,0.043905,0.43535,-0.3392,-0.23328,-0.26196,-0.29023,-0.08628,-0.54733,-0.5713,-0.57479,-0.42514,-0.58712,0.14091,0.039094,0.15417,-0.15946,-0.14092,-0.14683,0.37669,0.49215,0.066332,-0.23508,0.40555,-0.35463,0.18443,-0.48603,-0.75935,-0.70974,-0.11593,-0.38212,0.6223,-0.12535,0.039273,-0.51802,-0.245,-0.70335
0.13381,-0.0095045,0.31262,0.12369,0.25875,0.27256,0.042831,0.118,0.4137,0.36474,0.041247,0.38148,-0.099707,-0.15653,0.13329,0.076053,0.52028,0.60184,0.4903,0.1119,0.11669,0.48798,0.69879,0.85413,0.16616,0.43426,0.39246,0.49398,0.15466,0.073173,-0.53444,-0.3991,-0.097428,-0.064879,-0.20274,-0.077074,0.052386,-0.24071,0.4675,0.84236,0.43871,0,-0.29803,0.2866,-0.50015,-0.54036,0.048034,0.10937,-0.19783,-0.075921,-0.13307,-0.10203,-0.10049,-0.20653,-0.24332,0.22873,0.10458,0.29005,0.30699,0.16048,0.12072,-0.31379,-0.27462,-0.32998,-0.18727,-0.087411,0.066918,-0.27992,0.195,-0.43255,-0.071074,-0.694,-0.59939,0.017904,-0.17083,0.19982,0.22611,0.15363,0.12971,0.25956,-0.053245,0.28434,0.15741,0.84226,0.3979,0.40535,0.079352,0.19096,0.27278,0.15095,-0.32239,0.21463,0.19913,-0.1765,0.049677,-0.090979,-0.10125,-0.097045,-0.021882,-0.022757,-0.030414,0.01404,-0.19747,-0.10438,-0.27361
0.14576,0.12824,-0.60802,-0.49663,0.15116,0.32543,0.69142,0.44229,-0.10485,0.12494,0.031809,-0.74862,0.26347,-0.096218,-0.34648,-0.20194,-0.18464,-0.15982,-0.49005,-0.31878,0.28452,-0.28703,-0.17999,-0.53902,0.11279,0.43887,-0.26326,-0.58657,0.23292,0.10875,0.68654,1.019,0.042499,0.12473,0.10437,0.20129,-0.009497,0.50354,0.16582,-0.37259,0.28481,-0.29803,0,0.98112,0.68907,0.53969,0.55206,0.55782,0.65034,-0.25034,-0.31254,0.58075,0.17999,0.21416,-0.0065203,0.3229,0.81384,0.49626,0.17957,-0.37894,-0.57809,0.0077031,-0.024326,0.91978,0.77007,0.61704,0.5089,0.29664,-0.29286,1.0199,0.81623,0.58219,0.69135,0.47381,0.41425,-0.64577,-0.55402,-0.51169,-0.36751,-0.681,-0.53462,-0.32155,-0.58547,-0.54066,-0.5561,-0.55046,-0.12667,0.65039,0.45323,0.31112,0.15473,-0.27835,-0.23001,-0.089511,-0.12104,-0.49399,-0.34043,0.065085,-0.099848,0.071653,0.20209,-0.35757,-0.22667,-0.25405,-0.24791
0.11967,0.37032,-0.44395,-0.50552,0.092622,0.57398,0.55498,0.82231,-0.027095,0.46871,-0.049454,-0.42526,0.14395,-0.2268,-0.31468,-0.28201,-0.045807,-0.069249,-0.065705,-0.36541,0.33296,-0.10037,0.2924,0.076928,0.046943,0.85889,-0.10453,-0.3156,0.3586,0.36454,0.27628,0.68993,-0.042521,-0.014127,0.013665,0.30833,0.055236,0.44638,0.369,0.01944,0.44557,0.2866,0.98112,0,0.26207,0.18547,0.49762,0.49459,0.29324,-0.2619,-0.28889,0.34307,0.037214,0.066176,-0.13462,0.47032,0.68303,0.50768,0.2772,-0.48575,-0.6609,-0.1194,-0.13985,0.42962,0.47424,0.40312,0.44347,0.094621,0.0039782,0.48791,0.68563,0.13173,0.25912,0.55735,0.23356,-0.60814,-0.37337,-0.35552,-0.33771,-0.53583,-0.69088,-0.35859,-0.65308,-0.11054,-0.32976,-0.23948,0.0033853,0.63337,0.43291,0.38351,0.01933,-0.15572,-0.019799,-0.13637,-0.075794,-0.50491,-0.40718,-0.018591,-0.10994,-0.0076429,0.16662,-0.37868,-0.37246,-0.33725,-0.41747
