,,,,,,,,,,,,,,,,,,,,,,,,,,,,,,,,,,,,,,,,,,,,,,,,,,,,,,,,,,,,,,,,,,,,,,,,,,,,,,,,,,,,,,,,,,,,,,,,,,,,,,,,
0,-0.062143,-0.23567,-0.079318,0.54795,-0.13884,0.73286,0.11879,0.21454,0.26845,0.24818,-0.56425,0.076818,-0.56856,-0.36838,-0.33911,-0.21417,0.075394,-0.12915,-0.44702,-0.14639,-0.64908,0.023296,-0.74674,0.67625,0.32709,-0.4248,-0.55134,0.49871,0.17944,0.58787,0.44963,-0.085912,0.046028,0.052156,0.16043,0.23773,0.35937,0.71538,0.025582,0.59214,-0.21825,0.45374,0.042733,-0.071876,0.018391,-0.18552,-0.20605,0.49344,-0.52262,-0.91637,0.77847,0.82342,0.53302,0.80038,0.5234,0.53751,0.060515,0.147,0.27902,0.11384,0.20679,-0.20624,0.25103,0.46779,-0.13713,-0.17211,-0.004643,-0.082825,0.57305,0.35499,-0.061385,-0.13864,-0.28066,-0.16461,0.026931,-0.5086,-0.78823,-0.60053,-0.46414,-0.22602,-0.14904,0.096844,-0.44701,-0.2377,-0.42052,-0.68215,-0.13921,0.18623,-0.10209,-0.17512,-0.15334,-0.5036,0.42802,0.057183,-0.66627,-0.70377,-0.16881,-0.42318,-0.024328,-0.17402,0.16274,0.14116,0.26912,0.32233
-0.062143,0,-0.21987,-0.26025,-0.27674,1.1432,0.14373,1.0364,-0.19084,-0.31489,-0.63188,0.21217,-0.42607,-0.20874,0.0014973,-0.14357,-0.038248,-0.37317,0.1787,0.10479,0.24195,-0.075846,0.0063946,0.34627,-0.4075,-0.0092103,-0.1545,-0.013676,-0.2129,0.26093,-0.20759,-0.07336,-0.41874,-0.46728,-0.27773,0.14468,-0.44499,-0.18196,-0.25779,0.15925,0.0099379,0.27209,0.091514,0.74004,0.32625,0.38354,0.36672,0.23425,0.064693,0.070584,0.23196,-0.20455,-0.12604,0.27603,-0.30499,0.00032726,0.082499,0.0064742,-0.085393,-0.32566,-0.016947,-0.39439,-0.062635,-0.26704,-0.25377,0.18754,0.28553,-0.49297,-0.068015,-0.2156,-0.13609,0.27129,0.26974,0.22461,0.24252,-0.20714,0.087109,0.13989,-0.065461,-0.25012,-0.32205,-0.26492,-0.38808,0.14762,-0.089257,0.07574,0.051965,0.25615,0.050651,0.33637,0.34632,-0.40085,0.23488,-0.27938,0.19009,-0.11684,0.039792,0.10892,0.27257,-0.31165,-0.041328,-0.5209,-0.27777,-0.33795,-0.043634
-0.23567,-0.21987,0,1.6993,-0.047525,-0.10346,-0.74421,-0.22967,0.17193,-0.011019,0.29316,0.7553,0.085851,0.3002,0.44425,0.11333,0.37978,0.52387,0.55821,0.29528,-0.58516,0.15031,-0.072143,0.01901,-0.040464,-0.016556,-0.012007,0.09548,-0.49671,-0.4985,-0.52473,-0.54316,0.28209,-0.027878,-0.069562,-0.33348,0.34012,-0.048533,-0.10103,0.62466,-0.47695,0.22653,-0.61037,-0.67328,-0.28705,-0.2062,0.04557,0.23963,-0.31962,0.35314,0.51115,-0.10098,0.042885,0.081793,0.12743,-0.067689,-0.25954,0.20389,0.39285,0.85643,0.86055,-0.4497,-0.36729,-0.36002,-0.095014,0.22309,0.49548,0.081247,-0.14433,-0.54391,-0.51858,-0.34349,0.049978,-0.076796,0.010046,0.9736,1.3266,0.61932,0.79751,0.48761,0.47751,1.0647,1.1438,0.64872,0.85954,0.80059,0.23725,0.21092,0.27241,0.043349,-0.011587,0.44175,0.46824,-0.013368,0.21676,0.47038,0.27385,0.051923,0.096066,-0.24015,0.044993,0.26745,0.10886,0.32673,0.33464
-0.079318,-0.26025,1.6993,0,0.095577,-0.21769,-0.45086,-0.20637,0.24757,0.061426,0.50878,0.56601,0.19859,0.34433,0.21041,-0.060517,0.15285,0.40735,0.33544,0.13216,-0.51239,0.06951,0.0036761,-0.092194,0.06843,0.034938,0.03203,0.034344,-0.31721,-0.39308,-0.2769,-0.30111,0.3396,0.068679,0.067867,-0.28251,0.46285,0.13818,0.0025464,0.48967,-0.374,0.096494,-0.5029,-0.70955,-0.29106,-0.24757,0.038046,0.15309,-0.28665,0.23202,0.36107,-0.13436,0.017668,-0.022319,0.10858,-0.25412,-0.31273,0.027457,0.16137,0.77305,0.6595,-0.42575,-0.38046,-0.36898,-0.023896,0.15637,0.42302,0.32753,-0.063868,-0.3637,-0.38929,-0.30166,0.071496,-0.1639,-0.077157,1.1073,1.1195,0.53557,0.76755,0.4247,0.48916,0.79461,0.99267,0.53334,0.83863,0.66519,0.078254,0.047042,0.099836,0.016117,-0.1001,0.28779,0.19593,0.041498,0.16335,0.5037,0.29104,0.18508,0.18336,-0.23973,0.024761,0.28871,0.223,0.41294,0.28155
0.54795,-0.27674,-0.047525,0.095577,0,-0.019503,0.62618,-0.31885,0.66876,0.16506,0.46605,-0.10054,0.89394,0.29414,0.043815,0.014732,0.016536,0.42487,-0.42754,-0.098342,0.41375,0.21813,-0.075767,-0.37125,0.3862,0.048782,0.38099,-0.035919,0.19404,-0.091387,0.43544,0.26752,0.37052,0.77734,0.17014,-0.14544,-0.0098865,0.04755,0.14869,-0.10157,0.7221,-0.014854,0.42289,0.0453,0.062051,0.037702,-0.083686,0.063827,0.49833,-0.020585,-0.2838,0.65038,0.16598,0.017397,0.1012,0.059488,0.52287,0.3305,0.066851,0.26005,0.12478,0.28432,0.061347,0.44818,0.84496,0.11868,-0.0031625,0.3903,-0.097798,0.54833,0.3504,0.013288,-0.061825,-0.18225,-0.17401,0.034391,-0.12639,-0.28778,-0.050411,-0.20044,0.042745,0.26905,0.25495,-0.26463,-0.14957,-0.19684,-0.3097,0.025127,0.24716,-0.10606,-0.27014,0.088429,-0.18408,0.16461,0.14283,-0.32648,-0.27142,0.25964,-0.014581,0.19521,-0.048591,0.072641,0.14699,-0.065612,-0.213
-0.13884,1.1432,-0.10346,-0.21769,-0.019503,0,0.080715,0.68612,-0.16562,-0.23593,-0.71491,0.3405,-0.19628,-0.00066715,0.23552,-0.02283,0.18152,-0.14048,0.11378,0.19571,0.4135,0.24314,-0.15864,0.42048,-0.5321,0.02877,-0.029608,0.10258,-0.23656,0.15999,-0.18718,-0.018746,-0.16397,-0.1916,-0.41644,-0.054332,-0.61818,-0.27147,-0.45336,0.13829,0.084216,0.43003,0.18544,0.71615,0.28855,0.32595,0.27471,0.24415,0.17772,0.057329,0.23464,-0.077018,-0.058318,0.3503,-0.25862,0.067367,0.269,0.17584,0.0032765,-0.27078,0.055949,-0.17611,0.17544,-0.038802,0.1086,0.24298,0.302,-0.48418,-0.023967,-0.008484,-0.072571,0.1859,0.1885,0.14876,0.10199,-0.30998,0.1833,0.11453,-0.036251,-0.44219,-0.42145,0.038498,-0.14557,0.14562,-0.16732,0.0053766,0.10953,0.36107,0.23966,0.079767,0.12734,-0.1631,0.50614,-0.26945,0.32106,-0.16638,0.069302,0.017273,0.21451,-0.23307,-0.0095404,-0.37773,-0.23275,-0.57139,-0.1759
0.73286,0.14373,-0.74421,-0.45086,0.62618,0.080715,0,0.28012,0.18156,0.027939,0.12302,-0.70751,0.33768,-0.080562,-0.55991,-0.2556,-0.39582,-0.24787,-0.57746,-0.3235,0.53871,-0.24416,0.055534,-0.37937,0.3279,0.10037,-0.10759,-0.33557,0.50323,0.21095,0.8641,0.82885,0.0075611,0.34557,0.26645,0.27152,-0.11459,0.33873,0.33092,-0.45256,1.0019,-0.35978,1.1264,0.60784,0.30492,0.26442,0.091161,-0.02076,0.49094,-0.42792,-0.64065,0.38006,0.24557,0.10405,0.093494,0.10423,0.58689,0.073594,-0.28581,-0.33503,-0.43244,0.24072,0.08622,0.56578,0.53165,-0.00023052,-0.1562,0.095564,-0.076631,0.75282,0.51375,0.34811,0.10478,-0.13593,-0.039118,-0.3381,-0.751,-0.62888,-0.5462,-0.54787,-0.34739,-0.56156,-0.50964,-0.61003,-0.62825,-0.52816,-0.28798,-0.0022767,-0.073166,0.0024793,-0.066296,-0.19425,-0.4974,0.21231,-0.043282,-0.36366,-0.30244,0.27272,0.040518,0.17021,0.17517,-0.086476,0.10369,-0.15729,-0.2073
0.11879,1.0364,-0.22967,-0.20637,-0.31885,0.68612,0.28012,0,-0.18839,0.010253,-0.30097,0.135,-0.24347,-0.19109,-0.29775,-0.085693,-0.25369,-0.55463,0.11981,0.030189,-0.045229,-0.22065,0.17536,0.18731,-0.10861,0.30922,-0.44053,0.10057,0.057395,0.2627,0.0036544,0.17586,-0.00010937,-0.20332,0.1335,0.68573,-0.011186,0.33877,0.15831,0.26217,0.075477,0.27936,0.17759,0.64761,0.029594,0.071704,0.26751,0.10215,-0.26011,-0.1574,-0.026203,-0.23617,-0.045902,0.19198,-0.12542,0.027543,0.076833,-0.17683,-0.12419,-0.33968,-0.060788,-0.26866,-0.087972,-0.17356,-0.20208,0.032372,0.14623,-0.37512,0.16892,0.055996,-0.040408,0.060934,0.053832,-0.037477,0.12321,-0.088557,-0.052631,-0.092149,-0.23382,-0.35375,-0.4286,-0.49659,-0.36458,-0.2019,-0.3483,-0.15873,-0.087126,0.099612,-0.11329,0.15697,0.087127,-0.37276,0.090335,-0.068904,0.13975,0.086578,0.056734,0.13218,-0.0046138,-0.47484,-0.12652,-0.36679,-0.1104,-0.23626,-0.072832
0.21454,-0.19084,0.17193,0.24757,0.66876,-0.16562,0.18156,-0.18839,0,0.028429,0.67316,0.17443,0.61157,0.24448,0.10426,0.30475,0.21589,0.50357,-0.20224,0.25494,-0.011611,0.1634,0.06389,-0.31636,0.53756,-0.041861,0.41895,0.076955,-0.24686,-0.57547,-0.11751,-0.34822,0.32771,0.45449,0.31358,0.074633,0.16169,-0.21693,0.308,0.29138,0.2603,0.10383,0.0090186,-0.076983,-0.00040106,-0.028107,0.15945,0.38619,-0.094959,0.41382,0.08473,0.44305,-0.071296,-0.12733,-0.15221,-0.030668,0.31723,0.39016,0.38872,0.51241,0.4726,-0.065235,-0.33621,0.13016,0.21508,0.24994,0.21401,0.4366,-0.060992,-0.068642,-0.018887,-0.0097357,0.0075595,0.13998,0.19815,0.43507,0.027169,-0.19026,0.047003,0.22773,0.15803,0.3995,0.40052,-0.10859,0.012135,-0.1312,-0.26,0.12049,0.29867,0.36026,0.060989,0.04924,0.097934,-0.26335,-0.063159,-0.040729,-0.17958,0.47527,-0.00086335,-0.0018821,-0.039346,0.076511,0.054886,0.0077281,-0.33972
0.26845,-0.31489,-0.011019,0.061426,0.16506,-0.23593,0.027939,0.010253,0.028429,0,0.48935,0.088505,0.060227,-0.15293,-0.2798,-0.36322,-0.13059,0.29242,0.02663,-0.48494,-0.14112,0.28423,0.88618,0.28942,0.61784,1.3696,0.097066,0.32603,0.9364,0.59064,0.42037,0.32567,0.35666,0.2434,0.20894,0.28239,0.67176,0.58381,0.83557,0.4252,0.40986,0.56809,-0.15823,0.0051656,-0.86187,-0.98117,-0.72479,-0.73734,-0.18799,-0.42994,-0.46356,-0.012816,-0.23294,-0.42958,0.019713,-0.025357,-0.17995,-0.47039,-0.20466,-0.12638,-0.20093,0.39859,0.13527,-0.24071,-0.097051,-0.82705,-0.66913,0.29496,0.68312,0.41831,0.35631,-0.76236,-1.0234,-0.65335,-0.82065,-0.062379,-0.062428,-0.15937,-0.059385,0.058922,0.044109,-0.18313,0.081616,-0.17939,0.0097949,-0.10284,-0.40528,-0.73239,-0.27957,-0.60119,-1.188,0.093892,-0.11386,0.44732,0.31873,0.10265,0.16755,-0.25353,-0.16133,-0.00016151,-0.18417,0.35083,0.54135,0.33498,0.21475
0.24818,-0.63188,0.29316,0.50878,0.46605,-0.71491,0.12302,-0.30097,0.67316,0.48935,0,0.030246,0.73123,0.26827,-0.24799,0.045011,-0.25475,0.44316,0.019725,-0.10078,-0.27039,0.10026,0.26565,-0.30691,0.76864,0.28627,0.22944,0.066976,0.14495,-0.23042,0.24377,0.044127,0.7007,0.58535,0.85887,0.25856,1.0468,0.50341,0.6288,0.20078,0.16694,-0.04136,-0.073105,-0.39111,-0.2898,-0.41024,-0.12717,-0.028758,-0.23442,0.15047,-0.055802,0.060867,-0.15781,-0.49774,-0.03042,-0.27157,-0.10007,-0.10713,-0.012354,0.32125,0.15668,-0.097318,-0.34822,-0.13401,-0.030598,-0.13868,-0.037885,0.76663,0.17711,0.10389,0.075891,-0.25271,-0.23052,-0.24507,-0.17111,0.62937,0.10082,0.0072053,0.24805,0.51527,0.40454,0.11678,0.32151,-0.13841,0.13106,0.11134,-0.24918,-0.20049,-0.081963,0.024531,-0.33366,0.2046,-0.17561,0.2728,0.074102,0.45123,0.2173,0.52086,0.11724,-0.11947,-0.13958,0.21559,0.33435,0.48614,0.018798
-0.56425,0.21217,0.7553,0.56601,-0.10054,0.3405,-0.70751,0.135,0.17443,0.088505,0.030246,0,0.08998,0.4545,0.56377,0.35305,0.38629,0.3652,0.42681,0.46638,-0.21471,0.63266,0.089993,0.51781,-0.13544,0.12648,0.3324,0.86757,-0.45765,-0.21923,-0.61445,-0.67742,0.39181,0.077816,0.0083758,-0.0030109,0.11402,-0.11986,-0.19798,0.92593,-0.31582,0.93781,-0.73999,-0.17007,-0.33879,-0.30006,0.00073164,0.15913,-0.52258,0.50243,0.75479,-0.32722,-0.52585,-0.21347,-0.47118,-0.24393,-0.33566,0.080433,0.24495,0.28572,0.55155,-0.32697,-0.15622,-0.54735,-0.35493,0.082321,0.28117,-0.038217,0.12236,-0.53323,-0.4772,-0.42745,-0.20066,-0.087448,-0.017756,0.44335,1.1774,0.73944,0.74274,0.44671,0.37786,0.54597,0.49418,0.46698,0.42311,0.59144,0.25023,0.079482,0.097736,-0.020988,-0.14283,0.17739,0.73532,-0.16342,0.46476,0.49639,0.49723,0.10274,0.1498,-0.41375,-0.24211,-0.14928,-0.07639,-0.0039524,0.015116
0.076818,-0.42607,0.085851,0.19859,0.89394,-0.19628,0.33768,-0.24347,0.61157,0.060227,0.73123,0.08998,0,0.75461,-0.040301,0.45819,-0.22133,0.19228,-0.24899,0.11361,0.19855,0.33605,-0.11352,-0.26716,0.2012,-0.15464,0.35959,0.28491,-0.056891,-0.37406,0.16543,0.078397,1.0455,1.5263,0.8394,0.26367,0.21545,0.23479,0.056194,-0.13706,0.26313,-0.01938,0.20948,-0.11423,0.073548,-0.053675,0.12445,0.28459,-0.089844,0.28512,0.062216,0.16408,-0.12902,-0.32885,-0.14636,-0.2266,0.1554,0.20716,2.5938e-05,0.13319,0.083956,-0.034503,-0.064468,0.28243,0.48993,0.24893,0.16931,0.47934,-0.10444,0.25412,0.034606,-0.024719,-0.0087199,-0.020404,0.038518,0.29271,0.033664,-0.011043,0.17935,0.13603,0.17403,0.20557,0.19988,-0.28987,-0.24803,-0.049189,-0.026897,0.14933,0.030823,0.064696,-0.08042,0.13581,-0.05648,0.089089,0.011719,0.23477,0.035562,0.76385,0.11171,-0.091391,-0.14806,-0.15358,-0.099943,-0.17871,-0.53486
-0.56856,-0.20874,0.3002,0.34433,0.29414,-0.00066715,-0.080562,-0.19109,0.24448,-0.15293,0.26827,0.4545,0.75461,0,0.40632,0.44591,0.16028,0.09995,-0.24472,0.63983,0.38094,0.67536,-0.17849,0.19281,-0.19963,-0.25012,0.73532,0.59398,-0.26241,-0.29424,-0.13505,-0.032716,0.77213,0.72208,0.42002,-0.072911,0.035092,0.033254,-0.45818,-0.087679,-0.079594,0.078172,-0.077209,-0.13528,-0.036349,-0.051452,0.18154,0.29557,-0.1964,0.57178,0.66413,-0.3399,-0.49995,-0.51436,-0.53283,-0.55711,-0.075688,0.15172,-0.12113,-0.0013034,0.0051478,0.043806,0.34999,0.20154,0.098192,0.25298,0.23756,0.42338,0.2005,0.059831,0.051908,0.081008,0.17583,-0.071814,0.026535,0.11669,0.42085,0.61796,0.81431,0.32426,0.4859,0.24665,0.12677,0.13193,0.16539,0.24704,0.56183,0.18712,-0.038651,-0.029709,-0.07319,0.16681,0.1388,-0.33569,-0.12681,0.61639,0.41293,0.46029,0.22336,0.095413,0.021969,-0.17229,0.085271,-0.30191,-0.56642
-0.36838,0.0014973,0.44425,0.21041,0.043815,0.23552,-0.55991,-0.29775,0.10426,-0.2798,-0.24799,0.56377,-0.040301,0.40632,0,0.42454,1.2129,0.51016,0.20193,0.93344,0.10806,0.41353,-0.466,0.137,-0.2331,-0.2377,0.43941,0.23572,-0.48282,-0.24422,-0.61987,-0.5208,0.04162,-0.033318,-0.36109,-0.49771,-0.20978,-0.56666,-0.52884,0.28097,-0.21385,0.22884,-0.29938,-0.22935,-0.18401,0.04108,-0.096539,0.26148,0.1692,0.68234,0.74541,0.17997,0.02722,0.22331,-0.00049776,0.28255,0.28302,0.62017,0.68641,0.45433,0.57588,0.17004,0.27015,0.14786,-0.066711,0.22511,0.23159,-0.22505,0.022477,-0.17906,0.048595,-0.071574,0.054737,-0.082147,0.018905,-0.069272,0.42671,0.46632,0.51256,0.21763,0.37881,0.73614,0.50593,0.27509,0.36589,0.31465,0.47543,0.38865,0.69158,-0.036784,0.076293,0.42292,0.59034,-0.34535,0.065128,0.025736,-0.018892,-0.27184,-0.2872,0.19864,-0.12051,0.01914,0.037531,-0.22576,0.072543
-0.33911,-0.14357,0.11333,-0.060517,0.014732,-0.02283,-0.2556,-0.085693,0.30475,-0.36322,0.045011,0.35305,0.45819,0.44591,0.42454,0,0.17566,0.114,0.17032,0.83908,-0.15182,0.18502,-0.36296,-0.08147,-0.059452,-0.43092,0.094462,0.46882,-0.68617,-0.7678,-0.49955,-0.59885,0.47833,0.33955,0.39158,0.26728,0.025307,-0.22814,-0.22488,0.11585,-0.22506,0.14556,-0.08315,-0.099251,0.19422,0.20674,0.36512,0.53624,-0.29522,0.76446,0.43439,0.04769,-0.13164,-0.077115,-0.13344,0.1027,0.10931,0.50711,0.49383,0.27819,0.43619,-0.1462,-0.055684,0.23149,-0.073589,0.48625,0.33237,-0.18587,-0.16383,-0.25169,-0.32622,0.12211,0.1404,0.38057,0.60772,0.20618,0.068409,0.10537,0.16787,0.34108,0.22758,0.21464,0.13286,-0.11256,-0.20014,0.077728,0.36705,0.53878,0.25307,0.39154,0.38085,0.12472,0.28939,-0.27547,-0.1558,0.18804,-0.043026,0.29031,-0.23533,-0.11065,-0.18298,-0.39802,-0.41468,-0.18599,-0.35305
-0.21417,-0.038248,0.37978,0.15285,0.016536,0.18152,-0.39582,-0.25369,0.21589,-0.13059,-0.25475,0.38629,-0.22133,0.16028,1.2129,0.17566,0,0.66774,0.10586,0.67729,0.063752,0.34536,-0.23029,0.10356,0.02012,-0.014616,0.30353,0.077114,-0.27313,-0.26221,-0.42331,-0.40401,-0.10907,-0.12803,-0.52446,-0.51904,-0.23276,-0.56896,-0.1848,0.38127,0.03918,0.20947,-0.16552,-0.089444,-0.29192,-0.053391,-0.18609,0.17624,0.15964,0.29988,0.38392,0.34927,0.14836,0.31038,0.057126,0.47544,0.4685,0.72996,0.81664,0.44433,0.50006,0.30732,0.17298,0.25061,0.0015131,0.097619,0.10378,-0.27921,0.0048922,-0.13403,0.12494,-0.12563,-0.047508,-0.19523,-0.054868,-0.11889,0.26532,0.18704,0.2473,0.092502,0.2108,0.67525,0.47989,0.23885,0.31956,0.15269,0.35749,0.29761,0.76644,-0.13461,-0.051208,0.59757,0.67306,-0.26607,0.11791,-0.098481,-0.0733,-0.47221,-0.3296,0.33234,0.19057,0.37856,0.25576,-0.14715,0.17852
0.075394,-0.37317,0.52387,0.40735,0.42487,-0.14048,-0.24787,-0.55463,0.50357,0.29242,0.44316,0.3652,0.19228,0.09995,0.51016,0.114,0.66774,0,0.36799,0.2169,-0.12504,0.45385,-0.0017829,-0.031978,0.55762,0.27638,0.33599,0.070054,-0.11742,-0.32729,-0.060493,-0.3318,0.19982,0.16351,-0.0798,-0.38009,0.32164,-0.15257,0.23381,0.56165,0.28387,0.29894,-0.18042,-0.27089,-0.30911,-0.2573,-0.31868,-0.013959,0.19352,0.21863,0.13308,0.35827,0.030505,-0.013839,0.023476,0.25139,0.25817,0.49314,0.56405,0.59253,0.53632,0.059401,-0.21235,-0.063592,-0.031182,-0.10107,-0.0020358,0.03962,-0.032933,-0.10688,-0.00096881,-0.32691,-0.3103,-0.29336,-0.21194,0.29751,0.35358,0.18163,0.36291,0.48288,0.49191,0.67919,0.63581,0.30225,0.42173,0.41125,0.067008,0.094289,0.5484,-0.17788,-0.38099,0.74176,0.49204,0.21396,0.52813,0.05338,0.15572,-0.12175,0.017395,0.067342,0.055993,0.41545,0.34046,0.39003,0.43123
-0.12915,0.1787,0.55821,0.33544,-0.42754,0.11378,-0.57746,0.11981,-0.20224,0.02663,0.019725,0.42681,-0.24899,-0.24472,0.20193,0.17032,0.10586,0.36799,0,0.14085,-0.58234,-0.027825,0.0067197,0.21151,0.0049326,0.097628,-0.42636,-0.020257,-0.35463,-0.17631,-0.52552,-0.57681,-0.041516,-0.35256,-0.023257,0.062658,0.3685,-0.00871,0.059204,0.65731,-0.30028,0.34997,-0.44926,-0.18007,-0.11414,-0.086483,-0.038821,0.037798,-0.16472,0.29717,0.37012,-0.19179,0.062038,0.19043,0.15007,0.2609,-0.21733,0.11931,0.35038,0.25669,0.4587,-0.73661,-0.48458,-0.62766,-0.58293,-0.057481,0.19556,-0.54513,-0.20014,-0.66063,-0.63705,-0.34071,-0.15658,0.048804,0.059793,0.43003,0.51161,0.47807,0.36914,0.59339,0.33477,0.25975,0.31746,0.53376,0.4012,0.88778,0.29299,0.26224,0.18727,0.13664,0.11729,0.3426,0.58459,0.16899,0.42814,0.31116,0.21594,-0.025937,0.1351,-0.56381,-0.11743,-0.15765,-0.23393,0.34563,0.68208
-0.44702,0.10479,0.29528,0.13216,-0.098342,0.19571,-0.3235,0.030189,0.25494,-0.48494,-0.10078,0.46638,0.11361,0.63983,0.93344,0.83908,0.67729,0.2169,0.14085,0,0.039991,0.22704,-0.47423,0.038946,-0.13609,-0.30321,0.30789,0.29451,-0.73542,-0.5688,-0.56353,-0.45725,0.24908,0.029052,0.077521,-0.090425,-0.030118,-0.32357,-0.41951,0.21862,-0.25014,0.08761,-0.095261,-0.042364,0.062585,0.25933,0.37538,0.59457,-0.081171,0.96839,0.89484,-0.073954,-0.11257,0.055508,-0.21805,0.050161,0.28102,0.61984,0.53465,0.31726,0.46997,-0.030575,0.1853,0.2556,-0.2164,0.47092,0.46668,-0.13961,0.10865,-0.2033,-0.029287,0.26729,0.36396,0.15363,0.46101,0.083825,0.29036,0.44998,0.5303,0.34567,0.41176,0.31199,0.16948,0.17651,0.19618,0.22464,0.73329,0.65222,0.50679,0.29879,0.31245,0.18494,0.4201,-0.62868,-0.20166,0.28662,0.092376,0.087893,-0.18199,0.062008,-0.034608,-0.24274,-0.039878,-0.20496,-0.20634
-0.14639,0.24195,-0.58516,-0.51239,0.41375,0.4135,0.53871,-0.045229,-0.011611,-0.14112,-0.27039,-0.21471,0.19855,0.38094,0.10806,-0.15182,0.063752,-0.12504,-0.58234,0.039991,0,0.47465,-0.021025,0.33182,-0.2832,-0.16618,0.59828,0.052266,0.22443,0.35363,0.25754,0.40083,-0.11994,0.28083,-0.15014,-0.25601,-0.65347,-0.26899,-0.44137,-0.57074,0.52856,-0.050203,0.48835,0.6416,0.3065,0.25676,0.0055054,-0.014924,0.55513,0.043518,0.062697,-0.006239,-0.28193,-0.206,-0.43962,-0.19174,0.3027,0.1,-0.42675,-0.67293,-0.6499,0.38267,0.74294,0.45361,0.31636,-0.01381,-0.18892,0.10988,0.12112,0.42602,0.50594,0.35474,0.12608,0.020359,-0.16516,-0.86843,-0.30337,0.041889,0.012406,-0.26518,-0.093331,-0.24455,-0.52864,-0.071123,-0.22466,-0.18218,0.22801,0.035229,-0.078724,-0.10658,-0.053695,-0.089609,-0.067429,-0.29145,-0.10956,-0.1945,0.010438,0.14562,0.32727,0.4762,0.24956,-0.23838,0.04207,-0.63778,-0.5189
-0.64908,-0.075846,0.15031,0.06951,0.21813,0.24314,-0.24416,-0.22065,0.1634,0.28423,0.10026,0.63266,0.33605,0.67536,0.41353,0.18502,0.34536,0.45385,-0.027825,0.22704,0.47465,0,0.21106,0.78201,-0.12469,0.14408,0.86156,0.82628,-0.022295,0.037802,-0.15307,-0.1591,0.44893,0.51951,0.054778,-0.12659,-0.079247,-0.16083,-0.26536,0.17864,0.16623,0.63794,-0.23249,0.11888,-0.25933,-0.41251,-0.25646,-0.072223,-0.19459,0.26413,0.39684,-0.26751,-0.82551,-0.66294,-0.77491,-0.33461,-0.11591,0.036115,-0.11605,-0.23917,-0.090097,0.15123,0.34707,-0.098899,-0.080357,-0.17006,-0.15787,0.12517,0.3066,-0.00082232,0.039838,-0.28715,-0.36052,-0.20644,-0.37024,-0.18195,0.35187,0.42867,0.46883,0.28871,0.21598,0.24443,0.10566,0.18432,0.068794,0.23713,0.23576,-0.092091,-0.059376,-0.27989,-0.4542,0.39722,0.58765,-0.10336,0.35825,0.42023,0.60538,0.15513,0.35088,0.10568,0.077183,0.08577,0.23807,-0.3356,-0.31251
0.023296,0.0063946,-0.072143,0.0036761,-0.075767,-0.15864,0.055534,0.17536,0.06389,0.88618,0.26565,0.089993,-0.11352,-0.17849,-0.466,-0.36296,-0.23029,-0.0017829,0.0067197,-0.47423,-0.021025,0.21106,0,0.60658,0.31729,0.67865,0.036182,0.27829,0.59523,0.48946,0.12196,0.068737,-0.0045154,0.015076,0.084644,0.26037,0.30142,0.20273,0.59312,0.34373,0.34103,0.57609,-0.19628,0.30288,-0.38829,-0.52274,-0.26704,-0.41919,-0.34675,-0.26063,-0.31086,-0.20415,-0.52084,-0.6031,-0.23131,-0.1848,-0.41622,-0.42981,-0.38493,-0.29074,-0.31981,0.063898,0.051007,-0.30199,-0.28724,-0.50237,-0.457,0.18881,0.37973,-0.01482,0.046743,-0.42198,-0.54551,-0.12605,-0.3491,-0.0476,-0.045742,-0.055349,-0.0074575,0.20113,0.03397,-0.33469,-0.17727,0.05985,0.12498,0.083002,-0.20057,-0.5343,-0.56262,-0.071055,-0.4142,-0.10521,-0.15178,0.059419,0.025841,0.12034,0.13652,-0.010673,0.15465,0.13902,0.23564,0.14263,0.32881,0.21989,0.027353
-0.74674,0.34627,0.01901,-0.092194,-0.37125,0.42048,-0.37937,0.18731,-0.31636,0.28942,-0.30691,0.51781,-0.26716,0.19281,0.137,-0.08147,0.10356,-0.031978,0.21151,0.038946,0.33182,0.78201,0.60658,0,-0.38035,0.2404,0.31373,0.6296,0.092456,0.43687,-0.31906,-0.17637,-0.057764,-0.10651,-0.21941,-0.049966,-0.16287,-0.19801,-0.27628,0.25055,-0.042344,0.84944,-0.40731,0.36824,-0.20041,-0.29928,-0.15609,-0.257,-0.27898,0.13087,0.34916,-0.7016,-0.91468,-0.55553,-0.67948,-0.35143,-0.50699,-0.30471,-0.40675,-0.58811,-0.35097,-0.040866,0.43751,-0.39541,-0.46402,-0.33036,-0.25357,-0.13256,0.41913,-0.23644,-0.13224,-0.27006,-0.31777,0.02531,-0.27947,-0.33954,0.30873,0.5511,0.40338,0.26763,0.13206,-0.13539,-0.23033,0.47411,0.24329,0.37746,0.36786,-0.20691,-0.41269,-0.14738,-0.23549,-0.02173,0.37214,-0.30712,0.12161,0.31545,0.4823,-0.080111,0.39929,0.034738,0.15547,-0.19145,0.045121,-0.24478,-0.14143
0.67625,-0.4075,-0.040464,0.06843,0.3862,-0.5321,0.3279,-0.10861,0.53756,0.61784,0.76864,-0.13544,0.2012,-0.19963,-0.2331,-0.059452,0.02012,0.55762,0.0049326,-0.13609,-0.2832,-0.12469,0.31729,-0.38035,0,0.62584,-0.0031996,-0.010348,0.45111,-0.058776,0.47316,0.14167,0.24523,0.22139,0.40219,0.27459,0.77554,0.45071,1.3109,0.42484,0.61859,0.060773,0.084177,-0.13136,-0.44976,-0.39744,-0.39689,-0.34536,0.067402,-0.21424,-0.4596,0.37591,0.14014,-0.10547,0.18569,0.20999,0.23464,0.036035,0.1983,0.28022,0.10464,0.25465,-0.28385,0.0326,-0.053952,-0.45068,-0.41059,0.25244,0.22558,0.28193,0.25061,-0.34163,-0.51928,-0.4982,-0.26275,0.23018,-0.24766,-0.34563,-0.14297,0.22307,0.30644,-0.12807,0.13079,-0.25481,-0.014142,-0.1315,-0.31685,-0.33753,0.041663,-0.24961,-0.5458,0.17432,-0.20548,0.41089,0.22114,-0.067504,-0.10026,-0.088761,-0.26421,-0.039747,-0.11928,0.28452,0.37719,0.65231,0.37107
0.32709,-0.0092103,-0.016556,0.034938,0.048782,0.02877,0.10037,0.30922,-0.041861,1.3696,0.28627,0.12648,-0.15464,-0.25012,-0.2377,-0.43092,-0.014616,0.27638,0.097628,-0.30321,-0.16618,0.14408,0.67865,0.2404,0.62584,0,-0.043902,0.19753,0.74159,0.55659,0.50811,0.41896,0.22771,-0.018889,0.083648,0.26117,0.60963,0.65703,0.84545,0.5569,0.45915,0.53585,0.020581,0.21905,-0.66417,-0.60443,-0.45342,-0.52622,-0.081868,-0.48569,-0.41333,-0.011586,-0.12307,-0.18312,0.0056609,0.062515,0.013523,-0.3111,-0.097683,-0.10655,-0.11122,0.34387,0.083826,-0.20924,-0.17895,-0.61133,-0.41004,0.12629,0.69013,0.42478,0.42049,-0.45972,-0.64496,-0.68891,-0.56806,-0.068923,-0.0089006,-0.14798,-0.087371,-0.066986,-0.058577,-0.25229,-0.02916,-0.14483,0.012776,-0.093769,-0.30157,-0.44311,-0.06695,-0.51481,-1.0272,0.079603,-0.011719,0.43839,0.47338,0.08589,0.25648,-0.32894,-0.1493,-0.054722,-0.10326,0.32735,0.63838,0.42018,0.37522
-0.4248,-0.1545,-0.012007,0.03203,0.38099,-0.029608,-0.10759,-0.44053,0.41895,0.097066,0.22944,0.3324,0.35959,0.73532,0.43941,0.094462,0.30353,0.33599,-0.42636,0.30789,0.59828,0.86156,0.036182,0.31373,-0.0031996,-0.043902,0,0.52717,-0.028052,0.067388,-0.025766,-0.086002,0.24894,0.39997,0.071785,-0.28623,-0.10023,-0.27449,-0.29271,-0.045054,0.086549,0.21647,-0.21228,-0.059458,-0.14381,-0.1761,-0.13403,0.0015802,0.035986,0.44209,0.44008,-0.14299,-0.71377,-0.66828,-0.7703,-0.52557,-0.068772,-0.003438,-0.13539,-0.094752,-0.13726,0.34455,0.3993,0.0027994,-0.04981,-0.067725,-0.11222,0.61769,0.38813,0.081203,0.33238,0.0070223,-0.081091,-0.084195,-0.18861,-0.17033,0.17548,0.38566,0.49384,0.31084,0.39451,0.1763,0.0059466,0.13176,0.22614,0.027071,0.13521,-0.18725,-0.0058535,-0.1217,-0.25376,-0.0094341,0.053881,-0.35948,-0.032395,0.16046,0.28973,0.1503,0.22029,0.30318,-0.1391,-0.034034,0.20483,-0.20487,-0.46728
-0.55134,-0.013676,0.09548,0.034344,-0.035919,0.10258,-0.33557,0.10057,0.076955,0.32603,0.066976,0.86757,0.28491,0.59398,0.23572,0.46882,0.077114,0.070054,-0.020257,0.29451,0.052266,0.82628,0.27829,0.6296,-0.010348,0.19753,0.52717,0,0.0026111,0.05517,-0.21595,-0.25117,0.64177,0.45935,0.34088,0.34274,0.13832,0.11063,-0.071347,0.41703,-0.060708,0.87439,-0.51906,-0.033198,-0.45812,-0.54233,-0.20241,-0.1725,-0.62857,0.24162,0.32952,-0.46253,-0.88597,-0.69598,-0.68982,-0.4058,-0.41009,-0.22062,-0.12375,-0.1817,-0.029734,0.11457,0.22977,-0.26887,-0.29321,-0.22968,-0.22062,0.099532,0.46374,-0.066763,-0.13528,-0.45971,-0.4963,-0.20759,-0.19534,-0.0021195,0.32694,0.38442,0.3911,0.31028,0.31012,-0.024946,0.027822,0.033887,-0.013283,0.10993,0.16034,-0.28924,-0.33678,-0.27096,-0.40082,-0.033929,0.24963,-0.12028,0.19423,0.42878,0.41703,0.057223,-0.012573,-0.21084,-0.34916,-0.23323,-0.030117,-0.19208,-0.34481
0.49871,-0.2129,-0.49671,-0.31721,0.19404,-0.23656,0.50323,0.057395,-0.24686,0.9364,0.14495,-0.45765,-0.056891,-0.26241,-0.48282,-0.68617,-0.27313,-0.11742,-0.35463,-0.73542,0.22443,-0.022295,0.59523,0.092456,0.45111,0.74159,-0.028052,0.0026111,0,1.0106,0.83224,0.89725,0.018477,0.19192,0.087689,0.22049,0.23843,0.59413,0.62898,-0.11228,0.67317,0.060935,0.21073,0.17686,-0.54948,-0.56932,-0.7897,-0.99943,0.18839,-0.86298,-0.83299,0.086477,0.040693,-0.19514,0.19219,0.078024,0.017817,-0.51825,-0.47452,-0.47465,-0.72202,0.70845,0.38814,0.11023,0.15148,-0.95055,-1.0508,0.18623,0.49898,0.8404,0.69301,-0.41419,-0.71028,-0.73171,-0.92738,-0.52792,-0.54035,-0.3932,-0.36777,-0.32884,-0.12424,-0.59248,-0.30312,-0.40452,-0.23428,-0.40193,-0.36665,-0.84528,-0.44183,-0.7822,-0.86611,-0.074655,-0.51523,0.4622,0.061506,-0.21561,-0.13034,-0.39109,-0.23209,0.22541,-0.045974,0.26739,0.44002,0.095453,0.15025
0.17944,0.26093,-0.4985,-0.39308,-0.091387,0.15999,0.21095,0.2627,-0.57547,0.59064,-0.23042,-0.21923,-0.37406,-0.29424,-0.24422,-0.7678,-0.26221,-0.32729,-0.17631,-0.5688,0.35363,0.037802,0.48946,0.43687,-0.058776,0.55659,0.067388,0.05517,1.0106,0,0.42243,0.62509,-0.2496,-0.16009,-0.18825,0.088805,-0.023334,0.2985,0.14125,-0.11402,0.2796,0.22127,0.026737,0.33916,-0.34324,-0.32263,-0.52253,-0.73787,0.21018,-0.51471,-0.35486,-0.17291,-0.15984,-0.15507,-0.018097,-0.047914,-0.15994,-0.64923,-0.5746,-0.66973,-0.7099,0.44554,0.52214,-0.16742,-0.11889,-0.68393,-0.65106,0.02038,0.53822,0.49128,0.59065,-0.23135,-0.42207,-0.41846,-0.68944,-0.72562,-0.29559,-0.062236,-0.1853,-0.32557,-0.19749,-0.61016,-0.46823,-0.14834,-0.072989,-0.20135,-0.24036,-0.63188,-0.39513,-0.48699,-0.4908,-0.32789,-0.37208,0.19449,0.073572,-0.20662,-0.017929,-0.41389,-0.066126,0.15497,-0.19715,-0.030834,0.24625,-0.076486,0.11913
0.58787,-0.20759,-0.52473,-0.2769,0.43544,-0.18718,0.8641,0.0036544,-0.11751,0.42037,0.24377,-0.61445,0.16543,-0.13505,-0.61987,-0.49955,-0.42331,-0.060493,-0.52552,-0.56353,0.25754,-0.15307,0.12196,-0.31906,0.47316,0.50811,-0.025766,-0.21595,0.83224,0.42243,0,1.3868,0.10572,0.21385,0.20197,0.091873,0.18961,0.73713,0.46928,-0.38679,0.72049,-0.32652,0.73983,0.25004,0.021508,-0.01544,-0.16805,-0.37314,0.42137,-0.8409,-0.8557,0.17228,0.14677,-0.098692,0.084728,-0.069638,0.23907,-0.2254,-0.43133,-0.31492,-0.5668,0.52026,0.15586,0.31218,0.34359,-0.27728,-0.34997,0.33797,0.18611,0.9448,0.70501,0.17501,-0.088779,-0.45976,-0.29672,-0.26717,-0.49355,-0.46557,-0.39582,-0.43305,-0.22633,-0.55747,-0.45858,-0.47669,-0.35412,-0.43783,-0.33432,-0.31737,-0.15762,-0.44358,-0.55774,-0.080109,-0.62505,0.65835,0.19301,-0.19766,0.063324,-0.080754,0.019866,0.22391,0.084807,0.23928,0.42933,0.29788,0.11378
0.44963,-0.07336,-0.54316,-0.30111,0.26752,-0.018746,0.82885,0.17586,-0.34822,0.32567,0.044127,-0.67742,0.078397,-0.032716,-0.5208,-0.59885,-0.40401,-0.3318,-0.57681,-0.45725,0.40083,-0.1591,0.068737,-0.17637,0.14167,0.41896,-0.086002,-0.25117,0.89725,0.62509,1.3868,0,0.094136,0.18857,0.13615,0.10136,0.070053,0.73651,0.2293,-0.5529,0.53731,-0.37012,0.77504,0.3272,-0.014367,-0.018183,-0.14608,-0.35118,0.38707,-0.80627,-0.66744,0.029654,0.18686,-0.021832,0.14406,-0.075431,0.25342,-0.31098,-0.56462,-0.50224,-0.73256,0.56311,0.44093,0.40981,0.39912,-0.25809,-0.31784,0.24351,0.32186,1.2258,0.87736,0.20429,0.0020093,-0.47935,-0.38036,-0.48607,-0.51188,-0.36984,-0.35398,-0.64221,-0.34599,-0.62779,-0.50814,-0.48696,-0.38149,-0.49865,-0.19974,-0.26254,-0.20393,-0.47534,-0.46966,-0.1347,-0.60279,0.40795,-0.0073124,-0.12739,0.021076,-0.1169,-0.038587,0.26556,0.10768,0.19006,0.44962,-0.0063265,-0.027918
-0.085912,-0.41874,0.28209,0.3396,0.37052,-0.16397,0.0075611,-0.00010937,0.32771,0.35666,0.7007,0.39181,1.0455,0.77213,0.04162,0.47833,-0.10907,0.19982,-0.041516,0.24908,-0.11994,0.44893,-0.0045154,-0.057764,0.24523,0.22771,0.24894,0.64177,0.018477,-0.2496,0.10572,0.094136,0,1.1056,0.9849,0.49538,0.58842,0.59527,0.19422,0.19876,0.060839,0.24926,-0.038229,-0.21866,-0.3514,-0.43642,-0.041614,0.10715,-0.48439,0.18879,0.14114,-0.11091,-0.25019,-0.42139,-0.17817,-0.24871,-0.0095649,-0.0060393,0.044991,0.12437,0.16074,0.040973,0.0039333,0.061701,0.14516,0.030046,0.085743,0.37014,0.28659,0.2796,0.056672,-0.30073,-0.24297,-0.3404,-0.13907,0.34581,0.23099,0.12595,0.29191,0.19002,0.19404,0.14862,0.29221,-0.29527,-0.18747,-0.014897,0.020983,0.010267,-0.014618,-0.18868,-0.39679,0.24495,0.13122,0.18626,0.17017,0.62269,0.34123,0.42864,-0.081266,-0.27153,-0.30542,0.010217,0.14572,-0.065103,-0.32685
0.046028,-0.46728,-0.027878,0.068679,0.77734,-0.1916,0.34557,-0.20332,0.45449,0.2434,0.58535,0.077816,1.5263,0.72208,-0.033318,0.33955,-0.12803,0.16351,-0.35256,0.029052,0.28083,0.51951,0.015076,-0.10651,0.22139,-0.018889,0.39997,0.45935,0.19192,-0.16009,0.21385,0.18857,1.1056,0,0.77968,0.35458,0.18171,0.30629,0.11977,-0.12586,0.38809,0.08756,0.15264,-0.081932,-0.19851,-0.35609,-0.17234,0.024035,-0.17744,0.069969,-0.061873,0.13047,-0.18315,-0.40818,-0.16547,-0.15786,0.15894,0.077009,-0.069099,-0.04129,-0.073938,0.18999,0.1019,0.30619,0.47891,-0.025031,-0.12691,0.34834,0.058365,0.4287,0.16377,-0.24965,-0.28956,-0.28411,-0.25743,0.04558,-0.087633,-0.093167,0.069217,0.022248,0.099951,0.093541,0.16592,-0.42386,-0.38149,-0.18811,-0.093521,-0.083156,-0.098411,-0.21285,-0.327,0.23058,-0.0075768,0.16257,0.062395,0.23375,0.043694,0.47933,-0.018971,-0.031245,-0.14004,0.025235,0.060809,-0.3512,-0.54797
0.052156,-0.27773,-0.069562,0.067867,0.17014,-0.41644,0.26645,0.1335,0.31358,0.20894,0.85887,0.0083758,0.8394,0.42002,-0.36109,0.39158,-0.52446,-0.0798,-0.023257,0.077521,-0.15014,0.054778,0.084644,-0.21941,0.40219,0.083648,0.071785,0.34088,0.087689,-0.18825,0.20197,0.13615,0.9849,0.77968,0,0.95885,0.72669,0.73295,0.40724,6.5974e-05,0.095056,-0.063023,0.062695,-0.11451,-0.13328,-0.26458,0.065051,0.084566,-0.48452,0.18034,0.042643,-0.20053,-0.26707,-0.52372,-0.21598,-0.30009,-0.10235,-0.16987,-0.13034,-0.097276,-0.097754,-0.1695,-0.23478,-0.044317,-0.12978,-0.05135,-0.015916,0.35966,0.15952,0.15549,0.015569,-0.10685,-0.14563,-0.15795,0.037913,0.33057,-0.10915,0.013905,0.10051,0.34404,0.21662,-0.30952,-0.11584,-0.42895,-0.32752,-0.063303,-0.035135,-0.058641,-0.26058,0.085485,-0.10593,0.0061908,-0.17335,0.20778,-0.017827,0.60681,0.2435,0.71693,0.045657,-0.36843,-0.31663,-0.21807,-0.031525,0.058306,-0.29015
0.16043,0.14468,-0.33348,-0.28251,-0.14544,-0.054332,0.27152,0.68573,0.074633,0.28239,0.25856,-0.0030109,0.26367,-0.072911,-0.49771,0.26728,-0.51904,-0.38009,0.062658,-0.090425,-0.25601,-0.12659,0.26037,-0.049966,0.27459,0.26117,-0.28623,0.34274,0.22049,0.088805,0.091873,0.10136,0.49538,0.35458,0.95885,0,0.41938,0.62725,0.56122,0.16574,0.11681,0.18551,0.053282,0.20895,-0.20433,-0.30204,-0.0035278,-0.024747,-0.63159,-0.088072,-0.17514,-0.12727,-0.14814,-0.20434,-0.098311,0.020617,-0.045587,-0.27263,-0.052085,-0.29075,-0.13079,-0.15364,-0.2625,-0.14607,-0.21471,-0.16683,-0.14014,-0.095081,0.16247,0.12551,-0.035345,-0.23689,-0.32624,-0.12489,0.028018,0.06046,-0.32264,-0.28185,-0.34249,-0.022465,-0.22695,-0.57183,-0.2857,-0.64304,-0.68017,-0.3249,-0.26156,-0.13008,-0.28441,0.082074,-0.04472,-0.19071,-0.066096,0.20839,0.054774,0.26229,0.013952,0.34146,-0.19609,-0.53898,-0.40558,-0.2802,-0.18679,-0.14294,-0.22701
0.23773,-0.44499,0.34012,0.46285,-0.0098865,-0.61818,-0.11459,-0.011186,0.16169,0.67176,1.0468,0.11402,0.21545,0.035092,-0.20978,0.025307,-0.23276,0.32164,0.3685,-0.030118,-0.65347,-0.079247,0.30142,-0.16287,0.77554,0.60963,-0.10023,0.13832,0.23843,-0.023334,0.18961,0.070053,0.58842,0.18171,0.72669,0.41938,0,0.85269,0.77435,0.47287,-0.010086,0.10781,-0.24312,-0.42699,-0.57807,-0.57984,-0.25969,-0.262,-0.34978,0.02273,-0.066303,-0.1581,-0.078149,-0.33902,0.13456,-0.11087,-0.23219,-0.28763,0.024411,0.27328,0.17551,-0.082482,-0.2742,-0.33194,-0.40338,-0.37107,-0.15964,0.34011,0.43637,0.091222,0.054753,-0.42355,-0.38851,-0.45446,-0.24977,0.54473,0.14629,0.10957,0.26528,0.5435,0.46391,-0.087588,0.25021,-0.072971,0.21624,0.21359,-0.12564,-0.27801,-0.13211,-0.15043,-0.47494,0.17621,-0.1437,0.39123,0.15346,0.5598,0.29447,0.10679,-0.12601,-0.29091,-0.30161,0.18043,0.40171,0.76228,0.39197
0.35937,-0.18196,-0.048533,0.13818,0.04755,-0.27147,0.33873,0.33877,-0.21693,0.58381,0.50341,-0.11986,0.23479,0.033254,-0.56666,-0.22814,-0.56896,-0.15257,-0.00871,-0.32357,-0.26899,-0.16083,0.20273,-0.19801,0.45071,0.65703,-0.27449,0.11063,0.59413,0.2985,0.73713,0.73651,0.59527,0.30629,0.73295,0.62725,0.85269,0,0.63026,0.063657,0.21672,-0.0652,0.18484,-0.06463,-0.38782,-0.4224,-0.21983,-0.35737,-0.2158,-0.49935,-0.38375,-0.20317,0.020969,-0.20793,0.11271,-0.15947,-0.10949,-0.46604,-0.32923,-0.16557,-0.23808,0.085277,-0.089826,-0.10986,-0.060937,-0.36921,-0.22361,0.22821,0.35932,0.51937,0.2697,-0.23765,-0.2905,-0.70791,-0.36536,0.16319,-0.072082,-0.097764,-0.059261,-0.076844,2.9027e-05,-0.47955,-0.14358,-0.41307,-0.22512,-0.10507,-0.2175,-0.33702,-0.31786,-0.41867,-0.59564,0.022566,-0.33812,0.73822,0.28324,0.41195,0.32615,0.096941,-0.075202,-0.30832,-0.23211,0.12265,0.36205,0.36983,0.23218
0.71538,-0.25779,-0.10103,0.0025464,0.14869,-0.45336,0.33092,0.15831,0.308,0.83557,0.6288,-0.19798,0.056194,-0.45818,-0.52884,-0.22488,-0.1848,0.23381,0.059204,-0.41951,-0.44137,-0.26536,0.59312,-0.27628,1.3109,0.84545,-0.29271,-0.071347,0.62898,0.14125,0.46928,0.2293,0.19422,0.11977,0.40724,0.56122,0.77435,0.63026,0,0.42159,0.53046,0.12076,0.10358,0.020585,-0.49133,-0.48216,-0.3669,-0.34556,-0.15738,-0.44467,-0.66747,0.32881,0.16445,-0.065736,0.27944,0.28515,0.12361,-0.13556,0.12554,0.1256,0.015087,0.15527,-0.38094,-0.075884,-0.080534,-0.46702,-0.38768,0.14128,0.18907,0.25279,0.21014,-0.43399,-0.58524,-0.45185,-0.27648,0.20138,-0.31595,-0.52207,-0.38355,0.039277,-0.036489,-0.27285,0.032781,-0.41549,-0.18016,-0.23457,-0.51038,-0.37681,-0.06453,-0.18285,-0.47638,0.10331,-0.21203,0.55481,0.22603,-0.041987,-0.11618,-0.080817,-0.29615,-0.11871,-0.079393,0.33906,0.33728,0.54446,0.36524
0.025582,0.15925,0.62466,0.48967,-0.10157,0.13829,-0.45256,0.26217,0.29138,0.4252,0.20078,0.92593,-0.13706,-0.087679,0.28097,0.11585,0.38127,0.56165,0.65731,0.21862,-0.57074,0.17864,0.34373,0.25055,0.42484,0.5569,-0.045054,0.41703,-0.11228,-0.11402,-0.38679,-0.5529,0.19876,-0.12586,6.5974e-05,0.16574,0.47287,0.063657,0.42159,0,-0.024663,0.94351,-0.62341,-0.15228,-0.62726,-0.48261,-0.23251,-0.09825,-0.37789,0.18789,0.22589,-0.020938,-0.12777,0.033232,-0.03378,0.15184,-0.12703,0.0667,0.44525,0.46559,0.66191,-0.24543,-0.3779,-0.56878,-0.42257,-0.2197,0.020968,-0.15954,0.20247,-0.37903,-0.34527,-0.70518,-0.50269,-0.2786,-0.15475,0.49937,0.60263,0.27293,0.33375,0.40656,0.35254,0.35631,0.56582,0.32917,0.41443,0.41877,-0.027917,-0.090444,0.16535,-0.091312,-0.31144,0.18168,0.5199,0.035441,0.5017,0.20222,0.15036,-0.16218,-0.1401,-0.47809,-0.26437,0.040297,0.081484,0.35246,0.4288
0.59214,0.0099379,-0.47695,-0.374,0.7221,0.084216,1.0019,0.075477,0.2603,0.40986,0.16694,-0.31582,0.26313,-0.079594,-0.21385,-0.22506,0.03918,0.28387,-0.30028,-0.25014,0.52856,0.16623,0.34103,-0.042344,0.61859,0.45915,0.086549,-0.060708,0.67317,0.2796,0.72049,0.53731,0.060839,0.38809,0.095056,0.11681,-0.010086,0.21672,0.53046,-0.024663,0,0.10169,0.69676,0.6277,-0.05792,-0.055479,-0.2618,-0.21677,0.50012,-0.4074,-0.60087,0.50414,0.094464,-0.016009,0.024843,0.32009,0.63924,0.25847,-0.046263,-0.22108,-0.29098,0.45325,0.1606,0.47026,0.36087,-0.2565,-0.39092,-0.03761,0.045107,0.65776,0.56334,-0.029516,-0.31281,-0.40229,-0.31593,-0.41432,-0.50952,-0.45234,-0.33209,-0.26086,-0.10314,-0.30507,-0.27712,-0.36922,-0.35692,-0.25103,-0.1611,-0.082449,0.081401,-0.25527,-0.44466,0.18781,-0.13069,0.33897,0.2768,-0.35176,-0.18106,-0.024298,-0.029164,0.31924,0.27562,0.149,0.3424,-0.025365,0.044764
-0.21825,0.27209,0.22653,0.096494,-0.014854,0.43003,-0.35978,0.27936,0.10383,0.56809,-0.04136,0.93781,-0.01938,0.078172,0.22884,0.14556,0.20947,0.29894,0.34997,0.08761,-0.050203,0.63794,0.57609,0.84944,0.060773,0.53585,0.21647,0.87439,0.060935,0.22127,-0.32652,-0.37012,0.24926,0.08756,-0.063023,0.18551,0.10781,-0.0652,0.12076,0.94351,0.10169,0,-0.51879,0.19794,-0.47044,-0.48919,-0.24228,-0.20011,-0.3618,0.14053,0.17348,-0.1996,-0.52323,-0.2695,-0.35513,-0.046338,-0.24816,-0.099932,0.059241,-0.035561,0.18098,-0.045048,0.084289,-0.45286,-0.26424,-0.27458,-0.15895,-0.15072,0.37082,-0.1727,-0.20837,-0.6435,-0.62577,-0.12502,-0.26212,0.02172,0.40929,0.27234,0.26974,0.2139,0.14219,0.14244,0.20104,0.27093,0.17391,0.25568,0.0026517,-0.19513,-0.08898,-0.17442,-0.40652,-0.02465,0.45991,-0.11154,0.40264,0.10219,0.18603,-0.13384,0.0033938,-0.27404,-0.24267,-0.17408,-0.02434,-0.07147,-0.021547
0.45374,0.091514,-0.61037,-0.5029,0.42289,0.18544,1.1264,0.17759,0.0090186,-0.15823,-0.073105,-0.73999,0.20948,-0.077209,-0.29938,-0.08315,-0.16552,-0.18042,-0.44926,-0.095261,0.48835,-0.23249,-0.19628,-0.40731,0.084177,0.020581,-0.21228,-0.51906,0.21073,0.026737,0.73983,0.77504,-0.038229,0.15264,0.062695,0.053282,-0.24312,0.18484,0.10358,-0.62341,0.69676,-0.51879,0,0.71905,0.58581,0.60732,0.33813,0.27619,0.60483,-0.31827,-0.4827,0.47379,0.38059,0.27664,0.18214,0.28464,0.87103,0.38536,-0.046507,-0.23821,-0.28499,0.28825,0.17987,0.9415,0.57011,0.32625,0.13187,-0.061409,-0.19601,0.68662,0.56965,0.72881,0.41527,0.038895,0.22513,-0.40613,-0.67007,-0.61848,-0.56419,-0.63972,-0.54976,-0.35985,-0.51299,-0.6012,-0.67581,-0.48057,-0.053987,0.42375,0.27972,0.12984,0.10432,0.052738,-0.25028,0.20764,-0.045661,-0.31763,-0.18539,0.18147,-0.0076205,0.40083,0.42164,0.038946,0.15746,-0.15452,-0.15004
0.042733,0.74004,-0.67328,-0.70955,0.0453,0.71615,0.60784,0.64761,-0.076983,0.0051656,-0.39111,-0.17007,-0.11423,-0.13528,-0.22935,-0.099251,-0.089444,-0.27089,-0.18007,-0.042364,0.6416,0.11888,0.30288,0.36824,-0.13136,0.21905,-0.059458,-0.033198,0.17686,0.33916,0.25004,0.3272,-0.21866,-0.081932,-0.11451,0.20895,-0.42699,-0.06463,0.020585,-0.15228,0.6277,0.19794,0.71905,0,0.42726,0.40003,0.32691,0.19136,0.22942,-0.14601,-0.18215,0.053006,-0.18725,0.0013731,-0.31822,0.1187,0.38929,0.17727,-0.18953,-0.63892,-0.40049,0.085978,0.26425,0.29733,0.050122,0.14127,0.034542,-0.30357,0.028044,0.24163,0.29905,0.43656,0.162,0.19279,0.18896,-0.61986,-0.39953,-0.25748,-0.35828,-0.39217,-0.53254,-0.54237,-0.81597,-0.22669,-0.48196,-0.2271,0.0678,0.28605,0.038051,0.24163,0.1039,-0.16819,0.060417,-0.11901,0.073191,-0.2163,0.0056665,0.1449,0.21613,0.22878,0.38985,-0.26343,0.015194,-0.36874,-0.26574
