,,,,,,,,,,,,,,,,,,,,,,,,,,,,,,,,,,,,,,,,,,,,,,,,,,,,,,,,,,,,,,,,,,,,,,,,,,,,,,,,,,,,,,,,,,,,,,,,,,,,,,,,
0,-0.12347,0.037764,0.14252,0.79025,-0.20051,0.48094,-0.0025794,0.13171,0.20355,0.28047,-0.23151,0.12051,-0.1991,0.24435,-0.089644,0.17714,0.33602,0.032512,0.10857,-0.035103,-0.46683,-0.072897,-0.56315,0.67294,0.28769,-0.22352,-0.24207,0.39997,0.17072,0.37956,0.28199,0.039371,0.11053,0.023821,-0.082864,0.38433,0.31653,0.4216,0.2249,0.58722,-0.060179,0.22068,-0.12893,-0.29893,-0.056444,-0.33507,-0.29538,0.67595,-0.12103,-0.47197,0.58836,0.72281,0.58297,0.81289,0.54313,0.52907,0.24251,0.21392,0.41585,0.25531,0.33745,0.15496,0.31992,0.24115,-0.21462,-0.24523,-0.10344,0.17012,0.5498,0.44994,-0.15642,-0.17714,-0.52352,-0.27931,-0.022233,-0.22367,-0.27207,0.031466,-0.098637,0.53819,-0.023693,0.25385,-0.18917,0.16926,0.022264,-0.16586,-0.078191,0.22547,-0.24262,-0.30117,0.057977,-0.49136,0.22436,0.017257,-0.42347,-0.59394,-0.34643,-0.55049,0.14283,-0.20022,0.030411,0.33608,0.3896,0.5538
-0.12347,0,-0.38294,-0.26656,-0.1197,1.1162,0.38505,1.0243,-0.0041158,-0.31126,-0.3194,0.20191,-0.085334,0.19226,-0.17099,-0.04489,-0.36921,-0.55108,-0.049143,0.17851,0.36389,0.012999,0.024884,0.29509,-0.3295,-0.090645,0.17855,0.14917,-0.20129,0.28193,-0.057506,0.047576,-0.15889,-0.19523,0.20232,0.39609,-0.26184,0.014159,-0.2616,-0.0268,0.055733,0.14262,0.16074,0.74812,0.36978,0.34153,0.47056,0.32681,-0.046888,0.24252,0.42167,-0.36054,-0.49095,-0.11759,-0.69317,-0.34428,0.0069737,-0.11856,-0.26333,-0.38964,-0.13465,-0.38759,-0.085273,-0.25031,-0.38726,0.25298,0.31646,-0.20368,0.011899,-0.099919,0.010264,0.4163,0.3351,0.20116,0.28414,-0.13496,0.0087781,0.29986,0.066774,-0.11134,-0.25873,-0.5034,-0.58784,-0.044668,-0.21102,0.02868,-0.040124,0.19525,-0.10287,0.46034,0.33754,-0.56213,-0.020011,-0.2716,0.10068,0.10346,0.1968,0.54228,0.39386,-0.28661,-0.16774,-0.65973,-0.20099,-0.39526,-0.32426
0.037764,-0.38294,0,1.8341,-0.13389,-0.4899,-0.82317,-0.26784,0.25182,0.055514,0.72488,0.54321,0.033199,-0.04849,0.25615,-0.025139,0.19064,0.50817,0.5968,0.071343,-1.0428,-0.26565,-0.13107,-0.40455,0.1416,0.030215,-0.27822,-0.20068,-0.42193,-0.53791,-0.49242,-0.49629,0.24767,-0.23915,0.041384,-0.20285,0.61032,0.096508,0.17052,0.55639,-0.7155,-0.013188,-0.65949,-1.175,-0.30382,-0.24177,-0.025739,0.1602,-0.34906,0.26896,0.4286,0.041353,0.30953,0.27417,0.41385,0.0033047,-0.29574,0.033337,0.42275,0.99263,0.92608,-0.48502,-0.74495,-0.47806,-0.14851,0.13433,0.43557,0.28917,-0.18197,-0.52368,-0.52051,-0.36798,0.012387,-0.078283,0.0019241,1.3005,1.2207,0.51783,0.90182,0.49432,0.43469,1.0379,1.3042,0.47279,0.82978,0.65003,-0.19252,0.069303,0.28444,0.079382,0.024697,0.33085,0.32988,0.16351,0.19613,0.44624,0.16085,0.065944,-0.029494,-0.3993,-0.17557,0.35843,0.074835,0.65478,0.52382
0.14252,-0.26656,1.8341,0,-0.042737,-0.40985,-0.52118,-0.1505,0.21219,0.065184,0.74448,0.45296,0.016111,0.050143,0.090956,-0.24223,0.04847,0.33775,0.42317,-0.046479,-0.78096,-0.33823,-0.062421,-0.38283,0.14821,0.075644,-0.263,-0.25857,-0.27362,-0.37,-0.2955,-0.28139,0.18916,-0.25914,0.028105,-0.24891,0.59134,0.20966,0.1655,0.48327,-0.58362,-0.07511,-0.5522,-0.9977,-0.29178,-0.22939,-0.030236,0.05683,-0.24723,0.14894,0.34931,-0.055987,0.27621,0.2333,0.36883,-0.16803,-0.34666,-0.1209,0.18214,0.79238,0.683,-0.47077,-0.61725,-0.48166,-0.086951,0.058593,0.3657,0.47555,-0.085995,-0.39206,-0.43459,-0.32429,0.047028,-0.15968,-0.094951,1.2029,1.2501,0.5763,1.0565,0.3728,0.46955,0.77917,1.0496,0.5166,0.93095,0.63619,-0.23585,-0.052799,0.10552,0.013172,-0.050376,0.19214,0.13285,0.13639,0.16476,0.45973,0.19931,0.12089,0.08353,-0.39509,-0.12773,0.30579,0.15466,0.68661,0.51208
0.79025,-0.1197,-0.13389,-0.042737,0,0.097294,0.51405,-0.23117,0.27582,0.071456,0.12801,-0.18485,0.66667,0.26189,0.39509,-0.049337,0.14438,0.19402,-0.26355,-0.042506,0.45485,0.020609,-0.16907,-0.30222,0.17958,-0.058915,0.28692,-0.14253,0.31251,0.22141,0.18926,0.19154,0.05996,0.62575,-0.12026,-0.24261,-0.13064,-0.09379,-0.011669,-0.088342,0.52759,-0.018072,0.26659,-0.011066,-0.081872,0.04004,-0.34292,-0.17461,0.81429,0.11702,-0.18038,0.72343,0.4174,0.38419,0.44935,0.31858,0.51123,0.2492,0.076694,0.15434,0.061494,0.38275,0.37047,0.4165,0.77823,-0.10717,-0.23561,0.21246,0.03504,0.52436,0.42711,-0.14406,-0.1766,-0.23897,-0.3477,-0.24078,-0.23206,-0.28223,-0.072933,-0.30781,0.16983,0.21008,0.24471,-0.29723,-0.093973,-0.18385,-0.26372,-0.061946,0.18981,-0.22334,-0.17513,0.0097882,-0.25308,0.0073537,-0.039398,-0.56701,-0.6403,-0.037873,-0.28072,0.21243,-0.2651,-0.18985,-0.040811,-0.19306,-0.012475
-0.20051,1.1162,-0.4899,-0.40985,0.097294,0,0.34677,0.77418,-0.13991,-0.19013,-0.42961,0.15975,0.22444,0.53898,-0.014221,0.034491,-0.35857,-0.60214,-0.20657,0.14578,0.57647,0.31657,-0.17949,0.34836,-0.58921,-0.063844,0.32562,0.2635,-0.10085,0.4087,0.032233,0.24331,0.14181,0.21922,0.1709,0.3511,-0.38639,0.037077,-0.49809,-0.22809,0.015796,0.18905,0.2876,0.71569,0.32373,0.25285,0.32256,0.25413,0.025665,0.1834,0.3494,-0.28476,-0.41122,-0.086813,-0.57054,-0.32448,0.12748,-0.17711,-0.31234,-0.53569,-0.23074,-0.11278,0.27092,-0.057169,0.024605,0.22843,0.23271,-0.098418,0.18559,0.23631,0.21735,0.34334,0.23426,0.13661,0.096826,-0.37785,-0.085891,0.10974,-0.13432,-0.47475,-0.64878,-0.36156,-0.48092,-0.31036,-0.55162,-0.3013,-0.17754,0.17842,-0.032514,0.18982,0.14768,-0.48857,0.083859,-0.24237,0.10404,0.051749,0.18828,0.45144,0.24832,-0.2445,-0.35531,-0.62324,-0.21982,-0.87239,-0.63015
0.48094,0.38505,-0.82317,-0.52118,0.51405,0.34677,0,0.38303,-0.11773,-0.11846,-0.21696,-0.64422,0.17256,0.22112,-0.31174,-0.22598,-0.25563,-0.40802,-0.51148,-0.071579,0.85625,-0.13198,0.028835,-0.061763,0.096864,0.02649,-0.021047,-0.20726,0.46716,0.39564,0.81025,0.79687,-0.16284,0.23946,0.11136,0.091124,-0.26123,0.23689,0.022589,-0.44828,0.99588,-0.30437,1.0807,0.84462,0.28557,0.34468,0.058484,-0.098407,0.67287,-0.2714,-0.41041,0.13519,0.07238,0.060318,-0.04777,0.031662,0.5079,0.090815,-0.40009,-0.51081,-0.57093,0.30657,0.47346,0.5796,0.31173,-0.065312,-0.2321,-0.055959,0.092011,0.6669,0.59789,0.40858,0.14428,-0.18509,-0.085733,-0.59783,-0.69971,-0.37326,-0.41306,-0.49782,-0.15451,-0.7657,-0.73079,-0.46524,-0.48733,-0.30892,0.22322,0.047018,-0.17523,-0.068147,-0.059547,-0.14755,-0.50035,0.027375,-0.093764,-0.24044,-0.13745,0.16803,0.1016,0.3344,0.29233,-0.2807,0.15661,-0.23941,-0.12416
-0.0025794,1.0243,-0.26784,-0.1505,-0.23117,0.77418,0.38303,0,-0.02047,0.085255,-0.021584,0.33241,0.010616,0.26001,-0.38226,0.055844,-0.42585,-0.51473,-0.019385,0.22446,0.043477,0.017442,0.21481,0.25996,0.011762,0.40731,-0.12406,0.42373,0.020222,0.23453,0.17624,0.24262,0.35552,0.028542,0.6669,0.95378,0.19658,0.56398,0.18189,0.24048,0.13416,0.32295,0.20697,0.68562,0.029973,0.020734,0.33473,0.15591,-0.37338,-0.006881,0.12834,-0.44158,-0.47788,-0.24589,-0.5346,-0.31377,0.0052317,-0.26214,-0.24024,-0.34953,-0.088843,-0.21012,-0.050716,-0.19385,-0.44043,0.062864,0.17274,-0.11475,0.39039,0.14124,0.09351,0.17039,0.083589,-0.1078,0.1418,-0.010031,0.011264,0.049831,-0.068525,-0.17286,-0.32176,-0.67878,-0.47932,-0.35403,-0.41239,-0.15388,-0.1513,0.060646,-0.19608,0.18845,-0.043226,-0.38374,0.020103,-0.046804,0.21645,0.43586,0.4251,0.42737,0.13623,-0.41924,-0.2017,-0.39769,0.094885,-0.14756,-0.21768
0.13171,-0.0041158,0.25182,0.21219,0.27582,-0.13991,-0.11773,-0.02047,0,0.021599,0.59663,0.37646,0.32237,0.12834,0.38414,0.36544,0.48196,0.45626,0.078887,0.58923,-0.16303,0.044049,0.18225,-0.13054,0.46207,-0.017291,0.39245,0.096285,-0.32236,-0.49283,-0.68401,-0.73259,0.12032,0.12762,0.22002,0.15072,0.19905,-0.42155,0.3565,0.57853,0.031278,0.30075,-0.28644,-0.087828,-0.15658,-0.070638,0.08469,0.33148,-0.20912,0.88517,0.47133,0.37458,-0.081237,-0.025445,-0.066841,0.13795,0.21781,0.38124,0.5416,0.47871,0.55438,-0.13159,-0.29266,-0.037403,-0.14209,0.12051,0.15773,0.34019,0.087591,-0.32842,-0.11842,-0.16431,-0.084248,0.21289,0.20097,0.35973,0.092809,-0.069893,0.20559,0.46604,0.3397,0.41355,0.42674,0.032798,0.20104,-0.028908,-0.16087,0.12958,0.32816,0.42949,0.20439,-0.019413,0.2991,-0.57973,-0.24162,-0.02697,-0.33416,0.28481,-0.16826,-0.07353,-0.16397,-0.1027,-0.10052,-0.0024377,-0.21026
0.20355,-0.31126,0.055514,0.065184,0.071456,-0.19013,-0.11846,0.085255,0.021599,0,0.53207,0.33371,0.0070628,-0.25063,-0.14867,-0.24099,0.055466,0.43694,0.17024,-0.42165,-0.18515,0.63708,0.83189,0.52754,0.66672,1.5115,0.09951,0.65037,0.89689,0.53354,0.23511,0.14852,0.54473,0.51765,0.29619,0.4163,0.70684,0.55016,0.89514,0.65812,0.39137,0.88043,-0.37975,-0.095252,-1.3179,-1.7549,-1.1287,-1.0066,-0.3343,-0.44477,-0.4733,-0.10097,-0.30636,-0.55538,-0.0093672,0.046168,-0.19709,-0.54653,-0.1204,-0.14219,-0.12295,0.3549,0.14777,-0.31792,-0.24327,-1.2882,-0.9775,0.10691,0.85912,0.342,0.20082,-1.3032,-1.6331,-0.85275,-1.0831,-0.092812,-0.0066817,-0.15512,-0.048903,0.12951,0.17007,-0.1322,0.22681,-0.18683,-0.047374,-0.093121,-0.7002,-0.94186,-0.35669,-0.81686,-1.5083,0.25229,0.19671,0.40151,0.47999,0.24811,0.2469,-0.36217,-0.23302,-0.1949,-0.28867,0.36075,0.52271,0.20815,0.26899
0.28047,-0.3194,0.72488,0.74448,0.12801,-0.42961,-0.21696,-0.021584,0.59663,0.53207,0,0.42097,0.35404,-0.055167,-0.04839,0.0021647,0.07093,0.7683,0.64602,0.014708,-0.56493,0.083229,0.35485,-0.069643,0.79014,0.49398,-0.1686,0.036109,0.020529,-0.31382,-0.21166,-0.31735,0.52992,0.23983,0.59786,0.25253,1.1761,0.33324,0.82876,0.86707,0.040363,0.3225,-0.39165,-0.4143,-0.52199,-0.54843,-0.28862,-0.13929,-0.31985,0.25015,0.17922,0.020845,0.0049013,-0.1666,0.16621,0.026693,-0.12055,-0.046202,0.22826,0.41216,0.43899,-0.34441,-0.5275,-0.41102,-0.31883,-0.33735,-0.065482,0.33092,0.21188,-0.2215,-0.29199,-0.65765,-0.44471,-0.2909,-0.28229,0.74091,0.46899,0.24785,0.61196,0.7534,0.63405,0.35648,0.6731,0.20986,0.3935,0.4817,-0.17481,-0.14699,0.027654,-0.058754,-0.33183,0.41233,0.41951,0.17232,0.31144,0.59561,0.24003,0.26219,0.069658,-0.47133,-0.1415,0.17921,0.20663,0.60408,0.42973
-0.23151,0.20191,0.54321,0.45296,-0.18485,0.15975,-0.64422,0.33241,0.37646,0.33371,0.42097,0,0.21002,0.09274,0.13563,0.23559,-0.0092293,0.20633,0.43434,0.091623,-0.60037,0.29331,0.21954,0.21516,0.12057,0.32436,0.16441,0.78463,-0.2672,-0.11462,-0.56114,-0.62382,0.58337,0.15605,0.44584,0.56373,0.41797,0.14861,0.28222,1.0272,-0.42867,0.89473,-0.89954,-0.29791,-0.44887,-0.48735,-0.080761,0.079109,-0.92719,0.35206,0.56162,-0.19848,-0.44432,-0.24235,-0.31967,-0.20444,-0.43987,-0.23813,0.26203,0.28669,0.54935,-0.42943,-0.63674,-0.90252,-0.49128,-0.053067,0.19566,0.1605,0.12717,-0.49571,-0.50432,-0.62417,-0.37089,-0.084404,-0.034497,0.65072,0.86748,0.44008,0.43533,0.37932,0.10768,0.36144,0.47857,0.083698,0.13745,0.23353,-0.60241,-0.16747,0.018864,0.0522,-0.12717,-0.079922,0.58394,0.062662,0.5287,0.45835,0.33149,0.23145,-0.016359,-0.93109,-0.78863,-0.1625,-0.24607,0.11495,0.0078183
0.12051,-0.085334,0.033199,0.016111,0.66667,0.22444,0.17256,0.010616,0.32237,0.0070628,0.35404,0.21002,0,0.64654,0.11683,0.47507,-0.20438,0.071984,0.090477,0.12497,0.11369,0.20835,-0.23239,-0.15776,0.024512,-0.10643,0.052368,0.18472,-0.13426,-0.23425,-0.078958,-0.090374,0.69472,1.0335,0.56945,0.28917,0.070766,0.076373,-0.00892,0.038946,0.089344,0.15523,0.16602,0.017979,0.12094,0.092945,0.057851,0.20065,0.059855,0.44078,0.25164,0.23668,0.057031,0.057524,0.061839,0.032227,0.18132,0.20231,0.11643,0.037713,0.14404,-0.12791,-0.032324,0.11944,0.42071,0.14625,0.14347,0.24965,-0.080732,0.097927,-0.11952,-0.12425,-0.094716,0.090466,0.030221,0.15412,0.083984,-0.028988,0.042431,-0.016547,-0.032568,0.23889,0.18601,-0.31529,-0.38883,-0.051393,0.030332,0.24712,0.14566,0.037755,0.033857,0.069115,0.25887,0.043401,0.14383,0.097324,-0.051424,0.53981,0.027675,-0.33528,-0.38997,-0.51271,-0.50656,-0.2261,-0.27295
-0.1991,0.19226,-0.04849,0.050143,0.26189,0.53898,0.22112,0.26001,0.12834,-0.25063,-0.055167,0.09274,0.64654,0,0.031187,0.019516,-0.15254,-0.49332,-0.50499,0.22033,0.35856,0.13001,-0.38808,-0.09607,-0.42072,-0.19411,0.33851,0.077969,-0.1533,-0.050286,0.063752,0.2749,0.43109,0.47045,0.21866,0.070919,-0.27395,0.069169,-0.41034,-0.30165,-0.1971,-0.16094,0.26175,0.11659,0.20541,0.21594,0.33661,0.34557,-0.050895,0.19174,0.4172,-0.12983,-0.059462,0.039184,-0.23842,-0.45342,0.12274,-0.082551,-0.19664,-0.19285,-0.12656,0.0277,0.26953,0.19458,0.5619,0.32062,0.35985,0.69934,0.1754,0.24871,0.17195,0.25493,0.3343,0.09883,0.084353,-0.019593,0.14596,0.083829,0.058875,-0.51509,-0.46581,0.097033,-0.037786,-0.25915,-0.30682,-0.46398,0.055509,0.17503,0.043801,0.014042,0.11045,-0.27687,0.047825,-0.34269,-0.19055,0.18716,0.1359,0.45447,0.1546,-0.15289,-0.19558,-0.2882,-0.20821,-0.62749,-0.76184
0.24435,-0.17099,0.25615,0.090956,0.39509,-0.014221,-0.31174,-0.38226,0.38414,-0.14867,-0.04839,0.13563,0.11683,0.031187,0,0.29122,1.0778,0.5135,0.027898,0.59656,-0.081994,-0.0037532,-0.52738,-0.47119,-0.020853,-0.20993,0.35824,-0.14324,-0.27163,-0.16357,-0.4772,-0.354,0.019002,0.096796,-0.33459,-0.2774,-0.12013,-0.47633,-0.147,0.12714,-0.11618,-0.0094398,-0.12613,-0.33905,-0.19374,0.032883,-0.12542,0.34636,0.24037,0.47879,0.30317,0.9368,0.57898,0.77253,0.49718,0.78601,0.66917,0.73351,1.0631,0.71179,0.73188,0.27881,0.034398,0.27063,0.28706,0.31058,0.26477,-0.17698,-0.14143,0.057066,0.33134,-0.07056,0.043249,-0.043942,0.055437,-0.032634,0.0051113,-0.15218,-0.022119,-0.088648,0.0074577,0.80369,0.64034,-0.20106,0.10196,-0.16894,-0.20548,0.35506,1.2737,0.10862,0.19025,0.24953,0.27079,-0.14671,-0.095405,-0.45944,-0.67376,-0.32355,-0.73894,0.23372,-0.37745,0.21822,0.020368,-0.27879,0.02901
-0.089644,-0.04489,-0.025139,-0.24223,-0.049337,0.034491,-0.22598,0.055844,0.36544,-0.24099,0.0021647,0.23559,0.47507,0.019516,0.29122,0,0.072806,0.077034,0.27162,0.7659,-0.33824,-0.11675,-0.26659,-0.24427,0.04034,-0.25225,-0.21691,0.27469,-0.63886,-0.71637,-0.51459,-0.60375,0.36529,0.17665,0.41933,0.4602,0.051008,-0.24206,0.02493,0.18221,-0.19474,0.20894,0.037564,0.06827,0.29167,0.33802,0.47839,0.62149,-0.25506,0.69383,0.23453,0.29878,0.070692,0.16873,0.071839,0.38398,0.2314,0.6025,0.6561,0.31741,0.50723,-0.16158,-0.22049,0.19875,-0.057826,0.56442,0.41468,-0.36453,-0.24208,-0.24928,-0.30715,0.17428,0.14304,0.56765,0.80037,0.20716,-0.1373,-0.30296,-0.27765,0.20129,-0.085015,0.14247,0.054818,-0.30137,-0.39348,-0.12615,0.21941,0.66346,0.44551,0.56036,0.49662,-0.04258,0.25859,-0.19323,-0.16758,-0.10217,-0.30393,0.19983,-0.37979,-0.1493,-0.26597,-0.43448,-0.58776,-0.075284,-0.27166
0.17714,-0.36921,0.19064,0.04847,0.14438,-0.35857,-0.25563,-0.42585,0.48196,0.055466,0.07093,-0.0092293,-0.20438,-0.15254,1.0778,0.072806,0,0.68054,-0.10709,0.49164,-0.1176,0.056754,-0.15357,-0.35201,0.30733,0.047209,0.37856,-0.15476,-0.017088,-0.16862,-0.27109,-0.24906,-0.087272,-0.012797,-0.34449,-0.25566,-0.002249,-0.38397,0.21323,0.20473,0.10252,-0.060307,-0.10812,-0.27363,-0.43763,-0.19915,-0.30438,0.14595,0.083497,0.16681,0.066025,0.83284,0.43741,0.42268,0.36065,0.78918,0.66486,0.65113,0.96913,0.55228,0.45839,0.50266,0.033845,0.33289,0.095825,0.032157,-0.011844,-0.090664,0.020125,0.067163,0.47323,-0.16355,-0.12039,-0.24264,-0.083012,-0.10427,-0.15453,-0.33496,-0.16786,0.013232,0.061082,0.54398,0.48669,-0.21079,0.14173,-0.27714,-0.11793,0.12263,0.89954,-0.050817,-0.025009,0.48645,0.30318,-0.11018,-0.1244,-0.30971,-0.46378,-0.53037,-0.7298,0.46852,0.012977,0.70338,0.40325,-0.10245,0.13269
0.33602,-0.55108,0.50817,0.33775,0.19402,-0.60214,-0.40802,-0.51473,0.45626,0.43694,0.7683,0.20633,0.071984,-0.49332,0.5135,0.077034,0.68054,0,0.67058,0.097107,-0.45071,0.16922,0.085233,-0.18511,0.76803,0.31004,0.053544,-0.071946,0.054285,-0.21954,-0.28285,-0.45182,0.1617,0.14471,0.089415,-0.053873,0.6267,-0.054657,0.61776,0.65784,0.15274,0.24502,-0.43581,-0.55614,-0.62969,-0.53971,-0.62485,-0.19676,0.010763,0.20695,0.057951,0.46592,0.30562,0.14999,0.40511,0.62972,0.20177,0.32679,0.70982,0.57469,0.52428,0.003582,-0.39113,-0.20266,-0.24195,-0.37323,-0.2225,-0.14138,-0.013358,-0.17119,-0.042116,-0.70652,-0.57509,-0.35989,-0.33954,0.29448,0.15328,0.073541,0.29283,0.70238,0.68603,0.56978,0.75978,0.17556,0.40103,0.37889,-0.1277,-0.080938,0.47027,-0.188,-0.29241,0.73887,0.52556,0.28802,0.35451,0.031947,-0.13867,-0.27844,-0.29203,-0.11501,-0.19527,0.43902,0.20701,0.4304,0.65863
0.032512,-0.049143,0.5968,0.42317,-0.26355,-0.20657,-0.51148,-0.019385,0.078887,0.17024,0.64602,0.43434,0.090477,-0.50499,0.027898,0.27162,-0.10709,0.67058,0,0.047553,-0.75018,-0.012903,0.040233,-0.015472,0.29038,0.15783,-0.46176,-0.0037752,-0.34663,-0.34218,-0.41781,-0.56526,0.25641,-0.12094,0.476,0.28506,0.78867,0.18681,0.33384,0.62591,-0.23176,0.28827,-0.45102,-0.3455,-0.1246,-0.19846,-0.041202,0.071937,-0.28447,0.35237,0.3338,-0.12125,0.012215,-9.2561e-05,0.11846,0.18823,-0.23175,0.084271,0.35091,0.36188,0.53388,-0.8021,-0.90437,-0.68602,-0.73521,-0.054011,0.19961,-0.42039,-0.23785,-0.57538,-0.64923,-0.35036,-0.20274,0.017434,0.071156,0.68811,0.49852,0.54512,0.59368,1.059,0.53197,0.25864,0.38414,0.40851,0.34038,1.0642,0.06977,0.19508,0.18645,0.21105,0.046658,0.38193,0.56095,0.38391,0.55418,0.48882,0.29818,0.22908,0.17294,-0.69203,-0.25351,-0.058165,-0.15359,0.59515,0.65037
0.10857,0.17851,0.071343,-0.046479,-0.042506,0.14578,-0.071579,0.22446,0.58923,-0.42165,0.014708,0.091623,0.12497,0.22033,0.59656,0.7659,0.49164,0.097107,0.047553,0,-0.21972,-0.33284,-0.48459,-0.52164,0.079044,-0.20408,0.0049982,-0.084441,-0.66916,-0.62899,-0.45341,-0.34553,0.18024,-0.12478,0.22776,0.22292,0.061631,-0.24376,-0.017833,0.16242,-0.18369,-0.092573,0.15366,0.066423,0.18615,0.4067,0.60426,0.90691,-0.091009,0.74854,0.45959,0.35405,0.30453,0.49964,0.11612,0.38511,0.66418,0.75913,0.82476,0.48533,0.642,-0.040712,-0.10914,0.33255,-0.058269,0.70575,0.67905,-0.1811,-0.0060621,-0.062208,0.13396,0.43232,0.47205,0.33583,0.75655,0.16287,-0.12755,-0.20333,-0.077557,0.039285,-0.073423,0.19063,0.12604,-0.24406,-0.10561,-0.28333,0.23874,0.81706,0.9128,0.64403,0.55744,-0.088096,0.17969,-0.52771,-0.40256,-0.095107,-0.38134,0.10856,-0.47356,0.017172,-0.18019,-0.13646,-0.084628,-0.18187,-0.26554
-0.035103,0.36389,-1.0428,-0.78096,0.45485,0.57647,0.85625,0.043477,-0.16303,-0.18515,-0.56493,-0.60037,0.11369,0.35856,-0.081994,-0.33824,-0.1176,-0.45071,-0.75018,-0.21972,0,0.34815,-0.019099,0.32398,-0.38658,-0.24479,0.58759,-0.12255,0.37699,0.61842,0.39333,0.55639,-0.3783,0.30456,-0.29189,-0.20037,-0.87882,-0.26608,-0.47171,-0.82362,0.56589,-0.21022,0.62708,0.77741,0.34544,0.2789,-0.037442,-0.10525,0.6354,-0.14324,-0.14228,0.034224,-0.18887,-0.13933,-0.32864,-0.1473,0.31568,-0.050624,-0.53543,-0.84674,-0.88414,0.38932,0.80481,0.44337,0.46449,-0.08073,-0.29676,0.074303,0.081979,0.51115,0.60251,0.36981,0.118,0.049587,-0.19649,-1.1244,-0.68725,-0.22365,-0.42415,-0.59588,-0.42265,-0.46009,-0.71229,-0.26551,-0.46659,-0.47512,0.10783,-0.07006,-0.20244,-0.097549,0.02454,-0.24124,-0.26904,-0.26156,-0.22731,-0.41119,-0.15872,0.11228,0.26693,0.47181,0.2208,-0.2583,-0.033732,-0.9376,-0.57189
-0.46683,0.012999,-0.26565,-0.33823,0.020609,0.31657,-0.13198,0.017442,0.044049,0.63708,0.083229,0.29331,0.20835,0.13001,-0.0037532,-0.11675,0.056754,0.16922,-0.012903,-0.33284,0.34815,0,0.45648,1.0194,-0.055751,0.39836,0.67176,0.61935,0.37608,0.48453,-0.065196,-0.0055881,0.32771,0.71993,0.1539,0.32147,-0.051945,-0.034022,0.10023,0.11257,0.21333,0.68104,-0.21403,0.26486,-0.40061,-0.67642,-0.55371,-0.34613,-0.32317,-0.056612,0.077979,-0.18593,-0.73771,-0.77757,-0.57517,-0.14085,-0.13022,-0.3587,-0.1909,-0.59637,-0.38545,0.17909,0.22798,-0.27172,-0.12143,-0.56149,-0.5167,0.087767,0.41088,0.11344,0.15055,-0.55426,-0.72776,-0.22325,-0.6048,-0.41674,-0.091382,-0.0098431,-0.18673,0.01136,-0.34001,-0.064522,-0.08668,-0.21381,-0.40221,-0.2391,-0.38772,-0.4254,-0.21582,-0.36885,-0.49339,0.19818,0.66134,0.059341,0.3864,0.24036,0.38541,0.067652,0.18199,-0.13102,-0.1978,0.078854,0.050342,-0.58116,-0.3502
-0.072897,0.024884,-0.13107,-0.062421,-0.16907,-0.17949,0.028835,0.21481,0.18225,0.83189,0.35485,0.21954,-0.23239,-0.38808,-0.52738,-0.26659,-0.15357,0.085233,0.040233,-0.48459,-0.019099,0.45648,0,0.87832,0.45081,0.66764,0.11025,0.48757,0.55247,0.38129,0.015899,-0.079215,0.0044768,0.091569,0.17176,0.37444,0.31711,0.14957,0.69262,0.46565,0.37845,0.70079,-0.32439,0.25502,-0.4875,-0.71035,-0.45237,-0.59494,-0.44267,-0.23955,-0.32881,-0.27944,-0.80154,-1.0851,-0.3895,-0.22048,-0.44412,-0.53709,-0.35281,-0.32596,-0.28936,0.044846,-0.0013195,-0.36847,-0.53389,-0.76077,-0.72964,0.13042,0.47716,-0.076262,-0.080315,-0.57184,-0.74268,-0.22238,-0.45604,-0.072149,-0.089948,-0.1231,-0.072945,0.32278,0.13992,-0.37886,-0.13175,0.021911,0.018396,0.055407,-0.46033,-0.75868,-0.74688,-0.17231,-0.51231,-0.0071641,0.039769,0.025998,0.14359,0.24468,0.25574,0.013963,0.15764,-0.0098957,0.16967,0.13935,0.334,0.18519,0.041229
-0.56315,0.29509,-0.40455,-0.38283,-0.30222,0.34836,-0.061763,0.25996,-0.13054,0.52754,-0.069643,0.21516,-0.15776,-0.09607,-0.47119,-0.24427,-0.35201,-0.18511,-0.015472,-0.52164,0.32398,1.0194,0.87832,0,-0.14379,0.35997,0.41864,0.63224,0.368,0.6287,-0.043169,0.009026,0.0093595,0.19309,0.094787,0.357,-0.076567,-0.012143,0.048461,0.074716,0.12891,0.71285,-0.28382,0.45516,-0.18567,-0.49819,-0.28401,-0.4457,-0.42673,-0.16589,-0.04013,-0.65905,-1.4409,-1.4422,-0.90541,-0.50796,-0.5473,-0.78697,-0.6352,-0.89353,-0.63238,-0.033858,0.2089,-0.48771,-0.43494,-0.57722,-0.54986,0.045045,0.46005,-0.046762,-0.067596,-0.32873,-0.51286,0.0058756,-0.39577,-0.37738,-0.10996,0.10759,-0.10789,0.1072,-0.2463,-0.47012,-0.4162,0.067348,-0.22044,-0.080406,-0.34339,-0.60154,-0.77301,-0.16199,-0.34466,-0.20947,0.21343,-0.1068,0.17615,0.24958,0.46191,0.13434,0.44742,-0.15325,-0.026026,-0.12217,0.016547,-0.3599,-0.37204
0.67294,-0.3295,0.1416,0.14821,0.17958,-0.58921,0.096864,0.011762,0.46207,0.66672,0.79014,0.12057,0.024512,-0.42072,-0.020853,0.04034,0.30733,0.76803,0.29038,0.079044,-0.38658,-0.055751,0.45081,-0.14379,0,0.75133,-0.12725,0.18826,0.42442,-0.059669,0.17807,-0.079405,0.27317,0.17886,0.43553,0.34396,0.89261,0.38169,1.6397,0.82346,0.57893,0.34743,-0.17897,-0.17194,-0.73335,-0.57386,-0.53875,-0.43964,-0.069505,-0.11763,-0.36254,0.25852,0.12965,-0.07527,0.23593,0.38327,0.16899,0.086131,0.31305,0.28617,0.19987,0.18923,-0.22206,-0.067867,-0.32889,-0.62058,-0.50726,-0.013208,0.34062,0.10588,0.099128,-0.62333,-0.69137,-0.57426,-0.33487,0.20762,-0.10694,-0.19625,0.060102,0.47483,0.76479,-0.076248,0.2506,-0.063373,0.17833,0.097192,-0.11023,-0.33876,0.025929,-0.31534,-0.55425,0.30396,0.035777,0.27186,0.24538,0.044026,-0.1107,-0.29267,-0.37028,-0.12593,-0.11538,0.2335,0.35702,0.66876,0.56768
0.28769,-0.090645,0.030215,0.075644,-0.058915,-0.063844,0.02649,0.40731,-0.017291,1.5115,0.49398,0.32436,-0.10643,-0.19411,-0.20993,-0.25225,0.047209,0.31004,0.15783,-0.20408,-0.24479,0.39836,0.66764,0.35997,0.75133,0,-0.046337,0.57781,0.80114,0.48931,0.38774,0.30397,0.61651,0.34951,0.46571,0.61258,0.86908,0.8924,1.0477,0.70861,0.42505,0.68928,-0.19883,0.033445,-1.176,-1.218,-0.75152,-0.74072,-0.37479,-0.51223,-0.43567,-0.17276,-0.24429,-0.40859,-0.051167,0.043577,-0.055137,-0.48108,-0.087397,-0.14065,-0.083771,0.30931,0.080775,-0.27588,-0.37676,-0.96839,-0.67761,0.012145,0.97076,0.42377,0.31058,-0.83317,-0.98836,-1.0433,-0.80585,-0.052586,-0.0095728,-0.14762,-0.062052,0.045085,0.1013,-0.30778,0.093895,-0.29331,-0.10864,-0.13743,-0.563,-0.68846,-0.25397,-0.69883,-1.3218,0.217,0.16911,0.43469,0.53762,0.38955,0.37438,-0.31167,-0.25555,-0.26579,-0.25994,0.36657,0.71599,0.2648,0.33035
-0.22352,0.17855,-0.27822,-0.263,0.28692,0.32562,-0.021047,-0.12406,0.39245,0.09951,-0.1686,0.16441,0.052368,0.33851,0.35824,-0.21691,0.37856,0.053544,-0.46176,0.0049982,0.58759,0.67176,0.11025,0.41864,-0.12725,-0.046337,0,0.30876,0.16171,0.37876,-0.21277,-0.10721,-0.14047,0.2913,-0.28427,-0.12847,-0.46807,-0.52982,-0.20821,-0.01862,0.10733,0.31548,-0.2769,0.10172,-0.22414,-0.24122,-0.29421,-0.12718,0.033342,0.1871,0.29302,0.039507,-0.38462,-0.26294,-0.48486,-0.19438,0.053589,-0.14634,-0.07072,-0.26242,-0.23976,0.31405,0.34165,-0.081996,0.14351,-0.24385,-0.27493,0.41241,0.30887,0.070506,0.3076,-0.20198,-0.24163,-0.013357,-0.31203,-0.41703,-0.1066,0.067897,-0.0062708,-0.12781,-0.090451,0.11988,-0.0088086,0.032521,0.0013518,-0.43243,-0.31724,-0.36251,-0.010064,-0.16375,-0.11155,-0.2738,0.14756,-0.52852,-0.13264,-0.31842,-0.19371,-0.089298,0.026416,0.085324,-0.30634,-0.080919,-0.11155,-0.77181,-0.60128
-0.24207,0.14917,-0.20068,-0.25857,-0.14253,0.2635,-0.20726,0.42373,0.096285,0.65037,0.036109,0.78463,0.18472,0.077969,-0.14324,0.27469,-0.15476,-0.071946,-0.0037752,-0.084441,-0.12255,0.61935,0.48757,0.63224,0.18826,0.57781,0.30876,0,0.25462,0.30312,-0.055508,-0.14547,0.61127,0.50319,0.47836,0.90395,0.18312,0.24807,0.35657,0.54949,0.047342,1.314,-0.45079,0.14549,-0.49689,-0.61809,-0.28986,-0.32329,-0.72751,-0.076609,-0.046116,-0.29443,-0.75389,-0.65466,-0.54632,-0.21435,-0.35615,-0.47368,-0.085775,-0.29359,-0.10887,0.1292,0.024664,-0.41148,-0.30823,-0.4205,-0.38052,0.058214,0.52502,0.0239,-0.10261,-0.61373,-0.73347,-0.18227,-0.22324,-0.061581,0.050903,-0.060811,-0.19206,0.023967,-0.12857,-0.25084,-0.09902,-0.27976,-0.3835,-0.32301,-0.51302,-0.51237,-0.35805,-0.30294,-0.46222,-0.28759,0.23086,0.049896,0.34544,0.13886,0.21906,-0.072973,-0.16894,-0.49892,-0.67949,-0.27517,-0.21037,-0.17454,-0.3097
0.39997,-0.20129,-0.42193,-0.27362,0.31251,-0.10085,0.46716,0.020222,-0.32236,0.89689,0.020529,-0.2672,-0.13426,-0.1533,-0.27163,-0.63886,-0.017088,0.054285,-0.34663,-0.66916,0.37699,0.37608,0.55247,0.368,0.42442,0.80114,0.16171,0.25462,0,1.0742,0.93377,0.79887,0.072752,0.43406,-0.053376,0.061124,0.13757,0.50137,0.46073,0.00047361,0.9001,0.23526,0.13533,0.18295,-0.67298,-0.69619,-1.067,-1.3325,0.24276,-1.0294,-1.0158,0.00013174,-0.088048,-0.32616,0.055141,0.048311,0.042463,-0.47883,-0.45997,-0.48366,-0.66916,0.8125,0.62197,0.12796,0.15343,-1.2197,-1.4705,0.08297,0.64597,0.85656,0.67361,-0.52668,-0.82051,-0.99426,-1.234,-0.63709,-0.43537,-0.34429,-0.33397,-0.3382,0.038226,-0.49896,-0.20931,-0.31208,-0.18897,-0.32486,-0.3483,-0.96807,-0.48888,-1.1628,-1.2705,0.11817,-0.30912,0.41956,0.24665,-0.14536,0.036695,-0.55343,-0.1713,0.24951,0.034013,0.32475,0.61165,0.0098669,0.20617
0.17072,0.28193,-0.53791,-0.37,0.22141,0.4087,0.39564,0.23453,-0.49283,0.53354,-0.31382,-0.11462,-0.23425,-0.050286,-0.16357,-0.71637,-0.16862,-0.21954,-0.34218,-0.62899,0.61842,0.48453,0.38129,0.6287,-0.059669,0.48931,0.37876,0.30312,1.0742,0,0.58908,0.6994,-0.087377,0.25734,-0.20395,0.042888,-0.15409,0.29407,0.0027261,-0.1268,0.53524,0.3146,0.059725,0.3592,-0.39024,-0.45063,-0.66913,-0.83842,0.25171,-0.68364,-0.4844,-0.19455,-0.29644,-0.30513,-0.1977,-0.14223,-0.054168,-0.63014,-0.623,-0.67809,-0.68896,0.50524,0.66175,-0.075129,0.06262,-0.74685,-0.80173,-0.042474,0.55355,0.6768,0.6193,-0.2998,-0.49381,-0.62514,-0.92013,-0.80581,-0.2979,-0.057711,-0.21259,-0.47923,-0.18336,-0.53985,-0.35706,-0.20354,-0.19635,-0.27103,-0.49246,-0.75926,-0.47153,-0.69911,-0.7146,-0.18715,-0.27933,0.21516,0.26154,-0.19168,0.076364,-0.35414,0.015133,0.1209,-0.17066,0.039516,0.36488,-0.33972,-0.015427
0.37956,-0.057506,-0.49242,-0.2955,0.18926,0.032233,0.81025,0.17624,-0.68401,0.23511,-0.21166,-0.56114,-0.078958,0.063752,-0.4772,-0.51459,-0.27109,-0.28285,-0.41781,-0.45341,0.39333,-0.065196,0.015899,-0.043169,0.17807,0.38774,-0.21277,-0.055508,0.93377,0.58908,0,1.5783,0.047486,0.22544,0.047623,0.018678,-0.0016003,0.7635,0.16168,-0.37126,0.67221,-0.2852,0.62974,0.27534,-0.11684,-0.090782,-0.33299,-0.60758,0.43012,-1.2287,-0.889,-0.10512,0.17631,0.0034666,0.099985,-0.041839,0.16836,-0.28598,-0.5471,-0.53519,-0.75795,0.5418,0.49422,0.34799,0.31542,-0.46242,-0.54303,-0.016368,0.26526,0.90268,0.57747,0.032796,-0.15711,-0.69525,-0.4879,-0.50917,-0.41423,-0.26659,-0.36606,-0.59535,-0.11692,-0.70177,-0.50465,-0.34907,-0.34097,-0.29362,0.13454,-0.35296,-0.36229,-0.8019,-0.61509,0.060046,-0.49197,0.54657,0.21598,-0.059294,0.17907,-0.32444,-0.0071537,0.18421,0.20474,0.14497,0.39937,0.075678,0.21984
0.28199,0.047576,-0.49629,-0.28139,0.19154,0.24331,0.79687,0.24262,-0.73259,0.14852,-0.31735,-0.62382,-0.090374,0.2749,-0.354,-0.60375,-0.24906,-0.45182,-0.56526,-0.34553,0.55639,-0.0055881,-0.079215,0.009026,-0.079405,0.30397,-0.10721,-0.14547,0.79887,0.6994,1.5783,0,0.048988,0.21267,-0.059724,-0.069226,-0.11889,0.64192,-0.068477,-0.55469,0.4961,-0.36011,0.7422,0.34996,-0.044178,-0.020726,-0.21193,-0.43804,0.4529,-0.99484,-0.66602,-0.14637,0.17159,0.047619,0.087127,-0.11881,0.24368,-0.31951,-0.62241,-0.59086,-0.76452,0.57803,0.76448,0.43649,0.4468,-0.30453,-0.37487,0.059761,0.38447,1.1677,0.80538,0.17924,0.011883,-0.58678,-0.47201,-0.64831,-0.41907,-0.26191,-0.35673,-0.90003,-0.35708,-0.62532,-0.48803,-0.40281,-0.37443,-0.44067,0.069322,-0.25009,-0.28299,-0.65616,-0.50508,-0.015651,-0.47855,0.31563,0.049752,-0.032068,0.17319,-0.248,0.0073996,0.28308,0.21702,0.17472,0.51473,-0.17842,0.01568
0.039371,-0.15889,0.24767,0.18916,0.05996,0.14181,-0.16284,0.35552,0.12032,0.54473,0.52992,0.58337,0.69472,0.43109,0.019002,0.36529,-0.087272,0.1617,0.25641,0.18024,-0.3783,0.32771,0.0044768,0.0093595,0.27317,0.61651,-0.14047,0.61127,0.072752,-0.087377,0.047486,0.048988,0,0.80772,0.95924,0.7873,0.66958,0.69343,0.42805,0.50007,-0.05264,0.50594,-0.096327,-0.11595,-0.45956,-0.47458,-0.156,-0.035774,-0.52807,0.04315,0.085409,-0.075688,-0.073673,-0.12461,0.012154,0.0082744,0.026599,-0.13439,0.17902,0.064578,0.23736,0.007627,-0.081665,-0.14503,-0.01023,-0.15015,0.014261,0.15389,0.45167,0.23102,-0.0048088,-0.48252,-0.4141,-0.36647,-0.19915,0.27044,0.25606,-0.041651,0.025549,-0.01541,-0.13624,0.09927,0.29936,-0.45283,-0.37655,-0.17868,-0.24707,-0.029776,0.096946,-0.28944,-0.45771,0.19685,0.47746,0.29529,0.43271,0.56925,0.36522,0.14935,-0.23952,-0.61311,-0.57733,-0.036928,0.027606,0.010743,-0.046143
0.11053,-0.19523,-0.23915,-0.25914,0.62575,0.21922,0.23946,0.028542,0.12762,0.51765,0.23983,0.15605,1.0335,0.47045,0.096796,0.17665,-0.012797,0.14471,-0.12094,-0.12478,0.30456,0.71993,0.091569,0.19309,0.17886,0.34951,0.2913,0.50319,0.43406,0.25734,0.22544,0.21267,0.80772,0,0.45851,0.41085,0.085201,0.25381,0.22917,0.073786,0.4555,0.41964,0.1602,0.17073,-0.32743,-0.38431,-0.46707,-0.25252,0.0069288,-0.029748,-0.12757,0.22775,-0.11565,-0.20903,-0.036861,0.12997,0.23926,-0.030854,-0.0074171,-0.274,-0.18224,0.36537,0.32036,0.17031,0.39008,-0.3479,-0.39676,0.17917,0.31766,0.49742,0.29812,-0.47337,-0.60962,-0.36883,-0.48812,-0.28877,-0.19274,-0.29123,-0.29281,-0.23283,-0.21049,-0.00036892,0.050793,-0.65461,-0.66736,-0.39019,-0.23325,-0.18054,-0.0079618,-0.47122,-0.51167,0.22877,0.31074,0.24287,0.3282,0.057109,0.042971,0.098731,-0.16329,-0.13065,-0.37554,-0.13347,-0.077854,-0.40505,-0.25367
0.023821,0.20232,0.041384,0.028105,-0.12026,0.1709,0.11136,0.6669,0.22002,0.29619,0.59786,0.44584,0.56945,0.21866,-0.33459,0.41933,-0.34449,0.089415,0.476,0.22776,-0.29189,0.1539,0.17176,0.094787,0.43553,0.46571,-0.28427,0.47836,-0.053376,-0.20395,0.047623,-0.059724,0.95924,0.45851,0,1.3102,0.70109,0.66488,0.57917,0.52228,0.14792,0.42252,0.025676,0.21698,-0.12801,-0.18814,0.11669,0.10103,-0.50953,0.19026,0.2011,-0.27933,-0.29733,-0.30909,-0.29684,-0.095355,-0.028537,-0.055714,0.060666,-0.12954,0.083991,-0.38023,-0.39134,-0.28507,-0.45041,-0.10245,0.084037,-0.046564,0.21866,-0.065302,-0.23727,-0.21424,-0.24107,-0.12876,0.08398,0.3491,0.14492,0.14809,0.13095,0.35693,0.09551,-0.2784,-0.10886,-0.22686,-0.34335,0.12764,0.14962,0.12669,-0.058938,0.060873,-0.15322,0.087976,0.42736,0.22239,0.44838,0.73088,0.50233,0.52952,0.14155,-0.80784,-0.30812,-0.36862,-0.15627,0.16133,0.014779
-0.082864,0.39609,-0.20285,-0.24891,-0.24261,0.3511,0.091124,0.95378,0.15072,0.4163,0.25253,0.56373,0.28917,0.070919,-0.2774,0.4602,-0.25566,-0.053873,0.28506,0.22292,-0.20037,0.32147,0.37444,0.357,0.34396,0.61258,-0.12847,0.90395,0.061124,0.042888,0.018678,-0.069226,0.7873,0.41085,1.3102,0,0.46914,0.54441,0.57696,0.57091,0.22244,0.75382,-0.017548,0.46923,-0.22271,-0.2851,0.04898,0.036366,-0.67695,0.088342,0.072816,-0.26793,-0.55721,-0.45804,-0.48682,-0.035338,-0.028646,-0.12289,0.05822,-0.26828,0.012591,-0.16256,-0.21868,-0.27077,-0.59471,-0.1526,-0.053833,-0.24428,0.35717,0.0033911,-0.089671,-0.24195,-0.36841,-0.15041,0.063239,0.074206,-0.033613,-0.061474,-0.17317,0.17508,-0.14163,-0.4811,-0.28471,-0.45591,-0.58212,-0.10845,-0.099835,0.004171,-0.11723,0.04882,-0.21049,-0.045566,0.39648,0.16486,0.44629,0.50797,0.42214,0.31706,-0.036779,-0.59331,-0.36469,-0.34665,-0.082402,-0.036604,-0.12644
0.38433,-0.26184,0.61032,0.59134,-0.13064,-0.38639,-0.26123,0.19658,0.19905,0.70684,1.1761,0.41797,0.070766,-0.27395,-0.12013,0.051008,-0.002249,0.6267,0.78867,0.061631,-0.87882,-0.051945,0.31711,-0.076567,0.89261,0.86908,-0.46807,0.18312,0.13757,-0.15409,-0.0016003,-0.11889,0.66958,0.085201,0.70109,0.46914,0,0.74402,1.0321,1.0219,0.026673,0.40752,-0.36848,-0.38757,-0.69027,-0.65808,-0.31278,-0.27647,-0.40928,-0.03341,-0.070642,-0.11732,0.072974,-0.095376,0.25327,0.12183,-0.13003,-0.16326,0.22606,0.37663,0.42387,-0.22087,-0.44083,-0.43444,-0.51924,-0.42183,-0.12718,0.0019677,0.39316,-0.040399,-0.18295,-0.6541,-0.50171,-0.49448,-0.28103,0.62557,0.36845,0.17152,0.43509,0.5807,0.56106,0.084659,0.49398,0.1025,0.29985,0.3942,-0.19421,-0.19583,0.0086482,-0.2081,-0.51516,0.33416,0.26759,0.39076,0.42808,0.59997,0.30347,-0.040548,-0.1571,-0.5616,-0.26817,0.23848,0.36947,0.82863,0.66375
0.31653,0.014159,0.096508,0.20966,-0.09379,0.037077,0.23689,0.56398,-0.42155,0.55016,0.33324,0.14861,0.076373,0.069169,-0.47633,-0.24206,-0.38397,-0.054657,0.18681,-0.24376,-0.26608,-0.034022,0.14957,-0.012143,0.38169,0.8924,-0.52982,0.24807,0.50137,0.29407,0.7635,0.64192,0.69343,0.25381,0.66488,0.54441,0.74402,0,0.55073,0.287,0.23547,0.14043,0.13573,0.011873,-0.43451,-0.42631,-0.26453,-0.4174,-0.19322,-0.64705,-0.36694,-0.3316,0.023364,-0.095398,0.071918,-0.11103,-0.089186,-0.42261,-0.25674,-0.16929,-0.13761,0.032447,-0.05527,-0.18167,-0.16211,-0.42846,-0.21222,-0.016102,0.4177,0.42434,0.13717,-0.32085,-0.32883,-0.84138,-0.4238,0.13797,0.171,0.076311,0.071612,-0.1311,0.026323,-0.39939,-0.066919,-0.26344,-0.17288,0.061837,-0.1019,-0.27708,-0.2621,-0.57594,-0.72879,0.17203,-0.025247,0.77002,0.63518,0.58923,0.60516,-0.047062,-0.013458,-0.45184,-0.16736,0.1239,0.40634,0.40729,0.45153
0.4216,-0.2616,0.17052,0.1655,-0.011669,-0.49809,0.022589,0.18189,0.3565,0.89514,0.82876,0.28222,-0.00892,-0.41034,-0.147,0.02493,0.21323,0.61776,0.33384,-0.017833,-0.47171,0.10023,0.69262,0.048461,1.6397,1.0477,-0.20821,0.35657,0.46073,0.0027261,0.16168,-0.068477,0.42805,0.22917,0.57917,0.57696,1.0321,0.55073,0,0.96212,0.51544,0.5031,-0.20608,-0.067348,-0.85766,-0.76836,-0.54648,-0.42764,-0.34257,-0.19775,-0.35034,0.12705,-0.073338,-0.26941,0.098209,0.30334,0.044651,-0.029901,0.25206,0.17559,0.17294,0.12991,-0.28352,-0.17529,-0.49028,-0.65024,-0.49318,-0.05224,0.39577,0.059774,0.048893,-0.7419,-0.81995,-0.65406,-0.38225,0.22915,-0.020021,-0.2042,-0.007924,0.44751,0.46681,-0.13726,0.20527,-0.19157,0.03714,0.10365,-0.22713,-0.37224,-0.069886,-0.31506,-0.65574,0.41074,0.20471,0.40318,0.41164,0.30504,0.14274,-0.18416,-0.2984,-0.184,-0.055065,0.32758,0.46898,0.62016,0.53862
0.2249,-0.0268,0.55639,0.48327,-0.088342,-0.22809,-0.44828,0.24048,0.57853,0.65812,0.86707,1.0272,0.038946,-0.30165,0.12714,0.18221,0.20473,0.65784,0.62591,0.16242,-0.82362,0.11257,0.46565,0.074716,0.82346,0.70861,-0.01862,0.54949,0.00047361,-0.1268,-0.37126,-0.55469,0.50007,0.073786,0.52228,0.57091,1.0219,0.287,0.96212,0,-0.036266,0.89967,-0.806,-0.34901,-0.82362,-0.74236,-0.33521,-0.16982,-0.63555,0.22912,0.17135,0.005894,-0.19525,-0.18234,-0.016409,0.11711,-0.20176,-0.10788,0.42696,0.48261,0.64016,-0.23251,-0.61324,-0.67429,-0.70077,-0.35474,-0.10232,0.028866,0.32029,-0.31143,-0.29112,-0.87107,-0.64902,-0.33988,-0.19063,0.63738,0.47945,0.19828,0.40517,0.67643,0.55185,0.232,0.57829,0.099702,0.3213,0.30421,-0.5394,-0.28854,0.067149,-0.054151,-0.36187,0.11278,0.40155,0.14636,0.45531,0.34171,0.12033,-0.035415,-0.25548,-0.63743,-0.5667,0.072359,0.11704,0.52903,0.3922
0.58722,0.055733,-0.7155,-0.58362,0.52759,0.015796,0.99588,0.13416,0.031278,0.39137,0.040363,-0.42867,0.089344,-0.1971,-0.11618,-0.19474,0.10252,0.15274,-0.23176,-0.18369,0.56589,0.21333,0.37845,0.12891,0.57893,0.42505,0.10733,0.047342,0.9001,0.53524,0.67221,0.4961,-0.05264,0.4555,0.14792,0.22244,0.026673,0.23547,0.51544,-0.036266,0,0.09157,0.53676,0.60804,-0.22887,-0.18118,-0.51486,-0.46464,0.48641,-0.3633,-0.65425,0.35479,0.012048,-0.11542,0.031593,0.40031,0.54038,0.1266,-0.11059,-0.39654,-0.45498,0.55758,0.38454,0.40668,0.067618,-0.55307,-0.77429,-0.24255,0.24298,0.64255,0.69044,-0.14583,-0.46203,-0.54228,-0.46931,-0.6864,-0.84142,-0.53349,-0.52056,-0.1683,0.071855,-0.6002,-0.42664,-0.53448,-0.43809,-0.25698,-0.0058163,-0.24168,-0.1019,-0.36165,-0.45814,0.22207,-0.17201,0.27688,0.18038,-0.27003,-0.18082,-0.16776,-0.15766,0.35663,0.17737,0.036996,0.36407,-0.088267,0.15353
-0.060179,0.14262,-0.013188,-0.07511,-0.018072,0.18905,-0.30437,0.32295,0.30075,0.88043,0.3225,0.89473,0.15523,-0.16094,-0.0094398,0.20894,-0.060307,0.24502,0.28827,-0.092573,-0.21022,0.68104,0.70079,0.71285,0.34743,0.68928,0.31548,1.314,0.23526,0.3146,-0.2852,-0.36011,0.50594,0.41964,0.42252,0.75382,0.40752,0.14043,0.5031,0.89967,0.09157,0,-0.67291,0.055127,-0.65531,-0.82328,-0.44594,-0.3868,-0.61495,0.12205,0.028024,-0.18231,-0.71053,-0.63558,-0.3799,-0.083167,-0.33545,-0.42519,0.021064,-0.097795,0.10211,-0.012744,-0.084769,-0.60759,-0.49567,-0.54725,-0.43217,-0.0045782,0.56795,-0.073228,-0.1505,-0.88019,-0.96367,-0.19899,-0.35437,0.046634,0.12378,0.024792,0.024064,0.30195,0.11075,-0.08361,0.14255,-0.10099,-0.11896,-0.050715,-0.78762,-0.54254,-0.2725,-0.18691,-0.49203,-0.17076,0.33848,0.011084,0.38676,0.14632,0.12375,-0.025779,-0.15107,-0.52049,-0.72974,-0.20994,-0.079475,-0.041083,-0.10599
0.22068,0.16074,-0.65949,-0.5522,0.26659,0.2876,1.0807,0.20697,-0.28644,-0.37975,-0.39165,-0.89954,0.16602,0.26175,-0.12613,0.037564,-0.10812,-0.43581,-0.45102,0.15366,0.62708,-0.21403,-0.32439,-0.28382,-0.17897,-0.19883,-0.2769,-0.45079,0.13533,0.059725,0.62974,0.7422,-0.096327,0.1602,0.025676,-0.017548,-0.36848,0.13573,-0.20608,-0.806,0.53676,-0.67291,0,0.74728,0.5556,0.63902,0.32,0.2558,0.60257,-0.1989,-0.33155,0.26864,0.32471,0.30479,0.14909,0.24983,0.77463,0.41374,-0.13051,-0.35179,-0.37353,0.31181,0.47835,1.0613,0.47886,0.32452,0.095583,-0.27367,-0.13614,0.62745,0.59252,0.79303,0.46922,0.013163,0.20143,-0.58421,-0.76328,-0.58263,-0.68417,-0.66938,-0.53582,-0.48336,-0.6371,-0.68067,-0.74003,-0.40089,0.48343,0.50815,0.16177,0.10452,0.18984,0.12663,-0.26883,0.072347,-0.20591,-0.15327,-0.098691,0.16282,-0.019595,0.55636,0.54209,-0.058363,0.18141,-0.33711,-0.17016
-0.12893,0.74812,-1.175,-0.9977,-0.011066,0.71569,0.84462,0.68562,-0.087828,-0.095252,-0.4143,-0.29791,0.017979,0.11659,-0.33905,0.06827,-0.27363,-0.55614,-0.3455,0.066423,0.77741,0.26486,0.25502,0.45516,-0.17194,0.033445,0.10172,0.14549,0.18295,0.3592,0.27534,0.34996,-0.11595,0.17073,0.21698,0.46923,-0.38757,0.011873,-0.067348,-0.34901,0.60804,0.055127,0.74728,0,0.39014,0.29475,0.26402,0.14071,0.091577,-0.038654,-0.127,-0.1129,-0.48625,-0.34382,-0.57338,-0.052947,0.31345,0.040269,-0.33812,-0.86466,-0.58132,0.11434,0.37116,0.31794,-0.11606,0.066275,-0.10933,-0.34002,0.13102,0.29811,0.37004,0.47085,0.12792,0.13925,0.15043,-0.74137,-0.75875,-0.39138,-0.68263,-0.33694,-0.61107,-0.99038,-1.2004,-0.57077,-0.92207,-0.39962,0.14014,0.17584,-0.19652,0.25465,0.13144,-0.19568,-0.044958,-0.16992,-0.067431,-0.014512,0.11332,0.37227,0.21599,0.2424,0.29891,-0.36058,0.039123,-0.61807,-0.50099
