,,,,,,,,,,,,,,,,,,,,,,,,,,,,,,,,,,,,,,,,,,,,,,,,,,,,,,,,,,,,,,,,,,,,,,,,,,,,,,,,,,,,,,,,,,,,,,,,,,,,,,,,
0,0.087828,0.057494,0.28775,0.38394,-0.049458,0.79169,0.57927,-0.3978,0.96862,0.68782,0.098099,-0.10679,-0.16775,-0.46832,-0.67335,-0.29286,0.22186,0.11077,-0.53205,-0.12272,-0.11052,0.46858,-0.030382,1.0276,1.3753,-0.24108,0.20572,0.87416,0.69593,1.2432,1.0134,0.39035,0.21949,0.68169,0.47366,0.98158,1.3604,0.9228,0.80573,0.6364,0.34566,0.033498,-0.070628,-1.0521,-0.98272,-0.71762,-0.90379,0.23657,-1.0322,-0.58121,-0.18194,0.21875,-0.01626,0.38925,-0.007283,-0.011558,-0.69713,-0.38644,-0.090233,-0.15775,0.25597,0.058047,-0.32602,-0.22798,-0.89845,-0.53045,0.055059,0.56998,0.68527,0.46899,-0.83891,-0.71318,-1.3781,-0.82802,0.022168,0.088472,0.068458,0.19321,-0.15498,0.50542,-0.47931,0.055243,-0.14,0.14221,0.11837,-0.42754,-0.79186,-0.44182,-1.0566,-1.1985,0.049638,-0.41148,0.65174,0.63772,0.25291,0.4668,-0.61419,-0.2071,-0.37278,-0.28791,0.15977,0.58898,0.59153,0.70335
0.087828,0,-0.037016,0.067265,0.11809,0.89511,0.082514,0.64113,0.18021,-0.28588,-0.3254,0.54695,-0.078339,0.13756,0.09864,-0.049974,-0.33556,-0.44935,0.022398,0.16387,0.10315,-0.15846,-0.14047,0.10367,-0.27231,-0.15129,0.26474,0.24011,-0.23536,0.20158,-0.26068,-0.22789,-0.19288,-0.27957,-0.038279,0.16683,-0.20633,-0.099936,-0.32562,0.31414,-0.19783,0.37127,-0.56184,0.15655,0.1797,0.2537,0.25861,0.13598,0.028736,0.3722,0.42689,-0.35012,-0.47618,0.15223,-0.66989,-0.52562,-0.41519,-0.27373,-0.16507,0.027582,0.18061,-0.42694,-0.19154,-0.76373,-0.37307,0.17124,0.24873,0.0034275,-0.012093,-0.22373,-0.22305,0.15282,0.21541,0.14962,0.16274,0.14842,0.35418,0.47016,0.36997,-0.025848,0.13576,-0.082853,-0.10564,0.25994,0.23592,0.14738,-0.35344,-0.042046,-0.095927,0.30387,0.23387,-0.70573,-0.21601,-0.27788,0.09707,-0.22033,-0.16346,0.44393,0.25171,-0.58389,-0.60787,-0.75324,-0.36054,-0.14797,-0.15149
0.057494,-0.037016,0,1.8429,-0.26529,-0.13078,-0.69947,0.11041,0.16146,-0.30258,0.81762,0.50191,0.14456,0.30977,0.47943,-0.0065567,0.28666,0.40607,0.56711,0.53221,-0.89841,-0.49995,-0.8457,-1.2573,-0.049232,-0.057443,-0.3745,-0.49158,-0.55488,-0.60298,-0.30549,-0.2209,0.41715,-0.27917,0.43454,-0.07537,0.56996,0.30345,0.017164,0.4868,-0.66995,-0.51368,-0.27919,-1.2107,-0.078269,0.10736,0.30767,0.60679,-0.41828,0.34941,0.68886,0.08783,1.2398,1.7048,0.65442,0.11521,0.20605,0.40034,0.74381,1.4754,1.188,-0.65863,-0.81049,-0.37685,-0.17919,0.51497,0.9357,0.10872,-0.296,-0.36888,-0.29673,0.054573,0.48624,-0.14534,0.2098,1.3583,1.4337,0.58317,0.77838,0.2834,0.11675,0.91162,1.2979,0.16272,0.53348,0.53155,0.1161,0.63593,1.0664,0.25633,0.23247,0.40631,0.61477,0.24612,0.32524,1.1688,0.85257,0.58251,0.029165,-0.5387,-0.11531,0.33757,0.13727,0.40444,0.45188
0.28775,0.067265,1.8429,0,-0.15592,-0.080826,-0.38848,0.27573,0.18475,-0.13996,1.0452,0.46371,0.032473,0.37688,0.32432,-0.2507,0.2349,0.34911,0.42089,0.43873,-0.73679,-0.5187,-0.60566,-1.0555,0.11189,0.13939,-0.28713,-0.45363,-0.32495,-0.35716,-0.099808,0.012665,0.42389,-0.27878,0.48011,-0.055249,0.7346,0.47117,0.1351,0.62078,-0.48623,-0.43699,-0.29902,-1.0972,-0.26469,-0.064553,0.18288,0.36739,-0.31487,0.1752,0.55575,-0.061814,1.0603,1.2188,0.56896,-0.064336,0.1812,0.13103,0.4506,1.0926,0.86924,-0.51128,-0.61879,-0.45165,-0.19958,0.28258,0.68025,0.28714,-0.046996,-0.17091,-0.098421,-0.039694,0.37273,-0.33137,0.029697,1.1501,1.3314,0.63296,0.94357,0.1897,0.2436,0.63901,1.1382,0.20156,0.69196,0.4479,0.0057418,0.33777,0.70134,0.075068,0.03416,0.2711,0.36103,0.20236,0.30822,1.1619,0.89781,0.41481,0.042574,-0.58786,-0.17283,0.35153,0.30312,0.45072,0.4781
0.38394,0.11809,-0.26529,-0.15592,0,0.5206,0.39094,-0.01449,0.045693,0.7629,0.081931,0.24056,0.64517,0.28819,0.3609,-0.46297,0.069036,0.20177,-0.2851,-0.66843,0.71791,1.0892,0.36112,0.65597,0.026872,0.40817,0.73093,0.49454,0.69302,1.1825,0.22762,0.36323,0.24867,1.1839,-0.17873,0.023237,-0.12898,0.06656,0.033362,0.1426,0.51874,0.90617,-0.24584,0.16054,-0.71811,-0.91921,-1.0267,-0.64076,0.48355,-0.18882,-0.13784,0.28608,-0.3823,-0.32103,-0.10417,-0.0035683,0.18737,-0.48764,-0.32304,-0.41567,-0.29828,0.54298,0.53194,-0.14002,0.63619,-0.68313,-0.61557,0.28971,0.45403,0.63983,0.69062,-1.0919,-0.96683,-0.56594,-1.1048,-0.58933,-0.083629,-0.035412,-0.040416,-0.5471,-0.087442,0.045987,0.19592,-0.30742,-0.2229,-0.26395,-0.99783,-0.77498,-0.21885,-0.80756,-0.73407,-0.030828,0.055751,0.12903,0.36991,-0.33877,-0.25608,-0.26047,-0.1416,-0.02391,-0.57361,-0.076323,0.11078,-0.56525,-0.13101
-0.049458,0.89511,-0.13078,-0.080826,0.5206,0,-0.044533,0.43798,0.071859,-0.015982,-0.35065,0.51248,0.54115,0.50579,0.35346,0.088804,-0.38272,-0.51381,-0.1026,0.087555,0.34346,0.3584,-0.1902,0.42468,-0.68333,-0.081702,0.42207,0.42856,-0.12892,0.38732,-0.3401,-0.074787,0.20787,0.29345,-0.1045,0.14704,-0.29855,-0.15394,-0.61588,0.031957,-0.24945,0.72192,-0.33907,0.23649,0.10805,0.048904,0.099879,0.065145,0.062729,0.456,0.3505,-0.20849,-0.5602,-0.0033075,-0.41333,-0.47095,-0.18766,-0.42254,-0.26546,-0.15198,0.10887,-0.11374,0.29187,-0.35879,0.3086,0.13492,0.13492,0.1373,0.26936,0.17331,0.049018,-0.0079157,0.029541,0.17306,-0.058342,-0.16163,0.17976,0.16302,0.11593,-0.52809,-0.36829,0.091225,0.097039,-0.067051,-0.17787,-0.20509,-0.77648,-0.066926,-0.06405,0.12477,0.042591,-0.62166,-0.024344,-0.36437,-0.0065164,-0.2524,-0.27614,0.4791,0.03416,-0.40347,-0.86228,-0.70943,-0.31265,-0.69742,-0.53561
0.79169,0.082514,-0.69947,-0.38848,0.39094,-0.044533,0,0.32376,-0.17927,0.92548,0.093916,-0.38572,-0.41855,-0.28373,-0.71752,-0.71487,-0.15039,-0.055547,-0.43233,-0.70418,0.50712,0.23723,1.5053,0.60295,0.80499,0.89868,0.14517,0.26882,1.4059,1.0375,1.1739,1.0283,-0.11749,0.23886,0.031738,0.24593,0.19672,0.41925,0.69248,0.14065,1.3612,0.38847,0.37465,0.69816,-0.65124,-0.78095,-0.7604,-1.1958,0.4396,-1.1312,-0.97736,-0.14047,-0.44418,-0.85535,-0.18058,-0.091049,0.097218,-0.7281,-0.82178,-0.81554,-0.88558,0.76003,0.57517,0.1493,-0.0886,-1.2375,-1.2167,0.10032,0.74452,0.83764,0.85686,-0.47657,-0.80872,-0.6884,-0.80339,-0.70787,-0.67289,-0.37181,-0.31073,-0.31637,0.21551,-1.101,-0.608,-0.22313,-0.14388,-0.31209,-0.34537,-1.2531,-1.025,-0.84601,-0.98346,-0.1192,-0.69301,0.14978,0.084246,-0.25959,-0.05844,-0.87211,-0.10811,0.30092,0.12729,0.14648,0.599,0.098869,0.14127
0.57927,0.64113,0.11041,0.27573,-0.01449,0.43798,0.32376,0,0.028071,0.22966,0.14112,0.54469,-0.055598,0.23328,-0.25121,0.013934,-0.34468,-0.59541,-0.1201,0.30744,-0.36535,-0.42098,0.11571,-0.21219,0.27079,0.58438,-0.26749,0.45959,0.088389,0.14692,0.29132,0.33646,0.52739,-0.061164,0.75428,0.95547,0.49183,0.70019,0.35004,0.84826,-0.022584,0.41996,0.023286,0.14234,-0.31118,-0.16155,0.15627,-0.036376,-0.48246,-0.20711,-0.12082,-0.27291,-0.060726,0.19142,0.00437,-0.28409,-0.039554,-0.40794,-0.099829,0.21654,0.30124,0.01402,-0.032574,-0.18639,-0.22564,0.027316,0.12679,0.10821,0.4847,0.32441,0.14469,-0.047151,0.0093106,-0.32628,0.019218,0.28376,0.24901,-0.087257,0.027655,-0.50926,-0.089382,-0.32516,0.034405,-0.33439,-0.10707,-0.21733,-0.57907,-0.159,-0.16564,-0.072726,-0.26688,-0.42032,-0.39333,0.042016,0.14724,0.25529,0.22722,0.017706,-0.4812,-0.48066,-0.43822,-0.18512,0.24053,0.2477,0.049359
-0.3978,0.18021,0.16146,0.18475,0.045693,0.071859,-0.17927,0.028071,0,-0.33086,-0.088057,0.34911,-0.010134,0.74262,0.62872,-0.025536,0.9765,-0.21026,-0.75284,0.62084,0.13193,0.048509,-0.070551,-0.17841,-0.17084,-0.26932,0.70187,0.071282,-0.26828,-0.24263,-0.5054,-0.36373,-0.10312,-0.046316,-0.39189,-0.20098,-0.46614,-0.47121,-0.1483,0.086271,-0.24411,-0.10062,-0.30937,-0.066799,-0.071367,0.10459,0.24022,0.50192,-0.47517,0.4751,0.55314,0.34576,-0.21454,0.08883,-0.50853,-0.21579,0.37272,0.30712,0.38692,0.31754,0.26128,0.16241,-0.02564,0.20433,0.29461,0.37327,0.33008,0.76598,0.020408,-0.22956,0.187,0.17426,0.31149,0.1489,0.20923,0.10723,0.20668,-0.034071,0.033331,-0.26007,-0.28126,0.48348,0.28869,-0.1102,0.11936,-0.45389,-0.15261,0.1029,0.3988,0.308,0.31042,-0.14775,0.19543,-0.65125,-0.41223,-0.075333,-0.36594,0.24721,-0.19234,0.26287,0.031856,0.1592,0.0039888,-0.481,-0.55763
0.96862,-0.28588,-0.30258,-0.13996,0.7629,-0.015982,0.92548,0.22966,-0.33086,0,0.43302,-0.12392,0.18398,-0.07256,-0.29326,-0.52205,-0.069015,0.2134,-0.23224,-0.78354,0.27194,0.49326,0.89423,0.4111,0.71094,1.4991,0.0032642,0.38684,1.6124,1.0181,1.1574,1.24,0.48584,0.88882,0.30486,0.39973,0.47957,0.74543,0.79528,0.30336,1.065,0.58755,0.40771,0.30728,-1.2293,-1.7708,-1.256,-1.1736,0.28881,-1.1643,-0.98208,0.18355,-0.052614,-0.4566,0.37471,0.23412,0.36974,-0.59147,-0.43645,-0.4492,-0.44845,0.93968,0.60039,0.23089,0.32622,-1.1836,-1.0422,0.094838,0.80644,1.448,1.0649,-1.1235,-1.4003,-1.2057,-1.3475,-0.54832,-0.39155,-0.48279,-0.34839,-0.6007,-0.039162,-0.45423,-0.024265,-0.62743,-0.40217,-0.3376,-0.68826,-0.97784,-0.4998,-1.5971,-2.3133,0.22642,-0.22136,0.52192,0.40377,0.025164,0.16031,-0.83894,-0.47023,0.17161,-0.090166,0.35917,0.75033,0.055961,0.25643
0.68782,-0.3254,0.81762,1.0452,0.081931,-0.35065,0.093916,0.14112,-0.088057,0.43302,0,0.039417,-0.03965,0.11203,0.025243,-0.64267,0.27095,0.69696,0.30855,-0.076701,-0.40797,-0.17173,-0.031635,-0.52794,0.55798,0.66556,-0.341,-0.45652,0.26893,0.044405,0.44709,0.56637,0.48446,0.056903,0.50755,-0.022693,1.1713,0.8563,0.60534,0.51057,0.11764,-0.34035,0.13901,-0.60203,-0.75562,-0.62521,-0.35728,-0.16258,-0.0029772,-0.39983,-0.039733,0.069992,1.0504,0.47662,0.96395,0.1957,0.48577,-0.057785,0.15386,0.43876,0.28068,-0.010646,-0.21088,-0.12665,-0.075579,-0.26975,0.038048,0.22796,0.2426,0.30774,0.38099,-0.43701,-0.14788,-0.93344,-0.50757,0.42284,0.47516,0.22847,0.47846,0.055853,0.25953,0.24728,0.75047,-0.045551,0.40386,0.30233,-0.078046,-0.067288,0.31091,-0.4646,-0.53223,0.64589,0.26086,0.54645,0.46114,1.1645,1.1959,-0.074431,-0.057994,-0.17871,0.097896,0.8594,0.91963,0.54232,0.76792
0.098099,0.54695,0.50191,0.46371,0.24056,0.51248,-0.38572,0.54469,0.34911,-0.12392,0.039417,0,0.60827,0.46282,0.68156,0.3176,0.076747,-0.14323,0.087495,0.39904,-0.4215,-0.13841,-0.4384,-0.44782,-0.15974,-0.0026568,0.066623,0.53132,-0.34951,-0.11555,-0.36541,-0.3911,0.5573,0.18606,0.41985,0.5373,0.059866,0.15372,-0.051773,0.90352,-0.39863,0.47898,-0.67458,-0.36577,-0.18805,0.0041971,0.15577,0.39644,-0.57045,0.41342,0.52532,0.29711,0.090243,0.74657,0.0070498,0.034418,-0.0086094,0.1622,0.58756,0.74827,0.96357,-0.26995,-0.4737,-0.47349,0.037975,0.41596,0.53364,0.067822,-0.16535,-0.21718,-0.2438,-0.24686,0.056927,-0.11756,0.16681,0.58296,0.90314,0.2581,0.24229,-0.2488,-0.14137,0.53151,0.65954,-0.27296,-0.056571,0.044117,-0.5828,0.20538,0.51781,0.14064,0.12175,-0.15542,0.3031,0.13433,0.46501,0.13462,0.012077,0.39423,-0.43921,-0.75859,-0.94108,-0.32194,-0.31966,-0.058573,-0.0040574
-0.10679,-0.078339,0.14456,0.032473,0.64517,0.54115,-0.41855,-0.055598,-0.010134,0.18398,-0.03965,0.60827,0,0.5356,0.74933,0.36233,-0.019934,0.013186,0.0336,0.0011719,0.040658,0.55215,-0.35611,0.084872,-0.45612,-0.017818,0.2195,0.5131,-0.07625,0.13166,-0.2899,-0.14419,0.76233,0.96392,0.14924,0.21702,-0.11373,-0.020383,-0.30882,0.090169,-0.2308,0.60944,-0.2693,-0.20892,-0.15815,-0.20131,-0.16456,0.092992,-0.13506,0.31727,0.22499,0.37447,0.012038,0.21281,0.21205,0.15772,0.11657,0.015885,0.2442,0.14142,0.31566,0.10367,0.16217,-0.036086,0.84276,0.13411,0.11254,0.080225,0.037716,0.19224,0.036224,-0.43204,-0.25262,-0.03711,-0.16323,-0.032964,0.25957,-0.037173,-0.068773,-0.49374,-0.48552,0.54409,0.57789,-0.429,-0.46058,-0.20663,-0.56678,0.081617,0.32898,-0.15604,-0.10593,0.030733,0.44835,0.11287,0.26664,-0.050568,-0.15547,0.19653,-0.39338,-0.28514,-0.75768,-0.23399,-0.3033,-0.53326,-0.27938
-0.16775,0.13756,0.30977,0.37688,0.28819,0.50579,-0.28373,0.23328,0.74262,-0.07256,0.11203,0.46282,0.5356,0,0.6054,0.011248,0.2905,-0.38439,-0.52384,0.62767,0.070005,0.14672,-0.36563,-0.12382,-0.39198,-0.037893,0.5232,0.19781,-0.21097,-0.05687,-0.36175,-0.0043023,0.50649,0.27731,-0.01552,-0.05946,-0.10819,-0.097485,-0.35004,0.080725,-0.50043,0.12598,-0.31232,-0.28508,-0.16931,-0.063719,0.22092,0.33009,-0.41581,0.45995,0.53246,-0.032942,-0.038506,0.19256,-0.14376,-0.54849,0.20628,-0.16937,0.082937,0.26808,0.30171,0.15222,0.29794,0.088603,0.80911,0.29818,0.36277,1.1594,0.4741,0.20937,0.30352,0.048254,0.26086,0.058275,0.01281,0.1434,0.36869,0.065296,0.22317,-0.67066,-0.42381,0.51651,0.59957,-0.14681,0.049307,-0.58623,-0.42108,0.037129,0.29512,0.062331,0.040152,-0.35229,0.097717,-0.64818,-0.40362,0.12409,-0.17472,0.31074,-0.28097,-0.12967,-0.45105,-0.040958,0.027562,-0.60699,-0.70944
-0.46832,0.09864,0.47943,0.32432,0.3609,0.35346,-0.71752,-0.25121,0.62872,-0.29326,0.025243,0.68156,0.74933,0.6054,0,0.16467,0.64758,0.24526,0.00322,0.30039,0.042017,0.39943,-0.53453,-0.16257,-0.62933,-0.42448,0.48782,0.0089458,-0.46482,-0.20111,-0.90428,-0.63625,0.18663,0.3295,-0.28831,-0.24489,-0.39142,-0.45525,-0.4707,0.061748,-0.44753,0.073934,-0.48248,-0.35804,0.011169,0.075256,0.065824,0.60962,-0.2191,0.87084,0.93695,0.66213,0.075257,0.50232,-0.035822,0.18946,0.38597,0.53037,0.72101,0.50676,0.64335,-0.1896,-0.23805,-0.12789,0.45864,0.49899,0.52664,0.2069,-0.35892,-0.34289,-0.081492,-0.11662,0.15891,0.13282,0.07366,0.21325,0.58946,0.2406,0.20544,-0.11617,-0.41145,1.5162,0.90442,-0.13838,-0.020027,0.025502,-0.30708,0.42639,1.0178,0.29634,0.34554,0.23114,1.0547,-0.11681,0.16458,0.095213,-0.090082,0.69797,-0.048453,-0.090503,-0.31484,0.038887,-0.25977,-0.61322,-0.26296
-0.67335,-0.049974,-0.0065567,-0.2507,-0.46297,0.088804,-0.71487,0.013934,-0.025536,-0.52205,-0.64267,0.3176,0.36233,0.011248,0.16467,0,-0.17754,-0.48965,0.099477,0.56586,-0.44303,-0.22795,-0.4593,-0.24596,-0.4995,-0.52482,-0.328,0.35508,-0.72509,-0.71882,-0.57809,-0.74173,0.20514,-0.05879,0.18185,0.40412,-0.30517,-0.28863,-0.34523,-0.10549,-0.6008,0.096453,0.01409,0.029428,0.6768,0.74406,0.73723,0.6872,-0.72623,0.49415,0.16849,0.17171,-0.041308,0.23329,-0.012247,0.21392,-0.19925,0.53161,0.52978,0.32078,0.45652,-0.24109,-0.23721,0.23246,0.071329,0.89484,0.53166,-0.41356,-0.489,-0.44989,-0.73905,0.47332,0.40634,0.76079,1.0055,0.2496,0.029275,-0.28461,-0.42427,-0.056851,-0.5174,0.18558,-0.055699,-0.2661,-0.56121,-0.13856,0.16578,0.72884,0.30128,0.67443,0.6738,-0.14474,0.17485,-0.098792,-0.17534,-0.13807,-0.29292,0.3115,-0.39238,-0.094163,-0.11125,-0.4107,-0.71313,-0.096171,-0.34263
-0.29286,-0.33556,0.28666,0.2349,0.069036,-0.38272,-0.15039,-0.34468,0.9765,-0.069015,0.27095,0.076747,-0.019934,0.2905,0.64758,-0.17754,0,0.40857,-0.38112,0.21972,0.06586,0.2282,0.085342,-0.23205,0.075885,-0.092073,0.37692,-0.23137,-0.050364,-0.24242,-0.2714,-0.22171,-0.074474,0.12231,-0.36128,-0.32219,-0.21331,-0.30074,0.16646,0.034389,0.056158,-0.33004,0.041655,-0.12766,-0.27758,-0.16176,-0.11922,0.33514,-0.27532,0.16791,0.28112,0.89172,0.15204,0.11991,0.0081207,0.37868,0.95332,0.67269,0.64578,0.34366,0.22909,0.26087,-0.13274,0.40854,0.25689,0.15561,0.13919,0.36969,-0.17244,-0.17148,0.3224,-0.097875,0.033656,-0.14663,-0.058004,0.040122,0.1044,-0.16772,-0.091497,-0.051356,-0.26334,0.6274,0.4503,-0.26881,0.027206,-0.18371,-0.010425,0.16291,0.6414,0.07822,0.0933,0.57625,0.64268,-0.078432,-0.056862,0.20285,0.013133,0.10191,-0.179,0.58296,0.44297,0.81224,0.33467,-0.23951,-0.074024
0.22186,-0.44935,0.40607,0.34911,0.20177,-0.51381,-0.055547,-0.59541,-0.21026,0.2134,0.69696,-0.14323,0.013186,-0.38439,0.24526,-0.48965,0.40857,0,0.56474,-0.54986,-0.045927,0.21297,0.0016703,-0.16311,0.28942,0.11343,-0.10535,-0.57088,0.20487,0.079055,0.14906,0.054556,-0.090026,0.13066,-0.059997,-0.40111,0.29367,0.14344,0.29261,0.079048,0.30249,-0.33664,-0.0029845,-0.41819,-0.34121,-0.38852,-0.60648,-0.17862,0.46083,-0.19548,0.021848,0.46037,0.62839,0.27073,0.59309,0.68504,0.36817,0.33818,0.2913,0.16816,0.066621,-0.12671,-0.37517,-0.20507,-0.15701,-0.31103,-0.1334,-0.24939,-0.38476,-0.11384,0.069431,-0.52885,-0.33067,-0.50581,-0.48456,0.099066,0.22851,0.31345,0.30441,0.54942,0.37287,0.38562,0.43511,0.13371,0.30579,0.72097,0.17573,0.025944,0.3827,-0.32251,-0.22671,1.173,0.64854,0.78004,0.72407,0.38832,0.57362,-0.044369,0.31505,0.056828,0.26765,0.63453,0.29971,0.30557,0.87388
0.11077,0.022398,0.56711,0.42089,-0.2851,-0.1026,-0.43233,-0.1201,-0.75284,-0.23224,0.30855,0.087495,0.0336,-0.52384,0.00322,0.099477,-0.38112,0.56474,0,-0.13337,-0.56649,-0.34398,-0.56746,-0.41324,-0.089881,-0.15784,-0.73859,-0.49565,-0.35824,-0.27346,-0.098617,-0.22099,0.024849,-0.3233,0.34924,-0.049575,0.44256,0.25019,-0.078418,0.13264,-0.28081,-0.30708,-0.11399,-0.5067,0.27552,0.25127,0.11528,0.16922,0.1956,0.12537,0.22506,-0.11881,0.71915,0.72395,0.60876,0.34314,-0.25468,0.25893,0.27054,0.39766,0.43521,-1.0187,-0.79565,-0.66542,-0.6229,0.19383,0.37961,-0.80104,-0.66095,-0.44643,-0.70777,0.028233,0.18732,0.0094584,0.15101,0.58508,0.54442,0.63348,0.51838,0.80562,0.38677,0.2437,0.27805,0.40087,0.32602,1.5058,0.35166,0.51482,0.36928,0.19608,0.21746,0.41767,0.39508,0.68777,0.68138,0.49875,0.75603,0.40046,0.45719,-0.61919,-0.069955,-0.063273,-0.18786,0.61334,0.87237
-0.53205,0.16387,0.53221,0.43873,-0.66843,0.087555,-0.70418,0.30744,0.62084,-0.78354,-0.076701,0.39904,0.0011719,0.62767,0.30039,0.56586,0.21972,-0.54986,-0.13337,0,-0.5848,-0.61194,-0.68846,-0.72989,-0.40596,-0.42491,-0.13434,-0.088799,-1.0138,-1.0441,-0.68808,-0.50705,0.20897,-0.4794,0.16028,0.081108,-0.05881,-0.17943,-0.31792,0.09058,-1.1266,-0.38108,-0.11831,-0.31456,0.42476,0.70609,1.3216,1.2665,-1.1747,0.71174,0.67883,-0.089812,0.21084,0.57437,-0.080561,-0.2855,0.047681,0.40441,0.55799,0.79734,0.78494,-0.37145,-0.32314,0.13068,0.014711,1.2915,1.2255,0.3124,-0.13977,-0.45007,-0.37558,0.83048,1.1887,0.54968,1.0233,0.72902,0.48206,0.054546,0.14414,-0.096964,-0.37166,0.46289,0.33717,0.0037174,0.10696,-0.19316,0.18137,0.80538,0.59671,0.90489,0.76193,-0.24326,0.15308,-0.55888,-0.51459,0.35578,0.028878,0.65085,-0.21529,-0.14899,-0.0047102,-0.044341,-0.17428,-0.047875,-0.40719
-0.12272,0.10315,-0.89841,-0.73679,0.71791,0.34346,0.50712,-0.36535,0.13193,0.27194,-0.40797,-0.4215,0.040658,0.070005,0.042017,-0.44303,0.06586,-0.045927,-0.56649,-0.5848,0,1.0875,0.5429,1.5538,-0.20178,-0.051363,1.086,0.13583,0.51013,0.83734,0.057375,0.20548,-0.47943,0.42941,-0.97663,-0.46338,-0.71955,-0.5332,-0.2972,-0.62059,0.5232,0.35438,0.011669,0.65426,-0.064588,-0.27412,-0.51021,-0.51381,0.80169,-0.051675,-0.16398,-0.0024006,-0.99603,-1.0673,-0.69691,-0.25943,0.037205,-0.41912,-0.71374,-1.1992,-0.99846,0.54055,0.90315,0.15919,0.46628,-0.55863,-0.74122,0.26895,0.35177,0.36998,0.57084,-0.19452,-0.43364,0.038563,-0.54576,-1.3805,-0.69299,-0.15503,-0.2334,-0.26505,-0.10365,-0.25794,-0.44631,0.050958,-0.14426,-0.38957,-0.26418,-0.64313,-0.53748,-0.30008,-0.2421,-0.24251,-0.19036,-0.42329,-0.28767,-0.81889,-0.6737,-0.2223,0.31134,0.52863,0.026007,-0.14722,-0.009998,-0.90254,-0.53842
-0.11052,-0.15846,-0.49995,-0.5187,1.0892,0.3584,0.23723,-0.42098,0.048509,0.49326,-0.17173,-0.13841,0.55215,0.14672,0.39943,-0.22795,0.2282,0.21297,-0.34398,-0.61194,1.0875,0,0.39948,1.0237,-0.25726,0.081871,0.73834,0.23754,0.48992,0.7312,-0.0098826,0.16258,-0.0013686,1.0918,-0.59304,-0.23765,-0.4919,-0.34109,-0.19058,-0.40036,0.4798,0.52641,0.12228,0.46347,-0.2637,-0.50626,-0.7318,-0.38891,0.5165,-0.027053,-0.15369,0.46971,-0.52622,-0.5902,-0.16489,0.19981,0.40379,-0.13907,-0.244,-0.64807,-0.46366,0.61262,0.73557,0.27767,0.83212,-0.43652,-0.59055,0.10163,0.23396,0.47271,0.63198,-0.52221,-0.6739,-0.15308,-0.70395,-1.0578,-0.46167,-0.32251,-0.38877,-0.46883,-0.44618,0.092385,-0.0021729,-0.36829,-0.49964,-0.37303,-0.54914,-0.39597,-0.12246,-0.40797,-0.37427,0.1697,0.27807,-0.038414,0.064017,-0.43708,-0.38493,-0.11728,-0.021468,0.48686,-0.070639,0.074937,0.079152,-0.98812,-0.37105
0.46858,-0.14047,-0.8457,-0.60566,0.36112,-0.1902,1.5053,0.11571,-0.070551,0.89423,-0.031635,-0.4384,-0.35611,-0.36563,-0.53453,-0.4593,0.085342,0.0016703,-0.56746,-0.68846,0.5429,0.39948,0,0.65981,0.72315,0.72792,0.16365,0.31526,1.2825,0.788,0.87996,0.7151,-0.15375,0.36531,-0.12319,0.23605,0.010233,0.21451,0.72702,0.025214,1.6426,0.38286,0.56114,0.92379,-0.58467,-0.73435,-0.79012,-0.92902,0.30245,-1.0322,-1.1417,0.19427,-0.50681,-1.0294,-0.15536,0.19335,0.31266,-0.35698,-0.50558,-0.78638,-0.83942,1.0672,0.59955,0.46626,0.041311,-0.97642,-1.2991,-0.0083532,0.52356,0.72069,0.8691,-0.46744,-0.90277,-0.55875,-0.68056,-0.9203,-0.97135,-0.74757,-0.70292,-0.37856,-0.029076,-0.86456,-0.6193,-0.47484,-0.42131,-0.46038,-0.33868,-0.94917,-0.77396,-0.70907,-0.82222,0.076837,-0.43404,0.17404,0.042439,-0.34826,-0.18865,-0.93236,-0.28203,0.67082,0.34218,0.31018,0.58882,-0.019598,0.051978
-0.030382,0.10367,-1.2573,-1.0555,0.65597,0.42468,0.60295,-0.21219,-0.17841,0.4111,-0.52794,-0.44782,0.084872,-0.12382,-0.16257,-0.24596,-0.23205,-0.16311,-0.41324,-0.72989,1.5538,1.0237,0.65981,0,-0.17724,0.070599,0.61106,0.29109,0.59606,0.95456,0.18916,0.2978,-0.33562,0.50447,-0.64955,-0.17688,-0.56478,-0.34677,-0.22463,-0.58638,0.61521,0.568,0.1958,0.96512,-0.014149,-0.27511,-0.51337,-0.65709,0.77131,-0.19547,-0.41892,-0.05839,-1.0997,-1.2697,-0.52726,-0.15091,-0.054583,-0.52152,-0.86546,-1.6322,-1.0713,0.559,1.0237,0.19918,0.39126,-0.60945,-0.89871,-0.0097085,0.38556,0.50957,0.48698,-0.20967,-0.56212,0.039448,-0.52052,-1.805,-0.93672,-0.33769,-0.45553,-0.35539,-0.19713,-0.50187,-0.64622,-0.097372,-0.4077,-0.39718,-0.34933,-0.6523,-0.76102,-0.34099,-0.33494,-0.27029,-0.29635,-0.24327,-0.1867,-0.86337,-0.6162,-0.30079,0.18037,0.45862,-0.016192,-0.2629,-0.03108,-0.7226,-0.45674
1.0276,-0.27231,-0.049232,0.11189,0.026872,-0.68333,0.80499,0.27079,-0.17084,0.71094,0.55798,-0.15974,-0.45612,-0.39198,-0.62933,-0.4995,0.075885,0.28942,-0.089881,-0.40596,-0.20178,-0.25726,0.72315,-0.17724,0,0.98786,-0.30974,0.10302,0.83185,0.30544,1.2964,0.72668,0.12117,0.03675,0.51079,0.39713,0.72135,0.87245,1.8506,0.59909,0.83213,0.01897,0.25622,0.0096194,-0.87846,-0.7335,-0.59478,-0.69533,0.039256,-1.383,-0.81708,0.067005,0.25867,-0.15592,0.33382,0.24566,0.15594,-0.22732,-0.13681,-0.055605,-0.25346,0.44956,-0.045211,0.082341,-0.33903,-0.76091,-0.58835,0.013433,0.312,0.41242,0.42042,-0.57387,-0.60833,-1.0232,-0.49907,-0.0028511,-0.16898,-0.21658,-0.10397,0.023647,0.51019,-0.55916,-0.1561,-0.21723,0.073411,0.011007,-0.023851,-0.63122,-0.38505,-0.81048,-0.82387,0.26461,-0.40002,0.61926,0.3736,0.18692,0.32931,-1.0053,-0.33395,0.07318,0.21566,0.483,0.6679,0.80739,0.71907
1.3753,-0.15129,-0.057443,0.13939,0.40817,-0.081702,0.89868,0.58438,-0.26932,1.4991,0.66556,-0.0026568,-0.017818,-0.037893,-0.42448,-0.52482,-0.092073,0.11343,-0.15784,-0.42491,-0.051363,0.081871,0.72792,0.070599,0.98786,0,-0.23411,0.29373,1.0959,0.66573,1.3227,1.3671,0.60929,0.47092,0.63332,0.59986,0.87813,1.278,1.1375,0.61864,0.77411,0.39246,0.4177,0.16887,-1.3049,-1.3004,-0.75716,-0.83139,0.036017,-1.2428,-0.84647,0.042836,0.14491,-0.19291,0.4814,0.14648,0.35894,-0.56577,-0.3187,-0.15882,-0.19951,0.65039,0.33,0.13871,0.063855,-0.84133,-0.63185,0.13152,0.84491,1.1596,0.87641,-0.8052,-0.82099,-1.4441,-0.89051,-0.18192,-0.1599,-0.37695,-0.18395,-0.53284,0.051522,-0.48397,0.054939,-0.57474,-0.22096,-0.25002,-0.6016,-0.74976,-0.39656,-1.1192,-1.6276,0.18508,-0.30363,0.54955,0.41622,0.30495,0.41903,-0.69503,-0.54717,-0.0024196,-0.072333,0.43181,0.98814,0.34765,0.42098
-0.24108,0.26474,-0.3745,-0.28713,0.73093,0.42207,0.14517,-0.26749,0.70187,0.0032642,-0.341,0.066623,0.2195,0.5232,0.48782,-0.328,0.37692,-0.10535,-0.73859,-0.13434,1.086,0.73834,0.16365,0.61106,-0.30974,-0.23411,0,0.23905,0.16819,0.4649,-0.26685,-0.10486,-0.3252,0.36271,-0.87918,-0.46492,-0.85062,-0.66932,-0.41698,-0.27598,0.13512,0.32412,-0.46984,0.1905,-0.11792,-0.16198,-0.26995,-0.12808,0.333,0.29632,0.28431,0.12746,-0.76095,-0.44333,-0.87868,-0.4123,0.039448,-0.21975,-0.26119,-0.41331,-0.37571,0.36624,0.48482,-0.011477,0.58301,-0.19901,-0.26171,0.67906,0.22808,0.094001,0.39706,-0.17855,-0.18376,0.089904,-0.30708,-0.55193,-0.15127,0.082875,0.037509,-0.29164,-0.084958,0.16524,-0.033903,0.091597,0.06725,-0.42799,-0.33872,-0.43433,-0.13777,-0.12135,-0.018481,-0.37174,-0.034499,-0.64713,-0.30992,-0.69906,-0.82508,-0.012108,0.16432,0.2507,-0.24997,-0.21423,-0.1942,-1.0635,-0.71861
0.20572,0.24011,-0.49158,-0.45363,0.49454,0.42856,0.26882,0.45959,0.071282,0.38684,-0.45652,0.53132,0.5131,0.19781,0.0089458,0.35508,-0.23137,-0.57088,-0.49565,-0.088799,0.13583,0.23754,0.31526,0.29109,0.10302,0.29373,0.23905,0,0.31039,0.40479,0.17728,0.069632,0.41853,0.64858,0.26109,0.89408,-0.18481,0.12946,0.15559,0.37562,0.2439,1.4306,-0.17797,0.36158,-0.30765,-0.28163,-0.2139,-0.28237,-0.26044,-0.17612,-0.33541,0.18622,-0.58953,-0.2957,-0.2893,-0.03516,-0.1579,-0.30914,-0.10518,-0.20545,-0.08526,0.53179,0.32607,0.090575,0.36297,-0.17578,-0.32951,0.061134,0.31743,0.36845,0.16201,-0.43531,-0.53661,-0.14237,-0.11905,-0.29568,-0.20632,-0.45105,-0.5274,-0.75605,-0.26397,-0.30053,-0.19791,-0.65034,-0.71576,-0.64368,-0.72732,-0.46301,-0.37518,-0.33491,-0.32626,-0.49821,-0.35819,0.014602,0.10737,-0.59532,-0.63712,-0.4046,-0.84464,-0.14863,-0.69604,-0.51565,-0.28228,-0.27739,-0.36211
0.87416,-0.23536,-0.55488,-0.32495,0.69302,-0.12892,1.4059,0.088389,-0.26828,1.6124,0.26893,-0.34951,-0.07625,-0.21097,-0.46482,-0.72509,-0.050364,0.20487,-0.35824,-1.0138,0.51013,0.48992,1.2825,0.59606,0.83185,1.0959,0.16819,0.31039,0,1.2216,1.3281,1.196,0.10775,0.62959,0.069568,0.198,0.27672,0.49943,0.75944,0.13859,1.6083,0.47259,0.3475,0.43494,-1.002,-1.3768,-1.3892,-1.7072,0.51948,-1.3428,-1.1049,0.071913,-0.23914,-0.76845,0.095688,0.10567,0.22121,-0.67475,-0.66764,-0.74671,-0.83787,1.0277,0.67175,0.21429,0.19772,-1.9092,-1.6902,0.13541,0.76026,1.1408,1.0678,-0.93203,-1.4183,-0.98433,-1.3622,-0.77385,-0.61628,-0.4165,-0.33365,-0.38925,0.16691,-0.69498,-0.30319,-0.3599,-0.2396,-0.31912,-0.44267,-1.4553,-0.79559,-1.6021,-1.6694,0.10973,-0.42879,0.35636,0.24547,-0.20539,-0.020277,-1.145,-0.235,0.31345,0.045942,0.29187,0.65146,0.047019,0.21295
0.69593,0.20158,-0.60298,-0.35716,1.1825,0.38732,1.0375,0.14692,-0.24263,1.0181,0.044405,-0.11555,0.13166,-0.05687,-0.20111,-0.71882,-0.24242,0.079055,-0.27346,-1.0441,0.83734,0.7312,0.788,0.95456,0.30544,0.66573,0.4649,0.40479,1.2216,0,0.67884,0.77459,0.023255,0.68238,-0.11651,0.09364,0.022891,0.25156,0.23774,0.080889,0.96557,0.80669,0.010376,0.47317,-0.6744,-0.9621,-1.1405,-1.3064,0.78544,-0.60072,-0.53927,-0.064874,-0.53471,-0.68448,-0.18488,-0.13689,0.004399,-0.92951,-0.86917,-0.88099,-0.74909,0.61247,0.70218,-0.13529,0.2445,-1.3001,-1.1496,0.14009,0.6894,0.89954,0.80354,-0.86025,-1.1306,-0.65734,-1.3189,-0.85007,-0.40229,-0.10848,-0.11051,-0.4203,0.14131,-0.52054,-0.25775,-0.16698,-0.15978,-0.21893,-0.72269,-1.3613,-0.77346,-1.0351,-1.0437,-0.16695,-0.37536,0.15917,0.28676,-0.4126,-0.18358,-0.55065,0.010828,0.04577,-0.328,-0.10971,0.2811,-0.26037,0.016559
1.2432,-0.26068,-0.30549,-0.099808,0.22762,-0.3401,1.1739,0.29132,-0.5054,1.1574,0.44709,-0.36541,-0.2899,-0.36175,-0.90428,-0.57809,-0.2714,0.14906,-0.098617,-0.68808,0.057375,-0.0098826,0.87996,0.18916,1.2964,1.3227,-0.26685,0.17728,1.3281,0.67884,0,1.3938,0.20362,0.24361,0.46746,0.38337,0.71912,0.97055,1.0998,0.3152,1.0247,0.22244,0.42079,0.21656,-0.83014,-0.92937,-0.77965,-1.2798,0.31094,-2.2931,-1.2722,-0.17932,0.073235,-0.44401,0.32887,0.069725,0.043811,-0.66719,-0.59326,-0.44245,-0.58768,0.60684,0.35104,0.11369,-0.12466,-1.2374,-0.98204,0.0094931,0.67361,0.89976,0.6305,-0.63109,-0.83999,-0.98851,-0.79662,-0.31597,-0.41978,-0.29815,-0.18114,-0.17529,0.38674,-0.91295,-0.32268,-0.22217,-0.074013,-0.11325,-0.16669,-0.95706,-0.79097,-1.209,-1.3273,0.09857,-0.62121,0.52131,0.27814,0.064258,0.26711,-1.1785,-0.24385,0.075348,0.097617,0.296,0.70329,0.5276,0.50617
1.0134,-0.22789,-0.2209,0.012665,0.36323,-0.074787,1.0283,0.33646,-0.36373,1.24,0.56637,-0.3911,-0.14419,-0.0043023,-0.63625,-0.74173,-0.22171,0.054556,-0.22099,-0.50705,0.20548,0.16258,0.7151,0.2978,0.72668,1.3671,-0.10486,0.069632,1.196,0.77459,1.3938,0,0.3472,0.35572,0.33638,0.2088,0.69016,0.86192,0.67808,0.16124,0.73522,0.20012,0.50105,0.22194,-0.84817,-1.0302,-0.69204,-1.0529,0.31849,-1.1829,-0.86952,-0.27979,0.047252,-0.45547,0.33193,-0.13867,0.20552,-0.91012,-0.76281,-0.48046,-0.56553,0.67304,0.66447,0.19587,0.15868,-1.0601,-0.80541,0.28716,1.2107,1.4795,1.0224,-0.51785,-0.64662,-0.90765,-0.97031,-0.39498,-0.37356,-0.29268,-0.095937,-0.44151,0.13024,-0.65558,-0.13312,-0.24264,-0.060989,-0.2936,-0.34327,-0.89341,-0.67122,-1.1079,-1.4322,0.038971,-0.511,0.23511,0.078002,0.19239,0.31831,-0.7328,-0.19389,0.12877,0.058284,0.37347,0.98956,0.20905,0.2307
0.39035,-0.19288,0.41715,0.42389,0.24867,0.20787,-0.11749,0.52739,-0.10312,0.48584,0.48446,0.5573,0.76233,0.50649,0.18663,0.20514,-0.074474,-0.090026,0.024849,0.20897,-0.47943,-0.0013686,-0.15375,-0.33562,0.12117,0.60929,-0.3252,0.41853,0.10775,0.023255,0.20362,0.3472,0,0.59328,0.93563,0.72193,0.64767,0.76438,0.30267,0.58347,-0.13331,0.3775,0.12552,-0.27571,-0.54206,-0.44985,-0.10066,0.0019185,-0.54762,-0.16511,-0.11312,0.17762,0.42345,0.37881,0.72493,0.15481,0.31763,-0.13558,0.23419,0.41061,0.48642,0.21503,0.089528,0.12404,0.45373,0.046405,0.13812,0.17205,0.41679,0.53616,0.25745,-0.41568,-0.21101,-0.46767,-0.1945,0.27911,0.33312,-0.24277,-0.077751,-0.70441,-0.40781,0.21316,0.66381,-0.72226,-0.39557,-0.29288,-0.59554,0.017378,0.24077,-0.34097,-0.45033,0.1296,0.16176,0.33778,0.30298,0.52943,0.37077,-0.030681,-0.89953,-0.34852,-0.47287,0.16169,0.29281,0.073244,0.066328
0.21949,-0.27957,-0.27917,-0.27878,1.1839,0.29345,0.23886,-0.061164,-0.046316,0.88882,0.056903,0.18606,0.96392,0.27731,0.3295,-0.05879,0.12231,0.13066,-0.3233,-0.4794,0.42941,1.0918,0.36531,0.50447,0.03675,0.47092,0.36271,0.64858,0.62959,0.68238,0.24361,0.35572,0.59328,0,0.030405,0.27177,-0.057836,0.14248,0.15755,0.072193,0.47063,0.86859,0.11455,0.2307,-0.6628,-0.86127,-0.83084,-0.47257,0.12777,-0.26641,-0.34792,0.55466,-0.22775,-0.32895,0.17461,0.31103,0.42318,-0.22096,-0.087736,-0.31903,-0.19712,0.81366,0.61746,0.29547,0.97972,-0.47056,-0.55753,0.14246,0.41903,0.77401,0.6819,-0.95962,-0.9875,-0.48449,-0.77518,-0.60009,-0.25751,-0.47501,-0.45785,-0.81663,-0.46497,0.06582,0.21215,-0.81507,-0.74156,-0.51582,-0.86235,-0.47963,-0.095748,-0.7479,-0.72486,0.1797,0.18976,0.25263,0.29562,-0.21048,-0.2142,-0.34331,-0.56683,0.17907,-0.3568,0.0999,0.16814,-0.53546,-0.19301
0.68169,-0.038279,0.43454,0.48011,-0.17873,-0.1045,0.031738,0.75428,-0.39189,0.30486,0.50755,0.41985,0.14924,-0.01552,-0.28831,0.18185,-0.36128,-0.059997,0.34924,0.16028,-0.97663,-0.59304,-0.12319,-0.64955,0.51079,0.63332,-0.87918,0.26109,0.069568,-0.11651,0.46746,0.33638,0.93563,0.030405,0,1.0074,1.1449,1.3129,0.62108,0.89799,-0.056299,0.13874,0.10541,-0.33163,-0.37713,-0.22536,0.03687,-0.059792,-0.49239,-0.40159,-0.25544,-0.10958,0.61568,0.5026,0.72012,0.15839,-0.036951,-0.11928,0.19272,0.48208,0.45375,-0.094747,-0.31861,-0.15462,-0.24935,0.0037528,0.15866,-0.16045,0.1618,0.22639,-0.087046,-0.24732,-0.097166,-0.48862,0.013341,0.60067,0.3882,-0.019258,0.087433,-0.12935,0.12062,-0.14115,0.26698,-0.32067,-0.092386,0.12025,-0.13609,0.043104,0.059951,-0.25629,-0.33925,0.082863,-0.12811,0.63245,0.48281,0.61272,0.62955,-0.15842,-0.56521,-0.63392,-0.32014,0.048357,0.21396,0.78739,0.54876
0.47366,0.16683,-0.07537,-0.055249,0.023237,0.14704,0.24593,0.95547,-0.20098,0.39973,-0.022693,0.5373,0.21702,-0.05946,-0.24489,0.40412,-0.32219,-0.40111,-0.049575,0.081108,-0.46338,-0.23765,0.23605,-0.17688,0.39713,0.59986,-0.46492,0.89408,0.198,0.09364,0.38337,0.2088,0.72193,0.27177,1.0074,0,0.40763,0.70157,0.57744,0.80084,0.17724,0.66847,0.18139,0.22995,-0.34171,-0.2357,-0.034597,-0.12272,-0.58433,-0.38923,-0.45182,0.14348,-0.028873,0.090554,0.21345,0.24262,0.022706,-0.108,0.13741,0.16627,0.2611,0.22335,-0.066211,0.074461,-0.10346,-0.024409,-0.065325,-0.26657,0.2021,0.30956,0.032085,-0.29251,-0.32106,-0.34872,0.03057,0.13518,0.0090815,-0.45802,-0.43788,-0.50289,-0.22183,-0.35774,-0.065024,-0.8016,-0.63905,-0.26549,-0.49855,-0.12336,-0.14427,-0.21696,-0.34251,-0.12084,-0.22708,0.43644,0.38282,0.077614,0.086367,-0.26176,-1.021,-0.30343,-0.37208,-0.15785,0.063128,0.30264,0.15099
0.98158,-0.20633,0.56996,0.7346,-0.12898,-0.29855,0.19672,0.49183,-0.46614,0.47957,1.1713,0.059866,-0.11373,-0.10819,-0.39142,-0.30517,-0.21331,0.29367,0.44256,-0.05881,-0.71955,-0.4919,0.010233,-0.56478,0.72135,0.87813,-0.85062,-0.18481,0.27672,0.022891,0.71912,0.69016,0.64767,-0.057836,1.1449,0.40763,0,1.7514,0.77883,0.6836,0.1129,-0.15474,0.25278,-0.42204,-0.57316,-0.46625,-0.18982,-0.26166,-0.13019,-0.63607,-0.32133,-0.19616,0.93242,0.4282,1.0694,0.1399,0.13135,-0.23678,0.007103,0.36925,0.2567,-0.069654,-0.22983,-0.16745,-0.30365,-0.26087,0.0029618,-0.045441,0.29996,0.37722,0.16155,-0.32267,-0.15038,-0.80746,-0.29904,0.49717,0.34987,0.1001,0.29988,0.02116,0.31241,-0.13655,0.36313,-0.10619,0.21241,0.29326,-0.055073,-0.089939,0.022474,-0.45218,-0.57372,0.34054,-0.086588,0.7084,0.49152,0.99137,1.1905,-0.22189,-0.2219,-0.41022,-0.024956,0.43935,0.69034,0.99607,0.9011
1.3604,-0.099936,0.30345,0.47117,0.06656,-0.15394,0.41925,0.70019,-0.47121,0.74543,0.8563,0.15372,-0.020383,-0.097485,-0.45525,-0.28863,-0.30074,0.14344,0.25019,-0.17943,-0.5332,-0.34109,0.21451,-0.34677,0.87245,1.278,-0.66932,0.12946,0.49943,0.25156,0.97055,0.86192,0.76438,0.14248,1.3129,0.70157,1.7514,0,0.96359,0.85669,0.30784,0.15794,0.24487,-0.20158,-0.78823,-0.67155,-0.34867,-0.46398,-0.12372,-0.85149,-0.52191,-0.14763,0.5529,0.23145,0.79681,0.12852,0.10631,-0.40522,-0.10904,0.19422,0.13173,0.13678,-0.072863,-0.13673,-0.21601,-0.43403,-0.19636,-0.037821,0.46843,0.59443,0.29898,-0.52724,-0.39546,-1.0252,-0.43928,0.2879,0.20275,-0.053006,0.11637,-0.19241,0.25111,-0.32287,0.21772,-0.29977,0.0089239,0.1019,-0.28742,-0.3217,-0.16962,-0.67431,-0.84484,0.19087,-0.23902,0.74507,0.56366,0.63223,0.78886,-0.40801,-0.42111,-0.41059,-0.18407,0.29038,0.65006,0.80333,0.74125
0.9228,-0.32562,0.017164,0.1351,0.033362,-0.61588,0.69248,0.35004,-0.1483,0.79528,0.60534,-0.051773,-0.30882,-0.35004,-0.4707,-0.34523,0.16646,0.29261,-0.078418,-0.31792,-0.2972,-0.19058,0.72702,-0.22463,1.8506,1.1375,-0.41698,0.15559,0.75944,0.23774,1.0998,0.67808,0.30267,0.15755,0.62108,0.57744,0.77883,0.96359,0,0.69448,0.79519,0.077614,0.42509,0.078579,-0.95092,-0.78431,-0.57055,-0.53371,-0.13314,-1.2564,-0.82585,0.27517,0.30925,-0.07534,0.4873,0.46738,0.39113,-0.074894,0.040748,0.054384,-0.087358,0.49828,-0.066019,0.21873,-0.25939,-0.58993,-0.48137,-0.077677,0.28091,0.456,0.4706,-0.60534,-0.62676,-1.1084,-0.46629,0.017209,-0.14953,-0.39926,-0.26276,-0.12142,0.22278,-0.42843,-0.03638,-0.50113,-0.14211,-0.057846,-0.15848,-0.45531,-0.20643,-0.71982,-0.83032,0.43539,-0.19096,0.76135,0.46945,0.32295,0.43412,-0.79606,-0.55557,0.13534,0.24933,0.63788,0.805,0.72116,0.70897
0.80573,0.31414,0.4868,0.62078,0.1426,0.031957,0.14065,0.84826,0.086271,0.30336,0.51057,0.90352,0.090169,0.080725,0.061748,-0.10549,0.034389,0.079048,0.13264,0.09058,-0.62059,-0.40036,0.025214,-0.58638,0.59909,0.61864,-0.27598,0.37562,0.13859,0.080889,0.3152,0.16124,0.58347,0.072193,0.89799,0.80084,0.6836,0.85669,0.69448,0,0.088975,0.32524,-0.2812,-0.32511,-0.70183,-0.41457,-0.17307,-0.064808,-0.42149,-0.27721,-0.025781,0.1838,0.34684,0.56765,0.31575,0.1579,0.091568,-0.054722,0.33491,0.61638,0.57932,-0.052628,-0.48921,-0.41194,-0.30631,-0.073741,0.12685,0.019952,0.085886,0.088444,0.043136,-0.5334,-0.24133,-0.75499,-0.16143,0.58475,0.6398,0.13885,0.22883,-0.15048,0.22646,0.05391,0.44693,-0.31984,0.081559,0.14533,-0.48788,-0.14959,0.17403,-0.2967,-0.3667,0.062241,-0.0075476,0.56721,0.75341,0.40071,0.40821,-0.10923,-0.53598,-0.63771,-0.48894,0.070794,0.22033,0.54406,0.55174
0.6364,-0.19783,-0.66995,-0.48623,0.51874,-0.24945,1.3612,-0.022584,-0.24411,1.065,0.11764,-0.39863,-0.2308,-0.50043,-0.44753,-0.6008,0.056158,0.30249,-0.28081,-1.1266,0.5232,0.4798,1.6426,0.61521,0.83213,0.77411,0.13512,0.2439,1.6083,0.96557,1.0247,0.73522,-0.13331,0.47063,-0.056299,0.17724,0.1129,0.30784,0.79519,0.088975,0,0.38739,0.41048,0.62221,-0.72526,-0.94739,-1.256,-1.2168,0.53487,-1.1664,-1.075,0.25268,-0.31921,-0.80001,-0.005503,0.33602,0.27346,-0.33928,-0.46098,-0.74879,-0.81854,0.84724,0.4325,0.23578,-0.015285,-1.3702,-1.5603,-0.12087,0.37255,0.66604,0.77342,-0.77847,-1.3093,-0.78587,-0.97376,-0.82228,-0.73174,-0.46326,-0.47254,-0.18236,0.17004,-0.71003,-0.46797,-0.36108,-0.30046,-0.17851,-0.29395,-1.0217,-0.67115,-0.99157,-1.0063,0.24968,-0.28846,0.45195,0.32895,-0.28745,-0.052752,-0.98048,-0.15096,0.46621,0.23804,0.31807,0.53166,0.082015,0.30052
0.34566,0.37127,-0.51368,-0.43699,0.90617,0.72192,0.38847,0.41996,-0.10062,0.58755,-0.34035,0.47898,0.60944,0.12598,0.073934,0.096453,-0.33004,-0.33664,-0.30708,-0.38108,0.35438,0.52641,0.38286,0.568,0.01897,0.39246,0.32412,1.4306,0.47259,0.80669,0.22244,0.20012,0.3775,0.86859,0.13874,0.66847,-0.15474,0.15794,0.077614,0.32524,0.38739,0,-0.17147,0.44997,-0.39559,-0.47359,-0.47075,-0.48112,0.070127,-0.20016,-0.32719,0.16854,-0.65777,-0.33694,-0.23763,-0.011362,-0.10612,-0.48373,-0.27908,-0.37075,-0.16926,0.46983,0.42475,-0.090263,0.37238,-0.37478,-0.47639,-0.029462,0.37988,0.52509,0.29594,-0.65995,-0.77418,-0.28677,-0.42128,-0.47082,-0.19113,-0.3051,-0.38709,-0.75667,-0.24595,-0.28143,-0.13267,-0.57075,-0.65396,-0.43361,-1.1296,-0.60149,-0.41796,-0.48097,-0.50702,-0.38658,-0.23879,0.12728,0.31736,-0.55771,-0.46751,-0.29702,-0.51584,-0.19667,-0.8224,-0.50779,-0.17751,-0.38909,-0.24698
0.033498,-0.56184,-0.27919,-0.29902,-0.24584,-0.33907,0.37465,0.023286,-0.30937,0.40771,0.13901,-0.67458,-0.2693,-0.31232,-0.48248,0.01409,0.041655,-0.0029845,-0.11399,-0.11831,0.011669,0.12228,0.56114,0.1958,0.25622,0.4177,-0.46984,-0.17797,0.3475,0.010376,0.42079,0.50105,0.12552,0.11455,0.10541,0.18139,0.25278,0.24487,0.42509,-0.2812,0.41048,-0.17147,0,0.61551,-0.074429,-0.19399,-0.11001,-0.16974,-0.084774,-0.53219,-0.73113,0.14279,0.053778,-0.41105,0.38744,0.42717,0.60752,0.076234,-0.11504,-0.2979,-0.28516,0.45794,0.38828,0.96884,0.052694,-0.17016,-0.31209,-0.26356,0.26932,0.47944,0.441,0.11032,-0.15152,-0.14402,-0.12267,-0.39274,-0.72265,-0.9414,-0.76424,-0.27097,-0.49577,-0.41417,-0.30657,-0.54839,-0.58736,-0.31106,0.054689,0.023353,-0.1629,-0.11583,-0.29404,0.46056,0.0096015,0.18261,-0.1553,0.28558,0.31747,-0.23453,-0.26546,0.77793,0.86455,0.65975,0.74211,0.10071,0.06801
-0.070628,0.15655,-1.2107,-1.0972,0.16054,0.23649,0.69816,0.14234,-0.066799,0.30728,-0.60203,-0.36577,-0.20892,-0.28508,-0.35804,0.029428,-0.12766,-0.41819,-0.5067,-0.31456,0.65426,0.46347,0.92379,0.96512,0.0096194,0.16887,0.1905,0.36158,0.43494,0.47317,0.21656,0.22194,-0.27571,0.2307,-0.33163,0.22995,-0.42204,-0.20158,0.078579,-0.32511,0.62221,0.44997,0.61551,0,0.054537,-0.10094,-0.19171,-0.33459,0.16536,-0.28583,-0.59185,0.092917,-1.0371,-1.0324,-0.48621,0.078403,0.16989,-0.18536,-0.44641,-0.88637,-0.64087,0.57114,0.63831,0.51121,0.07203,-0.29153,-0.59816,-0.23354,0.27765,0.37953,0.40278,0.045899,-0.34541,0.074585,-0.14655,-1.0424,-1.1123,-0.81315,-0.97517,-0.44525,-0.45778,-0.72782,-0.90177,-0.44819,-0.75566,-0.54053,-0.30019,-0.34507,-0.59907,-0.065367,-0.18993,-0.17626,-0.29974,-0.16973,-0.22111,-0.55265,-0.42865,-0.24577,-0.14364,0.66402,0.28134,-0.085579,0.1335,-0.404,-0.37949
-1.0521,0.1797,-0.078269,-0.26469,-0.71811,0.10805,-0.65124,-0.31118,-0.071367,-1.2293,-0.75562,-0.18805,-0.15815,-0.16931,0.011169,0.6768,-0.27758,-0.34121,0.27552,0.42476,-0.064588,-0.2637,-0.58467,-0.014149,-0.87846,-1.3049,-0.11792,-0.30765,-1.002,-0.6744,-0.83014,-0.84817,-0.54206,-0.6628,-0.37713,-0.34171,-0.57316,-0.78823,-0.95092,-0.70183,-0.72526,-0.39559,-0.074429,0.054537,0,1.8421,1.0274,0.69721,-0.061839,0.80509,0.46203,-0.31815,-0.15977,0.088878,-0.36258,-0.18566,-0.49171,0.37533,0.10553,0.026043,0.10596,-0.70501,-0.23384,-0.053221,-0.24691,0.81699,0.56822,-0.37563,-0.64382,-0.83621,-0.9711,1.265,0.93729,1.8438,1.1143,0.14348,-0.027879,0.20005,0.032633,0.48065,-0.10991,0.11022,-0.32466,0.51911,0.077783,0.23989,0.68428,0.7991,0.15242,1.2604,1.3781,-0.27776,0.06808,-0.48755,-0.49863,-0.22019,-0.26131,0.6329,0.52235,-0.0095992,0.1819,-0.50895,-0.79679,-0.15096,-0.35394
