,,,,,,,,,,,,,,,,,,,,,,,,,,,,,,,,,,,,,,,,,,,,,,,,,,,,,,,,,,,,,,,,,,,,,,,,,,,,,,,,,,,,,,,,,,,,,,,,,,,,,,,,
0,0.3269,-0.057892,0.10834,0.25215,0.083285,0.7878,0.54987,-1.1935,1.4901,0.35539,-0.0069575,-0.29687,-0.62263,-0.51365,-0.83664,-0.85067,0.17583,0.63566,-1.2542,-0.45254,-0.58733,0.38356,0.23839,0.6794,1.6067,-0.60792,0.053625,0.93674,1.2768,0.91013,1.045,0.14867,-0.18581,2.2815,0.62963,1.2448,2.1277,0.59408,0.94885,0.68004,0.3735,-0.0015746,0.06389,-0.90089,-1.2352,-0.94085,-1.2686,1.3058,-0.72506,-0.46523,-0.52552,0.14662,0.031166,0.39543,0.047619,-0.53232,-0.64083,-0.59777,-0.2848,-0.21033,-0.27501,-0.19487,-0.66638,-1.0181,-1.3041,-0.6298,-0.68764,0.2031,0.61693,-0.095674,-0.89474,-1.5019,-1.0964,-1.1719,0.05753,0.062305,0.29126,0.27593,0.26125,1.584,-0.49982,-0.17844,0.6332,0.33983,0.55482,-0.29225,-0.77769,-0.47985,-1.5312,-1.7714,-0.0093077,-0.33404,0.75395,0.77166,0.13598,0.48684,-0.37659,0.36119,-0.59716,-0.23734,-0.1773,0.33644,0.85331,0.74099
0.3269,0,0.069366,0.25273,1.1729,2.1233,-0.080878,1.2213,0.12049,-0.023104,-0.29315,1.2332,0.81004,0.6424,0.26632,0.014082,-0.62823,-0.49999,-0.072649,0.2105,0.39757,0.15338,-0.49342,0.40293,-0.5984,0.044483,0.55103,0.81852,-0.22291,0.86693,-0.26668,-0.069115,1.822,0.66683,0.31252,0.51418,-0.13056,0.11456,-0.72541,0.90063,-0.57969,1.5308,-1.2203,-0.17367,-0.16585,-0.05835,0.19143,-0.042416,0.0042363,0.43919,0.43112,-0.67583,-0.54096,0.27078,-0.56787,-1.0427,-0.8993,-0.90867,-0.4161,0.083827,0.36378,-0.38071,0.17531,-0.95918,0.27935,0.11556,0.30116,0.45867,0.5941,0.3122,-0.36159,-0.28475,0.034688,0.034545,-0.15097,0.28771,0.58474,0.61166,0.61142,-0.70666,0.014448,0.074811,0.24964,0.50854,0.27095,-0.11163,-2.8866,-0.42889,-0.15839,-0.043503,-0.095527,-0.88118,-0.27074,-0.34556,0.113,-0.39468,-0.33251,0.39124,-0.072372,-1.5161,-2.3956,-1.4142,-1.0211,-0.45884,-0.34723
-0.057892,0.069366,0,2.2121,0.53433,0.088272,-0.97276,-0.46642,0.20841,-0.3616,1.0447,0.54996,0.61378,0.16906,1.1088,-0.68391,0.64696,0.98236,0.81526,-0.058298,-0.48731,0.8543,-1.0461,-1.4391,-0.3747,-0.37655,0.17031,-0.73655,-0.61401,-0.19884,-0.61739,-0.69613,0.30476,0.38978,-0.23202,-1.0102,0.17949,-0.10271,-0.26919,0.4484,-0.41019,-0.34377,-0.5118,-2.3409,-0.44276,-0.28409,-0.37801,0.59176,0.34935,0.60299,0.98858,0.8611,0.94529,2.2697,0.56841,0.48806,0.68929,0.64896,1.1283,2.104,1.5909,-1.3727,-1.5067,-0.65681,-0.050785,0.37497,0.942,-0.077482,-1.0934,-1.2108,-0.62185,-0.6538,0.17175,-0.43943,-0.46752,2.1224,1.3798,1.2475,1.2574,0.60512,0.1649,1.4235,1.9431,0.94146,1.5475,0.94616,-0.12866,0.87677,1.5357,0.22895,0.30726,0.68687,1.6382,0.45107,0.87392,1.1565,0.76486,1.2165,1.2902,-0.38237,-0.15033,0.38912,0.082437,-0.070347,0.45804
0.10834,0.25273,2.2121,0,0.75251,0.23851,-0.79476,-0.25276,0.13295,-0.23423,0.99833,0.71388,0.69811,0.19134,1.0222,-0.80219,0.42745,0.84768,0.86783,-0.12729,-0.44443,0.77611,-1.0475,-1.0651,-0.36709,-0.23863,0.19069,-0.54951,-0.5108,0.016891,-0.53186,-0.55448,0.48091,0.48166,-0.06397,-0.7142,0.25321,0.028162,-0.28718,0.70075,-0.39874,-0.1464,-0.67554,-2.2609,-0.59534,-0.41337,-0.4493,0.43376,0.45764,0.56586,0.96808,0.61022,0.79482,2.7731,0.50109,0.34456,0.45517,0.40676,0.81447,1.6119,1.5772,-1.6478,-1.3627,-0.94212,-0.090557,0.26355,0.84552,-0.067967,-0.81504,-0.87473,-0.64503,-0.85999,0.053636,-0.54803,-0.62319,2.6258,1.7612,1.7397,1.7497,0.50411,0.28188,1.1779,1.8528,1.2356,2.0969,0.98693,-0.3121,0.60631,1.1385,0.093274,0.16101,0.5181,1.18,0.46697,1.037,0.98341,0.73648,1.1661,1.2959,-0.61565,-0.3303,0.21587,0.0044009,-0.055925,0.47129
0.25215,1.1729,0.53433,0.75251,0,1.1179,-0.37278,0.48968,0.30415,-0.11847,0.14107,1.7704,1.2537,0.70377,0.72099,-0.34752,-0.10828,-0.020443,0.15049,0.13169,0.27859,0.65118,-0.84144,-0.081718,-0.60067,-0.10286,0.71865,0.34235,-0.35546,0.6114,-0.46941,-0.32085,1.6973,1.261,0.13769,0.03452,-0.074475,0.026596,-0.66091,1.1402,-0.59544,0.7304,-1.9119,-0.71655,-0.56791,-0.32135,-0.11528,0.17191,0.1527,0.64589,0.84041,-0.098224,-0.10085,0.72178,-0.25982,-0.47887,-0.27542,-0.34261,0.061244,0.52435,0.77377,-0.65217,-0.23674,-1.2534,0.29197,0.18464,0.5618,0.47909,0.1178,-0.09268,-0.24,-0.70203,-0.0066683,-0.2381,-0.44107,0.71596,1.1731,1.2109,1.2177,-0.29016,0.13669,0.52271,0.7668,0.76006,0.77738,0.18846,-1.342,-0.11201,0.29408,-0.06134,-0.0085556,-0.32405,0.2031,-0.1009,0.42671,0.0080126,-0.033423,0.7241,0.26949,-1.3905,-1.4503,-0.61225,-0.69566,-0.46661,-0.10948
0.083285,2.1233,0.088272,0.23851,1.1179,0,-0.25388,0.98951,0.34696,-0.25391,-0.40381,1.4147,1.0353,0.93534,0.41429,0.18563,-0.43752,-0.5868,-0.21925,0.45831,0.5536,0.30218,-0.64937,0.35734,-0.88679,-0.18488,0.79741,0.85689,-0.43873,0.5801,-0.48898,-0.27355,1.9523,0.79302,0.073939,0.37394,-0.36216,-0.12279,-1.0552,0.64712,-0.85864,1.3234,-1.387,-0.20022,0.0035218,0.1481,0.40015,0.1695,-0.21285,0.67516,0.59789,-0.54539,-0.62449,0.2776,-0.7464,-1.1861,-0.7409,-0.71769,-0.28687,0.159,0.44565,-0.326,0.23351,-0.75311,0.5201,0.34858,0.47973,0.69243,0.56164,0.1826,-0.35238,-0.11606,0.26676,0.23821,0.046321,0.28801,0.60138,0.55353,0.55801,-0.87212,-0.21635,0.19694,0.31172,0.36868,0.19999,-0.24654,-2.158,-0.26913,-0.053065,0.18196,0.13511,-0.94945,-0.19898,-0.55896,-0.042012,-0.45674,-0.48338,0.52438,-0.16305,-1.1593,-2.1933,-1.4165,-1.4194,-0.73071,-0.55863
0.7878,-0.080878,-0.97276,-0.79476,-0.37278,-0.25388,0,0.46422,-0.93707,1.3734,-0.23148,-0.62689,-0.94188,-0.74209,-1.7487,-0.079145,-0.91091,-0.29015,-0.069491,-0.69678,-0.052968,-1.3075,1.5339,0.83816,1.096,1.3776,-0.69197,0.32132,1.8599,0.63795,1.8046,2.2032,-0.34721,-0.54867,0.99719,1.0895,0.53666,0.89468,0.89064,0.049931,1.1505,0.25908,0.58286,0.99579,-0.19872,-0.42292,-0.33507,-1.861,0.38328,-1.5072,-1.6065,-0.79126,-0.2978,-0.91813,0.024586,-0.087724,-0.64111,-0.70391,-1.1891,-1.4049,-1.3436,0.587,0.48913,0.18304,-0.62475,-1.3963,-2.2096,-0.48327,0.63724,1.4139,0.47546,-0.046726,-1.0194,-0.29686,-0.2525,-0.88217,-0.85892,-0.57985,-0.59588,-0.048518,0.58798,-1.8413,-1.2342,-0.25094,-0.50441,-0.14058,0.13894,-1.2612,-1.4659,-1.082,-1.2405,-0.24738,-1.0925,0.23464,-0.064901,-0.40741,-0.059875,-1.6554,-0.3583,0.10998,0.1845,-0.15595,0.37506,0.73869,0.22378
0.54987,1.2213,-0.46642,-0.25276,0.48968,0.98951,0.46422,0,-0.21672,0.35183,-0.59199,0.4518,0.19581,0.23615,-0.3045,0.16322,-1.4416,-0.86108,-0.23901,0.0060446,0.40748,-0.37929,0.084901,1.0602,-0.13706,0.43591,0.16897,1.2144,0.23837,1.1892,0.21682,0.43075,0.76104,0.20032,0.65198,1.3455,0.011756,0.3802,-0.26505,0.58399,-0.1128,1.9335,-0.45957,0.3736,-0.047857,-0.071014,0.18629,-0.51416,0.035755,-0.066901,-0.14182,-1.6528,-0.88661,-0.25007,-0.63038,-1.1752,-2.2693,-2.2237,-1.1832,-0.49427,-0.20339,0.046653,0.58214,-0.48514,0.050203,-0.26375,-0.23697,0.22007,1.2387,0.99374,-0.099153,-0.077276,-0.23609,0.064746,-0.072597,-0.22361,0.0094792,0.088263,0.083398,-0.83275,0.12844,-0.51908,-0.32042,0.16353,-0.16218,-0.33022,-1.0813,-1.0602,-0.8021,-0.32998,-0.44316,-1.2643,-0.92768,-0.33344,-0.103,-0.77818,-0.48584,-0.1753,-0.39903,-0.81735,-0.99409,-1.6543,-0.66141,-0.14196,-0.33723
-1.1935,0.12049,0.20841,0.13295,0.30415,0.34696,-0.93707,-0.21672,0,-1.4008,-0.34459,0.51955,0.88663,1.3957,0.92858,0.57202,0.68972,-0.26102,-0.67014,1.4948,0.84114,1.1324,-0.74086,-0.1765,-1.1057,-1.5254,1.5098,0.2257,-1.115,-0.54048,-1.3459,-1.286,0.35845,0.85823,-1.2948,-0.48182,-1.5259,-1.6943,-1.0605,-0.32017,-1.0875,0.036201,-0.5414,-0.31609,0.40024,0.73363,0.77377,1.2736,-1.1013,1.2634,0.91143,0.3923,-0.29791,0.18309,-0.68069,-0.35878,0.29546,0.32425,0.51969,0.44294,0.46204,0.10179,0.17772,0.18223,1.841,1.3391,0.89776,1.4461,-0.026695,-0.52311,0.1617,0.39757,1.1405,0.8032,0.67295,0.1506,0.29971,0.090819,0.10615,-0.51474,-1.1525,0.73147,0.45312,-0.32061,-0.053147,-0.54613,-0.18164,0.49209,0.54231,1.0334,1.2847,-0.23157,0.33431,-0.93668,-0.5435,-0.24596,-0.62981,0.64523,-0.32922,0.094138,-0.25891,-0.16012,-0.78899,-1.6623,-0.94046
1.4901,-0.023104,-0.3616,-0.23423,-0.11847,-0.25391,1.3734,0.35183,-1.4008,0,0.22608,-0.41641,-0.73042,-0.97029,-0.96722,-0.60046,-0.75222,0.12014,0.39571,-1.4098,-0.39606,-0.90067,0.90087,0.36596,1.2748,2.8597,-0.87571,0.022675,1.8597,0.8481,1.732,1.833,-0.22622,-0.43788,1.6198,0.69598,1.1395,1.7538,1.0871,0.42639,1.3006,0.1643,0.38921,0.38746,-0.67293,-1.0211,-0.88958,-2.1584,0.99159,-1.3867,-0.97301,-0.49473,0.094687,-0.33001,0.39861,0.16873,-0.42715,-0.52581,-0.71488,-0.63301,-0.64084,0.10865,0.0038864,-0.18764,-1.1215,-2.9516,-1.247,-0.81283,0.25648,0.82012,0.23073,-0.53792,-2.1207,-0.87588,-0.81295,-0.30917,-0.34863,-0.1138,-0.12849,0.29859,1.3147,-0.88312,-0.54876,0.19386,0.0022325,0.33476,0.06047,-0.91364,-0.74025,-2.0769,-2.7317,0.05259,-0.52172,0.71567,0.44223,0.020327,0.37658,-0.87577,0.12126,-0.14298,0.11071,0.0088602,0.59682,1.1577,0.69792
0.35539,-0.29315,1.0447,0.99833,0.14107,-0.40381,-0.23148,-0.59199,-0.34459,0.22608,0,-0.0090307,-0.031642,-0.47823,0.30291,-1.4665,0.42541,2.2184,1.5038,-0.73415,-1.0727,0.24191,-0.22516,-1.1761,0.31539,0.18478,-0.41953,-1.229,0.063396,-0.047736,0.067773,-0.043997,-0.15356,-0.058899,0.19167,-0.67442,0.82527,0.40844,0.41823,0.42458,0.28049,-0.61768,0.02316,-0.89681,-0.84536,-0.84404,-1.166,-0.0014528,0.99173,-0.097789,0.19896,0.75551,1.912,0.88246,1.471,1.1267,0.71508,0.61072,0.69075,0.73423,0.52512,-0.85216,-1.9573,-0.45403,-0.6867,-0.24427,0.16108,-0.68979,-1.2093,-0.63201,-0.31481,-0.9819,-0.40768,-1.1533,-0.99668,0.88008,0.56508,0.68831,0.68023,1.5258,0.76598,0.50468,0.68368,0.83547,1.1676,1.8821,0.25142,0.46638,0.70875,-0.31466,-0.23008,1.3109,0.96405,1.3705,1.4494,1.9109,1.8631,0.32545,1.8269,-0.13516,0.2531,0.82377,0.76434,0.59841,1.371
-0.0069575,1.2332,0.54996,0.71388,1.7704,1.4147,-0.62689,0.4518,0.51955,-0.41641,-0.0090307,0,1.8538,1.0312,0.93698,-0.089759,-0.029073,-0.13842,0.022832,0.4167,0.36066,0.76881,-1.2075,-0.096845,-1.0391,-0.37577,0.95374,0.37614,-0.69159,0.3604,-0.79804,-0.58958,2.0076,1.2192,-0.096516,-0.055534,-0.30872,-0.22244,-1.112,0.77184,-1.0347,0.69701,-3.093,-0.71197,-0.22381,-0.002837,0.1732,0.43575,-0.092955,1.0327,1.1646,-0.072041,-0.18949,0.74973,-0.40349,-0.59781,-0.24408,-0.26008,0.14697,0.63115,0.9666,-0.66071,-0.16339,-0.98746,0.52212,0.50232,0.8855,0.66969,0.10746,-0.22207,-0.4097,-0.37487,0.31358,0.039969,-0.14108,0.74654,1.2235,1.0662,1.0806,-0.43166,-0.14826,0.67321,0.84899,0.6258,0.62523,0.050129,-1.3907,0.068459,0.39283,0.25514,0.27949,-0.40967,0.25105,-0.31776,0.22601,-0.053037,-0.1715,1.0214,0.17911,-1.176,-1.5188,-0.68753,-1.0005,-0.75566,-0.31916
-0.29687,0.81004,0.61378,0.69811,1.2537,1.0353,-0.94188,0.19581,0.88663,-0.73042,-0.031642,1.8538,0,1.4035,1.3457,0.040428,0.2459,-0.1047,-0.10674,0.67203,0.46836,1.1698,-1.539,-0.23154,-1.373,-0.70466,1.3331,0.27876,-1.0187,0.069858,-1.2204,-0.9551,1.2925,1.444,-0.40182,-0.28089,-0.55627,-0.52862,-1.3937,0.44926,-1.3743,0.44854,-1.8552,-0.79594,-0.083932,0.17647,0.31238,0.76703,-0.30851,1.5559,1.6632,0.14869,-0.15566,0.7501,-0.45383,-0.49908,-0.015542,-0.021212,0.37151,0.78679,1.0842,-0.53297,-0.16053,-0.63389,0.80456,0.81257,1.2262,0.91636,-0.015979,-0.43808,-0.29781,-0.2053,0.56711,0.20846,0.043695,0.72965,1.1379,0.87695,0.89593,-0.4227,-0.37939,0.94729,0.98653,0.40837,0.53933,-0.049367,-0.91788,0.28539,0.60441,0.50413,0.57469,-0.30704,0.41148,-0.45503,0.075129,-0.030731,-0.24695,1.2512,0.11852,-0.72226,-1.0248,-0.48826,-1.0284,-1.0709,-0.45611
-0.62263,0.6424,0.16906,0.19134,0.70377,0.93534,-0.74209,0.23615,1.3957,-0.97029,-0.47823,1.0312,1.4035,0,0.87134,0.5123,0.21861,-0.50049,-0.61518,1.3078,0.99922,0.9018,-0.9017,0.064807,-1.5693,-0.93812,2.3958,0.57998,-1.0121,-0.086906,-1.2133,-0.93528,0.90867,1.1843,-0.65151,-0.12649,-1.1922,-0.92742,-1.7861,0.053583,-1.5008,0.505,-1.062,-0.30769,0.28131,0.57878,0.79034,0.83447,-0.84275,1.4272,1.0155,0.0063132,-0.55112,0.24481,-0.98539,-0.81451,-0.12031,-0.095373,0.18753,0.36902,0.54053,-0.057687,0.26939,-0.17546,1.6269,1.0449,0.89799,1.8386,0.26135,-0.23773,-0.0258,0.22481,0.87814,0.69289,0.48457,0.22671,0.49289,0.30685,0.32078,-0.87222,-0.85249,0.58253,0.46363,-0.064158,0.042276,-0.54567,-0.70653,0.17659,0.31779,0.74716,0.81489,-0.6125,0.11178,-1.0718,-0.41632,-0.43215,-0.76117,0.73212,-0.3437,-0.34554,-0.80251,-0.63986,-1.5765,-2.264,-1.0756
-0.51365,0.26632,1.1088,1.0222,0.72099,0.41429,-1.7487,-0.3045,0.92858,-0.96722,0.30291,0.93698,1.3457,0.87134,0,-0.10078,0.77122,0.30492,0.10888,0.56348,0.14318,1.9091,-1.8858,-0.77178,-1.0511,-0.99695,0.87912,-0.20239,-1.3164,-0.3276,-1.5376,-1.5336,0.59423,0.93363,-0.70498,-0.88088,-0.45037,-0.67909,-0.90735,0.21148,-1.0887,-0.071609,-0.91225,-1.3024,-0.08305,0.16777,0.15936,1.2387,-0.23779,1.5519,2.4277,0.69456,0.26669,1.1095,-0.066282,-0.0033757,0.50474,0.50066,1.0095,1.5134,1.598,-0.67665,-0.53135,-0.41478,0.6198,0.99942,1.8479,0.57851,-0.52143,-1.0946,-0.34807,-0.21183,0.67717,0.11066,0.022681,1.0516,1.2141,0.87124,0.89226,0.0048001,-0.37793,2.1117,1.6417,0.40543,0.72929,0.19946,-0.34752,0.83238,1.366,0.68418,0.83283,0.17198,1.0309,-0.18611,0.20951,0.37862,0.068594,1.8144,0.40858,-0.33464,-0.40871,0.031363,-0.4637,-0.76551,-0.18347
-0.83664,0.014082,-0.68391,-0.80219,-0.34752,0.18563,-0.079145,0.16322,0.57202,-0.60046,-1.4665,-0.089759,0.040428,0.5123,-0.10078,0,-0.040093,-1.0926,-1.3716,1.0926,0.81667,-0.064494,0.068064,0.57949,-0.46587,-0.55665,0.43483,0.61883,-0.35352,-0.40261,-0.31735,-0.26414,-0.043572,-0.034554,-0.61035,0.21326,-1.1556,-0.8175,-0.5088,-0.8389,-0.44064,0.19708,0.094158,0.6513,1.5496,1.6366,1.8739,0.35494,-1.6067,0.27939,-0.039666,-0.30282,-0.96863,-0.66496,-1.0239,-0.65208,-0.25509,-0.14634,-0.24441,-0.41029,-0.32868,0.74731,1.0975,0.73067,0.85848,0.59428,0.079811,0.68816,0.56792,0.19139,0.18614,1.7814,0.84898,2.2242,2.0557,-0.67187,-0.52485,-0.75529,-0.74009,-0.95103,-1.3656,-0.21357,-0.46505,-1.0115,-1.1303,-1.521,0.015592,-0.015518,-0.30994,0.76179,0.64904,-0.70258,-0.47414,-1.431,-1.9524,-0.96254,-1.3076,-0.1255,-1.2391,0.41208,0.0031893,-0.40503,-0.61525,-0.71963,-1.3964
-0.85067,-0.62823,0.64696,0.42745,-0.10828,-0.43752,-0.91091,-1.4416,0.68972,-0.75222,0.42541,-0.029073,0.2459,0.21861,0.77122,-0.040093,0,0.61286,0.045887,0.34339,-0.063092,0.92359,-0.46556,-1.0851,-0.26762,-0.88252,0.29181,-0.72992,-0.63354,-1.1442,-0.66959,-0.92737,-0.28417,0.23674,-1.0747,-1.7814,-0.35105,-0.76904,-0.15284,-0.44584,-0.28755,-0.94196,0.02676,-0.62985,0.068351,0.21812,0.02984,0.99765,-0.28245,0.51028,0.57284,1.9214,0.58954,0.44048,0.26211,0.61332,1.7254,1.681,1.6896,0.79397,0.50482,-0.12757,-0.50719,0.30746,0.35144,0.65049,0.63705,0.20161,-0.99288,-1.3666,0.09587,0.074987,0.53523,0.12103,0.18349,0.39914,0.26762,0.12366,0.13382,0.42782,-0.38797,0.9709,0.636,-0.12331,0.2692,0.16161,0.52787,1.2642,1.2113,0.61064,0.81549,0.75397,1.1552,0.022841,0.0079503,0.57032,0.21855,0.52508,0.3014,0.50501,0.45136,0.8357,0.18312,-0.28678,0.023521
0.17583,-0.49999,0.98236,0.84768,-0.020443,-0.5868,-0.29015,-0.86108,-0.26102,0.12014,2.2184,-0.13842,-0.1047,-0.50049,0.30492,-1.0926,0.61286,0,1.204,-0.61498,-1.0628,0.26666,-0.18835,-1.4005,0.32137,0.069953,-0.43441,-1.6574,0.01155,-0.2533,0.025658,-0.11877,-0.32147,-0.13565,0.029408,-0.87459,0.67498,0.25938,0.44608,0.20121,0.28589,-0.89111,0.15496,-0.81543,-0.62932,-0.63635,-0.96089,0.099467,0.76303,-0.090074,0.17701,0.99772,2.6671,0.76816,1.5584,1.4838,0.98942,0.8686,0.8657,0.7359,0.47278,-0.68325,-1.7462,-0.24205,-0.60558,-0.15441,0.1755,-0.67621,-1.578,-0.77696,-0.25151,-0.70555,-0.28599,-0.88915,-0.72931,0.7564,0.43593,0.50342,0.49877,1.8269,0.57677,0.53721,0.63106,0.59324,0.91114,1.4346,0.44727,0.63264,0.80179,-0.18646,-0.10045,1.8267,1.1013,1.2105,1.0553,2.182,1.6492,0.29972,1.4638,0.065494,0.44449,1.1337,0.88492,0.56684,1.215
0.63566,-0.072649,0.81526,0.86783,0.15049,-0.21925,-0.069491,-0.23901,-0.67014,0.39571,1.5038,0.022832,-0.10674,-0.61518,0.10888,-1.3716,0.045887,1.204,0,-0.93736,-1.5066,-0.040837,-0.15828,-0.73328,0.33717,0.40134,-0.63522,-0.89579,0.15925,0.17969,0.21182,0.14721,-0.051614,-0.24416,0.47542,-0.33014,1.2023,0.71011,0.41791,0.6199,0.30337,-0.35234,0.014308,-0.65767,-0.72538,-0.85495,-1.0764,-0.20039,1.3682,-0.21086,0.070054,0.33313,1.2508,0.80291,1.4291,0.8019,0.3193,0.27462,0.34285,0.53609,0.45532,-1.0763,-1.4248,-0.66662,-1.0118,-0.3761,0.063532,-0.9822,-0.79991,-0.36196,-0.64448,-0.9645,-0.50914,-1.2267,-1.0821,0.83404,0.53721,0.71254,0.69809,1.1812,0.96567,0.27418,0.50712,1.1673,1.0593,2.6387,0.068379,0.26673,0.41338,-0.41238,-0.41273,0.85435,0.60148,1.5507,1.8321,1.3591,2.0221,0.26104,1.8735,-0.34958,0.10672,0.50001,0.68154,0.78713,1.5894
-1.2542,0.2105,-0.058298,-0.12729,0.13169,0.45831,-0.69678,0.0060446,1.4948,-1.4098,-0.73415,0.4167,0.67203,1.3078,0.56348,1.0926,0.34339,-0.61498,-0.93736,0,0.93041,0.59375,-0.5559,0.10445,-1.2258,-1.3383,1.1651,0.44378,-1.0583,-0.50388,-1.0979,-0.96802,0.33782,0.5124,-1.1203,-0.20232,-2.2316,-1.6373,-1.236,-0.46317,-1.1903,0.1843,-0.41417,-0.013807,0.85713,1.331,1.5236,1.0278,-1.7557,1.0509,0.62712,0.073208,-0.59926,-0.042649,-0.98745,-0.61594,0.022794,0.10167,0.21731,0.18165,0.26251,0.23021,0.46878,0.2935,1.9479,1.4278,0.71994,1.3695,0.21632,-0.27544,0.024184,0.79711,1.5764,1.4756,1.1833,-0.059833,0.088143,-0.12307,-0.10853,-0.83306,-1.9316,0.40252,0.17065,-0.47048,-0.34199,-0.86996,-0.23184,0.34564,0.23879,1.3261,1.3353,-0.51069,0.043916,-1.5186,-0.90348,-0.51876,-0.96817,0.47109,-0.59766,0.1139,-0.28506,-0.37866,-1.0241,-1.7789,-1.4865
-0.45254,0.39757,-0.48731,-0.44443,0.27859,0.5536,-0.052968,0.40748,0.84114,-0.39606,-1.0727,0.36066,0.46836,0.99922,0.14318,0.81667,-0.063092,-1.0628,-1.5066,0.93041,0,0.30073,-0.10045,0.63483,-0.53516,-0.40574,1.0866,1.1404,-0.25531,0.063388,-0.36783,-0.25109,0.43826,0.70362,-0.37837,0.32527,-1.1609,-0.63875,-0.65582,-0.19484,-0.49328,0.64167,-0.41645,0.31011,0.34196,0.53535,0.80342,0.2401,-1.0045,0.42925,0.19861,-0.33428,-1.2341,-0.4255,-1.8418,-1.0921,-0.40253,-0.4005,-0.29348,-0.2946,-0.17062,0.63067,0.9901,0.23033,1.2476,0.40176,0.11373,1.5304,0.83216,0.3152,0.58647,0.46328,0.42506,0.82184,0.62777,-0.45132,-0.14882,-0.25896,-0.24887,-1.4348,-0.74383,-0.066944,-0.19414,-0.61686,-0.5268,-1.3424,-0.42305,-0.33084,-0.26712,0.31241,0.35391,-1.0254,-0.46222,-1.466,-0.94495,-1.206,-1.697,-0.024087,-1.1366,-0.016755,-0.48362,-0.75707,-1.0614,-1.0822,-1.5322
-0.58733,0.15338,0.8543,0.77611,0.65118,0.30218,-1.3075,-0.37929,1.1324,-0.90067,0.24191,0.76881,1.1698,0.9018,1.9091,-0.064494,0.92359,0.26666,-0.040837,0.59375,0.30073,0,-1.2158,-0.68256,-0.86273,-0.99018,1.0151,-0.1504,-1.0359,-0.36097,-1.2966,-1.3555,0.48019,1.1138,-0.79905,-0.86587,-0.55475,-0.77647,-0.76706,0.10904,-0.87501,-0.10199,-0.78608,-1.0431,-0.1272,0.14393,0.14217,1.142,-0.31933,1.2755,1.5432,0.77238,0.20024,0.79973,-0.14162,-0.00035601,0.57126,0.53386,0.98316,1.1153,1.0603,-0.40677,-0.40017,-0.24914,0.7416,0.89018,1.2404,0.71256,-0.45157,-0.95316,-0.052261,-0.18375,0.60107,0.13508,0.049279,0.7417,0.89128,0.65279,0.66996,-0.036206,-0.41239,1.5596,1.2087,0.20258,0.56842,0.07305,-0.24706,0.70615,1.1759,0.59663,0.7954,0.16381,0.908,-0.24863,0.097421,0.27283,-0.033168,1.1485,0.2543,-0.18303,-0.31858,0.07754,-0.43152,-0.8231,-0.25354
0.38356,-0.49342,-1.0461,-1.0475,-0.84144,-0.64937,1.5339,0.084901,-0.74086,0.90087,-0.22516,-1.2075,-1.539,-0.9017,-1.8858,0.068064,-0.46556,-0.18835,-0.15828,-0.5559,-0.10045,-1.2158,0,0.6022,1.2811,0.85944,-0.81669,0.093123,1.3988,0.1783,1.4788,1.2912,-0.81779,-0.82795,0.52322,0.62845,0.38976,0.54404,1.1201,-0.34442,1.3437,-0.099232,1.1235,1.1822,0.022369,-0.20276,-0.2287,-1.0566,0.19596,-1.6563,-2.5074,-0.42465,-0.17508,-1.1923,0.11342,0.14509,-0.26847,-0.28995,-0.72815,-1.366,-1.9076,0.86692,0.48521,0.60214,-0.55295,-0.98738,-2.1286,-0.53084,0.38516,0.87,0.61911,0.20484,-0.69439,-0.13116,-0.023694,-1.1679,-1.4386,-1.0202,-1.0429,0.087117,0.35132,-1.5108,-1.5227,-0.56651,-0.75135,-0.21292,0.5605,-0.69769,-1.0541,-0.6884,-0.75009,-0.027612,-0.81271,0.21152,-0.24179,-0.31447,-0.050831,-2.6407,-0.42209,0.55717,0.61191,0.15347,0.60656,0.75745,0.2034
0.23839,0.40293,-1.4391,-1.0651,-0.081718,0.35734,0.83816,1.0602,-0.1765,0.36596,-1.1761,-0.096845,-0.23154,0.064807,-0.77178,0.57949,-1.0851,-1.4005,-0.73328,0.10445,0.63483,-0.68256,0.6022,0,0.12464,0.41405,0.036776,1.3359,0.47458,0.57889,0.45356,0.63055,0.14385,-0.097259,0.40111,1.6885,-0.18464,0.18829,-0.0020417,-0.044487,0.16075,0.89653,0.07203,1.2007,0.28727,0.19304,0.39984,-0.61202,-0.275,-0.36067,-0.60564,-1.5584,-1.4049,-1.0598,-0.82529,-0.97149,-1.3741,-1.2986,-1.7326,-1.3316,-0.87749,0.7597,1.4755,0.18557,0.13065,-0.3302,-0.65771,0.23199,2.1439,1.627,0.37181,0.39562,-0.18558,0.37595,0.30845,-1.0267,-0.66445,-0.59505,-0.59977,-0.97307,-0.10585,-1.12,-1.0593,-0.48995,-0.89568,-0.87674,-0.33885,-1.2651,-1.6326,-0.27274,-0.37462,-1.2689,-2.3264,-0.55406,-0.64601,-1.5344,-0.88933,-0.73637,-1.1202,-0.079342,-0.30649,-0.93248,-0.41485,-0.090462,-0.56303
0.6794,-0.5984,-0.3747,-0.36709,-0.60067,-0.88679,1.096,-0.13706,-1.1057,1.2748,0.31539,-1.0391,-1.373,-1.5693,-1.0511,-0.46587,-0.26762,0.32137,0.33717,-1.2258,-0.53516,-0.86273,1.2811,0.12464,0,1.1427,-1.242,-0.31472,1.6192,0.22502,1.6912,1.2445,-0.83061,-0.77826,0.73101,0.29154,0.94429,0.92453,2.6429,-0.047658,3.6328,-0.33308,0.98189,0.45599,-0.4147,-0.69685,-0.82299,-1.1162,0.71831,-2.0025,-1.2834,-0.10306,0.317,-0.46584,0.63197,0.57884,0.012017,-0.050865,-0.34949,-0.60764,-0.83329,0.31913,-0.054134,0.25311,-1.1217,-1.4691,-1.3779,-1.0238,-0.036153,0.46623,0.41192,-0.25312,-1.1947,-0.67775,-0.50605,-0.45486,-0.66057,-0.42599,-0.44028,0.59766,0.88577,-0.78821,-0.65339,-0.10493,-0.16441,0.30832,0.64331,-0.44674,-0.51504,-1.0811,-1.0615,0.40654,-0.30415,0.80308,0.26869,0.18284,0.47278,-1.1181,0.10798,0.37734,0.69476,0.48524,1.2078,1.494,0.78791
1.6067,0.044483,-0.37655,-0.23863,-0.10286,-0.18488,1.3776,0.43591,-1.5254,2.8597,0.18478,-0.37577,-0.70466,-0.93812,-0.99695,-0.55665,-0.88252,0.069953,0.40134,-1.3383,-0.40574,-0.99018,0.85944,0.41405,1.1427,0,-0.886,0.064043,1.6685,0.91718,1.6648,1.9015,-0.17686,-0.4662,1.8673,0.77743,1.1442,1.9241,0.97791,0.45955,1.1618,0.22449,0.35683,0.40873,-0.60714,-0.93966,-0.8037,-2.3242,0.9802,-1.3192,-0.96153,-0.58849,0.054908,-0.32468,0.36762,0.11143,-0.51515,-0.60649,-0.79595,-0.64853,-0.62123,0.074762,0.025989,-0.22917,-1.1327,-2.2691,-1.1914,-0.81965,0.30126,0.87574,0.1447,-0.50717,-1.8016,-0.82139,-0.7732,-0.29858,-0.33254,-0.099354,-0.11429,0.25289,1.2661,-0.9247,-0.56118,0.22905,-0.0057159,0.32508,0.0014934,-0.95211,-0.79453,-1.8047,-2.6313,-0.0043093,-0.57158,0.67727,0.43508,-0.0075092,0.35558,-0.83772,0.11464,-0.20071,0.057268,-0.059057,0.53212,1.1249,0.66378
-0.60792,0.55103,0.17031,0.19069,0.71865,0.79741,-0.69197,0.16897,1.5098,-0.87571,-0.41953,0.95374,1.3331,2.3958,0.87912,0.43483,0.29181,-0.43441,-0.63522,1.1651,1.0866,1.0151,-0.81669,0.036776,-1.242,-0.886,0,0.54796,-0.87658,-0.085207,-1.1036,-0.88969,0.82851,1.4105,-0.65684,-0.15879,-1.1618,-0.91586,-1.3574,0.050649,-1.1955,0.45361,-1.0123,-0.32607,0.17498,0.46877,0.65344,0.78777,-0.79707,1.2658,0.97065,0.075116,-0.50812,0.22518,-0.93996,-0.72417,-0.055026,-0.053286,0.22165,0.35973,0.49458,-0.00020962,0.25397,-0.14214,1.6352,0.91555,0.80427,2.0237,0.23697,-0.23956,0.12083,0.15872,0.74554,0.60001,0.41023,0.19995,0.46898,0.29503,0.30895,-0.79701,-0.76856,0.59063,0.46477,-0.10396,0.057595,-0.53795,-0.62727,0.15187,0.33436,0.63255,0.74161,-0.54044,0.13514,-0.98508,-0.39613,-0.41427,-0.73825,0.65712,-0.34749,-0.29048,-0.72813,-0.5499,-1.3068,-1.9412,-0.9993
0.053625,0.81852,-0.73655,-0.54951,0.34235,0.85689,0.32132,1.2144,0.2257,0.022675,-1.229,0.37614,0.27876,0.57998,-0.20239,0.61883,-0.72992,-1.6574,-0.89579,0.44378,1.1404,-0.1504,0.093123,1.3359,-0.31472,0.064043,0.54796,0,0.058748,0.57946,-0.0028072,0.17348,0.61432,0.39601,0.15645,1.0162,-0.50536,-0.091942,-0.46362,0.12977,-0.27725,1.4402,-0.41293,0.55086,0.23342,0.28919,0.59122,-0.20677,-0.48074,0.11544,-0.073613,-1.1035,-1.9662,-0.53259,-1.4861,-2.0231,-1.2455,-1.2103,-0.93817,-0.60931,-0.33745,0.47392,1.1943,-0.052831,0.54338,0.024707,-0.1624,0.73125,1.8928,0.87577,0.28919,0.29268,0.079871,0.51375,0.34825,-0.52605,-0.1967,-0.20752,-0.20533,-1.7973,-0.3129,-0.45564,-0.43612,-0.31219,-0.52473,-0.98496,-0.77366,-0.87455,-0.76015,-0.030137,-0.080094,-2.4802,-1.0295,-0.93493,-0.6321,-1.6817,-1.26,-0.22108,-1.0241,-0.3562,-0.78073,-1.6407,-1.023,-0.55409,-0.95289
0.93674,-0.22291,-0.61401,-0.5108,-0.35546,-0.43873,1.8599,0.23837,-1.115,1.8597,0.063396,-0.69159,-1.0187,-1.0121,-1.3164,-0.35352,-0.63354,0.01155,0.15925,-1.0583,-0.25531,-1.0359,1.3988,0.47458,1.6192,1.6685,-0.87658,0.058748,0,0.58217,2.4138,2.1008,-0.45113,-0.55075,1.0737,0.70697,0.8089,1.1154,1.305,0.12678,1.7024,0.059944,0.64015,0.64631,-0.44199,-0.71257,-0.66161,-1.9132,0.64546,-1.9167,-1.4162,-0.46834,-0.0096311,-0.62864,0.2894,0.17434,-0.3632,-0.44515,-0.76083,-0.92213,-1.0266,0.40948,0.19414,0.11301,-0.88916,-2.1075,-1.9773,-0.70127,0.32688,0.92381,0.4799,-0.26744,-1.473,-0.58713,-0.50367,-0.60999,-0.67336,-0.41196,-0.42711,0.22863,0.89028,-1.1704,-0.85488,-0.10564,-0.25887,0.11225,0.26566,-0.93336,-0.91498,-1.4775,-1.5561,0.030301,-0.66369,0.52522,0.17075,-0.11937,0.20442,-1.3706,-0.098307,0.13083,0.30883,0.081763,0.65257,1.0567,0.5091
1.2768,0.86693,-0.19884,0.016891,0.6114,0.5801,0.63795,1.1892,-0.54048,0.8481,-0.047736,0.3604,0.069858,-0.086906,-0.3276,-0.40261,-1.1442,-0.2533,0.17969,-0.50388,0.063388,-0.36097,0.1783,0.57889,0.22502,0.91718,-0.085207,0.57946,0.58217,0,0.50648,0.71157,0.60435,0.2003,1.2754,0.98777,0.48867,0.92048,0.11507,1.1157,0.24193,1.0433,-0.38607,0.12294,-0.66139,-0.71416,-0.40488,-0.89349,0.58181,-0.32536,-0.22469,-0.91337,-0.31141,-0.042001,-0.13157,-0.48824,-1.0527,-1.2706,-0.87551,-0.3484,-0.15606,-0.15209,0.14091,-0.79122,-0.34882,-0.73281,-0.41458,-0.11421,0.65077,0.86101,-0.0057687,-0.65266,-0.82501,-0.52577,-0.69035,-0.021172,0.14817,0.32885,0.31798,-0.25454,0.72871,-0.46086,-0.16742,0.48312,0.2011,0.12501,-0.82269,-1.1605,-0.6158,-0.94531,-1.0256,-0.51952,-0.58153,0.17835,0.38187,-0.28222,-0.0032327,-0.2412,0.010377,-0.96603,-0.76162,-0.74645,-0.19363,0.24471,0.16641
0.91013,-0.26668,-0.61739,-0.53186,-0.46941,-0.48898,1.8046,0.21682,-1.3459,1.732,0.067773,-0.79804,-1.2204,-1.2133,-1.5376,-0.31735,-0.66959,0.025658,0.21182,-1.0979,-0.36783,-1.2966,1.4788,0.45356,1.6912,1.6648,-1.1036,-0.0028072,2.4138,0.50648,0,2.283,-0.53303,-0.75319,1.0763,0.68952,0.88316,1.1617,1.3905,0.073501,1.7505,0.0021079,0.76207,0.69427,-0.33203,-0.61961,-0.61112,-1.8533,0.65873,-2.4711,-1.6401,-0.48234,0.028628,-0.63198,0.35649,0.22239,-0.3551,-0.41113,-0.7582,-0.92795,-1.0371,0.36985,0.17146,0.14302,-1.0319,-1.8863,-1.9551,-0.86024,0.28172,0.87739,0.33918,-0.19534,-1.2942,-0.54946,-0.44482,-0.60442,-0.72606,-0.45597,-0.47238,0.27861,0.86157,-1.2504,-0.91148,-0.093667,-0.28845,0.14615,0.32505,-0.82027,-0.9243,-1.2576,-1.4289,0.06702,-0.65612,0.56769,0.16997,-0.076035,0.25482,-1.3737,-0.064681,0.16685,0.3812,0.12023,0.73025,1.2282,0.55727
1.045,-0.069115,-0.69613,-0.55448,-0.32085,-0.27355,2.2032,0.43075,-1.286,1.833,-0.043997,-0.58958,-0.9551,-0.93528,-1.5336,-0.26414,-0.92737,-0.11877,0.14721,-0.96802,-0.25109,-1.3555,1.2912,0.63055,1.2445,1.9015,-0.88969,0.17348,2.1008,0.71157,2.283,0,-0.33225,-0.61532,1.2943,0.94772,0.80106,1.235,1.0282,0.18305,1.2869,0.20444,0.56013,0.74501,-0.32821,-0.59763,-0.5177,-2.6013,0.61723,-1.6979,-1.4437,-0.7076,-0.11996,-0.65101,0.20656,0.033532,-0.57641,-0.64221,-1.0171,-1.0346,-1.0135,0.35543,0.27261,0.037367,-0.89216,-1.8183,-1.8011,-0.69785,0.46204,1.1463,0.30042,-0.20499,-1.2786,-0.49522,-0.43603,-0.61745,-0.65615,-0.39724,-0.41301,0.1137,0.83203,-1.4221,-0.94297,-0.052529,-0.30078,0.070545,0.12882,-1.0886,-1.1473,-1.3148,-1.6032,-0.11376,-0.8442,0.44121,0.13936,-0.20854,0.14093,-1.287,-0.13906,0.013339,0.18274,-0.080538,0.50033,0.98944,0.43141
0.14867,1.822,0.30476,0.48091,1.6973,1.9523,-0.34721,0.76104,0.35845,-0.22622,-0.15356,2.0076,1.2925,0.90867,0.59423,-0.043572,-0.28417,-0.32147,-0.051614,0.33782,0.43826,0.48019,-0.81779,0.14385,-0.83061,-0.17686,0.82851,0.61432,-0.45113,0.60435,-0.53303,-0.33225,0,1.0463,0.094598,0.20919,-0.24932,-0.073109,-0.95359,0.87793,-0.81712,1.0575,-2.0439,-0.4454,-0.2283,-0.042992,0.18258,0.20223,-0.060532,0.73569,0.7755,-0.33678,-0.37679,0.49915,-0.52866,-0.84412,-0.52423,-0.54602,-0.117,0.34862,0.63897,-0.50381,0.014226,-1.0169,0.44631,0.31158,0.57655,0.63738,0.35088,0.040568,-0.33995,-0.35558,0.1735,0.037319,-0.15608,0.50698,0.88977,0.85492,0.86128,-0.59767,-0.071393,0.3719,0.53927,0.57118,0.45903,-0.049186,-2.0788,-0.18364,0.12213,0.098331,0.096523,-0.64791,-0.0044573,-0.36183,0.16384,-0.23772,-0.2799,0.67674,0.039602,-1.4261,-2.4662,-1.014,-1.113,-0.656,-0.3648
-0.18581,0.66683,0.38978,0.48166,1.261,0.79302,-0.54867,0.20032,0.85823,-0.43788,-0.058899,1.2192,1.444,1.1843,0.93363,-0.034554,0.23674,-0.13565,-0.24416,0.5124,0.70362,1.1138,-0.82795,-0.097259,-0.77826,-0.4662,1.4105,0.39601,-0.55075,0.2003,-0.75319,-0.61532,1.0463,0,-0.28775,-0.15389,-0.52567,-0.42138,-0.83954,0.45059,-0.75976,0.49727,-1.3631,-0.59564,-0.30675,-0.023354,0.1428,0.47664,-0.26431,0.91437,0.98495,0.12402,-0.23924,0.46369,-0.5314,-0.50722,-0.039839,-0.10015,0.23969,0.4896,0.62747,-0.2321,-0.027529,-0.49347,0.7936,0.46929,0.6685,1.0349,0.11975,-0.22171,0.13523,-0.31526,0.27251,0.093176,-0.074748,0.43327,0.77089,0.65798,0.67077,-0.45866,-0.23866,0.65455,0.68208,0.22278,0.42234,-0.15328,-0.78572,0.03377,0.3994,0.20304,0.32252,-0.34009,0.24899,-0.43649,0.027725,-0.16298,-0.33795,0.67716,-0.033325,-0.57651,-0.90417,-0.46462,-0.8555,-0.92292,-0.4527
2.2815,0.31252,-0.23202,-0.06397,0.13769,0.073939,0.99719,0.65198,-1.2948,1.6198,0.19167,-0.096516,-0.40182,-0.65151,-0.70498,-0.61035,-1.0747,0.029408,0.47542,-1.1203,-0.37837,-0.79905,0.52322,0.40111,0.73101,1.8673,-0.65684,0.15645,1.0737,1.2754,1.0763,1.2943,0.094598,-0.28775,0,0.82937,1.0976,2.0365,0.62035,0.75624,0.73388,0.4264,0.086424,0.24078,-0.67393,-0.95677,-0.73629,-1.5561,1.0391,-0.85127,-0.62375,-0.70881,0.015367,-0.13458,0.29013,-0.038717,-0.68161,-0.78277,-0.80787,-0.46667,-0.36987,-0.13003,-0.03195,-0.51151,-0.9738,-1.4035,-0.78761,-0.6652,0.34513,0.81899,-0.052077,-0.64633,-1.3975,-0.84342,-0.87657,-0.1018,-0.091286,0.1302,0.11586,0.15764,1.2871,-0.70634,-0.3565,0.46974,0.15958,0.38605,-0.25837,-0.95113,-0.6857,-1.4775,-1.8913,-0.11931,-0.52144,0.60976,0.55469,-0.0047702,0.34713,-0.52806,0.20042,-0.50443,-0.20422,-0.24931,0.30395,0.85257,0.60139
0.62963,0.51418,-1.0102,-0.7142,0.03452,0.37394,1.0895,1.3455,-0.48182,0.69598,-0.67442,-0.055534,-0.28089,-0.12649,-0.88088,0.21326,-1.7814,-0.87459,-0.33014,-0.20232,0.32527,-0.86587,0.62845,1.6885,0.29154,0.77743,-0.15879,1.0162,0.70697,0.98777,0.68952,0.94772,0.20919,-0.15389,0.82937,0,0.14709,0.55648,0.15655,0.24881,0.3222,0.98655,0.034845,0.9058,0.0032631,-0.11885,0.084301,-0.98385,0.077552,-0.53697,-0.68199,-2.1332,-0.88343,-0.74807,-0.48377,-0.76325,-1.7862,-1.84,-3.0368,-1.1628,-0.76876,0.44081,0.85106,-0.081518,-0.1628,-0.62762,-0.79387,-0.016464,1.4926,2.2275,0.21476,0.072275,-0.48974,0.033408,-0.029938,-0.70858,-0.47973,-0.34046,-0.34922,-0.63167,0.23443,-1.2237,-0.89703,-0.15397,-0.51779,-0.43862,-0.43446,-1.8051,-1.7552,-0.58784,-0.73548,-0.96853,-1.8176,-0.21372,-0.25211,-0.91828,-0.47634,-0.7428,-0.61886,-0.30204,-0.38429,-0.89384,-0.251,0.15977,-0.22064
1.2448,-0.13056,0.17949,0.25321,-0.074475,-0.36216,0.53666,0.011756,-1.5259,1.1395,0.82527,-0.30872,-0.55627,-1.1922,-0.45037,-1.1556,-0.35105,0.67498,1.2023,-2.2316,-1.1609,-0.55475,0.38976,-0.18464,0.94429,1.1442,-1.1618,-0.50536,0.8089,0.48867,0.88316,0.80106,-0.24932,-0.52567,1.0976,0.14709,0,1.6068,0.97586,0.54722,0.90724,-0.17754,0.32285,-0.090707,-0.79339,-1.2005,-1.3806,-0.85846,2.0845,-0.84178,-0.4847,-0.06344,0.68503,0.18168,1.1019,0.61757,-0.021508,-0.082528,-0.15684,-0.058182,-0.11445,-0.41303,-0.59647,-0.41897,-2.1915,-1.1148,-0.53276,-1.5021,-0.29007,0.17935,-0.23457,-0.83251,-1.2187,-1.479,-1.2016,0.20697,0.039809,0.24688,0.23189,0.88883,1.8172,-0.2939,-0.055424,0.65732,0.46264,1.0726,0.15849,-0.23952,-0.14577,-1.0563,-1.1182,0.53497,0.040591,1.6776,1.0835,0.63536,1.1469,-0.3052,0.76977,-0.21904,0.2142,0.35311,0.92822,1.6234,1.6733
2.1277,0.11456,-0.10271,0.028162,0.026596,-0.12279,0.89468,0.3802,-1.6943,1.7538,0.40844,-0.22244,-0.52862,-0.92742,-0.67909,-0.8175,-0.76904,0.25938,0.71011,-1.6373,-0.63875,-0.77647,0.54404,0.18829,0.92453,1.9241,-0.91586,-0.091942,1.1154,0.92048,1.1617,1.235,-0.073109,-0.42138,2.0365,0.55648,1.6068,0,0.84303,0.67441,0.91653,0.17547,0.22092,0.14739,-0.75541,-1.1449,-1.0072,-1.4146,1.4255,-0.9791,-0.65047,-0.44549,0.25158,-0.045382,0.56292,0.2139,-0.40622,-0.4857,-0.5552,-0.34507,-0.31794,-0.21234,-0.22424,-0.46159,-1.4137,-1.5593,-0.77852,-0.98618,0.10509,0.57919,-0.098887,-0.73754,-1.6134,-1.1128,-1.0561,-0.016736,-0.079394,0.14625,0.13084,0.41498,1.7056,-0.59511,-0.28085,0.52494,0.25191,0.61055,-0.072358,-0.667,-0.5,-1.5215,-1.8737,0.12878,-0.31831,0.93195,0.74284,0.21799,0.60555,-0.50433,0.38872,-0.36996,-0.013684,-0.0035369,0.56109,1.2124,0.92168
0.59408,-0.72541,-0.26919,-0.28718,-0.66091,-1.0552,0.89064,-0.26505,-1.0605,1.0871,0.41823,-1.112,-1.3937,-1.7861,-0.90735,-0.5088,-0.15284,0.44608,0.41791,-1.236,-0.65582,-0.76706,1.1201,-0.0020417,2.6429,0.97791,-1.3574,-0.46362,1.305,0.11507,1.3905,1.0282,-0.95359,-0.83954,0.62035,0.15655,0.97586,0.84303,0,-0.090623,2.4212,-0.4769,1.0658,0.3641,-0.39953,-0.67592,-0.86582,-0.92158,0.73941,-1.669,-1.1276,0.020666,0.44945,-0.37469,0.78135,0.74947,0.13992,0.080995,-0.21505,-0.47873,-0.7108,0.25158,-0.1587,0.27418,-1.1841,-1.2401,-1.1381,-1.1525,-0.17211,0.32035,0.34698,-0.25485,-1.0576,-0.70259,-0.50554,-0.36663,-0.60359,-0.39395,-0.40736,0.75466,0.85824,-0.64431,-0.54718,-0.07995,-0.10854,0.39491,0.76906,-0.29669,-0.37794,-0.93139,-0.90624,0.55763,-0.17505,0.91533,0.31787,0.30589,0.58733,-0.95298,0.19955,0.44007,0.82968,0.64257,1.499,1.6171,0.90136
0.94885,0.90063,0.4484,0.70075,1.1402,0.64712,0.049931,0.58399,-0.32017,0.42639,0.42458,0.77184,0.44926,0.053583,0.21148,-0.8389,-0.44584,0.20121,0.6199,-0.46317,-0.19484,0.10904,-0.34442,-0.044487,-0.047658,0.45955,0.050649,0.12977,0.12678,1.1157,0.073501,0.18305,0.87793,0.45059,0.75624,0.24881,0.54722,0.67441,-0.090623,0,-0.051125,0.61061,-0.7752,-0.5232,-1.0014,-0.87707,-0.60232,-0.32969,0.79424,0.06435,0.28133,-0.26929,0.14169,0.62693,0.16067,-0.17965,-0.4016,-0.49601,-0.16865,0.28956,0.45588,-0.81975,-0.42531,-2.0108,-0.3228,-0.34545,0.10603,-0.12426,0.064742,0.13936,-0.37323,-1.2864,-0.54094,-0.80293,-1.0763,0.64978,0.82812,1.1309,1.1106,0.064558,0.76837,0.14943,0.46362,1.2901,0.92601,0.60354,-0.9275,-0.34383,0.044088,-0.5745,-0.56299,-0.1113,0.068883,0.40732,0.95651,0.22376,0.37631,0.31835,0.56669,-1.6391,-0.88907,-0.41408,-0.16619,0.14802,0.39949
0.68004,-0.57969,-0.41019,-0.39874,-0.59544,-0.85864,1.1505,-0.1128,-1.0875,1.3006,0.28049,-1.0347,-1.3743,-1.5008,-1.0887,-0.44064,-0.28755,0.28589,0.30337,-1.1903,-0.49328,-0.87501,1.3437,0.16075,3.6328,1.1618,-1.1955,-0.27725,1.7024,0.24193,1.7505,1.2869,-0.81712,-0.75976,0.73388,0.3222,0.90724,0.91653,2.4212,-0.051125,0,-0.30354,0.97516,0.48958,-0.40649,-0.6858,-0.79626,-1.1527,0.6917,-2.077,-1.3327,-0.1276,0.27843,-0.50033,0.58791,0.5408,-0.013093,-0.077319,-0.38057,-0.64742,-0.87572,0.35053,-0.019646,0.2633,-1.0767,-1.4984,-1.4554,-0.97876,-0.0017643,0.50291,0.44181,-0.23998,-1.2071,-0.65334,-0.49056,-0.49107,-0.68887,-0.44921,-0.46386,0.55331,0.86221,-0.82745,-0.68853,-0.13081,-0.19241,0.27429,0.62173,-0.48214,-0.55117,-1.0971,-1.0801,0.37036,-0.33803,0.76021,0.24284,0.14548,0.43349,-1.1746,0.073135,0.3778,0.67525,0.45364,1.1485,1.4225,0.74427
0.3735,1.5308,-0.34377,-0.1464,0.7304,1.3234,0.25908,1.9335,0.036201,0.1643,-0.61768,0.69701,0.44854,0.505,-0.071609,0.19708,-0.94196,-0.89111,-0.35234,0.1843,0.64167,-0.10199,-0.099232,0.89653,-0.33308,0.22449,0.45361,1.4402,0.059944,1.0433,0.0021079,0.20444,1.0575,0.49727,0.4264,0.98655,-0.17754,0.17547,-0.4769,0.61061,-0.30354,0,-0.72474,0.21559,-0.078565,-0.020969,0.2624,-0.29463,-0.097072,0.15228,0.074924,-1.1399,-0.97555,-0.14486,-0.8414,-1.4977,-1.4824,-1.5462,-0.85699,-0.3268,-0.054436,0.030246,0.57267,-0.53058,0.2807,-0.08512,-0.051529,0.48509,1.1779,0.75466,-0.018639,-0.10006,-0.10139,0.1411,-0.030324,-0.13072,0.15257,0.19577,0.19426,-1.0402,-0.0019493,-0.29412,-0.14676,0.14921,-0.0887,-0.41137,-1.4191,-0.87688,-0.56863,-0.20279,-0.26424,-1.4339,-0.72131,-0.49453,-0.14763,-0.8307,-0.62213,-0.0098078,-0.43442,-0.90283,-1.3599,-2.1813,-0.95559,-0.38379,-0.50351
-0.0015746,-1.2203,-0.5118,-0.67554,-1.9119,-1.387,0.58286,-0.45957,-0.5414,0.38921,0.02316,-3.093,-1.8552,-1.062,-0.91225,0.094158,0.02676,0.15496,0.014308,-0.41417,-0.41645,-0.78608,1.1235,0.07203,0.98189,0.35683,-1.0123,-0.41293,0.64015,-0.38607,0.76207,0.56013,-2.0439,-1.3631,0.086424,0.034845,0.32285,0.22092,1.0658,-0.7752,0.97516,-0.72474,0,0.68679,0.26096,0.028659,-0.15731,-0.4079,0.10027,-0.99222,-1.1174,0.07843,0.21619,-0.69671,0.43742,0.6226,0.25324,0.27931,-0.12726,-0.58754,-0.89202,0.59218,0.13214,0.95338,-0.54712,-0.4678,-0.82251,-0.72022,-0.14004,0.18893,0.31962,0.39188,-0.28006,-0.031513,0.15379,-0.69133,-1.1567,-1.0253,-1.0394,0.45622,0.13648,-0.6435,-0.80906,-0.58453,-0.6046,-0.019918,1.3853,-0.025454,-0.36521,-0.21575,-0.25312,0.43158,-0.22356,0.33415,-0.20726,0.086584,0.20235,-0.93932,-0.14335,1.1459,1.5509,0.7029,1.0157,0.77123,0.33787
0.06389,-0.17367,-2.3409,-2.2609,-0.71655,-0.20022,0.99579,0.3736,-0.31609,0.38746,-0.89681,-0.71197,-0.79594,-0.30769,-1.3024,0.6513,-0.62985,-0.81543,-0.65767,-0.013807,0.31011,-1.0431,1.1822,1.2007,0.45599,0.40873,-0.32607,0.55086,0.64631,0.12294,0.69427,0.74501,-0.4454,-0.59564,0.24078,0.9058,-0.090707,0.14739,0.3641,-0.5232,0.48958,0.21559,0.68679,0,0.50651,0.29528,0.34218,-0.61325,-0.28637,-0.71003,-1.1647,-0.78551,-0.75133,-2.1451,-0.4069,-0.34249,-0.59597,-0.54134,-1.0351,-1.9989,-1.6924,1.2298,1.2125,0.72697,-0.063918,-0.40329,-1.0049,-0.07003,0.8717,1.0781,0.49524,0.70352,-0.17826,0.40656,0.47023,-1.9844,-1.6291,-1.4193,-1.4387,-0.45135,-0.13492,-1.5378,-2.4142,-0.91586,-1.5959,-0.78428,0.24295,-0.74191,-1.4478,-0.21469,-0.31439,-0.53185,-1.407,-0.33714,-0.79651,-0.91101,-0.59873,-1.3001,-1.0575,0.46961,0.28036,-0.26514,0.044451,0.18705,-0.33964
-0.90089,-0.16585,-0.44276,-0.59534,-0.56791,0.0035218,-0.19872,-0.047857,0.40024,-0.67293,-0.84536,-0.22381,-0.083932,0.28131,-0.08305,1.5496,0.068351,-0.62932,-0.72538,0.85713,0.34196,-0.1272,0.022369,0.28727,-0.4147,-0.60714,0.17498,0.23342,-0.44199,-0.66139,-0.33203,-0.32821,-0.2283,-0.30675,-0.67393,0.0032631,-0.79339,-0.75541,-0.39953,-1.0014,-0.40649,-0.078565,0.26096,0.50651,0,1.919,1.4263,0.45075,-1.1097,0.24975,-0.036172,-0.12268,-0.50296,-0.45814,-0.51785,-0.30403,-0.04758,0.088177,-0.051003,-0.23178,-0.20213,0.46576,0.62124,0.75435,0.54787,0.66294,0.16511,0.34178,0.22474,-0.030949,-0.10454,2.0138,0.98028,1.5227,1.8771,-0.45424,-0.47,-0.69557,-0.68334,-0.49668,-1.2137,-0.11157,-0.35299,-0.76189,-0.8817,-0.80602,0.20858,0.25726,-0.13087,0.96646,0.76451,-0.34329,-0.23502,-0.82794,-1.1301,-0.48775,-0.67578,-0.026383,-0.6823,0.52326,0.21469,-0.13426,-0.33671,-0.47031,-0.79754
-1.2352,-0.05835,-0.28409,-0.41337,-0.32135,0.1481,-0.42292,-0.071014,0.73363,-1.0211,-0.84404,-0.002837,0.17647,0.57878,0.16777,1.6366,0.21812,-0.63635,-0.85495,1.331,0.53535,0.14393,-0.20276,0.19304,-0.69685,-0.93966,0.46877,0.28919,-0.71257,-0.71416,-0.61961,-0.59763,-0.042992,-0.023354,-0.95677,-0.11885,-1.2005,-1.1449,-0.67592,-0.87707,-0.6858,-0.020969,0.028659,0.29528,1.919,0,1.9351,0.7241,-1.576,0.53197,0.21422,-0.013925,-0.53966,-0.29393,-0.68636,-0.40339,0.018141,0.14353,0.090383,-0.053778,-0.013326,0.3873,0.57286,0.626,0.89927,1.0074,0.39558,0.63426,0.1956,-0.16872,-0.07348,1.5783,1.4271,2.1029,2.2495,-0.29916,-0.25738,-0.48439,-0.47036,-0.61941,-1.8729,0.1048,-0.14118,-0.69929,-0.68396,-0.88698,0.077364,0.35812,0.0403,1.3367,1.1112,-0.39216,-0.10172,-1.1141,-1.1695,-0.4989,-0.81289,0.17712,-0.67616,0.41215,0.059637,-0.19921,-0.55645,-0.80642,-1.0747
