,,,,,,,,,,,,,,,,,,,,,,,,,,,,,,,,,,,,,,,,,,,,,,,,,,,,,,,,,,,,,,,,,,,,,,,,,,,,,,,,,,,,,,,,,,,,,,,,,,,,,,,,
0,0.1284,-0.22774,-0.39766,1.0363,0.41124,0.43545,0.18157,0.27369,0.19151,-0.21932,-0.24273,-0.17602,-0.34697,0.11839,-0.070008,0.59557,0.16329,-0.040347,0.16982,0.39634,0.18203,0.31133,0.36222,0.06547,0.12368,0.40355,0.023411,0.52381,0.7189,-0.046756,0.11783,-0.22865,-0.10652,-0.19526,-0.22308,-0.24302,-0.49032,0.22619,-0.14958,0.7311,0.55012,0.19088,0.56718,-0.16203,-0.073807,0.43943,0.38218,0.37491,-0.06929,-0.28531,0.088012,0.87508,0.53647,0.5471,0.73736,0.65145,0.88752,0.69333,0.081755,0.030904,0.10088,-0.090142,0.27217,0.09876,0.4285,0.28346,-0.20497,0.18222,0.32057,0.27402,0.31328,0.22923,0.34451,0.30125,-0.084425,-0.39797,-0.22558,-0.28372,-0.20027,-0.55626,0.032842,-0.18756,-0.17652,-0.31876,-0.33491,-0.32892,0.45055,0.70348,0.32602,0.12012,0.60294,0.37057,0.14995,-0.030437,-0.33747,-0.3336,0.0078811,-0.35417,0.23883,-0.071433,-0.065426,-0.26114,-0.26297,-0.092961
0.1284,0,-0.35097,-0.29294,0.1452,0.97574,-0.18554,-0.090118,-0.30494,-0.34719,-0.85028,-0.040183,-0.72205,-0.72882,0.2492,0.25485,0.31946,0.050593,-0.52167,0.49864,0.63795,0.46929,0.058344,0.59872,-0.5436,-0.2417,0.35395,0.35531,-0.15568,0.13845,-0.054877,-0.21773,-0.63453,-0.75017,-0.27897,-0.72022,-1.0701,-1.0191,-0.4611,-0.34115,0.35876,0.65978,0.39435,0.62976,0.5395,0.27729,0.13484,0.27406,0.029136,-0.35771,-0.40631,0.040173,-0.03239,0.42915,0.16126,0.24442,0.21922,0.18603,0.17972,0.25453,0.42045,-0.036118,0.080178,0.05245,0.17846,0.11036,0.13654,-0.28275,-0.032595,-0.0090806,0.19917,0.37695,0.32818,0.44422,0.025933,-0.71562,-0.13184,-0.69367,-0.72814,-0.60588,-0.62632,0.1654,-0.020659,-0.23904,-0.18152,-0.58252,-0.39917,0.25657,0.20235,0.49512,0.33178,-0.23853,0.39432,-0.094205,0.50563,-0.20466,-0.094275,-0.50387,-0.22855,-0.084692,0.15324,-0.25171,-0.17589,0.27207,-0.0072724
-0.22774,-0.35097,0,1.7428,0.099514,-0.22462,0.18697,0.22411,-0.017865,0.047417,0.30926,0.085819,0.51456,0.54821,0.19612,0.17719,-0.0012891,0.43408,0.039768,0.096954,-0.11636,-0.12486,0.20074,-0.038835,0.32523,-0.19396,-0.19166,-0.46558,0.010205,-0.23481,0.023289,-0.0016792,0.42099,0.55955,0.28757,0.43279,0.50265,0.46622,0.076424,0.15795,-0.21083,-0.29127,-0.21951,-0.48968,-0.23342,-0.15235,0.1466,0.18758,0.24136,0.71691,0.8668,0.11925,0.067179,-0.015672,0.08163,-0.19372,-0.070736,-0.17213,-0.1572,0.58899,0.43822,-0.1303,-0.17677,0.14945,0.022257,0.26062,0.4206,0.11119,-0.17905,-0.13554,-0.27334,-0.058364,-0.039513,-0.32752,0.0057435,0.53226,0.69452,0.9535,0.89045,0.63542,0.60765,0.7176,0.97222,0.74879,0.96171,0.8103,0.92636,0.016496,-0.10516,-0.15335,-0.33787,0.56316,0.34537,-0.042314,-0.2921,0.53132,0.3946,0.59158,0.88648,0.21028,0.3038,0.46595,0.50323,0.027158,0.78753
-0.39766,-0.29294,1.7428,0,-0.093291,-0.28498,0.048484,0.040882,-0.18532,-0.14892,0.20557,0.084908,0.43985,0.5461,0.21242,0.30859,-0.11198,0.41705,-0.12556,0.10968,-0.12081,-0.12496,0.17907,-0.11883,0.23533,-0.27026,-0.22958,-0.37218,-0.035117,-0.40983,0.14147,0.036577,0.4106,0.48835,0.31933,0.37569,0.40798,0.50898,-0.02718,0.081823,-0.3576,-0.40265,-0.13449,-0.55504,-0.094696,-0.032274,0.10212,0.12997,0.17062,0.56727,0.73471,0.23993,-0.11193,-0.097802,-0.0032882,-0.35,-0.20642,-0.35128,-0.30391,0.65771,0.52102,-0.098099,-0.031275,0.1979,0.082977,0.20192,0.38851,0.20692,-0.2319,-0.094223,-0.17108,-0.039538,-0.0182,-0.33235,-0.032553,0.42713,0.75298,0.75213,0.84973,0.61571,0.74883,0.67881,1.1845,0.69186,1.1614,0.65765,0.94065,-0.034282,-0.16486,-0.14482,-0.29698,0.28548,0.22715,-0.10424,-0.20774,0.56268,0.59932,0.3869,0.89811,0.24875,0.40727,0.51819,0.61163,0.14342,0.80638
1.0363,0.1452,0.099514,-0.093291,0,0.56189,0.36243,0.19948,0.40384,0.12852,-0.1188,-0.08114,0.10502,0.0016905,0.26205,-0.027227,0.68915,0.44959,0.028084,0.36197,0.58749,0.39207,0.40013,0.6089,0.11794,-0.12562,0.64801,-0.018725,0.19193,0.40159,-0.33074,-0.1555,-0.053728,0.13561,-0.14578,-0.13743,-0.26351,-0.48473,-0.033607,-0.14251,0.69389,0.54792,-0.023584,0.4151,-0.22336,-0.16308,0.47663,0.58233,0.67777,0.33036,0.11806,-0.002701,0.93216,0.66557,0.62037,0.67154,0.6171,0.81962,0.66486,0.3025,0.23638,0.11668,-0.15314,0.19761,-0.03173,0.48934,0.38933,-0.11689,0.17986,0.070447,0.032764,0.18037,0.11482,0.35582,0.24925,0.013779,-0.068766,0.15887,0.06813,0.052018,-0.23357,0.098169,-0.068406,0.26867,0.035265,0.10052,0.012074,0.64436,0.63107,0.33335,0.14296,0.78129,0.63522,0.035783,-0.094254,-0.38791,-0.48944,0.1992,-0.031603,0.37651,0.10634,0.15527,0.013045,-0.38318,-0.015383
0.41124,0.97574,-0.22462,-0.28498,0.56189,0,-0.25784,-0.17351,-0.21206,-0.12347,-0.74866,-0.25653,-0.39151,-0.47134,0.34612,0.41425,0.53668,0.35351,-0.29007,0.7504,0.8344,0.8383,0.1326,1.1732,-0.47378,-0.21644,0.45998,0.42766,0.065751,0.32359,0.045734,0.013338,-0.22027,-0.32687,-0.0055189,-0.32031,-0.69696,-1.1641,-0.53947,-0.48941,0.55307,0.90522,0.25487,0.99918,0.13845,0.11668,0.24159,0.49363,0.36132,-0.18509,-0.28971,0.14945,0.38865,0.8256,0.507,0.76046,0.67281,0.63583,0.63138,0.24182,0.43107,0.27252,0.26752,0.25857,0.22734,0.24257,0.20978,-0.34054,0.17375,0.20527,0.24834,0.33982,0.28096,0.40678,0.15876,-0.74087,-0.36835,-0.34367,-0.49753,-0.44827,-0.5752,0.10393,-0.045621,0.063511,-0.080915,-0.35542,-0.33914,0.48229,0.61503,0.33016,0.27205,0.1708,0.83772,-0.38757,0.228,-0.63938,-0.36162,-0.55169,-0.35677,0.23176,0.1482,-0.11672,-0.016042,-0.078953,-0.18257
0.43545,-0.18554,0.18697,0.048484,0.36243,-0.25784,0,0.75765,0.2902,0.10322,0.28945,0.078009,0.13252,0.076315,-0.2797,-0.62221,0.22111,-0.3325,0.18149,-0.52814,-0.13853,-0.46296,0.40847,-0.28571,0.63705,0.27807,-0.23704,-0.69531,0.074588,0.25962,-0.33407,-0.037329,-0.14362,0.072867,-0.24639,0.18031,0.076545,0.25173,0.9884,0.46851,0.45447,0.03131,-0.22325,-0.23172,-0.039096,0.075393,0.039039,-0.12147,-0.049096,0.11791,0.14042,-0.25561,0.058199,-0.25291,-0.26713,-0.27434,-0.17976,-0.080282,-0.25168,-0.10003,-0.34965,-0.38811,-0.80443,-0.24827,-0.32582,-0.032356,0.036635,-0.27734,-0.4965,-0.37211,-0.44754,-0.12946,-0.17185,-0.068083,0.012591,0.44012,0.19599,0.046311,0.089141,0.01152,-0.23633,0.093913,-0.02241,-0.22362,-0.095892,0.055724,0.25649,-0.072385,-0.18877,-0.12592,-0.16421,0.40886,-0.092173,0.64778,-0.19624,0.22399,-0.21759,0.67526,0.17781,-0.10887,0.0047877,-0.031265,-0.27423,0.084932,0.16226
0.18157,-0.090118,0.22411,0.040882,0.19948,-0.17351,0.75765,0,0.5549,0.49286,0.51884,0.54571,-0.099349,-0.12206,-0.11131,-0.52933,-0.0040208,-0.54068,0.33182,-0.55313,-0.39733,-0.66138,-0.14602,-0.3425,0.6422,0.4738,-0.23298,-0.68637,-0.2795,0.085029,-0.31442,-0.1966,-0.39751,-0.28309,-0.44188,0.10469,0.23057,0.22631,0.52031,0.76258,-0.017337,-0.067664,-0.11795,-0.073981,0.13865,0.033283,0.18588,-0.0016664,-0.15997,0.27171,0.31693,-0.51588,-0.016059,-0.26922,-0.23003,-0.1892,-0.15239,-0.069686,-0.14335,-0.094472,-0.21406,-0.47715,-0.82351,-0.39458,-0.51278,0.083979,0.10792,-0.28386,-0.17855,-0.34465,-0.56054,0.064479,0.033891,0.038113,0.16983,0.75896,0.55854,0.037905,-0.035047,0.10812,-0.10102,0.059081,-0.16927,-0.36259,-0.37361,0.14431,-0.023894,-0.0075651,-0.25191,0.11631,-0.033029,0.28559,-0.061119,0.51678,-0.11235,0.40742,-0.011485,0.54194,0.35057,-0.46714,-0.34935,-0.35243,-0.46827,-0.13806,0.059289
0.27369,-0.30494,-0.017865,-0.18532,0.40384,-0.21206,0.2902,0.5549,0,0.82061,0.75261,0.82925,0.16093,0.18139,0.01016,-0.36739,0.12994,-0.14171,0.72256,-0.23113,-0.2217,-0.23314,-0.084935,-0.1124,0.71585,0.56383,0.21404,-0.10461,-0.21411,0.098408,-0.4624,-0.29081,-0.15913,-0.019699,-0.59149,-0.13887,0.16336,0.1173,0.22977,0.60368,-0.032379,0.012182,-0.29815,-0.071848,-0.052755,-0.10184,-0.0094434,-0.019931,-0.079673,0.41691,0.21402,-0.63649,0.093925,-0.24,-0.10936,0.012746,-0.037501,0.13842,0.10055,-0.10384,-0.24958,-0.16974,-0.30788,-0.35095,-0.38701,-0.0016328,-0.097838,-0.018551,0.19236,-0.2753,-0.32449,-0.11146,-0.089919,0.2356,0.061245,0.59738,0.34176,0.20587,0.10542,0.29326,0.14634,-0.18358,-0.39743,-0.01011,-0.34744,0.41018,-0.042077,0.071608,-0.058314,0.21004,0.29322,0.17809,-0.1468,0.49436,0.087158,-0.051303,-0.22017,0.29349,-0.0039991,-0.17006,-0.31971,-0.11651,-0.32002,-0.50792,-0.37526
0.19151,-0.34719,0.047417,-0.14892,0.12852,-0.12347,0.10322,0.49286,0.82061,0,0.52145,0.38744,-0.051474,-0.14293,-0.14183,-0.19088,0.11419,-0.075633,0.68868,-0.08804,-0.24359,-0.088169,-0.034118,0.080874,0.4301,0.96301,-0.064379,0.033199,0.14484,0.34651,0.059136,0.23253,-0.022312,-0.095876,-0.09146,0.21932,0.45304,0.16915,0.37538,0.44121,-0.0058568,0.16212,-0.18495,0.15423,-0.16295,-0.13388,-0.20202,-0.11546,-0.1844,0.034823,-0.023227,-0.46669,0.10532,-0.18737,-0.029045,0.21261,0.14293,0.17895,0.20275,-0.31961,-0.34537,-0.071162,-0.18532,-0.1134,-0.15865,-0.13131,-0.20223,-0.11472,0.31476,0.04649,-0.13513,-0.02659,-0.0070729,0.03607,0.0093717,0.29201,0.044865,0.18304,-0.063941,0.15905,-0.0082454,-0.063608,-0.33597,-0.04253,-0.40468,0.23009,-0.17153,-0.20862,-0.03144,-0.073499,-0.026889,0.31825,-0.032205,0.17527,0.077621,0.0003115,-0.10879,0.21749,-0.030685,-0.27524,-0.47999,-0.41943,-0.39434,-0.64541,-0.2957
-0.21932,-0.85028,0.30926,0.20557,-0.1188,-0.74866,0.28945,0.51884,0.75261,0.52145,0,0.71041,0.64332,0.64699,-0.29738,-0.42077,-0.56417,-0.39344,0.65732,-0.7285,-1.0199,-0.74025,-0.40339,-0.74609,0.71514,0.47801,-0.37086,-0.38175,-0.25344,-0.22486,-0.16152,-0.066265,0.32284,0.34013,-0.063521,0.44133,0.85112,1.0421,0.43093,0.94226,-0.55147,-0.51297,-0.40482,-0.70454,-0.18526,-0.16619,-0.16803,-0.32182,-0.38831,0.6028,0.65897,-0.59905,-0.26896,-0.72659,-0.37893,-0.52977,-0.46823,-0.41187,-0.44203,-0.26939,-0.43597,-0.31533,-0.35344,-0.54215,-0.57716,-0.24665,-0.25657,0.067883,-0.11456,-0.29998,-0.64535,-0.44675,-0.41449,-0.32504,-0.11913,1.1974,0.55999,0.65029,0.58464,0.66734,0.60829,-0.3072,-0.18429,0.066594,-0.04234,0.74226,0.26787,-0.29269,-0.47301,-0.2228,-0.11697,0.1759,-0.40084,0.3595,-0.12334,0.39436,0.17922,0.50425,0.28133,-0.38142,-0.48567,-0.0051592,-0.19172,-0.15386,-0.077339
-0.24273,-0.040183,0.085819,0.084908,-0.08114,-0.25653,0.078009,0.54571,0.82925,0.38744,0.71041,0,0.063048,0.19348,-0.045513,-0.19094,-0.26239,-0.35704,0.31938,-0.30617,-0.50651,-0.46329,-0.36234,-0.32195,0.54289,0.43262,-0.091686,-0.084028,-0.71381,-0.3873,-0.34698,-0.43103,-0.24947,-0.25337,-0.5899,-0.13605,0.11883,0.27371,0.023611,0.85583,-0.54436,-0.1637,-0.2237,-0.27883,0.39792,0.19175,-0.031834,-0.043499,-0.54148,0.43213,0.4071,-0.91122,-0.51614,-0.62659,-0.46343,-0.48696,-0.49367,-0.41358,-0.35146,-0.0033696,-0.035763,-0.57951,-0.3749,-0.53995,-0.6525,-0.10544,-0.067937,-0.1043,-0.073568,-0.51805,-0.52432,-0.089519,-0.080118,0.23414,0.047967,0.6801,0.95028,0.14992,0.15126,0.42695,0.42549,-0.1989,-0.22672,-0.041239,-0.13526,0.39147,0.024152,-0.050181,-0.35518,0.34548,0.44459,-0.23523,-0.26069,0.35751,0.44298,0.223,0.21177,0.062915,0.34445,-0.50857,-0.36562,-0.30727,-0.33392,-0.05808,-0.10021
-0.17602,-0.72205,0.51456,0.43985,0.10502,-0.39151,0.13252,-0.099349,0.16093,-0.051474,0.64332,0.063048,0,1.646,-0.19232,-0.15041,-0.34089,0.17871,0.16898,-0.21504,-0.29926,-0.20304,0.026089,-0.25448,0.20812,-0.25744,-0.10304,-0.30676,0.049523,-0.20002,-0.21393,-0.17864,1.1604,1.5032,0.40922,0.6145,0.56132,0.63509,0.22685,0.29486,-0.21335,-0.33206,-0.5535,-0.85688,-0.62643,-0.42346,-0.072064,-0.063347,0.1092,0.85603,0.94683,-0.06637,0.018413,-0.20965,-0.016883,-0.31925,-0.26862,-0.20034,-0.21814,-0.052288,-0.081024,-0.059881,-0.17965,-0.16235,-0.26243,-0.089467,-0.072148,0.27686,-0.22486,-0.1897,-0.34754,-0.56567,-0.60872,-0.46348,-0.21022,0.45733,0.18811,1.2004,1.3535,0.81199,0.64502,-0.15468,0.19895,0.61097,0.68277,0.67762,0.54722,-0.087455,-0.16328,-0.32404,-0.21306,0.42481,0.074394,-0.089358,-0.35347,0.12127,0.036582,0.44726,0.31705,0.093762,-0.037339,0.48247,0.24318,-0.061172,0.21023
-0.34697,-0.72882,0.54821,0.5461,0.0016905,-0.47134,0.076315,-0.12206,0.18139,-0.14293,0.64699,0.19348,1.646,0,-0.17619,-0.16378,-0.34246,0.11706,0.26683,-0.23361,-0.35476,-0.27839,0.030124,-0.33744,0.33215,-0.26567,-0.15055,-0.32827,-0.1596,-0.4253,-0.33705,-0.30666,0.82216,1.1996,0.19848,0.48096,0.42511,0.64873,0.11412,0.33561,-0.32135,-0.48159,-0.68111,-0.97304,-0.43791,-0.26776,-0.16422,-0.16082,0.036031,0.83828,0.89984,-0.099248,-0.14701,-0.34821,-0.2028,-0.47201,-0.42059,-0.37737,-0.36105,0.0082421,-0.075433,-0.11883,-0.15505,-0.26082,-0.33893,-0.15898,-0.11513,0.21516,-0.32845,-0.40158,-0.47922,-0.65615,-0.6406,-0.37394,-0.21873,0.53806,0.37907,1.0239,1.2793,0.75341,0.84242,-0.10956,0.26097,0.68708,0.76831,0.87782,0.71572,-0.13548,-0.30839,-0.34484,-0.10023,0.15367,-0.086758,0.0053763,-0.28092,0.12522,0.083897,0.39834,0.37192,0.12613,0.070929,0.51431,0.32325,-0.0075691,0.1326
0.11839,0.2492,0.19612,0.21242,0.26205,0.34612,-0.2797,-0.11131,0.01016,-0.14183,-0.29738,-0.045513,-0.19232,-0.17619,0,0.94598,0.49093,0.67519,-0.25886,0.42917,0.47224,0.42717,-0.10488,0.32894,0.017742,-0.27645,0.40617,0.071427,-0.033434,-0.066689,0.23321,0.1039,-0.065873,-0.097592,-0.074653,-0.48294,-0.088564,-0.40514,-0.73798,-0.53937,-0.056492,-0.042019,0.57957,0.34455,0.15617,0.12003,0.82497,0.93241,0.68705,0.28184,0.10178,0.51959,0.48762,0.72922,0.66392,0.49432,0.57193,0.63691,0.63559,1.0947,1.0962,0.60316,0.59894,0.81166,0.79666,1.0445,1.0332,0.28915,0.71947,0.49294,0.60872,0.93053,1.0159,0.29164,0.58053,-0.12087,0.056886,-0.046063,-0.030897,0.074081,0.064106,0.57792,0.44891,0.14843,0.1099,-0.026905,0.10994,1.0601,0.80623,0.63669,0.26802,0.18883,0.57257,-0.30587,-0.22238,-0.19955,0.029509,-0.35476,-0.0072274,0.78649,0.61872,0.63765,0.72163,-0.16386,0.14772
-0.070008,0.25485,0.17719,0.30859,-0.027227,0.41425,-0.62221,-0.52933,-0.36739,-0.19088,-0.42077,-0.19094,-0.15041,-0.16378,0.94598,0,0.19124,0.79117,-0.51739,0.69019,0.35577,0.65583,-0.10206,0.43639,-0.26063,-0.235,0.17762,0.4895,0.11335,-0.17253,0.80181,0.45671,0.24782,0.004019,0.38901,-0.147,-0.010439,-0.2834,-0.77872,-0.62512,-0.17542,0.09453,0.64156,0.3748,0.19803,0.20241,0.42338,0.67484,0.32974,-0.02493,-0.051078,0.52979,0.18447,0.51779,0.51086,0.38198,0.47221,0.32314,0.423,0.80584,1.0743,0.55857,0.96502,0.98194,0.83973,0.56467,0.62447,0.17447,0.52865,0.73725,0.6669,0.67198,0.70149,0.13433,0.35396,-0.36431,-0.10504,-0.010668,-0.009685,0.038421,0.14125,0.39366,0.52918,0.22858,0.31176,-0.15266,0.045647,0.51912,0.65981,0.33941,0.13106,0.093044,0.55065,-0.7899,0.0022524,-0.1982,0.29481,-0.66253,-0.045641,0.60677,0.45007,0.38972,0.70447,-0.044048,0.19956
0.59557,0.31946,-0.0012891,-0.11198,0.68915,0.53668,0.22111,-0.0040208,0.12994,0.11419,-0.56417,-0.26239,-0.34089,-0.34246,0.49093,0.19124,0,0.57014,0.062232,0.57049,0.94787,0.62555,0.82234,0.84932,0.15787,0.01856,0.47045,0.04271,0.23464,0.40778,-0.19773,0.038864,-0.30005,-0.13658,-0.2367,-0.36681,-0.41222,-0.73183,-0.084572,-0.36928,0.90055,0.53522,0.11301,0.62196,-0.023154,0.13962,0.21952,0.47711,0.58452,-0.10261,-0.30423,0.22024,0.61333,0.62498,0.35842,0.69808,0.70819,0.83472,0.76723,0.37813,0.29051,0.25111,0.033052,0.50458,0.42606,0.40278,0.41573,-0.13995,0.28042,0.058268,0.35493,0.41852,0.4441,0.45466,0.29772,-0.39897,-0.27828,-0.21598,-0.2906,-0.27751,-0.44461,0.49632,0.1341,0.15221,-0.015636,-0.12965,0.10057,0.53361,0.64778,0.28113,0.25857,0.27989,0.46066,-0.039061,-0.12926,-0.53693,-0.6392,-0.074056,-0.208,0.67201,0.58717,0.17154,0.23049,-0.31519,-0.10017
0.16329,0.050593,0.43408,0.41705,0.44959,0.35351,-0.3325,-0.54068,-0.14171,-0.075633,-0.39344,-0.35704,0.17871,0.11706,0.67519,0.79117,0.57014,0,-0.25786,1.0541,0.7099,0.9509,0.43224,0.80204,-0.17832,-0.45335,0.51474,0.31251,0.31399,0.0063577,0.20788,0.16315,0.4035,0.43007,0.40991,-0.065198,-0.0029175,-0.32126,-0.50836,-0.68867,0.19789,0.22261,0.21278,0.23476,-0.23161,-0.12954,0.36018,0.75422,0.74296,0.25369,0.12929,0.49088,0.63574,0.78618,0.80203,0.6213,0.6557,0.59762,0.6768,0.75065,0.83571,0.44211,0.44523,0.97493,0.67885,0.62308,0.63982,0.28466,0.50143,0.43983,0.53785,0.36905,0.38966,0.15611,0.22679,-0.30737,-0.13879,0.421,0.34585,0.24572,0.20504,0.52781,0.55733,0.83702,0.65817,0.20011,0.36663,0.57058,0.74737,0.25311,0.035951,0.48427,0.70007,-0.59594,-0.16913,-0.25677,-0.048025,-0.065379,0.14428,0.91915,0.61403,0.62652,0.86668,-0.28777,0.329
-0.040347,-0.52167,0.039768,-0.12556,0.028084,-0.29007,0.18149,0.33182,0.72256,0.68868,0.65732,0.31938,0.16898,0.26683,-0.25886,-0.51739,0.062232,-0.25786,0,-0.25508,-0.40757,-0.28938,0.02491,-0.18013,0.68686,0.48886,-0.3225,-0.31414,-0.24475,-0.0060819,-0.38764,-0.025728,-0.065779,0.079798,-0.37808,0.10157,0.32214,0.27247,0.24927,0.38717,-0.069065,-0.29819,-0.59611,-0.19257,-0.087226,0.12243,-0.39214,-0.39649,-0.24002,0.19729,0.051928,-0.48034,-0.0015379,-0.36372,-0.30146,-0.035107,-0.16365,-0.038281,-0.056217,-0.42158,-0.64659,-0.15697,-0.24653,-0.39411,-0.3322,-0.32122,-0.37802,-0.30749,-0.03199,-0.50283,-0.51058,-0.31548,-0.22311,0.10659,0.044557,0.38791,0.12173,0.23981,0.045044,0.047548,0.084726,-0.089881,-0.31437,0.1594,-0.28588,0.58028,0.26475,-0.24061,-0.28015,-0.23824,0.20449,0.025224,-0.41652,0.40073,-0.094577,-0.14504,-0.40004,0.39558,-0.06431,-0.046893,-0.12555,-0.033372,-0.10792,-0.31018,-0.5547
0.16982,0.49864,0.096954,0.10968,0.36197,0.7504,-0.52814,-0.55313,-0.23113,-0.08804,-0.7285,-0.30617,-0.21504,-0.23361,0.42917,0.69019,0.57049,1.0541,-0.25508,0,0.81255,1.2518,0.4042,1.2067,-0.43267,-0.38307,0.53148,0.58931,0.12031,0.011325,0.14831,0.050459,0.017981,-0.014191,0.19921,-0.29252,-0.37307,-0.73206,-0.68751,-0.67711,0.28524,0.50782,0.26027,0.56956,0.08086,0.09124,0.15893,0.57082,0.42505,-0.11717,-0.21832,0.26668,0.41846,0.75084,0.56585,0.70874,0.63444,0.52751,0.66569,0.53337,0.71033,0.22964,0.39391,0.64156,0.47083,0.3594,0.35858,-0.05867,0.34693,0.26684,0.44183,0.37772,0.38333,0.41892,0.18486,-0.62488,-0.23202,0.016148,-0.10446,-0.18006,-0.12968,0.38418,0.28639,0.49724,0.3197,-0.089282,0.019798,0.39393,0.57923,0.34395,0.25217,0.15829,0.57472,-0.64707,0.14913,-0.36611,-0.1313,-0.25631,-0.044298,0.49817,0.4179,0.14463,0.43122,-0.14881,0.10447
0.39634,0.63795,-0.11636,-0.12081,0.58749,0.8344,-0.13853,-0.39733,-0.2217,-0.24359,-1.0199,-0.50651,-0.29926,-0.35476,0.47224,0.35577,0.94787,0.7099,-0.40757,0.81255,0,1.0581,0.62892,1.19,-0.48189,-0.37576,0.85133,0.332,0.3767,0.48859,-0.051322,-0.0087935,-0.14201,-0.11646,0.056213,-0.3613,-0.71302,-0.93272,-0.37261,-0.75985,0.81954,0.69462,0.19128,0.61361,-0.1354,-0.096101,0.19373,0.42299,0.86401,-0.17565,-0.31169,0.54865,0.51751,0.93921,0.58547,0.66705,0.6421,0.68469,0.62223,0.42082,0.48547,0.53859,0.32976,0.476,0.52164,0.28234,0.27451,0.20147,0.29027,0.27228,0.6345,0.30423,0.26885,0.23332,-0.0042342,-0.89461,-0.4122,-0.27317,-0.26229,-0.28435,-0.41826,0.31931,0.16086,0.22859,0.16293,-0.29506,-0.11399,0.45091,0.64181,0.19773,0.048106,0.13975,0.73917,-0.21724,0.051488,-0.57391,-0.44677,-0.30269,-0.25382,0.58778,0.55297,0.21156,0.24179,-0.08924,0.0316
0.18203,0.46929,-0.12486,-0.12496,0.39207,0.8383,-0.46296,-0.66138,-0.23314,-0.088169,-0.74025,-0.46329,-0.20304,-0.27839,0.42717,0.65583,0.62555,0.9509,-0.28938,1.2518,1.0581,0,0.35977,1.3549,-0.51575,-0.27807,0.65914,0.81026,0.20707,0.1925,0.23028,0.21003,0.13108,0.019766,0.34082,-0.18623,-0.4018,-0.74295,-0.61737,-0.8303,0.5068,0.69367,0.2983,0.71067,-0.042439,-0.0034904,0.082259,0.47497,0.51291,-0.26583,-0.34263,0.32317,0.41316,0.78297,0.53397,0.7472,0.74708,0.63656,0.68541,0.31512,0.45262,0.57856,0.58718,0.61487,0.58614,0.21762,0.19793,0.061359,0.47318,0.42152,0.53513,0.28287,0.29935,0.26865,0.056369,-0.92108,-0.51996,-0.074705,-0.1882,-0.27489,-0.2641,0.14912,0.071469,0.34097,0.14812,-0.19371,-0.095892,0.39667,0.6488,0.16176,0.10072,0.15761,0.57307,-0.65906,0.051836,-0.63833,-0.38501,-0.402,-0.28163,0.55375,0.42167,0.16894,0.41926,-0.22364,-0.10444
0.31133,0.058344,0.20074,0.17907,0.40013,0.1326,0.40847,-0.14602,-0.084935,-0.034118,-0.40339,-0.36234,0.026089,0.030124,-0.10488,-0.10206,0.82234,0.43224,0.02491,0.4042,0.62892,0.35977,0,0.50598,0.12599,-0.078017,0.15298,-0.13261,0.37698,0.2791,-0.22888,0.045952,0.0099651,0.20903,0.046199,0.054307,-0.27055,-0.20235,0.31315,-0.17211,0.8073,0.33441,-0.26029,0.063409,-0.16877,0.089258,-0.21663,-0.00041986,0.32711,-0.12508,-0.1836,0.21065,0.22827,0.16663,0.035727,0.13166,0.12903,0.1552,0.12247,0.10685,0.00020121,-0.034988,-0.22912,0.24541,0.14419,-0.066949,0.023523,-0.073614,-0.25657,-0.19851,0.089551,-0.073706,-0.093818,0.11196,-0.1134,-0.32122,-0.15632,0.048004,0.057116,-0.1043,-0.20991,0.385,0.28196,0.35714,0.3869,0.0065353,0.40306,-0.046858,0.099454,-0.15978,-0.031909,0.22282,0.18625,0.05341,-0.074402,-0.22303,-0.38394,0.2843,0.063963,0.44782,0.55139,0.16579,0.16618,-0.1015,0.10681
0.36222,0.59872,-0.038835,-0.11883,0.6089,1.1732,-0.28571,-0.3425,-0.1124,0.080874,-0.74609,-0.32195,-0.25448,-0.33744,0.32894,0.43639,0.84932,0.80204,-0.18013,1.2067,1.19,1.3549,0.50598,0,-0.42262,-0.18181,0.61098,0.55007,0.26271,0.4052,0.02737,0.072782,-0.036501,-0.09336,0.14525,-0.19338,-0.4937,-0.93848,-0.43068,-0.57146,0.67076,0.96767,0.092806,0.79515,-0.07894,-0.022442,0.094421,0.48722,0.49722,-0.15306,-0.26663,0.17912,0.48055,0.81239,0.55389,0.86791,0.75164,0.70762,0.75833,0.2845,0.44069,0.3224,0.26927,0.43248,0.3443,0.21869,0.20972,-0.12268,0.32824,0.2128,0.3786,0.2641,0.23738,0.35955,0.074002,-0.80448,-0.39083,-0.084638,-0.24296,-0.23786,-0.37321,0.25186,0.059428,0.39936,0.14592,-0.14064,-0.12858,0.37628,0.6527,0.21068,0.17113,0.27406,0.85688,-0.42672,0.21277,-0.66812,-0.45402,-0.32196,-0.19865,0.39464,0.29201,-0.027307,0.15346,-0.2335,-0.047685
0.06547,-0.5436,0.32523,0.23533,0.11794,-0.47378,0.63705,0.6422,0.71585,0.4301,0.71514,0.54289,0.20812,0.33215,0.017742,-0.26063,0.15787,-0.17832,0.68686,-0.43267,-0.48189,-0.51575,0.12599,-0.42262,0,0.5462,-0.32319,-0.59784,-0.271,-0.27517,-0.27158,-0.020573,-0.065535,0.14177,-0.41335,0.08751,0.39396,0.43228,0.42463,0.63924,-0.10887,-0.35408,-0.19263,-0.25537,0.11489,0.25273,-0.010829,-0.045201,-0.17853,0.37781,0.2843,-0.3808,-0.036777,-0.41251,-0.32494,-0.25717,-0.17096,-0.123,-0.13811,0.026075,-0.22975,-0.32733,-0.43923,-0.10995,-0.23352,0.054091,0.096273,-0.22915,-0.12828,-0.37347,-0.46543,-0.037134,0.026944,0.098508,0.22356,0.85091,0.50317,0.27539,0.23984,0.29418,0.30128,0.11504,0.039709,-0.0079379,-0.05893,0.49084,0.54355,0.026962,-0.18905,0.023796,0.1777,0.16647,-0.34993,0.37284,-0.29933,0.19329,-0.025251,0.43971,0.20931,0.093591,0.042352,0.13992,0.035291,-0.38582,-0.18784
0.12368,-0.2417,-0.19396,-0.27026,-0.12562,-0.21644,0.27807,0.4738,0.56383,0.96301,0.47801,0.43262,-0.25744,-0.26567,-0.27645,-0.235,0.01856,-0.45335,0.48886,-0.38307,-0.37576,-0.27807,-0.078017,-0.18181,0.5462,0,-0.20707,0.059057,0.11017,0.26063,0.13332,0.36276,-0.19442,-0.3529,-0.16379,0.18783,0.3281,0.29783,0.53999,0.67017,-0.0057381,0.15692,0.012305,0.16737,0.01541,0.055462,-0.37742,-0.35686,-0.47564,-0.26739,-0.22423,-0.51316,-0.25689,-0.48079,-0.39989,-0.097196,-0.0018285,-0.098084,-0.090306,-0.38004,-0.53625,-0.17926,-0.18645,-0.27912,-0.24518,-0.39224,-0.39817,-0.16429,0.10428,-0.00063394,-0.12597,-0.13751,-0.096086,-0.12136,-0.14785,0.27607,0.042194,-0.16788,-0.27202,0.0097662,-0.035825,-0.28751,-0.46405,-0.42542,-0.58081,0.038752,-0.22994,-0.37029,-0.1894,-0.20496,-0.094845,-0.057121,-0.36417,0.29354,0.14214,0.054948,-0.04444,-0.050282,-0.28491,-0.40376,-0.56139,-0.62183,-0.6138,-0.31423,-0.43798
0.40355,0.35395,-0.19166,-0.22958,0.64801,0.45998,-0.23704,-0.23298,0.21404,-0.064379,-0.37086,-0.091686,-0.10304,-0.15055,0.40617,0.17762,0.47045,0.51474,-0.3225,0.53148,0.85133,0.65914,0.15298,0.61098,-0.32319,-0.20707,0,0.4721,0.22444,0.27713,-0.26457,-0.37103,-0.10577,-0.021929,-0.065753,-0.42638,-0.45518,-0.62633,-0.38174,-0.2702,0.42057,0.61288,0.27916,0.49043,-0.31395,-0.54452,0.24462,0.42778,0.70991,0.056846,-0.068751,0.20297,0.50399,0.70389,0.54976,0.58347,0.68666,0.66182,0.67209,0.36919,0.39389,0.35401,0.19394,0.19464,0.21709,0.31095,0.18384,0.45935,0.51682,0.30044,0.48851,0.097511,0.087772,0.11326,-0.1482,-0.28796,-0.2015,-0.085946,-0.059948,0.0042035,-0.068389,-0.055747,-0.1115,0.101,0.021908,-0.089533,-0.32244,0.46457,0.49697,0.32219,-0.00079982,0.10418,0.41043,-0.1696,-0.02364,-0.25891,-0.24356,-0.20751,-0.29304,0.23481,0.027403,0.076034,0.010228,-0.37638,-0.088756
0.023411,0.35531,-0.46558,-0.37218,-0.018725,0.42766,-0.69531,-0.68637,-0.10461,0.033199,-0.38175,-0.084028,-0.30676,-0.32827,0.071427,0.4895,0.04271,0.31251,-0.31414,0.58931,0.332,0.81026,-0.13261,0.55007,-0.59784,0.059057,0.4721,0,0.11037,0.089797,0.36712,0.16605,0.032045,-0.19227,0.21275,-0.19672,-0.32844,-0.44203,-0.49553,-0.36095,0.10059,0.63385,0.31245,0.5638,0.084491,-0.060896,-0.14955,0.10784,-0.093165,-0.5249,-0.50833,-0.05069,-0.065448,0.19753,0.12909,0.35554,0.35747,0.18557,0.28234,0.0074632,0.16508,0.28399,0.62124,0.17298,0.22388,-0.098851,-0.16694,0.020457,0.4088,0.40486,0.37952,0.035041,0.064935,0.15998,-0.15765,-0.60121,-0.42779,-0.25957,-0.31709,-0.25815,-0.11631,-0.28938,-0.26237,0.0078744,-0.12284,-0.28097,-0.52041,0.015696,0.27356,0.091615,0.086414,-0.24711,0.10953,-0.41815,0.50786,-0.38054,-0.0097402,-0.71228,-0.44091,-0.043752,-0.15796,-0.29713,-0.048475,-0.052766,-0.21891
0.52381,-0.15568,0.010205,-0.035117,0.19193,0.065751,0.074588,-0.2795,-0.21411,0.14484,-0.25344,-0.71381,0.049523,-0.1596,-0.033434,0.11335,0.23464,0.31399,-0.24475,0.12031,0.3767,0.20707,0.37698,0.26271,-0.271,0.11017,0.22444,0.11037,0,0.90993,0.39511,0.51197,0.30937,0.23847,0.50495,0.23097,0.12856,-0.032953,0.37243,-0.25727,0.45829,0.33926,0.14982,0.18846,-0.77305,-0.54336,-0.047725,-0.047747,0.40941,-0.2199,-0.24426,0.59995,0.46418,0.38597,0.48744,0.42388,0.48962,0.40013,0.33957,0.00030436,-0.011386,0.41261,0.21952,0.37367,0.45867,0.023122,-0.038677,0.35799,0.18934,0.68731,0.65493,-0.031447,-0.079699,-0.45943,-0.28985,-0.31641,-0.63788,-0.0085395,-0.006643,0.01941,-0.18264,0.13255,0.16306,0.024904,0.1129,-0.22353,-0.16591,-0.11738,0.36059,-0.33788,-0.62181,0.44689,0.35485,-0.056889,-0.16028,-0.043349,0.042984,-0.063629,-0.38085,0.22903,-0.057855,0.07209,-0.10125,-0.14681,0.16475
0.7189,0.13845,-0.23481,-0.40983,0.40159,0.32359,0.25962,0.085029,0.098408,0.34651,-0.22486,-0.3873,-0.20002,-0.4253,-0.066689,-0.17253,0.40778,0.0063577,-0.0060819,0.011325,0.48859,0.1925,0.2791,0.4052,-0.27517,0.26063,0.27713,0.089797,0.90993,0,0.077621,0.2617,-0.097518,-0.15634,0.040667,0.031191,-0.16582,-0.29795,0.40853,-0.12921,0.76668,0.61491,-0.077642,0.34754,-0.49764,-0.37482,-0.055502,-0.11112,0.31207,-0.26769,-0.35209,0.21295,0.38696,0.31207,0.28613,0.45324,0.39113,0.51045,0.3349,-0.18518,-0.19264,0.36318,0.054194,-0.0053242,0.1695,-0.087356,-0.16542,0.072413,0.12283,0.29754,0.3316,-0.022097,-0.089532,-0.16617,-0.22454,-0.37848,-0.57477,-0.28832,-0.35987,-0.25655,-0.67618,0.05702,-0.17383,-0.18012,-0.31307,-0.33171,-0.49119,-0.075295,0.29706,-0.20911,-0.31856,0.38706,0.44959,0.30341,0.10133,-0.2996,-0.35581,-0.07121,-0.48153,-0.025624,-0.14289,-0.21035,-0.45109,-0.028175,-0.061967
-0.046756,-0.054877,0.023289,0.14147,-0.33074,0.045734,-0.33407,-0.31442,-0.4624,0.059136,-0.16152,-0.34698,-0.21393,-0.33705,0.23321,0.80181,-0.19773,0.20788,-0.38764,0.14831,-0.051322,0.23028,-0.22888,0.02737,-0.27158,0.13332,-0.26457,0.36712,0.39511,0.077621,0,1.2548,0.29998,-0.065718,0.65932,0.25035,0.30681,0.12675,-0.12819,-0.40209,-0.22251,-0.031081,0.56835,0.23239,0.11614,0.17436,0.12768,0.11193,-0.026829,-0.39138,-0.28233,0.45626,0.0028205,0.11698,0.2449,0.15192,0.19737,0.047573,0.069774,0.13813,0.23975,0.49308,0.77115,0.62901,0.61231,0.13967,0.16177,0.11474,0.30978,1.0072,0.51787,0.41475,0.40938,-0.17351,0.15222,-0.25544,-0.27911,-0.10971,-0.13916,-0.080395,-0.020055,0.13133,0.25275,-0.14415,-0.023683,-0.34761,-0.16251,-0.024611,0.27505,-0.086321,-0.26614,0.12336,0.15664,-0.4525,0.0036383,0.039661,0.46852,-0.41072,-0.1056,0.17645,0.057203,0.061361,0.25221,0.044122,0.14741
0.11783,-0.21773,-0.0016792,0.036577,-0.1555,0.013338,-0.037329,-0.1966,-0.29081,0.23253,-0.066265,-0.43103,-0.17864,-0.30666,0.1039,0.45671,0.038864,0.16315,-0.025728,0.050459,-0.0087935,0.21003,0.045952,0.072782,-0.020573,0.36276,-0.37103,0.16605,0.51197,0.2617,1.2548,0,0.27717,-0.037139,0.58525,0.37093,0.40597,0.20075,0.095865,-0.34449,0.0065014,-0.032388,0.35769,0.24533,-0.0018498,0.26284,0.012638,0.0071205,0.011172,-0.38386,-0.34014,0.35649,0.13465,0.088197,0.2081,0.21733,0.24578,0.14527,0.11343,-0.026333,-0.045678,0.47049,0.54094,0.56244,0.49579,0.025935,0.057023,0.016752,0.29825,0.74132,0.43692,0.31593,0.32791,-0.15307,0.19072,-0.23277,-0.382,-0.065624,-0.14555,-0.079155,-0.099781,0.079859,0.077629,-0.069186,-0.12129,-0.1903,0.017953,-0.044738,0.3165,-0.2362,-0.26269,0.23969,0.058937,-0.26854,-0.095469,-0.16229,0.0684,-0.22556,-0.19708,0.31686,0.10889,0.078137,0.21815,-0.047977,-0.02631
-0.22865,-0.63453,0.42099,0.4106,-0.053728,-0.22027,-0.14362,-0.39751,-0.15913,-0.022312,0.32284,-0.24947,1.1604,0.82216,-0.065873,0.24782,-0.30005,0.4035,-0.065779,0.017981,-0.14201,0.13108,0.0099651,-0.036501,-0.065535,-0.19442,-0.10577,0.032045,0.30937,-0.097518,0.29998,0.27717,0,1.3042,1.0981,0.86738,0.69053,0.54097,0.08792,-0.0055454,-0.1887,-0.17168,-0.20763,-0.45187,-0.66664,-0.40657,-0.080673,0.029912,0.18752,0.38861,0.54971,0.19066,0.06054,-0.034947,0.13924,-0.10225,-0.0087007,-0.064958,-0.039677,-0.017421,0.045641,0.26723,0.20523,0.19393,0.090743,-0.061883,-0.03079,0.38582,0.039186,0.25729,0.023985,-0.33682,-0.36497,-0.60717,-0.1882,0.096849,-0.12743,0.91545,0.93553,0.61148,0.52216,-0.13535,0.25809,0.53996,0.66598,0.3616,0.35921,-0.089163,0.051654,-0.44355,-0.406,0.44671,0.21646,-0.52954,-0.40294,7.8027e-05,0.086663,0.12433,0.1494,0.22814,0.011688,0.42931,0.40822,-0.11059,0.2213
-0.10652,-0.75017,0.55955,0.48835,0.13561,-0.32687,0.072867,-0.28309,-0.019699,-0.095876,0.34013,-0.25337,1.5032,1.1996,-0.097592,0.004019,-0.13658,0.43007,0.079798,-0.014191,-0.11646,0.019766,0.20903,-0.09336,0.14177,-0.3529,-0.021929,-0.19227,0.23847,-0.15634,-0.065718,-0.037139,1.3042,0,0.58777,0.60547,0.49307,0.45354,0.18077,0.034725,-0.021311,-0.23289,-0.38986,-0.57962,-0.74324,-0.47861,-0.077985,8.84e-05,0.29253,0.54559,0.60314,0.18271,0.19921,-0.0039283,0.11802,-0.098763,-0.027633,-0.035069,-0.034062,0.034998,-0.0023808,0.12741,-0.023034,0.11386,0.036563,0.0091565,0.013578,0.27682,-0.13741,-0.0010606,-0.16305,-0.45582,-0.45596,-0.47545,-0.20026,0.25482,-0.031761,1.0625,1.1125,0.54735,0.51036,0.029871,0.37657,0.66537,0.80381,0.5393,0.6032,-0.060322,-0.042037,-0.42334,-0.35371,0.5097,0.13293,-0.24878,-0.56632,0.091172,0.029032,0.43773,0.22679,0.32724,0.15179,0.63423,0.46458,-0.19205,0.23055
-0.19526,-0.27897,0.28757,0.31933,-0.14578,-0.0055189,-0.24639,-0.44188,-0.59149,-0.09146,-0.063521,-0.5899,0.40922,0.19848,-0.074653,0.38901,-0.2367,0.40991,-0.37808,0.19921,0.056213,0.34082,0.046199,0.14525,-0.41335,-0.16379,-0.065753,0.21275,0.50495,0.040667,0.65932,0.58525,1.0981,0.58777,0,0.86804,0.53298,0.33489,0.013868,-0.24469,-0.059701,0.042674,0.15225,-0.076707,-0.52022,-0.36092,-0.04466,0.083918,0.22742,-0.035975,0.20065,0.37327,0.10139,0.16768,0.26796,0.072387,0.2095,0.0098158,0.054919,0.0052086,0.12026,0.33332,0.29969,0.39111,0.25821,-0.039139,0.01341,0.37457,0.15421,0.57743,0.29304,-0.11593,-0.14992,-0.65299,-0.19539,-0.19956,-0.31509,0.46755,0.45126,0.28938,0.24566,-0.091537,0.21946,0.29986,0.48172,0.032476,0.12463,-0.1186,0.15242,-0.46032,-0.68463,0.3704,0.27582,-0.80389,-0.34286,0.060617,0.13407,-0.012412,0.090652,0.15657,-0.026389,0.15477,0.32737,-0.020331,0.34211
-0.22308,-0.72022,0.43279,0.37569,-0.13743,-0.32031,0.18031,0.10469,-0.13887,0.21932,0.44133,-0.13605,0.6145,0.48096,-0.48294,-0.147,-0.36681,-0.065198,0.10157,-0.29252,-0.3613,-0.18623,0.054307,-0.19338,0.08751,0.18783,-0.42638,-0.19672,0.23097,0.031191,0.25035,0.37093,0.86738,0.60547,0.86804,0,0.81133,0.8212,0.50439,0.33826,-0.13241,-0.139,-0.40724,-0.40146,-0.55183,-0.28966,-0.25098,-0.25399,-0.048418,0.14462,0.45015,-0.061404,-0.15763,-0.36871,-0.22548,-0.2995,-0.20102,-0.30873,-0.2971,-0.33433,-0.32563,-0.013128,-0.1632,-0.12526,-0.33255,-0.34036,-0.24344,0.12084,-0.21915,0.02181,-0.28626,-0.4946,-0.54845,-0.72596,-0.24415,0.29452,0.061546,0.63058,0.6231,0.46298,0.34633,-0.24147,0.042538,0.24469,0.35438,0.32531,0.22836,-0.42081,-0.24576,-0.80473,-0.6514,0.35676,0.010055,-0.2301,-0.32749,0.14689,0.039966,0.33178,0.33527,-0.15037,-0.25456,-0.093123,0.0055104,-0.037191,0.20063
-0.24302,-1.0701,0.50265,0.40798,-0.26351,-0.69696,0.076545,0.23057,0.16336,0.45304,0.85112,0.11883,0.56132,0.42511,-0.088564,-0.010439,-0.41222,-0.0029175,0.32214,-0.37307,-0.71302,-0.4018,-0.27055,-0.4937,0.39396,0.3281,-0.45518,-0.32844,0.12856,-0.16582,0.30681,0.40597,0.69053,0.49307,0.53298,0.81133,0,1.1091,0.3299,0.37709,-0.58874,-0.57806,-0.062167,-0.49447,-0.39294,-0.23109,0.045504,-0.02549,-0.10701,0.43157,0.60125,-0.11535,0.011905,-0.31263,-0.014281,-0.19671,-0.093368,-0.14361,-0.10484,-0.096671,-0.15766,-0.06068,-0.10119,0.07812,-0.10021,0.044062,0.073484,0.29189,0.21982,0.19457,-0.085675,-0.095363,-0.072498,-0.51632,0.09893,0.69871,0.21962,0.80097,0.70698,0.7868,0.65592,-0.086589,0.062461,0.185,0.15805,0.52204,0.34465,-0.13641,-0.081383,-0.27492,-0.3767,0.39223,-0.1759,-0.16771,-0.45931,0.38934,0.23261,0.40074,0.35996,-0.058851,-0.28833,0.12095,0.16004,-0.19006,0.24019
-0.49032,-1.0191,0.46622,0.50898,-0.48473,-1.1641,0.25173,0.22631,0.1173,0.16915,1.0421,0.27371,0.63509,0.64873,-0.40514,-0.2834,-0.73183,-0.32126,0.27247,-0.73206,-0.93272,-0.74295,-0.20235,-0.93848,0.43228,0.29783,-0.62633,-0.44203,-0.032953,-0.29795,0.12675,0.20075,0.54097,0.45354,0.33489,0.8212,1.1091,0,0.53362,0.62509,-0.64404,-0.76217,-0.31008,-1.0442,-0.25521,-0.14093,-0.26304,-0.46054,-0.35743,0.34998,0.5942,-0.19543,-0.45475,-0.85072,-0.47173,-0.85023,-0.64594,-0.74336,-0.75094,-0.22092,-0.38028,-0.24564,-0.23685,-0.31632,-0.37172,-0.34641,-0.24763,0.2951,-0.24865,-0.15424,-0.37994,-0.47719,-0.45027,-0.70561,-0.23991,0.82225,0.4818,0.6423,0.76659,0.71841,0.77794,-0.19129,0.090165,0.11331,0.25572,0.57722,0.45663,-0.51838,-0.58613,-0.53073,-0.45958,0.046898,-0.49729,0.18117,-0.23674,0.60068,0.38943,0.49263,0.45326,-0.26731,-0.25608,0.089759,0.020818,0.12694,0.24297
0.22619,-0.4611,0.076424,-0.02718,-0.033607,-0.53947,0.9884,0.52031,0.22977,0.37538,0.43093,0.023611,0.22685,0.11412,-0.73798,-0.77872,-0.084572,-0.50836,0.24927,-0.68751,-0.37261,-0.61737,0.31315,-0.43068,0.42463,0.53999,-0.38174,-0.49553,0.37243,0.40853,-0.12819,0.095865,0.08792,0.18077,0.013868,0.50439,0.3299,0.53362,0,0.69429,0.26782,0.0076581,-0.39169,-0.37947,-0.33244,-0.19784,-0.38697,-0.56513,-0.29024,-0.088051,0.029392,-0.24657,-0.1701,-0.56496,-0.4595,-0.40177,-0.3285,-0.28158,-0.39485,-0.54275,-0.75163,-0.36795,-0.70796,-0.3966,-0.36594,-0.44834,-0.40729,-0.10025,-0.52649,-0.24213,-0.36088,-0.46238,-0.52377,-0.42564,-0.35476,0.36308,-0.0080085,0.079437,0.10514,0.067771,-0.15235,-0.11081,-0.1172,-0.31189,-0.12997,-0.018694,0.022564,-0.62116,-0.46006,-0.52385,-0.4391,0.25434,-0.28173,0.55041,-0.15173,0.34889,-0.019324,0.57505,0.038701,-0.4126,-0.33887,-0.2948,-0.57377,-0.0047952,0.054843
-0.14958,-0.34115,0.15795,0.081823,-0.14251,-0.48941,0.46851,0.76258,0.60368,0.44121,0.94226,0.85583,0.29486,0.33561,-0.53937,-0.62512,-0.36928,-0.68867,0.38717,-0.67711,-0.75985,-0.8303,-0.17211,-0.57146,0.63924,0.67017,-0.2702,-0.36095,-0.25727,-0.12921,-0.40209,-0.34449,-0.0055454,0.034725,-0.24469,0.33826,0.37709,0.62509,0.69429,0,-0.25506,-0.099327,-0.3976,-0.45617,-0.083078,-0.16717,-0.34902,-0.418,-0.56431,0.27606,0.44238,-0.85833,-0.53299,-0.89046,-0.73685,-0.6684,-0.49196,-0.5466,-0.51902,-0.33071,-0.45803,-0.75806,-0.82761,-0.86356,-0.92719,-0.45128,-0.395,-0.12821,-0.42021,-0.58011,-0.76086,-0.56769,-0.584,-0.31272,-0.33147,0.87244,0.58007,0.23609,0.25695,0.37465,0.30169,-0.34054,-0.24982,-0.21855,-0.099757,0.35085,0.023525,-0.47769,-0.68437,-0.21848,-0.10895,-0.042895,-0.38481,0.40834,0.043326,0.48334,0.15243,0.3629,0.19519,-0.80493,-0.69646,-0.48878,-0.67346,-0.063788,-0.071636
0.7311,0.35876,-0.21083,-0.3576,0.69389,0.55307,0.45447,-0.017337,-0.032379,-0.0058568,-0.55147,-0.54436,-0.21335,-0.32135,-0.056492,-0.17542,0.90055,0.19789,-0.069065,0.28524,0.81954,0.5068,0.8073,0.67076,-0.10887,-0.0057381,0.42057,0.10059,0.45829,0.76668,-0.22251,0.0065014,-0.1887,-0.021311,-0.059701,-0.13241,-0.58874,-0.64404,0.26782,-0.25506,0,0.91918,-0.034071,0.52791,-0.2313,-0.12556,-0.10253,0.039597,0.40441,-0.38191,-0.47457,0.16231,0.44661,0.46051,0.1845,0.48063,0.50606,0.53433,0.38551,-0.053452,-0.11727,0.19424,-0.12746,0.10337,0.20047,-0.035588,-0.064865,-0.25626,-0.12529,0.0050215,0.10537,-0.044208,-0.072989,0.10566,-0.17468,-0.5429,-0.59483,-0.3177,-0.3908,-0.57813,-0.8691,0.15375,-0.068013,-0.083452,-0.11947,-0.34197,-0.14301,0.080767,0.26291,-0.13449,-0.13227,0.33244,0.37301,0.12411,-0.085327,-0.40424,-0.66203,0.054368,-0.4379,0.2307,0.23003,-0.052598,-0.15991,-0.14738,-0.16407
0.55012,0.65978,-0.29127,-0.40265,0.54792,0.90522,0.03131,-0.067664,0.012182,0.16212,-0.51297,-0.1637,-0.33206,-0.48159,-0.042019,0.09453,0.53522,0.22261,-0.29819,0.50782,0.69462,0.69367,0.33441,0.96767,-0.35408,0.15692,0.61288,0.63385,0.33926,0.61491,-0.031081,-0.032388,-0.17168,-0.23289,0.042674,-0.139,-0.57806,-0.76217,0.0076581,-0.099327,0.91918,0,0.14841,0.82916,-0.10288,-0.20565,-0.091427,0.18635,0.14071,-0.40755,-0.40367,-0.11327,0.20772,0.41163,0.20019,0.52234,0.59278,0.45334,0.4426,-0.0082964,0.096086,0.056471,-0.024705,0.03651,0.055313,-0.060016,-0.094947,-0.25825,0.062378,0.15124,0.15392,-0.0092391,-0.059843,0.13909,-0.24935,-0.57673,-0.43828,-0.31517,-0.44183,-0.39367,-0.60678,-0.068995,-0.21796,-0.10272,-0.14791,-0.38454,-0.50933,0.073707,0.31449,0.067579,-0.04518,0.2107,0.53853,-0.15096,0.31784,-0.35455,-0.32246,-0.31282,-0.42785,-0.11535,-0.17292,-0.47654,-0.41475,-0.18434,-0.14315
0.19088,0.39435,-0.21951,-0.13449,-0.023584,0.25487,-0.22325,-0.11795,-0.29815,-0.18495,-0.40482,-0.2237,-0.5535,-0.68111,0.57957,0.64156,0.11301,0.21278,-0.59611,0.26027,0.19128,0.2983,-0.26029,0.092806,-0.19263,0.012305,0.27916,0.31245,0.14982,-0.077642,0.56835,0.35769,-0.20763,-0.38986,0.15225,-0.40724,-0.062167,-0.31008,-0.39169,-0.3976,-0.034071,0.14841,0,0.63192,0.29844,0.094301,0.52169,0.55111,0.16788,-0.31033,-0.31973,0.33766,0.2945,0.54814,0.51428,0.41125,0.62718,0.39694,0.44123,0.44953,0.49457,0.23566,0.37891,0.68509,0.65373,0.57262,0.51377,0.14903,0.59402,0.8806,0.72759,0.80614,0.84633,0.11962,0.30892,-0.22155,-0.23419,-0.38189,-0.3801,-0.21189,-0.14108,0.094158,0.043247,-0.44049,-0.26445,-0.5015,-0.26554,0.49076,0.52766,0.50411,-0.026843,0.010346,0.094262,-0.43955,-0.14804,0.13382,0.25992,-0.42008,-0.27585,0.19966,0.031845,0.046009,0.16148,-0.12764,0.072978
0.56718,0.62976,-0.48968,-0.55504,0.4151,0.99918,-0.23172,-0.073981,-0.071848,0.15423,-0.70454,-0.27883,-0.85688,-0.97304,0.34455,0.3748,0.62196,0.23476,-0.19257,0.56956,0.61361,0.71067,0.063409,0.79515,-0.25537,0.16737,0.49043,0.5638,0.18846,0.34754,0.23239,0.24533,-0.45187,-0.57962,-0.076707,-0.40146,-0.49447,-1.0442,-0.37947,-0.45617,0.52791,0.82916,0.63192,0,0.19274,0.11767,0.24476,0.44732,0.26987,-0.55941,-0.71687,0.13507,0.49537,0.75724,0.49453,1.0667,1.0256,0.82843,0.89741,0.11129,0.21774,0.32337,0.31363,0.44167,0.37306,0.30599,0.19908,-0.27651,0.52327,0.50771,0.49141,0.54943,0.55083,0.46617,0.2696,-0.60672,-0.54708,-0.62679,-0.87124,-0.61302,-0.63943,-0.0017935,-0.28153,-0.29704,-0.49653,-0.5634,-0.57607,0.43916,0.69291,0.3554,0.18997,0.05616,0.35014,-0.3519,0.093832,-0.50939,-0.31221,-0.56939,-0.57251,0.19969,-0.02455,-0.32139,-0.12123,-0.40648,-0.39333
