,,,,,,,,,,,,,,,,,,,,,,,,,,,,,,,,,,,,,,,,,,,,,,,,,,,,,,,,,,,,,,,,,,,,,,,,,,,,,,,,,,,,,,,,,,,,,,,,,,,,,,,,
0,-0.079009,-0.2725,-0.47367,1.0923,0.21043,0.59974,-0.37989,-0.017428,-0.1698,-0.36929,-0.61555,0.03543,-0.2518,0.27196,-0.13506,0.89679,0.49468,-0.12152,0.21127,0.62527,0.36603,0.65986,0.37295,0.062762,-0.17599,0.61782,0.21447,0.89047,0.90315,-0.044417,0.23987,-0.071293,0.21847,-0.03596,-0.0095352,-0.40146,-0.44773,0.40524,-0.42582,0.95748,0.63271,0.013008,0.48272,-0.37456,0.0034623,0.30363,0.40834,0.52212,-0.044006,-0.37933,0.24246,1.1453,0.5604,0.64277,1.0691,0.85712,1.196,0.9815,0.28258,0.019407,0.19786,0.016244,0.56167,0.13535,0.48474,0.35902,-0.14087,0.18973,0.38992,0.51377,0.13251,0.078985,0.3188,0.25136,-0.20975,-0.60644,-0.1275,-0.084507,-0.29125,-0.62521,0.16671,-0.080029,-0.026145,-0.19084,-0.33301,-0.27242,0.59052,1.0026,0.13856,0.15484,0.86857,0.52515,0.17989,-0.17924,-0.42607,-0.45144,-0.022498,-0.50539,0.73292,0.30354,0.24865,-0.13191,0.29953,0.2698
-0.079009,0,-0.10168,-0.0012072,-0.013522,1.0839,-0.26826,0.24091,-0.40359,-0.28777,-0.78091,0.10014,-0.85408,-0.80176,-0.17794,0.0059319,0.020187,-0.12098,-0.50991,0.43228,0.26224,0.20641,0.35466,0.63551,-0.64544,-0.37029,0.010738,-0.02853,-0.21744,0.12447,-0.34006,-0.38544,-0.70241,-0.78827,-0.27503,-0.50782,-0.79814,-0.93857,-0.44834,-0.38447,0.0054186,0.44455,0.090581,0.52801,0.39942,0.20107,0.22332,0.35726,0.10929,-0.48831,-0.43925,0.049638,0.025852,0.51087,0.11678,0.029955,-0.14334,-0.14704,0.010951,0.21317,0.56932,-0.32989,-0.25825,-0.071873,0.029264,0.1099,0.27724,-0.19772,-0.061787,-0.44399,-0.05243,0.24226,0.31597,0.27348,0.10865,-0.34447,0.18859,-0.4209,-0.68207,-0.42752,-0.49558,0.22467,0.0020041,0.22375,0.16532,-0.40463,-0.21782,0.12588,-0.024849,0.44338,0.21111,-0.32025,0.34293,0.13001,0.74149,-0.0030691,0.014692,0.040678,0.32707,-0.11229,0.38259,-0.47262,-0.0027383,0.24182,0.34446
-0.2725,-0.10168,0,1.6491,-0.20406,-0.21832,0.013088,0.36595,0.091372,0.40829,0.30641,0.32204,0.16175,0.32561,-0.054253,0.21242,-0.41601,0.018544,0.083171,0.097413,-0.35855,-0.28406,-0.1677,-0.10178,0.12222,0.20685,-0.27039,-0.30669,-0.087072,-0.16102,0.063105,-0.060512,0.078358,0.094825,0.035128,0.16619,0.3595,0.39551,0.08474,0.4364,-0.39527,-0.23096,0.048383,-0.46572,-0.012576,-0.32634,-0.018697,-0.10513,-0.086388,0.31711,0.49249,0.0011578,-0.20244,-0.14281,-0.098326,-0.34256,-0.21147,-0.36295,-0.32119,0.33795,0.38203,-0.28923,-0.1523,-0.22591,0.0016256,0.015433,0.11747,0.066979,-0.20325,-0.15131,-0.3103,-0.1456,-0.13903,-0.27068,-0.32047,0.58168,0.67124,0.54024,0.5013,0.48074,0.47158,0.70847,0.96301,0.37039,0.68995,0.56856,0.4079,-0.34872,-0.45516,-0.053724,-0.43413,-0.030181,-0.060735,0.030024,0.012877,0.45028,0.53125,0.27706,0.33056,-0.32515,-0.25792,-0.043962,-0.091604,-0.23947,0.15185
-0.47367,-0.0012072,1.6491,0,-0.35527,-0.20772,-0.14849,0.41402,0.09539,0.32799,0.29941,0.40168,-0.032861,0.16949,0.0070929,0.33394,-0.42782,-0.023705,-0.0020371,0.075732,-0.36345,-0.31413,-0.1807,-0.18298,0.14176,0.2989,-0.29013,-0.32315,-0.20524,-0.35595,0.21495,-0.041275,0.0031803,-0.092006,0.028716,0.01813,0.37781,0.40677,-0.073459,0.44047,-0.54131,-0.33749,0.17638,-0.37109,0.13701,-0.15949,-0.061359,-0.13976,-0.090104,0.17478,0.39385,0.098716,-0.39854,-0.22614,-0.25344,-0.51327,-0.28427,-0.55,-0.47174,0.3999,0.45273,-0.22594,-0.036887,-0.16191,0.15325,-0.029519,0.11275,0.18756,-0.20175,-0.1074,-0.24263,-0.0020382,0.035439,-0.36323,-0.28512,0.51456,0.80932,0.31553,0.30891,0.39367,0.58294,0.74567,1.045,0.2357,0.64885,0.46815,0.41362,-0.42003,-0.53657,-0.060491,-0.43604,-0.15057,-0.096799,-0.020566,0.052169,0.60737,0.77947,0.25969,0.43941,-0.31608,-0.13321,-0.054547,0.10775,-0.27019,0.10653
1.0923,-0.013522,-0.20406,-0.35527,0,0.28861,0.34797,-0.29305,0.33623,-0.1017,-0.18053,-0.28681,0.12792,-0.023827,0.40669,-0.067225,0.93821,0.65892,0.10242,0.47637,0.86303,0.54161,0.75619,0.46003,0.09466,-0.31102,1.0245,0.25288,0.46924,0.4943,-0.29602,-0.082241,-0.075462,0.17901,-0.19619,-0.35234,-0.41278,-0.4912,0.020233,-0.3281,0.75691,0.45068,-0.10472,0.41735,-0.34222,-0.025799,0.24699,0.41384,0.85538,0.25074,-0.10459,0.1616,1.1303,0.61161,0.73464,0.91523,0.76755,1.0169,0.81389,0.44659,0.14258,0.33799,0.14808,0.41042,0.027563,0.41956,0.25229,0.076833,0.28098,0.20864,0.3985,0.10026,0.060369,0.30041,0.18125,-0.14072,-0.30386,0.062561,0.064547,-0.1445,-0.3083,0.094905,-0.19987,0.21531,-0.048286,0.017926,0.090765,0.6571,0.81119,0.18131,0.28082,0.8658,0.67544,0.25771,-0.059291,-0.20563,-0.35782,0.27494,-0.22819,0.84297,0.47904,0.48873,0.16026,0.15037,0.17432
0.21043,1.0839,-0.21832,-0.20772,0.28861,0,-0.37818,-0.080701,-0.45348,-0.22452,-0.9749,-0.17053,-0.50891,-0.56349,-0.17945,0.064118,0.2413,0.17984,-0.35803,0.63081,0.49741,0.54866,0.60993,1.2877,-0.7751,-0.4137,0.18453,0.24263,0.12731,0.44196,-0.2769,-0.13583,-0.31117,-0.37671,-0.030025,-0.22975,-0.77604,-1.2518,-0.44507,-0.71936,0.24854,0.79799,-0.10236,0.91146,-0.039624,0.021697,0.16152,0.43785,0.36052,-0.48031,-0.55989,0.17762,0.42408,0.94009,0.45883,0.5142,0.23464,0.21145,0.41304,0.16307,0.45806,-0.042903,-0.015473,0.13298,0.065885,0.11098,0.1898,-0.21444,0.16988,-0.21698,0.13408,0.042208,0.12697,0.20388,0.098354,-0.55638,-0.16819,-0.1822,-0.46609,-0.37932,-0.54861,0.01355,-0.17327,0.61447,0.28194,-0.26923,-0.2183,0.25782,0.34271,0.20062,0.15029,-0.028097,0.67938,0.021472,0.64812,-0.34908,-0.24517,-0.10071,0.036448,0.24109,0.42939,-0.32856,0.12417,0.21012,0.30881
0.59974,-0.26826,0.013088,-0.14849,0.34797,-0.37818,0,0.049964,0.13457,-0.048643,0.1018,-0.2563,0.14386,-0.0015821,0.032278,-0.42938,0.3533,-0.060963,0.15325,-0.29082,0.076433,-0.19739,0.28119,-0.26055,0.46783,0.073529,-0.015273,-0.31105,0.3114,0.33043,-0.072309,0.17204,-0.14617,0.19989,-0.2374,0.038619,-0.11444,0.13019,1.0162,0.11109,0.56553,0.032483,-0.07363,-0.23585,0.019037,0.20569,-0.01005,-0.19255,-0.062569,0.073883,-0.12981,-0.013589,0.18986,-0.16608,-0.042551,0.026386,0.032955,0.23437,-0.01641,-0.046752,-0.39332,-0.079914,-0.31751,0.031834,-0.0085378,0.06377,0.028611,-0.3391,-0.45727,0.0058342,-0.071257,0.014688,-0.081316,0.21059,0.029931,0.091017,-0.19008,-0.16641,-0.070391,-0.27487,-0.45713,0.3826,0.16355,-0.4367,-0.34248,-0.1882,0.13341,0.019413,0.057871,-0.037039,0.032531,0.44736,-0.099704,0.47162,-0.31206,-0.015142,-0.21671,0.2583,-0.2401,0.13487,0.14947,0.28836,-0.37424,0.21785,0.032889
-0.37989,0.24091,0.36595,0.41402,-0.29305,-0.080701,0.049964,0,0.40008,0.61451,0.40605,1.0367,-0.37557,-0.16581,-0.28012,-0.23624,-0.55993,-0.83795,0.343,-0.16375,-0.72297,-0.89611,-0.28395,-0.36365,0.21661,0.39523,-0.60688,-0.93606,-0.74516,-0.36965,-0.25294,-0.40556,-0.61756,-0.73799,-0.7452,-0.41918,0.24419,0.15532,-0.01247,0.65933,-0.81602,-0.5614,-0.071612,-0.30388,0.61662,0.26821,0.26999,-0.06541,-0.31415,0.15995,0.22,-0.36453,-0.34007,-0.31633,-0.35984,-0.65372,-0.87212,-0.61799,-0.54545,-0.035389,0.13987,-0.59457,-0.51068,-0.551,-0.35664,0.064581,0.14422,-0.1314,-0.21589,-0.63176,-0.62964,0.31275,0.34247,0.16989,0.36511,0.84923,1.1309,-0.042204,-0.22912,0.18049,0.13321,0.23807,0.061227,-0.10992,-0.23661,0.13156,0.048774,-0.22282,-0.62505,0.45549,0.27373,-0.29077,-0.33022,0.50194,0.40856,0.56418,0.50702,0.65192,0.83215,-0.64859,-0.23038,-0.42953,-0.26864,-0.28946,-0.060885
-0.017428,-0.40359,0.091372,0.09539,0.33623,-0.45348,0.13457,0.40008,0,0.69438,0.97437,0.75606,0.23522,0.38605,0.37615,0.010751,0.090393,-0.033862,0.94426,0.038584,-0.13412,-0.20568,-0.069863,-0.38083,0.88202,0.49331,0.22053,-0.21164,-0.39095,-0.37835,-0.17487,-0.24845,-0.059901,-0.06947,-0.57829,-0.47731,0.3803,0.35178,-0.034408,0.78652,-0.27845,-0.53556,-0.12962,-0.32914,0.19623,0.2594,0.0065442,-0.062612,0.12169,0.743,0.49413,-0.36751,-0.051451,-0.4037,-0.1647,-0.21979,-0.16082,0.011185,-0.087299,0.21318,-0.041289,0.12383,0.10956,-0.14653,-0.25337,0.043682,-0.069741,0.28912,0.16663,-0.11253,-0.14033,0.19137,0.16513,0.18046,0.24854,0.69796,0.5324,0.20923,0.22437,0.35911,0.44724,-0.035538,-0.17967,-0.14854,-0.37376,0.47146,0.34649,0.10071,-0.10301,0.25044,0.55231,0.1905,-0.16167,0.29533,-0.082256,0.31456,0.14617,0.53954,0.19829,0.083051,0.0088736,0.3477,0.11703,-0.3991,-0.40927
-0.1698,-0.28777,0.40829,0.32799,-0.1017,-0.22452,-0.048643,0.61451,0.69438,0,0.68624,0.85458,0.10089,0.21919,-0.15165,0.077161,-0.29728,-0.21841,0.76736,0.055124,-0.54364,-0.30046,-0.15515,-0.11706,0.42479,0.9368,-0.35278,-0.19856,-0.30916,-0.16535,0.047995,0.058832,0.040354,-0.14723,-0.23738,0.097262,0.61988,0.41997,0.15888,0.81259,-0.55982,-0.30053,-0.23853,-0.27696,0.17878,0.13094,-0.065028,-0.093271,-0.30071,0.30709,0.31161,-0.55609,-0.21429,-0.43908,-0.23709,-0.28542,-0.37764,-0.23456,-0.168,-0.087635,-0.017221,-0.23261,-0.10986,-0.26314,-0.37784,-0.12458,-0.11208,-0.04519,0.12229,-0.23056,-0.34588,0.040694,0.038136,0.1382,0.19064,0.70121,0.58684,0.42783,0.21764,0.55715,0.37067,-0.027117,-0.061025,0.16821,-0.12763,0.42343,0.108,-0.23755,-0.27891,0.17178,0.29842,-0.020355,-0.23737,0.11941,0.25161,0.14909,0.20774,0.26608,0.3252,-0.317,-0.39741,-0.29635,-0.25762,-0.51606,-0.27744
-0.36929,-0.78091,0.30641,0.29941,-0.18053,-0.9749,0.1018,0.40605,0.97437,0.68624,0,0.65012,0.53604,0.69029,0.051372,-0.084571,-0.40957,-0.2952,0.89794,-0.4084,-0.69262,-0.60013,-0.60674,-0.95555,0.84334,0.67437,-0.25096,-0.37028,-0.42547,-0.60004,0.10884,-0.01366,0.27923,0.15844,-0.14749,0.028459,1.0583,1.1965,0.15608,1.1622,-0.59717,-0.98095,-0.091682,-0.89676,0.12445,0.084533,-0.19868,-0.42525,-0.3355,0.78239,0.8463,-0.46413,-0.43859,-0.91567,-0.45537,-0.62595,-0.43096,-0.36582,-0.50872,-0.1515,-0.36171,-0.044933,-0.002018,-0.39579,-0.30383,-0.23388,-0.32489,0.21919,-0.071113,-0.055191,-0.39526,-0.067561,-0.10249,-0.18691,-0.0027321,0.91723,0.52167,0.4752,0.51341,0.61818,0.81012,-0.17539,-0.049731,-0.22768,-0.28359,0.69573,0.39548,-0.30421,-0.46815,-0.076007,0.083894,0.074446,-0.55129,0.10055,-0.25709,0.44638,0.32074,0.41448,0.19612,-0.32032,-0.49394,0.22629,-0.051452,-0.42071,-0.47566
-0.61555,0.10014,0.32204,0.40168,-0.28681,-0.17053,-0.2563,1.0367,0.75606,0.85458,0.65012,0,-0.15547,0.12907,-0.023134,0.079351,-0.49141,-0.48996,0.55811,0.046071,-0.6089,-0.44254,-0.36532,-0.28161,0.33525,0.51114,-0.30573,-0.33448,-1.0692,-0.62423,-0.25302,-0.46395,-0.3262,-0.53156,-0.65745,-0.43742,0.35096,0.26861,-0.29492,0.91175,-1.0255,-0.56685,-0.081778,-0.35859,0.61527,0.24702,0.06332,-0.036852,-0.3078,0.36868,0.45588,-0.65315,-0.49017,-0.4451,-0.38618,-0.69294,-0.7662,-0.60742,-0.48403,0.089417,0.22774,-0.3533,-0.16892,-0.52038,-0.42793,-0.061451,-0.008323,0.079167,0.08371,-0.58512,-0.55074,0.18876,0.25232,0.17335,0.22474,0.87165,1.3958,0.19814,0.041606,0.43454,0.50561,-0.023401,-0.10173,0.029839,-0.15887,0.43119,0.23177,-0.15744,-0.59776,0.45219,0.47292,-0.42563,-0.37738,0.26784,0.42234,0.52835,0.48581,0.42866,0.73625,-0.51415,-0.20311,-0.25313,-0.031034,-0.41112,-0.21672
0.03543,-0.85408,0.16175,-0.032861,0.12792,-0.50891,0.14386,-0.37557,0.23522,0.10089,0.53604,-0.15547,0,1.38,0.0056468,-0.11155,-0.082368,0.26322,0.3008,-0.21551,-0.087485,0.026169,-0.21616,-0.2403,0.19926,-0.073018,0.15662,0.11585,0.25918,0.022408,-0.05149,0.014053,1.1385,1.419,0.42645,0.50166,0.4701,0.54704,0.34444,0.27203,0.12805,-0.10727,-0.27947,-0.68192,-0.73798,-0.65778,-0.33073,-0.28026,-0.0048794,0.70727,0.72406,-0.11065,0.075457,-0.20009,0.082599,0.015206,0.13944,0.16334,0.03374,-0.23452,-0.39982,0.21847,0.066383,-0.13108,-0.098962,-0.22808,-0.40693,0.23349,-0.031731,0.19491,-0.069416,-0.65483,-0.77824,-0.42276,-0.51674,0.12905,-0.28297,0.91502,1.2101,0.50088,0.36892,-0.3137,-0.0099473,0.14814,0.22856,0.50301,0.26235,-0.13763,-0.024522,-0.44514,-0.31233,0.42193,-0.015617,-0.17876,-0.55546,-0.029946,-0.14927,0.04951,-0.33322,0.016703,-0.38191,0.51473,-0.064027,-0.15188,-0.15771
-0.2518,-0.80176,0.32561,0.16949,-0.023827,-0.56349,-0.0015821,-0.16581,0.38605,0.21919,0.69029,0.12907,1.38,0,0.031751,-0.012382,-0.24787,0.087176,0.55899,-0.14445,-0.24109,-0.070606,-0.34599,-0.32479,0.31566,-0.0082587,0.028098,0.019833,-0.091545,-0.2595,-0.18748,-0.17062,0.75626,0.94602,0.15534,0.3179,0.45675,0.59607,0.11031,0.45828,-0.11412,-0.35504,-0.32334,-0.80291,-0.42519,-0.53277,-0.40392,-0.41433,-0.048298,0.74265,0.78627,-0.18122,-0.11749,-0.3244,-0.090145,-0.19789,-0.076556,-0.072927,-0.1653,-0.16144,-0.29442,0.19657,0.13088,-0.33696,-0.196,-0.31934,-0.48859,0.18982,-0.080074,-0.060784,-0.30508,-0.69182,-0.73927,-0.34686,-0.52389,0.33101,0.039038,0.83202,1.0221,0.48564,0.57744,-0.23846,0.070398,0.19356,0.26546,0.77091,0.49565,-0.23771,-0.30924,-0.42766,-0.20966,0.054575,-0.24394,-0.11216,-0.4837,0.09373,-0.02436,0.099063,-0.1959,-0.06562,-0.32128,0.49401,0.042359,-0.32425,-0.35915
0.27196,-0.17794,-0.054253,0.0070929,0.40669,-0.17945,0.032278,-0.28012,0.37615,-0.15165,0.051372,-0.023134,0.0056468,0.031751,0,0.68063,0.53241,0.55458,-0.030274,0.24815,0.49356,0.33254,0.047197,-0.038671,0.35642,-0.0046566,0.74909,0.18976,0.14046,-0.047971,0.15371,0.11268,-0.0084002,0.037677,-0.12261,-0.42906,-0.0011362,-0.028068,-0.31552,-0.10168,0.11973,-0.1498,0.59204,0.1823,-0.021989,0.064093,0.42152,0.48513,0.70206,0.3746,0.151,0.43765,0.35983,0.26236,0.39772,0.32952,0.62023,0.61612,0.50331,0.92004,0.4871,0.6846,0.67891,0.69266,0.54975,0.6254,0.5412,0.6966,0.71914,0.61286,0.86193,0.55413,0.52929,0.11091,0.25724,0.030687,-0.012215,-0.17292,0.10525,0.15547,0.22799,0.21345,0.1547,-0.23369,-0.11288,-0.0038607,0.17142,0.84372,0.5822,0.32167,0.22386,0.13228,0.17976,-0.14535,-0.4812,-0.038499,-0.056191,-0.2699,-0.35222,0.83182,0.48197,0.86957,0.59459,-0.06695,-0.078684
-0.13506,0.0059319,0.21242,0.33394,-0.067225,0.064118,-0.42938,-0.23624,0.010751,0.077161,-0.084571,0.079351,-0.11155,-0.012382,0.68063,0,0.013096,0.41571,-0.16588,0.66459,0.18097,0.53202,-0.016086,0.21172,-0.057311,0.094825,0.20181,0.45665,0.0051469,-0.16809,0.58194,0.38479,0.24348,-0.029684,0.31926,-0.03757,0.18777,0.040943,-0.48511,-0.11607,-0.21482,-0.065618,0.71431,0.25921,0.096092,0.020798,0.20225,0.39894,0.36858,-0.096295,-0.0279,0.36683,0.094201,0.26528,0.31329,0.13705,0.36022,0.16546,0.25802,0.72202,0.78054,0.51172,0.9097,0.64764,0.55229,0.27239,0.33527,0.44428,0.6958,0.53522,0.57334,0.36136,0.39263,-0.091318,0.085113,-0.036628,0.089081,0.019516,0.10149,0.14845,0.26839,0.090682,0.26834,0.047772,0.25014,-0.069364,0.19122,0.30287,0.23949,0.11854,-0.056251,-0.18122,0.090453,-0.57938,-0.17599,0.067047,0.20091,-0.38203,-0.1733,0.41368,0.28136,0.28239,0.6577,-0.1434,-0.0051144
0.89679,0.020187,-0.41601,-0.42782,0.93821,0.2413,0.3533,-0.55993,0.090393,-0.29728,-0.40957,-0.49141,-0.082368,-0.24787,0.53241,0.013096,0,0.79329,-0.11729,0.21904,1.1531,0.58529,0.99634,0.45231,0.19549,-0.11088,0.87944,0.34429,0.64184,0.49785,-0.075757,0.14114,-0.10366,0.12389,-0.099932,-0.25654,-0.54383,-0.52724,0.12103,-0.45133,1.0964,0.61209,-0.041193,0.61223,-0.26999,0.18463,0.015751,0.30872,0.5697,-0.047098,-0.39175,0.31433,0.58644,0.38416,0.35495,0.78344,0.834,0.88864,0.74464,0.33895,0.025049,0.39438,0.19644,0.68684,0.35839,0.2772,0.22461,0.055907,0.19097,0.32208,0.67776,0.19148,0.17658,0.27014,0.12723,-0.54404,-0.55869,-0.3159,-0.18702,-0.29698,-0.3547,0.23736,-0.055678,0.0095434,-0.049363,-0.21302,0.013982,0.53968,0.93014,0.048339,0.27905,0.56875,0.61499,0.11355,-0.10358,-0.4373,-0.4507,-0.17814,-0.41393,1.0691,0.76707,0.43271,0.25403,0.19709,0.10612
0.49468,-0.12098,0.018544,-0.023705,0.65892,0.17984,-0.060963,-0.83795,-0.033862,-0.21841,-0.2952,-0.48996,0.26322,0.087176,0.55458,0.41571,0.79329,0,-0.32711,0.40064,0.84959,0.8948,0.49072,0.55558,-0.042421,-0.22472,0.91512,0.66401,0.65814,0.26756,0.14572,0.21065,0.40945,0.51943,0.43126,0.041156,-0.14359,-0.26642,-0.1389,-0.50626,0.60507,0.56611,0.21286,0.44366,-0.54773,-0.31903,0.095404,0.53589,0.56714,0.15496,-0.0024698,0.37341,0.56995,0.51111,0.58856,0.81558,1.2222,0.83214,0.82442,0.44473,0.29017,0.42724,0.3665,0.89214,0.5654,0.39304,0.33496,0.35936,0.47843,0.66388,0.79594,0.071383,0.054288,0.0047179,-0.10489,-0.4602,-0.48536,0.25765,0.39867,0.19124,0.11915,0.16036,0.18128,0.40652,0.48984,0.10237,0.12406,0.52468,0.8602,0.014686,-0.10962,0.56937,0.61637,-0.40625,-0.23547,-0.34105,-0.25738,-0.30044,-0.33968,0.79703,0.32641,0.497,0.4947,-0.083011,0.17424
-0.12152,-0.50991,0.083171,-0.0020371,0.10242,-0.35803,0.15325,0.343,0.94426,0.76736,0.89794,0.55811,0.3008,0.55899,-0.030274,-0.16588,-0.11729,-0.32711,0,-0.083978,-0.36778,-0.28844,-0.16767,-0.34333,0.75699,0.56297,-0.2069,-0.26697,-0.42621,-0.29613,-0.20458,-0.048929,0.0072931,0.02275,-0.45528,-0.058881,0.37252,0.43338,0.088702,0.72322,-0.26374,-0.54281,-0.42557,-0.37452,0.18346,0.32219,-0.31356,-0.44623,-0.16768,0.46647,0.29196,-0.52039,-0.16242,-0.52315,-0.30528,-0.25342,-0.33258,-0.15291,-0.24262,-0.18792,-0.41329,0.021944,0.039998,-0.46347,-0.54191,-0.35287,-0.48168,-0.1827,-0.096918,-0.36775,-0.5068,-0.17954,-0.18799,0.17842,0.11079,0.57277,0.36425,0.23949,0.11905,0.17016,0.28459,-0.21785,-0.28671,-0.016366,-0.40591,0.60093,0.43024,-0.19371,-0.32107,-0.094496,0.44633,-0.03306,-0.42134,0.27399,-0.05906,0.041371,-0.094954,0.33038,-0.013259,-0.051802,-0.1722,0.13696,-0.12512,-0.35275,-0.71064
0.21127,0.43228,0.097413,0.075732,0.47637,0.63081,-0.29082,-0.16375,0.038584,0.055124,-0.4084,0.046071,-0.21551,-0.14445,0.24815,0.66459,0.21904,0.40064,-0.083978,0,0.54155,0.89158,0.53564,0.8609,-0.35587,-0.31003,0.48277,0.5502,0.034614,0.17518,-0.056558,-0.075169,-0.089661,-0.15789,-0.00070618,-0.26099,-0.39943,-0.55535,-0.45556,-0.25384,0.14211,0.41523,0.14896,0.51688,0.06274,0.024151,0.14197,0.44844,0.62786,-0.19245,-0.24238,0.11666,0.47138,0.67373,0.58488,0.4443,0.35303,0.31147,0.44564,0.69912,0.82351,0.23647,0.41074,0.30782,0.0045043,0.18201,0.19292,0.032359,0.38556,0.017855,0.25074,0.10152,0.11132,0.22232,0.03816,-0.16068,0.070631,0.037763,-0.086101,-0.2132,-0.22956,0.079222,-0.010513,0.39524,0.30447,-0.12714,0.10106,0.31076,0.28148,0.20966,0.18928,0.021454,0.48681,-0.15848,0.26377,0.0087251,-0.017372,0.068756,-0.0075453,0.38847,0.43583,0.023752,0.25124,0.11634,0.22713
0.62527,0.26224,-0.35855,-0.36345,0.86303,0.49741,0.076433,-0.72297,-0.13412,-0.54364,-0.69262,-0.6089,-0.087485,-0.24109,0.49356,0.18097,1.1531,0.84959,-0.36778,0.54155,0,1.0332,0.95191,0.76194,-0.28279,-0.55214,1.1331,0.53859,0.6272,0.58184,-0.1023,0.040057,-0.018608,0.11131,0.11,-0.22831,-0.74254,-0.70157,-0.13732,-0.77161,1.0278,0.72216,0.0055089,0.61687,-0.39346,-0.085108,0.046078,0.33286,0.95857,-0.1229,-0.34405,0.55902,0.66764,0.74145,0.64269,0.81673,0.82805,0.81537,0.69819,0.4433,0.25687,0.62053,0.39885,0.5965,0.36071,0.20475,0.1624,0.27122,0.27523,0.34173,0.80529,0.061697,0.027798,0.069341,-0.11908,-0.8473,-0.57157,-0.2565,-0.12924,-0.33461,-0.42164,0.14234,-0.052234,0.18632,0.19938,-0.27842,-0.0076285,0.51583,0.82564,-0.047034,0.019774,0.39519,0.93703,0.0036707,-0.025572,-0.35153,-0.41881,-0.1946,-0.35421,0.95918,0.86693,0.4443,0.3333,0.37942,0.28788
0.36603,0.20641,-0.28406,-0.31413,0.54161,0.54866,-0.19739,-0.89611,-0.20568,-0.30046,-0.60013,-0.44254,0.026169,-0.070606,0.33254,0.53202,0.58529,0.8948,-0.28844,0.89158,1.0332,0,0.61928,0.99936,-0.42687,-0.43354,0.75797,1.2188,0.39761,0.39179,0.081213,0.21635,0.26061,0.23638,0.38434,0.042253,-0.49381,-0.53594,-0.30967,-0.7281,0.6364,0.7825,0.098653,0.62515,-0.27964,-0.10426,-0.058959,0.37286,0.57139,-0.26328,-0.36991,0.26007,0.51261,0.6699,0.62139,0.7333,0.73639,0.62482,0.65704,0.34866,0.31691,0.58148,0.60887,0.57978,0.27462,0.066627,0.040296,0.12931,0.46585,0.34758,0.58088,-0.079274,-0.073896,0.11327,-0.1639,-0.77396,-0.53954,0.025146,0.032454,-0.23688,-0.28487,-0.16317,-0.16613,0.38237,0.28707,-0.1815,0.022988,0.41338,0.64492,-0.066338,0.02097,0.17746,0.55939,-0.34159,0.042053,-0.44531,-0.4366,-0.36999,-0.40647,0.72726,0.56496,0.28287,0.42689,0.23167,0.16373
0.65986,0.35466,-0.1677,-0.1807,0.75619,0.60993,0.28119,-0.28395,-0.069863,-0.15515,-0.60674,-0.36532,-0.21616,-0.34599,0.047197,-0.016086,0.99634,0.49072,-0.16767,0.53564,0.95191,0.61928,0,0.81306,-0.12588,-0.18625,0.50914,0.29023,0.56148,0.65527,-0.1212,0.052775,-0.15707,-0.026018,-0.067988,-0.20286,-0.71992,-0.7116,0.19065,-0.416,0.93099,0.89377,-0.26604,0.58649,-0.22563,0.13584,-0.17299,0.12403,0.51766,-0.36319,-0.60264,0.28455,0.48834,0.48274,0.31527,0.53119,0.41827,0.41981,0.41139,0.29266,0.15719,0.20178,0.066528,0.37431,0.2061,-0.0052229,0.024857,-0.15899,-0.094263,-0.011019,0.29432,-0.042531,-0.026806,0.10427,-0.10237,-0.552,-0.35876,-0.22569,-0.30685,-0.51139,-0.63611,0.35841,0.050972,0.26455,0.23447,-0.28492,0.076658,0.11382,0.45772,-0.11022,0.077466,0.49453,0.84911,0.28566,0.27435,-0.18576,-0.19672,0.13664,-0.12129,0.631,0.8761,0.10924,0.12774,0.31604,0.33642
0.37295,0.63551,-0.10178,-0.18298,0.46003,1.2877,-0.26055,-0.36365,-0.38083,-0.11706,-0.95555,-0.28161,-0.2403,-0.32479,-0.038671,0.21172,0.45231,0.55558,-0.34333,0.8609,0.76194,0.99936,0.81306,0,-0.68794,-0.40554,0.40704,0.5997,0.35804,0.63968,-0.21861,-0.01687,-0.066693,-0.056456,0.13441,-0.0076079,-0.72961,-1.0296,-0.26723,-0.73009,0.49107,1.2049,-0.16443,0.80324,-0.24893,-0.15188,0.058551,0.47802,0.43332,-0.36583,-0.46982,0.15314,0.54012,0.91648,0.59362,0.73807,0.45836,0.44003,0.63625,0.241,0.46034,0.099626,0.10592,0.29146,0.088442,0.11352,0.17148,-0.1384,0.28771,-0.05735,0.2853,-0.091645,-0.045495,0.22835,-0.064963,-0.65997,-0.31305,0.023251,-0.15379,-0.22033,-0.47744,0.059589,-0.088704,0.81097,0.46585,-0.17257,-0.14931,0.30248,0.50972,0.10296,0.085422,0.10431,0.81775,-0.084855,0.50329,-0.50348,-0.38866,-0.23654,-0.10201,0.38581,0.43836,-0.19006,0.10215,0.20497,0.36203
0.062762,-0.64544,0.12222,0.14176,0.09466,-0.7751,0.46783,0.21661,0.88202,0.42479,0.84334,0.33525,0.19926,0.31566,0.35642,-0.057311,0.19549,-0.042421,0.75699,-0.35587,-0.28279,-0.42687,-0.12588,-0.68794,0,0.79363,-0.045267,-0.37654,-0.18462,-0.42501,0.065178,0.093397,-0.056577,0.083578,-0.42892,-0.21142,0.42023,0.53021,0.28947,0.72433,-0.10102,-0.55741,0.081192,-0.28913,0.27428,0.46097,-0.13048,-0.20522,-0.19635,0.47472,0.24224,-0.24363,-0.19967,-0.65299,-0.41667,-0.24115,-0.047782,-0.0015166,-0.13062,0.060255,-0.32018,-0.03508,-0.040398,0.022584,0.022025,0.026809,-0.037867,-0.036681,-0.12556,0.034846,-0.12054,0.21849,0.19554,0.20788,0.23546,0.5533,0.26207,-0.011007,0.083788,0.18281,0.39762,0.21059,0.13694,-0.44797,-0.43106,0.33784,0.41575,0.0057643,-0.10814,0.098903,0.40078,0.15268,-0.48542,0.13229,-0.44181,0.13996,0.074314,0.16619,-0.13195,0.13213,-0.047329,0.37319,0.020923,-0.46033,-0.61094
-0.17599,-0.37029,0.20685,0.2989,-0.31102,-0.4137,0.073529,0.39523,0.49331,0.9368,0.67437,0.51114,-0.073018,-0.0082587,-0.0046566,0.094825,-0.11088,-0.22472,0.56297,-0.31003,-0.55214,-0.43354,-0.18625,-0.40554,0.79363,0,-0.45218,-0.26353,-0.19242,-0.26609,0.45281,0.44286,0.0064097,-0.21945,-0.1326,0.12413,0.66784,0.60864,0.26603,0.70322,-0.43376,-0.38358,0.016752,-0.17614,0.33568,0.5215,-0.22757,-0.2531,-0.49467,0.072533,0.071056,-0.33348,-0.4964,-0.77473,-0.60332,-0.41787,-0.30645,-0.30958,-0.29885,-0.11691,-0.22922,-0.15662,-0.0098868,-0.05539,-0.0081521,-0.21033,-0.13447,-0.06162,-0.024627,0.013388,-0.15883,0.21114,0.23755,0.043136,0.22401,0.45652,0.37507,0.026921,-0.044313,0.30804,0.38192,0.095956,0.089854,-0.21453,-0.33536,0.23651,0.085641,-0.30814,-0.22264,0.026396,0.23504,-0.03243,-0.42181,0.022104,0.034142,0.061797,0.21494,-0.014025,0.078769,-0.16326,-0.2365,-0.18189,-0.096655,-0.41693,-0.44685
0.61782,0.010738,-0.27039,-0.29013,1.0245,0.18453,-0.015273,-0.60688,0.22053,-0.35278,-0.25096,-0.30573,0.15662,0.028098,0.74909,0.20181,0.87944,0.91512,-0.2069,0.48277,1.1331,0.75797,0.50914,0.40704,-0.045267,-0.45218,0,0.56477,0.45275,0.32754,-0.17744,-0.16953,0.075532,0.24615,-0.0046397,-0.35082,-0.42186,-0.42912,-0.22414,-0.36714,0.61645,0.44557,0.082891,0.36215,-0.43003,-0.22928,0.16759,0.4432,0.99191,0.25485,0.028916,0.32513,0.70428,0.56868,0.65586,0.73004,0.86346,0.87341,0.77491,0.63067,0.32864,0.58299,0.41608,0.51974,0.22308,0.3835,0.24028,0.52238,0.49292,0.41993,0.72931,0.069745,0.046415,0.05996,-0.063046,-0.29667,-0.32752,0.015474,0.19312,-0.028545,-0.05983,0.010134,-0.10998,0.12273,0.11573,-0.028677,-0.022733,0.67331,0.79654,0.12537,0.12627,0.5136,0.70332,-0.0051962,-0.16921,-0.13575,-0.20621,-0.03793,-0.28235,0.84109,0.51646,0.61894,0.36901,0.19551,0.23243
0.21447,-0.02853,-0.30669,-0.32315,0.25288,0.24263,-0.31105,-0.93606,-0.21164,-0.19856,-0.37028,-0.33448,0.11585,0.019833,0.18976,0.45665,0.34429,0.66401,-0.26697,0.5502,0.53859,1.2188,0.29023,0.5997,-0.37654,-0.26353,0.56477,0,0.33956,0.2877,0.23177,0.27877,0.40629,0.31513,0.50979,0.27655,-0.2312,-0.22843,-0.22697,-0.48686,0.3926,0.65541,0.018835,0.392,-0.29175,-0.14485,-0.17307,0.23053,0.21291,-0.27487,-0.24261,-0.016102,0.26194,0.31515,0.37806,0.50613,0.51944,0.36981,0.44958,0.17697,0.14397,0.43855,0.58634,0.42565,0.059136,-0.050599,-0.079488,0.097654,0.50697,0.36363,0.41187,-0.23341,-0.185,-0.013662,-0.19594,-0.49805,-0.48359,0.18265,0.21079,-0.079367,-0.0698,-0.41682,-0.31736,0.31448,0.21145,-0.059524,-0.072126,0.21303,0.49249,-0.18881,-0.061844,0.1178,0.31742,-0.34059,0.11682,-0.31161,-0.2182,-0.40995,-0.26246,0.41241,0.23733,0.10651,0.3289,0.34086,0.2681
0.89047,-0.21744,-0.087072,-0.20524,0.46924,0.12731,0.3114,-0.74516,-0.39095,-0.30916,-0.42547,-1.0692,0.25918,-0.091545,0.14046,0.0051469,0.64184,0.65814,-0.42621,0.034614,0.6272,0.39761,0.56148,0.35804,-0.18462,-0.19242,0.45275,0.33956,0,1.0488,0.31206,0.53499,0.41746,0.54502,0.58272,0.45328,-0.14201,-0.15471,0.52232,-0.53421,0.90162,0.69144,-0.033728,0.26977,-0.98929,-0.39631,-0.024506,0.12037,0.43678,-0.12142,-0.22407,0.59301,0.663,0.45739,0.56193,0.77594,0.85621,0.73491,0.6345,0.12518,-0.055188,0.39153,0.18874,0.61775,0.41387,0.15119,0.10643,0.13757,0.1211,0.70274,0.72464,-0.17932,-0.22614,-0.33025,-0.2492,-0.49143,-0.9287,0.074648,0.20072,-0.063043,-0.33053,0.16608,0.16953,0.13128,0.26941,-0.22928,-0.18,0.16685,0.80094,-0.38768,-0.49237,0.85925,0.74201,-0.039985,-0.25438,-0.33232,-0.21388,-0.26568,-0.53563,0.60476,0.19872,0.28333,-0.028298,0.39117,0.47005
0.90315,0.12447,-0.16102,-0.35595,0.4943,0.44196,0.33043,-0.36965,-0.37835,-0.16535,-0.60004,-0.62423,0.022408,-0.2595,-0.047971,-0.16809,0.49785,0.26756,-0.29613,0.17518,0.58184,0.39179,0.65527,0.63968,-0.42501,-0.26609,0.32754,0.2877,1.0488,0,-0.039658,0.26986,0.057433,0.17449,0.17757,0.31652,-0.4677,-0.44242,0.45927,-0.54537,0.79173,0.92177,-0.33259,0.2792,-0.64664,-0.27663,0.049343,0.12264,0.40884,-0.25137,-0.38236,0.31007,0.67882,0.57184,0.53765,0.66459,0.40734,0.58268,0.54057,0.094805,0.037579,0.24309,0.047029,0.2059,0.055104,0.072187,0.07089,-0.071576,0.097342,0.16535,0.36533,-0.25323,-0.26292,-0.07663,-0.15477,-0.41562,-0.60181,-0.029319,-0.042222,-0.23859,-0.76909,0.11288,-0.048363,0.27147,0.11134,-0.3152,-0.38061,0.17093,0.60518,-0.20029,-0.21173,0.51754,0.8006,0.32653,0.16813,-0.46345,-0.3883,-0.15453,-0.35845,0.40022,0.30237,-0.002373,-0.25905,0.65745,0.57719
-0.044417,-0.34006,0.063105,0.21495,-0.29602,-0.2769,-0.072309,-0.25294,-0.17487,0.047995,0.10884,-0.25302,-0.05149,-0.18748,0.15371,0.58194,-0.075757,0.14572,-0.20458,-0.056558,-0.1023,0.081213,-0.1212,-0.21861,0.065178,0.45281,-0.17744,0.23177,0.31206,-0.039658,0,1.2771,0.44073,0.053989,0.75637,0.43736,0.57029,0.50467,0.13221,-0.067356,-0.11449,-0.14602,0.52511,0.0685,-0.01758,0.18531,-0.068712,-0.071285,-0.070672,-0.34093,-0.16523,0.33459,-0.15527,-0.19307,-0.070276,-0.057004,0.18887,-0.04128,-0.069542,0.088918,-0.014855,0.34781,0.5647,0.54602,0.50829,-0.049076,0.019771,0.23681,0.19198,0.86717,0.45208,0.23919,0.22742,-0.41703,0.037442,-0.084694,-0.19164,-0.067425,0.030071,0.052287,0.17558,-0.0075734,0.20188,-0.29204,-0.042057,-0.1976,-0.026209,-0.15966,0.15196,-0.32241,-0.4404,0.15623,-0.075725,-0.44027,-0.25205,0.089064,0.27741,-0.2713,-0.16977,0.15539,-0.039763,0.079652,0.29693,0.071307,0.03511
0.23987,-0.38544,-0.060512,-0.041275,-0.082241,-0.13583,0.17204,-0.40556,-0.24845,0.058832,-0.01366,-0.46395,0.014053,-0.17062,0.11268,0.38479,0.14114,0.21065,-0.048929,-0.075169,0.040057,0.21635,0.052775,-0.01687,0.093397,0.44286,-0.16953,0.27877,0.53499,0.26986,1.2771,0,0.42041,0.1705,0.68458,0.62221,0.35697,0.34389,0.31644,-0.23773,0.18871,0.069973,0.31163,0.18962,-0.1351,0.22463,-0.11845,-0.083104,-0.066645,-0.3518,-0.33742,0.28859,0.063328,-0.06586,0.071364,0.19912,0.34325,0.20762,0.12922,-0.041511,-0.20962,0.38688,0.49167,0.55421,0.42276,-0.083424,-0.042262,-0.018263,0.1789,0.77029,0.45148,0.11017,0.089666,-0.2026,0.053141,-0.24902,-0.46057,-0.067966,-0.027769,-0.04857,-0.072702,-0.045994,0.067731,-0.16425,-0.14275,-0.18154,-0.0078384,-0.040812,0.34707,-0.37206,-0.31325,0.26058,-0.025222,-0.31674,-0.26028,-0.28543,-0.11931,-0.44585,-0.47509,0.34409,0.030831,0.12579,0.13541,0.13722,-0.049661
-0.071293,-0.70241,0.078358,0.0031803,-0.075462,-0.31117,-0.14617,-0.61756,-0.059901,0.040354,0.27923,-0.3262,1.1385,0.75626,-0.0084002,0.24348,-0.10366,0.40945,0.0072931,-0.089661,-0.018608,0.26061,-0.15707,-0.066693,-0.056577,0.0064097,0.075532,0.40629,0.41746,0.057433,0.44073,0.42041,0,1.1443,1.1042,0.78538,0.58746,0.526,0.20675,0.012593,0.084113,0.020284,-0.069274,-0.34813,-0.78641,-0.58611,-0.36782,-0.19877,0.0033132,0.2349,0.38802,0.1143,0.0095104,-0.11138,0.11653,0.071895,0.26049,0.12698,0.07244,-0.22387,-0.26595,0.42247,0.38208,0.17657,0.20149,-0.27726,-0.37249,0.3505,0.15393,0.53467,0.2053,-0.50095,-0.56137,-0.67961,-0.50443,-0.15444,-0.48243,0.73184,0.92096,0.43887,0.36178,-0.40705,0.0121,0.18758,0.36394,0.25618,0.14403,-0.19703,0.10822,-0.63288,-0.56111,0.35403,0.094101,-0.52353,-0.45185,-0.098394,-0.059568,-0.2202,-0.36152,0.10992,-0.28187,0.37447,0.19033,-0.093875,-0.054614
0.21847,-0.78827,0.094825,-0.092006,0.17901,-0.37671,0.19989,-0.73799,-0.06947,-0.14723,0.15844,-0.53156,1.419,0.94602,0.037677,-0.029684,0.12389,0.51943,0.02275,-0.15789,0.11131,0.23638,-0.026018,-0.056456,0.083578,-0.21945,0.24615,0.31513,0.54502,0.17449,0.053989,0.1705,1.1443,0,0.6253,0.6518,0.22623,0.31374,0.3982,-0.05366,0.4281,0.15023,-0.16247,-0.34187,-0.90988,-0.72726,-0.31791,-0.1771,0.064421,0.34412,0.32297,0.12099,0.22159,-0.011118,0.19168,0.25917,0.4241,0.35195,0.23473,-0.19239,-0.36291,0.2953,0.12916,0.14346,0.14411,-0.12145,-0.2744,0.12152,-0.038279,0.38107,0.11917,-0.64712,-0.74519,-0.36575,-0.56154,-0.14097,-0.61872,0.64481,0.9307,0.25986,0.1817,-0.18004,0.13376,0.16382,0.36624,0.27156,0.18002,-0.054538,0.16509,-0.54374,-0.46493,0.43989,0.049398,-0.31831,-0.6935,-0.22147,-0.26011,-0.18446,-0.5636,0.21805,-0.20847,0.54167,0.027881,-0.092911,-0.066253
-0.03596,-0.27503,0.035128,0.028716,-0.19619,-0.030025,-0.2374,-0.7452,-0.57829,-0.23738,-0.14749,-0.65745,0.42645,0.15534,-0.12261,0.31926,-0.099932,0.43126,-0.45528,-0.00070618,0.11,0.38434,-0.067988,0.13441,-0.42892,-0.1326,-0.0046397,0.50979,0.58272,0.17757,0.75637,0.68458,1.1042,0.6253,0,0.91996,0.33669,0.27462,0.11778,-0.35431,0.16637,0.24126,0.17747,-0.0001523,-0.59323,-0.45265,-0.2355,-0.058744,-0.023197,-0.18916,0.035589,0.32005,0.021133,0.091355,0.20142,0.18885,0.36818,0.10781,0.10648,-0.19167,-0.12131,0.29641,0.33798,0.36964,0.3456,-0.19278,-0.18464,0.21881,0.11786,0.71709,0.38888,-0.28806,-0.34317,-0.62634,-0.43187,-0.48771,-0.63174,0.35199,0.44373,0.17813,0.11924,-0.26785,0.10398,0.1659,0.4412,-0.068231,-0.077995,-0.19128,0.21077,-0.58194,-0.82316,0.25343,0.19647,-0.73655,-0.26896,-0.15864,-0.032456,-0.41805,-0.29962,0.063542,-0.2393,0.076119,0.14273,0.1302,0.19184
-0.0095352,-0.50782,0.16619,0.01813,-0.35234,-0.22975,0.038619,-0.41918,-0.47731,0.097262,0.028459,-0.43742,0.50166,0.3179,-0.42906,-0.03757,-0.25654,0.041156,-0.058881,-0.26099,-0.22831,0.042253,-0.20286,-0.0076079,-0.21142,0.12413,-0.35082,0.27655,0.45328,0.31652,0.43736,0.62221,0.78538,0.6518,0.91996,0,0.36127,0.46113,0.5413,-0.029022,0.11402,0.17827,-0.22936,-0.28412,-0.51029,-0.40878,-0.43331,-0.39399,-0.39408,-0.15301,0.04513,-0.036965,-0.14526,-0.23136,-0.09042,0.014504,0.023888,-0.051063,-0.065472,-0.51629,-0.45387,0.018073,0.022518,-0.074427,-0.097132,-0.43995,-0.42865,-0.16807,-0.15381,0.24348,-0.052885,-0.63228,-0.71364,-0.39319,-0.47694,-0.17626,-0.44965,0.40161,0.43757,0.18162,0.019264,-0.24426,0.086303,0.14759,0.23164,0.064949,-0.1948,-0.47858,-0.069923,-0.70562,-0.64025,0.072597,-0.12098,-0.35476,-0.19257,-0.32277,-0.18351,-0.42493,-0.3313,-0.22937,-0.54547,-0.19253,-0.37091,0.12121,0.037581
-0.40146,-0.79814,0.3595,0.37781,-0.41278,-0.77604,-0.11444,0.24419,0.3803,0.61988,1.0583,0.35096,0.4701,0.45675,-0.0011362,0.18777,-0.54383,-0.14359,0.37252,-0.39943,-0.74254,-0.49381,-0.71992,-0.72961,0.42023,0.66784,-0.42186,-0.2312,-0.14201,-0.4677,0.57029,0.35697,0.58746,0.22623,0.33669,0.36127,0,1.3066,0.1447,0.6486,-0.70707,-0.78554,0.15741,-0.59702,-0.062875,-0.10262,-0.022907,-0.19369,-0.3572,0.48512,0.71771,-0.187,-0.34787,-0.61081,-0.23131,-0.41578,-0.20744,-0.28618,-0.32433,-0.20289,-0.22035,0.0029694,0.11011,-0.04026,-0.018302,-0.074215,-0.10729,0.32857,0.15397,0.32657,-0.074002,0.066807,0.023742,-0.41178,0.063971,0.60432,0.26562,0.55148,0.60125,0.87786,0.89082,-0.2198,0.043263,-0.1416,-0.073637,0.44966,0.21682,-0.26733,-0.23986,-0.1364,-0.22572,0.10694,-0.3912,-0.2629,-0.29051,0.36489,0.4274,0.10512,0.17892,-0.31654,-0.70508,0.07434,0.031436,-0.43694,-0.24092
-0.44773,-0.93857,0.39551,0.40677,-0.4912,-1.2518,0.13019,0.15532,0.35178,0.41997,1.1965,0.26861,0.54704,0.59607,-0.028068,0.040943,-0.52724,-0.26642,0.43338,-0.55535,-0.70157,-0.53594,-0.7116,-1.0296,0.53021,0.60864,-0.42912,-0.22843,-0.15471,-0.44242,0.50467,0.34389,0.526,0.31374,0.27462,0.46113,1.3066,0,0.3496,0.78829,-0.49052,-0.8313,0.040848,-1.0101,-0.011606,-0.055302,-0.32581,-0.60865,-0.47929,0.43074,0.67744,-0.21543,-0.5914,-0.99606,-0.47577,-0.68533,-0.37906,-0.45605,-0.63954,-0.24638,-0.4391,0.034797,0.098645,-0.26043,-0.11546,-0.36576,-0.39296,0.23407,-0.15731,0.19162,-0.23827,-0.18151,-0.23967,-0.49483,-0.24303,0.56478,0.27006,0.42375,0.57804,0.56672,0.73775,-0.12894,0.15149,-0.31537,-0.11546,0.47444,0.32157,-0.53118,-0.49536,-0.39337,-0.35775,0.01333,-0.59358,-0.091267,-0.39428,0.42158,0.39031,0.11657,0.072616,-0.38886,-0.58836,0.18289,-0.095757,-0.20378,-0.28023
0.40524,-0.44834,0.08474,-0.073459,0.020233,-0.44507,1.0162,-0.01247,-0.034408,0.15888,0.15608,-0.29492,0.34444,0.11031,-0.31552,-0.48511,0.12103,-0.1389,0.088702,-0.45556,-0.13732,-0.30967,0.19065,-0.26723,0.28947,0.26603,-0.22414,-0.22697,0.52232,0.45927,0.13221,0.31644,0.20675,0.3982,0.11778,0.5413,0.1447,0.3496,0,0.268,0.40798,0.12705,-0.31627,-0.40474,-0.27713,-0.061844,-0.32085,-0.45779,-0.29776,-0.037019,-0.058486,-0.060224,-0.024318,-0.37266,-0.21147,-0.090335,-0.09694,0.037128,-0.12124,-0.36708,-0.60194,-0.15202,-0.37744,-0.089027,-0.088929,-0.25553,-0.26824,-0.29528,-0.55814,0.050616,-0.12573,-0.30963,-0.42104,-0.14712,-0.25354,0.054529,-0.30776,0.048939,0.11617,-0.078806,-0.33006,0.19812,0.18684,-0.31944,-0.14051,-0.18179,-0.10753,-0.40088,-0.078872,-0.37408,-0.25791,0.44593,-0.066431,0.28684,-0.24106,-0.026917,-0.076515,0.1215,-0.22383,-0.12863,-0.18943,-0.015798,-0.66746,0.18056,0.093394
-0.42582,-0.38447,0.4364,0.44047,-0.3281,-0.71936,0.11109,0.65933,0.78652,0.81259,1.1622,0.91175,0.27203,0.45828,-0.10168,-0.11607,-0.45133,-0.50626,0.72322,-0.25384,-0.77161,-0.7281,-0.416,-0.73009,0.72433,0.70322,-0.36714,-0.48686,-0.53421,-0.54537,-0.067356,-0.23773,0.012593,-0.05366,-0.35431,-0.029022,0.6486,0.78829,0.268,0,-0.64832,-0.70558,-0.17146,-0.85354,0.31896,0.15153,-0.28657,-0.45627,-0.47339,0.51688,0.65197,-0.60435,-0.62227,-0.97408,-0.63977,-0.83609,-0.69682,-0.57995,-0.61281,-0.09898,-0.17687,-0.36405,-0.27866,-0.58232,-0.47509,-0.31706,-0.32067,0.008241,-0.29906,-0.36816,-0.58907,-0.085059,-0.12552,-0.068789,-0.067544,0.96656,0.77813,0.28576,0.27053,0.42045,0.52707,0.040499,0.11097,-0.28002,-0.18873,0.42152,0.23476,-0.49879,-0.74906,0.038526,0.19783,-0.13882,-0.53469,0.16481,-0.054886,0.57014,0.45677,0.43457,0.32924,-0.58642,-0.49433,-0.10262,-0.3619,-0.36482,-0.34332
0.95748,0.0054186,-0.39527,-0.54131,0.75691,0.24854,0.56553,-0.81602,-0.27845,-0.55982,-0.59717,-1.0255,0.12805,-0.11412,0.11973,-0.21482,1.0964,0.60507,-0.26374,0.14211,1.0278,0.6364,0.93099,0.49107,-0.10102,-0.43376,0.61645,0.3926,0.90162,0.79173,-0.11449,0.18871,0.084113,0.4281,0.16637,0.11402,-0.70707,-0.49052,0.40798,-0.64832,0,0.86456,-0.18253,0.39067,-0.47408,-0.063655,-0.17409,0.047818,0.4039,-0.23066,-0.50314,0.34253,0.59751,0.42066,0.37384,0.74513,0.69573,0.76598,0.56183,0.035531,-0.21823,0.31794,0.052311,0.41817,0.23071,0.022787,-0.043124,-0.17888,-0.13533,0.24638,0.41646,-0.21152,-0.26974,0.12074,-0.21989,-0.80449,-0.99953,-0.2136,-0.10836,-0.53241,-0.71094,0.13405,-0.021627,0.03483,0.064554,-0.34356,-0.064151,0.24866,0.63865,-0.26091,-0.066993,0.57098,0.52346,0.091496,-0.19744,-0.53178,-0.64319,-0.18115,-0.61693,0.70088,0.53943,0.35195,-0.024522,0.42422,0.19781
0.63271,0.44455,-0.23096,-0.33749,0.45068,0.79799,0.032483,-0.5614,-0.53556,-0.30053,-0.98095,-0.56685,-0.10727,-0.35504,-0.1498,-0.065618,0.61209,0.56611,-0.54281,0.41523,0.72216,0.7825,0.89377,1.2049,-0.55741,-0.38358,0.44557,0.65541,0.69144,0.92177,-0.14602,0.069973,0.020284,0.15023,0.24126,0.17827,-0.78554,-0.8313,0.12705,-0.70558,0.86456,0,-0.22067,0.6376,-0.39437,-0.18517,-0.087246,0.31997,0.22281,-0.45475,-0.55294,0.098146,0.4878,0.645,0.42644,0.72201,0.50403,0.47125,0.60096,0.081773,0.15753,-0.01442,-0.08809,0.30805,0.1005,0.043616,0.090372,-0.2565,0.060456,0.037304,0.28162,-0.24322,-0.20388,0.13537,-0.20355,-0.7505,-0.60927,-0.0072872,-0.10582,-0.32671,-0.64526,0.063868,-0.063959,0.49224,0.36489,-0.31332,-0.32144,0.18059,0.56455,-0.037256,-0.045259,0.33674,0.75794,-0.0005279,0.36459,-0.52316,-0.39071,-0.26029,-0.22854,0.33271,0.34678,-0.18993,-0.090135,0.42351,0.5315
0.013008,0.090581,0.048383,0.17638,-0.10472,-0.10236,-0.07363,-0.071612,-0.12962,-0.23853,-0.091682,-0.081778,-0.27947,-0.32334,0.59204,0.71431,-0.041193,0.21286,-0.42557,0.14896,0.0055089,0.098653,-0.26604,-0.16443,0.081192,0.016752,0.082891,0.018835,-0.033728,-0.33259,0.52511,0.31163,-0.069274,-0.16247,0.17747,-0.22936,0.15741,0.040848,-0.31627,-0.17146,-0.18253,-0.22067,0,0.29666,0.36414,0.17918,0.60174,0.58069,0.12322,-0.068991,-0.072952,0.36178,0.11534,0.22183,0.25724,0.10979,0.38475,0.21093,0.22448,0.47911,0.48197,0.093617,0.26645,0.71574,0.66288,0.66057,0.70944,0.25337,0.4017,0.67486,0.55082,0.85707,0.7999,0.15041,0.3815,0.021988,0.02919,-0.26188,-0.13081,0.0292,0.14347,0.18175,0.29189,-0.43203,-0.11847,-0.33724,-0.0057599,0.51194,0.25805,0.49708,0.013862,-0.098228,-0.19111,-0.5752,-0.43351,0.13502,0.19146,-0.303,-0.17447,0.2104,0.036858,0.21894,0.33736,-0.20531,-0.049522
0.48272,0.52801,-0.46572,-0.37109,0.41735,0.91146,-0.23585,-0.30388,-0.32914,-0.27696,-0.89676,-0.35859,-0.68192,-0.80291,0.1823,0.25921,0.61223,0.44366,-0.37452,0.51688,0.61687,0.62515,0.58649,0.80324,-0.28913,-0.17614,0.36215,0.392,0.26977,0.2792,0.0685,0.18962,-0.34813,-0.34187,-0.0001523,-0.28412,-0.59702,-1.0101,-0.40474,-0.85354,0.39067,0.6376,0.29666,0,0.075706,0.29795,0.33461,0.69662,0.39005,-0.56336,-0.87245,0.30879,0.57273,0.7969,0.4937,0.88427,0.69871,0.57027,0.79644,0.25877,0.34611,0.12154,0.18752,0.73928,0.34316,0.43442,0.45894,-0.17397,0.41442,0.25387,0.5608,0.46443,0.5368,0.46558,0.47486,-0.59388,-0.38325,-0.47357,-0.62587,-0.43864,-0.43079,0.023235,-0.19295,0.174,-0.038799,-0.4623,-0.26428,0.60561,0.79475,0.33708,0.32486,0.076371,0.42176,-0.21832,0.22214,-0.47482,-0.29366,-0.35071,-0.19591,0.61872,0.47958,-0.14301,0.30278,0.038122,0.10766
