,,,,,,,,,,,,,,,,,,,,,,,,,,,,,,,,,,,,,,,,,,,,,,,,,,,,,,,,,,,,,,,,,,,,,,,,,,,,,,,,,,,,,,,,,,,,,,,,,,,,,,,,
0,0.32522,-0.46651,-0.4352,0.87466,0.21398,0.67481,-0.08517,-0.075951,-0.088579,-0.32751,-0.42495,-0.29308,-0.54503,0.081313,-0.26178,0.42465,0.22772,-0.44542,-0.108,0.45359,-0.032763,0.57612,0.10855,0.12584,0.17208,0.53336,0.09295,1.4237,1.0067,0.40524,0.54942,-0.35602,-0.099289,0.23753,0.24335,-0.50986,-0.072172,0.61538,-0.053351,1.0462,0.69831,0.42717,0.62296,-0.011705,0.37188,0.046903,0.053943,0.086295,-0.56062,-0.76101,0.0587,0.26463,0.08354,0.049528,0.47504,0.61426,0.59547,0.51891,0.22647,-0.022598,-0.14533,-0.17486,0.28029,0.25774,0.24619,0.198,0.085566,-0.012761,0.66644,0.58937,0.079981,0.04788,0.084101,0.023897,-0.26644,-0.42059,-0.78519,-0.62334,-0.69376,-0.89301,0.12342,0.05089,-0.3474,-0.41116,-0.54497,-0.77084,0.20494,0.49953,0.055459,-0.021729,0.23248,0.076243,0.25011,-0.09848,-0.51433,-0.59078,-0.28818,-0.72922,0.13432,-0.088378,-0.091348,-0.37484,0.46975,0.2267
0.32522,0,-0.17908,0.022002,0.20057,0.6899,0.42695,0.95955,0.063001,0.50285,-0.080978,0.41983,-0.60079,-0.56462,-0.4767,-0.35599,-0.36276,-0.62174,-0.41521,-0.036315,-0.23104,-0.46448,0.47214,0.16824,-0.048883,0.45343,-0.18279,-0.42147,0.23485,0.55402,0.31844,0.40572,-0.79287,-0.77702,-0.20006,0.20187,-0.19803,-0.021279,0.36987,0.33021,0.058076,0.52078,0.51651,0.84393,0.48128,0.35383,0.51972,0.36854,-0.41926,-0.75369,-0.72721,-0.36584,-0.27183,-0.073838,-0.291,-0.22466,-0.108,-0.11384,-0.16463,0.00012336,0.16681,-0.62929,-0.51473,-0.34545,0.0028211,0.25936,0.46936,0.067973,-0.1484,-0.059443,-0.11211,0.39565,0.42898,0.12398,0.51756,0.188,0.32538,-0.56974,-0.84786,-0.31295,-0.5124,-0.096936,-0.13752,0.08125,-0.13101,-0.44087,-0.76289,0.13025,-0.052974,0.73825,0.083057,-0.32034,-0.15655,0.39295,0.54043,-0.072711,-0.083131,-0.07178,-0.043124,-0.5949,-0.26069,-0.65466,-0.37684,-0.0051858,0.038926
-0.46651,-0.17908,0,1.3091,-0.50019,-0.19864,-0.34111,0.046321,0.10128,0.14952,0.1694,0.16351,-0.21171,-0.041389,0.24565,0.41232,-0.24439,-0.32549,0.38127,0.21202,-0.59598,-0.16065,-0.70303,-0.19697,0.26411,0.057641,-0.59714,-0.42114,-0.5957,-0.45303,-0.095501,-0.22854,-0.32661,-0.27899,-0.63324,-0.52364,0.24476,-0.012649,-0.37903,0.10548,-0.76715,-0.59884,-0.0042809,-0.41027,0.20571,-0.041243,-0.028245,-0.10863,-0.0087758,0.032367,0.070669,0.14435,-0.024745,0.11692,-0.0049748,-0.17976,-0.26954,-0.34862,-0.18398,0.37581,0.59738,-0.19873,-0.10078,-0.17039,0.0053072,0.052207,0.12692,-0.089223,-0.25044,-0.49063,-0.3149,0.19683,0.17766,0.17809,0.051672,0.5069,0.651,0.067917,0.03572,-0.031675,0.20719,0.79444,0.80367,-0.029488,0.37372,0.13316,0.16188,-0.39623,-0.58516,0.12649,-0.082488,-0.12602,-0.1522,-0.20519,-0.11487,0.053138,0.25942,0.11615,0.25304,-0.11686,-0.058798,0.039463,0.070816,-0.34311,-0.1911
-0.4352,0.022002,1.3091,0,-0.54605,-0.31473,-0.24691,0.2696,0.30123,0.35042,0.34595,0.38033,-0.4443,-0.20345,0.20621,0.20373,-0.36763,-0.48384,0.24522,0.054278,-0.78534,-0.44537,-0.5115,-0.45531,0.39047,0.27158,-0.64879,-0.62293,-0.56209,-0.36886,0.17347,-0.00099394,-0.47844,-0.54355,-0.68019,-0.45742,0.33932,0.26294,-0.20973,0.35729,-0.92171,-0.68698,0.12274,-0.33049,0.52259,0.25713,-0.16139,-0.35861,-0.14833,-0.20526,-0.073904,0.071507,-0.40523,-0.19706,-0.31107,-0.59824,-0.57778,-0.82339,-0.63436,0.3941,0.52877,-0.27324,-0.15721,-0.39495,0.081919,-0.23078,-0.080998,0.13921,-0.27395,-0.47699,-0.42565,0.30108,0.24175,0.1471,0.010491,0.68597,0.9915,-0.18511,-0.20222,-0.17102,0.26452,0.67724,0.73717,-0.16135,0.36449,-0.030508,-0.022965,-0.69853,-1.0205,0.16312,0.075024,-0.24711,-0.34749,-0.047607,-0.011793,0.15611,0.36229,0.1749,0.30911,-0.33362,-0.11491,-0.091149,0.066884,-0.38045,-0.2048
0.87466,0.20057,-0.50019,-0.54605,0,0.46916,0.51933,0.0077933,0.23379,-0.10111,-0.22155,-0.20468,-0.075763,-0.21884,0.1876,-0.02081,0.66837,0.2685,-0.17875,0.11298,0.60482,0.12927,0.57681,0.08877,0.038965,0.0086096,0.78295,0.20065,0.71067,0.42984,-0.0099526,0.12572,-0.17758,0.03199,0.063775,0.0075038,-0.39888,-0.21088,0.21177,-0.051098,0.78803,0.52344,0.17801,0.47387,-0.3238,-0.00066657,0.32363,0.3265,0.097105,-0.19782,-0.40649,-0.03025,0.52471,0.30358,0.32114,0.53292,0.83256,0.74807,0.589,0.23007,0.037809,-0.0087162,-0.051461,0.42829,0.037761,0.5305,0.37905,0.17482,0.11002,0.67851,0.79424,0.057353,0.04765,-0.052949,0.24319,-0.28592,-0.2933,-0.43329,-0.32074,-0.39609,-0.55768,-0.055067,-0.18411,-0.098419,-0.16728,-0.35044,-0.29362,0.44925,0.71725,0.15593,-0.14019,0.18421,0.13353,0.1106,-0.11165,-0.16863,-0.31784,-0.21133,-0.38742,0.24396,-0.06888,0.1487,-0.14297,0.18395,0.034531
0.21398,0.6899,-0.19864,-0.31473,0.46916,0,0.035444,0.2664,-0.19314,-0.092074,-0.60984,0.045596,-0.24721,-0.2953,-0.22682,0.11346,0.17575,0.015003,-0.34286,0.36599,0.24183,0.26707,0.33719,0.70278,-0.45162,-0.12035,0.17806,0.15953,0.12661,0.22268,-0.31468,-0.21221,-0.36904,-0.19586,-0.32766,-0.070761,-0.5177,-0.77545,-0.16999,-0.22954,0.22777,0.68848,-0.088271,0.5075,-0.27512,-0.31226,0.57515,0.68983,0.051248,-0.20456,-0.33839,0.0096697,0.52638,0.76273,0.42031,0.44074,0.35735,0.35198,0.40782,0.11291,0.38537,-0.15009,-0.14554,0.19055,-0.017369,0.62318,0.67718,-0.13655,0.14128,-0.062716,0.10455,-0.026136,0.093962,-0.04214,0.34018,-0.28886,-0.088508,-0.1045,-0.2922,-0.1656,-0.65276,-0.051774,-0.18616,0.40008,0.033582,-0.30238,-0.38098,0.39164,0.45518,0.42102,-0.2652,0.014155,0.38114,0.17834,0.47076,-0.025247,0.096256,0.019664,0.14865,0.037334,0.10118,-0.12914,0.071701,0.14773,0.27951
0.67481,0.42695,-0.34111,-0.24691,0.51933,0.035444,0,0.60367,0.36846,0.47284,0.34626,0.18301,0.046373,-0.058667,-0.07272,-0.44241,0.0066683,-0.25495,-0.058152,-0.39004,-0.02632,-0.48456,0.54131,-0.24743,0.43201,0.57685,0.093882,-0.36849,0.68801,0.5895,0.44936,0.62908,-0.23107,-0.068395,0.33212,0.60124,0.0076838,0.45523,1.2431,0.62298,0.60589,0.42124,0.72234,0.57705,0.20146,0.29289,0.37244,0.23203,-0.61836,-0.37406,-0.5105,-0.57249,-0.26915,-0.44302,-0.39546,-0.092957,0.25445,0.33065,0.0079571,-0.12787,-0.32361,-0.3767,-0.46483,-0.10475,-0.0095943,0.26631,0.29486,0.27208,-0.16992,0.45687,0.38408,0.36094,0.29062,0.15552,0.45256,0.22275,0.064768,-0.48179,-0.33679,-0.19814,-0.31601,-0.21597,-0.20358,-0.40467,-0.44143,-0.26575,-0.51964,0.38892,0.16302,0.39981,0.011253,-0.27388,-0.59133,0.048817,-0.1149,-0.23027,-0.57934,-0.21568,-0.67513,-0.44829,-0.48869,-0.31955,-0.6124,-0.081284,-0.34499
-0.08517,0.95955,0.046321,0.2696,0.0077933,0.2664,0.60367,0,0.56396,1.0801,0.56351,1.0701,-0.22963,-0.13448,-0.33037,-0.33004,-0.51363,-1.0502,0.10829,-0.22725,-0.5957,-0.82258,0.27907,-0.23557,0.32946,0.78662,-0.43674,-0.83673,-0.082981,0.1485,0.28651,0.33081,-0.5141,-0.62791,-0.22349,0.187,0.30347,0.40978,0.4739,0.98143,-0.22585,0.12643,0.57698,0.473,0.50601,0.23785,0.56705,0.30924,-0.87151,-0.38799,-0.37656,-0.79096,-0.64,-0.43766,-0.52029,-0.64271,-0.31165,-0.2819,-0.51839,-0.10141,0.0018798,-0.65228,-0.63495,-0.60125,-0.1926,0.17898,0.36346,0.30852,-0.20159,-0.14669,-0.16332,0.58249,0.57374,0.043733,0.72406,0.68989,0.8524,-0.26958,-0.38179,0.050691,0.032792,-0.22365,-0.23461,0.0018282,-0.075889,-0.072647,-0.34872,0.13926,-0.31458,0.7625,0.054863,-0.59062,-0.62415,0.23104,0.4156,0.20768,0.046192,0.042452,0.033133,-1.0402,-0.48623,-0.60855,-0.38407,-0.36353,-0.37134
-0.075951,0.063001,0.10128,0.30123,0.23379,-0.19314,0.36846,0.56396,0,0.8033,0.84915,0.87373,-0.12688,-0.083753,0.4195,0.00873,0.11416,-0.42197,0.57639,-0.088309,-0.12834,-0.51235,0.19746,-0.44532,0.89209,0.75643,0.11749,-0.42079,0.0052804,0.015977,0.21009,0.17805,-0.24538,-0.36344,-0.29014,-0.25349,0.47098,0.57152,0.31943,1.1264,-0.13018,-0.05773,0.37244,0.13746,0.12623,0.10558,0.22455,-0.021124,-0.34767,-0.23304,-0.23106,-0.48521,-0.33214,-0.32921,-0.13994,-0.42309,-0.068743,-0.19205,-0.42683,0.31489,0.053918,-0.19239,-0.25328,-0.22844,-0.12882,0.036151,0.038999,1.0608,0.21933,0.12162,0.30941,0.39698,0.32788,-0.32989,0.23302,0.70208,0.80865,-0.19408,-0.081769,0.12101,0.39387,-0.049248,-0.14221,-0.082052,0.077002,0.13927,0.13442,0.14431,-0.16472,0.12235,-0.11766,-0.28939,-0.50217,0.31877,0.20239,0.36795,0.15711,0.0044741,0.096523,-0.43109,-0.37649,-0.22033,-0.24211,-0.17229,-0.34362
-0.088579,0.50285,0.14952,0.35042,-0.10111,-0.092074,0.47284,1.0801,0.8033,0,0.77482,1.031,-0.27372,-0.25419,-0.22921,-0.38001,-0.46457,-0.98284,0.31922,-0.30018,-0.57089,-0.8455,0.19361,-0.32255,0.74727,1.2709,-0.38642,-0.81853,0.025293,0.26885,0.47607,0.56558,-0.47756,-0.66276,-0.21586,-0.00025588,0.55419,0.66188,0.61506,1.1895,-0.25011,0.060108,0.78624,0.3901,0.40253,0.19376,0.32797,0.064821,-0.71826,-0.50347,-0.49706,-0.67272,-0.75692,-0.55964,-0.42168,-0.60284,-0.25616,-0.26599,-0.48141,-0.019245,-0.067268,-0.47864,-0.68239,-0.82939,-0.40106,-0.011186,0.10569,0.59868,-0.10027,0.0078186,0.026927,0.43871,0.40101,-0.22271,0.29893,0.7962,0.88276,-0.21912,-0.30031,0.10018,0.19752,-0.28106,-0.3112,0.083105,0.059709,0.073875,-0.18111,0.052701,-0.3974,0.36593,-0.1301,-0.46736,-0.70858,0.47424,0.47706,0.25411,0.05088,-0.052893,-0.022102,-0.93007,-0.48085,-0.50771,-0.38779,-0.12539,-0.25372
-0.32751,-0.080978,0.1694,0.34595,-0.22155,-0.60984,0.34626,0.56351,0.84915,0.77482,0,0.72802,0.15782,0.21763,0.04153,-0.2316,-0.34963,-0.63378,0.74778,-0.49252,-0.53727,-0.75966,-0.08067,-0.84338,0.86611,0.74886,-0.35757,-0.73984,-0.23334,-0.25133,0.37281,0.28587,0.002101,-0.23999,0.0419,-0.024235,1.2153,1.097,0.37695,1.0081,-0.3582,-0.39964,0.44881,-0.028011,0.32591,0.287,0.013619,-0.17053,-0.5129,0.1268,0.12417,-0.60954,-0.73183,-0.89744,-0.49183,-0.64459,-0.31708,-0.24242,-0.52478,-0.085022,-0.32245,-0.24535,-0.34112,-0.45768,-0.21808,-0.15743,-0.16677,0.39211,-0.20833,0.07565,-0.077318,0.51549,0.40028,-0.16344,0.29709,0.88955,0.66553,0.048035,0.1269,0.44144,0.86459,-0.21376,-0.17152,-0.31993,-0.22337,0.53589,0.18822,-0.045492,-0.36977,0.047066,0.12549,-0.19568,-0.6119,0.12981,-0.0051505,0.38043,0.07092,0.11295,-0.051358,-0.54963,-0.41457,-0.17328,-0.27784,-0.32604,-0.54538
-0.42495,0.41983,0.16351,0.38033,-0.20468,0.045596,0.18301,1.0701,0.87373,1.031,0.72802,0,-0.13659,0.016738,0.040098,0.0216,-0.39198,-0.94923,0.51384,-0.050478,-0.52372,-0.55583,0.1059,-0.20464,0.3874,0.67819,-0.35696,-0.49767,-0.37613,-0.068363,0.12615,0.099352,-0.2201,-0.51933,-0.3102,-0.045906,0.50722,0.4933,0.21015,1.1418,-0.52141,-0.048848,0.26754,0.12703,0.33257,0.054491,0.24835,0.034985,-0.51395,-0.1856,-0.095208,-0.7507,-0.53339,-0.30849,-0.19881,-0.72608,-0.53294,-0.50676,-0.6951,0.11847,0.15555,-0.3158,-0.28129,-0.52964,-0.21188,-0.083405,0.01816,0.61941,0.24749,-0.32866,-0.21991,0.35502,0.39069,-0.2587,0.27464,0.94401,1.2313,0.040795,-0.036079,0.3275,0.43906,-0.24872,-0.27337,0.10985,0.060074,0.24856,0.053944,0.024464,-0.45686,0.26853,-0.036524,-0.58391,-0.49583,0.40091,0.59774,0.53409,0.3995,0.12666,0.33115,-0.79016,-0.33272,-0.46616,-0.21255,-0.23246,-0.19855
-0.29308,-0.60079,-0.21171,-0.4443,-0.075763,-0.24721,0.046373,-0.22963,-0.12688,-0.27372,0.15782,-0.13659,0,1.5418,-0.077576,-0.1107,0.026362,0.21415,0.4391,-0.21463,0.022897,0.18537,-0.12227,-0.087209,-0.23304,-0.47016,-0.029338,0.21854,-0.21911,-0.36866,-0.68026,-0.53445,1.185,1.1754,0.48316,0.46269,0.002485,-0.027628,0.020125,-0.09382,0.04388,-0.23887,-0.54652,-0.58934,-0.45833,-0.49385,0.000165,0.16889,-0.052851,1.178,0.96659,-0.28467,0.12107,-0.077066,0.084493,0.074995,-0.052602,0.24948,0.16446,-0.59341,-0.65301,0.23982,0.20306,0.0030957,-0.37716,-0.083515,-0.17823,-0.26016,0.093168,-0.16128,-0.15329,-0.43099,-0.3827,0.15584,0.054843,0.0012357,-0.29229,1.0088,1.1648,0.57254,0.39007,-0.39021,-0.39735,0.2041,0.001046,0.52816,0.56381,0.36457,0.21757,-0.19291,0.20048,-0.10671,-0.15318,-0.53001,-0.33125,0.0013579,-0.18212,0.10015,-0.23616,0.1252,-0.066233,0.1671,0.0030127,-0.11134,-0.25757
-0.54503,-0.56462,-0.041389,-0.20345,-0.21884,-0.2953,-0.058667,-0.13448,-0.083753,-0.25419,0.21763,0.016738,1.5418,0,0.0019735,0.10725,-0.142,0.12291,0.42272,-0.01339,-0.070447,0.20894,-0.22702,-0.11632,-0.35065,-0.55245,-0.12175,0.23819,-0.50446,-0.56758,-0.65957,-0.60801,1.1345,0.98034,0.36431,0.42449,0.078841,0.045419,-0.17674,-0.064649,-0.18423,-0.44145,-0.60607,-0.73935,-0.25268,-0.46112,-0.0099593,0.10402,-0.062977,1.1951,1.2983,-0.24495,0.024717,-0.11624,0.012999,-0.13565,-0.26871,-0.010632,-0.072442,-0.49376,-0.40321,0.3006,0.36367,0.0046814,-0.29171,-0.14666,-0.21737,-0.31495,0.12716,-0.30276,-0.32529,-0.36772,-0.33065,0.28301,0.05212,0.094545,-0.11285,1.021,1.2204,0.6352,0.50672,-0.3425,-0.23737,0.093978,0.041191,0.49172,0.70183,0.20662,-0.0065229,-0.075277,0.32509,-0.25759,-0.20744,-0.71031,-0.44121,0.12896,-0.05572,0.15281,-0.050468,0.073086,-0.0044323,0.21302,0.093432,-0.38111,-0.40631
0.081313,-0.4767,0.24565,0.20621,0.1876,-0.22682,-0.07272,-0.33037,0.4195,-0.22921,0.04153,0.040098,-0.077576,0.0019735,0,0.8732,0.74866,0.29367,0.28481,0.40924,0.36142,0.26286,-0.043589,-0.026129,0.26607,-0.048988,0.51412,0.30467,0.044397,-0.073036,-0.022684,-0.125,0.10196,0.12424,-0.12318,-0.30745,-0.044132,0.073393,-0.15283,0.12961,0.11709,-0.049042,-0.17928,-0.23283,-0.18242,-0.04414,-0.31372,-0.32539,0.35348,0.033696,0.076164,0.19401,0.39222,0.31706,0.4424,0.18877,0.18212,0.00073324,0.035051,0.95005,0.54036,0.33111,0.48851,0.63394,0.52427,-0.0063375,-0.12109,0.42281,0.52074,0.075491,0.37952,0.023957,0.016629,-0.19379,-0.34115,0.099201,0.14203,-0.075615,0.15944,-0.085197,0.13032,0.47688,0.44331,-0.35672,0.03816,0.018057,0.24097,-0.10213,0.065043,-0.41022,-0.23474,0.2046,0.18088,0.074675,-0.15408,0.045279,0.21341,-0.0919,0.11949,0.39311,0.17088,0.31444,0.10888,0.063093,0.11587
-0.26178,-0.35599,0.41232,0.20373,-0.02081,0.11346,-0.44241,-0.33004,0.00873,-0.38001,-0.2316,0.0216,-0.1107,0.10725,0.8732,0,0.37081,0.30737,0.14135,0.99808,0.31793,0.73033,-0.18857,0.375,-0.21194,-0.36146,0.26797,0.53534,-0.37266,-0.35418,-0.20941,-0.35988,0.12659,0.10829,-0.27317,-0.41554,-0.056194,-0.26955,-0.73923,-0.25702,-0.13408,-0.10389,-0.34005,-0.23959,-0.17957,-0.27198,-0.18628,-0.13347,0.57331,0.19189,0.25739,0.46253,0.61164,0.67603,0.6375,0.29317,0.14454,0.0098207,0.13575,0.72742,0.94601,0.53296,0.78545,0.76054,0.45392,0.16193,0.040728,-0.021752,0.43187,-0.15419,0.13114,0.00084112,0.056906,-0.16676,-0.27484,-0.13229,0.05896,0.14924,0.2262,0.034442,0.024077,0.36461,0.42161,-0.15077,0.073947,0.047964,0.39214,-0.14318,-0.0034399,-0.25185,-0.31015,0.19293,0.49433,-0.10431,-0.11281,0.27244,0.48194,0.089506,0.51051,0.5661,0.5203,0.54753,0.48493,-0.0809,0.18883
0.42465,-0.36276,-0.24439,-0.36763,0.66837,0.17575,0.0066683,-0.51363,0.11416,-0.46457,-0.34963,-0.39198,0.026362,-0.142,0.74866,0.37081,0,0.79146,-0.033458,0.20211,0.87096,0.51414,0.34817,0.27364,0.057835,-0.16352,1.0214,0.53125,0.51582,0.1946,-0.16215,-0.1165,0.15272,0.32891,0.045731,-0.25242,-0.3813,-0.36504,-0.079179,-0.2573,0.69565,0.40756,-0.27834,0.090786,-0.78594,-0.29416,-0.13719,0.0069382,0.41657,0.047339,-0.079101,0.36571,0.78989,0.58449,0.60315,0.80771,0.84274,0.54642,0.60581,0.51434,0.21444,0.38141,0.30401,0.91272,0.41471,0.30806,0.13704,0.20869,0.31418,0.38399,0.9408,-0.11751,-0.036648,-0.40163,-0.20846,-0.46373,-0.40559,-0.071239,0.10967,-0.17982,-0.21106,0.21507,0.049003,-0.020215,0.083201,-0.073776,0.07812,0.18241,0.72536,-0.42042,-0.53086,0.6323,0.53273,0.11913,-0.055489,-0.14598,0.030425,-0.14656,-0.009922,0.77082,0.34726,0.4928,0.27896,0.31746,0.32725
0.22772,-0.62174,-0.32549,-0.48384,0.2685,0.015003,-0.25495,-1.0502,-0.42197,-0.98284,-0.63378,-0.94923,0.21415,0.12291,0.29367,0.30737,0.79146,0,-0.35916,0.26127,0.97128,1.0526,0.12809,0.39537,-0.43857,-0.66116,0.80224,1.0965,0.27846,-0.015972,-0.22698,-0.2365,0.45843,0.74311,0.23752,-0.014452,-0.42868,-0.47809,-0.3291,-0.8761,0.57178,0.1738,-0.54288,-0.16351,-0.65239,-0.37358,-0.32176,-0.11968,0.63362,0.25588,0.21621,0.91471,0.6217,0.40933,0.38452,0.68905,0.55452,0.40266,0.5046,0.092124,-0.0025701,0.76272,0.61012,0.81196,0.3598,0.017757,-0.1483,-0.26445,0.215,0.32026,0.41442,-0.49491,-0.46188,-0.08259,-0.48892,-1.0382,-1.0703,0.11488,0.28248,-0.093718,-0.23674,0.056014,0.093201,-0.033487,0.036093,-0.14829,0.15453,0.0313,0.53036,-0.44349,-0.14869,0.54136,0.57377,-0.33103,-0.46116,-0.18762,-0.11351,0.0020145,-0.033804,1.0139,0.6138,0.72589,0.57515,0.21924,0.22397
-0.44542,-0.41521,0.38127,0.24522,-0.17875,-0.34286,-0.058152,0.10829,0.57639,0.31922,0.74778,0.51384,0.4391,0.42272,0.28481,0.14135,-0.033458,-0.35916,0,-0.15361,-0.32057,-0.21617,-0.18808,-0.29825,0.48955,0.21026,-0.27287,-0.26647,-0.43242,-0.40171,-0.24828,-0.32801,0.20378,0.014179,-0.17107,-0.31304,0.54342,0.22376,-0.025885,0.45602,-0.47668,-0.398,-0.11136,-0.38984,-0.2066,-0.19829,-0.055327,-0.082263,-0.0223,0.47166,0.38912,-0.40467,-0.0019198,-0.092312,0.13149,-0.12079,-0.21894,-0.023775,-0.066313,0.11956,-0.010929,-0.034795,-0.098946,-0.21052,-0.35758,-0.055916,-0.15965,0.2839,0.19977,-0.29501,-0.076163,0.096523,0.17322,-0.3455,0.13549,0.82401,0.5397,0.54206,0.57645,0.53748,0.77483,0.0053495,-0.1338,0.070132,0.008799,1.0447,0.57565,0.058125,-0.16709,-0.24909,-0.057235,-0.10553,-0.25642,0.084257,0.082742,0.50001,0.28098,0.34802,0.14217,-0.15007,-0.15497,-0.0109,-0.08077,-0.021196,-0.18082
-0.108,-0.036315,0.21202,0.054278,0.11298,0.36599,-0.39004,-0.22725,-0.088309,-0.30018,-0.49252,-0.050478,-0.21463,-0.01339,0.40924,0.99808,0.20211,0.26127,-0.15361,0,0.51613,0.82105,0.024692,0.68582,-0.44886,-0.46796,0.4184,0.59579,-0.20486,-0.058969,-0.24228,-0.32907,-0.080813,-0.014338,-0.50442,-0.3778,-0.38772,-0.52154,-0.67737,-0.36988,-0.0045686,0.060955,-0.30311,-0.051914,-0.088988,-0.25508,0.091899,0.14189,0.7182,-0.019813,0.048541,0.50246,0.61486,0.80733,0.60541,0.30258,0.13892,0.025687,0.13531,0.50646,0.84689,0.60792,0.77537,0.47066,0.095678,0.16856,0.13184,-0.089738,0.47178,-0.18283,0.11224,-0.15971,-0.11859,0.015915,-0.18141,-0.23757,-0.024809,0.081077,0.040715,-0.14912,-0.32501,0.16438,0.167,0.077954,0.1268,-0.26112,0.28268,0.081785,0.11559,0.0081117,-0.097612,0.11312,0.54504,-0.024411,0.040137,0.28148,0.39083,0.16547,0.45361,0.53366,0.62348,0.32388,0.4245,0.080341,0.27266
0.45359,-0.23104,-0.59598,-0.78534,0.60482,0.24183,-0.02632,-0.5957,-0.12834,-0.57089,-0.53727,-0.52372,0.022897,-0.070447,0.36142,0.31793,0.87096,0.97128,-0.32057,0.51613,0,0.91126,0.49199,0.67232,-0.31062,-0.35441,1.7422,1.0755,0.56895,0.34905,-0.079184,-0.069039,0.19122,0.34475,0.15685,-0.081326,-0.47439,-0.44927,-0.15745,-0.52803,0.91853,0.59141,-0.23151,0.27638,-0.54531,-0.25701,0.025214,0.17055,0.6596,-0.010165,-0.047948,0.49638,0.72573,0.51927,0.52518,0.79555,0.76906,0.59964,0.56027,0.20848,0.066286,0.67524,0.53959,0.92331,0.25313,0.25739,0.078367,-0.0053108,0.50953,0.50422,0.79606,-0.25723,-0.21391,-0.22508,-0.24962,-0.82343,-0.83122,-0.031061,0.10399,-0.053168,-0.36107,-0.13454,-0.17098,-0.042685,-0.22116,-0.1638,0.16165,0.4468,0.96693,-0.27183,-0.18824,0.52323,0.7011,0.054178,-0.12478,-0.045358,-0.12371,-0.061431,0.0056157,0.81248,0.54007,0.36213,0.24198,0.38681,0.28289
-0.032763,-0.46448,-0.16065,-0.44537,0.12927,0.26707,-0.48456,-0.82258,-0.51235,-0.8455,-0.75966,-0.55583,0.18537,0.20894,0.26286,0.73033,0.51414,1.0526,-0.21617,0.82105,0.91126,0,0.070613,0.8453,-0.71609,-0.85446,0.60433,1.4691,-0.028525,-0.11194,-0.38279,-0.41579,0.43064,0.55593,0.0093308,-0.16431,-0.42727,-0.71724,-0.67244,-0.98928,0.30468,0.1671,-0.65357,-0.17016,-0.63608,-0.56329,-0.21152,0.016276,0.95446,0.3334,0.31166,0.83398,0.93158,0.84241,0.76611,0.76933,0.4235,0.37754,0.53656,0.17209,0.31156,1.1159,0.96494,0.82669,0.16586,0.089484,-0.0796,-0.34222,0.43711,0.0412,0.26132,-0.51486,-0.38745,-0.17962,-0.46872,-0.86034,-0.73313,0.36531,0.38964,0.026197,-0.26583,-0.066336,-0.042917,0.1224,0.030979,-0.0407,0.35619,0.084419,0.44825,-0.41323,-0.25863,0.46593,0.87963,-0.19191,-0.16498,0.14456,0.23054,0.17104,0.28943,1.1708,0.98493,0.77422,0.77925,0.27246,0.43846
0.57612,0.47214,-0.70303,-0.5115,0.57681,0.33719,0.54131,0.27907,0.19746,0.19361,-0.08067,0.1059,-0.12227,-0.22702,-0.043589,-0.18857,0.34817,0.12809,-0.18808,0.024692,0.49199,0.070613,0,0.4172,-0.045168,0.26869,0.549,0.20053,0.69982,0.84677,0.2873,0.38636,-0.1416,-0.11703,0.12731,0.20967,-0.32752,-0.10492,0.44639,0.12903,0.67281,0.81117,0.16138,0.76412,-0.15934,0.046302,0.15209,0.1673,0.019371,-0.37818,-0.4146,-0.030367,0.073045,-0.0067493,-0.055625,0.2136,0.30639,0.27766,0.1758,0.13726,0.011068,0.12096,-0.0065912,0.14073,0.14247,0.20616,0.16903,0.15816,0.20373,0.24249,0.56466,0.15605,0.32318,-0.35914,0.20167,-0.10021,-0.15192,-0.26059,-0.21772,-0.15644,-0.40666,-0.3564,-0.48385,-0.00092948,-0.21949,-0.12957,-0.22214,0.28836,0.42955,0.071993,-0.11848,0.1421,0.10239,0.37079,0.22927,0.1213,-0.09989,0.13296,-0.066958,0.077464,0.28308,-0.0069379,0.027834,0.28825,0.17533
0.10855,0.16824,-0.19697,-0.45531,0.08877,0.70278,-0.24743,-0.23557,-0.44532,-0.32255,-0.84338,-0.20464,-0.087209,-0.11632,-0.026129,0.375,0.27364,0.39537,-0.29825,0.68582,0.67232,0.8453,0.4172,0,-0.66863,-0.34534,0.42557,0.75056,0.17412,0.36004,-0.27902,-0.23632,0.0011694,0.10068,-0.10753,-0.051145,-0.61829,-0.94162,-0.29847,-0.56016,0.34715,0.73626,-0.32506,0.32726,-0.41541,-0.49239,0.22668,0.42973,0.46985,-0.085277,-0.076764,0.38301,0.66431,0.84235,0.53287,0.66313,0.34063,0.34081,0.49347,0.13833,0.38521,0.35013,0.32403,0.44705,0.13934,0.37404,0.33481,-0.28134,0.47358,-0.15397,0.22478,-0.23852,-0.040636,-0.19432,-0.077887,-0.51107,-0.41825,0.21566,0.10617,0.068222,-0.48794,-0.081007,-0.15179,0.42329,0.013152,-0.058483,0.1058,0.38813,0.54327,-0.010057,-0.28164,0.21505,0.71371,0.11284,0.29762,0.010194,0.08315,0.085989,0.30892,0.42588,0.60031,0.06918,0.26411,0.34279,0.45474
0.12584,-0.048883,0.26411,0.39047,0.038965,-0.45162,0.43201,0.32946,0.89209,0.74727,0.86611,0.3874,-0.23304,-0.35065,0.26607,-0.21194,0.057835,-0.43857,0.48955,-0.44886,-0.31062,-0.71609,-0.045168,-0.66863,0,1.0999,-0.12977,-0.7724,0.20852,0.092997,0.58397,0.52333,-0.39306,-0.45479,-0.13781,-0.28734,0.66894,0.74987,0.57157,0.88956,-0.032774,-0.10737,0.76745,0.18864,0.23018,0.39394,-0.018627,-0.22315,-0.34563,-0.33438,-0.44811,-0.34106,-0.40796,-0.47462,-0.26423,-0.24839,0.081994,-0.012795,-0.21247,0.23379,-0.10193,-0.33805,-0.50875,-0.26252,-0.053078,-0.0077926,-0.0062775,0.80061,-0.19603,0.30195,0.34619,0.56183,0.41134,-0.34362,0.12135,0.58406,0.55075,-0.38115,-0.2754,-0.066248,0.28312,0.16506,0.063899,-0.31209,-0.11191,0.12706,-0.10654,-0.061216,-0.21904,-0.080981,-0.27337,0.0012109,-0.45055,0.40637,0.13433,0.11016,0.014934,-0.085242,-0.13946,-0.37537,-0.44351,-0.20266,-0.35133,0.0385,-0.17353
0.17208,0.45343,0.057641,0.27158,0.0086096,-0.12035,0.57685,0.78662,0.75643,1.2709,0.74886,0.67819,-0.47016,-0.55245,-0.048988,-0.36146,-0.16352,-0.66116,0.21026,-0.46796,-0.35441,-0.85446,0.26869,-0.34534,1.0999,0,-0.17854,-0.79802,0.30772,0.3968,0.83453,0.872,-0.60366,-0.75985,-0.075316,-0.062592,0.62459,0.7314,0.76512,1.0636,0.0098818,0.25897,1.1017,0.67037,0.36102,0.38231,0.20003,-0.03633,-0.62275,-0.65172,-0.70622,-0.47786,-0.63681,-0.56093,-0.4255,-0.35179,0.013654,-0.08147,-0.29661,0.16206,-0.060443,-0.55389,-0.79181,-0.42736,-0.0097561,0.10975,0.17283,0.64212,-0.18919,0.30327,0.27053,0.70872,0.62091,-0.36557,0.26159,0.55679,0.59419,-0.50819,-0.4828,0.026863,0.15265,-0.087788,-0.12087,-0.19101,-0.1931,0.067472,-0.37956,0.025371,-0.18231,0.21029,-0.27847,-0.12446,-0.44496,0.63707,0.42127,0.078899,-0.060486,-0.16763,-0.12461,-0.70352,-0.45404,-0.45646,-0.4464,-0.0052604,-0.17917
0.53336,-0.18279,-0.59714,-0.64879,0.78295,0.17806,0.093882,-0.43674,0.11749,-0.38642,-0.35757,-0.35696,-0.029338,-0.12175,0.51412,0.26797,1.0214,0.80224,-0.27287,0.4184,1.7422,0.60433,0.549,0.42557,-0.12977,-0.17854,0,0.80181,0.6644,0.4089,-0.01745,0.031758,0.14209,0.28277,0.14669,-0.061334,-0.40487,-0.25588,-0.019393,-0.26757,0.93732,0.59293,-0.13088,0.30492,-0.47832,-0.18591,0.054901,0.13771,0.46508,-0.082882,-0.12056,0.33744,0.57812,0.39464,0.46933,0.61876,0.76064,0.52127,0.44686,0.33476,0.065695,0.51097,0.42597,0.79351,0.27896,0.25436,0.090816,0.17873,0.51446,0.62312,0.91783,-0.17786,-0.1784,-0.2168,-0.21633,-0.59717,-0.58629,-0.15138,0.031362,-0.091064,-0.28397,-0.10601,-0.15213,-0.072022,-0.1406,-0.21246,0.086688,0.44483,0.90835,-0.21141,-0.17797,0.45228,0.51461,0.13765,-0.098854,-0.11495,-0.17304,-0.21097,-0.10908,0.63512,0.33861,0.29957,0.11828,0.32232,0.18768
0.09295,-0.42147,-0.42114,-0.62293,0.20065,0.15953,-0.36849,-0.83673,-0.42079,-0.81853,-0.73984,-0.49767,0.21854,0.23819,0.30467,0.53534,0.53125,1.0965,-0.26647,0.59579,1.0755,1.4691,0.20053,0.75056,-0.7724,-0.79802,0.80181,0,0.1256,0.069673,-0.35051,-0.33766,0.56161,0.64655,0.23455,0.059426,-0.52298,-0.53491,-0.44553,-0.79876,0.40888,0.27861,-0.67278,-0.14848,-0.59355,-0.50127,-0.24302,-0.047768,0.74224,0.23991,0.30883,0.5877,0.70714,0.59288,0.62079,0.58178,0.30274,0.27179,0.40265,0.10841,0.15028,0.93355,0.90308,0.75528,0.21606,-0.042087,-0.21225,-0.21109,0.706,0.11991,0.26949,-0.66463,-0.51615,-0.12624,-0.58416,-0.82649,-0.82675,0.3054,0.40847,0.074424,-0.20816,-0.18208,-0.11401,0.10001,-0.0062965,-0.050772,0.31244,0.13578,0.48395,-0.41818,-0.094722,0.28492,0.6347,-0.16437,-0.19839,0.012328,0.032847,0.01693,0.14567,0.85538,0.69961,0.52103,0.49143,0.2754,0.36199
1.4237,0.23485,-0.5957,-0.56209,0.71067,0.12661,0.68801,-0.082981,0.0052804,0.025293,-0.23334,-0.37613,-0.21911,-0.50446,0.044397,-0.37266,0.51582,0.27846,-0.43242,-0.20486,0.56895,-0.028525,0.69982,0.17412,0.20852,0.30772,0.6644,0.1256,0,1.3001,0.43551,0.6639,-0.23704,-0.0095783,0.37236,0.26815,-0.36786,0.0086825,0.75069,0.0088324,1.3954,0.93776,0.43044,0.76216,-0.18726,0.14886,0.11487,0.13615,-0.061804,-0.56821,-0.73292,0.0058238,0.15522,0.0082199,0.025977,0.48042,0.7357,0.61196,0.47137,0.10252,-0.19532,-0.088534,-0.2606,0.24008,0.17501,0.26564,0.21222,0.16947,0.024469,0.82075,0.86169,0.023617,0.018015,-0.085876,-0.035628,-0.34027,-0.48824,-0.56564,-0.40459,-0.3723,-0.60319,-0.095391,-0.15049,-0.18826,-0.2811,-0.37923,-0.5467,0.34521,0.66566,-0.00033751,-0.22144,0.29899,0.076756,0.33027,-0.0023279,-0.53633,-0.63818,-0.4356,-0.64757,0.10256,-0.079909,-0.10116,-0.3568,0.43194,0.1736
1.0067,0.55402,-0.45303,-0.36886,0.42984,0.22268,0.5895,0.1485,0.015977,0.26885,-0.25133,-0.068363,-0.36866,-0.56758,-0.073036,-0.35418,0.1946,-0.015972,-0.40171,-0.058969,0.34905,-0.11194,0.84677,0.36004,0.092997,0.3968,0.4089,0.069673,1.3001,0,0.44529,0.6938,-0.38452,-0.23404,0.19143,0.30757,-0.44225,-0.015831,0.7543,0.13859,0.78699,1.036,0.43495,0.8395,-0.0078717,0.1447,0.18419,0.16756,-0.11826,-0.82628,-0.84615,-0.11931,0.017752,0.01315,-0.023601,0.25234,0.32971,0.29035,0.24839,0.14594,-0.0019312,-0.16509,-0.28746,-0.018057,0.061012,0.16582,0.20086,0.17887,0.17291,0.38457,0.51345,0.0093641,0.077986,-0.063751,-0.024471,-0.092979,-0.19309,-0.48832,-0.45314,-0.33413,-0.64037,-0.15791,-0.2087,-0.017455,-0.17423,-0.3681,-0.5666,0.2846,0.38691,0.14598,-0.13359,0.052916,-0.010621,0.50907,0.26216,-0.39224,-0.46763,-0.34225,-0.44945,-0.10491,-0.051821,-0.33213,-0.41766,0.43958,0.25039
0.40524,0.31844,-0.095501,0.17347,-0.0099526,-0.31468,0.44936,0.28651,0.21009,0.47607,0.37281,0.12615,-0.68026,-0.65957,-0.022684,-0.20941,-0.16215,-0.22698,-0.24828,-0.24228,-0.079184,-0.38279,0.2873,-0.27902,0.58397,0.83453,-0.01745,-0.35051,0.43551,0.44529,0,1.5892,-0.49672,-0.62473,0.13012,0.016611,0.42015,0.7297,0.54767,0.37541,0.20353,0.14287,1.0809,0.62415,0.62563,0.88325,-0.24239,-0.44282,-0.14948,-0.74212,-0.68291,0.052128,-0.54658,-0.60284,-0.49884,-0.23791,0.052294,-0.096059,-0.25318,0.19883,-0.0045784,-0.092432,-0.19317,-0.096726,0.32012,-0.15158,-0.13704,0.28612,-0.31482,0.52818,0.26891,0.61904,0.47447,-0.2199,-0.071096,0.094088,0.11849,-0.87453,-0.74635,-0.33504,-0.12468,-0.0369,0.077359,-0.73133,-0.48987,-0.25699,-0.4979,-0.34342,-0.24809,-0.03349,-0.089422,0.1694,-0.13687,0.4644,0.045086,0.064191,-0.060027,-0.075885,-0.14417,-0.1918,-0.0014153,-0.053596,-0.13075,0.11369,0.049037
0.54942,0.40572,-0.22854,-0.00099394,0.12572,-0.21221,0.62908,0.33081,0.17805,0.56558,0.28587,0.099352,-0.53445,-0.60801,-0.125,-0.35988,-0.1165,-0.2365,-0.32801,-0.32907,-0.069039,-0.41579,0.38636,-0.23632,0.52333,0.872,0.031758,-0.33766,0.6639,0.6938,1.5892,0,-0.39485,-0.44495,0.30939,0.22784,0.29222,0.71704,0.81899,0.40989,0.38359,0.33244,1.1755,0.74329,0.44512,0.62079,-0.11893,-0.28498,-0.32129,-0.76013,-0.77597,-0.094764,-0.49717,-0.54261,-0.39054,-0.13989,0.18326,0.056981,-0.103,0.10954,-0.12553,-0.17968,-0.32018,-0.17295,0.17221,-0.062258,-0.044738,0.27009,-0.32818,0.6692,0.36188,0.44703,0.32961,-0.18447,-0.078233,0.031074,0.032185,-0.79467,-0.701,-0.33046,-0.21881,-0.20239,-0.093644,-0.46678,-0.32896,-0.3132,-0.61814,-0.18239,-0.10063,0.021514,-0.20461,0.12238,-0.1911,0.5184,0.11302,-0.14288,-0.2477,-0.3447,-0.39495,-0.24383,-0.14191,-0.086217,-0.26349,0.16132,0.06625
-0.35602,-0.79287,-0.32661,-0.47844,-0.17758,-0.36904,-0.23107,-0.5141,-0.24538,-0.47756,0.002101,-0.2201,1.185,1.1345,0.10196,0.12659,0.15272,0.45843,0.20378,-0.080813,0.19122,0.43064,-0.1416,0.0011694,-0.39306,-0.60366,0.14209,0.56161,-0.23704,-0.38452,-0.49672,-0.39485,0,1.3649,0.71503,0.43005,0.017308,0.034061,-0.15822,-0.26864,0.057907,-0.22645,-0.67033,-0.63744,-0.44116,-0.44505,-0.3404,-0.14687,0.12887,1.0546,1.1313,-0.02073,0.13529,-0.0242,0.20904,0.088855,-0.061399,0.097907,0.10542,-0.38983,-0.48923,0.52776,0.57363,0.21997,-0.06189,-0.2857,-0.43751,-0.22975,0.23436,-0.062517,-0.11245,-0.52528,-0.4801,-0.02364,-0.34599,-0.27007,-0.46398,0.89577,1.1152,0.54272,0.47049,-0.4263,-0.3259,0.15657,0.081001,0.44456,0.66158,0.088327,0.16217,-0.52814,0.074242,0.070215,0.10663,-0.38777,-0.3015,0.0054197,-0.026091,-0.06193,-0.066242,0.37166,0.16337,0.42135,0.23643,-0.042362,-0.020232
-0.099289,-0.77702,-0.27899,-0.54355,0.03199,-0.19586,-0.068395,-0.62791,-0.36344,-0.66276,-0.23999,-0.51933,1.1754,0.98034,0.12424,0.10829,0.32891,0.74311,0.014179,-0.014338,0.34475,0.55593,-0.11703,0.10068,-0.45479,-0.75985,0.28277,0.64655,-0.0095783,-0.23404,-0.62473,-0.44495,1.3649,0,0.63966,0.50411,-0.26332,-0.17597,-0.10004,-0.42044,0.31723,-0.073542,-0.68433,-0.56243,-0.61772,-0.61521,-0.16086,0.040832,0.1196,0.84113,0.7732,0.10868,0.33725,0.14442,0.26593,0.31332,0.19026,0.31888,0.31769,-0.36192,-0.43098,0.46912,0.45835,0.34227,-0.04152,-0.074205,-0.19774,-0.33541,0.16818,0.039738,0.041935,-0.68256,-0.65731,0.19168,-0.28957,-0.45376,-0.69381,0.67877,0.92516,0.30133,0.12357,-0.23675,-0.15649,0.14866,0.13857,0.16452,0.41959,0.23832,0.3506,-0.33027,0.019823,0.064403,0.081729,-0.64095,-0.51916,-0.274,-0.28094,-0.15673,-0.28195,0.44458,0.11931,0.43518,0.18632,-0.052671,-0.090128
0.23753,-0.20006,-0.63324,-0.68019,0.063775,-0.32766,0.33212,-0.22349,-0.29014,-0.21586,0.0419,-0.3102,0.48316,0.36431,-0.12318,-0.27317,0.045731,0.23752,-0.17107,-0.50442,0.15685,0.0093308,0.12731,-0.10753,-0.13781,-0.075316,0.14669,0.23455,0.37236,0.19143,0.13012,0.30939,0.71503,0.63966,0,0.93599,0.052121,0.34273,0.4289,-0.081245,0.50654,0.21038,0.085236,0.070668,-0.098144,0.018819,-0.16779,-0.093754,-0.26145,0.24925,0.25638,-0.20888,-0.11593,-0.35361,-0.12758,0.10359,0.19015,0.31411,0.1989,-0.45563,-0.75344,0.0055009,0.041216,0.1825,0.18137,-0.053614,-0.16291,-0.21125,-0.096883,0.4587,0.13015,-0.10803,-0.14596,0.069768,-0.14928,-0.34618,-0.63362,0.097892,0.248,0.25047,0.12244,-0.44567,-0.2511,-0.18526,-0.29972,0.15324,0.0067519,0.16141,0.28421,-0.24374,0.022842,0.058818,-0.065499,-0.17452,-0.34479,-0.45101,-0.63487,-0.52031,-0.58317,0.032339,-0.20512,0.082335,-0.28338,-0.019148,-0.12583
0.24335,0.20187,-0.52364,-0.45742,0.0075038,-0.070761,0.60124,0.187,-0.25349,-0.00025588,-0.024235,-0.045906,0.46269,0.42449,-0.30745,-0.41554,-0.25242,-0.014452,-0.31304,-0.3778,-0.081326,-0.16431,0.20967,-0.051145,-0.28734,-0.062592,-0.061334,0.059426,0.26815,0.30757,0.016611,0.22784,0.43005,0.50411,0.93599,0,-0.22091,0.274,0.64806,0.14529,0.37043,0.25262,0.074151,0.060763,0.1636,0.032864,0.10649,0.11443,-0.53318,0.061192,0.11247,-0.45358,-0.31291,-0.40627,-0.35142,-0.20355,-0.13168,0.053426,-0.085851,-0.56957,-0.60095,-0.19029,-0.078164,-0.14613,0.026767,-0.10183,-0.035767,-0.18722,-0.03782,0.078394,-0.18389,-0.17714,-0.21645,0.47858,0.05628,-0.081055,-0.28672,0.036747,0.10339,0.077821,-0.1429,-0.42563,-0.23657,-0.070567,-0.19804,-0.17724,-0.26987,0.25,0.056118,0.2106,0.30054,-0.44816,-0.4313,-0.29301,-0.21023,-0.50093,-0.67739,-0.37942,-0.66112,-0.33531,-0.37693,-0.28424,-0.44811,-0.14722,-0.24745
-0.50986,-0.19803,0.24476,0.33932,-0.39888,-0.5177,0.0076838,0.30347,0.47098,0.55419,1.2153,0.50722,0.002485,0.078841,-0.044132,-0.056194,-0.3813,-0.42868,0.54342,-0.38772,-0.47439,-0.42727,-0.32752,-0.61829,0.66894,0.62459,-0.40487,-0.52298,-0.36786,-0.44225,0.42015,0.29222,0.017308,-0.26332,0.052121,-0.22091,0,0.88134,0.07491,0.51584,-0.45081,-0.40743,0.44032,-0.008166,0.23588,0.1754,-0.10551,-0.25888,-0.33466,0.15695,0.14545,-0.26216,-0.57796,-0.62973,-0.28907,-0.42996,-0.17845,-0.18095,-0.37223,-0.075367,-0.22572,-0.11978,-0.26966,-0.30704,-0.13879,-0.13198,-0.19548,0.23148,-0.27655,0.18621,-0.090795,0.45517,0.32332,-0.33732,0.06893,0.43859,0.4224,0.08426,0.10654,0.54216,0.93802,-0.22929,-0.11207,-0.26046,-0.19995,0.58944,0.21337,-0.19157,-0.36134,-0.10623,-0.10898,0.018407,-0.26108,0.16754,0.036119,0.41641,0.20489,0.046913,0.1233,-0.34713,-0.23776,0.028401,-0.03776,-0.27155,-0.35086
-0.072172,-0.021279,-0.012649,0.26294,-0.21088,-0.77545,0.45523,0.40978,0.57152,0.66188,1.097,0.4933,-0.027628,0.045419,0.073393,-0.26955,-0.36504,-0.47809,0.22376,-0.52154,-0.44927,-0.71724,-0.10492,-0.94162,0.74987,0.7314,-0.25588,-0.53491,0.0086825,-0.015831,0.7297,0.71704,0.034061,-0.17597,0.34273,0.274,0.88134,0,0.6204,0.91675,-0.13286,-0.28,0.66418,0.028522,0.55816,0.50709,-0.21227,-0.47212,-0.57369,-0.15148,-0.078889,-0.49583,-0.97211,-1.1297,-0.549,-0.74462,-0.3112,-0.33724,-0.64517,-0.080203,-0.37698,-0.1946,-0.22827,-0.41468,-0.031124,-0.41188,-0.39009,0.49051,-0.18116,0.30917,-0.053374,0.34387,0.15077,-0.052172,-0.080913,0.50025,0.41206,-0.24966,-0.11938,0.12897,0.51329,-0.26957,-0.090065,-0.5184,-0.23216,0.091867,-0.1002,-0.23947,-0.49486,-0.060995,0.088538,-0.25793,-0.67915,0.18921,-0.062091,0.09738,-0.088791,-0.22484,-0.269,-0.5525,-0.48631,-0.16772,-0.35464,-0.21336,-0.34835
0.61538,0.36987,-0.37903,-0.20973,0.21177,-0.16999,1.2431,0.4739,0.31943,0.61506,0.37695,0.21015,0.020125,-0.17674,-0.15283,-0.73923,-0.079179,-0.3291,-0.025885,-0.67737,-0.15745,-0.67244,0.44639,-0.29847,0.57157,0.76512,-0.019393,-0.44553,0.75069,0.7543,0.54767,0.81899,-0.15822,-0.10004,0.4289,0.64806,0.07491,0.6204,0,0.74588,0.49482,0.42239,0.72457,0.47303,0.23419,0.35394,0.12419,0.0017502,-0.6509,-0.45269,-0.55404,-0.63852,-0.48338,-0.59973,-0.41679,-0.19112,0.072007,0.15684,-0.090779,-0.17081,-0.50195,-0.43734,-0.57551,-0.37859,-0.089573,-0.052578,0.014859,0.42242,-0.10665,0.35373,0.23064,0.19863,0.12712,0.001194,0.14421,0.29841,0.087345,-0.39312,-0.31656,-0.15028,-0.1642,-0.27971,-0.30307,-0.19205,-0.2828,-0.16712,-0.54808,0.23321,0.038491,0.12305,-0.015172,-0.24685,-0.61795,0.32724,0.14476,-0.30867,-0.52882,-0.31026,-0.74418,-0.56692,-0.58261,-0.50303,-0.73173,0.19567,-0.10243
-0.053351,0.33021,0.10548,0.35729,-0.051098,-0.22954,0.62298,0.98143,1.1264,1.1895,1.0081,1.1418,-0.09382,-0.064649,0.12961,-0.25702,-0.2573,-0.8761,0.45602,-0.36988,-0.52803,-0.98928,0.12903,-0.56016,0.88956,1.0636,-0.26757,-0.79876,0.0088324,0.13859,0.37541,0.40989,-0.26864,-0.42044,-0.081245,0.14529,0.51584,0.91675,0.74588,0,-0.18358,-0.016887,0.59347,0.18677,0.42994,0.29096,0.19893,-0.06071,-0.76052,-0.32154,-0.2972,-0.91836,-0.72324,-0.61934,-0.40214,-0.71642,-0.33269,-0.33338,-0.63478,0.098379,-0.10602,-0.50097,-0.503,-0.57964,-0.1542,-0.11077,-0.0031962,0.845,0.039895,-0.03105,-0.024052,0.44432,0.35318,-0.12663,0.2717,1.0391,0.99913,-0.22277,-0.17978,0.1107,0.34037,-0.13096,-0.1615,-0.13413,-0.043579,0.090007,-0.15688,0.065846,-0.39215,0.22591,-0.017466,-0.53555,-0.84537,0.37785,0.34593,0.17641,0.027425,-0.090507,-0.11882,-0.94671,-0.67519,-0.57071,-0.54924,-0.15919,-0.3247
1.0462,0.058076,-0.76715,-0.92171,0.78803,0.22777,0.60589,-0.22585,-0.13018,-0.25011,-0.3582,-0.52141,0.04388,-0.18423,0.11709,-0.13408,0.69565,0.57178,-0.47668,-0.0045686,0.91853,0.30468,0.67281,0.34715,-0.032774,0.0098818,0.93732,0.40888,1.3954,0.78699,0.20353,0.38359,0.057907,0.31723,0.50654,0.37043,-0.45081,-0.13286,0.49482,-0.18358,0,0.94023,0.19502,0.60062,-0.3559,-0.03534,0.13539,0.2404,0.08647,-0.2244,-0.38134,0.11493,0.38471,0.17772,0.19908,0.69992,0.99878,0.88657,0.63612,0.023839,-0.228,0.1768,0.046373,0.55957,0.24746,0.36401,0.24852,0.023517,0.098455,0.80876,0.91148,-0.06553,-0.07597,-0.069957,-0.039953,-0.63595,-0.80456,-0.31465,-0.16155,-0.2458,-0.61493,-0.19733,-0.2278,-0.17633,-0.34567,-0.35816,-0.31581,0.52302,0.96941,-0.081425,-0.26447,0.38415,0.26771,0.11151,-0.12326,-0.44656,-0.55278,-0.37004,-0.54047,0.35575,0.091521,0.12295,-0.15335,0.3786,0.17737
0.69831,0.52078,-0.59884,-0.68698,0.52344,0.68848,0.42124,0.12643,-0.05773,0.060108,-0.39964,-0.048848,-0.23887,-0.44145,-0.049042,-0.10389,0.40756,0.1738,-0.398,0.060955,0.59141,0.1671,0.81117,0.73626,-0.10737,0.25897,0.59293,0.27861,0.93776,1.036,0.14287,0.33244,-0.22645,-0.073542,0.21038,0.25262,-0.40743,-0.28,0.42239,-0.016887,0.94023,0,0.23855,1.0613,-0.30406,-0.18009,0.41744,0.48887,-0.081048,-0.47916,-0.5899,-0.078722,0.30318,0.32803,0.2551,0.54894,0.65014,0.58695,0.49206,0.12873,0.042894,-0.12627,-0.23427,0.29053,0.20019,0.5423,0.50895,0.093578,0.29337,0.41017,0.60535,0.030819,0.12557,-0.23422,0.097861,-0.36091,-0.35977,-0.26689,-0.26661,-0.03883,-0.56311,-0.23649,-0.31266,0.16561,-0.2292,-0.20984,-0.4367,0.62804,0.82593,0.16014,-0.39689,0.16316,0.29331,0.44538,0.40728,-0.33735,-0.35204,-0.36659,-0.23612,0.010014,0.0046112,-0.25408,-0.26581,0.38822,0.26297
0.42717,0.51651,-0.0042809,0.12274,0.17801,-0.088271,0.72234,0.57698,0.37244,0.78624,0.44881,0.26754,-0.54652,-0.60607,-0.17928,-0.34005,-0.27834,-0.54288,-0.11136,-0.30311,-0.23151,-0.65357,0.16138,-0.32506,0.76745,1.1017,-0.13088,-0.67278,0.43044,0.43495,1.0809,1.1755,-0.67033,-0.68433,0.085236,0.074151,0.44032,0.66418,0.72457,0.59347,0.19502,0.23855,0,0.8145,0.63393,0.67653,0.2704,0.024103,-0.46874,-0.74037,-0.85888,-0.31274,-0.49057,-0.52077,-0.43868,-0.21318,0.2042,0.13238,-0.10736,0.034991,-0.11686,-0.52004,-0.59255,-0.24079,0.04126,0.23325,0.28087,0.35129,-0.41896,0.56931,0.30788,0.80723,0.55039,-0.065977,0.30437,0.22457,0.26073,-0.85852,-0.83919,-0.25239,-0.18013,-0.036314,0.0089281,-0.40452,-0.40755,-0.25035,-0.51485,0.073398,-0.12212,0.32058,-0.1488,-0.10843,-0.3613,0.37808,0.11209,-0.098898,-0.30864,-0.31973,-0.33676,-0.51916,-0.48405,-0.35739,-0.56386,-0.024505,-0.2043
0.62296,0.84393,-0.41027,-0.33049,0.47387,0.5075,0.57705,0.473,0.13746,0.3901,-0.028011,0.12703,-0.58934,-0.73935,-0.23283,-0.23959,0.090786,-0.16351,-0.38984,-0.051914,0.27638,-0.17016,0.76412,0.32726,0.18864,0.67037,0.30492,-0.14848,0.76216,0.8395,0.62415,0.74329,-0.63744,-0.56243,0.070668,0.060763,-0.008166,0.028522,0.47303,0.18677,0.60062,1.0613,0.8145,0,0.12627,0.24763,0.50382,0.41172,-0.23144,-0.74941,-0.89448,-0.12088,-0.042955,-0.030813,-0.11943,0.22411,0.53833,0.41304,0.23509,0.10321,0.036284,-0.32104,-0.44695,0.11039,0.20067,0.60922,0.61907,0.13039,-0.12322,0.5708,0.58331,0.57488,0.59087,-0.24542,0.40358,-0.15746,-0.082908,-0.65622,-0.69941,-0.13911,-0.46242,-0.19531,-0.22941,-0.1094,-0.42647,-0.24281,-0.53984,0.40121,0.44915,0.38316,-0.29447,0.16476,0.14134,0.52096,0.352,-0.12229,-0.27634,-0.24891,-0.1421,-0.19192,-0.078323,-0.29207,-0.31186,0.14829,0.041042
