,,,,,,,,,,,,,,,,,,,,,,,,,,,,,,,,,,,,,,,,,,,,,,,,,,,,,,,,,,,,,,,,,,,,,,,,,,,,,,,,,,,,,,,,,,,,,,,,,,,,,,,,
0,0.08826,-0.31909,-0.12524,1.0505,-0.20942,0.82901,-0.15229,0.38649,-0.032133,-0.0012446,-0.25713,-0.50849,-0.68676,0.34367,-0.046887,0.51671,0.38856,-0.1125,-0.098595,0.46826,0.034883,0.67545,0.095503,0.32799,0.19406,0.58424,0.20039,0.84275,0.53091,0.12897,0.12857,-0.90243,-0.62186,-0.33797,-0.37443,-0.41476,-0.17158,0.69212,0.03428,0.96101,0.49278,0.28548,0.35938,0.014085,0.28473,-0.20894,-0.34462,0.33369,-0.6562,-0.79885,0.17711,0.26744,-0.1949,-0.055618,0.25443,0.30434,0.29315,0.10812,0.48683,0.089841,-0.13074,-0.19223,0.044543,0.11921,-0.2611,-0.27078,-0.13185,-0.029163,0.015676,0.15961,-0.12798,-0.037569,-0.26201,-0.29099,0.23486,-0.086587,-0.77841,-0.83769,-0.46203,-0.50558,0.29162,0.31341,-0.084992,-0.11688,-0.094232,-0.35921,-0.09757,0.10577,-0.035048,-0.050914,0.36279,-0.25792,0.37654,-0.38405,-0.50986,-0.49357,-0.18639,-0.35244,0.14223,-0.29358,-0.021973,-0.52607,0.10611,-0.20148
0.08826,0,0.24913,0.36955,-0.40786,0.089536,-0.10136,0.55648,0.00013962,0.33458,0.43699,0.41997,-0.10693,-0.056092,-0.29295,-0.47386,-0.7085,-0.85518,0.032363,-0.27049,-0.56523,-0.69804,-0.039307,-0.32251,0.10291,0.29971,-0.3589,-0.6314,0.037671,0.26381,0.30551,0.36548,-0.035122,-0.32902,0.27647,0.38716,0.36719,0.49913,0.15389,0.51031,-0.34412,-0.035085,0.30313,0.24207,0.32425,0.43397,0.074171,-0.020301,-0.5469,-0.063525,0.047072,-0.31164,-0.22938,-0.008531,0.10616,-0.25624,-0.30917,-0.25819,-0.098175,0.17014,0.067689,-0.51747,-0.44142,-0.41244,-0.10658,-0.0047332,0.082832,0.12116,-0.23013,0.096614,-0.23972,0.24775,0.17431,0.40161,0.25837,0.48481,0.60339,-0.16038,-0.10829,0.002442,0.1957,-0.37946,-0.18473,-0.27972,-0.040957,-0.036164,-0.26569,-0.14397,-0.17432,0.29634,0.41796,-0.0026292,0.24051,0.42661,0.44535,0.14336,0.10722,-0.02823,0.06858,-0.64459,-0.26637,-0.3534,-0.25325,0.30726,0.26094
-0.31909,0.24913,0,1.0511,-0.38274,0.21069,-0.51343,0.0098707,0.12464,0.057748,0.057693,0.32549,-0.28405,-0.11876,0.044723,0.15075,-0.1649,-0.39124,0.12296,0.27722,-0.4846,-0.16309,-0.52125,-0.15077,0.27709,-0.02785,-0.36276,-0.3708,-0.33659,-0.25735,0.11435,-0.039113,-0.067573,-0.20027,-0.11382,-0.31715,0.22096,-0.0039563,-0.43278,0.1159,-0.60593,-0.39592,0.0017569,-0.20686,0.0092262,0.10019,0.12265,0.11151,-0.31954,-0.016189,0.0065387,0.04371,0.14299,0.50534,0.49489,-0.0069171,-0.022054,-0.14357,0.06271,0.42939,0.7565,-0.10528,-0.12053,-0.10741,-0.21105,0.25826,0.28952,0.24844,-0.33528,-0.016089,-0.052244,0.39247,0.23223,0.023744,0.30578,0.26076,0.67549,0.10426,0.083363,-0.0044677,0.27155,0.22912,0.17852,0.019241,0.50619,-0.1708,0.1251,-0.21252,-0.17824,0.089894,0.080843,0.12538,0.36761,0.1516,0.36405,0.57543,0.75419,0.12113,0.65149,-0.014939,0.25247,0.33036,0.46986,0.17409,0.57144
-0.12524,0.36955,1.0511,0,-0.34309,-0.20689,-0.29004,0.10444,0.30075,0.23616,0.26056,0.42115,-0.48562,-0.28167,0.12994,-0.014239,-0.28123,-0.40002,-0.066172,0.083911,-0.60737,-0.41143,-0.43196,-0.5811,0.48246,0.19707,-0.40229,-0.43075,-0.17138,-0.066682,0.45658,0.30113,-0.15255,-0.39181,0.016334,-0.11606,0.24261,0.35531,-0.09985,0.42112,-0.5436,-0.48957,0.24529,-0.18286,0.40792,0.41941,-0.11934,-0.21951,-0.41459,-0.34826,-0.18375,-0.091633,-0.32513,0.0029891,0.080836,-0.44884,-0.32902,-0.54897,-0.40023,0.41424,0.5326,-0.23221,-0.16149,-0.3586,-0.12861,-0.128,-0.044933,0.5555,-0.26197,0.069043,-0.17913,0.29417,0.063852,0.086851,0.0058268,0.38929,0.91382,-0.2421,-0.23439,-0.2879,0.2286,0.23766,0.29328,-0.18492,0.41224,-0.47652,-0.24788,-0.49114,-0.58023,0.029552,0.17203,-0.09586,0.018254,0.28177,0.31239,0.35742,0.50852,-0.037455,0.31426,-0.28318,-0.034626,0.075228,0.22247,0.14425,0.44142
1.0505,-0.40786,-0.38274,-0.34309,0,0.030628,0.90551,-0.24349,0.39425,-0.16913,-0.20541,-0.38952,-0.22601,-0.3635,0.34681,0.15873,1.0275,0.88571,-0.084749,0.11797,0.76459,0.40761,0.7208,0.31016,0.093001,-0.033241,0.8296,0.51762,0.60291,0.23005,-0.25982,-0.21501,-0.67605,-0.19662,-0.53484,-0.51136,-0.67064,-0.51676,0.47259,-0.19714,1.2933,0.56972,-0.064767,0.17104,-0.37108,-0.21504,-0.074433,-0.11291,0.40531,-0.39489,-0.64214,0.2407,0.46753,-0.075971,-0.058644,0.42755,0.52175,0.46092,0.20353,0.312,0.0692,0.092599,-0.078224,0.21204,0.052771,-0.12311,-0.17921,-0.39177,0.011213,-0.086443,0.23432,-0.41228,-0.24414,-0.30669,-0.27725,-0.0018131,-0.33535,-0.39076,-0.44553,-0.29011,-0.5571,0.35103,0.27419,0.18916,0.0061993,-0.023302,-0.18805,0.070524,0.31382,0.027816,-0.26394,0.27351,-0.41134,0.003659,-0.62057,-0.62392,-0.54953,-0.11587,-0.40305,0.40117,-0.15473,0.19777,-0.27151,-0.25425,-0.55013
-0.20942,0.089536,0.21069,-0.20689,0.030628,0,-0.18792,0.067866,-0.28939,-0.25643,-0.30499,-0.11703,0.16529,0.21195,-0.20888,0.19718,0.10255,0.016698,-0.027381,0.33462,0.095713,0.2384,-0.10542,0.34965,-0.46117,-0.22778,0.062768,0.00058654,-0.11122,-0.22736,-0.36177,-0.32458,0.10197,0.29728,-0.11037,-0.094632,-0.0065617,-0.40476,-0.42731,-0.32618,-0.051438,0.29547,-0.27762,0.12119,-0.61991,-0.57526,0.56646,0.66289,0.058018,0.41197,0.23516,0.22746,0.7669,0.9904,0.6813,0.61618,0.49815,0.47638,0.60045,0.18065,0.35575,-0.0394,-0.11563,0.30749,-0.016471,0.75168,0.6664,-0.47286,-0.16677,0.19231,0.12607,-0.0062841,0.038261,0.11118,0.46138,-0.19851,-0.182,0.37147,0.42656,0.38629,0.013029,-0.076147,-0.10634,0.15509,0.099771,0.16578,0.051696,0.41969,0.74555,0.36626,-0.092499,0.20642,0.44163,-0.19117,0.077328,0.10397,0.14849,0.086758,0.13311,0.19167,0.34403,0.27341,0.30793,-0.0056308,0.038987
0.82901,-0.10136,-0.51343,-0.29004,0.90551,-0.18792,0,0.34045,0.4614,0.27171,0.38913,-0.097006,-0.099924,-0.27302,0.0696,-0.17778,0.38645,0.34881,0.10378,-0.34131,0.22124,-0.035813,0.69486,-0.074064,0.36838,0.40356,0.23995,0.052768,0.58707,0.338,0.041765,0.17431,-0.5606,-0.33314,-0.33094,-0.11242,-0.15709,0.10741,1.1608,0.33883,0.93411,0.48052,0.3896,0.43745,0.064722,0.10459,-0.076257,-0.079109,0.13428,-0.49911,-0.73819,-0.17246,-0.036461,-0.52488,-0.45413,0.093856,0.28597,0.3375,0.009322,-0.003163,-0.33586,-0.263,-0.31549,0.012917,0.068237,-0.17431,-0.17025,-0.085331,-0.046662,-0.026226,0.21479,-0.16134,0.0073453,-0.022433,-0.08243,0.25512,-0.031555,-0.44901,-0.49283,-0.34247,-0.5075,-0.0024733,-0.097199,-0.080633,-0.2873,-0.01977,-0.39917,0.12139,0.1329,0.13002,-0.080587,-0.051758,-0.76934,0.048577,-0.42237,-0.57393,-0.55373,0.024022,-0.49438,-0.074566,-0.4563,-0.21434,-0.65187,-0.27425,-0.54853
-0.15229,0.55648,0.0098707,0.10444,-0.24349,0.067866,0.34045,0,0.21479,1.0299,0.90947,0.46007,0.11925,0.059779,-0.55033,-0.63168,-0.60897,-0.70299,0.29621,-0.61098,-0.64766,-0.76151,0.11131,-0.51341,0.291,0.73092,-0.55693,-0.85728,0.095985,0.273,0.24787,0.51412,-0.012374,-0.20492,0.038413,0.41817,0.74876,0.93193,0.4764,0.86097,-0.20748,0.04063,0.47152,0.41623,0.19101,0.13792,0.065067,0.098341,-0.68466,-0.12115,-0.12279,-0.56643,-0.44324,-0.27779,-0.20464,-0.2432,-0.1123,-0.1508,-0.14216,-0.20821,-0.34247,-0.46685,-0.6626,-0.30931,-0.07515,0.030796,0.084307,0.26565,-0.086634,0.22686,0.02722,0.085057,0.13751,0.41375,0.26662,0.36982,0.49724,-0.053429,-0.033925,-0.059042,0.043511,-0.52554,-0.56613,-0.21179,-0.19727,0.027881,-0.26909,-0.00066695,-0.11924,0.23303,0.040682,-0.4207,-0.36297,0.12604,0.29435,-0.073635,-0.07113,0.089574,-0.23251,-0.84168,-0.51665,-0.49846,-0.40987,-0.07868,-0.12528
0.38649,0.00013962,0.12464,0.30075,0.39425,-0.28939,0.4614,0.21479,0,0.55779,0.56329,0.41622,-0.30739,-0.47171,0.35946,-0.20019,0.28436,0.048572,0.36184,-0.24277,0.073778,-0.28203,0.3713,-0.076842,0.88744,0.57113,0.28617,-0.12035,0.46405,0.48239,0.045796,0.07268,-0.58712,-0.50262,-0.43038,-0.35117,-0.013738,0.089998,0.62892,0.70747,0.30663,0.41937,0.1971,0.18726,-0.12642,-0.065877,0.057663,-0.056553,-0.29349,-0.61492,-0.67385,-0.24745,-0.12764,-0.24835,-0.0074782,-0.073721,0.057174,-0.022832,-0.18614,0.44432,0.06761,-0.32254,-0.59414,-0.37679,-0.16586,-0.18476,-0.14534,0.57755,0.33831,-0.097093,0.11702,-0.16504,-0.1509,-0.29353,-0.14704,0.71157,0.55104,-0.27491,-0.3273,-0.01282,0.024717,0.18025,0.029728,0.26994,0.23512,0.07698,-0.161,0.094751,0.0047602,0.047548,-0.093043,-0.092439,-0.47639,0.51462,0.11924,-0.27628,-0.23021,-0.20939,-0.19355,-0.35177,-0.6576,-0.33384,-0.52704,0.090429,-0.2262
-0.032133,0.33458,0.057748,0.23616,-0.16913,-0.25643,0.27171,1.0299,0.55779,0,1.0262,0.3554,-0.0040778,-0.2178,-0.35838,-0.68699,-0.41295,-0.56799,0.45159,-0.79366,-0.44252,-0.7855,0.30941,-0.45713,0.77712,1.3086,-0.40299,-0.84181,0.34883,0.54966,0.44582,0.78082,-0.093779,-0.3553,0.077606,0.25309,0.86522,0.93251,0.66057,0.90385,-0.10477,0.097036,0.68506,0.52707,0.090724,0.13251,-0.040079,-0.082177,-0.5404,-0.34507,-0.33168,-0.32688,-0.51227,-0.38192,-0.16535,-0.18099,-0.040229,-0.14063,-0.12634,-0.11567,-0.39841,-0.28258,-0.6885,-0.40082,-0.035285,-0.1209,-0.068019,0.70989,0.077129,0.33222,0.25263,0.022134,0.080838,0.0093838,-0.013347,0.34838,0.50051,-0.20396,-0.22496,-0.1825,0.030183,-0.33345,-0.47587,-0.018751,-0.024106,0.092043,-0.14816,-0.063153,-0.20723,-0.053174,-0.19274,-0.29499,-0.41639,0.39899,0.3396,-0.17782,-0.22546,-0.076424,-0.34333,-0.68153,-0.49549,-0.47386,-0.41219,0.11856,-0.11653
-0.0012446,0.43699,0.057693,0.26056,-0.20541,-0.30499,0.38913,0.90947,0.56329,1.0262,0,0.78279,0.11548,0.010453,-0.25782,-0.59477,-0.46294,-0.59821,0.72492,-0.61767,-0.62607,-0.81618,0.18738,-0.5082,0.81598,0.94899,-0.5414,-0.71363,0.13542,0.28537,0.42929,0.51242,-0.031748,-0.33249,0.19074,0.30676,0.637,0.77421,0.76995,1.5109,-0.16665,0.054804,0.56998,0.2796,0.28454,0.30425,0.0037411,-0.05438,-0.60983,-0.19599,-0.19423,-0.89335,-0.62896,-0.53952,-0.31486,-0.44012,-0.32851,-0.18257,-0.33052,-0.12714,-0.34023,-0.53857,-0.68355,-0.58104,-0.21312,-0.16544,-0.10204,0.58428,-0.043088,0.0012829,-0.076867,0.2417,0.2619,-0.062114,0.19743,0.83432,0.83111,-0.0037952,-0.028828,0.11732,0.33111,-0.37495,-0.49323,-0.12717,-0.19154,0.34398,-0.20721,0.0019705,-0.28131,-0.01524,0.047975,-0.36681,-0.49532,0.43302,0.464,0.15748,0.0018567,0.16749,-0.19187,-0.94075,-0.55154,-0.65911,-0.47058,0.18827,-0.035605
-0.25713,0.41997,0.32549,0.42115,-0.38952,-0.11703,-0.097006,0.46007,0.41622,0.3554,0.78279,0,-0.062251,0.11397,-0.17813,-0.26806,-0.49579,-0.50808,0.55885,0.0099251,-0.67143,-0.4317,-0.19838,-0.23045,0.32595,0.25549,-0.43724,-0.28625,-0.38354,-0.15528,0.14163,-0.0083514,0.046375,-0.25106,0.0069271,0.06266,0.32729,0.4024,0.16469,1.0236,-0.5396,-0.055989,-0.022853,-0.2201,0.30464,0.27717,-0.12074,-0.1597,-0.81966,-0.11781,-0.0029096,-1.0347,-0.472,-0.19599,-0.020729,-0.69623,-0.70248,-0.6283,-0.669,0.1422,0.17206,-0.37551,-0.40693,-0.6457,-0.47579,-0.27329,-0.24278,0.33305,-0.0086042,-0.32766,-0.64084,0.16372,-0.0032165,-0.037796,0.13551,0.89071,1.1063,0.27924,0.24457,0.4609,0.90671,-0.37728,-0.3262,0.030862,0.0526,0.32032,-0.027128,-0.22396,-0.43622,-0.090869,0.31761,-0.40188,-0.21137,0.42494,0.87443,0.65075,0.61224,0.34179,0.36904,-0.84641,-0.33985,-0.42495,-0.078153,0.24898,0.31454
-0.50849,-0.10693,-0.28405,-0.48562,-0.22601,0.16529,-0.099924,0.11925,-0.30739,-0.0040778,0.11548,-0.062251,0,1.4196,-0.41882,-0.25275,-0.26798,-0.10485,0.40457,-0.18227,-0.085339,-0.00026163,0.15303,0.095542,-0.44936,-0.2566,-0.26398,-0.063651,-0.27042,-0.21155,-0.45196,-0.31261,0.93371,1.1124,0.53485,0.73214,-0.023217,-0.15652,-0.06038,-0.11415,-0.15595,-0.19502,-0.43643,-0.27601,-0.35731,-0.48707,0.36841,0.4355,-0.1545,1.1736,0.93079,-0.275,-0.033917,-0.030193,-0.12933,-0.062811,-0.23022,0.090994,0.067848,-0.97449,-0.70026,0.17032,0.13469,-0.1004,-0.15988,0.12785,0.16036,-0.29929,0.019708,-0.32889,-0.15256,-0.19372,-0.062064,0.14369,0.38459,-0.069909,-0.21309,0.93835,0.92752,0.55557,0.27514,-0.42606,-0.49971,0.30587,-0.019635,0.58732,0.51528,0.44674,0.15802,0.13342,0.056027,-0.32468,-0.087303,-0.50621,-0.064423,0.051844,-0.22143,0.2091,-0.22378,-0.079867,0.089348,-0.13488,0.090704,-0.22043,-0.42548
-0.68676,-0.056092,-0.11876,-0.28167,-0.3635,0.21195,-0.27302,0.059779,-0.47171,-0.2178,0.010453,0.11397,1.4196,0,-0.44875,-0.10606,-0.40485,-0.12977,0.23619,0.11862,-0.22917,0.05097,-0.077875,0.053824,-0.70718,-0.51386,-0.38244,0.025492,-0.58474,-0.49619,-0.39962,-0.42474,1.2016,1.2711,0.59192,0.75771,-0.10016,-0.14915,-0.2776,-0.13146,-0.40216,-0.36601,-0.62242,-0.53316,-0.12086,-0.28886,0.30283,0.38401,-0.28885,1.1525,1.1922,-0.382,-0.08371,0.026957,-0.14083,-0.30109,-0.47115,-0.18509,-0.16677,-0.81483,-0.35534,0.15055,0.29545,-0.057698,-0.16328,0.11426,0.14474,-0.43041,-0.11132,-0.39606,-0.43149,-0.063906,-0.0565,0.31126,0.49501,-0.055507,-0.11238,1.1099,1.2284,0.65661,0.50474,-0.36825,-0.31862,0.17335,0.028715,0.40097,0.52948,0.25717,0.0097407,0.17409,0.30124,-0.5077,-0.060765,-0.69818,-0.032976,0.3161,0.091637,0.34668,0.050965,-0.11221,0.22137,-0.05246,0.29447,-0.32586,-0.26511
0.34367,-0.29295,0.044723,0.12994,0.34681,-0.20888,0.0696,-0.55033,0.35946,-0.35838,-0.25782,-0.17813,-0.41882,-0.44875,0,0.78146,0.79115,0.42112,-0.2076,0.27835,0.69415,0.34573,0.023524,0.27052,0.23589,-0.08621,0.76171,0.44406,0.24596,0.17715,-0.0086505,-0.14537,-0.47267,-0.29645,-0.27639,-0.48183,-0.36647,-0.36222,-0.11103,-0.1939,0.4628,0.21625,-0.053844,0.026363,-0.095724,-0.067128,-0.1064,-0.1642,0.43274,-0.21619,-0.21331,0.29964,0.22699,0.052086,0.098952,0.25523,0.21401,0.19028,0.059784,0.57101,0.42736,0.25529,0.31173,0.35813,0.33069,-0.059622,-0.089473,0.20152,0.5546,-0.075663,0.22368,0.030078,0.063976,-0.37697,-0.40856,-0.037836,-0.096056,-0.41217,-0.41511,-0.13588,-0.28672,0.83259,0.85909,-0.19635,-0.14424,-0.14842,-0.14998,0.017329,0.091491,-0.1135,-0.29476,0.53717,0.22175,0.22583,-0.25216,-0.27841,-0.19819,-0.42769,-0.093345,0.45373,-0.0023858,0.13508,-0.1375,-0.030218,-0.071045
-0.046887,-0.47386,0.15075,-0.014239,0.15873,0.19718,-0.17778,-0.63168,-0.20019,-0.68699,-0.59477,-0.26806,-0.25275,-0.10606,0.78146,0,0.70611,0.61351,-0.27831,0.8651,0.61541,1.0214,-0.15185,0.6304,-0.21416,-0.37781,0.43587,0.77997,-0.2552,-0.45425,-0.069081,-0.26764,-0.023936,0.068203,-0.053856,-0.3669,-0.20469,-0.41543,-0.53211,-0.55666,0.24192,0.15617,-0.18434,0.015187,-0.067762,-0.13239,-0.1353,-0.030725,0.58607,0.010271,0.0031505,0.51499,0.3959,0.3055,0.15061,0.40202,0.35969,0.26153,0.23728,0.34075,0.60827,0.52479,0.77421,0.97141,0.48998,0.18687,0.069688,-0.19793,0.18459,0.010206,0.20981,0.16615,0.17165,-0.18613,-0.22287,-0.58661,-0.38611,-0.1106,-0.066601,-0.026921,-0.20119,0.54318,0.6304,-0.24161,-0.20074,-0.14165,0.056194,-0.052958,0.14871,-0.15901,-0.23842,0.47825,0.49289,-0.21591,-0.26351,0.075585,0.18221,0.046399,0.33421,0.90474,0.69551,0.5619,0.47841,-0.28756,0.050687
0.51671,-0.7085,-0.1649,-0.28123,1.0275,0.10255,0.38645,-0.60897,0.28436,-0.41295,-0.46294,-0.49579,-0.26798,-0.40485,0.79115,0.70611,0,1.1222,-0.16178,0.40938,1.1787,0.83793,0.30347,0.63921,0.063805,-0.14701,1.1628,0.80291,0.33074,0.005515,-0.36433,-0.35447,-0.51979,-0.10599,-0.52774,-0.77804,-0.57534,-0.72653,0.057005,-0.42578,1.0755,0.58763,-0.12936,0.15168,-0.48228,-0.45149,0.013838,0.02904,0.79822,-0.23528,-0.44712,0.52157,0.62432,0.18162,0.1376,0.70116,0.79262,0.65445,0.41073,0.42127,0.23934,0.27172,0.20315,0.5012,0.17977,0.087408,0.0090072,-0.2156,0.20163,-0.08071,0.4584,-0.27844,-0.1289,-0.46875,-0.38371,-0.28982,-0.4413,-0.26004,-0.2977,-0.13223,-0.49898,0.53261,0.39413,0.23866,0.027797,-0.020661,-0.021556,0.22433,0.47914,-0.064059,-0.48952,0.62259,0.0602,0.015835,-0.43087,-0.47062,-0.31731,-0.22178,-0.12054,0.82949,0.12596,0.35032,-0.038704,-0.18973,-0.30804
0.38856,-0.85518,-0.39124,-0.40002,0.88571,0.016698,0.34881,-0.70299,0.048572,-0.56799,-0.59821,-0.50808,-0.10485,-0.12977,0.42112,0.61351,1.1222,0,-0.28841,0.41375,0.8996,1.2102,0.35914,0.66383,-0.25032,-0.41714,0.74116,1.2977,0.040395,-0.28522,-0.3554,-0.43884,-0.1741,0.19172,-0.30103,-0.40665,-0.69744,-0.66105,0.041103,-0.53933,0.84777,0.38367,-0.31621,-0.054227,-0.23525,-0.27781,-0.18886,-0.09728,0.66252,-0.18297,-0.34318,0.56355,0.35775,-0.061327,-0.10056,0.38443,0.4284,0.38536,0.19632,0.13578,0.094172,0.42405,0.48014,0.45077,0.21177,-0.13084,-0.22871,-0.44446,0.11804,-0.2161,0.09246,-0.40556,-0.35425,-0.22656,-0.3877,-0.44786,-0.69968,-0.14771,-0.20506,-0.17613,-0.46005,0.3162,0.28817,0.28132,0.07837,-0.15506,-0.024723,0.034956,0.22819,-0.12731,-0.082048,0.22232,-0.11879,-0.33423,-0.67789,-0.32671,-0.22234,0.1153,-0.0058446,0.84236,0.31125,0.519,0.23404,-0.35,-0.30811
-0.1125,0.032363,0.12296,-0.066172,-0.084749,-0.027381,0.10378,0.29621,0.36184,0.45159,0.72492,0.55885,0.40457,0.23619,-0.2076,-0.27831,-0.16178,-0.28841,0,-0.22804,-0.2251,-0.20993,0.20305,0.05576,0.44811,0.33859,-0.30663,-0.24765,-0.11189,-0.051012,-0.11116,-0.11762,0.076174,-0.070618,0.062166,0.0013747,0.35658,0.074422,0.30778,0.4929,-0.14995,0.025422,0.00097307,-0.034461,-0.27988,-0.12489,0.0090793,-0.031439,-0.21141,0.19486,0.074833,-0.57032,-0.029051,-0.070999,0.083706,-0.046956,-0.19414,0.055332,-0.037173,-0.18842,-0.23742,-0.04998,-0.40765,-0.36264,-0.48104,-0.13895,-0.16518,0.25159,0.12721,-0.34605,-0.099075,-0.029987,0.078906,-0.41437,0.1183,0.53483,0.45546,0.45178,0.3517,0.44701,0.4855,-0.38484,-0.57895,0.24399,-0.089033,1.1278,0.34828,0.098256,-0.11768,-0.26462,-0.15013,-0.1394,-0.23438,0.29472,0.45408,0.40971,0.10368,0.48979,0.039139,-0.38349,-0.2108,-0.3425,-0.1299,0.27573,-0.022125
-0.098595,-0.27049,0.27722,0.083911,0.11797,0.33462,-0.34131,-0.61098,-0.24277,-0.79366,-0.61767,0.0099251,-0.18227,0.11862,0.27835,0.8651,0.40938,0.41375,-0.22804,0,0.36347,0.74041,-0.23024,0.57291,-0.45718,-0.62298,0.35916,0.68723,-0.39195,-0.63512,-0.28946,-0.53362,0.099508,0.18412,-0.056508,-0.34719,-0.38268,-0.51158,-0.52277,-0.41244,0.0023998,0.06008,-0.51949,-0.34555,-0.1157,-0.14917,-0.034948,-0.017499,0.30218,0.099383,0.16767,0.20866,0.5029,0.55798,0.38073,0.098149,0.058044,-0.12158,-0.085919,0.38123,0.72718,0.34975,0.56206,0.44366,0.039716,0.059842,0.012708,-0.41073,-0.093489,-0.22415,-0.17116,-0.047633,-0.15711,-0.11748,-0.11804,-0.28071,-0.099735,0.24507,0.3022,0.28952,0.3097,0.21457,0.36196,0.12563,0.22666,-0.019067,0.36732,-0.095671,0.10217,-0.11958,-0.0042482,0.23008,0.36622,-0.14949,0.03351,0.32732,0.48072,0.12734,0.56632,0.49104,0.54567,0.3767,0.51711,-0.13673,0.15527
0.46826,-0.56523,-0.4846,-0.60737,0.76459,0.095713,0.22124,-0.64766,0.073778,-0.44252,-0.62607,-0.67143,-0.085339,-0.22917,0.69415,0.61541,1.1787,0.8996,-0.2251,0.36347,0,0.79476,0.45467,0.85829,-0.20099,-0.20869,1.5097,0.87961,0.43327,0.18472,-0.35966,-0.31413,-0.26488,0.058479,-0.22593,-0.36382,-0.53618,-0.66415,-0.018338,-0.623,1.036,0.65815,-0.22045,0.2263,-0.52117,-0.47033,0.047112,0.033049,0.85667,-0.059758,-0.14731,0.59401,0.63278,0.20017,0.15551,0.68867,0.61515,0.53494,0.38013,0.21753,0.050484,0.48138,0.3812,0.68424,0.38272,0.057637,-0.017518,-0.26458,0.53773,0.024648,0.47156,-0.38219,-0.1904,-0.33911,-0.44272,-0.50403,-0.79254,-0.20508,-0.17458,0.0026905,-0.44323,0.38548,0.38842,0.14093,-0.15682,0.091883,0.16336,0.32472,0.57631,-0.07932,-0.42388,0.52344,0.17063,-0.051919,-0.5111,-0.63442,-0.61325,-0.3542,-0.27077,0.76259,0.14944,0.15177,-0.15196,-0.19299,-0.46987
0.034883,-0.69804,-0.16309,-0.41143,0.40761,0.2384,-0.035813,-0.76151,-0.28203,-0.7855,-0.81618,-0.4317,-0.00026163,0.05097,0.34573,1.0214,0.83793,1.2102,-0.20993,0.74041,0.79476,0,0.076565,1.0407,-0.49319,-0.63447,0.55726,1.4694,-0.32968,-0.64433,-0.48177,-0.61178,0.044222,0.30081,-0.16903,-0.37501,-0.44802,-0.70305,-0.36079,-0.78985,0.45472,0.24227,-0.47516,-0.11309,-0.2932,-0.36883,-0.18229,-0.026945,0.71362,0.094367,-0.029681,0.59973,0.48272,0.20326,0.083363,0.48733,0.40112,0.38434,0.33187,0.058956,0.22203,0.66256,0.7194,0.66985,0.17365,0.010157,-0.11913,-0.57517,0.10196,-0.25374,0.071573,-0.28224,-0.22601,-0.14518,-0.32124,-0.72564,-0.71491,0.084941,0.048632,0.016438,-0.27845,0.14669,0.19215,0.19379,-0.02186,-0.017022,0.19742,0.0036339,0.22117,-0.15664,-0.11156,0.39453,0.30273,-0.39419,-0.39607,-0.018715,0.062467,0.28548,0.3254,1.0881,0.67817,0.66437,0.55023,-0.34782,-0.1062
0.67545,-0.039307,-0.52125,-0.43196,0.7208,-0.10542,0.69486,0.11131,0.3713,0.30941,0.18738,-0.19838,0.15303,-0.077875,0.023524,-0.15185,0.30347,0.35914,0.20305,-0.23024,0.45467,0.076565,0,0.35049,0.13854,0.27663,0.35612,0.1314,0.65282,0.48493,0.046922,0.15932,-0.10768,0.018846,0.095011,0.17292,-0.14837,-0.063828,0.80845,0.086086,0.84498,0.62104,0.087784,0.4458,-0.25145,-0.023202,-0.12176,-0.14787,0.011378,-0.18084,-0.31873,0.12037,0.16541,-0.26201,-0.080141,0.28599,0.24911,0.28481,0.14878,0.048988,-0.26407,0.22486,-0.013557,0.14211,0.33021,-0.21196,-0.23675,-0.21018,0.12806,-0.028133,0.16079,-0.25748,-0.093734,-0.23887,-0.13945,0.056506,-0.26444,-0.22556,-0.2826,-0.14624,-0.29483,0.013735,-0.029523,0.18761,-0.057142,0.25423,0.067666,0.058593,0.17653,-0.16036,-0.14094,0.062748,-0.37781,0.094521,-0.3742,-0.61802,-0.78882,-0.051933,-0.57139,0.13344,-0.088528,0.00094241,-0.30722,-0.12385,-0.57272
0.095503,-0.32251,-0.15077,-0.5811,0.31016,0.34965,-0.074064,-0.51341,-0.076842,-0.45713,-0.5082,-0.23045,0.095542,0.053824,0.27052,0.6304,0.63921,0.66383,0.05576,0.57291,0.85829,1.0407,0.35049,0,-0.3817,-0.38762,0.67264,0.84913,-0.099701,-0.25155,-0.51042,-0.5792,0.070414,0.25192,-0.10442,-0.26604,-0.30166,-0.66229,-0.19041,-0.49612,0.48825,0.61661,-0.45971,0.10535,-0.4993,-0.41062,0.024508,0.1326,0.45005,0.16936,0.035941,0.4697,0.7105,0.40973,0.4217,0.68685,0.45765,0.4814,0.48817,0.20002,0.18804,0.52552,0.46247,0.58891,0.19929,0.1283,0.026015,-0.46061,0.28829,-0.28275,0.11466,-0.22385,-0.12879,-0.23122,-0.13747,-0.38953,-0.5139,0.22821,0.18691,0.34187,-0.062141,0.0015163,0.0093247,0.40288,0.045637,0.33957,0.52235,0.25848,0.50268,-0.15242,-0.074285,0.4711,0.48167,-0.080465,-0.12251,-0.067394,-0.043426,0.16202,0.31198,0.71308,0.49261,0.34543,0.24348,-0.056643,-0.071027
0.32799,0.10291,0.27709,0.48246,0.093001,-0.46117,0.36838,0.291,0.88744,0.77712,0.81598,0.32595,-0.44936,-0.70718,0.23589,-0.21416,0.063805,-0.25032,0.44811,-0.45718,-0.20099,-0.49319,0.13854,-0.3817,0,1.0574,-0.11811,-0.4748,0.45534,0.49212,0.5566,0.57594,-0.59283,-0.90282,-0.21175,-0.33193,0.42554,0.42517,0.61251,0.74303,0.10584,0.1247,0.8085,0.39095,0.1538,0.30732,-0.14134,-0.25225,-0.11488,-0.65444,-0.71182,-0.21695,-0.27506,-0.31325,-0.082998,-0.053324,0.085261,0.051109,-0.077529,0.32353,0.020148,-0.32115,-0.57897,-0.31712,-0.082038,-0.15369,-0.12859,0.92636,0.053625,0.18511,0.31279,0.26147,0.29453,-0.47224,-0.15271,0.56432,0.63174,-0.46128,-0.54637,-0.28218,-0.045375,0.17082,-0.017089,-0.12018,-0.058668,0.070668,-0.30382,-0.12339,-0.21957,-0.21732,-0.31974,0.11148,-0.29892,0.77437,0.29153,-0.028408,-0.041621,-0.12641,-0.16198,-0.31031,-0.40975,-0.27065,-0.40507,0.35218,0.13492
0.19406,0.29971,-0.02785,0.19707,-0.033241,-0.22778,0.40356,0.73092,0.57113,1.3086,0.94899,0.25549,-0.2566,-0.51386,-0.08621,-0.37781,-0.14701,-0.41714,0.33859,-0.62298,-0.20869,-0.63447,0.27663,-0.38762,1.0574,0,-0.18102,-0.6403,0.57855,0.66537,0.67166,1.052,-0.30503,-0.63553,0.059873,0.074522,0.84737,0.87062,0.73143,0.85304,0.10298,0.36209,1.223,0.91697,0.1629,0.20647,-0.013316,-0.096493,-0.18381,-0.55976,-0.54032,-0.23367,-0.3941,-0.34337,-0.16726,-0.027193,0.17251,0.058702,-0.020173,0.10742,-0.25135,-0.42398,-0.69297,-0.19182,0.14177,-0.0032369,0.019066,0.83671,0.10604,0.57731,0.50291,0.20485,0.29454,-0.19629,-0.10366,0.27784,0.40665,-0.46424,-0.42364,-0.21159,-0.068262,-0.1382,-0.27038,-0.22849,-0.27772,0.10325,-0.37406,0.032429,-0.040577,-0.093475,-0.37688,-0.046233,-0.28322,0.62276,0.34834,-0.22865,-0.27273,-0.21216,-0.40435,-0.53055,-0.46773,-0.55106,-0.57941,0.23811,-0.067888
0.58424,-0.3589,-0.36276,-0.40229,0.8296,0.062768,0.23995,-0.55693,0.28617,-0.40299,-0.5414,-0.43724,-0.26398,-0.38244,0.76171,0.43587,1.1628,0.74116,-0.30663,0.35916,1.5097,0.55726,0.35612,0.67264,-0.11811,-0.18102,0,0.75485,0.49915,0.28479,-0.44552,-0.37045,-0.49291,-0.11066,-0.44253,-0.51945,-0.65798,-0.65043,0.039868,-0.40255,0.97256,0.72802,-0.24871,0.15671,-0.49656,-0.46213,0.082025,0.023324,0.58669,-0.20284,-0.27348,0.43174,0.57009,0.20295,0.21266,0.53913,0.53641,0.39492,0.27094,0.45581,0.15888,0.20303,0.13526,0.36433,0.17843,0.010818,-0.028053,-0.20073,0.48938,-0.057535,0.34092,-0.45968,-0.31494,-0.29635,-0.4592,-0.22238,-0.45391,-0.27421,-0.25247,0.017971,-0.35709,0.38376,0.39644,0.25615,0.024653,-0.0024123,0.044827,0.29471,0.55127,0.036768,-0.32203,0.54194,0.15092,0.13713,-0.33987,-0.67383,-0.52848,-0.5097,-0.23892,0.497,-0.11989,0.042567,-0.32071,-0.084435,-0.38682
0.20039,-0.6314,-0.3708,-0.43075,0.51762,0.00058654,0.052768,-0.85728,-0.12035,-0.84181,-0.71363,-0.28625,-0.063651,0.025492,0.44406,0.77997,0.80291,1.2977,-0.24765,0.68723,0.87961,1.4694,0.1314,0.84913,-0.4748,-0.6403,0.75485,0,-0.2279,-0.46998,-0.47228,-0.65576,-0.02918,0.22003,-0.16521,-0.32979,-0.68299,-0.67116,-0.21542,-0.59419,0.51259,0.29585,-0.52801,-0.20977,-0.15158,-0.25823,-0.22967,-0.14871,0.59305,-0.042854,-0.07281,0.35447,0.27865,-0.027285,-0.10847,0.19842,0.15392,0.16011,0.048432,0.076502,0.15736,0.46975,0.60905,0.43441,0.10332,-0.18257,-0.29935,-0.50618,0.23508,-0.34546,-0.082783,-0.37949,-0.35764,-0.14739,-0.43437,-0.47922,-0.62225,-0.0032309,-0.0043397,0.071625,-0.17271,0.16524,0.27787,0.17291,-0.071576,-0.0070377,0.11487,-0.020546,0.12126,-0.12579,0.032827,0.21747,0.097525,-0.31437,-0.42226,-0.086925,-0.049041,0.18365,0.21699,0.69091,0.34193,0.35473,0.27016,-0.34763,-0.23514
0.84275,0.037671,-0.33659,-0.17138,0.60291,-0.11122,0.58707,0.095985,0.46405,0.34883,0.13542,-0.38354,-0.27042,-0.58474,0.24596,-0.2552,0.33074,0.040395,-0.11189,-0.39195,0.43327,-0.32968,0.65282,-0.099701,0.45534,0.57855,0.49915,-0.2279,0,1.4789,0.27839,0.47296,-0.56687,-0.39969,-0.16162,-0.12284,-0.089399,0.019255,0.61587,0.083983,0.71164,0.57556,0.50219,0.66971,-0.20665,-0.0036991,0.20168,0.043597,0.17708,-0.41269,-0.47461,0.17995,0.21782,-0.037988,0.050087,0.36557,0.49877,0.37484,0.23918,0.30276,-0.12733,-0.18945,-0.36028,0.10685,0.33997,0.12028,0.15611,0.19756,0.17935,0.5085,0.64903,-0.018401,0.13809,-0.2941,-0.094051,0.11861,-0.14961,-0.59818,-0.54412,-0.28074,-0.4452,0.37677,0.24754,-0.062811,-0.11165,-0.019586,-0.22138,0.29262,0.43847,0.067378,-0.4228,0.23881,-0.24062,0.38478,-0.27057,-0.91072,-0.9354,-0.79055,-0.89498,-0.0061286,-0.41026,-0.26003,-0.81097,0.14065,-0.38207
0.53091,0.26381,-0.25735,-0.066682,0.23005,-0.22736,0.338,0.273,0.48239,0.54966,0.28537,-0.15528,-0.21155,-0.49619,0.17715,-0.45425,0.005515,-0.28522,-0.051012,-0.63512,0.18472,-0.64433,0.48493,-0.25155,0.49212,0.66537,0.28479,-0.46998,1.4789,0,0.36203,0.57228,-0.43209,-0.42541,-0.072562,0.053426,0.076492,0.21745,0.50561,0.23928,0.35358,0.38329,0.48679,0.58221,-0.091553,0.086541,0.18616,0.023657,-0.1139,-0.32732,-0.29203,0.0012556,-0.017608,-0.11655,0.023787,0.15003,0.21116,0.14172,0.10083,0.20768,-0.18752,-0.23082,-0.44449,-0.076537,0.2756,0.070644,0.13222,0.37741,0.30376,0.49037,0.47125,0.059406,0.18066,-0.16272,-0.037776,0.24942,0.019452,-0.52244,-0.4734,-0.20197,-0.28777,0.25284,0.17413,-0.14153,-0.14677,-0.0015273,-0.20449,0.22406,0.25859,0.095291,-0.29428,0.11671,-0.1747,0.49019,-0.075065,-0.76225,-0.81789,-0.90378,-0.82962,-0.2438,-0.55455,-0.42693,-0.91676,0.21114,-0.27623
0.12897,0.30551,0.11435,0.45658,-0.25982,-0.36177,0.041765,0.24787,0.045796,0.44582,0.42929,0.14163,-0.45196,-0.39962,-0.0086505,-0.069081,-0.36433,-0.3554,-0.11116,-0.28946,-0.35966,-0.48177,0.046922,-0.51042,0.5566,0.67166,-0.44552,-0.47228,0.27839,0.36203,0,1.3796,-0.028556,-0.43426,0.41901,0.24635,0.557,0.76722,0.24203,0.36566,-0.18045,-0.058677,0.97209,0.47308,0.75147,0.94464,-0.27026,-0.32625,-0.19934,-0.48577,-0.28707,-0.028264,-0.48331,-0.34081,-0.25322,-0.25675,-0.11844,-0.22607,-0.2098,0.17454,0.14963,-0.15249,-0.02782,0.070149,0.5498,-0.031689,-0.032612,0.49406,-0.18085,0.6949,0.14693,0.79843,0.62232,-0.10815,0.027838,0.068111,0.19893,-0.58628,-0.50576,-0.41608,-0.039085,0.25188,0.28317,-0.75322,-0.32566,-0.26543,-0.44562,-0.3883,-0.36288,-0.25137,-0.027373,-0.09544,-0.10556,0.2898,0.096944,0.086938,0.059193,-0.11834,-0.13156,-0.19786,0.10463,-0.047279,-0.025451,0.18386,0.28198
0.12857,0.36548,-0.039113,0.30113,-0.21501,-0.32458,0.17431,0.51412,0.07268,0.78082,0.51242,-0.0083514,-0.31261,-0.42474,-0.14537,-0.26764,-0.35447,-0.43884,-0.11762,-0.53362,-0.31413,-0.61178,0.15932,-0.5792,0.57594,1.052,-0.37045,-0.65576,0.47296,0.57228,1.3796,0,-0.059633,-0.42303,0.3878,0.35001,0.77172,1.0566,0.42046,0.43147,-0.050437,0.041485,1.3556,0.77059,0.5221,0.58154,-0.1826,-0.23584,-0.16014,-0.46272,-0.32191,0.0033281,-0.51698,-0.38273,-0.28988,-0.13784,0.052679,-0.10693,-0.075106,0.029457,-0.1561,-0.22153,-0.21131,0.012104,0.51172,-0.005332,0.022339,0.56114,-0.13306,0.88524,0.39199,0.46838,0.45892,-0.0061827,-0.068977,-0.029423,0.14805,-0.65316,-0.55723,-0.52455,-0.19541,0.04082,0.032335,-0.5887,-0.32272,-0.26674,-0.47349,-0.2417,-0.23289,-0.15661,-0.223,-0.054567,-0.13802,0.32516,0.11152,-0.20283,-0.20998,-0.28171,-0.3996,-0.29065,-0.10719,-0.21764,-0.24619,0.14115,0.078295
-0.90243,-0.035122,-0.067573,-0.15255,-0.67605,0.10197,-0.5606,-0.012374,-0.58712,-0.093779,-0.031748,0.046375,0.93371,1.2016,-0.47267,-0.023936,-0.51979,-0.1741,0.076174,0.099508,-0.26488,0.044222,-0.10768,0.070414,-0.59283,-0.30503,-0.49291,-0.02918,-0.56687,-0.43209,-0.028556,-0.059633,0,1.2211,1.0457,0.97554,0.16577,0.078395,-0.36204,-0.14957,-0.5432,-0.3299,-0.31945,-0.28717,0.065803,-0.10944,0.1838,0.27444,-0.25207,0.84341,1.0706,-0.1135,-0.23277,0.016166,-0.11066,-0.28559,-0.401,-0.25924,-0.13082,-0.69222,-0.2981,0.23961,0.47989,0.067456,0.14977,0.15283,0.169,-0.1809,-0.10218,-0.077189,-0.268,0.13658,0.069371,0.22968,0.36428,-0.30794,-0.19939,0.78722,0.91033,0.48854,0.50737,-0.30436,-0.25143,0.10249,0.054708,0.24354,0.51213,0.13447,-0.063003,-0.041136,0.23811,-0.45179,0.13525,-0.56384,0.086059,0.33764,0.15541,0.2366,0.12065,-0.03277,0.48057,0.038481,0.49697,-0.16916,-0.040337
-0.62186,-0.32902,-0.20027,-0.39181,-0.19662,0.29728,-0.33314,-0.20492,-0.50262,-0.3553,-0.33249,-0.25106,1.1124,1.2711,-0.29645,0.068203,-0.10599,0.19172,-0.070618,0.18412,0.058479,0.30081,0.018846,0.25192,-0.90282,-0.63553,-0.11066,0.22003,-0.39969,-0.42541,-0.43426,-0.42303,1.2211,0,0.51425,0.60264,-0.25926,-0.35937,-0.39471,-0.46116,-0.17659,-0.18952,-0.67903,-0.41262,-0.28256,-0.48985,0.36669,0.49292,-0.062832,1.0083,0.94429,0.081174,0.095774,0.16356,-0.025825,-0.012586,-0.12107,0.018108,0.072024,-0.62512,-0.28248,0.32416,0.51992,0.17824,0.10327,0.26079,0.2691,-0.49931,-0.052871,-0.20851,-0.18873,-0.14421,-0.14214,0.22655,0.37538,-0.4001,-0.49367,0.85404,0.92449,0.46961,0.21469,-0.11276,-0.1265,0.35224,0.21116,0.17343,0.52737,0.36513,0.2411,0.14419,0.17002,-0.33666,0.057526,-0.90414,-0.25701,0.043137,-0.066806,0.12294,-0.027436,0.23226,0.44586,0.22392,0.4648,-0.36745,-0.30401
-0.33797,0.27647,-0.11382,0.016334,-0.53484,-0.11037,-0.33094,0.038413,-0.43038,0.077606,0.19074,0.0069271,0.53485,0.59192,-0.27639,-0.053856,-0.52774,-0.30103,0.062166,-0.056508,-0.22593,-0.16903,0.095011,-0.10442,-0.21175,0.059873,-0.44253,-0.16521,-0.16162,-0.072562,0.41901,0.3878,1.0457,0.51425,0,1.1899,0.32293,0.324,-0.074475,0.020912,-0.35355,-0.20462,0.13493,0.072217,0.28135,0.2169,0.063868,0.038426,-0.18338,0.4289,0.64506,-0.10945,-0.36664,-0.19634,-0.25892,-0.3064,-0.38267,-0.22913,-0.14043,-0.43929,-0.26947,0.085346,0.32418,0.069484,0.37505,0.061939,0.083597,0.021769,-0.12486,0.19334,-0.083112,0.34867,0.3133,0.10659,0.22553,-0.19299,-0.091948,0.20949,0.34128,0.19849,0.34648,-0.16198,-0.045005,-0.27663,-0.22018,0.20655,0.16829,-0.0098501,-0.18227,-0.088588,0.1477,-0.25625,0.12897,-0.21271,0.05295,0.20982,-0.07366,0.081292,-0.12793,-0.13733,0.33987,-0.12228,0.20825,-0.037086,-0.08693
-0.37443,0.38716,-0.31715,-0.11606,-0.51136,-0.094632,-0.11242,0.41817,-0.35117,0.25309,0.30676,0.06266,0.73214,0.75771,-0.48183,-0.3669,-0.77804,-0.40665,0.0013747,-0.34719,-0.36382,-0.37501,0.17292,-0.26604,-0.33193,0.074522,-0.51945,-0.32979,-0.12284,0.053426,0.24635,0.35001,0.97554,0.60264,1.1899,0,0.29733,0.49118,0.092775,0.17905,-0.32278,-0.21546,0.06121,0.056835,0.30221,0.15939,0.11529,0.13077,-0.44786,0.44836,0.63436,-0.28108,-0.53485,-0.35522,-0.39967,-0.44215,-0.48781,-0.31942,-0.24732,-0.6822,-0.56321,-0.032954,0.15998,-0.086809,0.2909,-0.0039915,0.061988,-0.038415,-0.04089,0.10645,-0.20646,0.13138,0.11986,0.4755,0.31248,-0.070889,-0.06419,0.23228,0.34033,0.15177,0.21689,-0.37834,-0.24238,-0.22446,-0.20635,0.078549,0.068699,0.065384,-0.1669,0.1344,0.32093,-0.5616,-0.1145,-0.34854,-0.034922,-0.027921,-0.2412,0.039483,-0.3009,-0.38721,0.024934,-0.29845,-0.024519,-0.20878,-0.27171
-0.41476,0.36719,0.22096,0.24261,-0.67064,-0.0065617,-0.15709,0.74876,-0.013738,0.86522,0.637,0.32729,-0.023217,-0.10016,-0.36647,-0.20469,-0.57534,-0.69744,0.35658,-0.38268,-0.53618,-0.44802,-0.14837,-0.30166,0.42554,0.84737,-0.65798,-0.68299,-0.089399,0.076492,0.557,0.77172,0.16577,-0.25926,0.32293,0.29733,0,1.0598,0.10196,0.51816,-0.45172,-0.066038,0.70735,0.52465,0.21143,0.1997,-0.13532,-0.088311,-0.25223,-0.081173,-0.028923,-0.16036,-0.42118,-0.11064,-0.0048518,-0.065417,-0.015127,-0.087234,0.038242,-0.12707,-0.18555,-0.14638,-0.31125,-0.083367,0.10178,0.05602,0.042242,0.6658,0.059599,0.48193,0.24017,0.29752,0.30242,0.041992,0.0041348,-0.0091463,0.35547,-0.0568,-0.035434,-0.058432,0.16409,-0.43047,-0.48041,-0.30919,-0.27036,0.11282,-0.1163,-0.15422,-0.24271,-0.22256,-0.20736,-0.10506,0.11016,0.28809,0.56145,0.28114,0.19247,0.19404,0.033427,-0.45896,-0.061899,-0.2934,-0.015369,0.27474,0.29556
-0.17158,0.49913,-0.0039563,0.35531,-0.51676,-0.40476,0.10741,0.93193,0.089998,0.93251,0.77421,0.4024,-0.15652,-0.14915,-0.36222,-0.41543,-0.72653,-0.66105,0.074422,-0.51158,-0.66415,-0.70305,-0.063828,-0.66229,0.42517,0.87062,-0.65043,-0.67116,0.019255,0.21745,0.76722,1.0566,0.078395,-0.35937,0.324,0.49118,1.0598,0,0.40683,0.84108,-0.3449,-0.14714,0.85699,0.42699,0.75156,0.58717,-0.28053,-0.28491,-0.42445,-0.38501,-0.18854,-0.36818,-0.96242,-0.56972,-0.42892,-0.54181,-0.32044,-0.47731,-0.4202,-0.19051,-0.32527,-0.33602,-0.28709,-0.25391,0.15524,-0.23416,-0.17593,0.66851,-0.014812,0.39128,0.033008,0.24647,0.17987,0.31833,-0.083717,0.14638,0.46652,-0.3318,-0.26839,-0.30099,0.091347,-0.40218,-0.32853,-0.4731,-0.28116,-0.21463,-0.33706,-0.32306,-0.52735,-0.093765,0.08275,-0.42444,-0.26232,0.23032,0.34973,0.046424,0.050336,0.047538,-0.096705,-0.75248,-0.3424,-0.52379,-0.28081,0.054412,0.1222
0.69212,0.15389,-0.43278,-0.09985,0.47259,-0.42731,1.1608,0.4764,0.62892,0.66057,0.76995,0.16469,-0.06038,-0.2776,-0.11103,-0.53211,0.057005,0.041103,0.30778,-0.52277,-0.018338,-0.36079,0.80845,-0.19041,0.61251,0.73143,0.039868,-0.21542,0.61587,0.50561,0.24203,0.42046,-0.36204,-0.39471,-0.074475,0.092775,0.10196,0.40683,0,0.75904,0.56759,0.40798,0.52534,0.43416,0.17402,0.28292,-0.17969,-0.26389,-0.088396,-0.5292,-0.64838,-0.32286,-0.27293,-0.64339,-0.3476,-0.14188,0.007389,0.032947,-0.21596,0.0048063,-0.48234,-0.31734,-0.44195,-0.33327,-0.028465,-0.42843,-0.35763,0.22341,-0.018269,-0.066989,0.055171,-0.1732,-0.084308,-0.1456,-0.17658,0.50685,0.26044,-0.34931,-0.42726,-0.23767,-0.13246,-0.24438,-0.33439,0.09065,-0.085335,0.12844,-0.24197,-0.00058373,-0.09119,-0.11298,-0.019714,-0.15298,-0.77393,0.39986,-0.016086,-0.41026,-0.45579,-0.00076141,-0.48294,-0.39023,-0.61575,-0.47545,-0.74692,0.091559,-0.29822
0.03428,0.51031,0.1159,0.42112,-0.19714,-0.32618,0.33883,0.86097,0.70747,0.90385,1.5109,1.0236,-0.11415,-0.13146,-0.1939,-0.55666,-0.42578,-0.53933,0.4929,-0.41244,-0.623,-0.78985,0.086086,-0.49612,0.74303,0.85304,-0.40255,-0.59419,0.083983,0.23928,0.36566,0.43147,-0.14957,-0.46116,0.020912,0.17905,0.51816,0.84108,0.75904,0,-0.18573,0.09949,0.49014,0.20066,0.40867,0.36576,-0.063826,-0.14984,-0.64396,-0.41277,-0.33022,-0.85501,-0.66016,-0.47926,-0.22858,-0.59644,-0.40364,-0.41649,-0.55839,0.078894,-0.17783,-0.65283,-0.68901,-0.68963,-0.2593,-0.29242,-0.19863,0.66588,0.0026609,-0.069942,-0.20676,0.11446,0.042476,0.033162,0.050625,0.94302,1.1312,-0.087349,-0.10078,0.083039,0.40373,-0.38815,-0.43043,-0.03418,-0.0071983,0.1407,-0.25059,-0.089543,-0.3504,-0.001272,0.17405,-0.42827,-0.49124,0.55042,0.60332,0.13194,0.12246,0.09759,-0.040141,-1.1349,-0.70905,-0.7516,-0.51431,0.22449,0.072594
0.96101,-0.34412,-0.60593,-0.5436,1.2933,-0.051438,0.93411,-0.20748,0.30663,-0.10477,-0.16665,-0.5396,-0.15595,-0.40216,0.4628,0.24192,1.0755,0.84777,-0.14995,0.0023998,1.036,0.45472,0.84498,0.48825,0.10584,0.10298,0.97256,0.51259,0.71164,0.35358,-0.18045,-0.050437,-0.5432,-0.17659,-0.35355,-0.32278,-0.45172,-0.3449,0.56759,-0.18573,0,0.82292,0.11212,0.46962,-0.28448,-0.19457,-0.05177,-0.049646,0.61023,-0.34565,-0.58422,0.36539,0.39411,-0.1365,-0.089841,0.58258,0.6853,0.65805,0.34804,0.21586,-0.13964,0.15709,0.074123,0.39234,0.31252,-0.07241,-0.11046,-0.26122,0.19465,-0.01889,0.44438,-0.32893,-0.11091,-0.263,-0.35688,-0.16563,-0.49313,-0.46014,-0.51068,-0.27993,-0.72272,0.23888,0.17043,0.11733,-0.17489,-0.0057945,-0.14743,0.24207,0.45771,-0.0090765,-0.32317,0.45228,-0.17771,0.078589,-0.57026,-0.90831,-0.77454,-0.25313,-0.45996,0.49714,-0.10062,0.081306,-0.41596,-0.20805,-0.53771
0.49278,-0.035085,-0.39592,-0.48957,0.56972,0.29547,0.48052,0.04063,0.41937,0.097036,0.054804,-0.055989,-0.19502,-0.36601,0.21625,0.15617,0.58763,0.38367,0.025422,0.06008,0.65815,0.24227,0.62104,0.61661,0.1247,0.36209,0.72802,0.29585,0.57556,0.38329,-0.058677,0.041485,-0.3299,-0.18952,-0.20462,-0.21546,-0.066038,-0.14714,0.40798,0.09949,0.82292,0,0.19671,0.79749,-0.3126,-0.27398,0.24514,0.24216,0.21344,-0.34099,-0.47105,0.1465,0.34311,0.092675,0.15544,0.54945,0.68054,0.5688,0.38373,0.41041,0.041163,-0.17284,-0.22944,0.3103,0.30353,0.26567,0.19987,-0.071617,0.27064,0.23226,0.44207,-0.080033,0.052274,-0.26289,-0.060678,-0.027755,-0.23383,-0.2261,-0.17771,0.2047,-0.20092,0.025007,-0.051357,0.17376,-0.18052,0.25807,-0.11454,0.49346,0.78025,0.098804,-0.2292,0.29041,0.040462,0.2903,-0.012617,-0.49096,-0.42582,-0.2333,-0.21438,0.1106,-0.11518,-0.16715,-0.42161,0.0328,-0.30888
0.28548,0.30313,0.0017569,0.24529,-0.064767,-0.27762,0.3896,0.47152,0.1971,0.68506,0.56998,-0.022853,-0.43643,-0.62242,-0.053844,-0.18434,-0.12936,-0.31621,0.00097307,-0.51949,-0.22045,-0.47516,0.087784,-0.45971,0.8085,1.223,-0.24871,-0.52801,0.50219,0.48679,0.97209,1.3556,-0.31945,-0.67903,0.13493,0.06121,0.70735,0.85699,0.52534,0.49014,0.11212,0.19671,0,1.0045,0.49231,0.51006,-0.054948,-0.10085,0.052643,-0.65873,-0.59402,-0.0078421,-0.37568,-0.35844,-0.31268,0.0080444,0.26592,0.15078,0.093726,0.084896,-0.1639,-0.474,-0.3936,0.042433,0.35362,0.11769,0.13314,0.62381,-0.14238,0.77607,0.60918,0.49907,0.57241,-0.01513,-0.022136,0.049117,0.20759,-0.75884,-0.63851,-0.50706,-0.31252,0.028438,-0.050395,-0.55979,-0.41202,-0.20736,-0.53699,-0.042892,-0.063479,-0.0044569,-0.20919,0.047473,-0.12785,0.36716,0.092635,-0.18681,-0.1822,-0.16908,-0.23837,-0.27205,-0.19837,-0.30909,-0.40919,0.14454,0.06608
0.35938,0.24207,-0.20686,-0.18286,0.17104,0.12119,0.43745,0.41623,0.18726,0.52707,0.2796,-0.2201,-0.27601,-0.53316,0.026363,0.015187,0.15168,-0.054227,-0.034461,-0.34555,0.2263,-0.11309,0.4458,0.10535,0.39095,0.91697,0.15671,-0.20977,0.66971,0.58221,0.47308,0.77059,-0.28717,-0.41262,0.072217,0.056835,0.52465,0.42699,0.43416,0.20066,0.46962,0.79749,1.0045,0,0.033435,0.077393,0.12856,0.14464,0.16019,-0.4595,-0.52102,0.24709,0.028861,-0.079546,-0.054487,0.48931,0.72142,0.54423,0.50365,0.17779,-0.1282,-0.23747,-0.29396,0.39614,0.60826,0.35508,0.30883,0.24605,0.10307,0.82424,0.91091,0.26055,0.45106,-0.0025741,-0.0046779,-0.19536,-0.15077,-0.62827,-0.5018,-0.27462,-0.50291,-0.0016328,-0.068652,-0.343,-0.46616,-0.031118,-0.3473,0.2479,0.41192,0.11726,-0.32273,0.26248,0.099628,0.26165,-0.054604,-0.50294,-0.4867,-0.24909,-0.32786,-0.0085946,-0.061733,-0.18984,-0.41996,-0.001239,-0.19901
