,,,,,,,,,,,,,,,,,,,,,,,,,,,,,,,,,,,,,,,,,,,,,,,,,,,,,,,,,,,,,,,,,,,,,,,,,,,,,,,,,,,,,,,,,,,,,,,,,,,,,,,,
0,0.39798,0.0073037,-0.0084494,0.64084,0.39842,0.044001,-0.10572,0.38131,-0.097922,-0.11211,0.27924,0.04419,0.20406,0.31321,0.40934,0.073361,0.14672,-0.1437,0.3603,0.41899,0.25336,0.29071,0.45789,-0.01104,0.044326,0.51632,0.47486,-0.35335,-0.037809,-0.27034,-0.18658,-0.025841,-0.082407,-0.29998,-0.10567,-0.64039,-0.33685,-0.25665,0.09429,0.37721,0.51819,-0.0069406,0.23452,0.3666,0.33827,-0.34437,-0.1781,0.32449,-0.0051617,-0.26541,0.32283,0.64321,0.4765,0.061973,0.41627,0.47296,0.23562,0.17526,0.1555,0.40675,-0.2219,-0.29535,-0.057112,0.026335,-0.40595,-0.57431,-0.32421,-0.52014,-0.30578,-0.38995,0.11832,-0.10627,-0.41137,-0.45163,0.01434,0.0050637,-0.19634,-0.13633,-0.22392,-0.089597,-0.20442,-0.26403,0.044293,0.048246,-0.14335,-0.084036,0.22737,0.23652,0.23583,0.23708,0.41842,0.38359,0.025221,0.23339,0.41134,0.39231,0.12013,0.19088,-0.09707,-0.16401,-0.11537,-0.077781,0.12648,-0.020065
0.39798,0,-0.00033831,-0.0042213,-0.31553,0.47876,-0.29196,0.63449,0.12204,0.33117,0.10631,0.2682,-0.048283,-0.017527,-0.32544,-0.13499,-0.1757,-0.47825,-0.12776,-0.17108,-0.4197,-0.4221,-0.40135,0.010778,0.058293,-0.10372,-0.088315,-0.40062,-0.13323,0.52669,0.24832,0.50412,-0.23456,-0.082327,-0.013365,0.39399,-0.15122,0.1288,-0.071494,0.27384,-0.1816,0.256,0.093573,0.70749,0.45058,0.37378,-0.13352,-0.23809,-0.12884,-0.08978,-0.041736,-0.21143,-0.1243,0.24912,0.24342,-0.16591,-0.1593,-0.026239,-0.10789,0.073636,0.31762,0.33839,0.22027,0.25731,0.35463,-0.02224,-0.19093,0.15505,0.10702,0.34396,0.19135,0.47712,0.44071,0.35029,0.35474,-0.085264,0.19318,-0.19347,-0.17316,-0.33904,-0.16629,-0.20103,-0.42458,-0.16469,-0.39154,-0.23948,-0.30989,-0.14363,-0.21746,0.40655,0.47979,-0.42153,-0.13193,-0.17477,0.39806,0.34612,0.43863,-0.35189,0.24549,-0.19018,0.27208,-0.23054,-0.035965,-0.1099,-0.062454
0.0073037,-0.00033831,0,2.0121,0.070073,-0.033504,0.033792,0.28087,0.30358,0.71922,0.33151,0.53633,0.5384,0.27253,0.45271,0.13488,0.85443,0.75967,1.0056,0.43534,-0.32013,-0.34651,0.24876,0.18596,0.69059,1.0253,0.15409,-0.19589,-0.1805,-0.084142,0.021636,-0.13946,0.17122,-0.059824,-0.32633,-0.31446,0.21841,0.7298,1.0345,0.884,0.03264,0.47879,-0.6908,-0.49226,0.26469,0.54849,-0.0036243,0.024597,-0.4534,0.43538,0.22985,0.055723,0.24147,0.31896,0.6708,-0.48671,-0.51876,0.34349,-0.1336,1.1425,0.7629,-0.048113,-0.016425,0.17302,-0.059792,-0.035185,-0.16682,-0.3273,0.027613,0.13063,0.15333,0.29828,0.57587,0.29685,0.42612,1.3169,1.0818,1.4457,1.7041,0.96371,1.2682,1.3099,0.65811,1.102,0.76713,1.1052,0.53994,0.3459,0.28835,0.32473,0.13791,-0.086094,-0.37935,-0.003916,-0.040641,0.35754,0.36967,0.24919,0.14456,0.18176,-0.1293,0.49151,0.16112,-0.3887,-0.12338
-0.0084494,-0.0042213,2.0121,0,0.03983,-0.075661,0.14502,0.26263,0.33562,0.72256,0.36872,0.54024,0.44421,0.17969,0.43088,0.1254,0.77542,0.71627,0.86174,0.39399,-0.28074,-0.33019,0.29063,0.18591,0.71268,0.90466,0.12853,-0.24717,-0.097695,-0.05124,0.11638,-0.089434,0.13886,-0.1014,-0.29467,-0.29465,0.20755,0.67666,0.85525,0.76654,0.10776,0.42123,-0.52236,-0.43537,0.22929,0.49201,-0.0022782,0.066337,-0.33749,0.30893,0.13713,0.083638,0.27486,0.38175,0.79492,-0.42101,-0.42981,0.40367,-0.0089241,1.0078,0.75157,-0.04082,-0.02805,0.3003,0.028988,0.032206,-0.069455,-0.24315,0.0062267,0.18469,0.16026,0.33873,0.61758,0.35121,0.4736,1.1043,1.0107,1.2161,1.4247,0.77112,1.0156,1.2198,0.69468,1.1372,0.85493,0.97863,0.43954,0.38681,0.32308,0.26657,0.069189,-0.037417,-0.31741,0.10392,-0.020557,0.3257,0.36095,0.34018,0.22167,0.30636,-0.019312,0.61711,0.12714,-0.27516,-0.0087442
0.64084,-0.31553,0.070073,0.03983,0,0.33685,0.037216,-0.63977,0.29174,-0.41488,0.067724,0.22716,0.27395,0.24585,0.55864,0.54319,0.26983,0.57442,0.027155,0.77199,0.56114,0.57014,0.46397,0.43695,-0.091876,0.29095,0.61557,0.86229,-0.33599,-0.52468,-0.49811,-0.55051,0.16209,-0.045336,-0.30346,-0.55405,-0.4596,-0.50927,-0.16855,0.032256,0.26765,0.51814,-0.11931,-0.19794,0.19345,0.22937,-0.24263,-0.027369,0.24711,0.12572,-0.20096,0.38663,0.58312,0.26172,-0.040986,0.34143,0.4188,0.30415,0.1099,0.18507,0.1933,-0.45554,-0.34418,-0.34129,-0.3723,-0.42081,-0.32589,-0.56168,-0.56755,-0.60264,-0.51268,-0.22962,-0.26347,-0.64821,-0.71704,0.26528,0.027724,0.076415,0.14593,0.12078,0.1741,0.073729,0.19264,0.24509,0.44952,0.16157,0.43731,0.35116,0.40237,-0.031376,-0.10485,0.39554,0.10846,0.096486,-0.15501,0.36775,0.21436,0.2168,-0.25082,-0.39347,-0.54632,-0.12042,-0.3108,0.051026,-0.12739
0.39842,0.47876,-0.033504,-0.075661,0.33685,0,-0.17131,0.18376,0.058922,0.089265,-0.034966,0.39691,0.19989,0.24787,0.040727,0.033116,-0.22012,-0.26007,-0.29539,0.13432,-0.23069,-0.13699,-0.19599,0.3841,-0.073178,0.12389,0.25145,0.14184,0.11116,0.45635,0.16103,0.2621,0.039672,0.18502,-0.08848,0.24261,-0.058771,0.0062979,-0.14864,0.1943,-0.0019404,0.59886,0.075467,0.72278,0.29797,0.37544,-0.21221,-0.10103,0.08886,-0.053176,-0.29367,-0.046725,0.19866,0.50284,0.20901,0.049776,0.13056,0.16064,0.15476,0.27177,0.32109,0.20631,0.12646,-0.11674,0.016418,-0.15144,-0.15547,-0.12996,-0.243,-0.077475,-0.27341,-0.0088082,0.10949,0.0019242,-0.097707,0.17982,0.15112,-0.15359,-0.14102,-0.1623,-0.092642,-0.083117,-0.28543,-0.25899,-0.32912,-0.2032,-0.17292,-0.039231,0.052791,-0.018438,0.054726,-0.26319,-0.1434,-0.31572,0.22318,0.4837,0.49476,-0.14591,0.051054,-0.63935,-0.21295,-0.44028,-0.49422,-0.24068,-0.54734
0.044001,-0.29196,0.033792,0.14502,0.037216,-0.17131,0,0.25223,0.2322,-0.0088019,0.10016,0.14812,-0.35701,-0.40402,0.045991,-0.069457,-0.095181,0.12689,0.072249,0.08194,0.15933,0.07276,0.58896,0.17001,0.49941,0.15041,0.19071,0.14979,0.40982,-0.034074,0.32301,-0.03742,-0.12222,-0.033034,-0.03425,-0.024059,0.15269,0.217,0.10741,0.15095,0.88201,0.10318,0.22949,-0.095603,-0.20524,-0.29417,-0.1653,0.012147,0.04467,-0.46999,-0.51759,-0.20635,0.34788,0.11949,0.12351,0.016738,0.18587,-0.043671,0.12076,0.03946,0.022845,-0.24824,-0.20948,0.13369,-0.047733,0.085269,0.1666,0.17953,-0.066195,0.10305,-0.0029671,-0.15355,-0.19086,-0.047905,-0.05287,0.15681,0.12746,-0.074337,-0.086187,0.0023927,-0.02296,-0.030346,-0.017024,0.11824,0.2136,0.072321,-0.040579,-0.011252,-0.057278,-0.41649,-0.34658,0.1565,0.069089,0.55417,0.039049,-0.27215,-0.32401,0.031571,0.13576,0.38993,0.031709,0.45101,0.058824,0.15606,0.12411
-0.10572,0.63449,0.28087,0.26263,-0.63977,0.18376,0.25223,0,0.32531,0.78337,0.41899,0.49894,-0.068609,-0.11293,-0.14847,-0.3048,-0.047018,-0.34772,0.2435,-0.1648,-0.61741,-0.6445,-0.10858,0.01687,0.68921,0.29032,-0.00028455,-0.50804,0.27023,0.57625,0.565,0.44346,-0.14236,-0.0088662,0.093029,0.42586,0.40346,0.87825,0.53666,0.76165,0.081753,0.27663,-0.034014,0.28655,0.20731,0.15612,-0.068766,-0.13978,-0.65264,-0.092239,0.009951,-0.59942,-0.26855,0.027384,0.25555,-0.67875,-0.6326,-0.089973,-0.22157,0.35321,0.47471,0.40101,0.35778,0.24858,0.16585,0.15362,-0.0085153,0.39929,0.40628,0.55128,0.36462,0.30042,0.46589,0.56505,0.61038,0.29868,0.59305,0.14124,0.070581,0.065249,0.16828,0.12027,-0.24746,-0.025598,-0.2704,0.099424,-0.16709,-0.1398,-0.30875,0.11337,0.18595,-0.66008,-0.48892,0.0060883,0.28568,0.065216,-0.0070265,-0.41359,0.18487,0.079881,0.15425,0.1691,0.22435,-0.44635,-0.30953
0.38131,0.12204,0.30358,0.33562,0.29174,0.058922,0.2322,0.32531,0,0.42849,0.88739,0.91732,0.27385,0.18127,0.74009,0.63553,0.49213,0.25578,0.35392,0.6255,0.37703,0.31882,0.68638,0.6865,0.67263,0.63368,0.86031,0.40203,-0.051478,-0.02346,-0.051174,-0.28589,0.19325,-0.18678,-0.14606,-0.25708,-0.15388,0.12821,0.28444,0.64794,0.5806,0.74488,-0.16394,-0.13759,0.66531,0.54933,-0.2102,-0.096044,-0.087153,0.16083,-0.037617,0.17225,0.11617,0.20199,0.16386,-0.12612,-0.11736,0.30038,0.053665,0.27173,0.98817,0.15335,0.30202,0.26815,0.15392,-0.16483,-0.2893,-0.013859,0.15173,0.08624,0.13987,0.36132,0.34116,-0.074949,-0.0084652,0.36744,0.50001,0.34284,0.23067,0.20678,0.28555,0.17322,0.037863,0.30358,0.23866,0.32609,0.18623,0.49499,0.34281,0.18853,0.18359,-0.031529,-0.3047,0.24059,-0.073685,0.29045,-0.0062598,0.061585,-0.074779,0.19333,0.02655,0.24136,0.27032,-0.26959,-0.23689
-0.097922,0.33117,0.71922,0.72256,-0.41488,0.089265,-0.0088019,0.78337,0.42849,0,0.39412,0.67381,0.21534,0.085569,0.15188,-0.031113,0.20372,-0.014534,0.33774,0.019377,-0.45204,-0.45616,-0.016683,0.2388,0.66941,0.60578,0.000333,-0.44687,0.40207,0.69029,0.50072,0.29867,0.094656,-0.032217,-0.081225,0.13766,0.35445,0.7845,0.58379,0.6986,0.044444,0.31307,-0.27583,0.014229,0.37955,0.4585,0.059005,0.0064807,-0.27363,0.088505,0.096697,-0.0038125,-0.030007,0.20853,0.4331,-0.3903,-0.65853,0.11112,-0.099338,0.55197,0.73658,0.67877,0.50465,0.49914,0.29481,0.17225,-0.010232,0.24789,0.4433,0.73149,0.56654,0.72196,1.0068,0.76137,0.83046,0.51076,0.62285,0.5199,0.48915,0.24976,0.30978,0.44257,0.0060688,0.25557,0.0065354,0.28326,-0.10311,0.13235,0.0099793,0.34379,0.16831,-0.27407,-0.31731,-0.04977,0.045579,0.25942,0.25383,0.14755,0.23053,0.44909,0.23131,0.40858,0.22912,-0.4379,-0.29596
-0.11211,0.10631,0.33151,0.36872,0.067724,-0.034966,0.10016,0.41899,0.88739,0.39412,0,0.78916,0.4261,0.13551,0.31982,0.088729,0.34763,0.10215,0.45865,0.27329,-0.10444,-0.039652,0.14158,0.047818,0.59857,0.54691,0.2374,-0.074942,0.03284,-0.0078529,0.29288,0.089555,0.38107,0.11198,0.27483,-0.026785,0.34602,0.36308,0.51386,0.66444,0.030305,0.34063,0.028991,-0.14673,0.51316,0.37493,-0.32623,-0.31439,-0.54195,0.078071,0.13316,-0.16983,-0.43754,-0.20229,0.027541,-0.73097,-0.60989,-0.055,-0.40725,0.30431,0.53776,0.27726,0.48566,0.1281,0.010555,-0.22729,-0.18511,0.28462,0.24722,0.33195,0.41837,0.35008,0.41581,0.098973,0.14161,0.36729,0.72906,0.44735,0.39339,0.34539,0.38188,0.23325,0.15807,0.23143,0.28095,0.37773,0.36788,0.037796,-0.082541,-0.056569,-0.14969,-0.59524,-1.0265,0.15603,-0.25489,0.16602,-0.16836,-0.29468,-0.35288,-0.0070981,0.047038,0.40382,0.20066,-0.3757,-0.16503
0.27924,0.2682,0.53633,0.54024,0.22716,0.39691,0.14812,0.49894,0.91732,0.67381,0.78916,0,0.44041,0.28692,0.46215,0.30986,0.39912,0.16535,0.37662,0.54083,-0.10192,-0.043071,0.29002,0.53319,0.73143,0.76308,0.67779,0.17508,0.082857,0.15478,0.15397,-0.1044,0.24439,0.046535,-0.21706,-0.13291,0.069711,0.41106,0.52555,1.0742,0.34608,0.93283,-0.32424,-0.1207,0.67362,0.71961,-0.15949,-0.04428,-0.2289,0.22002,0.095261,0.025879,0.14598,0.45392,0.42685,-0.3498,-0.28286,0.32427,-0.026853,0.57339,1.139,0.24156,0.32341,0.31432,0.21969,-0.025923,-0.083389,-0.016808,-0.052171,0.34896,0.23334,0.6014,0.56066,0.25843,0.24323,0.72405,0.87019,0.49343,0.46417,0.34527,0.42595,0.3575,0.15346,0.33844,0.21924,0.3812,0.1978,0.33401,0.248,0.27421,0.14946,-0.29911,-0.48021,0.058456,0.0017178,0.32583,0.11645,0.034468,-0.096933,-0.11306,-0.17643,0.13424,-0.15147,-0.44661,-0.43336
0.04419,-0.048283,0.5384,0.44421,0.27395,0.19989,-0.35701,-0.068609,0.27385,0.21534,0.4261,0.44041,0,1.295,0.73988,0.26394,0.77163,0.4315,0.57593,0.31263,-0.039556,0.041292,-0.002897,0.087349,0.15635,0.50085,0.17346,0.15707,-0.31236,-0.074816,-0.091005,-0.077802,1.1274,0.63143,0.22405,0.0042324,0.35197,0.37033,0.58332,0.34204,-0.28464,0.2307,-0.3813,-0.26298,0.54314,0.81715,-0.35154,-0.35263,-0.19102,0.86877,0.57519,0.3357,-0.18688,0.06225,0.040713,-0.44918,-0.36897,-0.016103,-0.28698,0.6038,0.38487,0.20859,0.43203,-0.16576,0.054194,-0.51706,-0.46874,-0.25933,-0.27169,-0.096485,0.12098,0.16834,0.13176,-0.24637,-0.1461,0.46682,0.60164,0.78217,0.71388,0.88263,0.66257,0.60583,0.48267,0.30119,0.36011,0.5604,0.37804,0.01093,0.14897,0.020874,-0.031562,-0.21414,-0.59685,-0.27654,-0.23742,0.20853,0.0091115,-0.070332,-0.25631,-0.1253,0.041652,0.22966,0.19836,-0.53808,-0.36934
0.20406,-0.017527,0.27253,0.17969,0.24585,0.24787,-0.40402,-0.11293,0.18127,0.085569,0.13551,0.28692,1.295,0,0.82889,0.3896,0.62267,0.23365,0.32371,0.18183,0.18693,0.10833,0.032882,0.054021,0.02229,0.23542,0.2368,0.26397,-0.38785,-0.049709,-0.20844,-0.12757,0.93153,0.70096,0.21845,0.13273,0.1701,0.26919,0.37467,0.18135,-0.22862,0.10679,-0.30832,-0.13928,0.38261,0.58029,-0.26419,-0.24349,-0.055777,0.9551,0.64561,0.32896,-0.11073,0.10689,0.015447,-0.174,-0.10111,-0.00065592,-0.075577,0.35637,0.27735,0.25001,0.31207,-0.21345,0.11466,-0.42858,-0.41537,-0.19695,-0.43362,-0.28276,-0.027201,-0.0072548,-0.14,-0.32164,-0.25763,0.22525,0.33519,0.40722,0.35117,0.50186,0.40297,0.34388,0.33396,0.055829,0.11564,0.27493,0.15442,0.024633,0.19603,0.10667,0.084303,0.01346,-0.21579,-0.18886,0.033213,0.072821,-0.076299,-0.044953,-0.060877,-0.12048,0.016484,0.013904,0.076464,-0.30329,-0.32026
0.31321,-0.32544,0.45271,0.43088,0.55864,0.040727,0.045991,-0.14847,0.74009,0.15188,0.31982,0.46215,0.73988,0.82889,0,0.92334,0.98975,0.72379,0.53879,0.74031,0.63916,0.50255,0.79374,0.57393,0.39485,0.65691,0.7717,0.60676,-0.33639,-0.31926,-0.38614,-0.57336,0.50767,0.10384,-0.1322,-0.33421,-0.10057,0.098259,0.38284,0.36212,0.34855,0.47207,-0.40115,-0.41359,0.44495,0.60127,-0.18714,-0.017989,0.063281,0.66857,0.26028,0.49672,0.30142,0.27988,0.17466,0.0017482,0.017041,0.39786,0.19368,0.48356,0.63304,-0.0066055,0.14611,-0.057018,-0.041469,-0.32845,-0.37218,-0.33594,-0.26843,-0.34245,-0.14727,0.0035473,-0.026637,-0.37008,-0.26538,0.44659,0.35659,0.60186,0.47622,0.56181,0.56416,0.5465,0.47021,0.45496,0.52989,0.54728,0.32079,0.53197,0.5632,0.13207,0.10613,0.30929,-0.072246,0.13563,-0.097328,0.16265,-0.072419,0.27181,-0.028954,0.16696,-0.044745,0.27092,0.22557,-0.28696,-0.28566
0.40934,-0.13499,0.13488,0.1254,0.54319,0.033116,-0.069457,-0.3048,0.63553,-0.031113,0.088729,0.30986,0.26394,0.3896,0.92334,0,0.65125,0.5256,0.21728,0.83982,0.95865,0.8345,0.81369,0.81461,0.092007,0.29511,0.99144,0.91755,-0.42673,-0.41165,-0.69748,-0.84261,0.035568,-0.29703,-0.44912,-0.51806,-0.65116,-0.31715,-0.083775,0.12307,0.44934,0.462,-0.44784,-0.34047,0.46121,0.48743,0.23081,0.34255,0.39825,0.49586,0.13791,0.52733,0.48366,0.45294,0.30373,0.4697,0.40391,0.60391,0.44491,-0.0063025,0.39499,-0.0089054,0.14606,0.21839,0.18601,0.07505,0.0027413,-0.48235,0.0027625,-0.27817,-0.025237,0.12973,0.081512,-0.13862,-0.066634,0.12888,-0.031896,0.26622,0.15884,0.2026,0.21244,0.19659,0.3456,0.37015,0.32746,0.29598,0.22659,0.82834,0.82662,0.53674,0.57893,0.40619,0.20018,0.2291,-0.058522,0.0027099,-0.042425,0.27691,0.072236,0.073307,0.06158,-0.21536,-0.013506,0.045389,-0.11614
0.073361,-0.1757,0.85443,0.77542,0.26983,-0.22012,-0.095181,-0.047018,0.49213,0.20372,0.34763,0.39912,0.77163,0.62267,0.98975,0.65125,0,1.0892,1.2899,0.82177,0.26322,0.24728,0.61735,0.29818,0.53074,0.81278,0.46925,0.26888,-0.72003,-0.5937,-0.54008,-0.68904,0.29966,-0.087156,-0.35016,-0.61568,-0.12482,0.27046,0.74839,0.59211,0.10551,0.41461,-0.89961,-0.85892,0.46552,0.72192,0.019358,0.053656,-0.23,1.0687,0.57563,0.36449,0.16436,0.24391,0.36954,-0.28723,-0.26442,0.42282,-0.010522,0.56518,0.59668,-0.16756,0.016661,0.11441,0.05258,-0.1312,-0.20727,-0.53633,-0.16603,-0.20698,0.055348,0.16854,0.204,-0.11562,0.046067,0.75859,0.66351,1.1683,1.0202,0.9983,1.2125,1.0852,1.0055,1.0662,0.93126,1.2678,0.77854,0.59134,0.56614,0.44234,0.34944,0.15363,-0.24074,0.18144,0.0016894,0.21828,0.041963,0.20684,-0.11518,0.08083,-0.04808,0.23171,0.29359,-0.3481,-0.11456
0.14672,-0.47825,0.75967,0.71627,0.57442,-0.26007,0.12689,-0.34772,0.25578,-0.014534,0.10215,0.16535,0.4315,0.23365,0.72379,0.5256,1.0892,0,0.92019,1.0229,0.33172,0.39526,0.71149,0.34984,0.35773,0.78502,0.38857,0.38097,-0.55571,-0.7972,-0.57892,-0.82765,0.093185,-0.24005,-0.47966,-0.87053,-0.23705,-0.018719,0.40722,0.29381,0.19756,0.36351,-0.74831,-0.94415,0.24218,0.43664,0.041562,0.14119,-0.035698,0.5467,0.18417,0.52882,0.47667,0.22089,0.22283,-0.036692,-0.062973,0.45452,0.020211,0.5495,0.31675,-0.4883,-0.26146,-0.021938,-0.23016,-0.15549,-0.19024,-0.80969,-0.23045,-0.32901,-0.11923,0.020508,0.1197,-0.23533,-0.12948,0.68317,0.37262,0.86447,0.93177,0.86022,0.9748,0.98131,0.95523,1.2926,1.4842,1.152,0.937,0.58388,0.54559,0.26025,0.13228,0.42186,-0.0067882,0.20529,-0.16841,0.25512,0.15727,0.38399,-0.12553,0.097798,-0.19178,0.31041,0.25192,-0.2422,-0.090968
-0.1437,-0.12776,1.0056,0.86174,0.027155,-0.29539,0.072249,0.2435,0.35392,0.33774,0.45865,0.37662,0.57593,0.32371,0.53879,0.21728,1.2899,0.92019,0,0.63869,-0.060633,0.025503,0.46524,0.13022,0.87854,1.0551,0.19047,-0.028653,-0.49051,-0.44585,-0.20985,-0.38154,0.19723,-0.042808,-0.26976,-0.49434,0.1448,0.53388,1.2018,0.84066,0.054197,0.37523,-0.76044,-0.80887,0.45513,0.60777,-0.090854,-0.10882,-0.5411,0.65474,0.4266,0.087068,-0.0045593,0.071046,0.28183,-0.70651,-0.66932,0.15553,-0.34527,0.70768,0.50371,-0.11437,0.051478,0.11224,-0.055316,-0.16472,-0.21058,-0.28211,0.012922,0.076556,0.2698,0.24266,0.32195,0.045922,0.19482,0.93479,0.86294,1.3032,1.1423,1.1599,1.5126,1.179,0.8131,1.0813,0.90505,1.6372,0.92833,0.24951,0.19097,0.27807,0.16729,-0.12375,-0.49327,0.20181,-0.0057921,0.20985,-0.0016858,-0.050197,-0.26895,0.091772,-0.021428,0.4011,0.4408,-0.52272,-0.1542
0.3603,-0.17108,0.43534,0.39399,0.77199,0.13432,0.08194,-0.1648,0.6255,0.019377,0.27329,0.54083,0.31263,0.18183,0.74031,0.83982,0.82177,1.0229,0.63869,0,0.46035,0.66173,0.9013,0.86679,0.46692,0.91356,0.91074,0.70526,-0.50697,-0.59773,-0.62385,-0.95116,-0.061744,-0.40867,-0.76054,-1.0209,-0.55767,-0.20658,0.22089,0.49562,0.44305,0.9434,-0.70096,-0.54401,0.63373,0.72122,0.042838,0.19665,0.059439,0.44256,0.011167,0.49866,0.52979,0.46905,0.25498,0.04533,0.02802,0.66411,0.15174,0.39497,0.61468,-0.28883,-0.11036,0.14989,-0.045395,-0.083958,-0.12713,-0.71697,-0.17394,-0.22377,-0.10987,0.21035,0.26179,-0.17231,-0.15033,0.6475,0.34626,0.54571,0.50869,0.47626,0.66434,0.58604,0.55952,0.84542,0.80063,0.80226,0.82809,0.80267,0.71446,0.41997,0.31987,0.26014,-0.061541,0.26322,0.0055486,0.47087,0.23327,0.22874,-0.31048,-0.20161,-0.28353,-0.084682,0.029638,-0.32582,-0.34708
0.41899,-0.4197,-0.32013,-0.28074,0.56114,-0.23069,0.15933,-0.61741,0.37703,-0.45204,-0.10444,-0.10192,-0.039556,0.18693,0.63916,0.95865,0.26322,0.33172,-0.060633,0.46035,0,1.3433,0.87026,0.43111,-0.065668,-0.042834,0.56202,0.98535,-0.29398,-0.51452,-0.59803,-0.70326,0.049185,-0.15564,-0.18987,-0.42657,-0.65569,-0.65654,-0.38187,-0.29244,0.55482,0.056265,0.021722,-0.2583,0.14688,0.034208,-0.024428,0.11405,0.64822,0.12409,-0.079741,0.5787,0.39054,0.10807,-0.16718,0.72053,0.69487,0.19343,0.37363,-0.39329,-0.038614,-0.18533,-0.13011,0.0057164,0.035608,-0.14345,-0.094271,-0.18682,-0.23035,-0.44532,-0.19509,-0.15944,-0.44361,-0.58965,-0.56252,-0.27384,-0.4248,-0.18648,-0.25856,-0.15029,-0.16681,-0.20683,0.080364,0.024588,0.19679,-0.055515,0.065212,0.39357,0.43812,0.068968,0.10578,0.81286,0.54961,0.43008,-0.029284,-0.12977,-0.25985,0.2855,-0.05327,0.22711,0.064975,-0.082776,0.071799,0.35206,0.15277
0.25336,-0.4221,-0.34651,-0.33019,0.57014,-0.13699,0.07276,-0.6445,0.31882,-0.45616,-0.039652,-0.043071,0.041292,0.10833,0.50255,0.8345,0.24728,0.39526,0.025503,0.66173,1.3433,0,0.73406,0.57531,-0.035918,0.089798,0.53006,1.0355,-0.25763,-0.5221,-0.59838,-0.72298,0.039168,-0.16979,-0.25396,-0.55683,-0.61823,-0.8057,-0.3817,-0.26048,0.45789,0.16952,-0.069106,-0.28768,0.37864,0.23991,-0.052081,0.051837,0.71163,0.13596,-0.082281,0.74657,0.30224,0.12152,-0.27314,0.54129,0.48603,0.15836,0.20944,-0.34864,-0.066274,-0.14598,0.041837,0.022636,0.038384,-0.18408,-0.080427,-0.25225,-0.14421,-0.24597,-0.056414,0.027705,-0.24527,-0.53998,-0.52759,-0.22782,-0.43016,-0.10348,-0.1931,-0.040729,-0.12265,-0.12425,0.10765,0.070312,0.23587,0.04527,0.19478,0.31191,0.36445,0.051274,0.095311,0.52973,0.34234,0.25884,-0.20419,-0.01998,-0.20445,0.19402,-0.36893,0.047292,0.096721,-0.15261,0.094903,0.075034,-0.067735
0.29071,-0.40135,0.24876,0.29063,0.46397,-0.19599,0.58896,-0.10858,0.68638,-0.016683,0.14158,0.29002,-0.002897,0.032882,0.79374,0.81369,0.61735,0.71149,0.46524,0.9013,0.87026,0.73406,0,0.76042,0.62912,0.57506,0.79316,0.71359,-0.2025,-0.50238,-0.38513,-0.79273,-0.068211,-0.34412,-0.57977,-0.77335,-0.42436,-0.089359,0.18686,0.33403,1.137,0.53828,-0.28734,-0.51558,0.27089,0.25017,-0.037122,0.16852,0.2335,0.133,-0.20624,0.31624,0.65454,0.40973,0.27988,0.22764,0.26677,0.42144,0.32319,0.11603,0.42968,-0.28878,-0.22168,0.2418,0.025425,-0.026112,-0.026153,-0.25835,-0.12622,-0.19058,-0.093834,0.0041699,-0.078483,-0.25664,-0.1876,0.39285,0.1478,0.30151,0.20267,0.23881,0.34171,0.29235,0.34883,0.56855,0.60142,0.48706,0.37144,0.62342,0.58366,0.1145,0.10612,0.52918,0.20431,0.65054,0.084284,0.068153,-0.10322,0.31916,-0.059578,0.31075,-0.060204,0.17912,0.13176,0.080919,0.048431
0.45789,0.010778,0.18596,0.18591,0.43695,0.3841,0.17001,0.01687,0.6865,0.2388,0.047818,0.53319,0.087349,0.054021,0.57393,0.81461,0.29818,0.34984,0.13022,0.86679,0.43111,0.57531,0.76042,0,0.33646,0.52399,1.0108,0.73188,-0.0010992,0.014047,-0.27679,-0.49493,-0.085663,-0.37297,-0.71543,-0.49209,-0.47607,-0.19064,-0.029451,0.32419,0.85412,1.039,-0.35994,-0.038156,0.58405,0.63542,0.045054,0.24805,0.44905,0.10676,-0.33843,0.42463,0.75289,0.86266,0.35921,0.31332,0.24429,0.67528,0.49303,0.27186,0.7308,0.019465,0.11732,0.35389,0.23758,0.035989,-0.06575,-0.38666,0.035937,0.008203,-0.12281,0.34227,0.33159,-0.034236,-0.036265,0.33038,0.047819,0.23374,0.08449,0.1174,0.13979,0.19,0.023466,0.33301,0.1757,0.24139,0.039606,0.68052,0.71132,0.24722,0.30926,0.21389,0.11583,0.050492,0.0052483,0.30066,0.2234,0.27023,-0.051549,0.052737,-0.0095677,-0.14893,0.010403,-0.19741,-0.35136
-0.01104,0.058293,0.69059,0.71268,-0.091876,-0.073178,0.49941,0.68921,0.67263,0.66941,0.59857,0.73143,0.15635,0.02229,0.39485,0.092007,0.53074,0.35773,0.87854,0.46692,-0.065668,-0.035918,0.62912,0.33646,0,1.0992,0.28309,-0.097958,0.055452,0.011231,0.23861,-0.070597,0.014272,-0.087347,-0.26976,-0.26302,0.1771,0.65319,0.90334,1.2077,0.51658,0.61785,-0.26055,-0.29525,0.49371,0.47698,-0.28066,-0.20673,-0.37481,0.065825,-0.031589,-0.070706,0.10995,0.23427,0.37888,-0.56491,-0.51207,0.086042,-0.20987,0.55686,0.78181,0.095095,0.10236,0.3133,0.033075,-0.0988,-0.14269,0.17426,0.094299,0.42235,0.35038,0.3906,0.3853,0.21405,0.302,0.8208,0.87895,0.60569,0.54109,0.42667,0.62453,0.5625,0.22387,0.55125,0.42784,0.66264,0.34633,0.14334,0.016257,0.10738,0.010726,-0.15733,-0.3596,0.36793,0.12745,0.29579,0.05602,0.02104,-0.088945,0.27812,0.017996,0.5359,0.24862,-0.41332,-0.18664
0.044326,-0.10372,1.0253,0.90466,0.29095,0.12389,0.15041,0.29032,0.63368,0.60578,0.54691,0.76308,0.50085,0.23542,0.65691,0.29511,0.81278,0.78502,1.0551,0.91356,-0.042834,0.089798,0.57506,0.52399,1.0992,0,0.40625,0.109,-0.10662,-0.12601,-0.035249,-0.29089,0.1466,-0.11467,-0.40158,-0.51437,0.076353,0.43648,0.84392,1.062,0.26525,0.85664,-0.60021,-0.45093,0.62543,0.78593,-0.17514,-0.10299,-0.33332,0.35169,0.062717,0.22589,0.22043,0.26874,0.32678,-0.45291,-0.52717,0.27587,-0.21312,0.86845,0.87081,0.035005,0.12011,0.12514,-0.14215,-0.19906,-0.26565,-0.25359,0.043994,0.1446,0.19493,0.3184,0.51292,0.087022,0.16452,1.2871,0.94352,1.0079,0.98079,0.77771,1.0342,0.98226,0.46605,0.82704,0.68197,1.0639,0.71584,0.35604,0.25362,0.22875,0.070547,-0.069788,-0.43732,0.13799,-0.05926,0.6011,0.31007,0.16456,-0.21996,0.040391,-0.18897,0.37047,0.21464,-0.67502,-0.48372
0.51632,-0.088315,0.15409,0.12853,0.61557,0.25145,0.19071,-0.00028455,0.86031,0.000333,0.2374,0.67779,0.17346,0.2368,0.7717,0.99144,0.46925,0.38857,0.19047,0.91074,0.56202,0.53006,0.79316,1.0108,0.28309,0.40625,0,1.0409,-0.26512,-0.35627,-0.55345,-0.84899,-0.0079617,-0.29267,-0.5109,-0.46273,-0.48696,-0.14811,0.086527,0.42563,0.72498,0.91468,-0.45179,-0.2632,0.34069,0.39489,0.095977,0.30276,0.11423,0.34837,0.019218,0.20004,0.51852,0.5319,0.27144,0.21023,0.32209,0.74709,0.4527,0.22889,0.72116,-0.25456,-0.028023,0.072121,0.041912,0.051177,-0.061754,-0.50472,-0.13717,-0.31528,-0.32125,0.049436,0.028944,-0.20768,-0.19589,0.35827,0.20824,0.2482,0.13303,0.24697,0.28975,0.17588,0.18087,0.32107,0.22836,0.29884,0.21461,0.84745,0.77216,0.27909,0.39005,0.1874,0.021232,0.069822,-0.024495,0.10664,-0.036274,0.1906,-0.018093,-0.20503,-0.36671,-0.23717,-0.12045,-0.17777,-0.34895
0.47486,-0.40062,-0.19589,-0.24717,0.86229,0.14184,0.14979,-0.50804,0.40203,-0.44687,-0.074942,0.17508,0.15707,0.26397,0.60676,0.91755,0.26888,0.38097,-0.028653,0.70526,0.98535,1.0355,0.71359,0.73188,-0.097958,0.109,1.0409,0,-0.24944,-0.49832,-0.7084,-0.90557,0.1575,-0.059549,-0.34067,-0.4868,-0.53505,-0.49866,-0.23067,-0.079751,0.59959,0.41338,-0.24507,-0.2862,0.19013,0.17967,0.015606,0.18107,0.47458,0.26424,-0.075398,0.44898,0.48383,0.28488,-0.11751,0.55011,0.67608,0.32074,0.34497,-0.14811,0.12418,-0.32523,-0.11049,-0.11396,-0.0026551,-0.12051,-0.092148,-0.5568,-0.28616,-0.54436,-0.35122,-0.18335,-0.3652,-0.63745,-0.65202,0.032464,-0.19356,-0.018324,-0.11219,0.13512,0.027169,-0.099227,0.10622,0.070131,0.14537,0.093134,0.2132,0.46914,0.60708,0.020884,0.14241,0.45767,0.23038,0.089763,-0.14532,-0.047654,-0.17971,0.17627,-0.21573,-0.19724,-0.29514,-0.35929,-0.10173,0.0718,-0.20154
-0.35335,-0.13323,-0.1805,-0.097695,-0.33599,0.11116,0.40982,0.27023,-0.051478,0.40207,0.03284,0.082857,-0.31236,-0.38785,-0.33639,-0.42673,-0.72003,-0.55571,-0.49051,-0.50697,-0.29398,-0.25763,-0.2025,-0.0010992,0.055452,-0.10662,-0.26512,-0.24944,0,0.86951,0.96259,0.6046,0.053543,0.21131,0.31244,0.45597,0.55759,0.25329,-0.12667,-0.11811,0.18397,-0.17687,0.51363,0.36957,-0.26643,-0.35557,-0.030676,-0.019926,0.17287,-0.71754,-0.44994,-0.194,-0.085055,-0.089244,-0.061724,0.05974,-0.022628,-0.32613,0.016034,-0.15574,-0.13635,0.47131,0.33153,0.14954,0.075061,0.21558,0.30399,0.66866,0.3642,0.57224,0.29811,0.07699,0.12448,0.35184,0.26656,-0.1366,-0.1179,-0.27642,-0.27834,-0.3016,-0.50608,-0.32154,-0.49065,-0.49442,-0.4845,-0.46001,-0.61092,-0.35386,-0.35779,-0.48715,-0.50309,-0.17917,-0.038312,-0.057964,-0.22985,-0.20962,-0.12559,0.10484,0.14621,0.37564,0.16817,0.26906,-0.13249,0.053098,-0.086867
-0.037809,0.52669,-0.084142,-0.05124,-0.52468,0.45635,-0.034074,0.57625,-0.02346,0.69029,-0.0078529,0.15478,-0.074816,-0.049709,-0.31926,-0.41165,-0.5937,-0.7972,-0.44585,-0.59773,-0.51452,-0.5221,-0.50238,0.014047,0.011231,-0.12601,-0.35627,-0.49832,0.86951,0,0.9967,1.0414,0.10476,0.2953,0.32943,0.81876,0.44048,0.37819,-0.090225,-0.0012569,-0.096286,-0.062489,0.39753,0.88307,0.090292,0.044241,-0.13093,-0.18339,0.082576,-0.39868,-0.29319,-0.1543,-0.18376,0.080298,0.050115,-0.073502,-0.20725,-0.28819,-0.023523,0.037927,0.10252,0.93582,0.53185,0.26008,0.36311,0.062128,0.0015004,0.60196,0.30994,0.60836,0.33091,0.32828,0.37754,0.45957,0.37547,-0.16745,0.0029927,-0.26633,-0.2898,-0.37904,-0.45016,-0.28647,-0.66156,-0.55054,-0.73233,-0.49772,-0.80299,-0.40328,-0.36175,-0.1392,-0.14371,-0.34226,-0.10435,-0.23513,0.14179,0.080984,0.18477,-0.12863,0.27871,0.26708,0.41786,0.091827,0.020772,-0.10069,-0.19982
-0.27034,0.24832,0.021636,0.11638,-0.49811,0.16103,0.32301,0.565,-0.051174,0.50072,0.29288,0.15397,-0.091005,-0.20844,-0.38614,-0.69748,-0.54008,-0.57892,-0.20985,-0.62385,-0.59803,-0.59838,-0.38513,-0.27679,0.23861,-0.035249,-0.55345,-0.7084,0.96259,0.9967,0,1.3457,0.20165,0.4716,0.5613,0.73693,0.86445,0.56772,0.12212,0.092675,-0.041217,-0.18208,0.69851,0.56577,-0.025676,-0.13664,-0.37532,-0.38012,-0.13921,-0.69262,-0.41198,-0.4173,-0.3351,-0.11524,0.059192,-0.38878,-0.34907,-0.52249,-0.27623,0.073009,-0.025017,0.63647,0.38371,0.21561,0.16894,-0.056376,0.056898,0.99269,0.25555,0.7801,0.47824,0.23472,0.25504,0.41893,0.33894,-0.052556,0.18712,-0.13727,-0.11352,-0.20916,-0.27063,-0.20107,-0.39325,-0.35324,-0.30381,-0.28861,-0.42625,-0.69644,-0.62408,-0.51307,-0.61894,-0.5414,-0.37649,0.028762,-0.0092214,-0.079414,-0.045674,-0.28365,0.10516,0.33362,0.39612,0.47597,-0.006654,0.031387,0.079532
-0.18658,0.50412,-0.13946,-0.089434,-0.55051,0.2621,-0.03742,0.44346,-0.28589,0.29867,0.089555,-0.1044,-0.077802,-0.12757,-0.57336,-0.84261,-0.68904,-0.82765,-0.38154,-0.95116,-0.70326,-0.72298,-0.79273,-0.49493,-0.070597,-0.29089,-0.84899,-0.90557,0.6046,1.0414,1.3457,0,0.15109,0.5023,0.71542,1.0443,0.69508,0.37538,-0.057002,-0.09527,-0.37419,-0.3274,0.82417,0.9264,-0.055432,-0.15347,-0.42749,-0.55406,-0.12862,-0.60905,-0.28412,-0.4283,-0.48213,-0.23057,-0.078669,-0.31521,-0.29726,-0.69837,-0.37943,-0.033214,-0.19544,0.59493,0.35401,-0.018849,0.062572,-0.19797,-0.12241,0.8766,0.20563,0.55386,0.33459,0.11488,0.1254,0.28512,0.24913,-0.28001,0.017932,-0.3207,-0.26736,-0.37426,-0.43331,-0.36709,-0.61036,-0.59769,-0.56036,-0.5318,-0.58936,-0.99771,-0.89208,-0.43099,-0.42465,-0.58851,-0.28238,-0.22951,0.0068257,0.00018911,0.10123,-0.38972,0.17504,0.13622,0.42568,0.26795,-0.012921,0.045586,0.10663
-0.025841,-0.23456,0.17122,0.13886,0.16209,0.039672,-0.12222,-0.14236,0.19325,0.094656,0.38107,0.24439,1.1274,0.93153,0.50767,0.035568,0.29966,0.093185,0.19723,-0.061744,0.049185,0.039168,-0.068211,-0.085663,0.014272,0.1466,-0.0079617,0.1575,0.053543,0.10476,0.20165,0.15109,0,1.1611,0.57924,0.23316,0.63918,0.34388,0.38259,0.051566,-0.14875,-0.080487,0.070255,-0.11905,0.24651,0.31336,-0.55272,-0.50278,-0.04839,0.36038,0.28787,0.19338,-0.31706,-0.14986,-0.22332,-0.33935,-0.21893,-0.34461,-0.30362,0.25844,0.11412,0.31111,0.41655,-0.17616,0.12436,-0.6129,-0.42438,0.12632,-0.27882,-0.017932,0.13987,0.056955,-0.14537,-0.39888,-0.36334,0.12994,0.28719,0.35914,0.28037,0.48979,0.21684,0.13483,0.15656,-0.069253,0.10298,0.15594,0.068781,-0.29001,-0.049048,-0.43344,-0.4956,-0.18251,-0.4988,-0.18123,-0.3029,-0.092785,-0.31645,-0.15243,-0.32229,0.10857,0.13183,0.36897,0.21992,-0.17095,-0.088188
-0.082407,-0.082327,-0.059824,-0.1014,-0.045336,0.18502,-0.033034,-0.0088662,-0.18678,-0.032217,0.11198,0.046535,0.63143,0.70096,0.10384,-0.29703,-0.087156,-0.24005,-0.042808,-0.40867,-0.15564,-0.16979,-0.34412,-0.37297,-0.087347,-0.11467,-0.29267,-0.059549,0.21131,0.2953,0.4716,0.5023,1.1611,0,0.80654,0.63699,0.82739,0.40863,0.23501,-0.07502,-0.26343,-0.28593,0.33895,0.17817,0.045749,0.054307,-0.63228,-0.63989,-0.059665,0.08409,0.17119,-0.07403,-0.4119,-0.21382,-0.28168,-0.32921,-0.13329,-0.70537,-0.42078,0.086125,-0.19283,0.35932,0.34596,-0.30836,0.050973,-0.55116,-0.30534,0.37296,-0.33221,0.080689,0.17069,-0.092078,-0.35444,-0.29035,-0.3139,-0.068147,0.13942,0.014732,0.0019411,0.20889,-0.034377,-0.11895,-0.087613,-0.4174,-0.20148,-0.13726,-0.14653,-0.81022,-0.43117,-0.60202,-0.60439,-0.30689,-0.37178,-0.22543,-0.14506,-0.23977,-0.34242,-0.36924,-0.18451,-0.026371,0.14154,0.22702,-0.00066819,-0.063225,-0.072915
-0.29998,-0.013365,-0.32633,-0.29467,-0.30346,-0.08848,-0.03425,0.093029,-0.14606,-0.081225,0.27483,-0.21706,0.22405,0.21845,-0.1322,-0.44912,-0.35016,-0.47966,-0.26976,-0.76054,-0.18987,-0.25396,-0.57977,-0.71543,-0.26976,-0.40158,-0.5109,-0.34067,0.31244,0.32943,0.5613,0.71542,0.57924,0.80654,0,1.0718,0.82742,0.2166,-0.05628,-0.34918,-0.51859,-0.69509,0.70611,0.37195,-0.18752,-0.29814,-0.39972,-0.5462,-0.20585,-0.15934,0.16818,-0.20865,-0.94023,-0.83712,-0.5877,-0.29682,-0.20211,-0.80332,-0.43324,-0.18493,-0.43858,0.36911,0.49592,-0.41565,-0.15209,-0.35726,-0.23346,0.58048,0.10026,0.061933,0.19965,-0.24075,-0.27886,-0.18023,-0.15661,-0.50687,-0.0659,-0.25985,-0.24955,-0.077166,-0.31165,-0.34028,-0.30375,-0.67053,-0.38198,-0.40327,-0.34497,-0.80731,-0.75108,-0.62496,-0.48786,-0.39475,-0.36238,-0.24919,-0.35082,-0.3547,-0.45161,-0.40859,0.03774,0.12034,0.34529,0.36302,0.26656,-0.075283,-0.033804
-0.10567,0.39399,-0.31446,-0.29465,-0.55405,0.24261,-0.024059,0.42586,-0.25708,0.13766,-0.026785,-0.13291,0.0042324,0.13273,-0.33421,-0.51806,-0.61568,-0.87053,-0.49434,-1.0209,-0.42657,-0.55683,-0.77335,-0.49209,-0.26302,-0.51437,-0.46273,-0.4868,0.45597,0.81876,0.73693,1.0443,0.23316,0.63699,1.0718,0,0.64979,0.3477,-0.13839,-0.2487,-0.40134,-0.48236,0.62201,0.83759,-0.20058,-0.25891,-0.22539,-0.34632,-0.12294,-0.26187,0.036059,-0.3586,-0.55943,-0.33954,-0.23616,-0.16097,-0.089704,-0.56428,-0.17936,-0.11323,-0.28256,0.51544,0.47514,-0.22228,0.042009,-0.094493,-0.10566,0.5751,0.13742,0.20208,0.15338,-0.11926,-0.11851,0.13069,0.11488,-0.50172,-0.088998,-0.4324,-0.42141,-0.29165,-0.4763,-0.43191,-0.58207,-0.86471,-0.79737,-0.64025,-0.79302,-0.75366,-0.7056,-0.35003,-0.17672,-0.4337,-0.15094,-0.37952,-0.030747,-0.31214,-0.19754,-0.3987,0.40961,0.082558,0.38064,0.11777,0.077196,-0.068724,-0.14142
-0.64039,-0.15122,0.21841,0.20755,-0.4596,-0.058771,0.15269,0.40346,-0.15388,0.35445,0.34602,0.069711,0.35197,0.1701,-0.10057,-0.65116,-0.12482,-0.23705,0.1448,-0.55767,-0.65569,-0.61823,-0.42436,-0.47607,0.1771,0.076353,-0.48696,-0.53505,0.55759,0.44048,0.86445,0.69508,0.63918,0.82739,0.82742,0.64979,0,0.91681,0.56779,0.1504,-0.30576,-0.31891,0.26527,0.075152,-0.17567,-0.13721,-0.3161,-0.3911,-0.5027,-0.092014,0.12533,-0.4474,-0.61951,-0.41976,-0.12073,-0.79007,-0.64248,-0.58129,-0.4974,0.30067,-0.09674,0.39066,0.45014,-0.1759,-0.099827,-0.18157,-0.058828,0.54582,0.19297,0.38225,0.34566,-0.048225,0.03376,0.16305,0.19062,0.14412,0.3526,0.26982,0.22746,0.37487,0.14684,0.14463,-0.027709,-0.19083,-0.12404,0.059262,-0.12188,-0.68269,-0.56848,-0.64613,-0.64526,-0.68183,-0.73738,-0.23958,-0.30838,-0.3074,-0.37649,-0.357,-0.079135,0.18594,0.17462,0.57558,0.21231,-0.27962,-0.10316
-0.33685,0.1288,0.7298,0.67666,-0.50927,0.0062979,0.217,0.87825,0.12821,0.7845,0.36308,0.41106,0.37033,0.26919,0.098259,-0.31715,0.27046,-0.018719,0.53388,-0.20658,-0.65654,-0.8057,-0.089359,-0.19064,0.65319,0.43648,-0.14811,-0.49866,0.25329,0.37819,0.56772,0.37538,0.34388,0.40863,0.2166,0.3477,0.91681,0,1.1507,0.72383,-0.057319,0.076634,-0.19056,-0.090413,0.0081039,0.14172,-0.11519,-0.17397,-0.72738,0.19499,0.25186,-0.45391,-0.27305,-0.012421,0.37581,-0.8474,-0.6855,-0.17622,-0.29421,0.58937,0.37869,0.32124,0.26932,0.12287,0.10423,0.045232,-0.013212,0.25856,0.1789,0.36004,0.36642,0.11073,0.27795,0.40613,0.51045,0.64319,0.95128,0.60607,0.55952,0.58252,0.56354,0.5124,0.19588,0.19915,0.049044,0.43491,0.066859,-0.19471,-0.18804,-0.07386,-0.10187,-0.50086,-0.63445,-0.029117,0.10928,-0.061567,-0.082598,-0.186,0.19136,0.22786,0.069977,0.45389,0.19374,-0.35172,-0.15341
-0.25665,-0.071494,1.0345,0.85525,-0.16855,-0.14864,0.10741,0.53666,0.28444,0.58379,0.51386,0.52555,0.58332,0.37467,0.38284,-0.083775,0.74839,0.40722,1.2018,0.22089,-0.38187,-0.3817,0.18686,-0.029451,0.90334,0.84392,0.086527,-0.23067,-0.12667,-0.090225,0.12212,-0.057002,0.38259,0.23501,-0.05628,-0.13839,0.56779,1.1507,0,1.0952,0.0119,0.31743,-0.52214,-0.53517,0.22403,0.38545,-0.17709,-0.18895,-0.84272,0.47998,0.42091,-0.25131,-0.14716,0.021591,0.31326,-1.0619,-0.87403,0.0034796,-0.40262,0.86638,0.58438,0.042325,0.10794,0.037365,-0.059696,-0.14297,-0.18283,0.0069075,0.016572,0.21755,0.24917,0.1892,0.26761,0.17259,0.28657,1.0619,1.1414,1.1524,0.99412,1.0392,1.155,0.8894,0.49236,0.60341,0.45001,0.93578,0.50105,0.028787,0.0067334,0.053003,-0.04769,-0.38258,-0.70281,0.022842,0.0077763,0.092742,-0.091877,-0.13159,-0.17741,0.075256,-0.15396,0.46942,0.27414,-0.51922,-0.17025
0.09429,0.27384,0.884,0.76654,0.032256,0.1943,0.15095,0.76165,0.64794,0.6986,0.66444,1.0742,0.34204,0.18135,0.36212,0.12307,0.59211,0.29381,0.84066,0.49562,-0.29244,-0.26048,0.33403,0.32419,1.2077,1.062,0.42563,-0.079751,-0.11811,-0.0012569,0.092675,-0.09527,0.051566,-0.07502,-0.34918,-0.2487,0.1504,0.72383,1.0952,0,0.26842,0.9278,-0.48007,-0.25781,0.52614,0.61393,-0.1873,-0.14587,-0.64321,0.26845,0.15034,-0.25844,0.096958,0.32523,0.52486,-0.70715,-0.5985,0.21652,-0.26007,0.80793,1.0998,0.056848,0.10564,0.17441,-0.024645,-0.082328,-0.1849,-0.017874,0.058127,0.31568,0.21827,0.3927,0.48348,0.28683,0.37,1.1794,1.2363,0.77258,0.70808,0.55538,0.82038,0.61755,0.23256,0.56808,0.32778,0.68931,0.41448,0.22093,0.089804,0.29827,0.21042,-0.40985,-0.58978,0.084264,0.11521,0.38248,0.1789,-0.1046,-0.10568,-0.11763,-0.25532,0.21953,0.01293,-0.52353,-0.30322
0.37721,-0.1816,0.03264,0.10776,0.26765,-0.0019404,0.88201,0.081753,0.5806,0.044444,0.030305,0.34608,-0.28464,-0.22862,0.34855,0.44934,0.10551,0.19756,0.054197,0.44305,0.55482,0.45789,1.137,0.85412,0.51658,0.26525,0.72498,0.59959,0.18397,-0.096286,-0.041217,-0.37419,-0.14875,-0.26343,-0.51859,-0.40134,-0.30576,-0.057319,0.0119,0.26842,0,0.56786,0.015737,-0.11496,0.14063,0.071668,-0.11167,0.13874,0.39048,-0.27697,-0.58405,0.064565,0.76019,0.60359,0.32986,0.31371,0.43723,0.32508,0.44584,0.01471,0.41748,-0.21073,-0.21421,0.35726,0.18145,0.064966,0.071466,-0.0067733,-0.084005,0.049993,-0.12593,0.10041,-0.077851,-0.12613,-0.13032,0.21183,0.006906,0.0020722,-0.11479,-0.062409,-0.030675,-0.069985,-0.072056,0.21212,0.17603,0.07923,-0.070804,0.37348,0.40019,-0.10312,-0.035644,0.33405,0.26201,0.45544,0.10178,-0.057396,-0.11778,0.2345,0.048075,0.32593,-0.034094,0.11099,-0.055016,0.2434,0.13694
0.51819,0.256,0.47879,0.42123,0.51814,0.59886,0.10318,0.27663,0.74488,0.31307,0.34063,0.93283,0.2307,0.10679,0.47207,0.462,0.41461,0.36351,0.37523,0.9434,0.056265,0.16952,0.53828,1.039,0.61785,0.85664,0.91468,0.41338,-0.17687,-0.062489,-0.18208,-0.3274,-0.080487,-0.28593,-0.69509,-0.48236,-0.31891,0.076634,0.31743,0.9278,0.56786,0,-0.4058,-0.031882,0.68211,0.78949,-0.19584,-0.024251,-0.057972,0.14002,-0.22388,0.080317,0.53906,0.75748,0.47869,-0.11278,-0.044658,0.54765,0.11423,0.61282,1.1756,-0.1279,-0.031819,0.1363,-0.021396,-0.1617,-0.26994,-0.36166,-0.10256,0.021865,-0.16186,0.31533,0.37477,-0.01348,0.0040616,0.79646,0.54802,0.42509,0.35658,0.27438,0.45775,0.3534,0.066243,0.4694,0.27431,0.43018,0.30698,0.48474,0.42458,0.26529,0.27617,-0.11164,-0.22874,-0.030279,0.070366,0.65263,0.45653,0.079587,-0.13392,-0.31514,-0.35327,-0.10436,-0.1583,-0.38572,-0.40662
-0.0069406,0.093573,-0.6908,-0.52236,-0.11931,0.075467,0.22949,-0.034014,-0.16394,-0.27583,0.028991,-0.32424,-0.3813,-0.30832,-0.40115,-0.44784,-0.89961,-0.74831,-0.76044,-0.70096,0.021722,-0.069106,-0.28734,-0.35994,-0.26055,-0.60021,-0.45179,-0.24507,0.51363,0.39753,0.69851,0.82417,0.070255,0.33895,0.70611,0.62201,0.26527,-0.19056,-0.52214,-0.48007,0.015737,-0.4058,0,0.81149,-0.23241,-0.49814,-0.53203,-0.48106,0.23631,-1.0653,-0.61166,-0.2895,-0.27564,-0.31087,-0.34001,0.12595,0.24252,-0.61151,-0.10215,-0.48564,-0.44206,0.18932,0.057028,-0.16532,-0.098252,-0.29945,-0.098248,0.87837,0.0013914,0.15797,-0.0035331,-0.20476,-0.37867,-0.18413,-0.25856,-0.72266,-0.43313,-0.82841,-0.78358,-0.79778,-0.92263,-0.93347,-0.75544,-0.84652,-0.49186,-0.95067,-0.63562,-0.75754,-0.65765,-0.81511,-0.68238,-0.15889,0.062644,0.042588,-0.1078,-0.19092,-0.17645,-0.25616,0.062857,0.14804,0.29733,0.19454,-0.12477,0.47621,0.38885
0.23452,0.70749,-0.49226,-0.43537,-0.19794,0.72278,-0.095603,0.28655,-0.13759,0.014229,-0.14673,-0.1207,-0.26298,-0.13928,-0.41359,-0.34047,-0.85892,-0.94415,-0.80887,-0.54401,-0.2583,-0.28768,-0.51558,-0.038156,-0.29525,-0.45093,-0.2632,-0.2862,0.36957,0.88307,0.56577,0.9264,-0.11905,0.17817,0.37195,0.83759,0.075152,-0.090413,-0.53517,-0.25781,-0.11496,-0.031882,0.81149,0,0.021182,-0.087863,-0.3096,-0.307,0.19575,-0.60714,-0.52708,-0.23919,-0.14509,0.061151,-0.083284,0.13431,0.17211,-0.24993,0.07836,-0.18347,-0.092105,0.38495,0.20617,-0.072796,0.083672,-0.15272,-0.16855,0.42299,0.069365,0.13016,-0.11095,-0.045186,-0.018913,0.047318,-0.03166,-0.50787,-0.27638,-0.74229,-0.74003,-0.79065,-0.75188,-0.67044,-0.9599,-0.83571,-0.8591,-0.88489,-0.8247,-0.47617,-0.41712,-0.28142,-0.10807,-0.2972,0.050495,-0.29212,0.18957,0.1567,0.27369,-0.3032,0.29225,-0.12823,0.27964,-0.19369,-0.15587,0.095339,-0.075795
0.3666,0.45058,0.26469,0.22929,0.19345,0.29797,-0.20524,0.20731,0.66531,0.37955,0.51316,0.67362,0.54314,0.38261,0.44495,0.46121,0.46552,0.24218,0.45513,0.63373,0.14688,0.37864,0.27089,0.58405,0.49371,0.62543,0.34069,0.19013,-0.26643,0.090292,-0.025676,-0.055432,0.24651,0.045749,-0.18752,-0.20058,-0.17567,0.0081039,0.22403,0.52614,0.14063,0.68211,-0.23241,0.021182,0,1.546,-0.38608,-0.37529,0.092315,0.28098,0.055914,0.41578,0.036564,0.34946,0.11428,-0.23553,-0.30569,0.064138,-0.2545,0.3112,0.63753,0.42084,0.54994,0.31673,0.32097,-0.40527,-0.42807,-0.028597,0.026649,0.38129,0.44849,0.86459,0.55189,0.011607,0.055907,0.26466,0.34468,0.35412,0.26315,0.22078,0.26618,0.22608,0.043191,0.27558,0.21479,0.33007,0.23848,0.093085,0.095881,0.3638,0.28501,-0.21976,-0.34388,0.033254,-0.0077185,0.48171,0.20877,-0.19229,-0.37102,-0.035947,0.33069,0.052527,0.23341,-0.45876,-0.34641
