,,,,,,,,,,,,,,,,,,,,,,,,,,,,,,,,,,,,,,,,,,,,,,,,,,,,,,,,,,,,,,,,,,,,,,,,,,,,,,,,,,,,,,,,,,,,,,,,,,,,,,,,
0,0.41395,0.19122,0.14139,0.78687,0.46391,0.13129,0.058772,0.56513,0.11225,-0.032399,0.55253,0.0066355,0.1058,0.34562,0.36682,0.11682,0.19894,-0.10716,0.38694,0.22631,0.047727,0.2975,0.43602,0.011861,0.20843,0.52503,0.41537,-0.3059,-0.060944,-0.20174,-0.17668,-0.078108,-0.11349,-0.29701,-0.088348,-0.54364,-0.18103,-0.13877,0.32436,0.35552,0.69405,-0.098366,0.15691,0.18685,0.25941,-0.18418,-0.032314,0.12431,-0.017623,-0.2232,0.077353,0.73607,0.50819,0.16874,0.33746,0.36582,0.23395,0.13235,0.41497,0.50268,-0.30724,-0.37985,-0.20205,-0.16126,-0.24721,-0.37876,-0.36873,-0.48286,-0.32455,-0.48891,0.019634,-0.058675,-0.32845,-0.36715,0.36289,0.19299,-0.14672,0.022449,-0.19512,0.016,-0.19573,-0.33931,0.08455,0.068165,-0.12919,-0.022131,0.32077,0.20325,0.40627,0.34561,0.35103,0.26317,0.087166,0.24028,0.3794,0.26043,0.18817,0.29712,-0.24181,-0.35693,-0.05364,-0.12281,-0.031843,-0.20997
0.41395,0,0.10309,0.093983,-0.27514,0.57979,-0.21929,0.64596,0.12113,0.39806,0.019116,0.34468,0.045406,0.06806,-0.25325,-0.052785,-0.090505,-0.44814,-0.099087,-0.17459,-0.50745,-0.64219,-0.4455,0.024151,0.021993,-0.141,-0.05592,-0.34417,-0.27478,0.45401,0.14274,0.48254,-0.18293,-0.033504,-0.017562,0.49819,-0.14154,0.32295,-0.013822,0.40306,-0.19537,0.33616,0.033029,0.71712,0.38763,0.41717,-0.06024,-0.12424,-0.24498,-0.0089481,-0.0091149,-0.28198,-0.011473,0.41043,0.51306,-0.1098,-0.082607,0.054298,0.025715,0.17137,0.36791,0.22656,0.17437,0.23838,0.44521,0.019754,-0.10522,-0.0043617,-0.015278,0.28009,0.13336,0.47373,0.42095,0.33592,0.44577,0.02727,0.30888,-0.17629,-0.18092,-0.30947,-0.14156,-0.16515,-0.34784,-0.10962,-0.3553,-0.25516,-0.36116,-0.047358,-0.15933,0.48401,0.67238,-0.4519,-0.14371,-0.11509,0.50116,0.25207,0.32741,-0.33426,0.44058,-0.25122,0.30015,-0.21023,0.0048459,-0.067438,-0.027979
0.19122,0.10309,0,1.8869,0.098586,-0.018371,-0.032865,0.16486,0.35805,0.46931,0.24944,0.33705,0.28226,0.01258,0.38037,0.092789,0.68067,0.76846,0.6343,0.50549,-0.2316,-0.19615,0.12251,0.31844,0.4255,0.73696,0.17018,-0.073216,-0.36189,-0.15144,-0.18946,-0.21625,-0.012391,-0.23295,-0.41498,-0.29909,-0.056532,0.27947,0.59552,0.54732,0.030334,0.53354,-0.53768,-0.20305,0.27706,0.46611,0.088924,0.18946,-0.48389,0.30061,0.023189,0.26937,0.21725,0.31448,0.32797,-0.38411,-0.4116,0.66064,0.15855,1.1722,0.95521,-0.13542,-0.12941,0.38834,0.085706,0.05034,-0.11698,-0.50719,-0.2145,0.058833,-0.1381,0.58517,0.77397,0.17513,0.18862,0.71614,0.72985,1.0781,1.161,0.74367,0.96893,1.2173,0.60265,1.1773,0.76109,0.89617,0.39139,0.48255,0.49139,0.2122,0.098051,-0.013928,-0.26592,-0.11668,0.079156,0.50657,0.42467,0.17887,-0.028325,0.16994,0.0037714,0.38034,0.44024,-0.53558,-0.19066
0.14139,0.093983,1.8869,0,0.072176,-0.01369,0.052578,0.16572,0.27642,0.42435,0.24724,0.28235,0.18519,-0.086045,0.32247,-0.0076496,0.53239,0.67663,0.48926,0.37222,-0.27607,-0.3142,0.087211,0.20473,0.37724,0.58208,0.070555,-0.19972,-0.27653,-0.12886,-0.078811,-0.10725,-0.067241,-0.25652,-0.30634,-0.19836,-0.0019115,0.29267,0.47594,0.43226,0.018573,0.40538,-0.34065,-0.11048,0.11935,0.31374,0.11151,0.24857,-0.48474,0.14087,-0.081186,0.18734,0.23009,0.31535,0.44209,-0.34673,-0.34813,0.72386,0.28139,1.1443,0.82467,-0.16806,-0.1974,0.41064,0.054715,0.11903,-0.012953,-0.42136,-0.26779,0.041434,-0.21258,0.43306,0.72691,0.23269,0.24262,0.63366,0.67742,0.84212,0.97256,0.53878,0.76884,1.1407,0.6308,1.1143,0.82251,0.72169,0.28628,0.49817,0.46203,0.13629,0.024895,0.0014407,-0.22055,-0.0094154,0.14049,0.43484,0.39359,0.2336,0.11214,0.2333,0.060999,0.51125,0.39525,-0.41198,-0.088167
0.78687,-0.27514,0.098586,0.072176,0,0.29523,0.20989,-0.46571,0.38006,-0.26422,0.079084,0.48622,0.19022,0.16947,0.47637,0.46169,0.23715,0.60576,-0.03189,0.75783,0.4239,0.43248,0.49059,0.44439,-0.16775,0.30877,0.68618,0.84813,-0.16593,-0.41354,-0.34438,-0.59522,0.16945,-0.051987,-0.27108,-0.51743,-0.3862,-0.53263,-0.16172,0.050212,0.33489,0.47078,-0.2311,-0.33141,0.039707,0.12134,-0.092718,0.103,0.31127,0.13937,-0.14787,0.28916,0.73022,0.31953,-0.059755,0.38217,0.39414,0.24005,0.10377,0.28934,0.16267,-0.49461,-0.42299,-0.36895,-0.37721,-0.23945,-0.20777,-0.58869,-0.5291,-0.65764,-0.62821,-0.21355,-0.21298,-0.51016,-0.71929,0.45355,0.069632,0.035965,0.20683,0.11612,0.18851,-0.0071529,0.069703,0.23578,0.44771,0.10644,0.34833,0.38386,0.39348,0.10579,-0.064808,0.51896,0.19632,0.15826,-0.12622,0.20756,0.023137,0.30481,-0.14394,-0.40035,-0.70857,-0.091942,-0.32548,0.042426,-0.21583
0.46391,0.57979,-0.018371,-0.01369,0.29523,0,-0.026045,0.27804,0.22622,0.33922,-0.025973,0.83008,0.26928,0.28529,0.07018,0.13536,-0.24335,-0.3476,-0.38878,0.10449,-0.32293,-0.27481,-0.18466,0.54751,-0.10212,0.079348,0.39226,0.22498,0.22589,0.62822,0.2348,0.27775,0.15468,0.22231,-0.052596,0.36255,0.014996,0.19417,-0.14679,0.31016,0.15064,0.72012,0.029007,0.66609,0.29743,0.45258,-0.12798,-0.012872,0.2455,-0.035522,-0.30808,-0.10314,0.33517,0.90143,0.50304,0.16066,0.23284,0.15914,0.26091,0.29262,0.41199,0.19903,0.20627,-0.0070148,0.28489,-0.046341,-0.044189,-0.16576,-0.21144,0.013206,-0.22887,0.14856,0.20299,0.090001,0.027096,0.31584,0.24974,-0.18077,-0.20626,-0.1941,-0.20008,-0.18871,-0.37099,-0.28018,-0.3728,-0.33112,-0.38904,0.051314,0.097624,0.099077,0.20751,-0.28299,-0.12559,-0.21589,0.2303,0.27029,0.25799,-0.075764,0.2476,-0.56829,-0.10366,-0.36025,-0.38756,-0.10639,-0.40874
0.13129,-0.21929,-0.032865,0.052578,0.20989,-0.026045,0,0.48041,0.20897,0.023324,0.25857,0.28274,-0.58626,-0.66941,-0.2117,-0.40304,-0.31681,0.12367,0.073876,0.13846,-0.15875,-0.22455,0.58953,0.11862,0.46944,0.21251,0.25219,-0.0012083,0.52341,-0.012811,0.40652,-0.08928,-0.3302,-0.26988,-0.05283,-0.090409,0.22793,0.2795,0.20645,0.33318,0.87981,0.16666,0.14341,-0.16432,-0.39453,-0.53162,-0.062038,0.090974,-0.29652,-0.6225,-0.64227,-0.5808,0.47147,0.034668,0.044746,-0.1404,-0.059902,-0.086255,-0.086818,0.22305,-0.095618,-0.43847,-0.38897,-0.1497,-0.49178,0.080502,0.10804,0.11513,-0.0025405,-0.005541,-0.27399,-0.45207,-0.19387,0.061831,-0.038494,0.40134,0.19662,-0.2152,-0.16765,-0.084164,0.05691,-0.10741,-0.20597,0.10524,0.20265,0.034006,0.04277,-0.0087627,-0.19737,-0.29811,-0.31938,0.050428,-0.0091955,0.58918,0.02966,-0.36275,-0.48125,-0.16169,0.07265,0.02786,-0.40538,0.25925,-0.22954,0.05057,-0.077014
0.058772,0.64596,0.16486,0.16572,-0.46571,0.27804,0.48041,0,0.35398,0.72347,0.37839,0.48595,-0.22746,-0.25362,-0.2588,-0.37603,-0.13479,-0.332,0.24672,-0.072006,-0.66843,-0.64844,0.056976,0.18486,0.72994,0.25986,0.10363,-0.41603,0.23636,0.5396,0.54499,0.34536,-0.28411,-0.12937,-0.029877,0.34833,0.29583,1.0573,0.51148,0.87815,0.33801,0.39223,-0.019728,0.32195,0.18449,0.11442,-0.079722,-0.065965,-0.64021,-0.20029,-0.22167,-0.7144,0.017192,0.26973,0.37694,-0.5782,-0.51499,-0.058662,-0.12025,0.36786,0.35454,0.17898,0.20039,0.27095,0.26523,0.11617,0.016868,0.28649,0.26866,0.53093,0.18477,0.22554,0.36462,0.46569,0.50731,0.35745,0.55143,0.0034406,-0.12793,-0.044774,0.12267,0.017592,-0.33943,-0.0039378,-0.22852,0.070614,-0.1921,-0.10684,-0.26084,0.076736,0.19565,-0.59781,-0.40926,0.18476,0.4217,-0.070925,-0.15184,-0.57109,0.14652,-0.036309,0.12857,0.034655,0.033676,-0.31322,-0.2561
0.56513,0.12113,0.35805,0.27642,0.38006,0.22622,0.20897,0.35398,0,0.3733,0.53929,0.62419,0.2834,0.2952,0.85795,0.53238,0.59259,0.33711,0.44606,0.63962,0.30552,0.25149,0.78304,0.76408,0.55266,0.74238,0.79542,0.46931,-0.24678,-0.017238,-0.11401,-0.29306,0.19267,-0.052022,-0.16755,-0.17612,-0.12758,0.26711,0.40063,0.65411,0.55995,0.80338,-0.29243,-0.048482,0.45794,0.4803,-0.24283,-0.081187,-0.24337,0.2995,-0.14781,0.010573,0.26312,0.29231,0.059692,-0.1751,-0.17446,0.2172,0.058626,0.5514,0.80686,-0.018999,0.060702,-0.0016631,0.09121,-0.29562,-0.43165,-0.21731,-0.019763,-0.26865,-0.22524,0.026447,0.10406,-0.3534,-0.35343,0.55602,0.49754,0.34658,0.18215,0.30542,0.45447,0.18014,-0.079514,0.2642,0.2078,0.40296,0.24116,0.35121,0.33426,0.10572,0.13697,0.041516,-0.26078,0.21386,0.26236,0.30657,-0.049699,-0.1792,-0.13894,0.0086404,-0.089169,0.1022,0.27995,-0.33478,-0.37118
0.11225,0.39806,0.46931,0.42435,-0.26422,0.33922,0.023324,0.72347,0.3733,0,0.18912,0.46813,0.092126,0.058756,0.17377,-0.025412,0.10857,-0.056535,0.25498,0.11095,-0.41358,-0.23896,0.015595,0.52648,0.50336,0.6171,0.067436,-0.31868,0.26655,0.73618,0.39238,0.24941,-0.068557,-0.077251,-0.15126,0.17442,0.1797,0.6235,0.37275,0.54914,0.091769,0.44281,-0.24873,0.25073,0.43358,0.52767,0.0073186,0.040655,-0.086614,0.093166,-0.057776,-0.022233,0.13746,0.45089,0.33787,-0.3088,-0.57531,0.15207,0.036072,0.65803,0.5844,0.51984,0.45919,0.37141,0.3935,0.047772,-0.077967,0.14142,0.27122,0.62807,0.25048,0.59789,0.79399,0.44862,0.47252,0.42479,0.32744,0.34477,0.25049,0.098941,0.20868,0.31805,-0.19552,0.10885,-0.11663,0.19319,-0.16071,0.11924,0.057316,0.29721,0.22237,-0.25039,-0.23896,-0.06207,0.22498,0.26275,0.16505,-0.056446,0.075437,0.17984,0.24294,0.11708,0.14047,-0.62387,-0.58129
-0.032399,0.019116,0.24944,0.24724,0.079084,-0.025973,0.25857,0.37839,0.53929,0.18912,0,0.47205,0.464,0.29898,0.23576,-0.17379,0.45467,0.24001,0.80013,0.31266,-0.20626,-0.0066169,0.18934,-0.039678,0.5764,0.57634,0.13645,-0.15097,-0.1358,-0.045882,0.39889,0.064178,0.43234,0.3032,0.37993,0.0074633,0.50815,0.52833,0.75055,0.52487,-0.02895,0.14364,-0.049957,-0.22002,0.46477,0.34854,-0.46629,-0.37668,-0.64331,0.25232,0.14702,-0.22933,-0.33216,-0.15048,-0.13944,-1.0911,-0.84003,-0.25136,-0.52742,0.41788,0.15867,0.10753,0.29295,-0.062388,0.081235,-0.42751,-0.33365,0.2005,0.092422,0.119,0.20774,0.13532,0.1433,-0.13011,-0.20657,0.38986,0.76606,0.48041,0.40333,0.54985,0.68258,0.27842,0.1786,0.24089,0.43497,0.62291,0.58679,-0.21078,-0.15711,-0.22502,-0.36988,-0.50401,-1.0057,0.25097,-0.0082131,0.018112,-0.36741,-0.71373,-0.63277,-0.18253,-0.0075697,0.24846,0.055538,-0.33776,-0.19783
0.55253,0.34468,0.33705,0.28235,0.48622,0.83008,0.28274,0.48595,0.62419,0.46813,0.47205,0,0.30465,0.22537,0.2772,0.1289,0.26497,0.15532,0.2897,0.64862,-0.30797,-0.12045,0.27673,0.69918,0.42588,0.67548,0.7636,0.27546,-0.029413,0.13374,0.1083,-0.15785,0.11822,0.044155,-0.30933,-0.13451,0.012918,0.36403,0.46468,1.0921,0.40485,1.2317,-0.39729,-0.018636,0.47059,0.60307,-0.16999,0.020723,-0.2034,0.22839,-0.070825,-0.21152,0.48697,0.89697,0.43469,-0.29223,-0.22948,0.24266,0.017851,0.81534,0.68222,-0.075035,0.030742,0.021467,0.17289,-0.12237,-0.12052,-0.24333,-0.28974,0.091851,-0.22484,0.32791,0.29825,0.052681,-0.057318,1.0986,0.713,0.27633,0.2471,0.24129,0.40322,0.17608,-0.075004,0.23034,0.16938,0.25367,0.15986,0.23062,0.19876,0.23853,0.15842,-0.28323,-0.37187,0.11387,0.26826,0.20715,-0.067725,-0.23032,-0.23282,-0.6796,-0.40302,-0.17665,-0.32978,-0.39822,-0.55828
0.0066355,0.045406,0.28226,0.18519,0.19022,0.26928,-0.58626,-0.22746,0.2834,0.092126,0.464,0.30465,0,1.3074,0.64273,0.22847,0.65202,0.19775,0.37412,0.2324,0.023561,0.24485,-0.19317,0.12412,0.011523,0.35008,0.077122,0.18027,-0.34063,0.052325,-0.066584,0.08214,1.267,0.72814,0.33418,0.074301,0.30599,0.12606,0.37713,0.14195,-0.41838,0.20008,-0.1446,-0.00092131,0.83315,1.0428,-0.53963,-0.51851,0.025931,0.75839,0.4501,0.4623,-0.36839,0.034443,-0.20941,-0.38897,-0.35128,-0.12012,-0.26223,0.32838,0.33114,0.31252,0.53899,-0.19023,0.21745,-0.67767,-0.57676,-0.11513,-0.21261,-0.063576,0.1144,0.41533,0.1152,-0.44175,-0.41088,0.14769,0.39086,0.6172,0.45397,0.65018,0.38248,0.33917,0.22131,0.059597,0.16388,0.31334,0.20131,-0.18063,0.04021,-0.17148,-0.1779,-0.30243,-0.5645,-0.46196,-0.22911,0.42666,0.13079,-0.18751,-0.5657,-0.19432,0.18744,0.13344,0.21448,-0.39026,-0.20904
0.1058,0.06806,0.01258,-0.086045,0.16947,0.28529,-0.66941,-0.25362,0.2952,0.058756,0.29898,0.22537,1.3074,0,0.69782,0.35556,0.50015,-0.013889,0.21348,0.15858,0.28079,0.39447,-0.080312,0.11837,0.038426,0.21987,0.15412,0.18773,-0.32665,0.15364,-0.041904,0.089058,1.0416,0.76027,0.30012,0.1067,0.11848,-0.0083839,0.21383,0.083315,-0.31055,0.13824,-0.030197,0.090484,0.87338,0.89252,-0.65645,-0.62837,0.24907,0.7228,0.45766,0.45774,-0.34462,0.077539,-0.2388,-0.21218,-0.18854,-0.23017,-0.2652,0.076001,0.27012,0.44523,0.48236,-0.24852,0.23927,-0.79319,-0.69779,0.11884,-0.17608,-0.13834,0.07698,0.30571,-0.11037,-0.49258,-0.53739,-0.070845,0.18835,0.28343,0.14959,0.25674,0.17646,0.083532,0.022644,-0.19489,-0.059188,0.090751,0.076736,-0.2813,-0.011534,-0.12519,-0.18854,-0.116,-0.21971,-0.37577,-0.058515,0.45882,0.17712,-0.18013,-0.45127,-0.18497,0.10437,-0.056563,0.010356,-0.15722,-0.12398
0.34562,-0.25325,0.38037,0.32247,0.47637,0.07018,-0.2117,-0.2588,0.85795,0.17377,0.23576,0.2772,0.64273,0.69782,0,0.75401,0.76918,0.48181,0.29771,0.50302,0.69534,0.64899,0.52527,0.55329,0.22812,0.58613,0.46766,0.57043,-0.30229,-0.15827,-0.30673,-0.3138,0.55863,0.24155,-0.048413,-0.20352,-0.10759,-0.049281,0.22314,0.16012,0.20517,0.41149,-0.1969,-0.12696,0.42309,0.56747,-0.27658,-0.096626,0.15825,0.48638,0.094206,0.54439,0.14375,0.1874,-0.11433,0.023023,-0.013436,0.29487,0.20381,0.47032,0.6682,0.10476,0.12823,-0.071853,0.045358,-0.40331,-0.42882,-0.19491,-0.29602,-0.31144,-0.21942,0.095389,-0.030713,-0.58255,-0.58176,0.25902,0.16379,0.50414,0.37103,0.39168,0.33925,0.34527,0.19617,0.22803,0.31512,0.33385,0.183,0.33697,0.47172,-0.032649,-0.088217,0.29672,-0.056059,-0.038922,0.012211,0.38493,0.074517,0.22334,-0.25137,0.21005,0.053199,0.30292,0.3898,-0.31928,-0.26451
0.36682,-0.052785,0.092789,-0.0076496,0.46169,0.13536,-0.40304,-0.37603,0.53238,-0.025412,-0.17379,0.1289,0.22847,0.35556,0.75401,0,0.47743,0.337,0.01283,0.59919,0.80895,0.73105,0.43799,0.72482,-0.17776,0.18328,0.65833,0.82375,-0.47203,-0.26191,-0.75381,-0.58873,0.038082,-0.20932,-0.449,-0.39892,-0.71274,-0.56253,-0.25457,-0.026078,0.17733,0.41519,-0.42977,-0.12312,0.34888,0.40775,0.22749,0.28449,0.3917,0.46071,0.052288,0.42794,0.33621,0.34524,0.12818,0.5148,0.33057,0.48632,0.38133,0.017111,0.38021,0.069367,0.08909,0.12855,0.17244,0.016131,-0.077932,-0.49158,0.038354,-0.38396,-0.13213,0.15188,0.12896,-0.17693,-0.17417,0.015651,-0.27221,0.18637,0.050951,0.087787,0.081156,0.069708,0.12973,0.19768,0.1087,0.12275,0.12785,0.58343,0.68796,0.47739,0.48224,0.34261,0.2504,-0.0088662,0.071271,0.16838,0.13899,0.17024,-0.024319,-0.024029,0.01662,-0.33283,0.13629,0.040336,-0.11077
0.11682,-0.090505,0.68067,0.53239,0.23715,-0.24335,-0.31681,-0.13479,0.59259,0.10857,0.45467,0.26497,0.65202,0.50015,0.76918,0.47743,0,0.85468,1.0425,0.77914,0.24857,0.37611,0.36991,0.25725,0.33379,0.68533,0.37072,0.22418,-0.92582,-0.55039,-0.60726,-0.62725,0.28991,-0.10412,-0.29517,-0.64958,-0.23574,-0.036541,0.6239,0.42065,-0.10028,0.34421,-0.78419,-0.63546,0.55815,0.69669,-0.070117,-0.03446,-0.32585,1.1545,0.6176,0.42818,-0.035792,0.063122,-0.060135,-0.38436,-0.47295,0.32648,-0.082202,0.49779,0.57871,-0.14063,-0.0067395,0.07383,0.12322,-0.25575,-0.355,-0.45469,-0.16431,-0.26374,-0.087977,0.39454,0.26749,-0.2755,-0.24179,0.46795,0.49205,1.0468,0.86685,0.82065,1.0494,0.81698,0.63473,0.81441,0.74451,1.0127,0.7205,0.40733,0.46857,0.30249,0.16159,0.10751,-0.24629,-0.002583,0.05508,0.44539,0.10341,0.021126,-0.54125,-0.047719,-0.077689,0.12276,0.36471,-0.41833,-0.12154
0.19894,-0.44814,0.76846,0.67663,0.60576,-0.3476,0.12367,-0.332,0.33711,-0.056535,0.24001,0.15532,0.19775,-0.013889,0.48181,0.337,0.85468,0,0.72306,1.0624,0.2781,0.42453,0.56724,0.28187,0.24323,0.75404,0.36328,0.31043,-0.45274,-0.75767,-0.53354,-0.86605,-0.026034,-0.38634,-0.44046,-0.95879,-0.31691,-0.33772,0.2937,0.18661,0.11141,0.27861,-0.68184,-0.90164,0.16435,0.228,0.090565,0.1744,-0.1458,0.41811,0.15303,0.5296,0.35429,-0.0052981,-0.13726,-0.082778,-0.20385,0.3989,-0.057781,0.52653,0.27859,-0.49596,-0.33009,-0.040131,-0.39384,-0.1014,-0.19233,-0.70889,-0.19039,-0.35696,-0.24201,0.15647,0.24599,-0.19801,-0.24635,0.53818,0.30205,0.74844,0.97766,0.74127,0.93887,0.84645,0.69757,1.1999,1.415,0.99774,0.89786,0.50324,0.45055,0.20529,-0.019924,0.46142,0.036498,0.12538,-0.23551,0.33693,0.14493,0.30805,-0.31081,0.059049,-0.33846,0.28496,0.21608,-0.31831,-0.1667
-0.10716,-0.099087,0.6343,0.48926,-0.03189,-0.38878,0.073876,0.24672,0.44606,0.25498,0.80013,0.2897,0.37412,0.21348,0.29771,0.01283,1.0425,0.72306,0,0.65844,-0.073983,0.18157,0.40549,0.104,0.86565,0.92522,0.21535,-0.12083,-0.46364,-0.35473,-0.10417,-0.3715,0.13675,-0.094457,-0.1483,-0.50141,0.11054,0.27632,1.1372,0.69806,0.0082003,0.23996,-0.60725,-0.7177,0.59958,0.50975,-0.23597,-0.24139,-0.62274,0.60677,0.43898,0.09367,-0.16149,-0.10885,-0.15126,-0.94509,-1.0874,-0.036126,-0.54019,0.49332,0.31864,-0.094066,0.10047,0.030656,-0.053484,-0.32188,-0.38995,-0.088403,0.1418,0.11395,0.20535,0.46424,0.32482,-0.042045,-0.047562,0.51412,0.68419,0.98154,0.80929,0.9259,1.3387,0.77446,0.44796,0.7609,0.74953,1.3063,0.854,0.0099082,0.0067244,0.10151,-0.067314,-0.17326,-0.457,0.10661,-0.063856,0.22697,-0.10331,-0.34625,-0.70246,-0.011951,-0.088924,0.25726,0.25519,-0.49994,-0.15776
0.38694,-0.17459,0.50549,0.37222,0.75783,0.10449,0.13846,-0.072006,0.63962,0.11095,0.31266,0.64862,0.2324,0.15858,0.50302,0.59919,0.77914,1.0624,0.65844,0,0.24419,0.48535,0.75707,0.72585,0.37078,0.99764,0.9446,0.55349,-0.39959,-0.4567,-0.48193,-1.0001,-0.071087,-0.38635,-0.68954,-0.97159,-0.47832,-0.26919,0.29614,0.53271,0.32705,0.76174,-0.98237,-0.68776,0.45788,0.49465,0.082001,0.19194,-0.062336,0.57762,0.12385,0.33891,0.51388,0.3784,0.062224,-0.052027,-0.17214,0.40624,-0.041399,0.48588,0.45366,-0.32155,-0.17652,0.0020609,-0.13902,-0.085538,-0.18432,-0.70754,-0.095446,-0.33207,-0.24025,0.24713,0.30691,-0.096621,-0.2211,0.78601,0.41098,0.5516,0.59974,0.54892,0.86663,0.56667,0.40388,0.78784,0.75676,0.83721,0.83646,0.54134,0.52264,0.4291,0.19606,0.28916,-0.0044389,0.1861,0.016618,0.40437,0.12723,0.075351,-0.38609,-0.35718,-0.55467,-0.18174,-0.10756,-0.33641,-0.43537
0.22631,-0.50745,-0.2316,-0.27607,0.4239,-0.32293,-0.15875,-0.66843,0.30552,-0.41358,-0.20626,-0.30797,0.023561,0.28079,0.69534,0.80895,0.24857,0.2781,-0.073983,0.24419,0,1.1022,0.60458,0.13763,-0.098452,0.0021299,0.23946,0.6646,-0.2722,-0.42474,-0.5141,-0.45517,0.14324,0.024628,-0.074149,-0.32145,-0.48476,-0.6825,-0.32991,-0.3762,0.21658,-0.11391,0.045312,-0.23273,0.017182,-0.076191,-0.063312,-0.011285,0.45215,0.13513,-0.0052187,0.50684,0.10999,-0.23096,-0.43422,0.5538,0.45194,0.030348,0.12976,-0.34039,-0.051964,-0.0275,-0.15648,-0.17121,-0.20191,-0.21336,-0.20433,-0.049012,-0.12745,-0.5374,-0.12547,-0.29457,-0.51128,-0.61423,-0.65883,-0.32733,-0.47945,-0.1436,-0.16304,-0.12422,-0.13234,-0.17145,0.051051,-0.070244,0.1031,-0.056773,0.14422,0.18036,0.25316,-0.0019793,-0.071996,0.80675,0.52636,0.21843,-0.0095587,0.067993,-0.034409,0.2909,-0.099297,0.32612,-0.028857,0.032141,0.20493,0.2744,0.14269
0.047727,-0.64219,-0.19615,-0.3142,0.43248,-0.27481,-0.22455,-0.64844,0.25149,-0.23896,-0.0066169,-0.12045,0.24485,0.39447,0.64899,0.73105,0.37611,0.42453,0.18157,0.48535,1.1022,0,0.4993,0.26166,-0.010335,0.31267,0.30374,0.68584,-0.17909,-0.42061,-0.43299,-0.554,0.23772,0.11834,-0.046525,-0.42953,-0.3024,-0.62694,-0.16879,-0.26116,0.045306,-0.035282,-0.22259,-0.47377,0.27597,0.20387,-0.10435,-0.11273,0.52856,0.38883,0.29139,0.65136,-0.013001,-0.24821,-0.6329,0.29523,0.14916,-0.1207,-0.16371,-0.23893,-0.15039,0.043829,0.16841,-0.33016,-0.25548,-0.31551,-0.26061,-0.088823,0.088302,-0.2584,0.12752,-0.086447,-0.30157,-0.56659,-0.60638,-0.1529,-0.35868,0.12195,0.11736,0.21475,0.083298,-0.007374,0.083377,-0.044017,0.14567,0.18892,0.39963,0.061475,0.13595,0.059131,-0.054981,0.48584,0.22568,-0.013535,-0.36014,0.089336,-0.092559,0.21034,-0.46473,0.047149,-0.11132,-0.058961,0.091541,-0.12754,-0.26593
0.2975,-0.4455,0.12251,0.087211,0.49059,-0.18466,0.58953,0.056976,0.78304,0.015595,0.18934,0.27673,-0.19317,-0.080312,0.52527,0.43799,0.36991,0.56724,0.40549,0.75707,0.60458,0.4993,0,0.5888,0.57918,0.58269,0.81674,0.51959,-0.056055,-0.3665,-0.22836,-0.73707,-0.13978,-0.37137,-0.43203,-0.67641,-0.27808,-0.11746,0.26544,0.3809,1.0633,0.42237,-0.29874,-0.54049,0.034834,-0.050146,-0.066333,0.10739,-0.030585,0.046922,-0.27641,-0.019693,0.57159,0.15442,-0.044705,0.065722,-0.0075725,0.16397,0.03518,0.20749,0.25501,-0.37341,-0.3581,-0.12129,-0.35963,-0.13001,-0.18822,-0.14857,0.025892,-0.38791,-0.36778,-0.25449,-0.20513,-0.28008,-0.38436,0.42998,0.072674,0.13621,0.041516,0.13731,0.35469,0.11245,0.019553,0.35742,0.42909,0.36062,0.35005,0.34478,0.27451,0.010962,-0.088588,0.47235,0.23705,0.54006,0.10671,-0.0085449,-0.27093,0.029125,-0.18807,0.12127,-0.4478,0.098697,-0.014404,0.043736,-0.074279
0.43602,0.024151,0.31844,0.20473,0.44439,0.54751,0.11862,0.18486,0.76408,0.52648,-0.039678,0.69918,0.12412,0.11837,0.55329,0.72482,0.25725,0.28187,0.104,0.72585,0.13763,0.26166,0.5888,0,0.21897,0.63459,1.1186,0.66526,0.088538,0.15397,-0.22054,-0.43702,-0.046922,-0.26887,-0.6017,-0.31005,-0.26405,0.018001,0.11078,0.49084,0.67831,1.1769,-0.56537,-0.037837,0.31689,0.47484,0.11961,0.2695,0.2472,0.22902,-0.25014,0.094916,0.74581,0.86508,0.3681,0.21652,0.080073,0.47984,0.32917,0.52775,0.70902,-0.025693,0.11109,0.047448,0.054376,0.030046,-0.10511,-0.46983,0.1173,-0.1193,-0.31295,0.15857,0.32049,0.00040944,-0.022891,0.63489,0.11137,0.31463,0.13943,0.23513,0.23485,0.18389,-0.15379,0.22067,0.014967,0.2034,-0.022268,0.53776,0.53576,0.29229,0.35836,0.087939,0.033881,-0.10781,0.014741,0.19115,0.095159,0.1269,0.030731,-0.16387,-0.25589,-0.23191,-0.062245,-0.32738,-0.5857
0.011861,0.021993,0.4255,0.37724,-0.16775,-0.10212,0.46944,0.72994,0.55266,0.50336,0.5764,0.42588,0.011523,0.038426,0.22812,-0.17776,0.33379,0.24323,0.86565,0.37078,-0.098452,-0.010335,0.57918,0.21897,0,0.8901,0.24842,-0.20263,0.024476,0.084003,0.30903,-0.039782,-0.05111,-0.020221,-0.11446,-0.10352,0.22591,0.63957,0.95844,0.97043,0.46314,0.38692,-0.17872,-0.18959,0.41674,0.27338,-0.38048,-0.2847,-0.5419,0.050168,-0.06306,-0.15202,0.00527,0.07518,-0.0028215,-0.75838,-0.72266,-0.095718,-0.34585,0.48537,0.44183,0.046441,0.049851,0.077676,-0.083172,-0.24957,-0.31524,0.2759,0.094842,0.29615,0.14413,0.2726,0.16269,0.067398,0.015909,0.48255,0.70234,0.36621,0.26633,0.32795,0.60071,0.40852,0.037756,0.31867,0.29574,0.56892,0.29775,-0.12799,-0.18181,-0.10428,-0.20408,-0.15204,-0.24878,0.2654,0.22797,0.21023,-0.082026,-0.34291,-0.2726,0.15256,-0.067658,0.35979,0.16201,-0.42202,-0.24872
0.20843,-0.141,0.73696,0.58208,0.30877,0.079348,0.21251,0.25986,0.74238,0.6171,0.57634,0.67548,0.35008,0.21987,0.58613,0.18328,0.68533,0.75404,0.92522,0.99764,0.0021299,0.31267,0.58269,0.63459,0.8901,0,0.49904,0.17797,-0.07108,-0.046285,0.0080152,-0.37477,0.11954,-0.067002,-0.30238,-0.42734,0.024875,0.26654,0.6922,0.74208,0.27787,0.67502,-0.63093,-0.41581,0.60479,0.65148,-0.18604,-0.074974,-0.21811,0.42418,0.090117,0.30708,0.20859,0.2303,-0.067467,-0.45203,-0.59944,0.16749,-0.2176,0.82986,0.6111,0.008521,0.1306,0.034234,-0.063448,-0.25117,-0.34285,-0.2306,0.011651,0.08948,0.032963,0.39348,0.43281,-0.073442,-0.15104,0.88986,0.71226,0.79474,0.79896,0.73622,0.98117,0.74208,0.24538,0.58542,0.56016,0.97454,0.64134,0.22992,0.2245,0.13957,-0.063053,0.048637,-0.30356,0.06588,-0.021241,0.50316,0.11734,-0.00014258,-0.45474,-0.041849,-0.23912,0.21306,0.15492,-0.8365,-0.74601
0.52503,-0.05592,0.17018,0.070555,0.68618,0.39226,0.25219,0.10363,0.79542,0.067436,0.13645,0.7636,0.077122,0.15412,0.46766,0.65833,0.37072,0.36328,0.21535,0.9446,0.23946,0.30374,0.81674,1.1186,0.24842,0.49904,0,0.80364,-0.16377,-0.212,-0.36059,-0.75569,-0.072089,-0.3032,-0.62871,-0.5439,-0.39888,-0.11641,0.18542,0.5953,0.79956,1.1119,-0.59103,-0.28664,0.2141,0.29368,0.008033,0.18238,0.069791,0.3247,-0.10616,-0.076282,0.71247,0.73404,0.3012,0.11023,0.15895,0.39948,0.18341,0.37047,0.55006,-0.39691,-0.2051,-0.16977,-0.12302,-0.074575,-0.17975,-0.51115,-0.034147,-0.46583,-0.61059,-0.091452,-0.01807,-0.19634,-0.29345,0.6624,0.24169,0.23225,0.11297,0.24736,0.39415,0.10175,-0.049076,0.28155,0.17907,0.29368,0.23299,0.48195,0.51087,0.21804,0.23929,0.13101,0.051182,0.026787,0.049544,0.12402,-0.028989,-0.0075461,-0.10284,-0.51107,-0.70806,-0.39907,-0.33597,-0.10587,-0.3405
0.41537,-0.34417,-0.073216,-0.19972,0.84813,0.22498,-0.0012083,-0.41603,0.46931,-0.31868,-0.15097,0.27546,0.18027,0.18773,0.57043,0.82375,0.22418,0.31043,-0.12083,0.55349,0.6646,0.68584,0.51959,0.66526,-0.20263,0.17797,0.80364,0,-0.13709,-0.39543,-0.64857,-0.69745,0.21031,0.016871,-0.35756,-0.43306,-0.39242,-0.39292,-0.16209,0.004158,0.47544,0.50698,-0.31641,-0.24854,0.012299,0.10158,0.101,0.21673,0.30392,0.23332,-0.10466,0.25688,0.42837,0.21847,-0.14098,0.51052,0.57304,0.2801,0.28857,0.0081468,0.2214,-0.28559,-0.16912,-0.19542,-0.09056,-0.034701,-0.028116,-0.59785,-0.26326,-0.57284,-0.38322,-0.2621,-0.30138,-0.57519,-0.61972,0.2719,-0.12649,0.053855,-0.0133,0.21454,0.034435,-0.12173,0.004798,0.027745,0.031323,0.045912,0.1866,0.44929,0.54702,0.056119,0.1447,0.35065,0.10626,-0.021645,-0.10398,0.025119,-0.10004,0.23702,-0.22572,-0.27407,-0.40542,-0.30708,0.013379,-0.015727,-0.26523
-0.3059,-0.27478,-0.36189,-0.27653,-0.16593,0.22589,0.52341,0.23636,-0.24678,0.26655,-0.1358,-0.029413,-0.34063,-0.32665,-0.30229,-0.47203,-0.92582,-0.45274,-0.46364,-0.39959,-0.2722,-0.17909,-0.056055,0.088538,0.024476,-0.07108,-0.16377,-0.13709,0,0.72314,0.81601,0.42232,-0.030634,0.17057,0.2769,0.40745,0.60085,0.30766,-0.1571,-0.18413,0.29464,-0.1587,0.43829,0.30766,-0.37812,-0.42646,-0.016273,0.024039,0.30439,-0.68011,-0.54479,-0.26983,0.076119,-0.01391,-0.059474,0.086488,0.055804,-0.29814,0.016671,-0.10492,-0.33864,0.26301,0.23231,-0.091378,-0.13211,0.14346,0.24974,0.47302,0.26934,0.35181,0.086271,-0.33741,-0.12038,0.21136,0.14154,-0.069793,-0.24553,-0.37464,-0.40721,-0.27418,-0.47102,-0.30617,-0.46037,-0.5501,-0.47313,-0.41583,-0.48031,-0.31916,-0.32416,-0.52764,-0.45687,-0.11557,0.00047281,-0.0017175,-0.21787,-0.36358,-0.25596,0.021734,0.14808,0.17566,0.0042542,0.092968,-0.26035,-0.014731,-0.26283
-0.060944,0.45401,-0.15144,-0.12886,-0.41354,0.62822,-0.012811,0.5396,-0.017238,0.73618,-0.045882,0.13374,0.052325,0.15364,-0.15827,-0.26191,-0.55039,-0.75767,-0.35473,-0.4567,-0.42474,-0.42061,-0.3665,0.15397,0.084003,-0.046285,-0.212,-0.39543,0.72314,0,0.84992,0.90521,0.12449,0.30917,0.33453,0.84923,0.45282,0.5197,-0.070099,0.055007,-0.032541,0.045451,0.3799,0.94331,0.22305,0.18129,-0.21871,-0.24706,0.21962,-0.27869,-0.32335,-0.14687,-0.12304,0.21936,0.16304,-0.071674,-0.15997,-0.28081,-0.037371,0.030636,0.079361,0.83794,0.62943,0.11853,0.33503,-0.072204,-0.095873,0.5124,0.29951,0.48017,0.26968,0.18181,0.24346,0.3336,0.32647,-0.15907,0.0095917,-0.27637,-0.40366,-0.35549,-0.412,-0.23735,-0.59946,-0.60573,-0.75127,-0.45287,-0.72389,-0.40945,-0.34941,-0.1757,-0.08117,-0.37657,-0.12092,-0.22442,0.12599,0.095359,0.16741,-0.23034,0.31583,0.14939,0.39009,-0.026165,-0.091389,-0.11142,-0.26005
-0.20174,0.14274,-0.18946,-0.078811,-0.34438,0.2348,0.40652,0.54499,-0.11401,0.39238,0.39889,0.1083,-0.066584,-0.041904,-0.30673,-0.75381,-0.60726,-0.53354,-0.10417,-0.48193,-0.5141,-0.43299,-0.22836,-0.22054,0.30903,0.0080152,-0.36059,-0.64857,0.81601,0.84992,0,1.021,0.16424,0.46865,0.72296,0.78936,0.97029,0.68477,0.14435,0.083631,0.020523,-0.19409,0.72942,0.51079,0.033156,-0.10309,-0.48811,-0.43558,-0.067293,-0.61648,-0.411,-0.47816,-0.26269,-0.080947,0.012075,-0.44378,-0.35296,-0.58813,-0.35374,0.061925,-0.21505,0.45198,0.40158,-0.090943,-0.017249,-0.24108,-0.10764,0.95819,0.27766,0.5825,0.31674,-0.040179,0.0021158,0.22005,0.14245,-0.10196,0.13786,-0.23735,-0.25142,-0.22002,-0.21891,-0.26618,-0.46433,-0.47619,-0.2902,-0.26275,-0.31483,-0.76023,-0.71828,-0.56473,-0.60028,-0.5416,-0.36522,0.061182,-0.058225,-0.21022,-0.22712,-0.47497,0.066582,0.11868,0.22737,0.30463,-0.21582,-0.0030101,-0.066689
-0.17668,0.48254,-0.21625,-0.10725,-0.59522,0.27775,-0.08928,0.34536,-0.29306,0.24941,0.064178,-0.15785,0.08214,0.089058,-0.3138,-0.58873,-0.62725,-0.86605,-0.3715,-1.0001,-0.45517,-0.554,-0.73707,-0.43702,-0.039782,-0.37477,-0.75569,-0.69745,0.42232,0.90521,1.021,0,0.25623,0.6438,0.92687,1.6967,0.72347,0.54507,-0.10055,-0.16231,-0.33818,-0.33972,1.0219,1.1236,0.068063,0.0068369,-0.43745,-0.49976,0.0028038,-0.55268,-0.27691,-0.27322,-0.5003,-0.15053,0.041079,-0.21302,-0.11181,-0.50274,-0.16227,-0.10252,-0.1651,0.62013,0.50407,0.00022906,0.18274,-0.21439,-0.11288,0.78661,0.12097,0.56844,0.41976,0.097545,0.016962,0.15428,0.22978,-0.46217,-0.017711,-0.35116,-0.38372,-0.37412,-0.54167,-0.37642,-0.48363,-0.66522,-0.56451,-0.58445,-0.69187,-0.77302,-0.72408,-0.42846,-0.26311,-0.58769,-0.27523,-0.21107,0.018678,-0.082395,0.035888,-0.34299,0.32481,0.24853,0.72234,0.32989,0.10372,0.075968,0.14507
-0.078108,-0.18293,-0.012391,-0.067241,0.16945,0.15468,-0.3302,-0.28411,0.19267,-0.068557,0.43234,0.11822,1.267,1.0416,0.55863,0.038082,0.28991,-0.026034,0.13675,-0.071087,0.14324,0.23772,-0.13978,-0.046922,-0.05111,0.11954,-0.072089,0.21031,-0.030634,0.12449,0.16424,0.25623,0,1.2328,0.6635,0.23684,0.62046,0.21197,0.31149,-0.05278,-0.23507,-0.044242,0.24149,0.069757,0.42589,0.4564,-0.73611,-0.64811,0.088689,0.32289,0.18101,0.24016,-0.44055,-0.17926,-0.40671,-0.32041,-0.20754,-0.3871,-0.29547,0.11656,0.079931,0.34152,0.45929,-0.31944,0.11968,-0.78805,-0.52859,0.19778,-0.23094,-0.065836,0.099512,0.067757,-0.25975,-0.66343,-0.66651,-0.02113,0.16565,0.30736,0.13993,0.41414,0.097304,-0.0013918,0.0096398,-0.24292,-0.011577,0.039882,0.02985,-0.41503,-0.13336,-0.60473,-0.57606,-0.27625,-0.54279,-0.29766,-0.28493,0.10171,-0.17397,-0.24925,-0.60782,-0.014294,0.19385,0.26981,0.18875,-0.11392,-0.013763
-0.11349,-0.033504,-0.23295,-0.25652,-0.051987,0.22231,-0.26988,-0.12937,-0.052022,-0.077251,0.3032,0.044155,0.72814,0.76027,0.24155,-0.20932,-0.10412,-0.38634,-0.094457,-0.38635,0.024628,0.11834,-0.37137,-0.26887,-0.020221,-0.067002,-0.3032,0.016871,0.17057,0.30917,0.46865,0.6438,1.2328,0,0.93837,0.64685,0.75774,0.3301,0.15056,-0.11257,-0.2816,-0.17911,0.60045,0.36452,0.31683,0.27692,-0.82707,-0.77976,0.11822,-0.015917,0.080282,0.071919,-0.60901,-0.24185,-0.40794,-0.29779,-0.086036,-0.61138,-0.34828,-0.062412,-0.08654,0.49416,0.52729,-0.3148,0.11745,-0.67191,-0.37996,0.55544,-0.21377,0.22798,0.31301,0.05004,-0.36836,-0.48086,-0.49092,-0.23689,0.080079,-0.010835,-0.085299,0.1205,-0.18893,-0.26506,-0.21148,-0.61296,-0.30632,-0.23872,-0.16324,-0.76794,-0.44264,-0.69414,-0.61776,-0.42305,-0.48413,-0.32146,-0.22205,-0.0065042,-0.16737,-0.30906,-0.39755,-0.032076,0.29494,0.24968,0.092163,-0.078602,-0.035312
-0.29701,-0.017562,-0.41498,-0.30634,-0.27108,-0.052596,-0.05283,-0.029877,-0.16755,-0.15126,0.37993,-0.30933,0.33418,0.30012,-0.048413,-0.449,-0.29517,-0.44046,-0.1483,-0.68954,-0.074149,-0.046525,-0.43203,-0.6017,-0.11446,-0.30238,-0.62871,-0.35756,0.2769,0.33453,0.72296,0.92687,0.6635,0.93837,0,0.90673,0.89681,0.27203,-0.062861,-0.40058,-0.4171,-0.62444,1.0142,0.43934,0.057217,-0.049878,-0.7057,-0.78923,0.047081,-0.2746,-0.018764,-0.1031,-0.78962,-0.62681,-0.47833,-0.29484,-0.14963,-0.86712,-0.44684,-0.25117,-0.47613,0.39152,0.53799,-0.41465,-0.10269,-0.57011,-0.33416,0.7405,0.11883,0.18472,0.36447,-0.23372,-0.37038,-0.35031,-0.27514,-0.57339,-0.080938,-0.2233,-0.25693,-0.084682,-0.35327,-0.37348,-0.30956,-0.65765,-0.27678,-0.34626,-0.26093,-0.94475,-0.79652,-0.79403,-0.61175,-0.41432,-0.41549,-0.15699,-0.34972,-0.20036,-0.27443,-0.38923,-0.08224,0.20922,0.53681,0.47524,0.14925,0.054655,0.14346
-0.088348,0.49819,-0.29909,-0.19836,-0.51743,0.36255,-0.090409,0.34833,-0.17612,0.17442,0.0074633,-0.13451,0.074301,0.1067,-0.20352,-0.39892,-0.64958,-0.95879,-0.50141,-0.97159,-0.32145,-0.42953,-0.67641,-0.31005,-0.10352,-0.42734,-0.5439,-0.43306,0.40745,0.84923,0.78936,1.6967,0.23684,0.64685,0.90673,0,0.59508,0.49382,-0.21064,-0.18807,-0.25201,-0.24399,0.99729,1.4055,0.030405,-0.0015798,-0.38153,-0.43112,0.050908,-0.51401,-0.26437,-0.25834,-0.45881,-0.11781,0.020269,-0.094003,0.061608,-0.40595,-0.039116,-0.12732,-0.10734,0.57462,0.54847,-0.055242,0.18134,-0.16453,-0.087643,0.6492,0.086356,0.44378,0.33271,-0.021743,-0.071781,0.052205,0.16105,-0.51311,-0.057111,-0.42599,-0.48521,-0.38836,-0.65671,-0.45526,-0.55793,-0.80791,-0.7407,-0.68306,-0.82022,-0.62858,-0.60865,-0.41131,-0.13935,-0.55206,-0.25926,-0.28557,0.0063422,-0.11224,0.021018,-0.29216,0.4201,0.19931,0.72795,0.25554,0.15678,-0.0049578,0.015224
-0.54364,-0.14154,-0.056532,-0.0019115,-0.3862,0.014996,0.22793,0.29583,-0.12758,0.1797,0.50815,0.012918,0.30599,0.11848,-0.10759,-0.71274,-0.23574,-0.31691,0.11054,-0.47832,-0.48476,-0.3024,-0.27808,-0.26405,0.22591,0.024875,-0.39888,-0.39242,0.60085,0.45282,0.97029,0.72347,0.62046,0.75774,0.89681,0.59508,0,0.83129,0.46337,0.051455,-0.081603,-0.25705,0.52682,0.2093,0.028478,-0.019277,-0.52096,-0.49089,-0.22803,-0.27271,-0.13697,-0.35928,-0.51611,-0.27846,-0.17828,-0.71599,-0.51405,-0.5688,-0.38724,0.13813,-0.18498,0.34519,0.53037,-0.15804,0.0031169,-0.32375,-0.12296,0.66726,0.17457,0.50057,0.33068,-0.02349,-0.079528,-0.026198,-0.0064813,-0.026917,0.19189,0.15682,-0.0098203,0.26873,-0.018878,-0.03015,-0.15545,-0.3012,-0.13735,-0.03136,-0.19663,-0.73832,-0.57757,-0.98926,-0.79197,-0.77457,-0.78607,-0.15523,-0.34813,-0.36029,-0.47447,-0.50685,-0.31119,0.16647,0.33207,0.50821,0.099816,-0.1562,0.0023079
-0.18103,0.32295,0.27947,0.29267,-0.53263,0.19417,0.2795,1.0573,0.26711,0.6235,0.52833,0.36403,0.12606,-0.0083839,-0.049281,-0.56253,-0.036541,-0.33772,0.27632,-0.26919,-0.6825,-0.62694,-0.11746,0.018001,0.63957,0.26654,-0.11641,-0.39292,0.30766,0.5197,0.68477,0.54507,0.21197,0.3301,0.27203,0.49382,0.83129,0,0.80682,0.65089,0.16071,0.22412,0.15734,0.3247,0.12404,0.14884,-0.26366,-0.20317,-0.72317,-0.14497,-0.15699,-0.55375,-0.29135,0.089257,0.20724,-0.88937,-0.60937,-0.11608,-0.095403,0.47236,0.40214,0.29227,0.30711,0.24344,0.37231,-0.034404,-0.019929,0.4066,0.082528,0.55777,0.20638,0.18131,0.23224,0.19609,0.24501,0.3721,0.67595,0.26655,0.079435,0.24267,0.20626,0.14433,-0.14545,-0.048487,-0.17607,0.15625,-0.1571,-0.23115,-0.21303,-0.34345,-0.20281,-0.80927,-0.83977,-0.0052766,0.24998,-0.075622,-0.22305,-0.48716,-0.10777,0.096283,0.25889,0.30914,0.25679,-0.3931,-0.18122
-0.13877,-0.013822,0.59552,0.47594,-0.16172,-0.14679,0.20645,0.51148,0.40063,0.37275,0.75055,0.46468,0.37713,0.21383,0.22314,-0.25457,0.6239,0.2937,1.1372,0.29614,-0.32991,-0.16879,0.26544,0.11078,0.95844,0.6922,0.18542,-0.16209,-0.1571,-0.070099,0.14435,-0.10055,0.31149,0.15056,-0.062861,-0.21064,0.46337,0.80682,0,1.0063,0.19762,0.34867,-0.35101,-0.39667,0.3986,0.38405,-0.34134,-0.26448,-0.81083,0.3628,0.22885,-0.22026,-0.14311,0.06904,0.026865,-1.2944,-1.0328,-0.051331,-0.37948,0.65848,0.4885,-0.028478,0.08282,0.090687,0.1132,-0.27491,-0.28183,0.10404,-0.035541,0.26737,0.08605,0.39715,0.20285,-0.0028103,-0.017906,0.68378,0.86916,0.84502,0.55616,0.80049,0.92375,0.57303,0.25687,0.47585,0.40012,0.78085,0.39429,-0.098156,-0.039697,-0.17632,-0.24895,-0.4414,-0.67831,0.047082,0.066675,0.058385,-0.25795,-0.45441,-0.6575,-0.031811,-0.09992,0.30058,0.19479,-0.43841,-0.09766
0.32436,0.40306,0.54732,0.43226,0.050212,0.31016,0.33318,0.87815,0.65411,0.54914,0.52487,1.0921,0.14195,0.083315,0.16012,-0.026078,0.42065,0.18661,0.69806,0.53271,-0.3762,-0.26116,0.3809,0.49084,0.97043,0.74208,0.5953,0.004158,-0.18413,0.055007,0.083631,-0.16231,-0.05278,-0.11257,-0.40058,-0.18807,0.051455,0.65089,1.0063,0,0.48473,1.006,-0.47929,-0.13707,0.49693,0.51234,-0.20138,-0.079744,-0.63416,0.23687,0.0042138,-0.36051,0.28245,0.59034,0.40506,-0.6598,-0.55326,0.17764,-0.14858,0.80135,0.81246,-0.11776,-0.033381,0.149,0.15227,-0.11536,-0.2094,-0.096773,-0.088673,0.22801,-0.08611,0.46363,0.34895,0.16344,0.12104,0.98648,0.94654,0.45549,0.31561,0.37765,0.66574,0.34696,-0.0069222,0.43061,0.23035,0.49645,0.22595,0.12969,0.070257,0.21184,0.18123,-0.38001,-0.40191,0.13163,0.35299,0.1837,-0.071486,-0.41831,-0.24299,-0.33785,-0.27262,-0.018534,-0.058577,-0.41599,-0.3024
0.35552,-0.19537,0.030334,0.018573,0.33489,0.15064,0.87981,0.33801,0.55995,0.091769,-0.02895,0.40485,-0.41838,-0.31055,0.20517,0.17733,-0.10028,0.11141,0.0082003,0.32705,0.21658,0.045306,1.0633,0.67831,0.46314,0.27787,0.79956,0.47544,0.29464,-0.032541,0.020523,-0.33818,-0.23507,-0.2816,-0.4171,-0.25201,-0.081603,0.16071,0.19762,0.48473,0,0.61055,-0.052569,-0.10613,-0.20471,-0.2382,-0.036195,0.17885,-0.04072,-0.35891,-0.71538,-0.41806,0.7982,0.43461,0.25271,0.14422,0.21437,0.19354,0.23082,0.25108,0.32257,-0.38636,-0.39782,-0.083473,-0.29699,0.043156,-0.0036133,-0.057315,-0.023233,-0.19131,-0.50715,-0.34299,-0.24683,-0.099259,-0.17477,0.47047,0.050622,-0.10043,-0.24495,-0.068097,0.036908,-0.15366,-0.30398,0.090118,0.034054,-0.014421,-0.10456,0.24814,0.1716,-0.14789,-0.065761,0.18142,0.19433,0.35668,0.15525,-0.22597,-0.31547,-0.028096,0.11114,0.03338,-0.45461,0.026218,-0.1527,0.1431,-0.049245
0.69405,0.33616,0.53354,0.40538,0.47078,0.72012,0.16666,0.39223,0.80338,0.44281,0.14364,1.2317,0.20008,0.13824,0.41149,0.41519,0.34421,0.27861,0.23996,0.76174,-0.11391,-0.035282,0.42237,1.1769,0.38692,0.67502,1.1119,0.50698,-0.1587,0.045451,-0.19409,-0.33972,-0.044242,-0.17911,-0.62444,-0.24399,-0.25705,0.22412,0.34867,1.006,0.61055,0,-0.56564,0.015248,0.40275,0.60309,-0.035579,0.13827,-0.12168,0.23914,-0.18672,-0.063262,0.68786,1.0746,0.52249,-0.043582,0.0082295,0.51405,0.23498,0.81808,1.0949,-0.21896,-0.094966,0.052354,0.08343,-0.043029,-0.18124,-0.54773,-0.19855,-0.1045,-0.41225,0.28595,0.33173,-0.017143,-0.049136,1.0166,0.57725,0.36347,0.27695,0.30664,0.43109,0.25198,-0.079382,0.36267,0.13344,0.29763,0.09154,0.4742,0.44403,0.32607,0.39019,-0.092339,-0.1433,-0.097441,0.21628,0.3592,0.1991,-0.0074255,0.018551,-0.44584,-0.39343,-0.19948,-0.098444,-0.38619,-0.50618
-0.098366,0.033029,-0.53768,-0.34065,-0.2311,0.029007,0.14341,-0.019728,-0.29243,-0.24873,-0.049957,-0.39729,-0.1446,-0.030197,-0.1969,-0.42977,-0.78419,-0.68184,-0.60725,-0.98237,0.045312,-0.22259,-0.29874,-0.56537,-0.17872,-0.63093,-0.59103,-0.31641,0.43829,0.3799,0.72942,1.0219,0.24149,0.60045,1.0142,0.99729,0.52682,0.15734,-0.35101,-0.47929,-0.052569,-0.56564,0,0.73456,-0.29884,-0.43807,-0.47522,-0.43588,0.17435,-0.92245,-0.5135,-0.29446,-0.31146,-0.3476,-0.14757,0.099787,0.28638,-0.54672,-0.059149,-0.37836,-0.43875,0.23979,0.10244,-0.24609,-0.16983,-0.26474,-0.083408,0.82004,-0.036193,0.12659,0.11151,-0.42119,-0.5419,-0.18407,-0.16248,-0.69578,-0.32874,-0.69845,-0.67666,-0.60135,-0.81323,-0.71629,-0.49192,-0.78931,-0.41871,-0.83739,-0.62866,-0.69975,-0.65388,-0.75079,-0.55347,-0.15452,0.036034,0.053971,-0.060406,-0.32143,-0.1961,-0.17862,0.34972,0.3591,0.42817,0.4208,0.013609,0.50327,0.45298
0.15691,0.71712,-0.20305,-0.11048,-0.33141,0.66609,-0.16432,0.32195,-0.048482,0.25073,-0.22002,-0.018636,-0.00092131,0.090484,-0.12696,-0.12312,-0.63546,-0.90164,-0.7177,-0.68776,-0.23273,-0.47377,-0.54049,-0.037837,-0.18959,-0.41581,-0.28664,-0.24854,0.30766,0.94331,0.51079,1.1236,0.069757,0.36452,0.43934,1.4055,0.2093,0.3247,-0.39667,-0.13707,-0.10613,0.015248,0.73456,0,0.037457,0.069013,-0.19843,-0.20093,0.1819,-0.49044,-0.4552,-0.17439,-0.14469,0.19679,0.29259,0.19275,0.30524,-0.094076,0.25848,-0.080738,0.12558,0.50234,0.34454,0.086922,0.28572,-0.024604,-0.037111,0.32823,0.014259,0.22447,0.093305,0.004198,0.050311,0.12434,0.21178,-0.38655,-0.072622,-0.5092,-0.56227,-0.57662,-0.7133,-0.45244,-0.58045,-0.66965,-0.78446,-0.78349,-0.97344,-0.28072,-0.26621,-0.1588,0.10015,-0.32739,-0.023124,-0.26509,0.23482,0.097727,0.29867,-0.10379,0.75147,0.13992,0.57703,0.047639,0.089607,0.10972,0.018108
