,,,,,,,,,,,,,,,,,,,,,,,,,,,,,,,,,,,,,,,,,,,,,,,,,,,,,,,,,,,,,,,,,,,,,,,,,,,,,,,,,,,,,,,,,,,,,,,,,,,,,,,,
0,0.43406,0.22079,0.19,0.86313,0.61329,0.1723,0.21682,0.81365,0.35162,0.11606,0.95188,0.0058724,0.13242,0.4013,0.47902,0.21343,0.22794,0.027663,0.65467,0.27365,0.14465,0.53262,0.56955,0.33637,0.49077,0.64286,0.45279,-0.33711,-0.091591,-0.21479,-0.28337,-0.19424,-0.19229,-0.47564,-0.21565,-0.71315,-0.16737,-0.091534,0.59637,0.47677,0.9723,-0.26862,0.081091,0.36638,0.45937,-0.055549,0.12461,0.037623,0.092371,-0.24782,0.0991,0.73096,0.70391,0.31226,0.28998,0.29466,0.36327,0.20287,0.50589,0.62566,-0.21553,-0.38206,0.042851,0.064306,-0.093444,-0.19252,-0.43296,-0.49437,-0.29016,-0.3571,0.18314,0.14882,-0.17326,-0.28931,0.5731,0.3267,-0.11626,0.058105,-0.19807,0.11985,-0.078693,-0.17891,0.1822,0.1667,0.027223,0.18628,0.47004,0.3272,0.63697,0.44343,0.35836,0.20081,0.60573,0.6231,0.50946,0.27414,0.14443,0.16004,-0.47179,-0.3738,-0.21396,-0.16812,-0.14211,-0.42457
0.43406,0,-0.064022,-0.052549,-0.30407,0.54922,-0.27663,0.88443,0.15025,0.3766,0.030286,0.28763,-0.021807,0.089837,-0.28828,-0.019292,-0.089578,-0.52047,-0.16541,-0.20994,-0.44116,-0.61572,-0.4831,-0.087759,-0.066528,-0.29539,-0.072852,-0.31098,-0.36707,0.42356,0.08853,0.44504,-0.23564,-0.055264,-0.010368,0.47037,-0.25837,0.34149,-0.10221,0.37061,-0.26513,0.24224,0.078461,0.69575,0.32244,0.33368,0.010769,-0.066389,-0.30479,0.022772,0.018903,-0.35802,-0.097461,0.34275,0.54744,-0.05666,-0.0042547,0.047177,0.085913,-0.022606,0.29954,0.29049,0.09508,0.35384,0.71082,0.099671,-0.015205,0.027476,-0.05016,0.17098,0.12331,0.3971,0.3622,0.34831,0.43793,-0.051339,0.27118,-0.33238,-0.34632,-0.45809,-0.19897,-0.30592,-0.34206,-0.18174,-0.39307,-0.30752,-0.31334,-0.0014206,-0.094274,0.53107,0.71027,-0.40734,-0.10931,0.10525,0.90537,0.24211,0.31611,-0.41966,0.50033,-0.3695,0.28708,-0.41717,-0.025263,0.12616,0.098339
0.22079,-0.064022,0,1.817,0.31215,-0.17505,-0.12534,-0.1056,0.5241,0.28194,0.4397,0.25914,0.47098,0.17635,0.60499,0.28877,0.99122,0.92213,0.71559,0.62931,0.074488,0.013314,0.26867,0.19967,0.43862,0.73841,0.18606,0.11759,-0.63384,-0.47651,-0.45202,-0.45401,0.17186,-0.20784,-0.38327,-0.51728,-0.18708,0.1074,0.60152,0.40681,-0.080756,0.37431,-0.63608,-0.40768,0.27286,0.44946,0.17808,0.29549,-0.56422,0.64084,0.1891,0.44431,0.11164,0.11288,0.14673,-0.35571,-0.45524,0.74058,0.1865,1.1096,0.85251,-0.15601,-0.252,0.53258,0.24294,0.061658,-0.075591,-0.73353,-0.38298,-0.27156,-0.17669,0.54671,0.76501,0.00085193,-0.045682,0.6398,0.66589,1.0997,1.306,0.77852,1.0866,1.4931,1.257,1.4298,1.0358,1.1257,0.77244,0.6493,0.76958,0.23484,0.024439,0.17724,-0.3136,0.20403,0.21833,0.51068,0.32892,0.17972,-0.29004,0.21394,-0.023333,0.33407,0.5416,-0.49413,-0.098705
0.19,-0.052549,1.817,0,0.28482,-0.13455,-0.057265,-0.12542,0.36574,0.25077,0.38379,0.20684,0.38602,0.097944,0.52509,0.12673,0.75465,0.76974,0.50145,0.42693,-0.016971,-0.139,0.15039,0.061721,0.29984,0.5339,0.043339,-0.0408,-0.498,-0.38986,-0.29782,-0.28193,0.14693,-0.19026,-0.2471,-0.35765,-0.10643,0.13254,0.4578,0.26707,-0.14466,0.2382,-0.38606,-0.27214,0.089169,0.29225,0.1696,0.3256,-0.51477,0.42332,0.098665,0.38515,0.13269,0.13123,0.24938,-0.30413,-0.3626,0.78295,0.30929,1.1544,0.73523,-0.19805,-0.35353,0.50492,0.19753,0.10664,0.0138,-0.60193,-0.53654,-0.29135,-0.30366,0.37001,0.66601,0.039901,-0.004917,0.56214,0.62477,0.81912,1.0733,0.53662,0.79916,1.3429,1.2292,1.2018,1.0392,0.80087,0.53629,0.63445,0.69019,0.14689,-0.062319,0.21667,-0.23439,0.29271,0.27809,0.4823,0.3425,0.3069,-0.090366,0.2853,0.025915,0.51052,0.46503,-0.37305,0.0021854
0.86313,-0.30407,0.31215,0.28482,0,0.32578,0.508,-0.2414,0.78108,0.060989,0.22444,0.81608,0.16877,0.12826,0.68523,0.46377,0.33293,0.71877,0.21508,1.1086,0.49227,0.485,1.3354,0.78368,0.43881,0.90177,0.8859,0.81753,-0.052104,-0.34974,-0.23007,-0.6487,0.11735,-0.12874,-0.41184,-0.6157,-0.32194,-0.33554,0.093774,0.40373,0.89,0.82791,-0.34269,-0.37412,0.20127,0.28988,-0.17313,0.09436,0.20269,0.10402,-0.38903,0.28878,0.96077,0.47859,0.0043626,0.24177,0.20216,0.28953,0.094414,0.66564,0.39868,-0.53573,-0.44721,-0.2876,-0.44728,-0.2792,-0.28358,-0.57145,-0.46379,-0.59101,-0.60786,-0.11804,-0.082841,-0.49982,-0.7496,0.82438,0.24587,0.16925,0.29669,0.19803,0.34281,0.17731,0.063622,0.38518,0.56632,0.28864,0.42688,0.43015,0.37616,0.10249,-0.095594,0.57591,0.16685,0.53426,0.0045242,0.32377,-0.0087899,0.3,-0.23598,-0.29096,-0.68708,0.10885,-0.19601,-0.18317,-0.4524
0.61329,0.54922,-0.17505,-0.13455,0.32578,0,0.13268,0.482,0.47244,0.39012,0.0015558,0.78721,0.12359,0.26116,0.11887,0.17605,-0.29189,-0.43322,-0.49709,0.047747,-0.15297,-0.28201,0.033416,0.55148,-0.068016,0.0043592,0.47255,0.31165,0.24243,0.73526,0.29324,0.28291,0.1466,0.1997,-0.02799,0.38506,-0.038789,0.31131,-0.21413,0.33995,0.47478,0.73806,0.1937,0.76558,0.16728,0.27728,-0.16245,0.0044975,0.17951,-0.19696,-0.74574,-0.2652,0.35631,0.8769,0.56568,0.26302,0.46209,0.14171,0.36496,0.17731,0.4467,0.20714,0.056204,0.029593,0.37198,-0.039665,-0.048196,-0.085254,-0.20855,-0.2401,-0.41437,-0.15077,0.0088609,-0.031428,-0.13015,0.27883,0.22718,-0.38563,-0.48137,-0.38499,-0.28297,-0.41827,-0.54988,-0.38726,-0.43762,-0.42764,-0.43707,0.0935,0.15024,0.0039959,0.13989,-0.18011,-0.058009,0.056578,0.5439,0.24629,0.19809,-0.14143,0.39977,-0.55589,-0.14126,-0.44094,-0.35654,0.15651,-0.272
0.1723,-0.27663,-0.12534,-0.057265,0.508,0.13268,0,0.27914,-0.04936,-0.17788,0.20667,0.42788,-0.46206,-0.63344,-0.35771,-0.52398,-0.33926,0.15833,-0.029844,0.21085,-0.33892,-0.20645,0.37223,0.034593,0.27848,0.18399,0.21669,0.092467,0.54203,-0.087296,0.33247,-0.19476,-0.25149,-0.19182,-0.10177,-0.22783,0.18934,0.096998,0.11317,0.24935,0.66331,0.14637,0.0062759,-0.30394,-0.45116,-0.56124,0.0012685,0.13632,-0.146,-0.48495,-0.46944,-0.39493,0.52878,0.067447,-0.068136,-0.065258,0.0097623,-0.12601,-0.16026,0.21203,-0.27463,-0.70288,-0.58051,-0.29601,-0.56038,0.1027,0.2117,-0.076743,-0.25635,-0.095421,-0.37845,-0.54195,-0.27377,0.031199,-0.16247,0.53261,0.21515,-0.25379,-0.065996,-0.046333,0.054404,-0.1098,-0.11241,0.071724,0.2194,0.0062343,0.17378,-0.011472,-0.16645,-0.21388,-0.35147,0.12712,0.0019185,0.7664,-0.077971,-0.27655,-0.46377,-0.019153,-0.12091,-0.42077,-0.81609,0.041016,-0.56076,0.0013101,-0.24947
0.21682,0.88443,-0.1056,-0.12542,-0.2414,0.482,0.27914,0,0.11266,0.37005,0.32239,0.50149,-0.21526,-0.2123,-0.60621,-0.43792,-0.2325,-0.48183,-0.041438,-0.14672,-1.0647,-0.86879,-0.33939,-0.065703,0.1743,-0.12707,0.088697,-0.28683,0.039313,0.415,0.34762,0.26171,-0.28842,-0.11082,-0.043871,0.28479,0.07495,0.78919,0.22359,0.64043,0.03093,0.29141,-0.070403,0.30885,0.010787,-0.02004,0.081782,0.033389,-0.615,-0.049191,-0.0080948,-0.84027,-0.055966,0.25742,0.38608,-0.39607,-0.24166,-0.073959,-0.1028,0.090787,0.1354,0.009586,-0.03127,0.21265,0.49747,0.23546,0.16159,0.051345,0.056511,0.20526,-0.0091263,0.034896,0.23219,0.42799,0.38585,0.29569,0.532,-0.23433,-0.23044,-0.18613,0.024222,-0.24806,-0.32865,-0.1517,-0.35863,-0.0884,-0.074562,-0.054632,-0.13061,0.22936,0.31958,-0.62478,-0.43135,0.18931,0.56678,-0.041358,-0.066192,-0.60581,0.14548,-0.7949,-0.19814,-0.5836,-0.32827,-0.08624,-0.18186
0.81365,0.15025,0.5241,0.36574,0.78108,0.47244,-0.04936,0.11266,0,0.41079,0.49358,0.92135,0.61654,0.5321,0.88352,0.70687,0.76033,0.49201,0.44464,1.0474,0.28875,0.34888,0.69034,0.95853,0.50097,1.0473,1.0446,0.75639,-0.4542,-0.17713,-0.40018,-0.52093,0.28995,-0.063319,-0.37166,-0.40401,-0.37628,0.049209,0.3166,0.71985,0.38938,1.3471,-0.65934,-0.14411,0.64861,0.98344,-0.16276,-0.014475,-0.11149,0.73866,0.029075,0.29359,0.32495,0.48806,0.089081,-0.050727,-0.051546,0.37988,0.096774,0.72903,0.98691,-0.18786,-0.027882,-0.068143,0.13508,-0.31225,-0.50744,-0.79645,-0.17552,-0.66623,-0.40618,0.13255,0.25866,-0.53782,-0.5808,0.84651,0.64421,0.48998,0.45529,0.46417,0.62714,0.32953,0.088356,0.38589,0.2974,0.55071,0.52462,0.52517,0.58992,0.304,0.28132,0.12981,-0.26786,0.005274,0.21282,0.74188,0.29886,0.0298,-0.26458,-0.46657,-0.35666,-0.1837,0.12666,-0.58564,-0.66821
0.35162,0.3766,0.28194,0.25077,0.060989,0.39012,-0.17788,0.37005,0.41079,0,0.14785,0.33975,0.048936,0.08167,0.17192,0.30287,0.10369,-0.022599,-0.019888,0.17198,-0.19998,-0.11042,-0.05421,0.50217,-0.11342,0.30072,0.20612,-0.055894,0.029527,0.48073,0.12156,0.027549,-0.13976,-0.24589,-0.20501,0.029539,-0.18552,0.17165,-0.087324,0.16952,-0.085158,0.34803,-0.3157,0.20998,0.23309,0.38694,0.31624,0.34555,0.08105,0.23732,-0.026971,0.01858,0.19555,0.46455,0.42712,0.055358,-0.17695,0.35674,0.24894,0.42662,0.42009,0.46271,0.32663,0.42098,0.59922,0.21423,0.062209,-0.1672,0.31086,0.14543,0.024683,0.3165,0.90089,0.39117,0.33989,0.26923,0.095536,0.19227,0.20289,-0.0325,0.13726,0.1148,-0.12174,0.086995,-0.10039,0.12156,0.01182,0.41609,0.43595,0.5508,0.40471,-0.062687,-0.15524,-0.0042363,0.2616,0.21593,0.24811,0.057451,0.22022,-0.067328,0.060746,-0.34073,-0.055334,-0.34083,-0.52408
0.11606,0.030286,0.4397,0.38379,0.22444,0.0015558,0.20667,0.32239,0.49358,0.14785,0,0.52061,0.66462,0.38801,0.19553,-0.26569,0.53197,0.36777,0.92861,0.38906,-0.35109,-0.041126,0.14232,-0.049163,0.9348,0.72552,0.19142,-0.099798,-0.27058,-0.19865,0.2865,-0.024431,0.54228,0.32084,0.30263,-0.10971,0.43163,0.57372,0.98254,0.65299,-0.10569,0.26282,-0.17715,-0.30167,0.47753,0.50067,-0.64145,-0.53605,-0.61284,0.40519,0.29294,-0.11668,-0.27276,-0.11731,-0.20321,-1.2052,-0.93739,-0.25527,-0.61221,0.64504,0.22241,-0.22014,0.092487,-0.33552,-0.13005,-0.65575,-0.65456,-0.033746,-0.02658,-0.094009,-0.022735,0.10376,0.088405,-0.39601,-0.4704,0.57898,1.0348,0.62216,0.69851,0.74416,0.9143,0.37568,0.19211,0.33417,0.49923,0.74879,0.80017,-0.20448,-0.13135,-0.2242,-0.35811,-0.44273,-0.96161,-0.028157,-0.17564,0.2646,-0.12587,-0.52005,-0.71464,-0.47032,-0.28018,0.25597,-0.014211,-0.54048,-0.26037
0.95188,0.28763,0.25914,0.20684,0.81608,0.78721,0.42788,0.50149,0.92135,0.33975,0.52061,0,0.22885,0.21943,0.31343,0.19248,0.25661,0.16147,0.20693,0.64911,-0.13496,-0.10369,0.54905,0.66115,0.54285,0.57931,0.98667,0.47347,-0.14037,-0.029097,0.0080809,-0.28809,0.14418,-0.0026435,-0.35767,-0.25452,-0.13441,0.324,0.42535,1.2355,0.76502,1.4223,-0.33698,-0.061752,0.30044,0.43326,-0.20398,0.044355,-0.24119,0.19024,-0.25789,-0.31787,0.61023,0.8965,0.4438,-0.1635,-0.023394,0.26041,0.081326,0.80394,0.7007,-0.35781,-0.31655,-0.064654,0.12778,-0.17538,-0.19654,-0.37273,-0.41608,-0.30868,-0.58039,0.039186,0.061927,-0.1956,-0.37298,1.1907,0.67786,0.13982,0.14025,0.13264,0.37415,-0.0034744,-0.1382,0.2119,0.18835,0.19978,0.25428,0.3188,0.31987,0.1891,0.10661,-0.11348,-0.28425,0.42375,0.42767,0.21422,-0.11452,-0.22532,-0.22018,-1.0365,-0.69902,-0.2971,-0.39524,-0.1551,-0.38543
0.0058724,-0.021807,0.47098,0.38602,0.16877,0.12359,-0.46206,-0.21526,0.61654,0.048936,0.66462,0.22885,0,1.1984,0.81043,0.3301,0.74731,0.3155,0.56272,0.31827,0.18454,0.27848,0.11274,0.20875,0.35818,0.50803,0.20712,0.23194,-0.45294,-0.10528,-0.078482,0.03409,1.3811,0.59714,0.3284,0.014197,0.29884,0.24634,0.53714,0.25019,-0.1831,0.30383,-0.073959,-0.0092025,0.82521,1.1102,-0.6893,-0.58058,-0.12969,0.62426,0.17718,0.33897,-0.36083,-0.0035597,-0.128,-0.4597,-0.3778,-0.047371,-0.18617,0.42353,0.49149,0.16482,0.45196,-0.21249,0.076234,-0.83274,-0.85603,-0.16597,-0.032375,-0.30216,0.0009219,0.29134,0.095248,-0.69427,-0.59314,0.18944,0.46729,0.76295,0.49694,0.75466,0.53551,0.40728,0.2614,0.22111,0.31938,0.48669,0.32836,-0.11474,0.10674,-0.32052,-0.24009,-0.32491,-0.62796,-0.56116,-0.22308,0.46512,0.16801,-0.28435,-0.50676,-0.022541,0.22621,0.3414,0.4178,-0.30479,-0.017768
0.13242,0.089837,0.17635,0.097944,0.12826,0.26116,-0.63344,-0.2123,0.5321,0.08167,0.38801,0.21943,1.1984,0,0.76181,0.46298,0.51042,0.057596,0.3191,0.24641,0.37845,0.36513,0.13975,0.24475,0.38289,0.34189,0.32687,0.18297,-0.41611,0.0858,-0.012909,0.083602,0.89971,0.60098,0.22768,0.083339,0.063365,0.057777,0.28555,0.23112,-0.1038,0.31668,0.021876,0.15203,0.95993,1.0915,-0.81204,-0.68218,0.15503,0.57532,0.19691,0.31491,-0.29316,0.19014,-0.020598,-0.24723,-0.14361,-0.11017,-0.16561,0.1467,0.4699,0.34332,0.42391,-0.26352,0.11637,-0.91709,-1.0103,0.097729,0.027199,-0.31189,-0.048468,0.27765,-0.085214,-0.58081,-0.60779,-0.029146,0.26829,0.37853,0.19116,0.29607,0.29958,0.13442,0.01403,-0.050733,0.049005,0.21049,0.14088,-0.2239,0.053337,-0.20377,-0.19272,-0.18798,-0.22082,-0.62973,-0.051327,0.56259,0.35897,-0.25708,-0.28832,-0.14417,0.096654,0.010768,0.061569,-0.03565,0.03339
0.4013,-0.28828,0.60499,0.52509,0.68523,0.11887,-0.35771,-0.60621,0.88352,0.17192,0.19553,0.31343,0.81043,0.76181,0,0.91569,0.82034,0.63322,0.31866,0.69122,0.82948,0.71866,0.61208,0.66166,0.24808,0.77964,0.54996,0.70205,-0.40967,-0.33416,-0.4815,-0.44342,0.5738,0.16692,-0.19324,-0.36939,-0.25521,-0.23206,0.16284,0.14724,0.19245,0.56588,-0.3323,-0.18539,0.46092,0.78941,-0.20538,-0.010114,0.21687,0.60718,0.06028,0.75666,0.21159,0.29469,-0.022789,0.12524,0.11041,0.47608,0.28282,0.6158,0.7939,-0.029941,0.028788,-0.065756,-0.010288,-0.3795,-0.45113,-0.49796,-0.30581,-0.56593,-0.34078,0.15544,0.091736,-0.70757,-0.72282,0.37336,0.19975,0.65792,0.60626,0.49507,0.45428,0.50402,0.36468,0.39274,0.45803,0.46473,0.36548,0.47171,0.6724,0.038296,-0.041821,0.3827,-0.031383,-0.19818,-0.055436,0.61092,0.32996,0.425,-0.26693,0.11988,-0.055905,0.25969,0.3526,-0.38819,-0.3011
0.47902,-0.019292,0.28877,0.12673,0.46377,0.17605,-0.52398,-0.43792,0.70687,0.30287,-0.26569,0.19248,0.3301,0.46298,0.91569,0,0.54104,0.38207,0.10628,0.66452,0.96804,0.73665,0.60577,1.0173,-0.055011,0.42785,0.64668,0.81638,-0.4334,-0.16375,-0.83443,-0.57844,0.080039,-0.22648,-0.6091,-0.46855,-0.77279,-0.59302,-0.15772,0.096205,0.2821,0.61333,-0.57299,-0.11086,0.54514,0.71903,0.16083,0.21512,0.44986,0.58142,0.0078875,0.63764,0.42168,0.45662,0.12664,0.5515,0.28921,0.49731,0.33453,0.17047,0.60609,0.15185,0.12108,0.16578,0.18624,-0.078013,-0.24351,-0.60638,0.04743,-0.3871,-0.11763,0.39647,0.29419,-0.23521,-0.20571,0.14704,-0.19331,0.30309,0.15818,0.1433,0.14563,0.17269,0.069094,0.2535,0.10264,0.18172,0.11673,0.58041,0.6847,0.53217,0.51382,0.4603,0.31578,-0.12871,0.094059,0.41336,0.35957,0.30905,-0.038428,0.1114,0.032769,-0.26186,0.2551,-0.095771,-0.22069
0.21343,-0.089578,0.99122,0.75465,0.33293,-0.29189,-0.33926,-0.2325,0.76033,0.10369,0.53197,0.25661,0.74731,0.51042,0.82034,0.54104,0,0.95334,1.1857,0.84389,0.32158,0.36824,0.51088,0.29776,0.55018,0.81471,0.43087,0.26423,-1.114,-0.77651,-0.74896,-0.70493,0.30791,-0.17908,-0.34296,-0.75116,-0.30247,-0.098317,0.7171,0.4991,-0.070203,0.43122,-0.86189,-0.64984,0.59268,0.83324,-0.098693,-0.044759,-0.3668,1.4325,0.6443,0.44915,0.020132,0.072722,-0.029817,-0.38762,-0.53313,0.39358,-0.075235,0.69632,0.6931,-0.3177,-0.10694,0.043342,0.030713,-0.32392,-0.50709,-0.6686,-0.13981,-0.47034,-0.18671,0.46911,0.35683,-0.39483,-0.33547,0.52185,0.51692,1.2484,1.0954,0.89839,1.1768,0.95334,0.72928,1.0244,0.86784,1.1498,0.86965,0.45196,0.52294,0.29414,0.1675,0.14075,-0.25847,-0.050694,-0.008785,0.52027,0.19433,0.039107,-0.56335,-0.026899,-0.11439,0.19861,0.42372,-0.47553,-0.057749
0.22794,-0.52047,0.92213,0.76974,0.71877,-0.43322,0.15833,-0.48183,0.49201,-0.022599,0.36777,0.16147,0.3155,0.057596,0.63322,0.38207,0.95334,0,0.90754,1.1374,0.45243,0.54584,0.861,0.3041,0.52958,1.0873,0.33646,0.3524,-0.45428,-0.89058,-0.57072,-0.92595,0.090979,-0.35004,-0.39434,-1.0742,-0.28562,-0.41723,0.40616,0.21518,0.14614,0.2656,-0.73154,-1.0024,0.27664,0.32252,0.019985,0.109,-0.1547,0.54575,0.187,0.6861,0.33053,-0.10619,-0.30519,-0.12804,-0.37701,0.32392,-0.14075,0.67714,0.28954,-0.50996,-0.31836,-0.047003,-0.44515,-0.20956,-0.31694,-0.76598,-0.19874,-0.44817,-0.1764,0.24146,0.30011,-0.32786,-0.39044,0.56375,0.30509,0.82777,1.1041,0.79456,0.96548,0.99334,0.8033,1.2556,1.5352,1.1108,1.1111,0.45963,0.41447,0.17637,-0.088319,0.57906,0.0023911,0.32586,-0.25922,0.38282,0.09731,0.29697,-0.52721,0.20854,-0.28478,0.45448,0.33523,-0.47092,-0.21727
0.027663,-0.16541,0.71559,0.50145,0.21508,-0.49709,-0.029844,-0.041438,0.44464,-0.019888,0.92861,0.20693,0.56272,0.3191,0.31866,0.10628,1.1857,0.90754,0,0.73858,0.044236,0.27716,0.42411,0.022824,0.93127,0.83991,0.25529,0.024571,-0.74675,-0.74892,-0.32149,-0.55082,0.27067,-0.095463,-0.13308,-0.70299,-0.011665,0.027106,1.0715,0.56913,-0.12824,0.19652,-0.7023,-0.92738,0.60502,0.55693,-0.28636,-0.30309,-0.56005,0.91205,0.68875,0.21008,-0.15091,-0.22742,-0.31281,-0.83843,-1.1189,-0.052916,-0.62712,0.5066,0.23527,-0.36268,-0.043743,-0.15294,-0.21598,-0.48991,-0.62825,-0.3286,0.068,-0.1828,0.078517,0.44971,0.25026,-0.29815,-0.31195,0.46638,0.60616,1.0661,1.0732,1.084,1.4989,0.76472,0.587,0.87958,0.92646,1.4119,1.3782,0.033066,0.073544,0.10736,-0.086156,-0.073632,-0.45168,0.02268,-0.2628,0.27393,-0.057101,-0.32872,-0.99263,-0.15305,-0.24607,0.22074,0.21499,-0.46867,-0.050142
0.65467,-0.20994,0.62931,0.42693,1.1086,0.047747,0.21085,-0.14672,1.0474,0.17198,0.38906,0.64911,0.31827,0.24641,0.69122,0.66452,0.84389,1.1374,0.73858,0,0.4706,0.55947,1.4309,0.81143,0.71576,1.4188,1.0131,0.68551,-0.44023,-0.52981,-0.55704,-1.1066,0.046695,-0.37479,-0.66708,-1.1061,-0.52086,-0.35933,0.38099,0.62449,0.53898,0.86717,-0.98225,-0.7088,0.54335,0.58493,-0.063938,0.069114,-0.052187,0.67008,0.048713,0.44211,0.60305,0.30795,-0.093573,-0.023064,-0.20527,0.32316,-0.12255,0.66285,0.54359,-0.45569,-0.29776,-0.11057,-0.26772,-0.28698,-0.47233,-0.86786,-0.1435,-0.63911,-0.35795,0.22827,0.24784,-0.36263,-0.5212,0.84722,0.42046,0.56231,0.62997,0.55662,0.87536,0.53903,0.32697,0.79586,0.77369,0.83311,0.93156,0.50613,0.50101,0.35695,0.11902,0.48433,0.034132,0.33598,-0.011955,0.5258,0.156,0.096177,-0.48088,-0.26587,-0.62458,-0.067067,0.0012356,-0.38965,-0.45065
0.27365,-0.44116,0.074488,-0.016971,0.49227,-0.15297,-0.33892,-1.0647,0.28875,-0.19998,-0.35109,-0.13496,0.18454,0.37845,0.82948,0.96804,0.32158,0.45243,0.044236,0.4706,0,1.3407,0.63973,0.4195,0.046372,0.33916,0.31386,0.67647,-0.24636,-0.37873,-0.60725,-0.48241,0.10775,-0.0015862,-0.27716,-0.3918,-0.57062,-1.0067,-0.30798,-0.24777,0.21343,0.15565,-0.1737,-0.22032,0.29925,0.3058,-0.087563,-0.033882,0.67347,0.23559,0.018395,0.97279,0.25507,0.013764,-0.33567,0.61033,0.45645,0.16459,0.11633,-0.089322,0.1541,0.012505,-0.01932,-0.18782,-0.33788,-0.27328,-0.32799,-0.23939,-0.10191,-0.36586,-0.041135,0.087176,-0.20207,-0.54084,-0.54722,-0.14455,-0.36829,0.10448,0.12728,0.070509,0.0064432,0.099536,0.10566,0.094582,0.19097,0.086201,0.16925,0.21303,0.27111,0.13718,0.048538,0.83759,0.59341,-0.12075,-0.20991,0.35718,0.31623,0.55181,-0.094716,0.34414,-0.013151,0.11324,0.23126,-0.03826,-0.13317
0.14465,-0.61572,0.013314,-0.139,0.485,-0.28201,-0.20645,-0.86879,0.34888,-0.11042,-0.041126,-0.10369,0.27848,0.36513,0.71866,0.73665,0.36824,0.54584,0.27716,0.55947,1.3407,0,0.7005,0.4346,0.17821,0.57248,0.33266,0.67014,-0.13133,-0.40515,-0.40596,-0.514,0.23385,0.082333,-0.098032,-0.44486,-0.28582,-0.7653,-0.12527,-0.2001,0.16643,0.10736,-0.25662,-0.4326,0.40622,0.36617,-0.2254,-0.22205,0.60196,0.31149,0.16381,0.80899,0.10227,-0.20249,-0.69536,0.31519,0.13264,-0.12579,-0.2309,-0.076017,-0.037865,-0.0045636,0.22622,-0.46628,-0.52903,-0.48532,-0.5225,-0.15868,0.20403,-0.21568,0.15354,0.031287,-0.2184,-0.72105,-0.69781,-0.065199,-0.31436,0.26066,0.2714,0.32739,0.15866,0.074883,-0.01522,0.055696,0.20472,0.26059,0.39834,0.030076,0.077418,0.038257,-0.054141,0.53453,0.25463,-0.25711,-0.63072,0.21374,0.056889,0.30431,-0.43433,0.21125,-0.091279,0.1346,0.19998,-0.30333,-0.37935
0.53262,-0.4831,0.26867,0.15039,1.3354,0.033416,0.37223,-0.33939,0.69034,-0.05421,0.14232,0.54905,0.11274,0.13975,0.61208,0.60577,0.51088,0.861,0.42411,1.4309,0.63973,0.7005,0,0.83201,0.50623,0.89831,1.1405,0.86638,-0.16811,-0.56237,-0.5068,-1.2387,0.0075799,-0.34107,-0.66843,-1.1788,-0.46863,-0.54292,0.21284,0.41581,0.91254,0.70623,-0.69774,-0.77678,0.23486,0.25932,-0.065675,0.11257,0.20992,0.38845,-0.071811,0.32098,0.83912,0.36072,-0.10515,0.19114,0.066068,0.24683,-0.041126,0.41273,0.29721,-0.64026,-0.44205,-0.32074,-0.51085,-0.25258,-0.32626,-0.62052,-0.17927,-0.68918,-0.54729,-0.076504,-0.11861,-0.45077,-0.66465,0.69516,0.12474,0.30834,0.34167,0.3379,0.50147,0.2677,0.15282,0.49253,0.57842,0.46956,0.5955,0.4289,0.41501,0.1827,-0.02097,0.64812,0.26836,0.36306,-0.13973,0.23923,-0.057372,0.24459,-0.44399,-0.29557,-0.89134,-0.09625,-0.23681,-0.14034,-0.34641
0.56955,-0.087759,0.19967,0.061721,0.78368,0.55148,0.034593,-0.065703,0.95853,0.50217,-0.049163,0.66115,0.20875,0.24475,0.66166,1.0173,0.29776,0.3041,0.022824,0.81143,0.4195,0.4346,0.83201,0,0.03356,0.60823,1.2392,1.082,0.0067185,0.048465,-0.40811,-0.63318,0.081955,-0.25925,-0.65071,-0.4955,-0.43327,-0.22384,-0.029734,0.34516,0.80431,1.0976,-0.63686,-0.13228,0.29821,0.47549,0.18318,0.34324,0.35837,0.3842,-0.29981,0.22025,0.75299,0.77083,0.24666,0.42677,0.26562,0.47502,0.35096,0.39195,0.60782,-0.038675,0.02543,0.044387,0.13974,0.012672,-0.10855,-0.6996,0.055662,-0.49012,-0.43254,0.026863,0.23703,-0.19196,-0.27865,0.60447,0.01853,0.23476,0.0892,0.18088,0.19813,0.077105,-0.11435,0.17649,0.033923,0.18105,0.12155,0.64102,0.74317,0.3218,0.31653,0.29193,0.087381,0.024412,0.078263,0.24471,0.090707,0.19909,-0.10568,-0.28088,-0.39091,-0.4669,-0.10566,-0.19342,-0.5839
0.33637,-0.066528,0.43862,0.29984,0.43881,-0.068016,0.27848,0.1743,0.50097,-0.11342,0.9348,0.54285,0.35818,0.38289,0.24808,-0.055011,0.55018,0.52958,0.93127,0.71576,0.046372,0.17821,0.50623,0.03356,0,0.84501,0.45203,0.10372,-0.41485,-0.41801,-0.012197,-0.37369,0.2067,0.10985,-0.12546,-0.42783,-0.035831,0.13698,0.83741,0.84972,0.19253,0.41724,-0.36646,-0.50761,0.53463,0.39148,-0.5516,-0.43361,-0.48873,0.45444,0.28679,0.081643,-0.013516,-0.02289,-0.27533,-0.7269,-0.54678,-0.13744,-0.60801,0.45267,0.30584,-0.36723,-0.27444,-0.27097,-0.2876,-0.56549,-0.66496,-0.11358,-0.24322,-0.27369,-0.13143,0.18951,-0.077109,-0.36222,-0.60195,0.54044,0.9283,0.42657,0.5841,0.55191,0.98277,0.41273,0.31189,0.44832,0.5976,0.79736,1.0728,-0.11905,-0.033796,-0.057127,-0.3175,0.0021947,-0.30057,0.18054,0.014111,0.45488,0.092802,-0.34838,-0.70606,-0.50822,-0.65702,0.03482,-0.16352,-0.34973,-0.22594
0.49077,-0.29539,0.73841,0.5339,0.90177,0.0043592,0.18399,-0.12707,1.0473,0.30072,0.72552,0.57931,0.50803,0.34189,0.77964,0.42785,0.81471,1.0873,0.83991,1.4188,0.33916,0.57248,0.89831,0.60823,0.84501,0,0.68988,0.52189,-0.30182,-0.4055,-0.24819,-0.68863,0.272,-0.08388,-0.28485,-0.69114,-0.18636,-0.098334,0.48037,0.50894,0.29109,0.65845,-0.6987,-0.5976,0.55853,0.6357,-0.21208,-0.075292,-0.12628,0.62241,0.10199,0.50054,0.27011,0.091859,-0.28658,-0.24823,-0.37531,0.18796,-0.23519,0.81898,0.50472,-0.26491,-0.067797,-0.17271,-0.25252,-0.415,-0.57143,-0.60058,-0.078359,-0.44678,-0.19136,0.17135,0.27224,-0.48803,-0.66124,0.81111,0.58862,0.76432,0.9613,0.82029,1.0734,0.64544,0.362,0.67194,0.77082,1.0726,1.2051,0.33783,0.40253,0.12985,-0.11257,0.29763,-0.26301,0.12551,-0.18321,0.58296,0.16331,0.075155,-0.62029,-0.18355,-0.48278,0.13115,0.12256,-0.76821,-0.71346
0.64286,-0.072852,0.18606,0.043339,0.8859,0.47255,0.21669,0.088697,1.0446,0.20612,0.19142,0.98667,0.20712,0.32687,0.54996,0.64668,0.43087,0.33646,0.25529,1.0131,0.31386,0.33266,1.1405,1.2392,0.45203,0.68988,0,0.91831,-0.15941,-0.17379,-0.39825,-0.83487,0.072479,-0.23853,-0.7222,-0.69252,-0.42841,-0.11231,0.2941,0.78645,1.0644,1.3861,-0.73131,-0.33982,0.31739,0.43403,-0.042656,0.14547,0.084702,0.52655,-0.08602,0.010485,0.71245,0.80644,0.23628,0.10287,0.11609,0.34792,0.13095,0.43988,0.64448,-0.38941,-0.27935,-0.15297,-0.0099969,-0.15094,-0.26794,-0.58614,-0.12612,-0.7009,-0.70621,-0.069091,-0.039544,-0.32444,-0.5043,0.86139,0.31599,0.24967,0.13972,0.24046,0.42938,0.10503,-0.054354,0.25429,0.16155,0.32081,0.33041,0.47899,0.57198,0.23584,0.17195,0.22812,0.039501,0.14534,0.17885,0.28414,0.0090611,0.018374,-0.31033,-0.73157,-0.92033,-0.54817,-0.3707,-0.13185,-0.43702
0.45279,-0.31098,0.11759,-0.0408,0.81753,0.31165,0.092467,-0.28683,0.75639,-0.055894,-0.099798,0.47347,0.23194,0.18297,0.70205,0.81638,0.26423,0.3524,0.024571,0.68551,0.67647,0.67014,0.86638,1.082,0.10372,0.52189,0.91831,0,-0.031914,-0.28212,-0.5637,-0.66205,0.23389,0.0069926,-0.47728,-0.45213,-0.31587,-0.23208,0.016858,0.25296,0.90912,0.85895,-0.42269,-0.21975,0.16995,0.29564,0.047144,0.19504,0.24688,0.21988,-0.29738,0.28425,0.52493,0.3576,-0.088818,0.4201,0.47843,0.31963,0.26652,0.23242,0.44959,-0.24188,-0.092911,-0.11984,-0.083233,-0.067423,-0.090039,-0.66228,-0.19558,-0.47236,-0.3211,-0.11958,-0.15176,-0.58186,-0.61051,0.50013,0.0088465,0.19558,0.079973,0.31647,0.13406,0.0057486,-0.04025,0.11391,0.062209,0.16087,0.19675,0.45712,0.52872,0.053451,0.14597,0.30968,0.033171,-0.018135,-0.0715,0.13833,-0.064317,0.24055,-0.31122,-0.20955,-0.35491,-0.19713,0.13468,-0.24256,-0.49388
-0.33711,-0.36707,-0.63384,-0.498,-0.052104,0.24243,0.54203,0.039313,-0.4542,0.029527,-0.27058,-0.14037,-0.45294,-0.41611,-0.40967,-0.4334,-1.114,-0.45428,-0.74675,-0.44023,-0.24636,-0.13133,-0.16811,0.0067185,-0.41485,-0.30182,-0.15941,-0.031914,0,0.65818,0.75486,0.35786,-0.052985,0.17597,0.31876,0.38802,0.52752,0.11761,-0.44806,-0.49019,0.26644,-0.29135,0.52679,0.28114,-0.63968,-0.74031,0.085628,0.11484,0.46426,-0.88099,-0.68199,-0.2749,0.087426,-0.063826,-0.10695,0.28455,0.34672,-0.29879,0.074592,-0.33246,-0.58825,0.19314,0.17447,-0.20322,-0.21093,0.22528,0.40311,0.42258,0.24738,0.22574,-0.017274,-0.74273,-0.31986,0.18101,0.073547,-0.19256,-0.41126,-0.53573,-0.522,-0.34328,-0.59326,-0.48611,-0.48423,-0.67047,-0.50236,-0.54504,-0.49252,-0.28999,-0.26527,-0.55531,-0.47445,-0.050691,0.081552,-0.066748,-0.34733,-0.50183,-0.3164,0.10841,0.22408,0.052935,-0.11225,-0.072456,-0.43514,0.1661,-0.23117
-0.091591,0.42356,-0.47651,-0.38986,-0.34974,0.73526,-0.087296,0.415,-0.17713,0.48073,-0.19865,-0.029097,-0.10528,0.0858,-0.33416,-0.16375,-0.77651,-0.89058,-0.74892,-0.52981,-0.37873,-0.40515,-0.56237,0.048465,-0.41801,-0.4055,-0.17379,-0.28212,0.65818,0,0.77049,0.83769,0.0037734,0.23758,0.36335,0.88732,0.2645,0.29164,-0.51282,-0.26013,-0.12339,-0.092208,0.53012,1.0962,-0.0080127,-0.053254,-0.038179,-0.08573,0.36073,-0.42178,-0.5115,-0.22746,-0.15846,0.20285,0.26173,0.19899,0.22393,-0.21946,0.12788,-0.34268,-0.13289,0.88876,0.56002,0.11004,0.39907,0.096552,0.092375,0.443,0.38344,0.21709,0.13285,-0.13965,0.12046,0.38858,0.32958,-0.38533,-0.17336,-0.5667,-0.68896,-0.57391,-0.59923,-0.50817,-0.63489,-0.80438,-0.87681,-0.64998,-0.7433,-0.32419,-0.21607,-0.16753,-0.032157,-0.33578,-0.0046592,-0.31843,0.16168,0.0088043,0.25318,-0.20557,0.61835,-0.038941,0.28215,-0.39146,-0.30752,0.24586,-0.11741
-0.21479,0.08853,-0.45202,-0.29782,-0.23007,0.29324,0.33247,0.34762,-0.40018,0.12156,0.2865,0.0080809,-0.078482,-0.012909,-0.4815,-0.83443,-0.74896,-0.57072,-0.32149,-0.55704,-0.60725,-0.40596,-0.5068,-0.40811,-0.012197,-0.24819,-0.39825,-0.5637,0.75486,0.77049,0,0.97992,0.20545,0.58723,0.87726,0.80256,0.8696,0.50423,-0.095233,-0.17415,-0.17672,-0.36248,0.89466,0.48897,-0.13401,-0.26359,-0.46915,-0.44049,0.090754,-0.70596,-0.36929,-0.45791,-0.31554,-0.13825,-0.053278,-0.28689,-0.12556,-0.67711,-0.33407,-0.16473,-0.48346,0.36151,0.32251,-0.29547,-0.10016,-0.23712,-0.059036,0.94336,0.18713,0.43971,0.19346,-0.30149,-0.22995,0.1363,0.012816,-0.23432,0.028082,-0.41281,-0.32542,-0.2991,-0.32054,-0.4595,-0.49416,-0.65327,-0.34927,-0.40094,-0.29597,-0.81186,-0.6989,-0.59904,-0.64527,-0.50568,-0.27789,-0.087314,-0.17735,-0.24274,-0.19237,-0.39008,0.12001,-0.15332,0.043849,0.1013,-0.48801,0.181,-0.013794
-0.28337,0.44504,-0.45401,-0.28193,-0.6487,0.28291,-0.19476,0.26171,-0.52093,0.027549,-0.024431,-0.28809,0.03409,0.083602,-0.44342,-0.57844,-0.70493,-0.92595,-0.55082,-1.1066,-0.48241,-0.514,-1.2387,-0.63318,-0.37369,-0.68863,-0.83487,-0.66205,0.35786,0.83769,0.97992,0,0.23425,0.70876,1.0822,1.9942,0.63508,0.47718,-0.32455,-0.40233,-0.59654,-0.52799,1.3277,1.1258,-0.061124,-0.12297,-0.34349,-0.43122,0.062274,-0.65472,-0.26088,-0.29795,-0.63754,-0.22237,0.051422,-0.10579,0.073481,-0.50329,-0.080613,-0.38468,-0.35201,0.70222,0.52163,-0.018268,0.23644,-0.11619,0.027389,0.86841,0.1035,0.54776,0.4272,-0.057513,-0.11202,0.17048,0.24321,-0.66206,-0.11463,-0.51668,-0.51902,-0.4756,-0.65195,-0.52782,-0.44695,-0.80543,-0.60654,-0.69683,-0.68876,-0.73994,-0.66588,-0.41973,-0.23472,-0.61934,-0.22236,-0.31785,0.047187,-0.14089,0.053276,-0.33148,0.4412,0.13828,0.70057,0.17707,-0.0038821,0.277,0.264
-0.19424,-0.23564,0.17186,0.14693,0.11735,0.1466,-0.25149,-0.28842,0.28995,-0.13976,0.54228,0.14418,1.3811,0.89971,0.5738,0.080039,0.30791,0.090979,0.27067,0.046695,0.10775,0.23385,0.0075799,0.081955,0.2067,0.272,0.072479,0.23389,-0.052985,0.0037734,0.20545,0.23425,0,1.0929,0.60316,0.21117,0.71788,0.37434,0.44813,0.066967,-0.064604,0.11977,0.25692,0.075344,0.43076,0.55364,-0.82932,-0.64255,-0.0031277,0.19215,-0.049819,0.12428,-0.41081,-0.078281,-0.19413,-0.41766,-0.20153,-0.2419,-0.18877,0.25024,0.20263,0.18429,0.48829,-0.36883,-0.046151,-0.8097,-0.59471,0.12149,-0.047615,-0.1149,0.025041,0.022342,-0.21712,-0.74473,-0.68603,0.08095,0.26055,0.50081,0.2659,0.61044,0.2513,0.13422,0.087792,-0.062252,0.13563,0.21113,0.11703,-0.3548,-0.080162,-0.78789,-0.60026,-0.47384,-0.68541,-0.62913,-0.43081,0.10204,-0.12406,-0.30879,-0.5569,-0.015682,0.2004,0.43038,0.25103,-0.12845,0.054358
-0.19229,-0.055264,-0.20784,-0.19026,-0.12874,0.1997,-0.19182,-0.11082,-0.063319,-0.24589,0.32084,-0.0026435,0.59714,0.60098,0.16692,-0.22648,-0.17908,-0.35004,-0.095463,-0.37479,-0.0015862,0.082333,-0.34107,-0.25925,0.10985,-0.08388,-0.23853,0.0069926,0.17597,0.23758,0.58723,0.70876,1.0929,0,0.9703,0.71669,0.83193,0.48208,0.14572,-0.097602,-0.17113,-0.13066,0.80364,0.42434,0.22157,0.20373,-0.91181,-0.7868,0.055048,-0.25913,-0.15457,-0.083489,-0.61715,-0.21498,-0.26334,-0.31811,0.033842,-0.53347,-0.25054,-0.094735,-0.072161,0.39604,0.50867,-0.37035,-0.016766,-0.64378,-0.37113,0.63424,-0.084047,0.26141,0.27654,-0.075747,-0.48633,-0.52822,-0.5109,-0.24531,0.095872,-0.00077133,-0.089828,0.14101,-0.15306,-0.29515,-0.23141,-0.53841,-0.2455,-0.19618,-0.1467,-0.75295,-0.43984,-0.8848,-0.65783,-0.59576,-0.52574,-0.57818,-0.29435,-0.063017,-0.14818,-0.37053,-0.28044,-0.040435,0.29474,0.33611,0.096525,0.02033,0.080306
-0.47564,-0.010368,-0.38327,-0.2471,-0.41184,-0.02799,-0.10177,-0.043871,-0.37166,-0.20501,0.30263,-0.35767,0.3284,0.22768,-0.19324,-0.6091,-0.34296,-0.39434,-0.13308,-0.66708,-0.27716,-0.098032,-0.66843,-0.65071,-0.12546,-0.28485,-0.7222,-0.47728,0.31876,0.36335,0.87726,1.0822,0.60316,0.9703,0,0.95293,1.0184,0.36969,-0.084115,-0.4654,-0.62595,-0.6437,1.0547,0.45566,0.031786,-0.023275,-0.73444,-0.86312,0.075677,-0.39621,-0.030618,-0.085777,-0.88175,-0.61744,-0.42937,-0.32997,-0.16099,-0.86856,-0.42888,-0.30091,-0.54197,0.36132,0.63091,-0.52023,-0.22108,-0.54814,-0.3264,0.7756,0.19952,0.32285,0.42319,-0.25876,-0.36008,-0.31779,-0.19969,-0.53713,-0.034129,-0.17612,-0.16641,-0.030937,-0.30212,-0.30292,-0.30653,-0.60643,-0.25565,-0.29378,-0.24897,-1.0048,-0.8846,-0.81702,-0.58212,-0.54115,-0.41433,-0.51669,-0.49201,-0.10875,-0.12123,-0.30675,-0.0085025,0.16243,0.52415,0.5549,0.10765,-0.010308,0.12398
-0.21565,0.47037,-0.51728,-0.35765,-0.6157,0.38506,-0.22783,0.28479,-0.40401,0.029539,-0.10971,-0.25452,0.014197,0.083339,-0.36939,-0.46855,-0.75116,-1.0742,-0.70299,-1.1061,-0.3918,-0.44486,-1.1788,-0.4955,-0.42783,-0.69114,-0.69252,-0.45213,0.38802,0.88732,0.80256,1.9942,0.21117,0.71669,0.95293,0,0.52169,0.49167,-0.42348,-0.40648,-0.49585,-0.40678,1.2255,1.4163,-0.10214,-0.12257,-0.27251,-0.35665,0.094599,-0.62815,-0.27799,-0.25678,-0.61779,-0.18714,0.0303,0.0087891,0.24684,-0.41454,0.038263,-0.42802,-0.26295,0.70915,0.52928,-0.0091122,0.30468,-0.041916,0.08004,0.72482,0.063949,0.45214,0.36784,-0.15978,-0.16795,0.085712,0.18557,-0.64041,-0.1118,-0.59263,-0.60354,-0.51,-0.7604,-0.60019,-0.52361,-0.97899,-0.81351,-0.7832,-0.77589,-0.60015,-0.54233,-0.3903,-0.1342,-0.55519,-0.20589,-0.40429,0.10801,-0.079304,0.11785,-0.2236,0.51906,0.097476,0.67659,0.084832,0.056644,0.16728,0.10962
-0.71315,-0.25837,-0.18708,-0.10643,-0.32194,-0.038789,0.18934,0.07495,-0.37628,-0.18552,0.43163,-0.13441,0.29884,0.063365,-0.25521,-0.77279,-0.30247,-0.28562,-0.011665,-0.52086,-0.57062,-0.28582,-0.46863,-0.43327,-0.035831,-0.18636,-0.42841,-0.31587,0.52752,0.2645,0.8696,0.63508,0.71788,0.83193,1.0184,0.52169,0,0.73216,0.32226,-0.17258,-0.21793,-0.41758,0.61841,0.13479,-0.18115,-0.20586,-0.46167,-0.44694,-0.16394,-0.35601,-0.13681,-0.40004,-0.58817,-0.38652,-0.21721,-0.60061,-0.34282,-0.57932,-0.33585,-0.03728,-0.40611,0.16129,0.42345,-0.31491,-0.11543,-0.28543,-0.041471,0.58254,0.15959,0.36631,0.21749,-0.2797,-0.28407,-0.12514,-0.11106,-0.11291,0.090792,0.099058,-0.011803,0.2718,-0.050994,-0.11628,-0.085423,-0.32498,-0.10947,-0.069135,-0.12395,-0.72254,-0.515,-1.1918,-0.8884,-0.82924,-0.76727,-0.39266,-0.55989,-0.47182,-0.53568,-0.4557,-0.34234,0.0066202,0.186,0.41032,-0.034342,0.01573,0.15776
-0.16737,0.34149,0.1074,0.13254,-0.33554,0.31131,0.096998,0.78919,0.049209,0.17165,0.57372,0.324,0.24634,0.057777,-0.23206,-0.59302,-0.098317,-0.41723,0.027106,-0.35933,-1.0067,-0.7653,-0.54292,-0.22384,0.13698,-0.098334,-0.11231,-0.23208,0.11761,0.29164,0.50423,0.47718,0.37434,0.48208,0.36969,0.49167,0.73216,0,0.55113,0.40783,-0.12152,0.1193,0.19565,0.31393,-0.10575,0.00082845,-0.13896,-0.094566,-0.76608,-0.050322,-0.0055126,-0.69614,-0.44588,0.050788,0.25484,-0.77562,-0.31306,-0.053434,0.0019743,0.29103,0.2304,0.099982,0.14771,0.17158,0.55032,0.06792,0.15007,0.18746,-0.10539,0.24771,-0.0072181,-0.07495,0.066526,0.082134,0.091004,0.29739,0.65881,0.16801,0.078544,0.23952,0.1611,-0.0096933,-0.0059923,-0.13069,-0.20879,0.07262,-0.032724,-0.16717,-0.042576,-0.36811,-0.20019,-1.1152,-1.2049,-0.20707,0.21477,-0.15096,-0.22715,-0.51848,-0.15516,-0.42272,0.026178,-0.052406,0.011605,-0.2138,-0.052331
-0.091534,-0.10221,0.60152,0.4578,0.093774,-0.21413,0.11317,0.22359,0.3166,-0.087324,0.98254,0.42535,0.53714,0.28555,0.16284,-0.15772,0.7171,0.40616,1.0715,0.38099,-0.30798,-0.12527,0.21284,-0.029734,0.83741,0.48037,0.2941,0.016858,-0.44806,-0.51282,-0.095233,-0.32455,0.44813,0.14572,-0.084115,-0.42348,0.32226,0.55113,0,0.88194,0.079263,0.30617,-0.45091,-0.62173,0.27884,0.31159,-0.27653,-0.19125,-0.90798,0.59754,0.44225,-0.25928,-0.16769,0.016635,0.024384,-1.2797,-0.90108,0.028129,-0.36176,0.61862,0.36637,-0.38932,-0.15124,-0.019163,0.057547,-0.28494,-0.27498,-0.15943,-0.14974,-0.072752,-0.12442,0.27968,0.081719,-0.17,-0.23642,0.67225,0.82467,0.93795,0.73586,0.99376,1.1286,0.56307,0.53501,0.61986,0.58832,0.90859,0.75657,-0.011578,0.12885,-0.17619,-0.27473,-0.47452,-0.82567,-0.0048351,-0.066325,-0.019733,-0.32695,-0.5337,-1.0536,-0.42264,-0.36831,0.092285,0.024834,-0.25936,0.1054
0.59637,0.37061,0.40681,0.26707,0.40373,0.33995,0.24935,0.64043,0.71985,0.16952,0.65299,1.2355,0.25019,0.23112,0.14724,0.096205,0.4991,0.21518,0.56913,0.62449,-0.24777,-0.2001,0.41581,0.34516,0.84972,0.50894,0.78645,0.25296,-0.49019,-0.26013,-0.17415,-0.40233,0.066967,-0.097602,-0.4654,-0.40648,-0.17258,0.40783,0.88194,0,0.46687,1.0172,-0.58255,-0.28444,0.41001,0.4542,-0.16127,-0.022215,-0.67131,0.48644,0.14499,-0.38693,0.29425,0.57088,0.36694,-0.52896,-0.35763,0.21197,-0.13207,0.66377,0.6963,-0.41914,-0.36236,0.070606,0.22973,-0.14654,-0.22984,-0.35646,-0.32327,-0.21488,-0.36044,0.29831,0.14345,-0.06475,-0.19586,1.0152,0.91837,0.34723,0.29781,0.33563,0.68942,0.1897,0.10929,0.43228,0.29459,0.47143,0.49483,0.23402,0.26267,0.27862,0.18262,-0.27201,-0.41289,0.34107,0.47155,0.19184,-0.11452,-0.48946,-0.45047,-1.06,-0.65749,-0.37736,-0.26538,-0.16402,-0.14155
0.47677,-0.26513,-0.080756,-0.14466,0.89,0.47478,0.66331,0.03093,0.38938,-0.085158,-0.10569,0.76502,-0.1831,-0.1038,0.19245,0.2821,-0.070203,0.14614,-0.12824,0.53898,0.21343,0.16643,0.91254,0.80431,0.19253,0.29109,1.0644,0.90912,0.26644,-0.12339,-0.17672,-0.59654,-0.064604,-0.17113,-0.62595,-0.49585,-0.21793,-0.12152,0.079263,0.46687,0,0.81898,-0.29807,-0.25988,-0.14736,-0.1128,0.081706,0.31986,0.18206,-0.090872,-0.53499,-0.2135,1.0319,0.71281,0.24122,0.32257,0.4437,0.26281,0.24429,0.24168,0.2515,-0.51234,-0.52005,-0.14193,-0.18414,0.09453,0.13873,-0.35894,-0.31908,-0.4026,-0.70392,-0.32349,-0.31034,-0.15794,-0.37421,0.69088,0.042713,-0.10767,-0.16493,-0.017139,0.039237,-0.17152,-0.17126,0.053715,0.043127,-0.037865,0.04496,0.34247,0.35791,-0.0032893,-0.042988,0.26712,0.19938,0.42257,0.12435,-0.14031,-0.30732,0.10387,-0.18189,-0.58189,-0.9912,-0.4116,-0.54473,0.16074,-0.26086
0.9723,0.24224,0.37431,0.2382,0.82791,0.73806,0.14637,0.29141,1.3471,0.34803,0.26282,1.4223,0.30383,0.31668,0.56588,0.61333,0.43122,0.2656,0.19652,0.86717,0.15565,0.10736,0.70623,1.0976,0.41724,0.65845,1.3861,0.85895,-0.29135,-0.092208,-0.36248,-0.52799,0.11977,-0.13066,-0.6437,-0.40678,-0.41758,0.1193,0.30617,1.0172,0.81898,0,-0.60455,-0.078881,0.40322,0.59983,-0.011708,0.19559,-0.13488,0.43195,-0.21187,-0.025324,0.64484,0.94382,0.40661,0.057392,0.13662,0.50674,0.26789,0.68411,1.0532,-0.25721,-0.25461,0.098049,0.26464,-0.065789,-0.18212,-0.71865,-0.34858,-0.52033,-0.57468,0.13158,0.18138,-0.2465,-0.36943,1.0396,0.54356,0.24947,0.17263,0.22167,0.40658,0.12258,-0.014969,0.30419,0.15323,0.28786,0.2763,0.58883,0.65459,0.34125,0.32498,0.070194,-0.15145,0.2379,0.47346,0.39978,0.11223,-0.049339,-0.17794,-0.71086,-0.55765,-0.44158,-0.13103,-0.22905,-0.46171
-0.26862,0.078461,-0.63608,-0.38606,-0.34269,0.1937,0.0062759,-0.070403,-0.65934,-0.3157,-0.17715,-0.33698,-0.073959,0.021876,-0.3323,-0.57299,-0.86189,-0.73154,-0.7023,-0.98225,-0.1737,-0.25662,-0.69774,-0.63686,-0.36646,-0.6987,-0.73131,-0.42269,0.52679,0.53012,0.89466,1.3277,0.25692,0.80364,1.0547,1.2255,0.61841,0.19565,-0.45091,-0.58255,-0.29807,-0.60455,0,0.80581,-0.25987,-0.34497,-0.45105,-0.44391,0.29365,-1.0137,-0.42238,-0.20758,-0.3938,-0.24864,-0.083959,0.09472,0.34769,-0.54978,-0.042149,-0.46877,-0.53185,0.37954,0.24658,-0.26851,-0.13014,-0.19417,0.044041,0.96274,-0.10393,0.38003,0.22556,-0.33026,-0.53208,-0.05301,-0.031819,-0.69133,-0.29536,-0.69561,-0.61506,-0.56964,-0.845,-0.64327,-0.45371,-0.89749,-0.47777,-0.88657,-0.7253,-0.78692,-0.73854,-0.6712,-0.49827,-0.2819,0.036867,-0.18128,-0.10655,-0.2431,-0.076572,-0.088687,0.38927,0.19255,0.44751,0.35868,-0.1254,0.44665,0.33316
0.081091,0.69575,-0.40768,-0.27214,-0.37412,0.76558,-0.30394,0.30885,-0.14411,0.20998,-0.30167,-0.061752,-0.0092025,0.15203,-0.18539,-0.11086,-0.64984,-1.0024,-0.92738,-0.7088,-0.22032,-0.4326,-0.77678,-0.13228,-0.50761,-0.5976,-0.33982,-0.21975,0.28114,1.0962,0.48897,1.1258,0.075344,0.42434,0.45566,1.4163,0.13479,0.31393,-0.62173,-0.28444,-0.25988,-0.078881,0.80581,0,-0.016616,0.024152,-0.10119,-0.12566,0.22434,-0.48719,-0.46709,-0.1439,-0.25595,0.17259,0.31316,0.29769,0.51428,-0.08509,0.34101,-0.32204,0.036738,0.74518,0.37932,0.18004,0.51586,0.087694,0.11813,0.36832,-0.036557,0.17953,0.11963,-0.089834,-0.0041738,0.15953,0.2241,-0.47592,-0.1061,-0.67931,-0.7302,-0.71419,-0.80529,-0.56946,-0.53888,-0.82181,-0.86753,-0.87091,-0.93821,-0.23888,-0.19315,-0.11484,0.12277,-0.30302,0.015066,-0.27663,0.43436,0.14264,0.38749,-0.067021,0.87364,0.040902,0.57218,-0.14981,0.01366,0.25434,0.043334
0.36638,0.32244,0.27286,0.089169,0.20127,0.16728,-0.45116,0.010787,0.64861,0.23309,0.47753,0.30044,0.82521,0.95993,0.46092,0.54514,0.59268,0.27664,0.60502,0.54335,0.29925,0.40622,0.23486,0.29821,0.53463,0.55853,0.31739,0.16995,-0.63968,-0.0080127,-0.13401,-0.061124,0.43076,0.22157,0.031786,-0.10214,-0.18115,-0.10575,0.27884,0.41001,-0.14736,0.40322,-0.25987,-0.016616,0,1.539,-0.59974,-0.65202,0.0070857,0.61868,0.21385,0.35877,-0.16041,0.068616,-0.16435,-0.25469,-0.40152,-0.21982,-0.50789,0.15531,0.35014,0.31497,0.46708,-0.15778,0.053404,-0.84805,-1.1754,-0.11592,0.21815,-0.11537,0.29729,0.73185,0.27221,-0.33619,-0.33941,0.054441,0.30369,0.3598,0.25299,0.33932,0.43258,0.13709,-0.040798,0.15953,0.18512,0.37274,0.41165,-0.19597,-0.077403,0.2116,0.14911,-0.15328,-0.21605,-0.25503,-0.04285,0.59667,0.34003,-0.51924,-0.36939,-0.18186,0.12481,-0.088212,0.15784,-0.17517,-0.11257
