,,,,,,,,,,,,,,,,,,,,,,,,,,,,,,,,,,,,,,,,,,,,,,,,,,,,,,,,,,,,,,,,,,,,,,,,,,,,,,,,,,,,,,,,,,,,,,,,,,,,,,,,
0,0.40113,0.056251,0.052572,0.81565,0.46808,0.46045,0.38337,0.52324,0.55692,-0.15374,0.97801,-1.2853,-0.52509,0.006926,0.39836,-0.15007,0.17034,-0.16197,0.53903,0.16922,0.015757,0.523,0.38508,0.14668,0.29792,0.40956,0.26778,-0.11983,-0.25255,-0.125,-0.3062,-0.80563,-0.37725,-0.59351,-0.30422,-0.85192,-0.45485,-0.32547,0.57373,0.48168,0.74814,-0.18082,-0.053337,0.0075344,0.0065453,0.26601,0.42348,0.075625,-0.32607,-0.31472,-0.25058,0.9447,0.89138,0.69692,0.5291,0.32118,0.34607,0.22021,0.50965,0.42585,-0.36515,-0.66739,0.20635,0.02313,0.27667,0.29526,-0.22297,-0.47527,0.2305,-0.19509,0.24197,0.19535,0.36466,0.11103,0.53307,-0.026154,-0.46237,-0.08146,-0.61198,-0.1176,-0.30077,-0.28692,0.14913,0.14445,-0.18952,0.071291,0.44658,0.22654,0.80789,0.48192,0.42955,0.50196,1.0503,0.82233,-0.036022,-0.1296,0.16648,0.29206,-0.44858,-0.42378,-0.26135,-0.36333,0.072639,-0.29707
0.40113,0,-0.017869,-0.077188,-0.35738,0.031645,-0.39805,0.75965,0.048852,0.12313,-0.014254,0.10838,-0.073093,-0.062776,-0.69024,0.15935,0.25816,-0.2622,0.1828,-0.11046,-0.35758,-0.52746,-0.41172,-0.25742,-0.09215,-0.42496,-0.22718,-0.31581,-1.0788,-0.21767,-0.34163,0.1994,-0.38525,-0.20221,-0.10701,0.14408,-0.48633,0.022267,0.022708,0.44922,-0.35204,0.092283,-0.09531,0.25092,0.64924,0.88196,0.047521,-0.11834,-0.42924,0.15404,0.29902,-0.41134,-0.077929,0.10501,0.51716,-0.095931,-0.19354,-0.066271,-0.1761,-0.13632,0.14745,0.060415,0.040515,0.29152,0.54795,0.0086655,-0.098848,-0.062899,0.011882,0.54259,0.5073,0.92015,0.4265,0.45846,0.81379,-0.13201,0.083133,-0.2236,-0.22125,-0.36269,-0.12893,-0.27511,-0.2176,0.078981,-0.12194,-0.18458,-0.1163,-0.021249,-0.27751,0.79683,1.0183,-0.38997,-0.0433,0.24118,0.74966,-0.0062033,0.008102,-0.51762,0.24099,-0.25189,0.44331,-0.21236,0.18764,0.20963,0.44543
0.056251,-0.017869,0,1.5852,-0.018334,-0.76637,0.094678,0.14305,0.14237,0.23982,0.10945,-0.12567,-0.42566,-0.8433,-0.0070923,-0.065023,0.8734,1.2489,0.55727,0.44784,-0.21049,-0.3708,0.053442,-0.14434,0.30342,0.48365,-0.15305,-0.16786,-0.52193,-1.4908,-0.77519,-0.62649,-0.71845,-0.76489,-0.60652,-0.65622,-0.50786,-0.0044271,0.43433,0.22635,-0.20261,0.022082,-0.68975,-0.66864,-0.28475,-0.29639,0.95303,0.76956,-1.0152,0.42672,0.3063,0.48943,0.091322,-0.2553,0.036035,-0.25461,-0.37562,0.88937,0.24119,0.79047,0.7396,-0.42254,-0.65653,1.0255,0.28585,0.9053,0.59031,-0.84262,-0.33991,-0.12276,-0.026458,0.40073,1.2259,0.81702,0.72324,0.44111,1.1264,0.79831,1.1608,0.55523,0.88881,1.403,1.5121,1.6502,1.0476,1.0284,0.80642,0.79997,0.75157,0.49075,0.27978,0.45778,-0.05649,0.43278,0.47697,0.54493,0.47448,0.38973,0.025166,0.46959,-0.031021,0.21335,0.59673,-0.61368,-0.15558
0.052572,-0.077188,1.5852,0,0.063432,-0.65799,0.17724,-0.069471,-0.049898,0.095989,0.060732,-0.19552,-0.39739,-0.87436,0.073895,-0.2877,0.63057,1.1581,0.33068,0.25464,-0.20984,-0.50268,-0.021297,-0.29835,0.119,0.30405,-0.33451,-0.31822,-0.3808,-1.199,-0.51014,-0.37558,-0.59168,-0.64694,-0.34264,-0.4279,-0.36083,-0.10683,0.17202,-0.029199,-0.26877,-0.16165,-0.35213,-0.44235,-0.53439,-0.51149,0.70715,0.67142,-0.71924,0.17944,0.17738,0.56153,0.13519,-0.25526,0.10787,-0.12792,-0.23707,0.86758,0.37423,0.89139,0.50082,-0.57053,-0.82747,0.69696,0.038865,0.73246,0.57303,-0.69094,-0.60365,-0.27656,-0.23843,0.15255,0.80737,0.55699,0.53807,0.34312,0.88178,0.50978,0.94886,0.28968,0.56652,1.2654,1.3995,1.2773,1.2971,0.65458,0.49648,0.7355,0.58431,0.3151,0.12293,0.62345,0.10169,0.52543,0.44439,0.60876,0.50903,0.63463,0.32462,0.65418,0.052955,0.58826,0.54143,-0.46239,-0.026466
0.81565,-0.35738,-0.018334,0.063432,0,0.64818,1.3766,-0.020851,0.46268,0.32079,-0.14659,1.0604,-1.0603,-0.55448,0.27195,0.18351,-0.41716,0.36001,-0.33122,0.71479,0.22166,0.15493,1.2765,0.74256,0.12875,0.54204,0.78464,0.54541,0.62196,0.0055535,0.14961,-0.5046,-0.38447,-0.30856,-0.50453,-0.49758,-0.28004,-0.47611,-0.29446,0.28622,1.1734,0.75264,-0.11425,-0.26247,-0.50164,-0.66452,0.197,0.5196,0.41158,-0.51092,-0.78862,-0.15713,1.61,1.0501,0.48131,0.64759,0.46114,0.36166,0.35765,0.6573,0.19069,-0.67228,-0.83223,-0.1077,-0.49431,0.23708,0.36329,-0.26593,-0.46593,-0.35954,-0.95044,-0.43269,-0.14451,0.076367,-0.36203,0.81957,-0.086452,-0.36728,-0.080571,-0.35071,-0.066237,-0.14,-0.18614,0.10868,0.26877,-0.13162,0.032784,0.44118,0.38158,0.10749,-0.13844,0.71378,0.57009,0.8395,0.1856,-0.1774,-0.29668,0.43359,0.14701,-0.38985,-1.0557,-0.1327,-0.73768,0.11628,-0.48224
0.46808,0.031645,-0.76637,-0.65799,0.64818,0,0.39596,-0.0038392,0.22096,-0.084547,-0.59114,0.73204,-0.24021,0.00053217,0.1057,0.45646,-1.0268,-0.54902,-0.95212,0.019127,0.25108,0.090503,0.41235,0.71926,-0.4665,-0.28093,0.58827,0.77793,0.62134,0.70709,0.20413,0.080366,0.15617,0.19261,-0.10393,0.15809,0.016616,-0.18566,-0.6013,0.10229,0.97631,0.6767,0.29444,0.46845,-0.14901,-0.14102,-0.12952,0.081876,0.7647,-0.72676,-1.0683,-0.56648,0.70833,1.2533,0.70004,0.98388,0.92866,-0.02718,0.36365,-0.12054,-0.0068038,-0.067261,-0.07422,-0.27531,-0.10028,-0.046623,0.17936,0.041915,-0.21712,-0.10215,-0.45841,-0.35637,-0.56422,-0.22742,-0.34979,0.17446,-0.88414,-0.9662,-1.1518,-0.7116,-0.88602,-0.98885,-0.88469,-0.58344,-0.56888,-1.0095,-0.82497,-0.0091838,-0.021423,-0.12774,0.015878,-0.019666,0.35204,0.19723,0.11771,-0.70329,-0.57504,-0.043882,0.2393,-0.5319,-0.26221,-0.35352,-0.57511,0.66448,-0.0049764
0.46045,-0.39805,0.094678,0.17724,1.3766,0.39596,0,0.12689,0.32887,0.18845,0.15469,0.93085,-0.76944,-0.65913,-0.05893,-0.16348,-0.22281,0.55035,-0.025896,0.783,-0.17868,-0.12658,1.1638,0.52292,0.27333,0.58994,0.67693,0.29548,0.54587,-0.11964,0.20789,-0.5514,-0.32457,-0.40996,-0.42317,-0.66478,-0.065787,-0.24782,0.084602,0.4034,0.93419,0.55995,-0.20868,-0.53506,-0.4776,-0.73646,0.14172,0.39929,0.13086,-0.34899,-0.62461,-0.30902,1.1411,0.69765,0.40525,0.21069,0.086991,0.22765,0.11492,0.73951,-0.00072518,-1.0629,-0.87199,-0.17158,-0.65916,0.15631,0.24435,-0.32732,-0.30403,-0.48618,-0.98519,-0.43343,-0.049433,0.17505,-0.24842,0.9838,0.22826,-0.13431,0.053589,-0.083801,0.19158,0.044872,-0.028556,0.30695,0.52482,0.092467,0.20453,0.32382,0.2464,0.0013523,-0.24619,0.46947,0.29806,0.8524,0.027207,-0.24841,-0.42698,0.19908,-0.054674,-0.44682,-1.1814,-0.058104,-0.75916,0.13528,-0.28817
0.38337,0.75965,0.14305,-0.069471,-0.020851,-0.0038392,0.12689,0,0.6686,0.59988,0.45047,0.61505,-0.28464,-0.37495,-0.83222,0.17328,0.54221,0.15377,0.66395,0.54201,-0.77969,-0.37959,0.19646,0.24881,0.28926,0.25848,0.39931,-0.0089851,-0.59674,-0.41716,-0.40152,-0.46391,-0.57705,-0.61712,-0.52887,-0.54126,-0.43647,0.2383,0.66949,1.4884,0.088027,0.57777,-0.79222,-0.49641,0.5078,0.63017,0.30443,0.14872,-0.64516,0.52307,0.35358,-0.80533,0.20073,0.28684,0.42402,-0.3817,-0.58395,0.0073758,-0.36463,0.23448,0.22607,-0.38014,-0.069834,0.20656,0.38864,0.16498,-0.022894,-0.41093,0.39478,0.26714,0.20687,0.58156,0.66109,0.62159,0.68353,0.55045,0.51424,0.24129,0.10994,0.18615,0.44938,-0.056512,-0.16825,0.38078,0.080314,0.33556,0.40625,0.21806,0.031999,0.90714,0.92458,-0.40396,-0.36425,0.3498,0.35284,-0.2731,-0.42384,-0.66126,-0.38569,-0.88684,-0.25296,-0.70388,-0.1313,-0.12743,-0.09434
0.52324,0.048852,0.14237,-0.049898,0.46268,0.22096,0.32887,0.6686,0,1.3833,0.11712,0.86688,-0.5626,-0.50599,0.15246,0.70002,0.32989,0.28659,0.18554,0.85047,-0.10423,0.23001,0.71778,1.0988,0.082411,0.72716,1.0466,0.63434,0.018546,-0.26849,-0.49831,-1.0248,-0.56729,-0.6502,-0.84552,-0.78162,-0.5427,0.045873,0.19821,0.76473,0.54992,1.1417,-0.98245,-0.57118,-0.069313,0.15166,0.70222,0.69687,-0.10871,0.43183,0.11671,-0.3282,0.58309,0.62311,0.33057,0.16792,-0.038302,0.4512,0.19481,0.53832,0.62711,-0.41344,-0.14804,0.18088,0.31083,0.53217,0.37924,-0.65413,0.24603,-0.066787,-0.25181,-0.020542,0.42967,0.2354,0.17817,0.99248,0.16593,0.29308,0.22375,0.2296,0.33074,0.0098216,-0.17519,0.25326,-0.047837,0.31725,0.34138,0.77358,0.70327,0.70442,0.66413,0.11324,-0.14228,0.25544,0.17272,-0.23037,-0.39049,0.098047,-0.28788,-0.68919,-0.64692,-0.78443,-0.19118,-0.56856,-1.0673
0.55692,0.12313,0.23982,0.095989,0.32079,-0.084547,0.18845,0.59988,1.3833,0,0.39321,0.58647,-0.52272,-0.41637,0.16587,0.39717,0.54412,0.39713,0.39442,0.70884,-0.1214,0.28426,0.47904,0.52673,0.23972,0.86216,0.55817,0.2047,-0.18539,-0.46633,-0.33887,-0.75047,-0.66017,-0.61026,-0.55199,-0.65003,-0.5704,0.0003463,0.20439,0.59759,0.16362,0.58267,-0.82478,-0.62054,0.026416,0.28271,0.5114,0.4716,-0.18218,0.51999,0.42661,-0.16452,0.34526,0.29591,0.11764,-0.040933,-0.2489,0.32345,0.013755,0.61596,0.44532,-0.37263,-0.12756,0.097893,0.19357,0.33314,0.15955,-0.4093,0.26184,0.0937,-0.080732,0.064282,0.49452,0.17476,0.15925,0.73051,0.30524,0.37682,0.50377,0.2031,0.4644,0.10783,-0.10474,0.30883,0.11959,0.446,0.55635,0.63306,0.47803,0.86629,0.62804,0.17426,-0.14512,0.26673,0.14178,0.018387,-0.20726,0.16795,-0.23571,-0.51282,-0.50398,-0.44665,-0.13249,-0.81499,-1.0768
-0.15374,-0.014254,0.10945,0.060732,-0.14659,-0.59114,0.15469,0.45047,0.11712,0.39321,0,0.054566,0.13663,0.0098125,-0.43873,-0.68364,0.54715,0.32894,1.0622,0.22696,-0.71134,-0.022035,0.037548,-0.26865,0.64568,0.52427,-0.035123,-0.56359,-0.19561,-0.35513,0.33588,-0.11744,-0.0506,-0.1341,0.19978,-0.27995,0.24899,0.35731,0.86692,0.32508,-0.32683,-0.23585,-0.27286,-0.70809,0.28441,0.27587,-0.25325,-0.34786,-0.38531,0.46107,0.68638,-0.29567,-0.28458,-0.42719,-0.44234,-1.2202,-1.209,-0.46565,-0.91813,0.21044,-0.47921,-0.29386,0.1413,-0.40243,-0.32243,-0.41259,-0.55919,0.18002,0.6102,0.16554,0.20271,0.023283,0.15531,-0.041087,-0.050832,0.20814,0.68604,0.54189,0.59398,0.48915,0.75217,0.19778,0.0048987,0.22159,0.36093,0.62195,0.76817,-0.23699,-0.35058,0.09347,-0.087407,-0.30208,-0.55508,-0.015912,-0.47479,-0.027743,-0.29268,-0.37111,-0.68004,-0.37886,-0.29176,0.022111,-0.23214,-0.39028,-0.18505
0.97801,0.10838,-0.12567,-0.19552,1.0604,0.73204,0.93085,0.61505,0.86688,0.58647,0.054566,0,-0.86283,-0.5521,-0.14238,0.34377,-0.19781,0.1518,-0.068137,0.8085,-0.14919,0.00068895,1.0088,0.93157,0.14001,0.46514,1.0764,0.59589,0.24469,-0.057958,-0.02092,-0.56937,-0.46335,-0.40552,-0.64934,-0.56955,-0.36309,-0.11749,0.036281,0.90701,1.0804,1.3469,-0.37974,-0.3324,-0.072913,-0.082069,0.2429,0.4226,0.11503,-0.20863,-0.46035,-0.76463,1.2113,1.3174,0.71311,0.34808,0.17737,0.18847,0.094079,0.51823,0.24223,-0.63607,-0.47026,-0.052535,-0.093944,0.21077,0.26107,-0.34591,-0.0817,-0.019366,-0.45399,-0.076337,0.065406,0.2367,-0.043866,1.0505,0.006006,-0.254,-0.17667,-0.2229,0.018375,-0.37792,-0.47517,0.089124,0.032326,-0.090786,0.092337,0.38393,0.25376,0.44432,0.31097,0.12244,0.1401,0.74958,0.2788,-0.54299,-0.72869,-0.087548,-0.14429,-1.0993,-0.92944,-0.59718,-0.71746,0.10087,-0.44374
-1.2853,-0.073093,-0.42566,-0.39739,-1.0603,-0.24021,-0.76944,-0.28464,-0.5626,-0.52272,0.13663,-0.86283,0,0.87158,-0.061976,-0.3293,-0.036902,-0.66916,-0.0079532,-1.0166,-0.14884,0.045574,-0.88333,-0.47359,-0.35197,-0.63851,-0.54552,-0.28823,0.040814,0.46872,0.30443,0.75233,1.1881,0.75671,1.0298,0.76975,1.002,0.61015,0.12927,-0.60645,-0.61246,-0.78397,0.4666,0.42409,0.21249,0.33296,-0.56114,-0.77788,0.075976,0.15508,0.32698,-0.015863,-1.266,-0.77369,-0.58016,-0.43806,-0.18833,-0.67529,-0.30766,-0.83937,-0.61105,0.64576,1.2456,-0.3966,0.093365,-0.56547,-0.48486,0.55414,0.56056,0.13711,0.46294,-0.15773,-0.41257,-0.6495,-0.18798,-0.83927,-0.28467,0.16202,-0.20278,0.27994,-0.22068,-0.14879,-0.13421,-0.55932,-0.54176,-0.16867,-0.35251,-0.75834,-0.56517,-0.72454,-0.31187,-0.86071,-0.61624,-1.4034,-0.78659,-0.19232,-0.070846,-0.37735,-0.23016,0.25217,0.72378,0.21574,0.32348,0.073308,0.41084
-0.52509,-0.062776,-0.8433,-0.87436,-0.55448,0.00053217,-0.65913,-0.37495,-0.50599,-0.41637,0.0098125,-0.5521,0.87158,0,0.036398,-0.043618,-0.35531,-0.87151,-0.14194,-0.63546,0.38345,0.55636,-0.42165,-0.30884,0.017039,-0.43146,-0.2515,-0.21183,0.15291,0.96124,0.6013,0.73946,0.80431,0.92137,0.80128,0.73193,0.51096,-0.0079035,-0.17508,-0.48265,-0.33525,-0.55959,0.60816,0.5246,0.62025,0.49162,-1.0573,-1.2668,0.57245,-0.020169,0.17418,0.093136,-0.77998,-0.41766,-0.7028,-0.16787,0.0094542,-1.1044,-0.55975,-1.5877,-0.77068,1.167,1.119,-0.63042,-0.14363,-1.0806,-1.0064,1.2511,0.59074,0.24271,0.53398,-0.054662,-0.76212,-0.6356,-0.52832,-1.1983,-0.64145,-0.27151,-0.47457,-0.14909,-0.38203,-0.48681,-0.47986,-1.0078,-0.76355,-0.38444,-0.33437,-1.2768,-0.85089,-0.58184,-0.44351,-0.44679,-0.03862,-1.0109,-0.63918,0.019304,0.12622,-0.42851,-0.19404,0.038988,0.33352,-0.0773,-0.15561,0.33317,0.28203
0.006926,-0.69024,-0.0070923,0.073895,0.27195,0.1057,-0.05893,-0.83222,0.15246,0.16587,-0.43873,-0.14238,-0.061976,0.036398,0,0.3515,-0.26431,-0.012946,-0.61178,-0.13058,0.90156,0.76475,0.11036,0.2919,-0.35248,0.16269,0.060717,0.48479,0.56411,0.15158,-0.0034921,-0.043376,0.18562,0.2408,0.050367,0.16079,0.029934,-0.13615,-0.65219,-0.65703,0.16579,0.0094767,0.1831,0.2141,-0.68228,-0.46234,0.20525,0.35689,0.55146,-0.21058,-0.18891,0.6413,0.086217,0.033398,-0.25048,0.63558,0.712,0.40495,0.73387,0.14337,0.30137,0.20995,0.036082,0.0033337,-0.016725,0.27207,0.40845,0.0035531,-0.29181,-0.16964,-0.28815,-0.59961,-0.29665,-0.55114,-0.53673,-0.027416,-0.46039,-0.0057374,0.1201,-0.027508,-0.28087,0.056668,0.058375,-0.25403,-0.20291,-0.14159,-0.18877,0.33773,0.52963,-0.25616,-0.25629,0.53623,0.2029,-0.24607,-0.18413,0.15008,0.20206,1.1236,0.24465,0.44974,-0.0096443,0.2358,0.18516,-0.43679,-0.66913
0.39836,0.15935,-0.065023,-0.2877,0.18351,0.45646,-0.16348,0.17328,0.70002,0.39717,-0.68364,0.34377,-0.3293,-0.043618,0.3515,0,-0.069133,-0.18027,-0.31046,0.30366,0.53548,0.39939,0.31836,0.86581,-0.18447,0.085988,0.63701,0.89676,-0.0015944,0.16064,-0.63628,-0.43046,-0.2893,-0.19664,-0.69948,-0.21238,-0.65281,-0.22168,-0.27836,0.29707,0.486,0.84461,-0.39674,0.09867,0.12153,0.24154,0.52627,0.494,0.19365,0.15554,-0.14951,0.023518,0.3546,0.60977,0.32721,0.65714,0.48984,0.43101,0.42966,-0.089032,0.81246,0.26916,0.062373,0.4365,0.67178,0.50253,0.40411,-0.3593,0.049361,0.057334,0.023724,0.21877,0.18581,0.22082,0.18214,0.17515,-0.38927,-0.10528,-0.25974,-0.10557,-0.17785,-0.21484,-0.20878,-0.10062,-0.50957,-0.12775,-0.14027,0.44729,0.59649,0.44144,0.57894,0.12864,0.20249,-0.03051,0.40664,-0.066277,0.051857,0.087113,0.032649,-0.21182,-0.12328,-0.86512,0.043809,-0.090214,-0.42799
-0.15007,0.25816,0.8734,0.63057,-0.41716,-1.0268,-0.22281,0.54221,0.32989,0.54412,0.54715,-0.19781,-0.036902,-0.35531,-0.26431,-0.069133,0,0.69353,1.1984,0.35551,-0.56072,-0.29223,-0.11554,-0.18679,0.33278,0.42624,-0.11034,-0.4382,-0.86654,-0.95748,-0.69546,-0.53059,-0.58291,-0.79426,-0.34923,-0.58243,-0.39673,0.16983,0.74812,0.36451,-0.542,-0.087615,-0.95378,-0.76976,0.17007,0.3394,0.57566,0.27778,-1.0959,1.3814,1.1725,0.18214,-0.25246,-0.44374,-0.13048,-0.72963,-1.0451,0.31136,-0.20082,0.37895,0.34706,-0.27649,-0.06683,0.45854,0.36461,0.38304,0.046218,-0.5555,0.3324,-0.041397,0.22559,0.4592,1.258,0.5791,0.84789,0.25578,1.1159,1.1069,1.0196,0.70775,1.1106,0.92619,0.67308,0.93823,0.54267,1.1917,0.85714,0.43305,0.32228,0.66022,0.56543,-0.0062169,-0.38234,0.044482,0.16288,0.47528,0.29992,-0.029656,-0.21677,0.0941,0.051327,-0.062534,0.46265,-0.81663,-0.18498
0.17034,-0.2622,1.2489,1.1581,0.36001,-0.54902,0.55035,0.15377,0.28659,0.39713,0.32894,0.1518,-0.66916,-0.87151,-0.012946,-0.18027,0.69353,0,0.62531,0.88953,-0.23457,-0.22691,0.50571,0.057667,0.57333,0.94754,0.16396,-0.15917,-0.18379,-1.0095,-0.38881,-0.93614,-0.84075,-1.0062,-0.66515,-1.1292,-0.46033,-0.24389,0.44297,0.33728,0.06748,0.13993,-0.7645,-1.1733,-0.34302,-0.46696,0.66873,0.67552,-0.57156,0.36517,0.18304,0.35941,0.3844,-0.037158,0.032851,-0.2408,-0.44915,0.66184,0.080808,1.0473,0.41087,-0.80866,-0.91911,0.43954,-0.18056,0.5803,0.34633,-0.72644,-0.23007,-0.42941,-0.38865,0.081077,0.79637,0.68785,0.34453,0.72776,1.1601,0.62712,1.0951,0.43906,1.0927,1.2055,0.95956,1.5134,1.554,1.0864,1.0053,0.71935,0.63355,0.3986,0.050509,0.72746,0.14012,0.65179,0.24679,0.52162,0.30749,0.4257,-0.052634,0.15602,-0.5308,0.1305,0.044217,-0.51437,-0.34193
-0.16197,0.1828,0.55727,0.33068,-0.33122,-0.95212,-0.025896,0.66395,0.18554,0.39442,1.0622,-0.068137,-0.0079532,-0.14194,-0.61178,-0.31046,1.1984,0.62531,0,0.47081,-0.66708,-0.19803,0.031454,-0.2483,0.86683,0.57445,-0.013473,-0.56146,-0.65608,-0.67873,-0.21289,-0.43852,-0.42584,-0.53834,-0.22718,-0.62559,-0.17911,0.17955,1.3026,0.57974,-0.40534,-0.11659,-0.76449,-1.0289,0.47559,0.39456,0.14454,-0.070784,-0.89975,1.0114,0.95884,-0.042993,-0.27949,-0.46666,-0.31836,-1.3386,-2.0178,-0.11469,-0.77563,0.20926,-0.033815,-0.23431,-0.010942,0.14761,0.054824,-0.021378,-0.32982,-0.18867,0.57653,0.091257,0.35048,0.50639,0.74689,0.53801,0.4849,0.22911,1.2545,0.89304,0.83392,0.72179,1.4872,0.61847,0.4239,0.71027,0.56472,1.2523,1.2582,0.018708,-0.041701,0.43504,0.22502,-0.16769,-0.42307,0.068084,-0.0637,0.30186,0.10624,-0.41443,-0.6206,-0.18331,-0.20194,-0.19134,0.053718,-0.4565,-0.081252
0.53903,-0.11046,0.44784,0.25464,0.71479,0.019127,0.783,0.54201,0.85047,0.70884,0.22696,0.8085,-1.0166,-0.63546,-0.13058,0.30366,0.35551,0.88953,0.47081,0,-0.11191,0.045602,1.3165,0.68477,0.70532,1.2022,0.98629,0.27853,-0.0091298,-0.42382,-0.34444,-1.5916,-0.97577,-1.0402,-1.2512,-1.9384,-0.69703,-0.37126,0.40402,0.98485,0.63275,0.843,-1.091,-1.1752,0.0045907,-0.14532,0.55732,0.60913,-0.21988,0.34051,-0.025557,-0.095779,0.82926,0.53829,0.26118,-0.012059,-0.26869,0.4174,-0.064369,0.66175,0.43376,-0.67076,-0.67586,0.24978,-0.11165,0.42703,0.20601,-0.64342,0.067361,-0.31959,-0.39932,0.13202,0.55098,0.73336,0.21049,1.0782,0.56619,0.27346,0.39253,0.21848,0.76008,0.35214,0.19312,0.71023,0.54313,0.64416,0.78519,0.59701,0.56293,0.60663,0.24533,0.49592,0.23089,0.7033,0.27529,0.12606,-0.053237,0.05137,-0.29759,-0.51494,-1.2749,-0.60261,-0.4656,-0.24109,-0.57767
0.16922,-0.35758,-0.21049,-0.20984,0.22166,0.25108,-0.17868,-0.77969,-0.10423,-0.1214,-0.71134,-0.14919,-0.14884,0.38345,0.90156,0.53548,-0.56072,-0.23457,-0.66708,-0.11191,0,0.91074,0.11961,0.17256,-0.031809,-0.0095242,0.065292,0.38887,0.38068,0.4384,0.11214,0.12138,0.11438,0.39498,-0.0092399,0.26364,-0.1754,-0.5562,-0.8135,-0.46241,0.21468,0.018547,0.35136,0.43049,-0.07199,-0.19845,-0.098061,0.023431,0.76696,-0.37724,-0.34289,0.66704,0.074268,0.12016,-0.25533,0.71847,0.82144,0.096387,0.32499,-0.30285,0.16995,0.64425,0.052805,0.036955,-0.037595,-0.0078525,0.067943,0.32695,-0.28052,0.044391,0.017272,-0.12356,-0.43293,-0.27295,-0.51714,-0.36984,-0.69553,-0.41631,-0.23545,-0.37871,-0.44191,-0.19998,-0.099219,-0.43884,-0.35179,-0.35316,-0.24577,-0.050993,0.15589,-0.20867,-0.31093,0.51941,0.62915,-0.17694,0.040091,0.30751,0.47573,0.47569,0.25519,0.34707,-0.0046172,-0.02994,-0.048937,0.084515,-0.24256
0.015757,-0.52746,-0.3708,-0.50268,0.15493,0.090503,-0.12658,-0.37959,0.23001,0.28426,-0.022035,0.00068895,0.045574,0.55636,0.76475,0.39939,-0.29223,-0.22691,-0.19803,0.045602,0.91074,0,0.25914,0.33654,0.21684,0.37731,0.32053,0.39286,0.49773,0.43775,0.32461,-0.036523,0.25713,0.43059,0.094784,0.090125,0.077732,-0.13639,-0.24,-0.21155,0.20582,0.07408,0.098127,0.036242,0.10864,0.070558,-0.23785,-0.16497,0.69471,-0.010691,0.027897,0.28404,-0.10242,-0.015091,-0.66613,0.18379,0.27267,-0.23268,-0.10021,-0.27895,-0.069591,0.58284,0.43307,-0.33069,-0.11443,-0.26431,-0.23821,0.47957,0.32966,0.17248,0.14703,-0.27864,-0.48514,-0.55769,-0.83302,-0.16646,-0.48018,-0.032455,-0.0053795,0.038488,-0.090956,-0.26553,-0.34598,-0.56201,-0.48967,-0.050346,0.088023,-0.19268,0.040216,-0.22476,-0.34316,0.14321,0.073148,-0.46611,-0.48728,0.038303,0.039738,0.18045,-0.35032,-0.088523,-0.29165,-0.29751,-0.26912,-0.26974,-0.732
0.523,-0.41172,0.053442,-0.021297,1.2765,0.41235,1.1638,0.19646,0.71778,0.47904,0.037548,1.0088,-0.88333,-0.42165,0.11036,0.31836,-0.11554,0.50571,0.031454,1.3165,0.11961,0.25914,0,1.0238,0.43112,0.91246,1.4066,0.55731,0.50257,0.0029463,-0.0074829,-0.98209,-0.48086,-0.53498,-0.78608,-0.99161,-0.35443,-0.45492,0.073991,0.57017,1.2075,0.91694,-0.5161,-0.67298,-0.20024,-0.39245,0.27716,0.47825,0.25504,-0.036792,-0.42185,-0.15937,1.1542,0.8574,0.27368,0.30303,0.10226,0.27238,0.072204,0.49604,0.20772,-0.59368,-0.58253,-0.078675,-0.39537,0.22593,0.17921,-0.37193,-0.012893,-0.48417,-0.74649,-0.28299,0.039864,0.26384,-0.22963,0.93279,0.10954,-0.048957,0.04988,-0.0092903,0.2921,0.037452,-0.098358,0.24603,0.26654,0.20904,0.33112,0.40723,0.44729,0.18552,-0.075597,0.55991,0.39687,0.57074,0.037224,-0.097645,-0.24425,0.1692,-0.20974,-0.59091,-1.9879,-0.53181,-0.85492,-0.010426,-0.62991
0.38508,-0.25742,-0.14434,-0.29835,0.74256,0.71926,0.52292,0.24881,1.0988,0.52673,-0.26865,0.93157,-0.47359,-0.30884,0.2919,0.86581,-0.18679,0.057667,-0.2483,0.68477,0.17256,0.33654,1.0238,0,-0.088145,0.44938,1.715,1.3377,0.52455,0.18954,-0.26593,-0.7856,-0.20453,-0.31999,-0.73644,-0.56776,-0.26866,-0.086054,-0.047632,0.47493,1.3191,1.4408,-0.50775,-0.27986,-0.22786,-0.15699,0.4647,0.61723,0.30756,0.027209,-0.43049,-0.32714,0.83965,1.05,0.41195,0.55519,0.38183,0.37038,0.37271,0.2653,0.46675,-0.27482,-0.14738,0.041259,0.11851,0.42134,0.43301,-0.49113,0.11379,-0.30266,-0.53131,-0.30122,0.0045131,0.065668,-0.13608,0.78101,-0.22936,-0.030216,-0.19698,0.055389,-0.013216,-0.21061,-0.32318,-0.034187,-0.26099,-0.027327,-0.028519,0.52236,0.65504,0.1789,0.2193,0.16853,0.084843,0.16512,0.02966,-0.45661,-0.47992,0.11679,-0.21951,-0.63117,-0.7852,-0.84828,-0.41998,-0.094869,-0.74154
0.14668,-0.09215,0.30342,0.119,0.12875,-0.4665,0.27333,0.28926,0.082411,0.23972,0.64568,0.14001,-0.35197,0.017039,-0.35248,-0.18447,0.33278,0.57333,0.86683,0.70532,-0.031809,0.21684,0.43112,-0.088145,0,0.83321,0.214,-0.30207,-0.20093,-0.30604,0.14091,-0.42366,-0.4421,-0.2902,-0.3075,-0.62192,-0.26998,-0.28253,0.61328,0.53521,0.010773,0.024991,-0.41968,-0.83112,0.50844,0.10708,-0.11129,-0.15819,-0.24923,0.32699,0.30686,0.10927,0.025911,-0.17255,-0.42429,-0.59739,-0.68527,-0.22971,-0.83897,0.10282,-0.13136,-0.077615,-0.22037,-0.0015713,-0.3166,-0.20919,-0.44554,0.12037,0.29849,0.10692,0.22477,0.393,0.25517,0.4514,-0.010338,0.17721,0.64505,0.28728,0.4932,0.27451,0.88837,0.31778,0.22397,0.39938,0.5145,0.72755,1.1696,-0.16284,-0.12334,0.24174,-0.173,0.20316,0.098722,0.26489,-0.044931,0.38762,0.21617,-0.29234,-0.58504,-0.24954,-0.62977,-0.28786,-0.40822,-0.12016,-0.17983
0.29792,-0.42496,0.48365,0.30405,0.54204,-0.28093,0.58994,0.25848,0.72716,0.86216,0.52427,0.46514,-0.63851,-0.43146,0.16269,0.085988,0.42624,0.94754,0.57445,1.2022,-0.0095242,0.37731,0.91246,0.44938,0.83321,0,0.63428,0.17434,0.10891,-0.49948,-0.1109,-1.0997,-0.57676,-0.58077,-0.63233,-1.1405,-0.34902,-0.13964,0.47007,0.52844,0.35081,0.42615,-0.82333,-1.3483,-0.10648,-0.20361,0.39641,0.44628,-0.17685,0.38989,0.19825,0.10905,0.40079,0.12578,-0.20863,-0.21738,-0.36795,0.28254,-0.15094,0.70541,0.27619,-0.46295,-0.39421,0.083097,-0.2099,0.27215,0.10447,-0.34607,0.17571,-0.15939,-0.23671,-0.055931,0.37825,0.28087,-0.087232,0.83837,0.61072,0.55938,0.81985,0.48756,0.96826,0.46696,0.26126,0.55201,0.53811,0.90615,1.1802,0.463,0.51526,0.35115,-0.013896,0.47282,-0.011301,0.35157,-0.086963,0.18448,-0.03935,0.22781,-0.52362,-0.30183,-1.0993,-0.30995,-0.31932,-0.67096,-1.0189
0.40956,-0.22718,-0.15305,-0.33451,0.78464,0.58827,0.67693,0.39931,1.0466,0.55817,-0.035123,1.0764,-0.54552,-0.2515,0.060717,0.63701,-0.11034,0.16396,-0.013473,0.98629,0.065292,0.32053,1.4066,1.715,0.214,0.63428,0,0.86247,0.4483,0.17372,-0.14005,-0.90778,-0.31163,-0.42158,-0.77624,-0.78459,-0.30129,-0.1955,0.1262,0.70403,1.2721,1.3173,-0.61126,-0.49642,-0.022418,-0.074052,0.30374,0.4166,0.25968,0.11699,-0.32444,-0.40026,0.85043,0.9731,0.32036,0.30976,0.1295,0.17754,0.059561,0.23604,0.26919,-0.34965,-0.19195,-0.078385,-0.065393,0.22429,0.16693,-0.38258,0.26252,-0.32343,-0.49078,-0.2118,0.025378,0.17969,-0.14492,0.81516,-0.06654,-0.021071,-0.14836,0.066208,0.16723,-0.17899,-0.33959,0.038466,-0.12211,0.10013,0.1626,0.35053,0.43168,0.22482,0.15112,0.16833,0.13439,0.25529,-0.019457,-0.35935,-0.46029,-0.06628,-0.36929,-0.89537,-1.1925,-1.0367,-0.71324,-0.023617,-0.66996
0.26778,-0.31581,-0.16786,-0.31822,0.54541,0.77793,0.29548,-0.0089851,0.63434,0.2047,-0.56359,0.59589,-0.28823,-0.21183,0.48479,0.89676,-0.4382,-0.15917,-0.56146,0.27853,0.38887,0.39286,0.55731,1.3377,-0.30207,0.17434,0.86247,0,0.61678,0.2553,-0.23762,-0.4117,0.06639,0.035977,-0.49747,-0.19237,-0.087288,0.10913,-0.19205,0.19954,1.1346,1.0331,-0.19467,0.039803,-0.34814,-0.28008,0.42242,0.59591,0.34225,-0.23158,-0.65592,-0.21058,0.56821,0.77558,0.30989,0.73772,0.75,0.39986,0.60414,0.12257,0.55918,0.011382,-0.033501,0.187,0.31297,0.48762,0.6651,-0.34732,-0.094139,-0.062337,-0.30777,-0.27084,-0.14543,-0.092549,-0.22191,0.48321,-0.4399,-0.095968,-0.29669,0.055775,-0.25305,-0.31189,-0.27846,-0.21205,-0.466,-0.20975,-0.22351,0.41945,0.66506,-0.038247,0.095594,0.064575,-0.013518,-0.00022844,0.039407,-0.60374,-0.45123,0.18199,-0.1758,-0.30029,-0.38193,-0.57711,-0.11989,-0.039875,-0.5719
-0.11983,-1.0788,-0.52193,-0.3808,0.62196,0.62134,0.54587,-0.59674,0.018546,-0.18539,-0.19561,0.24469,0.040814,0.15291,0.56411,-0.0015944,-0.86654,-0.18379,-0.65608,-0.0091298,0.38068,0.49773,0.50257,0.52455,-0.20093,0.10891,0.4483,0.61678,0,0.692,0.59427,0.017114,0.56652,0.41417,0.19527,0.089855,0.57679,-0.040538,-0.33595,-0.35709,0.76112,0.16926,0.37006,0.11118,-0.5706,-0.70273,-0.2715,-0.0060305,0.97299,-0.57708,-0.7873,-0.05861,0.33249,0.35095,-0.10994,0.47024,0.60239,-0.11764,0.25118,-0.028637,-0.29336,-0.054981,0.03461,-0.60601,-0.60113,-0.19046,0.060162,0.21893,-0.061709,-0.42902,-0.66939,-1.2753,-0.95174,-0.72196,-1.2117,0.13272,-0.57986,-0.29612,-0.35342,-0.090793,-0.37807,-0.32417,-0.35529,-0.5295,-0.26962,-0.37656,-0.36194,-0.12553,0.05501,-0.87194,-0.84069,0.17929,0.15226,-0.1618,-0.6524,-0.44553,-0.41745,0.30087,-0.095537,-0.12461,-0.47846,0.03108,-0.54267,0.1962,-0.31599
-0.25255,-0.21767,-1.4908,-1.199,0.0055535,0.70709,-0.11964,-0.41716,-0.26849,-0.46633,-0.35513,-0.057958,0.46872,0.96124,0.15158,0.16064,-0.95748,-1.0095,-0.67873,-0.42382,0.4384,0.43775,0.0029463,0.18954,-0.30604,-0.49948,0.17372,0.2553,0.692,0,0.61709,0.51519,0.79632,0.73845,0.49844,0.57323,0.50318,-0.15973,-0.50285,-0.40579,0.26885,-0.072804,0.67207,0.66095,0.18048,0.093661,-0.79412,-0.63896,1.2363,-0.40057,-0.43132,-0.16619,-0.095602,0.20704,-0.1199,0.36805,0.49676,-0.6727,-0.11086,-0.97968,-0.61753,0.54444,0.59178,-0.78241,-0.30936,-0.71473,-0.48675,0.71054,0.27856,-0.13016,-0.079033,-0.46899,-1.2643,-0.70554,-0.75048,-0.55938,-1.2657,-0.72089,-1.1847,-0.45635,-0.84206,-0.85354,-0.83492,-1.3288,-0.94672,-0.89455,-0.85488,-0.74251,-0.53003,-0.73686,-0.47858,-0.25127,0.22419,-0.55535,-0.51632,-0.33164,-0.19369,-0.24195,0.029918,-0.19652,0.02906,-0.19882,-0.50426,0.70389,0.21112
-0.125,-0.34163,-0.77519,-0.51014,0.14961,0.20413,0.20789,-0.40152,-0.49831,-0.33887,0.33588,-0.02092,0.30443,0.6013,-0.0034921,-0.63628,-0.69546,-0.38881,-0.21289,-0.34444,0.11214,0.32461,-0.0074829,-0.26593,0.14091,-0.1109,-0.14005,-0.23762,0.59427,0.61709,0,0.65538,0.67069,0.79971,0.89386,0.49738,0.80031,-0.014484,-0.1852,-0.37141,0.020391,-0.42064,0.88343,0.26396,0.075276,-0.11083,-1.458,-0.92106,0.69827,-0.60889,-0.25601,-0.19976,-0.15571,-0.11376,-0.3996,-0.1067,0.071171,-1.0154,-0.48959,-0.33459,-1.353,0.16056,0.25872,-1.289,-0.98021,-1.2761,-0.75348,1.2101,0.11817,0.11128,-0.030261,-0.50999,-1.2015,-0.81872,-1.1706,-0.35004,-0.40155,-0.47825,-0.33248,-0.3285,-0.35271,-0.5602,-0.57682,-0.73631,-0.17916,-0.44944,-0.22738,-0.97955,-0.94507,-0.76218,-0.97454,-0.158,0.066782,-0.17863,-0.73236,-0.2555,-0.31603,-0.17771,-0.13626,-0.17768,-0.14317,0.30175,-0.67131,0.43742,0.16144
-0.3062,0.1994,-0.62649,-0.37558,-0.5046,0.080366,-0.5514,-0.46391,-1.0248,-0.75047,-0.11744,-0.56937,0.75233,0.73946,-0.043376,-0.43046,-0.53059,-0.93614,-0.43852,-1.5916,0.12138,-0.036523,-0.98209,-0.7856,-0.42366,-1.0997,-0.90778,-0.4117,0.017114,0.51519,0.65538,0,0.84375,1.1492,1.3987,1.9576,0.6469,0.18213,-0.4401,-0.75702,-0.53948,-0.82666,1.5314,1.1805,0.17138,0.1941,-0.95558,-0.92814,0.33852,-0.54448,-0.072085,-0.031437,-0.64974,-0.40551,-0.21891,-0.0075905,0.23543,-0.69414,-0.15599,-0.72061,-0.70682,0.61979,0.53819,-0.43837,-0.11701,-0.75609,-0.44989,1.0142,-0.089662,0.42202,0.41362,-0.065793,-0.72792,-0.67827,-0.33113,-1.1267,-0.59887,-0.54311,-0.53137,-0.46979,-0.82918,-0.56582,-0.37868,-0.82612,-0.46852,-0.8118,-0.73678,-0.91678,-0.97844,-0.56808,-0.34582,-0.45815,-0.055344,-0.45008,-0.23587,-0.13225,0.0062471,-0.2006,0.29429,0.30474,0.88092,0.56229,0.14259,0.50488,0.73093
-0.80563,-0.38525,-0.71845,-0.59168,-0.38447,0.15617,-0.32457,-0.57705,-0.56729,-0.66017,-0.0506,-0.46335,1.1881,0.80431,0.18562,-0.2893,-0.58291,-0.84075,-0.42584,-0.97577,0.11438,0.25713,-0.48086,-0.20453,-0.4421,-0.57676,-0.31163,0.06639,0.56652,0.79632,0.67069,0.84375,0,1.369,1.0975,0.92644,1.5778,0.53532,-0.12766,-0.74222,-0.12929,-0.5014,0.84839,0.60348,-0.060379,-0.037147,-0.73225,-0.67097,0.48075,-0.34346,-0.18494,-0.10387,-0.62246,-0.36469,-0.47684,-0.063174,0.23632,-0.66919,-0.10491,-0.70902,-0.67939,0.58892,0.88226,-0.60229,-0.13746,-0.61478,-0.31359,0.73446,0.26089,0.12439,0.18596,-0.50419,-0.99922,-1.1235,-0.69488,-0.62856,-0.64942,-0.13704,-0.44351,0.074902,-0.53831,-0.44976,-0.36803,-0.96928,-0.69137,-0.4885,-0.5876,-0.79835,-0.51413,-1.3569,-0.69694,-0.62157,-0.40848,-1.0005,-0.95624,-0.50423,-0.3223,-0.1982,-0.20893,0.16084,0.40493,0.25332,0.048722,0.26712,0.26411
-0.37725,-0.20221,-0.76489,-0.64694,-0.30856,0.19261,-0.40996,-0.61712,-0.6502,-0.61026,-0.1341,-0.40552,0.75671,0.92137,0.2408,-0.19664,-0.79426,-1.0062,-0.53834,-1.0402,0.39498,0.43059,-0.53498,-0.31999,-0.2902,-0.58077,-0.42158,0.035977,0.41417,0.73845,0.79971,1.1492,1.369,0,1.0717,1.2807,0.9045,0.33506,-0.33192,-0.70109,-0.16477,-0.49186,1.1962,0.86367,0.097137,0.053796,-0.9023,-0.77367,0.57506,-0.58314,-0.22834,-0.024927,-0.58353,-0.32388,-0.49926,0.056087,0.39537,-0.72612,-0.14192,-0.77437,-0.59711,0.88835,0.75676,-0.4997,-0.099974,-0.70634,-0.35696,1.1523,0.073809,0.48277,0.41833,-0.24761,-1.1088,-1.0351,-0.77953,-0.81383,-0.80585,-0.37586,-0.49048,-0.18217,-0.71647,-0.67417,-0.48498,-1.2226,-0.75485,-0.66768,-0.55883,-0.92789,-0.64078,-0.90625,-0.62723,-0.47886,-0.20359,-0.72635,-0.57555,-0.36959,-0.18371,-0.17545,-0.10854,0.17958,0.45756,0.26181,0.024558,0.33333,0.25616
-0.59351,-0.10701,-0.60652,-0.34264,-0.50453,-0.10393,-0.42317,-0.52887,-0.84552,-0.55199,0.19978,-0.64934,1.0298,0.80128,0.050367,-0.69948,-0.34923,-0.66515,-0.22718,-1.2512,-0.0092399,0.094784,-0.78608,-0.73644,-0.3075,-0.63233,-0.77624,-0.49747,0.19527,0.49844,0.89386,1.3987,1.0975,1.0717,0,1.2081,1.0779,0.31225,-0.22521,-0.8959,-0.59551,-1.0786,1.1379,0.64629,0.050215,0.10887,-1.0761,-1.0462,0.35839,-0.31259,0.10999,0.0023225,-0.81008,-0.62556,-0.52251,-0.24018,0.0077492,-0.85001,-0.29028,-0.58204,-1.0595,0.45459,0.68704,-0.78015,-0.34543,-0.95233,-0.61701,1.07,0.15324,0.2106,0.26859,-0.3683,-0.82474,-1.0523,-0.5582,-0.89789,-0.42102,-0.23313,-0.26327,-0.16598,-0.49047,-0.35897,-0.31697,-0.77204,-0.35727,-0.47476,-0.47753,-0.95843,-0.95385,-0.82462,-0.58803,-0.46094,-0.2414,-0.66623,-0.7042,-0.12583,-0.084711,-0.12882,0.069478,0.26662,0.59657,0.65089,0.055298,0.21999,0.42708
-0.30422,0.14408,-0.65622,-0.4279,-0.49758,0.15809,-0.66478,-0.54126,-0.78162,-0.65003,-0.27995,-0.56955,0.76975,0.73193,0.16079,-0.21238,-0.58243,-1.1292,-0.62559,-1.9384,0.26364,0.090125,-0.99161,-0.56776,-0.62192,-1.1405,-0.78459,-0.19237,0.089855,0.57323,0.49738,1.9576,0.92644,1.2807,1.2081,0,0.60597,0.23601,-0.57664,-0.87222,-0.45637,-0.66686,1.4069,1.5133,0.071255,0.17553,-0.72058,-0.69632,0.41447,-0.53193,-0.10133,0.024237,-0.63368,-0.34577,-0.21442,0.14748,0.41929,-0.51804,0.030967,-0.73166,-0.4837,0.75438,0.6416,-0.35001,0.036389,-0.5522,-0.27312,0.86172,-0.10859,0.43142,0.40099,-0.13084,-0.75418,-0.81704,-0.35978,-1.0883,-0.79506,-0.51813,-0.56795,-0.43559,-1.0208,-0.61035,-0.4086,-0.98283,-0.67969,-0.91076,-0.89451,-0.70132,-0.67607,-0.56726,-0.26957,-0.43982,-0.088911,-0.58261,-0.22826,-0.18008,-0.0027138,-0.07723,0.31906,0.35218,0.97652,0.48399,0.25525,0.36835,0.51642
-0.85192,-0.48633,-0.50786,-0.36083,-0.28004,0.016616,-0.065787,-0.43647,-0.5427,-0.5704,0.24899,-0.36309,1.002,0.51096,0.029934,-0.65281,-0.39673,-0.46033,-0.17911,-0.69703,-0.1754,0.077732,-0.35443,-0.26866,-0.26998,-0.34902,-0.30129,-0.087288,0.57679,0.50318,0.80031,0.6469,1.5778,0.9045,1.0779,0.60597,0,0.64089,0.10274,-0.58095,-0.13601,-0.54957,0.66715,0.27681,-0.1702,-0.1751,-0.70841,-0.62475,0.2866,-0.28506,-0.12744,-0.19927,-0.53155,-0.42672,-0.48165,-0.28837,-0.0084514,-0.67182,-0.22094,-0.38538,-0.86236,0.22,0.60129,-0.72024,-0.35285,-0.628,-0.33778,0.5954,0.26883,0.0052202,0.038478,-0.62402,-0.80704,-0.9599,-0.66719,-0.36156,-0.28917,0.02148,-0.21006,0.22194,-0.25999,-0.25307,-0.23435,-0.59416,-0.31517,-0.25262,-0.3331,-0.71638,-0.53149,-1.3554,-0.83247,-0.58019,-0.5266,-0.68906,-1.1779,-0.52421,-0.45339,-0.20223,-0.3135,0.087665,0.21755,0.38605,-0.042223,0.1794,0.23892
-0.45485,0.022267,-0.0044271,-0.10683,-0.47611,-0.18566,-0.24782,0.2383,0.045873,0.0003463,0.35731,-0.11749,0.61015,-0.0079035,-0.13615,-0.22168,0.16983,-0.24389,0.17955,-0.37126,-0.5562,-0.13639,-0.45492,-0.086054,-0.28253,-0.13964,-0.1955,0.10913,-0.040538,-0.15973,-0.014484,0.18213,0.53532,0.33506,0.31225,0.23601,0.64089,0,0.55523,0.02955,-0.20817,-0.083359,-0.022099,-0.0042032,-0.06027,0.17028,0.03645,-0.06653,-0.42361,0.1586,0.23176,-0.45398,-0.50258,-0.37177,-0.19595,-0.47971,-0.24011,-0.15779,-0.079194,-0.0070591,-0.036133,0.090295,0.53959,0.016892,0.45523,0.030001,0.13495,-0.016127,0.33388,0.45658,0.4023,-0.016624,0.037952,-0.30508,0.064746,0.074016,0.13582,0.54063,0.167,0.69951,0.10059,-0.068967,-0.050093,-0.10785,-0.27452,0.14305,0.035312,-0.090275,-0.033147,-0.1996,0.085147,-1.0019,-1.9728,-0.47325,-0.39829,-0.73776,-0.66775,-0.3338,-0.59349,-0.082206,0.33173,0.034193,0.46214,-0.34059,-0.046015
-0.32547,0.022708,0.43433,0.17202,-0.29446,-0.6013,0.084602,0.66949,0.19821,0.20439,0.86692,0.036281,0.12927,-0.17508,-0.65219,-0.27836,0.74812,0.44297,1.3026,0.40402,-0.8135,-0.24,0.073991,-0.047632,0.61328,0.47007,0.1262,-0.19205,-0.33595,-0.50285,-0.1852,-0.4401,-0.12766,-0.33192,-0.22521,-0.57664,0.10274,0.55523,0,0.64176,-0.13019,0.047939,-0.71088,-0.94882,0.32168,0.22794,0.17074,-0.010319,-0.8867,0.7359,0.51886,-0.28705,-0.24645,-0.35304,-0.26025,-1.2106,-1.2008,-0.1305,-0.63354,0.16508,-0.015873,-0.22514,0.085093,0.16052,0.1585,0.046885,-0.14483,-0.25471,0.62164,0.10969,0.30919,0.3591,0.5544,0.41901,0.37733,0.35836,0.98686,1.0008,0.59364,1.1162,1.1735,0.45498,0.33997,0.55194,0.35216,1.0386,0.92748,-0.01528,0.027193,0.16318,0.1067,-0.43994,-0.78763,-0.05024,-0.22472,-0.12637,-0.23355,-0.59319,-1.0553,-0.28574,-0.23877,-0.30614,0.070246,-0.33803,-0.062557
0.57373,0.44922,0.22635,-0.029199,0.28622,0.10229,0.4034,1.4884,0.76473,0.59759,0.32508,0.90701,-0.60645,-0.48265,-0.65703,0.29707,0.36451,0.33728,0.57974,0.98485,-0.46241,-0.21155,0.57017,0.47493,0.53521,0.52844,0.70403,0.19954,-0.35709,-0.40579,-0.37141,-0.75702,-0.74222,-0.70109,-0.8959,-0.87222,-0.58095,0.02955,0.64176,0,0.41373,0.90014,-0.92412,-0.69427,0.41798,0.33349,0.38049,0.30632,-0.49091,0.35603,0.088145,-0.64515,0.4884,0.50069,0.43592,-0.21706,-0.41296,0.12082,-0.30569,0.34656,0.3447,-0.43675,-0.30806,0.29129,0.25142,0.2612,0.07971,-0.47651,0.25016,0.17611,0.062833,0.55503,0.62001,0.81732,0.50119,0.79536,0.51787,0.18936,0.13219,0.17773,0.54642,-0.0109,-0.097125,0.47642,0.20054,0.40896,0.56781,0.30351,0.19577,0.8505,0.64002,-0.12968,-0.13648,0.56889,0.41149,-0.23768,-0.3702,-0.52416,-0.47013,-0.9382,-0.6084,-0.90132,-0.32417,-0.054416,-0.22349
0.48168,-0.35204,-0.20261,-0.26877,1.1734,0.97631,0.93419,0.088027,0.54992,0.16362,-0.32683,1.0804,-0.61246,-0.33525,0.16579,0.486,-0.542,0.06748,-0.40534,0.63275,0.21468,0.20582,1.2075,1.3191,0.010773,0.35081,1.2721,1.1346,0.76112,0.26885,0.020391,-0.53948,-0.12929,-0.16477,-0.59551,-0.45637,-0.13601,-0.20817,-0.13019,0.41373,0,1.1714,-0.1969,-0.18133,-0.30552,-0.45893,0.21997,0.46936,0.42679,-0.38876,-0.97239,-0.36928,1.1588,1.2618,0.48608,0.65123,0.53873,0.25366,0.32426,0.26887,0.2515,-0.35669,-0.3947,-0.042711,-0.17109,0.26167,0.39174,-0.30448,-0.16353,-0.30924,-0.67699,-0.35019,-0.20619,0.075933,-0.31093,0.72607,-0.26269,-0.30473,-0.35433,-0.14796,-0.13838,-0.31162,-0.32878,-0.069502,-0.10785,-0.1946,-0.10798,0.30886,0.41148,-0.031008,-0.086108,0.26853,0.29111,0.40404,0.065208,-0.52719,-0.51586,0.088297,-0.13359,-0.5763,-0.93866,-0.55319,-0.66791,0.25385,-0.40582
0.74814,0.092283,0.022082,-0.16165,0.75264,0.6767,0.55995,0.57777,1.1417,0.58267,-0.23585,1.3469,-0.78397,-0.55959,0.0094767,0.84461,-0.087615,0.13993,-0.11659,0.843,0.018547,0.07408,0.91694,1.4408,0.024991,0.42615,1.3173,1.0331,0.16926,-0.072804,-0.42064,-0.82666,-0.5014,-0.49186,-1.0786,-0.66686,-0.54957,-0.083359,0.047939,0.90014,1.1714,0,-0.63108,-0.31272,-0.077966,-0.044006,0.59904,0.7305,0.023007,-0.0064105,-0.41391,-0.49196,1.0384,1.2683,0.70424,0.48149,0.2871,0.46266,0.31489,0.40635,0.66319,-0.38698,-0.36247,0.28709,0.28193,0.56135,0.53755,-0.63398,-0.045396,-0.056751,-0.34511,0.060442,0.25371,0.39061,0.15353,0.98314,-0.031137,-0.077214,-0.15553,-0.033779,0.055538,-0.22,-0.27053,0.16278,-0.10769,0.010533,0.082959,0.62918,0.62475,0.52545,0.51005,0.13127,0.094008,0.49635,0.40298,-0.45282,-0.48276,-0.027144,-0.17135,-0.75715,-0.70887,-0.92139,-0.34657,-0.027749,-0.54032
-0.18082,-0.09531,-0.68975,-0.35213,-0.11425,0.29444,-0.20868,-0.79222,-0.98245,-0.82478,-0.27286,-0.37974,0.4666,0.60816,0.1831,-0.39674,-0.95378,-0.7645,-0.76449,-1.091,0.35136,0.098127,-0.5161,-0.50775,-0.41968,-0.82333,-0.61126,-0.19467,0.37006,0.67207,0.88343,1.5314,0.84839,1.1962,1.1379,1.4069,0.66715,-0.022099,-0.71088,-0.92412,-0.1969,-0.63108,0,1.1512,-0.089265,-0.15331,-0.95216,-0.69222,0.67271,-0.98227,-0.4154,0.057982,-0.30198,-0.17499,-0.16484,0.26485,0.53459,-0.53811,0.026262,-0.53724,-0.69231,0.46053,0.28306,-0.5431,-0.38284,-0.68373,-0.30974,0.98327,-0.30987,0.19221,0.079369,-0.34399,-1.122,-0.81657,-0.6583,-0.83131,-0.79678,-0.78945,-0.62148,-0.64101,-1.0413,-0.59928,-0.39687,-0.90381,-0.38654,-1.023,-0.85439,-0.76145,-0.73968,-0.80566,-0.64511,-0.14093,0.19824,-0.28201,-0.27238,-0.14528,-0.0097411,0.045615,0.40234,0.32353,0.50098,0.64214,-0.06423,0.62113,0.54232
-0.053337,0.25092,-0.66864,-0.44235,-0.26247,0.46845,-0.53506,-0.49641,-0.57118,-0.62054,-0.70809,-0.3324,0.42409,0.5246,0.2141,0.09867,-0.76976,-1.1733,-1.0289,-1.1752,0.43049,0.036242,-0.67298,-0.27986,-0.83112,-1.3483,-0.49642,0.039803,0.11118,0.66095,0.26396,1.1805,0.60348,0.86367,0.64629,1.5133,0.27681,-0.0042032,-0.94882,-0.69427,-0.18133,-0.31272,1.1512,0,0.013353,0.11513,-0.45835,-0.3934,0.53756,-0.67985,-0.35216,0.014264,-0.26392,0.0089413,0.11721,0.5413,0.7922,-0.25014,0.29264,-0.66355,-0.20998,0.6536,0.39079,-0.16792,0.13877,-0.2974,-0.053994,0.54555,-0.31031,0.29355,0.20751,-0.083322,-0.65904,-0.54358,-0.23256,-0.84805,-1.1101,-0.84665,-0.89714,-0.74937,-1.6615,-0.73161,-0.46558,-0.91411,-0.76093,-1.3867,-1.3771,-0.42432,-0.42363,-0.37274,-0.085403,-0.241,0.18505,-0.34111,0.069813,-0.17725,0.047095,0.01703,0.59653,0.2966,0.83799,0.29938,0.19673,0.55898,0.52281
