,,,,,,,,,,,,,,,,,,,,,,,,,,,,,,,,,,,,,,,,,,,,,,,,,,,,,,,,,,,,,,,,,,,,,,,,,,,,,,,,,,,,,,,,,,,,,,,,,,,,,,,,
0,0.93972,-0.34619,-0.12303,1.2305,1.0063,0.59615,0.76994,0.90407,0.84755,0.28647,1.162,-1.4833,-0.89377,0.030537,-0.074429,-0.95261,-0.3441,-0.41326,0.13619,-0.56768,-0.16269,0.27832,0.77302,-0.51141,0.15682,0.32599,0.54306,0.29862,-0.42984,0.27609,0.1199,-0.70896,-0.17186,0.048752,0.078574,-0.081011,0.76103,-0.41747,0.51513,0.6395,1.2677,0.29805,0.124,-0.57103,0.090586,0.13118,0.40256,0.17903,-0.94062,-0.37817,-0.927,0.98286,1.042,0.76398,0.54852,0.3489,0.13925,0.27913,1.9245,0.070743,-0.87838,-0.36394,-0.25232,-0.025861,0.09034,0.29757,-0.22982,-0.26737,0.55802,-0.58028,-0.57514,-0.11718,-0.37391,-0.15826,1.5339,-0.45722,-0.7722,-0.1577,-1.2772,-0.7309,-1.1954,-0.81597,-0.26315,-0.11584,-1.1914,-0.43397,0.56998,0.063706,1.9378,0.96012,-0.57131,-0.60174,0.81346,0.22874,-1.4118,-1.2635,0.17211,0.25326,-0.58856,-0.23045,0.12595,-0.22324,-0.13335,-0.38905
0.93972,0,0.11796,0.36159,0.71359,1.042,0.55438,0.53133,0.1661,0.043031,-0.25559,0.66729,-1.3385,-2.1615,-0.28081,-0.11854,-1.5172,-0.0016525,-0.64674,-0.018985,-0.74207,-0.98169,0.034762,0.31795,-0.79461,-0.54812,0.0075144,0.45585,-0.17886,-0.60751,-0.19938,0.26425,-1.0776,-0.56381,-0.7268,0.050404,-0.41959,0.4749,-0.34404,0.43355,0.67001,0.96479,0.48127,0.38354,-0.7842,-0.58911,0.48115,0.75588,-0.45275,-2.0801,-1.3613,-0.67362,1.1807,1.0578,2.1226,0.83115,0.53349,0.51211,0.56742,1.1932,0.31888,-0.96755,-1.1614,0.22989,0.18943,0.48433,0.66815,-1.0397,-0.80255,0.14027,-0.75795,0.025572,0.47239,0.29565,0.57621,0.97496,-0.07983,-1.0429,-0.55339,-1.3562,-0.89792,-0.45139,-0.18349,0.39615,0.32833,-1.4138,-1.0785,0.73269,0.25367,0.89229,0.95521,-0.33919,-0.068689,1.3994,0.916,-0.9792,-0.63558,0.078786,0.86614,-0.18725,0.098269,0.39615,0.038119,0.35857,0.29122
-0.34619,0.11796,0,2.1109,-0.79447,-0.5603,-0.7372,-1.0317,-0.93767,-0.79435,-1.4614,-0.9082,0.1628,-0.28617,0.28464,0.40378,0.27368,0.37075,-0.54553,-0.97739,0.55391,-0.34152,-1.3137,-1.2554,-0.44031,-1.0277,-1.9857,0.089826,-2.9259,-0.87743,-1.3745,1.0806,-0.020015,0.25655,-0.53448,0.66132,-1.4339,0.074691,-0.44983,-0.8806,-0.76774,-0.61138,1.0102,0.89524,-0.52644,-1.248,0.99738,0.73041,-1.5832,-0.28332,-0.25985,0.90241,-0.41902,-0.55808,0.028002,0.47892,0.64652,1.0868,0.78765,-0.060327,1.0332,0.51836,-0.36639,2.0416,0.97378,1.1061,0.85353,-0.6806,-1.0647,0.19656,0.59549,1.5615,1.6976,0.57314,1.0762,-0.60473,0.20623,0.43538,0.3789,0.34761,-0.23281,1.065,1.5778,0.88336,0.3356,0.13457,-0.30072,0.51298,0.91278,-0.13432,0.12827,1.2568,0.26842,-0.076619,0.99688,0.60334,0.93711,0.61869,0.9565,1.6815,1.4367,1.352,1.3134,-0.015507,0.4999
-0.12303,0.36159,2.1109,0,-0.50617,-0.31006,-0.50901,-0.71631,-0.76539,-0.68559,-1.433,-0.59643,-0.071688,-0.54432,0.20848,0.33783,0.041708,0.35934,-0.6919,-0.88709,0.34269,-0.51873,-1.1119,-0.93367,-0.60424,-1.1805,-1.5207,0.18105,-2.294,-1.1217,-1.3058,1.1439,-0.22622,0.12495,-0.68266,0.63385,-1.7732,0.18007,-0.52561,-0.64627,-0.51795,-0.35233,1.2192,0.98382,-0.71251,-1.5807,1.1516,0.94631,-1.9543,-0.54492,-0.46988,0.59978,-0.17756,-0.30198,0.25644,0.66073,0.77715,1.2915,0.94668,0.15728,1.1052,0.2769,-0.58609,1.9368,0.96536,1.2869,1.0692,-0.92664,-1.4812,0.24088,0.3751,1.3156,2.3513,0.61094,1.277,-0.33664,0.17706,0.20677,0.24912,0.10164,-0.40097,0.75087,1.1441,0.97742,0.40632,-0.080774,-0.47875,0.68693,0.94631,0.060336,0.30599,0.94802,0.22914,0.14516,1.4012,0.34326,0.62442,0.61447,1.3021,1.1958,1.292,1.6131,1.1618,0.053884,0.53309
1.2305,0.71359,-0.79447,-0.50617,0,1.4204,1.4252,1.8183,0.79139,0.65675,0.6925,2.7197,-1.2367,-0.52488,-0.46363,-0.55872,-1.1428,-0.11356,0.067707,0.74374,-1.2326,-0.2709,0.93231,1.0806,-0.050365,0.35532,0.92218,0.10413,0.70121,0.089912,0.74215,-0.44005,-0.8344,-0.63718,-0.023498,-0.49467,0.38763,0.19554,0.13334,1.3243,1.4,1.4998,-0.22799,-0.38673,-0.04825,0.28925,-0.34847,-0.075822,0.43237,-0.56882,-0.43228,-2.0788,1.5278,1.6655,0.7632,0.067401,-0.16235,-0.33665,-0.21138,0.85133,-0.46113,-1.6308,-0.39307,-0.71754,-0.5795,-0.37672,-0.1742,-0.014763,0.13236,0.0062574,-1.2231,-0.76969,-0.42808,-0.18057,-0.29447,2.1045,-0.097489,-1.3462,-0.59576,-1.5507,-0.24331,-1.4804,-1.2162,-0.23716,0.1022,-0.80018,-0.19674,0.035988,-0.47755,0.79045,0.38326,-1.0436,-0.19677,0.99329,-0.081181,-1.5661,-1.9575,-0.3962,-0.10925,-1.3171,-0.81576,-0.37401,-0.83987,0.26669,-0.16178
1.0063,1.042,-0.5603,-0.31006,1.4204,0,1.1097,1.3803,0.62657,0.38595,0.28099,1.5396,-1.0609,-0.78294,-0.46267,-0.30614,-1.9569,-0.25486,-0.21077,0.46421,-1.2779,-0.5349,0.62105,1.1035,-0.35308,-0.029472,0.70556,0.35509,0.50153,0.024969,0.32202,-0.31832,-0.72695,-0.74918,-0.31638,-0.33837,0.21869,0.31492,-0.01302,1.033,1.6049,2.269,-0.139,-0.10339,-0.27231,0.026642,-0.056928,0.17827,0.17857,-0.74432,-0.74546,-1.667,1.8121,2.5479,1.2064,0.34258,0.081984,-0.064995,0.055588,0.84313,-0.19999,-1.6148,-0.53516,-0.39012,-0.2874,-0.079524,0.090377,-0.38057,-0.088907,-0.092174,-1.5302,-0.5893,-0.18157,-0.023827,0.016088,1.7715,-0.20217,-1.6585,-0.94773,-1.686,-0.53767,-1.1234,-0.83446,-0.086709,0.05677,-1.2771,-0.65153,0.248,-0.21619,0.729,0.62254,-1.1647,-0.17874,1.0467,0.17259,-1.99,-1.4869,-0.30625,0.1703,-0.88797,-0.47434,-0.25371,-0.52647,0.36777,0.015584
0.59615,0.55438,-0.7372,-0.50901,1.4252,1.1097,0,1.8611,0.33353,0.21805,0.69187,1.3612,-0.85139,-0.329,-1.0763,-1.0929,-1.0025,0.23536,0.3835,1.2615,-2.1344,-0.50676,1.343,0.71729,0.24516,0.26058,1.0598,-0.27825,0.63232,0.36325,0.8213,-0.79362,-0.92467,-1.244,-0.25898,-1.0559,0.57082,-0.24492,0.58035,2.7189,1.8374,0.93206,-0.51315,-0.71049,0.27566,0.18468,-0.6024,-0.34229,0.32237,-0.37857,-0.5759,-1.6544,1.4297,1.3392,0.7287,-0.2322,-0.5077,-0.56868,-0.50688,0.38935,-0.79535,-1.8012,-0.54774,-0.75256,-0.97155,-0.59353,-0.4252,0.0047201,0.2669,-0.45905,-1.7376,-0.46688,-0.37848,0.18596,-0.13975,1.1146,0.3221,-1.5978,-1.0156,-1.1484,0.087668,-0.80831,-0.79543,0.039634,0.45579,-0.44636,-0.062862,-0.30468,-0.86593,0.28834,0.0077665,-0.93784,0.24984,1.064,-0.13414,-0.9187,-1.054,-0.93311,-0.22296,-1.2779,-1.0818,-0.59805,-1.2097,0.76185,0.21928
0.76994,0.53133,-1.0317,-0.71631,1.8183,1.3803,1.8611,0,0.65596,0.48457,0.80808,1.998,-0.82266,-0.31555,-0.70466,-0.71818,-1.0403,-0.069773,0.26337,1.0615,-1.5657,-0.2964,1.3324,1.1574,0.12694,0.37965,1.3316,-0.048309,0.90783,0.38049,0.89232,-0.76185,-0.65948,-0.84871,-0.062289,-0.78797,0.6696,-0.019819,0.38653,1.9544,1.9849,1.2723,-0.52512,-0.61336,0.17997,0.37542,-0.56431,-0.29118,0.53243,-0.33921,-0.40894,-2.6645,1.3784,1.5534,0.66265,-0.13221,-0.38644,-0.56291,-0.42905,0.49587,-0.72485,-1.617,-0.32118,-0.92671,-0.83935,-0.58823,-0.3876,0.067249,0.33718,-0.27106,-1.5715,-0.80248,-0.56963,-0.085723,-0.3206,1.4165,0.023659,-1.4101,-0.88321,-1.1792,-0.057426,-1.2545,-1.2186,-0.22948,0.13859,-0.60151,-0.12302,-0.19746,-0.74123,0.44339,0.16406,-1.4127,-0.035957,0.83952,-0.23569,-1.2615,-1.5883,-0.71029,-0.27893,-1.7566,-1.1154,-0.67658,-1.1914,0.45214,-0.042375
0.90407,0.1661,-0.93767,-0.76539,0.79139,0.62657,0.33353,0.65596,0,1.9403,0.66803,0.88786,-0.41108,-0.12664,0.29569,0.15415,-0.36643,-0.98305,-0.14212,0.2048,-0.23028,0.46885,0.4248,1.3868,-0.201,0.68026,0.68015,0.58364,0.95992,0.091291,0.56415,-0.19002,0.025161,0.17454,0.6802,0.065331,0.40182,0.69815,-0.30036,0.36566,0.44522,0.86538,-0.15487,-0.10939,-0.17971,0.81752,-0.19109,-0.0089177,0.93271,-0.10577,0.25216,-0.70531,0.39534,0.56483,0.10573,0.18333,0.092639,-0.23818,-0.033514,0.62899,-0.17942,-0.38504,0.36605,-0.71565,-0.17463,-0.26865,-0.097164,0.30368,0.3136,0.51421,-0.30764,-1.7029,-0.8064,-1.222,-0.86312,0.81391,-0.9487,-0.29909,0.0089281,-0.47646,-0.40043,-1.5335,-1.4728,-1.2334,-0.81115,-0.59138,-0.082087,0.20488,-0.11031,0.82404,0.53771,-0.8655,-1.1215,0.08402,-0.40522,-0.90021,-1.125,0.12426,-0.29687,-0.82132,-0.46258,-0.34523,-0.39783,-0.53595,-1.1503
0.84755,0.043031,-0.79435,-0.68559,0.65675,0.38595,0.21805,0.48457,1.9403,0,0.73524,0.70191,-0.36353,-0.031991,0.41431,0.14589,-0.1737,-0.80276,-0.071532,0.15669,-0.079704,0.65768,0.3442,0.93672,-0.1029,0.87389,0.52952,0.4559,0.80812,0.014081,0.60998,-0.093752,0.054534,0.33715,0.93949,0.12921,0.34487,0.66485,-0.31418,0.24462,0.24546,0.59925,-0.0699,-0.12816,-0.13314,0.9078,-0.22208,-0.055278,0.94984,-0.041271,0.42147,-0.51583,0.23737,0.36409,-0.05677,0.10109,0.058804,-0.25695,-0.070963,0.58962,-0.16968,-0.23853,0.45562,-0.68676,-0.16335,-0.29856,-0.1361,0.46551,0.33352,0.69912,-0.11278,-1.3285,-0.80193,-1.4651,-1.043,0.63771,-0.85474,-0.13122,0.24577,-0.33838,-0.27938,-1.1853,-1.2181,-1.3006,-0.77994,-0.39322,0.11143,0.16578,-0.10229,0.81016,0.42854,-0.58636,-1.1769,-0.005376,-0.46769,-0.65495,-0.87109,0.20926,-0.36537,-0.68068,-0.42057,-0.25449,-0.33883,-0.70675,-1.4539
0.28647,-0.25559,-1.4614,-1.433,0.6925,0.28099,0.69187,0.80808,0.66803,0.73524,0,0.71371,-0.16781,0.41874,-0.31222,-0.65225,-0.067844,-0.0538,0.88145,1.1426,-0.44402,0.43034,1.315,0.69095,0.77798,1.598,1.2892,-0.40317,1.3558,0.76111,2.7361,-0.97059,-0.07398,-0.19634,0.67347,-0.76183,1.287,-0.25761,0.61692,0.80605,0.52259,0.32804,-0.88064,-1.2618,0.75905,1.3034,-1.4225,-1.0129,1.423,0.34744,0.38647,-0.67583,0.28524,0.3455,-0.19496,-0.77938,-0.93559,-1.4444,-1.123,-0.0019664,-1.3177,-0.40792,0.34414,-2.1659,-1.2809,-1.5696,-1.1718,1.0504,1.1846,-0.14174,-0.38823,-0.98927,-1.5192,-0.49073,-1.2659,0.44453,0.041261,-0.29091,-0.13578,-0.23659,0.52676,-0.77096,-1.1413,-0.70739,-0.1162,0.1245,0.70932,-0.73528,-1.1956,0.069525,-0.36154,-0.7035,-0.12195,0.066311,-1.158,-0.35343,-0.67584,-0.66004,-1.2502,-1.31,-1.6634,-1.1008,-1.4263,0.018438,-0.45921
1.162,0.66729,-0.9082,-0.59643,2.7197,1.5396,1.3612,1.998,0.88786,0.70191,0.71371,0,-1.0694,-0.47611,-0.43558,-0.49199,-1.1381,-0.21196,0.059044,0.73863,-1.2076,-0.22716,0.9625,1.2936,-0.064077,0.37113,1.0297,0.15603,0.81071,0.15468,0.7522,-0.48493,-0.69197,-0.60569,0.012797,-0.4856,0.45979,0.22485,0.12795,1.3185,1.4834,1.6595,-0.2872,-0.38754,-0.038052,0.35294,-0.36207,-0.093034,0.50384,-0.50045,-0.38861,-2.3966,1.4418,1.7097,0.7269,0.068123,-0.16177,-0.36273,-0.21885,0.7928,-0.47643,-1.5287,-0.31135,-0.778,-0.57607,-0.39718,-0.19248,0.0032396,0.18496,-0.0089382,-1.2486,-0.89302,-0.50018,-0.23796,-0.33861,2.0724,-0.17005,-1.2987,-0.63751,-1.4228,-0.26316,-1.6978,-1.3754,-0.31669,0.012266,-0.829,-0.22241,0.027372,-0.48084,0.75586,0.39695,-1.2631,-0.25195,0.87401,-0.1325,-1.7199,-2.4183,-0.40462,-0.14703,-1.4458,-0.84317,-0.44667,-0.86585,0.23517,-0.20746
-1.4833,-1.3385,0.1628,-0.071688,-1.2367,-1.0609,-0.85139,-0.82266,-0.41108,-0.36353,-0.16781,-1.0694,0,1.17,0.31494,0.37178,1.2659,-0.065896,0.29253,-0.2707,0.87919,0.57571,-0.33548,-0.47811,0.39369,0.059903,-0.2607,-0.23601,-0.094894,0.44439,-0.21431,-0.057656,1.4244,0.54284,0.32452,0.14185,0.16657,-0.37302,0.17619,-0.70057,-0.80538,-1.0897,-0.29186,-0.043588,0.46167,0.20132,-0.11288,-0.37544,0.090358,1.3269,0.79993,0.96652,-1.4128,-1.2255,-1.1896,-0.45008,-0.2238,-0.15166,-0.21523,-1.4511,-0.0078822,1.2553,0.86426,0.12731,0.12915,-0.10571,-0.28633,0.43243,0.40813,-0.22548,0.82958,0.2309,-0.11541,-0.066169,-0.14166,-1.435,0.034081,1.1537,0.39354,1.8384,0.54181,0.76789,0.50975,-0.14696,-0.32505,1.0402,0.4723,-0.43755,0.04249,-1.1371,-0.68843,0.42612,0.134,-1.5525,-0.44499,1.1582,0.9685,0.047478,-0.39559,0.50869,0.24051,-0.17834,0.2716,-0.26196,-0.045996
-0.89377,-2.1615,-0.28617,-0.54432,-0.52488,-0.78294,-0.329,-0.31555,-0.12664,-0.031991,0.41874,-0.47611,1.17,0,0.088101,-0.055479,1.1175,0.043486,0.88949,0.22427,0.48112,0.84892,0.16772,-0.19146,1.0348,0.65202,0.18511,-0.59055,0.33732,0.8799,0.37423,-0.48504,0.91767,0.3556,0.68586,-0.25647,0.66288,-0.62005,0.55917,-0.21206,-0.42961,-0.76808,-0.73086,-0.6074,1.0801,0.71736,-0.71847,-1.0543,0.58351,2.6331,1.1563,0.45016,-0.86573,-0.77854,-1.5133,-1.112,-0.77809,-0.75946,-0.82105,-1.2769,-0.54735,0.68901,1.0544,-0.41209,-0.39849,-0.71857,-0.94282,1.1992,1.0925,-0.30241,0.50678,-0.11989,-0.63357,-0.25061,-0.65697,-0.76865,0.16663,0.74392,0.33996,1.0427,1.1108,0.3296,0.055311,-0.41261,-0.25405,1.3423,1.18,-1.0149,-0.47527,-0.97268,-1.1541,0.15245,0.1475,-1.0805,-1.1647,0.78083,0.47046,-0.29445,-1.1473,0.0043379,-0.29709,-0.63296,-0.2434,-0.19677,-0.2297
0.030537,-0.28081,0.28464,0.20848,-0.46363,-0.46267,-1.0763,-0.70466,0.29569,0.41431,-0.31222,-0.43558,0.31494,0.088101,0,1.4402,0.52193,-0.76043,-0.62704,-1.075,1.1596,0.8001,-0.85485,-0.11998,-0.50054,0.048856,-0.57131,0.76046,-0.21436,-0.51512,-0.44727,0.82315,0.69559,1.8711,0.63233,1.4735,-0.46514,0.85828,-1.1194,-1.0761,-0.87523,-0.26788,0.60942,0.75813,-0.56531,0.12106,0.59198,0.49347,0.031407,0.13228,0.6632,0.61266,-0.68237,-0.5664,-0.49612,0.49432,0.75093,0.5387,0.63561,0.12593,0.78746,0.81005,0.67306,0.36687,0.90985,0.52529,0.50876,0.078009,-0.23305,1.2069,0.98532,-0.073901,0.070494,-0.81078,-0.21355,-0.33564,-1.0019,0.86064,1.1765,0.48272,-0.44822,0.098062,0.13891,-0.51942,-1.0122,0.0049558,-0.050991,0.62125,0.91637,0.28329,0.4304,0.40193,-1.0013,-0.72264,0.040086,0.2413,0.26863,1.5091,0.18048,0.53355,0.69894,0.53538,0.82679,-1.9245,-0.87718
-0.074429,-0.11854,0.40378,0.33783,-0.55872,-0.30614,-1.0929,-0.71818,0.15415,0.14589,-0.65225,-0.49199,0.37178,-0.055479,1.4402,0,0.32121,-0.87231,-0.94915,-1.405,0.93662,0.41924,-1.053,-0.10024,-0.80342,-0.30613,-0.63977,1.0604,-0.32033,-0.49289,-0.81499,0.83226,0.72159,1.0619,0.24418,1.5749,-0.57444,0.87679,-1.2344,-1.101,-0.69375,-0.18236,0.60461,1.1211,-0.7593,-0.1218,0.91272,0.73375,-0.17701,0.038995,0.33719,0.59981,-0.56601,-0.44879,-0.2572,0.75278,1.0454,0.80794,0.93682,0.077046,1.083,0.72005,0.46823,0.59685,1.3041,0.82991,0.77023,-0.24776,-0.41143,0.74508,0.71685,0.039861,0.26469,-0.49018,0.086374,-0.3488,-1.0288,0.66742,0.60903,0.42918,-0.68265,0.19032,0.28247,-0.30599,-0.94206,-0.15455,-0.40901,0.80519,1.2736,0.18531,0.56944,0.3165,-0.77903,-0.6279,0.25726,0.19017,0.31495,1.3527,0.42539,0.66895,0.97204,0.57505,1.0752,-1.0202,-0.50357
-0.95261,-1.5172,0.27368,0.041708,-1.1428,-1.9569,-1.0025,-1.0403,-0.36643,-0.1737,-0.067844,-1.1381,1.2659,1.1175,0.52193,0.32121,0,0.076725,0.32227,-0.33572,1.2666,0.84482,-0.42887,-0.70501,0.46737,0.25902,-0.43338,-0.32768,-0.21437,0.16247,-0.12647,0.14746,0.9967,0.86315,0.57916,0.27168,0.004999,-0.29193,0.063158,-0.87612,-1.3046,-1.5477,-0.047354,-0.035013,0.40337,0.24299,-0.11093,-0.34576,0.092239,1.078,1.1376,1.2333,-2.0347,-1.9806,-1.8772,-0.47233,-0.19597,-0.12036,-0.20136,-0.92999,0.046257,1.6208,0.87327,0.14692,0.15425,-0.10477,-0.2644,0.64269,0.32883,0.10096,1.4133,0.28897,-0.085597,-0.19642,-0.27612,-1.4492,0.065935,1.8206,0.96387,1.9502,0.61823,0.77295,0.51807,-0.17437,-0.25792,1.3679,0.82929,-0.36732,0.087935,-0.73053,-0.68358,0.77926,0.037363,-1.4465,-0.43927,1.4719,1.0512,0.24192,-0.40925,0.59665,0.27803,0.036138,0.34238,-0.50197,-0.22288
-0.3441,-0.0016525,0.37075,0.35934,-0.11356,-0.25486,0.23536,-0.069773,-0.98305,-0.80276,-0.0538,-0.21196,-0.065896,0.043486,-0.76043,-0.87231,0.076725,0,0.53724,0.34979,-0.23222,-0.54947,0.13262,-0.71595,0.55272,-0.18578,-0.1644,-1.1675,-0.43362,0.036278,0.050776,-0.15168,-0.54222,-0.56368,-0.54725,-0.55935,-0.086374,-1.0074,0.69796,0.19206,-0.0021472,-0.41102,-0.06029,-0.37141,0.44444,-0.45387,-0.25042,-0.29915,-0.46884,-0.05039,-0.36065,0.12906,0.050446,-0.12217,0.076172,-0.48111,-0.49682,-0.16852,-0.36584,-0.30501,-0.28645,-0.11121,-0.61927,0.15104,-0.36223,-0.17212,-0.25484,-0.046857,-0.071863,-0.59249,-0.090883,0.78413,0.37974,1.11,0.43715,-0.23231,2.0489,-0.12314,-0.17297,0.021263,0.66313,0.55598,0.5034,1.0267,1.7381,0.47957,0.35211,-0.47954,-0.38567,-0.4688,-0.66973,0.45696,1.4404,0.34183,0.18071,0.40576,0.39192,-0.52666,0.019007,0.16107,-0.10315,0.065142,-0.1541,0.87243,1.0197
-0.41326,-0.64674,-0.54553,-0.6919,0.067707,-0.21077,0.3835,0.26337,-0.14212,-0.071532,0.88145,0.059044,0.29253,0.88949,-0.62704,-0.94915,0.32227,0.53724,0,1.0655,-0.22985,0.21673,0.84317,-0.014352,2.6216,0.74748,0.62247,-1.4274,0.51926,1.1082,0.96732,-1.0859,0.052812,-0.32441,0.27533,-1.1436,1.0416,-1.2255,1.626,0.47536,0.17089,-0.28338,-1.1281,-1.7969,2.3647,0.60301,-1.7385,-2.187,0.57481,0.75367,0.35574,-0.12481,-0.093241,-0.12002,-0.46505,-2.5782,-2.6472,-1.5919,-2.3053,-0.69844,-1.5265,-0.049869,0.24519,-0.82117,-1.3641,-1.5523,-1.9904,0.98653,1.1958,-0.72074,-0.13155,-0.1584,-0.69019,0.11002,-0.53718,-0.16742,0.72909,0.0021484,-0.15747,0.22246,1.8089,0.035286,-0.20726,-0.099425,0.33091,0.81953,1.2088,-2.3615,-1.5348,-0.69367,-1.4488,-0.14739,0.57387,-0.14005,-0.98842,0.28145,0.039986,-1.1117,-1.2716,-0.47891,-0.97144,-1.0005,-0.95431,0.40583,0.13156
0.13619,-0.018985,-0.97739,-0.88709,0.74374,0.46421,1.2615,1.0615,0.2048,0.15669,1.1426,0.73863,-0.2707,0.22427,-1.075,-1.405,-0.33572,0.34979,1.0655,0,-0.97292,-0.13115,2.2046,0.50698,0.86544,0.63038,1.3463,-0.72816,0.87789,0.91811,1.3723,-1.5528,-0.40763,-0.87007,0.033569,-1.9337,1.1499,-0.68465,1.2199,1.4545,0.93614,0.37341,-1.1244,-1.6848,0.92072,0.52735,-1.4302,-1.029,0.63985,0.16396,-0.1034,-0.85886,0.58126,0.56848,0.14076,-0.85877,-1.2736,-1.3479,-1.2914,-0.10354,-1.8626,-0.7554,-0.12287,-1.2194,-2.4078,-1.3752,-1.1509,0.49029,0.83613,-0.72582,-0.8602,-0.48927,-0.75487,0.10893,-0.45259,0.48085,0.51717,-0.6833,-0.68978,-0.42706,0.64109,-0.50249,-0.69543,-0.11411,0.3861,0.084042,0.4415,-0.95312,-2.0508,-0.14802,-0.5183,-0.716,0.41246,0.41333,-0.63742,-0.36182,-0.5812,-1.5875,-0.79032,-1.2404,-1.9703,-1.1849,-2.3082,0.67326,0.14775
-0.56768,-0.74207,0.55391,0.34269,-1.2326,-1.2779,-2.1344,-1.5657,-0.23028,-0.079704,-0.44402,-1.2076,0.87919,0.48112,1.1596,0.93662,1.2666,-0.23222,-0.22985,-0.97292,0,0.74315,-1.0147,-0.64948,-0.092338,-0.039148,-0.84479,0.1869,-0.46207,-0.27036,-0.55451,0.64573,0.9939,1.51,0.46503,0.91042,-0.42284,0.19613,-0.49265,-1.8658,-2.0231,-0.9954,0.40019,0.50802,-0.14674,-0.0044226,0.40335,0.18407,-0.13939,0.51495,0.82822,1.5327,-1.6791,-1.5126,-0.98278,0.089367,0.35533,0.37739,0.3343,-0.42113,0.59126,2.0562,0.72873,0.52287,0.72931,0.38906,0.25194,0.20303,-0.10311,0.50848,2.2329,0.33043,0.19569,-0.32536,-0.060104,-1.1027,-0.32358,2.0824,1.3181,1.2676,0.037171,0.69606,0.62122,-0.17968,-0.51693,0.57407,0.25913,0.18169,0.66165,-0.28833,-0.10474,0.92001,-0.2963,-1.2595,-0.043839,0.96833,0.96199,0.85633,0.041918,0.98997,0.79364,0.46212,0.91114,-0.91688,-0.36841
-0.16269,-0.98169,-0.34152,-0.51873,-0.2709,-0.5349,-0.50676,-0.2964,0.46885,0.65768,0.43034,-0.22716,0.57571,0.84892,0.8001,0.41924,0.84482,-0.54947,0.21673,-0.13115,0.74315,0,-0.055479,0.10706,0.29592,0.89896,0.086167,0.083579,0.41193,0.25316,0.30412,-0.030048,0.96461,1.0687,1.9626,0.28832,0.3334,0.17529,-0.14218,-0.40926,-0.53897,-0.34834,-0.19073,-0.14397,0.25876,1.0036,-0.28369,-0.36514,0.80979,0.85129,2.1876,0.34204,-0.74396,-0.58073,-1.2171,-0.31443,-0.13979,-0.33138,-0.24599,-0.28963,-0.11839,0.68559,1.8163,-0.37148,-0.011639,-0.33937,-0.36202,1.0642,0.63392,0.47611,0.70852,-0.50101,-0.71777,-1.197,-1.1274,-0.35108,-0.54206,0.82594,0.88891,0.65851,0.25946,-0.087066,-0.25469,-1.1609,-0.97921,0.4755,0.70068,-0.20762,-0.02557,-0.087008,-0.21212,0.075506,-0.65614,-1.0778,-0.89122,0.32006,0.11994,0.30935,-0.71801,-0.026523,-0.097295,-0.25037,0.0008966,-1.1283,-1.2173
0.27832,0.034762,-1.3137,-1.1119,0.93231,0.62105,1.343,1.3324,0.4248,0.3442,1.315,0.9625,-0.33548,0.16772,-0.85485,-1.053,-0.42887,0.13262,0.84317,2.2046,-1.0147,-0.055479,0,0.76977,0.67496,0.71804,1.8759,-0.47988,1.1733,0.89419,1.5346,-1.5171,-0.36345,-0.76249,0.12645,-1.4098,1.2609,-0.45175,0.91164,1.6027,1.098,0.5559,-1.1104,-1.392,0.7419,0.66346,-1.2934,-0.89133,0.82069,0.12468,-0.070906,-1.081,0.67144,0.71035,0.1811,-0.68225,-1.0139,-1.2779,-1.0906,0.016641,-1.6032,-0.84529,-0.048922,-1.5207,-1.8158,-1.3123,-1.0265,0.49124,0.86245,-0.56052,-0.95505,-0.7391,-0.93434,-0.062706,-0.57856,0.64586,0.28279,-0.75432,-0.69496,-0.52493,0.45412,-0.74449,-0.98225,-0.28701,0.19505,-0.060492,0.34031,-0.7592,-1.5926,-0.0024517,-0.33767,-0.97573,0.20068,0.41126,-0.6856,-0.54172,-0.81133,-1.238,-0.79433,-1.7249,-2.4953,-1.2886,-3.1039,0.50468,-0.017521
0.77302,0.31795,-1.2554,-0.93367,1.0806,1.1035,0.71729,1.1574,1.3868,0.93672,0.69095,1.2936,-0.47811,-0.19146,-0.11998,-0.10024,-0.70501,-0.71595,-0.014352,0.50698,-0.64948,0.10706,0.76977,0,-0.11848,0.47654,1.1415,0.40817,1.2414,0.34969,0.65063,-0.53132,-0.13652,-0.25539,0.27626,-0.27711,0.63009,0.37695,-0.0056838,0.77709,0.97609,1.2942,-0.44309,-0.29481,-0.029724,0.65153,-0.33418,-0.12699,0.84346,-0.15167,-0.052046,-1.2039,0.73967,0.98718,0.36693,0.085494,-0.088949,-0.3854,-0.18405,0.50401,-0.40317,-0.7524,0.12225,-0.87877,-0.41318,-0.39874,-0.22046,0.14522,0.3854,0.050042,-0.79417,-1.6136,-0.8097,-0.60679,-0.59037,1.0811,-0.56765,-0.69393,-0.48933,-0.72391,-0.31994,-1.7504,-1.6873,-0.77424,-0.47258,-0.71772,-0.23016,0.03414,-0.34738,0.57408,0.4152,-1.6626,-0.56206,0.31245,-0.37045,-1.2435,-1.5514,-0.24599,-0.30222,-1.2578,-0.7243,-0.63602,-0.70245,-0.070205,-0.53408
-0.51141,-0.79461,-0.44031,-0.60424,-0.050365,-0.35308,0.24516,0.12694,-0.201,-0.1029,0.77798,-0.064077,0.39369,1.0348,-0.50054,-0.80342,0.46737,0.55272,2.6216,0.86544,-0.092338,0.29592,0.67496,-0.11848,0,0.74009,0.48648,-1.4692,0.42763,1.0087,0.83573,-0.91697,0.13355,-0.2084,0.32439,-0.94083,0.89657,-1.2435,1.3883,0.32798,0.033182,-0.42092,-0.99437,-1.4623,2.2544,0.58103,-1.4634,-1.9718,0.53209,0.87041,0.45645,0.0090513,-0.22434,-0.25711,-0.60408,-2.9381,-1.9614,-1.3666,-1.8376,-0.80446,-1.2481,0.080739,0.31591,-0.70247,-1.119,-1.3389,-1.7429,1.0636,1.1441,-0.64591,0.0026716,-0.090824,-0.63324,0.092922,-0.53539,-0.29303,0.721,0.13386,-0.034823,0.35033,2.2484,0.13864,-0.11188,-0.096465,0.29954,1.013,1.4297,-2.1685,-1.2395,-0.779,-1.69,-0.018853,0.5682,-0.24897,-0.99157,0.41871,0.15957,-0.91316,-1.2538,-0.3483,-0.80098,-0.86218,-0.77359,0.31631,0.10567
0.15682,-0.54812,-1.0277,-1.1805,0.35532,-0.029472,0.26058,0.37965,0.68026,0.87389,1.598,0.37113,0.059903,0.65202,0.048856,-0.30613,0.25902,-0.18578,0.74748,0.63038,-0.039148,0.89896,0.71804,0.47654,0.74009,0,0.76887,-0.3012,1.0433,0.60516,1.3415,-0.61539,0.20962,0.18837,1.216,-0.3823,0.94602,-0.13709,0.37022,0.34391,0.12958,0.069367,-0.64823,-0.87466,0.67106,1.7401,-1.0515,-0.90371,1.5894,0.571,0.82883,-0.2928,-0.058217,0.013184,-0.54878,-0.7352,-0.71457,-1.0872,-0.88605,-0.10082,-0.85513,-0.039846,0.71033,-1.2973,-0.77873,-1.1581,-0.99648,1.6092,1.1897,0.10316,-0.0019787,-0.9107,-1.5226,-0.80546,-2.0717,0.1674,-0.13096,0.078609,0.24277,0.062012,0.5377,-0.54662,-0.8476,-1.0023,-0.36301,0.31254,0.96805,-0.6252,-0.74992,0.03015,-0.3807,-0.37911,-0.31308,-0.26253,-1.4306,-0.10025,-0.38913,-0.30472,-1.3801,-0.75544,-0.93184,-0.7944,-0.79086,-0.3339,-0.79246
0.32599,0.0075144,-1.9857,-1.5207,0.92218,0.70556,1.0598,1.3316,0.68015,0.52952,1.2892,1.0297,-0.2607,0.18511,-0.57131,-0.63977,-0.43338,-0.1644,0.62247,1.3463,-0.84479,0.086167,1.8759,1.1415,0.48648,0.76887,0,-0.21631,1.7613,0.94702,1.3537,-1.3956,-0.16789,-0.54918,0.25843,-0.96883,1.4169,-0.23268,0.64036,1.2626,1.0763,0.6843,-1.1454,-1.0489,0.58865,0.86142,-1.0705,-0.7596,1.0885,0.17686,0.034267,-1.1187,0.61201,0.7312,0.14102,-0.51844,-0.76493,-1.1311,-0.8721,0.051931,-1.2336,-0.74377,0.12863,-1.7564,-1.2343,-1.1417,-0.88581,0.50134,0.93446,-0.42069,-0.88716,-1.1136,-1.2075,-0.28326,-0.73359,0.69032,0.0023951,-0.66917,-0.65215,-0.48844,0.27932,-0.96328,-1.3035,-0.54263,-0.087435,-0.16873,0.22663,-0.59243,-1.14,0.072698,-0.18349,-1.345,-0.036413,0.26825,-0.78516,-0.65758,-0.96546,-0.90947,-0.81608,-2.0412,-1.8025,-1.4629,-1.7746,0.28571,-0.22043
0.54306,0.45585,0.089826,0.18105,0.10413,0.35509,-0.27825,-0.048309,0.58364,0.4559,-0.40317,0.15603,-0.23601,-0.59055,0.76046,1.0604,-0.32768,-1.1675,-1.4274,-0.72816,0.1869,0.083579,-0.47988,0.40817,-1.4692,-0.3012,-0.21631,0,-0.052958,-0.59484,-0.49449,0.62,0.14557,0.4269,0.064633,0.95085,-0.46817,1.7492,-1.4329,-0.31415,-0.027073,0.49242,0.59815,0.99649,-1.2702,-0.12045,0.87943,1.0328,-0.085123,-0.4691,-0.090411,-0.069419,0.12062,0.22754,0.31492,1.3537,1.295,0.78531,1.0869,0.6977,0.85527,0.0023142,0.07963,0.32243,0.86046,0.77515,0.94522,-0.51533,-0.5457,0.79708,0.050493,-0.28959,0.1763,-0.52856,0.09199,0.31994,-1.4375,-0.022035,0.13723,-0.24258,-1.6455,-0.36887,-0.17312,-0.351,-0.79886,-0.91156,-0.93458,1.3196,0.94614,0.80571,1.5093,-0.18241,-1.0801,-0.0023154,0.42307,-0.48577,-0.30557,0.93158,0.60511,0.13448,0.52084,0.46278,0.54595,-0.65447,-0.52365
0.29862,-0.17886,-2.9259,-2.294,0.70121,0.50153,0.63232,0.90783,0.95992,0.80812,1.3558,0.81071,-0.094894,0.33732,-0.21436,-0.32033,-0.21437,-0.43362,0.51926,0.87789,-0.46207,0.41193,1.1733,1.2414,0.42763,1.0433,1.7613,-0.052958,0,0.90503,1.2498,-1.0544,0.099865,-0.18967,0.58661,-0.59406,1.3985,-0.057291,0.40735,0.76396,0.68257,0.56055,-1.0252,-0.83965,0.51756,1.3266,-0.95023,-0.72126,1.7352,0.3456,0.32645,-0.79646,0.34342,0.48606,-0.088183,-0.46783,-0.61194,-1.0479,-0.7553,0.019892,-0.96278,-0.43241,0.44974,-1.8598,-0.88989,-1.0597,-0.83804,0.71126,1.107,-0.17903,-0.52185,-1.6533,-1.8437,-0.63699,-1.1432,0.53285,-0.26058,-0.35876,-0.33088,-0.27752,0.22678,-0.99836,-1.4714,-0.97807,-0.41634,-0.10676,0.30644,-0.50052,-0.83635,0.10577,-0.13149,-1.1618,-0.30483,-0.0033147,-1.0601,-0.54401,-0.85409,-0.55593,-0.98317,-1.4544,-1.2913,-1.3559,-1.1742,-0.046134,-0.55891
-0.42984,-0.60751,-0.87743,-1.1217,0.089912,0.024969,0.36325,0.38049,0.091291,0.014081,0.76111,0.15468,0.44439,0.8799,-0.51512,-0.49289,0.16247,0.036278,1.1082,0.91811,-0.27036,0.25316,0.89419,0.34969,1.0087,0.60516,0.94702,-0.59484,0.90503,0,0.78754,-1.6178,0.32571,-0.32309,0.26502,-0.96546,1.6072,-0.76964,1.1008,0.49546,0.34949,-0.041584,-2.5913,-1.1931,1.341,0.764,-1.2666,-1.4255,0.8134,0.89914,0.34927,-0.25008,-0.039831,0.025948,-0.37366,-1.1326,-1.2505,-1.3881,-1.3169,-0.74576,-1.2734,-0.077298,0.44739,-0.95669,-1.046,-1.2642,-1.426,0.7518,1.5218,-0.87898,-0.28749,-0.46487,-0.96938,-0.062589,-0.58776,-0.081865,0.27022,-0.068761,-0.42699,0.19861,0.86568,-0.13976,-0.38686,-0.35551,-0.052642,0.46807,0.57655,-1.3386,-1.1462,-0.6969,-0.85821,-0.51912,0.31063,-0.27035,-1.1516,0.080732,-0.11497,-1.0627,-1.236,-0.62416,-0.96321,-1.9105,-0.95683,0.32157,0.0039668
0.27609,-0.19938,-1.3745,-1.3058,0.74215,0.32202,0.8213,0.89232,0.56415,0.60998,2.7361,0.7522,-0.21431,0.37423,-0.44727,-0.81499,-0.12647,0.050776,0.96732,1.3723,-0.55451,0.30412,1.5346,0.65063,0.83573,1.3415,1.3537,-0.49449,1.2498,0.78754,0,-1.0743,-0.16731,-0.31978,0.52811,-0.92414,1.2988,-0.34626,0.7363,0.94639,0.60854,0.34347,-0.92816,-1.4414,0.8174,1.0902,-1.5564,-1.0615,1.2005,0.2982,0.27757,-0.73978,0.35884,0.40168,-0.12147,-0.83084,-1.0466,-1.5367,-1.2268,-0.0086661,-1.5135,-0.49479,0.23005,-2.0469,-1.5268,-1.6811,-1.2313,0.93723,1.1241,-0.23841,-0.48014,-0.86622,-1.3084,-0.35281,-1.0453,0.47374,0.1521,-0.37791,-0.22911,-0.29268,0.57371,-0.73286,-1.0655,-0.55716,0.0061496,0.12119,0.68631,-0.80247,-1.4029,0.038091,-0.40463,-0.71253,-0.0099531,0.15574,-1.0388,-0.36606,-0.68025,-0.80115,-1.1718,-1.3821,-1.9737,-1.133,-1.6874,0.1451,-0.32349
0.1199,0.26425,1.0806,1.1439,-0.44005,-0.31832,-0.79362,-0.76185,-0.19002,-0.093752,-0.97059,-0.48493,-0.057656,-0.48504,0.82315,0.83226,0.14746,-0.15168,-1.0859,-1.5528,0.64573,-0.030048,-1.5171,-0.53132,-0.91697,-0.61539,-1.3956,0.62,-1.0544,-1.6178,-1.0743,0,0.050425,0.65344,-0.11176,1.4973,-1.55,0.74631,-1.2257,-0.95039,-0.72573,-0.23401,2.0907,1.5319,-1.1172,-0.65795,1.4462,1.238,-0.78964,-0.47065,-0.080565,0.59837,-0.3132,-0.35503,0.062908,0.96558,1.3171,1.5021,1.3745,0.38166,1.7387,0.44542,-0.1391,1.2138,1.5994,1.4268,1.3497,-0.58217,-1.1729,0.92477,0.65645,0.55885,0.94226,-0.023316,0.52865,-0.239,-0.3667,0.42404,0.68158,0.15455,-0.71235,0.36777,0.60086,0.25388,-0.14166,-0.21374,-0.44707,1.1444,1.6135,0.3947,0.64906,0.71831,-0.37373,-0.092281,0.88232,0.19221,0.39474,1.4796,1.0008,1.0037,1.5032,1.9555,1.5646,-0.53454,-0.081868
-0.70896,-1.0776,-0.020015,-0.22622,-0.8344,-0.72695,-0.92467,-0.65948,0.025161,0.054534,-0.07398,-0.69197,1.4244,0.91767,0.69559,0.72159,0.9967,-0.54222,0.052812,-0.40763,0.9939,0.96461,-0.36345,-0.13652,0.13355,0.20962,-0.16789,0.14557,0.099865,0.32571,-0.16731,0.050425,0,0.91755,0.66094,0.39428,0.18124,0.049928,-0.13346,-0.74874,-0.74116,-0.62093,-0.19052,0.10638,0.20249,0.43592,-0.010785,-0.20462,0.31655,1.0763,1.0967,0.71611,-1.1902,-0.90038,-1.1333,-0.19593,0.0019513,-0.07535,-0.046402,-0.73703,0.11163,1.1569,1.4348,0.022424,0.26647,-0.040132,-0.15253,0.47832,0.40811,0.12237,0.85182,-0.10698,-0.29615,-0.51539,-0.38666,-0.835,-0.43691,1.1394,0.54485,1.2186,0.2015,0.33804,0.186,-0.56601,-0.88233,0.57039,0.31884,-0.16732,0.19829,-0.52292,-0.27782,0.19735,-0.33813,-2.029,-0.52104,0.63693,0.53257,0.30165,-0.39142,0.35136,0.24858,-0.1621,0.30954,-0.69646,-0.48303
-0.17186,-0.56381,0.25655,0.12495,-0.63718,-0.74918,-1.244,-0.84871,0.17454,0.33715,-0.19634,-0.60569,0.54284,0.3556,1.8711,1.0619,0.86315,-0.56368,-0.32441,-0.87007,1.51,1.0687,-0.76249,-0.25539,-0.2084,0.18837,-0.54918,0.4269,-0.18967,-0.32309,-0.31978,0.65344,0.91755,0,0.82457,1.069,-0.30083,0.53097,-0.70912,-1.1639,-1.1546,-0.5162,0.4282,0.49928,-0.26932,0.24486,0.35659,0.22721,0.11198,0.38078,0.98623,0.79896,-1.0129,-0.85886,-0.83473,0.19862,0.44208,0.31727,0.36249,-0.10852,0.54598,1.1221,0.913,0.27414,0.67222,0.31097,0.25878,0.30759,-0.037618,0.93818,1.3816,-0.021408,-0.026978,-0.77475,-0.32921,-0.55848,-0.70535,1.2556,1.5547,0.76887,-0.14781,0.23022,0.20093,-0.53766,-0.90012,0.28695,0.21876,0.31722,0.64124,0.055619,0.13628,0.49745,-0.76442,-1.0325,-0.14973,0.47095,0.43284,1.0555,-0.031975,0.55681,0.57656,0.38846,0.69621,-1.7167,-0.83522
0.048752,-0.7268,-0.53448,-0.68266,-0.023498,-0.31638,-0.25898,-0.062289,0.6802,0.93949,0.67347,0.012797,0.32452,0.68586,0.63233,0.24418,0.57916,-0.54725,0.27533,0.033569,0.46503,1.9626,0.12645,0.27626,0.32439,1.216,0.25843,0.064633,0.58661,0.26502,0.52811,-0.11176,0.66094,0.82457,0,0.16717,0.45904,0.21741,-0.087251,-0.17844,-0.31392,-0.14546,-0.23237,-0.26449,0.2778,1.2953,-0.41064,-0.42229,1.0392,0.65499,1.5068,0.1011,-0.45958,-0.33269,-0.89179,-0.34046,-0.2122,-0.45555,-0.33532,-0.11453,-0.25048,0.40273,1.3315,-0.57745,-0.15973,-0.47784,-0.44438,1.1914,0.71137,0.5184,0.47162,-0.70483,-0.91491,-1.4081,-1.5128,-0.11097,-0.54089,0.53563,0.73537,0.38905,0.23923,-0.31537,-0.49412,-1.3914,-0.88708,0.32856,0.71989,-0.22778,-0.16122,0.077284,-0.14896,-0.10742,-0.74338,-0.71277,-0.98527,0.10215,-0.11008,0.20425,-0.81913,-0.24522,-0.28092,-0.33854,-0.17928,-0.99374,-1.4228
0.078574,0.050404,0.66132,0.63385,-0.49467,-0.33837,-1.0559,-0.78797,0.065331,0.12921,-0.76183,-0.4856,0.14185,-0.25647,1.4735,1.5749,0.27168,-0.55935,-1.1436,-1.9337,0.91042,0.28832,-1.4098,-0.27711,-0.94083,-0.3823,-0.96883,0.95085,-0.59406,-0.96546,-0.92414,1.4973,0.39428,1.069,0.16717,0,-0.95808,1.0086,-1.6874,-1.1753,-0.80216,-0.20382,1.1335,1.4976,-1.0386,-0.30435,1.2198,1.0247,-0.39008,-0.20185,0.2037,0.62953,-0.47911,-0.43356,-0.14211,0.93881,1.378,1.1413,1.2552,0.28237,1.5545,0.63456,0.22385,0.83147,1.7622,1.1223,1.0793,-0.35662,-0.71395,1.1148,0.7977,0.22393,0.50619,-0.36992,0.21804,-0.2837,-0.79706,0.6148,0.81691,0.30363,-0.77571,0.23239,0.38625,-0.11482,-0.59514,-0.20123,-0.40725,1.1013,1.7837,0.37199,0.69514,0.51932,-0.72764,-0.38971,0.49612,0.17979,0.33281,2.4925,0.65662,0.8333,1.2762,1.0459,1.44,-0.98673,-0.41677
-0.081011,-0.41959,-1.4339,-1.7732,0.38763,0.21869,0.57082,0.6696,0.40182,0.34487,1.287,0.45979,0.16657,0.66288,-0.46514,-0.57444,0.004999,-0.086374,1.0416,1.1499,-0.42284,0.3334,1.2609,0.63009,0.89657,0.94602,1.4169,-0.46817,1.3985,1.6072,1.2988,-1.55,0.18124,-0.30083,0.45904,-0.95808,0,-0.4832,0.91581,0.72827,0.52439,0.19667,-1.7515,-1.3811,1.0944,1.1427,-1.5865,-1.3574,1.2278,0.64075,0.36238,-0.52653,0.14925,0.23435,-0.26339,-0.99194,-1.1886,-1.8112,-1.3778,-0.36959,-1.5811,-0.2735,0.44338,-1.6203,-1.2972,-1.7057,-1.5025,0.9066,1.7489,-0.53541,-0.40892,-0.80583,-1.4641,-0.28501,-0.90438,0.2003,0.11614,-0.21936,-0.38341,-0.028199,0.67594,-0.48484,-0.78687,-0.5897,-0.13921,0.25457,0.59114,-1.0774,-1.3648,-0.30894,-0.58164,-0.82203,0.067075,-0.11408,-1.3619,-0.18862,-0.43448,-0.98783,-1.4684,-1.0494,-1.4459,-2.3699,-1.3726,0.20172,-0.21707
0.76103,0.4749,0.074691,0.18007,0.19554,0.31492,-0.24492,-0.019819,0.69815,0.66485,-0.25761,0.22485,-0.37302,-0.62005,0.85828,0.87679,-0.29193,-1.0074,-1.2255,-0.68465,0.19613,0.17529,-0.45175,0.37695,-1.2435,-0.13709,-0.23268,1.7492,-0.057291,-0.76964,-0.34626,0.74631,0.049928,0.53097,0.21741,1.0086,-0.4832,0,-1.5638,-0.28979,-0.071452,0.48851,0.75275,0.89572,-1.268,-0.036526,0.77602,0.97563,-0.032857,-0.54828,-0.017065,-0.10096,0.13501,0.22448,0.2747,1.2098,1.2003,0.71649,0.98874,0.93341,0.7981,-0.021663,0.079965,0.25562,0.7795,0.67986,0.87919,-0.36897,-0.53914,1.2498,0.11499,-0.31936,0.13712,-0.66677,-0.024951,0.39869,-1.3877,-0.0051022,0.3156,-0.29543,-1.4356,-0.4649,-0.25583,-0.41335,-0.74415,-0.87008,-0.67462,1.3423,0.86752,1.1344,1.5836,-0.1449,-1.3835,0.051797,0.38116,-0.52645,-0.3787,1.054,0.53457,0.086014,0.45827,0.54745,0.49938,-0.8115,-0.68787
-0.41747,-0.34404,-0.44983,-0.52561,0.13334,-0.01302,0.58035,0.38653,-0.30036,-0.31418,0.61692,0.12795,0.17619,0.55917,-1.1194,-1.2344,0.063158,0.69796,1.626,1.2199,-0.49265,-0.14218,0.91164,-0.0056838,1.3883,0.37022,0.64036,-1.4329,0.40735,1.1008,0.7363,-1.2257,-0.13346,-0.70912,-0.087251,-1.6874,0.91581,-1.5638,0,0.6685,0.38917,-0.14686,-1.1535,-1.4805,1.5812,0.29987,-1.266,-1.3508,0.31959,0.48519,0.0011354,-0.25146,0.11743,0.069806,-0.14595,-1.421,-1.8675,-1.1827,-1.516,-0.64733,-1.4014,-0.25266,-0.049408,-0.64327,-1.3594,-1.1294,-1.2964,0.50664,0.82724,-1.2443,-0.3907,-0.025545,-0.4406,0.42825,-0.20478,-0.068713,1.0088,-0.24192,-0.52142,0.045678,1.2734,0.067692,-0.12399,0.1641,0.59206,0.56826,0.66463,-1.7111,-1.5441,-0.74748,-1.2018,-0.24232,0.91474,0.093198,-0.60186,0.16374,0.00025122,-1.8221,-0.79384,-0.48428,-0.91615,-0.96231,-0.98474,0.85227,0.47254
0.51513,0.43355,-0.8806,-0.64627,1.3243,1.033,2.7189,1.9544,0.36566,0.24462,0.80605,1.3185,-0.70057,-0.21206,-1.0761,-1.101,-0.87612,0.19206,0.47536,1.4545,-1.8658,-0.40926,1.6027,0.77709,0.32798,0.34391,1.2626,-0.31415,0.76396,0.49546,0.94639,-0.95039,-0.74874,-1.1639,-0.17844,-1.1753,0.72827,-0.28979,0.6685,0,1.797,0.87521,-0.65311,-0.83524,0.37657,0.29155,-0.73011,-0.4548,0.43052,-0.25436,-0.46212,-1.6231,1.2244,1.2096,0.60251,-0.32516,-0.61245,-0.703,-0.62162,0.29333,-0.94446,-1.5176,-0.41924,-0.89856,-1.1209,-0.72484,-0.54345,0.1007,0.3942,-0.51215,-1.6105,-0.5462,-0.49786,0.13172,-0.22922,1.0149,0.30586,-1.373,-1.0181,-0.98106,0.16018,-0.82785,-0.87045,-0.040675,0.38321,-0.3708,0.007009,-0.40431,-1.0099,0.21307,-0.064369,-1.0507,0.23683,0.87474,-0.25218,-0.86082,-1.0437,-1.0551,-0.34065,-1.4639,-1.2737,-0.75468,-1.4361,0.72843,0.17322
0.6395,0.67001,-0.76774,-0.51795,1.4,1.6049,1.8374,1.9849,0.44522,0.24546,0.52259,1.4834,-0.80538,-0.42961,-0.87523,-0.69375,-1.3046,-0.0021472,0.17089,0.93614,-2.0231,-0.53897,1.098,0.97609,0.033182,0.12958,1.0763,-0.027073,0.68257,0.34949,0.60854,-0.72573,-0.74116,-1.1546,-0.31392,-0.80216,0.52439,-0.071452,0.38917,1.797,0,1.275,-0.48611,-0.48707,0.11129,0.15086,-0.41193,-0.18188,0.31024,-0.43058,-0.65207,-1.9615,1.6217,1.7733,0.88778,-0.041208,-0.30509,-0.40933,-0.31532,0.45017,-0.59191,-1.8631,-0.5018,-0.65716,-0.70242,-0.41877,-0.26258,-0.14361,0.19164,-0.43098,-2.5861,-0.57257,-0.35625,0.11825,-0.082044,1.2704,0.10407,-1.866,-1.296,-1.2582,-0.12291,-0.93554,-0.85395,-0.032478,0.25457,-0.68212,-0.30461,-0.13901,-0.62434,0.35368,0.19167,-1.2548,0.1099,0.98738,-0.061762,-1.1934,-1.2326,-0.75417,-0.10922,-1.2268,-0.86741,-0.58258,-0.96704,0.66426,0.16789
1.2677,0.96479,-0.61138,-0.35233,1.4998,2.269,0.93206,1.2723,0.86538,0.59925,0.32804,1.6595,-1.0897,-0.76808,-0.26788,-0.18236,-1.5477,-0.41102,-0.28338,0.37341,-0.9954,-0.34834,0.5559,1.2942,-0.42092,0.069367,0.6843,0.49242,0.56055,-0.041584,0.34347,-0.23401,-0.62093,-0.5162,-0.14546,-0.20382,0.19667,0.48851,-0.14686,0.87521,1.275,0,-0.071062,-0.044877,-0.35445,0.12649,-0.021989,0.22586,0.27212,-0.72942,-0.56116,-1.5531,1.4671,1.9278,1.01,0.41226,0.16281,-0.036564,0.11155,1.0181,-0.13965,-1.3193,-0.38949,-0.4215,-0.21802,-0.058382,0.12862,-0.30173,-0.080803,0.091375,-1.1629,-0.74651,-0.25166,-0.21421,-0.10617,2.0557,-0.38036,-1.2728,-0.68144,-1.562,-0.63932,-1.4201,-0.99834,-0.24636,-0.10254,-1.4141,-0.61653,0.33899,-0.14029,0.94838,0.76287,-1.1613,-0.38026,0.88175,0.12471,-2.8775,-1.8117,-0.15962,0.14771,-0.90094,-0.44254,-0.21188,-0.46981,0.16089,-0.18014
0.29805,0.48127,1.0102,1.2192,-0.22799,-0.139,-0.51315,-0.52512,-0.15487,-0.0699,-0.88064,-0.2872,-0.29186,-0.73086,0.60942,0.60461,-0.047354,-0.06029,-1.1281,-1.1244,0.40019,-0.19073,-1.1104,-0.44309,-0.99437,-0.64823,-1.1454,0.59815,-1.0252,-2.5913,-0.92816,2.0907,-0.19052,0.4282,-0.23237,1.1335,-1.7515,0.75275,-1.1535,-0.65311,-0.48611,-0.071062,0,1.3598,-1.2842,-0.77172,1.406,1.4165,-0.8621,-0.73446,-0.26508,0.38445,-0.090664,-0.15116,0.26352,1.0913,1.316,1.5327,1.4018,0.59158,1.488,0.21128,-0.34915,1.1116,1.2483,1.4066,1.4818,-0.71944,-1.4782,0.8865,0.41805,0.53784,1.0295,0.056693,0.60627,-0.046769,-0.2882,0.1962,0.51232,-0.063576,-0.81199,0.245,0.49473,0.34981,0.0013161,-0.36678,-0.54138,1.2924,1.3333,0.56501,0.77539,0.61464,-0.31469,0.14031,1.1053,0.03122,0.23347,1.2021,1.209,0.78247,1.1753,2.3021,1.1748,-0.38102,-0.0077624
0.124,0.38354,0.89524,0.98382,-0.38673,-0.10339,-0.71049,-0.61336,-0.10939,-0.12816,-1.2618,-0.38754,-0.043588,-0.6074,0.75813,1.1211,-0.035013,-0.37141,-1.7969,-1.6848,0.50802,-0.14397,-1.392,-0.29481,-1.4623,-0.87466,-1.0489,0.99649,-0.83965,-1.1931,-1.4414,1.5319,0.10638,0.49928,-0.26449,1.4976,-1.3811,0.89572,-1.4805,-0.83524,-0.48707,-0.044877,1.3598,0,-1.5229,-0.73493,2.6008,1.7861,-0.78265,-0.51799,-0.21822,0.45615,-0.19026,-0.18734,0.2225,1.4655,2.1517,2.1976,2.4193,0.39539,2.7965,0.33748,-0.15891,1.2496,2.3493,2.2194,2.0253,-0.88336,-1.2752,0.69233,0.42132,0.42244,0.92323,-0.011719,0.65206,-0.14586,-0.55024,0.27268,0.35723,0.064671,-1.0884,0.27484,0.5218,0.21883,-0.27212,-0.43665,-0.86035,1.54,2.6374,0.39581,0.89892,0.45355,-0.41932,-0.066215,1.0134,0.041732,0.283,1.3563,1.2752,0.87948,1.5997,1.3426,1.5722,-0.45256,-0.044201
-0.57103,-0.7842,-0.52644,-0.71251,-0.04825,-0.27231,0.27566,0.17997,-0.17971,-0.13314,0.75905,-0.038052,0.46167,1.0801,-0.56531,-0.7593,0.40337,0.44444,2.3647,0.92072,-0.14674,0.25876,0.7419,-0.029724,2.2544,0.67106,0.58865,-1.2702,0.51756,1.341,0.8174,-1.1172,0.20249,-0.26932,0.2778,-1.0386,1.0944,-1.268,1.5812,0.37657,0.11129,-0.35445,-1.2842,-1.5229,0,0.61083,-1.5434,-2.3511,0.57533,0.95251,0.4179,-0.04096,-0.19467,-0.20321,-0.55631,-2.7475,-2.1806,-1.5022,-2.0038,-0.9088,-1.3701,0.052148,0.34564,-0.75647,-1.1674,-1.4137,-1.949,0.97606,1.3085,-0.81083,-0.073001,-0.14605,-0.69713,0.10347,-0.51702,-0.278,0.65784,0.088293,-0.16592,0.34522,1.8642,0.1084,-0.14626,-0.12589,0.2398,0.91374,1.129,-3.6885,-1.3326,-0.88406,-1.6365,-0.14047,0.57,-0.26988,-1.0606,0.3647,0.12362,-1.0723,-1.3233,-0.40165,-0.85435,-1.0835,-0.84088,0.3756,0.13548
0.090586,-0.58911,-1.248,-1.5807,0.28925,0.026642,0.18468,0.37542,0.81752,0.9078,1.3034,0.35294,0.20132,0.71736,0.12106,-0.1218,0.24299,-0.45387,0.60301,0.52735,-0.0044226,1.0036,0.66346,0.65153,0.58103,1.7401,0.86142,-0.12045,1.3266,0.764,1.0902,-0.65795,0.43592,0.24486,1.2953,-0.30435,1.1427,-0.036526,0.29987,0.29155,0.15086,0.12649,-0.77172,-0.73493,0.61083,0,-0.92477,-0.83572,2.3292,0.69285,0.90357,-0.29607,-0.1014,0.020728,-0.56647,-0.62442,-0.60516,-1.0194,-0.77293,-0.16871,-0.77035,0.013942,0.96604,-1.3164,-0.64789,-1.0405,-0.91409,1.378,1.365,0.069718,-0.0097906,-1.173,-2.1151,-0.98852,-2.3533,0.14369,-0.327,0.11102,0.15426,0.12217,0.40729,-0.60106,-0.92842,-1.4115,-0.63087,0.2338,0.7082,-0.5655,-0.64452,-0.016319,-0.29645,-0.56262,-0.45274,-0.40308,-1.6947,-0.14591,-0.41617,-0.2766,-1.4104,-0.76595,-0.84639,-0.96668,-0.7238,-0.40449,-0.91374
