,,,,,,,,,,,,,,,,,,,,,,,,,,,,,,,,,,,,,,,,,,,,,,,,,,,,,,,,,,,,,,,,,,,,,,,,,,,,,,,,,,,,,,,,,,,,,,,,,,,,,,,,
0,0.46102,0.056485,0.18321,0.27502,0.013837,0.985,0.33064,0.1566,0.2162,0.3624,-0.13538,-0.12596,-0.12364,-0.3024,-0.42514,-0.16624,0.04074,-0.21121,-0.0089698,-0.55852,-0.16595,-0.084493,-0.018374,0.36256,0.22643,-0.14677,-0.18352,0.074383,0.47899,0.32721,0.37122,-0.1976,-0.10115,0.16194,0.12449,0.24182,0.39798,0.49851,0.19428,0.61333,0.1,0.1475,0.44317,0.29048,0.61119,-0.027843,-0.11355,0.63829,-0.14336,-0.27428,0.45268,0.6368,0.38633,0.33342,0.19548,0.17981,-0.061122,0.035701,0.4406,-0.12242,0.12148,0.40228,0.10589,0.25881,0.066388,-0.057167,-0.033425,-0.088238,0.058208,0.14553,0.09095,-0.0069035,0.087161,0.3058,0.33486,0.036839,0.060167,0.049873,0.065729,0.14825,0.082191,0.3084,-0.20698,-0.091198,0.081104,-0.091532,-0.03786,0.11146,-0.015468,0.38792,0.19074,-0.17809,0.35447,-0.18592,0.36054,0.25108,0.017213,0.20887,0.11219,0.15478,-0.11791,0.25206,-0.12566,-0.071405
0.46102,0,-0.149,-0.094814,0.27955,0.74502,0.5598,0.72233,0.30231,0.082044,0.30998,0.28144,-0.0081445,0.37128,-0.31525,-0.20747,-0.33314,0.0063135,-0.18193,-0.11933,-0.0091846,-0.0080773,0.033369,0.15329,0.095619,0.24538,-0.18527,0.033929,0.40249,0.73373,0.51658,0.50074,-0.011077,0.47491,0.12899,0.616,0.020418,0.2469,0.10051,0.1639,0.40527,0.2408,0.74772,1.4009,0.080363,0.055259,0.068046,0.015481,0.45584,0.25625,0.4308,0.2204,0.022465,0.4237,0.0053501,0.45936,0.72448,-0.080239,0.13537,-0.010887,0.023227,0.21421,0.064483,0.074091,0.22517,0.15111,0.076635,-0.053821,-0.046694,0.26878,0.039496,-0.069219,-0.3276,0.12282,0.067713,-0.17984,-0.039082,-0.068345,0.10177,-0.032038,0.20548,-0.21872,0.095517,-0.15585,-0.3083,-0.014278,-0.19985,-0.022675,0.10833,0.035287,-0.076985,0.33974,0.3615,0.26746,0.36011,0.22996,0.45437,-0.12013,0.10826,0.22203,0.10613,-0.12869,0.20414,0.11088,0.13485
0.056485,-0.149,0,1.4237,0.044122,0.16031,0.2395,0.22478,-0.20871,0.21204,-0.099777,-0.0070171,0.33706,0.27482,0.08567,-0.025189,1.0783,0.93515,0.88594,0.86202,-0.054628,0.18372,0.41023,0.30973,0.38078,0.6708,-0.011438,0.0030538,0.21161,0.17284,0.042019,-0.043481,0.34307,0.17432,0.19459,0.32711,0.32165,0.70388,0.53727,0.5178,0.24879,0.21239,-0.29476,-0.080144,-0.16518,-0.16586,0.1794,0.26943,0.011801,0.31602,0.040648,-0.059849,0.3239,0.28819,0.45566,0.31376,0.39565,0.2608,0.36066,0.17544,0.0504,-0.42466,-0.020986,-0.32314,-0.29056,0.1781,0.088144,-0.27847,0.12901,-0.35633,-0.16128,-0.39345,-0.1552,-0.052252,-0.10338,0.66033,0.61165,1.0776,0.92681,0.48175,0.73158,1.1434,0.62345,0.94421,1.0593,0.94916,0.96321,0.21858,0.24202,-0.047222,-0.14948,0.29528,0.26519,0.0074155,-0.084855,0.52614,0.30839,0.46439,0.41585,-0.63801,-0.579,-0.47297,-0.13665,0.2705,0.42837
0.18321,-0.094814,1.4237,0,-0.12897,0.16698,0.26676,0.31954,-0.29382,0.24699,-0.14862,0.075081,0.035904,0.053525,-0.14855,-0.25046,0.61485,0.60667,0.50026,0.48129,-0.26414,-0.14809,0.22925,0.11804,0.29966,0.44255,-0.23402,-0.27001,0.17116,0.22454,0.10193,0.056801,0.041123,0.0023233,0.040007,0.27301,0.14771,0.7329,0.39714,0.35455,0.18215,0.10023,-0.27022,-0.034111,-0.18501,-0.065704,0.074155,0.12706,0.20513,0.035742,-0.16624,0.32822,0.45268,0.44457,0.39409,0.30061,0.27201,0.1537,0.16696,0.12083,0.035691,-0.16192,0.087491,-0.15723,-0.15497,0.10661,0.0081658,-0.23379,0.034606,-0.14609,-0.17681,-0.21558,-0.084964,0.02626,0.049165,0.54636,0.62778,0.63718,0.71223,0.22684,0.42578,1.2724,0.84214,0.62212,0.81997,0.58087,0.54214,0.13512,0.21717,-0.18914,-0.11373,0.14674,0.35002,0.056781,0.025065,0.65048,0.59928,0.45732,0.58091,-0.40267,-0.30003,-0.38358,0.052818,0.28077,0.40511
0.27502,0.27955,0.044122,-0.12897,0,0.35093,0.43542,0.30187,0.48969,0.3405,0.48579,0.43379,0.35604,0.38555,0.41746,0.10725,0.024708,0.098385,-0.021048,0.23113,-0.018056,0.35443,-0.024542,0.061213,0.30878,0.41164,0.37034,0.39439,-0.074848,0.1684,0.14288,0.25412,0.52882,0.42868,0.35477,0.31971,0.37003,0.17151,0.56723,0.56385,0.48628,0.41274,0.083783,0.20275,0.6389,0.5174,0.025775,0.00046829,-0.083335,0.66796,0.46926,-0.1338,-0.06103,-0.18375,0.055435,-0.13179,0.29673,-0.028718,0.17076,0.80539,0.39839,-0.014584,0.33853,-0.15145,0.12914,0.090129,0.086445,0.10073,0.16955,0.10396,0.47489,0.0051293,-0.048481,-0.096709,-0.046284,0.26125,0.069958,0.091338,0.057571,0.40096,0.33248,-0.073002,0.066955,-0.25676,-0.21577,0.11447,0.019468,-0.0062265,0.010215,0.27878,0.18139,0.27278,-0.2385,0.35827,0.15722,0.14031,-0.044241,-0.15396,-0.32627,0.078793,0.054631,0.056001,0.13819,-0.17888,-0.05905
0.013837,0.74502,0.16031,0.16698,0.35093,0,0.20239,0.7551,0.15505,0.33231,0.0056068,0.38976,-0.19905,0.24984,-0.13077,-0.11943,-0.064988,0.089641,0.058263,-0.023103,0.093063,-0.066815,0.059386,0.043508,0.0023726,0.37531,-0.31755,-0.062778,0.3992,0.50154,0.26762,0.38743,0.073485,0.55965,-0.086198,0.6859,-0.19585,0.283,-0.008645,0.16029,0.0012583,0.22917,0.26988,0.81594,-0.15008,-0.25177,-0.035779,-0.06401,0.17381,0.5078,0.66696,0.12706,-0.10954,0.21763,-0.10451,0.24505,0.68838,-0.19958,-0.005866,0.10165,0.31115,0.23676,0.1102,-0.14999,0.16076,0.052565,-0.00083846,0.11491,0.13348,0.3225,0.07005,-0.24811,-0.48192,-0.01878,-0.12515,-0.040955,0.24161,-0.037896,0.2676,-0.068202,0.31124,-0.0053768,0.19198,-0.021863,-0.082624,0.033631,0.040042,-0.096953,0.064272,-0.1478,-0.28607,0.056235,0.46537,0.10933,0.48966,0.23323,0.51014,0.20567,0.12118,0.075685,0.047904,-0.12481,0.33465,0.25818,0.37748
0.985,0.5598,0.2395,0.26676,0.43542,0.20239,0,0.74024,0.34436,0.48053,0.69176,0.15547,0.044306,0.070454,-0.29692,-0.37176,-0.080518,0.27652,0.058346,0.23426,-0.42849,0.043644,0.081167,0.018575,0.48135,0.45605,-0.1907,-0.049625,0.27354,0.96055,0.6964,0.69946,0.033222,0.21779,0.4995,0.47657,0.59666,0.47996,0.61471,0.26239,0.71984,0.011651,0.26415,0.47861,0.31339,0.48084,-0.15979,-0.17519,0.44218,0.0057784,-0.076314,0.21595,0.51151,0.23628,0.42191,0.40381,0.40667,-0.24545,-0.039888,0.62518,0.043312,0.17517,0.55609,-0.052625,0.074477,-0.050036,-0.090706,0.1138,0.18638,0.16992,0.32306,-0.11159,-0.11027,-0.029454,0.12713,0.20657,0.056682,0.12651,0.12581,0.25714,0.3021,0.15871,0.36931,-0.022196,0.0018453,0.27799,0.14638,-0.25118,-0.10517,-0.1662,-0.040736,0.45552,0.050038,0.67472,0.11516,0.42543,0.30571,0.03609,0.28217,0.14315,0.13425,-0.16107,0.2517,0.22548,0.31742
0.33064,0.72233,0.22478,0.31954,0.30187,0.7551,0.74024,0,0.5615,0.6923,0.55971,0.69202,-0.29357,0.10934,-0.17819,-0.35901,-0.0019336,0.053803,0.15734,0.11731,0.10603,0.050015,0.35799,0.068725,0.41263,0.55339,-0.14493,-0.084352,0.20178,0.73969,0.39738,0.44261,-0.22244,0.19151,-0.036049,0.67559,-0.06218,0.69548,0.31172,0.43545,0.55561,0.25226,0.10696,0.64855,-0.065043,-0.021209,0.039563,-0.0014523,0.53145,0.097486,0.21206,0.41097,0.22504,0.52286,0.18499,0.47525,0.7931,-0.08473,0.14604,0.35902,0.35636,0.30317,0.34682,0.080322,0.26872,0.14744,0.056455,0.21654,0.23433,0.50578,0.34185,0.030989,-0.096756,0.087074,0.12566,0.091943,0.51736,-0.10199,0.074668,-0.12855,0.23449,0.14635,0.29408,-0.084747,-0.1612,0.14981,0.041604,-0.03614,0.1577,-0.17386,-0.2771,0.23941,0.47928,0.55124,0.73976,0.48969,0.70924,0.094091,0.276,0.22902,0.19784,0.13609,0.60702,0.31007,0.47236
0.1566,0.30231,-0.20871,-0.29382,0.48969,0.15505,0.34436,0.5615,0,0.73925,1.2671,0.43852,-0.11918,0.018283,0.34162,0.092273,-0.092141,-0.20763,0.079802,0.22805,0.49471,0.60089,0.47133,0.12376,0.7889,0.53287,0.48987,0.46336,-0.26992,0.14029,0.20723,0.18729,-0.1955,-0.038478,-0.13789,-0.015121,-0.086224,0.1472,0.45448,0.5597,0.74176,0.4275,-0.066686,0.1959,0.38588,0.28032,-0.032742,-0.069455,0.19729,-0.047866,0.001266,-0.071442,-0.1148,0.090028,0.2336,0.04686,0.25054,-0.10835,0.093913,0.57304,0.41998,0.32189,0.57788,0.22018,0.51974,0.032759,-0.012794,0.62727,0.42198,0.53573,0.88706,0.26718,0.054108,-0.14335,-0.080634,0.039375,0.17094,-0.23845,-0.37054,-0.20072,-0.058504,-0.4906,-0.23088,-0.35982,-0.4721,-0.077508,0.030614,-0.0058935,0.030861,0.21174,0.0093129,0.095631,-0.13957,0.41688,0.4112,0.074263,-0.04167,-0.55957,-0.51162,0.52001,0.5459,0.65996,0.65491,-0.16517,0.021495
0.2162,0.082044,0.21204,0.24699,0.3405,0.33231,0.48053,0.6923,0.73925,0,0.67391,0.52045,-0.27693,-0.16144,-0.053692,-0.30718,0.020112,-0.034558,0.23038,0.29719,-0.07283,0.039099,0.26221,-0.13681,0.89034,0.7746,-0.083323,-0.12973,-0.26646,0.23774,0.31654,0.4601,-0.33809,-0.039039,-0.18812,0.02373,-0.019841,0.44858,0.59823,0.39227,0.44844,0.24359,-0.29739,0.078102,0.3741,0.37287,-0.2394,-0.32237,0.18461,-0.13202,-0.21647,0.00093435,-0.00071065,0.015708,0.30688,-0.13432,0.073719,-0.2494,-0.13666,0.68958,0.27991,0.36461,0.81283,0.21768,0.45365,-0.15014,-0.25647,0.47126,0.35479,0.56229,0.64421,0.1071,-0.0066235,-0.1519,-0.067427,0.38079,0.43839,-0.079036,-0.059114,-0.050616,0.052062,-0.024238,0.029782,-0.0859,-0.062949,0.090221,0.21245,-0.13173,-0.0091452,-0.069,0.012345,-0.22041,-0.18738,0.12132,0.12856,0.19241,0.16418,-0.21629,-0.13935,0.25384,0.47933,0.30577,0.76105,-0.082871,0.15392
0.3624,0.30998,-0.099777,-0.14862,0.48579,0.0056068,0.69176,0.55971,1.2671,0.67391,0,0.39903,0.056992,0.094507,0.16357,-0.059006,-0.086563,0.013359,0.11233,0.32198,0.17795,0.50094,0.35502,0.0028756,0.88513,0.48107,0.28364,0.3434,-0.13873,0.38946,0.53389,0.43124,-0.054227,0.065719,0.23911,0.11986,0.34052,0.11905,0.62366,0.40858,0.84093,0.11099,0.17156,0.22879,0.57875,0.47932,-0.19449,-0.19444,0.3229,-0.15381,-0.10724,0.044693,-0.039592,-0.061309,0.23302,0.1577,0.26026,-0.24584,-0.0035376,0.58124,0.22623,0.34744,0.76264,0.21007,0.30352,-0.08366,-0.11308,0.62901,0.49605,0.51189,0.81646,0.24674,0.073387,-0.19951,-0.074375,-0.072663,-0.04265,-0.17934,-0.35256,-0.015795,-0.04299,-0.21434,0.051838,-0.23348,-0.26798,0.038233,0.080951,-0.21077,-0.18783,0.052877,-0.13305,0.33254,-0.054408,0.49456,0.2931,0.057206,-0.028911,-0.52653,-0.22584,0.40989,0.49373,0.35984,0.42909,0.082326,0.22063
-0.13538,0.28144,-0.0070171,0.075081,0.43379,0.38976,0.15547,0.69202,0.43852,0.52045,0.39903,0,-0.031179,0.17608,0.17385,-0.13924,-0.10686,-0.20558,-0.080509,0.069718,0.17405,0.010906,0.093497,0.062078,0.17781,0.18009,0.13962,-0.0034353,-0.22583,0.1216,0.1567,0.21352,-0.090701,0.098484,-0.10846,0.23769,-0.1115,0.18979,0.13733,0.43437,0.33086,0.41515,0.097491,0.20396,0.32851,0.15694,0.17754,0.10751,-0.032328,0.02948,0.11374,0.17361,-0.085085,0.11937,-0.060233,0.03962,0.34754,0.15149,0.22287,0.29746,0.52061,0.19674,0.23337,0.30326,0.22215,0.2071,0.17325,0.10707,0.15561,0.58235,0.3643,0.31821,0.17927,0.16946,0.097609,0.042087,0.34441,-0.24621,-0.20742,-0.15456,-0.1719,-0.00074103,-0.0358,-0.30006,-0.36522,-0.20089,-0.30682,0.19021,0.22999,0.15815,-0.089305,0.030765,0.22459,0.073929,0.49189,0.15485,0.39209,-0.14644,-0.087606,0.2163,0.25106,0.4108,0.41212,-0.11563,-0.030668
-0.12596,-0.0081445,0.33706,0.035904,0.35604,-0.19905,0.044306,-0.29357,-0.11918,-0.27693,0.056992,-0.031179,0,1.1074,0.27546,0.25999,0.51053,0.78838,0.41536,0.64602,0.048462,0.44891,0.20329,0.41098,0.17128,0.27072,0.35176,0.40466,0.17041,0.035467,0.17147,-0.075139,1.2041,0.59186,0.68059,0.18313,0.82775,-0.030711,0.38037,0.31039,0.26343,0.16266,0.18949,-0.15848,0.32362,0.13438,0.17523,0.25425,-0.34713,0.60442,0.32318,-0.65832,-0.19095,-0.29495,0.088939,0.065464,0.096069,0.25996,0.34424,-0.072862,-0.28678,-0.63254,-0.27045,-0.32212,-0.53332,0.094754,0.12844,-0.51105,-0.14144,-0.60755,-0.27446,-0.36089,-0.12894,-0.13101,-0.24134,0.1315,-0.24211,0.81932,0.51686,0.78412,0.493,0.25994,0.15451,0.5707,0.51074,0.5765,0.46888,0.15898,-0.03559,0.32736,0.012644,0.59172,-0.038471,-0.13556,-0.27215,0.011786,-0.22331,-0.059614,-0.087723,-0.43711,-0.55296,-0.46057,-0.72891,0.0012088,-0.044821
-0.12364,0.37128,0.27482,0.053525,0.38555,0.24984,0.070454,0.10934,0.018283,-0.16144,0.094507,0.17608,1.1074,0,0.10818,0.0074052,0.45036,0.75782,0.45016,0.45214,0.21262,0.30575,0.42423,0.40332,0.17853,0.40667,0.1545,0.2475,0.43797,0.32758,0.35008,0.089306,0.93489,0.95743,0.43215,0.55512,0.48305,0.10808,0.23922,0.33005,0.30146,0.19901,0.27965,0.18214,0.058545,-0.092992,0.18365,0.22354,-0.0098002,0.86552,0.73925,-0.37799,-0.29528,-0.12167,-0.15658,0.25352,0.40159,0.15525,0.33862,-0.19451,-0.31821,-0.4322,-0.32885,-0.35719,-0.46377,0.15552,0.15107,-0.45778,-0.20474,-0.34014,-0.34457,-0.42033,-0.30055,-0.10111,-0.22656,0.0013277,-0.11461,0.53544,0.60455,0.41767,0.60564,0.25755,0.33669,0.49228,0.40013,0.54933,0.40474,0.096986,-0.025347,0.16178,-0.20104,0.74886,0.37295,-0.025998,0.13376,0.12576,0.13859,0.094018,0.067829,-0.25387,-0.43639,-0.38631,-0.45299,0.20538,0.16748
-0.3024,-0.31525,0.08567,-0.14855,0.41746,-0.13077,-0.29692,-0.17819,0.34162,-0.053692,0.16357,0.17385,0.27546,0.10818,0,0.86129,0.40684,0.044191,0.10979,0.39806,0.74818,0.73762,0.2196,0.35869,0.069515,0.1251,1.0383,0.83411,-0.33822,-0.54943,-0.39976,-0.37561,0.35304,0.011413,0.082634,-0.032726,-0.014639,-0.19332,0.17626,0.53012,0.20967,0.52954,-0.17035,-0.20607,0.21021,0.010123,0.31428,0.37104,-0.54811,0.25517,0.13862,-0.24521,-0.072107,-0.10153,0.17835,-0.070626,0.20824,0.3619,0.50454,0.40924,0.59632,-0.34433,0.0046496,-0.12343,-0.055792,0.24097,0.27745,0.22378,0.46476,-0.079967,0.3173,0.16826,0.17629,-0.082746,-0.15729,0.24622,0.10672,0.13012,-0.22533,0.075408,-0.005553,-0.13141,-0.21314,-0.16654,-0.14091,-0.026293,0.10327,0.37537,0.25023,0.45786,0.092927,0.057245,-0.15294,0.08406,0.030577,-0.11743,-0.34252,-0.13496,-0.34003,-0.16944,-0.18403,0.48639,-0.032963,-0.25278,-0.13808
-0.42514,-0.20747,-0.025189,-0.25046,0.10725,-0.11943,-0.37176,-0.35901,0.092273,-0.30718,-0.059006,-0.13924,0.25999,0.0074052,0.86129,0,0.25224,0.10617,0.14083,0.36893,0.54424,0.8043,0.067642,0.44767,-0.1187,0.043365,0.73653,1.0143,-0.077901,-0.49936,-0.34393,-0.41129,0.33476,-0.0062604,0.14394,-0.05764,-0.014035,-0.30849,0.055668,0.24873,-0.049849,0.32329,0.062551,-0.13799,0.057721,-0.17176,-0.037098,0.051096,-0.58821,0.23889,0.12159,-0.35094,-0.13261,-0.066656,0.3176,0.071895,0.12042,0.097751,0.17793,-0.01963,0.57854,-0.25895,-0.18061,-0.29062,-0.14721,-0.19475,-0.15113,0.13334,0.39873,-0.38696,0.0053037,-0.14091,-0.201,-0.38544,-0.53394,-0.051685,-0.17906,0.1872,-0.15369,0.28468,0.03462,-0.22047,-0.35207,0.06452,-0.01211,0.076804,0.18149,0.074987,0.012378,0.17436,-0.083364,-0.063981,-0.16822,0.016937,-0.048968,-0.080661,-0.39,-0.32284,-0.27198,-0.13538,-0.36726,0.057876,-0.34791,-0.01623,0.029215
-0.16624,-0.33314,1.0783,0.61485,0.024708,-0.064988,-0.080518,-0.0019336,-0.092141,0.020112,-0.086563,-0.10686,0.51053,0.45036,0.40684,0.25224,0,0.90043,1.3025,1.0351,0.37295,0.52173,0.79669,0.5531,0.3462,0.65516,0.31832,0.26586,0.19234,-0.058958,-0.11627,-0.30607,0.42513,0.12608,0.096106,0.20696,0.23343,0.39898,0.4236,0.57693,0.2411,0.29911,-0.38906,-0.23049,-0.30673,-0.37958,0.20484,0.28349,-0.039487,0.40501,0.14493,-0.30065,0.12657,0.13519,0.2504,0.28194,0.33788,0.35184,0.48775,-0.03503,-0.029843,-0.67571,-0.27773,-0.45329,-0.49674,0.11645,0.025296,-0.26335,0.15436,-0.6587,-0.32243,-0.46657,-0.20619,-0.2687,-0.355,0.50312,0.41346,0.93594,0.64839,0.39573,0.64893,0.77921,0.32481,0.98147,0.98912,1.0157,1.0954,0.26133,0.18795,-0.030767,-0.20909,0.30758,0.21195,-0.10136,-0.11624,0.34041,0.095272,0.35765,0.2666,-0.65787,-0.83361,-0.28599,-0.37233,0.22796,0.34199
0.04074,0.0063135,0.93515,0.60667,0.098385,0.089641,0.27652,0.053803,-0.20763,-0.034558,0.013359,-0.20558,0.78838,0.75782,0.044191,0.10617,0.90043,0,0.90164,0.98403,-0.044723,0.32002,0.48557,0.4598,0.33348,0.61218,0.0048032,0.19954,0.58574,0.39783,0.3931,0.10748,0.82166,0.61768,0.62568,0.55327,0.77272,0.2698,0.49656,0.3065,0.26282,0.0079729,0.027825,-0.025703,-0.10104,-0.12086,-0.095488,0.0096494,-0.022762,0.51477,0.224,-0.26907,0.12858,-0.041524,0.32766,0.44634,0.33496,-0.049518,0.13369,-0.024787,-0.22294,-0.55643,-0.16397,-0.72388,-0.75033,-0.14163,-0.15893,-0.30651,0.046274,-0.61887,-0.40527,-0.76238,-0.45195,-0.37631,-0.39968,0.27131,-0.038387,1.0045,0.84177,0.64987,0.79323,0.76254,0.73,1.059,1.1828,1.0603,1.1122,-0.12366,-0.16259,-0.18085,-0.35796,0.66161,0.36044,0.10025,-0.095134,0.32277,0.14405,0.34113,0.48432,-0.51188,-0.68408,-0.70014,-0.53912,0.54997,0.59639
-0.21121,-0.18193,0.88594,0.50026,-0.021048,0.058263,0.058346,0.15734,0.079802,0.23038,0.11233,-0.080509,0.41536,0.45016,0.10979,0.14083,1.3025,0.90164,0,1.082,0.32536,0.57352,1.0153,0.45998,0.51329,0.86173,0.12108,0.2098,0.35721,0.19302,0.17386,-0.079157,0.31484,0.18297,0.070571,0.21132,0.28485,0.39123,0.42495,0.41453,0.20926,0.10558,-0.26568,-0.13059,-0.31241,-0.45407,-0.069374,0.0096596,0.13317,0.32161,0.1543,-0.41424,-0.0078694,0.044276,0.19809,0.37823,0.32669,0.039166,0.18347,-0.11094,-0.078017,-0.33773,-0.13379,-0.43459,-0.42351,-0.13709,-0.2307,-0.096538,0.21638,-0.4816,-0.2529,-0.64691,-0.42626,-0.48126,-0.59566,0.24885,0.29748,0.72301,0.61908,0.36355,0.67992,0.60093,0.28255,1.2669,1.036,1.2111,1.5575,-0.032246,-0.066642,-0.2545,-0.48304,0.3731,0.29126,-0.072776,0.0063782,0.35515,0.13223,0.2373,0.19489,-0.33388,-0.55773,-0.34772,-0.27871,0.45701,0.60781
-0.0089698,-0.11933,0.86202,0.48129,0.23113,-0.023103,0.23426,0.11731,0.22805,0.29719,0.32198,0.069718,0.64602,0.45214,0.39806,0.36893,1.0351,0.98403,1.082,0,0.23649,0.76926,0.79031,0.75094,0.72639,0.92802,0.44062,0.49621,0.16917,0.12508,0.232,-0.043492,0.44567,0.16806,0.27165,0.15143,0.47068,0.27524,0.7748,0.77309,0.58354,0.42843,-0.15052,-0.11924,0.15014,-0.022596,0.0032475,0.070512,-0.11138,0.25795,-0.064376,-0.44585,0.1688,0.078613,0.60718,0.41063,0.37894,0.13115,0.31874,0.21679,0.16002,-0.44417,0.086619,-0.36566,-0.3276,-0.088368,-0.1761,-0.065065,0.32464,-0.40796,-0.034282,-0.44367,-0.31991,-0.44172,-0.53266,0.47662,0.17688,0.86876,0.41872,0.45922,0.48245,0.42934,0.22849,0.76676,0.71764,0.84926,1.0887,0.10029,0.052931,0.052831,-0.20973,0.44344,0.087513,-0.00782,-0.16828,0.35727,0.02158,0.022804,0.076049,-0.33943,-0.48443,-0.24165,-0.26425,0.15807,0.32333
-0.55852,-0.0091846,-0.054628,-0.26414,-0.018056,0.093063,-0.42849,0.10603,0.49471,-0.07283,0.17795,0.17405,0.048462,0.21262,0.74818,0.54424,0.37295,-0.044723,0.32536,0.23649,0,0.80464,0.69062,0.46116,0.06466,0.16131,0.64702,0.64839,-0.030065,-0.22132,-0.25301,-0.39712,0.045126,0.012948,-0.27144,0.039199,-0.35686,-0.11684,-0.13687,0.36554,0.11701,0.39987,-0.089231,0.045721,-0.33108,-0.61316,0.31685,0.37208,-0.12216,0.15063,0.31552,-0.2506,-0.25069,0.14448,-0.072106,0.22628,0.39918,0.27404,0.42501,-0.13234,0.32801,-0.1493,-0.22458,-0.065199,-0.025661,0.2629,0.27097,0.2582,0.35275,0.025308,0.12086,0.013695,-0.04723,-0.099963,-0.25556,-0.17507,0.16668,-0.029912,-0.17496,-0.30353,-0.035945,-0.2539,-0.3201,0.020061,-0.14778,-0.0098961,0.14654,0.2969,0.2019,0.18206,-0.29516,0.12009,0.2915,0.039646,0.42967,-0.06729,-0.065275,-0.11054,-0.2715,0.011197,-0.096977,0.48039,0.075316,0.031988,0.10286
-0.16595,-0.0080773,0.18372,-0.14809,0.35443,-0.066815,0.043644,0.050015,0.60089,0.039099,0.50094,0.010906,0.44891,0.30575,0.73762,0.8043,0.52173,0.32002,0.57352,0.76926,0.80464,0,0.63051,0.65966,0.44908,0.4922,0.97063,1.3434,0.010387,-0.03984,-0.038369,-0.26053,0.41202,0.095259,0.18699,0.051201,0.22901,0.042657,0.46345,0.70709,0.46855,0.4488,-0.048066,-0.029884,0.074301,-0.15449,0.070018,0.16741,-0.1549,0.30722,0.20646,-0.46806,-0.072757,0.035006,0.36035,0.26434,0.37369,0.10783,0.33393,0.17505,0.43544,-0.28525,-0.027436,-0.31183,-0.11721,0.018578,0.01298,0.21706,0.44943,-0.26299,0.25221,-0.21574,-0.21633,-0.42138,-0.49176,0.017937,0.033394,0.36403,0.021017,0.2851,0.26149,-0.084919,-0.17035,0.26304,0.10516,0.36871,0.4992,0.087548,0.019226,0.19543,-0.21139,0.37746,-0.015996,0.24113,0.15924,0.11524,-0.24193,-0.32676,-0.34741,-0.083578,-0.24175,0.067503,-0.13549,0.067824,0.20079
-0.084493,0.033369,0.41023,0.22925,-0.024542,0.059386,0.081167,0.35799,0.47133,0.26221,0.35502,0.093497,0.20329,0.42423,0.2196,0.067642,0.79669,0.48557,1.0153,0.79031,0.69062,0.63051,0,0.70528,0.5855,0.71699,0.3237,0.26524,0.32046,0.26423,0.21938,-0.13555,0.035601,0.0058445,-0.20904,0.1134,-0.019255,0.28037,0.26123,0.55409,0.4954,0.331,-0.24851,0.0069536,-0.34013,-0.4345,0.11847,0.13406,0.33096,0.096877,0.035105,-0.23455,0.1542,0.32533,0.17305,0.61545,0.44066,0.1333,0.28434,-0.055401,-0.02608,-0.17103,-0.032783,-0.23314,-0.20454,0.045008,-0.049991,0.015689,0.14894,-0.20878,-0.11708,-0.36347,-0.30701,-0.32018,-0.37841,0.16703,0.27952,0.33938,0.26554,-0.15088,0.32764,0.20088,0.14447,0.51991,0.40846,0.58398,0.75769,0.12185,0.086537,-0.12189,-0.3631,0.49948,0.41601,0.11271,0.26896,0.45208,0.30331,0.18626,0.042992,0.060213,-0.19697,0.11999,0.036713,0.24592,0.35159
-0.018374,0.15329,0.30973,0.11804,0.061213,0.043508,0.018575,0.068725,0.12376,-0.13681,0.0028756,0.062078,0.41098,0.40332,0.35869,0.44767,0.5531,0.4598,0.45998,0.75094,0.46116,0.65966,0.70528,0,0.17228,0.36015,0.57692,0.57106,0.32151,0.12305,0.050685,-0.29645,0.25878,0.042734,-0.04748,0.090861,0.042601,0.093858,0.21006,0.69434,0.45733,0.77953,-0.047528,0.091322,-0.20369,-0.31656,0.2859,0.28231,-0.12596,0.20456,-0.0012675,-0.34337,0.42475,0.48766,0.43576,0.63099,0.44607,0.31261,0.41817,-0.077644,0.23107,-0.62027,-0.39816,-0.47855,-0.40629,0.11573,0.052293,-0.34184,-0.036552,-0.56273,-0.34025,-0.51716,-0.44329,-0.2646,-0.39285,0.28177,0.070715,0.53964,0.26218,0.046036,0.18845,0.07656,-0.080042,0.3836,0.24422,0.30038,0.34916,0.31768,0.30196,0.11496,-0.080748,0.43231,0.26308,-0.0057297,-0.013176,0.44748,0.23101,0.14701,0.035844,-0.16087,-0.51574,-0.0703,-0.26881,-0.083631,-0.027327
0.36256,0.095619,0.38078,0.29966,0.30878,0.0023726,0.48135,0.41263,0.7889,0.89034,0.88513,0.17781,0.17128,0.17853,0.069515,-0.1187,0.3462,0.33348,0.51329,0.72639,0.06466,0.44908,0.5855,0.17228,0,1.0876,0.30488,0.23655,-0.22681,0.19307,0.29253,0.17052,-0.03617,-0.013346,0.015733,-0.025309,0.22919,0.54291,1.2275,0.7678,0.98235,0.377,-0.30194,-0.034012,0.43285,0.42973,-0.094319,-0.10429,0.29231,-0.002108,-0.21031,-0.10699,-0.0063551,0.1094,0.55191,0.028441,0.12847,-0.041281,0.13407,0.45339,0.057473,0.0072642,0.50807,0.097134,0.29878,-0.03059,-0.17187,0.2259,0.21055,0.15619,0.45947,0.047961,-0.01103,-0.22751,-0.11961,0.44506,0.33786,0.33835,0.16659,0.20085,0.27924,0.14231,0.211,0.23751,0.22591,0.44444,0.53435,0.022816,0.056975,0.1643,0.09146,0.14316,-0.18816,0.15303,-0.011068,0.2521,0.015653,-0.40883,-0.16414,0.023707,0.18262,0.03432,0.31079,-0.080698,0.13992
0.22643,0.24538,0.6708,0.44255,0.41164,0.37531,0.45605,0.55339,0.53287,0.7746,0.48107,0.18009,0.27072,0.40667,0.1251,0.043365,0.65516,0.61218,0.86173,0.92802,0.16131,0.4922,0.71699,0.36015,1.0876,0,0.15519,0.23101,0.10787,0.31497,0.32026,0.23467,0.16577,0.30358,0.060402,0.3363,0.22777,0.73005,1.0391,0.83851,0.69208,0.5079,-0.18542,0.2072,0.15108,0.10212,-0.088624,-0.10062,0.22372,0.40233,0.1542,-0.23293,0.018412,0.20607,0.49955,0.19825,0.44418,-0.019555,0.22009,0.3568,0.12137,-0.11914,0.26928,-0.20742,0.054829,-0.08945,-0.25473,0.043279,0.25998,-0.11935,0.12695,-0.36794,-0.39627,-0.38444,-0.38899,0.54563,0.43971,0.60306,0.52147,0.40936,0.7454,0.28382,0.25847,0.50515,0.45285,0.84012,0.88756,0.023952,0.097223,-0.015227,-0.072577,0.1709,-0.0057846,0.12543,0.062343,0.49782,0.23781,-0.10629,0.0030701,-0.11937,-0.1611,-0.13751,0.17506,0.10756,0.36017
-0.14677,-0.18527,-0.011438,-0.23402,0.37034,-0.31755,-0.1907,-0.14493,0.48987,-0.083323,0.28364,0.13962,0.35176,0.1545,1.0383,0.73653,0.31832,0.0048032,0.12108,0.44062,0.64702,0.97063,0.3237,0.57692,0.30488,0.15519,0,1.1342,-0.43295,-0.50804,-0.46889,-0.59777,0.26412,-0.18406,0.0052034,-0.20554,-0.039087,-0.011936,0.36634,0.81227,0.54613,0.75555,-0.30934,-0.32106,0.24924,0.1106,0.39884,0.44393,-0.37888,0.21306,0.031378,-0.29241,-0.018254,0.09955,0.38533,-0.024699,0.11664,0.47033,0.59198,0.26847,0.51453,-0.4773,-0.14867,-0.063495,0.07295,0.30121,0.29644,0.013522,0.13784,-0.17555,0.32023,0.22156,0.25833,-0.016665,-0.044224,0.28587,0.17561,0.21267,-0.17744,0.1438,-0.0073274,-0.18144,-0.32317,-0.096004,-0.1933,0.03948,0.063044,0.47466,0.36282,0.67971,0.25463,0.14771,-0.26109,0.15031,0.020778,-0.038179,-0.39399,-0.38327,-0.45513,-0.12997,-0.2013,0.30363,-0.12334,-0.42423,-0.31741
-0.18352,0.033929,0.0030538,-0.27001,0.39439,-0.062778,-0.049625,-0.084352,0.46336,-0.12973,0.3434,-0.0034353,0.40466,0.2475,0.83411,1.0143,0.26586,0.19954,0.2098,0.49621,0.64839,1.3434,0.26524,0.57106,0.23655,0.23101,1.1342,0,-0.033362,-0.16371,-0.10916,-0.18287,0.49042,0.18031,0.32017,0.10572,0.2192,-0.16347,0.34731,0.598,0.42554,0.49615,0.034616,-0.015028,0.17539,-0.01842,0.0086347,0.11923,-0.37341,0.36707,0.26984,-0.38447,-0.15909,-0.059526,0.31882,0.14156,0.29697,0.016249,0.24948,0.19657,0.54292,-0.38151,-0.11071,-0.40047,-0.14354,-0.018427,0.037657,0.25919,0.47581,-0.18347,0.30845,-0.12704,-0.1632,-0.35829,-0.41717,-0.010751,-0.11278,0.20658,-0.14194,0.28821,0.050866,-0.22101,-0.23495,0.025532,-0.10391,0.086163,0.2029,0.017992,-0.052064,0.29316,-0.15161,0.27314,-0.057174,0.29898,0.12328,-0.10541,-0.39182,-0.45528,-0.27375,-0.17135,-0.26408,0.037303,-0.26849,-0.029771,0.084117
0.074383,0.40249,0.21161,0.17116,-0.074848,0.3992,0.27354,0.20178,-0.26992,-0.26646,-0.13873,-0.22583,0.17041,0.43797,-0.33822,-0.077901,0.19234,0.58574,0.35721,0.16917,-0.030065,0.010387,0.32046,0.32151,-0.22681,0.10787,-0.43295,-0.033362,0,0.919,0.69259,0.40792,0.31877,0.5157,0.29849,0.62562,0.33268,-0.093895,-0.22783,-0.19652,-0.087635,-0.26833,0.48249,0.4974,-0.5337,-0.53074,-0.32321,-0.26014,0.35658,0.27638,0.36605,-0.027511,0.22247,0.091252,-0.23253,0.89327,0.48189,-0.42275,-0.27215,-0.34307,-0.27564,-0.0041216,-0.17332,-0.70724,-0.69977,-0.33113,-0.28802,-0.10406,0.061887,-0.34046,-0.57786,-1.0197,-0.96123,-0.41462,-0.48335,-0.32153,-0.35245,0.14654,0.37774,0.0037364,0.29907,0.24888,0.40203,0.44406,0.42596,0.34954,0.37067,-0.51102,-0.47664,-0.73765,-0.78849,0.69011,0.82553,0.21463,0.21956,0.3396,0.48768,0.58254,0.5858,0.015596,-0.36369,-0.5407,-0.37833,0.84804,0.70219
0.47899,0.73373,0.17284,0.22454,0.1684,0.50154,0.96055,0.73969,0.14029,0.23774,0.38946,0.1216,0.035467,0.32758,-0.54943,-0.49936,-0.058958,0.39783,0.19302,0.12508,-0.22132,-0.03984,0.26423,0.12305,0.19307,0.31497,-0.50804,-0.16371,0.919,0,1.1711,0.80442,0.10883,0.48869,0.33915,0.67676,0.46433,0.22516,0.1422,0.0082267,0.29765,-0.19335,0.46085,0.69151,-0.1308,-0.047678,-0.3106,-0.30552,0.61263,0.076932,0.1811,0.1754,0.31387,0.17527,-0.032569,0.67727,0.493,-0.50509,-0.2891,0.078227,-0.17575,0.24184,0.24258,-0.31933,-0.25146,-0.18932,-0.1849,0.081077,0.081068,0.11127,-0.063219,-0.51156,-0.56012,-0.23044,-0.14833,-0.22291,-0.16587,0.024922,0.25616,-0.021122,0.23743,0.19486,0.51106,0.17166,0.16189,0.2219,0.188,-0.51491,-0.38151,-0.57312,-0.52406,0.66038,0.60771,0.47905,0.38741,0.4411,0.64619,0.28594,0.44418,0.22567,0.10558,-0.30944,0.127,0.62559,0.62502
0.32721,0.51658,0.042019,0.10193,0.14288,0.26762,0.6964,0.39738,0.20723,0.31654,0.53389,0.1567,0.17147,0.35008,-0.39976,-0.34393,-0.11627,0.3931,0.17386,0.232,-0.25301,-0.038369,0.21938,0.050685,0.29253,0.32026,-0.46889,-0.10916,0.69259,1.1711,0,1.1767,0.11598,0.5103,0.40949,0.42065,0.62092,-0.10283,0.18139,-0.09117,0.26259,-0.26178,0.62334,0.52377,0.20056,0.17178,-0.61277,-0.61165,0.43001,-0.08602,-0.010082,0.023856,0.056044,-0.15175,-0.098922,0.45785,0.24485,-0.72234,-0.49005,0.062092,-0.26255,0.34334,0.43448,-0.21353,-0.28493,-0.50265,-0.48491,0.24971,0.24954,0.17717,-0.028059,-0.44233,-0.61062,-0.48182,-0.42281,-0.29604,-0.48357,-0.064243,0.04553,-0.015558,0.027085,0.045662,0.39495,0.13691,0.17876,0.13337,0.20284,-0.71914,-0.68051,-0.55969,-0.54837,0.52573,0.39929,0.2207,0.15411,0.20829,0.39769,-0.0065978,0.2799,0.33269,0.22934,-0.18062,0.0393,0.51118,0.52108
0.37122,0.50074,-0.043481,0.056801,0.25412,0.38743,0.69946,0.44261,0.18729,0.4601,0.43124,0.21352,-0.075139,0.089306,-0.37561,-0.41129,-0.30607,0.10748,-0.079157,-0.043492,-0.39712,-0.26053,-0.13555,-0.29645,0.17052,0.23467,-0.59777,-0.18287,0.40792,0.80442,1.1767,0,-0.012173,0.53159,0.43089,0.50545,0.49014,-0.07212,0.15721,-0.17753,0.17431,-0.25633,0.55159,0.621,0.30043,0.33152,-0.66899,-0.69273,0.29461,-0.037302,0.083381,0.11849,-0.079141,-0.26566,-0.17898,0.12287,0.19903,-0.81867,-0.53009,0.27767,-0.13496,0.4058,0.54964,-0.10377,-0.084704,-0.45364,-0.42037,0.44475,0.44473,0.43641,0.21997,-0.22057,-0.38803,-0.30107,-0.23606,-0.17243,-0.31466,-0.2688,-0.11358,0.026981,-0.068927,-0.053996,0.23044,-0.13535,-0.073342,-0.068652,-0.024283,-0.76665,-0.65104,-0.48603,-0.39517,0.14434,0.17808,0.24144,0.089419,-0.035307,0.22695,-0.084971,0.32736,0.1866,0.2833,-0.1096,0.15421,0.34695,0.42498
-0.1976,-0.011077,0.34307,0.041123,0.52882,0.073485,0.033222,-0.22244,-0.1955,-0.33809,-0.054227,-0.090701,1.2041,0.93489,0.35304,0.33476,0.42513,0.82166,0.31484,0.44567,0.045126,0.41202,0.035601,0.25878,-0.03617,0.16577,0.26412,0.49042,0.31877,0.10883,0.11598,-0.012173,0,0.91798,0.88641,0.46742,0.82361,-0.079627,0.25325,0.20351,0.055244,0.023578,0.17232,-0.10076,0.15261,0.018925,0.048068,0.17232,-0.44278,0.99396,0.67431,-0.47065,-0.20792,-0.42081,-0.0043631,0.037887,0.17632,0.021501,0.17085,0.067849,-0.057467,-0.58482,-0.28432,-0.68273,-0.65661,0.030786,0.14241,-0.29681,-0.01833,-0.50803,-0.17777,-0.46698,-0.21778,-0.19059,-0.25103,0.036623,-0.26236,0.61875,0.51168,0.80415,0.57048,0.30171,0.33283,0.41574,0.43447,0.45919,0.4265,-0.056568,-0.19155,0.15688,-0.16347,0.6086,0.1096,0.12472,-0.022174,-0.036086,-0.21463,0.1325,0.028324,-0.45248,-0.54879,-0.51128,-0.66101,0.23654,0.19903
-0.10115,0.47491,0.17432,0.0023233,0.42868,0.55965,0.21779,0.19151,-0.038478,-0.039039,0.065719,0.098484,0.59186,0.95743,0.011413,-0.0062604,0.12608,0.61768,0.18297,0.16806,0.012948,0.095259,0.0058445,0.042734,-0.013346,0.30358,-0.18406,0.18031,0.5157,0.48869,0.5103,0.53159,0.91798,0,0.74833,0.98788,0.61214,-0.0087443,0.1459,0.028724,0.046622,-0.053217,0.46608,0.40426,0.081056,-0.01208,-0.13824,-0.073427,-0.1681,0.88638,0.94759,-0.27814,-0.39735,-0.36537,-0.1779,0.08281,0.36832,-0.27341,-0.020811,0.025884,-0.17148,-0.23558,-0.1395,-0.52533,-0.46666,-0.067592,0.015795,-0.082126,0.088195,-0.077102,-0.12402,-0.49139,-0.41745,-0.17719,-0.25314,-0.12653,-0.27274,0.26799,0.41879,0.47755,0.49671,0.1139,0.35711,0.24193,0.21605,0.27837,0.25859,-0.27815,-0.31743,-0.067182,-0.36036,0.42773,0.34306,0.15642,0.19688,-0.097786,0.04756,0.083686,0.21942,-0.25829,-0.24761,-0.39532,-0.28404,0.40607,0.41115
0.16194,0.12899,0.19459,0.040007,0.35477,-0.086198,0.4995,-0.036049,-0.13789,-0.18812,0.23911,-0.10846,0.68059,0.43215,0.082634,0.14394,0.096106,0.62568,0.070571,0.27165,-0.27144,0.18699,-0.20904,-0.04748,0.015733,0.060402,0.0052034,0.32017,0.29849,0.33915,0.40949,0.43089,0.88641,0.74833,0,0.63472,1.4476,-0.10115,0.33239,-0.027823,0.20071,-0.27904,0.47793,0.098619,0.34484,0.32076,-0.21465,-0.085978,-0.23531,0.38148,0.2938,-0.14565,-0.062372,-0.43949,0.1345,0.13934,0.19428,-0.23929,-0.016964,0.22848,-0.10081,-0.29584,0.04157,-0.4027,-0.51722,-0.15399,-0.029166,0.0050305,0.27166,-0.18,0.058105,-0.2236,-0.055126,-0.13842,-0.094251,-0.07578,-0.44191,0.2846,0.12802,0.79088,0.29302,0.24005,0.36292,0.17652,0.21594,0.29835,0.21056,-0.35357,-0.42142,-0.037864,-0.25877,0.54286,0.067333,0.38501,-0.098769,-0.18542,-0.2711,-0.035092,0.36232,-0.38143,-0.34157,-0.48616,-0.55111,0.43487,0.38886
0.12449,0.616,0.32711,0.27301,0.31971,0.6859,0.47657,0.67559,-0.015121,0.02373,0.11986,0.23769,0.18313,0.55512,-0.032726,-0.05764,0.20696,0.55327,0.21132,0.15143,0.039199,0.051201,0.1134,0.090861,-0.025309,0.3363,-0.20554,0.10572,0.62562,0.67676,0.42065,0.50545,0.46742,0.98788,0.63472,0,0.40264,0.30972,0.17451,0.16147,0.21758,-0.007962,0.41963,0.63963,-0.18595,-0.15615,-0.07206,-0.014473,0.14619,0.65065,0.77447,0.20851,0.0054997,0.083829,-0.008314,0.4696,0.85557,-0.1875,0.13598,0.10205,0.10062,-0.16795,-0.1157,-0.47983,-0.38885,0.0036684,0.022832,-0.014605,0.2407,0.0035564,-0.097282,-0.35175,-0.31904,-0.080175,-0.094887,-0.03843,0.050541,0.14937,0.31171,0.33325,0.5162,0.37436,0.56673,0.17021,0.14885,0.3522,0.19206,-0.23346,-0.13,-0.27674,-0.52779,0.48233,0.68935,0.51322,0.48016,0.17962,0.39092,0.30063,0.72835,-0.26386,-0.37275,-0.33328,-0.14547,0.7257,0.78221
0.24182,0.020418,0.32165,0.14771,0.37003,-0.19585,0.59666,-0.06218,-0.086224,-0.019841,0.34052,-0.1115,0.82775,0.48305,-0.014639,-0.014035,0.23343,0.77272,0.28485,0.47068,-0.35686,0.22901,-0.019255,0.042601,0.22919,0.22777,-0.039087,0.2192,0.33268,0.46433,0.62092,0.49014,0.82361,0.61214,1.4476,0.40264,0,-0.037352,0.501,0.054617,0.27836,-0.26734,0.32511,-0.0075898,0.3896,0.37404,-0.31542,-0.20903,-0.096981,0.26172,0.1061,-0.26596,0.028353,-0.46962,0.12624,0.12181,0.063457,-0.29882,-0.12731,0.24331,-0.24591,-0.27206,0.13001,-0.44831,-0.61231,-0.25895,-0.16881,-0.037242,0.20359,-0.28523,-0.0072994,-0.39886,-0.18659,-0.33016,-0.24457,0.0070321,-0.43037,0.41605,0.25118,0.77585,0.32119,0.35848,0.42035,0.36515,0.44266,0.44716,0.40194,-0.41871,-0.52025,-0.15438,-0.2499,0.6178,0.0045953,0.25991,-0.20443,-0.010839,-0.16295,-0.010558,0.26577,-0.29289,-0.2665,-0.5174,-0.49084,0.37138,0.35471
0.39798,0.2469,0.70388,0.7329,0.17151,0.283,0.47996,0.69548,0.1472,0.44858,0.11905,0.18979,-0.030711,0.10808,-0.19332,-0.30849,0.39898,0.2698,0.39123,0.27524,-0.11684,0.042657,0.28037,0.093858,0.54291,0.73005,-0.011936,-0.16347,-0.093895,0.22516,-0.10283,-0.07212,-0.079627,-0.0087443,-0.10115,0.30972,-0.037352,0,0.68725,0.65539,0.49281,0.38114,-0.38875,0.11626,-0.10616,0.073041,0.31493,0.28234,0.37023,0.27257,0.09451,0.25658,0.31865,0.68688,0.52289,0.10995,0.34144,0.35104,0.441,0.26337,0.11721,-0.13938,0.01692,0.046932,0.26074,0.35357,0.17507,-0.33797,-0.19937,-0.082291,0.049273,-0.015428,0.088306,0.22744,0.30402,0.66253,1.1022,0.5451,0.68979,0.36072,0.77248,0.59486,0.40724,0.35182,0.3091,0.65531,0.36116,0.36121,0.55791,0.1036,0.23197,0.03616,0.03116,0.2592,0.20504,0.71084,0.4766,0.1374,0.19011,-0.20936,-0.16318,-0.19995,0.32284,0.0087802,0.15931
0.49851,0.10051,0.53727,0.39714,0.56723,-0.008645,0.61471,0.31172,0.45448,0.59823,0.62366,0.13733,0.38037,0.23922,0.17626,0.055668,0.4236,0.49656,0.42495,0.7748,-0.13687,0.46345,0.26123,0.21006,1.2275,1.0391,0.36634,0.34731,-0.22783,0.1422,0.18139,0.15721,0.25325,0.1459,0.33239,0.17451,0.501,0.68725,0,0.93627,0.95559,0.45877,-0.21973,-0.014631,0.56015,0.62412,-0.068791,-0.063891,0.093182,0.25642,-0.07264,-0.069606,0.10864,0.093257,0.75369,-0.048247,0.17098,0.034963,0.23927,0.60928,0.18864,-0.23783,0.32792,-0.10989,0.11707,-0.030117,-0.15775,0.011925,0.17317,-0.10954,0.33337,-0.050814,-0.032448,-0.24318,-0.10949,0.64779,0.3211,0.59312,0.32379,0.69321,0.51194,0.34079,0.31883,0.2702,0.30326,0.59475,0.49992,0.054108,0.11522,0.20751,0.2263,0.14345,-0.31805,0.25005,-0.12108,0.33603,-0.0094756,-0.36309,-0.037815,-0.22732,-0.094992,-0.18759,0.088852,-0.094576,0.11986
0.19428,0.1639,0.5178,0.35455,0.56385,0.16029,0.26239,0.43545,0.5597,0.39227,0.40858,0.43437,0.31039,0.33005,0.53012,0.24873,0.57693,0.3065,0.41453,0.77309,0.36554,0.70709,0.55409,0.69434,0.7678,0.83851,0.81227,0.598,-0.19652,0.0082267,-0.09117,-0.17753,0.20351,0.028724,-0.027823,0.16147,0.054617,0.65539,0.93627,0,1.041,1.2509,-0.32822,0.046209,0.22044,0.17203,0.34821,0.33909,-0.0080542,0.35739,0.084105,-0.074388,0.22191,0.48215,0.61988,0.17151,0.47925,0.40772,0.63687,0.46861,0.52213,-0.38878,0.051727,-0.13743,0.11478,0.32957,0.19509,-0.097639,0.13663,-0.10999,0.26601,-0.028449,-0.029634,-0.074012,-0.071789,0.67321,0.63825,0.54669,0.28669,0.2709,0.36407,0.24199,0.10471,0.16819,0.108,0.38246,0.32755,0.45999,0.50492,0.40647,0.19335,0.21644,-0.032717,0.23236,0.1681,0.51778,0.21251,-0.18179,-0.14382,-0.20498,-0.20633,0.076501,0.16644,-0.26791,-0.042811
0.61333,0.40527,0.24879,0.18215,0.48628,0.0012583,0.71984,0.55561,0.74176,0.44844,0.84093,0.33086,0.26343,0.30146,0.20967,-0.049849,0.2411,0.26282,0.20926,0.58354,0.11701,0.46855,0.4954,0.45733,0.98235,0.69208,0.54613,0.42554,-0.087635,0.29765,0.26259,0.17431,0.055244,0.046622,0.20071,0.21758,0.27836,0.49281,0.95559,1.041,0,0.68817,-0.053826,0.21803,0.4175,0.46486,0.20056,0.17489,0.25394,0.098669,-0.088779,0.026244,0.2903,0.39509,0.59323,0.32466,0.46974,0.19516,0.45992,0.5405,0.17914,-0.2095,0.28432,0.037164,0.17794,0.24393,0.12938,0.030923,0.16439,0.10112,0.40238,0.11171,0.082129,0.017046,0.096358,0.50218,0.30169,0.2856,0.049135,0.16107,0.19932,0.063415,0.13093,-0.0090877,-0.064537,0.27784,0.18728,0.22522,0.26819,0.34188,0.1729,0.43044,-0.035673,0.42234,0.071009,0.31935,0.1206,-0.27221,0.018174,-0.040425,-0.02286,0.082179,0.1583,-0.18357,-0.017166
0.1,0.2408,0.21239,0.10023,0.41274,0.22917,0.011651,0.25226,0.4275,0.24359,0.11099,0.41515,0.16266,0.19901,0.52954,0.32329,0.29911,0.0079729,0.10558,0.42843,0.39987,0.4488,0.331,0.77953,0.377,0.5079,0.75555,0.49615,-0.26833,-0.19335,-0.26178,-0.25633,0.023578,-0.053217,-0.27904,-0.007962,-0.26734,0.38114,0.45877,1.2509,0.68817,0,-0.25514,0.14032,0.18505,0.10352,0.50429,0.41345,-0.19488,0.29259,0.059413,-0.18123,0.18221,0.55991,0.49417,0.064673,0.38104,0.55025,0.67544,0.31008,0.51,-0.40507,-0.099129,-0.012581,0.2289,0.41414,0.27005,-0.20608,0.00043352,-0.086792,0.14779,0.026238,-0.041081,0.076661,-0.01852,0.67535,0.5397,0.36128,0.13917,0.055374,0.13481,-0.10273,-0.27054,-0.046424,-0.15513,0.060611,0.032429,0.68847,0.7435,0.59571,0.41659,-0.053253,-0.15404,-0.03925,-0.00047139,0.32605,0.14054,-0.19707,-0.2804,-0.16245,-0.1857,0.21015,0.1747,-0.65228,-0.40877
0.1475,0.74772,-0.29476,-0.27022,0.083783,0.26988,0.26415,0.10696,-0.066686,-0.29739,0.17156,0.097491,0.18949,0.27965,-0.17035,0.062551,-0.38906,0.027825,-0.26568,-0.15052,-0.089231,-0.048066,-0.24851,-0.047528,-0.30194,-0.18542,-0.30934,0.034616,0.48249,0.46085,0.62334,0.55159,0.17232,0.46608,0.47793,0.41963,0.32511,-0.38875,-0.21973,-0.32822,-0.053826,-0.25514,0,0.88965,0.21158,0.015481,-0.18249,-0.16077,0.17062,0.027721,0.26669,0.10509,-0.14853,-0.098684,-0.28739,0.41466,0.43421,-0.22927,-0.086794,-0.23563,-0.10878,0.30545,0.09771,0.094076,-0.099071,-0.14351,-0.11382,0.088404,0.20711,0.15475,-0.10872,-0.067286,-0.31924,-0.057402,-0.18019,-0.66029,-0.66958,-0.20984,-0.18322,0.029171,-0.08122,-0.22549,0.028499,-0.12793,-0.19619,-0.13815,-0.25645,-0.27715,-0.28701,-0.14582,-0.34164,0.3689,0.34006,0.0095267,0.059309,-0.13219,0.11579,-0.13612,0.15369,0.16008,0.012942,-0.19763,-0.20458,0.33347,0.21833
0.44317,1.4009,-0.080144,-0.034111,0.20275,0.81594,0.47861,0.64855,0.1959,0.078102,0.22879,0.20396,-0.15848,0.18214,-0.20607,-0.13799,-0.23049,-0.025703,-0.13059,-0.11924,0.045721,-0.029884,0.0069536,0.091322,-0.034012,0.2072,-0.32106,-0.015028,0.4974,0.69151,0.52377,0.621,-0.10076,0.40426,0.098619,0.63963,-0.0075898,0.11626,-0.014631,0.046209,0.21803,0.14032,0.88965,0,-0.030892,-0.099391,-0.033701,-0.078988,0.49919,0.14713,0.37918,0.28458,0.067132,0.35939,-0.12245,0.51863,0.89427,-0.1584,0.081395,-0.0052715,0.080463,0.29095,0.14382,0.045458,0.14813,0.066904,-0.021216,0.14947,0.24679,0.29003,0.021503,-0.12311,-0.45514,-0.0003128,-0.084881,-0.22762,-0.068593,-0.15554,-0.012635,-0.13282,0.1134,-0.16677,0.074323,-0.16104,-0.25896,-0.058967,-0.17048,-0.11271,0.027029,-0.16661,-0.23874,0.23612,0.43324,0.15333,0.25259,0.16731,0.46835,0.015097,0.2401,0.13377,0.044594,-0.089233,0.20615,0.22389,0.27927
0.29048,0.080363,-0.16518,-0.18501,0.6389,-0.15008,0.31339,-0.065043,0.38588,0.3741,0.57875,0.32851,0.32362,0.058545,0.21021,0.057721,-0.30673,-0.10104,-0.31241,0.15014,-0.33108,0.074301,-0.34013,-0.20369,0.43285,0.15108,0.24924,0.17539,-0.5337,-0.1308,0.20056,0.30043,0.15261,0.081056,0.34484,-0.18595,0.3896,-0.10616,0.56015,0.22044,0.4175,0.18505,0.21158,-0.030892,0,1.3517,-0.090432,-0.12924,-0.22601,-0.032814,-0.19987,-0.12945,-0.20742,-0.36556,0.22819,-0.39608,-0.1734,-0.022357,0.017751,0.5913,0.1344,0.16692,0.64016,0.4014,0.39765,-0.046768,-0.060007,0.1705,0.1412,0.32722,0.596,0.43652,0.27939,0.040547,0.085719,0.1832,-0.19592,-0.021568,-0.2588,0.31803,-0.11985,-0.27378,-0.11523,-0.35638,-0.28413,-0.14715,-0.18079,0.023782,-0.028319,0.50672,0.45424,-0.051116,-0.6542,-0.040058,-0.31856,-0.20718,-0.369,-0.71014,-0.47346,0.13838,0.36078,0.14169,0.13214,-0.47129,-0.38277
