,,,,,,,,,,,,,,,,,,,,,,,,,,,,,,,,,,,,,,,,,,,,,,,,,,,,,,,,,,,,,,,,,,,,,,,,,,,,,,,,,,,,,,,,,,,,,,,,,,,,,,,,
0,0.8705,-0.37321,-0.33506,0.36895,0.11003,0.61454,0.285,0.34292,0.016562,0.30101,0.11654,0.007712,0.042191,-0.1013,0.069863,-0.1692,-0.12305,-0.34416,0.11004,-0.081047,0.15249,0.076573,0.33835,0.36838,0.061286,0.3967,0.14556,-0.10842,0.12437,-0.21302,-0.26487,-0.29248,-0.39668,-0.13007,-0.14929,-0.22898,0.14311,0.32639,0.51484,0.70413,0.58129,0.17016,0.51742,0.32092,0.47691,0.15981,-0.007241,0.4384,-0.0060209,-0.12718,0.1207,0.69967,0.60785,0.42459,0.31665,0.39453,0.31338,0.41235,0.10783,0.083076,-0.094452,0.12052,0.28604,0.46437,0.10938,-0.039223,-0.30718,-0.25916,-0.072117,0.051852,0.28347,0.082533,0.17526,0.29307,0.13478,-0.13951,-0.054003,-0.20026,-0.092914,-0.09013,-0.39866,-0.29663,-0.36144,-0.39262,-0.15771,-0.33297,0.24098,0.39602,0.34866,0.77387,-0.095719,-0.39194,-0.040824,-0.61258,0.17837,0.068378,-0.14463,0.016571,-0.080445,-0.15197,-0.23731,-0.02894,-0.40526,-0.59439
0.8705,0,-0.44254,-0.34158,0.29636,0.63921,0.60281,0.58755,0.14027,-0.026556,0.072461,0.2876,-0.049841,0.22273,-0.22736,0.31393,-0.3111,0.024395,-0.4012,0.07621,0.054101,0.11931,0.049643,0.54232,0.049493,0.090758,0.14193,0.12575,0.36901,0.57499,0.057908,-0.054282,-0.17822,-0.038541,-0.14994,0.20754,-0.29831,-0.02244,-0.028714,0.33132,0.48078,0.60359,0.45188,1.0927,0.022269,0.057243,-0.031622,-0.23652,0.34872,0.19675,0.17648,0.17109,0.51019,0.58631,0.18726,0.57437,0.62684,-0.053734,0.060576,-0.18375,0.41898,-0.036843,-0.018128,0.047921,0.15725,-0.046533,-0.18613,-0.2328,-0.095199,-0.027274,-0.14343,-0.033573,-0.25685,0.11244,0.088958,-0.16248,-0.34618,-0.064713,-0.06485,-0.13947,-0.060941,-0.46149,-0.25761,-0.28484,-0.43233,-0.24494,-0.44529,-0.075324,0.15056,0.032138,0.18171,-0.086183,0.069804,-0.037192,-0.30489,0.15063,0.22859,0.10595,0.38819,-0.058414,-0.26499,-0.23027,-0.076546,-0.066587,-0.22771
-0.37321,-0.44254,0,1.4397,-0.22985,-0.27345,-0.017249,-0.30426,-0.059364,0.12451,-0.050036,-0.52677,0.24046,0.017972,0.24887,-0.19531,0.50973,0.52152,0.64635,0.17861,-0.20734,-0.069693,0.026379,-0.35142,0.19126,0.55153,-0.33846,-0.16401,-0.061832,-0.14441,0.3609,0.34061,0.37575,0.46031,0.22927,0.12955,0.50671,0.66078,0.44499,-0.10227,-0.32809,-0.37259,-0.24061,-0.30647,-0.0037329,0.063317,0.16385,0.40011,-0.12414,0.064411,-0.051002,0.090826,-0.1304,-0.077202,0.15689,-0.35308,-0.2567,0.11458,0.028301,0.51933,-0.23886,0.080568,0.12966,-0.23102,-0.14204,0.21393,0.24851,-0.013053,0.11524,-0.18663,0.019515,-0.27101,-0.069676,-0.090475,-0.095374,0.66214,0.74517,1.0571,0.88991,0.55058,0.97684,1.0155,0.9559,0.84402,1.1954,1.0319,1.1329,0.28059,0.14558,0.043618,0.021619,0.47448,0.094449,0.45398,0.49279,0.51056,0.23814,0.087418,-0.4002,0.27995,0.31193,0.28461,0.56344,0.059074,0.45078
-0.33506,-0.34158,1.4397,0,-0.4473,-0.26938,-0.05731,-0.27524,-0.25857,0.048826,-0.18867,-0.46797,-0.050821,-0.19806,0.0070031,-0.39226,0.17203,0.24591,0.29111,-0.12288,-0.37457,-0.36382,-0.16024,-0.54934,0.0077526,0.31054,-0.64904,-0.45026,-0.060887,-0.11943,0.47936,0.51815,0.13007,0.32993,0.078654,0.040037,0.30781,0.62056,0.19905,-0.30761,-0.45111,-0.51242,-0.075187,-0.16932,-0.039915,0.092444,0.1034,0.31027,0.066535,-0.15154,-0.20541,0.48366,-0.13166,0.050499,0.019452,-0.34955,-0.38096,0.063312,-0.12828,0.33525,-0.34693,0.37968,0.23535,-0.027693,0.0077604,0.20693,0.23383,0.018456,0.091828,0.041267,-0.016911,-0.10894,-0.0030066,0.054332,0.041601,0.43931,0.73022,0.69308,0.81595,0.32844,0.67295,1.0772,1.1308,0.56373,0.94609,0.64271,0.65555,0.22458,0.12261,-0.090423,0.030644,0.28871,0.20545,0.42195,0.6478,0.60081,0.50485,0.071371,-0.27149,0.55894,0.59805,0.42181,0.83776,0.053781,0.38599
0.36895,0.29636,-0.22985,-0.4473,0,0.53385,0.62442,0.49535,0.38192,0.2959,0.32334,0.58339,0.76126,0.74302,0.52177,0.54944,0.20957,0.28987,-0.13772,0.49111,0.21408,0.59592,0.14641,0.58754,0.22835,0.35407,0.64767,0.60984,0.28296,0.40495,-0.06336,-0.1101,0.49043,0.14038,0.18805,0.22519,0.13704,-0.035112,0.35569,0.89803,0.7252,0.89827,-0.10346,0.16626,0.28054,0.15851,0.029562,-0.1705,-0.076529,0.86981,0.53035,-0.36204,0.093964,-0.0633,-0.061607,0.2333,0.53978,-0.014641,0.16373,0.35629,0.837,-0.31274,0.1836,-0.24976,-0.017671,0.037727,-0.048714,-0.060579,0.14774,-0.19152,0.309,-0.18359,-0.19146,-0.072826,-0.12684,0.078763,-0.18868,0.15635,0.052174,0.21934,0.061629,-0.29036,-0.33593,-0.32189,-0.34679,-0.066854,-0.20752,-0.1611,-0.090169,0.28043,0.092264,0.087582,-0.36708,0.094731,-0.31491,0.054424,-0.20275,0.10682,-0.08496,-0.37143,-0.53073,-0.15045,-0.37686,-0.3225,-0.35387
0.11003,0.63921,-0.27345,-0.26938,0.53385,0,0.31162,0.73834,-0.042415,0.22841,-0.2433,0.37867,-0.0065044,0.46338,-0.11557,0.34106,-0.078617,0.21313,-0.23867,0.051862,0.29994,0.19402,0.10937,0.46718,-0.1249,0.28306,-0.075511,0.061074,0.77693,0.94711,0.067135,0.079689,0.10175,0.25288,-0.35315,0.25289,-0.40234,-0.023055,-0.31027,0.23818,0.22513,0.56937,0.016369,0.68602,-0.37106,-0.45329,-0.13912,-0.38128,0.24346,0.78671,0.81653,-0.030925,-0.050278,0.17899,-0.37386,0.38755,0.47564,-0.3762,-0.28466,-0.26218,0.55827,0.033931,0.047895,-0.21955,0.0058075,-0.01267,-0.12844,-0.024171,0.10941,0.045248,-0.0056977,-0.40403,-0.45599,0.081399,-0.069665,-0.31489,-0.15531,0.062187,0.31797,-0.1119,0.1149,-0.31686,-0.25251,-0.1446,-0.24745,-0.18965,-0.29389,-0.42341,-0.16913,-0.27641,-0.25325,-0.19934,0.21221,-0.15017,-0.07639,0.06305,0.13097,0.59499,0.27297,-0.2068,-0.32533,-0.14841,-0.064495,0.026493,-0.048299
0.61454,0.60281,-0.017249,-0.05731,0.62442,0.31162,0,0.682,0.4404,0.41289,0.49059,0.31921,0.45579,0.24493,0.10736,0.36385,-0.038583,0.20297,-0.23596,0.36166,-0.0034332,0.42453,0.029792,0.4756,0.37823,0.51221,0.28437,0.34748,0.26176,0.68578,0.2219,0.13245,0.18608,0.079682,0.18822,0.065258,0.22611,0.3571,0.50912,0.68884,0.79473,0.71081,0.008036,0.3467,0.25731,0.28916,0.10811,-0.070298,0.086898,0.31779,0.021775,-0.058443,0.33739,0.32253,0.24525,0.26476,0.30337,0.023308,0.057294,0.39916,0.64983,-0.077239,0.36586,-0.03495,0.20281,0.18187,0.053293,-0.037258,0.22467,-0.075358,0.416,-0.1201,-0.11633,0.16702,0.099998,0.17241,0.030603,0.47574,0.27399,0.29967,0.17062,-0.20767,-0.16308,-0.15213,-0.25065,0.040296,-0.16398,-0.039285,0.072143,0.32756,0.23647,0.018782,-0.43083,0.4036,-0.25429,0.32049,-0.010331,-0.12286,-0.047418,-0.10529,-0.1195,0.089801,0.11224,-0.44552,-0.3481
0.285,0.58755,-0.30426,-0.27524,0.49535,0.73834,0.682,0,0.34139,0.48395,0.15445,0.86287,0.13179,0.48735,-0.073685,0.23519,0.1446,0.095502,-0.14201,0.29403,0.47057,0.31426,0.45523,0.77782,0.17222,0.37217,0.29508,0.14298,0.61118,0.84915,-0.025371,-0.21001,-0.059174,-0.12306,-0.36969,0.16209,-0.39057,0.23175,-0.062123,0.73973,0.75834,0.99389,-0.29272,0.28568,-0.27523,-0.32223,0.13718,-0.1825,0.31642,0.41227,0.25096,-0.072698,0.2748,0.48361,-0.13156,0.63771,0.58839,0.055481,0.049292,-0.1681,0.6027,-0.083437,0.095797,-0.021577,0.11143,0.12395,-0.052557,-0.13805,0.071623,-0.025914,0.044472,-0.17579,-0.1976,0.21385,0.051118,-0.11124,0.11107,0.053275,0.15641,-0.27719,-0.077656,-0.2929,-0.40539,-0.16889,-0.36767,-0.14723,-0.35024,-0.12048,0.028686,0.038081,-0.14128,-0.21842,0.016948,0.077287,0.026321,0.30262,0.27695,0.36924,0.41668,-0.13664,-0.41064,0.1296,-0.04988,-0.13753,-0.22795
0.34292,0.14027,-0.059364,-0.25857,0.38192,-0.042415,0.4404,0.34139,0,0.63979,1.3843,0.40712,0.39928,0.26932,0.53144,0.4654,0.38152,0.22881,0.35,1.0101,0.60217,0.81083,0.78008,0.42603,1.176,0.52006,0.78616,0.5638,-0.16513,0.029687,0.098876,-0.10788,-0.16538,-0.32127,-0.0355,-0.29548,-0.014009,-0.073008,0.49313,0.77261,0.98876,0.57245,-0.0163,0.036649,0.46548,0.28217,-0.026539,-0.0537,0.1384,-0.061919,-0.19634,-0.45666,0.19764,0.19254,0.47976,0.47052,0.51962,0.18362,0.41708,0.31523,0.2903,-0.020739,0.5255,0.29176,0.27028,-0.088434,-0.15454,0.29951,0.39126,0.15834,0.55835,0.20213,0.11982,-0.14268,-0.14619,0.10152,-0.056236,0.049715,-0.31049,-0.078207,-0.10634,-0.42843,-0.44099,0.051271,-0.095064,0.14762,0.24362,0.088445,0.043178,0.27417,0.050267,0.18482,-0.2234,-0.026942,-0.36317,0.042955,-0.22407,-0.34541,-0.31949,0.029089,-0.10741,0.16712,-0.041348,-0.096173,-0.072579
0.016562,-0.026556,0.12451,0.048826,0.2959,0.22841,0.41289,0.48395,0.63979,0,0.47135,0.4554,0.20187,0.14437,0.055872,-0.0077684,0.20722,0.10418,0.22419,0.47938,0.10249,0.14998,0.3046,0.11159,0.66644,0.76843,0.008674,-0.068866,0.0047588,0.19666,0.33992,0.27357,-0.099944,-0.021605,-0.20572,-0.26618,-0.018304,0.19059,0.34058,0.35472,0.35573,0.36417,-0.29828,-0.065829,0.31807,0.17482,-0.14224,-0.30885,0.013944,0.04717,-0.1738,-0.44159,-0.1995,-0.085441,0.042723,-0.03865,-0.037099,-0.091373,-0.12314,0.32584,0.1014,0.23881,0.70831,0.23855,0.3547,-0.11931,-0.25004,0.284,0.34428,0.26,0.4174,-0.057113,-0.099705,-0.052083,-0.19024,0.24953,0.22651,0.20021,0.15155,-0.00075965,0.051348,-0.22055,-0.25287,0.12751,0.074892,0.13906,0.22043,-0.095228,-0.11406,0.13768,0.033749,-0.39492,-0.48538,-0.2907,-0.33662,0.12084,-0.031221,-0.15491,-0.33895,0.14265,0.18196,0.35338,0.34411,-0.32655,-0.14607
0.30101,0.072461,-0.050036,-0.18867,0.32334,-0.2433,0.49059,0.15445,1.3843,0.47135,0,0.34738,0.57386,0.23835,0.48086,0.3913,0.19779,0.22062,0.22822,0.80147,0.31187,0.67682,0.4142,0.24394,1.0691,0.37049,0.65119,0.53904,-0.27514,0.011673,0.25997,0.0087466,-0.0097454,-0.17989,0.25497,-0.27245,0.30498,-0.12496,0.65458,0.55408,0.76376,0.29693,0.16021,-0.056281,0.73288,0.51852,-0.096923,-0.075584,0.046276,-0.16778,-0.30756,-0.27982,0.047993,-0.031168,0.42419,0.23575,0.22582,0.081164,0.26891,0.35584,0.25382,0.015943,0.53438,0.29651,0.18961,-0.1065,-0.13945,0.36334,0.3932,0.2045,0.62015,0.307,0.20489,-0.15739,-0.11732,0.0076854,-0.21723,0.069021,-0.32805,0.10486,-0.12815,-0.25032,-0.20359,0.020719,-0.067087,0.11726,0.16358,0.012966,-0.076976,0.3365,0.042717,0.28092,-0.26719,0.057795,-0.30963,-0.058395,-0.31369,-0.65489,-0.3533,0.06797,0.077871,0.17179,-0.034492,-0.067221,-0.028117
0.11654,0.2876,-0.52677,-0.46797,0.58339,0.37867,0.31921,0.86287,0.40712,0.4554,0.34738,0,0.2174,0.4011,0.14357,0.20225,-0.050514,-0.14876,-0.23337,0.26754,0.36045,0.20188,0.29717,0.48746,0.06672,-0.00084639,0.38497,0.11614,0.19757,0.34031,0.051089,-0.12809,-0.10841,-0.23566,-0.20338,-1.099e-05,-0.2575,-0.26287,-0.16987,0.51385,0.53708,0.63376,0.034167,0.097774,0.17594,-0.0013478,-0.011425,-0.2604,0.053674,0.10124,0.061062,-0.16495,0.18625,0.11684,-0.17359,0.45522,0.41888,0.061309,0.049992,-0.028736,0.61804,0.076691,0.25298,0.20837,0.056534,-0.088783,-0.14053,0.0062752,0.11901,0.24453,0.15037,0.12505,0.019573,0.088614,-0.030624,-0.27656,-0.20191,-0.3986,-0.33557,-0.39824,-0.47741,-0.42059,-0.53986,-0.43734,-0.5407,-0.43275,-0.51796,-0.13599,-0.11353,0.049588,-0.15465,-0.1738,-0.00055222,-0.16911,-0.014838,0.080895,0.20162,0.13946,0.14479,0.11701,-0.17221,0.24564,-0.12462,-0.096498,-0.30243
0.007712,-0.049841,0.24046,-0.050821,0.76126,-0.0065044,0.45579,0.13179,0.39928,0.20187,0.57386,0.2174,0,0.96635,0.68223,0.46003,0.59853,0.85023,0.36282,0.91113,0.14608,0.6889,0.2631,0.49819,0.45166,0.54885,0.60626,0.76765,0.20558,0.26184,0.29875,-0.045605,1.0373,0.46167,0.68898,0.39294,0.86622,0.059142,0.86346,0.7396,0.46385,0.3823,-0.15869,-0.25779,0.33837,0.20552,-0.0055971,-0.028848,-0.38756,0.53993,0.20185,-0.49492,-0.018787,-0.33244,0.16673,0.040885,0.19725,-0.069872,0.11158,0.45589,0.44715,-0.56435,-0.0029301,-0.60197,-0.49631,-0.058313,-0.068163,-0.033556,0.14514,-0.50181,0.1068,-0.41556,-0.29988,-0.4442,-0.42444,0.25979,-0.18705,0.57826,0.21984,0.53509,0.26207,0.1693,0.1479,0.21662,0.20324,0.34046,0.30281,-0.10547,-0.19989,0.30771,-0.11631,0.54059,-0.2011,0.34998,0.0022492,0.12758,-0.19868,-0.16374,-0.13408,-0.29204,-0.35417,-0.092956,-0.3622,-0.0659,0.077944
0.042191,0.22273,0.017972,-0.19806,0.74302,0.46338,0.24493,0.48735,0.26932,0.14437,0.23835,0.4011,0.96635,0,0.4146,0.3652,0.67529,0.93017,0.31725,0.71191,0.43932,0.5558,0.54384,0.77525,0.31865,0.5338,0.51509,0.50613,0.5031,0.52691,0.12345,-0.24492,0.70466,0.44569,0.17528,0.62661,0.2209,0.066467,0.36532,0.78547,0.51237,0.60181,-0.26093,-0.0048418,-0.095853,-0.17683,0.034329,-0.11124,-0.052772,0.87674,0.59792,-0.29802,0.017137,-0.091343,-0.069403,0.3014,0.47973,-0.081908,0.13138,-0.0050686,0.38466,-0.63481,-0.25467,-0.65311,-0.5599,-0.025213,-0.10964,-0.24185,-0.076876,-0.49027,-0.21946,-0.49416,-0.40822,-0.32614,-0.32422,0.068364,-0.18463,0.34779,0.2635,0.1569,0.24821,0.11921,0.093411,0.16088,0.10814,0.22496,0.11618,-0.14717,-0.11784,0.058664,-0.24607,0.41648,0.20241,0.14392,0.12919,0.13774,0.052856,0.28927,0.28594,-0.40862,-0.62344,-0.18567,-0.4419,0.12172,0.11818
-0.1013,-0.22736,0.24887,0.0070031,0.52177,-0.11557,0.10736,-0.073685,0.53144,0.055872,0.48086,0.14357,0.68223,0.4146,0,0.50806,0.51064,0.38992,0.22163,0.54927,0.46975,0.58916,0.27326,0.20067,0.23692,0.27141,0.60367,0.71766,-0.031449,-0.12342,0.12206,0.11999,0.48272,0.23622,0.44115,0.22536,0.39978,-0.18293,0.34725,0.46,0.37312,0.27778,0.00051384,-0.092166,0.30225,0.1605,0.16378,0.26098,-0.30127,0.29321,0.20331,-0.26849,-0.044644,-0.2034,0.077524,0.11204,0.45927,0.16162,0.41765,0.67743,0.41044,-0.30312,0.18773,-0.22723,-0.2561,0.16841,0.23746,0.31607,0.52799,-0.019834,0.45915,-0.017721,0.06321,-0.1573,-0.19336,0.26848,0.0044649,0.2234,-0.064416,0.19332,0.10289,0.010096,0.022654,-0.071461,0.01296,0.15324,0.26127,0.11759,-0.02891,0.29145,-0.10735,0.59205,0.0050638,0.36845,0.054761,-0.034972,-0.26328,-0.022402,-0.23169,-0.15729,-0.22062,0.35541,-0.15373,-0.1019,0.056974
0.069863,0.31393,-0.19531,-0.39226,0.54944,0.34106,0.36385,0.23519,0.4654,-0.0077684,0.3913,0.20225,0.46003,0.3652,0.50806,0,0.18795,0.44073,0.13074,0.65008,0.54866,1.0984,0.30615,0.58066,0.19951,0.28859,0.61812,1.2493,0.40282,0.31931,0.15329,0.050915,0.24425,0.061013,0.2748,0.22191,0.11204,-0.31602,0.17118,0.51168,0.54199,0.50074,0.32185,0.3433,0.075696,-0.11483,-0.45478,-0.41843,-0.02413,0.44346,0.39172,-0.34425,0.014787,0.062949,0.19108,0.66215,0.78116,-0.38123,-0.033182,-0.010192,0.97353,-0.13783,0.11994,-0.31754,-0.19776,-0.449,-0.43103,0.31786,0.58935,-0.19835,0.25871,-0.33256,-0.40329,-0.49528,-0.55782,-0.33378,-0.48599,0.076373,-0.14003,0.24519,-0.015227,-0.38864,-0.40564,0.039795,-0.14089,0.071593,0.075379,-0.54956,-0.43641,-0.21147,-0.47526,0.24516,0.059855,0.26425,-0.10166,0.0067933,-0.25884,-0.19788,0.060374,-0.2067,-0.63105,-0.2985,-0.63605,0.31417,0.30817
-0.1692,-0.3111,0.50973,0.17203,0.20957,-0.078617,-0.038583,0.1446,0.38152,0.20722,0.19779,-0.050514,0.59853,0.67529,0.51064,0.18795,0,0.75151,1.1411,0.8107,0.55997,0.57655,0.91169,0.40811,0.50281,0.74995,0.44841,0.41095,0.229,0.026868,-0.0063234,-0.28285,0.39061,0.13256,0.0069643,0.23568,0.18978,0.36388,0.4955,0.63356,0.29998,0.29989,-0.68326,-0.36806,-0.25315,-0.31092,0.1172,0.12689,0.030003,0.39878,0.20916,-0.4399,0.010257,0.0076802,0.079993,0.15802,0.29547,0.17252,0.31165,0.092372,-0.029833,-0.50034,-0.21208,-0.51377,-0.41989,0.0051465,-0.068363,-0.11003,0.060044,-0.67987,-0.20486,-0.50863,-0.31837,-0.4716,-0.46364,0.40316,0.35767,0.567,0.36513,0.17266,0.43364,0.39127,0.14229,0.70757,0.60482,0.75705,0.78238,0.10668,0.0071914,0.0032509,-0.22767,0.38846,0.069217,0.19055,0.21579,0.34817,0.079958,0.17672,-0.0065575,-0.2531,-0.51762,-0.0092303,-0.22359,0.13327,0.32393
-0.12305,0.024395,0.52152,0.24591,0.28987,0.21313,0.20297,0.095502,0.22881,0.10418,0.22062,-0.14876,0.85023,0.93017,0.38992,0.44073,0.75151,0,0.65894,0.81043,0.26086,0.5931,0.46428,0.3951,0.48619,0.81064,0.24762,0.51092,0.3514,0.33817,0.37027,0.018381,0.72237,0.60197,0.3521,0.53351,0.4472,0.26766,0.62037,0.45728,0.25749,0.20304,-0.1922,-0.090306,-0.077723,-0.087238,-0.14567,-0.066943,-0.1042,0.62744,0.39009,-0.24557,-0.073987,-0.072447,0.27697,0.17986,0.24011,-0.23501,0.0075032,0.14322,0.16941,-0.42773,-0.12629,-0.74588,-0.54029,-0.15662,-0.16529,-0.097493,0.052765,-0.53678,-0.13155,-0.65961,-0.46515,-0.52773,-0.44878,0.19878,-0.041982,0.85337,0.57548,0.52462,0.66063,0.38175,0.42201,0.68645,0.66888,0.71061,0.72507,-0.18685,-0.16635,-0.10302,-0.27151,0.61647,0.24534,0.40896,0.27438,0.30761,0.037816,0.081654,0.029596,-0.18223,-0.32805,-0.23224,-0.20455,0.34014,0.54304
-0.34416,-0.4012,0.64635,0.29111,-0.13772,-0.23867,-0.23596,-0.14201,0.35,0.22419,0.22822,-0.23337,0.36282,0.31725,0.22163,0.13074,1.1411,0.65894,0,0.73699,0.32448,0.40696,0.73763,0.10171,0.56664,0.63492,0.16942,0.19189,-0.011741,-0.17624,0.10643,-0.16771,0.16906,0.0885,0.0021816,0.023261,0.21965,0.27491,0.43988,0.20103,-0.024619,-0.096792,-0.35118,-0.41402,-0.11047,-0.21139,-0.12811,0.025883,-0.0068205,0.074878,0.017271,-0.46265,-0.095228,-0.087264,0.27632,0.040391,0.037235,0.032687,0.13555,0.001005,-0.20867,-0.18232,-0.13715,-0.27665,-0.32162,-0.26135,-0.27107,-0.032064,0.039894,-0.48031,-0.23412,-0.38974,-0.25393,-0.61709,-0.55084,0.27525,0.27205,0.47225,0.26252,0.27554,0.49783,0.42749,0.21232,1.3756,0.98911,1.0655,1.3665,0.055321,-0.052683,-0.17207,-0.27786,0.3798,0.1416,0.0045748,0.19833,0.26634,0.037446,-0.038174,-0.22465,0.031362,-0.20199,-0.13091,-0.084454,0.42972,0.65657
0.11004,0.07621,0.17861,-0.12288,0.49111,0.051862,0.36166,0.29403,1.0101,0.47938,0.80147,0.26754,0.91113,0.71191,0.54927,0.65008,0.8107,0.81043,0.73699,0,0.52024,1.0485,0.95252,0.74099,0.97465,0.80327,0.8189,0.83931,0.19854,0.18674,0.28135,-0.17967,0.29295,-0.0037248,0.14535,0.042802,0.2463,0.0084307,0.70801,1.0027,0.76114,0.60781,-0.16229,-0.12153,0.25803,0.053698,-0.15202,-0.16789,-0.058512,0.25343,-0.018354,-0.72863,0.1783,0.062333,0.47592,0.50816,0.53975,-0.019403,0.22295,0.22795,0.37789,-0.30292,0.19068,-0.27558,-0.17976,-0.30417,-0.37348,0.074353,0.232,-0.37487,0.10692,-0.36413,-0.38456,-0.62341,-0.6313,0.18847,-0.13094,0.39409,0.025412,0.14867,0.12917,-0.12616,-0.17889,0.43471,0.26799,0.4347,0.56354,-0.08698,-0.13632,0.12487,-0.19051,0.41703,-0.095707,0.092376,-0.1244,0.28486,-0.066669,-0.1998,-0.21593,-0.037353,-0.4005,-0.12686,-0.3233,0.085177,0.18691
-0.081047,0.054101,-0.20734,-0.37457,0.21408,0.29994,-0.0034332,0.47057,0.60217,0.10249,0.31187,0.36045,0.14608,0.43932,0.46975,0.54866,0.55997,0.26086,0.32448,0.52024,0,0.87238,1.0484,0.6704,0.2546,0.22484,0.58577,0.56476,0.36943,0.3207,-0.08363,-0.28299,-0.08899,-0.20448,-0.33667,-0.014617,-0.35953,-0.22411,-0.19651,0.53601,0.56043,0.54675,-0.18118,0.13999,-0.42581,-0.62963,0.010655,-0.048011,0.28036,0.21315,0.30992,-0.2927,0.084828,0.26182,-0.11538,0.79584,0.78311,0.016881,0.22467,-0.28553,0.34168,-0.19714,-0.041933,-0.11382,-0.20618,0.0094406,-0.021709,0.25455,0.37476,-0.019523,0.12639,-0.16672,-0.1278,-0.15451,-0.23341,-0.35805,-0.088591,-0.090186,-0.15967,-0.4093,-0.18301,-0.30363,-0.4655,0.082132,-0.11807,-0.043383,0.045267,-0.15712,-0.14109,-0.23967,-0.56138,0.20349,0.42722,-0.0013403,0.10402,-0.00081316,-0.024418,0.29407,0.18881,-0.22257,-0.49259,0.1419,-0.29416,0.26253,0.17823
0.15249,0.11931,-0.069693,-0.36382,0.59592,0.19402,0.42453,0.31426,0.81083,0.14998,0.67682,0.20188,0.6889,0.5558,0.58916,1.0984,0.57655,0.5931,0.40696,1.0485,0.87238,0,0.75789,0.79418,0.59286,0.50065,0.9266,1.2632,0.29604,0.3686,0.056875,-0.23017,0.23915,-0.098889,0.087066,-0.032266,0.10263,-0.079312,0.38025,0.90202,0.8547,0.65983,-0.064468,0.093318,0.00047406,-0.174,-0.14648,-0.15765,0.13648,0.40176,0.26273,-0.50208,0.13102,0.15569,0.23029,0.687,0.71818,-0.080981,0.20747,0.020109,0.61822,-0.28967,0.10857,-0.26588,-0.16083,-0.15752,-0.20451,0.18512,0.39213,-0.31173,0.29933,-0.31143,-0.27146,-0.41944,-0.42792,-0.19124,-0.23957,0.27692,-0.023178,0.15343,0.06144,-0.26138,-0.39657,0.22002,0.008094,0.23102,0.2392,-0.25655,-0.21511,-0.062512,-0.32633,0.41219,-0.0030042,0.19849,-0.13481,0.12665,-0.25198,-0.10839,-0.14486,-0.25629,-0.5879,-0.19652,-0.49292,0.14042,0.14586
0.076573,0.049643,0.026379,-0.16024,0.14641,0.10937,0.029792,0.45523,0.78008,0.3046,0.4142,0.29717,0.2631,0.54384,0.27326,0.30615,0.91169,0.46428,0.73763,0.95252,1.0484,0.75789,0,0.75463,0.68691,0.50165,0.65148,0.41286,0.22713,0.17972,-0.015266,-0.47475,-0.14547,-0.34975,-0.43762,-0.11748,-0.32333,0.071965,0.16119,0.79182,0.66953,0.59344,-0.36923,-0.069149,-0.2457,-0.36994,0.036824,-0.026447,0.35738,0.086921,0.00040048,-0.40537,0.32698,0.43796,0.24373,0.80916,0.65877,0.2036,0.36785,-0.2187,0.079989,-0.21965,-0.023332,-0.082288,-0.11105,-0.12019,-0.21811,-0.077472,0.017785,-0.27906,-0.13216,-0.23192,-0.22176,-0.3472,-0.34269,-0.005382,0.081976,0.10971,-0.040016,-0.3377,-0.013319,-0.11091,-0.29434,0.40713,0.20565,0.29454,0.38291,0.06732,0.065361,-0.13589,-0.25487,0.28556,0.27316,-0.075333,0.07506,0.35838,0.21883,0.17549,0.02415,0.014561,-0.43176,-0.025325,-0.22298,0.20229,0.15119
0.33835,0.54232,-0.35142,-0.54934,0.58754,0.46718,0.4756,0.77782,0.42603,0.11159,0.24394,0.48746,0.49819,0.77525,0.20067,0.58066,0.40811,0.3951,0.10171,0.74099,0.6704,0.79418,0.75463,0,0.24207,0.31888,0.80608,0.7367,0.73852,0.71157,0.022831,-0.44867,0.19889,-0.10181,-0.13957,0.1955,-0.13583,-0.099058,0.11206,1.1117,0.92157,1.3031,-0.18925,0.23672,-0.24044,-0.37547,0.069797,-0.17853,0.088635,0.42857,0.18749,-0.48063,0.52253,0.37958,0.10259,0.94922,0.88598,0.0043562,0.16626,-0.2017,0.60959,-0.56568,-0.21471,-0.45432,-0.30681,-0.072092,-0.20112,-0.21561,-0.023021,-0.52502,-0.20973,-0.53013,-0.5711,-0.28528,-0.36373,-0.094825,-0.30977,0.11104,-0.031378,-0.25712,-0.19136,-0.42925,-0.49781,-0.043529,-0.27528,-0.12753,-0.16206,-0.13936,-0.042741,0.040656,-0.2202,0.17518,0.073099,0.038291,-0.14664,0.23781,0.1091,0.24599,0.32753,-0.30773,-0.83578,-0.2092,-0.56818,-0.09703,-0.20132
0.36838,0.049493,0.19126,0.0077526,0.22835,-0.1249,0.37823,0.17222,1.176,0.66644,1.0691,0.06672,0.45166,0.31865,0.23692,0.19951,0.50281,0.48619,0.56664,0.97465,0.2546,0.59286,0.68691,0.24207,0,0.80074,0.48274,0.34001,-0.23215,-0.0037566,0.17839,-0.10596,-0.065751,-0.18526,-0.010389,-0.28329,0.11525,0.24412,0.92076,0.63613,0.7151,0.33208,-0.1731,-0.11147,0.44782,0.38578,-0.096464,-0.090577,0.24542,-0.026625,-0.24653,-0.33437,0.060082,0.12724,0.57945,0.20191,0.18347,0.11612,0.30111,0.25227,-0.067615,-0.026216,0.44121,0.19762,0.29204,-0.14407,-0.26387,0.11294,0.1155,-0.033914,0.31848,0.090462,0.030385,-0.26412,-0.17324,0.2627,0.059967,0.33771,0.0076641,0.15766,0.19561,-0.073041,-0.069436,0.3729,0.28991,0.48743,0.54602,0.095373,0.069226,0.23288,0.18964,0.18823,-0.30425,-0.04824,-0.33553,0.1734,-0.15065,-0.4594,-0.39143,0.048993,0.010033,-0.049392,0.042808,-0.052767,0.046917
0.061286,0.090758,0.55153,0.31054,0.35407,0.28306,0.51221,0.37217,0.52006,0.76843,0.37049,-0.00084639,0.54885,0.5338,0.27141,0.28859,0.74995,0.81064,0.63492,0.80327,0.22484,0.50065,0.50165,0.31888,0.80074,0,0.10215,0.24534,0.28683,0.38399,0.42763,0.2479,0.29048,0.32631,-0.0044172,0.13472,0.23457,0.57955,0.77353,0.58395,0.43349,0.43331,-0.3157,0.096886,0.030806,-0.012026,-0.1038,-0.1775,0.16219,0.48625,0.17392,-0.29327,-0.1405,0.065561,0.14939,0.091245,0.2237,-0.10406,0.021209,0.26927,0.14152,-0.099387,0.27485,-0.26807,-0.01843,-0.06812,-0.25005,0.054525,0.30755,-0.30661,0.11281,-0.51557,-0.44576,-0.33673,-0.41742,0.43904,0.32848,0.95107,0.68476,0.45092,0.69517,0.20069,0.14129,0.60075,0.51734,0.80064,0.68322,-0.081266,-0.041765,-0.0072786,-0.063832,0.11906,-0.19546,0.11191,-0.10251,0.42762,0.061442,-0.045224,-0.18381,-0.06989,-0.18687,0.085823,0.13583,-0.11375,0.19051
0.3967,0.14193,-0.33846,-0.64904,0.64767,-0.075511,0.28437,0.29508,0.78616,0.008674,0.65119,0.38497,0.60626,0.51509,0.60367,0.61812,0.44841,0.24762,0.16942,0.8189,0.58577,0.9266,0.65148,0.80608,0.48274,0.10215,0,1.1083,0.028529,-0.0083094,-0.32138,-0.67721,0.16567,-0.3396,0.17467,0.056856,0.022797,-0.20275,0.37796,1.0854,1.0474,0.75578,-0.1685,-0.14975,0.22039,0.096163,0.14231,0.069951,-0.063963,0.21982,0.045033,-0.52332,0.42783,0.16494,0.40449,0.6134,0.76149,0.29738,0.6141,0.13977,0.47861,-0.57996,-0.067189,-0.13071,-0.077892,-0.045554,-0.069154,-0.073303,0.013546,-0.32275,0.1571,0.048693,0.027216,-0.20611,-0.15037,0.047211,-0.26086,-0.089414,-0.45247,-0.091985,-0.25772,-0.40824,-0.51285,-0.16767,-0.32877,-0.038055,-0.035584,0.09382,0.064299,0.3929,0.036582,0.34018,-0.17869,0.17526,-0.23164,-0.026432,-0.29528,-0.13951,0.040371,-0.35074,-0.7305,-0.2383,-0.74884,-0.052321,-0.18811
0.14556,0.12575,-0.16401,-0.45026,0.60984,0.061074,0.34748,0.14298,0.5638,-0.068866,0.53904,0.11614,0.76765,0.50613,0.71766,1.2493,0.41095,0.51092,0.19189,0.83931,0.56476,1.2632,0.41286,0.7367,0.34001,0.24534,1.1083,0,0.32226,0.20866,0.036324,-0.18898,0.461,0.040506,0.45309,0.22583,0.31077,-0.31445,0.39082,0.77256,0.72557,0.576,0.025209,0.015764,0.13044,-0.030849,-0.19883,-0.18101,-0.18869,0.40047,0.22091,-0.53495,0.11335,-0.043798,0.25883,0.52945,0.65523,-0.18967,0.14198,0.13375,0.68747,-0.4945,-0.0029978,-0.48434,-0.31768,-0.24855,-0.22355,0.25298,0.40621,-0.38453,0.2422,-0.31652,-0.32626,-0.50664,-0.4995,-0.1088,-0.46812,0.1427,-0.19688,0.17543,-0.11671,-0.33137,-0.334,-0.0045822,-0.14601,0.033884,0.10775,-0.32481,-0.3448,0.11469,-0.32124,0.39931,-0.090532,0.36658,-0.14957,-0.069879,-0.4095,-0.25523,0.057113,-0.43586,-0.70452,-0.30051,-0.82314,0.11584,0.13549
-0.10842,0.36901,-0.061832,-0.060887,0.28296,0.77693,0.26176,0.61118,-0.16513,0.0047588,-0.27514,0.19757,0.20558,0.5031,-0.031449,0.40282,0.229,0.3514,-0.011741,0.19854,0.36943,0.29604,0.22713,0.73852,-0.23215,0.28683,0.028529,0.32226,0,1.0917,0.32463,0.064159,0.38081,0.31114,-0.12443,0.40301,-0.051473,-0.052455,-0.22329,0.33926,0.17652,0.50689,-0.14786,0.33564,-0.65307,-0.81173,-0.2025,-0.40793,0.11047,0.58644,0.45044,-0.099102,0.01589,0.12444,-0.47484,0.4678,0.39219,-0.52533,-0.49986,-0.35722,0.54,-0.17287,-0.17611,-0.77597,-0.47417,-0.1285,-0.22671,0.081284,0.25758,-0.37157,-0.28497,-1.0176,-1.0907,-0.29535,-0.51373,-0.27686,-0.1701,0.24973,0.43916,-0.15073,-0.0044018,-0.033283,-0.048227,0.11252,0.00074822,-0.11083,-0.12899,-0.59991,-0.47792,-0.3467,-0.71654,-0.014293,0.31461,0.16401,0.23924,0.28111,0.31508,0.47127,0.53576,-0.20788,-0.48428,-0.07821,-0.25973,0.11724,0.18426
0.12437,0.57499,-0.14441,-0.11943,0.40495,0.94711,0.68578,0.84915,0.029687,0.19666,0.011673,0.34031,0.26184,0.52691,-0.12342,0.31931,0.026868,0.33817,-0.17624,0.18674,0.3207,0.3686,0.17972,0.71157,-0.0037566,0.38399,-0.0083094,0.20866,1.0917,0,0.36506,0.1224,0.26292,0.29842,-0.15861,0.20449,-0.033544,0.098165,-0.09015,0.39955,0.38441,0.6035,-0.059007,0.50202,-0.42253,-0.4648,-0.084152,-0.32909,0.24532,0.54702,0.41081,0.004187,0.078685,0.22144,-0.35169,0.4302,0.30123,-0.40953,-0.40612,-0.25508,0.56775,-0.079304,0.018799,-0.40515,-0.22652,0.073232,-0.053049,0.011324,0.19198,-0.13617,-0.01287,-0.61706,-0.58685,-0.0084369,-0.14759,-0.33033,-0.17877,0.33686,0.47916,-0.049172,0.068381,-0.12316,-0.093676,-0.007044,-0.14173,-0.14409,-0.27672,-0.46419,-0.27836,-0.23872,-0.38826,0.0034238,0.20665,0.14075,0.070305,0.24373,0.22275,0.37648,0.32433,-0.18724,-0.22584,0.0054193,-0.015009,-0.05743,-0.048888
-0.21302,0.057908,0.3609,0.47936,-0.06336,0.067135,0.2219,-0.025371,0.098876,0.33992,0.25997,0.051089,0.29875,0.12345,0.12206,0.15329,-0.0063234,0.37027,0.10643,0.28135,-0.08363,0.056875,-0.015266,0.022831,0.17839,0.42763,-0.32138,0.036324,0.32463,0.36506,0,0.95959,0.1914,0.40758,0.17858,0.004414,0.43389,-0.12842,0.19913,-0.024048,-0.039838,-0.049149,0.38531,0.2195,0.23356,0.12194,-0.50349,-0.44856,-0.019569,-0.13689,-0.257,0.065784,-0.238,-0.16251,-0.083343,0.0079762,-0.1361,-0.59896,-0.61906,0.14475,0.084755,0.37246,0.4936,-0.16584,-0.22074,-0.35464,-0.35955,0.46999,0.55163,0.14195,0.081611,-0.39184,-0.55353,-0.48026,-0.59291,-0.087022,-0.23077,0.34921,0.30237,0.1176,0.041699,0.16924,0.35442,0.271,0.4074,0.089199,0.25652,-0.44092,-0.52287,-0.30461,-0.39801,0.12484,0.15131,0.046818,0.14938,0.31124,0.33683,-0.27301,-0.16749,0.50477,0.45242,0.35916,0.33502,0.045824,0.30494
-0.26487,-0.054282,0.34061,0.51815,-0.1101,0.079689,0.13245,-0.21001,-0.10788,0.27357,0.0087466,-0.12809,-0.045605,-0.24492,0.11999,0.050915,-0.28285,0.018381,-0.16771,-0.17967,-0.28299,-0.23017,-0.47475,-0.44867,-0.10596,0.2479,-0.67721,-0.18898,0.064159,0.1224,0.95959,0,0.072275,0.51552,0.22735,0.033679,0.35694,-0.07625,0.028579,-0.38768,-0.30184,-0.27658,0.45971,0.33839,0.24935,0.24072,-0.4651,-0.35651,-0.088155,-0.083355,-0.057489,0.25656,-0.51998,-0.30962,-0.25157,-0.36975,-0.32538,-0.58668,-0.62947,0.31052,0.012178,0.55111,0.58267,0.016127,-0.0041075,-0.19119,-0.14932,0.64417,0.75714,0.4218,0.33932,-0.13442,-0.2036,-0.13628,-0.23348,-0.0095792,-0.036406,0.20874,0.2779,0.29333,0.14256,0.13502,0.31882,0.0078392,0.2023,0.016622,0.11173,-0.39323,-0.43293,-0.29816,-0.19689,-0.15939,-0.030296,0.076923,0.034544,0.020947,0.078614,-0.27032,-0.18853,0.31439,0.58723,0.47803,0.52504,-0.071938,0.21561
-0.29248,-0.17822,0.37575,0.13007,0.49043,0.10175,0.18608,-0.059174,-0.16538,-0.099944,-0.0097454,-0.10841,1.0373,0.70466,0.48272,0.24425,0.39061,0.72237,0.16906,0.29295,-0.08899,0.23915,-0.14547,0.19889,-0.065751,0.29048,0.16567,0.461,0.38081,0.26292,0.1914,0.072275,0,1.0271,0.87339,0.75973,0.98714,0.077502,0.43589,0.22411,-0.027843,0.052049,-0.24155,-0.29514,0.020628,-0.031616,0.073783,0.093505,-0.64748,0.79739,0.48805,-0.27437,-0.26904,-0.60901,-0.1531,-0.27597,-0.046256,-0.23414,-0.1278,0.38952,0.34928,-0.63726,-0.26225,-1.0735,-0.72263,0.1167,0.16341,-0.031112,0.08846,-0.51218,-0.023963,-0.58342,-0.34731,-0.24347,-0.27871,0.28632,-0.079085,0.64552,0.49571,0.64013,0.42096,0.3984,0.46615,0.17502,0.2398,0.26582,0.2293,-0.16405,-0.25477,0.2697,-0.22263,0.46726,-0.052658,0.49844,0.21477,-0.059006,-0.26648,0.11302,0.0801,-0.50035,-0.31243,-0.11742,-0.30548,-0.011052,0.20069
-0.39668,-0.038541,0.46031,0.32993,0.14038,0.25288,0.079682,-0.12306,-0.32127,-0.021605,-0.17989,-0.23566,0.46167,0.44569,0.23622,0.061013,0.13256,0.60197,0.0885,-0.0037248,-0.20448,-0.098889,-0.34975,-0.10181,-0.18526,0.32631,-0.3396,0.040506,0.31114,0.29842,0.40758,0.51552,1.0271,0,0.68307,0.89848,0.7842,0.097878,0.21392,-0.18066,-0.33,-0.20155,0.0058213,0.020847,-0.051502,-0.025271,-0.071107,-0.018275,-0.54416,0.61031,0.55288,-0.023325,-0.49801,-0.64296,-0.24736,-0.499,-0.23713,-0.4505,-0.35243,0.29692,0.11018,-0.3298,-0.21256,-0.76742,-0.67099,0.075492,0.13279,0.084812,0.1828,-0.18194,-0.069595,-0.51209,-0.31054,-0.12793,-0.171,0.23509,-0.050436,0.58274,0.61129,0.65013,0.57514,0.43473,0.67479,0.21852,0.32072,0.26222,0.2361,-0.22898,-0.26269,0.021665,-0.24099,0.23204,0.13551,0.33229,0.2252,-0.17427,-0.16263,0.16009,0.19993,-0.37472,-0.010576,0.06308,0.058094,0.10369,0.37201
-0.13007,-0.14994,0.22927,0.078654,0.18805,-0.35315,0.18822,-0.36969,-0.0355,-0.20572,0.25497,-0.20338,0.68898,0.17528,0.44115,0.2748,0.0069643,0.3521,0.0021816,0.14535,-0.33667,0.087066,-0.43762,-0.13957,-0.010389,-0.0044172,0.17467,0.45309,-0.12443,-0.15861,0.17858,0.22735,0.87339,0.68307,0,0.6028,1.375,-0.11629,0.54403,-0.022687,-0.07886,-0.23977,0.17466,-0.30036,0.49508,0.502,-0.10804,0.060468,-0.87629,0.19232,0.083318,-0.15633,-0.22082,-0.66163,0.2416,-0.41859,-0.22209,-0.21881,-0.063882,0.58949,0.21687,-0.40793,-0.09797,-0.45612,-0.4591,-0.091885,0.066901,0.15952,0.19503,-0.19564,0.18622,-0.071084,0.030512,-0.20669,-0.12714,0.24071,-0.27983,0.27777,0.0014629,0.7836,0.1781,0.21489,0.38295,0.01218,0.090273,0.14844,0.16409,-0.12429,-0.26213,0.37721,-0.019015,0.33601,-0.23423,0.61342,0.064517,-0.29418,-0.49035,-0.4496,0.033951,-0.3379,-0.05193,-0.10368,-0.25665,0.095683,0.25691
-0.14929,0.20754,0.12955,0.040037,0.22519,0.25289,0.065258,0.16209,-0.29548,-0.26618,-0.27245,-1.099e-05,0.39294,0.62661,0.22536,0.22191,0.23568,0.53351,0.023261,0.042802,-0.014617,-0.032266,-0.11748,0.1955,-0.28329,0.13472,0.056856,0.22583,0.40301,0.20449,0.004414,0.033679,0.75973,0.89848,0.6028,0,0.38402,0.10626,0.12724,0.10733,-0.04409,0.083054,-0.07258,0.018194,-0.2076,-0.11515,0.021746,0.0037766,-0.43546,0.72188,0.66596,0.013823,-0.091475,-0.22439,-0.053496,-0.081467,0.16805,-0.18256,-0.01919,0.082796,0.26046,-0.67073,-0.59139,-0.85449,-0.77634,-0.01495,0.030391,-0.24045,-0.063258,-0.45919,-0.38196,-0.42397,-0.27079,-0.12523,-0.11856,0.20768,-0.081432,0.26081,0.28595,0.40453,0.35358,0.2975,0.37525,0.051959,0.070346,0.16803,0.023161,-0.13908,-0.11037,0.047302,-0.20209,0.18446,0.23414,0.53444,0.36476,-0.055764,0.0078867,0.27402,0.79474,-0.54869,-0.54413,-0.1534,-0.35381,0.2761,0.34304
-0.22898,-0.29831,0.50671,0.30781,0.13704,-0.40234,0.22611,-0.39057,-0.014009,-0.018304,0.30498,-0.2575,0.86622,0.2209,0.39978,0.11204,0.18978,0.4472,0.21965,0.2463,-0.35953,0.10263,-0.32333,-0.13583,0.11525,0.23457,0.022797,0.31077,-0.051473,-0.033544,0.43389,0.35694,0.98714,0.7842,1.375,0.38402,0,0.049312,0.7104,-0.0043843,-0.14035,-0.2693,0.045457,-0.36408,0.4336,0.40744,-0.088145,0.057802,-0.70755,0.14821,-0.031955,-0.20021,-0.28278,-0.72374,0.1061,-0.54901,-0.39747,-0.232,-0.17625,0.60965,0.084052,-0.31881,-0.017815,-0.51436,-0.52104,-0.037955,0.060808,0.16729,0.23217,-0.28543,0.13479,-0.26185,-0.12526,-0.31854,-0.27099,0.34871,-0.11659,0.57421,0.25916,0.85291,0.32619,0.43856,0.55733,0.26039,0.35846,0.34158,0.36618,-0.095705,-0.28029,0.29999,-0.063935,0.40441,-0.25923,0.47604,0.0812,-0.10047,-0.32738,-0.42031,-0.16757,-0.19569,0.10468,0.040574,-0.046299,-0.030358,0.24887
0.14311,-0.02244,0.66078,0.62056,-0.035112,-0.023055,0.3571,0.23175,-0.073008,0.19059,-0.12496,-0.26287,0.059142,0.066467,-0.18293,-0.31602,0.36388,0.26766,0.27491,0.0084307,-0.22411,-0.079312,0.071965,-0.099058,0.24412,0.57955,-0.20275,-0.31445,-0.052455,0.098165,-0.12842,-0.07625,0.077502,0.097878,-0.11629,0.10626,0.049312,0,0.46838,0.17595,0.06375,0.039643,-0.53406,-0.11917,-0.21707,0.017414,0.45106,0.40545,0.28094,0.25582,0.059329,0.25832,0.13442,0.37617,0.17808,-0.17132,-0.099493,0.45701,0.30153,0.1829,-0.20264,-0.072347,-0.070411,-0.019737,0.2002,0.45124,0.28088,-0.5647,-0.31452,-0.35254,-0.11355,-0.11016,0.10391,0.2957,0.32116,0.64879,1.1028,0.85856,0.92072,0.48109,0.9877,0.66512,0.43159,0.4415,0.4577,0.83218,0.38597,0.46455,0.56903,0.14296,0.42081,0.075731,-0.16947,0.36042,0.21402,0.61898,0.28568,0.19852,-0.077247,0.0071907,-0.022023,0.062225,0.40347,-0.21496,-0.038095
0.32639,-0.028714,0.44499,0.19905,0.35569,-0.31027,0.50912,-0.062123,0.49313,0.34058,0.65458,-0.16987,0.86346,0.36532,0.34725,0.17118,0.4955,0.62037,0.43988,0.70801,-0.19651,0.38025,0.16119,0.11206,0.92076,0.77353,0.37796,0.39082,-0.22329,-0.09015,0.19913,0.028579,0.43589,0.21392,0.54403,0.12724,0.7104,0.46838,0,0.54165,0.43926,0.1898,-0.16989,-0.23571,0.5897,0.64549,0.011418,0.045726,-0.13117,0.2037,-0.14534,-0.27129,0.016412,-0.12028,0.58276,-0.17429,-0.013871,0.13485,0.29271,0.60038,-0.01501,-0.32511,0.16852,-0.17201,0.013884,-0.056105,-0.14344,-0.11437,0.0066613,-0.42478,0.15283,-0.10315,-0.063331,-0.31816,-0.19978,0.68336,0.12198,0.72567,0.25659,0.76837,0.50678,0.25187,0.26135,0.35233,0.38769,0.70967,0.57268,0.17031,0.11109,0.45408,0.37413,0.30092,-0.58298,0.2842,-0.2617,0.21454,-0.22024,-0.5535,-0.32153,-0.1427,-0.10613,-0.14241,-0.069141,-0.22458,0.0079257
0.51484,0.33132,-0.10227,-0.30761,0.89803,0.23818,0.68884,0.73973,0.77261,0.35472,0.55408,0.51385,0.7396,0.78547,0.46,0.51168,0.63356,0.45728,0.20103,1.0027,0.53601,0.90202,0.79182,1.1117,0.63613,0.58395,1.0854,0.77256,0.33926,0.39955,-0.024048,-0.38768,0.22411,-0.18066,-0.022687,0.10733,-0.0043843,0.17595,0.54165,0,1.4934,1.3934,-0.33716,0.045309,0.092555,0.020012,0.14287,-0.057173,0.16151,0.45126,0.10913,-0.4137,0.47273,0.37822,0.26762,0.67377,0.81775,0.22536,0.4136,0.18471,0.53286,-0.43085,0.11079,-0.23012,-0.026644,0.018809,-0.12623,-0.17483,0.056226,-0.43194,0.094788,-0.25512,-0.27182,-0.21385,-0.23359,0.19919,-0.010462,0.28286,0.044745,-0.026639,0.004952,-0.22872,-0.35899,-0.01732,-0.13009,0.1283,0.041458,0.035488,0.071792,0.27288,0.060987,0.21353,-0.22982,0.21085,-0.16625,0.41279,0.07743,0.038141,0.034282,-0.2296,-0.65089,-0.092712,-0.36752,-0.24415,-0.25685
0.70413,0.48078,-0.32809,-0.45111,0.7252,0.22513,0.79473,0.75834,0.98876,0.35573,0.76376,0.53708,0.46385,0.51237,0.37312,0.54199,0.29998,0.25749,-0.024619,0.76114,0.56043,0.8547,0.66953,0.92157,0.7151,0.43349,1.0474,0.72557,0.17652,0.38441,-0.039838,-0.30184,-0.027843,-0.33,-0.07886,-0.04409,-0.14035,0.06375,0.43926,1.4934,0,1.3211,-0.13415,0.21299,0.18795,0.14303,0.10804,-0.092017,0.28808,0.25181,-0.0019489,-0.24601,0.44467,0.47439,0.32987,0.76363,0.82756,0.21534,0.44223,0.12059,0.50832,-0.27249,0.24992,0.042561,0.19708,0.038277,-0.11063,-0.036164,0.13245,-0.12503,0.29873,0.022457,-0.053975,-0.041361,-0.042963,0.044794,-0.12482,0.080586,-0.16819,-0.12745,-0.16236,-0.47576,-0.51782,-0.24204,-0.3822,-0.057446,-0.1535,0.026196,0.10969,0.28341,0.13457,0.11909,-0.23821,0.15539,-0.32488,0.20868,-0.055303,-0.13105,0.058736,-0.19724,-0.46851,-0.026734,-0.30413,-0.28544,-0.36633
0.58129,0.60359,-0.37259,-0.51242,0.89827,0.56937,0.71081,0.99389,0.57245,0.36417,0.29693,0.63376,0.3823,0.60181,0.27778,0.50074,0.29989,0.20304,-0.096792,0.60781,0.54675,0.65983,0.59344,1.3031,0.33208,0.43331,0.75578,0.576,0.50689,0.6035,-0.049149,-0.27658,0.052049,-0.20155,-0.23977,0.083054,-0.2693,0.039643,0.1898,1.3934,1.3211,0,-0.2144,0.36646,-0.047047,-0.12528,0.14166,-0.16511,0.20551,0.48063,0.18831,-0.36612,0.48887,0.47782,0.086536,0.78022,0.97123,0.13732,0.28739,0.034564,0.63972,-0.34782,0.098339,-0.16654,0.062626,0.052054,-0.12691,-0.16022,0.075252,-0.2708,0.06888,-0.27817,-0.35218,-0.061513,-0.1585,0.069584,-0.10271,0.087696,-0.02231,-0.23314,-0.15761,-0.55966,-0.64242,-0.29047,-0.45327,-0.17151,-0.26721,-0.033815,0.092234,0.17817,0.060949,-0.041719,-0.20513,0.0067788,-0.34187,0.2763,0.089883,0.19579,0.16921,-0.27001,-0.67232,-0.048612,-0.3343,-0.40761,-0.49068
0.17016,0.45188,-0.24061,-0.075187,-0.10346,0.016369,0.008036,-0.29272,-0.0163,-0.29828,0.16021,0.034167,-0.15869,-0.26093,0.00051384,0.32185,-0.68326,-0.1922,-0.35118,-0.16229,-0.18118,-0.064468,-0.36923,-0.18925,-0.1731,-0.3157,-0.1685,0.025209,-0.14786,-0.059007,0.38531,0.45971,-0.24155,0.0058213,0.17466,-0.07258,0.045457,-0.53406,-0.16989,-0.33716,-0.13415,-0.2144,0,0.69785,0.44419,0.35552,-0.4208,-0.276,0.09041,-0.33047,-0.10287,0.35239,0.019168,0.035435,0.11816,0.14227,0.12853,-0.27482,-0.1693,-0.060934,0.19405,0.47155,0.24992,0.31576,0.098023,-0.34798,-0.26302,0.25604,0.25538,0.39484,0.10632,0.27522,0.006756,-0.11266,-0.080027,-0.4591,-0.63204,-0.3405,-0.40412,0.036794,-0.21302,-0.2447,-0.017647,-0.23612,-0.18955,-0.25635,-0.23599,-0.21606,-0.16198,-0.24122,-0.04508,0.10945,0.22821,-0.11835,-0.12236,-0.11692,0.053356,-0.38637,-0.098133,0.41188,0.29747,-0.043153,0.047341,0.2344,0.13245
0.51742,1.0927,-0.30647,-0.16932,0.16626,0.68602,0.3467,0.28568,0.036649,-0.065829,-0.056281,0.097774,-0.25779,-0.0048418,-0.092166,0.3433,-0.36806,-0.090306,-0.41402,-0.12153,0.13999,0.093318,-0.069149,0.23672,-0.11147,0.096886,-0.14975,0.015764,0.33564,0.50202,0.2195,0.33839,-0.29514,0.020847,-0.30036,0.018194,-0.36408,-0.11917,-0.23571,0.045309,0.21299,0.36646,0.69785,0,-0.077266,-0.069932,-0.16408,-0.29221,0.51702,0.1403,0.26506,0.33323,0.18545,0.46906,-0.10852,0.41482,0.52738,-0.19754,-0.088307,-0.21253,0.31295,0.25803,0.1542,0.13595,0.19779,-0.032031,-0.15391,0.070153,0.23064,0.18416,0.016355,-0.054094,-0.27889,0.0779,0.0062492,-0.30928,-0.27851,-0.071976,0.011891,-0.12589,-0.0046977,-0.40046,-0.22435,-0.27423,-0.32775,-0.2407,-0.37167,-0.1892,0.030986,-0.28379,0.027976,-0.11994,0.18997,-0.16812,-0.29872,0.096851,0.21851,0.12616,0.16049,0.064807,-0.062559,-0.005348,0.11812,-0.076184,-0.13871
