,,,,,,,,,,,,,,,,,,,,,,,,,,,,,,,,,,,,,,,,,,,,,,,,,,,,,,,,,,,,,,,,,,,,,,,,,,,,,,,,,,,,,,,,,,,,,,,,,,,,,,,,
0,0.85334,-0.58757,-0.58571,0.33655,0.40438,0.54359,0.58857,0.43829,0.25892,0.18101,0.51509,-0.26627,-0.023532,-0.097211,0.062009,-0.25961,-0.33131,-0.4459,0.060664,0.20446,0.10683,0.18426,0.55239,0.1305,-0.11889,0.34446,0.098294,0.016683,0.26036,-0.21824,-0.21853,-0.45705,-0.41053,-0.38608,-0.044256,-0.53955,-0.048406,-0.15335,0.51553,0.73844,0.73877,0.13605,0.54375,0.067859,0.14728,0.35074,0.081743,0.21676,-0.15528,-0.16916,-0.14603,0.99814,0.67715,0.3284,0.46504,0.46129,0.39193,0.41482,0.11593,0.36449,-0.14867,0.074689,0.20513,0.2666,0.20579,0.14607,-0.18418,-0.17487,0.023752,0.092436,0.15175,0.10062,0.30441,0.34114,-0.027857,-0.26813,-0.35668,-0.42718,-0.58529,-0.44742,-0.95513,-0.76753,-0.50865,-0.66123,-0.60088,-0.53301,0.2546,0.38445,0.27952,0.53329,-0.42133,-0.24962,-0.19077,-0.4991,0.0063793,0.099802,0.13569,0.00046429,-0.24627,-0.17677,-0.037087,0.042044,-0.32834,-0.60154
0.85334,0,-0.55185,-0.38319,0.20386,0.76333,0.46092,0.78947,0.0078531,0.07588,-0.16241,0.44154,-0.24573,0.18691,-0.48828,0.078831,-0.22601,-0.13898,-0.41483,-0.10264,0.19461,-0.026216,0.094146,0.58924,-0.20163,-0.058432,-0.019737,-0.062667,0.39259,0.67169,-0.036245,-0.049086,-0.25374,-0.031566,-0.39127,0.32482,-0.53347,-0.030349,-0.42445,0.23244,0.41232,0.59565,0.20811,0.73413,-0.31113,-0.23621,0.029263,-0.29838,0.37399,0.11128,0.15677,0.11774,0.5579,0.6118,-0.0048497,0.61631,0.5703,-0.122,-0.039998,-0.32141,0.33083,-0.11168,-0.18215,-0.019151,0.016916,0.0044863,-0.11168,-0.28275,-0.17901,-0.00084756,-0.27173,-0.13192,-0.26894,0.23354,0.16672,-0.24547,-0.32014,-0.21093,-0.089142,-0.38899,-0.26537,-0.48607,-0.34222,-0.32529,-0.52801,-0.45245,-0.6199,-0.17757,0.094715,-0.094197,0.01757,-0.30928,0.19273,-0.078857,-0.11039,0.10754,0.3838,0.44486,0.51541,-0.12842,-0.24533,-0.07873,-0.016202,0.0071217,-0.2162
-0.58757,-0.55185,0,1.4618,-0.34425,-0.56041,-0.18852,-0.52757,-0.1784,-0.030674,-0.11596,-0.80228,0.37733,-0.015654,0.3221,-0.19819,0.55426,0.6334,0.70227,0.18376,-0.22919,-0.14867,-0.012627,-0.4352,0.1822,0.54305,-0.29321,-0.18208,-0.077971,-0.34926,0.25621,0.22004,0.44087,0.43967,0.31002,-0.019492,0.61676,0.61281,0.65638,-0.15619,-0.46885,-0.40211,-0.44334,-0.56848,0.038065,0.14227,0.043443,0.26987,-0.30912,0.18064,0.035829,0.062657,-0.27951,-0.2868,0.14498,-0.50131,-0.39714,0.066156,-0.11376,0.50027,-0.43726,-0.045327,0.055761,-0.20521,-0.13853,0.10429,0.14289,0.082322,0.21214,-0.12988,-0.047205,-0.2314,-0.11364,-0.12074,-0.14237,0.78412,1.1544,1.1565,0.96588,0.72347,1.0931,1.1373,0.91837,0.92919,1.2644,1.1043,1.2113,0.2655,0.097767,0.054108,0.043244,0.49585,-0.015295,0.50052,0.25983,0.51084,0.16718,0.18388,-0.0068869,0.33307,0.21872,0.36203,0.45251,-0.023962,0.35582
-0.58571,-0.38319,1.4618,0,-0.57138,-0.43877,-0.18071,-0.42326,-0.3172,-0.047411,-0.26196,-0.6074,0.067343,-0.22421,0.10505,-0.35704,0.23641,0.35178,0.33988,-0.10614,-0.34972,-0.41669,-0.20444,-0.58202,-0.049125,0.29524,-0.63054,-0.45682,-0.030188,-0.2476,0.44022,0.4798,0.23276,0.39127,0.19079,-0.014551,0.41537,0.49376,0.25524,-0.36903,-0.60233,-0.529,-0.15545,-0.31404,0.0017374,0.12955,-0.022121,0.2001,-0.10987,-0.040312,-0.12766,0.43902,-0.26651,-0.13408,0.0038262,-0.40545,-0.41037,-0.060892,-0.29587,0.37024,-0.38963,0.24027,0.1847,-0.056132,-0.039757,0.099394,0.14948,0.14943,0.24404,0.089904,-0.048724,-0.12434,-0.094384,0.0010143,-0.056396,0.46997,0.91802,0.73914,0.82619,0.4187,0.68084,1.0503,1.0582,0.62658,0.97251,0.62116,0.70199,0.15812,0.028636,-0.073022,-0.033434,0.33667,0.17171,0.49377,0.53021,0.60961,0.45535,0.18577,0.030054,0.61345,0.50706,0.50683,0.70359,0.044005,0.40889
0.33655,0.20386,-0.34425,-0.57138,0,0.48307,0.3993,0.45803,0.1447,0.18597,0.10338,0.45661,0.58473,0.66917,0.40995,0.47516,0.21971,0.12483,-0.16808,0.29643,0.29486,0.49016,0.11619,0.55945,0.018843,0.21485,0.58632,0.60284,0.23152,0.31702,-0.28955,-0.22529,0.40826,0.093319,0.092987,0.24524,0.014633,-0.0054998,0.22384,0.77578,0.64159,0.88552,-0.33545,0.032307,0.041216,-0.044316,0.1231,-0.19751,-0.16437,0.77377,0.58693,-0.46527,0.038159,-0.10096,-0.22926,0.1421,0.43066,0.048917,0.17671,0.1659,0.55246,-0.45558,-0.034877,-0.27458,-0.053397,0.1133,0.010901,-0.14845,0.037884,-0.23397,0.17234,-0.21574,-0.15923,0.033586,-0.046905,0.071222,-0.10247,0.056746,0.036361,0.13725,-0.025333,-0.30867,-0.46909,-0.35661,-0.45808,-0.15812,-0.32954,-0.18098,-0.076078,0.21829,0.068155,-0.13716,-0.44696,0.0094335,-0.4132,-0.095859,-0.27144,0.23777,0.12542,-0.58651,-0.69407,-0.13679,-0.46516,-0.3932,-0.52071
0.40438,0.76333,-0.56041,-0.43877,0.48307,0,0.51903,0.96777,-0.017576,0.20141,-0.24675,0.56042,-0.25505,0.2831,-0.30361,0.25138,-0.31049,-0.045647,-0.54096,-0.13831,0.26028,0.19888,0.024381,0.54399,-0.21424,0.10291,-0.10683,0.03295,0.55773,1.1411,0.0026725,0.12458,-0.1122,0.16856,-0.42584,0.35609,-0.49246,0.10582,-0.48891,0.2283,0.38492,0.5587,0.14991,0.89465,-0.56246,-0.55955,0.058019,-0.24216,0.47719,0.28883,0.38198,0.089936,0.1528,0.45677,-0.33661,0.42262,0.40457,-0.31637,-0.12793,-0.35919,0.5995,0.043446,-0.059586,-0.18796,-0.038541,0.17654,0.021526,-0.15508,-0.063634,-0.027524,0.0077689,-0.30987,-0.26562,0.21331,0.10543,-0.47424,-0.32251,-0.23986,0.042129,-0.30707,-0.20957,-0.45392,-0.35122,-0.44942,-0.52113,-0.4584,-0.65852,-0.4072,-0.094727,-0.23011,-0.17659,-0.47901,0.17616,-0.11675,0.047144,-0.060564,0.10117,0.30869,0.058595,-0.38698,-0.24838,-0.19342,-0.084004,-0.020404,-0.13314
0.54359,0.46092,-0.18852,-0.18071,0.3993,0.51903,0,1.0265,0.43816,0.70575,0.28671,0.63636,-0.044017,0.01506,-0.12324,0.179,-0.35437,-0.13577,-0.43512,-0.012126,-0.094383,0.022766,-0.092328,0.38127,0.18736,0.33407,-0.0077278,-0.049105,0.44939,0.73438,0.35175,0.31842,-0.11767,0.052375,-0.047838,0.051267,0.059939,0.58269,0.1201,0.52702,0.62528,0.53417,0.12701,0.4498,-0.084508,-0.040493,0.09893,-0.13721,0.13978,0.012855,-0.081502,-0.06301,0.30381,0.24839,-0.097841,0.063532,-0.0017524,-0.15048,-0.20969,0.32388,0.93728,0.050451,0.37124,-0.065529,0.13211,0.17644,0.072534,0.22268,0.32039,-0.003996,0.40268,-0.23997,-0.13183,0.22267,0.099686,0.02904,0.094443,0.033916,0.11321,-0.14255,-0.085293,-0.53053,-0.48356,-0.23496,-0.35377,-0.28362,-0.37611,-0.13015,-0.076831,0.075352,0.10816,-0.63038,-0.55818,0.1052,-0.33064,0.11364,0.028272,-0.096273,-0.14266,-0.28123,-0.2116,0.19106,0.18708,-0.44475,-0.39085
0.58857,0.78947,-0.52757,-0.42326,0.45803,0.96777,1.0265,0,0.40696,0.63827,0.18978,0.99932,-0.13477,0.26126,-0.20937,0.32679,-0.24421,-0.089911,-0.43884,0.13562,0.26627,0.16685,0.20259,0.77514,0.13032,0.27405,0.15011,0.11764,0.71244,0.96595,0.23655,0.1105,-0.20394,-0.061589,-0.34692,0.22976,-0.35499,0.19006,-0.17578,0.67016,0.85627,0.85764,0.058816,0.59184,-0.30526,-0.35608,-0.054907,-0.43407,0.40579,0.081015,0.017269,-0.045557,0.27306,0.41881,-0.22998,0.48893,0.35567,-0.31956,-0.21506,-0.10562,0.97791,0.014526,0.19188,-0.11746,0.047117,-0.026909,-0.20436,0.15529,0.23455,-0.013842,0.12588,-0.27985,-0.34618,0.078159,-0.087722,-0.25749,-0.20192,-0.22931,-0.064762,-0.50255,-0.36554,-0.67351,-0.60074,-0.33706,-0.5017,-0.49523,-0.57946,-0.40974,-0.25074,-0.037259,-0.18809,-0.77256,-0.1792,-0.053877,-0.13674,0.092546,0.19741,0.080083,0.15995,-0.30316,-0.39258,0.087861,-0.045723,-0.14368,-0.18939
0.43829,0.0078531,-0.1784,-0.3172,0.1447,-0.017576,0.43816,0.40696,0,0.93959,1.4501,0.51715,-0.056579,-0.0065057,0.33564,0.39145,0.0088438,-0.054565,0.13067,0.55915,0.41799,0.3484,0.54375,0.24574,1.2217,0.42622,0.46459,0.1867,-0.1447,-0.062071,0.16269,0.023916,-0.52376,-0.47889,-0.36961,-0.49272,-0.21901,0.085045,0.36126,0.6802,0.88485,0.43619,0.067043,0.12033,0.33394,0.25275,-0.11543,-0.15779,0.32363,-0.31253,-0.35694,-0.25062,0.099331,0.1161,0.20107,0.17018,0.087673,0.1292,0.22116,0.26574,0.40469,0.086412,0.61176,0.41637,0.37612,-0.16373,-0.22862,0.52904,0.49852,0.17899,0.5363,0.2354,0.20186,-0.12033,-0.10204,0.057975,-0.015782,-0.17946,-0.39974,-0.33771,-0.17875,-0.69117,-0.81053,0.015144,-0.12021,-0.073229,0.076273,0.12249,0.018506,0.12342,0.18528,-0.38394,-0.48612,-0.35552,-0.69362,-0.066476,-0.18074,-0.44947,-0.28482,-0.13003,-0.14855,0.30221,0.11622,-0.17098,-0.14475
0.25892,0.07588,-0.030674,-0.047411,0.18597,0.20141,0.70575,0.63827,0.93959,0,0.80334,0.69648,-0.034639,-0.045164,0.065467,0.093525,-0.14111,-0.086756,-0.037202,0.35004,0.018661,0.016315,0.14381,0.13,0.73649,0.60526,-0.012784,-0.19573,0.047233,0.17168,0.48962,0.38599,-0.31103,-0.11171,-0.25536,-0.31072,-0.029381,0.31953,0.35696,0.46302,0.50958,0.34797,0.051423,0.17784,0.38267,0.25265,-0.1305,-0.31146,0.16612,-0.25823,-0.41729,-0.16832,-0.11782,-0.035092,-0.050702,-0.097103,-0.14884,-0.12107,-0.16214,0.42702,0.53076,0.26079,0.79699,0.33264,0.39328,-0.10799,-0.25171,0.52585,0.55307,0.24698,0.50294,0.045085,-0.020661,-0.019625,-0.16632,0.12324,0.13536,-0.027174,-0.053981,-0.2216,-0.093997,-0.47902,-0.49056,0.027177,-0.036276,-0.11479,-0.011365,-0.043106,-0.11753,0.18123,0.14271,-0.80787,-0.7223,-0.42227,-0.54389,0.080852,0.017609,-0.3307,-0.30451,0.032073,0.089327,0.5354,0.43703,-0.34591,-0.15245
0.18101,-0.16241,-0.11596,-0.26196,0.10338,-0.24675,0.28671,0.18978,1.4501,0.80334,0,0.41182,0.13093,-0.00085027,0.35162,0.28588,0.052232,-0.077991,0.21468,0.52342,0.30179,0.26419,0.41233,0.085332,1.1719,0.35765,0.4311,0.12392,-0.18598,-0.1752,0.24507,0.01916,-0.36445,-0.44467,-0.22066,-0.67486,-0.0062881,-0.094907,0.41674,0.47758,0.58218,0.22704,0.02911,-0.13296,0.53213,0.34209,-0.25282,-0.27231,0.1584,-0.28987,-0.33719,-0.29891,-0.1442,-0.21404,0.055263,-0.028058,-0.12878,0.0073747,0.025409,0.26792,0.25015,0.13195,0.65532,0.49524,0.34822,-0.24742,-0.29393,0.7273,0.6146,0.32827,0.58698,0.33634,0.23011,-0.14711,-0.16237,0.047849,-0.041611,-0.108,-0.35706,-0.19003,-0.14048,-0.48462,-0.60643,0.10956,-0.040288,-0.0091338,0.12841,0.028504,-0.15156,0.14439,0.069722,-0.26727,-0.55214,-0.45077,-0.84336,-0.17984,-0.29651,-0.52964,-0.23902,0.010057,-0.03932,0.40581,0.1064,-0.19098,-0.16337
0.51509,0.44154,-0.80228,-0.6074,0.45661,0.56042,0.63636,0.99932,0.51715,0.69648,0.41182,0,-0.18714,0.10928,-0.095076,0.25028,-0.49562,-0.41012,-0.58985,0.017642,0.062227,-0.036528,0.0014073,0.3951,0.11763,-0.035894,0.14978,-0.036998,0.24263,0.41511,0.26993,0.20141,-0.39003,-0.22631,-0.23574,0.01652,-0.27688,-0.17013,-0.21392,0.47825,0.63315,0.52651,0.41903,0.49948,0.19782,0.087644,-0.23907,-0.53653,0.26602,-0.22899,-0.20444,0.017033,0.16498,0.1448,-0.26327,0.22607,0.10244,-0.2663,-0.196,-0.027636,0.97134,0.22362,0.38913,0.19631,0.1175,-0.25858,-0.3395,0.25792,0.23443,0.17979,0.21274,0.081777,-0.048089,-0.029663,-0.1017,-0.40493,-0.58094,-0.67978,-0.53306,-0.60502,-0.69745,-0.85676,-0.81486,-0.56731,-0.63018,-0.7882,-0.7841,-0.34806,-0.32345,-0.032286,-0.038013,-1.012,-0.3114,-0.40847,-0.26692,-0.11131,0.13548,-0.30479,-0.08087,-0.15282,-0.16025,0.11571,-0.061823,-0.11532,-0.2655
-0.26627,-0.24573,0.37733,0.067343,0.58473,-0.25505,-0.044017,-0.13477,-0.056579,-0.034639,0.13093,-0.18714,0,0.93201,0.51949,0.22688,0.95825,0.78468,0.61716,0.65955,0.14563,0.36404,0.28229,0.29765,0.22347,0.5112,0.48519,0.50133,0.20299,-0.061501,-0.025358,-0.34265,1.0584,0.33627,0.4017,0.16124,0.62754,0.10671,0.8633,0.51277,0.12405,0.28515,-0.81018,-0.74935,0.073213,-0.017947,-0.064022,-0.19591,-0.51219,0.87065,0.4934,-0.5706,-0.24724,-0.60843,-0.12845,-0.1739,0.021266,-0.042355,-0.049736,0.20543,-0.070478,-0.73874,-0.27026,-0.56325,-0.43163,-0.12172,-0.18231,-0.10911,0.060622,-0.49767,-0.22074,-0.46843,-0.43807,-0.39397,-0.4535,0.51215,0.23783,0.78477,0.53497,0.64816,0.53482,0.45786,0.20154,0.4697,0.37151,0.57356,0.43435,-0.08648,-0.1781,0.1761,-0.12648,0.46155,-0.28747,0.17376,-0.23725,0.19321,-0.12405,0.30424,0.36048,-0.18792,-0.58188,0.028851,-0.38427,-0.1986,-0.10463
-0.023532,0.18691,-0.015654,-0.22421,0.66917,0.2831,0.01506,0.26126,-0.0065057,-0.045164,-0.00085027,0.10928,0.93201,0,0.32433,0.31419,0.67691,0.87461,0.34192,0.55958,0.44213,0.40754,0.51416,0.70459,0.15768,0.45726,0.48695,0.49592,0.49203,0.32267,-0.022916,-0.36862,0.69019,0.41351,0.071521,0.51177,0.15527,0.034919,0.35191,0.6519,0.37478,0.56208,-0.50224,-0.17269,-0.32504,-0.3732,-0.058679,-0.30823,-0.079734,0.95378,0.7411,-0.34234,-0.093614,-0.23071,-0.26065,0.18733,0.35511,-0.18196,0.012373,-0.18959,0.086591,-0.83313,-0.50245,-0.74463,-0.63478,-0.11986,-0.24526,-0.2422,-0.10877,-0.54325,-0.46109,-0.59543,-0.57874,-0.38461,-0.40229,0.15673,-0.10995,0.35434,0.33725,0.1938,0.27939,0.18213,0.070734,0.19878,0.10654,0.24394,0.091497,-0.2386,-0.17774,-0.053329,-0.2916,0.30845,0.13013,0.041294,-0.074464,0.076981,0.031966,0.50201,0.56657,-0.44297,-0.9161,-0.14454,-0.57756,0.024765,-0.021731
-0.097211,-0.48828,0.3221,0.10505,0.40995,-0.30361,-0.12324,-0.20937,0.33564,0.065467,0.35162,-0.095076,0.51949,0.32433,0,0.31589,0.56119,0.31948,0.29981,0.418,0.38157,0.34979,0.28421,-0.0021059,0.34284,0.39239,0.53116,0.46709,-0.1139,-0.36985,-0.04821,0.009186,0.30094,0.092094,0.20494,-0.010619,0.22959,-0.035116,0.51546,0.42309,0.26424,0.21655,-0.40666,-0.33255,0.24324,0.24399,0.13165,0.16985,-0.18632,0.32984,0.24402,-0.16613,-0.23036,-0.30182,-0.080514,-0.18694,0.098239,0.29144,0.37935,0.57267,-0.014318,-0.27691,0.15253,-0.1099,-0.12784,0.15572,0.15444,0.29277,0.45821,-0.016926,0.31039,0.068444,0.12484,-0.13383,-0.13164,0.48022,0.34591,0.27655,0.091223,0.23822,0.28581,0.19326,0.048386,0.063914,0.16896,0.3014,0.34898,0.20585,0.020715,0.22322,0.10522,0.26149,-0.21805,0.2401,-0.17011,0.02403,-0.22091,0.06197,-0.033811,-0.16044,-0.24767,0.40508,-0.04977,-0.29124,-0.10185
0.062009,0.078831,-0.19819,-0.35704,0.47516,0.25138,0.179,0.32679,0.39145,0.093525,0.28588,0.25028,0.22688,0.31419,0.31589,0,0.29125,0.27897,0.22861,0.55128,0.70318,0.97242,0.50217,0.47206,0.26646,0.34412,0.59799,0.82857,0.19942,0.15554,-0.18211,-0.2072,-0.04175,-0.24949,-0.19992,-0.029851,-0.25294,-0.017699,0.1085,0.61719,0.57506,0.53465,-0.13835,0.049925,-0.19208,-0.26057,-0.44884,-0.48018,0.3058,0.39247,0.40725,-0.18747,0.0073798,0.19869,0.025547,0.53476,0.43623,-0.22569,0.018467,-0.24324,0.60774,-0.087299,0.035022,-0.1121,-0.07551,-0.42957,-0.47197,0.090585,0.36323,-0.26061,0.10921,-0.22232,-0.19022,-0.35215,-0.35005,-0.25181,-0.13129,0.031222,-0.049479,0.17332,0.10166,-0.18451,-0.54835,0.13321,-0.063922,0.19028,0.060908,-0.44403,-0.29346,-0.3453,-0.31718,-0.03381,-0.010705,0.1934,-0.05451,0.1865,-0.082087,-0.02243,0.14543,-0.23194,-0.73138,-0.16906,-0.45881,0.27643,0.20402
-0.25961,-0.22601,0.55426,0.23641,0.21971,-0.31049,-0.35437,-0.24421,0.0088438,-0.14111,0.052232,-0.49562,0.95825,0.67691,0.56119,0.29125,0,0.94266,1.1875,0.94367,0.57035,0.60751,0.73561,0.30121,0.31962,0.60845,0.49057,0.696,0.099008,-0.20253,-0.19214,-0.40069,0.63019,0.14818,0.079074,0.12627,0.23553,0.079811,0.6851,0.43407,0.12931,0.27573,-0.98119,-0.59843,-0.15082,-0.22618,-0.06875,-0.098058,-0.16083,0.67291,0.40491,-0.5017,-0.15443,-0.20072,0.088096,0.15061,0.3672,0.082391,0.18764,0.012562,-0.35909,-0.66794,-0.33074,-0.46918,-0.32256,-0.14973,-0.22655,-0.14659,0.067748,-0.52778,-0.33947,-0.45839,-0.48432,-0.50812,-0.54915,0.50898,0.4242,0.79753,0.49437,0.45574,0.54424,0.54593,0.26879,0.71468,0.58692,0.83701,0.82381,1.2903e-07,-0.043655,0.057542,-0.23035,0.68709,0.057532,0.24372,-0.014062,0.34203,0.014779,0.42283,0.46784,-0.087598,-0.5031,-0.0074497,-0.31509,0.076212,0.23239
-0.33131,-0.13898,0.6334,0.35178,0.12483,-0.045647,-0.13577,-0.089911,-0.054565,-0.086756,-0.077991,-0.41012,0.78468,0.87461,0.31948,0.27897,0.94266,0,0.86682,0.65093,0.30486,0.39622,0.54895,0.27722,0.33771,0.76389,0.2074,0.30567,0.28795,0.047127,0.091816,-0.25443,0.63539,0.42292,0.071595,0.2751,0.25347,0.4498,0.62861,0.3566,0.056754,0.14084,-0.64695,-0.41026,-0.3813,-0.31332,-0.10167,-0.086102,-0.036138,0.73768,0.53519,-0.17401,-0.17864,-0.15489,0.068908,0.057199,0.11124,-0.116,-0.0036788,-0.033779,-0.17575,-0.56587,-0.38967,-0.65293,-0.50959,-0.13401,-0.19711,-0.1972,-0.034264,-0.57342,-0.42532,-0.6449,-0.49534,-0.45041,-0.40899,0.38531,0.37469,0.95655,0.84182,0.55517,0.93916,0.6724,0.44895,0.90615,0.83075,0.96156,0.79538,-0.06447,-0.02879,-0.18716,-0.22667,0.60638,0.2321,0.31565,0.17087,0.46793,0.16095,0.52696,0.36132,-0.066991,-0.52162,-0.022783,-0.18532,0.21108,0.36282
-0.4459,-0.41483,0.70227,0.33988,-0.16808,-0.54096,-0.43512,-0.43884,0.13067,-0.037202,0.21468,-0.58985,0.61716,0.34192,0.29981,0.22861,1.1875,0.86682,0,0.89123,0.3204,0.42829,0.67663,0.029464,0.56033,0.62579,0.2596,0.33659,-0.090308,-0.39339,-0.019603,-0.28951,0.30755,0.059021,0.053052,-0.10031,0.29992,0.1586,0.76863,0.16019,-0.10028,-0.092153,-0.55976,-0.65443,-0.020786,-0.096963,-0.31785,-0.14761,-0.12055,0.27054,0.15004,-0.46929,-0.23744,-0.27585,0.29585,-0.026819,0.0084012,-0.019916,0.058978,-0.033755,-0.48609,-0.33763,-0.22128,-0.24359,-0.26666,-0.42759,-0.44031,-0.024036,0.084576,-0.43053,-0.32814,-0.33414,-0.33182,-0.71377,-0.63358,0.42015,0.37799,0.68187,0.37625,0.53634,0.65696,0.57494,0.28695,1.3388,1.0096,1.2747,1.4688,0.022921,-0.074713,-0.12409,-0.2217,0.57434,0.054012,0.04681,-0.048382,0.29168,-0.026406,0.060123,0.17632,0.10601,-0.27156,-0.053685,-0.16749,0.31222,0.51119
0.060664,-0.10264,0.18376,-0.10614,0.29643,-0.13831,-0.012126,0.13562,0.55915,0.35004,0.52342,0.017642,0.65955,0.55958,0.418,0.55128,0.94367,0.65093,0.89123,0,0.62752,0.80963,1.2353,0.64242,0.91758,0.84577,0.80971,0.669,0.12482,-0.090798,-0.030008,-0.46617,0.11627,-0.26332,-0.27902,-0.19636,-0.049644,0.063915,0.75235,0.92198,0.57068,0.60945,-0.72466,-0.40645,0.043382,-0.10822,-0.17848,-0.30823,0.0056656,0.29058,0.025441,-0.80079,0.062844,0.016777,0.31176,0.33135,0.28242,0.10408,0.19662,0.0046063,-0.0030178,-0.39578,-0.012582,-0.17799,-0.10646,-0.38158,-0.55183,-0.0027057,0.15543,-0.43365,-0.15593,-0.35195,-0.4364,-0.62839,-0.68265,0.34675,0.15225,0.39304,0.12775,0.10854,0.22325,-0.0099009,-0.27829,0.56226,0.35357,0.50967,0.59407,-0.010097,-0.056674,0.079379,-0.086872,0.11005,-0.25256,-0.13835,-0.38667,0.35712,-0.0046492,0.030748,0.11254,-0.045979,-0.55646,0.019956,-0.28643,-0.064491,0.028955
0.20446,0.19461,-0.22919,-0.34972,0.29486,0.26028,-0.094383,0.26627,0.41799,0.018661,0.30179,0.062227,0.14563,0.44213,0.38157,0.70318,0.57035,0.30486,0.3204,0.62752,0,1.1434,1.0607,0.64543,0.34754,0.30755,0.62214,0.87137,0.23842,0.21681,-0.20099,-0.29768,-0.081503,-0.29135,-0.56698,-0.075093,-0.51752,-0.29203,-0.064307,0.57663,0.68378,0.64762,-0.29115,0.16136,-0.41549,-0.55319,-0.1765,-0.30442,0.66183,0.29386,0.3195,-0.20393,0.0063595,0.29248,-0.1335,0.84223,0.88115,-0.1027,0.20829,-0.41274,0.083143,-0.23355,-0.06186,-0.096621,-0.049137,-0.12225,-0.24745,0.14502,0.27786,-0.11053,0.0091592,-0.17686,-0.28589,-0.28812,-0.32635,-0.26818,-0.15445,-0.00044278,-0.086514,-0.26686,-0.11721,-0.2245,-0.37687,0.083159,-0.076919,0.019777,0.059208,-0.30454,-0.18494,-0.22985,-0.41354,0.16925,0.29925,-0.0627,-0.09496,0.060444,-0.0068932,0.29541,0.32522,-0.23776,-0.48928,-0.01419,-0.33213,0.20132,0.14831
0.10683,-0.026216,-0.14867,-0.41669,0.49016,0.19888,0.022766,0.16685,0.3484,0.016315,0.26419,-0.036528,0.36404,0.40754,0.34979,0.97242,0.60751,0.39622,0.42829,0.80963,1.1434,0,0.87709,0.68751,0.37697,0.40814,0.75938,1.2591,0.19411,0.20336,-0.3079,-0.43267,0.084494,-0.30729,-0.35434,-0.15597,-0.26999,-0.07215,0.19282,0.66592,0.63114,0.64232,-0.44405,-0.017627,-0.3606,-0.52108,-0.14395,-0.23951,0.34605,0.43715,0.35116,-0.55765,0.033151,0.21103,0.041242,0.63462,0.63557,-0.029937,0.23806,-0.30747,0.16748,-0.32757,-0.11709,-0.23966,-0.074988,-0.15132,-0.26427,-0.029395,0.14947,-0.40886,0.047874,-0.37861,-0.33138,-0.40345,-0.41614,-0.16673,-0.082725,0.1707,0.030843,0.059282,0.043758,-0.19284,-0.48751,0.18879,-0.010702,0.2124,0.18785,-0.2817,-0.14435,-0.19993,-0.29629,0.18165,-0.0098249,-0.014668,-0.21939,0.1095,-0.23009,0.13295,0.047605,-0.33596,-0.67154,-0.26681,-0.53375,0.068444,0.03591
0.18426,0.094146,-0.012627,-0.20444,0.11619,0.024381,-0.092328,0.20259,0.54375,0.14381,0.41233,0.0014073,0.28229,0.51416,0.28421,0.50217,0.73561,0.54895,0.67663,1.2353,1.0607,0.87709,0,0.76271,0.77384,0.57084,0.75024,0.66017,0.23382,0.067474,-0.023472,-0.46005,-0.13821,-0.41379,-0.61832,-0.16168,-0.3899,-0.077265,0.28146,0.75519,0.67631,0.61257,-0.43566,-0.092016,-0.27122,-0.38647,-0.19402,-0.28444,0.42576,0.15956,0.04619,-0.50566,0.21915,0.33018,0.27513,0.73986,0.55816,0.058922,0.26129,-0.31385,-0.1241,-0.28078,-0.077848,-0.14624,-0.11956,-0.34357,-0.49663,0.0097914,0.080481,-0.30933,-0.22302,-0.30977,-0.42883,-0.58515,-0.56146,0.052067,-0.020602,0.14729,-0.022917,-0.22023,0.011971,-0.13887,-0.29894,0.385,0.21743,0.29843,0.4069,-0.081053,-0.05671,-0.18501,-0.25268,0.18663,0.1562,-0.16265,-0.20167,0.29216,0.11521,0.1003,0.16606,-0.033068,-0.5285,-0.089898,-0.34098,0.12318,0.10127
0.55239,0.58924,-0.4352,-0.58202,0.55945,0.54399,0.38127,0.77514,0.24574,0.13,0.085332,0.3951,0.29765,0.70459,-0.0021059,0.47206,0.30121,0.27722,0.029464,0.64242,0.64543,0.68751,0.76271,0,0.1933,0.32544,0.68156,0.69307,0.69717,0.68879,-0.063764,-0.45763,0.068421,-0.16858,-0.39706,0.21065,-0.31929,-0.038718,0.040953,1.0403,0.92087,1.3015,-0.35471,0.22423,-0.48831,-0.58906,0.056569,-0.31953,0.24132,0.34511,0.16148,-0.49907,0.51462,0.45052,0.0026749,0.81819,0.65559,-0.049092,0.1013,-0.36524,0.35817,-0.51033,-0.30992,-0.49103,-0.31758,-0.092718,-0.29258,-0.25859,-0.121,-0.56507,-0.34871,-0.6276,-0.70933,-0.30658,-0.38714,-0.095984,-0.32279,0.0031087,-0.015481,-0.34791,-0.25095,-0.40763,-0.51062,-0.089858,-0.28602,-0.18696,-0.2403,-0.2411,-0.096201,-0.027617,-0.20266,-0.13449,-0.003702,-0.069377,-0.19984,0.22024,0.1582,0.2785,0.30401,-0.40354,-0.83624,-0.23471,-0.5206,-0.15371,-0.26768
0.1305,-0.20163,0.1822,-0.049125,0.018843,-0.21424,0.18736,0.13032,1.2217,0.73649,1.1719,0.11763,0.22347,0.15768,0.34284,0.26646,0.31962,0.33771,0.56033,0.91758,0.34754,0.37697,0.77384,0.1933,0,0.74167,0.46112,0.14309,-0.13035,-0.19081,0.20129,-0.15823,-0.26683,-0.36153,-0.36418,-0.57693,-0.073139,0.20846,0.69473,0.58887,0.54977,0.27118,-0.26695,-0.25948,0.29809,0.20447,-0.1198,-0.10789,0.14849,-0.119,-0.25415,-0.44327,-0.026923,-0.041957,0.36519,0.045675,-0.080476,0.161,0.17913,0.25786,0.02923,-0.013136,0.44804,0.27757,0.26376,-0.2047,-0.28791,0.39178,0.34518,0.074388,0.32115,0.094498,0.074702,-0.24555,-0.22271,0.3096,0.22459,0.20313,-0.041723,-0.049304,0.19111,-0.24214,-0.35976,0.44231,0.29521,0.35807,0.5418,0.20843,0.072653,0.12896,0.15544,-0.077317,-0.40518,-0.33369,-0.66529,0.086467,-0.18084,-0.29866,-0.2671,0.0511,-0.12848,0.26494,0.12563,-0.15376,-0.057407
-0.11889,-0.058432,0.54305,0.29524,0.21485,0.10291,0.33407,0.27405,0.42622,0.60526,0.35765,-0.035894,0.5112,0.45726,0.39239,0.34412,0.60845,0.76389,0.62579,0.84577,0.30755,0.40814,0.57084,0.32544,0.74167,0,0.13719,0.16253,0.35061,0.21237,0.40679,0.16764,0.20417,0.25327,-0.1714,-0.0092111,0.17872,0.59209,0.76617,0.557,0.33749,0.39868,-0.51796,-0.12092,-0.10882,-0.15775,-0.12077,-0.23937,0.062321,0.39863,0.1624,-0.37255,-0.1961,-0.059532,0.02622,-0.019569,0.021848,-0.13006,-0.090478,0.27234,0.089294,-0.15375,0.18396,-0.26713,-0.13841,-0.093434,-0.28377,0.20989,0.47282,-0.22453,0.054493,-0.53925,-0.48029,-0.33548,-0.49868,0.50551,0.57094,0.76795,0.65577,0.34029,0.64738,0.19047,0.040143,0.62813,0.51879,0.69785,0.64579,-0.063546,-0.084471,-0.05482,-0.1259,-0.019471,-0.25386,0.050105,-0.25184,0.43624,0.071771,0.1211,0.0027722,-0.0064046,-0.29725,0.36561,0.16893,-0.2371,0.083244
0.34446,-0.019737,-0.29321,-0.63054,0.58632,-0.10683,-0.0077278,0.15011,0.46459,-0.012784,0.4311,0.14978,0.48519,0.48695,0.53116,0.59799,0.49057,0.2074,0.2596,0.80971,0.62214,0.75938,0.75024,0.68156,0.46112,0.13719,0,1.1049,0.055056,-0.15211,-0.46204,-0.9143,0.093629,-0.4863,-0.067904,-0.06967,-0.18865,-0.27951,0.33446,0.93856,0.7891,0.69997,-0.55659,-0.36188,0.073382,-0.02449,0.075,-0.060523,-0.12342,0.32069,0.17116,-0.72295,0.27938,0.049328,0.28808,0.42352,0.46063,0.34403,0.50649,0.0049609,0.14727,-0.56547,-0.14859,-0.13673,-0.056907,-0.13863,-0.18134,-0.05625,-0.021099,-0.2992,0.020701,0.0031965,-0.034523,-0.23359,-0.18837,0.15362,-0.13926,-0.045772,-0.30444,-0.09647,-0.14223,-0.32744,-0.54445,-0.047753,-0.21773,0.031639,0.056198,0.065393,0.023574,0.28859,0.055172,0.11275,-0.27448,0.021365,-0.43569,-0.068563,-0.32804,0.010916,0.15583,-0.37274,-0.84286,-0.20866,-0.71844,-0.1329,-0.29187
0.098294,-0.062667,-0.18208,-0.45682,0.60284,0.03295,-0.049105,0.11764,0.1867,-0.19573,0.12392,-0.036998,0.50133,0.49592,0.46709,0.82857,0.696,0.30567,0.33659,0.669,0.87137,1.2591,0.66017,0.69307,0.14309,0.16253,1.1049,0,0.17991,0.059316,-0.54653,-0.63454,0.31753,-0.23164,0.0033498,0.11121,-0.083646,-0.14674,0.23057,0.7336,0.61202,0.65426,-0.57079,-0.20213,-0.3034,-0.42107,0.0093263,-0.096046,0.020689,0.53491,0.3924,-0.57702,0.1236,0.10362,0.038095,0.5573,0.72526,0.11723,0.36683,-0.21933,0.18884,-0.63396,-0.32394,-0.4241,-0.20355,-0.088961,-0.14548,-0.15514,0.021487,-0.58862,-0.067729,-0.33578,-0.27768,-0.35024,-0.34642,-0.0099635,-0.068647,0.10725,-0.067044,0.078546,-0.057057,-0.1122,-0.38413,0.023441,-0.14864,0.13268,0.080149,-0.17563,-0.11808,0.039411,-0.26185,0.29766,-0.052525,0.25072,-0.086624,0.0088477,-0.2913,0.13379,0.26745,-0.54918,-0.97288,-0.37597,-0.90844,0.049717,-0.019495
0.016683,0.39259,-0.077971,-0.030188,0.23152,0.55773,0.44939,0.71244,-0.1447,0.047233,-0.18598,0.24263,0.20299,0.49203,-0.1139,0.19942,0.099008,0.28795,-0.090308,0.12482,0.23842,0.19411,0.23382,0.69717,-0.13035,0.35061,0.055056,0.17991,0,1.0873,0.47792,0.083784,0.2466,0.25631,-0.10473,0.45225,0.018794,0.1073,-0.19253,0.3567,0.23412,0.39812,-0.20921,0.21262,-0.82909,-0.92104,-0.2043,-0.47485,0.25423,0.35798,0.29354,-0.067676,0.074692,0.15042,-0.49549,0.3133,0.13892,-0.69648,-0.6057,-0.26997,0.31961,-0.0889,-0.18247,-0.75773,-0.61702,-0.089163,-0.23975,0.16669,0.25309,-0.25229,-0.25653,-0.8673,-0.99548,-0.25952,-0.47121,-0.20778,-0.087208,0.15909,0.41919,-0.18824,-0.044688,0.064979,0.079193,0.077275,0.025153,-0.089796,-0.18109,-0.75769,-0.66735,-0.34953,-0.75568,-0.22482,0.19378,0.26279,0.28177,0.32071,0.3753,0.36355,0.33247,-0.11438,-0.44344,0.074813,-0.15929,0.010332,0.093705
0.26036,0.67169,-0.34926,-0.2476,0.31702,1.1411,0.73438,0.96595,-0.062071,0.17168,-0.1752,0.41511,-0.061501,0.32267,-0.36985,0.15554,-0.20253,0.047127,-0.39339,-0.090798,0.21681,0.20336,0.067474,0.68879,-0.19081,0.21237,-0.15211,0.059316,1.0873,0,0.32736,0.21057,0.04572,0.24704,-0.30511,0.31084,-0.14714,0.20668,-0.35807,0.27624,0.35679,0.50386,0.083428,0.70003,-0.83124,-0.86919,-0.021578,-0.33454,0.47031,0.24327,0.25151,0.036927,0.16442,0.34861,-0.51797,0.38129,0.23748,-0.56192,-0.44766,-0.38238,0.51861,-0.0089298,-0.09089,-0.44699,-0.27248,0.14407,-0.027277,0.0044,0.084976,-0.16458,-0.080805,-0.67777,-0.62718,0.026169,-0.12919,-0.42627,-0.24626,-0.0084534,0.26294,-0.29022,-0.18294,-0.27284,-0.19026,-0.21423,-0.31208,-0.36047,-0.52269,-0.57971,-0.33718,-0.33533,-0.44863,-0.33963,0.16055,0.015628,0.09059,0.096371,0.21949,0.27487,0.13111,-0.31064,-0.26908,-0.078422,-0.068381,-0.099302,-0.11919
-0.21824,-0.036245,0.25621,0.44022,-0.28955,0.0026725,0.35175,0.23655,0.16269,0.48962,0.24507,0.26993,-0.025358,-0.022916,-0.04821,-0.18211,-0.19214,0.091816,-0.019603,-0.030008,-0.20099,-0.3079,-0.023472,-0.063764,0.20129,0.40679,-0.46204,-0.54653,0.47792,0.32736,0,0.84258,-0.14964,0.19054,-0.11474,-0.09329,0.24471,0.21125,0.036033,-0.017013,-0.067633,-0.14512,0.31603,0.1781,-0.030708,-0.053116,-0.44391,-0.43722,0.30353,-0.33042,-0.34831,0.28631,-0.20784,-0.11308,-0.389,-0.1995,-0.46845,-0.61431,-0.7811,0.12911,0.086678,0.48601,0.44311,-0.04464,-0.22861,-0.27059,-0.33349,0.62499,0.57757,0.20951,0.02896,-0.28405,-0.40234,-0.3312,-0.45474,-0.067948,0.049113,0.11107,0.2749,-0.16757,0.024877,0.1441,0.2148,0.26011,0.38836,0.013818,0.086783,-0.35591,-0.52532,-0.45034,-0.35106,-0.33133,0.0078091,-0.13343,0.11816,0.39979,0.57091,-0.18114,-0.15968,0.50307,0.28825,0.67042,0.51989,-0.076274,0.15473
-0.21853,-0.049086,0.22004,0.4798,-0.22529,0.12458,0.31842,0.1105,0.023916,0.38599,0.01916,0.20141,-0.34265,-0.36862,0.009186,-0.2072,-0.40069,-0.25443,-0.28951,-0.46617,-0.29768,-0.43267,-0.46005,-0.45763,-0.15823,0.16764,-0.9143,-0.63454,0.083784,0.21057,0.84258,0,-0.19958,0.36805,0.044733,0.033956,0.22514,0.28327,-0.13941,-0.34373,-0.22836,-0.28536,0.62294,0.51517,0.058904,0.10273,-0.22098,-0.14301,0.27033,-0.32843,-0.21592,0.57111,-0.33044,-0.061618,-0.46914,-0.35498,-0.30422,-0.39078,-0.44524,0.27037,0.16302,0.64443,0.53026,0.15047,0.041303,0.035237,0.026432,0.48977,0.58552,0.37551,0.30604,-0.036019,-0.022627,0.039907,-0.063368,-0.086665,0.18887,-0.0317,0.16433,-0.0098824,0.018355,0.090059,0.19514,-0.090511,0.091617,-0.094071,-0.10009,-0.19208,-0.24421,-0.35712,-0.14412,-0.35066,-0.0027368,-0.0083618,0.20707,0.11701,0.30298,-0.23651,-0.27054,0.28637,0.52077,0.58148,0.67954,-0.10145,0.15288
-0.45705,-0.25374,0.44087,0.23276,0.40826,-0.1122,-0.11767,-0.20394,-0.52376,-0.31103,-0.36445,-0.39003,1.0584,0.69019,0.30094,-0.04175,0.63019,0.63539,0.30755,0.11627,-0.081503,0.084494,-0.13821,0.068421,-0.26683,0.20417,0.093629,0.31753,0.2466,0.04572,-0.14964,-0.19958,0,0.8505,0.78921,0.56419,0.81804,0.23079,0.46402,0.10572,-0.21276,0.0048356,-0.69759,-0.55929,-0.19903,-0.19317,0.19103,0.10189,-0.65219,0.97867,0.66661,-0.2069,-0.37699,-0.65907,-0.35673,-0.3606,-0.033247,-0.095319,-0.1002,0.16608,-0.088032,-0.81292,-0.55618,-0.89319,-0.56124,0.21907,0.19701,-0.25538,-0.11375,-0.54806,-0.29161,-0.52347,-0.35389,-0.10094,-0.16589,0.42879,0.31128,0.75154,0.74274,0.72678,0.56896,0.7414,0.58731,0.28625,0.29832,0.42725,0.24694,-0.074429,-0.1152,0.23754,-0.1749,0.54219,-0.06518,0.48052,0.17694,0.032826,-0.15994,0.52111,0.45726,-0.38656,-0.41528,-0.066916,-0.31705,-0.089842,0.057906
-0.41053,-0.031566,0.43967,0.39127,0.093319,0.16856,0.052375,-0.061589,-0.47889,-0.11171,-0.44467,-0.22631,0.33627,0.41351,0.092094,-0.24949,0.14818,0.42292,0.059021,-0.26332,-0.29135,-0.30729,-0.41379,-0.16858,-0.36153,0.25327,-0.4863,-0.23164,0.25631,0.24704,0.19054,0.36805,0.8505,0,0.64862,0.80625,0.74566,0.44204,0.19593,-0.22857,-0.42271,-0.22784,-0.10082,0.016452,-0.27961,-0.16106,0.16287,0.12866,-0.36098,0.52812,0.54841,0.19936,-0.44023,-0.50758,-0.50022,-0.61003,-0.23726,-0.28088,-0.24578,0.18137,-0.015928,-0.37503,-0.42839,-0.67925,-0.61637,0.30942,0.2795,-0.12986,-0.0098051,-0.27792,-0.25821,-0.45368,-0.23794,0.046287,-0.0057167,0.3014,0.2618,0.49053,0.70425,0.56172,0.60639,0.64307,0.75041,0.18047,0.27785,0.30061,0.10603,-0.054891,-0.056696,0.010311,-0.13653,0.21196,0.13228,0.32542,0.29223,-0.082545,-0.013311,0.39244,0.27801,-0.35369,-0.095959,0.11429,0.094458,-0.0016175,0.22785
-0.38608,-0.39127,0.31002,0.19079,0.092987,-0.42584,-0.047838,-0.34692,-0.36961,-0.25536,-0.22066,-0.23574,0.4017,0.071521,0.20494,-0.19992,0.079074,0.071595,0.053052,-0.27902,-0.56698,-0.35434,-0.61832,-0.39706,-0.36418,-0.1714,-0.067904,0.0033498,-0.10473,-0.30511,-0.11474,0.044733,0.78921,0.64862,0,0.54654,1.1484,0.20942,0.36754,-0.21534,-0.42959,-0.42479,-0.098964,-0.44845,0.17487,0.25396,0.12314,0.24781,-0.97091,0.25328,0.23588,-0.0317,-0.29597,-0.78809,-0.13982,-0.79542,-0.36527,0.0027574,-0.037673,0.4546,0.0093285,-0.4364,-0.3663,-0.43636,-0.4007,0.10013,0.23838,-0.061863,-0.054192,-0.29238,-0.073576,-0.065871,0.1176,0.002947,0.047406,0.39902,0.21658,0.21575,0.17629,0.63559,0.3043,0.47505,0.44694,0.072911,0.13571,0.22921,0.10848,0.083027,-0.080114,0.29358,0.04993,0.21023,-0.28615,0.4896,0.15468,-0.25764,-0.32213,-0.037013,0.1614,-0.34356,-0.19329,-0.049096,-0.19791,0.018519,0.13192
-0.044256,0.32482,-0.019492,-0.014551,0.24524,0.35609,0.051267,0.22976,-0.49272,-0.31072,-0.67486,0.01652,0.16124,0.51177,-0.010619,-0.029851,0.12627,0.2751,-0.10031,-0.19636,-0.075093,-0.15597,-0.16168,0.21065,-0.57693,-0.0092111,-0.06967,0.11121,0.45225,0.31084,-0.09329,0.033956,0.56419,0.80625,0.54654,0,0.24976,0.21255,-0.058921,0.0082045,-0.087318,0.090669,-0.065357,0.18278,-0.50726,-0.36087,0.11927,0.0037144,-0.23786,0.53345,0.57942,0.072713,0.024218,-0.051705,-0.22853,-0.016766,0.28387,-0.1701,0.021973,-0.086644,0.11672,-0.57996,-0.81627,-0.91868,-0.7507,0.067397,0.045254,-0.40447,-0.26791,-0.52569,-0.57472,-0.50597,-0.37163,-0.083652,-0.093096,0.12122,-0.012959,0.053826,0.23169,0.18386,0.13478,0.2742,0.35642,-0.11501,-0.072728,0.032454,-0.17609,-0.18786,-0.081582,-0.066439,-0.23902,0.07279,0.2765,0.46142,0.4718,-0.052394,0.12016,0.43409,0.57263,-0.51027,-0.57788,-0.24954,-0.39873,0.20943,0.22884
-0.53955,-0.53347,0.61676,0.41537,0.014633,-0.49246,0.059939,-0.35499,-0.21901,-0.029381,-0.0062881,-0.27688,0.62754,0.15527,0.22959,-0.25294,0.23553,0.25347,0.29992,-0.049644,-0.51752,-0.26999,-0.3899,-0.31929,-0.073139,0.17872,-0.18865,-0.083646,0.018794,-0.14714,0.24471,0.22514,0.81804,0.74566,1.1484,0.24976,0,0.37422,0.6467,-0.11786,-0.41726,-0.39631,-0.16453,-0.49749,0.15467,0.16745,0.017831,0.12638,-0.76721,0.19819,0.10271,-0.14737,-0.37058,-0.90998,-0.23319,-0.95856,-0.61641,-0.13879,-0.2725,0.47142,-0.078643,-0.31932,-0.17221,-0.47914,-0.48105,0.057885,0.12938,0.090558,0.12543,-0.33109,-0.064689,-0.31169,-0.12269,-0.20423,-0.20653,0.50291,0.3393,0.52648,0.44541,0.70089,0.47167,0.62746,0.53297,0.37198,0.44162,0.44238,0.36096,0.049659,-0.19199,0.16863,-0.057354,0.25799,-0.34432,0.30057,0.026718,-0.065676,-0.20583,-0.13204,-0.0067292,-0.18809,-0.05344,0.113,-0.0030991,-0.1291,0.11145
-0.048406,-0.030349,0.61281,0.49376,-0.0054998,0.10582,0.58269,0.19006,0.085045,0.31953,-0.094907,-0.17013,0.10671,0.034919,-0.035116,-0.017699,0.079811,0.4498,0.1586,0.063915,-0.29203,-0.07215,-0.077265,-0.038718,0.20846,0.59209,-0.27951,-0.14674,0.1073,0.20668,0.21125,0.28327,0.23079,0.44204,0.20942,0.21255,0.37422,0,0.57748,0.16589,0.075995,0.035976,-0.14668,0.031646,-0.19964,-0.012626,0.24273,0.28796,-0.10128,0.19409,0.042927,0.022758,0.080664,0.11799,0.23839,-0.20884,-0.13378,0.088153,0.018621,0.42477,0.20133,-0.14574,0.06587,-0.29326,0.012729,0.25309,0.21981,-0.13216,0.012344,-0.33504,0.087718,-0.42202,-0.096797,0.091549,0.089268,0.53778,0.79032,0.66028,0.69528,0.45683,0.67393,0.2247,0.21351,0.34149,0.35264,0.50055,0.38563,0.2429,0.28578,0.041702,0.20967,0.056278,-0.24478,0.46434,0.082906,0.3511,0.045968,0.043535,-0.14813,-0.15793,-0.11513,0.026637,0.25834,-0.1642,0.067441
-0.15335,-0.42445,0.65638,0.25524,0.22384,-0.48891,0.1201,-0.17578,0.36126,0.35696,0.41674,-0.21392,0.8633,0.35191,0.51546,0.1085,0.6851,0.62861,0.76863,0.75235,-0.064307,0.19282,0.28146,0.040953,0.69473,0.76617,0.33446,0.23057,-0.19253,-0.35807,0.036033,-0.13941,0.46402,0.19593,0.36754,-0.058921,0.6467,0.57748,0,0.47715,0.18192,0.14368,-0.57738,-0.66062,0.36123,0.35352,0.10262,0.11768,-0.54376,0.3017,0.0093812,-0.57583,-0.11805,-0.41256,0.34403,-0.36269,-0.16008,0.31379,0.2442,0.62346,-0.072938,-0.51433,0.026832,-0.20327,-0.066555,-0.055413,-0.089282,-0.042567,0.093301,-0.42256,0.025044,-0.22609,-0.079133,-0.29439,-0.27114,1.0495,0.61814,0.76815,0.38192,0.64938,0.66895,0.27914,0.082607,0.59394,0.51345,0.8216,0.81008,0.38623,0.20976,0.36905,0.29212,0.27659,-0.64108,0.10921,-0.42791,0.20011,-0.23061,-0.104,-0.053715,-0.13472,-0.31568,0.13126,-0.045311,-0.31037,-0.082288
0.51553,0.23244,-0.15619,-0.36903,0.77578,0.2283,0.52702,0.67016,0.6802,0.46302,0.47758,0.47825,0.51277,0.6519,0.42309,0.61719,0.43407,0.3566,0.16019,0.92198,0.57663,0.66592,0.75519,1.0403,0.58887,0.557,0.93856,0.7336,0.3567,0.27624,-0.017013,-0.34373,0.10572,-0.22857,-0.21534,0.0082045,-0.11786,0.16589,0.47715,0,1.3643,1.3463,-0.45824,-0.041158,-0.049905,-0.10841,0.028482,-0.25213,0.098393,0.33943,0.091484,-0.51356,0.3561,0.21572,0.094182,0.47942,0.47658,0.10837,0.19913,0.13805,0.536,-0.45625,0.098047,-0.25397,-0.058718,-0.10685,-0.245,0.021248,0.188,-0.39078,0.048688,-0.35152,-0.36446,-0.27235,-0.32713,0.20867,0.012367,0.16257,0.017359,-0.15621,-0.052466,-0.37501,-0.59832,0.018116,-0.13162,-0.005824,0.0011975,-0.057693,-0.057038,0.17229,0.028345,-0.13633,-0.39844,0.047512,-0.39688,0.3058,0.057356,0.10758,0.15655,-0.35633,-0.80188,0.041398,-0.31998,-0.29279,-0.31407
0.73844,0.41232,-0.46885,-0.60233,0.64159,0.38492,0.62528,0.85627,0.88485,0.50958,0.58218,0.63315,0.12405,0.37478,0.26424,0.57506,0.12931,0.056754,-0.10028,0.57068,0.68378,0.63114,0.67631,0.92087,0.54977,0.33749,0.7891,0.61202,0.23412,0.35679,-0.067633,-0.22836,-0.21276,-0.42271,-0.42959,-0.087318,-0.41726,0.075995,0.18192,1.3643,0,1.3785,-0.15045,0.26526,-0.070392,-0.12059,0.085966,-0.19879,0.37418,0.12879,-0.010756,-0.32464,0.38942,0.42595,0.087344,0.6963,0.68018,0.16622,0.32996,0.010132,0.59677,-0.26046,0.22422,0.021634,0.21149,-0.0050191,-0.15079,0.084459,0.18253,-0.11712,0.24771,-0.092317,-0.11768,-0.042049,-0.084309,-0.018448,-0.11414,-0.13116,-0.25049,-0.41657,-0.31082,-0.81142,-0.95431,-0.28111,-0.48239,-0.27274,-0.26708,-0.028868,0.055715,0.11869,0.065982,-0.24549,-0.30573,-0.098335,-0.49075,0.068018,-0.050473,-0.016529,0.080398,-0.37937,-0.61262,0.021641,-0.28073,-0.30345,-0.43089
0.73877,0.59565,-0.40211,-0.529,0.88552,0.5587,0.53417,0.85764,0.43619,0.34797,0.22704,0.52651,0.28515,0.56208,0.21655,0.53465,0.27573,0.14084,-0.092153,0.60945,0.64762,0.64232,0.61257,1.3015,0.27118,0.39868,0.69997,0.65426,0.39812,0.50386,-0.14512,-0.28536,0.0048356,-0.22784,-0.42479,0.090669,-0.39631,0.035976,0.14368,1.3463,1.3785,0,-0.34949,0.26285,-0.16565,-0.22759,0.15918,-0.24798,0.21947,0.39146,0.16505,-0.41913,0.45454,0.45995,0.022592,0.7277,0.82003,0.14791,0.26503,-0.046362,0.50582,-0.39353,0.024812,-0.17925,0.048513,0.04928,-0.14908,-0.16833,0.048492,-0.28379,-0.0015411,-0.32154,-0.38915,-0.049079,-0.16173,0.064805,-0.096636,0.0291,-0.036021,-0.28135,-0.20804,-0.56188,-0.70492,-0.26962,-0.45558,-0.22944,-0.29365,-0.075258,0.074463,0.16047,0.055994,-0.20939,-0.24506,-0.046921,-0.40056,0.22686,0.094013,0.26534,0.2442,-0.36817,-0.66659,-0.026394,-0.30464,-0.40761,-0.51235
0.13605,0.20811,-0.44334,-0.15545,-0.33545,0.14991,0.12701,0.058816,0.067043,0.051423,0.02911,0.41903,-0.81018,-0.50224,-0.40666,-0.13835,-0.98119,-0.64695,-0.55976,-0.72466,-0.29115,-0.44405,-0.43566,-0.35471,-0.26695,-0.51796,-0.55659,-0.57079,-0.20921,0.083428,0.31603,0.62294,-0.69759,-0.10082,-0.098964,-0.065357,-0.16453,-0.14668,-0.57738,-0.45824,-0.15045,-0.34949,0,0.77486,0.11124,0.18741,-0.3216,-0.1577,0.43263,-0.72683,-0.3215,0.61092,0.083597,0.17949,-0.13,-0.02158,-0.15219,-0.24643,-0.18221,-0.20721,0.18615,0.61331,0.2308,0.41271,0.1097,-0.22703,-0.10492,0.14521,0.015946,0.34164,0.086251,0.30173,0.28672,0.031375,0.16669,-0.63491,-0.55451,-0.78483,-0.57042,-0.35621,-0.47157,-0.37219,-0.22015,-0.41049,-0.31715,-0.5225,-0.51886,-0.14033,-0.092635,-0.52145,0.0030083,-0.35583,0.21973,-0.3287,0.11391,-0.21609,0.1942,-0.48798,-0.28963,0.16273,0.38326,-0.043595,0.1867,0.2751,0.094308
0.54375,0.73413,-0.56848,-0.31404,0.032307,0.89465,0.4498,0.59184,0.12033,0.17784,-0.13296,0.49948,-0.74935,-0.17269,-0.33255,0.049925,-0.59843,-0.41026,-0.65443,-0.40645,0.16136,-0.017627,-0.092016,0.22423,-0.25948,-0.12092,-0.36188,-0.20213,0.21262,0.70003,0.1781,0.51517,-0.55929,0.016452,-0.44845,0.18278,-0.49749,0.031646,-0.66062,-0.041158,0.26526,0.26285,0.77486,0,-0.37178,-0.28175,0.012824,-0.11668,0.74868,-0.26235,-0.05435,0.36934,0.31466,0.66566,-0.21707,0.38148,0.359,-0.18839,-0.012335,-0.28682,0.38472,0.28182,0.078771,0.0834,0.047172,0.12521,0.053657,-0.028514,0.018474,0.11135,0.041633,-0.091789,-0.072874,0.15632,0.15043,-0.55107,-0.40913,-0.52797,-0.27757,-0.54855,-0.45292,-0.60517,-0.3955,-0.56896,-0.55568,-0.63812,-0.70811,-0.1913,0.033384,-0.40283,-0.039246,-0.48996,0.26471,-0.22337,0.060583,-0.073447,0.25533,-2.9129e-05,-0.11653,-0.17685,0.074396,-0.044071,0.15863,0.018478,-0.07856
