,,,,,,,,,,,,,,,,,,,,,,,,,,,,,,,,,,,,,,,,,,,,,,,,,,,,,,,,,,,,,,,,,,,,,,,,,,,,,,,,,,,,,,,,,,,,,,,,,,,,,,,,
0,0.81888,-0.21168,-0.26848,0.37044,0.43778,0.57237,0.63586,0.37461,0.24125,0.13613,0.46752,-0.26177,-0.0014995,-0.29369,0.21142,-0.14809,-0.047053,-0.34918,0.3374,0.11842,0.17517,0.45419,0.76024,0.18511,-0.21957,0.37187,0.2607,0.27924,0.32266,-0.18096,-0.3637,-0.35036,-0.43094,-0.29671,0.047556,-0.20367,0.13733,-0.056826,0.59167,0.61823,0.51157,-0.13879,0.13913,-0.21147,-0.20986,0.26392,-0.0049655,0.29472,-0.098301,-0.12729,-0.084074,1.0456,0.81552,0.47727,0.47364,0.15696,0.23694,0.21206,0.051933,0.52815,-0.22291,-0.16569,-0.16681,-0.12366,0.014051,-0.039761,-0.35076,-0.36207,-0.38244,-0.27155,-0.23532,-0.17108,0.03343,0.29129,-0.02791,-0.084535,-0.24494,-0.28604,-0.43883,-0.35581,-0.29285,-0.4287,-0.28561,-0.41965,-0.38349,-0.39236,0.078229,0.19093,0.20674,0.29588,-0.16267,-0.090539,0.24033,0.00010195,0.20943,0.19139,0.22801,0.076186,-0.20562,-0.42873,-0.47505,-0.19735,0.25222,-0.11225
0.81888,0,-0.24018,-0.17527,0.32059,0.88067,0.5653,0.89948,0.19208,0.30519,0.054169,0.53353,-0.031861,0.30038,-0.44836,0.18698,-0.074646,0.15625,-0.23684,0.36449,0.31618,0.25033,0.492,0.88275,0.23872,0.22538,0.19753,0.11377,0.59297,0.79716,0.02598,-0.095594,-0.13832,-0.057304,-0.23401,0.34799,-0.21626,0.23979,-0.089565,0.7497,0.78683,0.91649,0.04675,0.49634,-0.36831,-0.3538,0.045481,-0.36356,0.37674,0.13862,0.082882,-0.039551,0.39499,0.6399,0.06127,0.74189,0.57087,-0.11346,-0.0087349,-0.2371,0.55907,-0.31392,-0.28315,-0.28118,-0.19021,0.019252,-0.18325,-0.31084,-0.17716,-0.2047,-0.18793,-0.31626,-0.34221,0.44967,0.27974,-0.20606,-0.064681,0.017788,0.09198,-0.28841,-0.20755,-0.22968,-0.21794,-0.076646,-0.32305,-0.26019,-0.51586,-0.29135,0.025876,0.040075,-0.13592,-0.075724,0.26291,-0.043437,-0.073071,0.27635,0.40938,0.49165,0.51098,-0.3273,-0.55513,-0.12329,-0.11008,0.11953,-0.23941
-0.21168,-0.24018,0,1.6675,-0.21723,-0.43377,0.059215,-0.1945,-0.23719,0.039085,-0.15309,-0.17756,0.22356,-0.088677,0.39055,-0.11349,0.61286,0.63373,0.62615,0.20115,-0.40976,-0.29362,-0.17738,-0.24667,-0.025253,0.33103,-0.27692,-0.2018,-0.064672,-0.23149,0.059684,0.11967,0.36243,0.34095,0.24495,0.10149,0.5454,0.61808,0.65836,-0.22112,-0.34459,-0.39878,-0.44916,-0.54802,0.091952,0.203,0.32767,0.45199,-0.20052,0.13772,0.039789,0.57711,0.16757,0.012549,0.33171,-0.39735,-0.33237,0.28357,-0.042379,0.90721,0.081289,-0.059772,-0.032535,-0.20194,-0.23086,0.40015,0.37401,-0.20014,0.012958,-0.035574,-0.21429,-0.12168,0.042863,0.20373,0.22374,1.1201,1.4555,1.0733,0.78592,0.64538,0.79944,1.4503,1.07,0.80839,0.9873,1.0215,0.92133,0.45229,0.28975,0.28436,0.16634,0.55449,0.19376,0.8646,0.77842,0.56492,0.38467,0.39427,0.16756,0.49027,0.24956,0.27089,0.62905,0.12752,0.65476
-0.26848,-0.17527,1.6675,0,-0.32776,-0.28767,0.012375,-0.14132,-0.26642,0.092626,-0.22856,-0.055848,0.12258,-0.053533,0.28932,-0.1603,0.53775,0.58239,0.5465,0.11189,-0.30345,-0.31879,-0.18027,-0.28177,-0.070103,0.41169,-0.45064,-0.33965,-0.061622,-0.13635,0.14926,0.27387,0.25665,0.40478,0.10802,0.12369,0.35684,0.65507,0.43067,-0.22185,-0.32781,-0.3513,-0.22754,-0.28643,0.043885,0.15698,0.2028,0.32464,-0.020858,0.051801,0.013792,0.68841,0.092021,0.074615,0.24838,-0.25321,-0.20323,0.1483,-0.13023,0.70273,0.097356,0.1185,0.10453,-0.074862,-0.09856,0.37517,0.3275,-0.11909,0.089671,0.15673,-0.084428,-0.055337,0.045484,0.31604,0.15806,0.79335,1.2711,0.93932,0.89972,0.44795,0.63396,1.2646,1.2619,0.88926,1.2348,0.78354,0.70153,0.27022,0.17511,0.1017,0.029676,0.34871,0.32657,0.54888,0.81213,0.59917,0.61687,0.33698,0.10634,0.61548,0.42908,0.46221,0.9164,0.19105,0.71243
0.37044,0.32059,-0.21723,-0.32776,0,0.53322,0.30471,0.44227,0.032594,0.033549,-0.0632,0.43127,0.39173,0.56979,0.45994,0.63712,0.22639,0.10563,-0.27021,0.35153,0.40929,0.57257,0.21292,0.63619,-0.081483,0.096137,0.72309,0.89091,0.34777,0.24253,-0.41131,-0.31839,0.388,0.042005,0.10182,0.34916,-0.015769,-0.011964,0.10229,0.76077,0.67307,0.81985,-0.3866,-0.06848,-0.1007,-0.22943,0.13001,-0.23693,-0.094288,0.76547,0.6182,-0.1848,0.15975,0.068976,-0.15207,0.25794,0.43423,0.013191,0.21407,0.13047,0.58811,-0.51909,-0.24125,-0.51321,-0.32218,0.12101,0.013094,-0.25347,-0.011047,-0.3305,0.036696,-0.25816,-0.18549,0.13385,0.058556,0.029019,-0.017751,-0.020119,-0.01623,0.10321,-0.078024,-0.056124,-0.23389,-0.47555,-0.52335,-0.18693,-0.5141,-0.32841,-0.16683,0.2972,-0.13695,0.016707,-0.16065,0.25931,-0.11047,-0.093207,-0.25329,0.32599,0.30576,-0.66106,-0.97943,-0.30276,-0.58839,-0.11751,-0.25576
0.43778,0.88067,-0.43377,-0.28767,0.53322,0,0.58154,0.95262,0.11098,0.30576,-0.037264,0.69013,-0.12924,0.36356,-0.20189,0.23684,-0.34061,0.00078644,-0.80591,-0.021938,0.31363,0.25945,0.12436,0.60904,-0.024157,0.28089,0.0092292,0.087106,0.67967,1.1891,0.108,0.21681,-0.10251,0.18222,-0.20697,0.47907,-0.22766,0.2406,-0.36006,0.5428,0.65203,0.76602,0.24887,0.90547,-0.58838,-0.59122,0.10804,-0.25258,0.42212,0.2419,0.30556,-0.03287,0.12621,0.45423,-0.26483,0.46818,0.4438,-0.31864,-0.074502,-0.26055,0.66106,-0.028939,-0.065346,-0.27978,-0.15892,0.31665,0.10139,-0.088454,0.013279,0.0088257,0.21743,-0.32484,-0.15953,0.67819,0.31519,-0.42629,-0.16107,-0.19236,0.087036,-0.29282,-0.2833,-0.35326,-0.23978,-0.50151,-0.54284,-0.49359,-1.027,-0.55021,-0.18841,-0.20454,-0.35604,-0.36683,0.20979,-0.12484,-0.010021,-0.071203,0.090098,0.19256,0.031314,-0.53668,-0.40134,-0.088639,-0.13562,-0.1556,-0.40601
0.57237,0.5653,0.059215,0.012375,0.30471,0.58154,0,1.3323,0.6071,0.91299,0.53484,0.69274,0.017483,0.030171,-0.16817,0.032193,-0.31564,0.1161,-0.51201,0.14109,-0.29996,-0.18039,0.0083618,0.38662,0.41422,0.43984,-0.071491,-0.1107,0.79802,0.95679,0.54143,0.42085,-0.127,0.059196,0.18259,0.39273,0.44352,0.78693,0.3602,0.6472,0.63841,0.34907,0.077663,0.33267,-0.26238,-0.2302,0.11356,-0.11314,0.17095,-0.032663,-0.11245,-0.059255,0.36079,0.36018,0.041869,0.019422,-0.12765,-0.25714,-0.32346,0.37435,0.9329,-0.0016532,0.2151,-0.28463,-0.13537,0.18473,0.045233,0.15276,0.19416,-0.10285,0.24361,-0.47432,-0.12457,0.3357,0.25346,0.095379,0.31918,0.068168,0.13972,-0.068711,-0.08761,-0.20913,-0.23999,-0.19238,-0.31994,-0.091168,-0.27478,-0.22317,-0.21556,0.061927,-0.19222,-0.28042,-0.32407,0.4437,0.1151,0.18547,0.11064,0.014352,-0.0019707,-0.26747,-0.41908,-0.03524,-0.019922,-0.26336,-0.28087
0.63586,0.89948,-0.1945,-0.14132,0.44227,0.95262,1.3323,0,0.61054,0.97329,0.46251,1.1306,0.0043102,0.22669,-0.18905,0.16709,-0.27318,0.073351,-0.58661,0.34377,0.043895,0.038068,0.27806,0.71749,0.45194,0.44818,0.1196,0.028481,0.92232,1.1509,0.42472,0.27761,-0.18366,-0.025614,-0.029481,0.43375,0.096885,0.48132,0.13074,1.0035,1.0453,0.76452,0.098593,0.49109,-0.25136,-0.31969,0.0073647,-0.40628,0.32137,0.00094955,-0.090991,-0.07256,0.27699,0.44625,-0.086526,0.35346,0.19902,-0.31495,-0.24702,0.10027,1.1044,-0.050662,0.14081,-0.25173,-0.12562,0.047607,-0.19461,0.082048,0.16535,-0.043098,0.17857,-0.36211,-0.232,0.3506,0.10253,-0.11934,0.10235,-0.099827,0.033288,-0.34311,-0.35969,-0.3251,-0.3237,-0.30977,-0.47153,-0.354,-0.62142,-0.44775,-0.30314,0.081644,-0.34839,-0.38026,-0.123,0.12416,0.033499,0.18531,0.25432,0.13102,0.17139,-0.32769,-0.53786,0.033484,-0.096808,-0.21892,-0.36377
0.37461,0.19208,-0.23719,-0.26642,0.032594,0.11098,0.6071,0.61054,0,1.0962,1.4065,0.69739,-0.19446,-0.20414,-0.0069443,0.2562,-0.42878,-0.16539,-0.24749,0.342,0.02458,-0.0043345,0.26905,0.11655,1.2167,0.14575,0.1819,-0.098806,0.067791,0.18586,0.43239,0.24207,-0.64375,-0.45222,-0.065529,-0.20613,0.010718,0.12123,0.24274,0.48422,0.67138,0.18619,0.34179,0.20346,0.41581,0.33604,-0.44804,-0.46192,0.38185,-0.48208,-0.4535,0.051337,0.0094022,0.091634,0.020255,0.0867,-0.10101,-0.21867,-0.1326,0.15874,0.60365,0.25865,0.57463,0.44549,0.33792,-0.50022,-0.55592,0.46131,0.40798,0.25639,0.3914,0.35132,0.33917,-0.11437,0.034825,-0.21562,-0.078077,-0.37613,-0.47702,-0.33411,-0.36238,-0.49396,-0.63017,-0.16422,-0.3624,-0.25251,-0.18975,-0.14681,-0.20823,-0.044462,0.012287,-0.29144,-0.33354,-0.10139,-0.29874,0.02797,0.010492,-0.26326,-0.072854,-0.026895,-0.18575,0.15716,0.014272,0.078433,-0.11095
0.24125,0.30519,0.039085,0.092626,0.033549,0.30576,0.91299,0.97329,1.0962,0,1.0019,0.95257,-0.041758,-0.070755,-0.019865,0.016235,-0.28304,0.039963,-0.27992,0.30072,-0.16539,-0.23185,0.045332,0.1134,0.8231,0.48916,-0.13154,-0.31613,0.34043,0.49446,0.72281,0.59947,-0.31555,-0.031039,0.11345,0.16522,0.27805,0.48776,0.38646,0.48238,0.56499,0.18973,0.26039,0.30115,0.25528,0.17322,-0.23786,-0.41162,0.28055,-0.33207,-0.38415,0.13869,-0.062441,0.069933,-0.10378,-0.040114,-0.11769,-0.36624,-0.35138,0.38829,0.84722,0.23016,0.54367,0.2034,0.19274,-0.14256,-0.32788,0.4495,0.48558,0.32664,0.41636,0.10289,0.1615,0.22527,0.039165,-0.0035275,0.26201,-0.070921,-0.031792,-0.20382,-0.23357,-0.2014,-0.2034,-0.028216,-0.15196,-0.14069,-0.19831,-0.27687,-0.3254,0.10683,-0.2178,-0.37516,-0.27668,0.028678,-0.0070208,0.14796,0.22788,-0.078983,0.047984,0.023031,-0.092717,0.43547,0.26829,-0.099802,-0.043342
0.13613,0.054169,-0.15309,-0.22856,-0.0632,-0.037264,0.53484,0.46251,1.4065,1.0019,0,0.43996,0.048314,-0.15419,-0.025907,-0.036213,-0.32201,-0.09115,-0.1124,0.22314,-0.13435,-0.22326,0.13169,-0.089697,1.1126,0.17149,0.017792,-0.2517,0.096514,0.19054,0.62914,0.36297,-0.41853,-0.304,0.12078,-0.15794,0.28141,0.084657,0.36029,0.27927,0.36487,-0.036777,0.27219,0.071376,0.46041,0.3226,-0.48381,-0.44884,0.17759,-0.39069,-0.38884,-0.13652,-0.17678,-0.18197,-0.087967,-0.1559,-0.29403,-0.34523,-0.32197,0.1544,0.32277,0.25796,0.58796,0.47064,0.34602,-0.45455,-0.48659,0.67138,0.46536,0.39989,0.44331,0.35299,0.33227,-0.095237,-0.020216,-0.1603,-0.028359,-0.24776,-0.35231,-0.15213,-0.22984,-0.43098,-0.49721,-0.069431,-0.27891,-0.088246,0.00036477,-0.18927,-0.352,-0.0054488,-0.16341,-0.22431,-0.43476,-0.1022,-0.3646,-0.1144,-0.14198,-0.30971,-0.013841,0.05951,-0.079174,0.21762,-0.03441,-0.02794,-0.19572
0.46752,0.53353,-0.17756,-0.055848,0.43127,0.69013,0.69274,1.1306,0.69739,0.95257,0.43996,0,-0.093281,0.24227,0.089422,0.28546,-0.20767,-0.037274,-0.40384,0.39526,0.13893,0.062133,0.27373,0.47775,0.52678,0.28964,0.21949,0.019082,0.40063,0.54064,0.22449,0.22083,-0.28807,-0.036582,-0.062818,0.33159,-0.023714,0.32812,0.096507,0.80111,0.93441,0.58118,0.24958,0.39791,0.12917,0.0070615,-0.14818,-0.44677,0.31368,-0.11706,-0.06584,0.098685,0.17357,0.28004,-0.043417,0.2735,0.22079,-0.20085,-0.058262,0.21347,1.2187,0.07249,0.23325,-0.010493,-0.072897,-0.098929,-0.28556,0.09465,0.20624,0.1997,0.29282,0.11981,0.15218,0.31429,0.11091,-0.094717,0.085608,-0.29035,-0.14553,-0.40113,-0.47976,-0.18349,-0.16635,-0.26247,-0.30097,-0.38651,-0.65011,-0.39505,-0.33121,0.10592,-0.26208,-0.40844,-0.0044569,-0.09334,-0.031188,-0.0026831,0.21097,0.0031945,0.026474,-0.26369,-0.36129,0.13058,0.023934,0.095306,-0.090254
-0.26177,-0.031861,0.22356,0.12258,0.39173,-0.12924,0.017483,0.0043102,-0.19446,-0.041758,0.048314,-0.093281,0,0.96049,0.38477,-0.067592,0.76746,0.77706,0.41297,0.17538,-0.050185,-0.11988,-0.061905,-0.025642,-0.060456,0.4541,0.13096,0.17437,0.15216,0.025866,0.010779,-0.07218,1.0559,0.5232,0.56097,0.50036,0.47897,0.20324,0.68058,0.29035,-0.0077293,0.10454,-0.41905,-0.37845,0.059122,0.085298,0.025055,-0.11441,-0.59207,0.9761,0.66753,-0.32575,-0.27287,-0.57916,-0.13469,-0.22176,0.070837,-0.080824,-0.10359,0.2456,-0.051503,-0.54179,-0.13375,-0.26833,-0.082728,0.074377,0.044601,0.041255,0.069088,-0.027131,0.017233,-0.19073,-0.14712,0.13272,-0.11591,0.4742,0.31897,0.66465,0.57852,0.69092,0.57498,0.26644,0.29744,0.34242,0.22584,0.51744,0.27584,-0.1213,-0.16139,0.30838,-0.16318,0.19672,-0.2555,0.25389,-0.16583,-0.0047375,-0.10087,0.23535,0.60938,-0.073329,-0.36813,0.20308,-0.23241,-0.28047,-0.27257
-0.0014995,0.30038,-0.088677,-0.053533,0.56979,0.36356,0.030171,0.22669,-0.20414,-0.070755,-0.15419,0.24227,0.96049,0,0.20815,0.071735,0.482,0.73598,0.082371,0.16337,0.2149,0.055179,0.15209,0.32621,-0.099779,0.39509,0.21501,0.19699,0.26592,0.28616,-0.10911,-0.20222,0.68942,0.54939,0.13907,0.60548,0.044064,0.17149,0.21918,0.47694,0.25486,0.42319,-0.20662,-0.0099898,-0.21572,-0.17132,0.13968,-0.15338,-0.22152,0.97979,0.86435,-0.19274,-0.091356,-0.23186,-0.14417,0.11544,0.3174,-0.083015,0.038161,-0.055256,0.13527,-0.53921,-0.27363,-0.32962,-0.19874,0.19781,0.084281,-0.18022,-0.16613,-0.024614,-0.058982,-0.20522,-0.15369,0.32582,0.054381,0.18785,0.043608,0.33038,0.44945,0.23277,0.27335,0.11225,0.24709,0.094818,0.047123,0.1088,-0.21939,-0.21438,-0.078831,0.12869,-0.16784,0.029975,0.08653,-0.031987,-0.20733,-0.12166,0.0092274,0.28606,0.4597,-0.27294,-0.45278,0.064797,-0.25985,-0.15913,-0.39247
-0.29369,-0.44836,0.39055,0.28932,0.45994,-0.20189,-0.16817,-0.18905,-0.0069443,-0.019865,-0.025907,0.089422,0.38477,0.20815,0,0.45323,0.43826,0.29056,0.20047,0.2465,0.15303,0.21838,-0.098078,-0.16275,0.018803,0.15366,0.3516,0.32638,-0.15973,-0.39938,-0.20186,-0.03079,0.41042,0.18968,0.32579,0.11518,0.16012,-0.014008,0.33372,0.11604,0.026741,-0.0017471,-0.29255,-0.41445,0.43525,0.439,-0.037776,0.024295,-0.23706,0.42316,0.41706,0.35789,-0.26386,-0.34988,-0.15416,-0.2718,0.038197,0.13935,0.21996,0.66617,0.23406,-0.13648,0.057669,-0.11546,-0.20708,0.075281,0.10806,0.049957,0.33007,0.10821,0.17775,0.30153,0.32617,0.037461,0.069051,0.36606,0.37089,0.25904,0.1662,0.44922,0.34938,0.53072,0.32687,0.069395,0.22562,0.31748,0.21115,0.021277,-0.068926,0.22571,0.084537,0.30939,0.034774,0.35068,0.23717,0.10341,-0.050412,0.28242,0.14642,-0.016827,-0.18029,0.30114,0.08155,0.022018,0.26857
0.21142,0.18698,-0.11349,-0.1603,0.63712,0.23684,0.032193,0.16709,0.2562,0.016235,-0.036213,0.28546,-0.067592,0.071735,0.45323,0,0.17898,-0.023781,0.054398,0.62277,0.81136,1.2185,0.50581,0.49349,0.21569,0.19765,0.80794,0.88605,-0.0012551,-0.096377,-0.51258,-0.39669,-0.11038,-0.34668,-0.35338,-0.23698,-0.53111,-0.14858,-0.062911,0.50688,0.64939,0.68334,-0.22843,-0.068353,0.08542,-0.0058008,-0.24398,-0.40217,0.29799,0.31759,0.28811,0.22404,0.08961,0.28622,0.025314,0.55105,0.52086,0.054059,0.26574,-0.0034614,0.54236,-0.087175,0.012913,-0.023446,0.010535,-0.2509,-0.35744,-0.18467,0.22907,-0.13715,0.080254,0.095885,-0.014032,-0.049084,-0.036714,-0.093496,-0.00059425,-0.010792,-0.12207,0.046764,-0.0017449,0.015279,-0.27697,-0.095021,-0.23231,-0.01673,-0.2055,-0.21149,0.021196,-0.028785,0.020618,0.12186,0.10644,0.11578,-0.12043,0.22103,-0.023918,0.25597,0.18707,-0.20612,-0.52553,-0.083184,-0.1413,0.18391,0.16094
-0.14809,-0.074646,0.61286,0.53775,0.22639,-0.34061,-0.31564,-0.27318,-0.42878,-0.28304,-0.32201,-0.20767,0.76746,0.482,0.43826,0.17898,0,0.73679,0.9561,0.48989,0.23588,0.21622,0.21129,0.073784,-0.23462,0.17775,0.23053,0.44244,-0.17302,-0.3413,-0.50007,-0.45427,0.73357,0.20031,0.077162,0.12464,0.082749,0.11788,0.44169,0.052739,-0.11273,0.045444,-0.82844,-0.70566,0.054768,0.015525,0.18591,0.066982,-0.2645,0.74352,0.51735,0.11192,0.052928,-0.12839,0.23021,0.071753,0.25856,0.31533,0.21036,0.28093,-0.073019,-0.4686,-0.28182,-0.16686,-0.028484,0.14768,0.070409,-0.40805,-0.17334,-0.12512,-0.34743,-0.076528,-0.17479,0.050121,-0.081571,0.73159,0.63995,0.88278,0.59896,0.58977,0.54918,0.8577,0.65206,0.64007,0.54639,0.69188,0.49154,0.1537,0.20883,0.38659,0.024178,0.59082,0.17335,0.43528,0.21992,0.32499,0.18809,0.57265,0.65695,0.27817,-0.096615,0.079154,0.055739,0.19189,0.30808
-0.047053,0.15625,0.63373,0.58239,0.10563,0.00078644,0.1161,0.073351,-0.16539,0.039963,-0.09115,-0.037274,0.77706,0.73598,0.29056,-0.023781,0.73679,0,0.4503,0.29902,-0.077357,-0.11839,0.10962,0.083251,0.056685,0.60517,-0.071015,-0.058551,0.12576,0.10579,0.074245,-0.044412,0.60302,0.51031,0.16654,0.43275,0.25733,0.62894,0.65406,0.20368,0.025648,0.043705,-0.39115,-0.24265,-0.18418,0.016829,0.32176,0.19369,-0.10724,0.68277,0.49284,0.26208,0.050546,-0.031228,0.21187,-0.045273,0.061368,0.18088,0.089204,0.36551,0.10517,-0.4304,-0.20247,-0.2658,-0.14053,0.35951,0.2358,-0.27826,-0.18101,-0.066581,-0.23838,-0.25757,-0.07164,0.34637,0.28017,0.70164,0.70129,1.1077,0.9743,0.60746,0.90399,0.6348,0.66559,0.64585,0.57969,0.77564,0.44131,0.22026,0.33254,0.12038,0.13305,0.45076,0.23854,0.47971,0.29538,0.44622,0.37507,0.59004,0.51112,0.23027,-0.16643,0.24591,0.19855,-0.031608,0.024038
-0.34918,-0.23684,0.62615,0.5465,-0.27021,-0.80591,-0.51201,-0.58661,-0.24749,-0.27992,-0.1124,-0.40384,0.41297,0.082371,0.20047,0.054398,0.9561,0.4503,0,0.40351,0.036645,0.026704,0.1886,-0.25504,0.079011,0.1323,0.086182,0.065946,-0.49845,-0.70443,-0.31522,-0.34686,0.27891,0.018873,0.046538,-0.20497,0.08012,-0.0017918,0.47006,-0.23831,-0.34383,-0.28974,-0.39597,-0.75432,0.41772,0.38574,-0.15645,0.0058605,-0.26091,0.20819,0.13987,0.11565,-0.070113,-0.23636,0.39044,-0.070437,0.0095238,0.29443,0.13732,0.17117,-0.32667,-0.17642,-0.14068,0.18134,0.10697,-0.25644,-0.209,-0.21209,-0.08453,0.055716,-0.28536,0.28375,0.086297,-0.14624,-0.13734,0.56896,0.45584,0.64578,0.3314,0.59684,0.59967,0.70397,0.55819,1.1411,0.83696,0.98498,1.007,0.30633,0.24965,0.19533,0.13838,0.57317,0.16447,0.12968,-0.021403,0.23985,0.12387,0.21956,0.41301,0.52976,0.15,0.15298,0.19923,0.45689,0.5468
0.3374,0.36449,0.20115,0.11189,0.35153,-0.021938,0.14109,0.34377,0.342,0.30072,0.22314,0.39526,0.17538,0.16337,0.2465,0.62277,0.48989,0.29902,0.40351,0,0.37231,0.48725,1.0449,0.74217,0.61031,0.25622,0.85551,0.53004,0.16241,-0.096976,-0.22351,-0.53884,-0.051303,-0.46258,-0.26025,-0.10966,-0.19164,-0.0037542,0.39455,0.67135,0.68568,0.61134,-0.60748,-0.46779,0.28373,0.091372,-0.068826,-0.40172,0.10811,0.12756,-0.1129,0.15472,0.31622,0.33226,0.32007,0.50352,0.32397,0.28015,0.23385,0.16495,0.47114,-0.33813,-0.16852,-0.1289,-0.16512,-0.37639,-0.66883,-0.36858,-0.070316,-0.25125,-0.43797,0.014059,-0.24065,-0.22582,-0.19327,0.32578,0.28283,0.19196,-0.04766,-0.058899,-0.061973,0.26705,-0.033757,0.18445,-0.016666,0.18103,0.1003,0.060774,0.14772,0.46018,0.029576,0.35024,0.14467,0.23965,0.078267,0.54882,0.33595,0.49246,0.61954,0.12937,-0.53636,-0.032838,-0.1274,0.17003,0.15811
0.11842,0.31618,-0.40976,-0.30345,0.40929,0.31363,-0.29996,0.043895,0.02458,-0.16539,-0.13435,0.13893,-0.050185,0.2149,0.15303,0.81136,0.23588,-0.077357,0.036645,0.37231,0,1.3239,0.62888,0.45041,0.010586,-0.05633,0.53993,0.70494,-0.017764,0.0038228,-0.46274,-0.40702,-0.083391,-0.34089,-0.62668,-0.30941,-0.95191,-0.5452,-0.54786,0.30099,0.47334,0.65535,-0.090188,0.13128,-0.091644,-0.26397,-0.3908,-0.66058,0.62861,0.2732,0.31229,0.18291,-0.15722,0.16882,-0.31859,0.90811,0.91755,-0.21282,0.11258,-0.51898,0.13874,-0.061191,-0.040176,0.13707,0.17478,-0.24715,-0.38671,-0.084204,0.1598,0.11055,0.029556,0.18516,-0.18793,-0.021565,-0.17004,-0.55745,-0.3428,-0.13214,-0.13657,-0.28491,-0.26685,-0.12259,-0.24933,-0.10479,-0.24714,-0.34901,-0.43888,-0.52795,-0.15841,-0.23409,-0.3014,0.12283,0.4235,-0.34069,-0.21759,0.093111,0.12254,0.41712,0.40562,-0.093073,-0.22782,0.054052,-0.11051,0.30928,0.083078
0.17517,0.25033,-0.29362,-0.31879,0.57257,0.25945,-0.18039,0.038068,-0.0043345,-0.23185,-0.22326,0.062133,-0.11988,0.055179,0.21838,1.2185,0.21622,-0.11839,0.026704,0.48725,1.3239,0,0.60993,0.5948,-0.015867,-0.078149,0.7995,1.1375,0.02657,-0.055764,-0.6601,-0.56281,-0.045023,-0.43118,-0.48201,-0.28277,-0.76168,-0.4255,-0.36786,0.30964,0.53694,0.69372,-0.27047,-0.018007,-0.14516,-0.3106,-0.19353,-0.43028,0.44474,0.32846,0.2881,0.15519,0.014662,0.28988,-0.14333,0.82395,0.8396,0.0045305,0.31455,-0.34128,0.2299,-0.21113,-0.22708,-0.11353,-0.020376,-0.19382,-0.33958,-0.3019,0.037902,-0.22382,-0.11614,-0.014827,-0.25069,-0.15123,-0.14307,-0.33668,-0.20843,-0.092306,-0.18388,-0.12442,-0.19677,-0.041027,-0.29702,-0.21069,-0.36773,-0.21057,-0.35328,-0.32576,0.019738,-0.12,-0.15104,0.27291,0.3112,-0.058809,-0.11049,0.14602,-0.03907,0.43513,0.32662,-0.23796,-0.48639,-0.21389,-0.297,0.19711,0.10036
0.45419,0.492,-0.17738,-0.18027,0.21292,0.12436,0.0083618,0.27806,0.26905,0.045332,0.13169,0.27373,-0.061905,0.15209,-0.098078,0.50581,0.21129,0.10962,0.1886,1.0449,0.62888,0.60993,0,0.87389,0.53017,0.032563,0.80839,0.47093,0.20678,0.028729,-0.18766,-0.6475,-0.37346,-0.83081,-0.7789,-0.34638,-0.65035,-0.25715,-0.090925,0.57765,0.71705,0.68593,-0.3066,-0.18232,-0.0087785,-0.18047,-0.2119,-0.50236,0.47279,-0.016467,-0.15158,0.010105,0.42104,0.58758,0.30636,1.0323,0.45334,0.18092,0.19705,-0.35104,0.15783,-0.10221,-0.10706,0.032147,-0.01601,-0.5258,-0.77699,-0.33066,-0.21313,-0.14767,-0.42702,0.00010583,-0.35197,-0.3683,-0.25647,-0.11022,-0.12443,-0.10322,-0.23884,-0.447,-0.32484,-0.07162,-0.26564,0.0016361,-0.17036,-0.11033,-0.10062,-0.075057,0.096327,-0.040905,-0.086929,0.22816,0.34037,-0.082788,-0.08558,0.43261,0.36482,0.29172,0.34115,0.20463,-0.39217,-0.23346,-0.27054,0.20946,-0.10077
0.76024,0.88275,-0.24667,-0.28177,0.63619,0.60904,0.38662,0.71749,0.11655,0.1134,-0.089697,0.47775,-0.025642,0.32621,-0.16275,0.49349,0.073784,0.083251,-0.25504,0.74217,0.45041,0.5948,0.87389,0,0.1668,0.080569,0.76433,0.64253,0.68491,0.46333,-0.23808,-0.57651,-0.034738,-0.3261,-0.40436,0.11951,-0.35195,-0.022914,-0.10394,0.88604,0.96457,1.2039,-0.43853,0.015413,-0.41325,-0.5742,0.23669,-0.28894,0.25193,0.2209,0.02042,-0.044796,0.59073,0.66955,0.094389,0.82631,0.48296,0.08979,0.14235,-0.20919,0.54002,-0.46767,-0.43226,-0.58136,-0.44327,-0.0044117,-0.27312,-0.52629,-0.31177,-0.58372,-0.51876,-0.54712,-0.69876,-0.070116,-0.086327,-0.046963,-0.10856,-0.072233,-0.094319,-0.44336,-0.37715,-0.10586,-0.27652,-0.32353,-0.49565,-0.36616,-0.56451,-0.15647,0.068063,0.2619,-0.11728,0.068361,0.18783,0.15204,0.063394,0.31227,0.24513,0.48314,0.41943,-0.34774,-0.82043,-0.38889,-0.40725,-0.099021,-0.24924
0.18511,0.23872,-0.025253,-0.070103,-0.081483,-0.024157,0.41422,0.45194,1.2167,0.8231,1.1126,0.52678,-0.060456,-0.099779,0.018803,0.21569,-0.23462,0.056685,0.079011,0.61031,0.010586,-0.015867,0.53017,0.1668,0,0.32846,0.26712,-0.19087,0.13221,0.090871,0.49335,0.12763,-0.54982,-0.43887,-0.11797,-0.2332,0.015523,0.089277,0.37411,0.45611,0.59975,0.19606,0.20494,-0.002752,0.51599,0.42054,-0.53611,-0.5593,0.30454,-0.40083,-0.44631,0.12596,-0.01773,0.07781,0.089381,0.13098,-0.084998,-0.1441,-0.13819,0.11667,0.4009,0.17171,0.36346,0.33335,0.11243,-0.67279,-0.81292,0.29826,0.31786,0.25397,0.13124,0.37176,0.22516,-0.16221,-0.026605,-0.065003,0.024587,-0.13861,-0.28404,-0.21238,-0.15655,-0.19636,-0.31906,0.1112,-0.091307,0.036406,0.076698,-0.06572,-0.12531,-0.039881,-0.040071,0.0027295,-0.044491,-0.13165,-0.25505,0.21094,0.18613,-0.075921,0.1293,0.15734,-0.21883,0.2291,0.053828,0.10185,-0.055852
-0.21957,0.22538,0.33103,0.41169,0.096137,0.28089,0.43984,0.44818,0.14575,0.48916,0.17149,0.28964,0.4541,0.39509,0.15366,0.19765,0.17775,0.60517,0.1323,0.25622,-0.05633,-0.078149,0.032563,0.080569,0.32846,0,-0.17111,-0.21725,0.48358,0.42898,0.5164,0.43148,0.19698,0.40443,0.067236,0.28549,0.17681,0.60276,0.42627,0.39176,0.24117,0.26422,-0.043913,0.11144,-0.069941,-0.009131,-0.22768,-0.37832,0.027545,0.38165,0.2495,0.097858,-0.22098,-0.041299,-0.1147,0.00031275,0.0061415,-0.41227,-0.48797,0.26813,0.39007,0.13446,0.34629,-0.056346,0.050722,0.0086089,-0.17804,0.26635,0.52954,0.29166,0.34036,-0.22379,-0.16737,0.40738,-0.10136,0.25975,0.5108,0.64996,0.81089,0.38654,0.53436,0.2015,0.26018,0.47634,0.35376,0.46998,0.17847,-0.35579,-0.26549,-0.12817,-0.33828,-0.16266,-0.059974,0.1718,-0.00029496,0.39579,0.32842,0.12694,0.21546,0.19846,-0.1216,0.64037,0.36144,-0.36357,-0.088341
0.37187,0.19753,-0.27692,-0.45064,0.72309,0.0092292,-0.071491,0.1196,0.1819,-0.13154,0.017792,0.21949,0.13096,0.21501,0.3516,0.80794,0.23053,-0.071015,0.086182,0.85551,0.53993,0.7995,0.80839,0.76433,0.26712,-0.17111,0,1.0785,0.10146,-0.22378,-0.5649,-0.93725,0.003828,-0.56845,-0.15681,-0.12196,-0.3571,-0.44749,0.046438,0.63584,0.65659,0.70798,-0.46611,-0.39675,0.21051,0.039185,-0.090762,-0.34784,-0.069216,0.24242,0.10276,-0.15863,0.26613,0.15776,0.12784,0.48882,0.43353,0.29607,0.45006,-0.066331,0.24246,-0.49065,-0.3668,-0.27825,-0.3261,-0.45287,-0.5346,-0.36037,-0.15786,-0.45693,-0.37155,0.030737,-0.20623,-0.48158,-0.23972,0.0063433,-0.23297,-0.22644,-0.44848,-0.17549,-0.28649,-0.072343,-0.37176,-0.28531,-0.42471,-0.16895,-0.21961,-0.030933,0.039184,0.33451,0.10021,0.23877,-0.0030478,0.056112,-0.21784,0.094776,-0.10786,0.2663,0.36438,-0.31326,-0.91945,-0.38835,-0.67211,0.073666,-0.12509
0.2607,0.11377,-0.2018,-0.33965,0.89091,0.087106,-0.1107,0.028481,-0.098806,-0.31613,-0.2517,0.019082,0.17437,0.19699,0.32638,0.88605,0.44244,-0.058551,0.065946,0.53004,0.70494,1.1375,0.47093,0.64253,-0.19087,-0.21725,1.0785,0,0.029329,-0.1511,-0.91334,-0.81659,0.25448,-0.35316,-0.1397,-0.068239,-0.3306,-0.32583,-0.05334,0.43444,0.46881,0.65239,-0.61527,-0.32537,-0.10499,-0.27482,0.096259,-0.16302,-0.018945,0.51767,0.34019,-0.12983,0.2217,0.18845,0.028097,0.53197,0.61569,0.26568,0.455,-0.12236,0.2176,-0.53249,-0.38696,-0.36048,-0.1481,-0.088261,-0.16657,-0.46652,-0.17294,-0.58405,-0.27547,-0.21465,-0.32922,-0.28991,-0.19895,0.0049787,-0.088331,-0.03301,-0.19764,0.028241,-0.16614,0.016848,-0.2844,-0.31668,-0.44349,-0.12307,-0.2569,-0.10234,0.079961,0.27275,-0.012849,0.30365,-0.019243,0.24992,-0.033724,0.070128,-0.21397,0.33623,0.36995,-0.39096,-0.7369,-0.49889,-0.66413,0.055968,-0.031258
0.27924,0.59297,-0.064672,-0.061622,0.34777,0.67967,0.79802,0.92232,0.067791,0.34043,0.096514,0.40063,0.15216,0.26592,-0.15973,-0.0012551,-0.17302,0.12576,-0.49845,0.16241,-0.017764,0.02657,0.20678,0.68491,0.13221,0.48358,0.10146,0.029329,0,1.1131,0.49689,0.1762,0.096864,0.10153,0.0080733,0.40155,0.16973,0.26543,-0.034762,0.59116,0.49259,0.55983,-0.15601,0.24425,-0.60521,-0.68173,0.086456,-0.30272,0.11514,0.19153,0.042368,-0.16577,0.19138,0.27179,-0.28514,0.20416,0.041773,-0.47699,-0.53214,0.01689,0.43949,-0.081511,-0.05,-0.65848,-0.5079,0.1989,-0.031161,0.11539,0.18618,-0.13149,-0.0016055,-0.80648,-0.72733,0.18875,-0.13366,-0.06748,0.08214,0.11314,0.29114,-0.24928,-0.16272,-0.10798,-0.073829,-0.20992,-0.27037,-0.22544,-0.39656,-0.53754,-0.47225,-0.0090395,-0.6231,-0.21144,-0.016176,0.23467,0.15216,0.24652,0.23853,0.25312,0.18568,-0.23036,-0.45986,0.057953,-0.11394,-0.58456,-0.45094
0.32266,0.79716,-0.23149,-0.13635,0.24253,1.1891,0.95679,1.1509,0.18586,0.49446,0.19054,0.54064,0.025866,0.28616,-0.39938,-0.096377,-0.3413,0.10579,-0.70443,-0.096976,0.0038228,-0.055764,0.028729,0.46333,0.090871,0.42898,-0.22378,-0.1511,1.1131,0,0.52962,0.46004,-0.034277,0.25799,-0.011657,0.54005,0.12963,0.48065,-0.12455,0.47258,0.51171,0.48189,0.23743,0.79129,-0.74665,-0.70623,0.099958,-0.22591,0.33659,0.1337,0.12274,-0.12852,0.092974,0.32275,-0.31129,0.24732,0.16403,-0.53239,-0.42341,-0.15371,0.5311,0.022061,0.053629,-0.32732,-0.14147,0.35531,0.12653,0.13474,0.12021,0.045045,0.23677,-0.58123,-0.31628,0.59992,0.21097,-0.27514,0.028802,0.011084,0.27267,-0.23396,-0.19908,-0.3195,-0.1559,-0.29378,-0.40146,-0.31852,-0.63914,-0.56281,-0.3346,-0.22239,-0.57416,-0.33158,0.05732,0.036777,0.058646,0.020793,0.15503,0.11024,0.072801,-0.36283,-0.30076,0.025428,-0.05644,-0.39121,-0.54305
-0.18096,0.02598,0.059684,0.14926,-0.41131,0.108,0.54143,0.42472,0.43239,0.72281,0.62914,0.22449,0.010779,-0.10911,-0.20186,-0.51258,-0.50007,0.074245,-0.31522,-0.22351,-0.46274,-0.6601,-0.18766,-0.23808,0.49335,0.5164,-0.5649,-0.91334,0.49689,0.52962,0,1.014,-0.231,0.14627,0.16454,0.11031,0.38368,0.35899,0.15688,0.073224,0.040813,-0.17202,0.45813,0.36222,-0.016246,0.052097,-0.30556,-0.2351,0.17778,-0.40154,-0.41622,0.015191,-0.28378,-0.12858,-0.30983,-0.27017,-0.42113,-0.63003,-0.80576,0.13595,0.082403,0.49835,0.63112,0.15834,0.11511,-0.080373,-0.12485,0.82214,0.54405,0.48844,0.45076,-0.076358,-0.021597,0.10406,-0.11672,-0.14203,0.092395,0.025769,0.18902,-0.17733,-0.031699,-0.22465,-0.028793,0.088569,0.11075,-0.039287,0.057444,-0.29781,-0.48284,-0.32978,-0.39107,-0.37532,-0.18019,-0.093597,0.042464,0.14582,0.28563,-0.26778,-0.17617,0.26628,0.24481,0.61044,0.36119,-0.43994,-0.27036
-0.3637,-0.095594,0.11967,0.27387,-0.31839,0.21681,0.42085,0.27761,0.24207,0.59947,0.36297,0.22083,-0.07218,-0.20222,-0.03079,-0.39669,-0.45427,-0.044412,-0.34686,-0.53884,-0.40702,-0.56281,-0.6475,-0.57651,0.12763,0.43148,-0.93725,-0.81659,0.1762,0.46004,1.014,0,-0.1199,0.43679,0.35693,0.29074,0.43896,0.51021,0.085503,-0.11985,-0.10353,-0.27488,0.74997,0.649,0.022923,0.13613,-0.26082,-0.068211,0.15027,-0.26797,-0.14506,0.13917,-0.4826,-0.18519,-0.40709,-0.37204,-0.2242,-0.55763,-0.53113,0.22414,0.18121,0.5815,0.66829,0.23899,0.26776,0.15389,0.17211,0.73099,0.64794,0.61794,0.88407,0.088205,0.32023,0.50659,0.1556,-0.17877,0.22469,0.04348,0.28049,0.097719,0.067579,-0.12484,0.097076,0.028889,0.12639,0.02506,-0.014304,-0.34364,-0.42039,-0.39878,-0.36778,-0.38594,-0.11654,-0.086117,0.14854,-0.037405,0.12385,-0.30757,-0.29441,0.07937,0.36873,0.62071,0.47586,-0.24059,-0.064404
-0.35036,-0.13832,0.36243,0.25665,0.388,-0.10251,-0.127,-0.18366,-0.64375,-0.31555,-0.41853,-0.28807,1.0559,0.68942,0.41042,-0.11038,0.73357,0.60302,0.27891,-0.051303,-0.083391,-0.045023,-0.37346,-0.034738,-0.54982,0.19698,0.003828,0.25448,0.096864,-0.034277,-0.231,-0.1199,0,0.87506,0.66892,0.59816,0.52742,0.18269,0.42606,0.010618,-0.23331,-0.0024006,-0.54402,-0.37687,-0.16935,-0.10229,0.42106,0.24027,-0.68114,1.0314,0.71871,-0.044189,-0.24991,-0.54521,-0.27882,-0.346,0.078531,0.019701,0.012566,0.29043,-0.080443,-0.797,-0.48541,-0.67867,-0.39949,0.53457,0.48863,-0.21996,-0.098175,-0.32081,-0.19677,-0.41821,-0.26098,0.22062,0.017438,0.52519,0.34142,0.74236,0.695,0.72939,0.60475,0.5443,0.55974,0.22001,0.24267,0.39749,0.16378,0.032759,0.025747,0.47303,-0.066516,0.37457,-0.061584,0.39631,0.16735,-0.04287,-0.13451,0.4531,0.56597,-0.28882,-0.26584,0.09708,-0.13074,-0.26854,-0.00019898
-0.43094,-0.057304,0.34095,0.40478,0.042005,0.18222,0.059196,-0.025614,-0.45222,-0.031039,-0.304,-0.036582,0.5232,0.54939,0.18968,-0.34668,0.20031,0.51031,0.018873,-0.46258,-0.34089,-0.43118,-0.83081,-0.3261,-0.43887,0.40443,-0.56845,-0.35316,0.10153,0.25799,0.14627,0.43679,0.87506,0,0.67545,0.85271,0.5954,0.53395,0.26461,-0.17389,-0.35793,-0.22097,0.084467,0.1739,-0.21998,-0.020899,0.33993,0.32152,-0.43544,0.54832,0.63098,0.12007,-0.38553,-0.50069,-0.33929,-0.57199,-0.10601,-0.20798,-0.17881,0.30909,0.053635,-0.25981,-0.1884,-0.35718,-0.26716,0.7738,0.74495,0.028347,0.060639,0.1027,0.17968,-0.20116,0.12582,0.81865,0.37062,0.33029,0.36096,0.56428,0.84828,0.62718,0.62939,0.40643,0.72876,0.2686,0.37246,0.32952,0.030466,-0.041571,-0.038767,0.12218,-0.099925,0.0098021,0.066613,0.13072,0.15686,-0.22055,-0.05756,0.16762,0.14275,-0.27093,0.071767,0.36254,0.27757,-0.2123,0.016401
-0.29671,-0.23401,0.24495,0.10802,0.10182,-0.20697,0.18259,-0.029481,-0.065529,0.11345,0.12078,-0.062818,0.56097,0.13907,0.32579,-0.35338,0.077162,0.16654,0.046538,-0.26025,-0.62668,-0.48201,-0.7789,-0.40436,-0.11797,0.067236,-0.15681,-0.1397,0.0080733,-0.011657,0.16454,0.35693,0.66892,0.67545,0,0.77677,1.1616,0.35507,0.68495,-0.024399,-0.2095,-0.26592,0.060324,-0.079051,0.24371,0.39041,0.17125,0.27158,-0.88684,0.22962,0.19079,-0.19865,-0.33233,-0.65798,-0.19663,-0.77066,-0.18624,0.012356,0.029621,0.57238,0.062277,-0.436,-0.19835,-0.36671,-0.29485,0.2167,0.3344,0.13629,0.10079,-0.1512,0.1557,-0.052996,0.26251,0.21189,0.19545,0.38614,0.28299,0.23655,0.20216,0.62598,0.31498,0.15868,0.2263,0.039621,0.054952,0.30888,0.18312,0.096413,-0.089457,0.42261,0.065805,0.086864,-0.39393,0.27654,0.050056,-0.24425,-0.30318,-0.022091,0.18448,-0.43619,-0.2602,0.12869,-0.14907,-0.23538,-0.087897
0.047556,0.34799,0.10149,0.12369,0.34916,0.47907,0.39273,0.43375,-0.20613,0.16522,-0.15794,0.33159,0.50036,0.60548,0.11518,-0.23698,0.12464,0.43275,-0.20497,-0.10966,-0.30941,-0.28277,-0.34638,0.11951,-0.2332,0.28549,-0.12196,-0.068239,0.40155,0.54005,0.11031,0.29074,0.59816,0.85271,0.77677,0,0.52325,0.65179,0.36296,0.32583,0.14649,0.22473,0.074661,0.33052,-0.24379,-0.072896,0.42665,0.20807,-0.42982,0.49274,0.45194,-0.16471,-0.020806,-0.074528,-0.089545,-0.14491,0.23371,0.056328,0.15311,0.2969,0.35926,-0.52847,-0.40282,-0.63398,-0.42711,0.50456,0.40521,-0.2164,-0.18611,-0.19632,0.016771,-0.34138,0.029002,0.69406,0.38283,0.30008,0.31999,0.26276,0.45356,0.33127,0.1754,0.14084,0.33321,-0.076975,-0.040735,0.12065,-0.237,-0.084372,0.0055129,0.27326,-0.076858,-0.04423,0.0191,0.21515,0.21824,-0.074312,0.054823,0.25219,0.27921,-0.53831,-0.46976,0.028444,-0.16525,-0.25712,-0.32843
-0.20367,-0.21626,0.5454,0.35684,-0.015769,-0.22766,0.44352,0.096885,0.010718,0.27805,0.28141,-0.023714,0.47897,0.044064,0.16012,-0.53111,0.082749,0.25733,0.08012,-0.19164,-0.95191,-0.76168,-0.65035,-0.35195,0.015523,0.17681,-0.3571,-0.3306,0.16973,0.12963,0.38368,0.43896,0.52742,0.5954,1.1616,0.52325,0,0.58968,0.85113,-0.080516,-0.25484,-0.41694,-0.096832,-0.23731,0.11722,0.18528,0.28574,0.36037,-0.65795,0.10532,0.029434,-0.10251,-0.080733,-0.45175,-0.056348,-0.9511,-0.57951,-0.050686,-0.25387,0.72193,0.12411,-0.23686,-0.037311,-0.35388,-0.31433,0.37068,0.4358,0.17029,0.094701,-0.094314,0.1012,-0.22472,0.1405,0.226,0.22724,0.58843,0.55017,0.4037,0.3443,0.57172,0.38378,0.31094,0.33953,0.15816,0.17654,0.43924,0.3522,0.18085,-0.10787,0.43534,-0.050156,0.12952,-0.39902,0.54463,0.21866,-0.13521,-0.22472,-0.057137,0.07191,-0.16966,-0.062355,0.079999,0.018547,-0.2378,0.0075516
0.13733,0.23979,0.61808,0.65507,-0.011964,0.2406,0.78693,0.48132,0.12123,0.48776,0.084657,0.32812,0.20324,0.17149,-0.014008,-0.14858,0.11788,0.62894,-0.0017918,-0.0037542,-0.5452,-0.4255,-0.25715,-0.022914,0.089277,0.60276,-0.44749,-0.32583,0.26543,0.48065,0.35899,0.51021,0.18269,0.53395,0.35507,0.65179,0.58968,0,0.6795,0.21565,0.13519,-0.029987,0.072458,0.20302,-0.24958,-0.016352,0.35619,0.33032,-0.028869,0.15926,0.11989,0.21428,0.26896,0.24623,0.31364,-0.17268,-0.11415,0.088968,-0.052214,0.62643,0.53559,-0.056663,0.093632,-0.23564,-0.04557,0.4844,0.39135,-0.11537,-0.03423,-0.052863,0.12966,-0.37654,0.11721,0.61573,0.48091,0.61191,0.97939,0.61128,0.71876,0.43754,0.46462,0.33967,0.43463,0.32452,0.32213,0.50494,0.19126,0.15565,0.18939,0.022662,0.065292,0.017457,-0.034339,0.62253,0.44755,0.32574,0.30793,0.093909,0.0010038,0.028782,-0.082135,0.11767,0.3186,-0.088022,0.020351
-0.056826,-0.089565,0.65836,0.43067,0.10229,-0.36006,0.3602,0.13074,0.24274,0.38646,0.36029,0.096507,0.68058,0.21918,0.33372,-0.062911,0.44169,0.65406,0.47006,0.39455,-0.54786,-0.36786,-0.090925,-0.10394,0.37411,0.42627,0.046438,-0.05334,-0.034762,-0.12455,0.15688,0.085503,0.42606,0.26461,0.68495,0.36296,0.85113,0.6795,0,0.26676,0.089417,-0.093706,-0.30428,-0.4881,0.395,0.50246,0.16104,0.16023,-0.53141,0.23397,0.026679,0.0088447,0.054645,-0.23258,0.32555,-0.4005,-0.22681,0.2951,0.10265,0.81406,0.26449,-0.40919,-0.027732,-0.17623,-0.089962,-0.0037782,-0.014902,-0.093599,-0.016351,-0.20741,-0.093308,-0.076129,0.16145,0.03378,0.12718,0.99543,0.77368,0.61851,0.34625,0.71121,0.56141,0.41283,0.28416,0.42329,0.30772,0.80303,0.59756,0.38807,0.21592,0.53345,0.26282,0.32341,-0.34665,0.60855,0.1289,0.24621,0.029021,0.097324,0.34309,0.051593,-0.30556,0.10185,-0.017599,-0.090356,0.053324
0.59167,0.7497,-0.22112,-0.22185,0.76077,0.5428,0.6472,1.0035,0.48422,0.48238,0.27927,0.80111,0.29035,0.47694,0.11604,0.50688,0.052739,0.20368,-0.23831,0.67135,0.30099,0.30964,0.57765,0.88604,0.45611,0.39176,0.63584,0.43444,0.59116,0.47258,0.073224,-0.11985,0.010618,-0.17389,-0.024399,0.32583,-0.080516,0.21565,0.26676,0,1.4524,1.3265,-0.11904,0.14216,-0.014593,-0.05001,-0.12995,-0.54842,0.13705,0.25413,0.07108,-0.11858,0.28721,0.36184,0.002094,0.59632,0.49651,-0.068878,0.0154,0.069233,0.8346,-0.33068,0.015541,-0.30812,-0.15185,-0.26207,-0.42912,-0.092075,0.10404,-0.25639,0.011329,-0.26253,-0.3071,0.045087,-0.087864,-0.023343,0.0063434,-0.015642,-0.01496,-0.20526,-0.22458,-0.24728,-0.37442,-0.20837,-0.37565,-0.21525,-0.42413,-0.33903,-0.19879,0.18622,-0.14035,-0.14178,-0.13223,0.1491,-0.07999,0.36775,0.31738,0.25122,0.46408,-0.34161,-0.98116,-0.020914,-0.34009,-0.1168,-0.35693
0.61823,0.78683,-0.34459,-0.32781,0.67307,0.65203,0.63841,1.0453,0.67138,0.56499,0.36487,0.93441,-0.0077293,0.25486,0.026741,0.64939,-0.11273,0.025648,-0.34383,0.68568,0.47334,0.53694,0.71705,0.96457,0.59975,0.24117,0.65659,0.46881,0.49259,0.51171,0.040813,-0.10353,-0.23331,-0.35793,-0.2095,0.14649,-0.25484,0.13519,0.089417,1.4524,0,1.3079,0.034989,0.2884,-0.041301,-0.13256,-0.19444,-0.62202,0.45238,0.066569,-0.043779,0.035675,0.24414,0.48582,-0.054954,0.78919,0.62279,-0.09075,0.11193,-0.072432,0.93643,-0.21671,0.02644,-0.18139,-0.07217,-0.29459,-0.52758,-0.1189,0.086507,-0.19913,0.030925,-0.13755,-0.18984,0.022494,-0.0053109,-0.22906,-0.082971,-0.20332,-0.2129,-0.38218,-0.44423,-0.33466,-0.51023,-0.36617,-0.5875,-0.37615,-0.62212,-0.37284,-0.13574,0.019265,-0.1891,-0.058768,0.041459,0.0042961,-0.098599,0.27316,0.24305,0.2315,0.34888,-0.38666,-0.89843,-0.1132,-0.34101,-0.013946,-0.30036
0.51157,0.91649,-0.39878,-0.3513,0.81985,0.76602,0.34907,0.76452,0.18619,0.18973,-0.036777,0.58118,0.10454,0.42319,-0.0017471,0.68334,0.045444,0.043705,-0.28974,0.61134,0.65535,0.69372,0.68593,1.2039,0.19606,0.26422,0.70798,0.65239,0.55983,0.48189,-0.17202,-0.27488,-0.0024006,-0.22097,-0.26592,0.22473,-0.41694,-0.029987,-0.093706,1.3265,1.3079,0,-0.14516,0.25971,-0.20276,-0.29294,-0.092683,-0.60469,0.27165,0.33544,0.16052,-0.076812,0.22151,0.49153,-0.12884,1.0058,0.898,-0.067482,0.11733,-0.26086,0.62404,-0.36001,-0.18737,-0.36818,-0.18423,-0.1911,-0.42155,-0.29231,-0.0044444,-0.3386,-0.11867,-0.31487,-0.4862,0.087308,-0.11253,-0.24704,-0.18376,-0.090736,-0.052812,-0.30321,-0.32983,-0.26681,-0.40376,-0.34511,-0.52853,-0.37321,-0.66415,-0.43315,-0.11203,0.091049,-0.21449,-0.059762,0.12728,-0.033547,-0.088682,0.31806,0.28702,0.3981,0.52052,-0.44789,-0.93284,-0.13388,-0.40113,-0.11452,-0.34468
-0.13879,0.04675,-0.44916,-0.22754,-0.3866,0.24887,0.077663,0.098593,0.34179,0.26039,0.27219,0.24958,-0.41905,-0.20662,-0.29255,-0.22843,-0.82844,-0.39115,-0.39597,-0.60748,-0.090188,-0.27047,-0.3066,-0.43853,0.20494,-0.043913,-0.46611,-0.61527,-0.15601,0.23743,0.45813,0.74997,-0.54402,0.084467,0.060324,0.074661,-0.096832,0.072458,-0.30428,-0.11904,0.034989,-0.14516,0,1.0676,0.11996,0.26074,-0.48755,-0.17085,0.32582,-0.52513,-0.1882,0.0066567,-0.37562,-0.065984,-0.25158,-0.011364,0.073317,-0.34479,-0.10275,-0.27813,0.0049737,0.53151,0.41904,0.51187,0.37715,-0.22458,-0.08579,0.47715,0.27056,0.54963,0.68518,0.47488,0.5996,0.26704,0.22259,-0.67718,-0.37655,-0.52919,-0.26907,-0.26547,-0.30085,-0.57193,-0.24774,-0.17759,-0.13317,-0.33458,-0.32401,-0.27303,-0.22749,-0.70132,-0.1132,-0.45715,0.071884,-0.72437,-0.29078,-0.34897,-0.014419,-0.55264,-0.43859,-0.13415,0.25569,0.22392,0.15771,0.12934,-0.17741
0.13913,0.49634,-0.54802,-0.28643,-0.06848,0.90547,0.33267,0.49109,0.20346,0.30115,0.071376,0.39791,-0.37845,-0.0099898,-0.41445,-0.068353,-0.70566,-0.24265,-0.75432,-0.46779,0.13128,-0.018007,-0.18232,0.015413,-0.002752,0.11144,-0.39675,-0.32537,0.24425,0.79129,0.36222,0.649,-0.37687,0.1739,-0.079051,0.33052,-0.23731,0.20302,-0.4881,0.14216,0.2884,0.25971,1.0676,0,-0.35896,-0.21152,-0.18311,-0.20181,0.503,-0.18941,0.015247,-0.0025829,-0.18651,0.2517,-0.34066,0.29848,0.36601,-0.41905,-0.1186,-0.38939,0.26524,0.30877,0.20519,0.15419,0.22984,0.098681,0.059841,0.23746,0.17384,0.29997,0.51895,0.017607,0.16979,0.59389,0.31429,-0.75438,-0.31715,-0.37463,-0.048794,-0.34476,-0.34186,-0.61003,-0.29345,-0.35472,-0.36483,-0.51966,-0.73299,-0.48649,-0.19951,-0.6068,-0.25159,-0.51858,0.18265,-0.47934,-0.11273,-0.16028,0.13233,-0.16011,-0.20583,-0.33599,0.013523,0.14021,0.0928,-0.061981,-0.35668
