,,,,,,,,,,,,,,,,,,,,,,,,,,,,,,,,,,,,,,,,,,,,,,,,,,,,,,,,,,,,,,,,,,,,,,,,,,,,,,,,,,,,,,,,,,,,,,,,,,,,,,,,
0,0.64966,-0.35707,-0.39738,0.60353,0.25567,0.40629,0.42819,0.51904,0.25996,0.46339,0.3831,-0.25923,-0.17102,-0.11518,0.24059,-0.14089,-0.30053,-0.37674,0.19053,0.21502,0.13025,0.53811,0.51709,0.28654,-0.28503,0.45189,0.29222,0.16407,0.14867,-0.17437,-0.21988,-0.51639,-0.48142,-0.30711,-0.078075,-0.18075,-0.069877,-0.054715,0.31571,0.54466,0.36435,-2.8599e-05,0.088764,0.19577,0.088374,0.022294,-0.16691,0.34696,-0.23691,-0.27561,-0.19052,0.68906,0.54251,0.19902,0.42281,0.094144,0.23785,0.20201,0.061313,0.36779,-0.13473,0.04262,0.11603,0.008051,-0.18433,-0.22377,-0.089447,-0.072667,-0.196,-0.085188,0.15361,0.021966,-0.075045,0.17511,-0.17785,-0.25891,-0.47603,-0.41891,-0.51751,-0.52799,-0.4227,-0.56725,-0.38947,-0.44351,-0.5324,-0.44522,-0.0024265,0.046674,0.29765,0.24974,-0.21761,-0.2846,0.076361,-0.27383,0.0053245,-0.0036329,0.039752,-0.032808,0.013287,-0.22205,-0.19754,-0.112,0.21091,-0.054892
0.64966,0,-0.39123,-0.257,0.61033,0.89359,0.31376,0.7363,0.29513,0.37005,0.15498,0.65553,-0.083783,0.21165,-0.15038,0.42332,-0.1727,-0.16706,-0.1859,0.36077,0.50416,0.40618,0.40999,0.7467,0.2368,0.15128,0.31736,0.30433,0.40256,0.5021,-0.088687,0.0050316,-0.20047,-0.14189,-0.22341,0.21644,-0.22118,-0.089157,-0.22478,0.6409,0.67,0.98943,0.12996,0.48453,0.072885,-0.13003,-0.36958,-0.73406,0.46938,0.10864,0.0922,-0.015821,0.14697,0.52682,-0.2317,0.72521,0.48147,-0.34413,-0.14379,-0.15756,0.73068,-0.23615,-0.11502,-0.13954,-0.14194,-0.25614,-0.44125,-0.058272,0.2113,0.048503,0.17798,0.10514,-0.12153,0.40631,0.10453,-0.5093,-0.23441,-0.25112,-0.14082,-0.32814,-0.36614,-0.30132,-0.31953,-0.15666,-0.30186,-0.40103,-0.60676,-0.64533,-0.40319,0.15853,-0.39532,-0.27212,0.13588,-0.32742,-0.24207,0.048176,0.28031,0.35618,0.50264,-0.34134,-0.53589,0.011425,-0.14832,0.37234,0.061539
-0.35707,-0.39123,0,1.6309,-0.15332,-0.4759,0.19393,-0.094005,-0.47527,-0.03448,-0.17279,-0.065501,0.23169,0.04859,0.2149,-0.40136,0.61738,0.88181,0.7634,0.19534,-0.57098,-0.35949,-0.12571,-0.35391,0.11791,0.30627,-0.32492,-0.35933,-0.041512,-0.1992,0.17051,0.10814,0.53376,0.48221,0.49206,0.25448,0.80014,0.75729,0.85744,-0.025518,-0.16905,-0.45887,-0.30652,-0.70664,0.087421,0.097771,0.31701,0.33463,-0.34028,0.14893,0.18494,0.40297,0.20124,-0.19101,0.4722,-0.41174,-0.11963,0.11759,0.0019088,0.65414,-0.0061647,-0.1991,-0.25605,-0.35739,-0.34648,0.40983,0.41784,-0.31886,-0.14937,-0.12484,-0.28135,-0.27107,0.029033,0.24325,0.22142,0.90316,1.047,1.1066,0.81174,0.80472,0.72194,1.5379,1.1638,0.94236,1.0094,1.0404,0.84687,0.21457,0.11404,0.14689,-0.068483,0.64135,0.34689,0.69656,0.49737,0.43886,0.29725,0.41323,0.18444,0.12889,0.014712,0.17701,0.39424,0.21455,0.59222
-0.39738,-0.257,1.6309,0,-0.1444,-0.26547,0.13954,-0.035487,-0.53266,-0.033392,-0.32701,0.076763,0.14171,0.10912,0.22258,-0.30355,0.53696,0.88043,0.81559,0.1796,-0.4065,-0.25813,-0.1625,-0.32527,0.045573,0.47572,-0.38767,-0.40508,-0.03598,-0.17186,0.14679,0.20785,0.50283,0.60633,0.39289,0.32961,0.62757,0.80313,0.6397,0.084823,-0.13639,-0.29928,-0.16281,-0.45746,0.10035,0.079251,0.12374,0.1687,-0.15724,0.1386,0.23983,0.50955,0.13295,-0.075624,0.40452,-0.23471,0.0090356,-0.041233,-0.088902,0.52057,0.15597,-0.1707,-0.20207,-0.42003,-0.41381,0.32886,0.34415,-0.26815,-0.046663,-0.031658,-0.095082,-0.22571,0.00012071,0.38442,0.11204,0.55917,0.92057,1.0376,0.98078,0.7476,0.68088,1.5231,1.3866,1.1918,1.3888,0.92805,0.69833,-0.016764,-0.083115,0.02845,-0.22123,0.35625,0.41792,0.37376,0.45161,0.54031,0.56949,0.5084,0.19869,0.13263,0.0093811,0.35769,0.53584,0.39636,0.7984
0.60353,0.61033,-0.15332,-0.1444,0,0.41903,0.50363,0.5041,-0.029078,-0.020069,-0.002953,0.38988,0.069418,0.25957,-0.01824,0.32528,0.14907,-0.015333,-0.17113,0.27247,0.30683,0.45535,0.73963,0.83751,0.20693,0.15956,0.6254,0.61415,0.67152,0.38326,-0.14699,-0.2201,0.075504,-0.12278,-0.19656,0.1286,0.00015438,0.10102,0.11054,0.72843,0.99726,0.89042,-0.13096,-0.046504,-0.16049,-0.34798,-0.067232,-0.52986,0.22846,0.4063,0.28566,-0.19474,0.37662,0.29692,-0.13464,0.69072,0.53759,-0.13928,-0.018282,-0.10029,0.38475,-0.47271,-0.26169,-0.44511,-0.36934,-0.00527,-0.19522,-0.29105,0.053696,-0.3948,-0.092108,-0.3375,-0.42612,0.15591,-0.041233,-0.17742,-0.14755,-0.0021972,0.11733,-0.14332,-0.28661,-0.032996,-0.19736,-0.18187,-0.23215,-0.30608,-0.54702,-0.54812,-0.36323,0.11635,-0.40609,0.088864,0.060312,0.028784,-0.37634,0.12695,0.014502,0.34132,0.24609,-0.3526,-0.81168,-0.11182,-0.32842,-0.0033958,-0.11397
0.25567,0.89359,-0.4759,-0.26547,0.41903,0,0.32837,0.8649,0.22841,0.41717,-0.013647,0.71368,-0.26785,0.24307,-0.1595,0.45189,-0.45053,-0.2241,-0.54363,0.099698,0.45568,0.42366,0.099374,0.64485,-0.027503,0.30518,0.0079842,0.19382,0.5076,0.94629,0.057671,0.25289,-0.27193,-0.01156,-0.41977,0.20799,-0.35066,-0.005241,-0.54415,0.44283,0.46711,0.7948,0.21475,0.90739,-0.50952,-0.65008,-0.18,-0.4712,0.65343,0.14486,0.21571,0.078067,0.0097045,0.65272,-0.38446,0.52383,0.28834,-0.58047,-0.30736,-0.29114,0.74683,0.21548,0.17007,-0.11796,-0.0075808,0.10593,-0.099945,0.10709,0.27338,0.25496,0.53231,-0.13724,-0.12983,0.52552,0.08676,-0.63404,-0.16799,-0.32201,-0.080395,-0.43003,-0.40157,-0.35947,-0.30033,-0.3897,-0.43266,-0.52802,-0.9192,-0.76783,-0.46521,-0.24078,-0.63055,-0.54218,0.16639,-0.29424,0.033603,-0.095591,0.13573,0.086797,0.018574,-0.39585,-0.26755,-0.040054,-0.10256,0.032766,-0.1342
0.40629,0.31376,0.19393,0.13954,0.50363,0.32837,0,1.1003,0.27797,0.74299,0.58154,0.66887,0.05015,0.08465,-0.23623,-0.27593,-0.21281,0.19154,-0.36451,-0.016858,-0.46957,-0.36319,0.043606,0.18687,0.60129,0.3443,-0.090466,-0.27062,0.82027,0.88913,0.79072,0.55533,-0.057094,0.17121,0.39747,0.55594,0.6802,0.86289,0.59912,0.58664,0.74797,0.18674,0.25232,0.15252,-0.16554,-0.13633,0.14256,-0.12137,0.014707,-0.07894,-0.057392,-0.13219,0.30722,0.066167,-0.01019,-0.07233,-0.007091,-0.3135,-0.25991,0.47505,0.49149,-0.066195,0.12037,-0.23853,-0.18093,0.28032,0.14958,0.15236,0.21938,-0.041783,0.29728,-0.38888,0.030734,0.40859,0.35173,0.17628,0.26684,0.082398,0.22165,-0.059486,-0.16099,-0.014704,-0.052702,-0.078406,-0.090326,-0.12529,-0.30292,-0.31012,-0.36855,0.038174,-0.32654,-0.030871,-0.18286,0.35956,-0.057278,0.0017856,-0.0033575,-0.044221,-0.080498,-0.36798,-0.46383,0.032269,-0.051576,-0.21089,-0.2
0.42819,0.7363,-0.094005,-0.035487,0.5041,0.8649,1.1003,0,0.36323,0.93968,0.41176,1.1264,-0.041531,0.27114,-0.26127,0.060246,-0.29898,0.032213,-0.4023,0.2984,-0.02781,0.022828,0.20475,0.58628,0.44411,0.34392,0.029555,0.010929,0.78034,1.1269,0.47912,0.34645,-0.16755,-0.014116,0.058981,0.45404,0.18741,0.40054,0.11537,0.91974,0.87377,0.61947,0.14927,0.41081,-0.26623,-0.40033,-0.079605,-0.48191,0.28692,-0.03196,-0.0166,-0.045632,0.25732,0.39679,-0.11547,0.28464,0.20981,-0.5674,-0.34194,0.1518,0.84578,0.040493,0.16928,-0.22437,-0.087306,0.058191,-0.19103,0.1564,0.25839,0.095287,0.37939,-0.33789,-0.14304,0.39237,0.10949,-0.15571,0.095983,-0.12835,0.0066472,-0.4018,-0.45767,-0.17146,-0.23479,-0.17942,-0.2761,-0.39677,-0.62904,-0.65302,-0.57943,-0.00069628,-0.60635,-0.31228,-0.069459,0.080207,0.057568,0.065967,0.21946,0.094216,0.14639,-0.5116,-0.56431,-0.012184,-0.16332,-0.047208,-0.13393
0.51904,0.29513,-0.47527,-0.53266,-0.029078,0.22841,0.27797,0.36323,0,0.87998,1.0582,0.41939,-0.13949,-0.25161,0.29844,0.43308,-0.45251,-0.27204,-0.54665,0.14914,0.24597,0.09809,0.09584,0.24494,0.59328,-5.026e-05,0.25401,0.050973,0.10148,0.23699,0.22192,0.14862,-0.70705,-0.48362,-0.25651,-0.28164,-0.27714,-0.10974,-0.14986,0.1191,0.31174,0.18731,0.21765,0.44888,0.22227,0.27003,-0.18305,-0.15255,0.46118,-0.38848,-0.43858,0.11608,-0.064098,0.15942,-0.26924,-0.048241,-0.33088,-0.051287,-0.13818,0.257,0.48009,0.252,0.6301,0.5133,0.3539,-0.19052,-0.26614,0.57262,0.43797,0.39947,0.40453,0.5067,0.41302,-0.037334,0.22121,-0.15333,-0.039892,-0.45265,-0.53338,-0.45108,-0.30533,-0.66177,-0.60596,-0.47837,-0.58265,-0.37189,-0.31886,0.085399,0.0015953,0.090233,0.33687,-0.36731,-0.43776,-0.034987,-0.21571,-0.047416,-0.0063403,-0.27563,-0.14766,0.15768,0.019151,0.10642,0.10902,-0.21167,-0.45096
0.25996,0.37005,-0.03448,-0.033392,-0.020069,0.41717,0.74299,0.93968,0.87998,0,0.7228,0.83813,-0.04732,-0.045005,0.031871,0.059348,-0.36229,0.0043833,-0.42991,0.18507,-0.11755,-0.15686,-0.13076,0.21228,0.56176,0.26257,-0.11295,-0.18546,0.41706,0.68361,0.67533,0.53886,-0.32808,-0.10505,0.095344,0.18988,0.14665,0.35655,0.14555,0.36436,0.43702,0.20726,0.23844,0.49125,-0.011357,-0.0086505,-0.026422,-0.17919,0.2528,-0.29363,-0.30281,0.17955,-0.020656,0.13573,-0.24287,-0.14418,-0.1964,-0.39262,-0.37795,0.60892,0.71939,0.26029,0.50272,0.21295,0.24378,0.1028,-0.076064,0.4759,0.48869,0.48959,0.52925,0.09335,0.27528,0.3379,0.25328,0.10634,0.33837,-0.12121,-0.11469,-0.33439,-0.25584,-0.24643,-0.16559,-0.1792,-0.23496,-0.24001,-0.32012,-0.21287,-0.29859,0.12655,-0.1196,-0.32274,-0.24392,0.13848,0.10923,0.020079,0.21615,-0.16433,-0.0012819,-0.1016,-0.11484,0.16781,0.16613,-0.20925,-0.25029
0.46339,0.15498,-0.17279,-0.32701,-0.002953,-0.013647,0.58154,0.41176,1.0582,0.7228,0,0.17741,0.22205,-0.067148,0.065992,-0.065341,-0.21179,0.070371,-0.37647,0.0027578,-0.12046,-0.30879,0.071328,-0.049391,0.70261,0.11588,0.014439,-0.2479,0.18516,0.34512,0.55011,0.32445,-0.33033,-0.17103,0.18694,0.048521,0.18267,0.18394,0.27725,0.13395,0.27162,-0.081677,0.18759,0.16994,0.17127,0.31953,-0.091075,-0.074614,0.1339,-0.22665,-0.30102,-0.17063,-0.055978,-0.1369,-0.071079,-0.21307,-0.30053,-0.066989,-0.14889,0.25792,0.15412,0.13208,0.54164,0.4032,0.31833,-0.10495,-0.14255,0.63783,0.3459,0.22296,0.32046,0.17187,0.28499,-0.038507,0.29005,0.031611,0.049895,-0.12124,-0.19158,-0.11941,-0.078429,-0.47126,-0.49531,-0.24357,-0.39135,-0.11411,-0.052912,0.12719,0.032937,0.028619,0.22561,-0.11349,-0.56277,0.26458,-0.20929,0.0070962,-0.10065,-0.2091,-0.039091,0.14112,-0.014283,0.16568,0.056211,-0.30012,-0.46241
0.3831,0.65553,-0.065501,0.076763,0.38988,0.71368,0.66887,1.1264,0.41939,0.83813,0.17741,0,-0.28087,0.1341,-0.0055674,0.29468,-0.30036,-0.056254,-0.19124,0.44086,0.052803,0.17214,0.25746,0.62018,0.57751,0.25876,0.25024,0.070653,0.49638,0.55505,0.21675,0.17318,-0.37611,-0.12331,-0.081025,0.28249,0.027579,0.37293,0.075344,0.93008,0.89851,0.69024,0.29492,0.42514,0.055444,-0.11107,-0.18812,-0.45479,0.31326,-0.20199,-0.036734,0.1723,0.34175,0.49179,-0.0059938,0.30412,0.20563,-0.33356,-0.15622,0.32584,1.2626,0.0084395,0.077497,-0.16817,-0.21113,-0.070202,-0.26511,-0.0078744,0.20124,0.22258,0.36581,0.084303,0.18187,0.49594,0.18819,-0.079721,0.16998,-0.22245,-0.091481,-0.40669,-0.46672,-0.023473,-0.019461,-0.037078,-0.069685,-0.29824,-0.57442,-0.5405,-0.55494,0.066864,-0.33831,-0.35193,0.12587,-0.19535,-0.084983,0.0308,0.35304,0.051717,0.02634,-0.45412,-0.60859,0.012597,-0.039147,0.16811,-0.013173
-0.25923,-0.083783,0.23169,0.14171,0.069418,-0.26785,0.05015,-0.041531,-0.13949,-0.04732,0.22205,-0.28087,0,0.85035,0.083267,-0.28872,0.76829,0.71262,0.36156,0.034046,-0.073021,-0.24353,-0.034905,-0.16998,-0.054679,0.4569,-0.12568,-0.041241,0.14746,0.12327,0.16793,0.019419,0.90147,0.45157,0.42494,0.33608,0.38183,0.20474,0.43828,0.032036,-0.15601,-0.14068,-0.35875,-0.34093,-0.13654,-0.081038,-0.025298,-0.12452,-0.38548,0.88044,0.55313,-0.37978,-0.32464,-0.72069,-0.094612,-0.23526,-0.035325,-0.22972,-0.34664,0.043874,-0.27134,-0.27612,0.056718,-0.048398,0.12256,0.10397,0.044557,0.24597,0.1224,0.083034,0.01892,-0.30375,-0.28423,0.047126,-0.19557,0.37151,0.33724,0.75527,0.60255,0.62924,0.54924,0.1715,0.24096,0.37068,0.19398,0.51041,0.36945,-0.10633,-0.16218,0.088419,-0.30214,0.1817,-0.30383,0.30729,-0.16257,0.062389,-0.06502,0.14142,0.48488,0.18724,-0.025549,0.2697,-0.022321,-0.27313,-0.22237
-0.17102,0.21165,0.04859,0.10912,0.25957,0.24307,0.08465,0.27114,-0.25161,-0.045005,-0.067148,0.1341,0.85035,0,-0.17024,-0.03513,0.49542,0.59686,0.30467,0.16132,0.13568,0.04986,0.13205,0.12704,-0.12124,0.46863,-0.096172,0.099629,0.14001,0.34017,-0.025436,-0.099963,0.61017,0.457,0.10861,0.41226,0.096944,0.20014,0.12511,0.34991,0.097453,0.18718,-0.18298,-0.05171,-0.4137,-0.44552,-0.1521,-0.36279,-0.090979,0.98811,1.0719,-0.26636,-0.10298,-0.23775,0.034905,0.16495,0.30533,-0.4829,-0.26305,-0.2585,0.02764,-0.14309,-0.013888,-0.1388,0.075477,0.049356,-0.069132,0.038266,-0.016911,0.14511,0.18156,-0.37418,-0.29521,0.23769,-0.15291,0.044306,0.12008,0.43685,0.47314,0.28396,0.25047,0.14593,0.18307,0.35749,0.15823,0.21027,-0.052831,-0.47418,-0.33399,-0.21005,-0.6227,-0.048748,0.018633,-0.0050662,-0.16425,-0.10923,-0.025727,0.17794,0.41468,-0.22611,-0.24119,0.055423,-0.17038,0.046807,-0.03624
-0.11518,-0.15038,0.2149,0.22258,-0.01824,-0.1595,-0.23623,-0.26127,0.29844,0.031871,0.065992,-0.0055674,0.083267,-0.17024,0,0.65908,0.32668,0.26261,0.23097,0.42723,0.44496,0.46708,0.24045,0.14612,0.25264,0.40649,0.39481,0.21044,0.034242,-0.30307,-0.17687,-0.16281,-0.01623,-0.10865,-0.33596,-0.39974,-0.24906,-0.060587,-0.035403,-0.088114,-0.042804,0.057878,-0.33071,-0.20641,0.22593,0.19901,-0.145,-0.088615,0.3424,0.16299,0.054039,0.643,-0.22595,-0.003433,-0.19886,-0.067485,-0.21234,0.088614,-0.11458,0.32388,0.28359,-0.054206,0.15032,-0.015959,-0.19358,0.043397,-0.079547,0.13093,0.39283,0.21154,-0.028736,0.34338,0.079344,0.02478,-0.032907,0.16271,0.46657,0.35974,0.21949,0.26581,0.38929,0.33878,0.31586,0.20012,0.19555,0.39094,0.30276,0.092431,0.024732,0.090727,0.14437,0.15392,0.1662,0.13616,0.045606,0.60671,0.40875,0.41821,0.10887,0.60537,0.07571,0.52993,0.57284,-0.076847,0.050483
0.24059,0.42332,-0.40136,-0.30355,0.32528,0.45189,-0.27593,0.060246,0.43308,0.059348,-0.065341,0.29468,-0.28872,-0.03513,0.65908,0,-0.062202,-0.2344,-0.078849,0.59783,1.2829,1.4352,0.56837,0.77413,0.14906,0.10382,0.71409,0.79999,0.0089144,-0.082381,-0.5564,-0.46092,-0.37658,-0.5235,-1.1395,-0.68833,-0.961,-0.529,-0.62864,0.23269,0.31432,0.73717,-0.20915,0.18721,0.059033,-0.12529,-0.37351,-0.48883,0.83087,0.14132,0.10242,0.49966,-0.015712,0.54014,-0.29721,0.58037,0.15815,-0.094205,-0.040704,-0.20299,0.57028,0.035083,0.12524,0.06778,-0.029887,-0.25676,-0.44746,-0.031972,0.29066,0.15562,0.074698,0.36745,-0.044877,-0.012104,-0.086171,-0.43719,-0.15463,-0.22366,-0.29863,-0.30816,-0.15186,-0.15469,-0.27385,-0.21193,-0.29399,-0.24355,-0.3379,-0.22122,-0.078534,-0.017887,0.0046017,-0.1466,0.23614,-0.27575,-0.13393,0.25004,0.22675,0.30742,0.1717,0.066836,-0.18182,0.043888,0.070756,0.17487,0.03516
-0.14089,-0.1727,0.61738,0.53696,0.14907,-0.45053,-0.21281,-0.29898,-0.45251,-0.36229,-0.21179,-0.30036,0.76829,0.49542,0.32668,-0.062202,0,0.81158,0.82857,0.33778,0.098343,0.081124,0.25623,-0.075686,-0.20236,0.16949,0.060918,0.25562,-0.19305,-0.32326,-0.38499,-0.39344,0.80966,0.284,0.12128,0.1217,0.18015,0.18788,0.41384,-0.044964,-0.16251,-0.15082,-0.68363,-0.75594,0.00010111,-0.043295,0.18031,0.056636,-0.21703,0.79963,0.59478,0.050165,0.053586,-0.25601,0.30897,0.039226,0.23132,0.24214,0.166,0.11839,-0.21653,-0.43995,-0.27642,-0.13953,-0.041051,0.19863,0.12246,-0.36672,-0.23932,-0.15933,-0.4373,-0.17179,-0.23888,0.030512,-0.080854,0.57304,0.56759,0.97202,0.6543,0.69341,0.56288,0.73781,0.61112,0.63741,0.49939,0.70074,0.54187,0.12283,0.20347,0.22053,-0.05403,0.57052,0.18853,0.45743,0.12917,0.38319,0.20092,0.56916,0.55581,0.31929,0.017427,0.15065,0.16454,0.15381,0.27996
-0.30053,-0.16706,0.88181,0.88043,-0.015333,-0.2241,0.19154,0.032213,-0.27204,0.0043833,0.070371,-0.056254,0.71262,0.59686,0.26261,-0.2344,0.81158,0,0.73668,0.21546,-0.19974,-0.1893,0.030995,-0.27571,0.15434,0.69001,-0.29943,-0.27018,0.0055811,0.0072996,0.19684,0.13103,0.67761,0.61957,0.36456,0.36923,0.52851,0.73365,0.71581,0.13608,-0.062415,-0.26533,-0.2668,-0.43441,-0.094178,-0.020121,0.06234,0.044312,-0.072115,0.6018,0.60965,0.21814,-0.069765,-0.29088,0.30964,-0.17245,0.047802,-0.1271,-0.10686,0.27466,0.035796,-0.26089,-0.054348,-0.21614,-0.13472,0.29708,0.23798,-0.041581,-0.0062177,0.06208,0.0025046,-0.27806,-0.038872,0.32283,0.13822,0.47716,0.7855,1.3918,1.1059,0.99607,0.95139,0.80406,0.75369,1.0064,0.79413,1.0538,0.67682,-0.045823,-0.0077231,-0.11764,-0.23523,0.39462,0.19064,0.44996,0.16431,0.44274,0.30245,0.53154,0.38562,0.21164,-0.069429,0.39805,0.32656,0.1763,0.32653
-0.37674,-0.1859,0.7634,0.81559,-0.17113,-0.54363,-0.36451,-0.4023,-0.54665,-0.42991,-0.37647,-0.19124,0.36156,0.30467,0.23097,-0.078849,0.82857,0.73668,0,0.45985,-0.068944,0.013426,0.19148,-0.22333,0.048933,0.17288,0.029358,-0.032174,-0.42059,-0.69952,-0.31756,-0.37792,0.51564,0.23947,0.21514,0.0077565,0.25343,0.15331,0.45143,0.101,-0.22767,-0.17252,-0.3529,-0.77814,0.44702,0.31068,-0.16274,-0.025856,-0.28242,0.29205,0.34824,0.23596,0.098793,-0.16603,0.56405,-0.000276,0.16189,0.17278,0.15244,0.085266,-0.10808,-0.42756,-0.42512,-0.26302,-0.32407,-0.20958,-0.12194,-0.43425,-0.28468,-0.14583,-0.39468,0.064031,-0.032258,0.011866,-0.095663,0.36657,0.37754,0.76093,0.47917,0.76516,0.684,0.98452,0.77028,1.3854,1.0871,1.0456,0.97012,0.11272,0.07219,0.11633,-0.0062613,0.48144,0.3899,0.060375,0.071226,0.42857,0.37689,0.56193,0.55105,0.14145,-0.12968,0.14512,0.12741,0.67724,0.75215
0.19053,0.36077,0.19534,0.1796,0.27247,0.099698,-0.016858,0.2984,0.14914,0.18507,0.0027578,0.44086,0.034046,0.16132,0.42723,0.59783,0.33778,0.21546,0.45985,0,0.4103,0.64345,0.86153,0.78566,0.42142,0.096162,0.69556,0.6143,0.07455,-0.15427,-0.35454,-0.64444,-0.02191,-0.44139,-0.29918,-0.23652,-0.17657,-0.14624,0.055535,0.65234,0.40906,0.57317,-0.61649,-0.3804,0.2569,-0.076824,-0.18394,-0.45678,0.21382,0.11541,0.010408,0.36034,0.36737,0.46212,0.24085,0.43008,0.22612,0.029072,0.061858,0.10295,0.56912,-0.31353,-0.23414,-0.30042,-0.30534,-0.33514,-0.63127,-0.3505,-0.081781,-0.14155,-0.37662,0.035034,-0.22586,-0.097551,-0.16508,0.084997,0.24479,0.14561,-0.097954,-0.11055,-0.10378,0.36301,0.064815,0.25412,0.078352,0.132,0.08265,-0.13333,-0.11779,0.33557,-0.1403,0.20593,0.29167,0.1245,0.18143,0.60563,0.49605,0.68864,0.66801,-0.091401,-0.58458,-0.0742,-0.14404,0.37873,0.32106
0.21502,0.50416,-0.57098,-0.4065,0.30683,0.45568,-0.46957,-0.02781,0.24597,-0.11755,-0.12046,0.052803,-0.073021,0.13568,0.44496,1.2829,0.098343,-0.19974,-0.068944,0.4103,0,1.378,0.52974,0.59332,-0.14173,0.069276,0.507,0.81207,-0.090741,-0.065498,-0.65244,-0.42217,-0.17281,-0.37535,-1.0087,-0.48409,-1.2179,-0.70751,-0.82928,0.12965,0.1747,0.70024,-0.22231,0.2583,-0.03953,-0.19025,-0.4742,-0.61187,0.87693,0.31722,0.20862,0.29091,-0.21414,0.42633,-0.38007,0.84434,0.41256,-0.1452,-0.012171,-0.54591,0.27882,0.0033134,0.13176,0.13558,0.14058,-0.32437,-0.51822,0.02559,0.26141,0.13054,0.074664,0.27471,-0.25507,-0.082003,-0.27083,-0.68702,-0.32201,-0.19027,-0.21333,-0.29278,-0.16944,-0.27925,-0.3603,-0.21858,-0.3429,-0.31973,-0.36344,-0.3368,-0.066401,-0.11846,-0.11708,-0.18717,0.19321,-0.36926,-0.11504,0.29292,0.30962,0.41449,0.3718,0.1671,-0.039026,0.14659,0.056411,0.20089,0.039032
0.13025,0.40618,-0.35949,-0.25813,0.45535,0.42366,-0.36319,0.022828,0.09809,-0.15686,-0.30879,0.17214,-0.24353,0.04986,0.46708,1.4352,0.081124,-0.1893,0.013426,0.64345,1.378,0,0.74835,0.86173,-0.0099709,-0.0026192,0.76534,1.1483,0.017238,-0.099592,-0.68561,-0.58763,-0.17319,-0.50522,-0.96505,-0.52243,-0.93423,-0.58284,-0.60644,0.29123,0.37642,0.88159,-0.29231,0.0929,-0.070598,-0.30199,-0.33042,-0.55598,0.73855,0.26933,0.18342,0.40935,-0.023063,0.56493,-0.27043,0.93915,0.51639,-0.054479,0.13705,-0.41385,0.36855,-0.13036,-0.1284,-0.11991,-0.10175,-0.27616,-0.52545,-0.27701,0.085177,-0.070837,-0.1328,0.13862,-0.28138,-0.10617,-0.23333,-0.5029,-0.23022,-0.16723,-0.23296,-0.30702,-0.24637,-0.047201,-0.22484,-0.19291,-0.27104,-0.26955,-0.3692,-0.32635,-0.059899,-0.080472,-0.16846,0.056954,0.45115,-0.29883,-0.027985,0.33222,0.26872,0.49726,0.35045,-0.068331,-0.33675,-0.067164,-0.14294,0.20358,0.095424
0.53811,0.40999,-0.12571,-0.1625,0.73963,0.099374,0.043606,0.20475,0.09584,-0.13076,0.071328,0.25746,-0.034905,0.13205,0.24045,0.56837,0.25623,0.030995,0.19148,0.86153,0.52974,0.74835,0,0.74496,0.44547,-0.079064,1.0884,0.76648,0.13396,-0.12347,-0.40575,-0.71911,-0.2406,-0.66055,-0.4607,-0.28257,-0.34359,-0.25612,-0.012235,0.65026,0.71154,0.68257,-0.30315,-0.29352,0.20815,-0.037153,-0.34166,-0.60589,0.33641,0.16513,0.1282,-0.036744,0.46473,0.48678,0.27004,0.91229,0.55326,0.15594,0.32485,-0.20818,0.21943,-0.28811,-0.22538,-0.14504,-0.22145,-0.54293,-0.79323,-0.3599,-0.12806,-0.2531,-0.31153,0.079182,-0.22927,-0.23731,-0.13714,-0.19435,-0.18188,-0.11344,-0.21187,-0.2445,-0.29809,0.039319,-0.2715,-0.0063635,-0.13746,-0.11962,-0.14386,-0.24516,-0.08809,-0.0034041,-0.086473,0.23647,0.25484,-0.041957,-0.23944,0.40645,0.21376,0.47474,0.35726,-0.068164,-0.70209,-0.19222,-0.37536,0.2913,0.059736
0.51709,0.7467,-0.35391,-0.32527,0.83751,0.64485,0.18687,0.58628,0.24494,0.21228,-0.049391,0.62018,-0.16998,0.12704,0.14612,0.77413,-0.075686,-0.27571,-0.22333,0.78566,0.59332,0.86173,0.74496,0,0.18085,0.0064822,0.91257,0.98918,0.53852,0.29436,-0.34195,-0.50062,-0.15565,-0.4862,-0.51052,-0.13252,-0.36991,-0.29331,-0.30106,0.6889,0.72824,1.2421,-0.37091,0.062914,-0.13483,-0.48866,-0.060586,-0.55382,0.35926,0.15045,-0.011005,0.053062,0.37338,0.63611,-0.19906,0.66078,0.28585,-0.1359,-0.060738,-0.11154,0.72941,-0.3037,-0.23752,-0.42132,-0.3401,-0.14896,-0.46985,-0.2744,0.011091,-0.25736,-0.21073,-0.16334,-0.43311,-0.032243,-0.21485,-0.26221,-0.15577,-0.29423,-0.30851,-0.55311,-0.5873,-0.13449,-0.3214,-0.36955,-0.47347,-0.49886,-0.67176,-0.41835,-0.32424,0.33041,-0.32352,-0.13245,0.087425,-0.079251,-0.068918,0.14473,0.12345,0.35418,0.32127,-0.37613,-0.7516,-0.25359,-0.40082,0.032826,-0.083428
0.28654,0.2368,0.11791,0.045573,0.20693,-0.027503,0.60129,0.44411,0.59328,0.56176,0.70261,0.57751,-0.054679,-0.12124,0.25264,0.14906,-0.20236,0.15434,0.048933,0.42142,-0.14173,-0.0099709,0.44547,0.18085,0,0.23352,0.42389,-0.12731,0.30579,0.11311,0.44147,0.1193,-0.39952,-0.27023,0.17338,-0.0050642,0.25912,0.30678,0.52851,0.64616,0.7626,0.262,0.29329,-0.015954,0.56563,0.51855,-0.36978,-0.37426,0.098881,-0.31009,-0.21242,0.1297,0.13326,0.015678,0.075408,0.032583,0.015136,-0.090833,-0.017913,0.43989,0.46645,-0.13854,0.065547,-0.0018262,-0.2352,-0.37135,-0.45469,0.15415,0.30513,0.10671,0.15753,0.32494,0.38247,0.13795,0.31666,0.07632,0.11535,-0.026457,-0.10041,-0.041663,-0.058641,0.022156,-0.10596,0.14148,0.044299,0.080427,0.018504,-0.11915,-0.22741,0.037134,0.076055,0.14987,0.041002,-0.029725,-0.35777,0.21935,0.18693,0.077249,0.10846,-0.17403,-0.63403,0.16272,-0.026396,0.056128,-0.099088
-0.28503,0.15128,0.30627,0.47572,0.15956,0.30518,0.3443,0.34392,-5.026e-05,0.26257,0.11588,0.25876,0.4569,0.46863,0.40649,0.10382,0.16949,0.69001,0.17288,0.096162,0.069276,-0.0026192,-0.079064,0.0064822,0.23352,0,-0.20472,-0.31488,0.56344,0.41505,0.48157,0.49255,0.37245,0.62263,0.11951,0.30935,0.26174,0.48862,0.21365,0.34996,0.12516,0.17561,-0.010087,0.085993,-0.15504,-0.14261,-0.35085,-0.44016,0.20093,0.49729,0.47671,0.2335,-0.37932,-0.19725,-0.32795,-0.080729,-0.053016,-0.87785,-0.91096,0.17571,0.43417,0.0031646,0.284,-0.29847,-0.28066,0.18224,0.04393,0.49093,0.79596,0.36331,0.57169,-0.23601,-0.20328,0.56903,-0.099282,-0.032874,0.41336,0.70779,0.97259,0.48625,0.59352,0.3157,0.41511,0.5241,0.45106,0.41255,0.14549,-0.6702,-0.73818,-0.22191,-0.70147,-0.20308,0.019316,0.03554,-0.074785,0.4368,0.46996,0.39575,0.23494,0.13767,-0.12517,0.91753,0.52616,-0.067789,0.099502
0.45189,0.31736,-0.32492,-0.38767,0.6254,0.0079842,-0.090466,0.029555,0.25401,-0.11295,0.014439,0.25024,-0.12568,-0.096172,0.39481,0.71409,0.060918,-0.29943,0.029358,0.69556,0.507,0.76534,1.0884,0.91257,0.42389,-0.20472,0,0.92567,0.20821,-0.23684,-0.48127,-0.83062,-0.26969,-0.74532,-0.40866,-0.39427,-0.38366,-0.45677,-0.099077,0.44694,0.59266,0.72631,-0.25415,-0.2279,0.36793,0.10408,-0.22264,-0.45031,0.12217,0.0077928,-0.10795,-0.053375,0.29304,0.26147,-0.043316,0.52034,0.25117,0.25244,0.25931,-0.064973,0.26279,-0.45249,-0.34709,-0.2015,-0.36696,-0.49701,-0.69802,-0.3135,-0.062593,-0.31277,-0.4244,0.25549,-0.13255,-0.30079,-0.19103,-0.12814,-0.27438,-0.31415,-0.43751,-0.34672,-0.41568,-0.093128,-0.29335,-0.22904,-0.30222,-0.25971,-0.27421,-0.084072,-0.090035,0.34296,0.12304,0.1359,0.087144,-0.22374,-0.45873,0.14395,0.015319,0.23588,0.22793,-0.13177,-0.71359,-0.193,-0.4051,0.033422,-0.16415
0.29222,0.30433,-0.35933,-0.40508,0.61415,0.19382,-0.27062,0.010929,0.050973,-0.18546,-0.2479,0.070653,-0.041241,0.099629,0.21044,0.79999,0.25562,-0.27018,-0.032174,0.6143,0.81207,1.1483,0.76648,0.98918,-0.12731,-0.31488,0.92567,0,0.031995,-0.11247,-0.81383,-0.92714,-0.019226,-0.64858,-0.68448,-0.45537,-0.6239,-0.5914,-0.3703,0.24864,0.36572,0.73535,-0.55458,-0.14816,-0.1297,-0.40182,0.019549,-0.30542,0.28091,0.33463,0.11082,0.022346,0.22423,0.41651,-0.13045,0.71589,0.41284,0.19943,0.27328,-0.29806,0.15867,-0.30868,-0.26473,-0.11941,0.0018475,-0.17221,-0.39218,-0.46922,-0.21157,-0.31943,-0.43655,-0.04628,-0.38971,-0.31202,-0.2802,-0.15809,-0.20175,-0.20549,-0.36508,-0.35607,-0.40543,-0.11265,-0.32385,-0.3701,-0.46372,-0.34268,-0.38605,-0.09158,0.088447,0.24832,-0.034446,0.17519,0.13917,-0.037773,-0.06437,0.096112,-0.058878,0.26681,0.33993,-0.14157,-0.39057,-0.42935,-0.49482,0.0059446,-0.11587
0.16407,0.40256,-0.041512,-0.03598,0.67152,0.5076,0.82027,0.78034,0.10148,0.41706,0.18516,0.49638,0.14746,0.14001,0.034242,0.0089144,-0.19305,0.0055811,-0.42059,0.07455,-0.090741,0.017238,0.13396,0.53852,0.30579,0.56344,0.20821,0.031995,0,0.89377,0.56894,0.3381,0.09785,0.11922,0.15128,0.42625,0.30119,0.29091,0.15294,0.5242,0.58954,0.52013,0.0049128,0.17969,-0.31263,-0.42151,-0.020387,-0.41638,0.0042982,0.20083,0.0561,-0.22119,0.013288,0.017249,-0.47853,0.050028,0.013916,-0.57057,-0.5901,0.24953,0.44705,-0.1369,-0.020956,-0.53411,-0.44478,0.19569,-0.051138,0.23198,0.46934,-0.010534,0.2131,-0.47543,-0.38725,0.3095,-0.12249,-0.024716,0.10722,0.056575,0.26088,-0.13549,-0.19566,-0.054054,-0.015075,-0.19983,-0.17711,-0.21557,-0.43899,-0.70466,-0.83006,0.10542,-0.74031,-0.18645,-0.12635,0.088695,-0.15984,0.070779,0.057096,0.10827,0.045491,-0.26474,-0.56729,0.18577,-0.10953,-0.48177,-0.36675
0.14867,0.5021,-0.1992,-0.17186,0.38326,0.94629,0.88913,1.1269,0.23699,0.68361,0.34512,0.55505,0.12327,0.34017,-0.30307,-0.082381,-0.32326,0.0072996,-0.69952,-0.15427,-0.065498,-0.099592,-0.12347,0.29436,0.11311,0.41505,-0.23684,-0.11247,0.89377,0,0.61952,0.65299,-0.010152,0.24429,0.12788,0.61734,0.1878,0.3931,-0.016752,0.34766,0.47109,0.35201,0.26664,0.68112,-0.70535,-0.62411,0.073361,-0.24742,0.19151,0.21779,0.21601,-0.2047,-0.099853,0.10855,-0.43714,0.064565,0.10871,-0.64987,-0.43543,0.03545,0.4089,0.19872,0.25366,-0.097857,0.096371,0.39508,0.15352,0.32808,0.34625,0.26214,0.58286,-0.42378,-0.1009,0.56257,0.21664,-0.15038,0.097535,-0.063425,0.15438,-0.2071,-0.26311,-0.30884,-0.19666,-0.38533,-0.431,-0.35308,-0.7001,-0.60804,-0.46062,-0.19699,-0.708,-0.2879,-0.081493,0.10101,0.041847,-0.22893,-0.10047,-0.12229,-0.047334,-0.41491,-0.24582,0.010819,-0.12727,-0.43949,-0.48188
-0.17437,-0.088687,0.17051,0.14679,-0.14699,0.057671,0.79072,0.47912,0.22192,0.67533,0.55011,0.21675,0.16793,-0.025436,-0.17687,-0.5564,-0.38499,0.19684,-0.31756,-0.35454,-0.65244,-0.68561,-0.40575,-0.34195,0.44147,0.48157,-0.48127,-0.81383,0.56894,0.61952,0,1.1397,-0.023038,0.29043,0.59127,0.43338,0.61945,0.58571,0.43796,0.15409,0.16145,-0.19134,0.46892,0.2775,-0.09809,0.069804,-0.10594,-0.071347,-0.13102,-0.21151,-0.18031,-0.15064,-0.28592,-0.36704,-0.24967,-0.44728,-0.25817,-0.57845,-0.55758,0.44747,0.053811,0.30025,0.43542,0.041324,0.071756,0.1224,0.10272,0.73566,0.57135,0.36919,0.62012,-0.21103,0.11526,0.2343,0.083834,0.11784,0.20709,0.12427,0.27261,0.043945,0.078358,-0.11408,0.026192,0.047109,0.093146,0.031696,0.021375,-0.29218,-0.47432,-0.25105,-0.31507,-0.17813,-0.3019,0.12453,-0.025571,-0.014346,0.048835,-0.30491,-0.20993,-0.039823,-0.023212,0.36576,0.15752,-0.45111,-0.30072
-0.21988,0.0050316,0.10814,0.20785,-0.2201,0.25289,0.55533,0.34645,0.14862,0.53886,0.32445,0.17318,0.019419,-0.099963,-0.16281,-0.46092,-0.39344,0.13103,-0.37792,-0.64444,-0.42217,-0.58763,-0.71911,-0.50062,0.1193,0.49255,-0.83062,-0.92714,0.3381,0.65299,1.1397,0,-0.019556,0.54705,0.47261,0.55715,0.44042,0.65084,0.20155,-0.054638,0.013924,-0.21356,0.73035,0.64134,-0.17482,0.063959,-0.068041,0.047957,0.088547,-0.17509,-0.075483,0.047029,-0.45418,-0.22384,-0.3756,-0.34632,-0.13301,-0.50377,-0.44965,0.27903,0.12494,0.35053,0.45972,0.11242,0.14421,0.3386,0.3757,0.62298,0.56466,0.45382,0.86742,-0.0783,0.25941,0.57989,0.285,-0.064458,0.22868,0.12905,0.38643,0.15677,0.14925,-0.12392,0.12243,0.00975,0.10098,0.028446,-0.070957,-0.28492,-0.31524,-0.35072,-0.29661,-0.25501,-0.11043,-0.010733,0.084048,-0.050708,0.1421,-0.24236,-0.25566,0.01483,0.22137,0.48567,0.40813,-0.27431,-0.17258
-0.51639,-0.20047,0.53376,0.50283,0.075504,-0.27193,-0.057094,-0.16755,-0.70705,-0.32808,-0.33033,-0.37611,0.90147,0.61017,-0.01623,-0.37658,0.80966,0.67761,0.51564,-0.02191,-0.17281,-0.17319,-0.2406,-0.15565,-0.39952,0.37245,-0.26969,-0.019226,0.09785,-0.010152,-0.023038,-0.019556,0,0.85537,0.5484,0.45092,0.54196,0.2893,0.42843,-0.052748,-0.2686,-0.16962,-0.47883,-0.50423,-0.27078,-0.26594,0.25797,0.075709,-0.47926,0.80288,0.49613,-0.045483,-0.2643,-0.60904,-0.10398,-0.22821,0.094302,-0.18431,-0.23916,0.0017257,-0.23498,-0.56693,-0.38608,-0.55657,-0.25733,0.40199,0.33876,-0.16996,-0.09859,-0.34322,-0.31385,-0.69111,-0.56044,0.098624,-0.24894,0.38722,0.36513,1.0394,0.90605,0.76262,0.59735,0.61013,0.6289,0.52828,0.44455,0.53172,0.36633,-0.067743,-0.071048,0.2281,-0.40215,0.38534,0.02811,0.33582,0.16485,0.15348,0.034309,0.4293,0.57104,-0.06467,-0.04704,0.22884,0.062288,-0.08611,0.21663
-0.48142,-0.14189,0.48221,0.60633,-0.12278,-0.01156,0.17121,-0.014116,-0.48362,-0.10505,-0.17103,-0.12331,0.45157,0.457,-0.10865,-0.5235,0.284,0.61957,0.23947,-0.44139,-0.37535,-0.50522,-0.66055,-0.4862,-0.27023,0.62263,-0.74532,-0.64858,0.11922,0.24429,0.29043,0.54705,0.85537,0,0.69552,0.84359,0.6567,0.70417,0.38115,-0.15036,-0.29379,-0.36231,0.13478,0.0059402,-0.27075,-0.080474,0.18872,0.1922,-0.30402,0.41598,0.50295,0.064617,-0.37725,-0.57243,-0.12033,-0.42313,-0.030305,-0.34142,-0.3232,0.07867,-0.052585,-0.20407,-0.13644,-0.3483,-0.24542,0.61739,0.67239,0.092595,0.1035,0.0024388,0.17489,-0.38627,-0.064864,0.60191,0.16128,0.21363,0.36587,0.76163,1.1049,0.78686,0.66437,0.46674,0.73083,0.53725,0.54202,0.47745,0.21219,-0.13291,-0.13318,-0.067615,-0.35613,0.057243,0.099456,0.11993,0.089618,-0.054674,0.05635,0.19286,0.12288,-0.097195,0.15822,0.50258,0.45124,-0.024147,0.22263
-0.30711,-0.22341,0.49206,0.39289,-0.19656,-0.41977,0.39747,0.058981,-0.25651,0.095344,0.18694,-0.081025,0.42494,0.10861,-0.33596,-1.1395,0.12128,0.36456,0.21514,-0.29918,-1.0087,-0.96505,-0.4607,-0.51052,0.17338,0.11951,-0.40866,-0.68448,0.15128,0.12788,0.59127,0.47261,0.5484,0.69552,0,0.90981,1.3909,0.6838,0.97275,0.003395,-0.062537,-0.43019,0.24442,-0.18866,0.14586,0.2968,0.23292,0.2516,-0.82461,-0.073912,-0.074998,-0.24765,-0.16805,-0.75144,0.059827,-0.58115,-0.0621,-0.023603,-0.034637,0.33589,-0.21557,-0.40599,-0.31871,-0.31405,-0.25908,0.21466,0.29509,0.012353,-0.11391,-0.23599,-0.1214,-0.27603,0.086364,0.19162,0.18461,0.46637,0.2829,0.40463,0.41575,0.47603,0.23138,0.31137,0.41531,0.35012,0.33695,0.36296,0.29962,0.12639,-0.034313,0.21824,-0.088129,0.32403,-0.090323,0.1926,0.0016624,-0.12856,-0.086365,-0.041517,0.16343,-0.29058,-0.15254,0.16244,-0.020979,-0.15834,-0.015915
-0.078075,0.21644,0.25448,0.32961,0.1286,0.20799,0.55594,0.45404,-0.28164,0.18988,0.048521,0.28249,0.33608,0.41226,-0.39974,-0.68833,0.1217,0.36923,0.0077565,-0.23652,-0.48409,-0.52243,-0.28257,-0.13252,-0.0050642,0.30935,-0.39427,-0.45537,0.42625,0.61734,0.43338,0.55715,0.45092,0.84359,0.90981,0,0.74891,0.81615,0.48603,0.20212,0.16063,-0.047156,0.30901,0.20294,-0.2344,-0.13979,0.22476,0.041669,-0.33605,0.18642,0.26744,-0.27655,-0.066153,-0.24584,-0.0029399,-0.12973,0.25074,-0.19856,-0.051273,0.12894,0.11321,-0.32259,-0.30736,-0.40651,-0.27281,0.40921,0.32779,-0.066413,-0.10824,-0.075765,0.10111,-0.37618,-0.0036257,0.64036,0.25517,0.17989,0.2912,0.29851,0.54346,0.28811,0.025396,0.22065,0.40392,0.20034,0.18102,0.13547,-0.13752,-0.28397,-0.24035,0.048494,-0.48486,0.032141,0.11223,0.049893,0.03672,-0.16414,0.054096,0.11826,0.16459,-0.39824,-0.26496,0.16259,-0.020026,-0.073414,-0.062116
-0.18075,-0.22118,0.80014,0.62757,0.00015438,-0.35066,0.6802,0.18741,-0.27714,0.14665,0.18267,0.027579,0.38183,0.096944,-0.24906,-0.961,0.18015,0.52851,0.25343,-0.17657,-1.2179,-0.93423,-0.34359,-0.36991,0.25912,0.26174,-0.38366,-0.6239,0.30119,0.1878,0.61945,0.44042,0.54196,0.6567,1.3909,0.74891,0,1.034,1.3528,0.12702,0.033498,-0.38519,0.064402,-0.36839,0.059245,0.14868,0.36069,0.30745,-0.71259,0.0083912,-0.0062084,-0.16086,0.12711,-0.48328,0.21782,-0.60586,-0.19603,-0.023354,-0.13931,0.55194,-0.040076,-0.3816,-0.27266,-0.46054,-0.39591,0.382,0.45523,-0.077612,-0.11508,-0.29398,-0.12036,-0.46387,0.027929,0.27699,0.2607,0.66668,0.51208,0.59119,0.59339,0.60382,0.36786,0.51093,0.52569,0.43742,0.45906,0.51724,0.39546,0.11538,-0.087832,0.2515,-0.14153,0.3641,-0.10754,0.48855,0.080602,-0.0026899,-0.07967,0.025989,0.070202,-0.23906,-0.22411,0.086521,0.018844,-0.11081,0.083666
-0.069877,-0.089157,0.75729,0.80313,0.10102,-0.005241,0.86289,0.40054,-0.10974,0.35655,0.18394,0.37293,0.20474,0.20014,-0.060587,-0.529,0.18788,0.73365,0.15331,-0.14624,-0.70751,-0.58284,-0.25612,-0.29331,0.30678,0.48862,-0.45677,-0.5914,0.29091,0.3931,0.58571,0.65084,0.2893,0.70417,0.6838,0.81615,1.034,0,0.97744,0.23388,0.23008,-0.24037,0.26458,-0.035287,-0.1122,0.026858,0.28688,0.23254,-0.15497,0.078284,0.22684,0.11198,0.15131,-0.1645,0.24392,-0.32717,-0.024091,-0.09842,-0.076288,0.62115,0.28387,-0.14964,-0.018733,-0.26725,-0.23101,0.57473,0.56417,-0.042949,0.00080634,0.029202,0.23541,-0.29133,0.26313,0.68396,0.5057,0.52262,0.78201,0.60059,0.78155,0.54197,0.35421,0.53521,0.63901,0.46087,0.51357,0.47442,0.18114,-0.073451,-0.12417,-0.057756,-0.21363,0.19315,0.096913,0.39807,0.12356,0.078987,0.13929,0.079528,-0.088988,-0.13442,-0.16516,0.22874,0.27529,0.0058925,0.11051
-0.054715,-0.22478,0.85744,0.6397,0.11054,-0.54415,0.59912,0.11537,-0.14986,0.14555,0.27725,0.075344,0.43828,0.12511,-0.035403,-0.62864,0.41384,0.71581,0.45143,0.055535,-0.82928,-0.60644,-0.012235,-0.30106,0.52851,0.21365,-0.099077,-0.3703,0.15294,-0.016752,0.43796,0.20155,0.42843,0.38115,0.97275,0.48603,1.3528,0.97744,0,0.26084,0.22775,-0.28498,0.022635,-0.53931,0.28301,0.35853,0.22767,0.18225,-0.55556,0.053064,0.053498,-0.077296,0.18467,-0.4728,0.35481,-0.38027,-0.026324,0.13319,0.075549,0.65898,-0.020787,-0.5061,-0.26876,-0.27644,-0.29792,0.19003,0.22593,-0.16679,-0.12691,-0.25651,-0.18967,-0.20551,0.16325,0.20707,0.30764,0.79025,0.56669,0.663,0.53898,0.6325,0.39643,0.58968,0.50552,0.58701,0.54465,0.61498,0.48411,0.16234,0.01334,0.25891,0.04131,0.5742,-0.02816,0.45835,-0.08895,0.14416,0.018549,0.12806,0.18567,-0.12401,-0.35085,0.12259,0.024763,-0.0054978,0.097427
0.31571,0.6409,-0.025518,0.084823,0.72843,0.44283,0.58664,0.91974,0.1191,0.36436,0.13395,0.93008,0.032036,0.34991,-0.088114,0.23269,-0.044964,0.13608,0.101,0.65234,0.12965,0.29123,0.65026,0.6889,0.64616,0.34996,0.44694,0.24864,0.5242,0.34766,0.15409,-0.054638,-0.052748,-0.15036,0.003395,0.20212,0.12702,0.23388,0.26084,0,1.1875,0.99496,0.050597,0.026597,0.15416,-0.10425,-0.45421,-0.9226,0.20323,0.047933,0.063155,-0.029574,0.31646,0.3361,0.043948,0.61533,0.51018,-0.43942,-0.19467,-0.0068657,0.74101,-0.31801,-0.094963,-0.43618,-0.38565,-0.40238,-0.63578,-0.089332,0.16423,-0.14727,0.13523,-0.19994,-0.26443,0.1809,-0.16578,-0.23847,-0.066171,-0.011365,0.050216,-0.22265,-0.33113,0.05664,-0.13444,0.16718,0.041338,-0.18404,-0.33398,-0.78504,-0.74788,0.029847,-0.55784,-0.12059,0.067253,-0.19958,-0.25283,0.3354,0.4327,0.34919,0.42776,-0.53921,-1.1756,0.046519,-0.31677,0.26432,0.10169
0.54466,0.67,-0.16905,-0.13639,0.99726,0.46711,0.74797,0.87377,0.31174,0.43702,0.27162,0.89851,-0.15601,0.097453,-0.042804,0.31432,-0.16251,-0.062415,-0.22767,0.40906,0.1747,0.37642,0.71154,0.72824,0.7626,0.12516,0.59266,0.36572,0.58954,0.47109,0.16145,0.013924,-0.2686,-0.29379,-0.062537,0.16063,0.033498,0.23008,0.22775,1.1875,0,0.9785,0.25141,0.21077,0.084544,-0.063063,-0.27678,-0.68941,0.34201,-0.036082,-0.0044955,2.8784e-05,0.27512,0.34313,-0.12259,0.66935,0.618,-0.2286,0.061961,0.08202,0.66086,-0.29549,-0.1081,-0.23518,-0.24188,-0.23123,-0.46948,-0.13728,0.17803,-0.14522,0.12704,-0.046392,-0.038153,0.22191,0.13089,-0.22467,-0.11762,-0.1976,-0.10991,-0.36941,-0.52718,-0.1211,-0.29032,-0.16838,-0.24723,-0.41125,-0.6476,-0.58887,-0.41916,-0.00062667,-0.3159,0.056758,0.16099,-0.15788,-0.34783,0.14376,0.19245,0.20189,0.22407,-0.56837,-1.1138,-0.059026,-0.32746,0.052463,-0.14574
0.36435,0.98943,-0.45887,-0.29928,0.89042,0.7948,0.18674,0.61947,0.18731,0.20726,-0.081677,0.69024,-0.14068,0.18718,0.057878,0.73717,-0.15082,-0.26533,-0.17252,0.57317,0.70024,0.88159,0.68257,1.2421,0.262,0.17561,0.72631,0.73535,0.52013,0.35201,-0.19134,-0.21356,-0.16962,-0.36231,-0.43019,-0.047156,-0.38519,-0.24037,-0.28498,0.99496,0.9785,0,-0.009951,0.30995,0.010943,-0.28789,-0.46529,-1.0657,0.47499,0.16503,0.080915,0.034115,0.097794,0.52843,-0.37896,1.01,0.62878,-0.38838,-0.15523,-0.26602,0.72987,-0.27207,-0.13422,-0.31898,-0.26843,-0.36739,-0.68138,-0.13066,0.25453,-0.091804,0.103,-0.02546,-0.3505,0.16651,-0.2325,-0.57921,-0.31667,-0.27848,-0.18818,-0.45951,-0.5324,-0.22267,-0.35639,-0.23364,-0.33601,-0.51261,-0.74028,-0.86121,-0.60853,0.083793,-0.51933,-0.21286,0.17662,-0.44706,-0.29275,0.19958,0.31505,0.35478,0.43914,-0.45817,-0.86915,-0.026095,-0.35122,0.14176,-0.06449
-2.8599e-05,0.12996,-0.30652,-0.16281,-0.13096,0.21475,0.25232,0.14927,0.21765,0.23844,0.18759,0.29492,-0.35875,-0.18298,-0.33071,-0.20915,-0.68363,-0.2668,-0.3529,-0.61649,-0.22231,-0.29231,-0.30315,-0.37091,0.29329,-0.010087,-0.25415,-0.55458,0.0049128,0.26664,0.46892,0.73035,-0.47883,0.13478,0.24442,0.30901,0.064402,0.26458,0.022635,0.050597,0.25141,-0.009951,0,0.85775,0.19016,0.41731,-0.34345,-0.081936,0.11371,-0.46692,-0.1096,-0.093454,-0.27392,-0.098165,-0.1819,0.013815,0.18876,-0.1718,0.087656,-0.018537,0.052389,0.24276,0.19089,0.31621,0.14262,-0.15344,-0.0018412,0.28133,0.23302,0.36411,0.69077,0.44095,0.69159,0.3964,0.41137,-0.35856,-0.29934,-0.41667,-0.13726,-0.14651,-0.21637,-0.39496,-0.15306,-0.13584,-0.05,-0.26075,-0.34485,-0.21638,-0.16104,-0.46774,0.042405,-0.25843,0.087074,-0.66722,-0.42663,-0.42316,-0.060401,-0.48509,-0.40046,-0.27175,-0.02711,0.13722,0.046769,0.019363,-0.224
0.088764,0.48453,-0.70664,-0.45746,-0.046504,0.90739,0.15252,0.41081,0.44888,0.49125,0.16994,0.42514,-0.34093,-0.05171,-0.20641,0.18721,-0.75594,-0.43441,-0.77814,-0.3804,0.2583,0.0929,-0.29352,0.062914,-0.015954,0.085993,-0.2279,-0.14816,0.17969,0.68112,0.2775,0.64134,-0.50423,0.0059402,-0.18866,0.20294,-0.36839,-0.035287,-0.53931,0.026597,0.21077,0.30995,0.85775,0,-0.2382,-0.11853,-0.25447,-0.22011,0.50976,-0.19309,-0.032171,0.0071394,-0.39972,0.22564,-0.57831,0.20406,0.1596,-0.40441,-0.15521,-0.19906,0.33007,0.44191,0.40504,0.364,0.36279,0.028931,-0.018004,0.42212,0.40218,0.58987,0.88993,0.29926,0.34424,0.47883,0.24857,-0.63981,-0.28352,-0.5625,-0.25775,-0.43808,-0.40475,-0.72911,-0.38731,-0.52867,-0.48669,-0.58961,-0.80139,-0.42299,-0.23578,-0.38339,-0.1925,-0.61445,0.030188,-0.59325,-0.14248,-0.38233,0.00065821,-0.35121,-0.253,-0.20089,0.091119,0.10335,0.048749,-0.14236,-0.39356
