,,,,,,,,,,,,,,,,,,,,,,,,,,,,,,,,,,,,,,,,,,,,,,,,,,,,,,,,,,,,,,,,,,,,,,,,,,,,,,,,,,,,,,,,,,,,,,,,,,,,,,,,
0,0.50342,-0.012513,-0.19501,0.70869,0.21395,0.78868,0.25399,-0.15807,-0.065159,0.026841,-0.20209,-0.19344,-0.25189,-0.31281,-0.54902,-0.14078,-0.29864,-0.34373,-0.31835,-0.36302,-0.36286,-0.011497,-0.10603,-0.073022,-0.35426,-0.19904,-0.15115,0.49599,0.32002,0.22666,0.16243,-0.2673,-0.17732,0.11759,0.049136,0.36427,0.26873,0.35138,-0.14909,0.3437,-0.12844,0.21763,0.26111,-0.0053879,-0.14196,0.45655,0.091678,0.28085,-0.2037,-0.24735,-0.0092713,0.85803,0.25172,-0.12245,0.099227,0.18714,-0.077667,-0.10108,0.42662,-0.2073,-0.2322,-0.17935,-0.041085,0.070806,0.51124,0.38042,-0.21806,-0.56428,-0.22489,-0.38989,-0.3548,-0.33289,0.045348,0.12879,0.46046,0.1622,-0.25491,-0.20086,-0.025249,-0.16017,-0.022352,0.049777,-0.3751,-0.4894,-0.19401,-0.071538,-0.093511,0.054893,0.28057,0.21171,0.37842,-0.25652,0.1653,-0.34406,-0.056444,-0.22207,0.16684,0.082765,-0.12094,-0.24293,-0.38639,-0.40225,-0.31458,-0.27051
0.50342,0,0.15537,0.20242,0.13913,1.0231,0.34644,0.79653,0.14319,0.51738,-0.0028521,0.44568,0.20551,0.31539,0.085909,-0.14552,-0.22152,-0.16535,0.12045,-0.062927,-0.1107,-0.21603,0.012645,0.019159,0.38586,0.16611,-0.19164,-0.40944,0.53877,0.68423,0.21157,0.59826,-0.086758,0.28606,0.17656,0.55498,0.13121,0.4288,0.35937,0.22147,0.34855,0.37624,0.12195,0.5236,0.54957,0.45024,-0.34064,-0.55786,0.40518,0.067472,0.058842,0.32125,0.21971,0.5787,-0.18612,0.19424,0.11144,-0.31104,-0.24733,0.69582,0.48997,0.28353,0.38017,-0.14208,0.081838,-0.23999,-0.36953,0.19725,0.20925,0.44416,0.38604,0.073628,-0.097127,0.16673,-0.033668,0.26145,0.38452,-0.11436,0.04222,-0.050844,-0.025864,0.11502,0.28229,-0.053009,-0.1445,0.01126,-0.065848,-0.39425,-0.37148,0.46951,0.094203,0.0083429,0.24734,-0.42351,-0.14238,0.11887,0.36495,0.15485,0.46516,0.19257,-0.040085,0.13455,0.10385,0.028771,0.034507
-0.012513,0.15537,0,1.525,-0.13646,-0.088979,0.15378,0.55533,-0.094644,0.409,0.047487,0.63911,0.47337,0.51636,0.28738,-0.0085645,0.6343,0.77114,0.92464,0.44521,-0.24875,-0.084831,0.38611,0.14112,0.59282,0.50652,-0.039256,-0.24522,0.13979,0.23909,0.073595,0.1339,0.47521,0.43546,0.22074,0.51472,0.47934,0.83803,0.81973,0.54927,0.29025,0.10031,-0.28795,-0.37923,0.32898,0.38146,0.10508,0.18495,-0.1479,0.43909,0.40162,0.46937,0.34978,0.44922,0.81673,0.16829,0.067928,0.3888,0.4611,0.48018,0.47188,0.16372,0.097112,-0.1496,-0.16157,0.13771,-0.058854,-0.28163,0.10515,0.16459,0.12357,0.11586,0.25996,0.22566,0.31066,0.73571,0.8427,1.0809,0.76542,0.66832,0.6357,1.3076,0.73281,0.74197,0.52772,0.96597,0.65369,0.24128,0.19826,0.10711,-0.10426,0.27936,0.54485,0.38829,0.40085,0.68541,0.72121,0.51596,0.48824,0.14499,-0.076951,0.30792,0.51021,0.31757,0.51922
-0.19501,0.20242,1.525,0,-0.16175,0.025999,0.01114,0.43674,-0.106,0.33001,-0.089518,0.70627,0.44592,0.56766,0.36828,0.11339,0.62073,0.91098,1.2488,0.44299,-0.1147,-0.018537,0.29215,0.11522,0.49303,0.597,-0.040547,-0.24254,0.055034,0.11924,-0.028728,0.14137,0.61147,0.58707,0.21672,0.59179,0.34651,0.71618,0.59524,0.5439,0.18188,0.16268,-0.24128,-0.31964,0.38326,0.414,-0.11728,0.026965,-0.085411,0.53811,0.53529,0.50085,0.16551,0.4048,0.77543,0.19624,0.093742,0.25984,0.34651,0.38005,0.6332,0.17192,0.14945,-0.22684,-0.26184,-0.035445,-0.14983,-0.20625,0.22314,0.22491,0.24326,0.14404,0.24545,0.23693,0.1198,0.41529,0.6789,1.0689,1.0244,0.74337,0.6615,1.3326,1.0171,1.1676,0.93934,1.076,0.65029,0.085155,0.015131,0.054783,-0.21596,0.092162,0.602,0.11662,0.32107,0.64737,0.90708,0.54614,0.46874,0.2282,-0.029995,0.46338,0.636,0.54621,0.67717
0.70869,0.13913,-0.13646,-0.16175,0,0.1241,0.57262,-0.075256,-0.44738,-0.57781,-0.24943,-0.25222,-0.316,-0.33918,-0.2574,-0.31552,-0.078778,-0.23884,-0.26945,-0.25276,-0.28256,-0.10759,0.075006,0.020719,-0.20566,-0.38493,0.07213,0.096407,0.46858,-0.0028555,0.025087,-0.084201,0.014429,-0.12215,0.22805,0.0073945,0.34707,0.060201,0.16937,-0.062445,0.42815,0.061871,0.3152,0.030385,-0.21995,-0.343,0.17913,-0.1202,0.11716,-0.087335,-0.064977,-0.15365,0.59241,0.025681,-0.17683,0.075266,0.42185,-0.16679,-0.073991,0.090051,-0.26544,-0.45481,-0.47095,-0.44518,-0.44132,0.21204,0.2582,-0.3838,-0.60504,-0.64024,-0.48527,-0.69474,-0.60413,-0.22788,-0.1783,0.056664,-0.1056,-0.2378,-0.048785,0.046018,-0.30264,0.11374,0.17973,-0.2351,-0.17362,-0.20311,-0.2129,-0.25584,-0.1325,-0.098022,-0.11968,0.43873,-0.19448,-0.054131,-0.5721,-0.14036,-0.28117,0.19948,0.0013282,-0.52799,-0.59043,-0.51589,-0.65311,-0.19844,-0.26519
0.21395,1.0231,-0.088979,0.025999,0.1241,0,0.10822,0.64261,0.21891,0.43389,-0.040515,0.45655,0.186,0.36572,0.13555,-0.044494,-0.23616,-0.23868,0.085697,-0.023912,0.014885,-0.086988,-0.12832,0.029571,0.19969,0.22576,-0.13923,-0.2907,0.30875,0.57737,0.024565,0.41651,-0.17847,0.26466,-0.055545,0.38535,-0.11315,0.26788,0.11123,0.24993,0.069256,0.42375,-0.0018554,0.55565,0.27281,0.17928,-0.48199,-0.83771,0.37316,0.15264,0.19682,0.1927,0.046794,0.42035,-0.42408,-0.12449,-0.11351,-0.62492,-0.72533,0.51567,0.49501,0.25966,0.49479,-0.26845,0.067079,-0.30627,-0.43651,0.37637,0.2061,0.5072,0.53767,-0.036024,-0.21741,0.10588,-0.21222,0.12256,0.3982,-0.24235,-0.054712,-0.14513,-0.12482,-0.0066176,0.27024,-0.16175,-0.21946,-0.014518,-0.081815,-0.64247,-0.67399,0.33961,0.098569,-0.33449,0.012211,-0.62834,-0.17206,-0.057847,0.23422,-0.10769,0.19727,0.016422,0.013522,0.039841,-0.050345,-0.1179,-0.21176
0.78868,0.34644,0.15378,0.01114,0.57262,0.10822,0,0.56522,-0.3935,0.0083133,0.059539,0.040941,-0.10771,-0.18671,-0.63681,-0.94702,-0.25871,-0.0049344,-0.34859,-0.42013,-0.96563,-0.72545,-0.13515,-0.31205,0.07778,-0.34949,-0.5114,-0.56288,0.97578,0.70478,0.95678,0.55236,-0.024013,0.018966,0.91215,0.47251,1.1421,0.59453,0.67135,-0.00084597,0.72455,-0.20255,0.6877,0.35062,-0.26765,-0.26244,0.43288,0.14598,0.073579,-0.27292,-0.072094,-0.14957,0.72468,0.03486,0.049534,0.03746,0.46895,-0.21447,0.02058,0.35391,-0.26183,-0.14496,-0.30505,-0.091868,-0.018684,0.59699,0.53383,-0.17605,-0.6761,-0.13454,-0.25792,-0.53113,-0.15147,0.15331,0.34171,0.47321,0.19998,-0.11081,0.042948,0.13819,-0.18501,0.12924,0.17778,-0.22852,-0.32077,-0.093725,-0.23789,-0.19486,-0.070001,-0.10725,-0.17059,0.66054,-0.050625,0.16311,-0.37599,-0.17891,-0.2418,0.1284,0.19332,-0.40899,-0.63077,-0.47611,-0.62993,-0.35527,-0.36531
0.25399,0.79653,0.55533,0.43674,-0.075256,0.64261,0.56522,0,0.18443,0.93091,0.34083,0.85422,0.3031,0.35454,0.022632,-0.29856,-0.070817,0.17162,0.26636,0.16066,-0.43708,-0.35066,0.07546,0.025252,0.80359,0.3666,-0.22533,-0.59263,0.57001,1.035,0.55721,0.66335,-0.095997,0.27643,0.42473,0.75985,0.54654,0.90468,0.86305,0.65369,0.50944,0.28016,0.06245,0.30973,0.3759,0.3475,-0.042963,-0.25677,0.012225,-0.0042578,0.095575,0.22447,0.23975,0.398,0.0528,-0.057277,-0.013478,-0.16702,-0.12812,0.72659,0.54398,0.16707,0.26634,-0.17848,0.0094565,0.053097,-0.21934,0.11471,0.12452,0.40664,0.35022,0.03448,0.18267,0.41982,0.4229,0.57521,0.78781,0.2215,0.1997,0.20276,0.13253,0.34934,0.31927,0.09437,-0.094462,0.34708,0.19712,-0.23028,-0.26065,0.31636,0.020807,0.05858,0.20459,-0.040077,0.05766,0.25597,0.38703,0.15406,0.48242,-0.11383,-0.27981,0.089667,0.050852,-0.12727,-0.08246
-0.15807,0.14319,-0.094644,-0.106,-0.44738,0.21891,-0.3935,0.18443,0,0.85182,0.91692,0.33956,0.19743,0.091729,0.84169,0.66038,0.077709,0.021408,-0.001978,0.38123,0.53886,0.3487,0.042842,0.33618,0.43606,0.41723,0.44166,0.30834,-0.23913,0.025561,-0.21048,0.025798,-0.35403,-0.036842,-0.3218,-0.048249,-0.46209,-0.098876,-0.12461,0.080556,-0.24512,0.18165,-0.44223,0.10554,0.48733,0.54522,-0.097633,0.034982,0.10172,0.039598,-0.20132,0.197,-0.59938,0.04072,-0.31723,-0.34338,-0.71026,0.23108,-0.059204,0.25079,0.68261,0.062991,0.52322,0.115,0.12151,-0.12624,-0.28274,0.46417,0.7884,0.35421,0.33894,0.56377,0.46794,0.095721,0.29989,-0.01067,0.28818,0.058169,-0.12782,-0.10181,0.1013,-0.29321,-0.19823,-0.12894,-0.11298,0.11247,0.17616,0.33705,0.14759,0.55964,0.54198,-0.51975,-0.14654,0.040957,0.25699,0.17436,0.15393,-0.1335,-0.13749,0.40165,0.39955,0.48055,0.59298,-0.10791,-0.045168
-0.065159,0.51738,0.409,0.33001,-0.57781,0.43389,0.0083133,0.93091,0.85182,0,0.62917,0.86906,0.4108,0.41201,0.42077,0.15611,0.056877,0.20028,0.26239,0.31105,-0.007933,-0.07126,-0.0087197,0.12304,0.81803,0.55783,0.00556,-0.2423,0.097778,0.5949,0.22493,0.47408,-0.2144,0.23825,0.03024,0.44941,0.031249,0.50527,0.42413,0.38899,0.07774,0.20522,-0.2503,0.23904,0.54862,0.65598,-0.075259,-0.048324,-0.0045831,0.10333,0.056224,0.28586,-0.22394,0.24746,-0.057174,-0.25873,-0.45106,0.06285,-0.05324,0.73274,0.8184,0.28484,0.58022,0.11676,0.26653,-0.023296,-0.27716,0.36802,0.65608,0.78641,0.61579,0.53432,0.62415,0.42606,0.56578,0.46896,0.78019,0.26742,0.12576,0.085951,0.25907,0.084881,0.16302,0.096315,-0.0030802,0.36223,0.26272,0.074612,-0.043696,0.56587,0.34716,-0.28517,0.15918,0.0020493,0.29469,0.20152,0.37686,-0.10697,0.1874,0.30031,0.21124,0.421,0.54826,-0.048505,0.020844
0.026841,-0.0028521,0.047487,-0.089518,-0.24943,-0.040515,0.059539,0.34083,0.91692,0.62917,0,0.18614,0.37587,0.098906,0.40668,0.21768,0.1937,0.30978,-0.060412,0.2606,0.099351,0.044909,0.10197,0.086221,0.47971,0.4478,0.093103,0.021615,-0.019239,0.2384,0.26029,0.26044,-0.095617,0.084234,0.189,0.16516,0.11018,0.17119,0.26551,0.19709,0.01527,0.0089049,-0.094019,0.099946,0.25374,0.47522,0.093827,0.29174,-0.0035625,0.033906,-0.15381,-0.086982,-0.35714,-0.12094,-0.10541,-0.28365,-0.33627,0.28143,0.11571,0.11564,0.28191,-0.072519,0.28784,0.12807,0.11295,0.074606,0.0038838,0.45101,0.41365,0.096094,0.20086,0.19114,0.36412,0.0074454,0.47057,0.099827,0.29239,0.30592,0.11244,0.23856,0.31833,-0.25682,-0.33559,-0.10282,-0.17921,0.23824,0.32382,0.48188,0.38212,0.14061,0.36513,-0.23895,-0.36201,0.32626,0.085134,0.23043,0.035507,-0.011258,0.049141,0.076531,0.13206,0.29785,0.28123,-0.28615,-0.20275
-0.20209,0.44568,0.63911,0.70627,-0.25222,0.45655,0.040941,0.85422,0.33956,0.86906,0.18614,0,0.34747,0.46318,0.49915,0.30289,0.26648,0.39301,0.65275,0.58773,0.069781,0.23149,0.36843,0.47122,0.93051,0.79264,0.22436,-0.11572,0.23877,0.36475,0.084569,0.26785,0.0082272,0.30023,0.054178,0.42825,0.12793,0.57784,0.49121,0.93899,0.47152,0.71314,-0.086661,0.10631,0.64898,0.60372,-0.26324,-0.29158,0.045025,0.2079,0.30596,0.58436,-0.075651,0.42452,0.11101,0.080467,-0.063576,0.089873,0.049371,0.47239,1.1551,0.094362,0.18914,-0.2095,-0.26969,-0.11141,-0.36439,-0.018496,0.46431,0.50151,0.4748,0.50219,0.53111,0.54392,0.44805,0.40049,0.82193,0.52573,0.4349,0.32644,0.40178,0.56698,0.53072,0.40622,0.28842,0.61098,0.22577,-0.094256,-0.19906,0.31995,0.018151,-0.14497,0.48228,-0.10833,0.18201,0.43353,0.73008,0.26355,0.42363,0.016745,-0.22044,0.41745,0.42625,0.12403,0.13766
-0.19344,0.20551,0.47337,0.44592,-0.316,0.186,-0.10771,0.3031,0.19743,0.4108,0.37587,0.34747,0,1.4764,0.44809,0.15924,0.48046,0.57895,0.43056,0.08308,0.0091848,-0.08419,0.056549,-0.14855,0.26145,0.82312,-0.33778,-0.4107,0.12712,0.47831,0.13985,0.58998,0.80405,1.1568,0.21974,0.67275,0.133,0.56,0.3648,0.19169,-0.14448,0.076621,-0.14956,0.037928,0.16099,0.63962,-0.48746,0.012833,0.24246,1.2006,0.84746,0.07928,-0.088657,0.31584,0.25613,-0.02153,-0.12205,0.021302,0.0053227,0.27137,0.31811,0.63218,0.77925,-0.019418,0.1961,-0.30908,-0.1382,0.72147,0.55242,0.63836,0.91701,0.10777,0.039845,-0.25041,-0.1149,0.34315,0.63739,0.73762,0.78469,0.54394,0.83262,0.23433,0.16495,0.15842,0.083286,0.53481,0.34659,0.19866,0.084899,-0.1759,0.037948,-0.24716,0.1171,0.089785,0.22341,0.31998,0.47984,-0.0069714,0.29549,0.43124,0.43753,0.548,0.58334,0.039138,0.1583
-0.25189,0.31539,0.51636,0.56766,-0.33918,0.36572,-0.18671,0.35454,0.091729,0.41201,0.098906,0.46318,1.4764,0,0.39397,0.1705,0.42844,0.49356,0.60466,0.044913,0.055912,-0.038413,0.01463,-0.16467,0.17282,0.73582,-0.35345,-0.37924,0.030578,0.41329,-0.0081457,0.51189,0.76394,1.3424,0.084846,0.66031,-0.00031241,0.56226,0.29888,0.23811,-0.19667,0.10703,-0.25037,-0.0059879,0.17714,0.53374,-0.65755,-0.21764,0.31979,1.2662,1.1801,0.17061,-0.017006,0.44268,0.29806,0.0094091,-0.12723,-0.22006,-0.1488,0.34933,0.39653,0.61135,0.74018,-0.1948,0.14108,-0.43285,-0.22718,0.55525,0.47703,0.72242,1.0241,0.06051,-0.072522,-0.18049,-0.18578,0.37011,0.66235,0.58375,0.74185,0.33729,0.6362,0.32651,0.33861,0.24501,0.19107,0.42431,0.26403,-0.074415,-0.16209,-0.046836,0.063042,-0.30108,0.29007,-0.043836,0.31023,0.20509,0.49475,-0.064574,0.22728,0.37039,0.43074,0.50837,0.5619,0.20945,0.2978
-0.31281,0.085909,0.28738,0.36828,-0.2574,0.13555,-0.63681,0.022632,0.84169,0.42077,0.40668,0.49915,0.44809,0.39397,0,1.1203,0.60314,0.32909,0.56535,0.78006,0.78485,0.73304,0.4901,0.60621,0.52702,0.81958,0.6864,0.43534,-0.25917,-0.20389,-0.58467,-0.1909,0.13887,0.22328,-0.37107,0.01649,-0.46413,-0.0064014,-0.029736,0.32155,-0.11993,0.48503,-0.55514,-0.17256,0.74936,0.81028,-0.33089,-0.077025,0.14105,0.53451,0.20748,0.61516,-0.4667,0.25438,0.00031491,0.018675,-0.32467,0.48859,0.23815,0.16463,0.95081,0.16437,0.49278,-0.075797,-0.19677,-0.30951,-0.50814,0.20688,0.85524,0.26074,0.32347,0.57971,0.32974,-0.051979,-0.014825,0.037149,0.44326,0.54536,0.31697,0.2812,0.48406,0.30294,0.22511,0.29869,0.2759,0.54806,0.44199,0.44803,0.24841,0.31409,0.27956,-0.33259,0.2093,-0.0052145,0.27666,0.68451,0.66433,0.32647,0.1588,0.46266,0.33118,0.75604,0.99802,0.11835,0.27686
-0.54902,-0.14552,-0.0085645,0.11339,-0.31552,-0.044494,-0.94702,-0.29856,0.66038,0.15611,0.21768,0.30289,0.15924,0.1705,1.1203,0,0.48237,0.25325,0.37863,0.80023,1.4081,1.3692,0.554,0.85566,0.1744,0.49859,0.78549,0.93088,-0.6105,-0.63568,-0.84843,-0.51065,0.087421,-0.026078,-0.61657,-0.40156,-0.85004,-0.49439,-0.47252,0.17464,-0.19077,0.52378,-0.53458,-0.33944,0.46545,0.44845,-0.37812,-0.078875,0.23447,0.25005,0.016369,0.50883,-0.59589,0.23228,0.061076,0.1654,-0.24137,0.4279,0.24839,-0.2718,0.64668,-0.0023786,0.14663,-0.051516,-0.24673,-0.50822,-0.47327,0.0088152,0.65386,0.017177,0.18035,0.55887,0.24482,-0.17608,-0.071443,-0.34196,-0.011215,0.29339,0.089406,-0.051504,0.27278,0.016365,-0.10032,0.23465,0.32561,0.18933,0.16734,0.43374,0.3094,0.21396,0.20298,-0.34521,0.21031,0.054792,0.38322,0.36919,0.37911,0.20259,0.055756,0.33354,0.31968,0.4553,0.65219,0.38825,0.39126
-0.14078,-0.22152,0.6343,0.62073,-0.078778,-0.23616,-0.25871,-0.070817,0.077709,0.056877,0.1937,0.26648,0.48046,0.42844,0.60314,0.48237,0,0.9675,0.76461,0.64871,0.34818,0.41966,0.68598,0.30184,0.20017,0.67504,0.16333,0.2562,-0.42597,-0.31476,-0.44821,-0.30107,0.55311,0.332,-0.17512,-0.013165,-0.084331,0.19115,0.27153,0.29392,0.011524,0.15347,-0.39135,-0.57876,0.2683,0.38726,0.095512,0.26183,0.063731,0.66556,0.49699,0.46051,-0.072611,0.1111,0.55524,0.073271,-0.0099318,0.5591,0.4369,-0.0044786,0.33352,-0.0067083,0.10398,0.015586,-0.075125,0.13062,0.073836,-0.18181,0.17449,-0.023111,0.14907,0.18757,0.18773,-0.028904,0.16655,0.32689,0.47609,1.0436,0.7979,0.59306,0.91559,0.58826,0.40437,0.60485,0.53316,0.75611,0.64249,0.53892,0.58127,0.075086,0.26473,0.00046246,0.109,0.3769,0.1786,0.46242,0.38131,0.37185,0.23683,0.28915,0.29571,0.2927,0.54003,0.19565,0.25353
-0.29864,-0.16535,0.77114,0.91098,-0.23884,-0.23868,-0.0049344,0.17162,0.021408,0.20028,0.30978,0.39301,0.57895,0.49356,0.32909,0.25325,0.9675,0,0.74109,0.42985,0.062001,0.10638,0.30573,0.048943,0.2288,0.64262,-0.17866,-0.081695,-0.20051,-0.045337,0.045096,0.1176,0.82766,0.59286,0.29657,0.37218,0.27984,0.42441,0.37573,0.32309,0.06079,-0.020174,-0.11368,-0.34867,0.085143,0.30634,-0.035935,0.31531,0.099632,0.53913,0.49215,0.28394,-0.067197,0.14282,0.81559,0.12735,0.12141,0.30987,0.41746,-0.031934,0.34945,-0.002892,0.035723,-0.069352,-0.14098,0.054058,0.1396,-0.034127,0.16185,0.052619,0.22207,0.048827,0.24807,0.026903,0.21986,0.18501,0.43188,1.3224,1.2217,0.82809,0.91012,0.57289,0.43854,0.90303,0.79057,0.89278,0.60921,0.35843,0.37259,-0.21382,-0.12934,0.017863,0.22096,0.41213,0.3073,0.4512,0.51194,0.43197,0.36738,0.17932,0.097402,0.41308,0.5039,0.45444,0.45625
-0.34373,0.12045,0.92464,1.2488,-0.26945,0.085697,-0.34859,0.26636,-0.001978,0.26239,-0.060412,0.65275,0.43056,0.60466,0.56535,0.37863,0.76461,0.74109,0,0.7475,0.17513,0.33371,0.49326,0.33059,0.50818,0.95245,0.182,-0.0064817,-0.20852,-0.1389,-0.31758,-0.11723,0.47818,0.45205,-0.11789,0.24584,0.027677,0.40824,0.40352,0.81585,0.050048,0.44568,-0.42417,-0.40429,0.59796,0.55402,-0.29296,-0.15336,-0.057597,0.5637,0.51454,0.58451,-0.066329,0.35579,0.49032,0.17707,-0.045906,0.2579,0.1964,0.17795,0.75204,0.079793,0.20167,-0.2739,-0.31492,-0.29033,-0.43269,-0.13819,0.39722,0.16163,0.32667,0.26225,0.17132,0.13539,-0.067956,0.19407,0.55323,1.047,0.82128,0.67582,0.88341,0.97449,0.66937,1.1679,0.89438,1.1113,0.93061,0.091599,0.014606,0.10805,-0.0075392,-0.21615,0.36312,-0.076286,0.21659,0.77641,0.95755,0.52602,0.52755,0.1727,0.045741,0.50382,0.6575,0.49117,0.56344
-0.31835,-0.062927,0.44521,0.44299,-0.25276,-0.023912,-0.42013,0.16066,0.38123,0.31105,0.2606,0.58773,0.08308,0.044913,0.78006,0.80023,0.64871,0.42985,0.7475,0,0.53057,0.86494,1.0661,1.1773,0.70574,0.70751,0.72789,0.52126,-0.33736,-0.33526,-0.44399,-0.52889,-0.035526,-0.21371,-0.36438,-0.26044,-0.22534,-0.098454,0.086898,0.77959,0.241,0.79493,-0.4421,-0.38198,0.68551,0.45412,-0.0053593,-0.011574,-0.12651,0.039951,-0.14102,0.77106,-0.2928,0.28007,0.22502,0.20407,-0.073597,0.77463,0.46433,-0.1124,0.77087,-0.062203,0.0069571,0.025377,-0.27793,-0.16811,-0.57403,-0.31751,0.40031,-0.085396,-0.0023426,0.54203,0.433,0.14476,0.178,-0.019245,0.28791,0.6314,0.17042,0.29427,0.48968,0.48894,0.11796,0.53687,0.38511,0.71128,0.64841,0.52834,0.4683,0.22078,0.072906,-0.07273,0.22339,0.1352,0.25264,0.88587,0.68425,0.61255,0.55426,0.051001,-0.052262,0.24704,0.44036,0.19712,0.24204
-0.36302,-0.1107,-0.24875,-0.1147,-0.28256,0.014885,-0.96563,-0.43708,0.53886,-0.007933,0.099351,0.069781,0.0091848,0.055912,0.78485,1.4081,0.34818,0.062001,0.17513,0.53057,0,1.2219,0.46877,0.6161,-0.053083,0.27674,0.63654,0.89684,-0.78244,-0.71108,-0.96731,-0.54276,-0.056604,-0.1257,-0.80886,-0.56639,-1.3003,-0.73663,-0.75661,-0.0029743,-0.27419,0.40468,-0.43309,-0.19399,0.40664,0.31104,-0.40741,-0.24543,0.37255,0.10892,-0.091562,0.45549,-0.57725,0.17618,-0.054651,0.29136,-0.13991,0.25008,0.11359,-0.44932,0.36801,-0.057425,0.077369,0.048438,-0.11902,-0.47128,-0.44918,-0.0045106,0.45885,-0.028453,0.062096,0.544,0.11223,-0.088534,-0.12566,-0.48927,-0.21562,0.040455,-0.087211,-0.26805,0.071609,-0.18221,-0.23506,0.095373,0.14704,-0.075124,-0.020729,0.23102,0.23797,0.25212,0.21109,-0.33084,0.18489,0.0057284,0.38017,0.25204,0.2837,0.17811,-0.019547,0.34924,0.404,0.4505,0.50568,0.35689,0.3387
-0.36286,-0.21603,-0.084831,-0.018537,-0.10759,-0.086988,-0.72545,-0.35066,0.3487,-0.07126,0.044909,0.23149,-0.08419,-0.038413,0.73304,1.3692,0.41966,0.10638,0.33371,0.86494,1.2219,0,0.80251,1.1508,0.13665,0.35361,0.97099,1.1804,-0.50983,-0.79598,-0.83865,-0.76869,-0.059122,-0.26939,-0.70291,-0.68523,-0.74896,-0.58115,-0.43978,0.30173,0.047858,0.72386,-0.36428,-0.3303,0.4039,0.25224,-0.26101,-0.18025,0.27366,0.028029,-0.11277,0.62974,-0.38488,0.22061,-0.053622,0.32626,-0.021002,0.37365,0.24797,-0.41733,0.43589,-0.26853,-0.18887,-0.14328,-0.42226,-0.39234,-0.46739,-0.26503,0.29994,-0.24316,-0.098892,0.43169,0.099795,-0.1333,-0.08186,-0.34988,-0.10287,0.1927,-0.064952,-0.092705,0.18383,0.07268,-0.14713,0.15175,0.16787,0.095364,0.098461,0.30607,0.3067,0.14245,0.16864,-0.15105,0.18677,0.030681,0.20662,0.40272,0.30722,0.37982,0.19342,-0.01089,-0.015663,0.21084,0.26612,0.24559,0.22608
-0.011497,0.012645,0.38611,0.29215,0.075006,-0.12832,-0.13515,0.07546,0.042842,-0.0087197,0.10197,0.36843,0.056549,0.01463,0.4901,0.554,0.68598,0.30573,0.49326,1.0661,0.46877,0.80251,0,1.0484,0.52762,0.45953,0.63161,0.46562,-0.12903,-0.3217,-0.39221,-0.49908,0.071835,-0.18313,-0.228,-0.28509,-0.1157,-0.10333,0.16065,0.63474,0.58495,0.82555,-0.2056,-0.43727,0.61183,0.4223,0.018354,-0.10233,0.065103,0.00040223,-0.10901,0.75963,-0.038505,0.31942,0.26585,0.51377,0.26911,0.70054,0.5966,-0.2253,0.39754,-0.15019,-0.22959,-0.061498,-0.39368,-0.10564,-0.38469,-0.53007,0.11685,-0.3267,-0.14959,0.3427,0.15222,0.06317,0.19528,0.036907,0.13786,0.48171,0.18001,0.18642,0.36977,0.48495,0.019386,0.28449,0.14999,0.35524,0.26689,0.44111,0.53692,0.19738,0.10218,0.29789,0.34275,0.22488,0.11395,0.7374,0.48539,0.78338,0.65194,-0.023766,-0.19834,0.10305,0.20156,0.10356,0.16386
-0.10603,0.019159,0.14112,0.11522,0.020719,0.029571,-0.31205,0.025252,0.33618,0.12304,0.086221,0.47122,-0.14855,-0.16467,0.60621,0.85566,0.30184,0.048943,0.33059,1.1773,0.6161,1.1508,1.0484,0,0.46245,0.34193,1.0494,0.81523,-0.1285,-0.41723,-0.53801,-0.65496,-0.21923,-0.44135,-0.51793,-0.51302,-0.32941,-0.30815,-0.12094,0.54403,0.36316,1.0028,-0.36109,-0.33048,0.53323,0.2523,-0.010773,-0.10171,0.1113,-0.16072,-0.34077,0.74858,-0.095011,0.45468,0.019534,0.29564,-0.045715,0.58743,0.30923,-0.14353,0.65294,-0.22362,-0.21067,-0.15884,-0.50549,-0.19649,-0.47419,-0.45051,0.21273,-0.26964,-0.17002,0.42177,0.1914,0.025762,0.10487,-0.108,0.099932,0.21736,-0.12884,-0.015363,0.15471,0.2704,-0.065558,0.11596,0.07605,0.24539,0.18861,0.38447,0.31739,0.31659,0.1081,0.032036,0.20711,0.11794,0.16314,0.58179,0.40475,0.53901,0.40325,-0.045402,-0.24621,0.028099,0.15999,0.14577,0.13839
-0.073022,0.38586,0.59282,0.49303,-0.20566,0.19969,0.07778,0.80359,0.43606,0.81803,0.47971,0.93051,0.26145,0.17282,0.52702,0.1744,0.20017,0.2288,0.50818,0.70574,-0.053083,0.13665,0.52762,0.46245,0,0.78013,0.4115,-0.16463,0.31918,0.3763,0.19839,0.20573,-0.15189,0.079754,0.18023,0.39087,0.27445,0.51704,0.73706,1.0025,0.60939,0.68963,-0.078123,0.059732,0.98956,0.92108,-0.054549,-0.16084,-0.28209,-0.0069792,-0.063042,0.46037,-0.23363,0.12366,-0.075425,0.017329,-0.071664,0.43308,0.30319,0.43749,0.84154,0.059682,0.21886,-0.027629,-0.20814,-0.061567,-0.54692,0.020345,0.60996,0.25657,0.28225,0.57388,0.63002,0.46417,0.48482,0.30293,0.60545,0.5162,0.26537,0.43125,0.39882,0.47799,0.24792,0.30848,0.12634,0.66855,0.43371,0.18106,0.07797,0.3537,0.12827,0.0088446,0.27599,-0.12549,-0.0097448,0.70893,0.67003,0.39962,0.60768,0.016514,-0.25063,0.42936,0.43152,-0.15925,-0.033157
-0.35426,0.16611,0.50652,0.597,-0.38493,0.22576,-0.34949,0.3666,0.41723,0.55783,0.4478,0.79264,0.82312,0.73582,0.81958,0.49859,0.67504,0.64262,0.95245,0.70751,0.27674,0.35361,0.45953,0.34193,0.78013,0,0.21951,-0.097871,-0.075345,0.11842,-0.11402,0.16543,0.30851,0.56118,-0.071531,0.33832,-0.022918,0.43764,0.43002,0.88855,0.076105,0.63398,-0.27167,-0.081595,0.74862,1.0793,-0.43839,-0.17819,0.0060863,0.61884,0.47519,0.36083,-0.4061,0.18658,0.079885,-0.016335,-0.23656,0.27244,0.04917,0.17796,0.88518,0.142,0.4686,-0.11269,-0.17186,-0.3335,-0.4629,0.33812,0.89727,0.40457,0.74833,0.53005,0.39083,0.17313,0.10662,0.14599,0.64782,0.98035,0.78544,0.74585,1.1595,0.39439,0.27274,0.54364,0.3981,0.99995,0.73243,0.17291,0.044627,0.11671,0.19432,-0.52669,0.074592,-0.15087,0.063747,0.67256,0.81578,0.25232,0.45456,0.24907,0.16202,0.7703,0.75627,0.091275,0.12528
-0.19904,-0.19164,-0.039256,-0.040547,0.07213,-0.13923,-0.5114,-0.22533,0.44166,0.00556,0.093103,0.22436,-0.33778,-0.35345,0.6864,0.78549,0.16333,-0.17866,0.182,0.72789,0.63654,0.97099,0.63161,1.0494,0.4115,0.21951,0,0.89978,-0.23135,-0.61142,-0.68172,-0.76869,-0.40648,-0.49183,-0.58866,-0.54659,-0.4597,-0.39798,-0.20612,0.37389,0.15702,0.64485,-0.41309,-0.35727,0.55936,0.27894,-0.00070447,-0.1454,-0.18929,-0.21303,-0.38814,0.38097,-0.33451,-0.0046248,-0.25707,0.056828,-0.22047,0.54359,0.24376,-0.13492,0.46278,-0.41906,-0.21796,-0.19985,-0.61539,-0.15202,-0.45244,-0.36748,0.34004,-0.35628,-0.26294,0.48877,0.26017,0.1266,0.12718,-0.24039,-0.074336,0.05128,-0.2149,-0.072605,-0.046188,0.12505,-0.077986,0.05946,0.095393,0.099728,0.11589,0.25148,0.1389,0.39229,0.22053,-0.090108,0.099487,-0.036828,0.064976,0.42192,0.21505,0.3089,-0.012645,-0.070346,-0.20085,0.21087,0.25141,0.013354,0.064465
-0.15115,-0.40944,-0.24522,-0.24254,0.096407,-0.2907,-0.56288,-0.59263,0.30834,-0.2423,0.021615,-0.11572,-0.4107,-0.37924,0.43534,0.93088,0.2562,-0.081695,-0.0064817,0.52126,0.89684,1.1804,0.46562,0.81523,-0.16463,-0.097871,0.89978,0,-0.63809,-1.0629,-0.8765,-1.1261,-0.22372,-0.59432,-0.73083,-1.0404,-0.726,-0.88197,-0.64304,-0.06889,-0.10932,0.2488,-0.38652,-0.41556,0.091246,-0.10867,0.095854,0.12115,0.11728,-0.16156,-0.34649,0.28028,-0.1877,0.071465,-0.013616,0.17219,-0.077161,0.40793,0.29448,-0.42138,0.10716,-0.41107,-0.36412,-0.042725,-0.28012,-0.12024,-0.12652,-0.46332,-0.0028291,-0.50947,-0.47221,0.16885,0.013585,-0.2471,-0.036603,-0.33963,-0.32266,-0.073651,-0.35303,-0.32247,-0.13499,-0.12613,-0.26718,-0.021069,0.087669,-0.16152,-0.014059,0.40916,0.43766,0.15592,0.18607,-0.012582,-0.010246,0.25887,0.20904,0.1012,-0.099137,0.16772,-0.17278,-0.099039,0.014997,-0.11193,0.055435,0.21566,0.19795
0.49599,0.53877,0.13979,0.055034,0.46858,0.30875,0.97578,0.57001,-0.23913,0.097778,-0.019239,0.23877,0.12712,0.030578,-0.25917,-0.6105,-0.42597,-0.20051,-0.20852,-0.33736,-0.78244,-0.50983,-0.12903,-0.1285,0.31918,-0.075345,-0.23135,-0.63809,0,0.89477,0.81017,0.70801,0.021113,0.17558,0.74321,0.63608,0.89779,0.66546,0.63155,0.15945,0.68226,0.14046,0.5888,0.50431,-0.018428,0.04192,0.011119,-0.10027,0.088416,-0.047802,0.050241,-0.039001,0.50104,0.18658,-0.22192,0.05142,0.30904,-0.20512,-0.089083,0.50671,0.015522,0.10123,-0.0094023,-0.23531,-0.19232,0.16965,0.10294,0.11905,-0.18899,0.11978,0.030002,-0.2674,-0.13455,0.044471,0.03205,0.37587,0.31334,-0.065042,0.066421,0.24523,-0.074498,0.21462,0.2137,-0.30593,-0.39622,0.028571,-0.2276,-0.24708,-0.3093,-0.1405,-0.24331,0.38036,0.06429,-0.18459,-0.44463,0.044411,0.052175,0.15254,0.31579,-0.25679,-0.64286,-0.16649,-0.36075,-0.437,-0.36036
0.32002,0.68423,0.23909,0.11924,-0.0028555,0.57737,0.70478,1.035,0.025561,0.5949,0.2384,0.36475,0.47831,0.41329,-0.20389,-0.63568,-0.31476,-0.045337,-0.1389,-0.33526,-0.71108,-0.79598,-0.3217,-0.41723,0.3763,0.11842,-0.61142,-1.0629,0.89477,0,0.96119,1.329,0.015171,0.43923,0.66749,1.0363,0.6363,0.87539,0.66396,0.13672,0.31272,-0.036035,0.37025,0.6915,0.016589,0.20172,-0.096165,-0.14823,0.037139,0.13934,0.23211,-0.13079,0.25854,0.17983,-0.14091,-0.13435,0.075408,-0.34997,-0.22451,0.69527,0.081177,0.46744,0.4323,0.054649,0.33813,0.10402,-0.0017554,0.48581,0.071584,0.6513,0.45931,-0.093965,0.067712,0.1922,0.19766,0.55682,0.55177,0.0040898,0.12367,0.15358,0.012333,0.059629,0.17539,-0.24453,-0.39565,0.090993,-0.10847,-0.29081,-0.30476,-0.021966,-0.11099,0.10665,0.08044,-0.13305,-0.11227,-0.058593,0.11311,-0.16949,0.24427,-0.033736,-0.10651,0.023806,-0.086797,-0.39404,-0.31188
0.22666,0.21157,0.073595,-0.028728,0.025087,0.024565,0.95678,0.55721,-0.21048,0.22493,0.26029,0.084569,0.13985,-0.0081457,-0.58467,-0.84843,-0.44821,0.045096,-0.31758,-0.44399,-0.96731,-0.83865,-0.39221,-0.53801,0.19839,-0.11402,-0.68172,-0.8765,0.81017,0.96119,0,1.0244,0.011181,0.16349,1.1995,0.67029,1.0577,0.57379,0.55796,0.049406,0.449,-0.2244,0.90843,0.66419,-0.21639,-0.029412,0.11124,0.15655,-0.13778,-0.20435,-0.017343,-0.3877,0.19753,-0.17805,-0.056734,0.007398,0.36544,-0.22823,0.034179,0.20111,-0.28498,0.10454,-0.064504,0.18772,0.22046,0.24987,0.26705,0.24589,-0.17944,0.21651,0.052193,-0.19361,0.16721,0.19288,0.30359,0.22863,0.093345,-0.0064004,0.083975,0.2425,-0.01695,-0.095023,-0.048692,-0.13644,-0.25096,-0.001027,-0.16343,-0.1656,-0.1039,-0.41832,-0.36035,0.27455,-0.050068,-0.0078311,-0.27421,-0.14868,-0.11339,-0.083974,0.2093,-0.35029,-0.42106,-0.13344,-0.35135,-0.33917,-0.3164
0.16243,0.59826,0.1339,0.14137,-0.084201,0.41651,0.55236,0.66335,0.025798,0.47408,0.26044,0.26785,0.58998,0.51189,-0.1909,-0.51065,-0.30107,0.1176,-0.11723,-0.52889,-0.54276,-0.76869,-0.49908,-0.65496,0.20573,0.16543,-0.76869,-1.1261,0.70801,1.329,1.0244,0,0.23129,0.74786,0.83873,1.2706,0.56927,0.78672,0.49756,0.014772,0.16977,-0.14806,0.51812,0.75987,-0.003639,0.30822,-0.33548,-0.15246,0.17643,0.25166,0.36908,-0.25153,0.073265,0.063483,-0.10601,-0.04166,0.14147,-0.47506,-0.22934,0.48482,0.039356,0.37302,0.39602,0.020887,0.27066,-0.058582,0.068271,0.69007,0.1998,0.67498,0.58446,-0.066161,0.071885,0.13958,0.12031,0.28543,0.34248,0.069632,0.3441,0.24333,0.11767,-0.073219,0.15209,-0.094403,-0.16235,0.052033,-0.15992,-0.36861,-0.37478,-0.16728,-0.1782,-0.036035,0.093616,-0.20561,-0.11346,-0.1244,0.13461,-0.18702,0.16999,0.065635,-0.017735,0.27739,0.062039,-0.14498,-0.1165
-0.2673,-0.086758,0.47521,0.61147,0.014429,-0.17847,-0.024013,-0.095997,-0.35403,-0.2144,-0.095617,0.0082272,0.80405,0.76394,0.13887,0.087421,0.55311,0.82766,0.47818,-0.035526,-0.056604,-0.059122,0.071835,-0.21923,-0.15189,0.30851,-0.40648,-0.22372,0.021113,0.015171,0.011181,0.23129,0,0.97615,0.39895,0.47783,0.25821,0.30786,0.17968,-0.025146,-0.11636,-0.14233,-0.026506,-0.31301,-0.19399,0.13418,-0.35936,0.1304,0.26197,0.97124,0.85627,0.054906,0.11317,0.22654,0.67977,0.20556,0.27006,-0.0051968,0.22301,-0.078848,0.010194,0.31942,0.18382,-0.23682,-0.11281,-0.26786,0.099663,0.17342,0.053561,0.056453,0.31311,-0.32117,-0.29726,-0.53235,-0.39306,0.06114,0.18308,0.70588,1.0031,0.55625,0.57874,0.45495,0.33597,0.44225,0.48416,0.41063,0.24162,0.16137,0.13213,-0.53103,-0.30941,0.11776,0.25826,0.18082,0.17411,0.21557,0.32034,0.23932,0.27935,0.23085,0.18812,0.23818,0.28392,0.42487,0.4722
-0.17732,0.28606,0.43546,0.58707,-0.12215,0.26466,0.018966,0.27643,-0.036842,0.23825,0.084234,0.30023,1.1568,1.3424,0.22328,-0.026078,0.332,0.59286,0.45205,-0.21371,-0.1257,-0.26939,-0.18313,-0.44135,0.079754,0.56118,-0.49183,-0.59432,0.17558,0.43923,0.16349,0.74786,0.97615,0,0.3901,1.0276,0.22451,0.72255,0.39312,0.10672,-0.14967,-0.088218,-0.034905,0.037661,0.044462,0.45136,-0.60631,-0.18201,0.29952,1.1311,1.2057,-0.026436,-0.013188,0.19935,0.25447,-0.055954,-0.018342,-0.34017,-0.17492,0.34684,0.26075,0.37239,0.54133,-0.3188,-0.0022719,-0.3008,-0.0077338,0.58557,0.37366,0.51894,0.88197,-0.11497,-0.13775,-0.14573,-0.17065,0.25215,0.50268,0.54245,1.0805,0.50255,0.54551,0.29828,0.46881,0.30831,0.32009,0.38413,0.17716,-0.22148,-0.29477,-0.15399,-0.038114,-0.2216,0.21519,-0.11557,0.11459,0.080561,0.37612,-0.048369,0.13485,0.3273,0.29444,0.5701,0.47146,0.23903,0.26871
0.11759,0.17656,0.22074,0.21672,0.22805,-0.055545,0.91215,0.42473,-0.3218,0.03024,0.189,0.054178,0.21974,0.084846,-0.37107,-0.61657,-0.17512,0.29657,-0.11789,-0.36438,-0.80886,-0.70291,-0.228,-0.51793,0.18023,-0.071531,-0.58866,-0.73083,0.74321,0.66749,1.1995,0.83873,0.39895,0.3901,0,0.91408,1.1721,0.5844,0.60092,0.03437,0.48157,-0.234,0.79703,0.34972,-0.20061,0.017998,0.014707,0.13105,-0.097079,0.024468,0.17825,-0.28194,0.16182,-0.18989,0.14967,0.073358,0.5588,-0.15915,0.2226,0.14344,-0.2043,0.10566,-0.06259,-0.027609,-0.0082296,0.14503,0.24681,0.15701,-0.17761,0.037675,0.033181,-0.39553,0.0040612,-0.023761,0.12861,0.13411,0.073714,0.17014,0.38356,0.39869,0.030577,0.15159,0.18156,0.088715,0.043765,0.1136,-0.10318,-0.090302,-0.046863,-0.51209,-0.46254,0.45145,0.10248,-0.0044126,-0.28209,-0.043408,-0.017129,0.1288,0.27689,-0.27877,-0.41388,-0.064452,-0.23136,-0.14728,-0.11072
0.049136,0.55498,0.51472,0.59179,0.0073945,0.38535,0.47251,0.75985,-0.048249,0.44941,0.16516,0.42825,0.67275,0.66031,0.01649,-0.40156,-0.013165,0.37218,0.24584,-0.26044,-0.56639,-0.68523,-0.28509,-0.51302,0.39087,0.33832,-0.54659,-1.0404,0.63608,1.0363,0.67029,1.2706,0.47783,1.0276,0.91408,0,0.69674,1.1371,0.75858,0.21018,0.20766,-0.086075,0.26775,0.35782,0.11998,0.39676,-0.31353,-0.1626,0.0062141,0.48403,0.58468,-0.085888,0.10879,0.11363,0.12811,-0.065973,0.14358,-0.28869,-0.063568,0.62307,0.2517,0.37349,0.43787,-0.17746,0.04598,-0.060837,-0.03055,0.44711,0.24804,0.54036,0.57245,-0.12448,0.064366,0.13891,0.071781,0.37952,0.55435,0.36272,0.70095,0.51497,0.25252,0.35939,0.56006,0.25198,0.18385,0.39092,0.11338,-0.29884,-0.35923,-0.12118,-0.24149,0.044475,0.26791,-0.19027,-0.047207,0.11081,0.37048,0.036734,0.26604,0.09976,-0.048092,0.37736,0.24932,0.01256,0.083207
0.36427,0.13121,0.47934,0.34651,0.34707,-0.11315,1.1421,0.54654,-0.46209,0.031249,0.11018,0.12793,0.133,-0.00031241,-0.46413,-0.85004,-0.084331,0.27984,0.027677,-0.22534,-1.3003,-0.74896,-0.1157,-0.32941,0.27445,-0.022918,-0.4597,-0.726,0.89779,0.6363,1.0577,0.56927,0.25821,0.22451,1.1721,0.69674,0,0.89695,1.0212,0.25354,0.58295,-0.17373,0.52964,0.14023,-0.18214,-0.074115,0.31632,0.28487,-0.23825,-0.031188,0.10349,-0.23289,0.55947,-0.030705,0.24839,0.0023951,0.36996,-0.010106,0.16829,0.31801,-0.15952,-0.086042,-0.21614,-0.14127,-0.15207,0.41074,0.37989,-0.10198,-0.37187,-0.11245,-0.13306,-0.43728,-0.012458,0.11336,0.23956,0.43591,0.2965,0.31049,0.3867,0.62739,0.18739,0.39849,0.2953,0.14136,0.031229,0.33822,0.17536,-0.047413,-0.034358,-0.35464,-0.35758,0.45545,-0.040131,0.16254,-0.30718,0.11207,0.019718,0.2338,0.32015,-0.39417,-0.63872,-0.2117,-0.32216,-0.19631,-0.14915
0.26873,0.4288,0.83803,0.71618,0.060201,0.26788,0.59453,0.90468,-0.098876,0.50527,0.17119,0.57784,0.56,0.56226,-0.0064014,-0.49439,0.19115,0.42441,0.40824,-0.098454,-0.73663,-0.58115,-0.10333,-0.30815,0.51704,0.43764,-0.39798,-0.88197,0.66546,0.87539,0.57379,0.78672,0.30786,0.72255,0.5844,1.1371,0.89695,0,1.4583,0.44277,0.33553,-0.031292,0.11106,0.15004,0.15421,0.3356,0.04222,0.021856,-0.041215,0.42156,0.56845,0.06382,0.39724,0.18301,0.18546,-0.17439,-0.005009,-0.13562,-0.082599,0.91606,0.30849,0.11435,0.25023,-0.25934,-0.059281,0.28701,0.17412,0.16774,0.048363,0.39955,0.3842,-0.10869,0.11402,0.31691,0.31226,0.92161,1.0648,0.55729,0.73477,0.73412,0.487,0.63002,0.73141,0.27117,0.12738,0.63209,0.36383,-0.19392,-0.25328,0.065993,0.025104,0.067985,0.11196,0.012163,-0.10367,0.21963,0.33742,0.12393,0.28602,-0.0092506,-0.2035,0.22525,0.16475,-0.14086,-0.05027
0.35138,0.35937,0.81973,0.59524,0.16937,0.11123,0.67135,0.86305,-0.12461,0.42413,0.26551,0.49121,0.3648,0.29888,-0.029736,-0.47252,0.27153,0.37573,0.40352,0.086898,-0.75661,-0.43978,0.16065,-0.12094,0.73706,0.43002,-0.20612,-0.64304,0.63155,0.66396,0.55796,0.49756,0.17968,0.39312,0.60092,0.75858,1.0212,1.4583,0,0.60464,0.60366,0.10692,0.14722,0.030096,0.28065,0.39257,0.23734,0.090647,-0.20532,0.20098,0.30692,0.10216,0.34179,0.046944,0.14041,-0.14287,0.086537,0.089004,0.12005,0.74526,0.25644,-0.025943,0.090038,-0.17846,-0.099548,0.35478,0.12229,-0.024989,0.0025327,0.14444,0.2012,-0.087402,0.16731,0.30155,0.42977,0.85579,0.84945,0.56461,0.58233,0.73741,0.50068,0.63616,0.54072,0.26199,0.093724,0.64126,0.45617,-0.01183,-0.020627,0.12237,0.13935,0.2245,0.019205,0.034006,-0.28292,0.29105,0.24429,0.23693,0.44134,-0.1473,-0.34399,0.050806,0.043181,-0.27855,-0.18316
-0.14909,0.22147,0.54927,0.5439,-0.062445,0.24993,-0.00084597,0.65369,0.080556,0.38899,0.19709,0.93899,0.19169,0.23811,0.32155,0.17464,0.29392,0.32309,0.81585,0.77959,-0.0029743,0.30173,0.63474,0.54403,1.0025,0.88855,0.37389,-0.06889,0.15945,0.13672,0.049406,0.014772,-0.025146,0.10672,0.03437,0.21018,0.25354,0.44277,0.60464,0,0.56393,0.95512,-0.087573,-0.094232,0.71438,0.54449,-0.22973,-0.38807,-0.21287,0.040231,0.10288,0.35322,-0.065453,0.23259,0.055484,0.14666,0.028212,0.174,0.053175,0.13092,0.70175,-0.21316,-0.061016,-0.35136,-0.54077,-0.22541,-0.55539,-0.1797,0.32483,0.0055062,0.20158,0.30207,0.27559,0.42591,0.25892,0.13813,0.46024,0.59496,0.3881,0.5096,0.50007,0.56898,0.25904,0.503,0.29176,0.70585,0.54145,-0.10488,-0.15303,0.14511,-0.036757,-0.16742,0.17635,-0.15812,-0.030603,0.70328,0.69807,0.47346,0.63456,-0.32915,-0.49414,0.28716,0.17843,0.057153,0.055043
0.3437,0.34855,0.29025,0.18188,0.42815,0.069256,0.72455,0.50944,-0.24512,0.07774,0.01527,0.47152,-0.14448,-0.19667,-0.11993,-0.19077,0.011524,0.06079,0.050048,0.241,-0.27419,0.047858,0.58495,0.36316,0.60939,0.076105,0.15702,-0.10932,0.68226,0.31272,0.449,0.16977,-0.11636,-0.14967,0.48157,0.20766,0.58295,0.33553,0.60366,0.56393,0,0.57734,0.58106,0.20715,0.32573,0.20644,0.13225,-0.1741,-0.0058123,-0.33348,-0.16643,0.34048,0.2591,0.12324,-0.030382,0.46212,0.73489,0.17713,0.41007,0.1205,0.13817,-0.26556,-0.50291,-0.092013,-0.36309,0.18769,-0.081173,-0.49137,-0.18774,-0.19716,-0.23084,0.076268,0.19287,0.36355,0.46461,0.23861,0.15773,0.1422,0.099188,0.2045,0.015856,0.38793,0.18621,0.057806,-0.080924,0.12083,-0.15845,-0.070304,0.088741,0.0083871,-0.19173,0.69208,0.3628,-0.02511,-0.3193,0.26457,0.21403,0.55781,0.67983,-0.50201,-0.95666,-0.15512,-0.28927,-0.19222,-0.18746
-0.12844,0.37624,0.10031,0.16268,0.061871,0.42375,-0.20255,0.28016,0.18165,0.20522,0.0089049,0.71314,0.076621,0.10703,0.48503,0.52378,0.15347,-0.020174,0.44568,0.79493,0.40468,0.72386,0.82555,1.0028,0.68963,0.63398,0.64485,0.2488,0.14046,-0.036035,-0.2244,-0.14806,-0.14233,-0.088218,-0.234,-0.086075,-0.17373,-0.031292,0.10692,0.95512,0.57734,0,-0.020573,0.067186,0.81999,0.56768,-0.45771,-0.63692,0.098546,-0.020221,-0.059517,0.57194,-0.22105,0.35939,-0.24536,0.35541,0.13914,0.18776,0.047992,-0.032065,0.71396,-0.07582,-0.028116,-0.21707,-0.46918,-0.49729,-0.85668,-0.13361,0.44323,0.029039,0.20847,0.4796,0.16603,0.17977,-0.010845,-0.14065,0.16374,0.20686,0.06322,0.12531,0.24622,0.26275,0.051585,0.15957,0.062947,0.28351,0.117,-0.072121,-0.092508,0.20173,-0.0050096,-0.1336,0.25431,-0.40162,-0.14183,0.53485,0.61401,0.44014,0.67001,-0.15753,-0.35029,0.20606,0.12618,0.030861,-0.020058
0.21763,0.12195,-0.28795,-0.24128,0.3152,-0.0018554,0.6877,0.06245,-0.44223,-0.2503,-0.094019,-0.086661,-0.14956,-0.25037,-0.55514,-0.53458,-0.39135,-0.11368,-0.42417,-0.4421,-0.43309,-0.36428,-0.2056,-0.36109,-0.078123,-0.27167,-0.41309,-0.38652,0.5888,0.37025,0.90843,0.51812,-0.026506,-0.034905,0.79703,0.26775,0.52964,0.11106,0.14722,-0.087573,0.58106,-0.020573,0,0.85763,-0.18516,-0.12353,-0.016877,-0.029978,-0.0038343,-0.26694,-0.021793,-0.28611,0.070216,-0.3392,-0.22734,0.33488,0.90442,-0.219,0.12557,-0.16501,-0.47042,-0.047223,-0.34386,0.27903,0.098285,0.17138,0.24386,0.019392,-0.30792,0.025976,-0.16637,-0.12719,0.092156,0.15983,0.076933,-0.10692,-0.29476,-0.20788,-0.0052002,0.11768,-0.15034,-0.19137,-0.034174,-0.12206,-0.16669,-0.22131,-0.47507,-0.26902,-0.080464,-0.60522,-0.49243,0.34146,0.0047831,-0.28376,-0.63629,-0.26321,-0.19556,0.030407,0.15825,-0.4753,-0.52533,-0.21678,-0.52988,-0.30808,-0.37023
0.26111,0.5236,-0.37923,-0.31964,0.030385,0.55565,0.35062,0.30973,0.10554,0.23904,0.099946,0.10631,0.037928,-0.0059879,-0.17256,-0.33944,-0.57876,-0.34867,-0.40429,-0.38198,-0.19399,-0.3303,-0.43727,-0.33048,0.059732,-0.081595,-0.35727,-0.41556,0.50431,0.6915,0.66419,0.75987,-0.31301,0.037661,0.34972,0.35782,0.14023,0.15004,0.030096,-0.094232,0.20715,0.067186,0.85763,0,0.071141,0.10389,-0.25193,-0.26671,0.16422,-0.1197,-0.022452,-0.14783,-0.074327,-0.08317,-0.59392,0.12066,0.30151,-0.39863,-0.23349,0.2002,-0.090899,0.23017,0.19226,0.34536,0.38922,-0.011848,-0.082013,0.46079,0.072873,0.5501,0.16381,0.12495,0.16763,0.23136,-0.0074062,-0.0008519,0.0011638,-0.3512,-0.20844,-0.052153,-0.18691,-0.36633,-0.031347,-0.29505,-0.39965,-0.20547,-0.36232,-0.38852,-0.28933,-0.19366,-0.22086,-0.089084,-0.050488,-0.5086,-0.40173,-0.19526,-0.0060523,-0.16015,0.087871,-0.16373,-0.14124,0.047927,-0.2,-0.39912,-0.39445
-0.0053879,0.54957,0.32898,0.38326,-0.21995,0.27281,-0.26765,0.3759,0.48733,0.54862,0.25374,0.64898,0.16099,0.17714,0.74936,0.46545,0.2683,0.085143,0.59796,0.68551,0.40664,0.4039,0.61183,0.53323,0.98956,0.74862,0.55936,0.091246,-0.018428,0.016589,-0.21639,-0.003639,-0.19399,0.044462,-0.20061,0.11998,-0.18214,0.15421,0.28065,0.71438,0.32573,0.81999,-0.18516,0.071141,0,1.2638,-0.2899,-0.36716,-0.06441,0.062458,-0.064566,0.5741,-0.34124,0.22036,-0.10305,0.28716,-0.060863,0.41658,0.23697,0.25555,0.88212,0.041541,0.2664,0.044601,-0.16822,-0.30678,-0.7476,-0.019319,0.77467,0.25106,0.26422,0.86367,0.50447,0.44807,0.22454,0.047008,0.30313,0.34986,0.19848,0.23301,0.38768,0.28802,0.18959,0.40267,0.25854,0.44066,0.38698,0.10132,0.047687,0.58058,0.25243,-0.21544,0.30722,-0.3024,0.0063896,0.71508,0.77385,0.44698,0.47369,0.27865,0.032411,0.66776,0.70363,0.11083,0.219
