,,,,,,,,,,,,,,,,,,,,,,,,,,,,,,,,,,,,,,,,,,,,,,,,,,,,,,,,,,,,,,,,,,,,,,,,,,,,,,,,,,,,,,,,,,,,,,,,,,,,,,,,
0,0.98488,0.059472,0.18942,0.22057,0.11605,0.71135,0.48584,-0.14522,-0.12138,0.28348,0.29346,0.26807,0.31451,-0.13486,-0.39073,-0.016038,-0.047621,0.34338,0.31801,-0.15383,-0.48904,0.25027,0.027524,0.20824,-0.26644,-0.20557,0.16591,0.31261,0.56505,0.57209,0.5072,0.24359,0.21435,0.40931,0.34911,-0.084113,-0.15403,0.41835,0.16223,0.86549,0.1853,0.65069,0.46888,0.28615,0.57615,0.23137,-0.032288,-0.058424,0.4,0.09729,-0.37981,0.21462,0.032133,0.13569,0.052888,0.24282,0.25206,0.083307,0.017029,-0.04154,0.20993,-0.081316,0.058041,-0.25232,0.19568,-0.06066,-0.25439,-0.2366,0.10224,0.111,-0.081679,0.024507,-0.071039,0.072037,-0.11905,-0.34629,0.045278,0.091155,-0.00032643,0.25651,-0.22239,0.050302,-0.12316,0.018192,-0.044492,0.22524,0.14405,0.053234,0.35884,0.35506,-0.073541,-0.18069,0.041482,-0.14303,0.056237,-0.20274,0.13645,-0.17711,-0.16653,-0.11227,-0.077674,-0.2598,-0.046873,-0.32524
0.98488,0,-0.055147,0.10553,0.040865,0.39908,0.88052,0.97553,-0.4578,0.114,0.0027694,0.45367,0.38025,0.39005,-0.62218,-0.75448,-0.27948,-0.39569,0.16844,-0.044695,-0.25204,-0.82709,0.13388,-0.10112,-0.3404,-0.23676,-0.6353,-0.0066896,0.026444,0.70988,0.68552,0.82976,0.41081,0.20066,0.68418,0.60342,-0.38031,-0.53022,0.086925,-0.15566,0.48801,0.0036749,0.44657,0.70751,0.22211,0.4596,0.33583,0.1191,-0.33462,0.34418,0.26995,-0.64591,-0.21046,-0.30823,-0.24379,-0.22244,0.1018,-0.058099,-0.27899,-0.26234,-0.29589,-0.1769,-0.49929,-0.2451,-0.48786,0.23611,0.023574,-0.5595,-0.40782,-0.13902,-0.1544,-0.33662,-0.060018,0.072336,0.27077,-0.6782,-0.46002,-0.065396,-0.11548,-0.025269,0.0091584,-0.45771,-0.2443,-0.3105,-0.15097,-0.1966,-0.055431,0.075264,-0.11391,0.84334,0.70488,-0.19933,-0.078334,-0.048672,-0.015037,-0.11873,-0.25736,0.23835,0.011659,-0.46392,-0.33735,-0.39078,-0.52202,0.30124,-0.14355
0.059472,-0.055147,0,1.7256,0.35268,0.20641,-0.16682,-0.15125,0.27218,0.10419,0.22108,0.15092,0.3716,0.24597,0.60652,0.65419,0.43777,0.46109,0.62014,0.4418,0.32833,0.35892,0.42086,0.28327,0.60031,0.27251,0.21984,0.089528,0.099878,0.074445,0.29368,0.21671,0.35676,0.38901,0.18114,0.17888,0.54166,0.35177,0.12831,0.45536,-0.20009,0.28704,0.11914,0.096527,0.41668,0.34155,-0.13111,-0.088113,0.3483,0.43651,0.25361,0.39666,0.35589,0.48589,0.62955,0.1611,0.13112,-0.0024301,0.0062558,0.3811,0.53691,0.58762,0.41225,0.27218,0.27632,-0.028066,-0.046029,0.22101,0.35182,0.45364,0.37494,0.44884,0.3878,0.056744,0.046165,0.48313,0.24801,0.78876,1.0054,0.6466,0.77843,0.76741,1.172,0.74639,0.91274,0.55831,0.78859,-0.16092,-0.096178,-0.13098,-0.27996,-0.03039,-0.018584,-0.079692,-0.10661,0.2992,0.51952,0.29764,0.19774,0.25194,0.32887,0.30407,0.28649,0.066033,-0.039088
0.18942,0.10553,1.7256,0,0.48856,0.417,0.011341,0.024373,0.23684,0.24835,0.33623,0.32352,0.52719,0.43285,0.52004,0.63449,0.3437,0.21653,0.63078,0.50464,0.35688,0.35579,0.50308,0.28335,0.54336,0.34571,0.17545,0.29679,0.24621,0.15431,0.46316,0.30684,0.45168,0.48658,0.30533,0.29746,0.48676,0.30565,0.20733,0.56887,-0.0061815,0.44802,0.067411,0.12878,0.39251,0.41198,-0.16932,-0.14387,0.2951,0.43599,0.40301,0.31103,0.41946,0.52345,0.68137,0.0092329,0.016244,-0.14651,-0.1787,0.38395,0.64063,0.52131,0.29078,0.18688,0.10037,-0.12403,-0.19681,0.175,0.30658,0.41773,0.30031,0.32458,0.30551,-0.061097,-0.009915,0.34968,0.33037,0.72266,0.96094,0.65172,0.96244,0.66166,0.9285,0.66474,0.81575,0.47487,0.8203,-0.20859,-0.19988,-0.075006,-0.29451,-0.14808,0.030935,0.030427,0.033019,0.30367,0.58218,0.2523,0.30282,0.064233,0.09687,0.187,0.16753,0.14308,-0.067475
0.22057,0.040865,0.35268,0.48856,0,0.91766,0.31542,0.17917,0.53426,0.38983,0.79877,0.52842,0.63106,0.77798,0.4709,0.40445,0.24598,-0.21703,0.19316,0.11327,0.45666,0.31106,0.51972,0.1772,0.3289,-0.0024529,0.26393,0.35643,0.46616,0.21643,0.48622,0.26685,0.52034,0.73806,0.5282,0.59115,0.59152,0.56151,0.49556,0.79953,0.23142,0.61022,0.17501,0.21108,0.30797,0.56473,-0.35459,-0.23069,0.30255,0.36113,0.56545,0.20043,0.64356,0.41681,0.54209,-0.17264,0.046133,0.047108,-0.053969,0.52023,0.60427,0.34096,0.079808,0.23261,-0.0034605,0.036516,-0.2318,0.27161,0.29196,0.24604,0.25544,0.21696,0.24821,-0.11259,0.01213,0.19122,0.17591,0.097801,0.29512,0.41355,0.59055,0.20071,0.22616,0.074417,-0.0024612,-0.020424,0.10741,-0.32407,-0.30766,-0.059834,-0.31589,-0.28725,0.012749,0.42189,0.30607,-0.0039414,0.25238,-0.099586,0.014585,-0.04926,-0.020772,-0.16534,-0.0079044,0.34612,0.22427
0.11605,0.39908,0.20641,0.417,0.91766,0,0.63918,0.68247,0.081196,0.61163,0.37404,0.86804,0.8354,1.0037,-0.0605,0.068611,-0.015526,-0.54526,0.15065,-0.094609,0.27304,0.069241,0.425,0.060761,-0.17757,0.089072,-0.13323,0.32919,0.10823,0.28731,0.62584,0.54023,0.70018,0.69277,0.79563,0.91225,0.17068,0.13287,0.16312,0.37491,0.16175,0.36645,0.094025,0.48304,0.35523,0.54053,-0.21912,-0.062842,-0.091979,0.35873,0.82902,-0.12788,0.1638,0.037363,0.10158,-0.54223,-0.1103,-0.20934,-0.33988,0.066996,0.22934,-0.073249,-0.36076,-0.1386,-0.29324,0.16,-0.063602,-0.048943,0.057763,-0.081177,-0.058796,0.037084,0.22788,0.13399,0.31286,-0.35714,0.085002,0.067138,0.16998,0.35417,0.37853,-0.0066808,-0.086031,-0.097666,-0.18938,-0.11354,-0.14383,-0.39537,-0.50376,0.36648,0.027196,-0.58429,0.0039355,0.29781,0.45485,-0.12824,0.23513,-0.094487,0.22679,-0.34714,-0.31992,-0.42356,-0.15949,0.55227,0.15942
0.71135,0.88052,-0.16682,0.011341,0.31542,0.63918,0,1.6471,-0.31678,0.020646,0.26771,0.92488,0.36051,0.53675,-0.57097,-0.57257,-0.48173,-0.50089,-0.12539,-0.20056,-0.4036,-0.56178,-0.00023509,-0.32395,-0.26524,-0.45037,-0.60891,0.2419,-0.16144,0.21678,0.39818,0.42585,0.19923,0.13473,0.69976,0.70198,-0.29033,-0.2894,0.35341,0.14862,0.63169,0.1148,0.29124,0.48058,0.18372,0.32798,0.20894,0.21878,-0.64246,0.46221,0.59481,-0.80905,0.032131,-0.25065,-0.11644,-0.75158,-0.14767,-0.031942,-0.11398,-0.22048,-0.29401,-0.43245,-0.82439,-0.59487,-0.85924,0.21782,0.014542,-0.52241,-0.47298,-0.49899,-0.41685,-0.3374,-0.1491,0.070708,0.31892,-0.51334,-0.18759,-0.38091,-0.2511,-0.26471,-0.050479,-0.47825,-0.4078,-0.64983,-0.56155,-0.55765,-0.36679,-0.00156,-0.20817,0.82725,0.55011,-0.46672,-0.10105,0.26138,0.33895,-0.082266,-0.07866,-0.14632,0.060971,-0.71717,-0.64224,-0.60025,-0.48474,0.20667,-0.12823
0.48584,0.97553,-0.15125,0.024373,0.17917,0.68247,1.6471,0,-0.43783,0.15004,0.19436,1.0822,0.32011,0.44827,-0.77367,-0.63542,-0.65536,-0.58406,-0.2447,-0.39065,-0.52532,-0.68941,-0.12614,-0.47261,-0.46729,-0.40416,-0.92743,0.06026,-0.25679,0.26179,0.44725,0.55808,0.24755,0.088419,0.81004,0.78991,-0.31231,-0.37362,0.28245,0.050024,0.37267,0.10849,0.16265,0.50988,0.070857,0.23748,0.34512,0.38013,-0.86938,0.34076,0.60505,-1.0229,-0.22073,-0.43142,-0.25917,-0.98005,-0.18949,-0.17519,-0.2614,-0.35094,-0.38355,-0.61728,-1.0255,-0.76593,-0.94426,0.16883,0.059756,-0.56054,-0.399,-0.51585,-0.46569,-0.52538,-0.22545,0.07983,0.37387,-0.68713,-0.16454,-0.39076,-0.31033,-0.24409,-0.15767,-0.47423,-0.4884,-0.64412,-0.54152,-0.56063,-0.41487,0.08547,-0.15338,1.184,0.76205,-0.49813,-0.063659,0.14109,0.34261,-0.19792,-0.095557,-0.099938,0.15322,-0.87025,-0.71571,-0.68896,-0.53123,0.29618,-0.07811
-0.14522,-0.4578,0.27218,0.23684,0.53426,0.081196,-0.31678,-0.43783,0,0.33805,0.69836,0.035432,0.080658,0.065898,0.97981,0.73912,0.55465,0.080344,0.19563,0.48964,0.401,0.79939,0.3867,0.38602,0.66746,0.37538,0.74663,0.20799,0.39496,-0.19261,0.069315,-0.076515,0.14939,0.23882,-0.068049,-0.15282,0.66808,0.5688,0.2955,0.48999,-0.055031,0.4635,-0.092968,-0.22571,0.13417,0.16339,-0.15532,-0.054185,0.47307,-0.032355,-0.0877,0.4033,0.50459,0.48472,0.59479,0.25962,0.1109,0.22464,0.2301,0.64441,0.79603,0.4757,0.43066,0.58318,0.49144,0.11575,0.081963,0.65031,0.55485,0.45766,0.49766,0.49809,0.37163,0.11548,0.10651,0.82388,0.52993,0.36295,0.49289,0.50651,0.40906,0.30793,0.29565,0.43869,0.32531,0.42443,0.27762,-0.015057,0.097631,-0.34468,-0.39667,0.075716,0.17589,0.23586,0.078034,0.25103,0.28487,-0.19348,-0.13378,0.12629,0.28831,0.22014,0.29097,-0.094718,0.17902
-0.12138,0.114,0.10419,0.24835,0.38983,0.61163,0.020646,0.15004,0.33805,0,0.53969,0.42716,0.21369,0.25894,0.19531,0.35248,0.28507,-0.31116,0.25494,0.21846,0.38575,0.28103,0.39139,0.31793,-0.028023,0.68455,0.079189,0.078895,0.3514,0.35889,0.51599,0.58041,0.42363,0.32498,0.29628,0.28068,0.35215,0.2313,0.20392,0.3095,0.12435,0.69868,0.0075965,0.37639,0.032544,0.36796,-0.0039795,0.039077,0.1149,-0.23506,0.09823,0.008883,-0.0036169,0.033562,-0.0052327,-0.10172,-0.0050485,-0.19348,-0.27717,0.34119,0.61465,0.079082,0.099291,0.25698,0.14612,0.10329,0.060338,0.46171,0.48071,0.15784,0.18588,0.04618,0.26907,0.10135,0.27067,0.010318,0.45549,0.27349,0.2818,0.44112,0.36751,0.30381,0.029932,0.24766,0.1204,0.27109,0.19825,-0.10795,-0.16518,0.15044,0.049245,-0.18751,0.09991,0.25198,0.31289,-0.21244,0.088107,-0.1772,0.20688,-0.025242,0.021038,-0.028698,0.088201,0.25143,0.247
0.28348,0.0027694,0.22108,0.33623,0.79877,0.37404,0.26771,0.19436,0.69836,0.53969,0,0.7661,0.12815,0.23587,0.39016,0.37071,0.084673,-0.046517,0.0095716,0.23194,-0.043659,0.18016,0.14181,-0.093821,0.59472,0.094625,0.063345,0.1485,0.48487,0.051266,0.39283,0.29139,0.16974,0.19981,0.34043,0.29876,0.72451,0.58486,1.1813,1.0588,0.29802,1.2423,0.034762,0.049761,-0.078782,0.3229,0.2112,0.2674,-0.02317,0.07786,0.2393,-0.18007,0.43412,0.21381,0.50573,-0.25729,-0.01056,0.071178,0.057896,0.38084,0.53979,0.20416,0.071666,0.13612,-0.039537,-0.038553,-0.083281,0.46668,0.51217,0.25699,0.25948,-0.06771,0.0054239,-0.22332,0.026511,0.55158,0.5987,0.054235,0.26122,0.15519,0.38569,0.30701,0.15924,0.17909,0.13651,0.068927,0.29748,0.27795,0.23301,0.12572,-0.0019085,-0.16953,0.06017,0.50021,0.37069,0.050009,0.19779,-0.26206,0.0039005,-0.13305,-0.062269,-0.018035,0.097523,0.047404,0.12935
0.29346,0.45367,0.15092,0.32352,0.52842,0.86804,0.92488,1.0822,0.035432,0.42716,0.7661,0,0.41769,0.5364,-0.2403,-0.094826,-0.35501,-0.368,-0.14642,-0.21563,-0.36677,-0.20807,-0.0092267,-0.47743,0.0080701,-0.16046,-0.56831,0.087715,-0.019263,0.1071,0.57539,0.55726,0.37408,0.24823,0.86504,0.84177,0.21979,0.12788,0.67908,0.54675,0.17127,0.59351,0.031661,0.32904,0.030215,0.32399,0.30893,0.45774,-0.62094,0.31773,0.72585,-0.67748,-0.0092281,-0.22903,0.090286,-0.99231,-0.17156,-0.14371,-0.17632,-0.13698,0.01745,-0.2563,-0.531,-0.43088,-0.55417,0.063396,0.029874,-0.064491,0.13208,-0.14207,-0.13656,-0.33972,-0.096403,-0.010143,0.337,-0.15083,0.26746,-0.10932,0.043914,0.025996,0.14386,-0.006438,-0.17227,-0.17171,-0.20962,-0.22099,-0.113,0.18311,0.0095569,0.7978,0.44772,-0.63606,-0.076083,0.26839,0.47633,-0.10792,0.16649,-0.25108,0.18848,-0.59254,-0.46041,-0.35242,-0.10636,0.25468,-0.0023045
0.26807,0.38025,0.3716,0.52719,0.63106,0.8354,0.36051,0.32011,0.080658,0.21369,0.12815,0.41769,0,2.0102,0.060154,0.03327,0.24079,-0.35416,0.4029,0.10372,0.37369,0.13191,0.76655,0.20925,0.074827,0.070826,-0.0029475,0.29517,0.35805,0.46863,0.84825,0.45422,1.3193,1.1844,0.97314,0.99661,0.1587,0.092046,-0.036734,0.18103,0.10951,0.041525,0.35699,0.47702,0.58657,0.63523,-0.48731,-0.45267,0.19996,0.79449,0.8869,0.13156,0.12876,0.021475,0.14514,-0.051869,0.2386,-0.13686,-0.33552,0.1821,0.19104,0.36396,-0.052036,0.15475,-0.067433,0.025319,-0.24368,-0.23225,0.062616,0.26465,0.1933,0.25692,0.32757,0.0481,0.13043,-0.3053,-0.24844,0.36721,0.41934,0.60258,0.55534,-0.078778,0.078743,0.046143,-0.0034494,0.14593,0.087257,-0.58899,-0.5741,-0.0014874,-0.19709,-0.62506,-0.18558,-0.13741,-0.061867,-0.066215,0.097171,-0.090205,-0.084593,-0.15108,-0.1547,-0.19107,-0.072679,0.35564,-0.11549
0.31451,0.39005,0.24597,0.43285,0.77798,1.0037,0.53675,0.44827,0.065898,0.25894,0.23587,0.5364,2.0102,0,0.024635,0.0075366,0.16498,-0.44075,0.30007,0.072876,0.33751,0.10861,0.7104,0.18518,0.026738,0.030184,-0.019979,0.38476,0.36162,0.45251,0.81104,0.43971,1.1236,1.1343,1.0214,1.109,0.14259,0.11279,0.063331,0.26037,0.28354,0.11167,0.37344,0.52012,0.5618,0.66377,-0.49963,-0.4389,0.12323,0.74198,0.97292,0.037754,0.20017,0.029416,0.1328,-0.17722,0.16919,-0.14545,-0.32471,0.20538,0.18194,0.24688,-0.15489,0.066217,-0.17903,0.030081,-0.27034,-0.24789,0.0037642,0.1254,0.10256,0.20196,0.27667,0.019157,0.12567,-0.33284,-0.22014,0.21613,0.31581,0.46277,0.52687,-0.1488,-0.014427,-0.097736,-0.15505,0.0068125,-0.0091655,-0.62281,-0.63506,0.032542,-0.18683,-0.67074,-0.16626,0.0026031,0.067129,-0.11071,0.086724,-0.20536,-0.069947,-0.2317,-0.27923,-0.31263,-0.16668,0.34555,-0.10432
-0.13486,-0.62218,0.60652,0.52004,0.4709,-0.0605,-0.57097,-0.77367,0.97981,0.19531,0.39016,-0.2403,0.060154,0.024635,0,1.3866,0.9844,0.37887,0.51932,0.73729,0.8112,1.1767,0.55965,0.67783,0.90664,0.51367,1.2635,0.30299,0.43489,-0.084632,0.03397,-0.16715,0.11517,0.31983,-0.27018,-0.27322,0.77799,0.73764,0.16219,0.49718,-0.039201,0.36243,0.034142,-0.19625,0.26857,0.22592,-0.43338,-0.40893,0.95478,-0.056079,-0.19578,0.95753,0.71486,0.87332,0.84561,0.53332,0.16069,0.23666,0.30369,0.91229,1.186,0.97504,1.0584,0.92028,0.73629,0.011019,-0.046974,0.90472,0.68291,0.57656,0.66239,0.79057,0.51561,0.05937,-0.058836,0.95423,0.37274,0.61759,0.79111,0.6886,0.81051,0.7602,0.83729,0.78063,0.62055,0.65625,0.59478,-0.24614,-0.06894,-0.69086,-0.65286,0.19432,0.065858,0.090048,-0.10643,0.31235,0.42592,-0.097024,0.0074167,0.55333,0.6156,0.61362,0.58088,-0.27917,0.044641
-0.39073,-0.75448,0.65419,0.63449,0.40445,0.068611,-0.57257,-0.63542,0.73912,0.35248,0.37071,-0.094826,0.03327,0.0075366,1.3866,0,0.6687,0.30374,0.38409,0.55238,0.75617,1.4011,0.40384,0.51722,0.72492,0.72297,0.94575,0.41743,0.27303,-0.2787,-0.057597,-0.26133,0.024028,0.191,-0.29949,-0.30535,0.66014,0.62231,0.099497,0.50122,-0.16032,0.47777,-0.24544,-0.32961,0.1128,0.039382,-0.43761,-0.29253,0.68208,-0.17098,-0.06828,0.89608,0.60131,0.86693,0.76048,0.23197,-0.13144,-0.0495,0.067859,0.73512,1.2391,0.63999,0.78818,0.51442,0.49186,-0.1997,-0.15669,0.89525,0.63263,0.39801,0.36425,0.55284,0.33794,-0.060052,-0.14348,0.79316,0.75277,0.53584,0.70783,0.57012,0.74299,0.97626,0.72543,0.78978,0.61176,0.5169,0.52336,-0.26007,-0.12865,-0.62619,-0.71463,0.10841,0.18161,0.14882,0.086447,0.32219,0.65488,-0.050426,0.30733,0.43308,0.40923,0.60026,0.61486,-0.17054,0.090705
-0.016038,-0.27948,0.43777,0.3437,0.24598,-0.015526,-0.48173,-0.65536,0.55465,0.28507,0.084673,-0.35501,0.24079,0.16498,0.9844,0.6687,0,0.44463,1.1307,0.90091,1.0322,0.77742,1.1289,1.0747,0.62631,0.77544,0.96402,0.087284,0.43178,0.26871,0.27493,0.171,0.40908,0.47472,-0.11417,-0.12865,0.44214,0.42078,-0.10474,0.12845,0.093253,0.17646,0.5023,0.28131,0.61433,0.57111,-0.34659,-0.44589,0.98238,-0.0014157,-0.32326,0.80136,0.30144,0.37531,0.25307,0.97931,0.55151,0.43662,0.35841,0.56853,0.73509,0.96446,1.021,1.4484,1.1224,0.35209,0.21359,0.65177,0.51706,0.59938,0.85968,1.1535,0.92743,0.38733,0.20994,0.39086,0.00074133,0.98113,0.83177,0.88117,0.63444,0.57511,0.77518,0.78844,0.55644,0.96329,0.55105,-0.28561,-0.065314,-0.52719,-0.4185,0.20054,-0.0448,-0.14375,-0.3699,0.018721,0.027795,0.029738,-0.23443,0.95216,0.92814,0.60943,0.61322,-0.31285,-0.15723
-0.047621,-0.39569,0.46109,0.21653,-0.21703,-0.54526,-0.50089,-0.58406,0.080344,-0.31116,-0.046517,-0.368,-0.35416,-0.44075,0.37887,0.30374,0.44463,0,0.37881,0.32098,0.039024,0.15849,0.024061,0.15334,0.53915,0.18269,0.23211,-0.38091,-0.10808,-0.17843,-0.21474,-0.098334,-0.18672,-0.11049,-0.36935,-0.3645,0.29841,0.30328,0.014037,0.059233,-0.15688,0.027392,0.26706,-0.021652,0.26256,0.14255,0.13834,0.096906,0.19888,-0.15084,-0.57708,0.20113,0.028362,0.11668,0.072439,0.53132,0.35645,0.4585,0.59665,-0.070627,-0.0012589,0.36322,0.51833,0.36919,0.65552,0.10618,0.28299,0.29096,0.22361,0.37048,0.46557,0.47876,0.34071,0.13805,-0.044413,0.56499,0.035529,0.53203,0.48394,0.1285,0.10238,0.51076,0.8179,0.58151,0.61871,0.55423,0.46374,0.27323,0.53362,-0.27769,-0.1807,0.42186,-0.1247,-0.25245,-0.39664,0.051034,0.017128,0.28648,-0.197,0.91028,0.7414,0.62763,0.47138,-0.50525,-0.32232
0.34338,0.16844,0.62014,0.63078,0.19316,0.15065,-0.12539,-0.2447,0.19563,0.25494,0.0095716,-0.14642,0.4029,0.30007,0.51932,0.38409,1.1307,0.37881,0,1.046,0.74481,0.37427,1.1791,0.89586,0.48845,0.62927,0.47467,0.17974,0.3765,0.47478,0.53213,0.45468,0.51982,0.5415,0.074093,0.055185,0.26992,0.2052,-0.064538,0.15575,0.27091,0.20684,0.63956,0.50569,0.79968,0.82374,-0.22653,-0.36876,0.59247,0.20814,-0.1564,0.45602,0.23294,0.30885,0.19127,0.70934,0.51633,0.3862,0.24192,0.34299,0.57628,0.80126,0.69482,0.85341,0.65864,0.40315,0.21164,0.34155,0.24711,0.58286,0.66846,0.89615,0.92698,0.38617,0.28977,0.15184,-0.040705,1.201,0.96764,0.8756,0.76518,0.51387,0.78343,0.71006,0.62654,0.94556,0.74129,-0.2567,-0.13294,-0.21436,-0.20895,-0.0068615,-0.21349,-0.20815,-0.40286,0.04431,0.021366,0.23342,-0.14188,0.62357,0.62085,0.4866,0.43274,-0.22066,-0.36043
0.31801,-0.044695,0.4418,0.50464,0.11327,-0.094609,-0.20056,-0.39065,0.48964,0.21846,0.23194,-0.21563,0.10372,0.072876,0.73729,0.55238,0.90091,0.32098,1.046,0,0.54941,0.57329,0.75842,0.93789,0.74867,0.77669,0.75015,0.43614,0.54317,0.16913,0.21222,0.11462,0.12873,0.21076,-0.23162,-0.2703,0.29345,0.24696,0.10135,0.31028,0.49166,0.32934,0.28495,0.10045,0.3987,0.40024,-0.14598,-0.29405,0.6081,0.079453,-0.25839,0.43046,0.52823,0.58264,0.47295,0.6626,0.2622,0.25455,0.21916,0.54416,0.7513,0.67774,0.67244,0.71034,0.50541,0.18693,0.066263,0.39393,0.25206,0.42931,0.50642,0.73387,0.54627,0.17312,0.065591,0.55135,0.27334,0.82474,0.86738,0.5258,0.76548,0.46828,0.66862,0.68076,0.69998,0.80863,0.93679,-0.12784,-0.023353,-0.439,-0.38697,0.1614,0.026611,0.08175,-0.17199,0.30388,0.17807,0.016552,-0.083346,0.37168,0.3138,0.39899,0.2792,-0.37175,-0.27697
-0.15383,-0.25204,0.32833,0.35688,0.45666,0.27304,-0.4036,-0.52532,0.401,0.38575,-0.043659,-0.36677,0.37369,0.33751,0.8112,0.75617,1.0322,0.039024,0.74481,0.54941,0,0.87158,0.98214,1.2588,0.24393,0.72477,1.0811,0.4605,0.37783,0.19588,0.15759,-0.023026,0.37336,0.55729,-0.11762,-0.094559,0.21962,0.23891,-0.3576,0.035747,0.079639,0.076377,0.16082,0.11638,0.48564,0.36453,-0.86754,-0.89439,1.2788,-0.061806,-0.067284,1.165,0.48852,0.69397,0.32668,0.58033,0.10764,-0.0011774,-0.068894,0.709,0.86947,0.73763,0.68265,0.81705,0.56398,0.050875,-0.17271,0.44569,0.244,0.32917,0.36155,0.78811,0.61199,0.1296,-0.049047,0.13519,0.048544,0.54895,0.53496,0.7333,0.72544,0.38678,0.46105,0.47659,0.32876,0.44145,0.27456,-0.80746,-0.57748,-0.63537,-0.68877,0.13923,0.13211,0.041539,-0.085203,0.11857,0.2581,0.10777,0.13081,0.54833,0.46846,0.38183,0.29554,0.076838,0.12098
-0.48904,-0.82709,0.35892,0.35579,0.31106,0.069241,-0.56178,-0.68941,0.79939,0.28103,0.18016,-0.20807,0.13191,0.10861,1.1767,1.4011,0.77742,0.15849,0.37427,0.57329,0.87158,0,0.50479,0.63904,0.52909,0.78414,1.192,0.49398,0.24339,-0.3497,-0.11046,-0.34928,0.095875,0.28098,-0.33493,-0.32417,0.46322,0.5355,-0.12861,0.2912,-0.14367,0.20171,-0.24731,-0.33357,0.2214,0.03541,-0.65617,-0.47902,0.70372,-0.19367,-0.087217,0.95814,0.51461,0.66744,0.55888,0.28128,-0.092939,-0.023758,0.086599,0.56946,0.93828,0.56707,0.65629,0.5686,0.54721,-0.10022,-0.094002,0.7002,0.55129,0.31051,0.36093,0.75773,0.45648,0.11121,-0.044914,0.58376,0.53494,0.55556,0.6686,0.58415,0.65161,0.5843,0.47919,0.66966,0.41182,0.56739,0.31205,-0.43471,-0.24808,-0.74419,-0.82094,0.02995,0.14491,0.11566,0.099669,0.31483,0.57334,-0.25696,0.18036,0.36075,0.30583,0.51541,0.58605,-0.21536,0.042251
0.25027,0.13388,0.42086,0.50308,0.51972,0.425,-0.00023509,-0.12614,0.3867,0.39139,0.14181,-0.0092267,0.76655,0.7104,0.55965,0.40384,1.1289,0.024061,1.1791,0.75842,0.98214,0.50479,0,0.9525,0.38516,0.61341,0.55483,0.304,0.53337,0.55072,0.7254,0.45573,0.8661,0.85645,0.35586,0.29097,0.2491,0.18717,-0.050309,0.16014,0.37393,0.24738,0.66725,0.57764,0.901,0.91989,-0.43277,-0.50903,0.65546,0.29364,0.07688,0.50818,0.25704,0.26641,0.15593,0.5229,0.50325,0.28134,0.073208,0.56521,0.68799,0.66046,0.47994,0.80201,0.52469,0.34409,0.065375,0.26268,0.20098,0.48532,0.6095,0.83206,0.8349,0.33083,0.28422,-0.0065872,-0.096068,0.79036,0.68672,0.99481,0.6739,0.23836,0.49017,0.3846,0.28013,0.58232,0.39383,-0.46784,-0.33687,-0.26655,-0.3324,-0.0986,-0.045637,-0.15099,-0.30726,-0.10798,-0.052304,0.077077,-0.22791,0.37979,0.38664,0.17537,0.21012,-0.098859,-0.27801
0.027524,-0.10112,0.28327,0.28335,0.1772,0.060761,-0.32395,-0.47261,0.38602,0.31793,-0.093821,-0.47743,0.20925,0.18518,0.67783,0.51722,1.0747,0.15334,0.89586,0.93789,1.2588,0.63904,0.9525,0,0.22422,0.82797,1.0188,0.43435,0.29993,0.25139,0.10976,0.041934,0.26056,0.38528,-0.20732,-0.21698,0.066487,0.04775,-0.39983,-0.093826,0.33622,-0.038114,0.33958,0.24866,0.62658,0.41356,-0.58268,-0.71824,1.0227,-0.027091,-0.25585,0.74729,0.44436,0.64107,0.22405,0.80014,0.22201,0.1071,0.052302,0.70963,0.65869,0.61458,0.58043,0.77947,0.5729,0.24254,0.018292,0.25315,0.047763,0.20856,0.31967,0.95251,0.73223,0.32772,0.097954,0.1813,-0.028607,0.63263,0.62156,0.61739,0.65209,0.21525,0.43537,0.38576,0.36659,0.52909,0.35363,-0.68644,-0.48569,-0.53826,-0.49088,0.26092,0.13468,0.0016603,-0.19333,0.17377,0.14676,0.077055,0.009618,0.47275,0.41253,0.29378,0.10588,-0.10381,-0.033355
0.20824,-0.3404,0.60031,0.54336,0.3289,-0.17757,-0.26524,-0.46729,0.66746,-0.028023,0.59472,0.0080701,0.074827,0.026738,0.90664,0.72492,0.62631,0.53915,0.48845,0.74867,0.24393,0.52909,0.38516,0.22422,0,0.31148,0.56969,0.21253,0.51238,-0.11202,0.10578,-0.099203,0.018713,0.078435,-0.14465,-0.19914,0.64921,0.57322,0.50927,0.65268,0.089449,0.58462,0.12234,-0.21907,0.064334,0.16556,0.03354,-0.017893,0.50506,0.21064,-0.050716,0.43007,0.64146,0.55125,0.84561,0.40586,0.17409,0.28542,0.315,0.48066,0.67826,0.84213,0.75995,0.56929,0.40444,-0.087277,-0.098845,0.61003,0.54738,0.58297,0.53742,0.38044,0.17057,-0.18455,-0.18297,1.0443,0.44385,0.48889,0.61853,0.31773,0.56498,0.79032,0.79699,0.77349,0.71516,0.50317,0.82375,0.21414,0.33535,-0.43596,-0.38945,0.1612,0.054656,0.13906,-0.11586,0.35167,0.27529,0.063667,-0.08112,0.4939,0.47423,0.61193,0.60692,-0.30317,-0.11364
-0.26644,-0.23676,0.27251,0.34571,-0.0024529,0.089072,-0.45037,-0.40416,0.37538,0.68455,0.094625,-0.16046,0.070826,0.030184,0.51367,0.72297,0.77544,0.18269,0.62927,0.77669,0.72477,0.78414,0.61341,0.82797,0.31148,0,0.62217,0.28749,0.29004,0.020038,0.11998,0.079176,0.18136,0.13418,-0.22708,-0.29046,0.14509,0.091317,-0.23709,0.0073538,0.10745,0.33223,-0.04025,0.060552,0.21551,0.17836,-0.1716,-0.20255,0.51989,-0.35518,-0.27153,0.47137,0.13378,0.33777,0.12873,0.38114,-0.0096519,-0.14951,-0.15476,0.31243,0.66632,0.34407,0.44505,0.49109,0.47874,-0.014088,0.014577,0.46925,0.35254,0.23654,0.28898,0.48091,0.40412,0.15035,0.039425,0.22717,0.46698,0.71175,0.60877,0.52077,0.47917,0.49757,0.41789,0.72838,0.58937,0.66831,0.47728,-0.1818,-0.071944,-0.35724,-0.37989,0.2332,0.34628,0.047424,0.040594,0.10244,0.26546,0.074379,0.24227,0.39975,0.26744,0.4025,0.33141,-0.13536,-0.063969
-0.20557,-0.6353,0.21984,0.17545,0.26393,-0.13323,-0.60891,-0.92743,0.74663,0.079189,0.063345,-0.56831,-0.0029475,-0.019979,1.2635,0.94575,0.96402,0.23211,0.47467,0.75015,1.0811,1.192,0.55483,1.0188,0.56969,0.62217,0,0.53477,0.33711,-0.18489,-0.21373,-0.42918,-0.043703,0.17773,-0.55084,-0.53207,0.30209,0.36895,-0.20236,0.12533,0.064374,0.049838,-0.03283,-0.28491,0.24663,0.058203,-0.63211,-0.65027,1.256,-0.15058,-0.29851,1.1816,0.76799,0.97942,0.62201,0.69167,0.025336,0.13874,0.20471,0.74769,0.82405,0.77598,0.84351,0.82716,0.62625,0.017756,-0.1063,0.61316,0.31,0.28074,0.36168,0.84038,0.44716,0.095506,-0.14671,0.60103,0.22112,0.41972,0.49581,0.45155,0.59631,0.42561,0.46113,0.5375,0.39602,0.45219,0.3135,-0.46108,-0.24957,-0.9333,-0.80368,0.33635,0.21323,0.15859,-0.062566,0.40648,0.38298,-0.064796,0.057209,0.57188,0.50303,0.54884,0.42935,-0.226,0.10144
0.16591,-0.0066896,0.089528,0.29679,0.35643,0.32919,0.2419,0.06026,0.20799,0.078895,0.1485,0.087715,0.29517,0.38476,0.30299,0.41743,0.087284,-0.38091,0.17974,0.43614,0.4605,0.49398,0.304,0.43435,0.21253,0.28749,0.53477,0,0.13696,-0.24436,-0.07145,-0.36762,-0.058318,0.11364,-0.13308,-0.12936,-0.13928,-0.086318,-0.08651,0.17697,0.44934,0.084975,-0.25011,-0.26945,0.1074,-0.050486,-0.58302,-0.54161,0.34563,0.16917,0.3565,0.35345,0.90812,0.89048,0.65283,-0.14053,-0.59471,-0.3892,-0.32011,0.44734,0.50149,0.23251,0.026704,-0.062852,-0.35099,-0.2624,-0.51709,0.00010403,-0.21972,-0.24998,-0.3493,0.15753,-0.032141,-0.18917,-0.22234,0.087219,0.33295,-0.022471,0.1826,0.054454,0.60573,0.041801,-0.028097,0.0066687,0.007312,-0.1495,0.036508,-0.61827,-0.72201,-0.27481,-0.42043,-0.12149,0.2708,0.4475,0.40234,0.65602,0.69063,-0.13485,0.55629,-0.24898,-0.33691,0.081103,-0.046387,0.11079,0.076314
0.31261,0.026444,0.099878,0.24621,0.46616,0.10823,-0.16144,-0.25679,0.39496,0.3514,0.48487,-0.019263,0.35805,0.36162,0.43489,0.27303,0.43178,-0.10808,0.3765,0.54317,0.37783,0.24339,0.53337,0.29993,0.51238,0.29004,0.33711,0.13696,0,0.5861,0.54604,0.28285,0.41471,0.48385,0.17448,0.19197,0.5852,0.5321,0.45776,0.5597,0.3439,0.58874,0.22131,0.10655,-0.02264,0.3751,-0.1523,-0.28991,0.50775,0.14638,0.074894,0.27458,0.28855,0.21188,0.31789,0.42752,0.44415,0.13076,-0.051334,0.48519,0.58829,0.57673,0.52978,0.66661,0.33355,-0.11541,-0.27438,0.35938,0.51246,0.79967,0.66416,0.15286,0.14375,-0.34631,-0.28178,0.2913,0.10623,0.32024,0.30853,0.42884,0.46811,0.24759,0.22592,0.31954,0.27173,0.38959,0.68159,-0.0045505,0.072329,-0.48663,-0.44728,-0.11779,-0.12293,0.067763,-0.17454,-0.19198,-0.20373,-0.1145,-0.39065,0.192,0.077735,0.0086685,0.077057,-0.0206,-0.074924
0.56505,0.70988,0.074445,0.15431,0.21643,0.28731,0.21678,0.26179,-0.19261,0.35889,0.051266,0.1071,0.46863,0.45251,-0.084632,-0.2787,0.26871,-0.17843,0.47478,0.16913,0.19588,-0.3497,0.55072,0.25139,-0.11202,0.020038,-0.18489,-0.24436,0.5861,0,1.0578,1.1066,0.79309,0.62136,0.62201,0.64825,0.16783,0.051783,0.18318,0.055163,0.38231,0.15968,0.89753,1.0916,0.35234,0.82448,0.049074,-0.13923,0.12886,0.29545,0.072576,-0.13111,-0.23058,-0.25136,-0.24774,0.30985,0.80043,0.29163,0.020157,0.18759,0.090114,0.23505,0.16556,0.41151,0.18888,0.40347,0.16293,-0.039805,0.12544,0.39573,0.47131,0.091739,0.36349,0.17315,0.29029,-0.38826,-0.55757,0.26868,0.14178,0.46682,0.20708,-0.068444,0.048605,-0.068461,-0.048703,0.22278,0.24546,-0.087545,-0.097558,0.18382,0.25435,-0.24119,-0.38963,-0.34084,-0.47543,-0.63896,-0.6305,0.035077,-0.46111,0.10751,0.15082,-0.2207,-0.16445,0.032727,-0.24601
0.57209,0.68552,0.29368,0.46316,0.48622,0.62584,0.39818,0.44725,0.069315,0.51599,0.39283,0.57539,0.84825,0.81104,0.03397,-0.057597,0.27493,-0.21474,0.53213,0.21222,0.15759,-0.11046,0.7254,0.10976,0.10578,0.11998,-0.21373,-0.07145,0.54604,1.0578,0,1.3506,1.3335,0.93452,1.1483,0.99069,0.35248,0.18622,0.38792,0.31978,0.30829,0.4568,0.68332,0.92912,0.52311,1.1408,0.030271,-0.057096,-0.022272,0.35808,0.3004,-0.19162,-0.17548,-0.24674,-0.067672,0.011281,0.58674,0.21696,-0.042251,0.13458,0.25919,0.30248,0.077637,0.33779,0.1276,0.30592,0.12182,0.081054,0.29209,0.54757,0.56972,0.13188,0.43985,0.17581,0.41801,-0.2862,-0.20497,0.48011,0.4035,0.74769,0.41869,0.029505,0.14096,0.11272,0.062674,0.35953,0.28561,-0.030456,-0.063761,0.33963,0.2372,-0.52275,-0.35525,-0.30408,-0.28924,-0.42427,-0.27141,-0.051837,-0.30814,-0.062928,0.05808,-0.10478,0.02051,0.0074876,-0.38527
0.5072,0.82976,0.21671,0.30684,0.26685,0.54023,0.42585,0.55808,-0.076515,0.58041,0.29139,0.55726,0.45422,0.43971,-0.16715,-0.26133,0.171,-0.098334,0.45468,0.11462,-0.023026,-0.34928,0.45573,0.041934,-0.099203,0.079176,-0.42918,-0.36762,0.28285,1.1066,1.3506,0,0.89035,0.58292,0.90309,0.85673,0.25263,0.092406,0.34871,0.20247,0.26222,0.39221,0.72862,1.2934,0.4426,1.0398,0.33208,0.22978,-0.21551,0.22595,0.12679,-0.44431,-0.36944,-0.45065,-0.29365,-0.025637,0.62365,0.29454,0.056269,-0.067484,0.046072,0.037281,-0.076187,0.20866,0.1245,0.55447,0.41254,0.014189,0.22988,0.33625,0.46401,0.057116,0.44483,0.37385,0.64321,-0.33394,-0.24854,0.39911,0.2853,0.50642,0.18372,0.0081358,0.10609,0.058597,0.045454,0.32435,0.22213,0.15335,0.10142,0.62585,0.52573,-0.35945,-0.34159,-0.22846,-0.20421,-0.56568,-0.41091,0.030673,-0.31331,-0.050557,0.082129,-0.23152,-0.078999,0.061051,-0.26542
0.24359,0.41081,0.35676,0.45168,0.52034,0.70018,0.19923,0.24755,0.14939,0.42363,0.16974,0.37408,1.3193,1.1236,0.11517,0.024028,0.40908,-0.18672,0.51982,0.12873,0.37336,0.095875,0.8661,0.26056,0.018713,0.18136,-0.043703,-0.058318,0.41471,0.79309,1.3335,0.89035,0,1.5073,1.0877,1.0365,0.33262,0.2073,0.028568,0.14024,0.059528,0.13569,0.59505,0.82325,0.7511,1.0348,-0.28537,-0.29558,0.1595,0.44071,0.40935,0.034139,-0.15687,-0.19076,-0.071865,0.10132,0.60239,0.1189,-0.10908,0.13793,0.20294,0.38596,0.080396,0.4023,0.24189,0.28146,0.081635,-0.026872,0.29286,0.52239,0.56465,0.36986,0.62364,0.29169,0.39828,-0.31599,-0.33619,0.61031,0.53791,0.97173,0.48089,-0.03546,0.14755,0.14811,0.054484,0.42089,0.14264,-0.35602,-0.28621,0.12347,-0.0035443,-0.54833,-0.32679,-0.39247,-0.29825,-0.37019,-0.14506,-0.10736,-0.30866,0.010541,0.089131,-0.11123,0.027909,0.13616,-0.2703
0.21435,0.20066,0.38901,0.48658,0.73806,0.69277,0.13473,0.088419,0.23882,0.32498,0.19981,0.24823,1.1844,1.1343,0.31983,0.191,0.47472,-0.11049,0.5415,0.21076,0.55729,0.28098,0.85645,0.38528,0.078435,0.13418,0.17773,0.11364,0.48385,0.62136,0.93452,0.58292,1.5073,0,0.75736,0.86729,0.5024,0.45632,0.047306,0.31008,0.1085,0.11164,0.52488,0.62221,0.86326,1.0773,-0.62066,-0.57431,0.31198,0.41291,0.39292,0.20779,0.10196,0.052354,0.11126,0.14711,0.55203,0.16795,0.0043729,0.26726,0.32202,0.54042,0.21209,0.50554,0.31792,0.23458,-0.0047433,0.071828,0.33176,0.57037,0.62402,0.58548,0.78056,0.24751,0.26832,-0.13893,-0.29323,0.62919,0.67875,1.0289,0.726,0.030267,0.22777,0.16843,0.048613,0.45459,0.17787,-0.60686,-0.45016,-0.11136,-0.26409,-0.60262,-0.45875,-0.2707,-0.23862,-0.25408,0.0034806,-0.24708,-0.30451,0.087238,0.10332,-0.051041,0.077709,0.079707,-0.24981
0.40931,0.68418,0.18114,0.30533,0.5282,0.79563,0.69976,0.81004,-0.068049,0.29628,0.34043,0.86504,0.97314,1.0214,-0.27018,-0.29949,-0.11417,-0.36935,0.074093,-0.23162,-0.11762,-0.33493,0.35586,-0.20732,-0.14465,-0.22708,-0.55084,-0.13308,0.17448,0.62201,1.1483,0.90309,1.0877,0.75736,0,1.7744,0.12474,-0.0091776,0.30293,0.20162,0.17633,0.22934,0.48651,0.76573,0.41085,0.70593,0.021797,0.048451,-0.30943,0.55315,0.69958,-0.41715,-0.25197,-0.42819,-0.19612,-0.36417,0.31351,-0.01612,-0.23884,-0.027973,-0.074192,-0.046847,-0.38139,-0.11465,-0.23446,0.12852,-0.027968,-0.31309,-0.015839,0.15516,0.13577,-0.12834,0.13066,0.05084,0.31523,-0.4719,-0.28378,0.078905,0.092842,0.31922,0.11796,-0.29007,-0.10646,-0.2572,-0.2364,-0.083923,-0.097219,-0.091408,-0.17948,0.51741,0.29123,-0.61057,-0.2281,-0.18805,-0.060649,-0.4056,-0.22218,-0.067855,-0.22128,-0.38336,-0.25968,-0.46075,-0.30185,0.28951,-0.18316
0.34911,0.60342,0.17888,0.29746,0.59115,0.91225,0.70198,0.78991,-0.15282,0.28068,0.29876,0.84177,0.99661,1.109,-0.27322,-0.30535,-0.12865,-0.3645,0.055185,-0.2703,-0.094559,-0.32417,0.29097,-0.21698,-0.19914,-0.29046,-0.53207,-0.12936,0.19197,0.64825,0.99069,0.85673,1.0365,0.86729,1.7744,0,0.22527,0.14737,0.30786,0.30504,0.1373,0.17539,0.46327,0.79346,0.3818,0.7073,-0.065711,-0.016339,-0.29084,0.63812,0.84958,-0.39509,-0.17319,-0.39408,-0.14616,-0.39662,0.32382,-0.023859,-0.20099,-0.067269,-0.11839,-0.03585,-0.36759,-0.11753,-0.24245,0.15634,-0.022834,-0.30027,0.063382,0.11106,0.12972,-0.088537,0.16752,0.068343,0.29747,-0.44958,-0.34439,0.059247,0.11563,0.29219,0.19246,-0.21518,-0.10551,-0.25654,-0.27526,-0.081914,-0.089756,-0.19984,-0.26939,0.44187,0.22285,-0.76708,-0.3662,-0.098166,0.026974,-0.42162,-0.16536,-0.20647,-0.2147,-0.33007,-0.28587,-0.5229,-0.26352,0.35394,-0.10096
-0.084113,-0.38031,0.54166,0.48676,0.59152,0.17068,-0.29033,-0.31231,0.66808,0.35215,0.72451,0.21979,0.1587,0.14259,0.77799,0.66014,0.44214,0.29841,0.26992,0.29345,0.21962,0.46322,0.2491,0.066487,0.64921,0.14509,0.30209,-0.13928,0.5852,0.16783,0.35248,0.25263,0.33262,0.5024,0.12474,0.22527,0,1.8205,0.70268,1.1169,-0.2071,0.67298,0.10083,0.04981,0.099091,0.40072,-0.082656,0.030259,0.25343,0.12625,0.070668,0.23615,0.27071,0.21822,0.5085,0.16553,0.44586,0.37824,0.40708,0.39865,0.61207,0.59087,0.64331,0.61648,0.58677,0.14314,0.17919,0.8611,1.2757,0.85142,0.90569,0.41165,0.47303,0.055337,0.12429,0.7375,0.34923,0.52587,0.67573,0.66736,0.575,0.77108,0.51902,0.56424,0.37599,0.64168,0.58524,0.081563,0.21977,-0.26222,-0.28875,-0.32086,-0.41597,0.00229,-0.10429,-0.12991,0.13821,-0.34354,-0.28854,0.35335,0.41366,0.24423,0.57766,-0.18231,-0.022511
-0.15403,-0.53022,0.35177,0.30565,0.56151,0.13287,-0.2894,-0.37362,0.5688,0.2313,0.58486,0.12788,0.092046,0.11279,0.73764,0.62231,0.42078,0.30328,0.2052,0.24696,0.23891,0.5355,0.18717,0.04775,0.57322,0.091317,0.36895,-0.086318,0.5321,0.051783,0.18622,0.092406,0.2073,0.45632,-0.0091776,0.14737,1.8205,0,0.61456,1.0731,-0.17847,0.53504,0.054531,-0.030274,0.071847,0.3226,-0.19621,-0.059225,0.2465,0.056152,0.038706,0.2762,0.31731,0.2096,0.45841,0.14444,0.3872,0.41405,0.49617,0.30336,0.51424,0.51538,0.623,0.57707,0.57517,0.13257,0.16383,0.852,1.1578,0.6873,0.803,0.45401,0.45595,0.052962,0.067248,0.70376,0.30856,0.41409,0.55484,0.50314,0.50461,0.70776,0.43596,0.48237,0.24221,0.55587,0.45071,0.014015,0.17971,-0.3766,-0.39365,-0.34159,-0.4835,0.075163,-0.031753,-0.14037,0.1299,-0.47802,-0.31304,0.40448,0.36791,0.24473,0.63208,-0.23652,-0.027193
0.41835,0.086925,0.12831,0.20733,0.49556,0.16312,0.35341,0.28245,0.2955,0.20392,1.1813,0.67908,-0.036734,0.063331,0.16219,0.099497,-0.10474,0.014037,-0.064538,0.10135,-0.3576,-0.12861,-0.050309,-0.39983,0.50927,-0.23709,-0.20236,-0.08651,0.45776,0.18318,0.38792,0.34871,0.028568,0.047306,0.30293,0.30786,0.70268,0.61456,0,1.157,0.29064,1.0491,0.14929,0.09181,-0.2025,0.25747,0.46265,0.5013,-0.28526,0.18087,0.16818,-0.3793,0.19553,-0.035762,0.31363,-0.27222,0.18249,0.34602,0.31809,0.17608,0.26691,0.045994,0.07453,0.031152,-0.072319,0.088564,0.10014,0.39669,0.44017,0.28906,0.3051,-0.20804,-0.085251,-0.20029,0.08202,0.41529,0.36941,-0.079963,0.048627,0.006871,0.11823,0.29976,0.11375,0.015022,-0.00507,-0.0018799,0.31443,0.58033,0.48353,0.22851,0.19163,-0.28032,-0.23561,0.26222,0.11011,-0.18791,-0.11887,-0.24772,-0.25002,-0.11819,-0.042901,-0.11011,0.12327,-0.17854,-0.10196
0.16223,-0.15566,0.45536,0.56887,0.79953,0.37491,0.14862,0.050024,0.48999,0.3095,1.0588,0.54675,0.18103,0.26037,0.49718,0.50122,0.12845,0.059233,0.15575,0.31028,0.035747,0.2912,0.16014,-0.093826,0.65268,0.0073538,0.12533,0.17697,0.5597,0.055163,0.31978,0.20247,0.14024,0.31008,0.20162,0.30504,1.1169,1.0731,1.157,0,0.13556,1.0172,-0.015648,-0.026641,-0.038261,0.30129,0.012636,0.13323,0.025342,0.28832,0.36442,0.029947,0.52783,0.30569,0.66334,-0.18989,0.092694,0.17657,0.19946,0.37293,0.60402,0.28696,0.26305,0.18229,0.084228,-0.017369,-0.051924,0.54528,0.63738,0.41679,0.38997,0.1173,0.13925,-0.18667,-0.015342,0.65633,0.58036,0.19627,0.4166,0.27067,0.53629,0.61777,0.39511,0.31161,0.2397,0.23611,0.56195,0.1285,0.1246,-0.11102,-0.26034,-0.39318,-0.23633,0.40659,0.25959,0.033338,0.25709,-0.29823,-0.07758,0.0032731,-0.0066368,-0.016946,0.26753,-0.026128,0.040333
0.86549,0.48801,-0.20009,-0.0061815,0.23142,0.16175,0.63169,0.37267,-0.055031,0.12435,0.29802,0.17127,0.10951,0.28354,-0.039201,-0.16032,0.093253,-0.15688,0.27091,0.49166,0.079639,-0.14367,0.37393,0.33622,0.089449,0.10745,0.064374,0.44934,0.3439,0.38231,0.30829,0.26222,0.059528,0.1085,0.17633,0.1373,-0.2071,-0.17847,0.29064,0.13556,0,0.26806,0.52206,0.42799,0.27973,0.44749,0.010791,-0.15645,0.0054178,0.094918,-0.013598,-0.24383,0.30987,0.13651,-0.0042417,0.027786,0.077574,0.13536,0.028504,0.24093,0.13457,-0.025248,-0.12153,0.016388,-0.22667,0.14983,-0.10101,-0.17381,-0.36526,-0.17833,-0.055763,0.042163,0.054971,-0.039601,0.022518,-0.12513,-0.097266,-0.07772,-0.009542,-0.10489,0.18974,-0.27407,-0.062329,-0.29187,-0.19174,-0.15296,0.089233,-0.086683,-0.14417,0.069771,0.051625,0.030011,0.056633,0.26851,0.065242,-0.071395,-0.21975,-0.086322,-0.1202,-0.15457,-0.28296,-0.2447,-0.40715,-0.18622,-0.32368
0.1853,0.0036749,0.28704,0.44802,0.61022,0.36645,0.1148,0.10849,0.4635,0.69868,1.2423,0.59351,0.041525,0.11167,0.36243,0.47777,0.17646,0.027392,0.20684,0.32934,0.076377,0.20171,0.24738,-0.038114,0.58462,0.33223,0.049838,0.084975,0.58874,0.15968,0.4568,0.39221,0.13569,0.11164,0.22934,0.17539,0.67298,0.53504,1.0491,1.0172,0.26806,0,0.010109,0.082257,-0.13115,0.31512,0.30534,0.34528,0.0036661,-0.079806,0.089027,-0.065241,0.25576,0.16694,0.34431,-0.15937,0.021041,0.089791,0.019856,0.3188,0.69993,0.15684,0.21638,0.19494,0.094485,-0.053802,-0.038925,0.66482,0.5556,0.39599,0.35202,-0.080917,0.023389,-0.25362,-0.011217,0.42851,0.7806,0.17882,0.24795,0.23535,0.31755,0.58513,0.32784,0.36167,0.30174,0.20309,0.52593,0.40718,0.34996,0.07659,-0.052225,-0.080749,0.1042,0.38441,0.25509,-0.11632,0.076701,0.022194,0.043195,0.056997,0.066261,0.063498,0.22278,-0.014959,0.022527
0.65069,0.44657,0.11914,0.067411,0.17501,0.094025,0.29124,0.16265,-0.092968,0.0075965,0.034762,0.031661,0.35699,0.37344,0.034142,-0.24544,0.5023,0.26706,0.63956,0.28495,0.16082,-0.24731,0.66725,0.33958,0.12234,-0.04025,-0.03283,-0.25011,0.22131,0.89753,0.68332,0.72862,0.59505,0.52488,0.48651,0.46327,0.10083,0.054531,0.14929,-0.015648,0.52206,0.010109,0,1.2328,0.83067,1.0938,0.028845,-0.11839,0.107,0.36506,-0.11038,-0.12084,-0.12002,-0.23526,-0.27933,0.45649,1.0401,0.75623,0.49094,0.14033,-0.037621,0.30641,0.20822,0.47642,0.35746,0.71594,0.42236,-0.045008,-0.038506,0.27453,0.51501,0.45509,0.64672,0.47341,0.49103,-0.21786,-0.68047,0.36015,0.26095,0.38514,0.14887,-0.086463,0.21504,-0.080483,-0.089754,0.26475,0.11217,-0.074336,0.019031,0.14364,0.24299,-0.10537,-0.45406,-0.41136,-0.65648,-0.49706,-0.63143,0.017944,-0.68679,0.39132,0.4291,0.0064628,0.02175,-0.32748,-0.55211
0.46888,0.70751,0.096527,0.12878,0.21108,0.48304,0.48058,0.50988,-0.22571,0.37639,0.049761,0.32904,0.47702,0.52012,-0.19625,-0.32961,0.28131,-0.021652,0.50569,0.10045,0.11638,-0.33357,0.57764,0.24866,-0.21907,0.060552,-0.28491,-0.26945,0.10655,1.0916,0.92912,1.2934,0.82325,0.62221,0.76573,0.79346,0.04981,-0.030274,0.09181,-0.026641,0.42799,0.082257,1.2328,0,0.7509,1.168,0.09343,0.012916,-0.1193,0.29016,0.087692,-0.34105,-0.31557,-0.41056,-0.45213,0.095336,0.70946,0.38923,0.17738,-0.014588,-0.085276,0.026718,-0.086584,0.2165,0.14397,0.74732,0.47223,-0.13173,-0.018883,0.097054,0.31899,0.25971,0.61151,0.58179,0.72463,-0.51232,-0.55185,0.31771,0.22005,0.4209,0.13937,-0.13642,0.038158,-0.15212,-0.18013,0.19185,-0.0097438,-0.13682,-0.12794,0.46573,0.44002,-0.30745,-0.38947,-0.30492,-0.31667,-0.64689,-0.50944,-0.040669,-0.38563,0.10512,0.15282,-0.24311,-0.12828,-0.046516,-0.36949
0.28615,0.22211,0.41668,0.39251,0.30797,0.35523,0.18372,0.070857,0.13417,0.032544,-0.078782,0.030215,0.58657,0.5618,0.26857,0.1128,0.61433,0.26256,0.79968,0.3987,0.48564,0.2214,0.901,0.62658,0.064334,0.21551,0.24663,0.1074,-0.02264,0.35234,0.52311,0.4426,0.7511,0.86326,0.41085,0.3818,0.099091,0.071847,-0.2025,-0.038261,0.27973,-0.13115,0.83067,0.7509,0,1.106,-0.41075,-0.40222,0.21307,0.29198,-0.0072223,0.14534,0.046261,0.067193,-0.065967,0.29494,0.54256,0.44055,0.31719,0.14143,0.13509,0.35398,0.14036,0.40685,0.40327,0.58823,0.34409,-0.054778,-0.075619,0.25189,0.45598,0.98982,1.152,0.72018,0.56599,-0.17241,-0.39708,0.73506,0.69929,0.78207,0.46525,-0.05869,0.37474,0.12461,0.088607,0.47245,0.06632,-0.50117,-0.32694,0.020103,-0.087332,-0.19775,-0.29382,-0.40126,-0.41396,-0.1221,-0.031265,0.018943,-0.28781,0.24218,0.30054,0.087135,0.064298,-0.25841,-0.56551
