,,,,,,,,,,,,,,,,,,,,,,,,,,,,,,,,,,,,,,,,,,,,,,,,,,,,,,,,,,,,,,,,,,,,,,,,,,,,,,,,,,,,,,,,,,,,,,,,,,,,,,,,
0,0.65768,0.11442,0.11922,0.8155,0.37143,0.80083,0.49016,0.61633,0.72059,0.29328,0.22823,-0.24972,-0.31257,0.24169,0.3211,0.03152,-0.12225,0.05432,0.035683,0.19426,0.094072,0.1751,0.1832,0.0078115,0.20394,0.21261,0.49419,0.42013,0.29658,0.2796,0.37701,-0.24434,-0.31742,-0.11002,-0.20953,-0.26854,-0.61207,0.26865,-0.062139,0.91945,0.44331,0.77921,0.64157,0.37675,0.43037,-0.038153,-0.14118,0.1931,-0.43649,-0.71742,0.18872,0.77604,0.32988,0.15073,0.19518,0.28308,-0.24816,-0.34695,0.91806,0.74429,0.010412,-0.19276,0.32834,0.080516,0.043305,-0.23865,0.24584,-0.16667,0.15044,0.12567,0.37437,0.29692,0.23922,0.35719,-0.14048,0.39715,-0.084329,-0.20953,-0.047175,-0.10181,0.16436,-0.088425,0.081115,-0.094196,-0.01105,0.039586,-0.34807,-0.44525,0.50691,0.44484,0.0042241,-0.053373,0.486,0.2813,-0.34149,-0.20572,-0.15429,-0.32787,-0.13331,-0.25086,0.081811,0.17591,0.22417,-0.14911
0.65768,0,0.24623,0.32258,0.11287,0.51323,0.33506,0.65867,0.5919,0.84204,-0.053725,0.35725,0.2617,0.037672,0.15861,0.41867,0.30897,0.3076,0.46884,0.38345,0.37364,0.25891,0.34449,0.61725,0.27961,0.58768,0.20197,0.36834,0.33494,0.7009,0.24993,0.77067,0.14446,-0.012077,-0.33733,-0.38979,-0.37773,-0.47312,-0.30438,-0.070973,0.38247,0.51115,0.37789,1.004,0.47892,0.58015,-0.12018,-0.072986,0.28563,-0.066485,-0.43718,0.060471,0.060004,0.50413,-0.075088,0.41172,0.058357,-0.41782,-0.35463,0.35493,0.98744,0.0087581,-0.017642,0.209,0.2098,-0.24608,-0.41501,0.13839,0.063905,0.29228,0.21548,0.45601,0.52104,0.11117,0.23589,-0.22644,0.4823,0.4499,0.16922,0.31726,0.037605,0.4576,0.30379,0.4508,0.2035,0.43714,0.29722,-0.42824,-0.39423,0.48404,0.50576,-0.56881,-0.30653,-0.06709,0.16415,-0.68198,-0.86233,-0.13281,-0.53039,0.23963,0.082022,-0.21497,-0.044995,0.22694,0.36858
0.11442,0.24623,0,1.1903,0.064198,0.09525,0.12269,0.30885,0.20346,0.10823,0.013164,0.33312,0.079329,-0.075095,-0.18338,0.16723,-0.18366,-0.088406,0.04281,0.042078,-0.39672,-0.16031,-0.12985,-0.063779,0.15563,0.085935,-0.0033862,0.097946,-0.098279,-0.16593,-0.30957,-0.0083165,-0.015442,-0.11915,-0.24131,-0.23017,0.029596,-0.082827,0.21473,0.12991,0.3173,0.38,-0.23214,0.013946,-0.31236,-0.13845,-0.058967,0.12623,-0.33271,0.23337,0.076176,-0.037925,0.072035,0.25536,0.90456,0.18245,0.10682,-0.29302,-0.31086,0.12881,0.30884,-0.41605,-0.58821,-0.10226,0.0049048,-0.03047,0.16096,-0.3163,-0.20764,-0.03262,-0.1918,-0.11973,-0.054987,-0.25992,0.107,0.60079,0.76426,0.24495,0.25852,0.24144,0.060543,0.2368,0.1455,0.45368,0.26855,0.27536,0.016117,-0.21594,-0.10965,-0.15076,0.13467,-0.19832,0.031042,-0.088228,0.066059,-0.22554,-0.17427,0.059092,-0.054548,-0.40621,-0.30012,-0.27431,-0.11842,0.29145,0.073497
0.11922,0.32258,1.1903,0,0.16234,0.31859,0.21321,0.42591,0.51905,0.31771,0.12217,0.54301,0.20839,0.11455,0.11958,0.42882,0.12863,0.12752,0.36354,0.39933,-0.083927,0.17452,0.23382,0.25955,0.41425,0.39321,0.35748,0.46384,0.16405,-0.010618,-0.034056,0.20989,-0.015353,-0.031023,-0.22157,-0.26361,-0.093407,-0.13382,0.2313,0.4266,0.39131,0.6822,-0.12354,0.21449,-0.05693,0.16609,-0.22848,0.0034456,-0.11598,0.30197,0.10271,-0.068313,0.08956,0.433,0.61263,0.13799,0.10865,-0.17149,-0.15679,0.18038,0.52168,-0.16958,-0.2196,0.024186,0.11914,0.10395,0.19569,-0.028322,0.036289,0.10932,-0.066069,0.14951,0.25472,-0.049164,0.30027,0.61916,0.97777,0.34857,0.35642,0.19765,0.19993,0.43395,0.42102,0.59344,0.52923,0.42997,0.35839,-0.29723,-0.12523,-0.11987,0.039919,-0.27977,-0.05524,-0.13633,0.094963,-0.21268,-0.16728,-0.14099,-0.076172,-0.23978,-0.21539,-0.31835,-0.055022,0.13557,0.044105
0.8155,0.11287,0.064198,0.16234,0,0.74921,1.111,0.61455,0.54449,0.49696,0.89571,0.53878,0.042677,0.044597,0.45341,0.47837,0.086724,-0.13541,0.14061,0.1125,0.1813,0.20769,0.38934,0.18886,0.19164,0.35141,0.35841,0.74013,0.80946,0.28053,0.54649,0.51276,0.10983,0.015098,0.42741,0.31186,0.26525,-0.048622,0.83231,0.34863,0.91603,0.61996,0.76695,0.3931,0.15572,0.36995,-0.14423,-0.24408,0.011103,-0.032895,-0.095473,0.005244,1.2114,0.57244,0.33969,0.032767,0.54698,0.0028357,-0.16303,0.341,0.34019,0.081532,-0.14094,0.078646,-0.043203,0.52274,0.16344,0.40302,0.15007,0.31715,0.32944,0.36805,0.42711,0.4769,0.70311,-0.091468,0.26972,0.102,0.12439,0.1188,0.22936,0.013397,-0.15253,-0.10701,-0.19963,0.12053,0.10894,-0.39235,-0.3168,0.27447,-0.013798,0.016298,-0.084289,0.25322,0.079204,0.23207,0.24531,-0.17974,-0.23479,-0.50034,-0.59007,0.12641,0.19635,-0.15169,-0.53042
0.37143,0.51323,0.09525,0.31859,0.74921,0,0.92665,1.3896,0.64925,0.74561,0.88923,0.9673,0.68939,0.43404,0.61602,0.87867,0.40147,0.34916,0.70054,0.57162,0.47723,0.48402,0.93998,0.85735,0.56076,1.1379,0.56873,1.1405,0.9905,0.91168,1.0289,1.4858,0.65964,0.30107,0.47962,0.32501,0.28195,0.016555,0.30615,0.42084,0.65816,1.06,0.48474,0.75352,0.35807,0.73328,-0.39724,-0.4429,0.024309,0.40097,0.18548,-0.097475,0.52293,0.97752,0.036671,0.0075857,0.25034,-0.18463,-0.17807,0.045903,0.5548,0.22945,0.13489,-0.11819,-0.03394,0.20287,-0.10334,0.436,0.59402,0.44381,0.50096,0.60874,1.0172,0.50044,0.61196,-0.40203,0.19555,0.69215,0.56288,0.40329,0.45293,0.31063,0.31913,0.1458,-0.043696,0.63964,0.38206,-0.64149,-0.38917,0.21745,-0.1402,-0.59731,-0.42483,-0.17065,0.0071157,0.15156,-0.047611,-0.25366,-0.4831,-0.11657,-0.24453,0.07003,0.1729,-0.16259,0.014577
0.80083,0.33506,0.12269,0.21321,1.111,0.92665,0,1.0219,0.73629,0.57312,1.049,0.76358,0.27002,0.16428,0.48835,0.65233,0.26754,0.050462,0.37575,0.35559,0.32238,0.38489,0.59664,0.53051,0.44672,0.62786,0.20882,0.86829,0.76263,0.55016,0.89391,0.75413,0.31185,0.080548,0.58824,0.37725,0.28037,-0.071271,0.69237,0.40287,0.98205,0.88301,0.77595,0.67608,0.3414,0.54328,-0.45327,-0.65286,0.022673,0.11178,-0.073295,0.069945,1.0006,0.65795,0.2735,0.12916,0.43871,-0.20381,-0.2596,0.32545,0.49945,0.20415,-0.17632,0.060067,-0.046222,0.23995,-0.16669,0.42632,0.30641,0.3842,0.32645,0.49389,0.61331,0.54228,0.48035,-0.31429,0.20054,0.34495,0.27898,0.18337,0.2995,0.17432,0.064722,0.022715,-0.10081,0.39213,0.21355,-0.78956,-0.68937,0.22344,-0.17562,-0.22325,-0.3506,0.15775,0.098869,0.12766,0.0013494,-0.35856,-0.43195,-0.3723,-0.51588,0.1271,0.11841,-0.12232,-0.28147
0.49016,0.65867,0.30885,0.42591,0.61455,1.3896,1.0219,0,0.58708,0.81009,0.7212,1.1146,0.53138,0.33051,0.40126,0.79239,0.2871,0.22166,0.56587,0.49125,0.29237,0.39022,0.64572,0.70697,0.47038,0.93356,0.32512,0.87633,0.87586,0.73976,0.72928,1.2958,0.57856,0.25397,0.38712,0.32032,0.23965,-0.029431,0.40031,0.2696,0.86442,1.1378,0.52956,0.82439,0.25042,0.54929,-0.38734,-0.49112,-0.10054,0.24696,0.026792,0.038182,0.39341,0.76405,0.12357,0.16444,0.37775,-0.34576,-0.40459,0.059073,0.51888,0.18888,0.0085874,0.11439,0.11255,0.20049,-0.17017,0.37423,0.50175,0.53356,0.50545,0.51094,0.82786,0.40559,0.55662,-0.42491,0.27126,0.70178,0.54623,0.39763,0.37096,0.43978,0.29311,0.22291,0.026055,0.65979,0.30009,-0.81778,-0.59283,0.27367,0.0025491,-0.54144,-0.33777,-0.071313,0.14919,-0.00087821,-0.10769,-0.30493,-0.50378,-0.14289,-0.18823,0.070771,0.20116,-0.0010194,0.088443
0.61633,0.5919,0.20346,0.51905,0.54449,0.64925,0.73629,0.58708,0,0.7666,0.43393,0.58623,0.29172,0.20074,0.70733,0.6752,0.62423,0.43236,0.92128,0.78147,0.61999,0.63177,0.99046,0.94434,0.92504,0.92078,0.817,0.92928,0.52081,0.54036,0.53582,0.53479,0.034567,0.029166,-0.079735,-0.21224,-0.33995,-0.27896,0.07942,0.58696,0.67592,1.0552,0.51331,0.80872,0.63534,0.9411,-0.65533,-0.47681,0.35608,-0.017716,-0.13822,0.087696,0.54737,0.68419,0.055449,0.14672,0.076562,-0.1008,-0.010331,0.624,0.95342,0.16789,0.14063,0.079281,0.070993,-0.10918,-0.2683,0.23016,0.078033,0.2542,0.055851,0.79916,0.75243,0.29111,0.35531,0.057978,0.67491,0.38453,0.2912,0.096185,0.34189,0.54652,0.51349,0.53503,0.47483,0.65516,0.77697,-0.53531,-0.34063,0.090225,-0.00049907,-0.47047,-0.52639,0.20874,0.26363,-0.23786,-0.30698,-0.54888,-0.44204,0.031366,-0.053939,-0.0023023,0.10214,-0.10053,-0.10703
0.72059,0.84204,0.10823,0.31771,0.49696,0.74561,0.57312,0.81009,0.7666,0,0.42903,0.70097,0.068416,-0.029835,0.26756,0.59386,0.1589,-0.033113,0.39591,0.26636,0.42179,0.23436,0.49745,0.60541,0.14903,0.6474,0.57981,0.88499,0.78787,0.52737,0.36395,0.75457,0.045602,-0.12607,-0.15546,-0.24185,-0.2488,-0.41561,0.071617,-0.025026,0.92486,0.79764,0.62001,0.86,0.28039,0.42375,-0.1835,-0.25607,0.14522,-0.30027,-0.4842,0.076277,0.4194,0.58977,-0.10596,0.17924,0.10876,-0.55039,-0.61011,0.49241,0.94941,0.11123,0.24205,0.23245,0.20016,-0.01451,-0.38272,0.57615,0.21208,0.25611,0.23915,0.49062,0.53217,0.2113,0.32088,-0.2246,0.53593,0.37844,0.1817,0.20701,0.04346,0.25694,0.085259,0.32883,0.082641,0.37306,0.2641,-0.69267,-0.62806,0.46145,0.26431,-0.2688,-0.059223,0.35463,0.66213,-0.16626,-0.095972,-0.38895,-0.2527,0.056434,0.016055,0.048727,0.34657,0.14245,0.17949
0.29328,-0.053725,0.013164,0.12217,0.89571,0.88923,1.049,0.7212,0.43393,0.42903,0,0.81541,0.27089,0.16778,0.39097,0.51972,0.037612,-0.055092,0.29684,0.21927,0.1298,0.21586,0.51431,0.34782,0.34817,0.49747,0.39163,0.90726,0.64779,0.29876,0.91223,0.55399,0.38051,0.052539,0.86369,0.55332,0.59563,0.17473,0.7807,0.44564,0.68305,0.74655,0.36807,0.20866,0.13407,0.32949,-0.41021,-0.67661,-0.29586,0.2817,0.25821,-0.11633,0.89892,0.5535,0.20384,-0.31626,0.14009,-0.22595,-0.2208,0.12074,0.25906,0.11183,0.0022917,-0.25785,-0.32125,0.25097,-0.13029,0.38113,0.34303,0.12762,0.19483,0.33231,0.50078,0.51039,0.33652,-0.19438,0.033522,0.22666,0.25918,0.035275,0.25402,-0.081021,-0.026877,-0.20492,-0.35989,0.21363,0.036179,-0.62184,-0.51867,0.051737,-0.45002,-0.076877,-0.19707,0.23,0.18886,0.58367,0.44232,-0.20699,-0.1245,-0.49672,-0.46075,0.21123,0.23782,-0.20955,-0.19301
0.22823,0.35725,0.33312,0.54301,0.53878,0.9673,0.76358,1.1146,0.58623,0.70097,0.81541,0,0.4437,0.2915,0.29821,0.95419,0.24327,0.093007,0.60106,0.48105,0.1973,0.38994,0.57839,0.58731,0.56041,0.86645,0.34314,0.84775,0.77435,0.45503,0.61124,0.9175,0.44831,0.11817,0.4166,0.31317,0.40913,0.25231,0.57944,0.6387,0.70214,1.3853,0.4922,0.52834,0.15877,0.43737,-0.32165,-0.41318,-0.22667,0.21955,0.028304,-0.071158,0.3781,0.87076,0.34432,0.038745,0.40318,-0.18101,-0.26789,-0.047288,0.5527,0.016636,0.045061,0.095298,0.23445,0.46299,0.083413,0.30316,0.41091,0.62906,0.54938,0.57922,0.85138,0.48033,0.5284,-0.15138,0.42921,0.6936,0.54243,0.38693,0.34483,0.34281,0.22075,0.19896,0.069823,0.62655,0.32272,-0.78319,-0.5441,0.26632,-0.12191,-0.44776,-0.32848,-0.077991,0.20354,0.1568,-0.0071159,-0.55437,-0.46214,-0.41762,-0.34048,-0.12267,0.14933,-0.29587,-0.15061
-0.24972,0.2617,0.079329,0.20839,0.042677,0.68939,0.27002,0.53138,0.29172,0.068416,0.27089,0.4437,0,1.3639,0.55172,0.56521,0.81235,0.78622,0.96453,0.89036,0.59767,0.72963,0.81736,0.88521,0.82757,0.93779,0.15874,0.36925,0.4555,0.68795,0.64291,0.75407,1.4556,1.0693,0.49644,0.40561,0.32948,0.38009,-0.13948,0.45931,-0.1262,0.34439,-0.0091617,0.38555,0.4171,0.56087,-0.45655,-0.36092,0.24063,0.97061,0.74768,0.0051209,-0.091145,0.53856,-0.026759,0.21176,0.09334,0.12637,0.12813,-0.41031,0.12152,0.32627,0.10855,-0.21879,-0.0233,0.016346,-0.1339,0.23091,0.78367,0.42786,0.41387,0.50219,0.712,0.52685,0.46533,-0.33481,-0.12202,1.1608,1.1183,0.70607,1.0428,0.44407,0.51456,0.39652,0.26371,1.0736,0.68041,-0.27681,-0.0038751,0.02778,-0.24681,-1.0406,-0.78054,-0.75918,-0.47104,0.012587,-0.35526,-0.23348,-0.60554,0.18725,0.023605,-0.10253,-0.13649,-0.072864,0.12623
-0.31257,0.037672,-0.075095,0.11455,0.044597,0.43404,0.16428,0.33051,0.20074,-0.029835,0.16778,0.2915,1.3639,0,0.67735,0.54194,0.99525,0.71126,0.82411,0.89051,0.68057,0.82448,0.78377,0.71438,0.66382,0.62975,0.11713,0.23989,0.55418,0.49335,0.51106,0.53463,1.092,1.6766,0.5138,0.54268,0.21009,0.43448,-0.052846,0.4227,-0.17948,0.16835,0.084155,0.33526,0.4031,0.43082,-0.46587,-0.38972,0.44303,0.63904,0.69635,0.24719,-0.23136,0.20425,-0.16502,0.32795,0.26239,0.39357,0.23437,-0.40333,-0.088857,0.58558,0.30646,0.060156,0.17471,0.20296,-0.032764,0.48487,0.98518,0.60416,0.51732,0.52368,0.57218,0.60316,0.52756,-0.31478,-0.26228,0.81014,1.0155,0.48875,1.1626,0.48493,0.47123,0.37976,0.36301,0.845,0.8016,-0.17161,0.11376,0.034417,-0.2384,-0.80546,-0.63422,-0.70218,-0.52367,-0.070805,-0.22985,-0.3412,-0.44687,0.34337,0.2442,0.012607,0.024493,0.016245,-0.044596
0.24169,0.15861,-0.18338,0.11958,0.45341,0.61602,0.48835,0.40126,0.70733,0.26756,0.39097,0.29821,0.55172,0.67735,0,0.90271,1.2039,0.85227,0.91074,0.92718,1.0431,1.2588,1.2436,0.94322,0.76111,0.78967,0.67714,0.6915,0.59663,0.62016,0.81074,0.5162,0.33218,0.52827,0.25931,0.17885,-0.075346,0.041126,0.077177,0.52047,0.28437,0.49913,0.50501,0.62657,0.79119,0.88023,-0.73144,-0.63358,0.7226,0.11493,0.17758,0.49977,0.24882,0.34022,-0.24805,0.15194,0.17654,0.35245,0.26251,0.23998,0.34188,0.92161,0.57343,0.18981,0.17278,0.094001,-0.21241,0.49162,0.47172,0.45031,0.5107,1.1558,0.98127,0.58106,0.53293,-0.29679,-0.090555,0.41801,0.52838,0.1469,0.81,0.72012,0.83444,0.42957,0.42769,0.67245,1.0082,-0.26847,-0.039154,0.088294,-0.14182,-0.6628,-0.54047,-0.095636,-0.17134,-0.064975,-0.057729,-0.64301,-0.45203,0.39262,0.22955,0.43284,0.41161,-0.077561,-0.064029
0.3211,0.41867,0.16723,0.42882,0.47837,0.87867,0.65233,0.79239,0.6752,0.59386,0.51972,0.95419,0.56521,0.54194,0.90271,0,0.7483,0.45897,0.8537,0.77424,0.71376,0.8201,0.9658,0.93001,0.60274,0.92736,0.45087,0.88365,0.85951,0.72765,0.74189,0.88766,0.43151,0.31001,0.3052,0.1991,0.1118,0.10675,0.29446,0.58878,0.55999,0.94253,0.6627,0.85191,0.54563,0.72185,-0.48162,-0.49946,0.35719,0.12641,-0.037888,0.37025,0.26335,0.60475,0.11615,0.21651,0.40999,0.14859,-0.026163,0.20217,0.72824,0.46243,0.32571,0.26245,0.46303,0.34072,-0.04006,0.54821,0.5854,0.82183,0.83441,1.2085,1.2486,0.63035,0.62507,-0.30623,0.17541,0.68188,0.62227,0.37667,0.59602,0.69848,0.57609,0.46267,0.26947,0.77324,0.69709,-0.59661,-0.30899,0.32531,-0.041702,-0.91351,-0.56973,-0.25293,-0.098714,-0.17661,-0.22664,-0.87815,-0.71718,0.052986,-0.014578,0.11326,0.38671,-0.065026,-0.14294
0.03152,0.30897,-0.18366,0.12863,0.086724,0.40147,0.26754,0.2871,0.62423,0.1589,0.037612,0.24327,0.81235,0.99525,1.2039,0.7483,0,1.1399,1.1953,1.3175,1.2584,1.5307,1.1271,1.1575,0.94298,0.85529,0.33488,0.3747,0.45517,0.69483,0.60373,0.52863,0.45934,0.76834,0.13501,0.092967,-0.17565,0.10186,-0.19738,0.54067,-0.024111,0.3446,0.39147,0.72365,0.89486,0.85836,-0.64711,-0.47486,0.97657,0.20521,0.16749,0.41786,-0.095954,0.30144,-0.28037,0.45245,0.2132,0.42756,0.35049,-0.0039749,0.29336,0.81411,0.49686,0.26319,0.34951,0.042854,-0.19607,0.42353,0.58397,0.63985,0.52782,1.0457,0.87704,0.56121,0.43748,-0.30072,-0.052317,0.67502,0.6778,0.33966,0.90515,0.83851,0.90404,0.6482,0.75468,0.96305,1.4862,-0.21685,0.019137,0.13722,-0.076321,-0.90225,-0.74226,-0.40664,-0.32346,-0.31158,-0.46106,-0.70947,-0.61087,0.55359,0.31881,0.085204,0.071689,-0.12086,-0.022759
-0.12225,0.3076,-0.088406,0.12752,-0.13541,0.34916,0.050462,0.22166,0.43236,-0.033113,-0.055092,0.093007,0.78622,0.71126,0.85227,0.45897,1.1399,0,1.1469,1.2428,0.64041,0.83527,0.81322,0.81456,0.95884,0.7424,0.40822,0.22281,0.06698,0.53242,0.52005,0.41676,0.38413,0.54335,0.031382,-0.042245,-0.19675,-0.022107,-0.403,0.48706,-0.23566,0.28297,0.027483,0.41528,0.87437,0.91971,-0.48966,-0.28284,0.48501,0.41838,0.33163,0.1339,-0.23547,0.23522,-0.29205,0.096221,-0.091784,0.41791,0.54594,-0.10552,0.21585,0.44636,0.40685,-0.074605,0.012912,-0.18517,-0.21286,-0.01866,0.34616,0.28638,0.23512,0.73311,0.75145,0.34128,0.2258,-0.16713,-0.056571,0.44242,0.42463,0.11795,0.60625,0.77223,1.2984,0.56877,0.62949,0.70341,1.0117,0.074328,0.30294,0.033675,0.00083389,-0.86462,-0.66464,-0.46075,-0.39837,-0.34296,-0.48158,-0.28069,-0.49852,0.54903,0.40331,0.026553,-0.078642,-0.094557,0.25074
0.05432,0.46884,0.04281,0.36354,0.14061,0.70054,0.37575,0.56587,0.92128,0.39591,0.29684,0.60106,0.96453,0.82411,0.91074,0.8537,1.1953,1.1469,0,1.8506,0.82652,1.0522,1.4096,1.4142,1.4158,1.4537,0.64462,0.67894,0.46773,0.67222,0.75421,0.76027,0.52451,0.52353,0.15087,0.023203,-0.11088,0.031298,-0.16375,0.7249,0.11982,0.7505,0.23803,0.65275,0.91953,1.2069,-0.62938,-0.47259,0.38746,0.38982,0.25906,0.10071,0.042103,0.61538,-0.13927,0.11346,0.019362,0.19488,0.23636,0.032946,0.54549,0.33953,0.36668,-0.0096629,0.095055,-0.034579,-0.25494,0.22936,0.48035,0.44877,0.3213,1.1042,1.2037,0.59548,0.46787,-0.17071,0.22278,0.76261,0.65453,0.28233,0.77641,0.83515,0.95437,0.69776,0.59778,1.1083,1.3025,-0.28794,-0.020094,0.17362,-0.045383,-1.0067,-0.83322,-0.28141,-0.11031,-0.24504,-0.42858,-0.5934,-0.69781,0.28943,0.20583,-0.064932,0.020308,-0.11578,0.10202
0.035683,0.38345,0.042078,0.39933,0.1125,0.57162,0.35559,0.49125,0.78147,0.26636,0.21927,0.48105,0.89036,0.89051,0.92718,0.77424,1.3175,1.2428,1.8506,0,0.76626,1.1451,1.1772,1.1661,1.2287,1.1638,0.49427,0.55896,0.40855,0.53421,0.69719,0.67524,0.47206,0.60316,0.15837,0.027416,-0.10054,0.00469,-0.099774,0.74132,0.061243,0.62345,0.19954,0.61589,0.88611,1.0679,-0.5604,-0.41538,0.43491,0.42868,0.25461,0.12185,-0.047295,0.42812,-0.10095,0.20146,0.1257,0.28989,0.26581,-0.033372,0.41127,0.4255,0.34855,0.076948,0.12727,0.048262,-0.20481,0.28382,0.56873,0.47007,0.33332,0.99292,1.0332,0.64194,0.50603,-0.11319,0.17851,0.67456,0.64002,0.24751,0.84005,0.80985,0.99517,0.69035,0.7429,0.9997,1.5043,-0.20168,0.042589,0.1891,-0.0027294,-0.84884,-0.74204,-0.3673,-0.23775,-0.31646,-0.42674,-0.50082,-0.61712,0.32544,0.19274,-0.087708,-0.039658,-0.088102,0.086432
0.19426,0.37364,-0.39672,-0.083927,0.1813,0.47723,0.32238,0.29237,0.61999,0.42179,0.1298,0.1973,0.59767,0.68057,1.0431,0.71376,1.2584,0.64041,0.82652,0.76626,0,1.1256,1.1454,1.2385,0.51683,0.77377,0.42096,0.50977,0.67857,0.90693,0.593,0.57694,0.42886,0.58625,0.095854,0.044173,-0.21958,0.029806,-0.26523,0.25278,0.16279,0.29262,0.53985,0.87335,0.74237,0.73051,-0.51634,-0.45563,1.1437,-0.0060556,-0.033854,0.43698,0.048126,0.27294,-0.48761,0.39212,0.15917,0.19301,0.094515,0.19166,0.37786,0.86248,0.65075,0.26966,0.38776,-0.07485,-0.37696,0.67725,0.60927,0.49195,0.53179,0.96051,0.76831,0.48113,0.36502,-0.59136,-0.15567,0.62399,0.58088,0.4163,0.72957,0.51544,0.47814,0.43743,0.42354,0.76174,0.98626,-0.3401,-0.14638,0.1869,-0.051431,-0.7894,-0.73185,-0.21414,-0.16056,-0.21994,-0.35009,-0.68515,-0.59769,0.69015,0.32873,0.28205,0.29036,-0.071747,-0.02678
0.094072,0.25891,-0.16031,0.17452,0.20769,0.48402,0.38489,0.39022,0.63177,0.23436,0.21586,0.38994,0.72963,0.82448,1.2588,0.8201,1.5307,0.83527,1.0522,1.1451,1.1256,0,1.0778,1.1348,0.86,0.96267,0.39302,0.53917,0.53159,0.54609,0.68843,0.58504,0.49472,0.69979,0.22563,0.15384,0.027435,0.23627,-0.019553,0.54461,0.13691,0.45252,0.39315,0.62644,0.74228,0.79108,-0.58143,-0.52446,0.7183,0.18381,0.14256,0.50072,0.010325,0.37674,-0.23005,0.33955,0.23595,0.27695,0.11603,0.0043145,0.30695,0.82562,0.46996,0.38168,0.35601,0.15874,-0.23933,0.46282,0.50318,0.54437,0.64088,1.2163,1.0704,0.7204,0.63466,-0.34955,-0.083041,0.73758,0.79228,0.42901,1.1096,0.85613,0.81099,0.54683,0.6183,0.96845,1.2948,-0.30903,-0.12207,0.21175,-0.044064,-0.72717,-0.64785,-0.25224,-0.20716,-0.097325,-0.22911,-0.73779,-0.65009,0.43505,0.17561,0.25886,0.26477,-0.15366,0.022586
0.1751,0.34449,-0.12985,0.23382,0.38934,0.93998,0.59664,0.64572,0.99046,0.49745,0.51431,0.57839,0.81736,0.78377,1.2436,0.9658,1.1271,0.81322,1.4096,1.1772,1.1454,1.0778,0,1.6508,1.0396,1.3188,0.80166,0.9759,0.78871,0.89134,0.98497,0.82535,0.52918,0.52472,0.31567,0.20238,-0.085708,0.043705,-0.0056869,0.64484,0.34596,0.78654,0.43371,0.78023,0.78245,1.1344,-0.7673,-0.64743,0.50517,0.28882,0.24053,0.19505,0.25864,0.58939,-0.26845,0.065262,0.098758,0.17849,0.19873,0.182,0.4931,0.56587,0.48959,0.037759,0.13439,0.019725,-0.22899,0.49288,0.61757,0.46759,0.40244,1.0734,1.203,0.57394,0.4925,-0.36883,0.069219,0.65584,0.6348,0.24605,0.7589,0.66103,0.73029,0.44238,0.37631,0.91473,1.0523,-0.43497,-0.14116,0.051026,-0.24119,-0.855,-0.82151,-0.18946,-0.094237,-0.061599,-0.2058,-0.65121,-0.59852,0.31866,0.16777,0.20276,0.25988,-0.15827,-0.063427
0.1832,0.61725,-0.063779,0.25955,0.18886,0.85735,0.53051,0.70697,0.94434,0.60541,0.34782,0.58731,0.88521,0.71438,0.94322,0.93001,1.1575,0.81456,1.4142,1.1661,1.2385,1.1348,1.6508,0,0.96682,1.4711,0.5755,0.81464,0.67884,1.066,0.84634,0.92857,0.583,0.50553,0.16965,0.064277,-0.12224,0.0098404,-0.16603,0.45649,0.31164,0.75324,0.40683,1.0119,0.76427,0.99639,-0.76031,-0.65293,0.56744,0.25232,0.11463,0.23716,0.10777,0.60047,-0.30292,0.25178,0.053045,-0.043542,0.00014529,0.14902,0.62657,0.58218,0.456,0.10137,0.21655,-0.13798,-0.43745,0.47778,0.59831,0.47254,0.42441,1.0322,1.1548,0.4708,0.37279,-0.44502,0.099638,0.90986,0.74446,0.41393,0.70799,0.7149,0.77739,0.56505,0.45798,1.1532,1.0279,-0.59651,-0.32362,0.11943,-0.14475,-1.0527,-0.83573,-0.23686,-0.023744,-0.18027,-0.41111,-0.6577,-0.66244,0.43553,0.21167,0.14024,0.19646,-0.097554,0.15973
0.0078115,0.27961,0.15563,0.41425,0.19164,0.56076,0.44672,0.47038,0.92504,0.14903,0.34817,0.56041,0.82757,0.66382,0.76111,0.60274,0.94298,0.95884,1.4158,1.2287,0.51683,0.86,1.0396,0.96682,0,1.0221,0.50297,0.52234,0.28418,0.53067,0.67731,0.51037,0.43323,0.42668,0.24251,0.14371,0.012685,0.18156,0.019315,1.0385,0.10891,0.77108,0.18314,0.45834,0.66524,0.94831,-0.85389,-0.58353,0.2294,0.48792,0.41514,0.0081954,0.15689,0.6243,0.056121,0.069235,0.032726,0.19883,0.37009,0.002104,0.39109,0.23435,0.14433,-0.11937,-0.029557,-0.037337,-0.10792,-0.016592,0.25641,0.3778,0.16615,0.75878,0.87417,0.40458,0.31893,0.020423,0.28216,0.60736,0.57659,0.18392,0.64846,0.67604,0.89055,0.4854,0.54766,0.92106,0.9366,-0.33371,-0.078994,-0.1052,-0.28795,-0.73475,-0.8152,-0.23888,-0.13612,-0.070869,-0.3539,-0.48799,-0.51011,0.034936,0.005708,-0.10761,-0.13778,-0.32681,-0.06348
0.20394,0.58768,0.085935,0.39321,0.35141,1.1379,0.62786,0.93356,0.92078,0.6474,0.49747,0.86645,0.93779,0.62975,0.78967,0.92736,0.85529,0.7424,1.4537,1.1638,0.77377,0.96267,1.3188,1.4711,1.0221,0,0.63264,0.99747,0.66281,0.77924,0.89571,1.1227,0.62794,0.42144,0.23413,0.060445,0.064582,0.014574,-0.025269,0.57322,0.35589,0.98044,0.34527,0.75637,0.68574,1.0616,-0.47778,-0.42157,0.24174,0.3763,0.16188,0.027818,0.26263,1.0295,-0.051887,0.12158,0.098939,-0.038568,-0.037418,0.0057926,0.64377,0.28776,0.22925,-0.01134,0.075972,0.062336,-0.24282,0.31762,0.50758,0.42673,0.43367,0.98236,1.3826,0.63542,0.62907,-0.32355,0.26613,1.0214,0.75603,0.51661,0.76893,0.71073,0.68845,0.61469,0.41797,1.2361,0.95365,-0.45743,-0.2165,0.28091,-0.018853,-0.84481,-0.62882,-0.20196,0.021614,-0.023041,-0.25869,-0.57595,-0.76089,0.12372,-0.046864,0.0064275,0.084954,-0.1698,0.14699
0.21261,0.20197,-0.0033862,0.35748,0.35841,0.56873,0.20882,0.32512,0.817,0.57981,0.39163,0.34314,0.15874,0.11713,0.67714,0.45087,0.33488,0.40822,0.64462,0.49427,0.42096,0.39302,0.80166,0.5755,0.50297,0.63264,0,0.92941,0.39362,0.27955,0.39068,0.31108,-0.063208,-0.036819,-0.14455,-0.2209,-0.34426,-0.24015,-0.055561,0.37453,0.41758,0.66799,0.12788,0.28184,0.40286,0.68213,-0.39616,-0.23437,0.13855,0.0042959,0.090177,-0.014966,0.331,0.44501,-0.24183,-0.37721,-0.26441,0.010546,0.14419,0.45703,0.51675,0.15975,0.52831,-0.084674,-0.080804,-0.11084,-0.12375,0.14673,0.05885,-0.045046,-0.034491,0.55189,0.60376,0.13286,0.28016,0.088908,0.37617,0.10513,0.12105,-0.14335,0.21458,0.42144,0.54313,0.32262,0.26304,0.29661,0.53305,-0.11796,0.05756,-0.069843,-0.035019,-0.26798,-0.19408,0.28816,0.3327,0.054124,0.15834,-0.29102,-0.098859,0.19882,0.23384,0.23598,0.40491,-0.054697,0.082912
0.49419,0.36834,0.097946,0.46384,0.74013,1.1405,0.86829,0.87633,0.92928,0.88499,0.90726,0.84775,0.36925,0.23989,0.6915,0.88365,0.3747,0.22281,0.67894,0.55896,0.50977,0.53917,0.9759,0.81464,0.52234,0.99747,0.92941,0,0.86706,0.5136,0.89058,0.77817,0.23993,0.037928,0.28558,0.074185,0.029395,-0.18945,0.29922,0.44768,0.78508,1.0665,0.39872,0.55258,0.48437,0.79136,-0.43707,-0.48399,0.077552,0.17936,0.046715,0.010421,0.72878,0.90314,0.047109,-0.18766,0.016813,-0.17561,-0.14481,0.42255,0.79057,0.21822,0.18723,-0.012259,-0.040669,0.13432,-0.17177,0.49353,0.3693,0.19403,0.24042,0.6967,0.92063,0.54056,0.57543,-0.16987,0.34065,0.39838,0.31715,0.14007,0.36567,0.39677,0.34737,0.28638,0.075026,0.47818,0.45373,-0.54801,-0.38082,0.18036,-0.14375,-0.34006,-0.28357,0.18508,0.27263,0.16689,0.10954,-0.49338,-0.3609,-0.094492,-0.18971,0.12677,0.32551,-0.018008,-0.027513
0.42013,0.33494,-0.098279,0.16405,0.80946,0.9905,0.76263,0.87586,0.52081,0.78787,0.64779,0.77435,0.4555,0.55418,0.59663,0.85951,0.45517,0.06698,0.46773,0.40855,0.67857,0.53159,0.78871,0.67884,0.28418,0.66281,0.39362,0.86706,0,0.75449,0.67277,1.0017,0.54514,0.47763,0.4543,0.46752,0.16843,0.13428,0.42139,0.29064,0.70955,0.66209,0.81151,0.81608,0.26559,0.47059,-0.33481,-0.43798,0.29637,0.065161,0.007675,0.17952,0.37995,0.49874,-0.071969,0.26966,0.58825,-0.02526,-0.23477,0.11244,0.34875,0.47223,0.3344,0.33519,0.38034,0.46485,-0.0010346,1.0241,0.82646,0.79138,0.76117,0.60689,0.72435,0.5879,0.75275,-0.49193,0.078702,0.56932,0.55661,0.42061,0.50892,0.25396,0.039002,0.076273,-0.0036223,0.48403,0.40995,-0.69391,-0.45091,0.30324,-0.082362,-0.43075,-0.3619,-0.099003,0.026844,0.04654,0.00024233,-0.46714,-0.40336,0.022792,-0.066709,0.11898,0.3618,-0.061743,-0.30132
0.29658,0.7009,-0.16593,-0.010618,0.28053,0.91168,0.55016,0.73976,0.54036,0.52737,0.29876,0.45503,0.68795,0.49335,0.62016,0.72765,0.69483,0.53242,0.67222,0.53421,0.90693,0.54609,0.89134,1.066,0.53067,0.77924,0.27955,0.5136,0.75449,0,0.75875,1.0334,0.60757,0.40661,0.25328,0.23934,-0.014362,0.031216,-0.081647,0.26581,0.3389,0.57247,0.64979,1.2431,0.5086,0.70883,-0.60164,-0.55577,0.49718,0.19261,0.027166,0.087092,0.15142,0.49997,-0.27127,0.33338,0.23788,-0.087961,0.020641,0.083724,0.48812,0.52714,0.37681,0.018591,0.24735,-0.11079,-0.27515,0.41946,0.64659,0.66805,0.57887,0.61765,0.78037,0.24138,0.19208,-0.69383,-0.027619,0.68829,0.503,0.42252,0.34381,0.32602,0.38857,0.14032,0.084619,0.6478,0.44399,-0.68914,-0.43581,0.081127,-0.19489,-0.9554,-0.76342,-0.36537,-0.15642,-0.17623,-0.5082,-0.36915,-0.54157,0.30073,0.10989,0.060098,0.067118,-0.21392,0.0049166
0.2796,0.24993,-0.30957,-0.034056,0.54649,1.0289,0.89391,0.72928,0.53582,0.36395,0.91223,0.61124,0.64291,0.51106,0.81074,0.74189,0.60373,0.52005,0.75421,0.69719,0.593,0.68843,0.98497,0.84634,0.67731,0.89571,0.39068,0.89058,0.67277,0.75875,0,0.96288,0.57481,0.31249,0.81533,0.48211,0.30468,0.051115,0.25479,0.52171,0.29405,0.63806,0.48096,0.54156,0.81186,0.97314,-0.5336,-0.77539,0.15696,0.39549,0.24317,0.017352,0.50445,0.64571,-0.15588,-0.15009,0.070937,0.056524,0.12713,0.057665,0.40038,0.44089,0.22353,-0.1047,-0.17323,0.15741,-0.26969,0.47384,0.58354,0.37159,0.45128,0.78408,1.0711,0.89591,0.44415,-0.52538,-0.16491,0.39009,0.30968,0.075507,0.43164,0.28392,0.39306,0.0077424,-0.11864,0.4278,0.39167,-0.44774,-0.32812,0.25576,-0.32723,-0.4263,-0.50683,-0.09068,-0.10145,0.2057,-0.031733,-0.38067,-0.47084,-0.01667,-0.1436,0.13275,0.10524,-0.21781,-0.025301
0.37701,0.77067,-0.0083165,0.20989,0.51276,1.4858,0.75413,1.2958,0.53479,0.75457,0.55399,0.9175,0.75407,0.53463,0.5162,0.88766,0.52863,0.41676,0.76027,0.67524,0.57694,0.58504,0.82535,0.92857,0.51037,1.1227,0.31108,0.77817,1.0017,1.0334,0.96288,0,0.76465,0.42226,0.41287,0.29859,0.23776,0.040019,0.16459,0.33257,0.46903,0.83467,0.58749,0.98228,0.50011,0.7923,-0.2506,-0.34865,0.15019,0.32287,0.019986,-0.017199,0.24239,0.79067,-0.064037,0.21689,0.38249,-0.12485,-0.21639,-0.06485,0.55981,0.26791,0.16752,0.11237,0.17263,0.27334,-0.15462,0.52486,0.69905,0.69337,0.75192,0.7441,1.1522,0.66975,0.69362,-0.57701,0.12178,0.81539,0.57876,0.51398,0.47588,0.39112,0.29959,0.18821,0.012145,0.68296,0.45107,-0.58902,-0.39216,0.5124,0.081115,-0.71128,-0.51306,-0.32627,-0.095291,-0.097069,-0.32112,-0.28483,-0.70033,0.033782,-0.13016,-0.057047,0.090865,-0.12061,0.066656
-0.24434,0.14446,-0.015442,-0.015353,0.10983,0.65964,0.31185,0.57856,0.034567,0.045602,0.38051,0.44831,1.4556,1.092,0.33218,0.43151,0.45934,0.38413,0.52451,0.47206,0.42886,0.49472,0.52918,0.583,0.43323,0.62794,-0.063208,0.23993,0.54514,0.60757,0.57481,0.76465,0,1.1285,0.76747,0.74258,0.64548,0.60919,0.036581,0.23093,-0.046697,0.21813,0.05503,0.29075,0.15521,0.2767,-0.27554,-0.34516,0.06567,0.80805,0.68006,0.047406,-0.083702,0.36932,-0.052558,0.20351,0.24627,0.014294,-0.10591,-0.55919,-0.089804,0.30374,0.050846,-0.13606,0.01221,0.14855,-0.12088,0.31738,0.83544,0.45308,0.56513,0.32541,0.5273,0.52587,0.46768,-0.597,-0.36475,1.0312,1.0794,0.80132,0.9015,0.20286,0.16215,0.08556,-0.060542,0.75126,0.32548,-0.34672,-0.13199,0.093055,-0.2409,-0.75109,-0.63154,-0.69073,-0.46297,0.17475,-0.16516,-0.10331,-0.54312,0.090674,-0.052862,0.051613,0.0019299,-0.063263,0.072631
-0.31742,-0.012077,-0.11915,-0.031023,0.015098,0.30107,0.080548,0.25397,0.029166,-0.12607,0.052539,0.11817,1.0693,1.6766,0.52827,0.31001,0.76834,0.54335,0.52353,0.60316,0.58625,0.69979,0.52472,0.50553,0.42668,0.42144,-0.036819,0.037928,0.47763,0.40661,0.31249,0.42226,1.1285,0,0.45198,0.58937,0.27439,0.54335,-0.062318,0.20915,-0.19999,-0.0075657,0.058493,0.26856,0.19651,0.22086,-0.33248,-0.27905,0.43348,0.5267,0.64374,0.30667,-0.33609,0.025243,-0.22465,0.45773,0.36415,0.32135,0.090777,-0.51582,-0.31077,0.62377,0.27741,0.14995,0.21124,0.18629,-0.052357,0.43373,0.85567,0.53577,0.53625,0.34557,0.36929,0.45108,0.50072,-0.4042,-0.40747,0.75683,1.0586,0.60558,1.1844,0.35607,0.29633,0.24495,0.302,0.71573,0.63015,-0.12034,0.11611,0.012451,-0.13499,-0.64492,-0.53615,-0.68105,-0.57459,-0.040777,-0.17086,-0.1546,-0.37,0.41546,0.26118,0.13916,0.061581,0.033479,-0.014092
-0.11002,-0.33733,-0.24131,-0.22157,0.42741,0.47962,0.58824,0.38712,-0.079735,-0.15546,0.86369,0.4166,0.49644,0.5138,0.25931,0.3052,0.13501,0.031382,0.15087,0.15837,0.095854,0.22563,0.31567,0.16965,0.24251,0.23413,-0.14455,0.28558,0.4543,0.25328,0.81533,0.41287,0.76747,0.45198,0,1.4931,0.98326,0.58256,0.6334,0.38847,0.080269,0.18523,0.20045,-0.01107,0.10219,0.17012,-0.24604,-0.53012,-0.21688,0.56449,0.5782,-0.039918,0.33662,0.22341,0.10022,-0.20893,0.28799,0.18631,0.10705,-0.36171,-0.24819,0.22541,-0.078489,-0.17095,-0.19048,0.46392,0.11173,0.31864,0.57958,0.32471,0.41621,0.17028,0.33899,0.66233,0.3253,-0.46583,-0.5322,0.22451,0.31333,0.11774,0.38362,-0.11623,-0.10619,-0.42082,-0.48492,0.12435,-0.056529,-0.27424,-0.19633,0.0087592,-0.60559,-0.1043,-0.3119,-0.25331,-0.36026,0.57699,0.29068,-0.11079,-0.2199,-0.35647,-0.36416,0.13829,0.040405,-0.26098,-0.34813
-0.20953,-0.38979,-0.23017,-0.26361,0.31186,0.32501,0.37725,0.32032,-0.21224,-0.24185,0.55332,0.31317,0.40561,0.54268,0.17885,0.1991,0.092967,-0.042245,0.023203,0.027416,0.044173,0.15384,0.20238,0.064277,0.14371,0.060445,-0.2209,0.074185,0.46752,0.23934,0.48211,0.29859,0.74258,0.58937,1.4931,0,0.83094,0.81214,0.62676,0.27106,0.070267,0.086141,0.22225,-0.017501,-0.10061,-0.0066514,-0.26436,-0.48233,-0.18258,0.40322,0.57699,0.094104,0.097664,0.01105,-0.011871,-0.076982,0.43675,0.23174,0.10942,-0.44968,-0.47882,0.30564,0.033692,0.037024,0.045716,0.51109,0.23833,0.28536,0.55191,0.47713,0.51081,0.057519,0.20058,0.38394,0.25836,-0.50493,-0.61282,0.1916,0.35218,0.12181,0.33934,-0.075961,-0.13659,-0.50945,-0.44495,0.076578,-0.11356,-0.27771,-0.17113,-0.1384,-0.58562,-0.11132,-0.27887,-0.31121,-0.37448,0.48668,0.28705,-0.077141,-0.12535,-0.22281,-0.14423,0.23473,0.16005,-0.25848,-0.41694
-0.26854,-0.37773,0.029596,-0.093407,0.26525,0.28195,0.28037,0.23965,-0.33995,-0.2488,0.59563,0.40913,0.32948,0.21009,-0.075346,0.1118,-0.17565,-0.19675,-0.11088,-0.10054,-0.21958,0.027435,-0.085708,-0.12224,0.012685,0.064582,-0.34426,0.029395,0.16843,-0.014362,0.30468,0.23776,0.64548,0.27439,0.98326,0.83094,0,0.89615,0.66053,0.28024,0.0047932,0.092699,-0.022114,-0.23454,-0.32656,-0.20115,0.07411,-0.12878,-0.50786,0.55435,0.47416,-0.21909,0.17009,0.20128,0.42554,-0.12229,0.3423,-0.024323,-0.17374,-0.68825,-0.33902,-0.048328,-0.25051,-0.2436,-0.16181,0.5197,0.24461,0.024731,0.30832,0.16968,0.39149,-0.071746,0.11413,0.35047,0.25562,-0.19336,-0.33837,0.30897,0.39396,0.41559,0.31091,-0.33477,-0.28793,-0.4598,-0.45249,0.078836,-0.23596,-0.20329,-0.19787,0.026538,-0.3596,0.020074,-0.080766,-0.3111,-0.31771,0.76341,0.37445,0.12502,-0.085957,-0.61952,-0.67264,0.00082829,-0.089413,-0.41173,-0.20113
-0.61207,-0.47312,-0.082827,-0.13382,-0.048622,0.016555,-0.071271,-0.029431,-0.27896,-0.41561,0.17473,0.25231,0.38009,0.43448,0.041126,0.10675,0.10186,-0.022107,0.031298,0.00469,0.029806,0.23627,0.043705,0.0098404,0.18156,0.014574,-0.24015,-0.18945,0.13428,0.031216,0.051115,0.040019,0.60919,0.54335,0.58256,0.81214,0.89615,0,0.33157,0.39501,-0.17768,-0.0082973,-0.030251,-0.19991,-0.3373,-0.21346,-0.12685,-0.15754,-0.14004,0.34944,0.52732,0.068224,-0.24346,-0.050319,0.10328,0.03263,0.36187,0.25818,0.088135,-0.71103,-0.51428,0.15199,0.11357,0.048925,0.26575,0.42836,0.34672,-0.032606,0.25993,0.37485,0.48469,0.050902,0.11493,0.14148,0.14761,-0.18886,-0.41653,0.37738,0.58436,0.43637,0.46852,-0.067466,-0.07089,-0.30845,-0.10878,0.22421,0.03458,-0.145,-0.027642,-0.24483,-0.43319,-0.20277,-0.34674,-0.47475,-0.41359,0.48432,0.17864,-0.11121,-0.13537,-0.16341,-0.13332,0.13202,0.090186,-0.56075,-0.34517
0.26865,-0.30438,0.21473,0.2313,0.83231,0.30615,0.69237,0.40031,0.07942,0.071617,0.7807,0.57944,-0.13948,-0.052846,0.077177,0.29446,-0.19738,-0.403,-0.16375,-0.099774,-0.26523,-0.019553,-0.0056869,-0.16603,0.019315,-0.025269,-0.055561,0.29922,0.42139,-0.081647,0.25479,0.16459,0.036581,-0.062318,0.6334,0.62676,0.66053,0.33157,0,0.42992,0.65937,0.45873,0.43032,0.026042,-0.28894,-0.10479,-0.11733,-0.28445,-0.39964,0.038789,0.031645,-0.031265,0.55724,0.14429,0.59789,-0.048155,0.70642,0.017919,-0.1641,-0.019606,-0.060934,0.017398,-0.19733,0.15451,0.089085,0.80786,0.42776,0.22103,0.16153,0.35397,0.31793,0.023598,0.11194,0.2403,0.32278,0.074986,0.11869,-0.046476,0.078256,-0.032176,0.044688,-0.16947,-0.24844,-0.39752,-0.26067,-0.094863,-0.17671,-0.41913,-0.40502,-0.012107,-0.28776,0.24008,0.088292,0.12431,0.023209,0.42518,0.48809,-0.11436,0.071188,-0.83916,-0.65064,0.064324,0.14642,-0.31038,-0.63215
-0.062139,-0.070973,0.12991,0.4266,0.34863,0.42084,0.40287,0.2696,0.58696,-0.025026,0.44564,0.6387,0.45931,0.4227,0.52047,0.58878,0.54067,0.48706,0.7249,0.74132,0.25278,0.54461,0.64484,0.45649,1.0385,0.57322,0.37453,0.44768,0.29064,0.26581,0.52171,0.33257,0.23093,0.20915,0.38847,0.27106,0.28024,0.39501,0.42992,0,0.1342,0.72982,0.21613,0.21029,0.33233,0.61294,-0.45316,-0.29847,0.011676,0.47768,0.34588,-0.23451,0.24654,0.4794,0.39298,-0.098813,0.31181,0.47287,0.54464,-0.10873,0.23106,0.050025,0.086227,-0.12077,0.090334,0.40618,0.39231,-0.045672,0.2717,0.47244,0.2635,0.54159,0.65516,0.41644,0.35793,0.20164,0.31423,0.32172,0.35872,0.10653,0.45296,0.27676,0.44335,0.11197,0.34882,0.45069,0.61233,-0.19394,0.028385,-0.13096,-0.37621,-0.38079,-0.64642,-0.33394,-0.32052,0.11009,-0.13105,-0.40538,-0.36389,-0.34042,-0.33306,-0.28285,-0.2223,-0.72338,-0.56205
0.91945,0.38247,0.3173,0.39131,0.91603,0.65816,0.98205,0.86442,0.67592,0.92486,0.68305,0.70214,-0.1262,-0.17948,0.28437,0.55999,-0.024111,-0.23566,0.11982,0.061243,0.16279,0.13691,0.34596,0.31164,0.10891,0.35589,0.41758,0.78508,0.70955,0.3389,0.29405,0.46903,-0.046697,-0.19999,0.080269,0.070267,0.0047932,-0.17768,0.65937,0.1342,0,0.9385,0.73657,0.63136,-0.015923,0.2272,-0.29657,-0.38289,-0.05833,-0.30241,-0.39568,0.19051,0.72577,0.39003,0.21081,0.10864,0.4216,-0.41535,-0.55694,0.60064,0.56859,0.11292,0.014522,0.3041,0.23749,0.1808,-0.10197,0.3654,0.063813,0.27765,0.24888,0.33344,0.37432,0.084531,0.32715,-0.15147,0.44481,0.16781,0.14852,0.096644,0.042277,0.18259,-0.0089082,0.043979,-0.049572,0.2123,0.077235,-0.8135,-0.73447,0.12333,0.050284,-0.10871,-0.086695,0.42261,0.45513,0.018595,0.14727,-0.32698,-0.1915,-0.25358,-0.25421,0.30967,0.50987,0.0098525,-0.19847
0.44331,0.51115,0.38,0.6822,0.61996,1.06,0.88301,1.1378,1.0552,0.79764,0.74655,1.3853,0.34439,0.16835,0.49913,0.94253,0.3446,0.28297,0.7505,0.62345,0.29262,0.45252,0.78654,0.75324,0.77108,0.98044,0.66799,1.0665,0.66209,0.57247,0.63806,0.83467,0.21813,-0.0075657,0.18523,0.086141,0.092699,-0.0082973,0.45873,0.72982,0.9385,0,0.5267,0.72459,0.29878,0.69446,-0.53566,-0.48652,-0.088691,0.14854,-0.043136,-0.066782,0.49793,0.85358,0.26091,-0.00045038,0.27955,-0.19331,-0.1423,0.24985,0.79121,0.070394,0.11604,0.053104,0.15893,0.19631,-0.01948,0.1807,0.24733,0.46878,0.3304,0.67304,0.93323,0.29151,0.41745,-0.045633,0.63144,0.51869,0.40561,0.19565,0.27506,0.47143,0.46291,0.28302,0.23019,0.62955,0.46997,-0.76608,-0.50352,0.096915,-0.10222,-0.50268,-0.42674,0.041553,0.2476,0.0027114,-0.10363,-0.49934,-0.42942,-0.26545,-0.23817,-0.028951,0.17068,-0.28977,-0.11151
0.77921,0.37789,-0.23214,-0.12354,0.76695,0.48474,0.77595,0.52956,0.51331,0.62001,0.36807,0.4922,-0.0091617,0.084155,0.50501,0.6627,0.39147,0.027483,0.23803,0.19954,0.53985,0.39315,0.43371,0.40683,0.18314,0.34527,0.12788,0.39872,0.81151,0.64979,0.48096,0.58749,0.05503,0.058493,0.20045,0.22225,-0.022114,-0.030251,0.43032,0.21613,0.73657,0.5267,0,0.9556,0.36487,0.41255,-0.26799,-0.41142,0.42692,-0.482,-0.56068,0.3503,0.46997,0.30685,-0.050637,0.44506,0.7511,0.072501,-0.11751,0.31195,0.41811,0.4444,0.26485,0.55093,0.54101,0.40445,-0.025331,0.5834,0.26716,0.89061,0.76505,0.65379,0.54006,0.38661,0.36884,-0.48891,0.09922,0.21506,0.1239,0.15092,0.12626,0.23006,0.02027,0.012255,0.023394,0.24724,0.26135,-0.58633,-0.52446,0.45249,0.093681,-0.24018,-0.2421,0.14915,0.13662,-0.14399,-0.12983,-0.64594,-0.41243,-0.039218,-0.087943,0.1868,0.30163,-0.25751,-0.43199
0.64157,1.004,0.013946,0.21449,0.3931,0.75352,0.67608,0.82439,0.80872,0.86,0.20866,0.52834,0.38555,0.33526,0.62657,0.85191,0.72365,0.41528,0.65275,0.61589,0.87335,0.62644,0.78023,1.0119,0.45834,0.75637,0.28184,0.55258,0.81608,1.2431,0.54156,0.98228,0.29075,0.26856,-0.01107,-0.017501,-0.23454,-0.19991,0.026042,0.21029,0.63136,0.72459,0.9556,0,0.52832,0.6747,-0.50672,-0.46978,0.6319,-0.11403,-0.34937,0.28197,0.17293,0.42294,-0.16063,0.64832,0.45468,-0.15669,-0.20831,0.31187,0.74096,0.53448,0.33315,0.37788,0.48729,-0.0054834,-0.32263,0.58408,0.49599,0.78036,0.5936,0.76389,0.76051,0.26479,0.32193,-0.46232,0.26027,0.61938,0.44177,0.37918,0.30995,0.49233,0.40595,0.37108,0.33783,0.67911,0.60358,-0.78949,-0.56902,0.31384,0.12325,-0.76819,-0.53998,-0.15459,0.03739,-0.47571,-0.58095,-0.50445,-0.54962,0.30809,0.11548,0.047948,0.16413,-0.045184,0.0075097
0.37675,0.47892,-0.31236,-0.05693,0.15572,0.35807,0.3414,0.25042,0.63534,0.28039,0.13407,0.15877,0.4171,0.4031,0.79119,0.54563,0.89486,0.87437,0.91953,0.88611,0.74237,0.74228,0.78245,0.76427,0.66524,0.68574,0.40286,0.48437,0.26559,0.5086,0.81186,0.50011,0.15521,0.19651,0.10219,-0.10061,-0.32656,-0.3373,-0.28894,0.33233,-0.015923,0.29878,0.36487,0.52832,0,1.4071,-0.32891,-0.36416,0.56311,0.06562,-0.074898,0.21798,0.18786,0.38717,-0.29928,-0.0014265,-0.13109,0.31932,0.37825,0.33788,0.59497,0.33343,0.25433,0.10062,-0.026971,-0.093512,-0.38996,0.23386,0.20293,0.25984,0.22811,1.0408,0.86515,0.78275,0.36791,-0.29269,-0.0088278,0.17792,0.041587,-0.088444,0.34026,0.63866,0.61779,0.44121,0.26017,0.37484,0.69294,-0.0037217,0.064901,0.49082,0.16808,-0.48712,-0.52305,-0.0096928,-0.10778,-0.40495,-0.48472,-0.49054,-0.65769,0.36411,0.23707,-0.029902,-0.0054676,0.093534,0.084815
0.43037,0.58015,-0.13845,0.16609,0.36995,0.73328,0.54328,0.54929,0.9411,0.42375,0.32949,0.43737,0.56087,0.43082,0.88023,0.72185,0.85836,0.91971,1.2069,1.0679,0.73051,0.79108,1.1344,0.99639,0.94831,1.0616,0.68213,0.79136,0.47059,0.70883,0.97314,0.7923,0.2767,0.22086,0.17012,-0.0066514,-0.20115,-0.21346,-0.10479,0.61294,0.2272,0.69446,0.41255,0.6747,1.4071,0,-0.39811,-0.34944,0.36329,0.23405,0.027222,0.025284,0.31937,0.66241,-0.16079,-0.083286,0.0075558,0.26889,0.3558,0.30207,0.70006,0.22564,0.2335,0.035474,0.0088639,0.016892,-0.19007,0.1608,0.26086,0.36005,0.30085,1.1375,1.2875,0.70888,0.54934,-0.27582,0.1848,0.33564,0.19854,0.048112,0.44021,0.69158,0.68387,0.377,0.26646,0.53555,0.80029,-0.13836,0.01688,0.34421,0.10308,-0.63795,-0.74479,-0.10607,-0.13989,-0.28743,-0.45616,-0.43577,-0.81199,0.20161,0.068053,-0.047881,0.011921,-0.11588,-0.040345
