,,,,,,,,,,,,,,,,,,,,,,,,,,,,,,,,,,,,,,,,,,,,,,,,,,,,,,,,,,,,,,,,,,,,,,,,,,,,,,,,,,,,,,,,,,,,,,,,,,,,,,,,
0,0.48832,0.33164,0.17305,1.0663,0.26892,0.72813,0.41034,0.50783,0.54739,0.60307,0.43234,0.077394,0.0055394,0.34765,0.4184,-0.16214,-0.26491,-0.054541,-0.058179,0.0069079,0.096475,-0.074052,-0.070085,0.11502,0.1451,0.17569,0.53572,0.49405,0.066216,0.33991,0.29575,0.12075,0.051821,0.19819,0.11434,0.41104,0.09082,0.55725,0.25965,0.72357,0.46906,0.53916,0.21549,0.46162,0.53625,-0.0092645,-0.096328,-0.22816,0.075871,-0.032487,0.12172,0.99881,0.47569,0.64205,-0.12102,0.18725,-0.16941,-0.18033,0.8627,0.73715,0.076716,-0.091907,0.35632,0.070467,0.23389,0.11162,0.41766,-0.0031033,0.29285,0.32894,0.531,0.44041,0.50183,0.70307,0.22585,0.37852,0.12101,0.060372,0.25777,0.26661,0.060337,-0.29745,0.035057,-0.32295,0.15031,-0.0545,-0.29638,-0.39378,0.59722,0.59479,0.012897,-0.076009,0.45882,0.14666,0.018259,0.060285,-0.29103,-0.45807,-0.37932,-0.38453,0.24229,0.39079,0.064974,-0.29005
0.48832,0,0.20634,0.11063,0.068024,0.16375,0.027046,0.37609,0.23096,0.76543,-0.019281,0.26143,0.17749,0.098403,0.082325,0.25369,0.030075,-0.11562,0.099181,-0.023721,0.27719,0.21643,0.0026073,0.26179,-0.055423,0.21377,0.057338,0.14278,0.28321,0.28073,-0.005744,0.4281,0.27909,0.20799,-0.25544,-0.15493,-0.0047422,0.11574,-0.19401,-0.2603,0.32253,0.17755,0.23179,0.54214,0.18701,0.18248,0.051755,0.010839,0.24567,-0.18487,-0.24261,0.60489,-0.077403,0.15333,-0.11104,0.28511,0.0027981,-0.49947,-0.64987,0.38627,0.58375,0.15229,0.17722,0.70654,0.462,-0.065263,-0.20975,0.28581,-0.012531,0.20847,0.33623,0.39676,0.31847,0.16223,0.32602,-0.19785,0.11405,0.45972,0.32539,0.55534,0.21197,0.3692,-0.024006,0.32237,-0.067536,0.34179,0.069829,-0.36467,-0.39834,0.522,0.66043,-0.37224,-0.11112,0.14096,0.24865,-0.43759,-0.41977,-0.19131,-0.38396,0.38186,0.37591,0.33367,0.70363,0.37368,0.28898
0.33164,0.20634,0,1.3254,0.28644,-0.0045743,0.14468,0.26146,0.27932,0.24523,0.22574,0.34423,0.040185,-0.018139,0.017491,0.16604,-0.33544,-0.26566,-0.1425,-0.12296,-0.41969,-0.10239,-0.27324,-0.23152,0.1052,-0.081093,-0.018768,0.10982,-0.053328,-0.3109,-0.1973,-0.07103,-0.026637,-0.0004262,-0.16519,-0.16766,0.27227,0.084815,0.40257,0.20399,0.35623,0.38861,-0.1138,-0.040947,-0.19529,-0.039533,0.0094322,0.20057,-0.46475,0.22412,0.2027,0.18508,0.15435,0.12229,0.76971,0.036917,0.094057,-0.31156,-0.29436,0.46517,0.42927,-0.16152,-0.29798,0.11503,0.035527,0.16166,0.28363,-0.0043897,-0.11537,-0.029416,-0.10261,0.038256,1.4361e-05,0.057795,0.36101,0.78311,0.81246,0.181,0.27068,0.23852,0.13498,0.19032,0.12803,0.53769,0.2904,0.26508,-0.022796,-0.21961,-0.13515,-0.058882,0.24832,0.0025884,0.19744,0.12085,0.12235,-0.29673,0.039057,-0.062479,0.18024,-0.35932,-0.1306,-0.053279,0.26207,0.38858,-0.011308
0.17305,0.11063,1.3254,0,0.31955,0.2208,0.1845,0.38574,0.46003,0.42315,0.39128,0.63868,0.092557,0.088609,0.14024,0.29361,-0.13511,-0.19538,0.11398,0.10762,-0.22752,0.12922,0.024325,0.0109,0.29387,0.15552,0.24553,0.37295,0.089387,-0.25508,-0.030955,0.098123,-0.027585,0.011865,-0.084348,-0.11462,0.25184,0.17363,0.48336,0.42333,0.43738,0.67314,-0.11169,0.024493,-0.13601,0.085914,-0.08079,0.1105,-0.39916,0.25437,0.25994,0.12241,0.12792,0.29921,0.52755,-0.12014,0.075373,-0.2299,-0.22726,0.3902,0.50623,-0.094582,-0.083562,0.18358,0.098364,0.30382,0.33324,0.084988,0.010683,0.011644,-0.055792,0.1578,0.18984,0.15473,0.41988,0.73389,0.92975,0.23196,0.33833,0.14588,0.19309,0.31311,0.29422,0.55934,0.42461,0.31666,0.20562,-0.29336,-0.14499,-0.11241,0.037478,0.013296,0.16118,0.1164,0.20154,-0.12174,0.22001,-0.19446,0.25723,-0.33581,-0.10473,-0.131,0.35746,0.24196,-0.064825
1.0663,0.068024,0.28644,0.31955,0,0.77535,1.4026,0.77773,0.67052,0.45199,1.2342,0.81955,0.31026,0.33707,0.65632,0.65579,0.12228,-0.072619,0.21491,0.25089,0.14994,0.32458,0.2986,0.14157,0.45429,0.39656,0.32112,0.8116,0.78772,0.25426,0.68082,0.58793,0.33569,0.30868,0.66426,0.56883,0.6855,0.39076,1.1757,0.72759,0.91891,0.87432,0.69321,0.35401,0.41588,0.67778,-0.22231,-0.27212,-0.20853,0.32985,0.26845,0.025603,1.1352,0.63552,0.63607,-0.14678,0.49287,0.13451,0.054068,0.48379,0.46287,0.2386,0.002211,0.22352,0.059924,0.54596,0.32101,0.54239,0.29145,0.5586,0.48661,0.63493,0.67751,0.66801,0.86387,0.16348,0.32235,0.25434,0.288,0.23828,0.49523,0.10236,-0.11094,-0.021784,-0.19316,0.31835,0.21783,-0.40898,-0.30836,0.32937,0.12895,-0.083265,-0.2453,0.1708,-0.07847,0.24835,0.29695,-0.38587,-0.38989,-0.55637,-0.57092,0.21762,0.33734,-0.1977,-0.62462
0.26892,0.16375,-0.0045743,0.2208,0.77535,0,0.83644,1.3079,0.55712,0.53561,0.90552,0.90851,0.80061,0.9249,1.0463,0.94855,0.76922,0.4507,0.88913,0.85751,0.73793,0.8985,1.0825,0.85288,0.66735,1.0892,0.58823,0.95279,1.0621,0.71476,0.85623,1.2266,0.81591,0.77596,0.71007,0.71408,0.42622,0.50551,0.49113,0.53617,0.68873,0.90594,0.53519,0.74239,0.42111,0.70425,-0.44621,-0.49994,0.26145,0.3826,0.4049,0.31881,0.34587,0.61032,-0.020198,-0.0048246,0.41981,0.18772,-0.016508,0.034562,0.2666,0.61205,0.44464,0.22599,0.22607,0.36638,0.022288,0.60954,0.65511,0.68251,0.73627,0.82218,1.048,0.55001,0.6075,-0.34077,-0.05887,0.70131,0.77972,0.43712,0.87951,0.5539,0.38141,0.16712,0.088406,0.69141,0.8023,-0.4992,-0.20651,0.19098,-0.11966,-0.64682,-0.51855,-0.17993,-0.16869,0.22054,0.2066,-0.40861,-0.51169,0.081266,-0.01508,0.48654,0.61297,-0.11307,-0.19862
0.72813,0.027046,0.14468,0.1845,1.4026,0.83644,0,0.88036,0.72403,0.33648,1.2,0.83692,0.54853,0.57676,0.7536,0.66109,0.44132,0.076735,0.43526,0.48621,0.3747,0.62872,0.48539,0.3899,0.67228,0.61496,0.18391,0.7344,0.77008,0.38917,0.89117,0.69005,0.58691,0.54422,0.93308,0.76023,0.72415,0.51913,0.93422,0.70259,0.72777,0.76606,0.75059,0.51025,0.51969,0.68054,-0.38727,-0.48559,0.02952,0.37004,0.3387,0.17433,0.93579,0.69869,0.47191,0.090768,0.54791,0.15025,0.019572,0.25845,0.33764,0.37582,-0.047202,0.21173,0.025197,0.4857,0.14961,0.54301,0.35075,0.60188,0.51919,0.72268,0.73951,0.81272,0.78864,-0.047983,0.12625,0.50434,0.50847,0.43415,0.75042,0.19186,-0.022984,0.06429,-0.043043,0.5738,0.43217,-0.54366,-0.41707,0.33537,-0.014952,-0.23309,-0.43263,0.054636,-0.14544,0.28739,0.16733,-0.52403,-0.56152,-0.44594,-0.5873,0.23791,0.19024,-0.24683,-0.53633
0.41034,0.37609,0.26146,0.38574,0.77773,1.3079,0.88036,0,0.54555,0.62869,0.74221,1.0906,0.69279,0.76787,0.71391,0.7287,0.49913,0.17726,0.55152,0.55585,0.44785,0.75026,0.57142,0.56426,0.4988,0.81187,0.30111,0.67193,0.8128,0.53133,0.6348,1.2061,0.80104,0.8261,0.53838,0.64816,0.54583,0.5649,0.58097,0.39827,0.78239,0.87873,0.56786,0.8119,0.28743,0.54002,-0.26812,-0.28098,0.058933,0.2794,0.31043,0.44544,0.27561,0.59095,0.13617,0.22021,0.58529,0.045557,-0.21157,0.044973,0.25926,0.5336,0.24076,0.58237,0.37606,0.55114,0.18774,0.55514,0.47673,0.72032,0.76248,0.74179,0.9153,0.65257,0.92676,-0.26539,0.082958,0.89671,0.92115,0.71855,0.89306,0.60355,0.25946,0.35125,0.17973,0.89329,0.6038,-0.52417,-0.28305,0.36848,0.17051,-0.49257,-0.29197,-0.12475,-0.061752,0.079355,0.19626,-0.52965,-0.48247,-0.03167,-0.030484,0.46868,0.70067,-0.038648,-0.1836
0.50783,0.23096,0.27932,0.46003,0.67052,0.55712,0.72403,0.54555,0,0.65059,0.80241,0.81319,0.36926,0.32812,0.6428,0.47313,0.393,0.090546,0.74188,0.541,0.41315,0.59513,0.63431,0.56037,0.9635,0.67395,0.73997,0.82791,0.40084,0.23506,0.51647,0.34998,0.19642,0.22581,0.16243,0.099738,0.12884,0.29073,0.32452,0.70553,0.70665,1.0554,0.32537,0.3946,0.53174,0.80028,-0.52426,-0.35942,0.044156,0.13708,0.29019,0.13533,0.67428,0.78923,0.24381,-0.18514,-0.0038059,-0.027118,0.052844,0.7071,0.74636,0.15355,0.18083,0.12126,-0.001573,0.15105,0.095619,0.22072,-0.016404,0.149,0.048626,0.76847,0.69808,0.49481,0.59388,0.26071,0.57592,0.40213,0.42647,0.19653,0.56257,0.38397,0.23397,0.42249,0.27937,0.67308,0.64341,-0.44115,-0.25957,0.069713,0.036254,-0.28144,-0.40778,0.39127,0.28864,0.12492,0.14605,-0.71526,-0.33098,-0.21246,-0.052365,0.23206,0.4835,-0.15902,-0.3329
0.54739,0.76543,0.24523,0.42315,0.45199,0.53561,0.33648,0.62869,0.65059,0,0.48023,0.8679,0.14246,0.16554,0.33587,0.59855,0.12352,-0.16437,0.35223,0.22028,0.38329,0.34973,0.33421,0.43962,0.17086,0.5505,0.50087,0.72181,0.64106,0.22155,0.21599,0.56193,0.13994,0.090721,-0.090496,-0.12083,0.058449,0.065936,0.2008,0.13474,0.82604,0.75954,0.43869,0.58695,0.23041,0.33633,-0.1097,-0.14965,0.11179,-0.18624,-0.19782,0.35802,0.29252,0.54472,0.039892,0.037235,0.074953,-0.41506,-0.54284,0.51136,0.89826,0.23183,0.4262,0.57673,0.44764,0.16333,-0.0722,0.61803,0.21498,0.32926,0.35964,0.57964,0.53161,0.28986,0.42881,0.02785,0.51119,0.49374,0.37724,0.36109,0.27782,0.37853,0.062931,0.48441,0.16797,0.46278,0.3621,-0.58655,-0.49606,0.44224,0.30826,-0.20712,0.017574,0.40978,0.58426,-0.036889,0.16705,-0.54017,-0.18238,0.084081,0.17949,0.28236,0.95483,0.16696,0.055112
0.60307,-0.019281,0.22574,0.39128,1.2342,0.90552,1.2,0.74221,0.80241,0.48023,0,0.96261,0.59604,0.61852,0.96525,0.78332,0.36826,0.20791,0.54757,0.62121,0.32698,0.61625,0.54511,0.41262,0.81323,0.6552,0.42755,0.9939,0.69715,0.30501,1.1003,0.68123,0.50509,0.46162,0.85317,0.56964,0.83638,0.50877,0.90936,0.99535,0.56151,1.0187,0.46117,0.33442,0.64626,0.88674,-0.45474,-0.50589,-0.11712,0.59212,0.54157,0.037732,0.85953,0.63788,0.43829,-0.29228,0.21319,0.049906,0.083799,0.39321,0.51616,0.4898,0.25998,0.025054,-0.10775,0.38218,0.14358,0.68551,0.49489,0.4445,0.41757,0.81658,0.8938,0.79876,0.7411,0.18269,0.18341,0.42055,0.48608,0.18514,0.69159,0.15809,0.20459,0.12803,-0.016453,0.53121,0.47712,-0.51146,-0.35492,0.21719,-0.10462,-0.18832,-0.29758,0.15031,-0.028337,0.3672,0.39335,-0.46477,-0.23899,-0.32332,-0.30234,0.29592,0.41203,-0.17974,-0.3378
0.43234,0.26143,0.34423,0.63868,0.81955,0.90851,0.83692,1.0906,0.81319,0.8679,0.96261,0,0.38979,0.46836,0.63894,0.88455,0.40409,0.014152,0.5514,0.51994,0.38388,0.71768,0.52723,0.50336,0.60158,0.71967,0.33766,0.75122,0.66042,0.34356,0.60914,0.9113,0.37279,0.36249,0.4153,0.37558,0.58716,0.64164,0.81759,0.79918,0.82774,1.4613,0.66267,0.73246,0.31299,0.56478,-0.23056,-0.22123,0.0018812,0.13249,0.10321,0.30471,0.37401,0.68169,0.29931,0.05933,0.5373,0.059545,-0.13969,0.2332,0.60412,0.38062,0.32214,0.60931,0.51003,0.71551,0.33347,0.55945,0.39128,0.72678,0.66537,0.88088,0.96284,0.68718,0.81598,0.026392,0.40288,0.67668,0.6594,0.45529,0.59137,0.44058,0.25695,0.39532,0.28751,0.74347,0.62326,-0.61818,-0.37949,0.3655,0.060934,-0.2838,-0.20506,0.031879,0.10788,0.08036,0.2461,-0.83191,-0.27614,-0.26755,-0.15592,0.18768,0.69297,-0.23211,-0.37817
0.077394,0.17749,0.040185,0.092557,0.31026,0.80061,0.54853,0.69279,0.36926,0.14246,0.59604,0.38979,0,2.0957,0.93483,0.63036,0.96284,0.72034,0.86214,1.0014,0.82843,0.92546,0.76594,0.87341,0.76036,0.83204,0.2011,0.53366,0.62252,0.77203,0.82022,0.73181,1.7267,1.6689,0.77333,0.7015,0.53321,0.60512,0.12802,0.42207,0.083618,0.37487,0.14259,0.51805,0.58914,0.67681,-0.64946,-0.62825,0.41688,0.96599,0.93411,0.25916,0.14347,0.32031,0.03359,0.1108,0.10475,0.031384,0.046817,-0.043106,0.1132,0.89727,0.37765,-0.069848,-0.0022054,-0.023285,-0.18294,0.57382,0.82091,0.4527,0.47105,0.61274,0.70429,0.51546,0.44712,-0.30975,-0.36463,1.0507,1.1602,0.72387,1.3753,0.38691,0.43088,0.26626,0.20094,0.99864,0.80044,-0.46905,-0.22869,0.0065755,-0.18724,-0.92307,-0.74459,-0.37695,-0.36813,0.13293,-0.12895,-0.29545,-0.52512,0.34445,0.16989,0.41183,0.25685,0.053306,0.037391
0.0055394,0.098403,-0.018139,0.088609,0.33707,0.9249,0.57676,0.76787,0.32812,0.16554,0.61852,0.46836,2.0957,0,0.86189,0.64446,0.99766,0.61849,0.83697,0.96197,0.84507,0.87204,0.83837,0.86843,0.69193,0.81,0.17252,0.52209,0.69442,0.82862,0.83892,0.84387,1.6748,1.7155,0.88437,0.85006,0.53113,0.63378,0.1951,0.43786,0.10225,0.38622,0.20519,0.58288,0.4937,0.58856,-0.59777,-0.59157,0.45274,0.86118,0.85793,0.23567,0.1189,0.33665,-0.0023043,0.16443,0.21529,0.11923,0.073695,-0.14132,0.040865,0.89927,0.38795,-0.030129,0.071841,0.098613,-0.087451,0.63873,0.95309,0.55982,0.53193,0.55961,0.68288,0.52501,0.44345,-0.37188,-0.38241,1.0298,1.1485,0.68097,1.2223,0.33833,0.36587,0.23214,0.17455,0.93549,0.77875,-0.47268,-0.19655,0.0091779,-0.27741,-0.84455,-0.66363,-0.45478,-0.38683,0.16244,-0.061441,-0.33471,-0.4465,0.28036,0.14176,0.32265,0.24691,0.0046723,-0.064022
0.34765,0.082325,0.017491,0.14024,0.65632,1.0463,0.7536,0.71391,0.6428,0.33587,0.96525,0.63894,0.93483,0.86189,0,1.2341,0.93372,0.86296,0.99875,1.0492,0.82344,1.0433,0.95827,0.91538,1.0501,1.1054,0.66839,1.0608,0.81904,0.76181,1.1067,0.70863,0.71775,0.67525,0.66343,0.50971,0.49091,0.50028,0.38608,0.74025,0.44556,0.87279,0.49509,0.56939,0.86383,1.0639,-0.84815,-0.89157,0.30227,0.56222,0.58245,0.35551,0.47275,0.4885,0.082108,-0.18816,0.10669,0.13876,0.21161,0.26489,0.46199,0.98578,0.65023,-0.013065,0.055777,0.058836,-0.14116,0.65423,0.64893,0.58506,0.65661,1.1819,1.2561,0.53739,0.46577,-0.15044,-0.11721,0.65796,0.66765,0.29933,0.90352,0.6046,0.71714,0.26035,0.21997,0.81621,0.88605,-0.55203,-0.31987,0.062694,-0.17301,-0.81083,-0.68308,-0.067322,-0.16553,0.28446,0.13954,-0.59206,-0.57645,0.21817,0.061996,0.80073,0.53951,-0.21693,-0.054998
0.4184,0.25369,0.16604,0.29361,0.65579,0.94855,0.66109,0.7287,0.47313,0.59855,0.78332,0.88455,0.63036,0.64446,1.2341,0,0.68965,0.49035,0.69019,0.73809,0.75853,0.79629,0.69476,0.76589,0.57958,0.90786,0.45417,0.95924,1.0417,0.71727,0.70984,0.83003,0.57031,0.47914,0.47949,0.34841,0.5041,0.46895,0.51059,0.61839,0.63604,0.94234,0.74063,0.82961,0.55653,0.66418,-0.49821,-0.60244,0.35493,0.31641,0.18666,0.49027,0.33806,0.38658,0.1872,0.039399,0.37616,0.078279,-0.032121,0.2682,0.69327,0.78571,0.60905,0.24196,0.44117,0.22859,-0.069984,0.90705,0.77247,0.91897,1.0019,1.1457,1.0844,0.4822,0.45246,-0.1376,0.060917,0.72992,0.63826,0.45512,0.65219,0.54554,0.49513,0.33105,0.24083,0.72452,0.74405,-0.72518,-0.4662,0.26832,-0.034648,-0.82037,-0.54791,-0.17778,-0.1615,0.025982,-0.015776,-0.66032,-0.5869,0.16365,-0.043565,0.53649,0.59737,-0.14861,-0.10293
-0.16214,0.030075,-0.33544,-0.13511,0.12228,0.76922,0.44132,0.49913,0.393,0.12352,0.36826,0.40409,0.96284,0.99766,0.93372,0.68965,0,0.927,1.3802,1.2528,1.4374,1.3886,1.3822,1.5301,0.88639,1.1768,0.34772,0.50608,0.54086,0.86875,0.6876,0.61567,0.79033,0.76693,0.53482,0.48092,0.16255,0.51113,-0.014545,0.39982,0.13766,0.41408,0.32237,0.65707,0.51682,0.52434,-0.77207,-0.8308,0.91676,0.29674,0.35264,0.44818,0.050729,0.42192,-0.28778,0.2103,0.13476,0.22002,0.12842,-0.21815,0.07802,0.82783,0.5173,0.0079076,0.1994,-0.056031,-0.31985,0.3561,0.59122,0.49552,0.52384,0.67999,0.72877,0.29655,0.11235,-0.60083,-0.41136,0.86154,0.82719,0.46775,0.88973,0.64214,0.65161,0.2848,0.41597,0.873,1.2242,-0.4609,-0.21162,-0.061559,-0.45056,-0.98862,-0.82167,-0.30809,-0.21358,0.26052,-0.096636,-0.53892,-0.60527,0.41643,0.15874,0.44896,0.22937,-0.23986,0.0030424
-0.26491,-0.11562,-0.26566,-0.19538,-0.072619,0.4507,0.076735,0.17726,0.090546,-0.16437,0.20791,0.014152,0.72034,0.61849,0.86296,0.49035,0.927,0,0.86938,1.006,0.6903,0.697,0.75759,0.78597,0.66815,0.73529,0.41517,0.31147,0.2302,0.55513,0.49351,0.29389,0.54557,0.5236,0.33156,0.23469,0.13632,0.27856,-0.17154,0.29914,-0.12692,0.21812,0.015082,0.22086,0.47561,0.48882,-0.59955,-0.61668,0.40388,0.4764,0.46428,0.22506,-0.11028,-0.0050059,-0.32327,-0.1695,-0.13497,0.21317,0.29704,-0.21752,-0.063747,0.70828,0.6452,-0.34522,-0.088431,-0.33259,-0.41527,0.17998,0.49734,0.19937,0.32244,0.48068,0.52763,0.062039,-0.087513,-0.3731,-0.54446,0.41673,0.44653,0.11312,0.56319,0.51942,1.0171,0.16295,0.36046,0.50964,0.8008,-0.10249,0.062986,-0.22213,-0.3103,-0.8371,-0.67551,-0.33027,-0.35039,0.17718,-0.053507,-0.106,-0.41739,0.70114,0.35402,0.78585,0.18684,-0.18591,0.32066
-0.054541,0.099181,-0.1425,0.11398,0.21491,0.88913,0.43526,0.55152,0.74188,0.35223,0.54757,0.5514,0.86214,0.83697,0.99875,0.69019,1.3802,0.86938,0,1.6884,1.1256,1.331,1.727,1.554,1.0951,1.5435,0.74284,0.77483,0.49309,0.55592,0.6696,0.58388,0.6013,0.58668,0.35154,0.23458,0.085307,0.35117,-0.013498,0.51265,0.28875,0.67562,0.15849,0.49174,0.5845,0.71988,-0.69644,-0.65479,0.55013,0.31954,0.39502,0.31689,0.17499,0.58248,-0.20534,-0.068798,-0.049546,0.12397,0.063125,0.030325,0.30349,0.55534,0.54653,-0.068154,0.045006,-0.081325,-0.30572,0.29525,0.42093,0.2462,0.2942,0.80422,0.85336,0.34509,0.22938,-0.28645,-0.096514,0.7458,0.79087,0.34001,0.96288,0.72057,0.74079,0.45815,0.49213,0.91307,1.6742,-0.36779,-0.10579,-0.032287,-0.27928,-0.83724,-0.7204,-0.06105,-0.016903,0.23758,0.059994,-0.50535,-0.52919,0.34166,0.21496,0.46605,0.43493,-0.11426,0.051272
-0.058179,-0.023721,-0.12296,0.10762,0.25089,0.85751,0.48621,0.55585,0.541,0.22028,0.62121,0.51994,1.0014,0.96197,1.0492,0.73809,1.2528,1.006,1.6884,0,0.94084,1.267,1.2549,1.2239,1.0174,1.4628,0.58713,0.76495,0.55214,0.49562,0.73058,0.60189,0.72855,0.72217,0.49528,0.31477,0.29891,0.42587,0.12381,0.60133,0.23237,0.63538,0.12497,0.40451,0.54339,0.67119,-0.67118,-0.70177,0.37763,0.56169,0.50599,0.1551,0.17002,0.42466,-0.057784,-0.049825,0.042703,0.11629,0.054236,-0.11956,0.17132,0.6887,0.554,-0.13846,-0.0032857,-0.061438,-0.31275,0.4328,0.65911,0.31562,0.38259,0.73202,0.82347,0.37452,0.24033,-0.22693,-0.16651,0.81364,0.87516,0.40588,1.1371,0.52867,0.68629,0.35659,0.53572,0.91804,1.6606,-0.36729,-0.14108,-0.017158,-0.26757,-0.76927,-0.71374,-0.17899,-0.15981,0.33389,0.12008,-0.3722,-0.52375,0.3078,0.062601,0.45494,0.26327,-0.19183,0.078287
0.0069079,0.27719,-0.41969,-0.22752,0.14994,0.73793,0.3747,0.44785,0.41315,0.38329,0.32698,0.38388,0.82843,0.84507,0.82344,0.75853,1.4374,0.6903,1.1256,0.94084,0,1.03,1.2599,1.6676,0.62821,1.1371,0.40782,0.58977,0.76335,1.0921,0.61129,0.71327,0.75296,0.67954,0.38582,0.33841,0.070249,0.39919,-0.12184,0.27637,0.21346,0.38655,0.44928,0.84627,0.57999,0.57422,-0.5968,-0.70841,1.0795,0.17657,0.16775,0.41422,0.068573,0.35293,-0.38526,0.18919,0.11064,0.10986,0.025694,-0.040838,0.24398,0.76279,0.66646,0.095517,0.33555,-0.11451,-0.37577,0.57253,0.67168,0.55559,0.5935,0.75319,0.74153,0.29343,0.12903,-0.69831,-0.35771,0.8497,0.68117,0.5174,0.72783,0.50425,0.38947,0.24995,0.26453,0.78254,1.0217,-0.51154,-0.29274,0.084688,-0.2546,-1.0204,-0.91319,-0.24129,-0.14364,0.11936,-0.23743,-0.55753,-0.74126,0.59663,0.23792,0.47772,0.32556,-0.1923,-0.003088
0.096475,0.21643,-0.10239,0.12922,0.32458,0.8985,0.62872,0.75026,0.59513,0.34973,0.61625,0.71768,0.92546,0.87204,1.0433,0.79629,1.3886,0.697,1.331,1.267,1.03,0,1.1046,1.3155,1.0354,1.4752,0.4096,0.74035,0.58852,0.6031,0.83279,0.79117,0.76597,0.70473,0.54233,0.4258,0.3852,0.62749,0.19353,0.54425,0.32324,0.70478,0.33423,0.61753,0.62254,0.71684,-0.64629,-0.73088,0.51786,0.35252,0.34907,0.502,0.19186,0.66619,-0.10495,0.084306,0.13218,0.038754,-0.063275,-0.040296,0.31723,0.77187,0.46047,0.24968,0.20681,0.097782,-0.25018,0.41056,0.50008,0.46706,0.597,0.93895,1.0594,0.52081,0.3871,-0.38801,-0.18071,0.97022,0.93586,0.5569,1.0923,0.81367,0.68821,0.37395,0.41773,0.98156,1.234,-0.5667,-0.36782,0.13346,-0.22051,-0.71645,-0.62123,-0.090974,-0.051539,0.3074,0.039143,-0.60275,-0.5928,0.24307,0.045482,0.47047,0.43873,-0.16998,0.042908
-0.074052,0.0026073,-0.27324,0.024325,0.2986,1.0825,0.48539,0.57142,0.63431,0.33421,0.54511,0.52723,0.76594,0.83837,0.95827,0.69476,1.3822,0.75759,1.727,1.2549,1.2599,1.1046,0,1.5326,0.96381,1.3961,0.75091,0.80125,0.66394,0.70987,0.67366,0.6531,0.58936,0.57959,0.45293,0.38663,0.047236,0.35887,0.050157,0.49932,0.34689,0.64062,0.28182,0.56019,0.47778,0.64285,-0.68792,-0.67929,0.65431,0.26353,0.3567,0.28002,0.20703,0.57623,-0.29852,-0.050498,0.071325,0.23511,0.14414,-0.030922,0.19026,0.54712,0.53802,-0.064213,0.10447,-0.0067939,-0.23048,0.35288,0.51258,0.36136,0.36245,0.68629,0.78287,0.28509,0.18004,-0.41482,-0.15438,0.63316,0.66784,0.26243,0.78459,0.62888,0.58487,0.28282,0.34419,0.71939,1.3067,-0.3838,-0.093058,-0.10724,-0.44435,-0.76564,-0.74948,-0.13332,-0.087099,0.3042,0.086289,-0.46573,-0.49332,0.31195,0.13831,0.42631,0.37079,-0.19801,-0.099334
-0.070085,0.26179,-0.23152,0.0109,0.14157,0.85288,0.3899,0.56426,0.56037,0.43962,0.41262,0.50336,0.87341,0.86843,0.91538,0.76589,1.5301,0.78597,1.554,1.2239,1.6676,1.3155,1.5326,0,0.88422,1.5255,0.56762,0.70009,0.69509,0.86555,0.60857,0.71011,0.7261,0.68654,0.33234,0.2828,0.073308,0.42496,-0.073597,0.34272,0.29189,0.56531,0.32623,0.78804,0.49895,0.56085,-0.76476,-0.8137,0.82928,0.23648,0.28113,0.48369,0.027629,0.40056,-0.39306,0.14659,0.045013,-0.0080274,-0.061736,-0.02886,0.28701,0.74503,0.65979,0.08282,0.23144,-0.12983,-0.41814,0.50528,0.58585,0.42686,0.46713,0.77295,0.79944,0.26866,0.14475,-0.48494,-0.19188,0.94349,0.83507,0.46031,0.79762,0.69266,0.64859,0.38973,0.4572,0.95569,1.3241,-0.61655,-0.34701,-0.028212,-0.32266,-0.99271,-0.81621,-0.17505,-0.039413,0.15527,-0.12226,-0.52606,-0.55457,0.5861,0.27015,0.55011,0.40307,-0.14913,0.1276
0.11502,-0.055423,0.1052,0.29387,0.45429,0.66735,0.67228,0.4988,0.9635,0.17086,0.81323,0.60158,0.76036,0.69193,1.0501,0.57958,0.88639,0.66815,1.0951,1.0174,0.62821,1.0354,0.96381,0.88422,0,0.93485,0.54689,0.67051,0.38014,0.47257,0.77253,0.43519,0.50757,0.54878,0.50565,0.40144,0.38775,0.68773,0.3192,1.0014,0.29915,0.8723,0.23273,0.37667,0.571,0.8144,-0.92616,-0.73353,0.22561,0.52266,0.64867,0.20545,0.37568,0.50986,0.067257,-0.16226,0.024614,0.12176,0.25927,0.19996,0.29581,0.54229,0.34471,-0.10015,-0.07675,0.032045,-0.040009,0.25794,0.31853,0.28475,0.22103,0.76352,0.81919,0.40736,0.34757,0.034332,0.062232,0.5867,0.67347,0.19392,0.80708,0.50637,0.69871,0.32114,0.43267,0.8742,0.97,-0.48267,-0.23811,-0.23569,-0.40514,-0.51588,-0.70575,-0.0048519,-0.088425,0.32327,0.10363,-0.53551,-0.31837,0.037997,-0.031309,0.45081,0.28097,-0.36378,-0.19095
0.1451,0.21377,-0.081093,0.15552,0.39656,1.0892,0.61496,0.81187,0.67395,0.5505,0.6552,0.71967,0.83204,0.81,1.1054,0.90786,1.1768,0.73529,1.5435,1.4628,1.1371,1.4752,1.3961,1.5255,0.93485,0,0.68714,1.016,0.79104,0.57824,0.69492,0.78931,0.6789,0.63695,0.40258,0.27346,0.23343,0.38164,0.15626,0.47992,0.5136,0.83032,0.34606,0.61977,0.54647,0.70534,-0.60708,-0.69481,0.45324,0.29911,0.27657,0.40612,0.26054,0.63966,-0.13174,0.020766,0.11721,0.0017024,-0.12678,0.023308,0.34604,0.68683,0.55815,0.14643,0.18811,0.010169,-0.32355,0.55055,0.60089,0.43091,0.53462,0.91077,1.0046,0.40336,0.34056,-0.34782,-0.048622,0.96424,0.88811,0.5116,1.0668,0.82525,0.63682,0.49612,0.52227,1.0485,1.6414,-0.52811,-0.29682,0.12069,-0.15279,-0.74314,-0.61958,-0.01167,0.031173,0.3078,0.14602,-0.5562,-0.63743,0.33757,0.071203,0.63654,0.52222,-0.12447,0.079572
0.17569,0.057338,-0.018768,0.24553,0.32112,0.58823,0.18391,0.30111,0.73997,0.50087,0.42755,0.33766,0.2011,0.17252,0.66839,0.45417,0.34772,0.41517,0.74284,0.58713,0.40782,0.4096,0.75091,0.56762,0.54689,0.68714,0,1.0092,0.45044,0.18081,0.30185,0.17617,9.4183e-05,0.032316,-0.081077,-0.1367,-0.24559,-0.12142,0.018655,0.33073,0.56569,0.69475,0.044655,0.12897,0.34796,0.56198,-0.53101,-0.42056,0.062742,0.093493,0.24656,0.0028737,0.3736,0.46654,-0.11473,-0.50902,-0.30837,-0.041181,0.1042,0.4448,0.47338,0.20891,0.56271,-0.15223,-0.11487,-0.19017,-0.20708,0.18127,0.087029,-0.045018,-0.0096764,0.47353,0.51007,0.046589,0.14062,0.17033,0.35115,0.11154,0.16509,-0.14701,0.29901,0.47531,0.50122,0.2347,0.28014,0.26394,0.60986,-0.19062,-0.042249,-0.16515,-0.076959,-0.31578,-0.25494,0.36948,0.33045,0.30402,0.38802,-0.24946,-0.1641,0.19938,0.22154,0.44072,0.51484,-0.055794,0.086075
0.53572,0.14278,0.10982,0.37295,0.8116,0.95279,0.7344,0.67193,0.82791,0.72181,0.9939,0.75122,0.53366,0.52209,1.0608,0.95924,0.50608,0.31147,0.77483,0.76495,0.58977,0.74035,0.80125,0.70009,0.67051,1.016,1.0092,0,1.0196,0.32699,0.72715,0.54996,0.3687,0.33662,0.38247,0.2046,0.25361,0.13731,0.43191,0.57068,0.7715,0.96781,0.34346,0.34756,0.62463,0.82579,-0.56639,-0.62843,0.11299,0.38435,0.37291,0.14342,0.72598,0.77612,0.1989,-0.30521,-0.0087431,-0.089886,-0.047847,0.48927,0.71325,0.4942,0.44327,0.068076,-0.0019757,0.085382,-0.15428,0.71472,0.47799,0.31472,0.36489,0.81642,0.87707,0.48238,0.51469,0.10282,0.29066,0.45597,0.44919,0.2167,0.67497,0.4782,0.3392,0.29251,0.1965,0.51879,0.72242,-0.53921,-0.39386,0.14782,-0.057333,-0.36126,-0.33715,0.26972,0.17836,0.39308,0.36379,-0.48985,-0.3889,0.012379,-0.12142,0.38421,0.50807,-0.010961,-0.066995
0.49405,0.28321,-0.053328,0.089387,0.78772,1.0621,0.77008,0.8128,0.40084,0.64106,0.69715,0.66042,0.62252,0.69442,0.81904,1.0417,0.54086,0.2302,0.49309,0.55214,0.76335,0.58852,0.66394,0.69509,0.38014,0.79104,0.45044,1.0196,0,0.79069,0.61087,0.87621,0.6942,0.63523,0.54662,0.53951,0.38295,0.37814,0.49673,0.37237,0.79644,0.67665,0.73326,0.81153,0.34322,0.49846,-0.49697,-0.66323,0.34448,0.33711,0.23028,0.19084,0.43699,0.39936,0.099725,0.16608,0.44357,-0.077458,-0.16665,0.14925,0.37256,0.7116,0.48737,0.25942,0.35739,0.16289,-0.14868,1.1646,0.8913,0.884,0.83925,0.63704,0.704,0.35732,0.41139,-0.24303,0.032308,0.67927,0.59298,0.54368,0.61837,0.2422,0.057164,-0.0037815,0.033056,0.51241,0.52996,-0.84047,-0.62969,0.19643,-0.073372,-0.56181,-0.51917,-0.12461,-0.10423,0.23371,0.035718,-0.34536,-0.53423,0.14524,-0.16833,0.37626,0.33333,-0.15626,-0.17163
0.066216,0.28073,-0.3109,-0.25508,0.25426,0.71476,0.38917,0.53133,0.23506,0.22155,0.30501,0.34356,0.77203,0.82862,0.76181,0.71727,0.86875,0.55513,0.55592,0.49562,1.0921,0.6031,0.70987,0.86555,0.47257,0.57824,0.18081,0.32699,0.79069,0,0.65519,0.85261,0.89337,0.86391,0.54037,0.73179,0.27016,0.67642,0.076013,0.29765,0.18929,0.33909,0.75952,1.2337,0.45893,0.52709,-0.55429,-0.589,0.73366,0.24325,0.2826,0.39753,-0.043199,0.030272,-0.3502,0.26495,0.40333,0.24319,0.22692,-0.043371,0.11193,0.8869,0.67128,0.20355,0.47028,0.10058,-0.046828,0.62678,0.70311,0.98263,0.86908,0.69071,0.71034,0.32325,0.24904,-0.69713,-0.45054,0.67264,0.55513,0.4505,0.47114,0.28404,0.28893,-0.045435,-0.0077666,0.61761,0.48701,-0.5605,-0.31356,0.050175,-0.18639,-1.055,-0.9582,-0.55758,-0.43768,-0.10334,-0.40714,-0.47363,-0.61158,0.53883,0.28995,0.55706,0.308,-0.37325,-0.17882
0.33991,-0.005744,-0.1973,-0.030955,0.68082,0.85623,0.89117,0.6348,0.51647,0.21599,1.1003,0.60914,0.82022,0.83892,1.1067,0.70984,0.6876,0.49351,0.6696,0.73058,0.61129,0.83279,0.67366,0.60857,0.77253,0.69492,0.30185,0.72715,0.61087,0.65519,0,0.88576,0.76551,0.69059,1.204,0.86188,0.71666,0.56352,0.45297,0.72892,0.15748,0.5537,0.52964,0.47132,1.2081,1.2536,-0.4376,-0.56412,0.13998,0.59292,0.59735,0.15819,0.45909,0.41336,0.0056741,-0.2932,0.16567,0.33086,0.37678,0.18549,0.31368,0.71414,0.39866,0.077966,-0.082908,0.37823,0.10099,0.6368,0.54289,0.52116,0.59078,1.0621,1.2085,1.139,0.72664,-0.26318,-0.3237,0.40809,0.38855,0.15012,0.67357,0.24167,0.31718,-0.0096701,-0.17227,0.51282,0.48098,-0.30964,-0.19658,0.34617,-0.10031,-0.38355,-0.55267,-0.13441,-0.30405,0.22709,0.11088,-0.57216,-0.49741,0.023995,-0.041918,0.42098,0.32995,-0.28907,-0.25884
0.29575,0.4281,-0.07103,0.098123,0.58793,1.2266,0.69005,1.2061,0.34998,0.56193,0.68123,0.9113,0.73181,0.84387,0.70863,0.83003,0.61567,0.29389,0.58388,0.60189,0.71327,0.79117,0.6531,0.71011,0.43519,0.78931,0.17617,0.54996,0.87621,0.85261,0.88576,0,0.96375,0.86861,0.72409,0.76641,0.64869,0.75242,0.42296,0.43341,0.41102,0.64729,0.70909,1.0406,0.49214,0.67648,-0.1428,-0.26218,0.25066,0.30177,0.20048,0.3998,0.082984,0.31113,-0.12862,0.13296,0.61185,0.21532,-0.065426,-0.04355,0.25345,0.61558,0.43327,0.57596,0.48037,0.59288,0.16528,0.7728,0.71517,0.94349,1.1204,0.95301,1.1745,0.83399,0.80584,-0.56227,-0.23716,0.78589,0.6924,0.56983,0.70254,0.39716,0.19866,0.12476,-0.062276,0.69395,0.55009,-0.43737,-0.23635,0.54845,0.13295,-0.58347,-0.53245,-0.39264,-0.3309,-0.073806,-0.078347,-0.49568,-0.62154,0.18724,0.040697,0.43439,0.60462,-0.19171,-0.22545
0.12075,0.27909,-0.026637,-0.027585,0.33569,0.81591,0.58691,0.80104,0.19642,0.13994,0.50509,0.37279,1.7267,1.6748,0.71775,0.57031,0.79033,0.54557,0.6013,0.72855,0.75296,0.76597,0.58936,0.7261,0.50757,0.6789,9.4183e-05,0.3687,0.6942,0.89337,0.76551,0.96375,0,2.1333,0.87391,0.9059,0.63649,0.68742,0.17854,0.27969,0.10003,0.2717,0.29556,0.68127,0.46464,0.53427,-0.42839,-0.49708,0.40232,0.79013,0.68198,0.30593,0.050984,0.18766,-0.028192,0.28485,0.33336,0.049803,-0.05128,-0.16743,0.0043708,0.83154,0.28738,0.099429,0.12027,0.10949,-0.12898,0.64304,0.86447,0.62211,0.66444,0.55221,0.64938,0.55427,0.49414,-0.51122,-0.49059,1.0453,1.057,0.86186,1.1097,0.27894,0.22987,0.11197,0.028452,0.84893,0.57529,-0.4731,-0.26873,0.16932,-0.068731,-0.85081,-0.72659,-0.53346,-0.50368,0.017718,-0.24533,-0.20896,-0.605,0.34172,0.099305,0.40496,0.2165,0.021614,-0.0057603
0.051821,0.20799,-0.0004262,0.011865,0.30868,0.77596,0.54422,0.8261,0.22581,0.090721,0.46162,0.36249,1.6689,1.7155,0.67525,0.47914,0.76693,0.5236,0.58668,0.72217,0.67954,0.70473,0.57959,0.68654,0.54878,0.63695,0.032316,0.33662,0.63523,0.86391,0.69059,0.86861,2.1333,0,0.78546,0.91355,0.58821,0.72489,0.18211,0.31004,0.09619,0.28405,0.23582,0.64213,0.37551,0.4878,-0.48203,-0.47782,0.33494,0.82097,0.79403,0.22502,0.014595,0.15795,-0.022819,0.30425,0.33975,0.079418,0.014344,-0.21343,-0.092077,0.83329,0.29353,0.079027,0.1153,0.12084,-0.040733,0.58627,0.83972,0.59302,0.57365,0.47504,0.59561,0.4988,0.5025,-0.43814,-0.434,1.0502,1.1144,0.82077,1.1127,0.25852,0.23796,0.1389,0.11699,0.91878,0.58985,-0.43777,-0.21155,0.057863,-0.098706,-0.80281,-0.69139,-0.55917,-0.49171,0.05921,-0.1724,-0.23224,-0.50812,0.31928,0.12076,0.38831,0.17994,-0.053082,-0.056037
0.19819,-0.25544,-0.16519,-0.084348,0.66426,0.71007,0.93308,0.53838,0.16243,-0.090496,0.85317,0.4153,0.77333,0.88437,0.66343,0.47949,0.53482,0.33156,0.35154,0.49528,0.38582,0.54233,0.45293,0.33234,0.50565,0.40258,-0.081077,0.38247,0.54662,0.54037,1.204,0.72409,0.87391,0.78546,0,1.4942,0.93967,0.64627,0.63841,0.62355,0.04913,0.28921,0.4555,0.33279,0.56863,0.61453,-0.28501,-0.42404,0.10909,0.74128,0.63009,0.017433,0.39716,0.27814,0.16453,-0.05578,0.44481,0.42319,0.34601,-0.13242,-0.057724,0.54902,0.075077,-0.02273,-0.095239,0.47472,0.18836,0.51831,0.66179,0.6008,0.57473,0.48359,0.60634,0.80294,0.53001,-0.31353,-0.46066,0.34885,0.39123,0.24283,0.60182,0.0024804,0.065845,-0.2339,-0.2745,0.32489,0.2773,-0.25351,-0.13801,0.19338,-0.29456,-0.24381,-0.46896,-0.39025,-0.60265,0.27603,0.061667,-0.23413,-0.36665,-0.18457,-0.33956,0.13117,-0.028263,-0.26647,-0.42589
0.11434,-0.15493,-0.16766,-0.11462,0.56883,0.71408,0.76023,0.64816,0.099738,-0.12083,0.56964,0.37558,0.7015,0.85006,0.50971,0.34841,0.48092,0.23469,0.23458,0.31477,0.33841,0.4258,0.38663,0.2828,0.40144,0.27346,-0.1367,0.2046,0.53951,0.73179,0.86188,0.76641,0.9059,0.91355,1.4942,0,0.74542,0.7886,0.57844,0.47161,0.094689,0.24535,0.53304,0.49926,0.32126,0.44777,-0.28358,-0.33608,0.14166,0.56309,0.59543,0.059912,0.20329,0.17587,0.042572,0.12991,0.63561,0.45029,0.35734,-0.23766,-0.21861,0.53732,0.085455,0.14012,0.093367,0.54956,0.326,0.39563,0.56326,0.75759,0.63285,0.35238,0.50125,0.5967,0.51403,-0.43277,-0.46745,0.36509,0.42497,0.31166,0.49153,0.013904,0.019535,-0.337,-0.29378,0.31264,0.17335,-0.28336,-0.12303,0.081595,-0.27753,-0.30229,-0.46843,-0.54704,-0.64383,0.16622,-0.034656,-0.19928,-0.3135,-0.12768,-0.19449,0.13731,0.00055983,-0.34168,-0.50261
0.41104,-0.0047422,0.27227,0.25184,0.6855,0.42622,0.72415,0.54583,0.12884,0.058449,0.83638,0.58716,0.53321,0.53113,0.49091,0.5041,0.16255,0.13632,0.085307,0.29891,0.070249,0.3852,0.047236,0.073308,0.38775,0.23343,-0.24559,0.25361,0.38295,0.27016,0.71666,0.64869,0.63649,0.58821,0.93967,0.74542,0,0.93846,0.96469,0.74642,0.13348,0.45468,0.39561,0.28303,0.34496,0.45585,-0.10266,-0.19455,-0.25021,0.74249,0.43246,0.010702,0.2887,0.10725,0.52032,-0.0064787,0.53624,0.10863,0.055418,-0.028656,0.10702,0.51147,0.097517,0.21294,0.11159,0.55646,0.33217,0.58822,0.63153,0.65481,0.68422,0.48783,0.5813,0.72378,0.67677,0.031031,-0.13741,0.44316,0.46518,0.38656,0.53076,-0.05746,0.060167,-0.064118,-0.092614,0.40418,0.15757,-0.34379,-0.30319,0.30294,0.036975,-0.10645,-0.22916,-0.29562,-0.45128,0.1319,0.084362,-0.21472,-0.20016,-0.27866,-0.40534,0.16171,0.11858,-0.28473,-0.31396
0.09082,0.11574,0.084815,0.17363,0.39076,0.50551,0.51913,0.5649,0.29073,0.065936,0.50877,0.64164,0.60512,0.63378,0.50028,0.46895,0.51113,0.27856,0.35117,0.42587,0.39919,0.62749,0.35887,0.42496,0.68773,0.38164,-0.12142,0.13731,0.37814,0.67642,0.56352,0.75242,0.68742,0.72489,0.64627,0.7886,0.93846,0,0.56767,0.83421,0.14878,0.56699,0.48234,0.66539,0.20106,0.41545,-0.34352,-0.29906,0.14835,0.45997,0.35828,0.15218,-0.011848,0.096583,0.11089,0.21931,0.62855,0.20381,0.15087,-0.17544,0.010137,0.58596,0.30964,0.34898,0.45653,0.45446,0.33167,0.3696,0.552,0.86926,0.73274,0.52779,0.64736,0.43646,0.44901,-0.21028,-0.16868,0.66426,0.69419,0.48455,0.5466,0.13162,0.24748,-0.047589,0.13719,0.62934,0.41105,-0.51021,-0.31171,-0.012175,-0.21168,-0.413,-0.58373,-0.51116,-0.46467,0.048796,-0.1795,-0.36536,-0.25332,-0.028147,-0.12565,0.19483,0.17363,-0.6113,-0.42621
0.55725,-0.19401,0.40257,0.48336,1.1757,0.49113,0.93422,0.58097,0.32452,0.2008,0.90936,0.81759,0.12802,0.1951,0.38608,0.51059,-0.014545,-0.17154,-0.013498,0.12381,-0.12184,0.19353,0.050157,-0.073597,0.3192,0.15626,0.018655,0.43191,0.49673,0.076013,0.45297,0.42296,0.17854,0.18211,0.63841,0.57844,0.96469,0.56767,0,0.8387,0.64312,0.75845,0.58327,0.23856,0.069212,0.28408,-0.12248,-0.15586,-0.40678,0.33257,0.20831,-0.094674,0.61354,0.32546,0.78498,-0.019125,0.74354,0.15199,0.057285,0.13716,0.21314,0.20146,-0.048809,0.26258,0.17124,0.77914,0.51775,0.42592,0.32958,0.63251,0.49957,0.34324,0.41899,0.47371,0.60491,0.31075,0.35865,0.17381,0.23573,0.16249,0.26741,-0.068726,-0.075108,-0.13411,-0.044208,0.18321,0.08066,-0.41374,-0.34028,0.16654,-0.043632,0.1088,-0.03642,-0.0314,-0.16586,0.26238,0.36237,-0.26425,-0.047679,-0.78324,-0.77112,-0.024859,0.094536,-0.3912,-0.63557
0.25965,-0.2603,0.20399,0.42333,0.72759,0.53617,0.70259,0.39827,0.70553,0.13474,0.99535,0.79918,0.42207,0.43786,0.74025,0.61839,0.39982,0.29914,0.51265,0.60133,0.27637,0.54425,0.49932,0.34272,1.0014,0.47992,0.33073,0.57068,0.37237,0.29765,0.72892,0.43341,0.27969,0.31004,0.62355,0.47161,0.74642,0.83421,0.8387,0,0.3174,0.9934,0.37431,0.26729,0.44321,0.77428,-0.3924,-0.29093,-0.13499,0.55214,0.46728,-0.16174,0.47006,0.35691,0.42744,-0.33414,0.33151,0.38782,0.47139,0.2117,0.30569,0.33274,0.29186,-0.0046852,0.10375,0.47045,0.44457,0.32386,0.40323,0.49723,0.36358,0.67729,0.7645,0.56155,0.53672,0.24039,0.21716,0.29823,0.36777,0.080381,0.50153,0.11232,0.32038,0.056334,0.22418,0.47505,0.55894,-0.29477,-0.10263,-0.069615,-0.25438,-0.195,-0.49707,-0.12581,-0.27391,0.24368,0.18805,-0.51333,-0.19972,-0.34711,-0.33531,0.096985,0.16166,-0.64789,-0.66068
0.72357,0.32253,0.35623,0.43738,0.91891,0.68873,0.72777,0.78239,0.70665,0.82604,0.56151,0.82774,0.083618,0.10225,0.44556,0.63604,0.13766,-0.12692,0.28875,0.23237,0.21346,0.32324,0.34689,0.29189,0.29915,0.5136,0.56569,0.7715,0.79644,0.18929,0.15748,0.41102,0.10003,0.09619,0.04913,0.094689,0.13348,0.14878,0.64312,0.3174,0,1.0043,0.63204,0.52797,0.013258,0.25386,-0.28902,-0.28833,-0.020911,-0.11599,-0.10139,0.23645,0.63173,0.63424,0.38911,0.17894,0.45114,-0.19184,-0.37484,0.39724,0.55203,0.14118,0.11814,0.41453,0.35777,0.25222,0.019511,0.37216,0.11276,0.45891,0.39389,0.45625,0.44183,0.15147,0.41711,0.15344,0.7069,0.38319,0.38518,0.3842,0.36137,0.35782,0.011391,0.20284,0.21125,0.38912,0.37646,-0.64615,-0.50005,0.18749,0.17976,-0.22289,-0.13478,0.32266,0.31243,0.16418,0.25889,-0.36254,-0.32602,-0.29296,-0.32563,0.27584,0.49163,-0.093042,-0.24607
0.46906,0.17755,0.38861,0.67314,0.87432,0.90594,0.76606,0.87873,1.0554,0.75954,1.0187,1.4613,0.37487,0.38622,0.87279,0.94234,0.41408,0.21812,0.67562,0.63538,0.38655,0.70478,0.64062,0.56531,0.8723,0.83032,0.69475,0.96781,0.67665,0.33909,0.5537,0.64729,0.2717,0.28405,0.28921,0.24535,0.45468,0.56699,0.75845,0.9934,1.0043,0,0.55734,0.58317,0.32706,0.68407,-0.46215,-0.37587,-0.054553,0.20906,0.21457,0.20738,0.49109,0.63614,0.31644,-0.13015,0.3447,0.014125,-0.03144,0.38118,0.65605,0.39748,0.44842,0.33035,0.33987,0.39467,0.20189,0.46596,0.33384,0.57095,0.50487,0.90305,0.97143,0.44177,0.61723,0.19241,0.53552,0.56151,0.59728,0.29385,0.58939,0.51067,0.45156,0.36451,0.41197,0.73073,0.75594,-0.63042,-0.36862,0.093236,-0.015903,-0.35833,-0.32998,0.14316,0.14348,0.18512,0.30352,-0.66893,-0.27188,-0.1801,-0.12524,0.39009,0.6937,-0.32355,-0.30121
0.53916,0.23179,-0.1138,-0.11169,0.69321,0.53519,0.75059,0.56786,0.32537,0.43869,0.46117,0.66267,0.14259,0.20519,0.49509,0.74063,0.32237,0.015082,0.15849,0.12497,0.44928,0.33423,0.28182,0.32623,0.23273,0.34606,0.044655,0.34346,0.73326,0.75952,0.52964,0.70909,0.29556,0.23582,0.4555,0.53304,0.39561,0.48234,0.58327,0.37431,0.63204,0.55734,0,1.0726,0.34867,0.40901,-0.1698,-0.30338,0.24385,-0.17063,-0.21099,0.37516,0.32345,0.18825,0.044948,0.27428,0.84189,0.26048,0.08535,0.17473,0.35302,0.40603,0.27727,0.59386,0.6439,0.54913,0.22338,0.58366,0.3163,1.1942,0.99637,0.73516,0.65119,0.47427,0.43321,-0.37312,0.0060983,0.33701,0.17871,0.29726,0.15995,0.15701,-0.040566,-0.094871,-0.12242,0.33829,0.18566,-0.54918,-0.46328,0.46695,0.113,-0.33787,-0.41391,-0.14966,-0.16724,-0.10307,-0.15901,-0.69785,-0.57406,-0.083155,-0.21022,0.37118,0.31354,-0.54227,-0.49615
0.21549,0.54214,-0.040947,0.024493,0.35401,0.74239,0.51025,0.8119,0.3946,0.58695,0.33442,0.73246,0.51805,0.58288,0.56939,0.82961,0.65707,0.22086,0.49174,0.40451,0.84627,0.61753,0.56019,0.78804,0.37667,0.61977,0.12897,0.34756,0.81153,1.2337,0.47132,1.0406,0.68127,0.64213,0.33279,0.49926,0.28303,0.66539,0.23856,0.26729,0.52797,0.58317,1.0726,0,0.28264,0.38165,-0.34746,-0.38882,0.56235,-0.024843,-0.018829,0.60797,-0.040938,0.14754,-0.1948,0.52025,0.68521,0.0892,-0.11073,0.034573,0.33753,0.61004,0.49011,0.6151,0.82125,0.33551,0.044327,0.64082,0.50131,1.1546,0.99753,0.80235,0.75329,0.4015,0.41545,-0.54207,-0.070256,0.86077,0.65629,0.6727,0.44027,0.38864,0.19685,0.17254,0.14092,0.77647,0.5125,-0.76995,-0.49154,0.312,0.061728,-0.87499,-0.66769,-0.39732,-0.19597,-0.27423,-0.38673,-0.68699,-0.62396,0.3085,0.16153,0.4461,0.48757,-0.30979,-0.2044
0.46162,0.18701,-0.19529,-0.13601,0.41588,0.42111,0.51969,0.28743,0.53174,0.23041,0.64626,0.31299,0.58914,0.4937,0.86383,0.55653,0.51682,0.47561,0.5845,0.54339,0.57999,0.62254,0.47778,0.49895,0.571,0.54647,0.34796,0.62463,0.34322,0.45893,1.2081,0.49214,0.46464,0.37551,0.56863,0.32126,0.34496,0.20106,0.069212,0.44321,0.013258,0.32706,0.34867,0.28264,0,1.4547,-0.2882,-0.38551,0.18862,0.37329,0.37066,0.22349,0.46357,0.37383,-0.029542,-0.46063,-0.17151,0.25988,0.39046,0.50669,0.56828,0.46416,0.33462,0.020868,-0.1593,0.10594,-0.038427,0.4261,0.23062,0.21486,0.3381,1.1044,0.98126,0.97728,0.60347,-0.19955,-0.27568,0.2367,0.1496,0.056888,0.49941,0.31305,0.29314,0.15628,-0.19695,0.39982,0.37994,-0.086258,-0.065333,0.47843,0.16623,-0.3781,-0.51665,0.078293,-0.15601,0.019552,-0.073823,-0.61581,-0.66288,0.1722,0.13346,0.4574,0.3829,-0.072664,-0.094199
0.53625,0.18248,-0.039533,0.085914,0.67778,0.70425,0.68054,0.54002,0.80028,0.33633,0.88674,0.56478,0.67681,0.58856,1.0639,0.66418,0.52434,0.48882,0.71988,0.67119,0.57422,0.71684,0.64285,0.56085,0.8144,0.70534,0.56198,0.82579,0.49846,0.52709,1.2536,0.67648,0.53427,0.4878,0.61453,0.44777,0.45585,0.41545,0.28408,0.77428,0.25386,0.68407,0.40901,0.38165,1.4547,0,-0.32142,-0.31759,0.038414,0.4902,0.49597,0.10403,0.53243,0.48843,0.070578,-0.5403,0.013595,0.33685,0.43623,0.51668,0.55497,0.43542,0.40715,0.10316,-0.031266,0.27172,0.1621,0.40912,0.29052,0.34938,0.42027,1.2862,1.3478,0.99782,0.86094,-0.11888,-0.075387,0.32802,0.30135,0.14334,0.66961,0.39282,0.35,0.13785,-0.084371,0.53269,0.55513,-0.13858,-0.018582,0.34396,0.16339,-0.43013,-0.65575,0.026945,-0.20272,0.05443,0.013633,-0.6092,-0.68632,0.071103,0.077989,0.48289,0.5164,-0.21739,-0.28929
