,,,,,,,,,,,,,,,,,,,,,,,,,,,,,,,,,,,,,,,,,,,,,,,,,,,,,,,,,,,,,,,,,,,,,,,,,,,,,,,,,,,,,,,,,,,,,,,,,,,,,,,,
0,0.68105,0.15641,0.19016,1.6044,0.65773,1.0902,0.68027,0.72542,0.86019,1.0322,0.7483,0.61913,0.59755,0.76258,0.68645,0.2428,-0.19886,0.25667,0.36223,0.42302,0.53629,0.23821,0.3288,0.37826,0.50389,0.41384,1.1308,0.82719,0.39472,1.1888,0.69009,0.66251,0.73755,0.59537,0.45243,0.51922,0.31812,0.63204,0.33995,0.87939,0.92388,0.63759,0.53492,0.794,0.87455,-0.42155,-0.52136,0.052405,0.58154,0.37506,0.096339,0.8713,0.287,0.37793,0.14167,0.28812,-0.42034,-0.31236,0.7517,0.74583,0.72872,0.21147,0.39411,0.21317,0.21089,6.2969e-05,0.90589,0.52754,0.58267,0.61267,0.82475,0.87323,0.68959,0.91071,0.10696,0.24249,0.59517,0.52665,0.52748,0.70141,-0.034374,-0.31808,0.032451,-0.30131,0.47248,0.19439,-0.73516,-0.81321,0.49737,0.42904,-0.35169,-0.4056,0.17846,-0.0064709,0.22195,0.10132,-0.53863,-0.45276,-0.1665,-0.38235,0.10466,0.33582,-0.052047,-0.28662
0.68105,0,-0.18423,0.00084285,0.49801,1.5886,0.6737,1.6942,0.36158,1.2396,0.2597,0.70409,0.64743,0.74398,0.24828,0.2648,0.71114,-0.21237,0.70295,0.56611,0.87793,0.42834,0.79974,0.82458,-0.0093743,0.69538,0.44257,0.50344,0.72183,0.79862,0.57584,1.3735,0.84859,0.93317,0.26784,0.32641,0.077965,0.13229,-0.041472,-0.10894,0.72174,0.49885,0.40222,0.89744,0.42651,0.59849,-0.09113,-0.14792,0.36873,0.1456,0.016861,0.096436,0.28337,0.7197,-0.02676,0.40127,0.38022,-0.058317,-0.39052,0.057604,0.40436,0.49438,0.14415,0.98973,0.66422,0.26742,-0.016995,0.39749,0.25991,0.30084,0.63566,0.62061,0.86089,0.61187,0.76134,-0.68222,0.067785,0.81796,0.75851,0.83007,0.84391,0.24949,-0.32351,0.34948,-0.094369,0.5619,0.4214,-0.29973,-0.22665,0.5442,0.35126,-0.4993,-0.13275,0.015993,0.096452,-0.20212,-0.18143,-0.52384,-0.6917,0.084785,0.064117,0.010185,0.23517,0.018423,-0.10362
0.15641,-0.18423,0,1.5137,0.35707,-0.12743,0.17517,-0.10441,0.32575,0.12719,0.80078,0.54284,0.42649,0.35287,0.40543,0.49301,-0.26688,0.10197,0.012475,0.037153,-0.36697,0.31864,-0.34728,-0.20852,0.59305,-0.024371,-0.50352,0.12239,-0.077872,-0.28191,0.3268,-0.088353,0.32164,0.10134,0.82292,0.48919,0.91178,0.61325,0.72302,0.86285,-0.14669,0.62704,-0.0030201,-0.20279,0.20221,0.25916,0.010064,0.14273,-0.49733,0.66197,0.66641,0.40232,0.2931,0.13113,0.90844,-0.34642,-0.016506,-0.43045,-0.16519,0.65397,0.81475,0.033133,0.077106,-0.050638,-0.037464,0.23041,0.20728,0.17755,0.21399,0.30719,0.052681,0.29236,0.12374,0.33977,0.25413,0.82325,0.53856,0.28614,0.38677,0.32558,0.20833,0.30797,0.51893,0.37402,0.26739,0.40298,0.19237,-0.35963,-0.29089,-0.022097,-0.071612,-0.046151,0.0053418,0.047079,0.045198,-0.26893,-0.2209,-0.070558,0.17019,-0.24022,0.16605,0.15999,0.60774,0.4748,0.10816
0.19016,0.00084285,1.5137,0,0.4472,0.076684,0.27336,0.079621,0.44971,0.33412,0.76769,0.76477,0.38275,0.35833,0.32583,0.42019,-0.15211,-0.13022,0.11066,0.049122,-0.20501,0.34759,-0.10652,-0.0014012,0.67695,0.064172,-0.27668,0.2348,0.081617,-0.11944,0.31179,0.065254,0.29572,0.12702,0.72193,0.50907,0.77216,0.73972,0.72137,0.94446,0.017168,0.85746,0.038168,-0.071388,0.11064,0.26671,-0.090481,0.075629,-0.38875,0.58858,0.63893,0.32016,0.37289,0.38362,0.78193,-0.28229,0.037345,-0.43219,-0.17842,0.66705,0.9924,0.044412,0.052303,0.21522,0.13025,0.3294,0.28368,0.21446,0.16736,0.27457,0.080812,0.31687,0.22676,0.39284,0.34007,0.67952,0.87965,0.3376,0.43936,0.31665,0.21334,0.3114,0.37691,0.40945,0.30684,0.4133,0.21445,-0.48396,-0.40499,-0.13829,-0.25289,0.060048,0.084358,0.13054,0.19035,-0.2751,-0.20016,-0.21049,0.21369,-0.31873,0.12067,0.044447,0.4528,0.2947,-0.021484
1.6044,0.49801,0.35707,0.4472,0,0.62679,1.2295,0.62277,0.77585,0.84087,1.2632,1.0132,0.54648,0.57884,0.78303,0.87296,0.20004,-0.30017,0.19779,0.29604,0.36201,0.49089,0.21442,0.32626,0.53411,0.42526,0.27129,1.1101,0.90524,0.4408,1.0662,0.66023,0.59995,0.65126,0.76351,0.62946,0.70954,0.57292,1.0347,0.63197,0.88942,1.3397,0.80198,0.56263,0.53353,0.64162,-0.50667,-0.54454,0.0058153,0.61635,0.42418,0.14288,0.913,0.26991,0.55587,0.18568,0.477,-0.40347,-0.27383,0.82818,0.95039,0.70362,0.20902,0.40018,0.31485,0.34201,0.13851,1.1352,0.66663,0.8111,0.64928,0.8299,0.81106,0.7045,0.84713,0.27293,0.49855,0.63399,0.55678,0.50232,0.55651,-0.099853,-0.30968,0.085741,-0.15373,0.55096,0.21081,-1.0273,-1.0635,0.31588,0.18418,-0.2994,-0.42673,0.038662,-0.079132,0.10845,-0.020564,-0.68017,-0.32656,-0.28243,-0.46541,0.090809,0.25359,-0.1747,-0.45981
0.65773,1.5886,-0.12743,0.076684,0.62679,0,0.88156,1.7639,0.34928,1.4017,0.32893,0.78757,0.724,0.91876,0.33957,0.47641,0.94359,-0.23085,0.70668,0.63237,1.1924,0.36091,1.0393,1.1167,0.04316,0.77711,0.48226,0.62347,1.1622,1.1305,0.50835,1.4066,0.96523,1.0767,0.39034,0.40409,0.094416,0.16601,0.090376,-0.039699,1.0095,0.62739,0.66318,1.2973,0.27352,0.43712,-0.32775,-0.38868,0.57985,0.23756,0.059112,0.12466,0.36026,0.64842,0.053713,0.64903,0.61226,-0.10372,-0.40791,0.073093,0.49119,0.66886,0.15699,0.83197,0.86072,0.20957,-0.092896,0.64794,0.47324,0.50978,0.78379,0.60146,0.7718,0.47581,0.59755,-0.59915,0.2248,1.0027,0.89622,0.90079,0.80217,0.11069,-0.35164,0.34048,0.032048,0.62791,0.47482,-0.62741,-0.49024,0.32143,0.089745,-0.69276,-0.25606,-0.13794,-0.012612,-0.2409,-0.35516,-0.57981,-0.65342,0.076362,-0.07524,-0.031108,0.025635,-0.072859,-0.16881
1.0902,0.6737,0.17517,0.27336,1.2295,0.88156,0,0.97098,1.019,1.1814,0.92005,1.005,0.69641,0.81737,0.4299,0.55123,0.52055,-0.41369,0.46653,0.51376,0.65355,0.43959,0.56216,0.62468,0.39714,0.68353,0.35828,0.87954,0.91007,0.49053,0.72622,0.78038,0.77948,0.95181,0.55798,0.38393,0.2645,0.16112,0.52046,0.19988,1.4722,1.0002,0.82267,0.99986,0.38295,0.51437,-0.50958,-0.56318,0.32823,0.41735,0.24482,0.088382,0.69782,0.33304,0.29039,0.66743,0.63047,-0.36412,-0.47039,0.47981,0.57021,0.44977,-0.16349,0.35825,0.313,0.2533,-0.044228,0.7851,0.42908,0.51668,0.41394,0.5719,0.57908,0.56484,0.76038,-0.016012,0.51529,0.90032,0.80987,0.75186,0.79378,-0.16617,-0.50546,0.26665,0.0090952,0.70476,0.38234,-1.0583,-0.89729,0.35577,0.19996,-0.48279,-0.51451,0.031508,0.0025566,0.052869,-0.13565,-0.69505,-0.41324,-0.33996,-0.56889,-0.20666,-0.010115,-0.04718,-0.45286
0.68027,1.6942,-0.10441,0.079621,0.62277,1.7639,0.97098,0,0.47937,1.4441,0.34513,0.94133,0.65886,0.85396,0.19136,0.30166,0.70909,-0.39016,0.62302,0.52761,0.89924,0.30687,0.8076,0.83968,0.011722,0.63876,0.33261,0.46956,0.8133,0.94828,0.58438,1.5514,0.90075,1.0864,0.37733,0.45197,0.10959,0.16668,0.10017,-0.028269,0.90743,0.61834,0.6419,1.3257,0.31838,0.50449,-0.14382,-0.16613,0.38661,0.14411,0.021318,0.026739,0.31233,0.63161,0.059408,0.64772,0.69422,0.016847,-0.34267,0.063753,0.40007,0.46582,0.030086,0.96024,0.8005,0.42142,0.11317,0.49741,0.31993,0.44535,0.63406,0.5963,0.77698,0.68654,0.84516,-0.60484,0.23197,0.95643,0.85172,0.93309,0.80614,0.033433,-0.50999,0.39705,-0.013394,0.69464,0.41078,-0.44137,-0.30888,0.51195,0.28073,-0.52411,-0.20016,-0.12362,0.0091305,-0.30201,-0.28512,-0.77575,-0.63204,-0.085753,-0.061794,-0.12618,0.07426,-0.095,-0.34184
0.72542,0.36158,0.32575,0.44971,0.77585,0.34928,1.019,0.47937,0,0.62438,0.79791,0.65959,0.51781,0.48916,0.34191,0.19481,0.30247,-0.3752,0.54321,0.46378,0.30277,0.54979,0.37647,0.4125,0.87534,0.53549,0.42234,0.73227,0.35628,0.047594,0.56228,0.30675,0.40958,0.57811,0.22581,0.081101,0.19467,0.19794,0.33826,0.35043,0.67842,0.81041,0.17703,0.32021,0.46813,0.57267,-0.49362,-0.39041,0.022715,0.43841,0.51318,0.05157,0.72584,0.37226,0.30248,0.22807,0.067764,-0.42593,-0.30153,0.75665,0.54211,0.099801,-0.33586,0.15128,-0.20205,0.12457,0.021205,0.35464,0.019783,-0.0043265,-0.095041,0.47002,0.43556,0.59249,0.7563,0.34284,0.71619,0.55643,0.5658,0.39997,0.7023,-0.0058255,-0.28572,0.4578,0.17111,0.68238,0.41964,-0.56854,-0.53649,0.16457,0.20655,-0.13675,-0.42093,0.38035,0.23321,0.16919,0.083117,-0.63518,-0.23032,-0.40855,-0.44975,-0.14917,0.040313,0.009649,-0.3635
0.86019,1.2396,0.12719,0.33412,0.84087,1.4017,1.1814,1.4441,0.62438,0,0.70572,1.2142,0.80655,0.97168,0.30686,0.44321,0.59339,-0.34835,0.6072,0.57255,0.76168,0.47026,0.74083,0.78738,0.2215,0.79318,0.32793,0.68228,0.8931,0.58516,0.60076,1.1167,0.95032,0.96728,0.56787,0.40202,0.26968,0.21126,0.30869,0.12637,1.0709,0.98939,0.57102,0.96287,0.31126,0.56716,-0.25734,-0.30602,0.33647,0.38418,0.14619,0.071466,0.53254,0.72473,0.2266,0.48627,0.50423,-0.38633,-0.60333,0.23883,0.59513,0.50873,0.022784,0.75823,0.68192,0.27427,-0.054815,0.60542,0.42494,0.46169,0.57796,0.53077,0.68073,0.51525,0.70327,-0.29003,0.42782,1.092,1.0692,1.007,0.93172,0.088189,-0.31466,0.38175,0.073009,0.67934,0.46798,-0.78635,-0.64065,0.34799,0.11653,-0.40741,-0.15124,0.13256,0.2204,-0.052822,-0.099764,-0.50819,-0.36777,-0.18184,-0.17953,-0.17405,0.18303,0.097912,-0.18806
1.0322,0.2597,0.80078,0.76769,1.2632,0.32893,0.92005,0.34513,0.79791,0.70572,0,0.96026,0.72408,0.66504,0.77043,0.83815,0.05509,-0.060171,0.20124,0.33602,0.1324,0.59715,0.042545,0.16696,0.76361,0.44843,0.03127,0.79117,0.48768,0.044556,0.91435,0.38288,0.66378,0.56261,1.0024,0.47699,0.93059,0.5145,1.0154,0.7296,0.52523,1.4049,0.47409,0.28229,0.58571,0.72239,-0.32334,-0.34976,-0.15734,0.93707,0.57908,0.27766,0.72738,0.17541,0.66606,-0.02076,0.23316,-0.67462,-0.40083,0.91806,0.94345,0.47126,0.10908,0.15604,0.12591,0.22183,0.028064,0.78417,0.56948,0.60162,0.40537,0.66723,0.5711,0.5609,0.6614,0.5097,0.49486,0.65426,0.65473,0.53804,0.62133,0.083314,0.075331,0.25665,0.032423,0.61353,0.30327,-0.92084,-0.89082,0.26079,0.17798,-0.24786,-0.35313,0.16617,0.016139,0.12049,0.012718,-0.35608,-0.12224,-0.26149,-0.32429,0.099896,0.49845,0.19661,-0.13992
0.7483,0.70409,0.54284,0.76477,1.0132,0.78757,1.005,0.94133,0.65959,1.2142,0.96026,0,0.5864,0.69939,0.33663,0.55883,0.19297,-0.41568,0.32437,0.2968,0.29089,0.47314,0.26849,0.36306,0.37773,0.4216,-0.083517,0.50278,0.5525,0.40425,0.76135,0.9256,0.73526,0.65232,0.88104,0.79667,0.71979,0.66948,0.78131,0.57352,0.63115,1.4302,0.62828,0.66227,0.27034,0.50671,-0.049118,-0.025839,-0.079267,0.37723,0.21945,0.19973,0.45154,0.51618,0.50107,0.24189,0.688,-0.25946,-0.42448,0.39848,0.83118,0.33331,0.063008,0.79605,0.66284,0.71551,0.3491,0.59568,0.45313,0.7124,0.58854,0.66987,0.71841,0.84836,0.91703,0.025236,0.58747,0.86432,0.83179,0.83198,0.59816,0.1147,-0.2163,0.39953,0.061973,0.74763,0.3531,-0.67985,-0.54819,0.42827,0.15995,-0.20547,-0.13205,-0.054141,0.05051,-0.26873,-0.20518,-0.68028,-0.24578,-0.36521,-0.13424,-0.052207,0.41997,0.019859,-0.40231
0.61913,0.64743,0.42649,0.38275,0.54648,0.724,0.69641,0.65886,0.51781,0.80655,0.72408,0.5864,0,2.0644,0.7675,0.68077,0.70178,0.27112,0.82604,0.99815,0.65896,0.5038,0.53266,0.70233,0.44396,0.81509,0.29648,0.59702,0.67159,0.43457,0.64198,0.54236,1.8052,1.4448,0.7244,0.32002,0.3908,0.18356,0.1276,0.21182,0.4596,0.69094,0.28916,0.51379,0.71694,0.83459,-0.41694,-0.38717,0.21947,1.0731,0.72174,0.2234,0.53437,0.45781,0.4592,0.2147,0.12157,-0.43527,-0.36633,0.44361,0.74256,0.74929,0.25027,0.19808,0.26592,-0.12424,-0.29074,0.63385,0.52451,0.37312,0.45663,0.69914,0.6176,0.4702,0.54034,-0.02814,0.28726,1.2623,1.3539,1.148,1.4268,0.2765,0.18873,0.68753,0.37502,1.0707,0.7663,-0.62683,-0.477,0.193,0.17626,-0.95519,-0.36169,0.047577,0.018636,-0.23753,-0.37396,-0.34164,-0.57304,0.22004,0.16756,0.23148,0.2895,0.3685,0.26855
0.59755,0.74398,0.35287,0.35833,0.57884,0.91876,0.81737,0.85396,0.48916,0.97168,0.66504,0.69939,2.0644,0,0.59404,0.63044,0.7687,0.095774,0.76302,0.88177,0.76483,0.34576,0.63931,0.7751,0.31622,0.73916,0.27154,0.51974,0.77623,0.60753,0.56395,0.66315,1.7735,1.6145,0.73593,0.38563,0.32483,0.16521,0.14222,0.17281,0.57717,0.70068,0.41154,0.72671,0.53105,0.67731,-0.42857,-0.3791,0.33415,0.87761,0.5897,0.13477,0.53363,0.53148,0.45896,0.39903,0.29332,-0.3186,-0.33931,0.33941,0.6737,0.76557,0.19139,0.28186,0.44913,-0.030061,-0.19649,0.65896,0.54737,0.45111,0.50974,0.60832,0.57087,0.44918,0.53763,-0.12846,0.35109,1.386,1.5125,1.2472,1.3052,0.11932,0.021815,0.69163,0.36077,1.0552,0.67648,-0.69448,-0.48169,0.16161,0.080075,-0.95257,-0.28636,-0.02762,0.01426,-0.30197,-0.40372,-0.45658,-0.50938,0.099994,0.1269,0.080212,0.15985,0.27429,0.10117
0.76258,0.24828,0.40543,0.32583,0.78303,0.33957,0.4299,0.19136,0.34191,0.30686,0.77043,0.33663,0.7675,0.59404,0,1.3881,0.36738,0.52259,0.40712,0.63134,0.40316,0.74157,0.1798,0.40425,0.74964,0.59939,0.35029,1.0422,0.714,0.3391,0.90527,0.36074,0.73753,0.64982,0.61861,0.35064,0.77097,0.58837,0.5009,0.59961,0.29524,0.72642,0.3862,0.18555,0.8749,0.74808,-0.55085,-0.64258,-0.028431,1.0705,0.70616,0.48651,0.50852,-0.0021254,0.40925,-0.15502,0.058636,-0.41904,-0.15963,0.75223,0.91824,1.0119,0.65883,0.06052,0.059971,-0.11904,-0.22179,1.1472,0.90188,0.63914,0.70077,1.1437,0.88315,0.49896,0.47135,0.29752,0.098397,0.59207,0.48301,0.39872,0.59976,0.36839,0.35716,0.23277,0.10766,0.64348,0.51737,-0.63109,-0.70907,0.17649,0.21657,-0.69924,-0.75913,-0.13684,-0.37192,-0.010295,-0.28646,-0.29479,-0.64408,0.47116,-0.089035,0.83722,0.42308,-0.024862,0.19374
0.68645,0.2648,0.49301,0.42019,0.87296,0.47641,0.55123,0.30166,0.19481,0.44321,0.83815,0.55883,0.68077,0.63044,1.3881,0,0.34854,0.348,0.275,0.47551,0.41176,0.63021,0.17687,0.38519,0.4894,0.53976,0.083347,0.85104,0.81681,0.44061,0.77896,0.5197,0.79518,0.60603,0.8908,0.55655,0.88363,0.62169,0.7542,0.55789,0.42591,0.84097,0.70389,0.40542,0.48745,0.45221,-0.39732,-0.54035,0.092185,0.78357,0.39151,0.63893,0.3655,-0.043931,0.42718,0.075475,0.43138,-0.38003,-0.31869,0.51677,0.89762,0.91947,0.53433,0.14776,0.36271,0.084354,-0.14987,1.315,1.2694,1.1215,1.0215,0.93778,0.74329,0.43039,0.39346,0.17128,0.11058,0.69258,0.56047,0.53165,0.47751,0.29368,0.26294,0.18584,0.058031,0.59398,0.43762,-0.87665,-0.85995,0.24288,0.10466,-0.77652,-0.68753,-0.38533,-0.49394,-0.12856,-0.44714,-0.28459,-0.52418,0.30585,-0.199,0.56243,0.41433,0.020319,0.065665
0.2428,0.71114,-0.26688,-0.15211,0.20004,0.94359,0.52055,0.70909,0.30247,0.59339,0.05509,0.19297,0.70178,0.7687,0.36738,0.34854,0,0.16381,1.3084,1.2053,1.8543,0.42334,1.741,1.8576,0.22549,1.1414,0.75269,0.56535,0.81748,0.71579,0.11619,0.59109,0.73876,0.93373,-0.037449,-0.15992,-0.22762,-0.10606,-0.31878,-0.25126,0.70107,0.24486,0.22709,0.73404,0.16342,0.17851,-0.60442,-0.69394,0.99379,0.23303,0.081272,0.20805,0.20286,0.35383,-0.15386,0.78168,0.22057,-0.1671,-0.43423,-0.089292,0.16795,0.5283,0.031532,0.14315,0.25082,-0.36085,-0.58974,0.48068,0.39904,0.094926,0.31712,0.36983,0.40172,0.087218,0.15462,-0.52787,0.062799,0.93027,0.82315,0.65354,0.87775,0.20644,-0.12677,0.61092,0.45154,0.71156,0.9195,-0.46786,-0.34655,0.022601,-0.04361,-1.0236,-0.56677,-0.13125,-0.078979,-0.055584,-0.35645,-0.32035,-0.77291,0.42149,-0.15963,0.11606,-0.26193,-0.025826,0.12729
-0.19886,-0.21237,0.10197,-0.13022,-0.30017,-0.23085,-0.41369,-0.39016,-0.3752,-0.34835,-0.060171,-0.41568,0.27112,0.095774,0.52259,0.348,0.16381,0,0.24027,0.44926,0.048433,0.33592,-0.081872,0.066513,0.19428,0.29008,-0.029603,0.025752,-0.07542,-0.14731,0.043407,-0.17122,0.24347,0.076878,0.064943,-0.18196,0.21145,0.053515,-0.22985,0.015553,-0.44709,-0.16328,-0.2216,-0.33275,0.32252,0.16326,0.053102,-0.074884,-0.10028,0.35894,0.15635,0.40091,-0.28707,-0.39851,-0.091603,-0.38633,-0.34076,-0.15882,-0.06248,-0.1011,-0.02551,0.26948,0.55289,-0.3744,-0.21372,-0.54098,-0.53875,0.12687,0.34192,0.047948,0.18285,0.22782,0.10615,-0.14382,-0.2669,0.0031255,-0.55477,0.097938,0.042563,0.051017,0.14646,0.60535,0.99595,0.13694,0.32031,0.16551,0.43546,0.16603,0.10981,0.030562,0.18231,-0.43052,-0.36281,-0.20674,-0.35043,-0.054575,-0.2553,0.46356,-0.37883,1.2772,0.35118,1.0089,0.34093,0.23363,1.0596
0.25667,0.70295,0.012475,0.11066,0.19779,0.70668,0.46653,0.62302,0.54321,0.6072,0.20124,0.32437,0.82604,0.76302,0.40712,0.275,1.3084,0.24027,0,1.6315,0.96971,0.79235,1.1071,1.2608,0.51336,1.2999,0.55197,0.56986,0.49909,0.34779,0.20861,0.49948,0.78712,0.85022,0.0088224,-0.14363,-0.028721,0.083773,-0.25619,-0.03954,0.47434,0.39981,-0.042088,0.38932,0.28761,0.33813,-0.39048,-0.40325,0.45373,0.31869,0.22333,0.27806,0.26399,0.52971,0.0084448,0.40352,0.0027094,-0.37248,-0.61245,0.036251,0.31487,0.3327,0.029431,0.18931,0.053244,-0.30211,-0.51598,0.32179,0.26013,-0.049262,0.15315,0.47414,0.47743,0.26481,0.29426,-0.28578,0.18194,1.0755,1.0352,0.82255,1.2216,0.52599,0.050211,0.92411,0.65108,1.0159,1.5082,-0.3363,-0.25537,0.13095,0.11651,-0.7033,-0.47371,0.11051,0.14133,-0.048337,-0.24283,-0.26742,-0.78316,0.36967,-0.0069866,0.26043,0.058621,0.15796,0.27478
0.36223,0.56611,0.037153,0.049122,0.29604,0.63237,0.51376,0.52761,0.46378,0.57255,0.33602,0.2968,0.99815,0.88177,0.63134,0.47551,1.2053,0.44926,1.6315,0,0.99258,0.77662,0.89669,1.1387,0.55815,1.4967,0.51257,0.66982,0.63172,0.37356,0.32053,0.48426,0.96032,1.0022,0.1623,-0.083019,0.13024,0.12808,-0.12217,0.057931,0.47657,0.46861,0.099575,0.39636,0.39963,0.42961,-0.45942,-0.54087,0.37674,0.52396,0.28011,0.21092,0.32208,0.32221,0.096433,0.36302,0.064398,-0.45209,-0.58188,0.051537,0.30389,0.58423,0.23358,0.078534,0.083526,-0.39173,-0.617,0.57487,0.54603,0.15049,0.3114,0.56377,0.5245,0.23504,0.25639,-0.2106,0.099515,1.2393,1.0754,0.88609,1.342,0.39565,0.10022,0.7589,0.71487,1.1433,1.7446,-0.44066,-0.3842,0.15281,0.16689,-0.84277,-0.62978,0.040108,0.015075,0.027736,-0.22243,-0.22079,-0.88506,0.51519,-0.047013,0.4378,0.073171,0.082978,0.34138
0.42302,0.87793,-0.36697,-0.20501,0.36201,1.1924,0.65355,0.89924,0.30277,0.76168,0.1324,0.29089,0.65896,0.76483,0.40316,0.41176,1.8543,0.048433,0.96971,0.99258,0,0.36758,1.7031,1.8434,0.16952,1.1186,0.85634,0.681,1.093,0.94258,0.25688,0.81875,0.75316,1.0398,0.033309,-0.066045,-0.15707,-0.056589,-0.19529,-0.20763,0.89227,0.34037,0.4326,0.98062,0.23902,0.28523,-0.60924,-0.75526,0.97186,0.25274,0.040381,0.12193,0.24727,0.32289,-0.186,0.78786,0.35877,-0.10666,-0.355,-0.049698,0.18475,0.70506,0.11172,0.29476,0.42651,-0.21529,-0.44014,0.67051,0.52165,0.2472,0.50857,0.46272,0.55896,0.17413,0.28087,-0.60617,0.039456,0.91336,0.74661,0.6037,0.81913,0.077086,-0.25506,0.45367,0.26867,0.6453,0.70371,-0.54213,-0.43543,0.10016,0.007206,-0.91954,-0.56579,-0.16733,-0.14083,-0.0091675,-0.27289,-0.45498,-0.7608,0.37133,-0.25118,0.082011,-0.26284,-0.18193,-0.029156
0.53629,0.42834,0.31864,0.34759,0.49089,0.36091,0.43959,0.30687,0.54979,0.47026,0.59715,0.47314,0.5038,0.34576,0.74157,0.63021,0.42334,0.33592,0.79235,0.77662,0.36758,0,0.33127,0.49556,0.78421,1.0138,0.22987,0.88449,0.34078,-0.024797,0.58002,0.44964,0.55207,0.4204,0.24184,0.038793,0.46785,0.41181,0.27455,0.28076,0.37258,0.69368,0.077525,0.12007,0.49325,0.48206,-0.12698,-0.28509,0.0024,0.35469,0.15113,0.78068,0.21237,0.14525,0.056361,-0.03476,0.012845,-0.66069,-0.83964,0.35118,0.57138,0.22939,0.12144,0.20316,-0.08845,-0.021681,-0.36244,0.45267,0.40386,0.19647,0.32848,0.77261,0.70485,0.47235,0.4581,0.062722,0.043991,0.67074,0.5662,0.53154,0.71323,0.94787,0.29136,0.42689,0.18901,0.66723,0.88728,-0.40199,-0.47372,0.48731,0.42987,-0.394,-0.67749,0.090521,-0.037849,0.15432,-0.10215,-0.10616,-0.65957,0.31513,-0.25395,0.52307,0.64314,0.23865,0.2754
0.23821,0.79974,-0.34728,-0.10652,0.21442,1.0393,0.56216,0.8076,0.37647,0.74083,0.042545,0.26849,0.53266,0.63931,0.1798,0.17687,1.741,-0.081872,1.1071,0.89669,1.7031,0.33127,0,1.9693,0.20778,1.0245,0.87797,0.53692,0.8068,0.68931,0.048502,0.62249,0.55294,0.77159,-0.11248,-0.20517,-0.32626,-0.13071,-0.31652,-0.2606,0.82318,0.29144,0.20683,0.77812,0.050406,0.14565,-0.59907,-0.65063,1.0355,0.1392,0.014557,0.071405,0.23373,0.50389,-0.2239,0.78966,0.21206,-0.16338,-0.41082,-0.098411,0.13296,0.4044,-0.087449,0.27896,0.32019,-0.26669,-0.46414,0.38481,0.25098,-0.0018478,0.22478,0.24996,0.35525,0.051161,0.16562,-0.54961,0.20193,0.78309,0.72463,0.51578,0.73063,0.10898,-0.24938,0.53998,0.3893,0.55261,0.70568,-0.48649,-0.36364,-0.073365,-0.17531,-0.62646,-0.3646,0.014798,0.094384,0.024893,-0.1951,-0.35817,-0.49605,0.22273,-0.22865,-0.094613,-0.36256,-0.098376,-0.010145
0.3288,0.82458,-0.20852,-0.0014012,0.32626,1.1167,0.62468,0.83968,0.4125,0.78738,0.16696,0.36306,0.70233,0.7751,0.40425,0.38519,1.8576,0.066513,1.2608,1.1387,1.8434,0.49556,1.9693,0,0.34686,1.2835,0.83631,0.69667,0.98473,0.78028,0.2348,0.74212,0.7635,0.96651,0.060641,-0.051054,-0.11666,0.043125,-0.18092,-0.093462,0.79651,0.44978,0.32074,0.81259,0.21137,0.30479,-0.61188,-0.68393,0.77781,0.30308,0.13794,0.17997,0.2524,0.43758,-0.14067,0.63472,0.27534,-0.20216,-0.40734,0.0097501,0.29638,0.55924,0.083191,0.3492,0.37129,-0.20778,-0.44144,0.58272,0.41805,0.16565,0.39607,0.48416,0.56287,0.20786,0.28679,-0.47113,0.21742,0.97444,0.82933,0.63145,0.84493,0.232,-0.11436,0.57678,0.45046,0.74963,0.89868,-0.57816,-0.46727,0.010067,-0.080719,-0.78876,-0.53885,-0.08955,-0.034047,-0.081446,-0.35339,-0.41916,-0.70419,0.37843,-0.17003,0.11911,-0.22324,-0.12717,0.059301
0.37826,-0.0093743,0.59305,0.67695,0.53411,0.04316,0.39714,0.011722,0.87534,0.2215,0.76361,0.37773,0.44396,0.31622,0.74964,0.4894,0.22549,0.19428,0.51336,0.55815,0.16952,0.78421,0.20778,0.34686,0,0.56377,0.302,0.73178,0.25384,-0.10804,0.44502,0.066154,0.29938,0.32954,0.24447,-0.015929,0.52946,0.58813,0.42811,0.80926,0.19146,0.81272,-0.020229,-0.075526,0.4397,0.46674,-0.51805,-0.44437,-0.17143,0.74609,0.68852,0.33903,0.46857,0.083996,0.34499,-0.19202,-0.16095,-0.53691,-0.20615,0.75664,0.63706,0.24323,0.089032,-0.084392,-0.2977,-0.10623,-0.10177,0.51215,0.31919,0.083751,0.0049717,0.59267,0.46014,0.3821,0.37412,0.66694,0.51964,0.45414,0.421,0.16928,0.483,0.33167,0.32083,0.55502,0.48979,0.69932,0.63955,-0.49846,-0.53233,-0.1075,-0.017243,-0.13896,-0.57029,0.19524,-0.0060583,0.16662,0.0023117,-0.32902,-0.18451,0.076705,-0.28243,0.40491,0.22529,-0.048677,0.0097544
0.50389,0.69538,-0.024371,0.064172,0.42526,0.77711,0.68353,0.63876,0.53549,0.79318,0.44843,0.4216,0.81509,0.73916,0.59939,0.53976,1.1414,0.29008,1.2999,1.4967,1.1186,1.0138,1.0245,1.2835,0.56377,0,0.60176,0.89618,0.73825,0.34261,0.41603,0.67681,0.87372,0.90999,0.17094,-0.11742,0.1149,0.082038,-0.023601,-0.013067,0.73215,0.60351,0.25777,0.56148,0.41146,0.47599,-0.40917,-0.61159,0.4942,0.42888,0.11171,0.388,0.2403,0.23894,-0.11535,0.4112,0.17271,-0.52451,-0.77777,0.10203,0.32133,0.48891,0.075838,0.20596,0.15629,-0.2414,-0.62368,0.63178,0.53308,0.19181,0.39826,0.61008,0.64053,0.26543,0.34685,-0.29404,0.061086,1.1196,0.90598,0.73923,1.1039,0.46756,0.073557,0.58394,0.41711,0.86933,1.2039,-0.59149,-0.55215,0.27412,0.2118,-0.74255,-0.75452,0.03045,-0.029906,0.14333,-0.17208,-0.2218,-0.77375,0.43181,-0.3018,0.27625,0.12181,0.097074,0.24213
0.41384,0.44257,-0.50352,-0.27668,0.27129,0.48226,0.35828,0.33261,0.42234,0.32793,0.03127,-0.083517,0.29648,0.27154,0.35029,0.083347,0.75269,-0.029603,0.55197,0.51257,0.85634,0.22987,0.87797,0.83631,0.302,0.60176,0,0.75898,0.69981,0.43362,0.17275,0.22863,0.20748,0.4536,-0.26848,-0.33119,-0.37668,-0.21038,-0.29189,-0.18869,0.61401,0.14138,0.077249,0.3237,0.35796,0.35796,-0.95348,-0.99147,0.59241,0.27497,0.29125,-0.12635,0.46223,0.29264,-0.23976,0.23486,-0.21457,-0.19884,-0.020442,0.28116,0.15495,0.46351,0.043607,0.081001,-0.10496,-0.48119,-0.46419,0.36685,0.060816,-0.19286,0.048124,0.2554,0.34874,0.018043,0.16828,-0.15831,0.16021,0.23001,0.18796,0.02414,0.41102,-0.041107,-0.2086,0.066846,0.045415,0.15915,0.25825,-0.36245,-0.42558,-0.2156,-0.094764,-0.31766,-0.38151,0.30883,0.1308,0.35412,0.096346,-0.25491,-0.35644,0.25423,-0.28791,0.021919,-0.4296,-0.26755,0.012193
1.1308,0.50344,0.12239,0.2348,1.1101,0.62347,0.87954,0.46956,0.73227,0.68228,0.79117,0.50278,0.59702,0.51974,1.0422,0.85104,0.56535,0.025752,0.56986,0.66982,0.681,0.88449,0.53692,0.69667,0.73178,0.89618,0.75898,0,1.0754,0.36878,0.73823,0.50901,0.58264,0.65188,0.33516,0.15228,0.36018,0.32944,0.46444,0.34086,0.93937,0.90693,0.44469,0.41164,0.5712,0.58904,-0.82279,-1.033,0.25843,0.63472,0.41791,0.29983,0.79536,0.25459,0.22929,0.17587,0.12925,-0.66469,-0.46346,0.69777,0.78682,0.74012,0.226,0.20645,0.048811,-0.12307,-0.35128,1.0569,0.62599,0.40433,0.48788,0.79678,0.78089,0.40758,0.52148,0.16816,0.33554,0.66595,0.55517,0.43706,0.71251,0.19966,-0.090277,0.15457,0.04064,0.54645,0.52193,-1.0083,-1.2121,0.1615,0.12715,-0.48072,-0.72156,0.1661,-0.022527,0.33473,-0.011284,-0.38248,-0.55106,0.11903,-0.53309,0.27961,0.13093,-0.10203,-0.053392
0.82719,0.72183,-0.077872,0.081617,0.90524,1.1622,0.91007,0.8133,0.35628,0.8931,0.48768,0.5525,0.67159,0.77623,0.714,0.81681,0.81748,-0.07542,0.49909,0.63172,1.093,0.34078,0.8068,0.98473,0.25384,0.73825,0.69981,1.0754,0,1.0582,0.56031,0.79336,0.78285,0.90932,0.46577,0.38662,0.21517,0.24747,0.33173,0.18094,1.1129,0.73552,0.83728,0.91621,0.32386,0.42307,-0.82768,-0.96498,0.5132,0.52256,0.28428,0.046987,0.65378,0.3753,0.21653,0.49638,0.4998,-0.29559,-0.27066,0.30792,0.61744,1.1463,0.37965,0.43056,0.58455,-0.036503,-0.2489,1.2643,0.81152,0.70446,0.84143,0.6387,0.70097,0.30426,0.40284,-0.1886,0.34316,0.80252,0.66641,0.60042,0.6306,-0.077385,-0.28127,0.099072,0.089198,0.52448,0.42163,-1.0948,-1.0466,0.047854,-0.094426,-0.69504,-0.47765,-0.11216,-0.11195,0.0039417,-0.27937,-0.49063,-0.57612,0.16262,-0.28631,0.1433,-0.15059,-0.28053,-0.14347
0.39472,0.79862,-0.28191,-0.11944,0.4408,1.1305,0.49053,0.94828,0.047594,0.58516,0.044556,0.40425,0.43457,0.60753,0.3391,0.44061,0.71579,-0.14731,0.34779,0.37356,0.94258,-0.024797,0.68931,0.78028,-0.10804,0.34261,0.43362,0.36878,1.0582,0,0.40832,0.95383,0.62343,0.81691,0.29391,0.51131,0.068171,0.24953,0.05183,0.042683,0.56144,0.32315,0.78904,1.0744,0.21543,0.28673,-0.37777,-0.36367,0.44434,0.17824,0.10478,-0.066063,0.21803,0.32049,0.046552,0.52784,0.70882,0.32809,0.12434,-0.0057032,0.31958,0.85808,0.42764,0.66759,0.94553,0.23561,0.14101,0.71883,0.54243,0.65712,0.88673,0.56829,0.67599,0.42518,0.44717,-0.56389,0.11052,0.56444,0.43799,0.45935,0.36976,-0.16109,-0.39194,0.1574,0.0037713,0.44593,0.22412,-0.37627,-0.27669,0.12902,-0.015098,-0.66098,-0.2624,-0.49939,-0.35129,-0.46743,-0.53328,-0.75522,-0.65007,0.23209,0.065729,0.14465,-0.22354,-0.51009,-0.32626
1.1888,0.57584,0.3268,0.31179,1.0662,0.50835,0.72622,0.58438,0.56228,0.60076,0.91435,0.76135,0.64198,0.56395,0.90527,0.77896,0.11619,0.043407,0.20861,0.32053,0.25688,0.58002,0.048502,0.2348,0.44502,0.41603,0.17275,0.73823,0.56031,0.40832,0,0.79063,0.78565,0.7626,0.84241,0.73969,0.81763,0.57837,0.62653,0.51919,0.41064,0.89774,0.71853,0.48442,1.2694,1.3605,-0.11469,-0.17438,-0.25959,0.64388,0.47241,0.30452,0.38995,0.05618,0.28086,-0.11658,0.37675,-0.10679,-0.055861,0.77397,0.83223,0.60865,0.37123,0.56326,0.28592,0.50418,0.26127,0.81297,0.48488,0.74024,0.78457,1.5078,1.3891,1.3179,1.3958,0.076568,0.10808,0.52199,0.39314,0.45465,0.53433,0.20797,0.0074469,0.11078,-0.28256,0.5932,0.20672,-0.4172,-0.45326,0.72828,0.70615,-0.41072,-0.54348,-0.16468,-0.35571,-0.22436,-0.27643,-0.64711,-0.64347,0.097287,-0.063266,0.42123,0.6025,-0.098615,-0.19228
0.69009,1.3735,-0.088353,0.065254,0.66023,1.4066,0.78038,1.5514,0.30675,1.1167,0.38288,0.9256,0.54236,0.66315,0.36074,0.5197,0.59109,-0.17122,0.49948,0.48426,0.81875,0.44964,0.62249,0.74212,0.066154,0.67681,0.22863,0.50901,0.79336,0.95383,0.79063,0,0.86877,0.9418,0.4593,0.53235,0.32444,0.37029,0.2282,0.092181,0.70827,0.68073,0.82773,1.2183,0.42155,0.57259,-0.0058636,-0.11705,0.25905,0.14931,-0.077459,0.25198,0.108,0.30957,-0.058774,0.43733,0.85242,0.099192,-0.30196,0.048156,0.40955,0.55318,0.2204,1.0693,0.94613,0.56573,0.17855,0.67575,0.53834,0.70697,1.0432,0.88849,1.1502,0.82914,0.91721,-0.63847,0.0051816,0.85763,0.65055,0.73355,0.62585,0.19547,-0.29292,0.31928,-0.1149,0.66738,0.40093,-0.37864,-0.29095,0.71758,0.42179,-0.55536,-0.37591,-0.37673,-0.29058,-0.34947,-0.37207,-0.74503,-0.77569,0.13553,-0.09032,0.14021,0.27511,-0.20671,-0.30497
0.66251,0.84859,0.32164,0.29572,0.59995,0.96523,0.77948,0.90075,0.40958,0.95032,0.66378,0.73526,1.8052,1.7735,0.73753,0.79518,0.73876,0.24347,0.78712,0.96032,0.75316,0.55207,0.55294,0.7635,0.29938,0.87372,0.20748,0.58264,0.78285,0.62343,0.78565,0.86877,0,1.6421,0.83229,0.49549,0.44755,0.25365,0.18472,0.17025,0.54147,0.73465,0.52774,0.76207,0.68762,0.81426,-0.2507,-0.29271,0.22528,0.7709,0.44736,0.30719,0.36262,0.37725,0.32954,0.31322,0.3933,-0.28603,-0.41422,0.29384,0.69583,0.77321,0.30512,0.4095,0.49986,0.076773,-0.19653,0.73266,0.64169,0.60266,0.7417,0.87214,0.81084,0.61825,0.66112,-0.23536,0.16184,1.4242,1.2871,1.3669,1.2545,0.31724,0.10403,0.57763,0.25353,1.0989,0.75774,-0.60193,-0.45529,0.42501,0.31697,-1.0927,-0.44674,-0.16908,-0.14511,-0.3775,-0.54194,-0.41424,-0.80098,0.28277,0.14685,0.28642,0.35151,0.25467,0.18347
0.73755,0.93317,0.10134,0.12702,0.65126,1.0767,0.95181,1.0864,0.57811,0.96728,0.56261,0.65232,1.4448,1.6145,0.64982,0.60603,0.93373,0.076878,0.85022,1.0022,1.0398,0.4204,0.77159,0.96651,0.32954,0.90999,0.4536,0.65188,0.90932,0.81691,0.7626,0.9418,1.6421,0,0.54142,0.3367,0.2569,0.1692,0.084525,0.11206,0.70452,0.66524,0.56635,0.97444,0.71724,0.82887,-0.42893,-0.4383,0.36315,0.68453,0.44852,0.12914,0.43393,0.36715,0.2141,0.4814,0.4165,-0.13061,-0.24876,0.30324,0.53225,0.82294,0.20122,0.39006,0.43954,0.058819,-0.1308,0.79887,0.56645,0.47609,0.61575,0.86119,0.85888,0.65645,0.77446,-0.29147,0.19412,1.3486,1.1458,1.0394,1.3142,0.091283,-0.13428,0.63446,0.24334,1.1742,0.70687,-0.57426,-0.42251,0.35617,0.30922,-1.05,-0.54458,-0.15891,-0.17614,-0.2839,-0.4165,-0.71058,-0.8488,0.21165,-0.0068373,0.17609,0.095807,0.01043,-0.056196
0.59537,0.26784,0.82292,0.72193,0.76351,0.39034,0.55798,0.37733,0.22581,0.56787,1.0024,0.88104,0.7244,0.73593,0.61861,0.8908,-0.037449,0.064943,0.0088224,0.1623,0.033309,0.24184,-0.11248,0.060641,0.24447,0.17094,-0.26848,0.33516,0.46577,0.29391,0.84241,0.4593,0.83229,0.54142,0,1.1737,1.0275,0.56324,0.87797,0.62623,0.25032,0.89963,0.71335,0.38419,0.47415,0.62625,-0.049015,-0.043167,-0.27223,0.79006,0.51212,0.23651,0.37747,0.15312,0.71794,-0.076498,0.48325,-0.27623,-0.14552,0.54485,0.93029,0.53789,0.38912,0.38308,0.54891,0.43211,0.20522,0.65494,0.59144,1.045,0.73844,0.63337,0.5256,0.57652,0.54496,0.23556,0.35798,0.54102,0.53952,0.63162,0.36402,0.091048,0.2086,0.08183,-0.024398,0.46345,0.1331,-0.64989,-0.5645,0.28875,0.1321,-0.36735,-0.13324,-0.19658,-0.17265,-0.42577,-0.45612,-0.2521,-0.17438,-0.070776,0.16195,0.20194,0.53134,0.20792,0.008611
0.45243,0.32641,0.48919,0.50907,0.62946,0.40409,0.38393,0.45197,0.081101,0.40202,0.47699,0.79667,0.32002,0.38563,0.35064,0.55655,-0.15992,-0.18196,-0.14363,-0.083019,-0.066045,0.038793,-0.20517,-0.051054,-0.015929,-0.11742,-0.33119,0.15228,0.38662,0.51131,0.73969,0.53235,0.49549,0.3367,1.1737,0,0.80362,0.72256,0.78674,0.59387,0.15258,0.61557,0.7565,0.39231,0.29331,0.41412,0.10546,0.17526,-0.41263,0.30062,0.29959,0.066915,0.26702,0.22688,0.62342,-0.078003,0.67068,0.10486,0.10838,0.35847,0.7607,0.39732,0.46595,0.72823,0.72257,0.8218,0.59891,0.46479,0.37466,1.0524,0.76999,0.59566,0.5472,0.75925,0.62837,0.076565,0.33854,0.28857,0.25927,0.44521,0.097975,-0.017097,-0.076824,-0.10451,-0.20775,0.28484,-0.072106,-0.32771,-0.29207,0.36112,0.17305,-0.168,0.026895,-0.35421,-0.22193,-0.69816,-0.54184,-0.43477,-0.24209,-0.15218,0.29814,0.20599,0.40045,-0.11769,-0.2619
0.51922,0.077965,0.91178,0.77216,0.70954,0.094416,0.2645,0.10959,0.19467,0.26968,0.93059,0.71979,0.3908,0.32483,0.77097,0.88363,-0.22762,0.21145,-0.028721,0.13024,-0.15707,0.46785,-0.32626,-0.11666,0.52946,0.1149,-0.37668,0.36018,0.21517,0.068171,0.81763,0.32444,0.44755,0.2569,1.0275,0.80362,0,1.264,1.1163,1.2633,-0.033874,0.90365,0.35416,-0.0033536,0.45938,0.52237,0.081895,0.077118,-0.6354,0.66121,0.42448,0.33744,0.2901,0.0018849,0.73561,-0.41373,0.26995,-0.25532,-0.10361,0.5329,0.82096,0.47863,0.63609,0.28515,0.30212,0.45816,0.36207,0.66972,0.74867,0.90888,0.66881,0.78678,0.64789,0.67018,0.53762,0.46327,0.19782,0.40098,0.34748,0.36275,0.2575,0.27823,0.32857,0.18339,0.053263,0.50717,0.23055,-0.34028,-0.36567,0.32939,0.23714,-0.10084,-0.18198,-0.18385,-0.25365,-0.20617,-0.13976,-0.28642,-0.17847,0.035586,0.095612,0.61153,0.89389,-0.011516,-0.04906
0.31812,0.13229,0.61325,0.73972,0.57292,0.16601,0.16112,0.16668,0.19794,0.21126,0.5145,0.66948,0.18356,0.16521,0.58837,0.62169,-0.10606,0.053515,0.083773,0.12808,-0.056589,0.41181,-0.13071,0.043125,0.58813,0.082038,-0.21038,0.32944,0.24747,0.24953,0.57837,0.37029,0.25365,0.1692,0.56324,0.72256,1.264,0,0.83411,1.5024,-0.058774,0.816,0.25042,-0.0039686,0.23722,0.32162,0.0028458,0.080656,-0.57264,0.38795,0.34747,0.24308,0.24596,0.16055,0.5886,-0.36243,0.28477,-0.043469,0.042347,0.38915,0.75659,0.40847,0.67864,0.47766,0.36745,0.52714,0.53881,0.58959,0.59748,0.70235,0.57729,0.77216,0.70321,0.70275,0.51387,0.35844,0.34198,0.33809,0.26721,0.22656,0.14833,0.28388,0.18292,0.26879,0.18621,0.52311,0.29023,-0.22761,-0.25245,0.13899,0.039703,0.019777,-0.13287,-0.24122,-0.22473,-0.31238,-0.18608,-0.49447,-0.21951,0.061305,0.1332,0.66828,0.55333,-0.35152,-0.22468
0.63204,-0.041472,0.72302,0.72137,1.0347,0.090376,0.52046,0.10017,0.33826,0.30869,1.0154,0.78131,0.1276,0.14222,0.5009,0.7542,-0.31878,-0.22985,-0.25619,-0.12217,-0.19529,0.27455,-0.31652,-0.18092,0.42811,-0.023601,-0.29189,0.46444,0.33173,0.05183,0.62653,0.2282,0.18472,0.084525,0.87797,0.78674,1.1163,0.83411,0,1.02,0.28981,0.95008,0.61178,0.12475,0.16121,0.23218,-0.13052,-0.14237,-0.4048,0.40701,0.26659,0.19312,0.48448,-0.027104,0.71828,-0.11936,0.47041,-0.32901,-0.14271,0.63246,0.73472,0.30885,0.23765,0.20644,0.24973,0.52778,0.37346,0.67907,0.57809,0.9138,0.47655,0.45207,0.36322,0.44839,0.41695,0.62214,0.46737,0.21816,0.17775,0.18739,0.038188,-0.10565,-0.061559,-0.12722,-0.14603,0.22272,-0.046488,-0.67285,-0.73479,0.17905,0.017242,0.06758,-0.17657,-0.10043,-0.15378,0.025251,-0.017799,-0.31472,0.063097,-0.40002,-0.34905,0.13008,0.38489,-0.14223,-0.41578
0.33995,-0.10894,0.86285,0.94446,0.63197,-0.039699,0.19988,-0.028269,0.35043,0.12637,0.7296,0.57352,0.21182,0.17281,0.59961,0.55789,-0.25126,0.015553,-0.03954,0.057931,-0.20763,0.28076,-0.2606,-0.093462,0.80926,-0.013067,-0.18869,0.34086,0.18094,0.042683,0.51919,0.092181,0.17025,0.11206,0.62623,0.59387,1.2633,1.5024,1.02,0,-0.076678,0.8615,0.17386,-0.14912,0.25932,0.34753,-0.17331,-0.036178,-0.67793,0.63371,0.63142,0.084247,0.45435,0.10819,0.85272,-0.45264,0.10749,-0.20536,0.12712,0.65314,0.78624,0.36632,0.52236,0.1876,0.12915,0.34752,0.47944,0.56765,0.49996,0.55016,0.30524,0.56349,0.45251,0.5274,0.41092,0.80187,0.57738,0.24258,0.22319,0.11608,0.11689,0.070467,0.21509,0.22037,0.25646,0.45077,0.18612,-0.34604,-0.38075,-0.083377,-0.098857,0.13412,-0.092633,-0.028239,-0.089516,-0.13474,-0.030441,-0.41718,0.027609,-0.11684,0.042154,0.47788,0.40289,-0.27592,-0.23177
0.87939,0.72174,-0.14669,0.017168,0.88942,1.0095,1.4722,0.90743,0.67842,1.0709,0.52523,0.63115,0.4596,0.57717,0.29524,0.42591,0.70107,-0.44709,0.47434,0.47657,0.89227,0.37258,0.82318,0.79651,0.19146,0.73215,0.61401,0.93937,1.1129,0.56144,0.41064,0.70827,0.54147,0.70452,0.25032,0.15258,-0.033874,-0.058774,0.28981,-0.076678,0,0.64747,0.72496,1.0236,0.1588,0.25714,-0.64466,-0.81535,0.68268,0.18987,0.015638,0.0454,0.62192,0.36762,0.053445,0.88022,0.53695,-0.39762,-0.57093,0.25475,0.36293,0.43843,-0.19879,0.32039,0.31763,0.040586,-0.28311,0.67615,0.3725,0.36083,0.3793,0.33627,0.409,0.2338,0.41769,-0.20943,0.37941,0.69001,0.61549,0.56728,0.61887,-0.19018,-0.63215,0.079525,-0.064522,0.39458,0.31105,-1.0635,-0.97638,0.2083,0.029612,-0.46006,-0.45146,0.093979,0.089641,0.25036,-0.038444,-0.44671,-0.37657,-0.25119,-0.73064,-0.31071,-0.22526,-0.094533,-0.36347
0.92388,0.49885,0.62704,0.85746,1.3397,0.62739,1.0002,0.61834,0.81041,0.98939,1.4049,1.4302,0.69094,0.70068,0.72642,0.84097,0.24486,-0.16328,0.39981,0.46861,0.34037,0.69368,0.29144,0.44978,0.81272,0.60351,0.14138,0.90693,0.73552,0.32315,0.89774,0.68073,0.73465,0.66524,0.89963,0.61557,0.90365,0.816,0.95008,0.8615,0.64747,0,0.56844,0.45923,0.43747,0.66158,-0.34994,-0.34341,-0.11002,0.73937,0.47918,0.24522,0.6829,0.40018,0.58335,0.068208,0.41569,-0.52622,-0.40942,0.68524,1.1089,0.55384,0.23559,0.51437,0.4008,0.36439,0.12796,0.94124,0.65674,0.71368,0.5852,0.85438,0.8334,0.72513,0.7879,0.28861,0.68153,0.8706,0.80158,0.65987,0.66515,0.17068,-0.020534,0.36577,0.18605,0.81554,0.49073,-0.98189,-0.92729,0.22167,0.063597,-0.24407,-0.34371,0.060944,0.029786,-0.047353,-0.12854,-0.57296,-0.27252,-0.16868,-0.24822,0.18051,0.39293,-0.052082,-0.23335
0.63759,0.40222,-0.0030201,0.038168,0.80198,0.66318,0.82267,0.6419,0.17703,0.57102,0.47409,0.62828,0.28916,0.41154,0.3862,0.70389,0.22709,-0.2216,-0.042088,0.099575,0.4326,0.077525,0.20683,0.32074,-0.020229,0.25777,0.077249,0.44469,0.83728,0.78904,0.71853,0.82773,0.52774,0.56635,0.71335,0.7565,0.35416,0.25042,0.61178,0.17386,0.72496,0.56844,0,1.1136,0.27844,0.33842,-0.19319,-0.32442,0.18451,0.20274,-0.014741,0.13509,0.15701,-0.13962,0.058266,0.46546,1.2956,0.12885,-0.031106,0.20654,0.35069,0.53438,0.1624,0.48472,0.74146,0.54768,0.21118,0.8734,0.61096,1.1859,0.94664,0.58021,0.58529,0.49835,0.54061,-0.22646,0.10247,0.39708,0.23469,0.3352,0.14833,-0.27127,-0.35488,-0.18022,-0.30405,0.27139,-0.020045,-0.65999,-0.59887,0.42023,0.20088,-0.46939,-0.50736,-0.6093,-0.58263,-0.28766,-0.49775,-0.56112,-0.40666,-0.039257,-0.35667,0.0062961,-0.037883,-0.36744,-0.48672
0.53492,0.89744,-0.20279,-0.071388,0.56263,1.2973,0.99986,1.3257,0.32021,0.96287,0.28229,0.66227,0.51379,0.72671,0.18555,0.40542,0.73404,-0.33275,0.38932,0.39636,0.98062,0.12007,0.77812,0.81259,-0.075526,0.56148,0.3237,0.41164,0.91621,1.0744,0.48442,1.2183,0.76207,0.97444,0.38419,0.39231,-0.0033536,-0.0039686,0.12475,-0.14912,1.0236,0.45923,1.1136,0,0.22172,0.32771,-0.24926,-0.34046,0.62223,0.10744,-0.077672,0.096443,0.13801,0.19484,-0.11685,0.95439,1.0604,0.15421,-0.20736,0.010273,0.22884,0.4617,-0.076577,0.59517,0.81082,0.37068,0.044278,0.60896,0.40203,0.59005,0.68206,0.48008,0.5755,0.45672,0.58227,-0.63719,0.11768,0.72606,0.57483,0.61728,0.4947,-0.17257,-0.50827,0.20771,-0.095519,0.49582,0.23914,-0.57145,-0.40109,0.39998,0.17212,-0.70588,-0.43288,-0.4381,-0.31774,-0.32437,-0.48715,-0.71155,-0.55384,-0.028623,-0.28279,-0.21057,-0.18076,-0.2046,-0.43073
0.794,0.42651,0.20221,0.11064,0.53353,0.27352,0.38295,0.31838,0.46813,0.31126,0.58571,0.27034,0.71694,0.53105,0.8749,0.48745,0.16342,0.32252,0.28761,0.39963,0.23902,0.49325,0.050406,0.21137,0.4397,0.41146,0.35796,0.5712,0.32386,0.21543,1.2694,0.42155,0.68762,0.71724,0.47415,0.29331,0.45938,0.23722,0.16121,0.25932,0.1588,0.43747,0.27844,0.22172,0,1.7809,-0.15812,-0.19246,-0.20586,0.77165,0.67034,0.25964,0.29104,-0.016424,0.11666,-0.2885,-0.064979,-0.089418,0.08893,0.76759,0.56488,0.52666,0.3305,0.237,-0.043823,0.11081,0.036015,0.48644,0.2379,0.2641,0.41265,1.0625,0.96629,0.85443,0.93188,0.078485,-0.084383,0.35396,0.27904,0.28059,0.57069,0.30335,0.23829,0.18374,-0.21684,0.47985,0.2111,-0.15243,-0.19491,0.52429,0.76341,-0.46936,-0.52,-0.0014675,-0.29047,-0.14102,-0.1929,-0.40146,-0.61828,0.33383,0.11632,0.49185,0.52689,0.07512,0.11301
0.87455,0.59849,0.25916,0.26671,0.64162,0.43712,0.51437,0.50449,0.57267,0.56716,0.72239,0.50671,0.83459,0.67731,0.74808,0.45221,0.17851,0.16326,0.33813,0.42961,0.28523,0.48206,0.14565,0.30479,0.46674,0.47599,0.35796,0.58904,0.42307,0.28673,1.3605,0.57259,0.81426,0.82887,0.62625,0.41412,0.52237,0.32162,0.23218,0.34753,0.25714,0.66158,0.33842,0.32771,1.7809,0,-0.14641,-0.14858,-0.23169,0.84974,0.6982,0.13904,0.38279,0.19392,0.19364,-0.26106,0.014224,-0.15685,0.026766,0.75101,0.68378,0.55373,0.33883,0.46651,0.14654,0.21953,0.11,0.52025,0.24519,0.31682,0.46596,1.051,1.0731,0.94875,1.0983,0.047115,0.11222,0.48131,0.42336,0.40704,0.66359,0.27016,0.18088,0.23495,-0.13063,0.5612,0.25049,-0.25837,-0.27716,0.46789,0.59871,-0.36254,-0.34747,0.097482,-0.11068,-0.185,-0.16808,-0.46725,-0.5077,0.21227,0.16787,0.36049,0.52351,0.063272,0.06594
