,,,,,,,,,,,,,,,,,,,,,,,,,,,,,,,,,,,,,,,,,,,,,,,,,,,,,,,,,,,,,,,,,,,,,,,,,,,,,,,,,,,,,,,,,,,,,,,,,,,,,,,,
0,0.28526,-1.1386,-1.3593,1.1449,0.31108,1.0909,0.31244,2.1704,0.34445,0.18105,-0.39327,-0.09674,-0.012111,0.1414,0.11388,0.63031,-0.69426,0.32597,0.39491,0.7474,0.20752,0.62085,0.54046,0.28132,1.5437,0.96451,1.2521,0.47531,0.15811,0.39649,0.50691,-0.14212,0.36307,-1.267,-1.39,-0.73831,-0.49532,-0.3223,-0.62911,1.2548,-0.050127,0.99043,0.6514,0.93722,0.17665,-0.80038,-1.6406,1.0372,-0.23384,-0.64866,0.2192,0.0081544,-0.34307,-1.6035,0.97445,0.55517,0.08724,-0.2772,0.51753,-0.64924,0.14838,-0.68069,-0.2866,-0.19967,-0.65978,-0.62905,0.67673,0.20406,-0.59572,-0.056632,0.11441,0.30517,-0.20418,0.60301,-0.46601,-0.44406,0.15483,-0.098919,-0.61096,0.3671,-0.51138,-0.84115,0.14854,-0.71127,-0.10038,-0.13697,-0.78944,-1.3609,0.13807,0.15801,-0.75044,-1.0344,-0.14004,-0.60703,0.95391,0.84894,-0.49251,-0.18358,-0.19911,-1.2938,-0.48355,-0.63259,-0.29909,-1.0644
0.28526,0,-0.93382,-0.28924,0.30779,3.6373,0.68689,3.2074,0.28363,1.4775,-0.76509,0.89023,0.95371,1.1928,-0.24777,-0.39839,1.8352,-1.5801,1.7875,2.089,1.5757,-0.84802,1.8333,2.0471,-0.5143,0.64164,1.2415,0.26585,2.06,1.813,-0.53278,1.8016,1.0736,1.9128,-0.13469,0.081534,-0.81301,-0.16269,-1.2284,-0.31527,0.80615,0.47273,0.87854,1.3793,-0.13704,0.76722,-1.4206,-0.69823,0.90625,0.59362,0.70253,-1.1142,1.7532,1.1213,-0.085235,0.95352,1.1156,0.91888,0.94984,-0.62995,0.25168,1.5414,0.17603,1.0255,1.3866,-0.39587,0.055685,0.64006,0.13926,-0.01891,0.68204,0.10946,0.53759,0.055368,0.75334,-1.7483,0.96323,2.2326,1.4216,0.74282,1.8549,-0.91656,-1.0121,1.2701,0.54842,0.81072,0.36917,-0.82715,-0.41423,-1.3763,-1.3042,-1.3771,0.33896,0.092055,0.47856,-0.44338,-0.53096,-1.0085,-0.26764,0.1713,0.25451,-0.42691,-1.5444,-0.51538,-0.47435
-1.1386,-0.93382,0,1.2219,-0.80926,-0.94302,-1.3314,-0.98929,-1.1378,-0.83586,0.32259,-0.06428,-0.3242,-0.45954,0.10617,0.24399,-1.3863,1.5941,-0.88325,-1.0256,-1.5437,0.30081,-1.3386,-1.2151,0.15326,-1.3321,-1.8497,-0.78483,-1.117,-0.74885,-0.029048,-1.1762,-0.33843,-1.0017,0.79683,0.57307,1.168,0.44491,0.87718,0.65172,-1.6478,-0.059382,-1.7397,-1.3637,-0.48361,-0.50737,1.5068,1.5993,-1.4346,-0.030512,0.093809,0.38041,-0.56917,-0.21059,0.81538,-1.7027,-1.3174,-0.61448,-0.29545,0.11293,0.34212,-0.65204,0.31899,-0.24388,-0.34652,0.62533,0.32082,-0.79776,-0.13369,0.39878,-0.2552,-0.12109,-0.47892,0.072165,-0.9423,1.2164,-0.10205,-0.68974,-0.39886,0.018581,-0.93746,1.056,2.0165,-0.52574,0.16709,-0.30007,-0.063268,0.92061,0.85689,0.34487,0.30913,1.4447,0.35977,0.065075,0.12905,-0.2509,-0.17473,0.94092,0.34153,0.063508,0.45367,0.56986,1.5007,0.53644,1.1094
-1.3593,-0.28924,1.2219,0,-0.60835,-0.29319,-1.2036,-0.34708,-1.6466,-0.37012,-0.11278,0.51368,-0.013193,-0.091459,0.19294,0.27406,-0.54853,0.72032,-0.21722,-0.31988,-0.64146,0.053235,-0.55187,-0.44917,0.059456,-1.0128,-0.80202,-0.63011,-0.37699,-0.1339,-0.25908,-0.41116,0.01697,-0.43417,0.83735,1.0577,0.98691,0.7415,0.51598,0.91598,-1.1553,0.44691,-1.2409,-0.73252,-1.1318,-0.34417,0.62102,1.0671,-0.95819,0.25493,0.61812,0.015389,0.0080192,0.31174,1.462,-1.1147,-0.62726,-0.15387,0.17687,-0.15391,1.0025,-0.043784,0.81983,0.29413,0.18107,0.71188,0.68123,-0.34215,0.14556,0.79232,0.25189,0.12648,-0.066355,0.32574,-0.43728,0.58617,0.4239,-0.094986,0.083594,0.43804,-0.38042,0.83553,0.97191,0.064334,0.75852,0.21912,0.37327,0.60495,0.74771,-0.1779,-0.22059,0.72436,0.72438,-0.042348,0.37621,-0.73819,-0.65608,0.34318,0.09527,0.42701,0.91989,0.65233,0.73502,0.16529,0.79234
1.1449,0.30779,-0.80926,-0.60835,0,0.32895,0.44442,0.28389,0.80677,0.12528,-0.19228,-0.091678,-0.33469,-0.20785,0.74807,0.62893,0.60908,-0.5074,0.55927,0.53541,0.67222,0.48209,0.53356,0.56353,0.72318,0.8767,0.81811,2.9296,0.58082,0.37216,0.69815,0.66262,-0.31744,0.19771,-1.8339,-0.59813,-0.22179,0.12869,-0.0076767,-0.00026127,0.65232,0.46139,0.47184,0.34931,0.24537,-0.23772,-0.80759,-1.0753,0.53844,-0.43179,-0.41275,0.30374,0.19811,-0.1388,-0.60854,0.48476,0.7099,0.40559,0.021093,0.49669,-0.046787,0.4376,-0.048281,0.046124,-0.052101,-0.084853,-0.01599,1.5128,0.92316,0.044615,0.47545,0.78656,0.99069,0.37774,1.1675,-0.26714,-0.21966,0.24683,-0.10104,-0.53737,0.21491,-0.082532,-0.77698,0.47578,-0.2412,0.37151,0.46654,-0.40444,-0.8354,0.041323,0.036103,-0.47887,-0.94934,-0.7444,-0.8693,0.51897,0.47436,-0.95125,-0.75526,0.41889,-0.78065,0.080008,-0.3975,-0.90426,-1.7193
0.31108,3.6373,-0.94302,-0.29319,0.32895,0,0.71484,2.9822,0.30727,1.5371,-0.71475,0.88234,0.96019,1.1969,-0.23873,-0.37802,1.9211,-1.6114,1.7919,2.1203,1.6466,-0.82179,1.9432,2.1791,-0.49231,0.68533,1.2895,0.29125,2.1473,1.7319,-0.53445,1.821,1.0671,1.9464,-0.14584,0.050722,-0.82978,-0.17816,-1.2269,-0.33025,0.84166,0.49231,0.89532,1.4163,-0.11736,0.78048,-1.4851,-0.73617,0.95006,0.61651,0.68559,-1.0576,1.686,1.084,-0.10916,0.97796,1.0776,0.8646,0.89034,-0.5774,0.24339,1.525,0.15374,0.98262,1.3462,-0.42781,0.026775,0.65603,0.14828,-0.037818,0.67111,0.10376,0.53517,0.033423,0.74556,-1.745,0.93628,2.2993,1.4227,0.71588,1.9475,-0.9135,-0.99525,1.298,0.52624,0.78698,0.36014,-0.88696,-0.46255,-1.38,-1.3115,-1.4396,0.31886,0.10235,0.46695,-0.41051,-0.49672,-0.99977,-0.24761,0.16049,0.22705,-0.4476,-1.5626,-0.49994,-0.47827
1.0909,0.68689,-1.3314,-1.2036,0.44442,0.71484,0,0.76421,1.3745,1.0226,0.11084,-0.074141,0.53831,0.61458,-0.46296,-0.49793,0.96948,-1.239,0.48803,0.63065,1.0959,-0.43353,1.0623,0.86514,-0.36319,1.5737,1.2312,0.48563,0.72611,0.37745,-0.2352,0.68365,0.47096,0.98096,-0.44359,-0.88171,-2.0472,-1.0673,-1.093,-1.3784,2.2667,-0.18322,2.1366,1.4744,0.89068,0.92818,-1.0014,-1.371,2.2089,0.31234,-0.14754,-0.33012,0.30385,0.055234,-1.1667,2.1896,0.59229,0.12078,-0.044582,0.022333,-0.67881,0.30238,-0.80527,-0.048501,0.20123,-1.4197,-0.89359,0.32791,-0.25136,-0.98581,-0.1533,-0.34607,0.0081764,-0.61477,0.34933,-1.1038,-0.022635,0.51646,0.39901,-0.027422,0.96934,-1.405,-0.91385,0.25805,-0.40042,-0.10899,-0.38199,-1.4844,-1.1502,-0.28524,-0.24613,-1.4701,-0.28087,0.40226,0.063808,0.43298,0.34929,-0.37411,0.17513,-0.55145,-0.54652,-1.2772,-1.2925,-0.012528,-0.52305
0.31244,3.2074,-0.98929,-0.34708,0.28389,2.9822,0.76421,0,0.32834,1.5983,-0.70441,0.80688,1.0025,1.2563,-0.31552,-0.47156,1.8482,-1.7102,1.5935,1.8888,1.6098,-0.9093,1.9013,1.9909,-0.57428,0.67487,1.2745,0.2459,1.9063,1.6218,-0.55776,1.6867,1.1162,2.1876,-0.12922,0.039537,-0.91586,-0.23764,-1.3782,-0.3943,0.87052,0.3867,0.97148,1.5293,-0.072071,0.85115,-1.4126,-0.72381,0.97857,0.60374,0.65735,-1.1523,1.5722,1.0479,-0.13499,1.048,1.108,0.86569,0.88609,-0.64038,0.17601,1.3667,0.10762,0.93254,1.2969,-0.46175,-0.0064999,0.58415,0.070443,-0.089865,0.58986,0.045126,0.46732,-0.0074223,0.70638,-2.0093,0.89942,1.9667,1.3912,0.72594,2.0247,-1.0384,-1.0485,1.1273,0.48319,0.71613,0.28956,-0.8746,-0.43205,-1.2952,-1.2188,-1.4841,0.32865,0.14661,0.49583,-0.4042,-0.49121,-0.93762,-0.21889,0.097479,0.22557,-0.50328,-1.7195,-0.45836,-0.46102
2.1704,0.28363,-1.1378,-1.6466,0.80677,0.30727,1.3745,0.32834,0,0.42903,0.27776,-0.45074,0.022745,0.08998,-0.076927,-0.090294,0.60087,-0.73151,0.24494,0.33645,0.71881,0.062723,0.61841,0.50644,0.091336,1.5349,0.91684,0.88604,0.42048,0.099112,0.24189,0.4344,-0.037336,0.42748,-0.93742,-1.5755,-0.96154,-0.75951,-0.45632,-0.91698,1.4161,-0.22888,1.1769,0.7491,1.2273,0.34663,-0.72797,-1.4732,1.1801,-0.13061,-0.63563,0.13108,-0.03233,-0.35544,-2.1612,1.1408,0.48032,-0.0012141,-0.33342,0.4284,-0.88328,0.060289,-0.93324,-0.36028,-0.20498,-0.89265,-0.86476,0.45015,-0.022673,-0.86971,-0.22713,-0.10188,0.10577,-0.40931,0.42568,-0.53794,-0.45445,0.13528,-0.060097,-0.53127,0.42243,-0.69318,-0.79715,0.044034,-0.82166,-0.24508,-0.34396,-0.88618,-1.3009,0.13453,0.16321,-0.81181,-0.86136,0.063651,-0.43584,0.96772,0.85539,-0.34191,-0.0030323,-0.42324,-1.2183,-0.72121,-0.70056,-0.11727,-0.80611
0.34445,1.4775,-0.83586,-0.37012,0.12528,1.5371,1.0226,1.5983,0.42903,0,-0.27706,0.62255,1.4342,1.7054,-0.59814,-0.67228,1.338,-1.4603,0.95017,1.1212,1.2988,-1.073,1.5465,1.3636,-0.76334,0.80288,1.1032,0.12841,1.1996,0.90763,-0.84422,1.0317,1.3898,2.2507,0.023582,-0.14431,-1.2583,-0.58673,-1.8887,-0.7319,1.0258,0.20346,1.0909,1.7927,0.15452,1.4374,-1.1165,-0.73618,1.2437,0.96103,0.5696,-1.0086,0.97117,0.77581,-0.29233,1.2056,0.6321,0.38573,0.47018,-0.45752,-0.038244,0.81656,-0.18836,0.54899,0.97144,-0.88904,-0.3508,0.30177,-0.19974,-0.41489,0.23133,-0.298,0.12058,-0.39723,0.33481,-1.8021,0.7004,1.3576,1.376,0.67494,2.6162,-1.303,-0.71596,0.77288,0.26985,0.31828,-0.041824,-1.3343,-0.61418,-1.1471,-1.0784,-1.6578,0.35103,0.51997,0.66157,-0.23009,-0.30858,-0.50217,0.16389,-0.24146,0.12908,-0.9448,-1.5844,-0.076028,-0.21723
0.18105,-0.76509,0.32259,-0.11278,-0.19228,-0.71475,0.11084,-0.70441,0.27776,-0.27706,0,-0.84894,-0.21839,-0.3295,-0.21323,0.0067092,-0.56122,0.43788,-0.96463,-0.84148,-0.46858,0.34415,-0.47948,-0.61158,0.14034,0.083062,-0.3664,-0.091166,-0.7316,-1.2155,0.061664,-0.80844,-0.36364,-0.46234,0.096389,-0.71517,-0.015446,-0.60649,0.265,-0.43623,-0.0099436,-0.58647,-0.10417,-0.27688,0.80408,0.035032,0.47872,0.056736,-0.01715,0.0040073,-0.69342,0.7125,-1.1316,-1.0145,-0.51078,-0.11233,-0.94569,-1.9756,-2.0008,0.86681,-0.78016,-1.1441,-1.0145,-1.5226,-0.94602,-0.47032,-0.99853,-0.60684,-0.50762,-0.79149,-1.2977,-0.69372,-0.92775,-0.92365,-0.86064,0.4689,-0.91256,-0.76504,-0.58346,-0.63696,-0.41021,0.1358,0.59275,-0.86836,-1.0115,-1.6403,-1.0598,-0.10567,-0.29308,0.68943,0.68884,0.26862,-0.38586,0.52562,-0.197,0.90039,0.94747,1.0043,0.97721,-0.90803,-0.61233,-0.3897,0.40865,1.0793,0.42431
-0.39327,0.89023,-0.06428,0.51368,-0.091678,0.88234,-0.074141,0.80688,-0.45074,0.62255,-0.84894,0,0.76499,0.8175,-0.044049,-0.11696,0.5652,-0.41289,0.91619,0.8149,0.46424,-0.64159,0.5574,0.66939,-0.3726,-0.037884,0.30614,-0.14075,0.74662,1.0516,-0.69386,0.68701,0.89594,0.64633,0.36282,0.77321,-0.045855,0.3573,-0.43027,0.28299,0.010513,0.94085,0.021673,0.35677,-0.93165,0.33093,-0.45048,0.013688,0.11064,0.76494,1.8137,-0.88759,1.351,1.9323,0.66352,0.084303,0.36431,0.65239,1.1407,-0.70786,1.1017,1.1524,0.81766,1.6287,1.7105,0.12704,0.56002,0.32033,0.27914,0.53753,0.97678,0.23678,0.46996,0.32718,0.32511,-0.50969,2.1264,1.1805,1.3133,1.3045,0.69047,-0.14601,-0.16843,1.2403,1.6614,1.0863,0.72091,-0.22104,0.10036,-1.6538,-1.7799,-0.36532,0.93023,0.012796,0.7589,-1.2092,-1.2998,-0.53166,-0.21012,0.52853,0.96914,0.078877,-0.39345,-0.36564,0.047678
-0.09674,0.95371,-0.3242,-0.013193,-0.33469,0.96019,0.53831,1.0025,0.022745,1.4342,-0.21839,0.76499,0,2.5911,-0.94514,-0.97356,0.67962,-0.73625,0.56896,0.65859,0.62734,-1.7531,0.77957,0.72511,-1.2843,0.29856,0.4857,-0.33206,0.66433,0.63731,-1.7096,0.54575,2.641,1.2171,0.51085,0.16926,-0.78444,-0.52407,-1.3596,-0.5709,0.46857,0.095389,0.56312,0.91721,-0.049809,1.6136,-0.51487,-0.22092,0.61932,1.5912,0.92913,-1.3194,0.8133,0.94209,0.045767,0.61528,0.25877,0.20515,0.48806,-0.72527,0.084056,0.56135,-0.070337,0.57292,1.0598,-0.67409,-0.24972,-0.09084,-0.47623,-0.32069,0.096828,-0.56402,-0.17226,-0.50061,-0.04385,-1.0138,0.93602,1.0047,1.5812,1.1613,1.2545,-0.92806,-0.271,0.5281,0.47066,0.20764,-0.15231,-0.76108,-0.20108,-1.2461,-1.1773,-0.80846,0.85413,0.86573,1.3854,-0.53398,-0.60525,-0.13993,0.43169,-0.333,0.51117,-0.8233,-0.83534,0.21423,0.2313
-0.012111,1.1928,-0.45954,-0.091459,-0.20785,1.1969,0.61458,1.2563,0.08998,1.7054,-0.3295,0.8175,2.5911,0,-0.82283,-0.90705,0.86222,-0.9176,0.7372,0.84263,0.79648,-1.7097,0.96874,0.91411,-1.1682,0.38382,0.63353,-0.21516,0.84799,0.81091,-1.3688,0.72017,2.7233,1.5074,0.37213,0.14998,-0.86937,-0.48081,-1.5739,-0.56031,0.56919,0.1534,0.67572,1.0945,-0.055937,1.5369,-0.67145,-0.32601,0.72231,1.3276,0.9196,-1.4628,0.98725,1.0411,0.0076412,0.7339,0.41572,0.34166,0.59681,-0.76356,0.10407,0.71389,-0.033003,0.67652,1.209,-0.65537,-0.2017,0.041558,-0.36726,-0.28119,0.19913,-0.43424,-0.042669,-0.39762,0.10299,-1.2461,0.99766,1.2191,1.8201,1.1356,1.5362,-1.0362,-0.42052,0.65307,0.49637,0.31607,-0.062251,-0.82548,-0.25205,-1.3946,-1.301,-0.97173,0.75722,0.69897,1.1736,-0.53404,-0.61473,-0.28746,0.28809,-0.24698,0.46875,-0.78903,-1.0256,0.074007,0.087553
0.1414,-0.24777,0.10617,0.19294,0.74807,-0.23873,-0.46296,-0.31552,-0.076927,-0.59814,-0.21323,-0.044049,-0.94514,-0.82283,0,2.0763,-0.12064,0.28981,0.085638,-0.019202,-0.11699,1.1475,-0.20523,-0.11023,1.6778,-0.064224,-0.06395,0.70648,-0.034956,0.0014848,1.0544,0.036726,-0.84422,-0.50774,-0.65263,0.033413,0.71391,1.0282,0.84933,0.93785,-0.2693,0.6801,-0.43063,-0.48243,-0.35418,-1.239,0.0014156,-0.041882,-0.35139,-0.73794,-0.2874,0.70409,-0.094534,-0.22129,0.14214,-0.41779,0.093439,0.20787,-0.0055192,0.54803,0.47499,0.12565,0.52657,0.039924,-0.25693,0.74978,0.60469,0.71255,1.6215,0.78686,0.59472,1.492,0.88611,1.0286,0.527,0.48747,-0.22695,-0.18687,-0.46642,-0.53445,-0.4701,0.85583,0.019522,0.21131,0.060068,0.42287,0.8891,0.37413,-0.024621,0.29853,0.25726,0.3452,-0.56939,-1.5671,-0.97887,0.16828,0.19625,-0.40627,-0.91443,1.0706,-0.25832,1.0588,0.40308,-0.77505,-0.533
0.11388,-0.39839,0.24399,0.27406,0.62893,-0.37802,-0.49793,-0.47156,-0.090294,-0.67228,0.0067092,-0.11696,-0.97356,-0.90705,2.0763,0,-0.24969,0.42449,-0.067568,-0.16992,-0.23538,1.3755,-0.32114,-0.23713,2.0106,-0.081833,-0.17296,0.62627,-0.17327,-0.17363,0.95396,-0.11781,-0.93092,-0.64511,-0.53163,-0.041343,0.78922,0.86697,1.0121,0.86124,-0.32295,0.62533,-0.5353,-0.59693,-0.27738,-1.214,0.1164,0.01417,-0.39484,-0.62734,-0.34784,0.9336,-0.24971,-0.34657,0.11238,-0.51102,-0.11975,-0.027053,-0.20263,0.78067,0.40747,-0.029192,0.39031,-0.11721,-0.38559,0.63764,0.43546,0.5274,1.2452,0.63511,0.4043,1.0415,0.62374,0.73132,0.30923,0.64926,-0.32993,-0.30498,-0.55452,-0.62628,-0.57386,1.0291,0.20494,0.10263,-0.034405,0.23273,0.66133,0.34877,-0.071891,0.38205,0.33277,0.43766,-0.58648,-1.0849,-0.95449,0.27052,0.30788,-0.20513,-0.59149,0.80407,-0.31579,0.92918,0.54964,-0.49304,-0.35484
0.63031,1.8352,-1.3863,-0.54853,0.60908,1.9211,0.96948,1.8482,0.60087,1.338,-0.56122,0.5652,0.67962,0.86222,-0.12064,-0.24969,0,-2.172,1.6591,2.0265,3.0163,-0.55149,2.9833,3.1199,-0.29061,1.0444,2.0722,0.57636,2.4199,1.3629,-0.28905,2.1772,0.72705,1.6233,-0.42587,-0.20538,-0.97698,-0.25328,-1.0999,-0.4296,1.2066,0.435,1.1894,1.6395,0.0906,0.66834,-2.4849,-1.1543,1.2815,0.40031,0.36176,-0.70399,1.1685,0.68869,-0.36765,1.2973,1.2794,0.79359,0.62903,-0.31982,0.065642,1.264,-0.0086356,0.67838,0.87236,-0.53165,-0.10524,0.88044,0.23463,-0.15284,0.58692,0.17148,0.62229,0.014511,0.95018,-1.7008,0.57225,1.4668,0.93809,0.38096,1.6274,-0.95801,-1.3458,1.1234,0.26009,0.65228,0.31108,-1.0742,-0.73465,-0.91111,-0.87299,-1.8735,0.025129,0.0014983,0.19409,-0.12682,-0.20474,-1.1712,-0.31943,0.12554,-0.059269,-0.49484,-1.859,-0.58786,-0.76763
-0.69426,-1.5801,1.5941,0.72032,-0.5074,-1.6114,-1.239,-1.7102,-0.73151,-1.4603,0.43788,-0.41289,-0.73625,-0.9176,0.28981,0.42449,-2.172,0,-1.2276,-1.4591,-2.2802,0.64715,-2.3512,-1.9174,0.41978,-1.1153,-1.9882,-0.48797,-1.6363,-1.0902,0.33519,-1.5627,-0.76265,-1.7781,0.39804,0.30606,1.3135,0.4491,1.3679,0.64718,-1.452,-0.2121,-1.5552,-2.2148,-0.24997,-0.83387,1.8434,1.1884,-1.5509,-0.39935,-0.27106,0.73676,-0.94912,-0.57199,0.50121,-1.7142,-1.1904,-0.67292,-0.51449,0.33714,0.11749,-0.94888,0.17827,-0.52091,-0.74349,0.69216,0.2537,-0.66447,-0.044089,0.34054,-0.36845,-0.0041576,-0.42244,0.13646,-0.78548,2.1223,-0.46147,-1.1978,-0.86187,-0.34404,-1.6775,1.2841,1.4272,-0.82363,-0.12024,-0.44616,-0.11017,1.165,0.74582,0.77605,0.72919,2.2998,-0.0060757,-0.13499,-0.22727,0.047211,0.12532,0.9239,0.19028,0.067778,0.12206,0.69645,2.6426,0.42514,0.70011
0.32597,1.7875,-0.88325,-0.21722,0.55927,1.7919,0.48803,1.5935,0.24494,0.95017,-0.96463,0.91619,0.56896,0.7372,0.085638,-0.067568,1.6591,-1.2276,0,2.5993,1.4522,-0.47321,1.4795,1.8508,-0.18147,0.6075,1.2127,0.4937,2.2867,2.2696,-0.24541,2.364,0.66921,1.1665,-0.3302,0.11575,-0.51438,0.10681,-0.74131,-0.054459,0.66667,0.7776,0.66012,0.96513,-0.27733,0.39329,-1.5005,-0.72205,0.71117,0.34782,0.60435,-0.74727,1.7526,1.0133,-0.02126,0.72145,1.2957,1.169,1.0263,-0.45164,0.43982,2.3694,0.37417,1.1513,1.1871,-0.15968,0.26149,1.0468,0.48757,0.21974,1.0863,0.4472,0.95989,0.34068,1.1414,-1.1316,0.87085,1.7593,1.0229,0.54418,1.1769,-0.55724,-1.0385,1.7997,0.61575,1.194,0.7092,-0.63536,-0.41249,-1.1291,-1.1147,-1.0539,0.17848,-0.2213,0.21612,-0.41165,-0.48691,-1.5573,-0.57443,0.48415,0.1917,-0.13855,-1.1088,-0.88657,-0.70891
0.39491,2.089,-1.0256,-0.31988,0.53541,2.1203,0.63065,1.8888,0.33645,1.1212,-0.84148,0.8149,0.65859,0.84263,-0.019202,-0.16992,2.0265,-1.4591,2.5993,0,1.7262,-0.55867,1.7941,2.2951,-0.26508,0.71359,1.3987,0.47911,2.9736,2.0186,-0.29715,2.6408,0.75236,1.3973,-0.32586,0.034303,-0.6692,-0.02522,-0.90539,-0.18732,0.80915,0.63031,0.82508,1.1766,-0.15984,0.51964,-1.7177,-0.82262,0.86455,0.39788,0.55963,-0.81261,1.6512,0.9535,-0.11561,0.88864,1.3408,1.0581,0.92881,-0.46658,0.30788,1.8931,0.24864,1.0101,1.1519,-0.28933,0.13701,0.95246,0.36781,0.093142,0.88328,0.32415,0.8037,0.21357,1.0396,-1.3692,0.81248,1.8387,1.0734,0.5395,1.3946,-0.71784,-1.1504,1.4942,0.51732,0.98492,0.55141,-0.76311,-0.48752,-1.1254,-1.0924,-1.2729,0.16531,-0.11831,0.25231,-0.34788,-0.42722,-1.3864,-0.47133,0.34819,0.14157,-0.26614,-1.3518,-0.76157,-0.69661
0.7474,1.5757,-1.5437,-0.64146,0.67222,1.6466,1.0959,1.6098,0.71881,1.2988,-0.46858,0.46424,0.62734,0.79648,-0.11699,-0.23538,3.0163,-2.2802,1.4522,1.7262,0,-0.49359,2.7838,2.4144,-0.25318,1.2075,2.5406,0.64818,2.0123,1.1822,-0.24292,1.8982,0.65653,1.5207,-0.49458,-0.30639,-1.0574,-0.31408,-1.0804,-0.49653,1.3862,0.38387,1.3191,1.7149,0.18152,0.66776,-2.8291,-1.3326,1.4525,0.36266,0.26766,-0.61286,1.0072,0.57383,-0.47247,1.4468,1.233,0.70666,0.51999,-0.23717,-0.015223,1.1071,-0.092742,0.56281,0.74619,-0.60325,-0.18338,0.88753,0.22082,-0.22578,0.50798,0.1482,0.58807,-0.034271,0.93684,-1.6349,0.4657,1.28,0.83065,0.29069,1.5327,-0.99039,-1.3946,1.0077,0.16242,0.55847,0.25019,-1.1752,-0.84979,-0.79558,-0.76068,-2.0571,-0.056718,0.010911,0.13306,-0.029453,-0.10671,-1.1145,-0.29126,0.07172,-0.15443,-0.54832,-1.8956,-0.55328,-0.82183
0.20752,-0.84802,0.30081,0.053235,0.48209,-0.82179,-0.43353,-0.9093,0.062723,-1.073,0.34415,-0.64159,-1.7531,-1.7097,1.1475,1.3755,-0.55149,0.64715,-0.47321,-0.55867,-0.49359,0,-0.62295,-0.58077,1.934,-0.122,-0.36252,0.50724,-0.53993,-0.60984,1.4197,-0.45853,-1.908,-1.0571,-0.57308,-0.29834,0.72222,0.48281,1.3097,0.53085,-0.34326,0.096471,-0.52013,-0.79252,0.081641,-1.3476,0.37539,0.077765,-0.45699,-1.0294,-0.88558,1.8114,-0.76053,-0.9282,-0.12693,-0.53719,-0.31896,-0.31941,-0.6172,1.1318,-0.033323,-0.47874,0.018513,-0.59741,-0.99234,0.49485,0.13715,0.20446,0.62127,0.26833,-0.051226,0.58479,0.22633,0.40412,0.059388,0.95513,-0.9033,-0.81487,-1.2397,-1.2643,-0.99222,0.98019,0.30953,-0.36112,-0.48206,-0.20044,0.18624,0.47504,-0.037237,0.9936,0.92567,0.64326,-0.96106,-0.79612,-1.4601,0.66056,0.73249,0.1054,-0.34111,0.33775,-0.63612,0.69855,0.76805,-0.18836,-0.25809
0.62085,1.8333,-1.3386,-0.55187,0.53356,1.9432,1.0623,1.9013,0.61841,1.5465,-0.47948,0.5574,0.77957,0.96874,-0.20523,-0.32114,2.9833,-2.3512,1.4795,1.7941,2.7838,-0.62295,0,2.68,-0.36145,1.0842,1.9938,0.51311,2.0853,1.2484,-0.3705,1.8314,0.81321,1.8317,-0.36008,-0.23289,-1.094,-0.34035,-1.2396,-0.51705,1.2844,0.38332,1.2677,1.8799,0.13566,0.78906,-2.1846,-1.148,1.4111,0.48729,0.376,-0.73933,1.117,0.68344,-0.39611,1.4024,1.1254,0.68786,0.57188,-0.32032,0.020531,1.1529,-0.073174,0.62917,0.87416,-0.63384,-0.18237,0.76165,0.1489,-0.23115,0.49713,0.075036,0.51147,-0.080711,0.81216,-1.8792,0.57345,1.4735,1.0004,0.40948,1.8738,-1.0616,-1.2299,1.0496,0.23417,0.56304,0.22491,-1.2151,-0.77353,-0.94359,-0.90027,-2.1864,0.059504,0.10014,0.25803,-0.11521,-0.19432,-1.0065,-0.21485,0.037669,-0.056302,-0.60141,-2.0457,-0.47264,-0.66825
0.54046,2.0471,-1.2151,-0.44917,0.56353,2.1791,0.86514,1.9909,0.50644,1.3636,-0.61158,0.66939,0.72511,0.91411,-0.11023,-0.23713,3.1199,-1.9174,1.8508,2.2951,2.4144,-0.58077,2.68,0,-0.30271,0.94328,1.7923,0.52859,2.8876,1.5008,-0.33478,2.3114,0.78345,1.6461,-0.36357,-0.13106,-0.88994,-0.19956,-1.0765,-0.36735,1.0744,0.50883,1.0558,1.5177,0.011755,0.66235,-2.1989,-1.035,1.1608,0.4537,0.44867,-0.7532,1.31,0.7885,-0.28323,1.1567,1.2222,0.82291,0.69795,-0.35775,0.1466,1.4112,0.059719,0.77241,0.98525,-0.48201,-0.049603,0.87497,0.25838,-0.092582,0.65725,0.19038,0.64728,0.04597,0.93133,-1.638,0.66799,1.6748,1.0426,0.4541,1.6831,-0.88906,-1.2144,1.2647,0.34577,0.72788,0.36587,-1.0269,-0.67545,-1.0318,-0.99381,-1.7043,0.092498,-0.00032972,0.24518,-0.20092,-0.27937,-1.1839,-0.32339,0.17188,0.014412,-0.45082,-1.6934,-0.59729,-0.70372
0.28132,-0.5143,0.15326,0.059456,0.72318,-0.49231,-0.36319,-0.57428,0.091336,-0.76334,0.14034,-0.3726,-1.2843,-1.1682,1.6778,2.0106,-0.29061,0.41978,-0.18147,-0.26508,-0.25318,1.934,-0.36145,-0.30271,0,0.004269,-0.15401,0.73564,-0.25472,-0.30825,1.3333,-0.18621,-1.2698,-0.72433,-0.722,-0.24791,0.64754,0.62402,1.0298,0.62175,-0.22461,0.36544,-0.41245,-0.57709,-0.040444,-1.2457,0.13634,-0.070244,-0.32171,-0.87285,-0.64354,1.2348,-0.42905,-0.60218,-0.095625,-0.41044,-0.11508,-0.10822,-0.37772,0.99853,0.14308,-0.18083,0.16756,-0.32762,-0.62637,0.50907,0.25383,0.48217,0.99084,0.40852,0.20997,0.88001,0.50727,0.58186,0.29236,0.67525,-0.60166,-0.46943,-0.80735,-0.97277,-0.66709,0.88171,0.14206,-0.069942,-0.28613,0.052655,0.43753,0.33116,-0.14782,0.62517,0.57625,0.42851,-0.90789,-1.047,-1.4061,0.52264,0.56657,-0.1465,-0.54715,0.57236,-0.57072,0.75923,0.53727,-0.42823,-0.44547
1.5437,0.64164,-1.3321,-1.0128,0.8767,0.68533,1.5737,0.67487,1.5349,0.80288,0.083062,-0.037884,0.29856,0.38382,-0.064224,-0.081833,1.0444,-1.1153,0.6075,0.71359,1.2075,-0.122,1.0842,0.94328,0.004269,0,1.4661,0.95004,0.82719,0.41675,0.00039676,0.80386,0.24725,0.77404,-0.76223,-1.0004,-1.1044,-0.62392,-0.68673,-0.7968,2.0352,0.11961,1.3614,1.1221,0.72065,0.53411,-1.238,-2.4052,1.8051,0.17586,-0.22471,-0.093754,0.30987,0.0014103,-1.1749,1.4492,0.6327,0.15635,-0.0783,0.28005,-0.44554,0.41091,-0.59308,-0.028144,0.14774,-0.98369,-0.6763,0.6842,0.12154,-0.6398,0.061737,-0.019757,0.29308,-0.34054,0.58305,-0.8468,-0.07628,0.52564,0.29773,-0.19856,0.8144,-0.80142,-0.9162,0.43588,-0.37536,0.04326,-0.10404,-1.4812,-1.9195,-0.24803,-0.2273,-1.3119,-0.51079,0.094675,-0.1924,0.5554,0.46754,-0.58364,-0.038603,-0.23758,-0.73974,-0.7625,-1.038,-0.23615,-0.81671
0.96451,1.2415,-1.8497,-0.80202,0.81811,1.2895,1.2312,1.2745,0.91684,1.1032,-0.3664,0.30614,0.4857,0.63353,-0.06395,-0.17296,2.0722,-1.9882,1.2127,1.3987,2.5406,-0.36252,1.9938,1.7923,-0.15401,1.4661,0,0.80257,1.5918,0.9691,-0.11972,1.587,0.49829,1.2524,-0.65176,-0.45811,-1.0889,-0.35885,-0.95213,-0.54823,1.6349,0.31623,1.4515,1.5789,0.30598,0.58702,-2.5746,-1.6876,1.6058,0.24544,0.10826,-0.455,0.79579,0.40004,-0.63404,1.5796,1.2065,0.62173,0.38164,-0.10898,-0.12478,0.91615,-0.19275,0.40892,0.55554,-0.64625,-0.26286,0.94195,0.23976,-0.29762,0.42272,0.16245,0.58181,-0.056632,0.97202,-1.3915,0.29835,1.012,0.63507,0.13193,1.2568,-0.95727,-1.4998,0.84607,0.018143,0.45244,0.19496,-1.2015,-1.0058,-0.60169,-0.57225,-1.9125,-0.21168,-0.031687,-0.0026946,0.12158,0.044851,-1.0796,-0.30341,0.032186,-0.31409,-0.56214,-1.6889,-0.55376,-0.9701
1.2521,0.26585,-0.78483,-0.63011,2.9296,0.29125,0.48563,0.2459,0.88604,0.12841,-0.091166,-0.14075,-0.33206,-0.21516,0.70648,0.62627,0.57636,-0.48797,0.4937,0.47911,0.64818,0.50724,0.51311,0.52859,0.73564,0.95004,0.80257,0,0.53306,0.30083,0.67903,0.60103,-0.33147,0.18038,-1.7813,-0.70495,-0.24558,0.062374,-0.003995,-0.055412,0.68855,0.42289,0.48323,0.34839,0.32073,-0.21063,-0.77778,-1.1272,0.5733,-0.40013,-0.46754,0.35872,0.13626,-0.20004,-0.69454,0.49929,0.61467,0.30106,-0.069837,0.59461,-0.10664,0.36784,-0.13106,-0.031945,-0.10553,-0.15214,-0.10452,1.3329,0.84099,-0.031394,0.38609,0.68389,0.85642,0.28478,1.0097,-0.2459,-0.27868,0.20842,-0.12778,-0.59758,0.20501,-0.085803,-0.70972,0.42405,-0.31606,0.28023,0.37835,-0.45682,-0.95102,0.075045,0.069462,-0.48179,-1.025,-0.65183,-0.88515,0.61553,0.56678,-0.82904,-0.62798,0.33318,-0.88762,0.022618,-0.38031,-0.7615,-1.5076
0.47531,2.06,-1.117,-0.37699,0.58082,2.1473,0.72611,1.9063,0.42048,1.1996,-0.7316,0.74662,0.66433,0.84799,-0.034956,-0.17327,2.4199,-1.6363,2.2867,2.9736,2.0123,-0.53993,2.0853,2.8876,-0.25472,0.82719,1.5918,0.53306,0,1.7459,-0.29436,2.8399,0.74026,1.4648,-0.36716,-0.049432,-0.74858,-0.089702,-0.94985,-0.25428,0.92487,0.59993,0.91311,1.2939,-0.084212,0.55905,-1.9921,-0.93547,0.98779,0.40849,0.49633,-0.75477,1.4663,0.86258,-0.19628,0.9936,1.3023,0.94986,0.80818,-0.39128,0.24257,1.6648,0.16681,0.89212,1.0569,-0.36361,0.058778,0.96217,0.34513,0.017643,0.79614,0.28642,0.76372,0.15237,1.032,-1.4473,0.73315,1.761,1.0396,0.4806,1.4845,-0.76761,-1.1928,1.4345,0.43258,0.87498,0.48349,-0.8755,-0.58598,-1.0697,-1.0379,-1.4314,0.11376,-0.086026,0.22676,-0.26822,-0.34587,-1.3446,-0.42061,0.28271,0.069201,-0.33397,-1.4657,-0.70905,-0.73025
0.15811,1.813,-0.74885,-0.1339,0.37216,1.7319,0.37745,1.6218,0.099112,0.90763,-1.2155,1.0516,0.63731,0.81091,0.0014848,-0.17363,1.3629,-1.0902,2.2696,2.0186,1.1822,-0.60984,1.2484,1.5008,-0.30825,0.41675,0.9691,0.30083,1.7459,0,-0.32899,1.7788,0.7736,1.1547,-0.18508,0.28448,-0.45749,0.151,-0.76738,-0.0051872,0.51636,0.68946,0.56897,0.87756,-0.39492,0.40943,-1.1672,-0.51977,0.56506,0.3719,0.7669,-0.96624,2.311,1.2728,0.12025,0.61485,1.2681,1.385,1.3746,-0.68457,0.51178,2.4231,0.48467,1.4676,1.4572,-0.072792,0.37198,0.82518,0.39002,0.2938,1.1089,0.40248,0.85618,0.38315,0.99385,-1.1135,1.083,1.7794,1.1397,0.72933,1.1213,-0.55927,-0.95029,1.5688,0.78446,1.3191,0.71928,-0.48346,-0.21564,-1.2547,-1.2273,-0.90314,0.33795,-0.18709,0.34365,-0.60978,-0.69501,-1.3438,-0.57333,0.50081,0.36895,-0.093608,-1.0292,-0.84499,-0.56056
0.39649,-0.53278,-0.029048,-0.25908,0.69815,-0.53445,-0.2352,-0.55776,0.24189,-0.84422,0.061664,-0.69386,-1.7096,-1.3688,1.0544,0.95396,-0.28905,0.33519,-0.24541,-0.29715,-0.24292,1.4197,-0.3705,-0.33478,1.3333,0.00039676,-0.11972,0.67903,-0.29436,-0.32899,0,-0.1929,-1.5517,-0.68881,-0.94515,-0.33099,0.44892,0.44015,0.82507,0.4112,-0.14077,-0.0093146,-0.21874,-0.48361,0.15594,-1.1717,0.14961,-0.10302,-0.27741,-1.8284,-0.99385,1.0079,-0.5134,-0.78207,-0.25177,-0.26057,0.072245,0.028542,-0.33477,0.68234,-0.14092,-0.28094,0.028786,-0.42586,-0.79852,0.49076,0.20444,0.40211,0.65514,0.26028,0.059192,0.75448,0.42185,0.57081,0.36389,0.54943,-0.84516,-0.61658,-1.1003,-1.2279,-0.71888,0.56067,-0.078214,-0.28762,-0.49829,-0.043222,0.2597,0.44859,-0.034124,0.93159,0.90568,0.39785,-1.2015,-1.1049,-2.1236,0.63187,0.67395,-0.1653,-0.68632,0.40712,-0.71471,0.65075,0.41127,-0.48686,-0.61323
0.50691,1.8016,-1.1762,-0.41116,0.66262,1.821,0.68365,1.6867,0.4344,1.0317,-0.80844,0.68701,0.54575,0.72017,0.036726,-0.11781,2.1772,-1.5627,2.364,2.6408,1.8982,-0.45853,1.8314,2.3114,-0.18621,0.80386,1.587,0.60103,2.8399,1.7788,-0.1929,0,0.62514,1.2882,-0.45539,-0.050168,-0.68951,-0.031284,-0.84816,-0.20226,0.89284,0.59974,0.88574,1.1838,-0.094056,0.45589,-1.9633,-0.94622,0.92294,0.29042,0.43159,-0.68995,1.394,0.80233,-0.20075,0.9531,1.5149,1.0791,0.83781,-0.37612,0.24654,1.6723,0.19973,0.89074,0.97032,-0.28659,0.11517,1.0821,0.41424,0.065129,0.85836,0.37696,0.87917,0.23897,1.2205,-1.3272,0.67158,1.5269,0.90192,0.4123,1.2754,-0.70949,-1.3315,1.3924,0.412,0.93842,0.54581,-0.76985,-0.55131,-0.94147,-0.91559,-1.3048,0.050658,-0.18529,0.13989,-0.24727,-0.32142,-1.5854,-0.53634,0.34733,0.036177,-0.25875,-1.3739,-0.84237,-0.85662
-0.14212,1.0736,-0.33843,0.01697,-0.31744,1.0671,0.47096,1.1162,-0.037336,1.3898,-0.36364,0.89594,2.641,2.7233,-0.84422,-0.93092,0.72705,-0.76265,0.66921,0.75236,0.65653,-1.908,0.81321,0.78345,-1.2698,0.24725,0.49829,-0.33147,0.74026,0.7736,-1.5517,0.62514,0,1.2747,0.49634,0.2725,-0.71579,-0.40042,-1.3364,-0.45948,0.42379,0.15451,0.53456,0.90491,-0.153,1.3691,-0.54471,-0.19455,0.56403,1.388,1.0775,-1.6122,0.97832,1.1451,0.12907,0.58263,0.34781,0.33778,0.65253,-0.88443,0.17751,0.68129,0.048622,0.73254,1.2792,-0.53682,-0.11941,-0.031689,-0.39197,-0.20031,0.20925,-0.44156,-0.075838,-0.35552,0.038253,-1.0624,1.1233,1.1354,1.8538,1.3635,1.285,-0.89169,-0.32428,0.61635,0.59918,0.33363,-0.03981,-0.66429,-0.12572,-1.4362,-1.3451,-0.79471,0.9357,0.70863,1.4024,-0.66796,-0.75102,-0.2281,0.29984,-0.21222,0.6136,-0.67675,-0.85996,0.10248,0.1845
0.36307,1.9128,-1.0017,-0.43417,0.19771,1.9464,0.98096,2.1876,0.42748,2.2507,-0.46234,0.64633,1.2171,1.5074,-0.50774,-0.64511,1.6233,-1.7781,1.1665,1.3973,1.5207,-1.0571,1.8317,1.6461,-0.72433,0.77404,1.2524,0.18038,1.4648,1.1547,-0.68881,1.2882,1.2747,0,-0.066041,-0.084601,-1.2167,-0.46624,-1.9109,-0.62877,1.0294,0.22165,1.1714,1.9766,0.095774,1.1779,-1.2866,-0.7687,1.1943,0.73837,0.57077,-1.1386,1.1714,0.86164,-0.2602,1.2671,0.88464,0.60388,0.64447,-0.57729,0.0028483,0.99592,-0.088063,0.68207,1.0767,-0.7093,-0.21533,0.41489,-0.11282,-0.30085,0.35212,-0.16163,0.25461,-0.23155,0.50272,-2.5667,0.75155,1.536,1.3533,0.68426,2.8619,-1.3614,-0.94445,0.8586,0.32668,0.46008,0.071889,-1.1026,-0.52819,-1.1587,-1.0804,-1.7618,0.32151,0.35201,0.5765,-0.28805,-0.37165,-0.68409,-0.01573,-0.11776,0.15107,-0.7676,-1.9948,-0.24472,-0.35022
-1.267,-0.13469,0.79683,0.83735,-1.8339,-0.14584,-0.44359,-0.12922,-0.93742,0.023582,0.096389,0.36282,0.51085,0.37213,-0.65263,-0.53163,-0.42587,0.39804,-0.3302,-0.32586,-0.49458,-0.57308,-0.36008,-0.36357,-0.722,-0.76223,-0.65176,-1.7813,-0.36716,-0.18508,-0.94515,-0.45539,0.49634,-0.066041,0,0.7368,0.22306,-0.041112,-0.058203,0.075448,-0.60255,-0.15762,-0.47486,-0.25898,-0.42515,0.30982,0.59048,0.9418,-0.45847,0.70557,0.70125,-0.41208,0.003847,0.35801,0.76811,-0.45761,-0.6504,-0.32753,0.10617,-0.53006,0.27169,-0.205,0.19296,0.14722,0.26721,0.068902,0.090964,-1.0317,-0.6732,0.066364,-0.24669,-0.65492,-0.72958,-0.3217,-0.96985,0.17167,0.46094,-0.026463,0.32246,0.78194,-0.056148,0.092048,0.77208,-0.19276,0.47694,-0.17048,-0.26839,0.26075,0.68495,-0.2867,-0.2913,0.35307,1.3173,0.74215,1.1467,-0.71701,-0.67374,0.72203,0.71977,-0.26645,1.0271,-0.068672,0.30971,0.76301,1.713
-1.39,0.081534,0.57307,1.0577,-0.59813,0.050722,-0.88171,0.039537,-1.5755,-0.14431,-0.71517,0.77321,0.16926,0.14998,0.033413,-0.041343,-0.20538,0.30606,0.11575,0.034303,-0.30639,-0.29834,-0.23289,-0.13106,-0.24791,-1.0004,-0.45811,-0.70495,-0.049432,0.28448,-0.33099,-0.050168,0.2725,-0.084601,0.7368,0,0.60038,0.78674,0.15385,0.81829,-0.83498,0.36143,-0.66036,-0.35902,-1.6381,-0.18162,0.32218,0.88335,-0.72475,0.19333,0.97371,-0.46924,0.40648,0.74582,2.1604,-0.64131,-0.06551,0.39856,0.80727,-0.82696,1.1109,0.29487,1.3025,0.79828,0.56537,0.83304,1.1604,-0.18505,0.11062,1.0202,0.53064,0.23169,0.14061,0.58457,-0.091404,0.15936,0.8357,0.19501,0.34366,0.85867,-0.10125,0.36327,0.32561,0.24925,1.3363,0.60735,0.57515,0.64513,1.1399,-0.42931,-0.45168,0.41076,1.0622,-0.14241,0.56281,-1.6659,-1.4736,-0.010105,-0.22749,0.59896,1.7718,0.63495,0.28729,-0.16185,0.46471
-0.73831,-0.81301,1.168,0.98691,-0.22179,-0.82978,-2.0472,-0.91586,-0.96154,-1.2583,-0.015446,-0.045855,-0.78444,-0.86937,0.71391,0.78922,-0.97698,1.3135,-0.51438,-0.6692,-1.0574,0.72222,-1.094,-0.88994,0.64754,-1.1044,-1.0889,-0.24558,-0.74858,-0.45749,0.44892,-0.68951,-0.71579,-1.2167,0.22306,0.60038,0,1.1432,1.5416,1.4871,-1.591,0.24377,-2.0114,-1.7209,-0.71642,-1.2744,0.91426,0.99334,-1.7348,-0.46425,-0.033019,0.57993,-0.41605,-0.21682,0.83971,-2.03,-0.5977,-0.18211,-0.095322,0.21168,0.60116,-0.34784,0.69494,-0.073622,-0.35717,1.3829,0.7901,-0.18783,0.41819,0.94999,0.15614,0.4822,0.082265,0.66596,-0.26292,1.3598,-0.14257,-0.62087,-0.57601,-0.18822,-1.1599,2.1193,0.87343,-0.26867,0.24319,0.072768,0.42028,1.3157,0.80198,0.42758,0.37877,1.5024,0.047231,-0.56454,-0.2933,-0.21262,-0.13757,0.32253,-0.24733,0.61383,0.29629,1.4807,1.4766,-0.05519,0.35331
-0.49532,-0.16269,0.44491,0.7415,0.12869,-0.17816,-1.0673,-0.23764,-0.75951,-0.58673,-0.60649,0.3573,-0.52407,-0.48081,1.0282,0.86697,-0.25328,0.4491,0.10681,-0.02522,-0.31408,0.48281,-0.34035,-0.19956,0.62402,-0.62392,-0.35885,0.062374,-0.089702,0.151,0.44015,-0.031284,-0.40042,-0.46624,-0.041112,0.78674,1.1432,0,0.75402,2.3952,-0.77383,0.737,-0.83931,-0.66187,-1.1963,-1.0297,0.23176,0.46874,-0.81069,-0.4141,0.2391,0.2004,0.14254,0.21075,0.9076,-0.81412,0.021304,0.41202,0.43062,-0.052155,1.1595,0.24783,1.4766,0.45557,0.10314,1.6709,1.6764,0.33614,0.97543,2.2606,0.83943,1.1652,0.70628,1.6108,0.30807,0.50168,0.23934,-0.054715,-0.15662,0.048534,-0.45695,0.98333,0.22272,0.28115,0.65071,0.72908,1.2457,0.80025,0.58367,0.001451,-0.038347,0.5827,0.094711,-1.0744,-0.27083,-0.4868,-0.43487,-0.28746,-0.85219,1.6123,0.42009,1.9436,0.53235,-0.67137,-0.09231
-0.3223,-1.2284,0.87718,0.51598,-0.0076767,-1.2269,-1.093,-1.3782,-0.45632,-1.8887,0.265,-0.43027,-1.3596,-1.5739,0.84933,1.0121,-1.0999,1.3679,-0.74131,-0.90539,-1.0804,1.3097,-1.2396,-1.0765,1.0298,-0.68673,-0.95213,-0.003995,-0.94985,-0.76738,0.82507,-0.84816,-1.3364,-1.9109,-0.058203,0.15385,1.5416,0.75402,0,0.92711,-0.99506,0.058414,-1.2423,-1.7684,-0.26534,-1.6738,0.90154,0.63745,-1.1563,-0.77941,-0.45966,1.1517,-0.80128,-0.65585,0.34177,-1.2962,-0.65441,-0.3887,-0.45246,0.60789,0.21407,-0.62077,0.29212,-0.44452,-0.81294,0.92133,0.40982,-0.14644,0.41004,0.54174,-0.071306,0.44247,0.020566,0.47825,-0.25635,1.8907,-0.57662,-1.0189,-1.1015,-0.64628,-1.7206,1.9439,0.77659,-0.50413,-0.16248,-0.18934,0.20327,1.0484,0.45577,0.87677,0.80672,1.4288,-0.35181,-0.61563,-0.69083,0.20942,0.28534,0.39159,-0.20392,0.39477,-0.12296,1.0928,1.6194,0.0010221,0.17702
-0.62911,-0.31527,0.65172,0.91598,-0.00026127,-0.33025,-1.3784,-0.3943,-0.91698,-0.7319,-0.43623,0.28299,-0.5709,-0.56031,0.93785,0.86124,-0.4296,0.64718,-0.054459,-0.18732,-0.49653,0.53085,-0.51705,-0.36735,0.62175,-0.7968,-0.54823,-0.055412,-0.25428,-0.0051872,0.4112,-0.20226,-0.45948,-0.62877,0.075448,0.81829,1.4871,2.3952,0.92711,0,-1.0095,0.62056,-1.1117,-0.8755,-1.1697,-1.1109,0.40808,0.64353,-1.0454,-0.39571,0.20845,0.28227,0.0079886,0.12317,1.0099,-1.078,-0.15895,0.23528,0.29666,0.00089905,1.0792,0.093509,1.2989,0.32802,0.0044885,1.8068,1.4312,0.16989,0.79454,1.8506,0.63421,0.91783,0.50058,1.2409,0.12553,0.68731,0.1692,-0.18529,-0.24068,0.020688,-0.6097,1.2387,0.4123,0.14203,0.58698,0.53869,0.96807,0.95539,0.68919,0.087499,0.044803,0.78449,0.12798,-0.8891,-0.24252,-0.46073,-0.39755,-0.10436,-0.63578,1.2378,0.44442,2.1149,0.73647,-0.46291,0.065651
1.2548,0.80615,-1.6478,-1.1553,0.65232,0.84166,2.2667,0.87052,1.4161,1.0258,-0.0099436,0.010513,0.46857,0.56919,-0.2693,-0.32295,1.2066,-1.452,0.66667,0.80915,1.3862,-0.34326,1.2844,1.0744,-0.22461,2.0352,1.6349,0.68855,0.92487,0.51636,-0.14077,0.89284,0.42379,1.0294,-0.60255,-0.83498,-1.591,-0.77383,-0.99506,-1.0095,0,-0.0050452,2.0727,1.5456,0.72343,0.7556,-1.312,-1.859,2.6526,0.25263,-0.12197,-0.30522,0.4129,0.11489,-1.089,2.2789,0.76017,0.25184,0.045646,0.053258,-0.50286,0.45834,-0.60987,0.056794,0.26482,-1.1085,-0.68335,0.5527,-0.045536,-0.72897,0.027846,-0.14121,0.21041,-0.40607,0.55594,-1.1626,0.029077,0.62869,0.42761,-0.042477,1.032,-1.1876,-1.1096,0.42348,-0.31066,0.053907,-0.17967,-1.5272,-1.3117,-0.34331,-0.30954,-1.6984,-0.3412,0.2157,-0.026233,0.40404,0.31928,-0.58117,0.0011912,-0.33401,-0.5627,-0.96147,-1.4164,-0.19842,-0.73004
-0.050127,0.47273,-0.059382,0.44691,0.46139,0.49231,-0.18322,0.3867,-0.22888,0.20346,-0.58647,0.94085,0.095389,0.1534,0.6801,0.62533,0.435,-0.2121,0.7776,0.63031,0.38387,0.096471,0.38332,0.50883,0.36544,0.11961,0.31623,0.42289,0.59993,0.68946,-0.0093146,0.59974,0.15451,0.22165,-0.15762,0.36143,0.24377,0.737,0.058414,0.62056,-0.0050452,0,-0.13507,0.086065,-0.77726,-0.19161,-0.4668,-0.1784,0.032749,0.21323,0.56744,-0.11019,0.70836,0.63543,0.40408,-0.066834,0.3129,0.50185,0.55759,-0.0010191,1.183,0.91732,0.83933,0.8063,0.61975,0.32386,0.62815,0.84409,1.1165,0.7855,1.3578,0.85226,1.0275,0.67973,0.61169,-0.14021,0.64576,0.65952,0.46685,0.3094,0.29034,0.2707,-0.13395,1.2255,0.80434,1.107,1.3042,-0.14768,-0.17001,-0.65004,-0.70824,-0.18895,0.15896,-0.52857,0.00096788,-0.42832,-0.44243,-0.7341,-0.56563,1.0603,0.29101,0.43938,-0.12661,-0.72691,-0.31839
0.99043,0.87854,-1.7397,-1.2409,0.47184,0.89532,2.1366,0.97148,1.1769,1.0909,-0.10417,0.021673,0.56312,0.67572,-0.43063,-0.5353,1.1894,-1.5552,0.66012,0.82508,1.3191,-0.52013,1.2677,1.0558,-0.41245,1.3614,1.4515,0.48323,0.91311,0.56897,-0.21874,0.88574,0.53456,1.1714,-0.47486,-0.66036,-2.0114,-0.83931,-1.2423,-1.1117,2.0727,-0.13507,0,1.7667,0.68606,0.88725,-1.1841,-1.3457,1.9554,0.26016,-0.055238,-0.48287,0.47018,0.1889,-0.93558,3.0169,0.86058,0.34316,0.15654,-0.15171,-0.54364,0.4636,-0.57579,0.11884,0.33424,-1.061,-0.624,0.42949,-0.18006,-0.73471,-0.0023169,-0.22215,0.13998,-0.41549,0.51239,-1.3912,0.096368,0.65103,0.48724,0.071306,1.1028,-1.634,-1.2447,0.36147,-0.25263,0.062359,-0.22943,-1.2256,-0.91034,-0.3771,-0.332,-1.6842,-0.21507,0.28204,0.088344,0.27461,0.19435,-0.55043,0.0032596,-0.38335,-0.41365,-1.023,-1.6776,-0.17927,-0.64155
0.6514,1.3793,-1.3637,-0.73252,0.34931,1.4163,1.4744,1.5293,0.7491,1.7927,-0.27688,0.35677,0.91721,1.0945,-0.48243,-0.59693,1.6395,-2.2148,0.96513,1.1766,1.7149,-0.79252,1.8799,1.5177,-0.57709,1.1221,1.5789,0.34839,1.2939,0.87756,-0.48361,1.1838,0.90491,1.9766,-0.25898,-0.35902,-1.7209,-0.66187,-1.7684,-0.8755,1.5456,0.086065,1.7667,0,0.35845,1.1338,-1.4344,-1.0963,1.7832,0.54745,0.27286,-0.78652,0.81686,0.52343,-0.55797,1.9753,0.90149,0.4724,0.39337,-0.34353,-0.23225,0.75616,-0.32003,0.40495,0.69498,-0.946,-0.42652,0.45458,-0.13716,-0.51696,0.19345,-0.19894,0.21326,-0.34377,0.53105,-2.2826,0.4291,1.0905,0.9034,0.37985,1.8713,-1.6581,-1.1251,0.657,0.054744,0.27432,-0.067629,-1.39,-0.77902,-0.76724,-0.71333,-2.6189,0.066962,0.34383,0.34695,-0.014529,-0.09376,-0.65419,0.010913,-0.2517,-0.11804,-0.96348,-2.661,-0.21291,-0.49765
0.93722,-0.13704,-0.48361,-1.1318,0.24537,-0.11736,0.89068,-0.072071,1.2273,0.15452,0.80408,-0.93165,-0.049809,-0.055937,-0.35418,-0.27738,0.0906,-0.24997,-0.27733,-0.15984,0.18152,0.081641,0.13566,0.011755,-0.040444,0.72065,0.30598,0.32073,-0.084212,-0.39492,0.15594,-0.094056,-0.153,0.095774,-0.42515,-1.6381,-0.71642,-1.1963,-0.26534,-1.1697,0.72343,-0.77726,0.68606,0.35845,0,0.34659,-0.15654,-0.61115,0.6412,-0.12721,-0.90479,0.29403,-0.49236,-0.75263,-1.717,0.63493,-0.017545,-0.48473,-0.81808,0.50959,-1.992,-0.46992,-2.0857,-0.9214,-0.58573,-0.97409,-1.5297,-0.11406,-0.47896,-1.5379,-0.88873,-0.55716,-0.44911,-0.88063,-0.13153,-0.17948,-0.83395,-0.28494,-0.33216,-0.66263,0.08479,-0.52539,-0.25587,-0.49381,-1.5143,-0.89742,-1.0056,-0.53448,-0.7372,0.47365,0.51517,-0.34895,-0.72546,0.39969,-0.32207,1.2665,1.1715,0.22359,0.44322,-1.0156,-1.1606,-0.86052,-0.27981,0.40242,-0.22155
0.17665,0.76722,-0.50737,-0.34417,-0.23772,0.78048,0.92818,0.85115,0.34663,1.4374,0.035032,0.33093,1.6136,1.5369,-1.239,-1.214,0.66834,-0.83387,0.39329,0.51964,0.66776,-1.3476,0.78906,0.66235,-1.2457,0.53411,0.58702,-0.21063,0.55905,0.40943,-1.1717,0.45589,1.3691,1.1779,0.30982,-0.18162,-1.2744,-1.0297,-1.6738,-1.1109,0.7556,-0.19161,0.88725,1.1338,0.34659,0,-0.54028,-0.41863,0.91521,1.1127,0.44124,-0.92139,0.49522,0.48989,-0.31596,0.92691,0.24708,0.034918,0.1874,-0.46919,-0.3086,0.31566,-0.46371,0.21838,0.60461,-1.1845,-0.64379,-0.1481,-0.70917,-0.75774,-0.19154,-0.8361,-0.34583,-0.86894,-0.094664,-1.0844,0.46289,0.70231,0.94993,0.63677,1.1795,-1.3916,-0.36937,0.27002,0.068867,-0.082318,-0.47671,-1.0182,-0.41793,-0.72957,-0.67633,-0.97366,0.45796,1.1164,0.91159,-0.1507,-0.21231,-0.042309,0.59874,-0.69775,0.14622,-1.482,-0.97212,0.35938,0.13694
