,,,,,,,,,,,,,,,,,,,,,,,,,,,,,,,,,,,,,,,,,,,,,,,,,,,,,,,,,,,,,,,,,,,,,,,,,,,,,,,,,,,,,,,,,,,,,,,,,,,,,,,,
0,0.80336,-0.23231,-0.044102,-0.0015738,-0.20878,0.61009,0.30418,-0.25282,-0.11885,0.21135,0.054302,-0.023379,-0.0090568,-0.09704,-0.27717,-0.074219,-0.10182,0.14239,0.36712,-0.1225,-0.44615,0.055274,0.016939,0.12594,-0.14474,-0.10412,0.21678,0.38251,0.42152,0.33835,0.27082,-0.003041,0.0046199,0.053541,-0.054477,-0.23565,-0.20891,0.34279,-0.024554,0.79524,0.15459,0.42777,0.2313,0.11033,0.42411,0.28602,0.037841,-0.022876,-0.018363,-0.33337,-0.31142,0.07041,0.0090472,0.068063,0.081709,0.073211,0.22229,0.14175,-0.11363,-0.0322,0.25102,0.055636,0.11965,-0.21011,0.045689,-0.05722,0.030042,-0.17051,0.080609,0.094692,-0.23717,-0.17185,-0.15684,-0.034493,-0.18851,-0.27789,-0.013871,-0.10393,-0.041279,0.17556,-0.097299,-0.042794,-0.0098992,0.1053,-0.013483,0.23156,0.35053,0.31587,0.27644,0.39387,0.25169,-0.10065,-0.065454,-0.24296,0.020938,-0.28874,0.074874,-0.083955,-0.10819,-0.03229,0.12317,-0.061348,-0.27873,-0.41538
0.80336,0,-0.33927,-0.062926,-0.14713,0.20272,0.89186,0.94414,-0.55396,0.10854,-0.064702,0.34878,0.19624,0.165,-0.60228,-0.684,-0.34926,-0.37802,-0.047473,-0.02943,-0.28257,-0.73426,-0.029499,-0.1856,-0.383,-0.15795,-0.58702,-0.032072,0.03079,0.51224,0.51151,0.64187,0.26106,0.040365,0.46091,0.38295,-0.52829,-0.63322,0.018105,-0.33775,0.37076,-0.035629,0.24754,0.48344,0.0278,0.278,0.39563,0.19715,-0.36483,0.044466,0.054649,-0.68996,-0.35664,-0.32076,-0.26574,-0.26535,-0.049814,-0.11804,-0.23556,-0.40433,-0.30695,-0.22183,-0.43923,-0.25616,-0.54476,0.10215,0.018422,-0.30576,-0.29729,-0.21768,-0.18787,-0.54175,-0.27444,0.010305,0.19779,-0.7682,-0.40595,-0.14991,-0.29911,-0.026792,-0.066562,-0.37974,-0.35917,-0.2614,-0.088409,-0.21458,-0.0042289,0.24504,0.073383,0.87369,0.79372,-0.048397,0.0328,-0.11714,0.0095723,-0.12558,-0.25503,0.073052,0.12585,-0.52604,-0.35847,-0.23303,-0.38646,0.098188,-0.11584
-0.23231,-0.33927,0,1.3067,0.33538,0.27677,-0.26501,-0.18011,0.14256,0.20669,0.099167,0.2612,0.091815,0.0038527,0.47239,0.9085,0.2879,0.33107,0.40167,0.19221,0.37529,0.60204,0.18596,0.074207,0.47233,0.44749,0.20139,0.19015,-0.016611,-0.21807,-0.045656,-0.01897,0.032459,0.034451,-0.17645,-0.13829,0.51557,0.45032,0.10692,0.586,-0.45576,0.37903,-0.32731,-0.25354,0.072896,-0.014789,-0.022133,0.10171,0.27342,0.17406,0.21823,0.47643,0.41396,0.45064,0.7374,-0.20344,-0.3029,-0.13181,-0.017255,0.14897,0.58593,0.2932,0.40627,0.13908,0.1434,-0.078775,0.01153,0.41447,0.51857,0.25667,0.11789,0.31681,0.2466,0.024119,0.03771,0.43563,0.63661,0.62837,0.71544,0.34291,0.52991,1.3696,0.96025,1.0914,0.78429,0.43889,0.39434,-0.010805,0.0052818,-0.08585,-0.25791,0.036409,0.11902,0.17216,0.24436,0.21878,0.67224,0.47764,0.56674,0.32581,0.30983,0.40835,0.58388,0.063488,0.076642
-0.044102,-0.062926,1.3067,0,0.51505,0.50165,-0.022707,0.0053517,0.049,0.2361,0.21051,0.40451,0.38779,0.31372,0.44035,0.82319,0.22452,0.25067,0.42083,0.32411,0.42388,0.52912,0.33234,0.086276,0.46677,0.49801,0.1082,0.32791,0.16366,-0.093521,0.22346,0.072553,0.21894,0.23623,0.063602,0.081957,0.44128,0.39792,0.20459,0.73613,-0.16839,0.51221,-0.18739,-0.1217,0.16483,0.1517,-0.091764,0.098631,0.25697,0.37153,0.4574,0.32975,0.43441,0.56022,0.82481,-0.26975,-0.30726,-0.19164,-0.089654,0.21478,0.66317,0.27225,0.31008,0.076653,-0.054088,-0.17491,-0.13221,0.41338,0.41056,0.21057,0.08049,0.21325,0.13107,-0.10519,-0.044175,0.27073,0.61899,0.59182,0.78279,0.5027,0.78073,0.95141,0.95226,0.70328,0.8337,0.29374,0.62258,-0.063916,-0.055353,-0.028782,-0.30606,-0.10791,0.1565,0.13102,0.269,0.096176,0.62582,0.30599,0.63107,0.050382,0.05388,0.20017,0.35481,0.068848,0.015014
-0.0015738,-0.14713,0.33538,0.51505,0,0.82197,0.05952,-0.066136,0.63273,0.4515,0.74806,0.32566,0.52108,0.64726,0.57338,0.60613,0.25557,-0.2079,0.11312,0.04404,0.68776,0.42311,0.46083,0.18077,0.29999,0.12398,0.30215,0.25758,0.52989,0.14587,0.3759,0.11177,0.44222,0.64998,0.335,0.33625,0.48668,0.50972,0.36318,0.59779,0.058291,0.59276,-0.031322,0.029581,0.17799,0.38819,-0.31641,-0.085235,0.52946,0.25084,0.39423,0.45453,0.48844,0.47811,0.49349,-0.10475,-0.047461,-0.007972,-0.10689,0.60235,0.77039,0.31371,0.18826,0.30607,0.059288,-0.075226,-0.25497,0.44698,0.38049,0.28714,0.23454,0.18028,0.12077,-0.21251,-0.12178,0.20948,0.35274,0.077131,0.23912,0.37965,0.50831,0.29753,0.33729,0.11429,0.13607,-0.11844,0.11132,-0.23982,-0.10796,-0.19981,-0.45448,0.0085264,0.25926,0.32826,0.25722,-0.19316,0.14209,0.17349,0.11111,-0.047549,0.0247,-0.17702,0.019385,0.37726,0.24356
-0.20878,0.20272,0.27677,0.50165,0.82197,0,0.35386,0.4858,0.15877,0.70076,0.28788,0.69511,0.79448,0.86884,0.10307,0.30516,0.05618,-0.44307,0.08907,-0.17056,0.46336,0.23195,0.45217,0.11024,-0.15654,0.27898,-0.042071,0.21254,0.047848,0.20512,0.52802,0.42147,0.75614,0.64574,0.78323,0.83384,0.080014,0.023052,-0.036045,0.16258,-0.05676,0.32648,-0.055771,0.37678,0.28542,0.36364,-0.2456,-0.017401,0.084182,0.22051,0.74572,0.12696,0.020567,0.11442,0.063785,-0.45466,-0.19365,-0.33318,-0.44705,0.21676,0.39244,-0.075051,-0.2484,-0.13132,-0.23218,-0.017715,-0.14539,0.075622,0.14212,-0.091266,-0.077759,-0.01868,0.099563,0.040689,0.1802,-0.36915,0.18911,0.056111,0.14394,0.39955,0.34164,0.063921,0.056802,-0.051474,-0.057726,-0.19303,-0.1121,-0.37717,-0.39167,0.2494,-0.058987,-0.33473,0.3074,0.13067,0.3659,-0.23477,0.21961,0.084194,0.35003,-0.29905,-0.22025,-0.32612,-0.13663,0.51625,0.23647
0.61009,0.89186,-0.26501,-0.022707,0.05952,0.35386,0,1.444,-0.27299,0.15566,0.23401,0.69179,0.16801,0.27796,-0.48577,-0.36483,-0.51152,-0.64314,-0.28471,-0.081206,-0.30821,-0.44959,-0.075045,-0.22256,-0.3081,-0.16727,-0.48257,0.3318,-0.11973,0.12901,0.31522,0.30196,0.090272,-0.035662,0.46836,0.30948,-0.68325,-0.74154,0.13471,-0.23346,0.55702,0.07718,-0.0056735,0.26315,0.071033,0.16362,0.27282,0.23906,-0.53981,0.070827,0.20517,-0.61391,-0.16941,-0.21013,-0.19976,-0.72874,-0.39097,-0.25869,-0.32126,-0.19592,-0.15977,-0.42216,-0.73575,-0.58573,-0.93286,-0.029073,-0.088389,-0.3779,-0.54599,-0.54532,-0.50796,-0.52907,-0.38494,-0.03338,0.2032,-0.60064,-0.025151,-0.39182,-0.39697,-0.24344,-0.093722,-0.39155,-0.44469,-0.47477,-0.33511,-0.56721,-0.27246,0.11932,-0.029082,0.75541,0.58124,-0.052134,0.26422,0.10583,0.25009,-0.014418,-0.068231,-0.011186,0.25291,-0.83986,-0.65972,-0.3819,-0.49106,0.090189,-0.18874
0.30418,0.94414,-0.18011,0.0053517,-0.066136,0.4858,1.444,0,-0.41159,0.33001,0.13011,0.94424,0.15466,0.21977,-0.69388,-0.43332,-0.62299,-0.64256,-0.33949,-0.30847,-0.44106,-0.54286,-0.17106,-0.39488,-0.50203,-0.13841,-0.78535,0.067113,-0.27111,0.18492,0.38369,0.53525,0.19009,-0.053576,0.66752,0.54223,-0.57096,-0.73294,0.075476,-0.25202,0.23592,0.094256,-0.10139,0.36272,-0.045286,0.091123,0.38368,0.33972,-0.81358,-0.040354,0.29919,-0.78238,-0.45785,-0.44997,-0.38777,-0.96212,-0.36943,-0.39895,-0.48108,-0.35594,-0.2529,-0.61936,-0.89896,-0.75165,-0.89335,-0.04478,-0.022598,-0.41892,-0.37573,-0.50922,-0.49737,-0.70934,-0.38489,0.0098833,0.29091,-0.77096,-0.014423,-0.35878,-0.41987,-0.21353,-0.21627,-0.35471,-0.48674,-0.41201,-0.34196,-0.47814,-0.3187,0.17115,-0.046268,1.1008,0.7903,-0.22164,0.21343,0.022199,0.29644,-0.10913,-0.051243,0.016606,0.3133,-0.82148,-0.64521,-0.40318,-0.46327,0.20128,-0.085424
-0.25282,-0.55396,0.14256,0.049,0.63273,0.15877,-0.27299,-0.41159,0,0.15718,0.54325,0.037659,0.05971,0.03739,0.79238,0.53004,0.50428,0.16968,0.18306,0.23634,0.35305,0.61438,0.3921,0.25319,0.59958,0.1664,0.57843,-0.001829,0.14838,-0.27676,-0.080378,-0.12382,0.058454,0.10433,-0.02996,-0.14871,0.48733,0.53846,0.26268,0.50022,-0.096364,0.41171,0.072868,-0.16042,0.12037,0.11946,-0.063062,0.13472,0.39554,0.06685,-0.018283,0.3668,0.44615,0.36263,0.3614,0.25652,0.15196,0.46806,0.43236,0.57184,0.61321,0.20157,0.30977,0.3632,0.43758,0.27539,0.20025,0.57374,0.36515,0.26424,0.3279,0.43846,0.31096,0.14581,0.14865,0.69251,0.49523,0.11892,0.22851,0.23881,0.091967,0.20549,0.28712,0.18492,0.090948,0.13638,0.090369,0.076795,0.17335,-0.24171,-0.30783,0.11585,0.18853,0.31084,0.12813,-0.029196,0.00036237,-0.031513,-0.22697,0.18461,0.35053,0.087534,0.22401,0.037929,0.3213
-0.11885,0.10854,0.20669,0.2361,0.4515,0.70076,0.15566,0.33001,0.15718,0,0.47966,0.59939,0.16298,0.23093,0.13041,0.32338,0.18704,-0.28388,0.12998,-0.011443,0.32706,0.13535,0.30772,0.21199,-0.13599,0.48506,-0.059662,-0.045377,0.21778,0.51075,0.46997,0.75761,0.43699,0.30131,0.44075,0.49548,0.36282,0.2474,0.26977,0.33343,0.083609,0.62495,0.12867,0.60173,0.040084,0.40907,0.044682,0.10696,0.031675,-0.21402,0.14957,-0.023956,-0.082125,-0.077867,-0.1096,-0.24926,0.012119,-0.13705,-0.19802,0.40748,0.54913,-0.015072,0.069865,0.15086,0.079193,0.15503,0.11293,0.37779,0.47698,0.049681,0.10742,-0.038024,0.236,0.12402,0.34411,-0.12137,0.30787,0.12942,0.11987,0.30752,0.23715,0.33123,0.012698,0.10825,-0.083645,0.096943,0.013794,-0.093409,-0.15783,0.25759,0.1955,-0.19718,0.024082,0.17318,0.22354,-0.42663,-0.072041,-0.13993,0.16403,0.035197,0.089971,-0.085785,0.047833,0.19242,0.16998
0.21135,-0.064702,0.099167,0.21051,0.74806,0.28788,0.23401,0.13011,0.54325,0.47966,0,0.63974,0.038188,0.18477,0.31959,0.33404,0.024004,-0.074817,-0.063953,0.024636,-0.025081,-0.0032564,0.065247,-0.19754,0.47383,-0.025722,-0.050227,-0.046342,0.4308,0.12326,0.39248,0.27392,0.10207,0.15059,0.34773,0.26486,0.5179,0.45927,1.1772,0.78008,0.2685,1.1346,0.080523,0.10744,-0.15883,0.31139,0.25826,0.35103,-0.0068617,-9.5411e-05,0.095979,-0.10198,0.1769,0.098495,0.20387,-0.17375,0.056998,0.14093,0.068391,0.39472,0.4646,0.14482,0.091626,0.10743,-0.017024,-0.09386,-0.10184,0.53525,0.44905,0.23429,0.22812,-0.20085,-0.15464,-0.33455,-0.082386,0.41789,0.56061,-0.13765,0.044664,-0.0053913,0.18634,0.25366,0.21105,0.0055563,0.086427,-0.16175,0.17547,0.34456,0.38994,0.081795,0.014512,0.041569,0.12977,0.31133,0.1673,-0.23435,-0.095106,-0.0088848,-0.074975,-0.050524,0.03994,-0.085848,0.096279,0.10047,0.063635
0.054302,0.34878,0.2612,0.40451,0.32566,0.69511,0.69179,0.94424,0.037659,0.59939,0.63974,0,0.2759,0.33674,-0.19483,0.077295,-0.27696,-0.27601,-0.1609,-0.27184,-0.25716,-0.11051,0.0043062,-0.48083,0.018353,0.067023,-0.57241,-0.042366,-0.093949,0.047541,0.54424,0.56746,0.3482,0.08794,0.8512,0.67064,0.077082,-0.091296,0.47527,0.30205,-0.026109,0.63977,-0.14092,0.23042,-0.082528,0.16336,0.37883,0.47553,-0.53621,0.032559,0.47964,-0.45856,-0.24012,-0.2682,-0.043685,-0.93752,-0.28741,-0.29697,-0.34979,-0.080164,0.15365,-0.28576,-0.39911,-0.39023,-0.45617,-0.12948,-0.041492,0.042794,0.18603,-0.087116,-0.14465,-0.45176,-0.22104,-0.1026,0.23445,-0.17744,0.46026,-0.066456,-0.010684,0.033971,0.016346,0.11198,-0.030733,-0.017677,-0.034858,-0.21199,-0.084746,0.28611,0.11864,0.74882,0.43677,-0.32862,0.22083,0.10218,0.37234,-0.15997,0.13814,0.073603,0.34617,-0.42659,-0.28564,-0.14797,-0.023149,0.2122,0.0054331
-0.023379,0.19624,0.091815,0.38779,0.52108,0.79448,0.16801,0.15466,0.05971,0.16298,0.038188,0.2759,0,1.68,0.14691,0.17319,0.25353,-0.25574,0.28163,0.083953,0.4941,0.29238,0.71616,0.16397,0.10735,0.25608,0.07699,0.25824,0.3411,0.25631,0.65374,0.20472,1.1898,1.0107,0.7935,0.83132,0.046587,0.09342,-0.1814,0.05415,-0.013442,0.032608,0.23921,0.30783,0.42913,0.43621,-0.48708,-0.26292,0.29996,0.71131,0.85901,0.25576,0.005744,0.085524,0.10784,-0.010547,0.1194,-0.1517,-0.25163,0.13842,0.22743,0.30852,0.031189,0.11649,-0.086531,-0.11697,-0.25949,0.036247,0.16728,0.16807,0.12252,0.14332,0.11699,-0.05388,-0.0017773,-0.3936,-0.13409,0.28509,0.32597,0.60022,0.50583,-0.031877,0.064835,0.0074536,0.043858,0.044469,0.14451,-0.43842,-0.33217,-0.093186,-0.2716,-0.58517,-0.022493,-0.26137,-0.066908,-0.24787,0.032099,-0.21815,0.028492,-0.16045,-0.14409,-0.11637,0.070567,0.21821,-0.032882
-0.0090568,0.165,0.0038527,0.31372,0.64726,0.86884,0.27796,0.21977,0.03739,0.23093,0.18477,0.33674,1.68,0,0.097251,0.15291,0.17662,-0.40627,0.18268,-0.044296,0.48611,0.25095,0.6401,0.11335,0.046681,0.17088,0.040274,0.31228,0.40375,0.32712,0.74132,0.20133,1.0649,1.0724,0.84259,0.90828,0.016644,0.051345,-0.060113,0.036402,0.13264,0.087239,0.19221,0.3376,0.36955,0.42717,-0.54794,-0.34336,0.2676,0.57467,0.82809,0.24262,0.010488,0.05809,0.033842,-0.10832,0.091219,-0.21715,-0.36071,0.23459,0.23255,0.22656,-0.040054,0.10131,-0.16228,-0.17497,-0.37143,-0.019206,0.10454,0.1039,0.082513,0.094903,0.065249,-0.14358,-0.072474,-0.41458,-0.13322,0.10078,0.1984,0.40831,0.45705,-0.11307,-0.021915,-0.1857,-0.1531,-0.149,-0.03146,-0.55117,-0.41516,-0.1428,-0.31936,-0.54926,0.034935,-0.18299,-0.012406,-0.32805,-0.0027347,-0.2126,0.02364,-0.21534,-0.25759,-0.2525,-0.044117,0.25128,-0.079067
-0.09704,-0.60228,0.47239,0.44035,0.57338,0.10307,-0.48577,-0.69388,0.79238,0.13041,0.31959,-0.19483,0.14691,0.097251,0,1.3015,1.0544,0.45229,0.73634,0.70558,0.89421,1.0651,0.73017,0.7512,0.87702,0.5813,1.2879,0.36404,0.28019,-0.10574,-0.00031647,-0.19045,0.10337,0.2985,-0.22284,-0.22283,0.70543,0.86543,0.15663,0.7111,0.095107,0.42476,0.31263,-0.03427,0.40797,0.36345,-0.42206,-0.28704,0.92659,0.043105,-0.085962,0.89093,0.82851,0.90754,0.7714,0.54223,0.15412,0.39302,0.48594,0.87115,1.0996,0.85234,0.98344,0.70224,0.651,0.12042,0.021189,1.0909,0.54592,0.37108,0.494,0.76601,0.53508,0.090352,-0.01202,0.69536,0.33753,0.52532,0.77268,0.59719,0.83817,0.64496,0.90839,0.59826,0.48679,0.51565,0.51261,-0.2302,-0.089996,-0.5557,-0.54046,0.11916,0.012845,0.1329,-0.085093,0.16155,0.3097,-0.1395,0.014784,0.66084,0.7173,0.58037,0.67196,-0.27083,0.062168
-0.27717,-0.684,0.9085,0.82319,0.60613,0.30516,-0.36483,-0.43332,0.53004,0.32338,0.33404,0.077295,0.17319,0.15291,1.3015,0,0.66132,0.33417,0.5559,0.4915,0.80886,1.1728,0.54279,0.53929,0.66924,0.69541,0.79723,0.49111,0.15981,-0.20358,-0.022532,-0.18716,0.084226,0.25764,-0.1585,-0.13095,0.71108,0.78225,0.16308,0.86321,-0.048732,0.53471,-0.0044042,-0.12284,0.31108,0.22232,-0.44059,-0.21382,0.60982,0.065992,0.14202,0.84449,0.73977,0.84281,0.78803,0.11262,-0.13072,0.055581,0.18574,0.7831,1.2322,0.58507,0.71785,0.37771,0.38667,-0.075156,-0.080534,0.85031,0.51501,0.2637,0.24754,0.59615,0.43099,0.0093586,-0.031313,0.59487,0.67303,0.53929,0.83193,0.5332,0.88584,0.96942,0.92905,0.67736,0.5016,0.42409,0.44206,-0.30942,-0.213,-0.4666,-0.58347,-0.030875,0.059989,0.18444,0.097875,0.17835,0.56947,-0.026837,0.30379,0.49899,0.46643,0.49291,0.64274,-0.15241,0.03797
-0.074219,-0.34926,0.2879,0.22452,0.25557,0.05618,-0.51152,-0.62299,0.50428,0.18704,0.024004,-0.27696,0.25353,0.17662,1.0544,0.66132,0,0.52687,1.2481,0.71916,0.90808,0.9,1.1974,0.95058,0.65855,0.91376,1.0424,0.12397,0.27912,0.17595,0.19261,0.10372,0.37792,0.37531,-0.093596,-0.082404,0.5178,0.57235,-0.061146,0.27462,0.12136,0.21194,0.75137,0.3449,0.60675,0.53024,-0.31356,-0.34238,0.88712,0.013989,-0.2023,0.6599,0.39779,0.39802,0.32734,0.85687,0.49247,0.51514,0.50955,0.55037,0.66182,0.79678,0.97247,1.0671,0.96259,0.41035,0.24256,0.74835,0.58099,0.40182,0.71577,1.0331,0.88935,0.38973,0.23231,0.32362,-0.049505,0.81432,0.81949,0.74914,0.60307,0.45671,0.67413,0.61022,0.34578,0.8281,0.38326,-0.23463,-0.097491,-0.42458,-0.31511,0.062012,-0.069743,-0.10976,-0.28791,-0.041997,0.042605,-0.19375,-0.17152,0.96639,0.92216,0.6195,0.72976,-0.39854,-0.083872
-0.10182,-0.37802,0.33107,0.25067,-0.2079,-0.44307,-0.64314,-0.64256,0.16968,-0.28388,-0.074817,-0.27601,-0.25574,-0.40627,0.45229,0.33417,0.52687,0,0.45423,0.47965,0.043309,0.37558,0.11898,0.18633,0.58797,0.44642,0.31953,-0.24456,-0.11498,-0.37846,-0.22074,-0.17128,-0.18593,-0.17701,-0.40486,-0.42789,0.46781,0.47679,0.043757,0.32518,-0.13171,0.13202,0.28767,-0.12376,0.23231,0.078921,0.12389,0.11089,0.18293,-0.18269,-0.40765,0.063554,0.20517,0.24583,0.32519,0.47666,0.22979,0.39672,0.62246,-0.10212,0.061154,0.32046,0.50305,0.37699,0.62152,0.12352,0.2778,0.42406,0.34902,0.30585,0.44224,0.50692,0.36747,0.17176,-0.013089,0.65615,0.15041,0.69982,0.76616,0.31058,0.20191,0.392,0.80826,0.67342,0.78995,0.7568,0.58009,0.29459,0.38422,-0.18753,-0.19432,0.26334,-0.066758,-0.10241,-0.15161,0.20461,0.25335,0.0095722,-0.028907,0.66,0.58872,0.64013,0.53956,-0.52295,-0.12948
0.14239,-0.047473,0.40167,0.42083,0.11312,0.08907,-0.28471,-0.33949,0.18306,0.12998,-0.063953,-0.1609,0.28163,0.18268,0.73634,0.5559,1.2481,0.45423,0,0.80823,0.71192,0.62701,1.0693,0.76093,0.62868,0.86369,0.68495,0.23071,0.24593,0.28317,0.33124,0.24388,0.37745,0.34638,-0.061168,-0.059931,0.34265,0.36767,-0.045535,0.24406,0.20372,0.23623,0.69501,0.40573,0.59728,0.57146,-0.21465,-0.29394,0.61441,0.050534,-0.1707,0.48621,0.29606,0.39022,0.3063,0.66379,0.39782,0.44923,0.42189,0.35522,0.60899,0.73103,0.87808,0.72269,0.61649,0.36333,0.21878,0.60713,0.44882,0.40697,0.60151,0.77466,0.76821,0.33926,0.24438,0.15725,-0.025625,0.93616,0.91882,0.7073,0.75516,0.50679,0.71566,0.64468,0.44197,0.86302,0.51748,-0.16509,-0.085211,-0.2332,-0.14841,-0.098135,-0.19673,-0.24491,-0.35641,-0.029836,0.063653,-0.049201,-0.03938,0.7379,0.69523,0.68078,0.73761,-0.43265,-0.26154
0.36712,-0.02943,0.19221,0.32411,0.04404,-0.17056,-0.081206,-0.30847,0.23634,-0.011443,0.024636,-0.27184,0.083953,-0.044296,0.70558,0.4915,0.71916,0.47965,0.80823,0,0.45101,0.48041,0.65117,0.85425,0.63132,0.79953,0.67728,0.41434,0.31328,0.026792,-0.014361,-0.042688,-0.017597,0.037194,-0.33688,-0.40832,0.15066,0.304,0.043315,0.39403,0.5498,0.2376,0.57275,0.14927,0.4787,0.42269,-0.056797,-0.018568,0.46094,0.16613,-0.25509,0.24789,0.51832,0.5819,0.45725,0.55379,0.16528,0.4581,0.61243,0.3701,0.54203,0.45955,0.61063,0.40134,0.32683,0.27198,0.22608,0.552,0.12098,0.10677,0.25899,0.55861,0.38111,0.23009,0.13734,0.33495,0.18557,0.64383,0.65455,0.47419,0.62307,0.42802,0.63452,0.49606,0.61261,0.62751,0.95318,0.053673,0.13206,-0.25805,-0.19396,0.20008,-0.048059,0.01691,-0.18336,0.076382,0.0082521,-0.25712,-0.04288,0.32702,0.32436,0.38845,0.31903,-0.58344,-0.23822
-0.1225,-0.28257,0.37529,0.42388,0.68776,0.46336,-0.30821,-0.44106,0.35305,0.32706,-0.025081,-0.25716,0.4941,0.48611,0.89421,0.80886,0.90808,0.043309,0.71192,0.45101,0,0.94977,0.98436,1.1183,0.23686,0.65429,1.0209,0.54034,0.34846,0.20274,0.13991,-0.05182,0.42761,0.67163,-0.067131,0.021749,0.32542,0.42979,-0.25917,0.21741,0.10175,0.082783,0.25755,0.17745,0.58682,0.43746,-0.87106,-0.67283,1.2792,0.13932,0.12871,1.1069,0.66118,0.75619,0.49014,0.39584,0.065718,0.058993,0.057735,0.78098,0.87462,0.67873,0.64055,0.69088,0.42587,0.12877,-0.11516,0.46882,0.28994,0.20787,0.28358,0.81692,0.64809,0.16503,0.019831,0.093981,0.00017108,0.49659,0.60279,0.698,0.91491,0.40134,0.46343,0.36382,0.19676,0.33019,0.19696,-0.83274,-0.59045,-0.55184,-0.62362,0.0045251,0.044035,0.091105,-0.0091797,0.0039609,0.26624,-0.057158,0.15737,0.43846,0.38769,0.25239,0.29527,0.030243,0.10994
-0.44615,-0.73426,0.60204,0.52912,0.42311,0.23195,-0.44959,-0.54286,0.61438,0.13535,-0.0032564,-0.11051,0.29238,0.25095,1.0651,1.1728,0.9,0.37558,0.62701,0.48041,0.94977,0,0.78048,0.69016,0.55498,0.79514,0.97086,0.45264,0.052986,-0.30738,-0.099071,-0.29957,0.18098,0.28211,-0.17291,-0.18134,0.42662,0.50677,-0.17139,0.41993,-0.10484,0.16332,0.050102,-0.15677,0.46004,0.1136,-0.64444,-0.4035,0.70661,0.086563,0.15055,0.91189,0.66616,0.69067,0.60494,0.23191,-0.0597,0.089804,0.20002,0.68354,0.88589,0.42492,0.61145,0.45145,0.45984,0.046269,-0.018316,0.47958,0.3287,0.1871,0.2337,0.97101,0.62349,0.20351,0.05787,0.46268,0.40171,0.60635,0.81827,0.55654,0.62232,0.52316,0.66277,0.51641,0.2824,0.45594,0.23521,-0.51023,-0.3953,-0.57721,-0.72286,-0.083032,0.11285,0.10982,0.10892,0.15915,0.48918,-0.13021,0.20434,0.44163,0.36505,0.42844,0.47251,-0.18711,0.0647
0.055274,-0.029499,0.18596,0.33234,0.46083,0.45217,-0.075045,-0.17106,0.3921,0.30772,0.065247,0.0043062,0.71616,0.6401,0.73017,0.54279,1.1974,0.11898,1.0693,0.65117,0.98436,0.78048,0,0.84674,0.45395,0.89876,0.72087,0.35288,0.40639,0.33826,0.52898,0.27044,0.7646,0.66494,0.30616,0.26567,0.27541,0.31201,-0.062726,0.25309,0.31239,0.28787,0.73296,0.49923,0.7532,0.71149,-0.42139,-0.37733,0.66195,0.19881,0.12621,0.51953,0.28786,0.32063,0.22935,0.45904,0.36855,0.31209,0.21098,0.56263,0.73385,0.55204,0.54589,0.66016,0.4696,0.28776,0.071302,0.4972,0.32923,0.31236,0.51634,0.6935,0.664,0.28189,0.24114,-0.055307,-0.057925,0.63668,0.60346,0.88865,0.63656,0.22714,0.4177,0.31382,0.14657,0.49774,0.30954,-0.35269,-0.2683,-0.26546,-0.2956,-0.19569,0.016923,-0.16712,-0.23192,-0.1921,-0.031953,-0.21158,-0.11877,0.40244,0.39728,0.28202,0.3798,-0.27175,-0.17399
0.016939,-0.1856,0.074207,0.086276,0.18077,0.11024,-0.22256,-0.39488,0.25319,0.21199,-0.19754,-0.48083,0.16397,0.11335,0.7512,0.53929,0.95058,0.18633,0.76093,0.85425,1.1183,0.69016,0.84674,0,0.15982,0.85941,1.2022,0.55069,0.12781,0.12263,-0.094826,-0.097641,0.13635,0.28163,-0.30192,-0.25031,0.049961,0.19338,-0.41153,0.016148,0.40912,-0.065973,0.52734,0.31399,0.70015,0.43896,-0.57547,-0.53235,0.85078,-0.0572,-0.21098,0.64118,0.55595,0.64032,0.2579,0.62522,0.11487,0.22425,0.30302,0.6066,0.57181,0.50125,0.5318,0.52931,0.4512,0.3273,0.11833,0.38748,0.024842,-0.066972,0.15845,0.81973,0.66683,0.39818,0.17904,0.05755,-0.10605,0.45301,0.48682,0.50993,0.64894,0.20936,0.32332,0.27309,0.15914,0.42069,0.2515,-0.59185,-0.44995,-0.41736,-0.32818,0.18324,0.023504,0.073969,-0.10562,0.11143,0.12455,-0.29534,0.038124,0.49008,0.42895,0.33595,0.21839,-0.26855,-0.0063858
0.12594,-0.383,0.47233,0.46677,0.29999,-0.15654,-0.3081,-0.50203,0.59958,-0.13599,0.47383,0.018353,0.10735,0.046681,0.87702,0.66924,0.65855,0.58797,0.62868,0.63132,0.23686,0.55498,0.45395,0.15982,0,0.35705,0.52643,0.15258,0.36188,-0.19314,0.070339,-0.15941,-0.019031,-0.0076276,-0.13698,-0.23215,0.5576,0.59068,0.4778,0.79685,0.081659,0.59301,0.23201,-0.21668,0.037332,0.12526,0.054245,0.05129,0.47979,0.27544,0.016983,0.41663,0.60275,0.50899,0.75106,0.42278,0.16088,0.36209,0.39503,0.42583,0.6229,0.65423,0.73583,0.45072,0.36211,-0.073728,-0.073173,0.69325,0.51612,0.46523,0.44277,0.33348,0.11007,-0.19931,-0.19829,0.9297,0.47145,0.41492,0.58863,0.2243,0.47389,0.63634,0.94957,0.66541,0.69009,0.41771,0.7204,0.25811,0.33343,-0.39378,-0.36208,0.1406,0.089623,0.14382,-0.067517,0.19664,0.18323,0.083429,-0.051332,0.51078,0.4856,0.56244,0.67024,-0.26847,-0.030035
-0.14474,-0.15795,0.44749,0.49801,0.12398,0.27898,-0.16727,-0.13841,0.1664,0.48506,-0.025722,0.067023,0.25608,0.17088,0.5813,0.69541,0.91376,0.44642,0.86369,0.79953,0.65429,0.79514,0.89876,0.85941,0.35705,0,0.53769,0.26836,0.083752,0.063582,0.13126,0.20631,0.30277,0.19432,0.0044392,0.014862,0.26723,0.28965,-0.14079,0.33314,0.22162,0.33323,0.44521,0.39728,0.54922,0.42446,-0.18174,-0.12916,0.37981,-0.046496,0.01916,0.30074,0.28494,0.32784,0.23017,0.23709,0.068465,0.063442,0.16119,0.36238,0.61796,0.27249,0.42444,0.33557,0.38325,0.18569,0.16957,0.43891,0.31249,0.033695,0.22512,0.59922,0.57908,0.33031,0.25409,0.12474,0.25075,0.81082,0.81457,0.62004,0.58844,0.52259,0.63822,0.6106,0.44421,0.67777,0.50763,-0.20625,-0.18922,-0.15344,-0.21444,-0.0012195,0.12882,0.045871,0.06042,-0.030391,0.23182,-0.20576,0.20239,0.48106,0.34371,0.3784,0.36095,-0.32215,-0.088387
-0.10412,-0.58702,0.20139,0.1082,0.30215,-0.042071,-0.48257,-0.78535,0.57843,-0.059662,-0.050227,-0.57241,0.07699,0.040274,1.2879,0.79723,1.0424,0.31953,0.68495,0.67728,1.0209,0.97086,0.72087,1.2022,0.52643,0.53769,0,0.55881,0.13251,-0.15038,-0.24931,-0.42761,-0.02941,0.18288,-0.42748,-0.4074,0.24466,0.39528,-0.23438,0.2104,0.19931,0.012371,0.31866,-0.06926,0.47108,0.20704,-0.6567,-0.61624,1.1421,-0.013034,-0.18082,1.1148,0.88874,0.89211,0.54677,0.7438,0.091492,0.29034,0.36495,0.78923,0.7015,0.73252,0.75625,0.62234,0.58212,0.12996,-0.049421,0.52702,0.12828,0.11647,0.2606,0.86226,0.52097,0.16007,-0.068853,0.43287,0.037975,0.33903,0.46843,0.3694,0.5993,0.30313,0.51741,0.3791,0.22703,0.36218,0.23088,-0.50605,-0.35086,-0.75313,-0.61082,0.26402,0.096072,0.16297,-0.10878,0.33643,0.28101,-0.13455,-0.016154,0.70287,0.62223,0.53231,0.42408,-0.25244,0.080618
0.21678,-0.032072,0.19015,0.32791,0.25758,0.21254,0.3318,0.067113,-0.001829,-0.045377,-0.046342,-0.042366,0.25824,0.31228,0.36404,0.49111,0.12397,-0.24456,0.23071,0.41434,0.54034,0.45264,0.35288,0.55069,0.15258,0.26836,0.55881,0,-0.0062251,-0.20506,-0.14391,-0.47835,-0.10945,0.071344,-0.15861,-0.20043,-0.32137,-0.22114,-0.22435,0.059572,0.46615,-0.03931,-0.099062,-0.20708,0.27687,0.0034107,-0.65048,-0.57455,0.39872,0.20594,0.282,0.53959,0.79421,0.81429,0.54306,-0.10454,-0.61016,-0.33662,-0.22991,0.56042,0.51781,0.28431,0.113,-0.095506,-0.34891,-0.31335,-0.49508,-0.0044206,-0.44889,-0.35693,-0.44578,0.15522,-0.051072,-0.16744,-0.21405,-0.045293,0.17834,-0.050486,0.11655,0.040433,0.61756,0.1051,0.1143,-0.0024096,0.0026376,-0.21504,0.042362,-0.65984,-0.72627,-0.29442,-0.34643,0.026524,0.25679,0.2608,0.19269,0.55475,0.55268,-0.053034,0.5316,-0.081459,-0.1484,0.19724,-0.0057128,-0.048452,-0.056877
0.38251,0.03079,-0.016611,0.16366,0.52989,0.047848,-0.11973,-0.27111,0.14838,0.21778,0.4308,-0.093949,0.3411,0.40375,0.28019,0.15981,0.27912,-0.11498,0.24593,0.31328,0.34846,0.052986,0.40639,0.12781,0.36188,0.083752,0.13251,-0.0062251,0,0.74708,0.56325,0.27825,0.39091,0.52407,0.18243,0.22159,0.4904,0.57487,0.55531,0.52505,0.34637,0.48895,0.32962,0.17658,-0.031906,0.43793,-0.10726,-0.12331,0.45668,0.27674,0.024714,0.24923,0.12315,0.07234,0.13559,0.36853,0.52116,0.26534,0.07929,0.39859,0.41966,0.45162,0.52417,0.62653,0.28607,-0.078221,-0.19627,0.38257,0.45541,0.7604,0.61406,0.080613,0.053908,-0.37501,-0.2907,0.12325,-0.010033,0.18485,0.1175,0.29019,0.3037,0.2472,0.20715,0.1175,0.1401,0.19615,0.49678,0.061851,0.22035,-0.48229,-0.40184,-0.059242,-0.24168,-0.082381,-0.33069,-0.5938,-0.54926,-0.034159,-0.4676,0.16192,0.074078,-0.1352,0.052745,-0.058801,-0.19707
0.42152,0.51224,-0.21807,-0.093521,0.14587,0.20512,0.12901,0.18492,-0.27676,0.51075,0.12326,0.047541,0.25631,0.32712,-0.10574,-0.20358,0.17595,-0.37846,0.28317,0.026792,0.20274,-0.30738,0.33826,0.12263,-0.19314,0.063582,-0.15038,-0.20506,0.74708,0,0.95308,0.98137,0.64404,0.56951,0.43191,0.54625,0.18384,0.1473,0.25722,-0.019897,0.33169,0.21197,0.58525,0.92439,0.11724,0.68601,0.042224,-0.12886,0.10785,-0.043803,-0.14805,-0.074754,-0.39996,-0.36611,-0.39288,0.2312,0.65795,0.22813,-0.01316,0.090388,0.094679,0.23336,0.2404,0.47674,0.22695,0.27424,0.11324,0.20369,0.36293,0.42579,0.52507,-0.055776,0.22755,0.059731,0.19475,-0.5048,-0.49081,0.135,-0.058265,0.31271,0.13996,0.0075517,-0.15339,-0.076458,-0.20232,0.20095,0.071707,-0.0097214,0.039607,0.087508,0.25106,-0.23656,-0.43354,-0.39085,-0.49687,-0.7957,-0.74659,-0.12716,-0.40926,0.13419,0.14425,-0.13036,0.040262,-0.080277,-0.3135
0.33835,0.51151,-0.045656,0.22346,0.3759,0.52802,0.31522,0.38369,-0.080378,0.46997,0.39248,0.54424,0.65374,0.74132,-0.00031647,-0.022532,0.19261,-0.22074,0.33124,-0.014361,0.13991,-0.099071,0.52898,-0.094826,0.070339,0.13126,-0.24931,-0.14391,0.56325,0.95308,0,1.0345,1.135,0.81921,1.0783,1.0309,0.32281,0.21434,0.4598,0.22014,0.23476,0.48155,0.58605,0.83394,0.29384,0.85234,0.031596,-0.00090222,-0.055109,0.12771,0.1812,-0.18137,-0.39911,-0.32762,-0.21229,-0.031242,0.53002,0.20588,-0.012114,0.074093,0.20221,0.23802,0.15142,0.34828,0.11486,0.15935,0.05585,0.32131,0.46488,0.5072,0.57766,-0.042507,0.2237,0.024162,0.25596,-0.44354,-0.21458,0.26158,0.18321,0.5669,0.27392,0.011176,0.00071136,-0.063903,-0.11302,0.18084,0.11199,0.058812,0.074553,0.26853,0.23362,-0.58588,-0.3208,-0.5212,-0.39884,-0.71925,-0.40534,-0.18262,-0.25082,-0.02307,0.078392,-0.049876,0.19611,-0.14536,-0.42131
0.27082,0.64187,-0.01897,0.072553,0.11177,0.42147,0.30196,0.53525,-0.12382,0.75761,0.27392,0.56746,0.20472,0.20133,-0.19045,-0.18716,0.10372,-0.17128,0.24388,-0.042688,-0.05182,-0.29957,0.27044,-0.097641,-0.15941,0.20631,-0.42761,-0.47835,0.27825,0.98137,1.0345,0,0.7224,0.37979,0.71564,0.7104,0.22605,0.10013,0.34705,0.07658,0.1187,0.44629,0.4985,1.1051,0.17276,0.73211,0.45107,0.33824,-0.27906,-0.17988,-0.10589,-0.47074,-0.64387,-0.58478,-0.46309,-0.10392,0.48563,0.24328,0.049164,-0.18272,0.040692,-0.067626,-0.024956,0.19148,0.14866,0.44371,0.4223,0.23515,0.48057,0.3125,0.47134,-0.13013,0.27202,0.28923,0.57357,-0.44847,-0.16584,0.27888,0.074552,0.37455,0.00043038,0.069557,-0.054512,0.075432,-0.052619,0.30157,0.069151,0.34775,0.30188,0.65144,0.64781,-0.28061,-0.24869,-0.32879,-0.2166,-0.79426,-0.53874,-0.040242,-0.2221,-0.0063434,0.1187,-0.106,0.078649,-0.063778,-0.23771
-0.003041,0.26106,0.032459,0.21894,0.44222,0.75614,0.090272,0.19009,0.058454,0.43699,0.10207,0.3482,1.1898,1.0649,0.10337,0.084226,0.37792,-0.18593,0.37745,-0.017597,0.42761,0.18098,0.7646,0.13635,-0.019031,0.30277,-0.02941,-0.10945,0.39091,0.64404,1.135,0.7224,0,1.3333,1.0526,1.1454,0.27251,0.25591,-0.030817,0.033592,-0.035007,0.1558,0.52433,0.77596,0.56791,0.84393,-0.27715,-0.17283,0.1531,0.24622,0.35401,0.069108,-0.34358,-0.254,-0.21471,0.06123,0.50264,0.12399,-0.050272,0.025923,0.17416,0.29244,0.1252,0.36622,0.24125,0.19399,0.076994,0.20848,0.46598,0.4385,0.52665,0.22421,0.44072,0.20381,0.31092,-0.52235,-0.3047,0.46499,0.35731,0.82914,0.3497,-0.016484,0.011181,0.059469,-0.082839,0.31326,0.032357,-0.24037,-0.13015,0.095612,0.0027823,-0.65951,-0.27777,-0.54117,-0.31737,-0.6476,-0.26557,-0.26585,-0.23163,0.049602,0.11408,-0.039675,0.21228,0.016794,-0.23045
0.0046199,0.040365,0.034451,0.23623,0.64998,0.64574,-0.035662,-0.053576,0.10433,0.30131,0.15059,0.08794,1.0107,1.0724,0.2985,0.25764,0.37531,-0.17701,0.34638,0.037194,0.67163,0.28211,0.66494,0.28163,-0.0076276,0.19432,0.18288,0.071344,0.52407,0.56951,0.81921,0.37979,1.3333,0,0.61862,0.76711,0.35854,0.46136,-0.037535,0.094411,0.053049,0.081057,0.43658,0.56734,0.6914,0.91925,-0.62695,-0.39609,0.37123,0.22494,0.24259,0.30617,-0.11774,0.015422,-0.080178,0.16495,0.47877,0.17238,0.043862,0.18239,0.25999,0.47827,0.27159,0.48015,0.31382,0.11846,-0.034043,0.30431,0.41598,0.49105,0.5555,0.40128,0.52066,0.11385,0.12428,-0.35534,-0.29659,0.42999,0.44967,0.80984,0.58756,0.02292,0.086682,0.0017508,-0.080028,0.26238,0.04613,-0.49513,-0.22442,-0.20776,-0.28901,-0.55898,-0.40231,-0.50926,-0.38362,-0.6067,-0.19592,-0.31981,-0.2564,0.10099,0.12261,-0.049649,0.20663,-0.0073235,-0.28587
0.053541,0.46091,-0.17645,0.063602,0.335,0.78323,0.46836,0.66752,-0.02996,0.44075,0.34773,0.8512,0.7935,0.84259,-0.22284,-0.1585,-0.093596,-0.40486,-0.061168,-0.33688,-0.067131,-0.17291,0.30616,-0.30192,-0.13698,0.0044392,-0.42748,-0.15861,0.18243,0.43191,1.0783,0.71564,1.0526,0.61862,0,1.862,0.055472,-0.054522,0.21012,0.049685,0.04564,0.33179,0.25685,0.57612,0.14664,0.46036,0.016296,0.058071,-0.29837,0.1197,0.53721,-0.32236,-0.5183,-0.48784,-0.36679,-0.34307,0.19303,-0.14573,-0.35388,-0.095222,-0.01476,-0.077887,-0.31142,-0.1117,-0.18838,-0.10743,-0.14117,-0.026018,0.17939,0.15738,0.15556,-0.34452,-0.088567,-0.11317,0.13565,-0.61486,-0.13523,-0.051722,-0.09346,0.284,0.00019928,-0.29421,-0.26629,-0.26537,-0.29515,-0.14632,-0.1565,0.022915,-0.044392,0.41734,0.25434,-0.64113,-0.02127,-0.30699,-0.064916,-0.47323,-0.23192,-0.18946,-0.11458,-0.30132,-0.2144,-0.24004,-0.083349,0.16802,-0.11857
-0.054477,0.38295,-0.13829,0.081957,0.33625,0.83384,0.30948,0.54223,-0.14871,0.49548,0.26486,0.67064,0.83132,0.90828,-0.22283,-0.13095,-0.082404,-0.42789,-0.059931,-0.40832,0.021749,-0.18134,0.26567,-0.25031,-0.23215,0.014862,-0.4074,-0.20043,0.22159,0.54625,1.0309,0.7104,1.1454,0.76711,1.862,0,0.10695,0.021785,0.11393,0.0081993,-0.0303,0.24362,0.2248,0.64366,0.12891,0.46186,-0.093631,-0.04375,-0.19833,0.12432,0.57608,-0.20922,-0.54604,-0.46944,-0.40155,-0.28426,0.23041,-0.23368,-0.44067,-0.095877,-0.045481,-0.019706,-0.26116,-0.073822,-0.14049,-0.15463,-0.19545,-0.029998,0.26051,0.16501,0.16986,-0.31928,-0.064755,-0.14112,0.061082,-0.66194,-0.22374,-0.033153,-0.056245,0.29398,0.078322,-0.23117,-0.22826,-0.23637,-0.26438,-0.12303,-0.14629,-0.11939,-0.13449,0.29179,0.16104,-0.65234,-0.082596,-0.32837,-0.077031,-0.536,-0.20966,-0.20864,-0.094687,-0.21459,-0.19283,-0.27249,-0.071819,0.26386,-0.06752
-0.23565,-0.52829,0.51557,0.44128,0.48668,0.080014,-0.68325,-0.57096,0.48733,0.36282,0.5179,0.077082,0.046587,0.016644,0.70543,0.71108,0.5178,0.46781,0.34265,0.15066,0.32542,0.42662,0.27541,0.049961,0.5576,0.26723,0.24466,-0.32137,0.4904,0.18384,0.32281,0.22605,0.27251,0.35854,0.055472,0.10695,0,1.772,0.6232,1.0063,-0.29232,0.72271,0.19019,0.063234,0.053352,0.34249,-0.02695,0.10377,0.33515,-0.022548,-0.097704,0.33638,0.1059,0.15504,0.31772,0.29757,0.48674,0.43274,0.4231,0.403,0.61062,0.54919,0.86593,0.76214,0.85507,0.12313,0.19454,1.1448,1.4093,1.0077,0.95164,0.38971,0.46095,0.0010475,0.044083,0.60121,0.36958,0.56687,0.62013,0.63851,0.36043,0.78316,0.65298,0.55699,0.42201,0.63138,0.47148,0.16597,0.30871,-0.30214,-0.30319,-0.16183,-0.34244,-0.16739,-0.28593,-0.34452,-0.031447,-0.037245,-0.23754,0.6034,0.70803,0.33215,0.74286,-0.20907,-0.060758
-0.20891,-0.63322,0.45032,0.39792,0.50972,0.023052,-0.74154,-0.73294,0.53846,0.2474,0.45927,-0.091296,0.09342,0.051345,0.86543,0.78225,0.57235,0.47679,0.36767,0.304,0.42979,0.50677,0.31201,0.19338,0.59068,0.28965,0.39528,-0.22114,0.57487,0.1473,0.21434,0.10013,0.25591,0.46136,-0.054522,0.021785,1.772,0,0.47336,0.93165,-0.19883,0.55592,0.22713,0.043411,0.17525,0.41894,-0.16184,0.026893,0.45534,0.034125,-0.14288,0.43948,0.1854,0.25969,0.33252,0.42056,0.52804,0.50975,0.53979,0.4085,0.59432,0.63048,0.92985,0.77408,0.90945,0.12507,0.18749,1.1316,1.1861,0.95386,0.94998,0.53089,0.51619,0.015297,-0.0051229,0.64276,0.32517,0.62849,0.72295,0.64674,0.47636,0.74325,0.70946,0.5616,0.46994,0.69753,0.57427,0.073792,0.31134,-0.48864,-0.46723,-0.11867,-0.40549,-0.1756,-0.32645,-0.3682,-0.074763,-0.15429,-0.32294,0.59771,0.63946,0.29577,0.67437,-0.24586,-0.10142
0.34279,0.018105,0.10692,0.20459,0.36318,-0.036045,0.13471,0.075476,0.26268,0.26977,1.1772,0.47527,-0.1814,-0.060113,0.15663,0.16308,-0.061146,0.043757,-0.045535,0.043315,-0.25917,-0.17139,-0.062726,-0.41153,0.4778,-0.14079,-0.23438,-0.22435,0.55531,0.25722,0.4598,0.34705,-0.030817,-0.037535,0.21012,0.11393,0.6232,0.47336,0,0.87925,0.22866,1.1547,0.094884,0.031088,-0.32406,0.193,0.51191,0.48164,-0.17653,-0.026671,-0.1099,-0.23987,-0.012914,-0.082578,0.14661,-0.10802,0.22961,0.31126,0.20678,0.2436,0.33438,0.089234,0.22862,0.19338,0.081747,-0.031001,0.032905,0.54352,0.48857,0.48184,0.40996,-0.25774,-0.16679,-0.32825,-0.06292,0.41227,0.46135,-0.064956,-0.02017,0.0011294,-0.0063175,0.32376,0.22052,0.044925,0.12672,-0.005687,0.30583,0.68053,0.64752,0.10458,0.1173,-0.00039842,-0.085032,0.060813,-0.11067,-0.33211,-0.28377,0.093052,-0.23247,0.0040288,0.10239,-0.03798,0.17736,-0.17772,-0.19346
-0.024554,-0.33775,0.586,0.73613,0.59779,0.16258,-0.23346,-0.25202,0.50022,0.33343,0.78008,0.30205,0.05415,0.036402,0.7111,0.86321,0.27462,0.32518,0.24406,0.39403,0.21741,0.41993,0.25309,0.016148,0.79685,0.33314,0.2104,0.059572,0.52505,-0.019897,0.22014,0.07658,0.033592,0.094411,0.049685,0.0081993,1.0063,0.93165,0.87925,0,0.019926,1.2829,-0.01381,-0.1629,-0.11154,0.17589,0.083549,0.24454,0.22496,0.11382,0.13548,0.245,0.40444,0.43008,0.63512,0.015491,0.041751,0.16653,0.20176,0.55635,0.9079,0.31839,0.54728,0.28054,0.25596,-0.17994,-0.085783,0.92382,0.66963,0.54318,0.39921,0.089265,0.037525,-0.31904,-0.18144,0.73315,0.90754,0.30848,0.44689,0.36902,0.42968,0.80894,0.78798,0.49523,0.60189,0.29608,0.80533,0.29096,0.30343,-0.23682,-0.36388,-0.027219,0.035983,0.19852,0.065857,-0.10746,0.14638,0.067404,0.050595,0.20711,0.24363,0.1801,0.36716,-0.13136,0.032401
0.79524,0.37076,-0.45576,-0.16839,0.058291,-0.05676,0.55702,0.23592,-0.096364,0.083609,0.2685,-0.026109,-0.013442,0.13264,0.095107,-0.048732,0.12136,-0.13171,0.20372,0.5498,0.10175,-0.10484,0.31239,0.40912,0.081659,0.22162,0.19931,0.46615,0.34637,0.33169,0.23476,0.1187,-0.035007,0.053049,0.04564,-0.0303,-0.29232,-0.19883,0.22866,0.019926,0,0.22896,0.56988,0.39693,0.2561,0.43826,-0.028588,-0.17556,0.055877,-0.16944,-0.26405,-0.16025,0.17931,0.1426,-0.080481,0.16333,0.078361,0.14662,0.096585,0.27019,0.16025,0.072567,0.00057221,0.051654,-0.15016,0.014819,-0.13744,0.032383,-0.33814,-0.20637,-0.014468,-0.044319,-0.066463,-0.10716,-0.076904,-0.16453,-0.13489,-0.13932,-0.09735,-0.071815,0.20969,-0.25908,-0.064835,-0.30249,-0.15607,-0.14272,0.14896,-0.022407,-0.022557,-0.034278,0.058364,0.20107,0.09148,0.085012,-0.11375,-0.083063,-0.28064,-0.29043,-0.13756,-0.079866,-0.1773,-0.072258,-0.2649,-0.37554,-0.38603
0.15459,-0.035629,0.37903,0.51221,0.59276,0.32648,0.07718,0.094256,0.41171,0.62495,1.1346,0.63977,0.032608,0.087239,0.42476,0.53471,0.21194,0.13202,0.23623,0.2376,0.082783,0.16332,0.28787,-0.065973,0.59301,0.33323,0.012371,-0.03931,0.48895,0.21197,0.48155,0.44629,0.1558,0.081057,0.33179,0.24362,0.72271,0.55592,1.1547,1.2829,0.22896,0,0.14369,0.15508,-0.12652,0.33354,0.31898,0.34698,0.023742,-0.08213,0.080614,-0.024954,0.17642,0.14001,0.2926,-0.10898,0.090205,0.14005,0.061395,0.43427,0.74563,0.15705,0.28642,0.19069,0.13851,-0.091731,-0.049858,0.70597,0.59394,0.42093,0.38384,-0.11786,-0.023531,-0.29007,-0.049809,0.41089,0.72035,0.15374,0.22491,0.23132,0.25405,0.53638,0.50443,0.3175,0.33776,0.14908,0.48986,0.43683,0.36597,0.071884,-0.030856,-0.002361,0.14593,0.23614,0.10825,-0.23842,-0.031346,0.14567,0.010136,0.14359,0.17896,0.084497,0.22817,-0.06548,-0.010975
0.42777,0.24754,-0.32731,-0.18739,-0.031322,-0.055771,-0.0056735,-0.10139,0.072868,0.12867,0.080523,-0.14092,0.23921,0.19221,0.31263,-0.0044042,0.75137,0.28767,0.69501,0.57275,0.25755,0.050102,0.73296,0.52734,0.23201,0.44521,0.31866,-0.099062,0.32962,0.58525,0.58605,0.4985,0.52433,0.43658,0.25685,0.2248,0.19019,0.22713,0.094884,-0.01381,0.56988,0.14369,0,0.99145,0.68338,1.0281,-0.003351,-0.12664,0.21825,-0.092207,-0.4162,-0.071548,-0.16215,-0.11585,-0.22276,0.7527,0.90975,0.73081,0.60222,0.10753,0.098406,0.50559,0.43102,0.67224,0.59799,0.53832,0.38386,0.46378,0.28588,0.30261,0.7242,0.39381,0.55853,0.40555,0.37564,-0.18636,-0.5037,0.47349,0.35475,0.60087,0.28716,-0.080106,0.12324,0.075171,0.035076,0.56308,0.27495,0.067795,0.17352,0.023813,0.20748,-0.084566,-0.35165,-0.5202,-0.72104,-0.35133,-0.48342,-0.51221,-0.55382,0.46799,0.54913,0.32427,0.37794,-0.66574,-0.49656
0.2313,0.48344,-0.25354,-0.1217,0.029581,0.37678,0.26315,0.36272,-0.16042,0.60173,0.10744,0.23042,0.30783,0.3376,-0.03427,-0.12284,0.3449,-0.12376,0.40573,0.14927,0.17745,-0.15677,0.49923,0.31399,-0.21668,0.39728,-0.06926,-0.20708,0.17658,0.92439,0.83394,1.1051,0.77596,0.56734,0.57612,0.64366,0.063234,0.043411,0.031088,-0.1629,0.39693,0.15508,0.99145,0,0.56798,1.0633,0.083821,0.015584,-0.077521,-0.17028,-0.18492,-0.2789,-0.51634,-0.40313,-0.57328,0.17909,0.61931,0.31462,0.17693,-0.050938,-0.0052091,0.10835,0.035349,0.28285,0.26588,0.55921,0.42603,0.23547,0.27361,0.080492,0.4194,0.13161,0.47977,0.49628,0.61733,-0.60472,-0.45793,0.30277,0.17531,0.47296,0.18069,-0.10754,-0.10343,-0.083059,-0.1846,0.31431,-0.0080919,-0.032275,0.027939,0.372,0.47439,-0.26985,-0.29813,-0.46069,-0.39812,-0.65671,-0.49706,-0.41489,-0.31043,0.15435,0.21972,-0.026515,0.12625,-0.24858,-0.37128
0.11033,0.0278,0.072896,0.16483,0.17799,0.28542,0.071033,-0.045286,0.12037,0.040084,-0.15883,-0.082528,0.42913,0.36955,0.40797,0.31108,0.60675,0.23231,0.59728,0.4787,0.58682,0.46004,0.7532,0.70015,0.037332,0.54922,0.47108,0.27687,-0.031906,0.11724,0.29384,0.17276,0.56791,0.6914,0.14664,0.12891,0.053352,0.17525,-0.32406,-0.11154,0.2561,-0.12652,0.68338,0.56798,0,0.97165,-0.41942,-0.26624,0.22798,-0.021727,-0.21704,0.16669,0.0079689,0.14459,-0.040993,0.24412,0.3109,0.44364,0.48853,0.0080524,0.15262,0.34599,0.22509,0.38152,0.42181,0.52371,0.404,0.2982,0.043363,0.10634,0.38813,0.87447,0.9783,0.72738,0.55141,-0.29642,-0.30434,0.74244,0.68006,0.85427,0.50678,0.015555,0.22099,0.16964,0.055929,0.54906,0.047865,-0.34891,-0.14495,-0.0060754,-0.060122,-0.16718,-0.24008,-0.50742,-0.40777,-0.16984,0.012206,-0.34419,-0.13041,0.25585,0.33355,0.26592,0.32601,-0.54511,-0.56826
