,,,,,,,,,,,,,,,,,,,,,,,,,,,,,,,,,,,,,,,,,,,,,,,,,,,,,,,,,,,,,,,,,,,,,,,,,,,,,,,,,,,,,,,,,,,,,,,,,,,,,,,,
0,0.47506,-0.036859,0.044837,0.5544,-0.1675,-0.15889,-0.42408,0.25877,0.60108,0.1263,-0.49286,-0.040402,-0.08424,0.62874,0.69733,0.36743,0.19738,0.031272,0.28126,0.90654,0.52717,0.36877,0.77014,0.28653,0.54788,0.5902,1.0476,0.77482,0.51087,0.076616,0.02751,0.012865,0.084569,-0.23632,-0.36822,0.049112,0.28321,0.3633,0.073108,1.2482,0.43345,0.59233,0.44141,0.31981,0.47594,-0.47045,-0.53582,0.64349,-0.37731,-0.45499,0.2201,0.48611,0.37368,0.42369,0.46969,0.37396,0.21523,0.18933,0.5898,0.71114,0.77551,0.51153,0.60434,0.32425,-0.23999,-0.32053,0.45734,0.84736,0.41619,0.54055,0.1743,0.073053,-0.26135,-0.33382,0.26649,0.29743,0.13475,0.1366,0.3575,0.39542,0.20637,-0.041196,0.2932,0.32098,0.1248,0.12871,-0.22734,-0.072467,-0.28338,-0.16745,0.4607,-0.30589,-0.18489,-0.47851,-0.16558,-0.36654,-0.010997,-0.20106,0.35234,0.26909,0.56622,0.34762,-0.21413,-0.36593
0.47506,0,-0.38536,0.13019,0.71256,0.77112,0.078161,0.23325,0.34526,0.58085,0.20548,0.13324,0.46744,0.42528,0.32625,0.27906,0.22012,-0.26849,-0.11311,0.29736,0.60171,0.49583,0.42388,0.4182,0.35143,0.46065,0.45511,0.5288,0.70186,0.081138,0.37745,0.41617,0.45685,0.33433,0.20799,0.17046,-0.38376,0.01705,0.033523,0.18347,0.62021,0.5614,0.040389,0.46833,0.51381,0.65363,0.062025,-0.032416,0.43735,0.13197,0.25772,0.052127,0.25832,0.44606,0.24515,0.031588,-0.016712,0.14434,0.047212,0.185,0.26727,0.063331,0.0054117,0.1793,0.073221,-0.072775,-0.18003,0.18101,0.19317,0.18487,0.057299,0.0037094,-0.10364,-0.11048,-0.059744,0.14334,0.18357,-0.065107,0.11753,0.19974,0.35998,-0.096969,-0.17855,-0.03269,0.14374,-0.095414,0.078067,0.22798,0.21852,0.24049,0.1432,-0.21344,0.10198,-0.022259,0.17694,-0.1944,-0.040885,-0.38524,0.093451,-0.10464,0.15002,0.1071,0.043102,0.066825,-0.14923
-0.036859,-0.38536,0,1.0246,-0.1909,-0.29177,0.27495,0.032097,-0.20793,-0.21665,-0.23458,0.25245,-0.14608,-0.19278,-0.13649,-0.0073993,0.091593,0.552,0.39815,0.29281,-0.26413,-0.10313,0.11038,0.00042966,0.14856,0.13542,-0.24079,-0.23408,-0.29324,0.12278,-0.27229,-0.039997,-0.18551,-0.2704,-0.22743,-0.24964,0.66776,0.4558,0.34928,0.49875,-0.11084,0.086217,0.20266,-0.10891,-0.07317,-0.24836,0.07985,0.14774,-0.25886,0.12917,-0.07327,0.025516,0.0085069,-0.14595,0.20079,-0.11976,0.19845,0.3497,0.3694,-0.27202,-0.11306,-0.069919,0.055856,-0.18075,-0.046566,0.38006,0.43934,-0.25947,-0.076881,0.00065049,0.088984,0.38684,0.36257,0.21859,0.11607,0.1554,0.2594,0.81958,0.59633,0.24485,0.012005,0.97067,0.84718,0.71021,0.50445,0.65343,0.39412,0.071162,0.14198,-0.3404,-0.53315,0.21284,-0.015486,0.1023,-0.012621,-0.10089,0.12559,0.10114,0.15514,-0.05953,-0.15568,0.14979,-0.11124,-0.10076,-0.017965
0.044837,0.13019,1.0246,0,0.10752,0.097195,0.33091,0.16627,-0.085093,-0.12043,-0.0026118,0.43373,0.28259,0.21888,-0.0080261,0.072184,0.18514,0.48058,0.40946,0.57447,-0.067108,0.049145,0.32181,0.10598,0.38803,0.32328,-0.11064,-0.12205,0.01385,0.097827,0.1041,0.2124,0.17166,0.086811,-0.0065469,0.0014782,0.48453,0.61667,0.41303,0.86452,0.057139,0.39654,0.1506,0.031083,0.27174,0.1338,0.12181,0.24803,-0.10142,0.45404,0.21909,0.045016,0.080483,0.14427,0.39142,-0.17975,0.1014,0.43647,0.48168,-0.24903,-0.04982,-0.052587,0.063894,-0.082473,-0.02591,0.33884,0.36764,-0.193,-0.086481,0.12422,0.15682,0.46395,0.34404,0.18435,0.11215,0.21043,0.28184,0.84288,0.8967,0.38779,0.33111,0.79687,1.0014,0.5321,0.72072,0.58237,0.64678,0.27549,0.41982,-0.1969,-0.47991,-0.070358,0.026978,0.051905,0.085658,-0.27211,0.16507,-0.16187,0.20098,-0.20386,-0.098519,0.072972,-0.10355,-0.10887,-0.14203
0.5544,0.71256,-0.1909,0.10752,0,0.45137,-0.3765,-0.37193,0.54484,0.62901,0.57338,-0.27473,0.073688,0.068341,0.54717,0.48529,0.19974,-0.18549,-0.22368,0.10399,0.80689,0.5284,0.1933,0.40637,0.43863,0.33415,0.60851,0.43112,0.96797,0.016247,0.11759,0.13959,0.014953,0.095884,-0.28748,-0.2498,-0.0027968,0.31698,0.37222,0.22942,0.5176,0.71897,0.057754,0.090348,0.27268,0.42052,0.0053906,-0.061706,0.93511,0.00090455,-0.0080175,0.45942,0.78623,0.8898,0.68541,0.33333,0.078185,0.095307,-0.031434,0.48602,0.51336,0.20514,0.20288,0.38642,0.26883,-0.09461,-0.28702,0.2888,0.60818,0.45703,0.28108,0.13208,-0.10373,-0.33152,-0.37837,0.80995,0.38992,-0.20597,-0.029901,-0.044601,0.15951,-0.028503,-0.10196,-0.062882,0.20435,-0.27654,-0.00090698,0.040942,0.15918,-0.03184,-0.12647,0.24356,0.18983,0.45744,0.25321,-0.076589,-0.13619,0.13279,-0.055424,-0.0049502,0.13105,-0.026833,0.013178,0.5023,0.26681
-0.1675,0.77112,-0.29177,0.097195,0.45137,0,0.30693,0.6222,0.19993,0.079189,0.092038,0.54591,0.60435,0.61394,-0.049434,-0.10576,0.044098,-0.37128,-0.0018495,0.15569,0.050867,0.059058,0.26755,-0.034379,0.097809,0.085681,0.034651,-0.16329,0.017559,-0.22795,0.071249,0.3988,0.46398,0.3121,0.29852,0.40683,-0.51209,-0.23938,-0.35514,0.076725,-0.043347,0.32466,-0.44725,0.098098,0.13446,0.18311,0.6274,0.47135,0.045098,0.4751,0.94947,-0.08809,0.15222,0.30713,-0.075866,-0.25599,-0.34094,0.0077263,-0.057242,-0.18004,-0.12272,-0.50137,-0.51467,-0.30282,-0.28301,0.12278,0.00024478,-0.29477,-0.28829,-0.25612,-0.41808,-0.28216,-0.34449,-0.0034989,0.094188,-0.02472,-0.012983,-0.12542,0.06935,-0.13381,0.13147,-0.25931,-0.088361,-0.20225,-0.057326,-0.24478,0.0028625,0.71078,0.50548,0.67456,0.44104,-0.22529,0.56217,0.23622,0.65607,0.050544,0.27601,-0.18681,0.17249,-0.48061,-0.16752,-0.35493,-0.29979,0.43918,0.2136
-0.15889,0.078161,0.27495,0.33091,-0.3765,0.30693,0,1.3598,-0.57608,-0.31234,-0.37072,0.98213,0.39479,0.49283,-0.75836,-0.70178,-0.25671,-0.14468,0.21883,0.10652,-0.62123,-0.66421,0.048843,-0.30033,-0.34788,-0.19241,-0.8166,-0.455,-0.56383,0.36171,-0.062059,0.23024,0.31389,0.1765,0.46886,0.58324,-0.21788,-0.20985,-0.17947,-0.0098127,-0.098752,-0.23613,-0.1168,0.25949,-0.21102,-0.16801,0.3738,0.44087,-0.75922,0.41245,0.5882,-0.68486,-0.52662,-0.6488,-0.66538,-0.73161,-0.14038,0.079358,0.12122,-0.68126,-0.58448,-0.49909,-0.68903,-0.6883,-0.91168,0.32219,0.30521,-0.8292,-0.78388,-0.90416,-0.61605,-0.3545,-0.19415,0.16709,0.29735,-0.92025,-0.34287,0.24459,0.20789,-0.0032609,0.074301,0.12637,0.16849,-0.0064434,-0.1127,0.096654,0.0848,0.30919,0.29198,0.23494,0.16866,-0.10314,0.13009,-0.14367,0.14493,-0.36532,-0.059456,-0.37847,0.18976,-0.72627,-0.61345,-0.38469,-0.58342,0.038843,-0.1816
-0.42408,0.23325,0.032097,0.16627,-0.37193,0.6222,1.3598,0,-0.44595,-0.30545,-0.41451,1.2126,0.41628,0.51487,-0.78842,-0.7236,-0.33955,-0.36085,0.068688,-0.019172,-0.66744,-0.52623,-0.010824,-0.44281,-0.33252,-0.23623,-0.71678,-0.49161,-0.57385,0.016203,-0.050304,0.2464,0.33562,0.14249,0.53279,0.65784,-0.4973,-0.44034,-0.40587,-0.080716,-0.28041,-0.23257,-0.41804,0.13396,-0.16681,-0.16576,0.61098,0.57097,-0.80334,0.42843,0.80853,-0.69123,-0.58381,-0.56184,-0.75303,-0.92101,-0.34821,-0.047294,-0.043549,-0.77246,-0.68353,-0.83164,-0.94351,-0.87112,-0.87915,0.26221,0.27028,-0.83299,-1.0291,-0.88579,-0.82919,-0.46576,-0.30254,0.19114,0.35351,-0.89815,-0.35713,0.025407,0.048462,-0.13614,-0.058232,-0.094137,-0.030329,-0.16656,-0.26325,-0.063472,-0.059177,0.48758,0.32619,0.50084,0.37501,-0.34372,0.29796,-0.11008,0.37214,-0.21172,0.12909,-0.40079,0.29309,-0.75732,-0.52984,-0.48071,-0.56072,0.10125,-0.12528
0.25877,0.34526,-0.20793,-0.085093,0.54484,0.19993,-0.57608,-0.44595,0,0.71918,0.66886,-0.16649,0.35447,0.22441,1.2309,0.97431,0.73177,0.24342,0.2832,0.45194,0.93663,1.1455,0.70158,0.82586,1.0233,0.89311,1.1159,0.72091,0.71372,-0.025159,0.28137,0.39058,0.39527,0.31446,0.13187,-0.099239,-0.09261,0.33294,0.053365,0.41047,0.2433,0.732,0.098414,0.15103,0.68166,0.68349,-0.41903,-0.35926,0.66002,0.077507,-0.017651,0.65079,0.39926,0.5847,0.3825,0.44514,0.15395,0.31949,0.29356,0.87082,0.96786,0.5431,0.5579,0.74712,0.75954,-0.11209,-0.078471,0.78306,0.83486,0.80274,0.71462,0.56615,0.46154,0.10975,0.089375,0.87609,0.996,0.070318,0.27212,0.070164,0.36888,0.067634,0.066151,0.28213,0.36574,0.27343,0.35596,-0.03097,0.14639,-0.18159,-0.12062,-0.11357,-0.13636,0.065148,-0.10745,-0.14844,-0.26709,-0.1458,-0.53917,0.42385,0.68531,0.53085,0.48761,-0.045188,0.082647
0.60108,0.58085,-0.21665,-0.12043,0.62901,0.079189,-0.31234,-0.30545,0.71918,0,0.40021,-0.11394,-0.021994,-0.062767,0.64341,0.65515,0.39337,-0.059276,-0.061281,0.16001,0.92266,0.80916,0.41263,0.90079,0.48389,0.83701,0.73397,0.8344,0.85599,0.26897,0.18598,0.38068,0.098898,-0.024496,-0.044145,-0.22448,-0.091432,0.22809,0.32855,0.21535,0.6794,0.78869,0.33902,0.4222,0.48698,0.5736,-0.36271,-0.3938,0.57203,-0.3484,-0.27556,0.41237,0.25447,0.26865,0.25677,0.24284,0.11687,0.1938,0.13988,0.89663,0.96917,0.44961,0.44078,0.66289,0.5415,0.005795,-0.063452,0.3705,0.84831,0.46277,0.52951,0.36441,0.3178,0.091574,0.041519,0.45971,0.64431,-0.11921,-0.031862,0.06796,0.050992,-0.011165,-0.30117,-0.016156,-0.018656,-0.014614,-0.066979,-0.26238,-0.16421,-0.076779,0.016714,-0.00094456,-0.20435,0.13774,-0.15059,-0.35937,-0.59058,-0.25449,-0.26645,0.23705,0.47484,0.44862,0.29801,0.087657,0.0016641
0.1263,0.20548,-0.23458,-0.0026118,0.57338,0.092038,-0.37072,-0.41451,0.66886,0.40021,0,-0.14508,0.37909,0.40756,0.61574,0.35398,0.40868,-0.052957,0.155,0.31084,0.54286,0.31108,0.29763,0.44173,0.63103,0.31507,0.61437,0.24755,0.70594,0.28581,0.80814,0.63219,0.47938,0.67634,0.22235,0.2826,0.13059,0.52749,0.30564,0.35901,0.23425,0.56219,0.159,0.2671,0.6352,0.84044,-0.45725,-0.32315,0.59352,0.21874,-0.049005,0.76208,0.20089,0.42923,0.22399,0.36532,0.13145,0.2041,0.18332,0.48922,0.42123,0.54314,0.5076,0.68226,0.54362,-0.073854,-0.12652,0.53016,0.43378,0.67463,0.59525,0.44935,0.39365,-0.060215,-0.013918,0.63018,0.25579,-0.026589,0.16043,-0.20194,0.4396,-0.020628,0.18529,-0.030361,0.13488,0.067275,0.2172,-0.16893,0.15162,-0.26977,-0.1387,-0.1878,-0.22578,0.21009,-0.094612,-0.22787,-0.39246,-0.057848,-0.54274,0.27799,0.43894,0.14591,0.27982,0.15244,0.14795
-0.49286,0.13324,0.25245,0.43373,-0.27473,0.54591,0.98213,1.2126,-0.16649,-0.11394,-0.14508,0,0.5023,0.59827,-0.49146,-0.40171,-0.10481,-0.082324,0.33294,0.1418,-0.53367,-0.29303,0.21217,-0.23198,0.020824,0.08186,-0.56095,-0.4558,-0.4649,0.039461,0.051056,0.46076,0.41969,0.15061,0.60877,0.62531,-0.24993,-0.094296,-0.14043,0.30632,-0.33224,0.10424,-0.31863,0.11431,0.061267,-0.0040792,0.40373,0.47343,-0.73263,0.50429,0.802,-0.40118,-0.51291,-0.44574,-0.54502,-0.92937,-0.32173,0.088306,0.14812,-0.41732,-0.32686,-0.62944,-0.58085,-0.53086,-0.50354,0.40238,0.44569,-0.71351,-0.65285,-0.5034,-0.37185,-0.056676,0.070516,0.38399,0.51208,-0.45959,-0.043451,0.19389,0.29302,-0.12217,0.0062951,0.042535,0.21237,-0.094531,-0.12617,0.13637,0.14478,0.36426,0.34971,0.31987,0.19855,-0.40333,0.24994,0.0048266,0.31105,-0.4034,0.0026817,-0.50924,0.13244,-0.63831,-0.33634,-0.33907,-0.4248,0.084209,-0.097748
-0.040402,0.46744,-0.14608,0.28259,0.073688,0.60435,0.39479,0.41628,0.35447,-0.021994,0.37909,0.5023,0,1.7573,0.21555,0.046749,0.46974,0.13874,0.61701,0.78658,0.18041,0.1131,0.77996,0.2839,0.41765,0.37134,0.14097,0.053372,0.10446,0.27561,0.62399,0.74584,1.5921,1.151,0.92884,0.86552,-0.26096,0.090974,-0.28379,0.39702,0.031259,0.29693,-0.082628,0.31115,0.47306,0.56352,-0.11646,0.010966,0.061699,0.90772,0.85972,0.071415,-0.0023903,0.19166,-0.066191,-0.081144,-0.11388,0.21728,0.31076,0.01981,0.084685,0.13477,0.0093435,0.12669,-0.078764,-0.017762,-0.0060936,0.090248,-0.14805,0.012132,0.029345,0.095273,0.14214,0.094162,0.25405,-0.087935,0.097692,0.35916,0.60345,0.14924,0.91153,0.074371,0.41572,0.2086,0.34709,0.35897,0.69406,0.34192,0.47396,0.094893,0.091244,-0.3898,0.035213,-0.14541,0.060404,-0.21794,0.011652,-0.48942,-0.1605,-0.14378,0.091031,0.068515,-0.00023526,-0.12991,-0.086863
-0.08424,0.42528,-0.19278,0.21888,0.068341,0.61394,0.49283,0.51487,0.22441,-0.062767,0.40756,0.59827,1.7573,0,0.064705,-0.091041,0.32753,-0.014582,0.54015,0.52773,0.076965,-0.021149,0.61178,0.11457,0.32633,0.22088,0.0067106,-0.040766,0.089801,0.39185,0.68716,0.76486,1.4256,1.2033,0.95228,1.036,-0.30519,0.038934,-0.18912,0.31359,-0.0018399,0.25804,-0.18752,0.29584,0.35024,0.49789,-0.072232,0.0014333,-0.010993,0.86533,0.90887,0.046497,-0.11261,0.049779,-0.22544,-0.21028,-0.13664,0.15692,0.20842,-0.036763,-0.01486,0.055447,-0.07322,0.082486,-0.17441,-0.031678,-0.05791,-0.040479,-0.22708,-0.036631,-0.023207,-0.0096167,0.058233,0.0084437,0.20027,-0.18789,-0.041971,0.20648,0.44899,-0.042333,0.7589,0.012251,0.3214,0.047044,0.13852,0.20314,0.47316,0.31114,0.47127,0.070127,0.12653,-0.40903,0.041025,-0.15207,0.066208,-0.32221,-0.064455,-0.44752,-0.18405,-0.18824,0.021038,-0.051615,-0.063816,-0.056099,-0.14836
0.62874,0.32625,-0.13649,-0.0080261,0.54717,-0.049434,-0.75836,-0.78842,1.2309,0.64341,0.61574,-0.49146,0.21555,0.064705,0,1.6175,1.0363,0.42467,0.37211,0.62003,1.3732,1.2869,0.79413,1.2291,1.0808,1.0073,1.7993,0.99539,0.89916,0.13103,0.36395,0.32463,0.29284,0.2907,-0.033745,-0.24652,0.12085,0.51686,0.20682,0.42526,0.58265,0.79782,0.47046,0.31188,0.80248,0.84343,-0.67202,-0.67204,1.013,-0.12924,-0.3233,0.86434,0.65635,0.87593,0.64178,0.89955,0.37766,0.35761,0.34616,1.1052,1.3111,1.0365,1.0566,1.0952,1.1023,-0.19207,-0.19668,1.1645,1.2277,1.1685,1.1728,0.70411,0.54016,-0.0083376,-0.083905,0.95801,0.69009,0.21967,0.36868,0.29025,0.60836,0.16822,0.2047,0.41625,0.51611,0.41047,0.46282,-0.19498,-0.0082615,-0.34176,-0.19572,0.040526,-0.29478,-0.051653,-0.37263,0.0027582,-0.22673,-0.093923,-0.5397,0.79615,0.86761,0.92251,0.82299,-0.29134,-0.095224
0.69733,0.27906,-0.0073993,0.072184,0.48529,-0.10576,-0.70178,-0.7236,0.97431,0.65515,0.35398,-0.40171,0.046749,-0.091041,1.6175,0,0.79323,0.45335,0.32314,0.50331,1.1103,1.2892,0.66875,1.0394,0.95839,1.081,1.1952,1.054,0.77528,0.037427,0.13873,0.1901,0.098134,0.079982,-0.21142,-0.47857,0.10306,0.51763,0.25163,0.46246,0.48648,0.815,0.35175,0.16245,0.74905,0.71543,-0.51535,-0.55015,0.74873,-0.23099,-0.39897,0.68226,0.63383,0.76258,0.64147,0.58761,0.25272,0.29483,0.33569,1.0878,1.4795,0.83056,0.92845,0.9347,0.99915,-0.15655,-0.10982,0.92439,1.192,1.1063,1.1233,0.6947,0.53745,0.056326,-0.040733,0.82824,0.74194,0.22129,0.32403,0.31373,0.44791,0.2419,0.14311,0.42124,0.48109,0.40731,0.39557,-0.14655,0.014353,-0.27059,-0.13716,0.15504,-0.27528,-0.10159,-0.42228,-0.0061726,-0.20805,-0.061812,-0.43538,0.73116,0.8054,0.88628,0.84953,-0.37217,-0.26841
0.36743,0.22012,0.091593,0.18514,0.19974,0.044098,-0.25671,-0.33955,0.73177,0.39337,0.40868,-0.10481,0.46974,0.32753,1.0363,0.79323,0,0.65121,1.0217,1.1214,0.81625,0.72389,1.5055,1.2012,0.91467,0.97835,0.90121,0.43405,0.38311,0.3967,0.43764,0.65389,0.62792,0.4491,0.18572,0.011599,0.28966,0.50378,0.10413,0.56067,0.43127,0.6797,0.56506,0.5473,0.6465,0.66741,-0.47393,-0.55087,0.65973,0.11479,-0.063266,0.66518,0.52251,0.59634,0.40575,0.76114,0.4437,0.5452,0.54896,0.6401,0.7719,0.82081,0.91775,0.82443,0.8321,0.12178,0.048314,0.62791,0.59946,0.65057,0.84193,0.78572,0.7617,0.23729,0.18832,0.5052,0.35571,0.66825,0.84703,0.5081,0.96726,0.40929,0.54752,0.65528,0.55151,0.86296,0.76798,-0.047268,0.064904,-0.28479,-0.10929,-0.082822,-0.23503,-0.09849,-0.31314,0.0019613,-0.067376,-0.33737,-0.43384,0.76063,0.82184,1.0152,0.69576,-0.47891,-0.11986
0.19738,-0.26849,0.552,0.48058,-0.18549,-0.37128,-0.14468,-0.36085,0.24342,-0.059276,-0.052957,-0.082324,0.13874,-0.014582,0.42467,0.45335,0.65121,0,0.72095,0.62829,0.20943,0.32445,0.5588,0.49244,0.43765,0.59297,0.24397,0.19621,-0.050301,0.059247,-0.052006,-0.050066,0.12248,0.032148,0.028214,-0.19603,0.53919,0.44638,0.15186,0.52824,0.14084,0.25347,0.47155,0.036021,0.2633,0.093572,-0.39247,-0.27391,0.086076,0.029789,-0.13825,0.12343,0.21987,0.18245,0.41435,0.343,0.30301,0.36807,0.51209,0.18856,0.32314,0.51788,0.48027,0.35201,0.4219,0.0012319,0.1128,0.23913,0.29707,0.29904,0.58391,0.61525,0.56221,0.19239,0.021579,0.27095,0.42626,0.88368,0.8808,0.65493,0.41739,0.52761,0.84116,0.82523,0.93807,0.88705,0.82407,-0.024524,0.085213,-0.43827,-0.53119,0.19121,-0.13491,-0.1793,-0.36414,0.036007,0.18114,-0.063665,-0.12738,0.47551,0.36171,0.68499,0.29486,-0.57571,-0.18898
0.031272,-0.11311,0.39815,0.40946,-0.22368,-0.0018495,0.21883,0.068688,0.2832,-0.061281,0.155,0.33294,0.61701,0.54015,0.37211,0.32314,1.0217,0.72095,0,1.0546,0.13782,0.16679,1.1319,0.51426,0.64184,0.57644,0.19323,0.0088939,-0.097182,0.48241,0.25995,0.56773,0.6384,0.43818,0.38098,0.25181,0.27848,0.46848,0.049556,0.70007,0.048431,0.37608,0.31449,0.36015,0.33201,0.33331,-0.27302,-0.25821,0.061854,0.41093,0.23113,0.31631,0.14467,0.15227,0.033805,0.2283,0.29919,0.51136,0.61041,0.2112,0.31503,0.41297,0.44879,0.27876,0.27769,0.25325,0.24529,0.14335,0.090363,0.21933,0.45923,0.54382,0.66094,0.31575,0.33296,0.078192,0.1452,0.86134,1.0731,0.34547,0.91001,0.57013,0.93797,0.65335,0.49689,1.1029,1.058,0.076757,0.23401,-0.33641,-0.13746,-0.13344,-0.16875,-0.17692,-0.28948,-0.15154,-0.063489,-0.4744,-0.40991,0.37529,0.38019,0.55319,0.34866,-0.52473,-0.2326
0.28126,0.29736,0.29281,0.57447,0.10399,0.15569,0.10652,-0.019172,0.45194,0.16001,0.31084,0.1418,0.78658,0.52773,0.62003,0.50331,1.1214,0.62829,1.0546,0,0.4732,0.38603,1.2238,0.88222,0.76051,0.79867,0.50362,0.25031,0.24987,0.38703,0.40934,0.69261,0.79403,0.63223,0.23885,0.13842,0.26752,0.63681,0.049664,0.81509,0.30012,0.58318,0.39556,0.4782,0.71282,0.70927,-0.21747,-0.13656,0.33396,0.51325,0.17475,0.40601,0.31419,0.47842,0.3544,0.36507,0.2675,0.69218,0.82731,0.21027,0.40308,0.56303,0.56554,0.44027,0.44919,0.25483,0.26166,0.36055,0.22257,0.39255,0.50971,0.67016,0.66062,0.34585,0.32917,0.25749,0.31187,1.0476,1.323,0.64489,1.3125,0.6996,0.88859,0.83487,0.88387,1.1378,1.321,0.27992,0.46446,-0.18986,-0.12658,-0.18113,-0.24761,-0.16202,-0.24658,-0.14233,-0.031386,-0.49352,-0.31536,0.34772,0.53897,0.651,0.43778,-0.49671,-0.23059
0.90654,0.60171,-0.26413,-0.067108,0.80689,0.050867,-0.62123,-0.66744,0.93663,0.92266,0.54286,-0.53367,0.18041,0.076965,1.3732,1.1103,0.81625,0.20943,0.13782,0.4732,0,1.1896,0.64833,1.193,0.69333,0.86193,1.4881,1.1369,1.2492,0.23987,0.36492,0.32721,0.28604,0.29722,-0.12146,-0.29143,0.0083214,0.31799,0.1848,0.22715,0.79153,0.72367,0.38423,0.32612,0.63987,0.78461,-0.54741,-0.65296,1.3754,-0.20313,-0.31196,0.70916,0.76639,0.84865,0.70834,0.73448,0.22322,0.20185,0.16073,1.0077,1.1872,0.92918,0.86228,1.2001,0.82978,-0.25861,-0.34312,0.89746,1.1762,0.90831,0.8108,0.47522,0.32167,-0.12507,-0.17955,0.74226,0.5476,0.10572,0.20959,0.28335,0.54315,0.12149,-0.0064801,0.3278,0.39212,0.19267,0.25486,-0.17269,-0.048393,-0.2156,-0.11134,0.14943,-0.20064,0.04252,-0.21802,-0.018937,-0.21399,-0.016823,-0.26025,0.63414,0.70928,0.73046,0.58311,-0.14926,-0.066572
0.52717,0.49583,-0.10313,0.049145,0.5284,0.059058,-0.66421,-0.52623,1.1455,0.80916,0.31108,-0.29303,0.1131,-0.021149,1.2869,1.2892,0.72389,0.32445,0.16679,0.38603,1.1896,0,0.66434,0.89623,0.91072,1.095,1.2406,1.1034,0.84632,-0.08418,0.27,0.2655,0.20285,0.080265,-0.038617,-0.33829,-0.07255,0.2484,0.13502,0.30467,0.52812,0.71817,0.30129,0.21181,0.74974,0.63104,-0.48909,-0.53552,0.72385,-0.27226,-0.29764,0.54555,0.47952,0.61986,0.5824,0.49341,0.2244,0.25028,0.20029,0.86295,1.1305,0.54737,0.66903,0.7801,0.82444,-0.18289,-0.15477,0.82367,1.0828,0.93883,0.85034,0.66836,0.47837,0.0652,-0.027091,0.84557,0.93594,0.14778,0.27093,0.26046,0.29527,0.090765,0.03662,0.34849,0.38858,0.28829,0.23251,-0.17932,-0.092635,-0.16915,-0.19061,-0.051971,-0.1603,-0.045099,-0.15573,-0.087885,-0.14218,-0.068039,-0.21818,0.51351,0.6022,0.77344,0.59791,-0.23204,-0.11924
0.36877,0.42388,0.11038,0.32181,0.1933,0.26755,0.048843,-0.010824,0.70158,0.41263,0.29763,0.21217,0.77996,0.61178,0.79413,0.66875,1.5055,0.5588,1.1319,1.2238,0.64833,0.66434,0,1.0617,0.97725,1.1984,0.64961,0.45802,0.32817,0.44589,0.41134,0.75809,0.8464,0.51404,0.43633,0.21277,0.054747,0.40306,0.052003,0.68297,0.44657,0.79384,0.42335,0.60935,0.66506,0.70346,-0.38261,-0.4102,0.41254,0.26745,0.22262,0.42759,0.35655,0.43435,0.23316,0.3814,0.31185,0.54045,0.5633,0.5286,0.6981,0.56258,0.53829,0.53083,0.45283,0.10606,0.05471,0.38092,0.41867,0.41143,0.60198,0.57267,0.57978,0.21213,0.21846,0.3051,0.43775,0.6394,0.92374,0.43834,1.0069,0.37252,0.5474,0.59007,0.54754,0.80525,0.86857,0.065605,0.18776,-0.20352,-0.085411,-0.14706,-0.12677,-0.14217,-0.22757,-0.19408,-0.13355,-0.55342,-0.37939,0.38874,0.53671,0.78042,0.4367,-0.3962,-0.19714
0.77014,0.4182,0.00042966,0.10598,0.40637,-0.034379,-0.30033,-0.44281,0.82586,0.90079,0.44173,-0.23198,0.2839,0.11457,1.2291,1.0394,1.2012,0.49244,0.51426,0.88222,1.193,0.89623,1.0617,0,0.82999,1.366,1.1406,0.87762,0.69366,0.42565,0.30569,0.51114,0.39567,0.26999,0.068651,-0.14543,0.16063,0.51159,0.21192,0.49602,0.82099,0.86728,0.72331,0.63042,0.76315,0.83948,-0.60229,-0.60075,0.76729,-0.12662,-0.26162,0.60885,0.51303,0.56739,0.47093,0.69395,0.36499,0.46247,0.48801,0.88905,1.1432,1.0162,0.88549,0.92657,0.83377,0.0017529,-0.039017,0.67258,0.8894,0.64668,0.90278,0.67146,0.61716,0.14731,0.065126,0.53009,0.58472,0.42484,0.52048,0.47534,0.67856,0.31212,0.26457,0.52553,0.52677,0.57624,0.55313,-0.15998,-0.006096,-0.28666,-0.13787,0.077618,-0.30214,-0.031687,-0.39065,-0.13614,-0.3341,-0.33912,-0.43175,0.64189,0.7878,1.0453,0.59801,-0.32799,-0.12737
0.28653,0.35143,0.14856,0.38803,0.43863,0.097809,-0.34788,-0.33252,1.0233,0.48389,0.63103,0.020824,0.41765,0.32633,1.0808,0.95839,0.91467,0.43765,0.64184,0.76051,0.69333,0.91072,0.97725,0.82999,0,1.0848,0.87784,0.58809,0.71579,0.18257,0.44253,0.49105,0.41198,0.30406,0.17587,-0.010341,0.1881,0.79583,0.43443,1.0772,0.36524,1.083,0.3155,0.30406,0.80091,0.80914,-0.47715,-0.4447,0.57829,0.19684,-0.0089766,0.79043,0.40134,0.62422,0.51215,0.42352,0.37249,0.52741,0.46007,0.68106,0.82692,0.60371,0.7388,0.63337,0.73436,0.00012715,-0.0021447,0.62467,0.64986,0.99861,1.0186,0.86264,0.68211,0.057652,0.016576,0.87761,0.75439,0.33798,0.64287,0.18516,0.66037,0.39542,0.54317,0.46742,0.6353,0.59604,0.76863,-0.093336,0.18213,-0.54507,-0.44203,-0.20549,-0.17251,0.034443,-0.18051,-0.30621,-0.25271,-0.38721,-0.50665,0.49621,0.6673,0.65343,0.50599,-0.22955,-0.12004
0.54788,0.46065,0.13542,0.32328,0.33415,0.085681,-0.19241,-0.23623,0.89311,0.83701,0.31507,0.08186,0.37134,0.22088,1.0073,1.081,0.97835,0.59297,0.57644,0.79867,0.86193,1.095,1.1984,1.366,1.0848,0,0.84596,0.85169,0.57183,0.22851,0.27221,0.5234,0.4277,0.20149,0.21026,-0.074344,0.026653,0.45178,0.20434,0.70348,0.58994,1.0942,0.46057,0.43799,0.89944,0.79568,-0.51721,-0.48648,0.44472,-0.068428,-0.076571,0.46599,0.33732,0.42339,0.38501,0.29511,0.18739,0.40999,0.46843,0.76805,1.1019,0.62939,0.60896,0.67977,0.6518,-0.025922,0.013536,0.46733,0.7163,0.61341,0.85512,0.73024,0.66158,0.19964,0.12032,0.50455,0.86303,0.44578,0.6153,0.3697,0.53462,0.29922,0.3448,0.51046,0.55392,0.60496,0.58802,-0.080495,0.070886,-0.23465,-0.2026,-0.022567,-0.16182,-0.058274,-0.27612,-0.2658,-0.25671,-0.383,-0.31086,0.42929,0.61324,0.9066,0.47012,-0.33065,-0.23025
0.5902,0.45511,-0.24079,-0.11064,0.60851,0.034651,-0.8166,-0.71678,1.1159,0.73397,0.61437,-0.56095,0.14097,0.0067106,1.7993,1.1952,0.90121,0.24397,0.19323,0.50362,1.4881,1.2406,0.64961,1.1406,0.87784,0.84596,0,0.97805,0.99104,0.086177,0.38753,0.34092,0.26412,0.26657,-0.067864,-0.22677,0.053315,0.36448,0.14038,0.28555,0.65034,0.76013,0.41753,0.34596,0.74839,0.80789,-0.55093,-0.66839,1.1642,-0.21023,-0.34288,0.91721,0.63989,0.86522,0.60823,0.93938,0.32357,0.2974,0.22049,0.89253,1.0038,0.89172,0.90285,0.99006,1.1015,-0.2335,-0.27352,1.057,1.0413,1.0672,0.89483,0.54869,0.40419,-0.074597,-0.14596,0.9218,0.58069,0.10988,0.23028,0.21241,0.4833,0.093582,0.080482,0.36359,0.40453,0.2792,0.28184,-0.13805,-0.033641,-0.24862,-0.12793,-0.0027844,-0.22891,0.018522,-0.24918,0.10312,-0.14084,-0.029752,-0.41195,0.83802,0.91147,0.90866,0.75925,-0.18759,-0.012682
1.0476,0.5288,-0.23408,-0.12205,0.43112,-0.16329,-0.455,-0.49161,0.72091,0.8344,0.24755,-0.4558,0.053372,-0.040766,0.99539,1.054,0.43405,0.19621,0.0088939,0.25031,1.1369,1.1034,0.45802,0.87762,0.58809,0.85169,0.97805,0,1.0193,0.20032,0.22745,0.08877,0.12307,0.10918,-0.004214,-0.27313,-0.2004,0.1674,0.17736,0.1347,0.84876,0.50779,0.38172,0.29464,0.58618,0.65797,-0.76785,-0.796,0.6513,-0.41386,-0.4275,0.37565,0.3377,0.36621,0.39464,0.41482,0.21337,0.10466,0.086442,0.87768,1.036,0.82442,0.62102,0.77992,0.54817,-0.48891,-0.41924,0.81264,1.0181,0.72131,0.73109,0.30799,0.22169,-0.20928,-0.24975,0.43316,0.66236,-0.017328,0.051399,0.19937,0.31723,0.040152,-0.14117,0.29089,0.31657,0.15558,0.1497,-0.33684,-0.1795,-0.32786,-0.21521,0.15168,-0.31143,-0.21047,-0.42695,-0.17106,-0.37067,-0.078474,-0.26922,0.52438,0.50616,0.78991,0.51476,-0.29535,-0.32894
0.77482,0.70186,-0.29324,0.01385,0.96797,0.017559,-0.56383,-0.57385,0.71372,0.85599,0.70594,-0.4649,0.10446,0.089801,0.89916,0.77528,0.38311,-0.050301,-0.097182,0.24987,1.2492,0.84632,0.32817,0.69366,0.71579,0.57183,0.99104,1.0193,0,0.25351,0.48562,0.23757,0.15756,0.2669,-0.15026,-0.23103,0.013431,0.46866,0.5103,0.32551,0.75125,0.721,0.25484,0.25624,0.59004,0.81805,-0.48976,-0.51299,1.0814,-0.11313,-0.30957,0.67678,0.48752,0.66857,0.65418,0.4715,0.23886,0.20462,0.10195,0.772,0.8127,0.73056,0.71134,0.90849,0.64831,-0.27469,-0.35261,0.75816,0.93887,1.0119,0.75789,0.4031,0.21901,-0.26444,-0.29266,0.7454,0.49821,-0.1196,0.051143,0.083931,0.39066,0.11168,-0.074511,0.097759,0.28753,-0.0042068,0.15011,-0.22404,0.01859,-0.38701,-0.27955,-0.020599,-0.27789,0.055171,-0.1882,-0.29611,-0.41244,-0.092744,-0.29463,0.42196,0.55922,0.41385,0.43025,-0.014065,-0.12729
0.51087,0.081138,0.12278,0.097827,0.016247,-0.22795,0.36171,0.016203,-0.025159,0.26897,0.28581,0.039461,0.27561,0.39185,0.13103,0.037427,0.3967,0.059247,0.48241,0.38703,0.23987,-0.08418,0.44589,0.42565,0.18257,0.22851,0.086177,0.20032,0.25351,0,0.42481,0.48045,0.403,0.43632,0.23779,0.26915,0.23822,0.36895,0.41891,0.20992,0.52024,0.22636,0.51968,0.68758,0.099323,0.33794,-0.4677,-0.44747,0.18152,0.11311,-0.05846,0.23922,-0.039454,-0.15356,-0.14634,0.19853,0.44587,0.38543,0.36011,0.27363,0.24141,0.59732,0.41724,0.40049,0.082072,0.12654,-0.0057512,0.085149,0.22849,0.10559,0.31734,0.14795,0.26632,-0.028653,0.057097,-0.13198,-0.08526,0.28995,0.29824,0.12191,0.54493,0.39627,0.21979,0.19104,0.012745,0.33353,0.25315,-0.26058,-0.03104,-0.45921,-0.098564,0.0098388,-0.50685,-0.23051,-0.53938,-0.50322,-0.66384,-0.37632,-0.44923,0.19689,0.18616,0.35394,0.19724,-0.21309,-0.28567
0.076616,0.37745,-0.27229,0.1041,0.11759,0.071249,-0.062059,-0.050304,0.28137,0.18598,0.80814,0.051056,0.62399,0.68716,0.36395,0.13873,0.43764,-0.052006,0.25995,0.40934,0.36492,0.27,0.41134,0.30569,0.44253,0.27221,0.38753,0.22745,0.48562,0.42481,0,0.91341,0.92873,1.0141,0.58769,0.6164,0.019683,0.27301,0.14224,0.20976,0.28562,0.28813,0.2626,0.56397,0.79121,0.91256,-0.51475,-0.38874,0.27558,0.25994,0.015284,0.36788,-0.14621,0.12596,-0.016044,0.20149,0.20446,0.25532,0.2545,0.20917,0.18047,0.4351,0.46123,0.55835,0.38121,-0.01896,-0.031686,0.48305,0.18165,0.49977,0.46183,0.44006,0.48269,0.11202,0.2186,0.14199,-0.025432,0.1896,0.32936,0.066577,0.63039,-0.019208,0.20317,-0.019989,0.023665,0.24488,0.21044,-0.17699,0.032355,-0.11484,0.0076211,-0.65913,-0.45202,-0.29461,-0.26427,-0.31794,-0.25749,-0.33243,-0.31617,0.2229,0.3589,0.27836,0.41448,-0.29828,-0.26565
0.02751,0.41617,-0.039997,0.2124,0.13959,0.3988,0.23024,0.2464,0.39058,0.38068,0.63219,0.46076,0.74584,0.76486,0.32463,0.1901,0.65389,-0.050066,0.56773,0.69261,0.32721,0.2655,0.75809,0.51114,0.49105,0.5234,0.34092,0.08877,0.23757,0.48045,0.91341,0,1.1312,0.85439,0.54933,0.55893,-0.07622,0.25872,-0.025873,0.35,0.20375,0.53419,0.17055,0.70776,0.82767,0.90697,-0.15536,-0.12835,0.14832,0.34383,0.21966,0.3649,-0.080653,0.10259,-0.17463,0.02449,0.050556,0.41296,0.44578,0.18763,0.26815,0.21534,0.27172,0.36954,0.30735,0.34537,0.2912,0.17322,0.089642,0.25289,0.30715,0.47972,0.61416,0.45517,0.59553,0.078388,0.092595,0.39823,0.52227,0.047608,0.62677,0.14982,0.28095,0.12936,-0.00046515,0.43056,0.28408,0.12536,0.26848,0.15948,0.29886,-0.51784,-0.25375,-0.097704,-0.091774,-0.33817,-0.29527,-0.47108,-0.3474,0.089545,0.34492,0.28505,0.31855,-0.16809,-0.17813
0.012865,0.45685,-0.18551,0.17166,0.014953,0.46398,0.31389,0.33562,0.39527,0.098898,0.47938,0.41969,1.5921,1.4256,0.29284,0.098134,0.62792,0.12248,0.6384,0.79403,0.28604,0.20285,0.8464,0.39567,0.41198,0.4277,0.26412,0.12307,0.15756,0.403,0.92873,1.1312,0,1.4729,0.92956,0.84601,-0.19947,0.094273,-0.26172,0.27906,0.12435,0.29416,0.048697,0.53782,0.67878,0.76598,-0.22228,-0.12885,0.097892,0.64395,0.52072,0.13066,-0.098411,0.1017,-0.16096,0.013745,0.0021957,0.32195,0.40284,0.073591,0.13241,0.25969,0.16481,0.31554,0.12739,0.070141,0.082253,0.22644,-0.038,0.13617,0.17128,0.25632,0.36153,0.26489,0.43393,-0.080108,0.062951,0.44571,0.64111,0.19929,0.93958,0.085643,0.33809,0.23252,0.21613,0.4642,0.5169,0.24749,0.37898,0.13148,0.20392,-0.50978,-0.17852,-0.30206,-0.10743,-0.24143,-0.071518,-0.49169,-0.26953,0.044166,0.27375,0.2558,0.21924,-0.30237,-0.22955
0.084569,0.33433,-0.2704,0.086811,0.095884,0.3121,0.1765,0.14249,0.31446,-0.024496,0.67634,0.15061,1.151,1.2033,0.2907,0.079982,0.4491,0.032148,0.43818,0.63223,0.29722,0.080265,0.51404,0.26999,0.30406,0.20149,0.26657,0.10918,0.2669,0.43632,1.0141,0.85439,1.4729,0,0.60064,0.69739,-0.1365,0.16846,-0.17845,0.17022,0.10882,0.20455,-0.031059,0.37675,0.62161,0.80672,-0.23222,-0.11704,0.17857,0.64982,0.36443,0.22542,-0.078277,0.15334,-0.11976,0.077887,-0.0048866,0.28652,0.37492,0.036124,0.068269,0.37997,0.23335,0.40923,0.16948,-0.040208,-0.01878,0.30819,-0.0021822,0.24239,0.21042,0.18483,0.2559,0.11501,0.27559,-0.044267,-0.045767,0.32352,0.48036,0.087466,0.96398,0.08921,0.29858,0.16071,0.19525,0.31606,0.41606,0.28483,0.51699,0.064617,0.19752,-0.405,-0.3126,-0.34678,-0.22433,-0.20653,-0.11901,-0.24876,-0.38274,0.11682,0.30679,0.17366,0.29584,-0.27251,-0.29588
-0.23632,0.20799,-0.22743,-0.0065469,-0.28748,0.29852,0.46886,0.53279,0.13187,-0.044145,0.22235,0.60877,0.92884,0.95228,-0.033745,-0.21142,0.18572,0.028214,0.38098,0.23885,-0.12146,-0.038617,0.43633,0.068651,0.17587,0.21026,-0.067864,-0.004214,-0.15026,0.23779,0.58769,0.54933,0.92956,0.60064,0,1.5239,-0.40453,-0.22644,-0.32804,0.081219,0.017858,0.025774,0.059183,0.42463,0.2789,0.29337,-0.34139,-0.20471,-0.26772,0.33061,0.57023,-0.17217,-0.4275,-0.30108,-0.51205,-0.21747,-0.070622,-0.040581,0.010017,-0.038336,-0.085972,-0.024946,-0.20081,-0.089895,-0.25592,-0.15707,-0.10598,-0.050908,-0.29048,-0.23162,-0.084099,-0.071825,0.075799,0.022916,0.18315,-0.34053,-0.04085,0.069,0.20912,-0.11398,0.31586,-0.31849,0.15523,-0.073989,-0.052586,0.14563,0.23563,-0.11055,-0.055293,0.038313,0.038725,-0.43342,0.070101,-0.17273,0.029589,-0.23612,-0.093228,-0.47919,-0.10152,-0.20494,-0.13102,0.010167,-0.18354,-0.080886,-0.019933
-0.36822,0.17046,-0.24964,0.0014782,-0.2498,0.40683,0.58324,0.65784,-0.099239,-0.22448,0.2826,0.62531,0.86552,1.036,-0.24652,-0.47857,0.011599,-0.19603,0.25181,0.13842,-0.29143,-0.33829,0.21277,-0.14543,-0.010341,-0.074344,-0.22677,-0.27313,-0.23103,0.26915,0.6164,0.55893,0.84601,0.69739,1.5239,0,-0.35224,-0.24425,-0.31593,0.0037219,-0.083189,-0.048142,-0.082346,0.34495,0.13369,0.20821,-0.11299,-0.028404,-0.31031,0.46582,0.71532,-0.14976,-0.45946,-0.30795,-0.60677,-0.29097,-0.16604,-0.098075,-0.068973,-0.25948,-0.34596,-0.16538,-0.34557,-0.23563,-0.40593,-0.10363,-0.11344,-0.24132,-0.545,-0.36459,-0.28794,-0.26302,-0.10859,-0.073696,0.11957,-0.45148,-0.32465,-0.025031,0.098146,-0.27735,0.26713,-0.34491,0.14683,-0.22692,-0.19075,-0.024589,0.11001,0.045668,0.069691,0.14009,0.15751,-0.44963,0.13312,-0.073583,0.13938,-0.1433,-0.010187,-0.34492,-0.038745,-0.32461,-0.24134,-0.2155,-0.30015,0.094555,0.060041
0.049112,-0.38376,0.66776,0.48453,-0.0027968,-0.51209,-0.21788,-0.4973,-0.09261,-0.091432,0.13059,-0.24993,-0.26096,-0.30519,0.12085,0.10306,0.28966,0.53919,0.27848,0.26752,0.0083214,-0.07255,0.054747,0.16063,0.1881,0.026653,0.053315,-0.2004,0.013431,0.23822,0.019683,-0.07622,-0.19947,-0.1365,-0.40453,-0.35224,0,0.93145,0.77388,0.489,0.031113,0.13146,0.53821,0.08138,-0.0041199,-0.060002,-0.098193,-0.0090849,0.16714,0.1278,-0.35573,0.24257,0.19421,0.16697,0.48923,0.46583,0.6562,0.55698,0.53478,0.052305,0.025348,0.35222,0.56233,0.28684,0.46545,0.50072,0.425,0.18571,0.23749,0.34836,0.43011,0.6081,0.53245,0.24755,0.094821,0.42581,0.046284,0.59218,0.50535,0.56343,0.1478,0.72466,0.54256,0.36367,0.39708,0.51267,0.35007,-0.12792,-0.0025801,-0.47932,-0.45598,0.048216,-0.3676,-0.026371,-0.33848,-0.0090734,0.026978,-0.042418,-0.17757,0.32382,0.31576,0.27373,0.29333,-0.24411,0.017066
0.28321,0.01705,0.4558,0.61667,0.31698,-0.23938,-0.20985,-0.44034,0.33294,0.22809,0.52749,-0.094296,0.090974,0.038934,0.51686,0.51763,0.50378,0.44638,0.46848,0.63681,0.31799,0.2484,0.40306,0.51159,0.79583,0.45178,0.36448,0.1674,0.46866,0.36895,0.27301,0.25872,0.094273,0.16846,-0.22644,-0.24425,0.93145,0,1.0227,1.1247,0.24776,0.65373,0.4824,0.27128,0.48389,0.51979,-0.22988,-0.070454,0.35237,0.32027,-0.23317,0.51599,0.25468,0.41766,0.54761,0.4048,0.62109,0.86576,0.86858,0.35325,0.40963,0.59214,0.79483,0.52748,0.68017,0.44516,0.4166,0.42219,0.48854,0.74914,0.8743,0.95056,0.7783,0.27351,0.16884,0.65912,0.37079,0.54071,0.70775,0.45528,0.51597,0.81033,0.62851,0.37939,0.59125,0.63492,0.6909,-0.03685,0.32066,-0.5945,-0.45023,-0.11876,-0.5164,-0.075641,-0.4508,-0.41343,-0.36575,-0.37587,-0.5848,0.352,0.5696,0.38409,0.49378,-0.28976,-0.21961
0.3633,0.033523,0.34928,0.41303,0.37222,-0.35514,-0.17947,-0.40587,0.053365,0.32855,0.30564,-0.14043,-0.28379,-0.18912,0.20682,0.25163,0.10413,0.15186,0.049556,0.049664,0.1848,0.13502,0.052003,0.21192,0.43443,0.20434,0.14038,0.17736,0.5103,0.41891,0.14224,-0.025873,-0.26172,-0.17845,-0.32804,-0.31593,0.77388,1.0227,0,0.59565,0.41585,0.49242,0.49353,0.23612,0.11351,0.18715,-0.22949,-0.15805,0.25507,-0.053388,-0.37822,0.3004,0.10055,0.12916,0.3878,0.2477,0.67938,0.5287,0.38522,0.3184,0.28163,0.36315,0.49678,0.33448,0.37714,0.28587,0.17409,0.15398,0.50002,0.50627,0.62952,0.50029,0.3605,-0.020141,-0.13904,0.49516,0.25473,0.09762,0.21,0.18358,0.050997,0.44405,0.20984,0.0016455,0.16635,0.12573,0.13436,-0.3227,-0.022499,-0.70177,-0.57466,-0.03775,-0.42126,-0.010318,-0.36655,-0.58658,-0.51817,-0.24836,-0.36382,0.16769,0.24081,0.17474,0.21429,-0.032187,-0.17441
0.073108,0.18347,0.49875,0.86452,0.22942,0.076725,-0.0098127,-0.080716,0.41047,0.21535,0.35901,0.30632,0.39702,0.31359,0.42526,0.46246,0.56067,0.52824,0.70007,0.81509,0.22715,0.30467,0.68297,0.49602,1.0772,0.70348,0.28555,0.1347,0.32551,0.20992,0.20976,0.35,0.27906,0.17022,0.081219,0.0037219,0.489,1.1247,0.59565,0,0.10251,0.87777,0.20584,0.14342,0.48236,0.46337,-0.13305,-0.038929,0.21577,0.51894,0.20043,0.45686,0.25349,0.41303,0.49088,0.10419,0.2323,0.58331,0.61496,0.26994,0.38344,0.32836,0.46418,0.29414,0.40292,0.27502,0.28412,0.16867,0.20593,0.51375,0.5773,0.71335,0.60514,0.19009,0.13535,0.50012,0.48135,0.54701,0.84932,0.33621,0.56968,0.73235,0.83133,0.47773,0.75559,0.69792,1.054,0.13141,0.39439,-0.49659,-0.47838,-0.1935,-0.097534,0.089957,-0.10908,-0.35736,-0.11906,-0.53983,-0.2859,0.20645,0.4532,0.34541,0.22803,-0.20348,-0.12007
1.2482,0.62021,-0.11084,0.057139,0.5176,-0.043347,-0.098752,-0.28041,0.2433,0.6794,0.23425,-0.33224,0.031259,-0.0018399,0.58265,0.48648,0.43127,0.14084,0.048431,0.30012,0.79153,0.52812,0.44657,0.82099,0.36524,0.58994,0.65034,0.84876,0.75125,0.52024,0.28562,0.20375,0.12435,0.10882,0.017858,-0.083189,0.031113,0.24776,0.41585,0.10251,0,0.54924,0.9046,0.84143,0.39344,0.53455,-0.50648,-0.58675,0.59556,-0.43315,-0.3818,0.24139,0.30827,0.30753,0.29485,0.56289,0.53862,0.31189,0.1861,0.47081,0.55224,0.63871,0.42421,0.45156,0.32253,-0.16446,-0.30998,0.33365,0.69853,0.32695,0.53276,0.2097,0.10342,-0.24608,-0.34799,0.26624,0.25368,0.091481,0.169,0.28308,0.34824,0.035949,0.021548,0.14945,0.23208,0.079857,0.089939,-0.30803,-0.16888,-0.30081,-0.23993,0.14813,-0.25386,-0.098433,-0.33284,-0.26674,-0.4057,-0.203,-0.21545,0.29823,0.2289,0.56365,0.2395,-0.10582,-0.21026
0.43345,0.5614,0.086217,0.39654,0.71897,0.32466,-0.23613,-0.23257,0.732,0.78869,0.56219,0.10424,0.29693,0.25804,0.79782,0.815,0.6797,0.25347,0.37608,0.58318,0.72367,0.71817,0.79384,0.86728,1.083,1.0942,0.76013,0.50779,0.721,0.22636,0.28813,0.53419,0.29416,0.20455,0.025774,-0.048142,0.13146,0.65373,0.49242,0.87777,0.54924,0,0.26946,0.33673,0.69846,0.75834,-0.20359,-0.24735,0.55284,0.070597,0.081576,0.72486,0.42724,0.63153,0.44243,0.27115,0.15432,0.46135,0.41975,0.64797,0.82707,0.44284,0.48308,0.53916,0.59476,0.064197,-0.014399,0.24352,0.60899,0.63614,0.70107,0.51967,0.38395,0.022038,-0.048323,0.69269,0.64675,0.19058,0.43941,0.10311,0.41517,0.25317,0.30665,0.18832,0.36358,0.24978,0.40049,0.11943,0.28552,-0.18836,-0.13626,-0.093171,-0.068442,0.15332,-0.12129,-0.27706,-0.26346,-0.30552,-0.37454,0.28112,0.56611,0.50624,0.37261,0.033923,-0.076968
0.59233,0.040389,0.20266,0.1506,0.057754,-0.44725,-0.1168,-0.41804,0.098414,0.33902,0.159,-0.31863,-0.082628,-0.18752,0.47046,0.35175,0.56506,0.47155,0.31449,0.39556,0.38423,0.30129,0.42335,0.72331,0.3155,0.46057,0.41753,0.38172,0.25484,0.51968,0.2626,0.17055,0.048697,-0.031059,0.059183,-0.082346,0.53821,0.4824,0.49353,0.20584,0.9046,0.26946,0,0.90507,0.30958,0.30705,-0.65205,-0.53822,0.32373,-0.35652,-0.58411,0.17959,0.15545,0.12897,0.24144,0.78474,0.9999,0.49108,0.43246,0.40306,0.4041,0.67231,0.6179,0.40623,0.44977,0.18134,0.08669,0.40906,0.57769,0.27991,0.65174,0.53462,0.50455,0.1122,-0.028871,0.2651,0.1461,0.42201,0.38689,0.56247,0.30321,0.19895,0.28799,0.26286,0.26952,0.44185,0.26065,-0.58965,-0.40747,-0.45286,-0.36256,0.065931,-0.45178,-0.17547,-0.54333,-0.1825,-0.36654,-0.30816,-0.32639,0.38256,0.24774,0.64548,0.3454,-0.34581,-0.10535
0.44141,0.46833,-0.10891,0.031083,0.090348,0.098098,0.25949,0.13396,0.15103,0.4222,0.2671,0.11431,0.31115,0.29584,0.31188,0.16245,0.5473,0.036021,0.36015,0.4782,0.32612,0.21181,0.60935,0.63042,0.30406,0.43799,0.34596,0.29464,0.25624,0.68758,0.56397,0.70776,0.53782,0.37675,0.42463,0.34495,0.08138,0.27128,0.23612,0.14342,0.84143,0.33673,0.90507,0,0.52261,0.64873,-0.30855,-0.29327,0.16891,-0.052387,-0.14967,0.028208,-0.099979,-0.0065335,-0.1758,0.37547,0.7144,0.62069,0.50627,0.2144,0.22199,0.37505,0.29079,0.25988,0.2668,0.35682,0.21917,0.25101,0.26455,0.10524,0.36375,0.33816,0.41742,0.29048,0.29249,-0.030066,-0.025969,0.31083,0.39638,0.38801,0.47501,0.050618,0.089114,0.065971,-1.1934e-06,0.34867,0.16101,-0.19579,-0.057294,-0.061122,0.090319,-0.30688,-0.44026,-0.35042,-0.40701,-0.41263,-0.48953,-0.7354,-0.46166,0.16203,0.25828,0.43276,0.30627,-0.32119,-0.30729
0.31981,0.51381,-0.07317,0.27174,0.27268,0.13446,-0.21102,-0.16681,0.68166,0.48698,0.6352,0.061267,0.47306,0.35024,0.80248,0.74905,0.6465,0.2633,0.33201,0.71282,0.63987,0.74974,0.66506,0.76315,0.80091,0.89944,0.74839,0.58618,0.59004,0.099323,0.79121,0.82767,0.67878,0.62161,0.2789,0.13369,-0.0041199,0.48389,0.11351,0.48236,0.39344,0.69846,0.30958,0.52261,0,1.6451,-0.38645,-0.25417,0.30455,0.1005,-0.1597,0.36875,0.043708,0.3598,0.19896,0.20052,0.14083,0.45598,0.56778,0.39535,0.55694,0.51414,0.55259,0.67162,0.75369,0.083372,0.19881,0.67299,0.45255,0.75053,0.78626,0.83892,0.81334,0.40901,0.38983,0.39376,0.43912,0.42119,0.56837,0.32629,0.61894,0.1551,0.26718,0.27526,0.36271,0.52432,0.39881,0.051443,0.28473,0.026148,0.048958,-0.37267,-0.42226,-0.31572,-0.36541,-0.26643,-0.22732,-0.35331,-0.40873,0.36386,0.66068,0.58793,0.67784,-0.49041,-0.47431
