,,,,,,,,,,,,,,,,,,,,,,,,,,,,,,,,,,,,,,,,,,,,,,,,,,,,,,,,,,,,,,,,,,,,,,,,,,,,,,,,,,,,,,,,,,,,,,,,,,,,,,,,
0,0.88143,0.06306,0.028828,1.092,0.42378,0.021557,-0.24346,0.8072,1.2758,0.62171,0.038226,0.19069,0.083193,0.87367,0.96461,0.51041,0.33868,0.1853,0.50471,1.143,0.83995,0.56902,0.93227,0.50796,0.70812,0.79602,1.3276,0.77393,0.49179,0.23617,0.37097,0.24312,0.24031,-0.2268,-0.57995,0.27631,0.16836,0.57246,0.27897,1.3453,0.80832,0.65523,0.67385,0.67436,0.56677,-0.27659,-0.37008,0.8127,-0.11238,-0.39462,0.40417,0.78222,0.61126,0.60614,0.56142,0.53966,0.3822,0.18574,0.82204,0.94029,0.70631,0.49832,0.67027,0.48688,0.16384,-0.15811,0.60017,1.094,0.5443,0.72345,0.60286,0.49679,0.34528,0.0718,0.34227,0.82279,0.44023,0.40269,0.73176,0.4747,0.27622,-0.032695,0.44973,0.4845,0.33052,0.3184,-0.13955,0.060824,0.36857,0.026231,0.29144,-0.41482,0.13736,-0.28977,0.067145,-0.058993,-0.088294,-0.56949,0.090467,0.10321,0.43511,0.48822,-0.27515,-0.41442
0.88143,0,-0.22279,0.11209,1.0747,1.1564,0.022072,0.11299,0.8387,0.96519,0.52571,0.25612,0.58712,0.42703,0.78402,0.78914,0.67267,0.19086,0.24755,0.76178,1.0742,0.8827,0.79396,0.87831,0.68348,0.81926,0.89297,0.85613,0.87389,0.2006,0.5806,0.7304,0.63587,0.53203,-0.022384,-0.30724,0.00035891,0.030847,0.28743,0.37814,0.94278,1.0086,0.37406,0.83462,0.99741,0.94337,0.10566,0.0021063,0.98417,0.14564,-0.02919,0.52374,0.6462,0.89349,0.57588,0.49165,0.48046,0.7436,0.45202,0.37697,0.55406,0.34473,0.28631,0.47694,0.47158,0.4218,0.097514,0.54911,0.69271,0.56706,0.46833,0.58068,0.4471,0.50941,0.29575,0.2107,0.52132,0.38519,0.5006,0.60975,0.71219,0.24283,0.090361,0.42808,0.61403,0.32258,0.44865,0.34237,0.55673,0.56422,0.13688,-0.31588,-0.19028,0.047448,0.093527,-0.016163,0.044627,-0.36956,-0.4996,-0.074275,0.22539,0.23829,0.42838,-0.15336,-0.38758
0.06306,-0.22279,0,1.0515,0.093588,-0.1818,0.47733,0.12645,-0.11788,-0.0018559,0.1721,0.32879,-0.1384,-0.054884,-0.10833,-0.13119,0.012167,0.28886,0.2579,0.082534,-0.17025,-0.14048,0.02985,-0.01046,0.15533,-0.028086,-0.18347,-0.18479,-0.13936,0.48075,-0.17931,0.0019307,-0.15196,-0.20416,0.0059595,0.085124,0.91542,0.7023,0.58249,0.57664,-0.0057757,0.11043,0.17834,-0.0047851,-0.12562,-0.2231,-0.20027,-0.15054,-0.25058,0.31106,0.14365,-0.086926,0.099052,-0.19308,0.13877,-0.15042,0.12714,0.057814,0.014243,0.033476,-0.03005,-0.020652,0.054947,-0.1287,-0.0083953,0.36027,0.39339,-0.26725,-0.12283,-0.0029613,0.12616,0.32785,0.35398,0.20709,0.13403,0.43065,0.26543,0.66281,0.50698,0.30933,0.002905,0.8302,0.55498,0.30823,0.14863,0.50776,0.22549,-0.29774,-0.29779,-0.34845,-0.49253,0.37676,0.11269,0.5283,0.14929,0.095331,0.26031,0.097024,0.26656,0.054311,-0.12011,0.20338,-0.25811,-0.0086447,0.25012
0.028828,0.11209,1.0515,0,0.23151,0.12589,0.49625,0.26778,0.00096975,0.040203,0.22576,0.5157,0.25938,0.31426,-0.01798,-0.072154,0.15089,0.32549,0.33382,0.33212,-0.044097,-0.016292,0.23246,0.10336,0.37304,0.15269,-0.090941,-0.16619,0.084565,0.39948,0.145,0.22807,0.18122,0.1046,0.19635,0.22872,0.68361,0.82151,0.53853,0.93553,0.03549,0.32228,0.14811,0.12584,0.1524,0.10675,-0.059184,0.12638,-0.10036,0.65676,0.43898,-0.028405,0.088848,0.03242,0.27364,-0.17465,0.14222,0.38126,0.40931,-0.033033,-0.020405,-0.037567,0.062332,-0.041081,0.046747,0.60686,0.70211,-0.18446,-0.11216,0.1018,0.17075,0.47995,0.43627,0.41774,0.34648,0.40288,0.29633,0.75361,0.79163,0.456,0.27868,0.87377,0.77256,0.27313,0.36519,0.55114,0.47925,0.015928,0.10783,-0.2337,-0.4839,-0.064146,0.05425,0.33683,0.2231,-0.16424,0.17531,-0.23847,0.18989,-0.17129,-0.025426,0.089382,-0.22514,-0.011497,0.11358
1.092,1.0747,0.093588,0.23151,0,0.76908,-0.043692,-0.16667,0.8603,1.0923,1.0465,0.17497,0.27853,0.26728,0.83933,0.7734,0.46979,0.13624,0.12564,0.45241,1.007,0.78191,0.50783,0.68138,0.69589,0.5515,0.80783,0.77652,0.96924,0.31226,0.4702,0.54764,0.32681,0.35997,-0.11828,-0.28413,0.43698,0.38114,0.79145,0.48692,0.95703,1.0628,0.4041,0.61097,0.76414,0.68588,-0.16268,-0.24815,0.9424,0.15443,-0.099747,0.51545,0.90498,0.86193,0.70177,0.48925,0.44318,0.33271,0.063244,0.78404,0.75646,0.40399,0.39461,0.57637,0.57982,0.31053,-0.091131,0.53467,0.84341,0.7271,0.71362,0.7223,0.52771,0.33019,0.11123,0.71575,0.71188,0.36738,0.45188,0.57095,0.47777,0.18653,0.029056,0.19981,0.34559,0.20547,0.26562,-0.10944,0.077709,0.43457,0.043788,0.036721,-0.13745,0.4883,0.14168,0.15897,0.1298,-0.044909,-0.44723,0.0047746,0.11203,0.1969,0.39137,0.063112,-0.098474
0.42378,1.1564,-0.1818,0.12589,0.76908,0,0.22746,0.43692,0.55384,0.49677,0.42037,0.46612,0.74552,0.65358,0.50255,0.46194,0.68601,0.14692,0.45698,0.76711,0.58984,0.45798,0.80073,0.57536,0.49083,0.57477,0.56462,0.31218,0.3903,0.18988,0.53438,0.9354,0.7766,0.64769,0.15527,-0.011172,-0.077338,-0.11968,0.079975,0.29818,0.52736,0.81404,0.16638,0.73563,0.64487,0.64905,0.34332,0.18275,0.62015,0.31881,0.32966,0.46096,0.58048,0.79534,0.32599,0.40532,0.33499,0.6771,0.4228,0.13157,0.26612,0.06667,0.0079989,0.15761,0.22435,0.56167,0.18927,0.20875,0.34077,0.29346,0.19161,0.34076,0.28815,0.47382,0.36327,0.075577,0.19338,0.40315,0.54431,0.36807,0.7505,0.16802,0.24443,0.33452,0.47612,0.29532,0.46695,0.6219,0.73288,0.68717,0.30639,-0.38105,0.16615,0.18266,0.39309,0.15873,0.24298,-0.26108,-0.42292,-0.18713,0.092384,0.030968,0.17375,0.057929,-0.099514
0.021557,0.022072,0.47733,0.49625,-0.043692,0.22746,0,1.2215,-0.30423,-0.1974,-0.024707,0.75356,0.31308,0.4546,-0.41376,-0.4105,-0.10473,0.036616,0.33297,0.24692,-0.36909,-0.47219,0.083023,-0.13776,-0.11539,-0.13811,-0.47856,-0.32546,-0.36211,0.68211,-0.10406,0.12641,0.1833,0.21524,0.1764,0.2912,0.19952,0.19623,0.17011,0.27226,-0.039688,-0.016928,-0.080828,0.16904,-0.1711,-0.14221,0.37202,0.52886,-0.55877,0.59683,0.59058,-0.33678,-0.22612,-0.31719,-0.33351,-0.37282,0.086081,0.38463,0.38922,-0.45935,-0.40996,-0.29537,-0.54517,-0.55893,-0.64626,0.69334,0.69736,-0.61605,-0.44582,-0.53399,-0.34554,-0.13712,-0.054289,0.32178,0.41353,-0.35291,-0.14785,0.42972,0.4016,0.1732,0.23994,0.58271,0.40139,0.14866,0.096787,0.28152,0.30688,0.39543,0.48816,0.058831,0.014194,-0.057828,-0.048346,-0.064565,0.044497,-0.26053,-0.02489,-0.36103,-0.10817,-0.51537,-0.43308,-0.25128,-0.56215,-0.011266,-0.225
-0.24346,0.11299,0.12645,0.26778,-0.16667,0.43692,1.2215,0,-0.32498,-0.31397,-0.20613,0.76177,0.36826,0.50156,-0.48163,-0.46807,-0.089168,-0.15625,0.27598,0.2094,-0.42213,-0.4635,0.082711,-0.22768,-0.13973,-0.16792,-0.43296,-0.45457,-0.39617,0.26537,-0.073179,0.17692,0.25393,0.2312,0.18557,0.34408,-0.12907,-0.067091,-0.13343,0.138,-0.20878,-0.062307,-0.35106,0.10458,-0.18339,-0.11421,0.77163,0.76896,-0.49457,0.55255,0.77929,-0.26481,-0.28741,-0.23119,-0.42258,-0.41058,-0.061947,0.38398,0.34995,-0.7278,-0.5933,-0.55297,-0.72476,-0.72242,-0.64141,0.63871,0.65767,-0.66685,-0.63452,-0.55553,-0.57402,-0.30668,-0.22401,0.25645,0.42707,-0.51778,-0.3631,0.18445,0.23495,-0.030733,0.20351,0.36561,0.27578,0.075371,0.024108,0.1376,0.21563,0.81693,0.76774,0.17308,0.20815,-0.37944,0.19001,-0.146,0.30793,-0.21001,0.069066,-0.44778,-0.017067,-0.46324,-0.25649,-0.33671,-0.49667,0.058661,-0.20198
0.8072,0.8387,-0.11788,0.00096975,0.8603,0.55384,-0.30423,-0.32498,0,1.124,0.83021,0.14965,0.54832,0.42113,1.6834,1.3755,0.98326,0.41455,0.51397,0.68606,1.477,1.4164,0.97432,1.1485,1.2366,1.0259,1.4591,1.2295,0.94787,0.22659,0.5731,0.65964,0.65378,0.54955,0.17946,-0.22661,0.088277,0.18869,0.31197,0.51166,0.79481,1.0939,0.41224,0.57307,1.0806,0.95959,-0.41767,-0.55602,1.1978,0.025338,-0.13709,0.97699,0.75654,0.89635,0.63323,0.65328,0.37665,0.4451,0.27019,1.0328,1.2871,0.86855,0.88436,1.0636,0.97639,-0.0094235,-0.25222,0.93967,1.0898,1.0408,1.1033,0.92768,0.7925,0.39524,0.21499,0.56385,1.1373,0.40127,0.57339,0.42753,0.78145,0.18977,0.19398,0.54202,0.62414,0.50461,0.57969,-0.048199,0.19334,0.19872,-0.036162,-0.15508,-0.26913,0.19345,-0.10367,0.017409,-0.045919,-0.25536,-0.79857,0.37701,0.55192,0.64529,0.8995,-0.31534,-0.21691
1.2758,0.96519,-0.0018559,0.040203,1.0923,0.49677,-0.1974,-0.31397,1.124,0,0.71424,0.14252,0.17195,0.065359,1.1135,1.2728,0.66979,0.31647,0.24049,0.54435,1.3946,1.1393,0.67545,1.165,0.77495,0.98877,1.1258,1.3517,1.0233,0.33641,0.36938,0.57778,0.27912,0.22079,-0.23641,-0.59999,0.18094,0.16524,0.57325,0.41548,1.2642,1.309,0.60233,0.67904,0.90206,0.75222,-0.23338,-0.40936,1.0406,-0.2284,-0.44769,0.83366,0.77834,0.78126,0.72075,0.58918,0.42087,0.46803,0.23627,0.95046,1.242,0.73976,0.74654,0.88924,0.8723,0.20327,-0.1026,0.6044,1.2941,0.85567,1.0056,0.85281,0.71401,0.45573,0.12722,0.46435,1.0632,0.35975,0.41074,0.49461,0.43769,0.24726,0.012165,0.43492,0.49529,0.33522,0.33236,-0.062834,0.13786,0.33131,0.017506,0.025932,-0.34377,0.32323,-0.13835,-0.022195,-0.11936,-0.18979,-0.64477,0.24122,0.39096,0.5566,0.70164,-0.17971,-0.30431
0.62171,0.52571,0.1721,0.22576,1.0465,0.42037,-0.024707,-0.20613,0.83021,0.71424,0,0.28589,0.38397,0.46856,0.71305,0.53581,0.39256,0.12182,0.24253,0.37048,0.65383,0.48447,0.38695,0.4961,0.72875,0.35221,0.63257,0.52741,0.68639,0.44774,0.71642,0.58626,0.49398,0.63655,0.26214,0.14227,0.64429,0.62599,0.80928,0.60898,0.55661,0.77573,0.30201,0.48724,0.79692,0.73862,-0.46096,-0.42726,0.56536,0.32834,-0.011644,0.5517,0.46978,0.4952,0.39779,0.33403,0.28457,0.17098,-0.0021003,0.74844,0.58358,0.54028,0.51663,0.66349,0.64532,0.16295,-0.096699,0.55926,0.55102,0.74506,0.81051,0.81028,0.74243,0.38338,0.30427,0.75118,0.60296,0.39122,0.49854,0.36416,0.53334,0.1491,0.17779,0.13734,0.22328,0.30471,0.30897,-0.31476,-0.025616,0.21903,-0.0071405,-0.11792,-0.37516,0.45006,-0.037361,0.13365,0.076927,-0.069431,-0.61911,0.15387,0.22641,0.19749,0.43762,-0.043151,-0.056771
0.038226,0.25612,0.32879,0.5157,0.17497,0.46612,0.75356,0.76177,0.14965,0.14252,0.28589,0,0.54068,0.66936,-0.068712,0.016371,0.19419,0.066925,0.58771,0.35768,-0.04784,-0.030735,0.3855,0.099134,0.34726,0.19001,-0.13349,-0.087797,-0.17002,0.36761,0.12382,0.37685,0.45449,0.31219,0.25592,0.2198,0.27925,0.34832,0.29829,0.7023,-0.025527,0.4187,-0.1079,0.18853,0.24054,0.18991,0.37779,0.40771,-0.1828,0.55793,0.5847,0.12433,-0.016341,0.014114,-0.1065,-0.35209,0.0041532,0.39114,0.36773,-0.057602,0.00045678,-0.24204,-0.18965,-0.1323,-0.18628,1.0052,0.79573,-0.31457,-0.15305,-0.14109,-0.025775,0.25519,0.30423,0.77413,0.90549,-0.11988,0.10315,0.3972,0.51819,0.15416,0.3344,0.46116,0.42352,0.17477,0.12171,0.34662,0.39805,0.31912,0.51606,0.28076,0.1783,-0.34537,0.030958,0.091392,0.1477,-0.28092,-0.012681,-0.67091,-0.2913,-0.42012,-0.14596,-0.1929,-0.21443,0.009612,-0.28507
0.19069,0.58712,-0.1384,0.25938,0.27853,0.74552,0.31308,0.36826,0.54832,0.17195,0.38397,0.54068,0,1.5356,0.40876,0.30547,0.74923,0.44628,0.85618,1.0257,0.40154,0.37065,0.96226,0.53352,0.64155,0.59884,0.35886,0.24934,0.19826,0.34894,0.77583,0.80278,1.7511,1.2595,0.78733,0.35503,-0.063893,0.080806,-0.098783,0.51461,0.1817,0.4976,0.096706,0.47587,0.78642,0.81217,-0.064538,0.09721,0.30134,0.77846,0.57536,0.36944,0.10282,0.31775,0.028343,0.13917,0.22474,0.72451,0.85167,0.039446,0.17889,0.24798,0.086621,0.25994,0.12371,0.35876,0.33697,0.31237,0.13742,0.19409,0.22528,0.45376,0.50032,0.6697,0.75253,-0.10587,0.20414,0.5893,0.7626,0.32752,1.166,0.34778,0.68555,0.49742,0.62936,0.64449,0.88597,0.45107,0.85448,0.23348,0.026128,-0.61127,-0.25275,-0.27242,-0.08457,-0.15899,-0.038259,-0.46593,-0.58816,-0.18423,0.11287,0.115,0.18367,-0.31245,-0.3334
0.083193,0.42703,-0.054884,0.31426,0.26728,0.65358,0.4546,0.50156,0.42113,0.065359,0.46856,0.66936,1.5356,0,0.23237,0.1049,0.46419,0.24429,0.69839,0.64774,0.20993,0.16694,0.64336,0.25298,0.54404,0.31942,0.16893,0.08077,0.16987,0.47503,0.72007,0.65487,1.2613,1.3031,0.85066,0.58248,0.033929,0.22229,0.057863,0.54042,0.055891,0.41458,-0.12208,0.31175,0.51746,0.59945,-0.045069,0.10326,0.10366,0.97678,0.84605,0.25045,-0.010277,0.16583,-0.10178,-0.052023,0.10296,0.53868,0.5874,0.021375,0.065574,0.14693,-0.0046932,0.18154,0.031346,0.28078,0.24191,0.12366,-0.014711,0.15251,0.17541,0.30533,0.35254,0.43619,0.61923,-0.022415,0.1569,0.44247,0.67725,0.17185,0.92099,0.30939,0.56053,0.24111,0.34273,0.44748,0.65135,0.40939,0.76118,0.14118,0.048687,-0.62239,-0.22106,-0.22252,-0.047819,-0.23553,-0.02494,-0.43868,-0.5681,-0.17508,0.10634,0.016791,0.13489,-0.21046,-0.34355
0.87367,0.78402,-0.10833,-0.01798,0.83933,0.50255,-0.41376,-0.48163,1.6834,1.1135,0.71305,-0.068712,0.40876,0.23237,0,1.7111,1.1091,0.51444,0.47247,0.70764,1.6503,1.366,0.96158,1.3994,1.0324,1.129,1.9488,1.2391,1.0145,0.22356,0.58278,0.70327,0.54407,0.44927,0.14148,-0.27673,0.057186,0.091294,0.26278,0.37905,0.98324,1.0389,0.6755,0.73622,1.0589,0.95844,-0.53201,-0.71712,1.5136,-0.13067,-0.31372,0.93303,0.95323,1.0923,0.82564,1.0102,0.50147,0.43143,0.27517,1.1144,1.4178,1.1216,1.1105,1.1438,1.2024,-0.091885,-0.32915,1.1493,1.3868,1.2244,1.2905,0.93806,0.81157,0.2892,0.055361,0.60852,0.9871,0.44461,0.55852,0.51212,0.7835,0.12704,0.19645,0.58113,0.7447,0.53072,0.58277,-0.11768,0.06776,0.15472,-0.096435,-0.0046923,-0.21596,0.24834,-0.13355,0.16631,0.011995,-0.11906,-0.67617,0.48379,0.59681,0.7616,0.97803,-0.34921,-0.09472
0.96461,0.78914,-0.13119,-0.072154,0.7734,0.46194,-0.4105,-0.46807,1.3755,1.2728,0.53581,0.016371,0.30547,0.1049,1.7111,0,0.96681,0.44021,0.42419,0.61452,1.5994,1.3834,0.90085,1.3594,0.87046,1.2136,1.3962,1.3897,0.85369,0.16123,0.38886,0.60614,0.42726,0.27957,-0.041599,-0.50315,-0.0059341,0.017411,0.22646,0.32969,0.8971,1.0101,0.60884,0.63295,1.0177,0.88222,-0.3597,-0.56376,1.3431,-0.25745,-0.43533,0.84204,0.95949,1.0035,0.79272,0.75201,0.40055,0.35844,0.25076,1.1473,1.6954,0.89058,0.98241,1.1039,0.97917,0.011836,-0.20961,1.0144,1.5168,1.0095,1.0617,0.85215,0.75319,0.39534,0.16016,0.42218,0.87885,0.35801,0.4134,0.48331,0.60954,0.12446,0.066351,0.57214,0.64302,0.45153,0.46799,-0.10487,0.078087,0.27555,0.040975,0.11379,-0.19655,0.17896,-0.19415,0.11883,-0.067285,-0.14897,-0.60356,0.35439,0.49069,0.61443,0.88325,-0.34919,-0.25868
0.51041,0.67267,0.012167,0.15089,0.46979,0.68601,-0.10473,-0.089168,0.98326,0.66979,0.39256,0.19419,0.74923,0.46419,1.1091,0.96681,0,1.0108,1.1235,1.3591,0.97075,0.97793,1.9357,1.4122,0.97919,1.4987,1.0668,0.66919,0.46637,0.31881,0.64751,1.03,0.87734,0.55768,0.3398,-0.15678,-0.01228,-0.089061,0.027531,0.47619,0.64871,0.9586,0.623,0.77582,0.9447,0.78225,-0.3096,-0.46025,0.90892,0.08904,-0.033421,0.94007,0.68184,0.76853,0.54783,0.83402,0.53648,0.76304,0.63457,0.46993,0.72817,0.73408,0.68559,0.67259,0.76893,0.18293,0.015189,0.62831,0.72955,0.70572,0.79439,0.9477,0.98312,0.57801,0.28681,0.20837,0.59278,0.84425,0.92655,0.54029,1.0851,0.42681,0.70853,1.0532,1.1411,1.0293,1.0378,0.19504,0.35776,0.13147,-0.18748,-0.21324,-0.050784,0.14501,-0.010049,0.17789,0.15685,-0.19491,-0.55352,0.37983,0.48413,0.76958,0.61327,-0.50116,-0.09824
0.33868,0.19086,0.28886,0.32549,0.13624,0.14692,0.036616,-0.15625,0.41455,0.31647,0.12182,0.066925,0.44628,0.24429,0.51444,0.44021,1.0108,0,0.9629,0.90675,0.45802,0.5014,0.90739,0.80165,0.55983,0.84709,0.4312,0.35628,0.15631,0.39197,0.28152,0.40264,0.42398,0.22406,0.2785,-0.16958,0.22317,0.065795,0.10948,0.4969,0.39087,0.47597,0.63732,0.38874,0.40514,0.276,-0.473,-0.44191,0.36059,0.15231,-0.017754,0.37529,0.34843,0.26186,0.38907,0.52287,0.47607,0.56618,0.61942,0.26654,0.41443,0.67037,0.52469,0.43416,0.47134,0.11145,0.096426,0.28267,0.39426,0.33118,0.61355,0.74139,0.8053,0.46516,0.11821,0.089261,0.4505,0.95476,0.88872,0.66863,0.66239,0.62251,0.9266,0.91021,1.0188,1.0771,1.015,0.0070996,0.13202,-0.22859,-0.57359,-0.0055515,-0.10907,0.05071,-0.20581,0.083317,0.15692,-0.14424,-0.25777,0.39783,0.32653,0.77267,0.28886,-0.71058,-0.081706
0.1853,0.24755,0.2579,0.33382,0.12564,0.45698,0.33297,0.27598,0.51397,0.24049,0.24253,0.58771,0.85618,0.69839,0.47247,0.42419,1.1235,0.9629,0,1.1007,0.33185,0.3756,1.2515,0.68739,0.73846,0.79571,0.35954,0.21752,0.024663,0.51782,0.38756,0.75016,0.80791,0.51626,0.56364,0.12059,0.065586,0.054992,0.01357,0.644,0.22791,0.5787,0.33649,0.47949,0.48823,0.41522,-0.19759,-0.22602,0.23344,0.37531,0.31217,0.53275,0.29606,0.28985,0.14971,0.31345,0.35068,0.66982,0.6923,0.19455,0.35656,0.39803,0.32959,0.24657,0.2652,0.35004,0.29424,0.16638,0.22466,0.25185,0.44797,0.64175,0.79096,0.65288,0.50018,-0.019204,0.34289,0.91341,1.0392,0.35892,0.98654,0.62898,1.1242,0.87368,0.81751,1.2014,1.285,0.22949,0.43187,-0.055866,-0.2285,-0.22886,0.0086928,0.085504,-0.030062,-0.01337,0.071268,-0.39297,-0.53286,0.19054,0.23935,0.46805,0.22057,-0.51753,-0.13951
0.50471,0.76178,0.082534,0.33212,0.45241,0.76711,0.24692,0.2094,0.68606,0.54435,0.37048,0.35768,1.0257,0.64774,0.70764,0.61452,1.3591,0.90675,1.1007,0,0.71812,0.66893,1.5355,1.177,0.82203,1.1821,0.69254,0.51433,0.38776,0.46849,0.65565,1.0761,0.97851,0.70114,0.32063,-0.10815,0.016697,0.01877,0.050663,0.60549,0.58046,0.84126,0.51343,0.78087,0.94048,0.81579,-0.14053,-0.11882,0.59695,0.37562,0.12503,0.69763,0.45621,0.57082,0.37769,0.52478,0.46696,1.0356,0.96605,0.19112,0.44275,0.52655,0.37894,0.38952,0.4318,0.46805,0.35499,0.39929,0.42745,0.42095,0.53077,0.86123,0.92159,0.89057,0.53663,0.017706,0.45587,1.0632,1.0875,0.62177,1.3441,0.7055,0.9382,1.0617,1.2653,1.1834,1.3967,0.38601,0.68036,0.17689,-0.18637,-0.34443,-0.18988,0.084006,0.0085396,0.0047734,0.054709,-0.36143,-0.56195,0.10413,0.26745,0.51185,0.35292,-0.5047,-0.23576
1.143,1.0742,-0.17025,-0.044097,1.007,0.58984,-0.36909,-0.42213,1.477,1.3946,0.65383,-0.04784,0.40154,0.20993,1.6503,1.5994,0.97075,0.45802,0.33185,0.71812,0,1.657,0.89364,1.3799,0.84008,1.1344,1.6863,1.5664,1.1007,0.19745,0.55657,0.65696,0.53348,0.44687,-0.0646,-0.50093,0.052241,0.017607,0.27321,0.30748,1.0832,1.0511,0.55728,0.6534,1.1256,0.94086,-0.33716,-0.50468,1.7647,-0.12568,-0.35967,0.87861,0.92655,1.0292,0.83634,0.81234,0.42846,0.45288,0.27583,0.91389,1.2562,0.90381,0.87492,1.1744,1.0119,0.013501,-0.26016,1.0171,1.4463,1.0413,1.0052,0.8907,0.72933,0.41139,0.13342,0.44625,0.94102,0.43478,0.48205,0.59559,0.69153,0.19473,0.091347,0.60615,0.70758,0.44141,0.46708,0.00060131,0.18563,0.35249,0.0085729,-0.02734,-0.30428,0.15248,-0.12321,0.13197,0.026916,-0.067814,-0.56795,0.33113,0.47463,0.63993,0.89863,-0.34434,-0.2785
0.83995,0.8827,-0.14048,-0.016292,0.78191,0.45798,-0.47219,-0.4635,1.4164,1.1393,0.48447,-0.030735,0.37065,0.16694,1.366,1.3834,0.97793,0.5014,0.3756,0.66893,1.657,0,0.92439,1.2017,1.0581,1.2121,1.4385,1.398,0.92469,0.063904,0.46131,0.51226,0.43166,0.2634,-0.051369,-0.54706,0.021527,0.054422,0.23024,0.3959,0.80955,0.98038,0.48347,0.46842,0.99159,0.78625,-0.37687,-0.54789,1.449,-0.11949,-0.32442,1.0106,0.7637,0.83159,0.68312,0.67367,0.41867,0.42629,0.25205,0.86699,1.207,0.69368,0.79271,0.95772,0.9258,0.0014118,-0.23821,0.92313,1.1706,0.94496,0.94791,0.92648,0.73502,0.35972,0.086474,0.45544,0.97915,0.34473,0.40395,0.4317,0.52994,0.22029,0.16584,0.59779,0.62059,0.45176,0.44836,-0.08329,0.098777,0.18429,-0.13342,-0.098437,-0.20388,0.14555,-0.075109,0.052354,-0.03431,-0.11248,-0.49302,0.35582,0.42906,0.71138,0.86185,-0.31564,-0.22792
0.56902,0.79396,0.02985,0.23246,0.50783,0.80073,0.083023,0.082711,0.97432,0.67545,0.38695,0.3855,0.96226,0.64336,0.96158,0.90085,1.9357,0.90739,1.2515,1.5355,0.89364,0.92439,0,1.349,1.0832,1.5714,0.88654,0.68193,0.44541,0.43375,0.60425,1.0275,0.99991,0.61805,0.394,-0.11549,-0.019543,-0.0075241,0.078991,0.60599,0.65276,1.0615,0.54718,0.81939,0.98092,0.84977,-0.22243,-0.30301,0.74615,0.22697,0.10911,0.80865,0.56807,0.66074,0.41439,0.60247,0.55575,0.95737,0.81832,0.42716,0.69401,0.60388,0.49836,0.54571,0.55207,0.32689,0.15311,0.51003,0.65323,0.55753,0.69075,0.87195,0.89919,0.67264,0.40823,0.12802,0.61895,0.84318,0.99296,0.53866,1.1752,0.51492,0.73443,0.99009,1.0811,1.0233,1.1288,0.27204,0.52045,0.15942,-0.1526,-0.26644,-0.11696,0.039976,-0.071461,0.0048357,0.022849,-0.37045,-0.68636,0.18418,0.35498,0.63105,0.49072,-0.45439,-0.25294
0.93227,0.87831,-0.01046,0.10336,0.68138,0.57536,-0.13776,-0.22768,1.1485,1.165,0.4961,0.099134,0.53352,0.25298,1.3994,1.3594,1.4122,0.80165,0.68739,1.177,1.3799,1.2017,1.349,0,0.95074,1.8741,1.3474,1.1361,0.7368,0.38021,0.52674,0.86842,0.63052,0.42968,0.10664,-0.38416,0.028334,0.020124,0.19471,0.47131,1.0682,1.1891,0.83199,0.91978,1.1722,0.97097,-0.36445,-0.46051,1.0693,-0.061993,-0.28067,0.90731,0.72883,0.81201,0.64993,0.84287,0.56133,0.77168,0.6408,0.68148,1.0564,0.96802,0.79445,0.8267,0.88261,0.18963,0.018091,0.74739,1.0766,0.77798,0.98024,1.0059,0.97452,0.61953,0.25318,0.26943,0.86326,0.71044,0.73225,0.6407,0.87838,0.40205,0.42406,0.90895,1.0554,0.81271,0.81929,0.091665,0.31114,0.19898,-0.13557,-0.070609,-0.30435,0.14783,-0.20681,0.064486,-0.059346,-0.24495,-0.69503,0.32195,0.47886,0.81685,0.71336,-0.44897,-0.24048
0.50796,0.68348,0.15533,0.37304,0.69589,0.49083,-0.11539,-0.13973,1.2366,0.77495,0.72875,0.34726,0.64155,0.54404,1.0324,0.87046,0.97919,0.55983,0.73846,0.82203,0.84008,1.0581,1.0832,0.95074,0,1.0614,0.9177,0.73805,0.77341,0.33772,0.63738,0.70855,0.63523,0.44311,0.38185,-0.038156,0.24447,0.47481,0.46666,1.0685,0.55756,1.1799,0.40715,0.55261,1.021,0.9293,-0.49525,-0.51212,0.74685,0.31333,0.071587,0.89367,0.49595,0.59108,0.45779,0.41362,0.47573,0.6091,0.44237,0.73948,0.85718,0.60259,0.67923,0.66534,0.80308,0.19579,0.052696,0.64212,0.65802,0.9162,1.0786,1.2258,1.0831,0.4732,0.28924,0.60735,0.93851,0.53443,0.77024,0.37871,0.7743,0.45718,0.57655,0.54594,0.65775,0.7499,0.80276,-0.12074,0.18193,-0.10921,-0.36781,-0.31519,-0.1976,0.25951,-0.03664,-0.12699,-0.096901,-0.41944,-0.68148,0.31389,0.47183,0.61893,0.60878,-0.30221,-0.17523
0.70812,0.81926,-0.028086,0.15269,0.5515,0.57477,-0.13811,-0.16792,1.0259,0.98877,0.35221,0.19001,0.59884,0.31942,1.129,1.2136,1.4987,0.84709,0.79571,1.1821,1.1344,1.2121,1.5714,1.8741,1.0614,0,1.0854,0.95782,0.65819,0.35686,0.5495,0.90271,0.66523,0.39089,0.16035,-0.36243,-0.068638,-0.016634,0.1332,0.52803,0.80926,1.1986,0.68711,0.78831,1.1298,0.95818,-0.32008,-0.40261,0.92181,-0.024244,-0.19618,0.95015,0.57459,0.67591,0.521,0.64165,0.53142,0.86142,0.77276,0.58518,0.95741,0.76422,0.69116,0.7551,0.76799,0.23871,0.11055,0.63875,0.93886,0.73477,0.89869,0.99639,0.99292,0.62363,0.28995,0.17957,0.76698,0.63731,0.69323,0.47926,0.80652,0.438,0.50319,0.87915,0.98864,0.81511,0.82396,0.13789,0.38637,0.11496,-0.19647,-0.16657,-0.24927,0.060153,-0.20394,-0.068277,-0.14787,-0.29704,-0.66631,0.25549,0.4498,0.74673,0.64561,-0.42076,-0.30345
0.79602,0.89297,-0.18347,-0.090941,0.80783,0.56462,-0.47856,-0.43296,1.4591,1.1258,0.63257,-0.13349,0.35886,0.16893,1.9488,1.3962,1.0668,0.4312,0.35954,0.69254,1.6863,1.4385,0.88654,1.3474,0.9177,1.0854,0,1.2052,1.0416,0.13365,0.61307,0.72983,0.52379,0.42444,0.076406,-0.31292,-0.011242,-0.013949,0.18087,0.28257,0.99551,1.001,0.61218,0.74642,1.0641,0.94662,-0.421,-0.66334,1.699,-0.1763,-0.35016,1.0352,0.85117,1.0381,0.75149,1.0464,0.47429,0.45817,0.24993,0.84297,1.0849,0.94495,0.94134,1.0065,1.2656,-0.098972,-0.34674,1.0713,1.2037,1.1651,1.0324,0.82897,0.71657,0.26708,0.020965,0.54616,0.86079,0.38448,0.462,0.44201,0.67042,0.10974,0.14566,0.59348,0.68936,0.46969,0.46443,-0.017506,0.11251,0.21417,-0.056156,-0.10797,-0.19925,0.2347,-0.050557,0.22895,0.070169,-0.052594,-0.57625,0.52693,0.65245,0.81415,1.0247,-0.29401,-0.069985
1.3276,0.85613,-0.18479,-0.16619,0.77652,0.31218,-0.32546,-0.45457,1.2295,1.3517,0.52741,-0.087797,0.24934,0.08077,1.2391,1.3897,0.66919,0.35628,0.21752,0.51433,1.5664,1.398,0.68193,1.1361,0.73805,0.95782,1.2052,0,0.98561,0.25028,0.3492,0.38827,0.33394,0.26877,-0.12025,-0.59935,0.017762,0.054182,0.31218,0.2474,1.0729,0.79777,0.56664,0.56992,0.89242,0.77697,-0.42849,-0.56595,1.1049,-0.24209,-0.52137,0.67107,0.64897,0.6508,0.58308,0.62555,0.46052,0.37695,0.21845,0.96023,1.2518,0.91926,0.78303,1.002,0.76573,-0.076931,-0.30548,0.98589,1.3557,0.81584,0.92601,0.69919,0.59202,0.29155,0.060832,0.33814,0.98748,0.26864,0.29283,0.4855,0.48756,0.16296,-0.057791,0.52265,0.53186,0.35143,0.3382,-0.15933,0.074187,0.21305,-0.035497,0.079455,-0.50258,-0.017021,-0.38126,-0.036858,-0.20684,-0.16159,-0.68171,0.31344,0.37698,0.65308,0.85893,-0.41196,-0.47897
0.77393,0.87389,-0.13936,0.084565,0.96924,0.3903,-0.36211,-0.39617,0.94787,1.0233,0.68639,-0.17002,0.19826,0.16987,1.0145,0.85369,0.46637,0.15631,0.024663,0.38776,1.1007,0.92469,0.44541,0.7368,0.77341,0.65819,1.0416,0.98561,0,0.25389,0.625,0.50306,0.29872,0.37216,-0.048415,-0.2797,0.06032,0.24325,0.5118,0.34988,0.89441,0.83201,0.37993,0.54008,0.80003,0.88163,-0.41752,-0.47764,1.053,-0.055926,-0.31662,0.60885,0.55092,0.71879,0.72693,0.5443,0.39944,0.41678,0.21015,0.76811,0.84421,0.78967,0.80831,0.93206,0.96305,-0.11268,-0.28696,0.82011,0.99141,1.3075,1.0488,0.72343,0.54965,0.096722,-0.09361,0.68225,0.87911,0.17728,0.32435,0.35125,0.47745,0.14846,-0.023023,0.23053,0.46401,0.20348,0.28666,-0.10087,0.12968,-0.00085866,-0.21851,-0.15709,-0.42334,0.19194,-0.095818,-0.15568,-0.17909,-0.11687,-0.50386,0.33654,0.56777,0.46664,0.74498,-0.16639,-0.24705
0.49179,0.2006,0.48075,0.39948,0.31226,0.18988,0.68211,0.26537,0.22659,0.33641,0.44774,0.36761,0.34894,0.47503,0.22356,0.16123,0.31881,0.39197,0.51782,0.46849,0.19745,0.063904,0.43375,0.38021,0.33772,0.35686,0.13365,0.25028,0.25389,0,0.38764,0.54549,0.40474,0.48427,0.36966,0.20137,0.28814,0.2798,0.50552,0.4,0.48321,0.4413,0.39804,0.60347,0.29729,0.33986,-0.3891,-0.2893,-0.013552,0.29257,0.087474,0.17198,0.0075703,-0.098964,-0.036984,0.1006,0.48338,0.59813,0.51739,0.18318,0.20245,0.48006,0.17865,0.20974,0.088113,0.23675,0.18445,0.02584,0.2646,0.21588,0.43497,0.38079,0.50334,0.24926,0.19538,0.079089,0.3789,0.63488,0.61885,0.24202,0.50085,0.62198,0.48393,0.39872,0.35784,0.56432,0.44929,-0.029096,0.25205,-0.18948,-0.30567,0.039038,-0.57589,-0.009861,-0.43284,-0.28481,-0.27282,-0.11868,-0.6363,-0.002112,0.010447,0.29272,0.058848,-0.2142,-0.35139
0.23617,0.5806,-0.17931,0.145,0.4702,0.53438,-0.10406,-0.073179,0.5731,0.36938,0.71642,0.12382,0.77583,0.72007,0.58278,0.38886,0.64751,0.28152,0.38756,0.65565,0.55657,0.46131,0.60425,0.52674,0.63738,0.5495,0.61307,0.3492,0.625,0.38764,0,1.0917,1.0279,1.1001,0.61824,0.30915,0.025838,0.053217,0.15217,0.31084,0.38959,0.56456,0.33938,0.67233,1.0045,1.0613,-0.39137,-0.29604,0.58524,0.31879,0.012176,0.65641,0.14224,0.39235,0.23301,0.42591,0.4319,0.55584,0.46698,0.20263,0.24846,0.49497,0.44012,0.59946,0.54406,0.12012,0.037625,0.64905,0.42058,0.74024,0.58817,0.71224,0.74826,0.34767,0.32172,0.20376,0.22018,0.39297,0.49128,0.16542,0.75895,0.13406,0.44589,0.31443,0.48094,0.42679,0.46223,0.045184,0.35641,0.076435,-0.17568,-0.6406,-0.45659,-0.029393,-0.07965,-0.067048,-0.067095,-0.072008,-0.56733,0.076952,0.27373,0.18007,0.4014,-0.17104,-0.13876
0.37097,0.7304,0.0019307,0.22807,0.54764,0.9354,0.12641,0.17692,0.65964,0.57778,0.58626,0.37685,0.80278,0.65487,0.70327,0.60614,1.03,0.40264,0.75016,1.0761,0.65696,0.51226,1.0275,0.86842,0.70855,0.90271,0.72983,0.38827,0.50306,0.54549,1.0917,0,1.0743,0.90789,0.41616,0.11454,-0.060164,-0.06482,0.086355,0.39839,0.53877,0.91727,0.42209,0.96869,1.0489,1.063,-0.129,-0.1885,0.62459,0.22957,0.050663,0.86977,0.39005,0.57608,0.30349,0.50317,0.41915,0.83061,0.68664,0.22731,0.40103,0.46475,0.39971,0.47562,0.5296,0.40196,0.25511,0.43604,0.49679,0.64195,0.55532,0.74715,0.86469,0.61971,0.50082,0.12673,0.31812,0.67413,0.73526,0.24465,0.98267,0.36944,0.59693,0.63233,0.70908,0.69938,0.69121,0.32907,0.60426,0.26326,-0.0036161,-0.40504,-0.19617,0.18429,0.064655,0.041754,-0.003247,-0.13507,-0.64279,0.068924,0.30739,0.3056,0.38247,-0.14432,-0.11308
0.24312,0.63587,-0.15196,0.18122,0.32681,0.7766,0.1833,0.25393,0.65378,0.27912,0.49398,0.45449,1.7511,1.2613,0.54407,0.42726,0.87734,0.42398,0.80791,0.97851,0.53348,0.43166,0.99991,0.63052,0.63523,0.66523,0.52379,0.33394,0.29872,0.40474,1.0279,1.0743,0,1.5805,0.80827,0.36075,-0.066129,-0.014249,-0.094563,0.40037,0.28133,0.56053,0.18545,0.63347,0.95685,0.98182,-0.13247,-0.057187,0.43803,0.55185,0.37272,0.48503,0.16361,0.38473,0.12197,0.27421,0.28328,0.72167,0.76683,0.10521,0.24202,0.39449,0.24909,0.44434,0.30327,0.27114,0.22421,0.46191,0.28232,0.37863,0.3338,0.53286,0.61273,0.64659,0.72899,-0.039493,0.23789,0.63055,0.77102,0.32777,1.2056,0.30424,0.59712,0.59809,0.67697,0.67928,0.77423,0.40972,0.76292,0.27691,0.062092,-0.58106,-0.32339,-0.24808,-0.11743,-0.054042,0.02008,-0.31225,-0.61153,-0.050879,0.25303,0.20344,0.30849,-0.33072,-0.31417
0.24031,0.53203,-0.20416,0.1046,0.35997,0.64769,0.21524,0.2312,0.54955,0.22079,0.63655,0.31219,1.2595,1.3031,0.44927,0.27957,0.55768,0.22406,0.51626,0.70114,0.44687,0.2634,0.61805,0.42968,0.44311,0.39089,0.42444,0.26877,0.37216,0.48427,1.1001,0.90789,1.5805,0,0.72922,0.46777,-0.042738,0.03693,-0.025591,0.26954,0.2505,0.41723,0.057714,0.51022,0.76413,0.8794,-0.1738,-0.05686,0.3494,0.58147,0.37176,0.38085,0.10179,0.3217,0.069348,0.21527,0.15352,0.51019,0.54357,0.10201,0.16812,0.43612,0.22978,0.45616,0.26551,0.10797,0.069684,0.42758,0.21176,0.37925,0.30954,0.38588,0.45475,0.43603,0.57215,0.012836,0.18725,0.47831,0.60959,0.2392,1.0828,0.1939,0.40071,0.3543,0.46695,0.45215,0.57633,0.36737,0.70178,0.27038,0.13171,-0.52938,-0.44369,-0.22129,-0.1455,-0.062977,0.00091541,-0.19272,-0.62913,-0.028061,0.25096,0.11299,0.33551,-0.28073,-0.31477
-0.2268,-0.022384,0.0059595,0.19635,-0.11828,0.15527,0.1764,0.18557,0.17946,-0.23641,0.26214,0.25592,0.78733,0.85066,0.14148,-0.041599,0.3398,0.2785,0.56364,0.32063,-0.0646,-0.051369,0.394,0.10664,0.38185,0.16035,0.076406,-0.12025,-0.048415,0.36966,0.61824,0.41616,0.80827,0.72922,0,1.1636,0.031527,0.18185,-0.091004,0.32173,-0.099034,0.10393,0.11098,0.3389,0.31053,0.41369,-0.4366,-0.21418,-0.086655,0.59103,0.54181,0.060431,-0.28542,-0.11986,-0.28777,0.054859,0.28183,0.34903,0.46515,-0.045883,-0.10395,0.21103,0.0364,0.06779,0.055038,-0.046942,0.089704,0.19222,-0.099517,0.10456,0.15346,0.16715,0.28235,0.063467,0.26142,0.019863,-0.035779,0.26232,0.41471,-0.035028,0.50027,0.042808,0.57612,0.14257,0.21963,0.39836,0.42271,-0.003299,0.20437,-0.30164,-0.2453,-0.45187,-0.23015,-0.32989,-0.29061,-0.11998,-0.10364,-0.24639,-0.42789,0.01545,0.14346,0.097968,0.025787,-0.13914,-6.2542e-05
-0.57995,-0.30724,0.085124,0.22872,-0.28413,-0.011172,0.2912,0.34408,-0.22661,-0.59999,0.14227,0.2198,0.35503,0.58248,-0.27673,-0.50315,-0.15678,-0.16958,0.12059,-0.10815,-0.50093,-0.54706,-0.11549,-0.38416,-0.038156,-0.36243,-0.31292,-0.59935,-0.2797,0.20137,0.30915,0.11454,0.36075,0.46777,1.1636,0,0.095131,0.25521,-0.091896,0.11806,-0.42808,-0.21211,-0.2427,0.0085578,-0.087993,0.050252,-0.14656,0.060391,-0.47674,0.615,0.75873,-0.26064,-0.52641,-0.35509,-0.50504,-0.27298,-0.081741,-0.0029089,0.11267,-0.31437,-0.49815,-0.15517,-0.27572,-0.26336,-0.21894,-0.085202,0.099544,-0.19024,-0.5329,-0.18029,-0.21424,-0.22226,-0.11718,-0.18148,0.14047,0.017565,-0.34313,-0.010014,0.11574,-0.27934,0.11111,-0.13422,0.2679,-0.2796,-0.20876,-0.0017071,0.01637,0.041699,0.08025,-0.25836,-0.036672,-0.36162,-0.038109,-0.19986,-0.068554,-0.055394,0.02164,-0.076859,-0.059284,-0.11945,0.00020561,-0.22125,-0.22725,0.17897,0.20526
0.27631,0.00035891,0.91542,0.68361,0.43698,-0.077338,0.19952,-0.12907,0.088277,0.18094,0.64429,0.27925,-0.063893,0.033929,0.057186,-0.0059341,-0.01228,0.22317,0.065586,0.016697,0.052241,0.021527,-0.019543,0.028334,0.24447,-0.068638,-0.011242,0.017762,0.06032,0.28814,0.025838,-0.060164,-0.066129,-0.042738,0.031527,0.095131,0,1.0652,1.0453,0.67045,0.14177,0.23351,0.21055,0.028495,0.094566,-0.035362,-0.32091,-0.237,-0.0093318,0.41072,0.095552,-0.077887,0.2327,0.0046642,0.28083,-0.037906,0.16143,-0.11927,-0.22769,0.30229,0.098928,0.089129,0.14788,0.12248,0.19804,0.29451,0.14399,0.0037343,0.036746,0.14644,0.2969,0.47113,0.41293,0.27127,0.14828,0.65818,0.28898,0.48277,0.42578,0.55072,0.033397,0.39415,0.26982,0.055216,0.036888,0.27716,0.12342,-0.55679,-0.46306,-0.063691,-0.2938,0.25222,-0.044006,0.51922,0.06533,0.27215,0.42363,0.050896,0.12754,0.0699,-0.073292,0.09235,-0.083913,-0.043827,0.14479
0.16836,0.030847,0.7023,0.82151,0.38114,-0.11968,0.19623,-0.067091,0.18869,0.16524,0.62599,0.34832,0.080806,0.22229,0.091294,0.017411,-0.089061,0.065795,0.054992,0.01877,0.017607,0.054422,-0.0075241,0.020124,0.47481,-0.016634,-0.013949,0.054182,0.24325,0.2798,0.053217,-0.06482,-0.014249,0.03693,0.18185,0.25521,1.0652,0,0.96534,1.0488,0.032319,0.30005,0.010154,-0.059435,0.18495,0.16977,-0.39373,-0.15662,-0.081649,0.61346,0.29412,-0.041419,0.051434,-0.030271,0.1414,-0.26935,-0.0086038,-0.042976,-0.037245,0.38144,0.19449,0.10845,0.16366,0.13407,0.19518,0.19557,0.22524,0.028747,-0.030565,0.21174,0.36039,0.44076,0.37507,0.21097,0.21689,0.75076,0.43952,0.27541,0.37324,0.30424,0.095029,0.38683,0.25951,-0.097591,-0.015771,0.22273,0.1941,-0.4683,-0.25525,-0.27449,-0.33043,0.059639,-0.17914,0.35643,-0.063972,-0.12491,0.015107,-0.25643,-0.048682,0.031192,0.082276,0.09598,0.034181,-0.013165,-0.016415
0.57246,0.28743,0.58249,0.53853,0.79145,0.079975,0.17011,-0.13343,0.31197,0.57325,0.80928,0.29829,-0.098783,0.057863,0.26278,0.22646,0.027531,0.10948,0.01357,0.050663,0.27321,0.23024,0.078991,0.19471,0.46666,0.1332,0.18087,0.31218,0.5118,0.50552,0.15217,0.086355,-0.094563,-0.025591,-0.091004,-0.091896,1.0453,0.96534,0,0.7183,0.51903,0.56052,0.33663,0.27136,0.22446,0.16906,-0.3209,-0.29291,0.18595,0.19172,-0.077618,0.11656,0.31324,0.16497,0.39899,0.075842,0.39264,0.1356,-0.095773,0.56707,0.37859,0.25438,0.30222,0.27675,0.33032,0.30168,0.042271,0.090759,0.36691,0.41653,0.62316,0.58102,0.45321,0.1615,-0.031975,0.7607,0.59117,0.27874,0.3706,0.42431,0.082281,0.3335,0.09626,-0.041004,0.071162,0.14261,0.12536,-0.51615,-0.27607,-0.12037,-0.35406,0.11626,-0.2378,0.53432,-0.019492,-0.12544,-0.0018226,-0.17202,-0.24604,0.046438,0.020202,0.11801,0.060546,0.042921,-0.076154
0.27897,0.37814,0.57664,0.93553,0.48692,0.29818,0.27226,0.138,0.51166,0.41548,0.60898,0.7023,0.51461,0.54042,0.37905,0.32969,0.47619,0.4969,0.644,0.60549,0.30748,0.3959,0.60599,0.47131,1.0685,0.52803,0.28257,0.2474,0.34988,0.4,0.31084,0.39839,0.40037,0.26954,0.32173,0.11806,0.67045,1.0488,0.7183,0,0.23159,0.79078,0.18857,0.26541,0.56314,0.49484,-0.26917,-0.14787,0.19175,0.70732,0.37936,0.34704,0.25149,0.24887,0.29595,-0.027237,0.20776,0.44904,0.41583,0.39282,0.39877,0.25143,0.32094,0.27539,0.39957,0.50764,0.46386,0.13216,0.15824,0.3986,0.59329,0.90701,0.85403,0.67434,0.50647,0.51326,0.60978,0.67464,0.90033,0.50071,0.55305,0.76183,0.74123,0.35452,0.46131,0.73464,0.77421,-0.086539,0.17028,-0.16354,-0.3846,-0.24043,-0.11031,0.34117,0.033929,-0.17765,0.034701,-0.57312,-0.30983,0.10164,0.28068,0.33365,0.19285,-0.26524,-0.17461
1.3453,0.94278,-0.0057757,0.03549,0.95703,0.52736,-0.039688,-0.20878,0.79481,1.2642,0.55661,-0.025527,0.1817,0.055891,0.98324,0.8971,0.64871,0.39087,0.22791,0.58046,1.0832,0.80955,0.65276,1.0682,0.55756,0.80926,0.99551,1.0729,0.89441,0.48321,0.38959,0.53877,0.28133,0.2505,-0.099034,-0.42808,0.14177,0.032319,0.51903,0.23159,0,0.94081,1.0266,1.1237,0.66054,0.58702,-0.25779,-0.39374,0.91588,-0.24513,-0.42624,0.52342,0.72168,0.73095,0.71099,0.95346,0.8737,0.6883,0.34629,0.64763,0.80528,0.78426,0.58482,0.58199,0.62198,0.16931,-0.17619,0.54509,1.1974,0.63987,0.82586,0.62201,0.4973,0.2336,-0.11565,0.37055,0.83034,0.43312,0.48555,0.64696,0.5067,0.19768,0.080039,0.45764,0.64747,0.33896,0.39034,-0.034144,0.12938,0.22437,-0.13823,0.03248,-0.35665,0.21741,-0.15766,-0.0070617,-0.088206,-0.18375,-0.65071,0.15725,0.22486,0.5227,0.44027,-0.16185,-0.16297
0.80832,1.0086,0.11043,0.32228,1.0628,0.81404,-0.016928,-0.062307,1.0939,1.309,0.77573,0.4187,0.4976,0.41458,1.0389,1.0101,0.9586,0.47597,0.5787,0.84126,1.0511,0.98038,1.0615,1.1891,1.1799,1.1986,1.001,0.79777,0.83201,0.4413,0.56456,0.91727,0.56053,0.41723,0.10393,-0.21211,0.23351,0.30005,0.56052,0.79078,0.94081,0,0.52834,0.79393,1.0524,0.92754,-0.20393,-0.31699,0.85454,0.1212,-0.010835,0.9345,0.69265,0.79594,0.5747,0.50269,0.44271,0.71435,0.4834,0.76189,0.97157,0.57878,0.57917,0.68007,0.80961,0.39322,0.097336,0.42618,0.8584,0.79023,0.96702,0.99284,0.87379,0.58862,0.27417,0.49423,0.89987,0.55205,0.72977,0.47527,0.68161,0.37422,0.36425,0.45236,0.59557,0.53062,0.59802,0.097924,0.32284,0.26097,-0.05091,-0.20345,-0.16983,0.37575,-0.0091417,-0.034098,-0.036987,-0.33136,-0.70321,0.17037,0.42172,0.53541,0.58476,-0.12166,-0.19896
0.65523,0.37406,0.17834,0.14811,0.4041,0.16638,-0.080828,-0.35106,0.41224,0.60233,0.30201,-0.1079,0.096706,-0.12208,0.6755,0.60884,0.623,0.63732,0.33649,0.51343,0.55728,0.48347,0.54718,0.83199,0.40715,0.68711,0.61218,0.56664,0.37993,0.39804,0.33938,0.42209,0.18545,0.057714,0.11098,-0.2427,0.21055,0.010154,0.33663,0.18857,1.0266,0.52834,0,1.0352,0.4848,0.37297,-0.4617,-0.46123,0.55304,-0.31323,-0.55465,0.34561,0.47289,0.44478,0.58066,1.0074,1.1477,0.58352,0.41218,0.42328,0.51113,0.68882,0.56277,0.37809,0.46626,0.19462,0.0062851,0.49909,0.81262,0.43052,0.68155,0.63417,0.59325,0.2112,-0.13111,0.25451,0.48127,0.53176,0.47621,0.58523,0.36355,0.1624,0.33804,0.51271,0.70831,0.48927,0.44551,-0.2967,-0.1398,-0.051248,-0.43496,0.13512,-0.25512,0.19752,-0.23537,0.062361,-0.080947,-0.11557,-0.40516,0.11809,0.050384,0.45581,0.17112,-0.18073,0.13031
0.67385,0.83462,-0.0047851,0.12584,0.61097,0.73563,0.16904,0.10458,0.57307,0.67904,0.48724,0.18853,0.47587,0.31175,0.73622,0.63295,0.77582,0.38874,0.47949,0.78087,0.6534,0.46842,0.81939,0.91978,0.55261,0.78831,0.74642,0.56992,0.54008,0.60347,0.67233,0.96869,0.63347,0.51022,0.3389,0.0085578,0.028495,-0.059435,0.27136,0.26541,1.1237,0.79393,1.0352,0,0.77238,0.78107,-0.18433,-0.24757,0.62103,-0.017903,-0.18102,0.43268,0.43722,0.56405,0.41055,0.83997,1.1049,1.0123,0.64208,0.28605,0.40405,0.5681,0.35944,0.32906,0.42455,0.37161,0.12441,0.4875,0.6974,0.49592,0.56627,0.56377,0.57542,0.34511,0.13592,0.14676,0.38693,0.5603,0.633,0.50352,0.73412,0.21442,0.3441,0.55037,0.76774,0.53561,0.56757,0.11338,0.33269,0.17917,-0.14556,-0.19349,-0.29031,0.080824,-0.12076,0.00019876,-0.084564,-0.30378,-0.72889,0.0010897,0.15798,0.32027,0.21536,-0.13164,-0.099007
0.67436,0.99741,-0.12562,0.1524,0.76414,0.64487,-0.1711,-0.18339,1.0806,0.90206,0.79692,0.24054,0.78642,0.51746,1.0589,1.0177,0.9447,0.40514,0.48823,0.94048,1.1256,0.99159,0.98092,1.1722,1.021,1.1298,1.0641,0.89242,0.80003,0.29729,1.0045,1.0489,0.95685,0.76413,0.31053,-0.087993,0.094566,0.18495,0.22446,0.56314,0.66054,1.0524,0.4848,0.77238,0,1.9379,-0.35225,-0.31421,0.95501,0.21059,-0.13582,0.8686,0.45674,0.67971,0.44744,0.46254,0.37903,0.59014,0.54686,0.57289,0.75185,0.66338,0.61816,0.87641,0.78797,0.26938,0.14968,0.92802,0.77329,0.85708,0.80538,1.0606,1.0495,0.753,0.57985,0.28082,0.56935,0.52099,0.57214,0.44516,0.85884,0.27206,0.34801,0.56358,0.6692,0.60847,0.60267,0.031457,0.3648,0.31911,0.0053526,-0.3244,-0.46976,0.027552,-0.20757,0.0068643,-0.1086,-0.24894,-0.68671,0.10721,0.38309,0.39827,0.66678,-0.3067,-0.35668
0.56677,0.94337,-0.2231,0.10675,0.68588,0.64905,-0.14221,-0.11421,0.95959,0.75222,0.73862,0.18991,0.81217,0.59945,0.95844,0.88222,0.78225,0.276,0.41522,0.81579,0.94086,0.78625,0.84977,0.97097,0.9293,0.95818,0.94662,0.77697,0.88163,0.33986,1.0613,1.063,0.98182,0.8794,0.41369,0.050252,-0.035362,0.16977,0.16906,0.49484,0.58702,0.92754,0.37297,0.78107,1.9379,0,-0.35616,-0.28413,0.81546,0.25019,-0.056683,0.7193,0.33898,0.60387,0.33402,0.38932,0.33484,0.59737,0.59297,0.51857,0.65835,0.65943,0.54519,0.79669,0.71236,0.16433,0.11148,0.88919,0.67778,0.85226,0.74218,0.80615,0.82817,0.55584,0.5063,0.25313,0.48139,0.37913,0.48448,0.31211,0.874,0.18677,0.27046,0.41836,0.58086,0.49199,0.54803,0.089076,0.44959,0.23288,0.027091,-0.37072,-0.51747,-0.065503,-0.26845,-0.087396,-0.22411,-0.28222,-0.7754,0.095756,0.44482,0.32923,0.65889,-0.25978,-0.40623
