,,,,,,,,,,,,,,,,,,,,,,,,,,,,,,,,,,,,,,,,,,,,,,,,,,,,,,,,,,,,,,,,,,,,,,,,,,,,,,,,,,,,,,,,,,,,,,,,,,,,,,,,
0,0.98528,0.19399,0.18051,1.1348,0.52371,0.21953,-0.053527,0.84498,1.2629,0.63151,0.21682,0.41311,0.40801,1.0049,1.0147,0.62991,0.44818,0.30366,0.44996,1.2337,0.82174,0.76228,0.99294,0.525,0.71186,0.96481,1.1962,0.85699,0.78098,0.50919,0.51744,0.46367,0.46085,0.23251,-0.16651,0.17879,-0.040592,0.4741,0.16468,1.5432,0.84421,0.86418,0.94002,0.75029,0.6571,-0.114,-0.34193,0.88948,0.071666,-0.22707,0.58857,0.89133,0.51504,0.76888,0.62323,0.55854,0.47736,0.2949,0.98571,1.1466,0.83528,0.573,0.65766,0.41733,0.14783,-0.21694,0.46038,1.1622,0.61558,0.69719,0.6073,0.48331,0.40568,0.16656,0.26905,0.71546,0.58271,0.55204,0.7953,0.60378,0.45735,0.19641,0.56547,0.60054,0.35914,0.35859,-0.033765,0.12816,0.3407,0.060884,0.13863,-0.55679,0.17545,-0.34283,-0.015929,-0.19259,-0.12724,-0.63657,0.086111,0.055918,0.38663,0.33708,-0.27111,-0.48506
0.98528,0,-0.16048,0.09531,0.83551,0.99955,0.086635,0.16436,0.74818,1.1055,0.33203,0.29132,0.61769,0.54592,0.67316,0.65148,0.57125,0.11708,0.15586,0.35718,1.0195,0.6602,0.74439,0.75026,0.41464,0.6605,0.95762,0.78262,0.95745,0.52734,0.60729,0.77398,0.65929,0.56607,0.26366,-0.11611,-0.1754,-0.30039,0.087159,0.028582,0.9258,0.75855,0.41795,0.82048,0.69579,0.7176,0.32455,0.10001,1.1545,0.073096,-0.096985,0.79507,0.78742,0.808,0.70527,0.64197,0.33279,0.61079,0.37369,0.40371,0.68293,0.41333,0.32517,0.56406,0.436,0.34681,0.0046167,0.38581,0.61535,0.58723,0.33854,0.33584,0.24765,0.41434,0.31288,0.009735,0.40559,0.40774,0.4529,0.52002,0.56548,0.32882,0.09698,0.47706,0.57855,0.20033,0.29708,0.48976,0.64438,0.65724,0.30399,-0.33472,-0.27462,-0.0036772,-0.0054858,-0.1689,-0.18024,-0.37028,-0.52101,-0.031659,0.2109,0.14009,0.30607,-0.063751,-0.36369
0.19399,-0.16048,0,1.3628,0.39389,0.035876,0.85489,0.35984,0.044277,-0.075012,0.65237,0.46049,0.18639,0.32298,0.17817,0.11003,0.27651,0.64794,0.60921,0.47427,-0.060568,-0.040527,0.28968,0.13473,0.53776,0.084505,-0.053505,-0.14092,-0.034657,0.55871,0.26849,0.1809,0.19434,0.19876,0.44979,0.58155,1.3382,0.93697,1.1535,0.93866,0.22105,0.39374,0.49031,0.46079,0.28393,0.2217,-0.50345,-0.44463,-0.25354,0.77654,0.47918,-0.17221,-0.032805,-0.38477,0.11047,-0.21158,0.65904,0.34802,0.30469,0.27995,0.015021,0.23901,0.097248,-0.1371,0.019374,0.35775,0.38278,-0.20639,0.14017,0.1737,0.41196,0.70187,0.67568,0.4177,0.25552,0.66386,0.25078,0.80364,0.73609,0.54722,0.35745,0.93055,0.92589,0.3835,0.33257,0.76877,0.51104,-0.55473,-0.32656,-0.5908,-0.68602,0.11188,-0.33107,0.52341,-0.091701,0.11106,0.10842,0.11565,-0.059806,0.028392,-0.18418,0.17745,-0.4129,-0.15783,-0.067175
0.18051,0.09531,1.3628,0,0.42397,0.24202,0.86128,0.52781,0.18394,0.013213,0.60421,0.66958,0.44712,0.60554,0.20256,0.11472,0.39382,0.54672,0.66288,0.52716,0.017577,-0.01523,0.46793,0.17451,0.6912,0.18302,0.053155,-0.17583,0.13705,0.65017,0.47765,0.40746,0.4616,0.39992,0.75626,0.84631,0.88351,0.77136,0.87408,1.0301,0.2184,0.58126,0.39371,0.56975,0.43564,0.43677,-0.18925,-0.15935,-0.083874,1.0213,0.6663,0.065977,-0.016248,-0.21365,0.20953,-0.20193,0.5845,0.55783,0.51642,0.19158,0.036772,0.23365,0.11865,0.018452,0.1775,0.55705,0.60507,-0.22217,0.091061,0.33404,0.40105,0.68976,0.63955,0.60561,0.50049,0.51802,0.28462,0.85084,0.87403,0.48932,0.45871,1.2554,1.1143,0.45428,0.44295,0.79131,0.63999,-0.16117,0.06981,-0.40192,-0.46864,-0.21618,-0.34079,0.38806,-0.049045,-0.15578,-0.081904,-0.080339,-0.14926,0.043895,0.040591,0.13152,-0.38473,-0.046004,-0.13301
1.1348,0.83551,0.39389,0.42397,0,0.80319,0.19385,0.0077337,0.85894,0.95211,1.139,0.2927,0.41127,0.42875,1.0768,0.96618,0.69955,0.41941,0.3632,0.62176,1.0755,0.89454,0.73222,0.90469,0.85116,0.67726,1.0075,0.77661,0.89604,0.51246,0.65217,0.65865,0.4623,0.48928,0.20961,0.00059979,0.52289,0.33393,0.83739,0.53131,1.1041,1.2206,0.6584,0.88181,0.97759,0.86413,-0.26342,-0.4658,0.80434,0.32421,0.028186,0.55976,0.84601,0.53599,0.72171,0.44,0.58443,0.44224,0.20929,0.97078,0.84146,0.59023,0.50559,0.50435,0.60601,0.26665,-0.091174,0.46035,0.95734,0.79767,0.83821,0.90533,0.71804,0.50413,0.2313,0.73096,0.67094,0.61628,0.65302,0.80046,0.64961,0.48537,0.32975,0.43844,0.51098,0.45033,0.40551,-0.20314,-0.016246,0.20733,-0.066759,-0.0023093,-0.36539,0.56462,0.0012685,0.24637,0.1087,0.017712,-0.48395,0.1422,0.14205,0.36859,0.33661,-0.1242,-0.28387
0.52371,0.99955,0.035876,0.24202,0.80319,0,0.3129,0.50044,0.5467,0.55299,0.41496,0.49593,0.74747,0.65196,0.55796,0.53645,0.77653,0.26083,0.47682,0.71499,0.66094,0.5055,0.86598,0.66466,0.48893,0.64731,0.65981,0.35232,0.44669,0.34393,0.57962,1.0095,0.73224,0.65641,0.22896,0.049579,0.024785,-0.11813,0.14974,0.26543,0.58842,0.83562,0.268,0.76425,0.67746,0.67809,0.20542,0.056759,0.6405,0.30779,0.29439,0.53684,0.64639,0.65248,0.42886,0.39853,0.35266,0.66658,0.45686,0.22557,0.35253,0.18365,0.10288,0.22135,0.2863,0.54022,0.20311,0.17467,0.40198,0.3876,0.24769,0.404,0.3636,0.57224,0.44458,0.088036,0.19456,0.56179,0.63416,0.51996,0.77653,0.36924,0.3215,0.52131,0.58576,0.40239,0.49637,0.42325,0.59585,0.52595,0.24173,-0.36199,-0.0023323,0.20213,0.30137,0.16454,0.20872,-0.18913,-0.41527,-0.10792,0.1289,0.1014,0.16911,-0.064993,-0.24785
0.21953,0.086635,0.85489,0.86128,0.19385,0.3129,0,1.2309,-0.048304,-0.083548,0.25335,0.90994,0.47956,0.66345,-0.036764,-0.028857,0.24162,0.45322,0.65927,0.4928,-0.12597,-0.20364,0.3909,0.05423,0.24011,0.045036,-0.20854,-0.18791,-0.22746,0.66158,0.2054,0.24192,0.39578,0.38066,0.47051,0.50704,0.4719,0.26594,0.45899,0.48495,0.17961,0.28494,0.25523,0.48115,0.17176,0.12215,0.041167,0.098099,-0.31409,0.72058,0.71495,-0.14913,-0.057459,-0.31882,-0.0073612,-0.29851,0.38949,0.54378,0.54695,-0.023287,-0.10769,0.040643,-0.22332,-0.29524,-0.38576,0.64001,0.594,-0.56794,-0.067022,-0.16597,-0.013194,0.3045,0.29066,0.5757,0.51693,-0.024124,0.013191,0.75512,0.70023,0.46684,0.4676,0.96102,0.76564,0.44291,0.34937,0.58085,0.53184,0.07764,0.25564,-0.089414,-0.14316,-0.12239,-0.23785,0.10847,-0.024486,-0.1393,-0.0028802,-0.22247,-0.1121,-0.33638,-0.35467,-0.085269,-0.55854,-0.20228,-0.36736
-0.053527,0.16436,0.35984,0.52781,0.0077337,0.50044,1.2309,0,-0.17125,-0.20375,-0.03505,0.88334,0.47575,0.60361,-0.23866,-0.20782,0.117,0.12364,0.42562,0.34583,-0.26648,-0.31742,0.25564,-0.12813,0.071687,-0.047563,-0.30067,-0.36676,-0.30504,0.29172,0.091726,0.23061,0.36692,0.31697,0.29941,0.40466,0.12369,0.038386,0.10429,0.28984,-0.050885,0.13881,-0.090169,0.28942,0.02819,0.030455,0.37583,0.46152,-0.32504,0.57384,0.83376,-0.19137,-0.1274,-0.18041,-0.095338,-0.3448,0.16352,0.53087,0.5158,-0.35142,-0.33911,-0.2625,-0.47472,-0.46574,-0.49373,0.74045,0.75368,-0.6785,-0.32977,-0.30144,-0.32247,0.027966,0.031643,0.44967,0.52466,-0.24619,-0.21774,0.43259,0.45952,0.27008,0.37182,0.57011,0.45914,0.2888,0.24996,0.33087,0.38447,0.44856,0.57435,0.088337,0.071143,-0.42432,0.042677,-0.072893,0.25853,-0.19338,0.081813,-0.43251,-0.010022,-0.47412,-0.28814,-0.29758,-0.56408,-0.11072,-0.30262
0.84498,0.74818,0.044277,0.18394,0.85894,0.5467,-0.048304,-0.17125,0,0.98188,0.77315,0.29838,0.63644,0.5545,1.5179,1.3624,1.0574,0.47288,0.55482,0.66228,1.4131,1.2705,1.0192,1.0781,1.0508,0.99889,1.3585,0.96392,0.94243,0.35462,0.68056,0.68258,0.7311,0.69479,0.34989,0.0095207,0.14515,0.1408,0.36832,0.44096,0.78275,1.1064,0.50857,0.65039,1.1029,1.0633,-0.14231,-0.34526,1.058,0.16343,-0.082659,0.99654,0.75377,0.76205,0.82668,0.53271,0.42872,0.4857,0.37309,0.99666,1.2219,1.0174,1.0981,1.333,1.071,0.10015,-0.14135,0.85252,1.0823,1.2012,1.0966,0.81364,0.707,0.59372,0.41829,0.4256,1.1185,0.5047,0.63088,0.60443,0.86492,0.41015,0.28356,0.70504,0.74075,0.55777,0.68084,0.029294,0.29457,0.21047,0.071775,-0.17841,-0.44415,0.11485,-0.29674,-0.15268,-0.22714,-0.26111,-1.0618,0.47639,0.60214,0.66571,0.77888,-0.4573,-0.52484
1.2629,1.1055,-0.075012,0.013213,0.95211,0.55299,-0.083548,-0.20375,0.98188,0,0.51423,0.2052,0.29869,0.24093,1.0141,1.0564,0.59087,0.24503,0.16233,0.36766,1.3295,1.0209,0.65363,1.1106,0.53163,0.92787,1.1979,1.342,1.0741,0.45735,0.44469,0.60801,0.34969,0.32921,-0.0049387,-0.40342,-0.029224,-0.092893,0.32564,0.13047,1.2903,0.96683,0.68567,0.7232,0.73172,0.66046,-0.0097343,-0.21484,1.0807,-0.19505,-0.42309,0.90592,0.91376,0.85618,0.84445,0.75842,0.35728,0.50238,0.31177,0.88411,1.3493,0.73525,0.72883,0.798,0.64539,0.18732,-0.14938,0.54963,1.1099,0.70693,0.73744,0.53696,0.45787,0.36031,0.12207,0.26691,0.90078,0.37302,0.43797,0.56182,0.49471,0.18633,0.0011769,0.41063,0.54401,0.21933,0.29209,0.10348,0.24206,0.4422,0.13715,-0.059083,-0.38561,0.21107,-0.20678,-0.14372,-0.24162,-0.36885,-0.81961,0.11085,0.2527,0.46008,0.62516,-0.19294,-0.3316
0.63151,0.33203,0.65237,0.60421,1.139,0.41496,0.25335,-0.03505,0.77315,0.51423,0,0.38107,0.49394,0.5622,0.91554,0.74554,0.66583,0.57029,0.5715,0.70158,0.70167,0.63611,0.62043,0.69011,0.99955,0.48908,0.68492,0.48362,0.56944,0.49205,0.83728,0.59701,0.55892,0.69086,0.41178,0.32319,0.90668,0.693,1.0304,0.8361,0.60564,0.92286,0.52121,0.63423,1.0682,0.91275,-0.59151,-0.70727,0.41612,0.57801,0.19842,0.44724,0.40326,0.19227,0.44996,0.14209,0.43433,0.28349,0.19309,0.91768,0.60918,0.67726,0.63834,0.52291,0.6378,0.14942,-0.028082,0.44808,0.69075,0.78638,1.0067,1.278,1.1106,0.67247,0.44944,0.90597,0.60657,0.71558,0.76463,0.63263,0.71749,0.58685,0.58871,0.42741,0.43489,0.67291,0.54212,-0.48249,-0.18128,-0.072371,-0.23749,-0.076545,-0.56552,0.60546,-0.11967,0.28183,0.14709,0.1328,-0.44806,0.2889,0.23861,0.40151,0.31358,-0.27552,-0.28375
0.21682,0.29132,0.46049,0.66958,0.2927,0.49593,0.90994,0.88334,0.29838,0.2052,0.38107,0,0.64107,0.73435,0.13431,0.23284,0.36999,0.24979,0.68908,0.50325,0.069339,0.060501,0.52907,0.1994,0.48318,0.28908,-0.0047908,-0.015571,-0.08849,0.37668,0.25026,0.41529,0.55723,0.43879,0.36941,0.33414,0.35786,0.3232,0.41786,0.67216,0.14648,0.57839,0.14781,0.43143,0.43247,0.36686,0.22779,0.28265,-0.07426,0.53956,0.55291,0.17711,0.089901,0.047048,0.15668,-0.28336,0.2346,0.56276,0.57799,0.14369,0.15787,0.041903,-0.0060888,0.017426,-0.086727,1.0831,0.9194,-0.28494,0.057071,0.037074,0.11958,0.42802,0.42981,1.0778,1.1307,0.0004528,0.23248,0.59496,0.67613,0.45105,0.53732,0.65215,0.52063,0.41568,0.35351,0.52323,0.59183,0.20411,0.47768,0.20627,0.14882,-0.38375,-0.19421,0.080279,-0.019028,-0.34305,-0.14882,-0.70196,-0.46846,-0.3949,-0.14486,-0.13881,-0.2348,-0.202,-0.51922
0.41311,0.61769,0.18639,0.44712,0.41127,0.74747,0.47956,0.47575,0.63644,0.29869,0.49394,0.64107,0,1.8239,0.51349,0.4393,0.91936,0.59386,0.91543,0.84473,0.52505,0.37027,1.1835,0.60357,0.69475,0.63103,0.48684,0.26275,0.34493,0.72961,0.95114,1.022,1.9853,1.5104,0.97419,0.55279,0.10758,0.033054,0.097916,0.45563,0.31954,0.66825,0.20984,0.67201,0.90904,0.98938,0.0060193,-0.044219,0.40172,0.79924,0.57095,0.58042,0.15111,0.13325,0.15109,0.086649,0.29136,0.71084,0.81565,0.22576,0.33624,0.45054,0.2331,0.44823,0.30497,0.37074,0.332,0.19239,0.28314,0.45107,0.36066,0.57075,0.60518,0.94647,1.0481,-0.063558,0.21014,0.81661,0.84466,0.40107,1.069,0.79986,0.8091,0.80561,0.71612,0.78367,0.84612,0.33691,0.75702,0.1657,0.058115,-0.60764,-0.56135,-0.21858,-0.30663,-0.19935,-0.22156,-0.2225,-0.6874,0.03225,0.24914,0.15564,0.10065,-0.37366,-0.64398
0.40801,0.54592,0.32298,0.60554,0.42875,0.65196,0.66345,0.60361,0.5545,0.24093,0.5622,0.73435,1.8239,0,0.44281,0.35137,0.70852,0.5076,0.84051,0.69972,0.40951,0.22549,0.94707,0.44441,0.65142,0.42852,0.37382,0.17212,0.33105,0.84994,0.87831,0.83868,1.5342,1.5228,1.0925,0.7402,0.19903,0.14052,0.20727,0.50693,0.28798,0.63166,0.1476,0.62971,0.77323,0.86618,0.017113,-0.030721,0.2796,0.96594,0.75168,0.46292,0.13898,0.068517,0.1636,-0.030231,0.20907,0.60835,0.70301,0.2683,0.30975,0.44739,0.21024,0.38452,0.23899,0.33164,0.30065,0.052475,0.20165,0.41933,0.33534,0.52844,0.53124,0.83851,0.99164,0.029496,0.21189,0.8142,0.88519,0.4016,1.0233,0.91637,0.825,0.63943,0.58661,0.7134,0.77975,0.31491,0.68053,0.11999,0.079574,-0.53296,-0.55312,-0.12268,-0.27245,-0.21598,-0.20002,-0.23612,-0.55686,0.057691,0.25737,0.12062,0.055108,-0.34419,-0.63065
1.0049,0.67316,0.17817,0.20256,1.0768,0.55796,-0.036764,-0.23866,1.5179,1.0141,0.91554,0.13431,0.51349,0.44281,0,1.8614,1.1777,0.65146,0.57453,0.7742,1.6159,1.3353,1.0331,1.4348,1.0371,1.1357,1.6925,1.0897,1.0675,0.47491,0.80943,0.80264,0.62814,0.65397,0.31176,-0.024175,0.22448,0.13741,0.49207,0.41628,1.0727,1.1653,0.80352,0.90109,1.2208,1.1606,-0.40149,-0.68071,1.0663,0.12707,-0.17528,0.84455,0.83709,0.67121,0.86385,0.69448,0.6129,0.51992,0.39555,1.2876,1.3608,1.2977,1.2124,1.0684,1.0332,-0.011717,-0.25758,0.9383,1.6532,1.3461,1.4575,1.0317,0.90982,0.46454,0.21616,0.59012,0.96551,0.59664,0.68425,0.66423,0.94162,0.40496,0.35148,0.71984,0.84071,0.62945,0.65835,-0.17801,0.072872,0.062149,-0.11984,-0.019241,-0.50509,0.2861,-0.29582,0.071501,-0.12074,-0.043373,-0.90132,0.49166,0.49187,0.75475,0.73386,-0.46335,-0.40729
1.0147,0.65148,0.11003,0.11472,0.96618,0.53645,-0.028857,-0.20782,1.3624,1.0564,0.74554,0.23284,0.4393,0.35137,1.8614,0,1.0229,0.55626,0.53975,0.69816,1.4157,1.3375,0.9554,1.3072,0.9189,1.1735,1.2683,1.1513,0.83575,0.36237,0.60162,0.65944,0.52812,0.49646,0.19494,-0.1515,0.16361,0.087385,0.45935,0.37897,0.994,1.1177,0.77575,0.83347,1.1398,1.0376,-0.31072,-0.53567,0.93311,0.027887,-0.24417,0.72082,0.82224,0.66941,0.8191,0.56468,0.57916,0.48962,0.40002,1.3449,1.4987,1.0371,1.0213,0.94508,0.77711,0.082505,-0.16487,0.84863,1.8112,1.0058,1.1613,0.91426,0.80707,0.52202,0.27425,0.44429,0.89359,0.46327,0.53688,0.63798,0.80253,0.30802,0.22802,0.63616,0.72934,0.51496,0.56649,-0.17938,0.078825,0.15323,-0.0073025,0.04011,-0.45836,0.2002,-0.34907,0.0028476,-0.20558,-0.16418,-0.96484,0.28887,0.33888,0.56735,0.65498,-0.4634,-0.55716
0.62991,0.57125,0.27651,0.39382,0.69955,0.77653,0.24162,0.117,1.0574,0.59087,0.66583,0.36999,0.91936,0.70852,1.1777,1.0229,0,1.0709,1.1964,1.4672,0.95163,0.88429,1.8779,1.3086,1.0945,1.34,0.98978,0.56737,0.56678,0.54141,0.91326,1.183,0.98692,0.85768,0.52485,0.16169,0.21563,0.084583,0.33525,0.56498,0.71923,1.1198,0.72327,0.97918,1.1561,1.0969,-0.2556,-0.42006,0.72472,0.37842,0.11242,0.80137,0.56756,0.48405,0.5864,0.55238,0.75245,0.87086,0.78311,0.58173,0.69541,0.89191,0.73152,0.70109,0.74218,0.28152,0.11945,0.56395,0.85413,0.89015,0.96479,1.0437,1.0587,0.80365,0.49616,0.27866,0.62834,0.98895,1.0623,0.69736,1.3959,0.71863,0.79391,1.2945,1.3396,1.1604,1.3003,0.043178,0.37099,0.0084811,-0.19952,-0.24257,-0.38894,0.17806,-0.19335,0.009418,-0.078551,-0.10502,-0.92633,0.37642,0.40645,0.66305,0.38326,-0.55299,-0.41803
0.44818,0.11708,0.64794,0.54672,0.41941,0.26083,0.45322,0.12364,0.47288,0.24503,0.57029,0.24979,0.59386,0.5076,0.65146,0.55626,1.0709,0,1.2499,1.239,0.46301,0.48665,0.97611,0.84091,0.82766,0.80099,0.43006,0.33116,0.25873,0.65734,0.57853,0.57886,0.56074,0.5261,0.48416,0.21626,0.50916,0.32904,0.54187,0.71508,0.50545,0.65262,0.71207,0.66755,0.66364,0.59622,-0.62432,-0.68533,0.19953,0.5307,0.20894,0.2806,0.16397,-0.067616,0.22887,0.22113,0.76766,0.67814,0.72507,0.44276,0.38825,0.78229,0.49216,0.3174,0.39179,0.13841,0.13613,0.23378,0.55291,0.47336,0.85387,1.0238,1.1152,0.63537,0.29518,0.2875,0.45347,1.0463,0.99542,0.66072,0.90113,0.94328,1.1122,1.018,0.99853,1.3845,1.2195,-0.2874,0.039562,-0.45853,-0.6776,-0.051493,-0.5487,0.19424,-0.37753,0.054607,-0.047623,0.06577,-0.56987,0.38495,0.20889,0.68863,0.093927,-0.71005,-0.42378
0.30366,0.15586,0.60921,0.66288,0.3632,0.47682,0.65927,0.42562,0.55482,0.16233,0.5715,0.68908,0.91543,0.84051,0.57453,0.53975,1.1964,1.2499,0,1.356,0.35881,0.37579,1.2052,0.67107,0.92914,0.73063,0.33211,0.1593,0.10502,0.58017,0.60193,0.74222,0.8341,0.7241,0.65003,0.41865,0.43138,0.31995,0.43228,0.85087,0.31808,0.73416,0.4694,0.64686,0.71341,0.66378,-0.30961,-0.34374,0.14411,0.69254,0.48284,0.36594,0.18937,0.040927,0.21102,0.068596,0.59022,0.70971,0.79781,0.35979,0.3388,0.54539,0.39737,0.28383,0.29937,0.3994,0.37818,0.12275,0.3866,0.41955,0.6487,0.90989,0.99681,0.95426,0.69852,0.17952,0.37442,1.0661,1.1507,0.5552,1.1386,0.99595,1.2574,1.0248,0.91516,1.4733,1.6431,-0.068825,0.27915,-0.23409,-0.32277,-0.21634,-0.34667,0.17146,-0.20644,-0.050345,-0.060146,-0.14438,-0.67454,0.21813,0.19914,0.41788,0.038746,-0.61171,-0.48099
0.44996,0.35718,0.47427,0.52716,0.62176,0.71499,0.4928,0.34583,0.66228,0.36766,0.70158,0.50325,0.84473,0.69972,0.7742,0.69816,1.4672,1.239,1.356,0,0.60594,0.70434,1.295,0.98743,1.062,1.0477,0.59683,0.38786,0.31372,0.46848,0.8083,0.92455,0.77846,0.74765,0.39871,0.17941,0.40716,0.27254,0.50054,0.79714,0.55474,0.97377,0.5958,0.81664,1.0115,0.87948,-0.40425,-0.44889,0.32775,0.55191,0.29614,0.4923,0.27465,0.16964,0.29434,0.22484,0.73638,0.92668,0.87658,0.39801,0.39163,0.59656,0.41362,0.30818,0.39894,0.38283,0.28385,0.28766,0.57704,0.51796,0.74734,1.1404,1.1997,0.90755,0.51854,0.28316,0.47704,1.0293,1.0854,0.65824,1.2571,0.8457,1.0028,1.091,1.0539,1.3415,1.329,-0.093404,0.26647,-0.15005,-0.37785,-0.31274,-0.40535,0.24822,-0.095716,0.078485,0.046614,-0.080261,-0.7156,0.19244,0.18628,0.5937,0.21151,-0.605,-0.4968
1.2337,1.0195,-0.060568,0.017577,1.0755,0.66094,-0.12597,-0.26648,1.4131,1.3295,0.70167,0.069339,0.52505,0.40951,1.6159,1.4157,0.95163,0.46301,0.35881,0.60594,0,1.4471,0.94579,1.4625,0.73205,1.0644,1.9808,1.4475,1.2244,0.45153,0.73925,0.75045,0.61214,0.61734,0.21585,-0.189,0.035425,-0.076081,0.29283,0.19162,1.2184,0.99092,0.67189,0.79222,1.0668,1.005,-0.19754,-0.45241,1.4651,0.014114,-0.2723,0.96757,0.8927,0.79226,0.79302,0.79327,0.4461,0.4606,0.30471,0.97885,1.2927,0.98164,0.90251,1.0851,0.90381,-0.0086447,-0.33716,0.91468,1.4255,1.0292,0.97428,0.71473,0.60579,0.41907,0.18624,0.32212,0.81596,0.44896,0.50601,0.58114,0.72721,0.28675,0.1705,0.6021,0.69326,0.39238,0.45563,0.0088062,0.21421,0.32167,0.064313,-0.070527,-0.47654,0.15049,-0.2539,0.043337,-0.13342,-0.057094,-0.78966,0.36171,0.45231,0.60767,0.76253,-0.32149,-0.43601
0.82174,0.6602,-0.040527,-0.01523,0.89454,0.5055,-0.20364,-0.31742,1.2705,1.0209,0.63611,0.060501,0.37027,0.22549,1.3353,1.3375,0.88429,0.48665,0.37579,0.70434,1.4471,0,0.80823,1.3113,0.92575,1.2354,1.3388,1.3556,0.9053,0.17167,0.53029,0.53518,0.38098,0.36128,0.005312,-0.34659,0.10818,0.11822,0.38033,0.36633,0.87515,0.95182,0.56678,0.55075,0.99018,0.87283,-0.37956,-0.56171,0.94004,-0.025193,-0.29131,0.78356,0.61841,0.60605,0.54457,0.54595,0.4994,0.45273,0.31018,0.89734,1.043,0.74405,0.77654,0.78125,0.78757,0.0033446,-0.24398,0.96447,1.2291,0.84118,1.0047,0.79613,0.70474,0.37827,0.113,0.42822,0.94914,0.31381,0.39133,0.47099,0.59761,0.20379,0.14217,0.54163,0.58767,0.42878,0.4632,-0.19574,0.052637,0.10206,-0.13087,-0.078261,-0.38723,0.1616,-0.22266,0.033759,-0.12105,-0.10202,-0.8559,0.32525,0.35854,0.76244,0.84584,-0.39841,-0.47541
0.76228,0.74439,0.28968,0.46793,0.73222,0.86598,0.3909,0.25564,1.0192,0.65363,0.62043,0.52907,1.1835,0.94707,1.0331,0.9554,1.8779,0.97611,1.2052,1.295,0.94579,0.80823,0,1.2721,1.0788,1.292,0.89224,0.60314,0.59297,0.7603,0.90779,1.2042,1.1668,0.93713,0.65396,0.21288,0.17455,0.059108,0.33169,0.56639,0.77775,1.1885,0.67917,1.0751,1.1648,1.1431,-0.15282,-0.30263,0.69446,0.47111,0.21858,0.79839,0.52149,0.4074,0.50294,0.43219,0.69403,0.97325,0.89253,0.57052,0.73088,0.78751,0.57625,0.63579,0.57144,0.37391,0.18987,0.41553,0.78627,0.75994,0.82291,0.93648,0.91665,0.8958,0.61455,0.16249,0.59083,1.0114,1.1072,0.66896,1.3309,0.86773,0.83039,1.1983,1.2029,1.0579,1.217,0.13732,0.50562,0.080129,-0.12705,-0.29243,-0.47353,0.076551,-0.26813,-0.12679,-0.20901,-0.20975,-0.95974,0.21465,0.32624,0.51416,0.27915,-0.46553,-0.57558
0.99294,0.75026,0.13473,0.17451,0.90469,0.66466,0.05423,-0.12813,1.0781,1.1106,0.69011,0.1994,0.60357,0.44441,1.4348,1.3072,1.3086,0.84091,0.67107,0.98743,1.4625,1.3113,1.2721,0,0.90573,1.7537,1.3496,1.1505,0.87537,0.58561,0.77476,0.97947,0.62973,0.59556,0.23006,-0.17006,0.12397,0.024103,0.38217,0.3849,1.1817,1.173,0.8857,0.94519,1.1271,1.0132,-0.38671,-0.59464,0.8987,0.079575,-0.17962,0.87331,0.6556,0.53773,0.57677,0.68995,0.61995,0.73243,0.61133,0.84053,1.0776,0.98273,0.82098,0.75622,0.7429,0.11855,-0.1076,0.68615,1.2954,0.8385,1.1248,0.96095,0.93755,0.5481,0.22416,0.30725,0.80829,0.69558,0.76688,0.60772,0.90538,0.44354,0.43147,0.81751,0.94366,0.70501,0.73797,-0.080198,0.19639,0.086689,-0.20141,-0.095783,-0.50149,0.21952,-0.28729,0.037954,-0.12708,-0.094157,-0.93601,0.2878,0.36268,0.7795,0.60548,-0.43029,-0.42955
0.525,0.41464,0.53776,0.6912,0.85116,0.48893,0.24011,0.071687,1.0508,0.53163,0.99955,0.48318,0.69475,0.65142,1.0371,0.9189,1.0945,0.82766,0.92914,1.062,0.73205,0.92575,1.0788,0.90573,0,0.98163,0.77313,0.51761,0.6606,0.44388,0.76778,0.7138,0.68315,0.60613,0.49697,0.26415,0.57281,0.64137,0.81491,1.2277,0.55899,1.2977,0.53402,0.70395,1.2172,1.1645,-0.46975,-0.5608,0.47842,0.60831,0.25707,0.60041,0.33736,0.24255,0.45843,0.15496,0.69198,0.68414,0.59961,0.78723,0.69042,0.72091,0.70154,0.58108,0.77047,0.28714,0.2034,0.49216,0.72788,0.98263,1.2355,1.4866,1.329,0.77854,0.50599,0.70573,0.85888,0.74606,0.91775,0.61217,0.92523,0.81876,0.79691,0.74599,0.79035,1.0342,1.0137,-0.27432,0.098346,-0.27467,-0.42783,-0.29455,-0.51359,0.31051,-0.22913,-0.10721,-0.16847,-0.19294,-0.83213,0.36572,0.40391,0.6266,0.3535,-0.46339,-0.51047
0.71186,0.6605,0.084505,0.18302,0.67726,0.64731,0.045036,-0.047563,0.99889,0.92787,0.48908,0.28908,0.63103,0.42852,1.1357,1.1735,1.34,0.80099,0.73063,1.0477,1.0644,1.2354,1.292,1.7537,0.98163,0,1.0651,0.9044,0.69711,0.43164,0.64449,0.95251,0.61859,0.50766,0.19939,-0.18155,0.043734,0.038153,0.29374,0.45932,0.83731,1.1829,0.72552,0.82088,1.0623,0.99633,-0.29438,-0.4231,0.73433,0.079179,-0.12619,0.83351,0.5061,0.50223,0.47987,0.5451,0.62555,0.89743,0.83705,0.66684,0.9231,0.79895,0.68636,0.66401,0.66325,0.23974,0.099647,0.60247,1.0161,0.7372,0.94151,0.87431,0.91548,0.59718,0.30266,0.23283,0.79375,0.62751,0.71164,0.52852,0.88587,0.42093,0.43219,0.86034,0.97963,0.74786,0.81215,0.0087634,0.31848,0.037936,-0.20711,-0.20534,-0.42379,0.081756,-0.32465,-0.12086,-0.24884,-0.27211,-1.1595,0.19946,0.32927,0.74324,0.55824,-0.4719,-0.49513
0.96481,0.95762,-0.053505,0.053155,1.0075,0.65981,-0.20854,-0.30067,1.3585,1.1979,0.68492,-0.0047908,0.48684,0.37382,1.6925,1.2683,0.98978,0.43006,0.33211,0.59683,1.9808,1.3388,0.89224,1.3496,0.77313,1.0651,0,1.1699,1.402,0.40566,0.82257,0.86497,0.60548,0.61949,0.23202,-0.13239,0.017645,-0.059295,0.2662,0.19971,1.1004,0.98496,0.67272,0.81485,1.0408,1.0408,-0.21482,-0.48234,1.5922,8.9804e-05,-0.28481,1.0496,0.89496,0.88591,0.87559,0.95175,0.4901,0.50728,0.32727,0.88119,1.1422,1.0116,1.0042,1.095,1.1196,-0.036011,-0.3223,1.0189,1.2865,1.285,1.0297,0.72643,0.63995,0.3294,0.11942,0.43873,0.82973,0.46707,0.54023,0.5434,0.75902,0.26083,0.19397,0.6237,0.76505,0.42925,0.4766,0.025495,0.20696,0.23035,-0.017029,-0.13494,-0.40485,0.20855,-0.16887,0.060443,-0.095568,-0.048728,-0.76717,0.46516,0.5504,0.69182,0.81315,-0.29478,-0.25972
1.1962,0.78262,-0.14092,-0.17583,0.77661,0.35232,-0.18791,-0.36676,0.96392,1.342,0.48362,-0.015571,0.26275,0.17212,1.0897,1.1513,0.56737,0.33116,0.1593,0.38786,1.4475,1.3556,0.60314,1.1505,0.51761,0.9044,1.1699,0,0.94881,0.34216,0.41158,0.39505,0.28142,0.30602,-0.043239,-0.48721,-0.05284,-0.10084,0.25506,0.06534,1.0882,0.66022,0.60868,0.54669,0.72024,0.63742,-0.29204,-0.50691,0.92971,-0.2238,-0.4948,0.64066,0.68824,0.57544,0.55878,0.63889,0.34559,0.33039,0.2069,0.96311,1.2381,0.81293,0.72923,0.77227,0.53797,-0.13958,-0.43909,0.86589,1.2476,0.62869,0.76477,0.5202,0.45174,0.19692,-0.010035,0.24219,0.83072,0.24367,0.29327,0.45731,0.46695,0.09801,-0.06025,0.41596,0.46966,0.22458,0.24619,-0.13187,0.034065,0.25068,0.0054185,0.10192,-0.47446,0.040997,-0.36917,0.0017831,-0.18044,-0.15087,-0.71073,0.21722,0.2519,0.62957,0.81325,-0.38602,-0.50964
0.85699,0.95745,-0.034657,0.13705,0.89604,0.44669,-0.22746,-0.30504,0.94243,1.0741,0.56944,-0.08849,0.34493,0.33105,1.0675,0.83575,0.56678,0.25873,0.10502,0.31372,1.2244,0.9053,0.59297,0.87537,0.6606,0.69711,1.402,0.94881,0,0.47784,0.70302,0.60813,0.43719,0.46196,0.26556,-0.056301,0.003359,0.01801,0.3211,0.1867,0.9718,0.80377,0.50699,0.65917,0.7643,0.86128,-0.16451,-0.40636,1.2226,0.045276,-0.22864,0.83333,0.6529,0.64509,0.78183,0.6868,0.34561,0.41465,0.24132,0.79083,0.97355,0.84613,0.85887,0.91243,1.0429,-0.12337,-0.3495,0.70273,0.91701,1.2365,0.89932,0.57243,0.45131,0.16458,-0.0094717,0.47872,0.73618,0.29559,0.40046,0.39116,0.48376,0.28521,0.13266,0.33791,0.53445,0.23252,0.28953,0.03815,0.17866,0.091095,-0.094104,-0.20769,-0.47504,0.19056,-0.18429,-0.11843,-0.24234,-0.097197,-0.51902,0.48782,0.65092,0.54184,0.65803,-0.14489,-0.23784
0.78098,0.52734,0.55871,0.65017,0.51246,0.34393,0.66158,0.29172,0.35462,0.45735,0.49205,0.37668,0.72961,0.84994,0.47491,0.36237,0.54141,0.65734,0.58017,0.46848,0.45153,0.17167,0.7603,0.58561,0.44388,0.43164,0.40566,0.34216,0.47784,0,0.68789,0.69923,0.74393,0.72706,0.8415,0.44152,0.25409,0.064569,0.3805,0.2982,0.7171,0.57193,0.67591,0.9306,0.53422,0.56035,-0.15519,-0.26995,0.31685,0.50724,0.25164,0.39159,0.25927,-0.0098417,0.29361,0.26719,0.46991,0.63457,0.62115,0.42456,0.4784,0.65324,0.31457,0.31971,0.19432,0.21602,0.1131,-0.002961,0.43022,0.40019,0.47666,0.53704,0.51958,0.46095,0.35228,0.11254,0.3069,0.96555,0.88072,0.49281,0.65328,0.94715,0.77296,0.60046,0.6274,0.62092,0.55299,0.069822,0.27406,-0.040777,-0.20745,-0.10228,-0.72385,0.076567,-0.43967,-0.18996,-0.31094,-0.070009,-0.43242,0.037193,0.054734,0.22097,-0.088316,-0.18161,-0.31121
0.50919,0.60729,0.26849,0.47765,0.65217,0.57962,0.2054,0.091726,0.68056,0.44469,0.83728,0.25026,0.95114,0.87831,0.80943,0.60162,0.91326,0.57853,0.60193,0.8083,0.73925,0.53029,0.90779,0.77476,0.76778,0.64449,0.82257,0.41158,0.70302,0.68789,0,1.2175,1.1262,1.2375,0.85098,0.49384,0.21033,0.06804,0.29016,0.37935,0.57815,0.73834,0.5745,0.93508,1.3081,1.3728,-0.27308,-0.38325,0.64278,0.53559,0.13798,0.78487,0.26921,0.23736,0.41326,0.35114,0.46152,0.5905,0.57095,0.42593,0.43827,0.71791,0.56963,0.61749,0.6249,0.14179,0.068427,0.50963,0.57604,0.8903,0.69706,0.90799,0.87067,0.65926,0.5502,0.26383,0.28738,0.72878,0.72186,0.35072,0.89616,0.66514,0.77251,0.67497,0.72321,0.69966,0.63926,-0.00089203,0.30252,0.024438,-0.15906,-0.46968,-0.66989,0.17224,-0.16181,0.015252,-0.14563,0.099725,-0.45986,0.25376,0.35742,0.30574,0.24607,-0.21594,-0.28222
0.51744,0.77398,0.1809,0.40746,0.65865,1.0095,0.24192,0.23061,0.68258,0.60801,0.59701,0.41529,1.022,0.83868,0.80264,0.65944,1.183,0.57886,0.74222,0.92455,0.75045,0.53518,1.2042,0.97947,0.7138,0.95251,0.86497,0.39505,0.60813,0.69923,1.2175,0,1.1377,1.035,0.5885,0.27778,0.063182,-0.061075,0.17243,0.35637,0.64938,0.96832,0.58699,1.0747,1.0563,1.1103,-0.07412,-0.2043,0.70622,0.35666,0.15709,0.91942,0.47409,0.48836,0.46002,0.54456,0.47974,0.86288,0.79007,0.35866,0.51844,0.58669,0.47738,0.52056,0.58062,0.39581,0.24578,0.36543,0.56891,0.73261,0.59829,0.74381,0.79619,0.71203,0.56201,0.16219,0.31721,0.89425,0.92664,0.43718,1.0602,0.55933,0.6929,0.79454,0.91287,0.74997,0.77142,0.24986,0.5298,0.20563,-0.036821,-0.45687,-0.35966,0.19318,-0.046991,0.0088252,-0.076322,-0.11616,-0.67939,0.10237,0.30168,0.31105,0.25726,-0.1874,-0.18128
0.46367,0.65929,0.19434,0.4616,0.4623,0.73224,0.39578,0.36692,0.7311,0.34969,0.55892,0.55723,1.9853,1.5342,0.62814,0.52812,0.98692,0.56074,0.8341,0.77846,0.61214,0.38098,1.1668,0.62973,0.68315,0.61859,0.60548,0.28142,0.43719,0.74393,1.1262,1.1377,0,1.7936,1.1008,0.6229,0.12154,-0.0046949,0.11483,0.3926,0.40483,0.7025,0.32987,0.82693,1.0089,1.1165,0.025426,-0.063005,0.53137,0.70723,0.43814,0.63689,0.2356,0.22817,0.32354,0.21591,0.38007,0.72584,0.7849,0.2849,0.39469,0.58304,0.38004,0.60587,0.44583,0.34684,0.28166,0.29396,0.40091,0.62069,0.43673,0.61818,0.62897,0.93362,1.018,0.010147,0.26024,0.85909,0.8659,0.47173,1.0988,0.77598,0.7748,0.88339,0.81683,0.77156,0.80534,0.33012,0.7195,0.19545,0.084872,-0.58112,-0.61929,-0.18876,-0.32358,-0.19547,-0.23866,-0.17585,-0.68211,0.097301,0.31718,0.15778,0.10948,-0.33684,-0.54074
0.46085,0.56607,0.19876,0.39992,0.48928,0.65641,0.38066,0.31697,0.69479,0.32921,0.69086,0.43879,1.5104,1.5228,0.65397,0.49646,0.85768,0.5261,0.7241,0.74765,0.61734,0.36128,0.93713,0.59556,0.60613,0.50766,0.61949,0.30602,0.46196,0.72706,1.2375,1.035,1.7936,0,0.96133,0.63605,0.15226,0.02559,0.14069,0.34318,0.40108,0.62876,0.26685,0.72297,0.97065,1.0652,-0.09646,-0.1838,0.47631,0.68221,0.44364,0.59365,0.23155,0.20482,0.29377,0.19801,0.24386,0.56277,0.63118,0.34357,0.38994,0.67241,0.42451,0.61334,0.44677,0.14844,0.092688,0.31495,0.38756,0.61193,0.45979,0.60236,0.61494,0.74562,0.81318,0.099969,0.26132,0.80583,0.82908,0.42926,1.1509,0.67324,0.69076,0.72394,0.68551,0.69577,0.70726,0.25145,0.57256,0.17799,0.096869,-0.4947,-0.64453,-0.098065,-0.28954,-0.048593,-0.10161,-0.05355,-0.58308,0.19973,0.38001,0.24735,0.24659,-0.39173,-0.50101
0.23251,0.26366,0.44979,0.75626,0.20961,0.22896,0.47051,0.29941,0.34989,-0.0049387,0.41178,0.36941,0.97419,1.0925,0.31176,0.19494,0.52485,0.48416,0.65003,0.39871,0.21585,0.005312,0.65396,0.23006,0.49697,0.19939,0.23202,-0.043239,0.26556,0.8415,0.85098,0.5885,1.1008,0.96133,0,1.257,0.24201,0.14293,0.16401,0.37774,0.15033,0.35168,0.26479,0.56182,0.56576,0.68844,-0.041586,-0.094101,0.21351,0.93686,0.55157,0.31091,-0.012712,-0.11964,0.16798,-0.022041,0.31808,0.39465,0.5088,0.17754,0.1567,0.45093,0.25954,0.40143,0.29546,0.15984,0.24121,0.087964,0.1482,0.49854,0.32935,0.44749,0.43139,0.54631,0.70591,0.060388,0.075239,0.64925,0.61747,0.22913,0.58296,0.9196,0.93091,0.547,0.48554,0.61896,0.57739,0.12916,0.38543,-0.14216,-0.1056,-0.33629,-0.57539,-0.13696,-0.38975,-0.26279,-0.36237,0.044593,-0.25273,0.19865,0.27717,0.027513,-0.18955,-0.11946,-0.30167
-0.16651,-0.11611,0.58155,0.84631,0.00059979,0.049579,0.50704,0.40466,0.0095207,-0.40342,0.32319,0.33414,0.55279,0.7402,-0.024175,-0.1515,0.16169,0.21626,0.41865,0.17941,-0.189,-0.34659,0.21288,-0.17006,0.26415,-0.18155,-0.13239,-0.48721,-0.056301,0.44152,0.49384,0.27778,0.6229,0.63605,1.257,0,0.40242,0.37122,0.18838,0.41152,-0.20585,0.097561,-0.047568,0.215,0.23464,0.33646,-0.062589,-0.0080788,-0.18737,1.0621,0.89755,-0.042182,-0.30412,-0.38181,-0.09019,-0.37083,0.093098,0.14277,0.27371,-0.068894,-0.21689,0.10715,-0.011787,0.054257,0.07711,0.12133,0.3201,-0.20486,-0.20533,0.20146,0.063225,0.22417,0.22315,0.331,0.56175,0.16704,-0.14151,0.40238,0.38978,0.026502,0.28653,0.63337,0.75088,0.18499,0.12529,0.39076,0.3047,0.030146,0.17524,-0.2934,-0.11966,-0.30626,-0.31529,-0.04146,-0.16053,-0.12272,-0.12001,0.17915,0.0669,0.10523,0.16944,-0.1492,-0.38112,0.067787,-0.05562
0.17879,-0.1754,1.3382,0.88351,0.52289,0.024785,0.4719,0.12369,0.14515,-0.029224,0.90668,0.35786,0.10758,0.19903,0.22448,0.16361,0.21563,0.50916,0.43138,0.40716,0.035425,0.10818,0.17455,0.12397,0.57281,0.043734,0.017645,-0.05284,0.003359,0.25409,0.21033,0.063182,0.12154,0.15226,0.24201,0.40242,0,1.3478,1.3858,1.051,0.15811,0.38982,0.30952,0.25932,0.34018,0.23859,-0.59744,-0.52032,-0.16638,0.74092,0.39886,-0.176,0.00047351,-0.29903,0.10936,-0.25292,0.48785,0.1223,0.045577,0.36393,0.042377,0.18369,0.13384,-0.041807,0.16207,0.28416,0.25255,-0.0288,0.16937,0.21977,0.45936,0.76089,0.70685,0.46362,0.28161,0.88841,0.29258,0.58604,0.54202,0.59502,0.26437,0.62049,0.61749,0.24322,0.1834,0.59697,0.36642,-0.76359,-0.50003,-0.45854,-0.56846,0.10112,-0.31692,0.58663,-0.033755,0.30157,0.29511,0.19836,-0.042247,0.096084,-0.12225,0.15674,-0.2363,-0.17596,-0.087321
-0.040592,-0.30039,0.93697,0.77136,0.33393,-0.11813,0.26594,0.038386,0.1408,-0.092893,0.693,0.3232,0.033054,0.14052,0.13741,0.087385,0.084583,0.32904,0.31995,0.27254,-0.076081,0.11822,0.059108,0.024103,0.64137,0.038153,-0.059295,-0.10084,0.01801,0.064569,0.06804,-0.061075,-0.0046949,0.02559,0.14293,0.37122,1.3478,0,1.1092,1.2712,-0.057477,0.34652,0.031423,-0.00080799,0.2476,0.20632,-0.64014,-0.48238,-0.29372,0.65283,0.48364,-0.18432,-0.18546,-0.35977,-0.06784,-0.48843,0.22458,0.037278,0.036119,0.33475,0.03101,0.090098,0.12059,-0.04518,0.20115,0.14517,0.25341,-0.045618,0.031112,0.19952,0.44097,0.59389,0.57835,0.29274,0.20821,0.98088,0.3745,0.29817,0.3625,0.28382,0.12934,0.42609,0.44455,0.031987,0.0050114,0.43871,0.27692,-0.73845,-0.48082,-0.65112,-0.59635,0.013639,-0.2315,0.44668,-0.086285,0.10973,0.15223,0.053901,-0.081384,0.16613,0.061441,0.24449,-0.053895,-0.14369,-0.11637
0.4741,0.087159,1.1535,0.87408,0.83739,0.14974,0.45899,0.10429,0.36832,0.32564,1.0304,0.41786,0.097916,0.20727,0.49207,0.45935,0.33525,0.54187,0.43228,0.50054,0.29283,0.38033,0.33169,0.38217,0.81491,0.29374,0.2662,0.25506,0.3211,0.3805,0.29016,0.17243,0.11483,0.14069,0.16401,0.18838,1.3858,1.1092,0,1.1012,0.5168,0.72301,0.56126,0.49809,0.51633,0.40572,-0.56762,-0.57968,0.053006,0.51254,0.20492,0.042046,0.21022,-0.07189,0.36704,-0.075076,0.64754,0.3345,0.19046,0.68374,0.36909,0.39186,0.35785,0.10891,0.29943,0.31359,0.18028,0.054998,0.48816,0.42467,0.75337,1.0068,0.83267,0.48312,0.18688,1.0449,0.61925,0.58392,0.62924,0.70589,0.364,0.68379,0.5468,0.2915,0.3282,0.57908,0.43476,-0.68879,-0.39317,-0.39582,-0.56334,0.062986,-0.42679,0.70636,-0.07148,0.098773,0.077185,-0.02035,-0.25606,0.11632,-0.022686,0.31706,-0.043979,-0.21317,-0.24081
0.16468,0.028582,0.93866,1.0301,0.53131,0.26543,0.48495,0.28984,0.44096,0.13047,0.8361,0.67216,0.45563,0.50693,0.41628,0.37897,0.56498,0.71508,0.85087,0.79714,0.19162,0.36633,0.56639,0.3849,1.2277,0.45932,0.19971,0.06534,0.1867,0.2982,0.37935,0.35637,0.3926,0.34318,0.37774,0.41152,1.051,1.2712,1.1012,0,0.18197,0.79375,0.25365,0.36691,0.63001,0.57879,-0.48848,-0.41492,-0.033121,0.88828,0.59134,0.13163,0.006143,-0.12808,0.13924,-0.26656,0.50121,0.48399,0.47009,0.42604,0.23301,0.30081,0.28314,0.13257,0.36225,0.44161,0.4924,0.036855,0.24815,0.42906,0.69118,1.049,1.0332,0.76943,0.54278,0.73261,0.52357,0.68081,0.81783,0.54051,0.58055,0.85403,0.88008,0.45362,0.45225,0.93459,0.82338,-0.40396,-0.059929,-0.49648,-0.56976,-0.25825,-0.35476,0.39685,-0.10816,-0.050198,0.011944,-0.18144,-0.44007,0.17611,0.17973,0.35767,-0.0037608,-0.36873,-0.38877
1.5432,0.9258,0.22105,0.2184,1.1041,0.58842,0.17961,-0.050885,0.78275,1.2903,0.60564,0.14648,0.31954,0.28798,1.0727,0.994,0.71923,0.50545,0.31808,0.55474,1.2184,0.87515,0.77775,1.1817,0.55899,0.83731,1.1004,1.0882,0.9718,0.7171,0.57815,0.64938,0.40483,0.40108,0.15033,-0.20585,0.15811,-0.057477,0.5168,0.18197,0,0.9443,1.169,1.1798,0.73663,0.64439,-0.17645,-0.40979,0.90028,-0.025857,-0.29959,0.64323,0.81611,0.54983,0.84837,0.81451,0.75512,0.69291,0.411,0.80602,0.97828,0.84175,0.66243,0.56011,0.51102,0.17455,-0.18562,0.42543,1.3274,0.68892,0.80608,0.69358,0.55416,0.35335,0.024497,0.34128,0.77983,0.61044,0.62379,0.74193,0.596,0.44752,0.2625,0.61229,0.75052,0.40449,0.40832,-0.043323,0.11746,0.19801,-0.12158,0.011904,-0.50965,0.31213,-0.17615,-0.024634,-0.15123,-0.10591,-0.60617,0.12231,0.13004,0.50182,0.32285,-0.19602,-0.29159
0.84421,0.75855,0.39374,0.58126,1.2206,0.83562,0.28494,0.13881,1.1064,0.96683,0.92286,0.57839,0.66825,0.63166,1.1653,1.1177,1.1198,0.65262,0.73416,0.97377,0.99092,0.95182,1.1885,1.173,1.2977,1.1829,0.98496,0.66022,0.80377,0.57193,0.73834,0.96832,0.7025,0.62876,0.35168,0.097561,0.38982,0.34652,0.72301,0.79375,0.9443,0,0.69204,0.99785,1.2409,1.1535,-0.19444,-0.32559,0.69029,0.37488,0.14483,0.8084,0.61681,0.51881,0.68401,0.35843,0.63595,0.86556,0.69153,0.86569,0.94726,0.73947,0.65706,0.63997,0.73585,0.46513,0.21386,0.34794,0.95109,0.88877,1.041,1.119,0.98223,0.83647,0.47829,0.54931,0.92733,0.78669,0.93861,0.72719,0.92118,0.67796,0.5732,0.68164,0.81147,0.72936,0.79335,-0.011126,0.29469,0.096671,-0.11272,-0.26538,-0.46176,0.37449,-0.17131,-0.1227,-0.19049,-0.28359,-0.97499,0.15705,0.31194,0.52014,0.36762,-0.26191,-0.45355
0.86418,0.41795,0.49031,0.39371,0.6584,0.268,0.25523,-0.090169,0.50857,0.68567,0.52121,0.14781,0.20984,0.1476,0.80352,0.77575,0.72327,0.71207,0.4694,0.5958,0.67189,0.56678,0.67917,0.8857,0.53402,0.72552,0.67272,0.60868,0.50699,0.67591,0.5745,0.58699,0.32987,0.26685,0.26479,-0.047568,0.30952,0.031423,0.56126,0.25365,1.169,0.69204,0,1.2074,0.64996,0.52734,-0.32021,-0.48912,0.53525,0.0022916,-0.38568,0.46294,0.52276,0.27018,0.71321,0.69338,1.1962,0.68564,0.49067,0.61387,0.64092,0.79193,0.65328,0.40902,0.39751,0.27134,0.046874,0.38423,1.0621,0.59936,0.7946,0.8369,0.75361,0.4025,0.07056,0.33673,0.58118,0.74185,0.63033,0.66065,0.50683,0.5464,0.49861,0.76947,0.83012,0.62194,0.5009,-0.2831,-0.083871,-0.083005,-0.3925,0.12121,-0.5038,0.36404,-0.24772,-0.029852,-0.21741,0.0090729,-0.48864,0.089187,-0.055012,0.42959,0.046661,-0.20444,-0.11021
0.94002,0.82048,0.46079,0.56975,0.88181,0.76425,0.48115,0.28942,0.65039,0.7232,0.63423,0.43143,0.67201,0.62971,0.90109,0.83347,0.97918,0.66755,0.64686,0.81664,0.79222,0.55075,1.0751,0.94519,0.70395,0.82088,0.81485,0.54669,0.65917,0.9306,0.93508,1.0747,0.82693,0.72297,0.56182,0.215,0.25932,-0.00080799,0.49809,0.36691,1.1798,0.99785,1.2074,0,0.97629,0.92059,-0.11343,-0.28149,0.66582,0.31758,0.010123,0.55064,0.57366,0.36891,0.75927,0.58247,1.0719,1.0981,0.80052,0.54659,0.62153,0.75169,0.51645,0.43499,0.4096,0.46388,0.21588,0.30489,0.90658,0.71747,0.67447,0.886,0.79077,0.66507,0.39432,0.28145,0.47794,1.0363,0.98089,0.83702,0.94258,0.80543,0.67383,0.97304,1.1232,0.76972,0.69816,0.045144,0.29982,0.092218,-0.18549,-0.21276,-0.57089,0.21374,-0.17695,-0.086763,-0.18919,-0.16902,-0.60923,-0.003344,0.054609,0.28334,0.021339,-0.24987,-0.33038
0.75029,0.69579,0.28393,0.43564,0.97759,0.67746,0.17176,0.02819,1.1029,0.73172,1.0682,0.43247,0.90904,0.77323,1.2208,1.1398,1.1561,0.66364,0.71341,1.0115,1.0668,0.99018,1.1648,1.1271,1.2172,1.0623,1.0408,0.72024,0.7643,0.53422,1.3081,1.0563,1.0089,0.97065,0.56576,0.23464,0.34018,0.2476,0.51633,0.63001,0.73663,1.2409,0.64996,0.97629,0,2.1636,-0.3469,-0.45564,0.73304,0.46578,0.08158,0.79298,0.41445,0.35389,0.51849,0.29263,0.58002,0.67048,0.63878,0.79566,0.79146,0.82125,0.69039,0.77522,0.71532,0.26977,0.13196,0.66449,0.94763,0.98665,0.97592,1.2829,1.1808,0.9186,0.67369,0.4122,0.60509,0.71345,0.75386,0.57331,1.0059,0.61712,0.6116,0.74878,0.77698,0.77162,0.71703,-0.13157,0.23548,0.084234,-0.1128,-0.33923,-0.72575,0.15941,-0.31767,-0.022092,-0.20471,-0.089567,-0.82813,0.16709,0.30148,0.41224,0.39992,-0.36655,-0.59681
0.6571,0.7176,0.2217,0.43677,0.86413,0.67809,0.12215,0.030455,1.0633,0.66046,0.91275,0.36686,0.98938,0.86618,1.1606,1.0376,1.0969,0.59622,0.66378,0.87948,1.005,0.87283,1.1431,1.0132,1.1645,0.99633,1.0408,0.63742,0.86128,0.56035,1.3728,1.1103,1.1165,1.0652,0.68844,0.33646,0.23859,0.20632,0.40572,0.57879,0.64439,1.1535,0.52734,0.92059,2.1636,0,-0.30015,-0.417,0.7566,0.50576,0.15535,0.79312,0.37372,0.35272,0.48901,0.27538,0.48515,0.65537,0.67017,0.74296,0.76811,0.82691,0.68469,0.82871,0.78209,0.18428,0.10131,0.64943,0.84386,1.0919,0.92178,1.0635,0.99867,0.77606,0.64252,0.391,0.54365,0.63819,0.71067,0.46935,0.99039,0.59663,0.5962,0.67522,0.74712,0.70184,0.68106,-0.038496,0.31673,0.052922,-0.086954,-0.39405,-0.70528,0.075201,-0.35291,-0.078658,-0.26575,-0.088961,-0.78365,0.23041,0.43465,0.39742,0.42322,-0.32463,-0.58166
-0.114,0.32455,-0.50345,-0.18925,-0.26342,0.20542,0.041167,0.37583,-0.14231,-0.0097343,-0.59151,0.22779,0.0060193,0.017113,-0.40149,-0.31072,-0.2556,-0.62432,-0.30961,-0.40425,-0.19754,-0.37956,-0.15282,-0.38671,-0.46975,-0.29438,-0.21482,-0.29204,-0.16451,-0.15519,-0.27308,-0.07412,0.025426,-0.09646,-0.041586,-0.062589,-0.59744,-0.64014,-0.56762,-0.48848,-0.17645,-0.19444,-0.32021,-0.11343,-0.3469,-0.30015,0,1.7705,0.09375,-0.21,-0.0032665,0.085085,0.1475,0.36958,0.16705,0.066845,-0.28277,0.0016007,-0.067269,-0.48178,-0.20287,-0.42009,-0.3412,-0.074185,-0.23709,0.43961,0.29838,-0.38108,-0.37372,-0.26325,-0.64932,-0.62482,-0.69014,0.010983,0.18277,-0.68125,-0.27957,-0.22932,-0.23087,-0.10669,-0.20678,-0.15445,-0.3458,-0.12804,-0.12118,-0.43698,-0.21705,1.219,0.78439,0.81476,0.89133,-0.27104,0.41704,-0.30983,0.32306,-0.44783,-0.18483,-0.5142,0.11074,-0.35216,-0.10844,-0.60582,-0.28128,0.33506,0.097847
