,,,,,,,,,,,,,,,,,,,,,,,,,,,,,,,,,,,,,,,,,,,,,,,,,,,,,,,,,,,,,,,,,,,,,,,,,,,,,,,,,,,,,,,,,,,,,,,,,,,,,,,,
0,1.0931,0.17013,0.20531,1.1959,0.4884,0.23119,0.025583,0.66377,1.2083,0.64083,0.15189,0.32586,0.3314,0.95319,0.912,0.61138,0.42217,0.26845,0.42613,1.1249,0.67317,0.75205,0.94825,0.51482,0.63782,0.96399,1.1941,0.96892,0.72159,0.64291,0.46865,0.38,0.40974,0.26916,-0.1112,0.10272,-0.14943,0.43867,0.055517,1.2584,0.78613,0.90861,0.75031,0.84639,0.78018,-0.094953,-0.36686,0.89327,0.053067,-0.26487,0.49935,0.99472,0.51596,0.77084,0.65505,0.56373,0.34424,0.11535,0.94944,0.98814,0.70944,0.4788,0.68064,0.35414,0.045125,-0.35611,0.55862,1.0667,0.6212,0.63992,0.56899,0.45157,0.2908,0.10161,0.18409,0.65611,0.51811,0.50404,0.6116,0.50111,0.45341,0.15395,0.60892,0.5961,0.35388,0.36484,-0.038641,0.088061,0.45432,0.10822,0.2134,-0.43132,0.29299,-0.21328,0.056871,-0.093559,-0.010669,-0.31288,0.16681,0.11675,0.41011,0.2305,-0.1947,-0.49097
1.0931,0,-0.22804,0.017271,0.74507,0.99034,0.31482,0.27435,0.86686,1.374,0.31997,0.33154,0.44867,0.41527,0.74764,0.72665,0.73874,0.23473,0.28719,0.40587,1.1543,0.72518,0.95445,0.96603,0.38257,0.88816,0.87936,0.85508,0.88812,0.7138,0.58715,0.85999,0.49015,0.48998,0.13944,-0.11163,-0.31155,-0.45203,-0.0076844,-0.093705,1.1561,0.79669,0.69205,0.99318,0.63857,0.7317,0.26204,0.054482,1.1702,-0.10797,-0.26011,0.72055,0.99174,0.90875,0.5812,0.8759,0.48176,0.39309,0.11613,0.41648,0.86065,0.62507,0.4805,0.74867,0.47776,0.22321,-0.12788,0.42746,0.67781,0.62537,0.4476,0.32913,0.30837,0.3321,0.27384,-0.16201,0.60217,0.4592,0.4638,0.32965,0.45619,0.26519,0.05793,0.48945,0.48352,0.23977,0.36072,0.30246,0.40947,0.67322,0.311,-0.11998,-0.074321,0.0078437,-0.038676,-0.20338,-0.23383,-0.22251,-0.32531,0.13253,0.32243,0.33082,0.37483,-0.064945,-0.24978
0.17013,-0.22804,0,1.3548,0.39498,-0.13315,0.35901,0.19296,-0.087306,-0.20774,0.71708,0.23981,0.36418,0.48724,0.17524,0.095746,0.15827,0.63013,0.49465,0.39161,-0.069505,-0.13726,0.17116,0.030104,0.55401,-0.10962,-0.011012,-0.095632,0.022053,0.36472,0.35073,-0.030089,0.34278,0.38653,0.63031,0.70214,1.3769,0.94996,1.0737,0.9032,-0.02068,0.29759,0.12939,0.04994,0.40044,0.34683,-0.5094,-0.47672,-0.27646,1.126,0.77923,-0.17423,-0.11263,-0.48933,0.15172,-0.42422,0.20482,0.30732,0.40359,0.41248,-0.062242,0.17764,-0.053151,-0.1297,-0.074971,0.13685,0.19503,-0.13268,0.11923,0.091468,0.30266,0.62334,0.54645,0.35924,0.26836,0.69209,-0.044664,0.6656,0.68013,0.66476,0.50284,0.9017,0.83296,0.38544,0.35447,0.73107,0.46754,-0.32351,-0.13077,-0.43194,-0.44528,0.095633,-0.60262,0.42801,-0.21139,0.31344,0.26511,0.13227,-0.037485,0.054229,-0.15002,0.10341,-0.27357,-0.26488,-0.42733
0.20531,0.017271,1.3548,0,0.405,0.078441,0.49971,0.37965,0.1052,-0.1001,0.65703,0.43131,0.75128,0.9005,0.22097,0.10523,0.38212,0.67452,0.6873,0.50907,0.060088,-0.087326,0.4414,0.14667,0.67667,0.044634,0.083752,-0.10327,0.17617,0.59797,0.59629,0.22825,0.71558,0.7055,1.0401,1.0649,0.85572,0.69555,0.73006,0.87207,0.049371,0.46186,0.17622,0.19711,0.5142,0.55656,-0.18069,-0.19453,-0.066672,1.4803,1.0015,0.087049,-0.025634,-0.27922,0.2388,-0.27922,0.24062,0.4748,0.55522,0.29139,-0.043264,0.27507,-0.0023538,0.091583,0.10393,0.33819,0.33255,-0.080781,0.11369,0.25528,0.34897,0.58242,0.51733,0.53711,0.51998,0.41697,-0.063456,0.93494,0.93883,0.7363,0.73473,1.227,1.0916,0.56522,0.50644,0.93042,0.72337,-0.0053942,0.20344,-0.21274,-0.23114,-0.12692,-0.50381,0.25934,-0.17727,0.10167,0.073139,0.00048782,-0.14886,0.16506,0.064324,0.12297,-0.17327,-0.11246,-0.43372
1.1959,0.74507,0.39498,0.405,0,0.66524,0.18581,-0.013969,0.69699,0.869,1.0831,0.14957,0.37989,0.36066,1.1468,0.98214,0.81091,0.55929,0.47821,0.66831,0.99011,0.72308,0.85949,0.99619,0.91934,0.7134,1.015,0.80742,0.8522,0.50736,0.72315,0.57564,0.42581,0.44138,0.29424,0.042963,0.43349,0.16636,0.75666,0.42782,0.91162,1.1776,0.68892,0.6433,1.0968,1.0401,-0.31464,-0.57135,0.76621,0.29509,-0.0033228,0.46651,0.92311,0.4781,0.60402,0.47507,0.55878,0.35461,0.13968,1.0999,0.89904,0.54904,0.42357,0.58814,0.49054,0.13197,-0.21812,0.56943,0.95618,0.72566,0.81882,0.85853,0.75817,0.4011,0.20605,0.60546,0.72954,0.61842,0.63238,0.65701,0.54437,0.53123,0.3713,0.59165,0.58222,0.55117,0.48381,-0.18976,-0.023224,0.28695,-0.028421,0.139,-0.3305,0.52737,-0.033944,0.29104,0.16758,0.17131,-0.43059,0.21029,0.14029,0.47368,0.2566,-0.19036,-0.33137
0.4884,0.99034,-0.13315,0.078441,0.66524,0,0.54073,0.58108,0.69687,0.73475,0.30791,0.492,0.39063,0.33095,0.52795,0.55141,0.90939,0.32432,0.66619,0.71628,0.63932,0.56073,1.0809,0.82309,0.48716,1.0418,0.48965,0.34,0.39039,0.43291,0.45052,1.1748,0.38803,0.34588,0.0032335,-0.020912,-0.19545,-0.31508,0.08897,0.19781,0.76398,0.97346,0.48972,0.9895,0.53679,0.65518,0.15182,0.076535,0.5924,-0.017434,-0.011234,0.4365,0.62941,0.70175,0.16855,0.50028,0.52377,0.42669,0.16358,0.17166,0.52722,0.27278,0.2387,0.33663,0.35886,0.48281,0.20062,0.14775,0.37892,0.42569,0.35081,0.36214,0.46202,0.48427,0.45026,-0.10544,0.53828,0.4155,0.44218,0.13972,0.34197,0.24719,0.2454,0.36697,0.36798,0.35263,0.49945,0.19333,0.33659,0.42422,0.17093,-0.30867,0.2186,0.074074,0.25176,-0.15417,-0.076083,-0.1547,-0.44418,-0.034822,0.19047,0.20018,0.22723,-0.091862,-0.12467
0.23119,0.31482,0.35901,0.49971,0.18581,0.54073,0,1.5727,0.33937,0.20355,0.25504,1.0863,0.43922,0.5957,0.033894,0.060202,0.39802,0.46039,0.8323,0.54224,0.081012,0.052509,0.5584,0.23682,0.34585,0.32044,-0.1929,-0.088398,0.0087189,0.79581,0.24016,0.5597,0.37527,0.40447,0.19467,0.41606,0.12078,0.084532,0.40521,0.48372,0.43566,0.48157,0.46051,0.76256,0.17583,0.23356,0.02925,0.14508,-0.084859,0.29292,0.37209,0.046363,0.00084062,-0.057919,-0.095632,-0.07177,0.54858,0.3639,0.21811,-0.032577,0.022318,0.2591,0.058136,-0.0043051,0.01408,0.72777,0.50985,-0.33337,0.041581,0.11949,0.2281,0.31616,0.3897,0.63295,0.59531,-0.27524,0.11253,0.57257,0.52376,0.20782,0.38615,0.55134,0.50096,0.22757,0.18039,0.51554,0.62546,-0.074599,0.10801,-0.080063,-0.1396,-0.31629,-0.024643,-0.021539,-0.024506,-0.55147,-0.35366,-0.40039,-0.24965,-0.078473,-0.046514,-0.05547,-0.065778,-0.17559,-0.39698
0.025583,0.27435,0.19296,0.37965,-0.013969,0.58108,1.5727,0,0.20166,0.084802,0.019648,1.1327,0.42661,0.53458,-0.12859,-0.077471,0.31342,0.28682,0.73159,0.45938,-0.063529,-0.063341,0.46147,0.10234,0.19807,0.27545,-0.29205,-0.25116,-0.15531,0.54781,0.083937,0.51511,0.34989,0.33886,0.10346,0.35882,-0.039267,-0.0053513,0.14142,0.38937,0.23052,0.37364,0.2015,0.57421,0.042159,0.1089,0.25558,0.41075,-0.18815,0.23226,0.47157,-0.0089134,-0.099165,-0.037209,-0.17127,-0.13766,0.37062,0.44905,0.3332,-0.28839,-0.13038,0.076012,-0.09234,-0.14992,-0.097918,0.8078,0.72081,-0.53568,-0.15289,-0.047957,-0.0077478,0.11547,0.20917,0.58163,0.62836,-0.43065,0.022398,0.46277,0.46702,0.11351,0.33526,0.40696,0.38716,0.20066,0.16491,0.40597,0.55752,0.20535,0.3575,-0.0017294,-0.0062654,-0.48929,0.10582,-0.16705,0.084166,-0.60496,-0.30615,-0.58608,-0.21999,-0.2285,-0.042449,-0.14269,-0.14306,-0.14231,-0.34122
0.66377,0.86686,-0.087306,0.1052,0.69699,0.69687,0.33937,0.20166,0,1.0913,0.65634,0.52554,0.52667,0.51525,1.0503,0.95916,1.0285,0.43121,0.51426,0.62718,1.2504,1.2058,0.92568,1.0125,0.88132,0.99895,0.81433,0.67262,0.9417,0.53892,0.57909,0.87014,0.6243,0.68616,0.056054,0.032213,0.012731,0.034182,0.33082,0.33384,1.0702,1.0766,0.90013,0.97382,0.7277,0.81066,-0.053243,-0.13301,1.0749,-0.027076,-0.17094,0.97663,0.71521,0.81975,0.60052,0.78543,0.79112,0.37634,0.064351,0.57127,0.80834,1.0329,1.1085,1.2534,1.1813,0.42597,-0.010623,0.66984,0.96186,1.2095,1.1294,0.74261,0.69516,0.61858,0.40625,0.10208,0.76877,0.57445,0.54577,0.46454,0.65906,0.22653,0.17973,0.48292,0.46157,0.49469,0.61647,-0.12166,0.066414,0.23504,0.010795,-0.32359,-0.12854,0.079063,-0.066007,-0.39532,-0.33279,-0.29998,-0.61456,0.49814,0.58162,0.52061,0.82782,-0.24376,-0.22263
1.2083,1.374,-0.20774,-0.1001,0.869,0.73475,0.20355,0.084802,1.0913,0,0.46558,0.30391,0.29407,0.2747,0.99949,1.0229,0.71356,0.2552,0.23387,0.40565,1.4068,1.0309,0.77121,1.1586,0.47716,0.98492,0.99855,1.1906,1.0191,0.56999,0.45025,0.71625,0.34313,0.38772,-0.087149,-0.3529,-0.18119,-0.27143,0.19629,-0.012842,1.474,0.88392,0.90657,0.89803,0.62057,0.62443,0.048059,-0.14741,1.2417,-0.2725,-0.46118,0.81041,1.2342,1.0458,0.71053,1.0769,0.56111,0.32325,0.013496,0.71764,1.2186,0.7968,0.76013,0.87177,0.6308,0.22559,-0.22385,0.62094,1.0422,0.75142,0.72872,0.4822,0.44824,0.31857,0.1332,0.027954,0.79966,0.4281,0.42336,0.44103,0.48158,0.10614,-0.062334,0.41863,0.45345,0.24106,0.34608,0.020225,0.10815,0.56141,0.19106,-0.011627,-0.090073,0.17761,-0.023416,-0.16866,-0.18994,-0.28931,-0.49338,0.2302,0.28864,0.46483,0.64055,-0.21778,-0.21421
0.64083,0.31997,0.71708,0.65703,1.0831,0.30791,0.25504,0.019648,0.65634,0.46558,0,0.33546,0.54348,0.58587,0.90381,0.69309,0.71334,0.72944,0.62288,0.70811,0.69925,0.54252,0.61363,0.68155,1.0705,0.41132,0.65606,0.45678,0.61513,0.5412,0.85487,0.49658,0.62112,0.76255,0.42804,0.37758,0.90413,0.59888,1.0491,0.77002,0.56025,0.85614,0.6152,0.49049,1.0699,0.94162,-0.59065,-0.71838,0.45836,0.56438,0.21759,0.44618,0.47602,0.19688,0.54418,0.24752,0.49825,0.24476,0.10823,0.9027,0.46707,0.70236,0.5895,0.58653,0.626,0.18707,-0.096011,0.54128,0.74179,0.78866,1.06,1.3249,1.1579,0.63989,0.40058,0.70569,0.37114,0.89044,0.86831,0.807,0.81201,0.58546,0.59102,0.56315,0.51579,0.85556,0.66295,-0.46579,-0.21563,-0.00093447,-0.24247,0.0030646,-0.49934,0.67755,-0.0012695,0.29608,0.27356,0.17224,-0.277,0.42063,0.27421,0.42044,0.29956,-0.25902,-0.26371
0.15189,0.33154,0.23981,0.43131,0.14957,0.492,1.0863,1.1327,0.52554,0.30391,0.33546,0,0.66464,0.79522,0.13824,0.22881,0.42451,0.28945,0.76011,0.48764,0.18345,0.21285,0.53913,0.26255,0.46533,0.38087,-0.081619,-0.019618,0.0063115,0.57557,0.19201,0.54968,0.59272,0.60028,0.11427,0.33429,0.1537,0.25154,0.30762,0.59299,0.30147,0.58974,0.31828,0.57658,0.28096,0.29953,0.20731,0.36071,0.027933,0.27916,0.42136,0.31782,0.072974,0.13733,0.073658,-0.072592,0.36256,0.43115,0.31124,0.059039,0.13958,0.30348,0.21341,0.15233,0.1473,1.1716,0.79464,-0.23429,0.11939,0.16867,0.27218,0.40778,0.45645,1.0188,1.0556,-0.24418,0.10642,0.64523,0.63151,0.3511,0.58477,0.37179,0.36641,0.24576,0.17582,0.50485,0.61726,0.052395,0.26952,0.1541,0.12535,-0.50228,-0.049231,-0.067888,-0.032378,-0.58847,-0.35058,-0.8182,-0.4055,-0.15465,0.0028044,-0.11444,0.15717,-0.17548,-0.44636
0.32586,0.44867,0.36418,0.75128,0.37989,0.39063,0.43922,0.42661,0.52667,0.29407,0.54348,0.66464,0,1.8807,0.45718,0.35523,0.79863,0.73103,0.80274,0.75803,0.48141,0.33858,0.93608,0.60325,0.80146,0.52609,0.38869,0.21414,0.46572,0.82583,0.90771,0.71198,2.042,1.5869,0.7956,0.6165,0.26956,0.27984,0.25907,0.56811,0.32896,0.6882,0.39427,0.4745,0.78691,0.8939,0.037711,0.035193,0.38226,0.8077,0.62723,0.72957,0.076093,0.049536,0.24817,0.11959,0.36338,0.91255,0.85245,0.18957,0.17688,0.49986,0.24679,0.432,0.38311,0.72001,0.49925,0.16684,0.35635,0.45797,0.49111,0.68903,0.65761,1.0015,0.91353,-0.041927,-0.084552,1.2028,1.0729,0.70665,1.1454,0.84912,0.94243,0.81126,0.72215,0.9871,0.89616,0.25591,0.59143,0.13383,-0.0576,-0.71051,-0.60766,-0.14736,-0.29387,-0.22109,-0.24827,-0.32972,-0.56679,0.096877,0.18746,0.13139,0.2404,-0.1776,-0.5599
0.3314,0.41527,0.48724,0.9005,0.36066,0.33095,0.5957,0.53458,0.51525,0.2747,0.58587,0.79522,1.8807,0,0.42345,0.31574,0.64894,0.66494,0.7566,0.63692,0.423,0.2706,0.80164,0.49535,0.75018,0.385,0.30047,0.16672,0.44959,0.99486,0.80462,0.62276,1.5597,1.6369,0.77499,0.74075,0.31502,0.36394,0.33557,0.5981,0.33727,0.64632,0.38567,0.49373,0.65067,0.75128,0.036922,0.050786,0.30458,0.83035,0.71347,0.67534,0.094811,0.029401,0.27413,0.058362,0.30759,0.78892,0.73729,0.25202,0.19566,0.57498,0.29923,0.39824,0.35058,0.67687,0.46817,0.048242,0.30417,0.44268,0.50226,0.67435,0.60621,0.89908,0.85634,0.010361,-0.067057,1.2458,1.1755,0.68003,1.1447,0.93537,0.93618,0.63819,0.58329,0.90046,0.83608,0.20818,0.50266,0.065239,-0.059724,-0.58107,-0.5499,-0.061331,-0.26263,-0.26569,-0.24772,-0.38061,-0.42835,0.14689,0.22991,0.14601,0.27639,-0.17042,-0.5119
0.95319,0.74764,0.17524,0.22097,1.1468,0.52795,0.033894,-0.12859,1.0503,0.99949,0.90381,0.13824,0.45718,0.42345,0,1.7867,1.0276,0.62114,0.42541,0.68416,1.5942,1.2248,0.89147,1.3464,0.97395,0.94305,1.6209,1.0589,1.1685,0.45885,0.83068,0.63433,0.56157,0.65014,0.19093,-0.027349,0.20666,0.08743,0.45299,0.28247,1.0253,1.0672,0.9202,0.75554,1.1696,1.1728,-0.31122,-0.5242,1.1935,0.099597,-0.18755,0.8534,0.97597,0.72137,0.94681,0.79493,0.63466,0.49087,0.25752,1.1913,1.189,1.1147,1.0364,0.97943,0.84626,0.075063,-0.24192,0.85006,1.6488,1.1277,1.248,1.0866,0.88796,0.40334,0.16646,0.50382,0.73853,0.64639,0.68022,0.67569,0.78252,0.38461,0.30892,0.68925,0.74227,0.56663,0.53252,-0.16364,0.036623,0.16883,-0.10189,-0.015902,-0.38516,0.34672,-0.13881,0.13017,0.0046591,0.012651,-0.45607,0.45219,0.43125,0.74097,0.68423,-0.40135,-0.28323
0.912,0.72665,0.095746,0.10523,0.98214,0.55141,0.060202,-0.077471,0.95916,1.0229,0.69309,0.22881,0.35523,0.31574,1.7867,0,0.86482,0.47454,0.39169,0.59931,1.3253,1.2623,0.8218,1.1929,0.82717,0.98919,1.1886,1.0897,0.80825,0.33831,0.58175,0.53095,0.42751,0.46475,0.042222,-0.17357,0.11588,0.015975,0.38191,0.2274,0.95205,1.0062,0.86074,0.74182,1.0219,0.97235,-0.20505,-0.35542,0.9903,-0.024184,-0.26868,0.72764,0.9421,0.73596,0.82105,0.63844,0.59329,0.47183,0.2637,1.1956,1.4269,0.87051,0.87572,0.76517,0.58219,0.16057,-0.12052,0.67022,1.5846,0.79561,0.93504,0.9363,0.77453,0.43167,0.22973,0.37291,0.7725,0.47717,0.51168,0.54998,0.60907,0.27936,0.18596,0.55635,0.57824,0.40778,0.3975,-0.16392,0.047554,0.25044,0.020581,0.028155,-0.31104,0.23734,-0.2171,0.058291,-0.10151,-0.11203,-0.48523,0.18755,0.21151,0.53109,0.60243,-0.4126,-0.40255
0.61138,0.73874,0.15827,0.38212,0.81091,0.90939,0.39802,0.31342,1.0285,0.71356,0.71334,0.42451,0.79863,0.64894,1.0276,0.86482,0,1.0079,1.101,1.4785,0.97541,0.82863,1.7493,1.3413,1.1475,1.3753,0.85322,0.49465,0.75506,0.60087,1.081,1.2921,0.89037,0.84714,0.3689,0.20265,0.13289,-0.001962,0.38781,0.49882,0.88432,1.39,0.94979,1.0216,1.2036,1.3704,-0.17088,-0.28447,0.81868,0.28323,0.05908,0.81268,0.5536,0.52299,0.5077,0.64851,0.94242,0.76116,0.46346,0.42773,0.53047,0.78247,0.62647,0.77199,0.81411,0.4777,0.1394,0.56749,0.8634,0.98971,1.0019,1.0156,1.0837,0.83186,0.50827,0.11296,0.46147,0.91189,0.86005,0.5978,0.96722,0.58014,0.67032,1.0276,1.0271,1.0484,1.2186,0.003594,0.28032,0.14535,-0.162,-0.43828,-0.26753,0.1923,0.019999,-0.12196,-0.14133,-0.089819,-0.7012,0.3834,0.42356,0.51427,0.39301,-0.35495,-0.34923
0.42217,0.23473,0.63013,0.67452,0.55929,0.32432,0.46039,0.28682,0.43121,0.2552,0.72944,0.28945,0.73103,0.66494,0.62114,0.47454,1.0079,0,1.1241,1.386,0.48389,0.45713,0.91157,0.79415,1.0489,0.6806,0.43365,0.29957,0.46305,0.64057,0.88831,0.5889,0.70031,0.72286,0.50201,0.34413,0.5104,0.33163,0.69546,0.76803,0.52474,0.74934,0.71791,0.58396,0.85905,0.84749,-0.5747,-0.58107,0.26549,0.64844,0.31543,0.36887,0.09721,-0.079833,0.24457,0.19241,0.78307,0.76514,0.62428,0.36252,0.20577,0.63319,0.35081,0.28631,0.3949,0.30455,0.16213,0.26362,0.56277,0.54005,0.85063,1.2051,1.23,0.71033,0.34056,0.23742,0.17111,1.0193,0.93782,0.68952,0.92075,0.97094,1.1853,0.95302,0.96374,1.4654,1.2559,-0.25151,0.072458,-0.3591,-0.72752,-0.35776,-0.63668,0.23971,-0.18243,0.011961,-0.041079,0.036531,-0.45959,0.35067,0.18363,0.49118,0.12978,-0.60607,-0.55052
0.26845,0.28719,0.49465,0.6873,0.47821,0.66619,0.8323,0.73159,0.51426,0.23387,0.62288,0.76011,0.80274,0.7566,0.42541,0.39169,1.101,1.1241,0,1.5023,0.32803,0.30462,1.1116,0.62049,0.98032,0.69277,0.20699,0.025249,0.20566,0.58326,0.69206,0.85737,0.77501,0.70198,0.4538,0.48254,0.37662,0.24033,0.59861,0.91928,0.44351,0.97541,0.57315,0.70798,0.74701,0.77709,-0.17559,-0.1479,0.16157,0.60112,0.48184,0.3718,0.10322,0.039428,0.1202,0.064365,0.71789,0.72655,0.56841,0.17566,0.14488,0.37064,0.23553,0.23163,0.33034,0.78496,0.52316,0.0084232,0.35238,0.43605,0.60148,0.89174,0.99813,1.2296,0.80862,0.016439,0.15869,0.89147,0.86226,0.45746,0.7795,0.85079,1.1283,0.73203,0.70554,1.1896,1.4715,-0.05906,0.25942,-0.083657,-0.26297,-0.57774,-0.28273,0.20293,0.049292,-0.22241,-0.16394,-0.18083,-0.6044,0.10418,0.13784,0.13197,0.0069005,-0.34748,-0.51686
0.42613,0.40587,0.39161,0.50907,0.66831,0.71628,0.54224,0.45938,0.62718,0.40565,0.70811,0.48764,0.75803,0.63692,0.68416,0.59931,1.4785,1.386,1.5023,0,0.57989,0.61051,1.2634,0.97072,1.1598,1.0297,0.49973,0.31174,0.39235,0.49048,0.82919,0.88423,0.72981,0.71463,0.31957,0.22162,0.34417,0.19862,0.56683,0.77584,0.6027,1.1149,0.69615,0.72681,1.0071,0.97825,-0.34929,-0.35803,0.35464,0.4637,0.27796,0.48325,0.2506,0.17162,0.23488,0.26919,0.83068,0.84036,0.60662,0.30346,0.27244,0.51297,0.32879,0.33537,0.43438,0.53524,0.28774,0.28304,0.57761,0.54166,0.75679,1.0827,1.2193,0.9252,0.52435,0.14755,0.32144,0.94129,0.90604,0.58967,0.92466,0.726,0.90759,0.98263,0.92313,1.3353,1.3968,-0.10574,0.21058,-0.053886,-0.36169,-0.44574,-0.32595,0.23938,0.048024,-0.033459,-0.0014482,-0.077407,-0.64077,0.20489,0.18077,0.46953,0.21332,-0.51765,-0.5187
1.1249,1.1543,-0.069505,0.060088,0.99011,0.63932,0.081012,-0.063529,1.2504,1.4068,0.69925,0.18345,0.48141,0.423,1.5942,1.3253,0.97541,0.48389,0.32803,0.57989,0,1.409,0.94771,1.5405,0.73224,1.0518,1.5859,1.3689,1.3623,0.5699,0.80284,0.73409,0.56037,0.64298,0.12795,-0.13864,-0.021462,-0.11776,0.23924,0.095806,1.2851,0.93421,0.93621,0.84746,0.98435,1.0178,-0.16167,-0.36177,1.6443,-0.041286,-0.31883,0.98345,1.0402,0.87573,0.82599,1.0059,0.59469,0.38214,0.11592,0.85016,1.1376,1.0857,0.96866,1.142,0.86724,0.072435,-0.32134,0.927,1.3874,1.0534,1.0374,0.76543,0.65645,0.36499,0.16209,0.19022,0.72048,0.56351,0.56843,0.5477,0.68222,0.2641,0.14793,0.60624,0.60956,0.42614,0.45986,-0.066257,0.10237,0.35374,0.019084,-0.046171,-0.27893,0.20544,-0.10214,0.0023252,-0.088629,-0.039063,-0.38713,0.45308,0.49758,0.7068,0.75941,-0.25307,-0.26497
0.67317,0.72518,-0.13726,-0.087326,0.72308,0.56073,0.052509,-0.063341,1.2058,1.0309,0.54252,0.21285,0.33858,0.2706,1.2248,1.2623,0.82863,0.45713,0.30462,0.61051,1.409,0,0.741,1.2358,0.79743,1.1806,1.0192,1.1171,0.83628,0.27107,0.44229,0.54051,0.34892,0.42042,-0.1828,-0.32855,-0.0064896,0.032134,0.24405,0.22362,0.91946,0.84124,0.71264,0.65614,0.73374,0.72483,-0.29087,-0.33706,0.99684,-0.13504,-0.31903,0.80271,0.68395,0.71967,0.48946,0.69552,0.59167,0.36244,0.11151,0.71309,0.98526,0.84295,0.86601,0.76329,0.74846,0.1391,-0.16175,0.75699,1.1005,0.76408,0.94963,0.7677,0.69672,0.34557,0.12427,0.22434,0.81142,0.38304,0.38892,0.39354,0.51568,0.10124,0.062744,0.40937,0.38671,0.3564,0.36343,-0.24379,-0.041924,0.1294,-0.14635,-0.1086,-0.1561,0.084123,-0.14214,-0.070309,-0.12023,-0.13097,-0.46036,0.33875,0.34765,0.78287,0.98273,-0.4063,-0.28356
0.75205,0.95445,0.17116,0.4414,0.85949,1.0809,0.5584,0.46147,0.92568,0.77121,0.61363,0.53913,0.93608,0.80164,0.89147,0.8218,1.7493,0.91157,1.1116,1.2634,0.94771,0.741,0,1.318,1.0266,1.3047,0.74827,0.53301,0.71684,0.79376,1.011,1.2441,0.94614,0.84324,0.44513,0.22812,0.067138,-0.072235,0.34922,0.45033,0.94791,1.4258,0.86696,1.1047,1.1265,1.3299,-0.027799,-0.13811,0.77167,0.34718,0.15113,0.7753,0.54113,0.45692,0.40362,0.50376,0.80381,0.84615,0.54344,0.42464,0.60707,0.64882,0.44632,0.62996,0.55491,0.57134,0.21799,0.35935,0.75687,0.74442,0.76895,0.86026,0.86824,0.88094,0.62587,-0.011298,0.42848,0.8964,0.86592,0.53571,0.85371,0.7467,0.72405,0.91568,0.88832,0.88597,1.0483,0.12545,0.43204,0.25202,-0.047953,-0.43983,-0.30123,0.074291,-0.089412,-0.20122,-0.25991,-0.1667,-0.69282,0.17418,0.27591,0.357,0.2893,-0.27205,-0.52535
0.94825,0.96603,0.030104,0.14667,0.99619,0.82309,0.23682,0.10234,1.0125,1.1586,0.68155,0.26255,0.60325,0.49535,1.3464,1.1929,1.3413,0.79415,0.62049,0.97072,1.5405,1.2358,1.318,0,0.87644,1.5572,1.1835,1.0721,1.0245,0.62691,0.89384,0.96836,0.6234,0.65971,0.1492,-0.12716,0.017119,-0.10101,0.32399,0.24778,1.2699,1.1407,1.0541,0.95764,1.0731,1.1156,-0.27128,-0.42741,1.0807,0.053899,-0.17945,0.87305,0.78281,0.64168,0.54101,0.83349,0.72495,0.6134,0.32976,0.69005,0.90261,0.86706,0.69824,0.74658,0.68373,0.2476,-0.11602,0.71554,1.214,0.84392,1.0296,0.91676,0.89822,0.50727,0.23426,0.13602,0.55854,0.70969,0.69787,0.55944,0.78633,0.38726,0.37422,0.74222,0.77854,0.65972,0.69395,-0.087069,0.14029,0.23692,-0.14745,-0.17223,-0.27692,0.20904,-0.052441,0.013396,-0.069812,-0.05798,-0.57454,0.31391,0.32983,0.66524,0.62884,-0.36301,-0.35033
0.51482,0.38257,0.55401,0.67667,0.91934,0.48716,0.34585,0.19807,0.88132,0.47716,1.0705,0.46533,0.80146,0.75018,0.97395,0.82717,1.1475,1.0489,0.98032,1.1598,0.73224,0.79743,1.0266,0.87644,0,0.82699,0.65741,0.40469,0.65031,0.50064,0.74015,0.6415,0.81876,0.80281,0.39583,0.34147,0.6312,0.57612,0.88814,1.1208,0.58778,1.3832,0.63548,0.60064,1.1308,1.1521,-0.41135,-0.44261,0.50017,0.6264,0.36609,0.61523,0.33567,0.20518,0.41196,0.22643,0.7763,0.70124,0.49109,0.68924,0.50558,0.68943,0.54638,0.57829,0.70885,0.49395,0.2185,0.41318,0.79063,0.84317,1.1503,1.471,1.2843,0.8876,0.52779,0.5167,0.48309,0.93932,0.92519,0.7762,0.94048,0.75498,0.81313,0.77297,0.73344,1.1303,1.0053,-0.24869,0.067041,-0.12473,-0.35833,-0.35325,-0.50246,0.26138,-0.19324,-0.057074,-0.091732,-0.099268,-0.70455,0.3349,0.28162,0.49897,0.37943,-0.39543,-0.52723
0.63782,0.88816,-0.10962,0.044634,0.7134,1.0418,0.32044,0.27545,0.99895,0.98492,0.41132,0.38087,0.52609,0.385,0.94305,0.98919,1.3753,0.6806,0.69277,1.0297,1.0518,1.1806,1.3047,1.5572,0.82699,0,0.81485,0.72697,0.68926,0.45091,0.59963,1.0687,0.52496,0.48496,-0.014454,-0.1963,-0.11456,-0.16154,0.20541,0.28804,1.0143,1.1745,0.89065,1.0126,0.8253,0.90552,-0.1317,-0.19384,0.85199,-0.039697,-0.17756,0.73246,0.61376,0.66338,0.35789,0.73268,0.86533,0.68667,0.3714,0.41048,0.72564,0.64334,0.54433,0.57979,0.60774,0.45154,0.12715,0.52539,0.88661,0.69284,0.77842,0.72271,0.80834,0.56528,0.31661,-0.01055,0.58739,0.57377,0.54158,0.40754,0.63632,0.2606,0.29627,0.66227,0.67516,0.605,0.69778,-0.022543,0.20792,0.20357,-0.13319,-0.33231,-0.093322,0.022617,-0.049554,-0.18729,-0.22572,-0.22638,-0.72883,0.15988,0.22564,0.52337,0.54183,-0.37766,-0.33839
0.96399,0.87936,-0.011012,0.083752,1.015,0.48965,-0.1929,-0.29205,0.81433,0.99855,0.65606,-0.081619,0.38869,0.30047,1.6209,1.1886,0.85322,0.43365,0.20699,0.49973,1.5859,1.0192,0.74827,1.1835,0.65741,0.81485,0,1.1676,1.3012,0.35292,0.8135,0.55699,0.49519,0.54954,0.20634,-0.13286,0.045457,-0.099231,0.19801,0.043108,0.86947,0.78877,0.66993,0.55138,1.0128,1.0159,-0.16657,-0.44977,1.5055,0.01872,-0.28547,0.84876,1.075,0.83468,1.004,0.98871,0.42955,0.41059,0.20144,0.87917,1.0001,0.86262,0.79691,1.0029,0.78637,-0.10218,-0.42101,1.0035,1.2219,0.96982,0.84376,0.68752,0.56758,0.20905,0.021751,0.40806,0.66163,0.50177,0.5426,0.59392,0.64102,0.26711,0.15581,0.705,0.76053,0.40329,0.38699,0.054566,0.17434,0.35352,0.034317,0.029662,-0.32868,0.29916,-0.050877,0.25541,0.12155,0.10829,-0.33308,0.4697,0.50238,0.77364,0.60547,-0.26702,-0.16445
1.1941,0.85508,-0.095632,-0.10327,0.80742,0.34,-0.088398,-0.25116,0.67262,1.1906,0.45678,-0.019618,0.21414,0.16672,1.0589,1.0897,0.49465,0.29957,0.025249,0.31174,1.3689,1.1171,0.53301,1.0721,0.40469,0.72697,1.1676,0,0.9255,0.356,0.45534,0.29168,0.22993,0.30152,-0.053911,-0.46818,-0.057966,-0.16654,0.17534,-0.10804,0.97656,0.53442,0.68955,0.48701,0.66212,0.58601,-0.19982,-0.39883,0.99983,-0.19545,-0.4915,0.587,0.8954,0.63677,0.68879,0.73715,0.34933,0.26561,0.074027,0.90269,1.1006,0.73053,0.60748,0.6526,0.38683,-0.13476,-0.4808,0.79068,1.1534,0.51163,0.62815,0.49942,0.38584,0.089303,-0.093083,0.19314,0.67216,0.31597,0.3329,0.49521,0.41684,0.12609,-0.08158,0.43603,0.42444,0.18162,0.15064,-0.10417,0.0048685,0.37255,0.036244,0.24555,-0.30312,0.15137,-0.21681,0.17043,0.020563,-0.018216,-0.23427,0.21642,0.17313,0.69137,0.63175,-0.31486,-0.35719
0.96892,0.88812,0.022053,0.17617,0.8522,0.39039,0.0087189,-0.15531,0.9417,1.0191,0.61513,0.0063115,0.46572,0.44959,1.1685,0.80825,0.75506,0.46305,0.20566,0.39235,1.3623,0.83628,0.71684,1.0245,0.65031,0.68926,1.3012,0.9255,0,0.71694,0.77763,0.63112,0.57873,0.6535,0.31152,0.044846,0.026525,-0.031751,0.28765,0.08903,1.081,0.74439,0.84861,0.67851,0.71709,0.83659,-0.19227,-0.4616,1.3822,0.061391,-0.19715,0.87179,0.82515,0.63142,0.81752,1.0507,0.56899,0.36453,0.11159,0.75304,0.81823,1.0953,0.89944,1.1763,1.0393,-0.031951,-0.44432,0.88136,1.1039,1.2879,1.067,0.59347,0.48017,0.17782,-0.036734,0.29106,0.52117,0.57164,0.55701,0.57072,0.6541,0.30963,0.19194,0.55008,0.64315,0.42062,0.4364,-0.030654,0.060015,0.16708,-0.11992,-0.046105,-0.36933,0.21208,-0.15079,-0.043652,-0.13876,0.032297,-0.35977,0.70395,0.67428,0.69287,0.65303,-0.10024,-0.10949
0.72159,0.7138,0.36472,0.59797,0.50736,0.43291,0.79581,0.54781,0.53892,0.56999,0.5412,0.57557,0.82583,0.99486,0.45885,0.33831,0.60087,0.64057,0.58326,0.49048,0.5699,0.27107,0.79376,0.62691,0.50064,0.45091,0.35292,0.356,0.71694,0,0.80364,0.7874,0.83437,0.92427,0.60485,0.4837,0.12666,0.037396,0.37933,0.282,0.81526,0.61792,0.83094,0.93285,0.53705,0.65866,-0.081,-0.16439,0.45697,0.40232,0.22539,0.4935,0.32316,0.13083,0.34293,0.37772,0.58139,0.48044,0.30309,0.34159,0.34486,0.76641,0.39709,0.46315,0.38408,0.38228,0.080149,0.15444,0.47252,0.58869,0.61369,0.54763,0.52745,0.52216,0.39942,-0.099909,0.055522,0.98323,0.8528,0.54178,0.79089,0.71063,0.5885,0.4995,0.52346,0.65696,0.67042,-0.0028352,0.172,0.056317,-0.166,-0.22955,-0.44454,0.085358,-0.23605,-0.30535,-0.33956,-0.19837,-0.26072,0.25417,0.24392,0.15999,0.17443,-0.067125,-0.34236
0.64291,0.58715,0.35073,0.59629,0.72315,0.45052,0.24016,0.083937,0.57909,0.45025,0.85487,0.19201,0.90771,0.80462,0.83068,0.58175,1.081,0.88831,0.69206,0.82919,0.80284,0.44229,1.011,0.89384,0.74015,0.59963,0.8135,0.45534,0.77763,0.80364,0,0.87842,1.0571,1.1263,0.87537,0.50729,0.25278,0.021454,0.31297,0.28366,0.60932,0.70054,0.78944,0.69035,1.2684,1.4305,-0.24766,-0.42631,0.73451,0.5246,0.12561,0.71547,0.4481,0.26719,0.55404,0.50846,0.52399,0.47849,0.38445,0.46325,0.35854,0.77447,0.49645,0.75013,0.61784,0.15926,-0.072059,0.65622,0.6818,0.86457,0.78377,0.88153,0.84868,0.58034,0.43404,0.1603,0.079745,0.98402,0.85907,0.61377,0.95657,0.7347,0.81,0.93917,0.88787,0.93279,0.82069,-0.0073524,0.22266,0.15949,-0.12357,-0.187,-0.50574,0.28669,-0.070091,0.16806,0.0223,0.23274,-0.26508,0.46235,0.39511,0.38758,0.23989,-0.13755,-0.23434
0.46865,0.85999,-0.030089,0.22825,0.57564,1.1748,0.5597,0.51511,0.87014,0.71625,0.49658,0.54968,0.71198,0.62276,0.63433,0.53095,1.2921,0.5889,0.85737,0.88423,0.73409,0.54051,1.2441,0.96836,0.6415,1.0687,0.55699,0.29168,0.63112,0.7874,0.87842,0,0.79571,0.7751,0.27438,0.24321,-0.096048,-0.19236,0.16197,0.28233,0.85095,0.99544,0.85963,1.2648,0.72981,0.92255,-0.016145,-0.094559,0.73218,0.11793,0.015589,0.73174,0.51159,0.57161,0.29069,0.72593,0.77178,0.5131,0.24955,0.18287,0.39716,0.60578,0.5051,0.63092,0.72588,0.57854,0.20736,0.38958,0.53745,0.82814,0.6824,0.59721,0.74768,0.68945,0.53764,-0.13453,0.22833,0.7578,0.66353,0.31304,0.70353,0.32376,0.46715,0.57063,0.60657,0.68462,0.82795,0.065235,0.24375,0.25864,-0.028277,-0.48758,-0.026569,0.11829,0.15499,-0.25463,-0.20975,-0.14342,-0.54219,0.25708,0.38954,0.21578,0.34441,-0.073371,-0.051337
0.38,0.49015,0.34278,0.71558,0.42581,0.38803,0.37527,0.34989,0.6243,0.34313,0.62112,0.59272,2.042,1.5597,0.56157,0.42751,0.89037,0.70031,0.77501,0.72981,0.56037,0.34892,0.94614,0.6234,0.81876,0.52496,0.49519,0.22993,0.57873,0.83437,1.0571,0.79571,0,1.8642,0.88801,0.69072,0.27503,0.23628,0.2794,0.51477,0.40359,0.72856,0.51083,0.56564,0.90095,1.0421,0.030975,-0.024227,0.49757,0.72278,0.50208,0.75985,0.15567,0.13079,0.39941,0.24999,0.47877,0.86852,0.75549,0.24138,0.2103,0.62351,0.3857,0.61843,0.54144,0.64336,0.39123,0.30549,0.47742,0.65328,0.59014,0.73224,0.68882,0.99237,0.87508,0.0092933,-0.029453,1.2218,1.0698,0.76889,1.2175,0.78185,0.85824,0.93035,0.85172,1.013,0.92511,0.23172,0.53747,0.16175,-0.03015,-0.68196,-0.66207,-0.10808,-0.29328,-0.2266,-0.25675,-0.27785,-0.57437,0.1975,0.30446,0.13835,0.2335,-0.15773,-0.48644
0.40974,0.48998,0.38653,0.7055,0.44138,0.34588,0.40447,0.33886,0.68616,0.38772,0.76255,0.60028,1.5869,1.6369,0.65014,0.46475,0.84714,0.72286,0.70198,0.71463,0.64298,0.42042,0.84324,0.65971,0.80281,0.48496,0.54954,0.30152,0.6535,0.92427,1.1263,0.7751,1.8642,0,0.74071,0.66398,0.30477,0.29142,0.31258,0.49041,0.46809,0.68898,0.56548,0.60481,0.87255,0.97899,-0.088864,-0.1292,0.52441,0.64188,0.43997,0.81979,0.23065,0.18666,0.48881,0.31419,0.44219,0.72458,0.60469,0.32824,0.25138,0.85237,0.55762,0.66874,0.62265,0.47867,0.2436,0.351,0.51759,0.7307,0.71787,0.83405,0.76515,0.84034,0.70658,0.091566,0.012097,1.3746,1.2498,0.79309,1.4724,0.73043,0.7891,0.8263,0.77262,1.015,0.90265,0.11955,0.38508,0.090953,-0.099526,-0.53205,-0.59636,0.039163,-0.18523,-0.14894,-0.1255,-0.23738,-0.39409,0.35949,0.43936,0.30882,0.40696,-0.22361,-0.36961
0.26916,0.13944,0.63031,1.0401,0.29424,0.0032335,0.19467,0.10346,0.056054,-0.087149,0.42804,0.11427,0.7956,0.77499,0.19093,0.042222,0.3689,0.50201,0.4538,0.31957,0.12795,-0.1828,0.44513,0.1492,0.39583,-0.014454,0.20634,-0.053911,0.31152,0.60485,0.87537,0.27438,0.88801,0.74071,0,1.1122,0.41413,0.20419,0.29406,0.31508,0.057383,0.26069,0.22329,0.16749,0.57531,0.65376,0.012882,-0.13127,0.15215,1.0463,0.58783,0.21925,-0.032376,-0.24645,0.26919,-0.067863,0.18093,0.3892,0.49944,0.1539,-0.080212,0.22677,-0.015671,0.30087,0.15833,0.16797,0.122,0.13707,0.15317,0.33625,0.22628,0.35163,0.27508,0.42644,0.4584,0.10859,-0.28382,0.63961,0.56769,0.48624,0.53475,0.96628,0.90014,0.64313,0.5877,0.63277,0.52413,0.21554,0.38535,0.039902,-0.01469,-0.18654,-0.68522,0.050928,-0.29202,0.065603,-0.10784,0.1946,-0.12413,0.18174,0.14516,-0.075071,-0.29372,0.14379,-0.35117
-0.1112,-0.11163,0.70214,1.0649,0.042963,-0.020912,0.41606,0.35882,0.032213,-0.3529,0.37758,0.33429,0.6165,0.74075,-0.027349,-0.17357,0.20265,0.34413,0.48254,0.22162,-0.13864,-0.32855,0.22812,-0.12716,0.34147,-0.1963,-0.13286,-0.46818,0.044846,0.4837,0.50729,0.24321,0.69072,0.66398,1.1122,0,0.50422,0.45478,0.32512,0.52601,-0.13382,0.15194,0.052689,0.15205,0.26662,0.37619,-0.051618,-0.021763,-0.13464,1.0288,0.89336,0.028323,-0.28497,-0.37893,0.01469,-0.29667,0.15464,0.21013,0.3044,-0.060957,-0.32325,0.14863,-0.0058989,0.11937,0.17154,0.27377,0.33816,-0.12988,-0.12078,0.26095,0.159,0.27947,0.25533,0.42376,0.55262,0.13906,-0.35808,0.5307,0.48384,0.24905,0.39954,0.69561,0.82832,0.26894,0.2281,0.54033,0.43837,0.028129,0.16039,-0.26427,-0.14847,-0.31583,-0.36752,0.023405,-0.15299,-0.11034,-0.10514,0.10686,0.018551,0.19835,0.22394,-0.18802,-0.26285,0.18989,-0.10919
0.10272,-0.31155,1.3769,0.85572,0.43349,-0.19545,0.12078,-0.039267,0.012731,-0.18119,0.90413,0.1537,0.26956,0.31502,0.20666,0.11588,0.13289,0.5104,0.37662,0.34417,-0.021462,-0.0064896,0.067138,0.017119,0.6312,-0.11456,0.045457,-0.057966,0.026525,0.12666,0.25278,-0.096048,0.27503,0.30477,0.41413,0.50422,0,1.3516,1.2428,1.0709,-0.077113,0.28735,0.044237,-0.0824,0.41672,0.31099,-0.66039,-0.59473,-0.21852,0.94502,0.61385,-0.15077,-0.13077,-0.43119,0.12052,-0.3873,0.19335,0.14371,0.18787,0.42989,-0.067753,0.12507,0.01746,-0.028893,0.085318,0.11845,0.12726,0.054317,0.15284,0.15525,0.3763,0.68019,0.61495,0.39705,0.26775,0.91279,0.061215,0.52157,0.51321,0.66479,0.3939,0.56904,0.59105,0.31586,0.25295,0.64771,0.37415,-0.51959,-0.31451,-0.40158,-0.46466,0.041168,-0.60675,0.45334,-0.17031,0.38388,0.38265,0.18946,-0.11845,0.11412,-0.11361,0.11427,-0.17387,-0.27514,-0.33171
-0.14943,-0.45203,0.94996,0.69555,0.16636,-0.31508,0.084532,-0.0053513,0.034182,-0.27143,0.59888,0.25154,0.27984,0.36394,0.08743,0.015975,-0.001962,0.33163,0.24033,0.19862,-0.11776,0.032134,-0.072235,-0.10101,0.57612,-0.16154,-0.099231,-0.16654,-0.031751,0.037396,0.021454,-0.19236,0.23628,0.29142,0.20419,0.45478,1.3516,0,0.86311,1.1252,-0.22833,0.18409,-0.12576,-0.21827,0.17171,0.11818,-0.5704,-0.37646,-0.31469,0.77861,0.75892,-0.083314,-0.29919,-0.45178,-0.021926,-0.50161,0.055098,0.12679,0.19638,0.28738,-0.14538,0.1027,0.044994,-0.089545,0.12033,0.19138,0.25404,-0.061603,0.020949,0.086616,0.32704,0.50582,0.44173,0.30338,0.21552,0.78397,-0.027929,0.3987,0.41403,0.48988,0.35756,0.34559,0.42569,0.081628,0.037447,0.47841,0.2539,-0.48324,-0.31493,-0.57036,-0.50133,-0.076011,-0.41031,0.25012,-0.18507,0.16353,0.24019,-0.029273,-0.10937,0.13789,-0.024355,0.14387,0.069352,-0.19615,-0.22479
0.43867,-0.0076844,1.0737,0.73006,0.75666,0.08897,0.40521,0.14142,0.33082,0.19629,1.0491,0.30762,0.25907,0.33557,0.45299,0.38191,0.38781,0.69546,0.59861,0.56683,0.23924,0.24405,0.34922,0.32399,0.88814,0.20541,0.19801,0.17534,0.28765,0.37933,0.31297,0.16197,0.2794,0.31258,0.29406,0.32512,1.2428,0.86311,0,1.1044,0.37692,0.65633,0.45827,0.29683,0.53462,0.44666,-0.66752,-0.69704,0.012252,0.59502,0.36114,0.0098713,0.14044,-0.17403,0.23218,-0.083285,0.58367,0.26978,0.15403,0.68596,0.2327,0.35527,0.2392,0.16898,0.26397,0.26848,0.050185,0.15124,0.47794,0.39965,0.71282,0.87252,0.78913,0.49692,0.22324,0.76039,0.37094,0.60287,0.58366,0.70321,0.46898,0.62169,0.56223,0.39346,0.37823,0.73565,0.573,-0.62591,-0.37567,-0.31567,-0.48144,0.053219,-0.51626,0.52615,-0.15501,0.10776,0.11617,0.052675,-0.38303,0.1957,-0.034337,0.24424,-0.01487,-0.33289,-0.44846
0.055517,-0.093705,0.9032,0.87207,0.42782,0.19781,0.48372,0.38937,0.33384,-0.012842,0.77002,0.59299,0.56811,0.5981,0.28247,0.2274,0.49882,0.76803,0.91928,0.77584,0.095806,0.22362,0.45033,0.24778,1.1208,0.28804,0.043108,-0.10804,0.08903,0.282,0.28366,0.28233,0.51477,0.49041,0.31508,0.52601,1.0709,1.1252,1.1044,0,0.10242,0.69681,0.1868,0.21814,0.49025,0.46565,-0.44425,-0.30325,-0.1086,0.90124,0.82097,0.11127,-0.12413,-0.23797,0.011041,-0.28018,0.46755,0.47962,0.41963,0.27839,0.0080502,0.21598,0.12099,0.055366,0.27916,0.61733,0.52302,-0.058004,0.19375,0.29686,0.55046,0.85656,0.86973,0.8304,0.58122,0.51246,0.17331,0.71901,0.71994,0.58696,0.59841,0.67777,0.84436,0.41328,0.36643,0.96346,0.80149,-0.34502,-0.064365,-0.40583,-0.49532,-0.39863,-0.39053,0.24576,-0.10431,-0.065313,0.034667,-0.15959,-0.49237,0.10482,0.027872,0.15795,0.022286,-0.33548,-0.45536
1.2584,1.1561,-0.02068,0.049371,0.91162,0.76398,0.43566,0.23052,1.0702,1.474,0.56025,0.30147,0.32896,0.33727,1.0253,0.95205,0.88432,0.52474,0.44351,0.6027,1.2851,0.91946,0.94791,1.2699,0.58778,1.0143,0.86947,0.97656,1.081,0.81526,0.60932,0.85095,0.40359,0.46809,0.057383,-0.13382,-0.077113,-0.22833,0.37692,0.10242,0,0.94931,1.4016,1.339,0.69027,0.73776,-0.17265,-0.36003,0.99623,-0.1417,-0.34945,0.60544,0.8905,0.67213,0.59084,0.97968,0.93632,0.40401,0.066338,0.66979,0.93309,0.96159,0.78616,0.79644,0.65221,0.18872,-0.25949,0.57788,1.166,0.88578,0.92427,0.62581,0.5926,0.35335,0.10241,0.041992,0.74187,0.53857,0.51258,0.44763,0.5422,0.28875,0.14618,0.52317,0.57588,0.4206,0.51871,-0.15173,-0.0095029,0.2429,-0.087051,-0.038759,-0.21206,0.19226,-0.086885,-0.22328,-0.24729,-0.13212,-0.45499,0.335,0.34773,0.51454,0.48233,-0.27065,-0.29915
0.78613,0.79669,0.29759,0.46186,1.1776,0.97346,0.48157,0.37364,1.0766,0.88392,0.85614,0.58974,0.6882,0.64632,1.0672,1.0062,1.39,0.74934,0.97541,1.1149,0.93421,0.84124,1.4258,1.1407,1.3832,1.1745,0.78877,0.53442,0.74439,0.61792,0.70054,0.99544,0.72856,0.68898,0.26069,0.15194,0.28735,0.18409,0.65633,0.69681,0.94931,0,0.80764,0.95609,1.0893,1.1607,-0.1246,-0.24264,0.72154,0.31602,0.16289,0.70956,0.70421,0.55284,0.5335,0.48289,0.84843,0.72641,0.40552,0.69033,0.76201,0.66841,0.55528,0.6513,0.67275,0.60759,0.1929,0.37864,0.89137,0.8612,0.96593,1.0166,0.98917,0.85373,0.53697,0.30059,0.67934,0.86526,0.88389,0.67305,0.85417,0.59817,0.54873,0.75565,0.76764,0.84746,0.95558,-0.034624,0.21611,0.21771,-0.051041,-0.30263,-0.25155,0.29111,-0.016689,-0.14053,-0.13932,-0.23452,-0.80908,0.19957,0.26348,0.41573,0.36702,-0.30191,-0.45126
0.90861,0.69205,0.12939,0.17622,0.68892,0.48972,0.46051,0.2015,0.90013,0.90657,0.6152,0.31828,0.39427,0.38567,0.9202,0.86074,0.94979,0.71791,0.57315,0.69615,0.93621,0.71264,0.86696,1.0541,0.63548,0.89065,0.66993,0.68955,0.84861,0.83094,0.78944,0.85963,0.51083,0.56548,0.22329,0.052689,0.044237,-0.12576,0.45827,0.1868,1.4016,0.80764,0,1.3114,0.79194,0.83148,-0.32347,-0.47002,0.75999,-0.033812,-0.32575,0.55667,0.59632,0.41905,0.56392,0.82214,1.2252,0.41673,0.15557,0.6209,0.64759,1.0819,0.82102,0.79956,0.66605,0.26023,-0.13222,0.68252,1.2026,0.97781,1.0646,0.79534,0.80234,0.46931,0.18893,0.034904,0.41593,0.6426,0.51821,0.50574,0.65986,0.33425,0.30704,0.63589,0.67418,0.6234,0.65072,-0.3311,-0.13093,0.065077,-0.23406,-0.054947,-0.34893,0.19424,-0.20844,-0.23606,-0.34518,-0.070782,-0.4816,0.38229,0.25614,0.39538,0.38152,-0.29721,-0.3013
0.75031,0.99318,0.04994,0.19711,0.6433,0.9895,0.76256,0.57421,0.97382,0.89803,0.49049,0.57658,0.4745,0.49373,0.75554,0.74182,1.0216,0.58396,0.70798,0.72681,0.84746,0.65614,1.1047,0.95764,0.60064,1.0126,0.55138,0.48701,0.67851,0.93285,0.69035,1.2648,0.56564,0.60481,0.16749,0.15205,-0.0824,-0.21827,0.29683,0.21814,1.339,0.95609,1.3114,0,0.68376,0.82835,-0.083972,-0.15561,0.71977,-0.0040268,-0.15395,0.50707,0.60151,0.54303,0.41606,0.71902,1.1294,0.48972,0.18135,0.38513,0.62303,0.86347,0.66263,0.63704,0.58793,0.43349,0.093056,0.35299,0.76301,0.82393,0.75163,0.65228,0.72245,0.56933,0.40841,-0.09286,0.49365,0.6753,0.60144,0.3615,0.60121,0.37707,0.33473,0.53694,0.55917,0.56385,0.66034,-0.10968,0.08265,0.13796,-0.11045,-0.25195,-0.13818,0.054827,-0.11077,-0.37972,-0.37251,-0.21326,-0.43241,0.21365,0.29059,0.27778,0.31171,-0.25372,-0.25643
0.84639,0.63857,0.40044,0.5142,1.0968,0.53679,0.17583,0.042159,0.7277,0.62057,1.0699,0.28096,0.78691,0.65067,1.1696,1.0219,1.2036,0.85905,0.74701,1.0071,0.98435,0.73374,1.1265,1.0731,1.1308,0.8253,1.0128,0.66212,0.71709,0.53705,1.2684,0.72981,0.90095,0.87255,0.57531,0.26662,0.41672,0.17171,0.53462,0.49025,0.69027,1.0893,0.79194,0.68376,0,2.0392,-0.29824,-0.46828,0.75744,0.47871,0.098368,0.67474,0.56195,0.33469,0.63563,0.41568,0.66454,0.60871,0.46323,0.77045,0.60291,0.69727,0.49995,0.71921,0.55385,0.27545,0.014698,0.69097,1.0077,0.81252,0.85182,1.2298,1.0882,0.77833,0.52911,0.34627,0.35752,0.87745,0.8243,0.7554,0.92898,0.68114,0.65399,1.0534,0.92813,0.91957,0.7741,-0.10098,0.18404,0.24165,-0.063485,-0.13958,-0.60931,0.30603,-0.1836,0.19075,0.02943,0.097677,-0.47055,0.21094,0.20038,0.39545,0.2385,-0.27549,-0.52901
0.78018,0.7317,0.34683,0.55656,1.0401,0.65518,0.23356,0.1089,0.81066,0.62443,0.94162,0.29953,0.8939,0.75128,1.1728,0.97235,1.3704,0.84749,0.77709,0.97825,1.0178,0.72483,1.3299,1.1156,1.1521,0.90552,1.0159,0.58601,0.83659,0.65866,1.4305,0.92255,1.0421,0.97899,0.65376,0.37619,0.31099,0.11818,0.44666,0.46565,0.73776,1.1607,0.83148,0.82835,2.0392,0,-0.23598,-0.39608,0.86045,0.49308,0.14,0.73848,0.56265,0.3823,0.59962,0.48162,0.72321,0.64951,0.47984,0.67819,0.60671,0.75531,0.53374,0.79278,0.66647,0.30869,0.050945,0.67014,0.9555,0.96407,0.89278,1.111,1.0213,0.73141,0.54393,0.29777,0.3335,0.91942,0.85091,0.67944,0.93565,0.70238,0.70836,0.98422,0.9102,0.91611,0.7938,-0.042061,0.23514,0.19936,-0.081228,-0.21694,-0.52154,0.21121,-0.20462,0.092011,-0.071325,0.092073,-0.48228,0.27077,0.29933,0.38882,0.27931,-0.18611,-0.42387
-0.094953,0.26204,-0.5094,-0.18069,-0.31464,0.15182,0.02925,0.25558,-0.053243,0.048059,-0.59065,0.20731,0.037711,0.036922,-0.31122,-0.20505,-0.17088,-0.5747,-0.17559,-0.34929,-0.16167,-0.29087,-0.027799,-0.27128,-0.41135,-0.1317,-0.16657,-0.19982,-0.19227,-0.081,-0.24766,-0.016145,0.030975,-0.088864,0.012882,-0.051618,-0.66039,-0.5704,-0.66752,-0.44425,-0.17265,-0.1246,-0.32347,-0.083972,-0.29824,-0.23598,0,1.5652,0.053087,-0.21402,-0.018619,0.13772,0.11198,0.3244,0.071174,0.0086742,-0.35558,0.057598,0.081153,-0.368,0.0093306,-0.2746,-0.20743,0.024015,-0.21328,0.29252,0.32236,-0.38324,-0.34678,-0.24695,-0.54594,-0.5906,-0.61023,0.027725,0.27771,-0.62576,-0.029118,-0.20459,-0.16667,-0.20876,-0.18696,-0.087457,-0.25795,-0.083399,-0.091836,-0.38494,-0.14965,1.2336,0.91749,0.74932,1.0937,-0.25431,0.31307,-0.44749,0.061636,-0.46022,-0.39005,-0.57004,-0.093076,-0.34234,-0.053205,-0.43994,-0.16165,0.22542,0.002167
