,,,,,,,,,,,,,,,,,,,,,,,,,,,,,,,,,,,,,,,,,,,,,,,,,,,,,,,,,,,,,,,,,,,,,,,,,,,,,,,,,,,,,,,,,,,,,,,,,,,,,,,,
0,1.0312,0.19507,0.271,1.1674,0.57893,0.64209,0.40655,0.74897,1.2261,0.65978,0.29223,0.24884,0.28915,0.97728,0.81499,0.60363,0.45702,0.44885,0.53255,1.1083,0.55702,0.8552,0.93161,0.4552,0.53239,1.1976,1.0612,0.96015,0.87337,0.8256,0.61117,0.23389,0.32706,0.15289,-0.14043,-0.005613,-0.32132,0.37486,0.075096,1.1584,0.84992,1.0067,0.87981,0.88723,0.82283,-0.1544,-0.38455,0.83565,0.016572,-0.37544,0.46895,1.0129,0.46723,0.55584,0.65625,0.47474,0.15541,-0.0047301,1.1044,0.97819,0.67345,0.4673,0.61027,0.30803,0.03058,-0.4038,0.60006,0.90255,0.57652,0.52043,0.6325,0.5545,0.43486,0.24527,0.0038076,0.50918,0.44953,0.47023,0.28511,0.42442,0.51662,0.33327,0.60382,0.58281,0.40309,0.51864,-0.1334,-0.011692,0.52448,0.18804,0.024039,-0.41026,0.52423,0.089884,-0.084375,-0.15522,-0.08166,-0.25341,0.20951,0.090373,0.25035,0.10516,-0.13462,-0.38648
1.0312,0,-0.1106,0.15983,0.5912,1.0282,0.68175,0.73053,0.93704,1.3569,0.2591,0.52525,0.41657,0.26464,0.59594,0.67996,0.65565,0.42384,0.57512,0.52935,0.90226,0.58312,0.93764,1.0241,0.42701,0.93986,0.83985,0.88095,0.75497,0.93417,0.7427,1.0546,0.28969,0.21505,-0.026043,-0.30141,-0.37026,-0.66601,-0.084606,-0.053278,0.87855,0.84486,0.78021,1.1664,0.73038,0.88885,0.090055,0.0057895,0.81892,-0.056305,-0.52884,0.24476,0.82632,0.87552,0.42649,0.82464,0.39358,0.049969,-0.016934,0.39692,1.1714,0.42143,0.31966,0.4318,0.27008,0.094685,-0.18789,0.38313,0.57364,0.57602,0.31926,0.3564,0.47475,0.36289,0.32782,-0.32531,0.7818,0.45487,0.28271,0.16951,0.22944,0.32016,0.23786,0.45743,0.40966,0.31773,0.42865,-0.008214,0.09983,0.67027,0.31584,-0.3815,-0.22767,0.0016181,0.03696,-0.36329,-0.62521,-0.19717,-0.44308,0.032571,0.020678,-0.10755,-0.060842,-0.079527,-0.051278
0.19507,-0.1106,0,1.3071,0.47617,-0.080596,0.25441,0.12149,0.022835,-0.10719,0.80987,0.2572,0.41834,0.47018,0.34805,0.27429,0.16256,0.59792,0.45344,0.39537,0.0074057,-0.014577,0.194,0.14349,0.74451,0.018059,0.18652,0.065269,0.21668,0.33315,0.44571,0.021141,0.41774,0.38347,0.58356,0.60878,1.1909,0.81907,0.97872,0.99645,0.043858,0.42324,0.12753,0.038357,0.4125,0.42909,-0.63722,-0.662,-0.22881,1.1212,0.86962,-0.1408,-0.019873,-0.33479,0.3434,-0.34783,0.22107,0.24636,0.33663,0.55738,0.10261,0.23489,0.036945,-0.045899,0.070799,0.048859,0.094128,-0.026615,0.29976,0.29289,0.50446,0.74382,0.65446,0.33049,0.18775,1.0843,0.13305,0.6884,0.74984,0.60949,0.51603,0.84553,0.8049,0.44393,0.36875,0.78585,0.40881,-0.45086,-0.22365,-0.46678,-0.56544,0.0093287,-0.76454,0.37877,-0.27716,0.31758,0.11569,0.19751,-0.17663,0.10589,-0.10955,0.18337,-0.17771,-0.36872,-0.41061
0.271,0.15983,1.3071,0,0.44143,0.10345,0.41199,0.29836,0.26129,0.026098,0.61638,0.39065,0.74288,0.73637,0.40007,0.32955,0.41944,0.77019,0.67222,0.53643,0.18383,0.097922,0.47642,0.33517,0.89895,0.23038,0.28383,0.13587,0.39808,0.59986,0.74957,0.28068,0.63864,0.55388,0.71786,0.63802,0.65646,0.46634,0.59507,0.84863,0.12445,0.55991,0.25887,0.25634,0.57498,0.72403,-0.36746,-0.3644,0.040524,1.2289,0.71996,0.02364,0.045687,-0.12841,0.40355,-0.13567,0.2978,0.2995,0.41752,0.45122,0.23755,0.34212,0.06873,0.1843,0.26847,0.1772,0.19071,0.12837,0.31244,0.51565,0.56057,0.71643,0.7018,0.43717,0.41747,0.59651,0.21591,0.90866,0.82178,0.64634,0.61828,1.175,1.1364,0.6427,0.52047,0.9979,0.63757,-0.25473,-0.012929,-0.26299,-0.35174,-0.25697,-0.77085,0.096672,-0.41824,0.04963,-0.22101,0.091225,-0.3708,0.24315,-0.027081,0.088318,-0.16833,-0.21823,-0.3425
1.1674,0.5912,0.47617,0.44143,0,0.67328,0.5856,0.30365,0.59588,0.81384,1.049,0.27526,0.32982,0.30836,1.0393,0.79997,0.60317,0.58366,0.5409,0.63778,0.86112,0.56353,0.85685,0.87206,0.67641,0.57678,1.058,0.82601,0.79648,0.66977,0.79159,0.58835,0.33906,0.33688,0.25184,0.00069054,0.42145,0.045732,0.74885,0.42214,0.84279,0.97395,0.75502,0.62935,0.73089,0.74075,-0.32378,-0.52769,0.56245,0.31742,-0.037086,0.25524,0.88103,0.35563,0.45237,0.40351,0.56744,0.21391,0.022764,0.99525,0.76742,0.51024,0.328,0.35855,0.28925,0.19921,-0.14627,0.54015,0.86448,0.54053,0.74912,0.86316,0.84341,0.53502,0.34932,0.38174,0.53423,0.67511,0.72202,0.56875,0.492,0.59424,0.49284,0.61843,0.53708,0.65666,0.56886,-0.31029,-0.10973,0.2334,-0.1391,0.072718,-0.32203,0.57255,0.032984,0.23103,0.12381,0.13561,-0.32358,0.12299,-0.12932,0.36053,0.067441,-0.41226,-0.41672
0.57893,1.0282,-0.080596,0.10345,0.67328,0,0.82042,0.87564,0.78924,0.95704,0.38169,0.56819,0.33512,0.041432,0.51012,0.67622,0.56565,0.37982,0.61387,0.56846,0.61175,0.56394,0.96845,1.0066,0.45508,1.2924,0.6144,0.67809,0.48238,0.61223,0.65675,1.292,0.28563,-0.00084567,-0.021428,-0.23562,-0.15594,-0.46904,0.082892,0.10575,0.86607,1.0014,0.64398,1.0011,0.41876,0.66189,-0.04069,-0.069951,0.45608,0.01707,-0.39018,0.0082191,0.74776,0.86549,0.20886,0.56657,0.51114,-0.024279,-0.14,0.21221,0.92699,0.21447,0.17017,0.12628,0.19458,0.22171,0.032196,0.29271,0.48744,0.43095,0.3797,0.35862,0.63183,0.33745,0.31479,-0.22301,0.78514,0.46308,0.26814,0.21031,0.093934,0.16324,0.23843,0.3099,0.21403,0.38534,0.31621,-0.261,-0.11458,0.27214,-0.08618,-0.40545,0.017385,-0.050582,0.12423,-0.10579,-0.31407,-0.0055093,-0.53102,-0.16331,-0.25118,0.0047665,-0.0157,-0.33958,0.04843
0.64209,0.68175,0.25441,0.41199,0.5856,0.82042,0,1.4991,1.0699,0.74412,0.66687,0.79246,0.29563,0.25739,0.53543,0.56458,0.49918,0.4665,0.68004,0.57686,0.52764,0.47121,0.82653,0.72939,0.64884,0.66985,0.34841,0.43508,0.58841,0.92309,0.70732,0.8962,0.28784,0.18675,0.1309,0.16873,0.044676,-0.12179,0.48868,0.40037,1.117,1.0749,0.9226,1.1604,0.46627,0.66086,-0.35718,-0.33825,0.30485,0.13013,-0.11243,0.22096,0.46032,0.33388,0.1697,0.30572,0.6812,-0.038734,-0.17141,0.5393,0.68745,0.59163,0.47192,0.36247,0.45997,0.21529,-0.067681,0.23871,0.49861,0.66425,0.63879,0.60315,0.73114,0.44256,0.29647,-0.079324,0.53467,0.46205,0.3464,0.10839,0.24134,0.39912,0.4685,0.24335,0.17818,0.50342,0.47069,-0.6565,-0.43995,-0.12825,-0.32276,-0.3841,-0.22006,0.19816,0.083161,-0.41482,-0.41072,-0.16829,-0.40802,0.22969,0.090577,0.20544,0.23891,-0.17594,-0.08613
0.40655,0.73053,0.12149,0.29836,0.30365,0.87564,1.4991,0,0.96104,0.6687,0.41392,1.0282,0.35666,0.21763,0.35212,0.49678,0.44622,0.4173,0.72229,0.55831,0.34404,0.39639,0.70462,0.61776,0.61624,0.7974,0.24365,0.30993,0.42839,0.75172,0.55658,1.0053,0.34178,0.13548,0.052953,0.11153,-0.078435,-0.19584,0.24954,0.34972,0.80996,1.0074,0.71771,1.071,0.3952,0.61196,-0.19531,-0.13326,0.17982,0.091473,-0.13507,0.070015,0.33947,0.4463,0.19926,0.32498,0.66287,-0.00066931,-0.07782,0.21854,0.60815,0.42625,0.39031,0.23385,0.37896,0.27731,0.090161,0.081011,0.39601,0.63188,0.46555,0.44775,0.65491,0.44414,0.304,-0.21281,0.61596,0.45299,0.26573,0.072132,0.18731,0.26412,0.34772,0.24403,0.16778,0.46163,0.41001,-0.47612,-0.29826,-0.086309,-0.26622,-0.64617,-0.20047,-0.036908,0.05125,-0.56279,-0.61553,-0.31731,-0.51494,0.044898,0.054609,-0.0056117,0.081105,-0.23292,-9.6902e-05
0.74897,0.93704,0.022835,0.26129,0.59588,0.78924,1.0699,0.96104,0,1.0864,0.49166,0.89021,0.50119,0.51551,0.84445,0.85576,0.90532,0.55458,0.811,0.74864,1.0341,1.0029,1.0569,0.99131,0.77385,0.92187,0.62553,0.64333,0.76744,0.84293,0.62789,1.0251,0.43715,0.51123,-0.045099,-0.066243,-0.099416,-0.18259,0.27426,0.35874,0.95597,1.0739,1.114,1.2504,0.70104,0.80191,-0.078709,-0.051744,0.78224,-0.0095426,-0.27943,0.5192,0.58925,0.66445,0.37448,0.68651,0.86053,0.22751,0.023828,0.51509,0.84948,0.82766,0.82304,0.80282,0.81082,0.5525,0.091869,0.55253,0.83752,0.99591,0.87157,0.72038,0.78695,0.81912,0.66406,-0.17678,0.7124,0.58869,0.49196,0.28841,0.51742,0.37527,0.35773,0.49463,0.42485,0.57875,0.77134,-0.27742,-0.050077,0.29778,0.075413,-0.49822,-0.19422,0.031769,-0.054959,-0.6265,-0.57451,-0.46997,-0.61584,0.31301,0.23068,0.14264,0.32551,-0.2311,-0.26884
1.2261,1.3569,-0.10719,0.026098,0.81384,0.95704,0.74412,0.6687,1.0864,0,0.49892,0.59777,0.30351,0.22088,0.80403,0.85649,0.55585,0.30635,0.42543,0.47557,1.0678,0.74645,0.83949,1.0934,0.39733,0.88529,1.0039,1.2115,0.91385,0.83136,0.62186,0.94158,0.27781,0.24188,-0.086264,-0.35459,-0.20166,-0.44048,0.16983,-0.0063201,1.2987,0.95812,0.97047,1.0288,0.57187,0.62903,0.011171,-0.12125,0.80568,-0.18547,-0.58885,0.40518,1.1783,0.97283,0.51396,0.93413,0.48403,0.08132,-0.11552,0.62497,1.2144,0.60772,0.56059,0.52369,0.37199,0.22785,-0.21097,0.55368,0.85204,0.59072,0.52628,0.45179,0.53904,0.42475,0.26694,-0.22605,0.70784,0.47875,0.3981,0.28,0.3484,0.17449,0.083282,0.40794,0.36659,0.32078,0.39778,-0.13323,-0.04075,0.62574,0.19985,-0.19508,-0.13547,0.22264,0.17549,-0.23814,-0.27539,-0.34819,-0.44379,0.059842,0.018027,0.17716,0.26552,-0.25959,-0.13865
0.65978,0.2591,0.80987,0.61638,1.049,0.38169,0.66687,0.41392,0.49166,0.49892,0,0.62312,0.4157,0.37583,0.6862,0.63748,0.24978,0.42246,0.43836,0.43896,0.44474,0.34248,0.50947,0.53789,0.73381,0.34609,0.5874,0.59451,0.65232,0.62996,0.73456,0.42299,0.56187,0.39908,0.52543,0.40494,0.88282,0.47747,1.2985,0.69729,0.6966,0.89844,0.55101,0.37602,0.46915,0.52808,-0.56026,-0.75288,0.089794,0.5612,0.29522,0.12608,0.49977,0.11569,0.48563,0.037744,0.47169,0.044623,-0.086982,0.83266,0.4307,0.51051,0.37487,0.2504,0.31572,0.19352,-0.10036,0.41291,0.77105,0.54135,0.89118,0.87909,0.86588,0.55472,0.29242,0.44122,0.2731,0.75287,0.80928,0.60759,0.54836,0.4692,0.42692,0.39189,0.24578,0.70773,0.36974,-0.70283,-0.42442,-0.12471,-0.48342,0.063976,-0.48841,0.6052,0.03126,0.29248,0.24245,0.09614,-0.21122,0.074061,-0.058164,0.40464,0.18568,-0.37168,-0.44447
0.29223,0.52525,0.2572,0.39065,0.27526,0.56819,0.79246,1.0282,0.89021,0.59777,0.62312,0,0.69838,0.48468,0.38313,0.66006,0.28719,0.31264,0.59794,0.43475,0.31208,0.47838,0.52958,0.53365,0.76191,0.68298,0.28544,0.45961,0.41114,0.58634,0.48003,0.68841,0.72791,0.37124,0.21088,0.213,0.22741,0.1795,0.37,0.53759,0.52079,0.95641,0.44154,0.54218,0.35876,0.52328,-0.082683,-0.019319,0.063304,0.32046,0.11519,0.1145,0.29335,0.46692,0.43284,0.12874,0.43561,0.086736,0.048082,0.25307,0.59478,0.38746,0.42374,0.26887,0.37347,0.55982,0.33214,0.13348,0.54021,0.59511,0.59374,0.54117,0.71122,0.71811,0.58742,-0.073866,0.52992,0.69413,0.49787,0.38619,0.39595,0.26018,0.26048,0.28169,0.10756,0.5386,0.31169,-0.40132,-0.1595,0.059284,-0.1636,-0.62967,-0.3954,-0.16587,-0.18284,-0.35279,-0.45166,-0.53139,-0.65875,-0.16771,-0.077492,-0.053741,0.19027,-0.39013,-0.2685
0.24884,0.41657,0.41834,0.74288,0.32982,0.33512,0.29563,0.35666,0.50119,0.30351,0.4157,0.69838,0,1.2534,0.50276,0.52588,0.59739,0.77093,0.76389,0.63195,0.44046,0.44178,0.75128,0.63754,0.93848,0.68182,0.50196,0.38409,0.5962,0.74061,0.82525,0.65518,1.6194,0.99254,0.56437,0.3311,0.29402,0.24391,0.17193,0.58521,0.16841,0.64501,0.36881,0.34854,0.62486,0.8468,-0.019666,0.030055,0.30573,0.86424,0.50804,0.24585,0.078352,0.17361,0.3889,0.15753,0.38469,0.59443,0.6836,0.15143,0.37764,0.37606,0.20362,0.26315,0.32777,0.67424,0.56735,0.27054,0.56873,0.60163,0.65084,0.69136,0.77394,0.88018,0.88948,0.030082,0.15791,1.2564,0.91705,0.78632,0.86179,0.67865,0.79879,0.76456,0.58173,1.0076,0.66458,0.043676,0.38724,0.10434,-0.15052,-0.71844,-0.72141,-0.37885,-0.71134,-0.14744,-0.46385,-0.22778,-0.71242,-0.075705,-0.15262,-0.13919,-0.039431,-0.35525,-0.51388
0.28915,0.26464,0.47018,0.73637,0.30836,0.041432,0.25739,0.21763,0.51551,0.22088,0.37583,0.48468,1.2534,0,0.65752,0.49092,0.65229,0.78276,0.64007,0.58014,0.52379,0.50589,0.62183,0.47736,0.87001,0.35767,0.47826,0.26105,0.71445,0.69229,0.63275,0.40601,1.063,1.7749,0.49437,0.46729,0.27314,0.35961,0.27495,0.58896,0.14859,0.45953,0.45198,0.32272,0.64914,0.70302,-0.065955,-0.027471,0.45746,0.65312,0.53849,0.60688,0.030374,0.017334,0.37702,0.20567,0.45035,0.83259,0.78579,0.3541,0.28099,0.71301,0.52073,0.59473,0.59761,0.69232,0.46718,0.29123,0.60465,0.79198,0.8336,0.83773,0.66963,0.9003,0.84191,0.17091,0.037783,0.92742,0.97504,0.56396,1.0916,0.90282,0.86346,0.70125,0.65739,0.84284,0.80295,0.10861,0.44475,0.032993,-0.087704,-0.44907,-0.6576,-0.16364,-0.73073,-0.29767,-0.38366,-0.33636,-0.4558,0.27946,0.23165,0.064739,0.20351,-0.23296,-0.60892
0.97728,0.59594,0.34805,0.40007,1.0393,0.51012,0.53543,0.35212,0.84445,0.80403,0.6862,0.38313,0.50276,0.65752,0,1.4727,1.0157,0.80057,0.69625,0.86113,1.3838,1.0495,1.0765,1.1207,0.77705,0.72158,1.3822,0.89281,0.92171,0.70876,0.8021,0.65342,0.49947,0.79738,0.14653,-0.0050705,0.17278,0.00053096,0.47285,0.36768,0.81837,0.8871,1.1352,0.83864,0.94096,0.90134,-0.24139,-0.33826,0.90686,0.15514,-0.11272,0.64665,0.75354,0.45086,0.65911,0.66446,0.82544,0.65709,0.38798,1.0465,0.85231,1.1469,0.8875,0.70861,0.58883,0.39415,0.051714,0.66976,1.5985,0.84543,1.1247,1.2682,1.0249,0.77394,0.55049,0.22677,0.44129,0.8016,1.0186,0.58813,0.99851,0.68491,0.5795,0.8995,0.90199,0.7945,0.90136,-0.12244,0.16068,0.2093,-0.059565,-0.080385,-0.38981,0.32342,-0.20199,-0.049263,-0.079823,-0.21295,-0.38082,0.30437,0.15738,0.48064,0.34336,-0.56229,-0.63514
0.81499,0.67996,0.27429,0.32955,0.79997,0.67622,0.56458,0.49678,0.85576,0.85649,0.63748,0.66006,0.52588,0.49092,1.4727,0,0.78428,0.62034,0.70346,0.79492,1.0123,1.0361,1.0185,1.1542,0.76161,0.90881,1.1175,1.0601,0.61263,0.55847,0.72509,0.68076,0.51826,0.52766,0.10829,-0.081824,0.12012,-0.06676,0.37801,0.32891,0.80828,1.0427,0.88204,0.81049,0.84913,0.8862,-0.16326,-0.21653,0.61532,0.13054,-0.18776,0.45259,0.73144,0.59118,0.66609,0.48706,0.65265,0.51182,0.35077,0.87135,1.1212,0.74932,0.66254,0.50083,0.37239,0.421,0.16326,0.48915,1.3936,0.625,0.79831,1.0445,1.0223,0.78576,0.61585,0.098827,0.58647,0.71775,0.77502,0.50799,0.69752,0.54791,0.4556,0.75563,0.64719,0.65908,0.60427,-0.17964,0.11839,0.27699,-0.0089107,-0.22928,-0.43989,0.10911,-0.24268,-0.066344,-0.19169,-0.33615,-0.54837,-0.033246,-0.0665,0.28553,0.28564,-0.68127,-0.65848
0.60363,0.65565,0.16256,0.41944,0.60317,0.56565,0.49918,0.44622,0.90532,0.55585,0.24978,0.28719,0.59739,0.65229,1.0157,0.78428,0,1.2707,1.2326,1.4737,1.0161,0.97048,1.3665,1.0961,0.94194,0.96987,0.782,0.43818,0.63528,0.60967,0.75509,0.8844,0.43088,0.70838,0.025598,-0.080548,-0.084332,-0.19273,0.16911,0.43518,0.51246,0.79723,1.0315,0.96991,1.1833,1.1826,-0.20982,-0.18068,0.94247,0.15659,-0.12556,0.51973,0.3216,0.33352,0.27023,0.71869,1.0899,0.74023,0.54378,0.40087,0.52319,0.69197,0.51104,0.68316,0.71116,0.51166,0.20572,0.66841,0.84285,0.92904,0.82622,0.94595,0.95714,0.83912,0.66094,0.02591,0.48641,0.66011,0.62055,0.36099,0.75214,0.73092,0.81495,1.1043,1.139,0.9465,1.5957,-0.029091,0.27525,0.21704,0.0037464,-0.46281,-0.3105,0.0091597,-0.22986,-0.39548,-0.50456,-0.15032,-0.63213,0.41986,0.22537,0.16449,0.053622,-0.2751,-0.42363
0.45702,0.42384,0.59792,0.77019,0.58366,0.37982,0.4665,0.4173,0.55458,0.30635,0.42246,0.31264,0.77093,0.78276,0.80057,0.62034,1.2707,0,1.5224,1.7204,0.6057,0.65496,1.0007,0.88985,1.3592,0.77747,0.5892,0.3347,0.52061,0.64816,0.82897,0.67286,0.52638,0.72577,0.18677,0.099446,0.24395,0.1176,0.37498,0.79083,0.3215,0.77946,0.72001,0.65532,1.1947,1.2092,-0.55467,-0.46375,0.41558,0.55182,0.25867,0.23068,0.094605,0.025078,0.20331,0.29676,0.79785,0.7083,0.70075,0.41285,0.38617,0.51286,0.28486,0.28733,0.41166,0.34895,0.20054,0.36291,0.68768,0.71655,0.82825,1.2173,1.2393,0.76125,0.49794,0.32365,0.4004,0.87338,0.7843,0.46503,0.80562,1.0219,1.3225,1.0391,1.0153,1.3556,1.4197,-0.23592,0.10854,-0.085806,-0.31765,-0.44431,-0.59142,0.10484,-0.28614,-0.17049,-0.40524,0.044731,-0.56898,0.30111,0.08376,0.13249,-0.11489,-0.38121,-0.47251
0.44885,0.57512,0.45344,0.67222,0.5409,0.61387,0.68004,0.72229,0.811,0.42543,0.43836,0.59794,0.76389,0.64007,0.69625,0.70346,1.2326,1.5224,0,1.7265,0.53858,0.6301,1.1462,0.91424,1.5425,0.97698,0.49476,0.31386,0.46012,0.64042,0.81373,0.90638,0.56845,0.55162,0.17781,0.11557,0.16425,0.0015504,0.36895,0.79426,0.43177,1.0761,0.78455,0.84131,1.1402,1.3076,-0.39019,-0.31791,0.35676,0.46565,0.14893,0.14123,0.14544,0.19203,0.22171,0.30559,0.93375,0.52389,0.50339,0.32076,0.50599,0.40443,0.3019,0.33312,0.45253,0.47744,0.25681,0.30702,0.70623,0.84268,0.77948,1.03,1.2153,0.94105,0.64346,0.15565,0.64134,0.77541,0.58867,0.35826,0.56539,0.86117,1.069,0.90737,0.80056,1.1525,1.2202,-0.29651,0.049173,0.026558,-0.19595,-0.68168,-0.5355,-0.016209,-0.22148,-0.37423,-0.64555,-0.059901,-0.82273,0.15667,0.055552,-0.066955,-0.19152,-0.34142,-0.42036
0.53255,0.52935,0.39537,0.53643,0.63778,0.56846,0.57686,0.55831,0.74864,0.47557,0.43896,0.43475,0.63195,0.58014,0.86113,0.79492,1.4737,1.7204,1.7265,0,0.68307,0.85325,1.2031,1.0889,1.361,1.0511,0.64694,0.44465,0.47617,0.53688,0.78976,0.82396,0.45136,0.56022,0.079728,-0.030227,0.14168,-0.0067083,0.38961,0.71806,0.48539,1.0154,0.87873,0.79719,1.2567,1.2225,-0.49558,-0.43018,0.45859,0.3333,0.037825,0.29267,0.20864,0.18242,0.20127,0.39911,1.0138,0.65294,0.55882,0.41435,0.47824,0.49079,0.32458,0.37389,0.46767,0.46152,0.21153,0.49146,0.81081,0.74486,0.82674,1.1883,1.3546,0.89254,0.54031,0.17355,0.54289,0.72965,0.6341,0.36412,0.68186,0.80293,0.97516,1.0566,0.95244,1.2004,1.3647,-0.28516,0.061884,0.044282,-0.23931,-0.47902,-0.45563,0.11047,-0.14808,-0.24469,-0.41678,-0.059535,-0.72254,0.21851,0.055957,0.17429,-0.024912,-0.42394,-0.50397
1.1083,0.90226,0.0074057,0.18383,0.86112,0.61175,0.52764,0.34404,1.0341,1.0678,0.44474,0.31208,0.44046,0.52379,1.3838,1.0123,1.0161,0.6057,0.53858,0.68307,0,1.2212,1.0898,1.2265,0.52715,0.78075,1.2945,1.0486,0.9849,0.804,0.73554,0.74598,0.36382,0.64494,-0.029763,-0.2362,-0.12293,-0.26626,0.15692,0.1162,0.89126,0.70905,1.0862,0.96114,0.84009,0.82212,-0.091224,-0.15412,1.4959,-0.048105,-0.3758,0.74038,0.81976,0.60961,0.48205,0.92009,0.64589,0.38923,0.15727,0.76316,0.88492,1.0111,0.78607,0.80702,0.62049,0.2863,-0.09308,0.83577,1.0764,0.7326,0.8127,0.77947,0.69575,0.60238,0.50807,-0.098599,0.43609,0.59094,0.65714,0.41858,0.72682,0.42718,0.35534,0.67169,0.67293,0.52924,0.76532,-0.043161,0.172,0.43707,0.14636,-0.12504,-0.21861,0.20665,-0.10616,-0.18468,-0.21058,-0.21168,-0.29755,0.38093,0.2047,0.37475,0.36313,-0.26462,-0.41334
0.55702,0.58312,-0.014577,0.097922,0.56353,0.56394,0.47121,0.39639,1.0029,0.74645,0.34248,0.47838,0.44178,0.50589,1.0495,1.0361,0.97048,0.65496,0.6301,0.85325,1.2212,0,0.89454,1.0668,0.6859,0.93349,0.75085,0.8096,0.50168,0.42751,0.42056,0.61896,0.29816,0.55581,-0.26749,-0.33782,-0.059691,-0.054038,0.16849,0.33987,0.58461,0.68221,0.74655,0.72328,0.68799,0.63614,-0.207,-0.089061,0.82304,-0.056097,-0.26778,0.64884,0.45609,0.50698,0.2331,0.57816,0.66356,0.48508,0.26159,0.51634,0.71164,0.74653,0.68125,0.54822,0.57138,0.53251,0.22763,0.58211,0.83618,0.54663,0.80254,0.88591,0.87935,0.74092,0.62077,-0.039367,0.4951,0.52748,0.56913,0.33801,0.65526,0.33212,0.33669,0.52594,0.47351,0.55599,0.71486,-0.19014,0.099604,0.22473,-0.024791,-0.2839,-0.12227,0.014307,-0.17727,-0.24468,-0.23106,-0.37708,-0.44754,0.21314,0.078663,0.399,0.51181,-0.50526,-0.47178
0.8552,0.93764,0.194,0.47642,0.85685,0.96845,0.82653,0.70462,1.0569,0.83949,0.50947,0.52958,0.75128,0.62183,1.0765,1.0185,1.3665,1.0007,1.1462,1.2031,1.0898,0.89454,0,1.5687,0.95631,1.2746,0.97999,0.72932,0.83951,0.92263,1.2311,1.2776,0.64001,0.59496,0.26195,0.031287,-0.029346,-0.25537,0.27019,0.37889,0.88192,1.2493,1.1607,1.2021,1.0922,1.4457,-0.17105,-0.21285,0.84435,0.27166,-0.11465,0.50053,0.54115,0.4554,0.32959,0.62253,0.92532,0.50856,0.35644,0.52626,0.83497,0.65248,0.42923,0.5899,0.54209,0.49294,0.16829,0.61616,0.95502,0.86297,0.81859,0.95013,1.0818,0.87812,0.71998,-0.11406,0.49866,0.78701,0.66625,0.38445,0.62931,0.7655,0.84845,0.94105,0.81551,0.91172,0.99671,-0.1355,0.17748,0.24678,-0.08312,-0.51423,-0.41238,-0.0033358,-0.23263,-0.28037,-0.46713,-0.11767,-0.70747,0.16224,0.012458,0.1516,0.10394,-0.31844,-0.46854
0.93161,1.0241,0.14349,0.33517,0.87206,1.0066,0.72939,0.61776,0.99131,1.0934,0.53789,0.53365,0.63754,0.47736,1.1207,1.1542,1.0961,0.88985,0.91424,1.0889,1.2265,1.0668,1.5687,0,0.80077,1.4746,1.138,1.1405,0.85695,0.89643,1.0558,1.2138,0.49406,0.47388,0.064232,-0.21492,-0.063451,-0.28134,0.23476,0.27668,0.99882,1.1707,1.1224,1.1214,0.95884,1.145,-0.30118,-0.33707,0.79057,0.12409,-0.27431,0.42735,0.67976,0.58699,0.36119,0.73065,0.69952,0.38294,0.2528,0.60414,1.0201,0.63559,0.437,0.44393,0.43562,0.32568,0.0056522,0.68564,1.0561,0.68501,0.80167,0.88034,1.0784,0.62653,0.44071,-0.083219,0.56528,0.7807,0.66191,0.41799,0.61456,0.5179,0.58317,0.7634,0.68542,0.78944,0.78742,-0.24776,0.019007,0.29402,-0.1074,-0.37658,-0.34686,0.095649,-0.063885,-0.13228,-0.33718,-0.12503,-0.64498,0.11609,-0.044291,0.25319,0.21348,-0.3908,-0.33176
0.4552,0.42701,0.74451,0.89895,0.67641,0.45508,0.64884,0.61624,0.77385,0.39733,0.73381,0.76191,0.93848,0.87001,0.77705,0.76161,0.94194,1.3592,1.5425,1.361,0.52715,0.6859,0.95631,0.80077,0,0.79315,0.51499,0.37141,0.51321,0.6541,0.77073,0.69601,0.74969,0.73284,0.2916,0.25367,0.50258,0.35007,0.66501,1.2708,0.38744,1.1581,0.65008,0.61872,1.0413,1.129,-0.46403,-0.37509,0.26951,0.73038,0.393,0.20496,0.15236,0.10927,0.31859,0.14908,0.85254,0.57707,0.526,0.485,0.48598,0.49411,0.34225,0.33941,0.48915,0.62999,0.3848,0.30041,0.75688,0.82898,1.0032,1.4579,1.6257,1.1854,0.79195,0.38422,0.55027,1.0783,0.90456,0.6077,0.79541,0.99265,1.1071,0.8992,0.71728,1.4866,1.1219,-0.3888,0.0013962,-0.062658,-0.32704,-0.56849,-0.70382,0.056546,-0.36327,-0.21836,-0.41272,-0.15194,-0.80574,0.12206,-0.030059,0.066673,-0.046179,-0.50289,-0.61556
0.53239,0.93986,0.018059,0.23038,0.57678,1.2924,0.66985,0.7974,0.92187,0.88529,0.34609,0.68298,0.68182,0.35767,0.72158,0.90881,0.96987,0.77747,0.97698,1.0511,0.78075,0.93349,1.2746,1.4746,0.79315,0,0.75504,0.7635,0.53348,0.64726,0.77765,1.4236,0.5218,0.32651,-0.034753,-0.27085,-0.1123,-0.29691,0.075529,0.31083,0.69028,1.1252,0.79948,0.99228,0.72625,0.95905,-0.14976,-0.09658,0.54591,0.12866,-0.24907,0.18764,0.51421,0.708,0.27334,0.62995,0.71648,0.3533,0.26773,0.22608,0.83073,0.38363,0.27932,0.23004,0.32326,0.46958,0.2548,0.46614,0.74347,0.57426,0.60058,0.66068,1.0041,0.64075,0.51623,-0.17603,0.68699,0.75705,0.5175,0.40986,0.46697,0.32578,0.4574,0.67873,0.54942,0.7641,0.68337,-0.19545,0.070872,0.26028,-0.12744,-0.62039,-0.20025,-0.16244,-0.093673,-0.20694,-0.46208,-0.19735,-0.81408,-0.090499,-0.20698,0.064578,0.060706,-0.51945,-0.20962
1.1976,0.83985,0.18652,0.28383,1.058,0.6144,0.34841,0.24365,0.62553,1.0039,0.5874,0.28544,0.50196,0.47826,1.3822,1.1175,0.782,0.5892,0.49476,0.64694,1.2945,0.75085,0.97999,1.138,0.51499,0.75504,0,1.2155,1.0643,0.73224,0.93084,0.71104,0.51469,0.6009,0.23428,-0.12372,0.04952,-0.21669,0.25073,0.090033,0.81563,0.796,0.89723,0.70399,0.84885,0.85714,-0.052141,-0.26246,0.95845,0.1197,-0.26037,0.51395,1.0642,0.65647,0.83213,0.84416,0.53992,0.46553,0.27635,0.77515,0.87609,0.77968,0.55536,0.5833,0.37738,0.20224,-0.1215,0.76874,1.2693,0.66911,0.71737,0.74974,0.70837,0.53023,0.36565,0.054489,0.41497,0.76052,0.85647,0.60756,0.79883,0.51301,0.37119,0.92103,0.86744,0.62114,0.64748,0.08018,0.28274,0.51459,0.10345,0.0041396,-0.34356,0.32671,-0.056505,0.12673,-0.008629,-0.087591,-0.30226,0.15206,0.057484,0.37842,0.17121,-0.42057,-0.46152
1.0612,0.88095,0.065269,0.13587,0.82601,0.67809,0.43508,0.30993,0.64333,1.2115,0.59451,0.45961,0.38409,0.26105,0.89281,1.0601,0.43818,0.3347,0.31386,0.44465,1.0486,0.8096,0.72932,1.1405,0.37141,0.7635,1.2155,0,0.71087,0.6256,0.69986,0.57885,0.32568,0.27485,0.030902,-0.35681,-0.020868,-0.24885,0.18654,-0.0028304,0.89204,0.73464,0.64866,0.59534,0.58403,0.60584,-0.11992,-0.24143,0.62783,-0.0083984,-0.40513,0.38357,1.0207,0.71074,0.56443,0.54613,0.20836,0.10949,0.011851,0.78636,1.1368,0.5228,0.37925,0.32961,0.13902,0.075159,-0.21587,0.60091,0.88601,0.31056,0.47989,0.53969,0.58031,0.33987,0.23314,-0.082052,0.47545,0.54297,0.53139,0.43098,0.45112,0.25077,0.14789,0.44683,0.34511,0.35764,0.28461,-0.15604,-0.0037524,0.52387,0.10273,0.0073356,-0.26295,0.24561,0.052199,0.15565,-0.016932,-0.16171,-0.28955,-0.059696,-0.16456,0.35271,0.33657,-0.39242,-0.33696
0.96015,0.75497,0.21668,0.39808,0.79648,0.48238,0.58841,0.42839,0.76744,0.91385,0.65232,0.41114,0.5962,0.71445,0.92171,0.61263,0.63528,0.52061,0.46012,0.47617,0.9849,0.50168,0.83951,0.85695,0.51321,0.53348,1.0643,0.71087,0,1.3286,0.96196,0.85832,0.67007,0.81112,0.40751,0.2064,0.059791,-0.088407,0.35662,0.16796,0.93087,0.75902,1.0004,0.76209,0.57288,0.69184,-0.094296,-0.30619,0.84889,0.18801,-0.061678,0.64767,0.76433,0.4782,0.64996,0.88128,0.60072,0.33505,0.1146,0.61286,0.60888,1.0089,0.74832,0.80183,0.77421,0.27456,-0.17113,0.65853,0.93159,1.1055,0.97626,0.6257,0.58858,0.48384,0.28522,-0.02379,0.21887,0.81139,0.86493,0.47753,0.80747,0.51015,0.4253,0.59153,0.62288,0.61095,0.66307,-0.023742,0.1069,0.26286,-0.064094,-0.13878,-0.3441,0.32999,-0.01184,-0.1403,-0.14135,-0.14846,-0.29607,0.45369,0.37223,0.33698,0.31442,-0.10628,-0.2008
0.87337,0.93417,0.33315,0.59986,0.66977,0.61223,0.92309,0.75172,0.84293,0.83136,0.62996,0.58634,0.74061,0.69229,0.70876,0.55847,0.60967,0.64816,0.64042,0.53688,0.804,0.42751,0.92263,0.89643,0.6541,0.64726,0.73224,0.6256,1.3286,0,1.1454,1.0155,0.67971,0.63648,0.38045,0.22183,0.050856,-0.12142,0.28828,0.27958,0.8877,0.87479,0.93989,1.0107,0.66684,0.93383,-0.21955,-0.29978,0.61521,0.35389,0.0329,0.34145,0.53404,0.35687,0.44934,0.55923,0.52993,0.18127,0.10466,0.55969,0.73,0.78612,0.5075,0.4735,0.50588,0.16931,-0.12367,0.38827,0.69153,0.8869,0.75632,0.64869,0.69973,0.46149,0.34399,-0.055801,0.32418,0.88478,0.72137,0.42813,0.61661,0.58473,0.61185,0.50534,0.49061,0.68149,0.62324,-0.23176,-0.058338,0.096156,-0.16777,-0.38193,-0.52435,0.1409,-0.15196,-0.26975,-0.44506,-0.10672,-0.36876,0.29783,0.16126,0.085324,0.095238,-0.087459,-0.14299
0.8256,0.7427,0.44571,0.74957,0.79159,0.65675,0.70732,0.55658,0.62789,0.62186,0.73456,0.48003,0.82525,0.63275,0.8021,0.72509,0.75509,0.82897,0.81373,0.78976,0.73554,0.42056,1.2311,1.0558,0.77073,0.77765,0.93084,0.69986,0.96196,1.1454,0,0.98267,0.82572,0.61562,0.70143,0.3276,0.1576,-0.12716,0.35161,0.31319,0.76599,0.97,0.91816,0.80663,0.93651,1.3363,-0.28625,-0.44145,0.50967,0.52228,0.076921,0.3038,0.49926,0.27388,0.47899,0.39974,0.58269,0.28092,0.25903,0.53865,0.5862,0.59416,0.28704,0.44153,0.3672,0.16759,-0.068264,0.6585,0.83686,0.77682,0.72115,0.77568,0.86056,0.56451,0.42793,-0.030671,0.23742,0.89524,0.75011,0.46444,0.65669,0.77746,0.83983,0.84711,0.68148,0.92185,0.70191,-0.21103,0.04542,0.13343,-0.20313,-0.24524,-0.56857,0.17219,-0.14723,0.0084081,-0.25192,0.14829,-0.37574,0.174,0.041842,0.18572,0.0021676,-0.13615,-0.36115
0.61117,1.0546,0.021141,0.28068,0.58835,1.292,0.8962,1.0053,1.0251,0.94158,0.42299,0.68841,0.65518,0.40601,0.65342,0.68076,0.8844,0.67286,0.90638,0.82396,0.74598,0.61896,1.2776,1.2138,0.69601,1.4236,0.71104,0.57885,0.85832,1.0155,0.98267,0,0.6149,0.40335,0.16424,0.00187,-0.14208,-0.35033,0.13402,0.24581,0.91366,1.1501,1.042,1.2986,0.65289,0.97932,-0.13817,-0.17512,0.60669,0.13027,-0.21966,0.23144,0.5465,0.65754,0.29837,0.79537,0.8705,0.23851,0.10668,0.20785,0.70091,0.50537,0.39976,0.40389,0.54906,0.40473,0.093326,0.51946,0.72999,0.91304,0.6969,0.56183,0.83769,0.57296,0.42916,-0.25917,0.52366,0.73431,0.49929,0.30358,0.43569,0.33112,0.46443,0.57468,0.5102,0.70373,0.67017,-0.21887,-0.017669,0.20539,-0.16166,-0.60676,-0.20082,-0.063258,-0.0055263,-0.33102,-0.50836,-0.11988,-0.65932,0.091336,0.048181,0.014056,0.045294,-0.20825,-0.042073
0.23389,0.28969,0.41774,0.63864,0.33906,0.28563,0.28784,0.34178,0.43715,0.27781,0.56187,0.72791,1.6194,1.063,0.49947,0.51826,0.43088,0.52638,0.56845,0.45136,0.36382,0.29816,0.64001,0.49406,0.74969,0.5218,0.51469,0.32568,0.67007,0.67971,0.82572,0.6149,0,1.0145,0.84977,0.57533,0.40476,0.31885,0.30349,0.51682,0.24123,0.63092,0.39654,0.28338,0.46531,0.67095,0.038703,-0.012309,0.23321,0.8103,0.53606,0.28364,0.14194,0.16991,0.53151,0.15635,0.45646,0.55353,0.54152,0.15504,0.26414,0.44011,0.30905,0.34339,0.40348,0.70854,0.52813,0.32951,0.66706,0.6849,0.71633,0.62587,0.66955,0.88602,0.81172,-0.0031534,0.0066347,1.146,0.96202,0.80153,0.89048,0.54107,0.61189,0.70776,0.52542,0.89619,0.53021,0.046911,0.35178,0.055354,-0.21214,-0.54291,-0.67966,-0.25879,-0.60665,-0.059192,-0.24514,-0.22405,-0.56829,-0.092705,-0.073074,-0.053021,0.037586,-0.33634,-0.55482
0.32706,0.21505,0.38347,0.55388,0.33688,-0.00084567,0.18675,0.13548,0.51123,0.24188,0.39908,0.37124,0.99254,1.7749,0.79738,0.52766,0.70838,0.72577,0.55162,0.56022,0.64494,0.55581,0.59496,0.47388,0.73284,0.32651,0.6009,0.27485,0.81112,0.63648,0.61562,0.40335,1.0145,0,0.45682,0.44094,0.26366,0.34162,0.28393,0.49089,0.19943,0.40192,0.57461,0.33778,0.64798,0.64771,-0.082615,-0.092653,0.57783,0.47456,0.40592,0.7078,0.10011,0.049332,0.48033,0.35504,0.59844,0.90688,0.72359,0.37228,0.19373,0.93882,0.73791,0.74646,0.75392,0.64621,0.36166,0.4951,0.79262,0.92179,0.98603,0.86381,0.64569,0.89496,0.74662,0.14572,-0.047006,0.87527,1.0604,0.6103,1.4247,0.69596,0.66856,0.7855,0.7852,0.83348,0.87753,0.12904,0.44683,0.045684,-0.08676,-0.2853,-0.54997,-0.02698,-0.58581,-0.22737,-0.21502,-0.3016,-0.30756,0.40392,0.38226,0.19855,0.27068,-0.22748,-0.63631
0.15289,-0.026043,0.58356,0.71786,0.25184,-0.021428,0.1309,0.052953,-0.045099,-0.086264,0.52543,0.21088,0.56437,0.49437,0.14653,0.10829,0.025598,0.18677,0.17781,0.079728,-0.029763,-0.26749,0.26195,0.064232,0.2916,-0.034753,0.23428,0.030902,0.40751,0.38045,0.70143,0.16424,0.84977,0.45682,0,1.1865,0.50403,0.30471,0.42117,0.26034,0.10799,0.26967,0.11845,-0.035343,0.20544,0.35079,-0.0056286,-0.22544,-0.073939,0.85994,0.65061,0.1315,0.025169,-0.20681,0.35923,-0.18365,0.12127,0.18027,0.23645,0.15977,-0.064879,0.14657,-0.037479,0.21391,0.13979,0.1527,0.11,0.1832,0.23953,0.34084,0.28316,0.25133,0.20885,0.30571,0.28213,0.092394,-0.32909,0.45517,0.46277,0.34263,0.35489,0.56789,0.53226,0.38463,0.25943,0.43172,0.15575,0.04739,0.17948,-0.10861,-0.23968,-0.048556,-0.57619,0.057784,-0.31085,0.23288,0.089487,0.22446,-0.097187,-0.019303,0.012393,0.021645,-0.10499,0.077315,-0.36905
-0.14043,-0.30141,0.60878,0.63802,0.00069054,-0.23562,0.16873,0.11153,-0.066243,-0.35459,0.40494,0.213,0.3311,0.46729,-0.0050705,-0.081824,-0.080548,0.099446,0.11557,-0.030227,-0.2362,-0.33782,0.031287,-0.21492,0.25367,-0.27085,-0.12372,-0.35681,0.2064,0.22183,0.3276,0.00187,0.57533,0.44094,1.1865,0,0.55837,0.56515,0.4952,0.41354,-0.050598,0.093452,0.021054,-0.093536,0.0098297,0.1278,-0.12816,-0.21621,-0.25572,0.70901,0.86879,0.089026,-0.26277,-0.43467,0.13747,-0.3523,0.18735,0.12391,0.13846,0.040084,-0.31417,0.19043,0.11189,0.21331,0.30599,0.1852,0.20376,-0.034271,0.044861,0.38186,0.30767,0.21872,0.13877,0.2501,0.23799,0.21014,-0.41645,0.25941,0.32287,0.11881,0.25239,0.44292,0.45287,0.10146,0.044585,0.30016,0.10067,-0.12752,-0.022471,-0.50119,-0.41983,-0.055052,-0.38192,0.051224,-0.30825,0.018832,0.072372,0.1469,0.060165,0.17311,0.27963,0.030332,0.0018265,0.16902,-0.20954
-0.005613,-0.37026,1.1909,0.65646,0.42145,-0.15594,0.044676,-0.078435,-0.099416,-0.20166,0.88282,0.22741,0.29402,0.27314,0.17278,0.12012,-0.084332,0.24395,0.16425,0.14168,-0.12293,-0.059691,-0.029346,-0.063451,0.50258,-0.1123,0.04952,-0.020868,0.059791,0.050856,0.1576,-0.14208,0.40476,0.26366,0.50403,0.55837,0,1.3678,1.1021,0.98001,-0.092806,0.25719,-0.099818,-0.25473,0.10076,0.091824,-0.47683,-0.49881,-0.39236,0.96102,0.97612,-0.21443,-0.071766,-0.35231,0.23325,-0.50416,0.13148,0.11432,0.11527,0.32125,-0.11725,0.050238,-0.032395,-0.16175,0.019439,0.18665,0.21371,-0.023363,0.19928,0.10766,0.43147,0.51605,0.46184,0.33779,0.20749,0.99096,-0.015251,0.52182,0.61009,0.68616,0.39068,0.36032,0.35805,0.21466,0.095137,0.54489,0.16055,-0.4589,-0.27237,-0.45413,-0.61195,0.12678,-0.46316,0.35415,-0.20601,0.54869,0.46424,0.20277,-0.079964,-0.079855,-0.25479,0.2008,-0.090466,-0.42654,-0.42851
-0.32132,-0.66601,0.81907,0.46634,0.045732,-0.46904,-0.12179,-0.19584,-0.18259,-0.44048,0.47747,0.1795,0.24391,0.35961,0.00053096,-0.06676,-0.19273,0.1176,0.0015504,-0.0067083,-0.26626,-0.054038,-0.25537,-0.28134,0.35007,-0.29691,-0.21669,-0.24885,-0.088407,-0.12142,-0.12716,-0.35033,0.31885,0.34162,0.30471,0.56515,1.3678,0,0.7405,0.89499,-0.3452,-0.014279,-0.27952,-0.4641,-0.11343,-0.15265,-0.38819,-0.27289,-0.47927,0.71779,1.1557,-0.079969,-0.36713,-0.51417,0.056233,-0.60546,0.025418,0.18863,0.19273,0.10926,-0.35701,0.060818,0.038711,-0.13712,0.1129,0.29618,0.39965,-0.14845,0.0067204,0.031737,0.35956,0.36263,0.2725,0.26301,0.18444,0.8259,-0.22934,0.35061,0.4749,0.48894,0.38626,0.20758,0.22762,0.019075,-0.053025,0.36663,0.079589,-0.33984,-0.19496,-0.63624,-0.60812,0.069175,-0.31497,0.14429,-0.31848,0.32521,0.40571,-0.015948,-0.0052843,0.027028,-0.083813,0.22134,0.13076,-0.33485,-0.34379
0.37486,-0.084606,0.97872,0.59507,0.74885,0.082892,0.48868,0.24954,0.27426,0.16983,1.2985,0.37,0.17193,0.27495,0.47285,0.37801,0.16911,0.37498,0.36895,0.38961,0.15692,0.16849,0.27019,0.23476,0.66501,0.075529,0.25073,0.18654,0.35662,0.28828,0.35161,0.13402,0.30349,0.28393,0.42117,0.4952,1.1021,0.7405,0,0.93988,0.42434,0.63252,0.36709,0.15919,0.31143,0.27963,-0.66696,-0.83376,-0.10746,0.51623,0.4603,0.12727,0.19092,-0.1908,0.25279,-0.14462,0.49675,0.16115,0.0052043,0.73114,0.14239,0.35973,0.27881,0.20844,0.34266,0.27058,0.0066714,0.20455,0.49916,0.42104,0.74494,0.78459,0.68512,0.4925,0.18789,0.72198,0.15139,0.46948,0.59933,0.41418,0.42013,0.51012,0.46811,0.30652,0.23599,0.60845,0.37452,-0.69155,-0.4633,-0.35523,-0.59625,0.0811,-0.45847,0.67085,0.024879,0.20458,0.30802,0.041949,-0.24314,0.16113,0.0076502,0.42588,0.18496,-0.34035,-0.46279
0.075096,-0.053278,0.99645,0.84863,0.42214,0.10575,0.40037,0.34972,0.35874,-0.0063201,0.69729,0.53759,0.58521,0.58896,0.36768,0.32891,0.43518,0.79083,0.79426,0.71806,0.1162,0.33987,0.37889,0.27668,1.2708,0.31083,0.090033,-0.0028304,0.16796,0.27958,0.31319,0.24581,0.51682,0.49089,0.26034,0.41354,0.98001,0.89499,0.93988,0,0.067362,0.62829,0.22911,0.18225,0.47748,0.48488,-0.60545,-0.42274,-0.1159,0.89116,0.79067,-0.0074905,-0.16166,-0.23674,0.097828,-0.23094,0.59118,0.40825,0.37886,0.3023,0.079633,0.24289,0.14935,0.076005,0.36174,0.57077,0.49159,0.049635,0.35019,0.46369,0.7423,0.96994,0.99253,0.80824,0.56751,0.70015,0.28395,0.7427,0.69824,0.57549,0.57049,0.67446,0.81269,0.48426,0.36966,1.0354,0.68713,-0.55733,-0.20314,-0.43856,-0.61276,-0.41328,-0.5909,0.09262,-0.36446,-0.0545,-0.12425,-0.076326,-0.55188,0.090014,-0.10782,0.084362,-0.060932,-0.47951,-0.51238
1.1584,0.87855,0.043858,0.12445,0.84279,0.86607,1.117,0.80996,0.95597,1.2987,0.6966,0.52079,0.16841,0.14859,0.81837,0.80828,0.51246,0.3215,0.43177,0.48539,0.89126,0.58461,0.88192,0.99882,0.38744,0.69028,0.81563,0.89204,0.93087,0.8877,0.76599,0.91366,0.24123,0.19943,0.10799,-0.050598,-0.092806,-0.3452,0.42434,0.067362,0,1.0168,1.2463,1.1534,0.50581,0.60806,-0.24861,-0.43264,0.61628,-0.14341,-0.46399,0.47535,0.93346,0.56016,0.37984,0.71054,0.66022,0.034436,-0.20621,0.76943,0.87441,0.7317,0.61564,0.56768,0.49574,0.12928,-0.31597,0.56607,0.85823,0.66026,0.64728,0.54263,0.60054,0.36945,0.14734,-0.20412,0.41954,0.3841,0.37822,0.12919,0.31277,0.25589,0.2257,0.33982,0.32387,0.35372,0.39434,-0.39439,-0.28544,0.20059,-0.12073,-0.1257,-0.19329,0.41382,0.24589,-0.19804,-0.14129,-0.17462,-0.31895,0.20489,0.1501,0.38109,0.39447,-0.15443,-0.15982
0.84992,0.84486,0.42324,0.55991,0.97395,1.0014,1.0749,1.0074,1.0739,0.95812,0.89844,0.95641,0.64501,0.45953,0.8871,1.0427,0.79723,0.77946,1.0761,1.0154,0.70905,0.68221,1.2493,1.1707,1.1581,1.1252,0.796,0.73464,0.75902,0.87479,0.97,1.1501,0.63092,0.40192,0.26967,0.093452,0.25719,-0.014279,0.63252,0.62829,1.0168,0,0.97551,1.0245,0.85905,1.0838,-0.29686,-0.37191,0.40735,0.35822,-0.024144,0.24428,0.63502,0.50269,0.491,0.43825,0.8975,0.30748,0.16734,0.6278,0.91055,0.54321,0.40777,0.41175,0.47123,0.49046,0.13437,0.41982,0.95915,0.85669,0.88005,0.99092,1.2965,0.8707,0.55381,0.10238,0.74852,0.9143,0.72945,0.49903,0.55379,0.64402,0.64467,0.75595,0.58945,0.95766,0.76096,-0.41114,-0.12086,0.1514,-0.22891,-0.49239,-0.51028,0.16845,-0.070187,-0.19897,-0.35291,-0.22108,-0.8567,0.0048761,-0.10164,0.14449,0.067486,-0.49175,-0.40935
1.0067,0.78021,0.12753,0.25887,0.75502,0.64398,0.9226,0.71771,1.114,0.97047,0.55101,0.44154,0.36881,0.45198,1.1352,0.88204,1.0315,0.72001,0.78455,0.87873,1.0862,0.74655,1.1607,1.1224,0.65008,0.79948,0.89723,0.64866,1.0004,0.93989,0.91816,1.042,0.39654,0.57461,0.11845,0.021054,-0.099818,-0.27952,0.36709,0.22911,1.2463,0.97551,0,1.4143,0.90514,0.95576,-0.30606,-0.42255,0.83967,-0.054112,-0.32264,0.59479,0.62093,0.41087,0.39601,0.87046,1.1428,0.39922,0.16719,0.70654,0.66412,1.0468,0.84483,0.80294,0.72098,0.31495,-0.13384,0.79414,1.2062,1.0554,0.92579,0.84249,0.8224,0.64368,0.35409,-0.1112,0.37637,0.54556,0.54889,0.23097,0.64807,0.45644,0.48765,0.71065,0.75428,0.66636,0.89146,-0.26604,-0.062241,0.186,-0.07671,-0.22569,-0.28922,0.32715,0.047323,-0.37904,-0.32355,-0.19916,-0.40716,0.42253,0.33642,0.32405,0.28793,-0.17225,-0.31572
0.87981,1.1664,0.038357,0.25634,0.62935,1.0011,1.1604,1.071,1.2504,1.0288,0.37602,0.54218,0.34854,0.32272,0.83864,0.81049,0.96991,0.65532,0.84131,0.79719,0.96114,0.72328,1.2021,1.1214,0.61872,0.99228,0.70399,0.59534,0.76209,1.0107,0.80663,1.2986,0.28338,0.33778,-0.035343,-0.093536,-0.25473,-0.4641,0.15919,0.18225,1.1534,1.0245,1.4143,0,0.8165,1.0206,-0.21307,-0.224,0.79973,-0.064987,-0.40982,0.34516,0.61128,0.56817,0.28931,0.80901,0.91928,0.21284,0.056915,0.5239,0.90956,0.74395,0.61188,0.55924,0.56031,0.22566,-0.079706,0.46183,0.76222,0.87037,0.62884,0.65564,0.77362,0.50937,0.38803,-0.18998,0.64453,0.49054,0.38421,0.13168,0.37398,0.4135,0.46016,0.51955,0.53818,0.52851,0.70608,-0.29021,-0.10438,0.18647,-0.028335,-0.43896,-0.22532,0.095728,-0.0033718,-0.51994,-0.59875,-0.20866,-0.46183,0.2713,0.19505,0.086019,0.10806,-0.1544,-0.1091
0.88723,0.73038,0.4125,0.57498,0.73089,0.41876,0.46627,0.3952,0.70104,0.57187,0.46915,0.35876,0.62486,0.64914,0.94096,0.84913,1.1833,1.1947,1.1402,1.2567,0.84009,0.68799,1.0922,0.95884,1.0413,0.72625,0.84885,0.58403,0.57288,0.66684,0.93651,0.65289,0.46531,0.64798,0.20544,0.0098297,0.10076,-0.11343,0.31143,0.47748,0.50581,0.85905,0.90514,0.8165,0,1.7423,-0.34853,-0.38454,0.63566,0.33451,-0.028923,0.34613,0.29901,0.14938,0.35388,0.38843,0.74934,0.55995,0.53499,0.66037,0.59631,0.54265,0.32684,0.52978,0.34878,0.28038,0.029042,0.58182,0.90275,0.70997,0.60744,1.0818,0.97808,0.88577,0.635,0.13425,0.4748,0.6354,0.57437,0.34252,0.65516,0.92558,0.86055,1.1594,1.0315,0.88021,1.049,-0.14693,0.16654,0.31829,0.077519,-0.31278,-0.72088,0.16356,-0.27726,-0.24142,-0.46959,-0.050562,-0.49656,0.17287,0.08567,0.0037757,-0.16254,-0.18696,-0.67287
0.82283,0.88885,0.42909,0.72403,0.74075,0.66189,0.66086,0.61196,0.80191,0.62903,0.52808,0.52328,0.8468,0.70302,0.90134,0.8862,1.1826,1.2092,1.3076,1.2225,0.82212,0.63614,1.4457,1.145,1.129,0.95905,0.85714,0.60584,0.69184,0.93383,1.3363,0.97932,0.67095,0.64771,0.35079,0.1278,0.091824,-0.15265,0.27963,0.48488,0.60806,1.0838,0.95576,1.0206,1.7423,0,-0.29893,-0.32507,0.6135,0.46361,0.026806,0.27226,0.3564,0.25943,0.38756,0.41324,0.78035,0.47662,0.475,0.5495,0.70505,0.54479,0.297,0.46827,0.38091,0.31579,0.10695,0.53754,0.86846,0.82215,0.66766,1.0239,1.1147,0.8513,0.69826,0.05198,0.49646,0.84547,0.66766,0.41914,0.65001,0.94774,0.99978,1.0968,0.91818,1.0274,0.99233,-0.18703,0.13608,0.23166,-0.041461,-0.47536,-0.70878,0.025784,-0.32901,-0.24054,-0.56652,-0.022615,-0.60051,0.11575,0.0086527,-0.038915,-0.16971,-0.21123,-0.50785
