,,,,,,,,,,,,,,,,,,,,,,,,,,,,,,,,,,,,,,,,,,,,,,,,,,,,,,,,,,,,,,,,,,,,,,,,,,,,,,,,,,,,,,,,,,,,,,,,,,,,,,,,
0,0.85094,0.15784,0.2473,0.74282,0.35151,0.62964,0.4119,0.53581,0.84774,0.37184,0.12611,0.077627,0.1226,0.62318,0.45757,0.32252,0.28626,0.26757,0.25738,0.77815,0.12006,0.60445,0.64085,0.19728,0.27332,0.72653,0.63195,0.7597,0.94482,0.6473,0.48012,0.049228,0.11108,0.14136,0.0051577,-0.25412,-0.54183,0.10189,-0.1052,0.8818,0.50095,0.98929,0.88664,0.62431,0.69807,-0.093976,-0.24655,0.60805,-0.029258,-0.34416,0.22267,0.7762,0.21007,0.34645,0.37984,0.20793,-0.020355,-0.0093301,0.92211,0.70011,0.49588,0.32638,0.36027,0.06938,-0.26616,-0.43218,0.30234,0.52345,0.36162,0.16669,0.36433,0.26336,0.10974,0.077949,-0.18777,0.27311,0.156,0.12279,-0.030339,0.14316,0.39204,0.27149,0.36321,0.35985,0.162,0.28913,-0.087799,-0.035747,0.30448,0.22159,0.018483,-0.33615,0.42334,0.037817,-0.23993,-0.28146,0.034794,-0.03025,0.251,0.15811,0.061251,-0.03391,0.14314,-0.21374
0.85094,0,-0.050838,0.21003,0.17212,0.52841,0.46385,0.56925,0.68988,1.0214,-0.063213,0.32508,0.17335,0.043179,0.24583,0.32919,0.32415,0.20801,0.29352,0.19527,0.55199,0.20215,0.44098,0.66505,0.18442,0.53871,0.4042,0.41361,0.50071,0.84415,0.33619,0.74628,0.031645,-0.032691,-0.19284,-0.31062,-0.61795,-0.79499,-0.37697,-0.22501,0.57573,0.49759,0.53854,1.0436,0.37574,0.50699,0.16448,0.16371,0.64034,-0.14678,-0.57469,0.12248,0.55901,0.71011,0.32184,0.74943,0.075798,-0.25781,-0.19837,0.31195,0.99822,0.26477,0.21868,0.33379,0.21218,-0.23794,-0.30397,0.036595,0.15832,0.40526,0.048635,0.094521,0.15388,-0.055316,0.052494,-0.37101,0.67566,0.27073,0.045028,0.0042974,-0.068361,0.25035,0.18194,0.26809,0.24506,0.12167,0.19027,-0.017678,-0.03449,0.52957,0.47867,-0.3616,-0.095,-0.048145,0.1124,-0.57077,-0.74886,-0.14165,-0.17222,0.18481,0.17641,-0.31115,-0.14401,0.18553,0.27043
0.15784,-0.050838,0,1.1919,0.30075,-0.090909,0.12871,0.19053,0.05003,-0.090173,0.48584,0.36885,0.41792,0.3465,0.45879,0.57426,0.23802,0.67998,0.49528,0.54815,-0.033539,0.098966,0.22988,0.26792,0.74962,0.17231,0.25951,0.13342,0.07129,0.21896,0.26849,0.010059,0.36407,0.32122,0.21712,0.29233,0.83398,0.65443,0.72071,0.75091,0.12355,0.54546,0.17992,0.1062,0.32224,0.39429,-0.55415,-0.47818,-0.29078,0.7692,0.63417,-0.023684,-0.24549,-0.40573,0.43913,-0.35805,0.28812,0.2966,0.34595,0.47763,0.15731,0.22083,0.061503,0.022117,0.11245,0.1001,0.2312,-0.085774,0.4853,0.25616,0.51408,0.8404,0.73521,0.23637,0.29186,1.0157,0.24413,0.76886,0.83125,0.63107,0.55233,0.90632,0.93062,0.86298,0.73683,1.0485,0.50088,-0.41087,-0.10938,-0.56308,-0.35556,-0.21953,-0.5223,0.1443,-0.24091,0.15638,-0.0232,0.017586,-0.18261,-0.053319,-0.15034,0.11915,-0.098272,-0.45569,-0.42757
0.2473,0.21003,1.1919,0,0.35689,0.18334,0.2729,0.38385,0.39785,0.1723,0.43129,0.6237,0.67498,0.56417,0.63624,0.7873,0.56266,0.84816,0.78517,0.75389,0.23131,0.30959,0.62118,0.57977,0.95533,0.51369,0.56448,0.35854,0.35919,0.43581,0.49848,0.31926,0.46671,0.42679,0.26078,0.2686,0.38825,0.30423,0.48332,0.70522,0.2808,0.86412,0.28797,0.32288,0.44491,0.67426,-0.299,-0.20723,0.044874,0.74923,0.5026,0.17298,-0.019551,-0.0086051,0.57721,-0.10645,0.29483,0.33235,0.38229,0.41731,0.3832,0.36168,0.21882,0.29515,0.35007,0.26377,0.30795,0.14078,0.5131,0.52846,0.5929,0.80599,0.83205,0.34158,0.59276,0.58042,0.45814,0.97483,0.94266,0.57799,0.67648,1.3419,1.3429,1.2723,1.0003,1.3055,0.85723,-0.18956,0.12304,-0.24751,-0.13045,-0.48798,-0.44271,-0.058191,-0.23764,-0.065414,-0.16981,-0.20383,-0.31596,0.14116,0.01934,0.067001,0.030259,-0.25575,-0.29011
0.74282,0.17212,0.30075,0.35689,0,0.71803,0.77695,0.48535,0.36377,0.42142,0.88683,0.26271,0.27404,0.28107,0.77968,0.58033,0.37845,0.43076,0.46568,0.46841,0.52842,0.19326,0.90775,0.60014,0.40241,0.50902,0.74991,0.69235,0.63721,0.59608,0.83834,0.5497,0.27471,0.23229,0.47418,0.36156,0.22432,-0.11639,0.63441,0.31003,0.70872,0.64644,0.73381,0.50853,0.45154,0.70726,-0.25807,-0.34534,0.17852,0.3677,0.18896,-0.13723,0.69623,0.1176,0.18602,-0.086331,0.40702,0.24326,0.21503,0.52536,0.32832,0.30479,0.15666,-0.026228,-0.14323,0.17577,0.059751,0.30034,0.70236,0.27495,0.3639,0.51646,0.58644,0.38954,0.46386,0.082215,0.17562,0.28089,0.33124,0.13726,0.32721,0.39869,0.39119,0.28035,0.2353,0.368,0.38985,-0.19259,0.035546,-0.082113,-0.28611,0.04667,-0.26904,0.26177,-0.14786,0.21694,0.1875,0.20015,-0.10222,-0.13313,-0.27406,0.1433,-0.033569,-0.24652,-0.53386
0.35151,0.52841,-0.090909,0.18334,0.71803,0,0.95172,1.0213,0.64844,0.72692,0.45323,0.65762,0.25444,0.0647,0.34987,0.51953,0.33117,0.22918,0.50951,0.39392,0.36942,0.34604,0.85187,0.74816,0.33538,1.1882,0.44456,0.65095,0.41462,0.51958,0.55227,1.1423,0.16225,-0.082059,0.11929,0.035853,-0.17679,-0.45024,0.17166,0.15403,0.72567,0.83241,0.44707,0.73812,0.17956,0.50378,-0.046348,0.0065566,0.13456,0.1018,-0.12889,-0.28599,0.74453,0.80807,0.04926,0.1431,0.26281,-0.1345,-0.12499,0.046352,0.59982,0.083921,0.10037,-0.118,-0.060723,0.21089,0.11158,0.084953,0.29181,0.26358,0.18536,0.16475,0.48151,0.222,0.38285,-0.29417,0.57644,0.24318,0.090849,-0.041433,-0.031023,0.10443,0.18198,-0.009625,-0.092301,0.18748,0.18779,-0.26812,-0.13326,0.067726,-0.18298,-0.32494,0.069068,-0.14028,0.072515,-0.058986,-0.071954,-0.036056,-0.23066,-0.28203,-0.28969,-0.13397,-0.0032861,-0.17387,0.065841
0.62964,0.46385,0.12871,0.2729,0.77695,0.95172,0,1.3602,0.98458,0.66345,0.775,0.75633,0.35391,0.31461,0.69455,0.72452,0.5547,0.44969,0.65503,0.64069,0.61564,0.53213,1.0252,0.90369,0.6112,0.88247,0.34772,0.53523,0.65068,0.86352,0.81711,1.1928,0.36679,0.24147,0.30107,0.3506,0.037619,-0.15818,0.54093,0.39563,1.0084,1.0006,1.1606,1.1481,0.47373,0.72114,-0.30608,-0.30216,0.24925,0.18595,-0.012459,0.086212,0.57299,0.36374,0.14112,0.18513,0.66297,0.081699,0.010515,0.41141,0.51218,0.57698,0.46582,0.23994,0.24311,0.31513,0.060495,0.31969,0.79854,0.65141,0.6536,0.59739,0.79856,0.58721,0.47673,-0.26809,0.28143,0.36303,0.28035,0.013798,0.28149,0.2822,0.35934,0.16447,0.0893,0.43979,0.44431,-0.53441,-0.30894,-0.16858,-0.40186,-0.32219,-0.21624,0.049494,-0.092239,-0.31861,-0.23344,-0.18148,-0.3335,0.06614,-0.029914,0.12031,0.1652,-0.18035,-0.2411
0.4119,0.56925,0.19053,0.38385,0.48535,1.0213,1.3602,0,0.97786,0.77342,0.55457,1.2143,0.34555,0.25393,0.48832,0.7051,0.43929,0.38011,0.66224,0.59011,0.32976,0.47019,0.76199,0.71404,0.62661,1.0358,0.32038,0.42781,0.51663,0.67951,0.4927,1.2559,0.33254,0.17611,0.10021,0.21568,-0.014423,-0.14397,0.44999,0.38914,0.94022,1.2682,0.80919,1.0859,0.26534,0.53288,-0.21421,-0.13538,0.092789,0.12165,-0.042525,0.025052,0.42012,0.53591,0.25382,0.27317,0.67654,-0.0060904,-0.093965,0.18314,0.52326,0.46236,0.47088,0.24022,0.32966,0.39073,0.18348,0.12508,0.60613,0.71123,0.57405,0.46565,0.74575,0.42765,0.47672,-0.19255,0.58783,0.48337,0.34633,0.075041,0.23485,0.2915,0.34888,0.24729,0.17054,0.50046,0.42277,-0.51183,-0.29214,-0.14696,-0.26874,-0.50813,-0.070688,-0.05709,0.032954,-0.41354,-0.25785,-0.36045,-0.2972,-0.053484,0.015951,-0.019484,0.14408,-0.21254,-0.035136
0.53581,0.68988,0.05003,0.39785,0.36377,0.64844,0.98458,0.97786,0,0.86493,0.33839,0.82277,0.3781,0.38015,0.71409,0.72733,0.76121,0.55238,0.83096,0.67807,0.84321,0.70979,1.0521,0.93761,0.71295,0.94885,0.56383,0.4776,0.65936,0.84,0.51969,0.98359,0.21346,0.26512,-0.059823,0.017764,-0.31945,-0.26543,0.092951,0.38221,0.78813,0.98118,0.99604,1.2081,0.55683,0.83554,-0.098672,0.051724,0.55309,0.00090614,-0.15278,0.3101,0.43104,0.54084,0.21654,0.34189,0.46599,0.14864,0.11942,0.44106,0.74246,0.65599,0.86591,0.51785,0.59155,0.2916,0.12294,0.28699,0.50612,0.82289,0.58826,0.62923,0.7067,0.49019,0.59242,-0.2386,0.62769,0.37511,0.259,-0.0093802,0.3417,0.39828,0.45943,0.3813,0.32031,0.49011,0.76365,-0.23075,-0.016246,0.0067466,0.032846,-0.62632,-0.20156,-0.046713,-0.024589,-0.79428,-0.53276,-0.51439,-0.39759,0.42705,0.36888,0.045305,0.31352,-0.059116,-0.11364
0.84774,1.0214,-0.090173,0.1723,0.42142,0.72692,0.66345,0.77342,0.86493,0,0.30082,0.53307,0.052477,0.00098686,0.38926,0.42534,0.15241,0.10105,0.26703,0.16503,0.5249,0.20912,0.56103,0.69087,0.13853,0.64592,0.77336,0.7825,0.67261,0.75838,0.40698,0.77594,-0.04461,-0.092869,-0.17962,-0.28244,-0.55165,-0.72789,-0.10316,-0.18261,1.0824,0.69954,0.70064,0.91642,0.25656,0.43835,0.0018734,0.0017903,0.40119,-0.28136,-0.49039,0.15253,0.78356,0.65642,0.15635,0.42622,0.033006,-0.29119,-0.27942,0.47275,0.91857,0.38798,0.49794,0.21625,0.084171,-0.12513,-0.2904,0.24827,0.26877,0.26365,0.070017,0.16461,0.25118,-0.019391,0.067599,-0.34685,0.61523,0.15831,0.025956,-0.17209,-0.031397,0.11092,0.12759,0.16677,0.10024,0.083425,0.15588,-0.17469,-0.15377,0.29959,0.20532,-0.17607,0.10817,0.26249,0.39405,-0.35826,-0.1803,-0.27498,0.055634,0.13076,0.21667,0.051763,0.29939,0.15522,0.27176
0.37184,-0.063213,0.48584,0.43129,0.88683,0.45323,0.775,0.55457,0.33839,0.30082,0,0.61112,0.41778,0.36761,0.64406,0.60392,0.16809,0.40483,0.48274,0.46167,0.27634,0.18242,0.64068,0.50308,0.5504,0.44403,0.54414,0.66181,0.547,0.50942,0.9751,0.46015,0.51253,0.29819,0.68466,0.62237,0.62079,0.2766,0.95442,0.53893,0.55997,0.68991,0.5148,0.26145,0.41468,0.56619,-0.54286,-0.69242,-0.21142,0.5837,0.51916,-0.11987,0.39575,-0.036578,0.22948,-0.41416,0.23902,0.10267,0.13391,0.47048,0.17997,0.41716,0.33145,-0.10466,-0.13695,0.15783,-0.015726,0.39238,0.87092,0.27115,0.54359,0.68694,0.78391,0.57629,0.32985,0.15614,-0.035634,0.40452,0.45634,0.1397,0.45581,0.28748,0.39609,0.23158,0.058051,0.50921,0.29407,-0.53166,-0.26817,-0.39352,-0.79207,0.048979,-0.28827,0.40646,-0.012431,0.31769,0.34865,0.069533,0.0062253,-0.10724,-0.11538,0.3367,0.17149,-0.24161,-0.38839
0.12611,0.32508,0.36885,0.6237,0.26271,0.65762,0.75633,1.2143,0.82277,0.53307,0.61112,0,0.64156,0.47408,0.47137,0.83058,0.33608,0.42687,0.71751,0.56342,0.20557,0.466,0.66081,0.62022,0.81545,0.96938,0.41139,0.48906,0.48901,0.55474,0.46555,0.83534,0.56673,0.32191,0.20255,0.31304,0.16383,0.16965,0.43951,0.60805,0.57647,1.2254,0.43271,0.54142,0.2169,0.51844,-0.17976,-0.051049,-0.099199,0.36493,0.27852,0.042489,0.24076,0.48462,0.45307,0.0081419,0.40422,0.14683,0.13698,0.12983,0.46869,0.41078,0.52199,0.17726,0.3523,0.51308,0.40129,0.035858,0.57507,0.66917,0.64734,0.56043,0.85092,0.50058,0.6046,-0.012726,0.51773,0.7209,0.58629,0.24587,0.46066,0.39892,0.45884,0.3481,0.21289,0.6761,0.46119,-0.36064,-0.088192,-0.23781,-0.31874,-0.66932,-0.22195,-0.19484,-0.082638,-0.2834,-0.18676,-0.57066,-0.38443,-0.13035,0.029878,-0.0015087,0.26942,-0.35185,-0.12993
0.077627,0.17335,0.41792,0.67498,0.27404,0.25444,0.35391,0.34555,0.3781,0.052477,0.41778,0.64156,0,1.3673,0.55397,0.54647,0.64141,0.7581,0.68171,0.61084,0.40494,0.44647,0.65491,0.6013,0.89468,0.61783,0.27724,0.31279,0.65594,0.72359,0.76941,0.62334,1.5079,1.014,0.67199,0.59693,0.41031,0.38216,0.27734,0.65609,0.00073312,0.48232,0.2636,0.2465,0.48968,0.68717,-0.01582,0.025181,0.20893,1.1447,0.81361,0.10129,0.061774,0.20114,0.53945,0.065007,0.30571,0.62818,0.68832,0.025308,0.23342,0.42254,0.21231,0.18085,0.24344,0.64112,0.50994,0.1562,0.75603,0.70173,0.79187,0.60071,0.71935,0.87238,0.8924,0.087654,0.0005581,1.2247,1.0004,0.71631,0.98088,0.60912,0.66428,0.57219,0.47551,0.90715,0.65391,0.081304,0.36621,0.00071801,-0.26431,-0.61005,-0.57821,-0.57504,-0.77577,-0.12327,-0.35477,-0.30586,-0.6047,-0.046692,-0.16775,-0.26485,-0.12624,-0.3463,-0.40193
0.1226,0.043179,0.3465,0.56417,0.28107,0.0647,0.31461,0.25393,0.38015,0.00098686,0.36761,0.47408,1.3673,0,0.78804,0.57639,0.76864,0.76222,0.5987,0.6327,0.52284,0.59515,0.63797,0.48124,0.78927,0.38601,0.31579,0.25647,0.7628,0.59675,0.67021,0.43915,1.1445,1.7582,0.6517,0.7311,0.31033,0.3943,0.35031,0.57913,0.015805,0.33682,0.39382,0.23982,0.54727,0.62047,-0.034539,-0.0099373,0.38219,0.78367,0.75846,0.44654,0.0035915,0.042258,0.455,0.13748,0.43398,0.95146,0.82001,0.1392,0.10442,0.734,0.48824,0.47149,0.39852,0.77868,0.50425,0.30105,0.96106,0.8632,0.95218,0.71778,0.64225,1.0431,1.0314,0.09313,-0.14581,0.82657,0.96686,0.45509,1.2459,0.71975,0.67214,0.58034,0.57515,0.7391,0.77447,0.17657,0.50311,-0.0028122,-0.1918,-0.39067,-0.48114,-0.40529,-0.81091,-0.22674,-0.24362,-0.39856,-0.39709,0.18814,0.12808,-0.053758,0.091566,-0.21439,-0.55407
0.62318,0.24583,0.45879,0.63624,0.77968,0.34987,0.69455,0.48832,0.71409,0.38926,0.64406,0.47137,0.55397,0.78804,0,1.3293,0.88108,0.90272,0.74902,0.84501,1.0589,0.92427,1.0709,0.9122,0.82021,0.60711,0.83664,0.7293,0.69539,0.71874,0.78273,0.45787,0.39205,0.68885,0.27216,0.29447,0.15384,0.09005,0.46004,0.53073,0.5272,0.68339,0.83473,0.68507,0.78426,0.93438,-0.33897,-0.25798,0.51904,0.391,0.26884,0.38714,0.40586,0.13129,0.40355,0.065638,0.44157,0.56347,0.5055,0.82374,0.56847,1.0516,0.81128,0.37131,0.24648,0.28752,0.17031,0.32772,1.1656,0.59829,0.80868,1.2501,0.98906,0.67959,0.75631,0.23588,0.22943,0.58121,0.75925,0.2491,0.87239,0.83101,0.8144,0.62395,0.62136,0.69554,0.88325,-0.16809,0.16207,-0.18258,-0.21915,-0.19973,-0.41061,0.089579,-0.38808,-0.1472,-0.10045,-0.28902,-0.16199,0.30016,0.12971,0.32312,0.27541,-0.36818,-0.56437
0.45757,0.32919,0.57426,0.7873,0.58033,0.51953,0.72452,0.7051,0.72733,0.42534,0.60392,0.83058,0.54647,0.57639,1.3293,0,0.66991,0.79442,0.84755,0.85015,0.66752,0.8736,0.98686,0.98119,0.94626,0.84455,0.73668,0.81909,0.44758,0.58847,0.63264,0.49601,0.34595,0.39814,0.17742,0.19999,0.15397,0.09836,0.4487,0.62006,0.56612,1.0081,0.567,0.67236,0.61387,0.88136,-0.34231,-0.19858,0.21973,0.41719,0.23166,0.19814,0.38998,0.29714,0.49192,-0.068833,0.34125,0.41322,0.43808,0.71704,0.83355,0.65344,0.58647,0.19967,0.19337,0.27,0.28133,0.031007,0.85085,0.4923,0.6434,1.1171,1.1598,0.53635,0.687,0.28343,0.50548,0.63732,0.70654,0.24352,0.62117,0.86486,0.82724,0.54867,0.48285,0.70018,0.67057,-0.28585,0.059506,-0.2576,-0.25036,-0.41711,-0.45861,-0.058646,-0.33751,-0.14814,-0.18851,-0.41237,-0.3283,0.013841,-0.037911,0.19981,0.24989,-0.54579,-0.46097
0.32252,0.32415,0.23802,0.56266,0.37845,0.33117,0.5547,0.43929,0.76121,0.15241,0.16809,0.33608,0.64141,0.76864,0.88108,0.66991,0,1.274,1.1218,1.3207,0.85838,0.96824,1.0151,0.86032,1.0001,0.7288,0.31971,0.24,0.44577,0.56382,0.59041,0.617,0.35187,0.64729,0.15405,0.19129,-0.026235,-0.02025,0.20658,0.64294,0.19245,0.54494,0.66337,0.73522,0.91201,0.98579,-0.23334,-0.094422,0.66888,0.37727,0.18061,0.28025,0.075353,0.16589,0.20504,0.31245,0.63811,0.61474,0.57269,0.25343,0.33172,0.59929,0.42264,0.48974,0.50504,0.43449,0.26115,0.34982,0.67987,0.85767,0.73247,0.80851,0.82014,0.77577,0.8146,0.096612,0.30665,0.52363,0.49494,0.22003,0.67706,0.7758,0.83574,0.69973,0.78092,0.78248,1.4796,-0.059874,0.21432,0.011866,-0.04185,-0.56855,-0.40745,-0.27684,-0.47605,-0.51436,-0.54793,-0.27564,-0.53355,0.48655,0.18611,-0.099775,-0.09092,-0.13116,-0.35544
0.28626,0.20801,0.67998,0.84816,0.43076,0.22918,0.44969,0.38011,0.55238,0.10105,0.40483,0.42687,0.7581,0.76222,0.90272,0.79442,1.274,0,1.4714,1.8116,0.57371,0.736,0.8646,0.91359,1.5518,0.72583,0.39521,0.32739,0.34395,0.55121,0.64842,0.47774,0.40498,0.59047,0.17512,0.18585,0.29069,0.23417,0.39893,0.991,0.14219,0.67222,0.53831,0.53596,1.0749,1.1314,-0.59511,-0.41047,0.2424,0.66369,0.45428,0.046404,-0.088031,-0.086745,0.20021,-0.033215,0.45158,0.5864,0.69411,0.41506,0.3695,0.4463,0.3088,0.16224,0.247,0.27809,0.21651,0.1898,0.7685,0.6096,0.74803,1.2842,1.2774,0.73787,0.63113,0.50078,0.34977,0.71534,0.65361,0.33098,0.73354,0.96919,1.232,0.85142,0.84873,1.1573,1.3321,-0.29656,0.044204,-0.21998,-0.27263,-0.5359,-0.60701,-0.089244,-0.40849,-0.24499,-0.4057,-0.13902,-0.49099,0.26156,0.045905,-0.1106,-0.16834,-0.2953,-0.41383
0.26757,0.29352,0.49528,0.78517,0.46568,0.50951,0.65503,0.66224,0.83096,0.26703,0.48274,0.71751,0.68171,0.5987,0.74902,0.84755,1.1218,1.4714,0,1.8107,0.47604,0.62292,1.143,0.9305,1.7497,1.0178,0.45209,0.35946,0.34925,0.53607,0.68512,0.70536,0.36822,0.37409,0.18417,0.20394,0.15677,0.073107,0.39333,1.0321,0.2913,1.0318,0.56275,0.64299,0.98851,1.3005,-0.42786,-0.2688,0.14676,0.55884,0.36104,-0.060919,0.054101,0.13098,0.17724,-0.098616,0.45779,0.4505,0.5623,0.33101,0.48724,0.30341,0.33826,0.14288,0.25063,0.36933,0.27595,0.12229,0.64006,0.67243,0.61646,1.0411,1.2856,0.8328,0.75284,0.2973,0.58235,0.55687,0.4286,0.13545,0.48619,0.84103,1.0494,0.70525,0.609,0.9464,1.2043,-0.29139,0.048612,-0.14165,-0.21374,-0.72552,-0.51525,-0.11611,-0.2512,-0.38175,-0.44807,-0.23653,-0.61531,0.13948,0.064958,-0.23211,-0.15055,-0.24248,-0.34805
0.25738,0.19527,0.54815,0.75389,0.46841,0.39392,0.64069,0.59011,0.67807,0.16503,0.46167,0.56342,0.61084,0.6327,0.84501,0.85015,1.3207,1.8116,1.8107,0,0.50337,0.78335,0.98447,0.93174,1.564,0.88978,0.35289,0.34156,0.29789,0.46029,0.65005,0.59593,0.32122,0.46039,0.16424,0.20725,0.22087,0.14488,0.49671,1.0233,0.25296,0.8314,0.61178,0.62723,0.99871,1.1041,-0.61323,-0.42648,0.16544,0.52199,0.34597,0.011218,-0.020538,0.011984,0.13653,-0.042573,0.56372,0.50955,0.56875,0.35204,0.35379,0.4159,0.32851,0.17701,0.26333,0.36219,0.23705,0.2444,0.7653,0.64987,0.72462,1.15,1.3663,0.79842,0.65459,0.38453,0.43837,0.55989,0.50025,0.17067,0.59486,0.83932,1.0479,0.72404,0.68512,1.019,1.2954,-0.39011,-0.044907,-0.22754,-0.31409,-0.53994,-0.46307,-0.065606,-0.28246,-0.30438,-0.3582,-0.19129,-0.51326,0.23109,0.063404,-0.067748,-0.10316,-0.26286,-0.36889
0.77815,0.55199,-0.033539,0.23131,0.52842,0.36942,0.61564,0.32976,0.84321,0.5249,0.27634,0.20557,0.40494,0.52284,1.0589,0.66752,0.85838,0.57371,0.47604,0.50337,0,0.87638,0.91887,0.9673,0.42177,0.54389,0.68276,0.69197,0.81983,0.93982,0.69571,0.56395,0.22353,0.4812,0.10557,0.032761,-0.27297,-0.27889,-0.032844,0.15417,0.49895,0.37603,0.83534,0.83325,0.72749,0.83581,-0.10206,-0.04601,1.1511,0.082622,-0.13424,0.41269,0.60091,0.37571,0.28076,0.43201,0.27411,0.29757,0.28369,0.60635,0.62197,0.87287,0.68641,0.4542,0.34082,0.047268,-0.087525,0.45679,0.65426,0.55233,0.5202,0.59474,0.5012,0.41771,0.45,-0.22894,0.15499,0.32484,0.34939,0.10596,0.54122,0.37433,0.36147,0.30362,0.34883,0.3118,0.64464,-0.0012486,0.16513,0.13409,0.042073,-0.20839,-0.34815,-0.0068107,-0.30638,-0.33446,-0.35429,-0.20684,-0.19152,0.55084,0.24989,0.18274,0.19928,-0.044056,-0.30039
0.12006,0.20215,0.098966,0.30959,0.19326,0.34604,0.53213,0.47019,0.70979,0.20912,0.18242,0.466,0.44647,0.59515,0.92427,0.8736,0.96824,0.736,0.62292,0.78335,0.87638,0,0.66907,0.84116,0.65078,0.74208,0.27937,0.44654,0.32478,0.41395,0.33129,0.46602,0.20914,0.53069,-0.093573,0.019561,-0.069648,0.090848,0.1472,0.46976,0.26723,0.41053,0.48644,0.62257,0.42932,0.49954,-0.36555,-0.099739,0.50799,0.11647,0.058752,0.37009,0.10878,0.29079,0.11795,0.2679,0.43354,0.3966,0.3177,0.24979,0.39909,0.79747,0.70789,0.31815,0.4579,0.34648,0.25872,0.23176,0.62519,0.53143,0.77645,0.73976,0.78787,0.47664,0.55326,0.039461,0.24064,0.4492,0.52518,0.15571,0.63206,0.38324,0.47829,0.23423,0.31118,0.49481,0.70651,-0.284,-0.026463,-0.27505,-0.27715,-0.40292,-0.15962,-0.26867,-0.35336,-0.31992,-0.25603,-0.42785,-0.24591,0.37844,0.17326,0.26338,0.37282,-0.33566,-0.1895
0.60445,0.44098,0.22988,0.62118,0.90775,0.85187,1.0252,0.76199,1.0521,0.56103,0.64068,0.66081,0.65491,0.63797,1.0709,0.98686,1.0151,0.8646,1.143,0.98447,0.91887,0.66907,0,1.2494,0.93553,1.0942,0.80537,0.7456,0.80004,0.88206,1.0812,0.9782,0.42496,0.4134,0.3743,0.30404,-0.034188,-0.18171,0.36165,0.57067,0.66315,1.0689,0.84115,0.87106,0.83716,1.4065,-0.19182,-0.13817,0.47732,0.42784,0.19347,0.14393,0.54531,0.37766,0.24343,0.07045,0.43285,0.41132,0.43616,0.50009,0.67801,0.51599,0.45589,0.28595,0.24727,0.39272,0.21775,0.33632,0.75896,0.68754,0.59749,0.81074,0.97435,0.75925,0.88255,-0.048204,0.40841,0.48122,0.42558,0.083685,0.49981,0.72663,0.78954,0.5087,0.43484,0.6336,0.90441,-0.12626,0.17291,0.013403,-0.15948,-0.51086,-0.42527,-0.10059,-0.29333,-0.29805,-0.2903,-0.25029,-0.49232,0.15974,0.023409,-0.0228,0.090466,-0.16222,-0.40805
0.64085,0.66505,0.26792,0.57977,0.60014,0.74816,0.90369,0.71404,0.93761,0.69087,0.50308,0.62022,0.6013,0.48124,0.9122,0.98119,0.86032,0.91359,0.9305,0.93174,0.9673,0.84116,1.2494,0,0.81652,1.2469,0.65959,0.96536,0.66955,1.0287,0.91451,0.96186,0.29425,0.29029,0.10945,-0.0048818,-0.10854,-0.22455,0.18794,0.41284,0.67233,0.92004,0.77248,0.998,0.77495,1.1106,-0.44217,-0.3219,0.44944,0.29947,0.0081212,0.12017,0.4339,0.37292,0.16877,0.19467,0.24472,0.15535,0.24338,0.5609,0.91725,0.5165,0.37417,0.158,0.18845,0.090647,-0.026291,0.31291,0.68447,0.49089,0.55849,0.7701,0.9855,0.4122,0.41179,-0.023686,0.45308,0.57393,0.43002,0.13176,0.41433,0.573,0.72786,0.40711,0.36469,0.62794,0.67874,-0.39367,-0.14636,-0.038362,-0.22373,-0.49688,-0.38432,-0.06555,-0.16083,-0.25405,-0.39276,-0.18876,-0.40459,0.1933,-0.013909,0.029219,0.12965,-0.14668,-0.12565
0.19728,0.18442,0.74962,0.95533,0.40241,0.33538,0.6112,0.62661,0.71295,0.13853,0.5504,0.81545,0.89468,0.78927,0.82021,0.94626,1.0001,1.5518,1.7497,1.564,0.42177,0.65078,0.93553,0.81652,0,0.85339,0.36796,0.29277,0.35607,0.56976,0.64567,0.59496,0.58615,0.5738,0.27328,0.35723,0.39621,0.36332,0.54559,1.3996,0.22765,0.99325,0.53692,0.54595,0.86274,1.1219,-0.46615,-0.28303,0.071562,0.78352,0.58431,0.012203,-0.048777,0.02031,0.32807,-0.14289,0.55405,0.60822,0.69633,0.36251,0.40227,0.42626,0.38252,0.17195,0.33305,0.48467,0.43722,0.061841,0.78326,0.75538,0.86262,1.3728,1.6321,0.93434,0.85418,0.43065,0.4288,0.84212,0.72797,0.37998,0.75527,0.94922,1.1636,0.80957,0.70062,1.34,1.2163,-0.32847,0.053269,-0.32704,-0.35767,-0.76985,-0.68592,-0.18999,-0.44889,-0.32755,-0.43825,-0.32882,-0.68491,0.10077,-0.0023772,-0.13802,-0.093258,-0.44999,-0.50703
0.27332,0.53871,0.17231,0.51369,0.50902,1.1882,0.88247,1.0358,0.94885,0.64592,0.44403,0.96938,0.61783,0.38601,0.60711,0.84455,0.7288,0.72583,1.0178,0.88978,0.54389,0.74208,1.0942,1.2469,0.85339,0,0.51319,0.71106,0.44707,0.67118,0.63834,1.2019,0.32566,0.18431,0.042462,-0.013983,-0.066878,-0.1692,0.18832,0.53335,0.53371,1.1048,0.52093,0.83283,0.4793,0.84159,-0.25633,-0.06686,0.19425,0.30838,0.073885,-0.15735,0.41241,0.65936,0.1776,0.13478,0.3292,0.14139,0.20789,0.16181,0.73336,0.28836,0.287,-0.019123,0.13672,0.33839,0.26565,0.13396,0.49584,0.4727,0.47215,0.55737,0.98882,0.4536,0.57915,-0.013859,0.71499,0.61771,0.40056,0.19045,0.33479,0.3778,0.53489,0.33448,0.25098,0.63768,0.62408,-0.33758,-0.082148,-0.056248,-0.25076,-0.68396,-0.18427,-0.27487,-0.11773,-0.24597,-0.31675,-0.31531,-0.49291,-0.071394,-0.17744,-0.1336,0.041111,-0.34423,-0.031372
0.72653,0.4042,0.25951,0.56448,0.74991,0.44456,0.34772,0.32038,0.56383,0.77336,0.54414,0.41139,0.27724,0.31579,0.83664,0.73668,0.31971,0.39521,0.45209,0.35289,0.68276,0.27937,0.80537,0.65959,0.36796,0.51319,0,1.1441,0.73793,0.58819,0.63834,0.35302,0.10709,0.1842,0.14363,-0.010672,-0.14796,-0.27395,0.11807,0.14093,0.63888,0.65812,0.46311,0.41561,0.50307,0.75638,-0.080343,-0.083576,0.36095,0.15567,0.021422,0.1369,0.7434,0.36145,0.44058,-0.014965,-0.044012,0.15962,0.241,0.72008,0.69897,0.43373,0.50552,0.16009,-0.0010703,-0.047805,-0.067857,0.29843,0.4426,0.24122,0.1719,0.49063,0.4602,0.17366,0.36409,0.11551,0.45245,0.30144,0.35427,0.048185,0.38399,0.52989,0.4558,0.50752,0.42472,0.3202,0.46504,0.078972,0.28506,0.15419,0.12327,-0.072953,-0.22772,0.31517,0.065586,0.040462,0.10814,-0.18627,0.047941,0.14016,0.16759,0.21964,0.26339,-0.064209,-0.22652
0.63195,0.41361,0.13342,0.35854,0.69235,0.65095,0.53523,0.42781,0.4776,0.7825,0.66181,0.48906,0.31279,0.25647,0.7293,0.81909,0.24,0.32739,0.35946,0.34156,0.69197,0.44654,0.7456,0.96536,0.29277,0.71106,1.1441,0,0.66448,0.636,0.78331,0.49301,0.14238,0.10238,0.18571,-0.037561,-0.1221,-0.29072,0.14131,0.07252,0.69439,0.59902,0.41775,0.43876,0.41736,0.63742,-0.27279,-0.28305,0.22629,0.14492,-0.053965,0.022626,0.85692,0.47583,0.29921,-0.01348,-0.12755,-0.0050171,0.10777,0.60033,0.76789,0.38881,0.32632,-0.057186,-0.16604,-0.11945,-0.17858,0.343,0.51755,0.099606,0.19037,0.40349,0.51902,0.12526,0.16089,-0.052945,0.28689,0.29885,0.30105,0.010818,0.29568,0.27269,0.28171,0.16984,0.085777,0.21614,0.21225,-0.18657,-0.040927,0.074024,-0.16867,-0.021024,-0.1861,0.21084,0.064513,0.20142,0.14205,-0.11571,0.012051,-0.035505,-0.070949,0.29857,0.33285,-0.12366,-0.099026
0.7597,0.50071,0.07129,0.35919,0.63721,0.41462,0.65068,0.51663,0.65936,0.67261,0.547,0.48901,0.65594,0.7628,0.69539,0.44758,0.44577,0.34395,0.34925,0.29789,0.81983,0.32478,0.80004,0.66955,0.35607,0.44707,0.73793,0.66448,0,1.2944,0.89555,0.8276,0.67068,0.73191,0.52696,0.46489,-0.086019,-0.16106,0.24098,0.10344,0.71174,0.53272,0.85937,0.62115,0.41063,0.64064,0.025793,-0.078464,0.62179,0.26746,0.12501,0.45255,0.57596,0.32538,0.44549,0.45453,0.36813,0.26147,0.17212,0.33795,0.33802,0.78603,0.58738,0.57525,0.39323,0.3112,0.0052304,0.56763,0.82191,0.83173,0.63289,0.38386,0.38262,0.46463,0.51693,-0.39783,-0.014639,0.51374,0.52728,0.18253,0.62842,0.38919,0.32918,0.33712,0.3268,0.37337,0.46839,0.064658,0.22054,0.21739,-0.018921,-0.2026,-0.29628,0.0098403,-0.21464,-0.24196,-0.14403,-0.21656,-0.13422,0.26541,0.26605,0.062987,0.2371,0.15612,-0.2776
0.94482,0.84415,0.21896,0.43581,0.59608,0.51958,0.86352,0.67951,0.84,0.75838,0.50942,0.55474,0.72359,0.59675,0.71874,0.58847,0.56382,0.55121,0.53607,0.46029,0.93982,0.41395,0.88206,1.0287,0.56976,0.67118,0.58819,0.636,1.2944,0,0.92965,1.06,0.62619,0.52792,0.33282,0.25179,-0.043848,-0.1717,0.173,0.2323,0.74085,0.73095,1.0032,1.0085,0.6046,0.8873,-0.11856,-0.1498,0.60827,0.34424,0.049877,0.24719,0.53106,0.34801,0.43695,0.45525,0.38672,0.16605,0.1667,0.48911,0.66932,0.68607,0.46088,0.38304,0.33789,0.14158,-0.048215,0.30302,0.79555,0.78242,0.64696,0.56401,0.60308,0.44797,0.43103,-0.2762,0.19739,0.70556,0.53764,0.31688,0.52454,0.44747,0.46534,0.40297,0.37621,0.54549,0.52007,-0.16479,-0.00078307,0.11426,-0.081874,-0.43914,-0.51078,-0.059409,-0.28094,-0.36756,-0.49651,-0.18761,-0.3598,0.19757,0.071174,-0.10431,0.014898,-0.040075,-0.23402
0.6473,0.33619,0.26849,0.49848,0.83834,0.55227,0.81711,0.4927,0.51969,0.40698,0.9751,0.46555,0.76941,0.67021,0.78273,0.63264,0.59041,0.64842,0.68512,0.65005,0.69571,0.33129,1.0812,0.91451,0.64567,0.63834,0.63834,0.78331,0.89555,0.92965,0,0.77618,0.69116,0.49307,0.86753,0.55885,0.2216,-0.087183,0.40024,0.35373,0.43829,0.63217,0.6379,0.50213,0.88015,1.0799,-0.2254,-0.39667,0.29991,0.68403,0.34272,0.04543,0.60688,0.23708,0.365,-0.01566,0.17996,0.2126,0.30988,0.44926,0.42401,0.51,0.25829,0.15216,-0.036874,0.13774,-0.10734,0.59971,0.93263,0.50766,0.51191,0.6082,0.69157,0.73928,0.47741,-0.090702,0.0025747,0.51623,0.44894,0.15833,0.52168,0.51176,0.55228,0.43216,0.26159,0.53558,0.51175,-0.14196,0.046713,0.13355,-0.30093,-0.11222,-0.41933,0.10147,-0.22261,0.047062,-0.092886,0.040573,-0.22025,0.12,-0.030131,0.046811,-0.05983,-0.01423,-0.31317
0.48012,0.74628,0.010059,0.31926,0.5497,1.1423,1.1928,1.2559,0.98359,0.77594,0.46015,0.83534,0.62334,0.43915,0.45787,0.49601,0.617,0.47774,0.70536,0.59593,0.56395,0.46602,0.9782,0.96186,0.59496,1.2019,0.35302,0.49301,0.8276,1.06,0.77618,0,0.5239,0.32319,0.24895,0.23006,-0.12769,-0.29357,0.2046,0.28581,0.71358,0.91361,0.81536,1.0834,0.40638,0.71718,-0.082751,-0.049732,0.36087,0.24701,-0.006132,0.0037044,0.49534,0.63934,0.18855,0.44625,0.52804,0.038108,0.0029472,0.068022,0.52372,0.40558,0.32036,0.23922,0.29688,0.38214,0.11582,0.30159,0.59839,0.7856,0.57159,0.35646,0.6352,0.5074,0.53572,-0.39672,0.40533,0.55372,0.32507,0.13073,0.27716,0.25711,0.34599,0.22529,0.15534,0.47701,0.47841,-0.27522,-0.11255,0.12088,-0.1693,-0.55371,-0.13017,-0.22762,-0.098513,-0.41511,-0.4147,-0.19116,-0.40933,0.032383,-0.016409,-0.22994,-0.022025,-0.025483,0.0034894
0.049228,0.031645,0.36407,0.46671,0.27471,0.16225,0.36679,0.33254,0.21346,-0.04461,0.51253,0.56673,1.5079,1.1445,0.39205,0.34595,0.35187,0.40498,0.36822,0.32122,0.22353,0.20914,0.42496,0.29425,0.58615,0.32566,0.10709,0.14238,0.67068,0.62619,0.69116,0.5239,0,1.0811,1.0042,1.0224,0.59773,0.50542,0.43676,0.49736,0.014667,0.34135,0.25799,0.12919,0.25447,0.40333,0.09287,0.025065,0.088885,1.0968,0.88865,0.13049,0.083509,0.11922,0.60473,0.062854,0.40322,0.52019,0.46648,-0.07162,-0.0028223,0.44331,0.19352,0.23186,0.23794,0.70906,0.48522,0.18393,0.79138,0.71099,0.81699,0.41242,0.47554,0.84229,0.7771,-0.046075,-0.24098,1.0179,0.94646,0.74029,0.89681,0.40333,0.39704,0.39223,0.28981,0.68932,0.3914,0.084586,0.30553,-0.038526,-0.33744,-0.3575,-0.46185,-0.46468,-0.73611,-0.024124,-0.18132,-0.20564,-0.42422,-0.1194,-0.17864,-0.16975,-0.10772,-0.30719,-0.45918
0.11108,-0.032691,0.32122,0.42679,0.23229,-0.082059,0.24147,0.17611,0.26512,-0.092869,0.29819,0.32191,1.014,1.7582,0.68885,0.39814,0.64729,0.59047,0.37409,0.46039,0.4812,0.53069,0.4134,0.29029,0.5738,0.18431,0.1842,0.10238,0.73191,0.52792,0.49307,0.32319,1.0811,0,0.59799,0.78676,0.37219,0.49114,0.38727,0.45944,-0.0066336,0.17421,0.42789,0.19484,0.37124,0.39452,-0.027277,-0.022709,0.40904,0.63313,0.66687,0.52023,-0.055646,-0.046683,0.49456,0.27294,0.58831,0.84752,0.61273,0.064778,-0.098429,0.87061,0.53495,0.5886,0.5112,0.72601,0.43556,0.36665,0.98413,0.92684,1.0998,0.59521,0.46936,0.83397,0.83452,0.054071,-0.27821,0.78178,1.0286,0.55733,1.3864,0.5465,0.47601,0.5091,0.56481,0.66951,0.68549,0.15136,0.424,-0.057903,-0.18247,-0.21889,-0.37875,-0.30994,-0.76232,-0.18563,-0.16075,-0.28821,-0.23131,0.2902,0.20084,0.057918,0.097562,-0.18742,-0.56539
0.14136,-0.19284,0.21712,0.26078,0.47418,0.11929,0.30107,0.10021,-0.059823,-0.17962,0.68466,0.20255,0.67199,0.6517,0.27216,0.17742,0.15405,0.17512,0.18417,0.16424,0.10557,-0.093573,0.3743,0.10945,0.27328,0.042462,0.14363,0.18571,0.52696,0.33282,0.86753,0.24895,1.0042,0.59799,0,1.4282,0.59109,0.29357,0.56088,0.2723,0.011316,0.1599,0.14418,-0.098155,0.28631,0.34951,0.078953,-0.19205,-0.034783,0.91113,0.75291,0.035783,0.25289,-0.053382,0.40293,-0.21338,0.18109,0.37488,0.37344,0.013882,-0.17565,0.20835,-0.051107,0.11141,-0.080296,0.38971,0.16459,0.34386,0.59547,0.34908,0.36517,0.20499,0.21971,0.69041,0.45689,-0.10867,-0.52286,0.34515,0.41252,0.26252,0.47776,0.30232,0.22922,0.19849,0.074616,0.27955,0.15094,0.16722,0.29047,0.076511,-0.34044,0.06396,-0.39913,-0.099273,-0.47384,0.29102,0.15617,0.10997,-0.18866,-0.16763,-0.19203,-0.024347,-0.16656,-0.038808,-0.53702
0.0051577,-0.31062,0.29233,0.2686,0.36156,0.035853,0.3506,0.21568,0.017764,-0.28244,0.62237,0.31304,0.59693,0.7311,0.29447,0.19999,0.19129,0.18585,0.20394,0.20725,0.032761,0.019561,0.30404,-0.0048818,0.35723,-0.013983,-0.010672,-0.037561,0.46489,0.25179,0.55885,0.23006,1.0224,0.78676,1.4282,0,0.69245,0.53981,0.80191,0.43335,0.049016,0.19414,0.23457,-0.043677,0.15155,0.228,0.0095146,-0.17145,-0.084014,0.76881,0.83083,0.18765,0.033266,-0.16591,0.36011,-0.16228,0.50771,0.48665,0.34153,-0.049641,-0.33351,0.34408,0.14767,0.30422,0.2182,0.65308,0.37378,0.25412,0.65667,0.58765,0.64733,0.31374,0.29025,0.78369,0.61011,-0.063194,-0.49419,0.36632,0.51469,0.26856,0.57722,0.33539,0.25271,0.176,0.10289,0.36092,0.23491,0.037054,0.2207,-0.18183,-0.43329,-0.018394,-0.34224,-0.13382,-0.52103,0.10763,0.13129,0.0031403,-0.194,-0.073069,-0.017982,0.067298,-0.0151,-0.10969,-0.65695
-0.25412,-0.61795,0.83398,0.38825,0.22432,-0.17679,0.037619,-0.014423,-0.31945,-0.55165,0.62079,0.16383,0.41031,0.31033,0.15384,0.15397,-0.026235,0.29069,0.15677,0.22087,-0.27297,-0.069648,-0.034188,-0.10854,0.39621,-0.066878,-0.14796,-0.1221,-0.086019,-0.043848,0.2216,-0.12769,0.59773,0.37219,0.59109,0.69245,0,1.2454,0.90425,0.70168,-0.22316,0.10502,-0.096148,-0.31387,0.045898,0.045139,-0.42196,-0.46582,-0.60656,0.99,1.1674,-0.28029,-0.31755,-0.54021,0.23269,-0.61946,0.25319,0.30256,0.3045,0.0029694,-0.37852,0.058291,-0.13707,-0.29706,-0.15435,0.2678,0.32767,-0.040168,0.42715,0.045969,0.4478,0.43842,0.43686,0.40365,0.23372,0.65452,-0.33325,0.51711,0.62715,0.65126,0.5106,0.22314,0.31121,0.26024,0.16247,0.58994,0.14499,-0.3404,-0.14097,-0.71012,-0.86351,0.051391,-0.35557,0.031462,-0.38166,0.54877,0.33054,0.19761,-0.077227,-0.31007,-0.43859,0.12694,-0.20384,-0.56148,-0.49421
-0.54183,-0.79499,0.65443,0.30423,-0.11639,-0.45024,-0.15818,-0.14397,-0.26543,-0.72789,0.2766,0.16965,0.38216,0.3943,0.09005,0.09836,-0.02025,0.23417,0.073107,0.14488,-0.27889,0.090848,-0.18171,-0.22455,0.36332,-0.1692,-0.27395,-0.29072,-0.16106,-0.1717,-0.087183,-0.29357,0.50542,0.49114,0.29357,0.53981,1.2454,0,0.63034,0.75403,-0.3669,-0.035366,-0.18887,-0.42706,-0.11109,-0.11442,-0.34472,-0.22651,-0.51367,0.65106,1.0672,-0.018952,-0.63732,-0.59731,0.17108,-0.50199,0.27555,0.49253,0.4276,-0.094495,-0.49789,0.12014,0.044237,-0.11118,0.16015,0.43821,0.58667,-0.14151,0.26215,0.1107,0.53635,0.41892,0.356,0.33674,0.27196,0.61742,-0.37177,0.46172,0.64079,0.62544,0.62702,0.16716,0.23755,0.17461,0.16429,0.52856,0.18645,-0.22278,-0.01882,-0.90252,-0.70196,-0.11099,-0.3571,-0.16718,-0.49594,0.27306,0.20755,-0.098394,-0.17067,-0.13543,-0.19467,0.20287,0.071581,-0.58861,-0.51784
0.10189,-0.37697,0.72071,0.48332,0.63441,0.17166,0.54093,0.44999,0.092951,-0.10316,0.95442,0.43951,0.27734,0.35031,0.46004,0.4487,0.20658,0.39893,0.39333,0.49671,-0.032844,0.1472,0.36165,0.18794,0.54559,0.18832,0.11807,0.14131,0.24098,0.173,0.40024,0.2046,0.43676,0.38727,0.56088,0.80191,0.90425,0.63034,0,0.76287,0.39089,0.54736,0.42341,0.12973,0.14873,0.25594,-0.63235,-0.69211,-0.38113,0.54853,0.65595,0.0083494,-0.076983,-0.41106,0.13244,-0.36852,0.70158,0.35183,0.2161,0.24024,-0.19711,0.30947,0.16025,0.047807,0.12344,0.47934,0.30896,0.18273,0.74516,0.35655,0.69747,0.63667,0.68078,0.51038,0.3966,0.35181,-0.1253,0.37767,0.54845,0.25168,0.50762,0.41573,0.47905,0.2877,0.25943,0.62256,0.37709,-0.56885,-0.26228,-0.74718,-0.85664,-0.048923,-0.31568,0.20513,-0.20392,0.21826,0.33321,0.017256,-0.13546,-0.15671,-0.17693,0.3092,0.1267,-0.34515,-0.61786
-0.1052,-0.22501,0.75091,0.70522,0.31003,0.15403,0.39563,0.38914,0.38221,-0.18261,0.53893,0.60805,0.65609,0.57913,0.53073,0.62006,0.64294,0.991,1.0321,1.0233,0.15417,0.46976,0.57067,0.41284,1.3996,0.53335,0.14093,0.07252,0.10344,0.2323,0.35373,0.28581,0.49736,0.45944,0.2723,0.43335,0.70168,0.75403,0.76287,0,0.047115,0.66818,0.27768,0.19578,0.50549,0.65119,-0.55104,-0.31898,-0.21142,0.80956,0.84166,-0.13009,-0.27225,-0.23148,0.17163,-0.42557,0.57921,0.71049,0.75354,0.18927,0.0538,0.2155,0.21178,-0.029846,0.27276,0.6002,0.66373,-0.051979,0.54523,0.48165,0.75103,1.0786,1.2568,0.84458,0.74642,0.58491,0.19963,0.62738,0.62946,0.41953,0.71109,0.60884,0.79424,0.54012,0.48809,1.0855,0.89781,-0.37082,0.005543,-0.69166,-0.63936,-0.66153,-0.7014,-0.20819,-0.5208,-0.12592,-0.18622,-0.28215,-0.68997,-0.045881,-0.16158,-0.058654,-0.071975,-0.61403,-0.68097
0.8818,0.57573,0.12355,0.2808,0.70872,0.72567,1.0084,0.94022,0.78813,1.0824,0.55997,0.57647,0.00073312,0.015805,0.5272,0.56612,0.19245,0.14219,0.2913,0.25296,0.49895,0.26723,0.66315,0.67233,0.22765,0.53371,0.63888,0.69439,0.71174,0.74085,0.43829,0.71358,0.014667,-0.0066336,0.011316,0.049016,-0.22316,-0.3669,0.39089,0.047115,0,0.90911,1.0033,0.96147,0.1523,0.41058,-0.26341,-0.27683,0.25098,-0.17265,-0.3192,0.25072,0.63506,0.31244,0.13957,0.27756,0.40701,-0.17421,-0.27862,0.57516,0.57407,0.47711,0.49939,0.33297,0.2988,0.028249,-0.15588,0.2642,0.45327,0.41713,0.35347,0.32919,0.40382,0.035323,0.15118,-0.30013,0.40764,0.16733,0.15762,-0.11848,0.08313,0.23933,0.24448,0.11641,0.11486,0.20416,0.2319,-0.47,-0.34035,-0.12237,-0.10993,-0.16407,-0.062195,0.33895,0.25415,-0.23969,-0.025846,-0.15053,-0.021315,0.1119,0.15522,0.29288,0.43414,0.053942,-0.0681
0.50095,0.49759,0.54546,0.86412,0.64644,0.83241,1.0006,1.2682,0.98118,0.69954,0.68991,1.2254,0.48232,0.33682,0.68339,1.0081,0.54494,0.67222,1.0318,0.8314,0.37603,0.41053,1.0689,0.92004,0.99325,1.1048,0.65812,0.59902,0.53272,0.73095,0.63217,0.91361,0.34135,0.17421,0.1599,0.19414,0.10502,-0.035366,0.54736,0.66818,0.90911,0,0.73111,0.87947,0.47681,0.89309,-0.32679,-0.22075,0.0459,0.3604,0.15694,0.0023976,0.35599,0.3326,0.35704,-0.0057812,0.49799,0.15862,0.17707,0.46057,0.71015,0.36389,0.39935,0.18505,0.28948,0.32631,0.24673,0.063963,0.60199,0.63196,0.55247,0.76441,1.0628,0.44835,0.59375,0.11736,0.76029,0.63071,0.49142,0.18763,0.36295,0.69675,0.78333,0.58375,0.46629,0.81335,0.69575,-0.43666,-0.12474,-0.21913,-0.23026,-0.68029,-0.37861,0.0025899,-0.047897,-0.31057,-0.2667,-0.3568,-0.46313,-0.054419,-0.035264,-0.033869,0.10823,-0.29751,-0.2411
0.98929,0.53854,0.17992,0.28797,0.73381,0.44707,1.1606,0.80919,0.99604,0.70064,0.5148,0.43271,0.2636,0.39382,0.83473,0.567,0.66337,0.53831,0.56275,0.61178,0.83534,0.48644,0.84115,0.77248,0.53692,0.52093,0.46311,0.41775,0.85937,1.0032,0.6379,0.81536,0.25799,0.42789,0.14418,0.23457,-0.096148,-0.18887,0.42341,0.27768,1.0033,0.73111,0,1.2424,0.58479,0.72863,-0.29316,-0.29742,0.54386,0.022392,-0.13064,0.35518,0.43997,0.15172,0.19431,0.43501,0.78863,0.20863,0.086753,0.62634,0.4152,0.83693,0.69297,0.57252,0.46159,0.21933,-0.06143,0.46158,0.87776,0.84588,0.73861,0.66655,0.60881,0.45925,0.40267,-0.2017,0.25059,0.33023,0.31803,0.04672,0.42572,0.39883,0.39929,0.36436,0.39285,0.46968,0.65714,-0.35355,-0.15776,-0.044129,-0.086842,-0.20679,-0.27622,0.24036,-0.071798,-0.50765,-0.32957,-0.16349,-0.22327,0.41577,0.27942,0.18483,0.1973,-0.019659,-0.34612
0.88664,1.0436,0.1062,0.32288,0.50853,0.73812,1.1481,1.0859,1.2081,0.91642,0.26145,0.54142,0.2465,0.23982,0.68507,0.67236,0.73522,0.53596,0.64299,0.62723,0.83325,0.62257,0.87106,0.998,0.54595,0.83283,0.41561,0.43876,0.62115,1.0085,0.50213,1.0834,0.12919,0.19484,-0.098155,-0.043677,-0.31387,-0.42706,0.12973,0.19578,0.96147,0.87947,1.2424,0,0.54425,0.74431,-0.19113,-0.10557,0.6396,-0.046264,-0.33041,0.24002,0.47936,0.45767,0.18927,0.60182,0.61355,0.025524,-0.044462,0.48598,0.81163,0.63094,0.54288,0.45818,0.44031,0.10842,-0.06147,0.19148,0.56438,0.73743,0.50916,0.53914,0.61663,0.30778,0.3723,-0.23857,0.61349,0.37695,0.24694,0.026693,0.20813,0.41142,0.43313,0.34392,0.36655,0.41888,0.5722,-0.36281,-0.20271,0.047579,0.031962,-0.46807,-0.18716,0.0084179,-0.041929,-0.68193,-0.60264,-0.24942,-0.29838,0.30217,0.18281,-0.046593,0.062049,-0.043969,-0.048999
0.62431,0.37574,0.32224,0.44491,0.45154,0.17956,0.47373,0.26534,0.55683,0.25656,0.41468,0.2169,0.48968,0.54727,0.78426,0.61387,0.91201,1.0749,0.98851,0.99871,0.72749,0.42932,0.83716,0.77495,0.86274,0.4793,0.50307,0.41736,0.41063,0.6046,0.88015,0.40638,0.25447,0.37124,0.28631,0.15155,0.045898,-0.11109,0.14873,0.50549,0.1523,0.47681,0.58479,0.54425,0,1.4802,-0.32546,-0.35875,0.40809,0.43823,0.18559,0.043893,0.23319,0.009934,0.22281,-0.038432,0.16851,0.44412,0.64135,0.67158,0.51859,0.41524,0.30126,0.17242,0.011477,-0.0072251,-0.12142,0.29564,0.65358,0.44058,0.32322,0.8902,0.74741,0.77757,0.40381,0.21993,0.22482,0.29223,0.22775,-0.0042478,0.43055,0.6768,0.68053,0.65798,0.55789,0.52101,0.81694,-0.060946,0.13791,0.1642,-0.034094,-0.26166,-0.66059,0.13818,-0.28205,-0.31279,-0.47443,-0.11167,-0.37652,0.33099,0.16877,-0.15863,-0.26774,-0.032863,-0.39449
0.69807,0.50699,0.39429,0.67426,0.70726,0.50378,0.72114,0.53288,0.83554,0.43835,0.56619,0.51844,0.68717,0.62047,0.93438,0.88136,0.98579,1.1314,1.3005,1.1041,0.83581,0.49954,1.4065,1.1106,1.1219,0.84159,0.75638,0.63742,0.64064,0.8873,1.0799,0.71718,0.40333,0.39452,0.34951,0.228,0.045139,-0.11442,0.25594,0.65119,0.41058,0.89309,0.72863,0.74431,1.4802,0,-0.26568,-0.23767,0.40159,0.5495,0.22525,0.00021487,0.41733,0.22821,0.36433,-0.011353,0.306,0.4611,0.63244,0.64177,0.70913,0.41277,0.33167,0.19157,0.1403,0.16222,0.086238,0.23726,0.71464,0.6236,0.47276,0.96748,1.0137,0.76831,0.65157,0.1409,0.43169,0.50441,0.39488,0.13801,0.52035,0.81822,0.81613,0.69449,0.575,0.70771,0.95906,-0.09387,0.18725,0.086629,-0.077391,-0.49642,-0.75081,-0.0067073,-0.33745,-0.3111,-0.48567,-0.18186,-0.57497,0.18153,0.04521,-0.16999,-0.17443,-0.17102,-0.49018
